> MESSAGE OK
> LEVEL 10
> GAMEID 1637334235
> TEST 1
> MAXTICK 800
> GRENADERADIUS 3
> SIZE 15
> REQ 1637334235 0 1
> VAMPIRE 1 1 1 3 1 3 0
> VAMPIRE 2 13 1 3 1 3 0
> VAMPIRE 3 13 13 3 1 3 0
> VAMPIRE 4 1 13 3 1 3 0
> BAT1 8 1 9 1 10 1 11 1 1 3 7 3 1 4 1 5 6 5 8 5 1 6 5 6 9 6 3 7 11 7 5 8 9 8 13 8 6 9 8 9 13 9 13 10 7 11 13 11 3 13 4 13 5 13 6 13
> BAT2 3 1 4 1 5 1 6 1 8 3 9 3 13 3 13 4 3 5 7 5 13 5 3 6 13 6 5 7 9 7 1 8 11 8 1 9 7 9 11 9 1 10 1 11 5 11 6 11 8 13 9 13 10 13 11 13
> BAT3 7 1 5 3 6 3 11 5 11 6 1 7 7 7 13 7 3 8 3 9 8 11 9 11 7 13
< RES 1637334235 0 1
< GRENADE
> REQ 1637334235 1 1
> VAMPIRE 1 1 1 3 0 3 0
> VAMPIRE 2 13 1 3 0 3 0
> VAMPIRE 3 13 13 3 1 3 0
> VAMPIRE 4 1 13 3 1 3 0
> GRENADE 1 1 1 5 3
> GRENADE 2 13 1 5 3
> BAT1 8 1 9 1 10 1 11 1 1 3 7 3 1 4 1 5 6 5 8 5 1 6 5 6 9 6 3 7 11 7 5 8 9 8 13 8 6 9 8 9 13 9 13 10 7 11 13 11 3 13 4 13 5 13 6 13
> BAT2 3 1 4 1 5 1 6 1 8 3 9 3 13 3 13 4 3 5 7 5 13 5 3 6 13 6 5 7 9 7 1 8 11 8 1 9 7 9 11 9 1 10 1 11 5 11 6 11 8 13 9 13 10 13 11 13
> BAT3 7 1 5 3 6 3 11 5 11 6 1 7 7 7 13 7 3 8 3 9 8 11 9 11 7 13
< RES 1637334235 1 1
> REQ 1637334235 2 1
> VAMPIRE 1 1 1 3 0 3 0
> VAMPIRE 2 13 1 3 0 3 0
> VAMPIRE 3 13 13 3 1 3 0
> VAMPIRE 4 1 13 3 1 3 0
> GRENADE 1 1 1 4 3
> GRENADE 2 13 1 4 3
> BAT1 8 1 9 1 10 1 11 1 1 3 7 3 1 4 1 5 6 5 8 5 1 6 5 6 9 6 3 7 11 7 5 8 9 8 13 8 6 9 8 9 13 9 13 10 7 11 13 11 3 13 4 13 5 13 6 13
> BAT2 3 1 4 1 5 1 6 1 8 3 9 3 13 3 13 4 3 5 7 5 13 5 3 6 13 6 5 7 9 7 1 8 11 8 1 9 7 9 11 9 1 10 1 11 5 11 6 11 8 13 9 13 10 13 11 13
> BAT3 7 1 5 3 6 3 11 5 11 6 1 7 7 7 13 7 3 8 3 9 8 11 9 11 7 13
< RES 1637334235 2 1
> REQ 1637334235 3 1
> VAMPIRE 1 1 1 3 0 3 0
> VAMPIRE 2 13 1 3 0 3 0
> VAMPIRE 3 13 13 3 1 3 0
> VAMPIRE 4 1 13 3 1 3 0
> GRENADE 1 1 1 3 3
> GRENADE 2 13 1 3 3
> BAT1 8 1 9 1 10 1 11 1 1 3 7 3 1 4 1 5 6 5 8 5 1 6 5 6 9 6 3 7 11 7 5 8 9 8 13 8 6 9 8 9 13 9 13 10 7 11 13 11 3 13 4 13 5 13 6 13
> BAT2 3 1 4 1 5 1 6 1 8 3 9 3 13 3 13 4 3 5 7 5 13 5 3 6 13 6 5 7 9 7 1 8 11 8 1 9 7 9 11 9 1 10 1 11 5 11 6 11 8 13 9 13 10 13 11 13
> BAT3 7 1 5 3 6 3 11 5 11 6 1 7 7 7 13 7 3 8 3 9 8 11 9 11 7 13
< RES 1637334235 3 1
< THROW XR 1
< MOVE D
> REQ 1637334235 4 1
> VAMPIRE 1 2 1 3 0 3 0
> VAMPIRE 2 13 2 3 0 3 0
> VAMPIRE 3 13 13 3 1 3 0
> VAMPIRE 4 1 13 3 1 3 0
> GRENADE 1 1 2 2 3
> GRENADE 2 12 1 2 3
> BAT1 8 1 9 1 10 1 11 1 1 3 7 3 1 4 1 5 6 5 8 5 1 6 5 6 9 6 3 7 11 7 5 8 9 8 13 8 6 9 8 9 13 9 13 10 7 11 13 11 3 13 4 13 5 13 6 13
> BAT2 3 1 4 1 5 1 6 1 8 3 9 3 13 3 13 4 3 5 7 5 13 5 3 6 13 6 5 7 9 7 1 8 11 8 1 9 7 9 11 9 1 10 1 11 5 11 6 11 8 13 9 13 10 13 11 13
> BAT3 7 1 5 3 6 3 11 5 11 6 1 7 7 7 13 7 3 8 3 9 8 11 9 11 7 13
< RES 1637334235 4 1
> REQ 1637334235 5 1
> VAMPIRE 1 2 1 3 0 3 0
> VAMPIRE 2 13 2 3 0 3 0
> VAMPIRE 3 13 13 3 1 3 0
> VAMPIRE 4 1 13 3 1 3 0
> GRENADE 1 1 2 1 3
> GRENADE 2 12 1 1 3
> BAT1 8 1 9 1 10 1 11 1 1 3 7 3 1 4 1 5 6 5 8 5 1 6 5 6 9 6 3 7 11 7 5 8 9 8 13 8 6 9 8 9 13 9 13 10 7 11 13 11 3 13 4 13 5 13 6 13
> BAT2 3 1 4 1 5 1 6 1 8 3 9 3 13 3 13 4 3 5 7 5 13 5 3 6 13 6 5 7 9 7 1 8 11 8 1 9 7 9 11 9 1 10 1 11 5 11 6 11 8 13 9 13 10 13 11 13
> BAT3 7 1 5 3 6 3 11 5 11 6 1 7 7 7 13 7 3 8 3 9 8 11 9 11 7 13
< RES 1637334235 5 1
< MOVE U
> REQ 1637334235 6 1
> VAMPIRE 1 1 1 3 1 3 0
> VAMPIRE 2 13 1 3 1 3 0
> VAMPIRE 3 13 13 3 1 3 0
> VAMPIRE 4 1 13 3 1 3 0
> BAT1 8 1 9 1 10 1 7 3 1 4 1 5 6 5 8 5 1 6 5 6 9 6 3 7 11 7 5 8 9 8 13 8 6 9 8 9 13 9 13 10 7 11 13 11 3 13 4 13 5 13 6 13
> BAT2 3 1 4 1 5 1 6 1 8 3 9 3 13 3 13 4 3 5 7 5 13 5 3 6 13 6 5 7 9 7 1 8 11 8 1 9 7 9 11 9 1 10 1 11 5 11 6 11 8 13 9 13 10 13 11 13
> BAT3 7 1 5 3 6 3 11 5 11 6 1 7 7 7 13 7 3 8 3 9 8 11 9 11 7 13
< RES 1637334235 6 1
< MOVE R R
> REQ 1637334235 7 1
> VAMPIRE 1 1 3 3 1 3 0
> VAMPIRE 2 11 1 3 1 3 0
> VAMPIRE 3 13 13 3 1 3 0
> VAMPIRE 4 1 13 3 1 3 0
> BAT1 8 1 9 1 10 1 7 3 1 4 1 5 6 5 8 5 1 6 5 6 9 6 3 7 11 7 5 8 9 8 13 8 6 9 8 9 13 9 13 10 7 11 13 11 3 13 4 13 5 13 6 13
> BAT2 3 1 4 1 5 1 6 1 8 3 9 3 13 3 13 4 3 5 7 5 13 5 3 6 13 6 5 7 9 7 1 8 11 8 1 9 7 9 11 9 1 10 1 11 5 11 6 11 8 13 9 13 10 13 11 13
> BAT3 7 1 5 3 6 3 11 5 11 6 1 7 7 7 13 7 3 8 3 9 8 11 9 11 7 13
< RES 1637334235 7 1
< MOVE D D
> REQ 1637334235 8 1
> VAMPIRE 1 3 3 3 1 3 0
> VAMPIRE 2 11 3 3 1 3 0
> VAMPIRE 3 13 13 3 1 3 0
> VAMPIRE 4 1 13 3 1 3 0
> BAT1 8 1 9 1 10 1 7 3 1 4 1 5 6 5 8 5 1 6 5 6 9 6 3 7 11 7 5 8 9 8 13 8 6 9 8 9 13 9 13 10 7 11 13 11 3 13 4 13 5 13 6 13
> BAT2 3 1 4 1 5 1 6 1 8 3 9 3 13 3 13 4 3 5 7 5 13 5 3 6 13 6 5 7 9 7 1 8 11 8 1 9 7 9 11 9 1 10 1 11 5 11 6 11 8 13 9 13 10 13 11 13
> BAT3 7 1 5 3 6 3 11 5 11 6 1 7 7 7 13 7 3 8 3 9 8 11 9 11 7 13
< RES 1637334235 8 1
< GRENADE
< MOVE U U
> REQ 1637334235 9 1
> VAMPIRE 1 1 3 3 0 3 0
> VAMPIRE 2 11 1 3 0 3 0
> VAMPIRE 3 13 13 3 1 3 0
> VAMPIRE 4 1 13 3 1 3 0
> GRENADE 1 3 3 5 3
> GRENADE 2 11 3 5 3
> BAT1 8 1 9 1 10 1 7 3 1 4 1 5 6 5 8 5 1 6 5 6 9 6 3 7 11 7 5 8 9 8 13 8 6 9 8 9 13 9 13 10 7 11 13 11 3 13 4 13 5 13 6 13
> BAT2 3 1 4 1 5 1 6 1 8 3 9 3 13 3 13 4 3 5 7 5 13 5 3 6 13 6 5 7 9 7 1 8 11 8 1 9 7 9 11 9 1 10 1 11 5 11 6 11 8 13 9 13 10 13 11 13
> BAT3 7 1 5 3 6 3 11 5 11 6 1 7 7 7 13 7 3 8 3 9 8 11 9 11 7 13
< RES 1637334235 9 1
< MOVE L
> REQ 1637334235 10 1
> VAMPIRE 1 1 2 3 0 3 0
> VAMPIRE 2 12 1 3 0 3 0
> VAMPIRE 3 13 13 3 1 3 0
> VAMPIRE 4 1 13 3 1 3 0
> GRENADE 1 3 3 4 3
> GRENADE 2 11 3 4 3
> BAT1 8 1 9 1 10 1 7 3 1 4 1 5 6 5 8 5 1 6 5 6 9 6 3 7 11 7 5 8 9 8 13 8 6 9 8 9 13 9 13 10 7 11 13 11 3 13 4 13 5 13 6 13
> BAT2 3 1 4 1 5 1 6 1 8 3 9 3 13 3 13 4 3 5 7 5 13 5 3 6 13 6 5 7 9 7 1 8 11 8 1 9 7 9 11 9 1 10 1 11 5 11 6 11 8 13 9 13 10 13 11 13
> BAT3 7 1 5 3 6 3 11 5 11 6 1 7 7 7 13 7 3 8 3 9 8 11 9 11 7 13
< RES 1637334235 10 1
> REQ 1637334235 11 1
> VAMPIRE 1 1 2 3 0 3 0
> VAMPIRE 2 12 1 3 0 3 0
> VAMPIRE 3 13 13 3 1 3 0
> VAMPIRE 4 1 13 3 1 3 0
> GRENADE 1 3 3 3 3
> GRENADE 2 11 3 3 3
> BAT1 8 1 9 1 10 1 7 3 1 4 1 5 6 5 8 5 1 6 5 6 9 6 3 7 11 7 5 8 9 8 13 8 6 9 8 9 13 9 13 10 7 11 13 11 3 13 4 13 5 13 6 13
> BAT2 3 1 4 1 5 1 6 1 8 3 9 3 13 3 13 4 3 5 7 5 13 5 3 6 13 6 5 7 9 7 1 8 11 8 1 9 7 9 11 9 1 10 1 11 5 11 6 11 8 13 9 13 10 13 11 13
> BAT3 7 1 5 3 6 3 11 5 11 6 1 7 7 7 13 7 3 8 3 9 8 11 9 11 7 13
< RES 1637334235 11 1
> REQ 1637334235 12 1
> VAMPIRE 1 1 2 3 0 3 0
> VAMPIRE 2 12 1 3 0 3 0
> VAMPIRE 3 13 13 3 1 3 0
> VAMPIRE 4 1 13 3 1 3 0
> GRENADE 1 3 3 2 3
> GRENADE 2 11 3 2 3
> BAT1 8 1 9 1 10 1 7 3 1 4 1 5 6 5 8 5 1 6 5 6 9 6 3 7 11 7 5 8 9 8 13 8 6 9 8 9 13 9 13 10 7 11 13 11 3 13 4 13 5 13 6 13
> BAT2 3 1 4 1 5 1 6 1 8 3 9 3 13 3 13 4 3 5 7 5 13 5 3 6 13 6 5 7 9 7 1 8 11 8 1 9 7 9 11 9 1 10 1 11 5 11 6 11 8 13 9 13 10 13 11 13
> BAT3 7 1 5 3 6 3 11 5 11 6 1 7 7 7 13 7 3 8 3 9 8 11 9 11 7 13
< RES 1637334235 12 1
> REQ 1637334235 13 1
> VAMPIRE 1 1 2 3 0 3 0
> VAMPIRE 2 12 1 3 0 3 0
> VAMPIRE 3 13 13 3 1 3 0
> VAMPIRE 4 1 13 3 1 3 0
> GRENADE 1 3 3 1 3
> GRENADE 2 11 3 1 3
> BAT1 8 1 9 1 10 1 7 3 1 4 1 5 6 5 8 5 1 6 5 6 9 6 3 7 11 7 5 8 9 8 13 8 6 9 8 9 13 9 13 10 7 11 13 11 3 13 4 13 5 13 6 13
> BAT2 3 1 4 1 5 1 6 1 8 3 9 3 13 3 13 4 3 5 7 5 13 5 3 6 13 6 5 7 9 7 1 8 11 8 1 9 7 9 11 9 1 10 1 11 5 11 6 11 8 13 9 13 10 13 11 13
> BAT3 7 1 5 3 6 3 11 5 11 6 1 7 7 7 13 7 3 8 3 9 8 11 9 11 7 13
< RES 1637334235 13 1
< MOVE R D
> REQ 1637334235 14 1
> VAMPIRE 1 2 3 3 1 3 0
> VAMPIRE 2 11 2 3 1 3 0
> VAMPIRE 3 13 13 3 1 3 0
> VAMPIRE 4 1 13 3 1 3 0
> BAT1 8 1 9 1 10 1 7 3 1 4 1 5 6 5 8 5 1 6 5 6 9 6 3 7 11 7 5 8 9 8 13 8 6 9 8 9 13 9 13 10 7 11 13 11 3 13 4 13 5 13 6 13 3 1 9 3 13 3 3 5
> BAT2 4 1 5 1 6 1 8 3 13 4 7 5 13 5 3 6 13 6 5 7 9 7 1 8 11 8 1 9 7 9 11 9 1 10 1 11 5 11 6 11 8 13 9 13 10 13 11 13 5 3 11 5
> BAT3 7 1 6 3 11 6 1 7 7 7 13 7 3 8 3 9 8 11 9 11 7 13
< RES 1637334235 14 1
< MOVE D
> REQ 1637334235 15 1
> VAMPIRE 1 3 3 3 1 3 0
> VAMPIRE 2 10 3 3 1 3 0
> VAMPIRE 3 13 13 3 1 3 0
> VAMPIRE 4 1 13 3 1 3 0
> BAT1 8 1 9 1 10 1 7 3 1 4 1 5 6 5 8 5 1 6 5 6 9 6 3 7 11 7 5 8 9 8 13 8 6 9 8 9 13 9 13 10 7 11 13 11 3 13 4 13 5 13 6 13 3 1 9 3 13 3 3 5
> BAT2 4 1 5 1 6 1 8 3 13 4 7 5 13 5 3 6 13 6 5 7 9 7 1 8 11 8 1 9 7 9 11 9 1 10 1 11 5 11 6 11 8 13 9 13 10 13 11 13 5 3 11 5
> BAT3 7 1 6 3 11 6 1 7 7 7 13 7 3 8 3 9 8 11 9 11 7 13
< RES 1637334235 15 1
< GRENADE
< MOVE U U
> REQ 1637334235 16 1
> VAMPIRE 1 1 3 3 0 3 0
> VAMPIRE 2 11 2 3 0 3 0
> VAMPIRE 3 13 13 3 1 3 0
> VAMPIRE 4 1 13 3 1 3 0
> GRENADE 1 3 3 5 3
> GRENADE 2 10 3 5 3
> BAT1 8 1 9 1 10 1 7 3 1 4 1 5 6 5 8 5 1 6 5 6 9 6 3 7 11 7 5 8 9 8 13 8 6 9 8 9 13 9 13 10 7 11 13 11 3 13 4 13 5 13 6 13 3 1 9 3 13 3 3 5
> BAT2 4 1 5 1 6 1 8 3 13 4 7 5 13 5 3 6 13 6 5 7 9 7 1 8 11 8 1 9 7 9 11 9 1 10 1 11 5 11 6 11 8 13 9 13 10 13 11 13 5 3 11 5
> BAT3 7 1 6 3 11 6 1 7 7 7 13 7 3 8 3 9 8 11 9 11 7 13
< RES 1637334235 16 1
< MOVE L
> REQ 1637334235 17 1
> VAMPIRE 1 1 2 3 0 3 0
> VAMPIRE 2 11 1 3 0 3 0
> VAMPIRE 3 13 13 3 1 3 0
> VAMPIRE 4 1 13 3 1 3 0
> GRENADE 1 3 3 4 3
> GRENADE 2 10 3 4 3
> BAT1 8 1 9 1 10 1 7 3 1 4 1 5 6 5 8 5 1 6 5 6 9 6 3 7 11 7 5 8 9 8 13 8 6 9 8 9 13 9 13 10 7 11 13 11 3 13 4 13 5 13 6 13 3 1 9 3 13 3 3 5
> BAT2 4 1 5 1 6 1 8 3 13 4 7 5 13 5 3 6 13 6 5 7 9 7 1 8 11 8 1 9 7 9 11 9 1 10 1 11 5 11 6 11 8 13 9 13 10 13 11 13 5 3 11 5
> BAT3 7 1 6 3 11 6 1 7 7 7 13 7 3 8 3 9 8 11 9 11 7 13
< RES 1637334235 17 1
> REQ 1637334235 18 1
> VAMPIRE 1 1 2 3 0 3 0
> VAMPIRE 2 11 1 3 0 3 0
> VAMPIRE 3 13 13 3 1 3 0
> VAMPIRE 4 1 13 3 1 3 0
> GRENADE 1 3 3 3 3
> GRENADE 2 10 3 3 3
> BAT1 8 1 9 1 10 1 7 3 1 4 1 5 6 5 8 5 1 6 5 6 9 6 3 7 11 7 5 8 9 8 13 8 6 9 8 9 13 9 13 10 7 11 13 11 3 13 4 13 5 13 6 13 3 1 9 3 13 3 3 5
> BAT2 4 1 5 1 6 1 8 3 13 4 7 5 13 5 3 6 13 6 5 7 9 7 1 8 11 8 1 9 7 9 11 9 1 10 1 11 5 11 6 11 8 13 9 13 10 13 11 13 5 3 11 5
> BAT3 7 1 6 3 11 6 1 7 7 7 13 7 3 8 3 9 8 11 9 11 7 13
< RES 1637334235 18 1
> REQ 1637334235 19 1
> VAMPIRE 1 1 2 3 0 3 0
> VAMPIRE 2 11 1 3 0 3 0
> VAMPIRE 3 13 13 3 1 3 0
> VAMPIRE 4 1 13 3 1 3 0
> GRENADE 1 3 3 2 3
> GRENADE 2 10 3 2 3
> BAT1 8 1 9 1 10 1 7 3 1 4 1 5 6 5 8 5 1 6 5 6 9 6 3 7 11 7 5 8 9 8 13 8 6 9 8 9 13 9 13 10 7 11 13 11 3 13 4 13 5 13 6 13 3 1 9 3 13 3 3 5
> BAT2 4 1 5 1 6 1 8 3 13 4 7 5 13 5 3 6 13 6 5 7 9 7 1 8 11 8 1 9 7 9 11 9 1 10 1 11 5 11 6 11 8 13 9 13 10 13 11 13 5 3 11 5
> BAT3 7 1 6 3 11 6 1 7 7 7 13 7 3 8 3 9 8 11 9 11 7 13
< RES 1637334235 19 1
> REQ 1637334235 20 1
> VAMPIRE 1 1 2 3 0 3 0
> VAMPIRE 2 11 1 3 0 3 0
> VAMPIRE 3 13 13 3 1 3 0
> VAMPIRE 4 1 13 3 1 3 0
> GRENADE 1 3 3 1 3
> GRENADE 2 10 3 1 3
> BAT1 8 1 9 1 10 1 7 3 1 4 1 5 6 5 8 5 1 6 5 6 9 6 3 7 11 7 5 8 9 8 13 8 6 9 8 9 13 9 13 10 7 11 13 11 3 13 4 13 5 13 6 13 3 1 9 3 13 3 3 5
> BAT2 4 1 5 1 6 1 8 3 13 4 7 5 13 5 3 6 13 6 5 7 9 7 1 8 11 8 1 9 7 9 11 9 1 10 1 11 5 11 6 11 8 13 9 13 10 13 11 13 5 3 11 5
> BAT3 7 1 6 3 11 6 1 7 7 7 13 7 3 8 3 9 8 11 9 11 7 13
< RES 1637334235 20 1
< MOVE R
> REQ 1637334235 21 1
> VAMPIRE 1 1 3 3 1 3 0
> VAMPIRE 2 11 3 3 1 3 0
> VAMPIRE 3 13 13 3 1 3 0
> VAMPIRE 4 1 13 3 1 3 0
> BAT1 8 1 9 1 10 1 7 3 1 4 1 5 6 5 8 5 1 6 5 6 9 6 3 7 11 7 5 8 9 8 13 8 6 9 8 9 13 9 13 10 7 11 13 11 3 13 4 13 5 13 6 13 5 3
> BAT2 4 1 5 1 6 1 8 3 13 4 7 5 13 5 3 6 13 6 5 7 9 7 1 8 11 8 1 9 7 9 11 9 1 10 1 11 5 11 6 11 8 13 9 13 10 13 11 13 11 5
> BAT3 7 1 6 3 11 6 1 7 7 7 13 7 3 8 3 9 8 11 9 11 7 13
< RES 1637334235 21 1
< MOVE D D
> REQ 1637334235 22 1
> VAMPIRE 1 3 3 3 1 3 0
> VAMPIRE 2 11 3 3 0 3 0
> VAMPIRE 3 13 13 3 1 3 0
> VAMPIRE 4 1 13 3 1 3 0
> GRENADE 2 11 3 5 3
> BAT1 8 1 9 1 10 1 7 3 1 4 1 5 6 5 8 5 1 6 5 6 9 6 3 7 11 7 5 8 9 8 13 8 6 9 8 9 13 9 13 10 7 11 13 11 3 13 4 13 5 13 6 13 5 3
> BAT2 4 1 5 1 6 1 8 3 13 4 7 5 13 5 3 6 13 6 5 7 9 7 1 8 11 8 1 9 7 9 11 9 1 10 1 11 5 11 6 11 8 13 9 13 10 13 11 13 11 5
> BAT3 7 1 6 3 11 6 1 7 7 7 13 7 3 8 3 9 8 11 9 11 7 13
< RES 1637334235 22 1
< GRENADE
> REQ 1637334235 23 1
> VAMPIRE 1 3 3 3 0 3 0
> VAMPIRE 2 11 1 3 0 3 0
> VAMPIRE 3 13 13 3 1 3 0
> VAMPIRE 4 1 13 3 1 3 0
> GRENADE 2 9 3 4 3
> GRENADE 1 3 3 5 3
> BAT1 8 1 9 1 10 1 7 3 1 4 1 5 6 5 8 5 1 6 5 6 9 6 3 7 11 7 5 8 9 8 13 8 6 9 8 9 13 9 13 10 7 11 13 11 3 13 4 13 5 13 6 13 5 3
> BAT2 4 1 5 1 6 1 8 3 13 4 7 5 13 5 3 6 13 6 5 7 9 7 1 8 11 8 1 9 7 9 11 9 1 10 1 11 5 11 6 11 8 13 9 13 10 13 11 13 11 5
> BAT3 7 1 6 3 11 6 1 7 7 7 13 7 3 8 3 9 8 11 9 11 7 13
< RES 1637334235 23 1
< THROW XR 2
< MOVE U U
> REQ 1637334235 24 1
> VAMPIRE 1 1 3 3 0 3 0
> VAMPIRE 2 11 1 3 0 3 0
> VAMPIRE 3 13 13 3 1 3 0
> VAMPIRE 4 1 13 3 1 3 0
> GRENADE 2 9 3 3 3
> GRENADE 1 3 5 4 3
> BAT1 8 1 9 1 10 1 7 3 1 4 1 5 6 5 8 5 1 6 5 6 9 6 3 7 11 7 5 8 9 8 13 8 6 9 8 9 13 9 13 10 7 11 13 11 3 13 4 13 5 13 6 13 5 3
> BAT2 4 1 5 1 6 1 8 3 13 4 7 5 13 5 3 6 13 6 5 7 9 7 1 8 11 8 1 9 7 9 11 9 1 10 1 11 5 11 6 11 8 13 9 13 10 13 11 13 11 5
> BAT3 7 1 6 3 11 6 1 7 7 7 13 7 3 8 3 9 8 11 9 11 7 13
< RES 1637334235 24 1
> REQ 1637334235 25 1
> VAMPIRE 1 1 3 3 0 3 0
> VAMPIRE 2 11 1 3 0 3 0
> VAMPIRE 3 13 13 3 1 3 0
> VAMPIRE 4 1 13 3 1 3 0
> GRENADE 2 9 3 2 3
> GRENADE 1 3 5 3 3
> BAT1 8 1 9 1 10 1 7 3 1 4 1 5 6 5 8 5 1 6 5 6 9 6 3 7 11 7 5 8 9 8 13 8 6 9 8 9 13 9 13 10 7 11 13 11 3 13 4 13 5 13 6 13 5 3
> BAT2 4 1 5 1 6 1 8 3 13 4 7 5 13 5 3 6 13 6 5 7 9 7 1 8 11 8 1 9 7 9 11 9 1 10 1 11 5 11 6 11 8 13 9 13 10 13 11 13 11 5
> BAT3 7 1 6 3 11 6 1 7 7 7 13 7 3 8 3 9 8 11 9 11 7 13
< RES 1637334235 25 1
> REQ 1637334235 26 1
> VAMPIRE 1 1 3 3 0 3 0
> VAMPIRE 2 11 1 3 0 3 0
> VAMPIRE 3 13 13 3 1 3 0
> VAMPIRE 4 1 13 3 1 3 0
> GRENADE 2 9 3 1 3
> GRENADE 1 3 5 2 3
> BAT1 8 1 9 1 10 1 7 3 1 4 1 5 6 5 8 5 1 6 5 6 9 6 3 7 11 7 5 8 9 8 13 8 6 9 8 9 13 9 13 10 7 11 13 11 3 13 4 13 5 13 6 13 5 3
> BAT2 4 1 5 1 6 1 8 3 13 4 7 5 13 5 3 6 13 6 5 7 9 7 1 8 11 8 1 9 7 9 11 9 1 10 1 11 5 11 6 11 8 13 9 13 10 13 11 13 11 5
> BAT3 7 1 6 3 11 6 1 7 7 7 13 7 3 8 3 9 8 11 9 11 7 13
< RES 1637334235 26 1
> REQ 1637334235 27 1
> VAMPIRE 1 1 3 3 0 3 0
> VAMPIRE 2 11 3 3 1 3 0
> VAMPIRE 3 13 13 3 1 3 0
> VAMPIRE 4 1 13 3 1 3 0
> GRENADE 1 3 5 1 3
> BAT1 8 1 10 1 7 3 1 4 1 5 6 5 8 5 1 6 5 6 3 7 11 7 5 8 9 8 13 8 6 9 8 9 13 9 13 10 7 11 13 11 3 13 4 13 5 13 6 13 8 3 5 3
> BAT2 4 1 5 1 6 1 13 4 7 5 13 5 3 6 13 6 5 7 9 7 1 8 11 8 1 9 7 9 11 9 1 10 1 11 5 11 6 11 8 13 9 13 10 13 11 13 11 5
> BAT3 7 1 6 3 11 6 1 7 7 7 13 7 3 8 3 9 8 11 9 11 7 13
< RES 1637334235 27 1
< MOVE D D
> REQ 1637334235 28 1
> VAMPIRE 1 3 3 3 1 3 0
> VAMPIRE 2 9 3 3 0 3 0
> VAMPIRE 3 13 13 3 1 3 0
> VAMPIRE 4 1 13 3 1 3 0
> GRENADE 2 11 3 5 3
> BAT1 8 1 10 1 7 3 1 4 8 5 1 6 5 6 3 7 11 7 5 8 9 8 13 8 6 9 8 9 13 9 13 10 7 11 13 11 3 13 4 13 5 13 6 13 8 3 3 6 5 3
> BAT2 4 1 5 1 6 1 13 4 7 5 13 5 13 6 5 7 9 7 1 8 11 8 1 9 7 9 11 9 1 10 1 11 5 11 6 11 8 13 9 13 10 13 11 13 11 5
> BAT3 7 1 6 3 11 6 1 7 7 7 13 7 3 8 3 9 8 11 9 11 7 13
< RES 1637334235 28 1
< GRENADE
< MOVE R R
> REQ 1637334235 29 1
> VAMPIRE 1 3 5 3 0 3 0
> VAMPIRE 2 9 5 3 0 3 0
> VAMPIRE 3 13 13 3 1 3 0
> VAMPIRE 4 1 13 3 1 3 0
> GRENADE 2 11 3 4 3
> GRENADE 1 3 3 5 3
> BAT1 8 1 10 1 7 3 1 4 8 5 1 6 5 6 3 7 11 7 5 8 9 8 13 8 6 9 8 9 13 9 13 10 7 11 13 11 3 13 4 13 5 13 6 13 8 3 3 6 5 3
> BAT2 4 1 5 1 6 1 13 4 7 5 13 5 13 6 5 7 9 7 1 8 11 8 1 9 7 9 11 9 1 10 1 11 5 11 6 11 8 13 9 13 10 13 11 13 11 5
> BAT3 7 1 6 3 11 6 1 7 7 7 13 7 3 8 3 9 8 11 9 11 7 13
< RES 1637334235 29 1
< MOVE D D
> REQ 1637334235 30 1
> VAMPIRE 1 5 5 3 0 3 0
> VAMPIRE 2 9 5 3 0 3 0
> VAMPIRE 3 13 13 3 1 3 0
> VAMPIRE 4 1 13 3 1 3 0
> GRENADE 2 11 3 3 3
> GRENADE 1 3 3 4 3
> BAT1 8 1 10 1 7 3 1 4 8 5 1 6 5 6 3 7 11 7 5 8 9 8 13 8 6 9 8 9 13 9 13 10 7 11 13 11 3 13 4 13 5 13 6 13 8 3 3 6 5 3
> BAT2 4 1 5 1 6 1 13 4 7 5 13 5 13 6 5 7 9 7 1 8 11 8 1 9 7 9 11 9 1 10 1 11 5 11 6 11 8 13 9 13 10 13 11 13 11 5
> BAT3 7 1 6 3 11 6 1 7 7 7 13 7 3 8 3 9 8 11 9 11 7 13
< RES 1637334235 30 1
> REQ 1637334235 31 1
> VAMPIRE 1 5 5 3 0 3 0
> VAMPIRE 2 9 5 3 0 3 0
> VAMPIRE 3 13 13 3 1 3 0
> VAMPIRE 4 1 13 3 1 3 0
> GRENADE 2 11 3 2 3
> GRENADE 1 3 3 3 3
> BAT1 8 1 10 1 7 3 1 4 8 5 1 6 5 6 3 7 11 7 5 8 9 8 13 8 6 9 8 9 13 9 13 10 7 11 13 11 3 13 4 13 5 13 6 13 8 3 3 6 5 3
> BAT2 4 1 5 1 6 1 13 4 7 5 13 5 13 6 5 7 9 7 1 8 11 8 1 9 7 9 11 9 1 10 1 11 5 11 6 11 8 13 9 13 10 13 11 13 11 5
> BAT3 7 1 6 3 11 6 1 7 7 7 13 7 3 8 3 9 8 11 9 11 7 13
< RES 1637334235 31 1
> REQ 1637334235 32 1
> VAMPIRE 1 5 5 3 0 3 0
> VAMPIRE 2 9 5 3 0 3 0
> VAMPIRE 3 13 13 3 1 3 0
> VAMPIRE 4 1 13 3 1 3 0
> GRENADE 2 11 3 1 3
> GRENADE 1 3 3 2 3
> BAT1 8 1 10 1 7 3 1 4 8 5 1 6 5 6 3 7 11 7 5 8 9 8 13 8 6 9 8 9 13 9 13 10 7 11 13 11 3 13 4 13 5 13 6 13 8 3 3 6 5 3
> BAT2 4 1 5 1 6 1 13 4 7 5 13 5 13 6 5 7 9 7 1 8 11 8 1 9 7 9 11 9 1 10 1 11 5 11 6 11 8 13 9 13 10 13 11 13 11 5
> BAT3 7 1 6 3 11 6 1 7 7 7 13 7 3 8 3 9 8 11 9 11 7 13
< RES 1637334235 32 1
> REQ 1637334235 33 1
> VAMPIRE 1 5 5 3 0 3 0
> VAMPIRE 2 9 5 3 1 3 0
> VAMPIRE 3 13 13 3 1 3 0
> VAMPIRE 4 1 13 3 1 3 0
> GRENADE 1 3 3 1 3
> BAT1 8 1 10 1 7 3 1 4 8 5 1 6 5 6 3 7 11 7 5 8 9 8 13 8 6 9 8 9 13 9 13 10 7 11 13 11 3 13 4 13 5 13 6 13 3 6 5 3 11 5
> BAT2 4 1 5 1 6 1 13 4 7 5 13 5 13 6 5 7 9 7 1 8 11 8 1 9 7 9 11 9 1 10 1 11 5 11 6 11 8 13 9 13 10 13 11 13
> BAT3 7 1 6 3 11 6 1 7 7 7 13 7 3 8 3 9 8 11 9 11 7 13
< RES 1637334235 33 1
< MOVE L
> REQ 1637334235 34 1
> VAMPIRE 1 5 4 3 1 3 0
> VAMPIRE 2 9 5 3 0 3 0
> VAMPIRE 3 13 13 3 1 3 0
> VAMPIRE 4 1 13 3 1 3 0
> GRENADE 2 9 5 5 3
> BAT1 8 1 10 1 7 3 1 4 8 5 1 6 5 6 3 7 11 7 5 8 9 8 13 8 6 9 8 9 13 9 13 10 7 11 13 11 3 13 4 13 5 13 6 13 11 5
> BAT2 4 1 5 1 6 1 13 4 7 5 13 5 13 6 5 7 9 7 1 8 11 8 1 9 7 9 11 9 1 10 1 11 5 11 6 11 8 13 9 13 10 13 11 13
> BAT3 7 1 6 3 11 6 1 7 7 7 13 7 3 8 3 9 8 11 9 11 7 13
< RES 1637334235 34 1
< GRENADE
> REQ 1637334235 35 1
> VAMPIRE 1 5 4 3 0 3 0
> VAMPIRE 2 9 5 3 0 3 0
> VAMPIRE 3 13 13 3 1 3 0
> VAMPIRE 4 1 13 3 1 3 0
> GRENADE 2 9 9 4 3
> GRENADE 1 5 4 5 3
> BAT1 8 1 10 1 7 3 1 4 8 5 1 6 5 6 3 7 11 7 5 8 9 8 13 8 6 9 8 9 13 9 13 10 7 11 13 11 3 13 4 13 5 13 6 13 11 5
> BAT2 4 1 5 1 6 1 13 4 7 5 13 5 13 6 5 7 9 7 1 8 11 8 1 9 7 9 11 9 1 10 1 11 5 11 6 11 8 13 9 13 10 13 11 13
> BAT3 7 1 6 3 11 6 1 7 7 7 13 7 3 8 3 9 8 11 9 11 7 13
< RES 1637334235 35 1
< THROW XR 1
> REQ 1637334235 36 1
> VAMPIRE 1 5 4 3 0 3 0
> VAMPIRE 2 9 3 3 0 3 0
> VAMPIRE 3 13 13 3 1 3 0
> VAMPIRE 4 1 13 3 1 3 0
> GRENADE 2 9 9 3 3
> GRENADE 1 5 5 4 3
> BAT1 8 1 10 1 7 3 1 4 8 5 1 6 5 6 3 7 11 7 5 8 9 8 13 8 6 9 8 9 13 9 13 10 7 11 13 11 3 13 4 13 5 13 6 13 11 5
> BAT2 4 1 5 1 6 1 13 4 7 5 13 5 13 6 5 7 9 7 1 8 11 8 1 9 7 9 11 9 1 10 1 11 5 11 6 11 8 13 9 13 10 13 11 13
> BAT3 7 1 6 3 11 6 1 7 7 7 13 7 3 8 3 9 8 11 9 11 7 13
< RES 1637334235 36 1
< THROW R 4
< MOVE L
> REQ 1637334235 37 1
> VAMPIRE 1 5 3 3 0 3 0
> VAMPIRE 2 9 3 3 0 3 0
> VAMPIRE 3 13 13 3 1 3 0
> VAMPIRE 4 1 13 3 1 3 0
> GRENADE 2 9 9 2 3
> GRENADE 1 5 9 3 3
> BAT1 8 1 10 1 7 3 1 4 8 5 1 6 5 6 3 7 11 7 5 8 9 8 13 8 6 9 8 9 13 9 13 10 7 11 13 11 3 13 4 13 5 13 6 13 11 5
> BAT2 4 1 5 1 6 1 13 4 7 5 13 5 13 6 5 7 9 7 1 8 11 8 1 9 7 9 11 9 1 10 1 11 5 11 6 11 8 13 9 13 10 13 11 13
> BAT3 7 1 6 3 11 6 1 7 7 7 13 7 3 8 3 9 8 11 9 11 7 13
< RES 1637334235 37 1
< MOVE U U
> REQ 1637334235 38 1
> VAMPIRE 1 3 3 3 0 3 0
> VAMPIRE 2 9 3 3 0 3 0
> VAMPIRE 3 13 13 3 1 3 0
> VAMPIRE 4 1 13 3 1 3 0
> GRENADE 2 9 9 1 3
> GRENADE 1 5 9 2 3
> BAT1 8 1 10 1 7 3 1 4 8 5 1 6 5 6 3 7 11 7 5 8 9 8 13 8 6 9 8 9 13 9 13 10 7 11 13 11 3 13 4 13 5 13 6 13 11 5
> BAT2 4 1 5 1 6 1 13 4 7 5 13 5 13 6 5 7 9 7 1 8 11 8 1 9 7 9 11 9 1 10 1 11 5 11 6 11 8 13 9 13 10 13 11 13
> BAT3 7 1 6 3 11 6 1 7 7 7 13 7 3 8 3 9 8 11 9 11 7 13
< RES 1637334235 38 1
> REQ 1637334235 39 1
> VAMPIRE 1 3 3 3 0 3 0
> VAMPIRE 2 9 5 3 1 3 0
> VAMPIRE 3 13 13 3 1 3 0
> VAMPIRE 4 1 13 3 1 3 0
> GRENADE 1 5 9 1 3
> BAT1 8 1 10 1 7 3 1 4 8 5 1 6 5 6 3 7 11 7 5 8 13 8 6 9 13 9 13 10 7 11 13 11 3 13 4 13 5 13 6 13 11 9 11 5
> BAT2 4 1 5 1 6 1 13 4 7 5 13 5 13 6 5 7 9 7 1 8 11 8 1 9 7 9 1 10 1 11 5 11 6 11 8 13 9 13 10 13 11 13 9 11
> BAT3 7 1 6 3 11 6 1 7 7 7 13 7 3 8 3 9 8 11 7 13
< RES 1637334235 39 1
< MOVE D D
> REQ 1637334235 40 1
> VAMPIRE 1 5 3 3 1 3 0
> VAMPIRE 2 9 5 3 0 3 0
> VAMPIRE 3 13 13 3 1 3 0
> VAMPIRE 4 1 13 3 1 3 0
> GRENADE 2 9 5 5 3
> BAT1 8 1 10 1 7 3 1 4 8 5 1 6 5 6 3 7 11 7 13 8 13 9 13 10 7 11 13 11 3 13 4 13 5 13 6 13 11 9 5 11 11 5
> BAT2 4 1 5 1 6 1 13 4 7 5 13 5 13 6 5 7 9 7 1 8 11 8 1 9 7 9 1 10 1 11 6 11 8 13 9 13 10 13 11 13 3 9 9 11
> BAT3 7 1 6 3 11 6 1 7 7 7 13 7 3 8 8 11 7 13
< RES 1637334235 40 1
< GRENADE
> REQ 1637334235 41 1
> VAMPIRE 1 5 3 3 0 3 0
> VAMPIRE 2 9 5 3 0 3 0
> VAMPIRE 3 13 13 3 1 3 0
> VAMPIRE 4 1 13 3 1 3 0
> GRENADE 2 9 9 4 3
> GRENADE 1 5 3 5 3
> BAT1 8 1 10 1 7 3 1 4 8 5 1 6 5 6 3 7 11 7 13 8 13 9 13 10 7 11 13 11 3 13 4 13 5 13 6 13 11 9 5 11 11 5
> BAT2 4 1 5 1 6 1 13 4 7 5 13 5 13 6 5 7 9 7 1 8 11 8 1 9 7 9 1 10 1 11 6 11 8 13 9 13 10 13 11 13 3 9 9 11
> BAT3 7 1 6 3 11 6 1 7 7 7 13 7 3 8 8 11 7 13
< RES 1637334235 41 1
< THROW XR 2
< MOVE R
> REQ 1637334235 42 1
> VAMPIRE 1 5 4 3 0 3 0
> VAMPIRE 2 9 3 3 0 3 0
> VAMPIRE 3 13 13 3 1 3 0
> VAMPIRE 4 1 13 3 1 3 0
> GRENADE 2 9 9 3 3
> GRENADE 1 5 5 4 3
> BAT1 8 1 10 1 7 3 1 4 8 5 1 6 5 6 3 7 11 7 13 8 13 9 13 10 7 11 13 11 3 13 4 13 5 13 6 13 11 9 5 11 11 5
> BAT2 4 1 5 1 6 1 13 4 7 5 13 5 13 6 5 7 9 7 1 8 11 8 1 9 7 9 1 10 1 11 6 11 8 13 9 13 10 13 11 13 3 9 9 11
> BAT3 7 1 6 3 11 6 1 7 7 7 13 7 3 8 8 11 7 13
< RES 1637334235 42 1
< THROW R 4
< MOVE L
> REQ 1637334235 43 1
> VAMPIRE 1 5 3 3 0 3 0
> VAMPIRE 2 9 3 3 0 3 0
> VAMPIRE 3 13 13 3 1 3 0
> VAMPIRE 4 1 13 3 1 3 0
> GRENADE 2 9 9 2 3
> GRENADE 1 5 9 3 3
> BAT1 8 1 10 1 7 3 1 4 8 5 1 6 5 6 3 7 11 7 13 8 13 9 13 10 7 11 13 11 3 13 4 13 5 13 6 13 11 9 5 11 11 5
> BAT2 4 1 5 1 6 1 13 4 7 5 13 5 13 6 5 7 9 7 1 8 11 8 1 9 7 9 1 10 1 11 6 11 8 13 9 13 10 13 11 13 3 9 9 11
> BAT3 7 1 6 3 11 6 1 7 7 7 13 7 3 8 8 11 7 13
< RES 1637334235 43 1
< MOVE U U
> REQ 1637334235 44 1
> VAMPIRE 1 3 3 3 0 3 0
> VAMPIRE 2 9 5 3 0 3 0
> VAMPIRE 3 13 13 3 1 3 0
> VAMPIRE 4 1 13 3 1 3 0
> GRENADE 2 9 9 1 3
> GRENADE 1 5 9 2 3
> BAT1 8 1 10 1 7 3 1 4 8 5 1 6 5 6 3 7 11 7 13 8 13 9 13 10 7 11 13 11 3 13 4 13 5 13 6 13 11 9 5 11 11 5
> BAT2 4 1 5 1 6 1 13 4 7 5 13 5 13 6 5 7 9 7 1 8 11 8 1 9 7 9 1 10 1 11 6 11 8 13 9 13 10 13 11 13 3 9 9 11
> BAT3 7 1 6 3 11 6 1 7 7 7 13 7 3 8 8 11 7 13
< RES 1637334235 44 1
> REQ 1637334235 45 1
> VAMPIRE 1 3 3 3 0 3 0
> VAMPIRE 2 9 5 3 1 3 0
> VAMPIRE 3 13 13 3 1 3 0
> VAMPIRE 4 1 13 3 1 3 0
> GRENADE 1 5 9 1 3
> BAT1 8 1 10 1 7 3 1 4 8 5 1 6 5 6 3 7 11 7 13 8 13 9 13 10 7 11 13 11 3 13 4 13 5 13 6 13 9 7 7 9 5 11 11 5 9 11
> BAT2 4 1 5 1 6 1 13 4 7 5 13 5 13 6 5 7 1 8 11 8 1 9 1 10 1 11 6 11 8 13 9 13 10 13 11 13 3 9
> BAT3 7 1 6 3 11 6 1 7 7 7 13 7 3 8 8 11 7 13
< RES 1637334235 45 1
< MOVE D D
> REQ 1637334235 46 1
> VAMPIRE 1 5 3 3 1 3 0
> VAMPIRE 2 9 3 3 0 3 0
> VAMPIRE 3 13 13 3 1 3 0
> VAMPIRE 4 1 13 3 1 3 0
> GRENADE 2 9 5 5 3
> BAT1 8 1 10 1 7 3 1 4 8 5 1 6 5 6 3 7 11 7 13 8 13 9 13 10 7 11 13 11 3 13 4 13 5 13 6 13 5 7 9 7 11 5 3 9 9 11
> BAT2 4 1 5 1 6 1 13 4 7 5 13 5 13 6 1 8 11 8 1 9 1 10 1 11 6 11 8 13 9 13 10 13 11 13
> BAT3 7 1 6 3 11 6 1 7 7 7 13 7 3 8 8 11 7 13
< RES 1637334235 46 1
< GRENADE
> REQ 1637334235 47 1
> VAMPIRE 1 5 3 3 0 3 0
> VAMPIRE 2 11 3 3 0 3 0
> VAMPIRE 3 13 12 3 1 3 0
> VAMPIRE 4 1 13 3 1 3 0
> GRENADE 2 9 5 4 3
> GRENADE 1 5 3 5 3
> BAT1 8 1 10 1 7 3 1 4 8 5 1 6 5 6 3 7 11 7 13 8 13 9 13 10 7 11 13 11 3 13 4 13 5 13 6 13 5 7 9 7 11 5 3 9 9 11
> BAT2 4 1 5 1 6 1 13 4 7 5 13 5 13 6 1 8 11 8 1 9 1 10 1 11 6 11 8 13 9 13 10 13 11 13
> BAT3 7 1 6 3 11 6 1 7 7 7 13 7 3 8 8 11 7 13
< RES 1637334235 47 1
< THROW XD 4
< MOVE R R
> REQ 1637334235 48 1
> VAMPIRE 1 5 5 3 0 3 0
> VAMPIRE 2 11 3 3 0 3 0
> VAMPIRE 3 12 13 3 0 3 0
> VAMPIRE 4 1 13 3 1 3 0
> GRENADE 2 9 5 3 3
> GRENADE 1 9 3 4 3
> GRENADE 3 13 12 5 3
> BAT1 8 1 10 1 7 3 1 4 8 5 1 6 5 6 3 7 11 7 13 8 13 9 13 10 7 11 13 11 3 13 4 13 5 13 6 13 5 7 9 7 11 5 3 9 9 11
> BAT2 4 1 5 1 6 1 13 4 7 5 13 5 13 6 1 8 11 8 1 9 1 10 1 11 6 11 8 13 9 13 10 13 11 13
> BAT3 7 1 6 3 11 6 1 7 7 7 13 7 3 8 8 11 7 13
< RES 1637334235 48 1
< MOVE U U
> REQ 1637334235 49 1
> VAMPIRE 1 3 5 3 0 3 0
> VAMPIRE 2 13 3 3 0 3 0
> VAMPIRE 3 12 13 3 0 3 0
> VAMPIRE 4 1 13 3 1 3 0
> GRENADE 2 9 5 2 3
> GRENADE 1 9 3 3 3
> GRENADE 3 13 12 4 3
> BAT1 8 1 10 1 7 3 1 4 8 5 1 6 5 6 3 7 11 7 13 8 13 9 13 10 7 11 13 11 3 13 4 13 5 13 6 13 5 7 9 7 11 5 3 9 9 11
> BAT2 4 1 5 1 6 1 13 4 7 5 13 5 13 6 1 8 11 8 1 9 1 10 1 11 6 11 8 13 9 13 10 13 11 13
> BAT3 7 1 6 3 11 6 1 7 7 7 13 7 3 8 8 11 7 13
< RES 1637334235 49 1
< MOVE D D
> REQ 1637334235 50 1
> VAMPIRE 1 5 5 3 0 3 0
> VAMPIRE 2 13 3 3 0 3 0
> VAMPIRE 3 12 13 3 0 3 0
> VAMPIRE 4 1 13 3 1 3 0
> GRENADE 2 9 5 1 3
> GRENADE 1 9 3 2 3
> GRENADE 3 13 12 3 3
> BAT1 8 1 10 1 7 3 1 4 8 5 1 6 5 6 3 7 11 7 13 8 13 9 13 10 7 11 13 11 3 13 4 13 5 13 6 13 5 7 9 7 11 5 3 9 9 11
> BAT2 4 1 5 1 6 1 13 4 7 5 13 5 13 6 1 8 11 8 1 9 1 10 1 11 6 11 8 13 9 13 10 13 11 13
> BAT3 7 1 6 3 11 6 1 7 7 7 13 7 3 8 8 11 7 13
< RES 1637334235 50 1
< MOVE L L
> REQ 1637334235 51 1
> VAMPIRE 1 5 3 3 1 3 0
> VAMPIRE 2 13 1 3 1 3 0
> VAMPIRE 3 12 13 3 0 3 0
> VAMPIRE 4 1 13 3 1 3 0
> GRENADE 3 13 12 2 3
> BAT1 8 1 10 1 1 4 1 6 5 6 3 7 11 7 13 8 13 9 13 10 7 11 13 11 3 13 4 13 5 13 6 13 5 7 3 9 9 11
> BAT2 4 1 5 1 6 1 13 4 7 5 13 5 13 6 1 8 11 8 1 9 1 10 1 11 6 11 8 13 9 13 10 13 11 13
> BAT3 7 1 6 3 11 6 1 7 7 7 13 7 3 8 8 11 7 13
< RES 1637334235 51 1
< GRENADE
< MOVE U U
> REQ 1637334235 52 1
> VAMPIRE 1 3 3 3 0 3 0
> VAMPIRE 2 13 1 3 0 3 0
> VAMPIRE 3 12 13 3 0 3 0
> VAMPIRE 4 1 13 3 1 3 0
> GRENADE 3 13 12 1 3
> GRENADE 1 5 3 5 3
> GRENADE 2 13 1 5 3
> BAT1 8 1 10 1 1 4 1 6 5 6 3 7 11 7 13 8 13 9 13 10 7 11 13 11 3 13 4 13 5 13 6 13 5 7 3 9 9 11
> BAT2 4 1 5 1 6 1 13 4 7 5 13 5 13 6 1 8 11 8 1 9 1 10 1 11 6 11 8 13 9 13 10 13 11 13
> BAT3 7 1 6 3 11 6 1 7 7 7 13 7 3 8 8 11 7 13
< RES 1637334235 52 1
< MOVE R R
> REQ 1637334235 53 1
> VAMPIRE 1 3 5 3 0 3 0
> VAMPIRE 2 11 1 3 0 3 0
> VAMPIRE 3 13 13 3 1 3 0
> VAMPIRE 4 1 13 3 1 3 0
> GRENADE 1 5 3 4 3
> GRENADE 2 9 1 4 3
> BAT1 8 1 10 1 1 4 1 6 5 6 3 7 11 7 13 8 13 9 13 10 7 11 3 13 4 13 5 13 6 13 5 7 3 9 9 11
> BAT2 4 1 5 1 6 1 13 4 7 5 13 5 13 6 1 8 11 8 1 9 1 10 1 11 6 11 8 13 9 13 10 13 11 13
> BAT3 7 1 6 3 11 6 1 7 7 7 13 7 3 8 8 11 7 13
< RES 1637334235 53 1
> REQ 1637334235 54 1
> VAMPIRE 1 3 5 3 0 3 0
> VAMPIRE 2 11 3 3 0 3 0
> VAMPIRE 3 13 11 3 0 3 0
> VAMPIRE 4 1 13 3 1 3 0
> GRENADE 1 5 3 3 3
> GRENADE 2 9 1 3 3
> GRENADE 3 13 13 5 3
> BAT1 8 1 10 1 1 4 1 6 5 6 3 7 11 7 13 8 13 9 13 10 7 11 3 13 4 13 5 13 6 13 5 7 3 9 9 11
> BAT2 4 1 5 1 6 1 13 4 7 5 13 5 13 6 1 8 11 8 1 9 1 10 1 11 6 11 8 13 9 13 10 13 11 13
> BAT3 7 1 6 3 11 6 1 7 7 7 13 7 3 8 8 11 7 13
< RES 1637334235 54 1
> REQ 1637334235 55 1
> VAMPIRE 1 3 5 3 0 3 0
> VAMPIRE 2 10 3 3 0 3 0
> VAMPIRE 3 11 11 3 0 3 0
> VAMPIRE 4 1 13 3 1 3 0
> GRENADE 1 5 3 2 3
> GRENADE 2 9 1 2 3
> GRENADE 3 13 13 4 3
> BAT1 8 1 10 1 1 4 1 6 5 6 3 7 11 7 13 8 13 9 13 10 7 11 3 13 4 13 5 13 6 13 5 7 3 9 9 11
> BAT2 4 1 5 1 6 1 13 4 7 5 13 5 13 6 1 8 11 8 1 9 1 10 1 11 6 11 8 13 9 13 10 13 11 13
> BAT3 7 1 6 3 11 6 1 7 7 7 13 7 3 8 8 11 7 13
< RES 1637334235 55 1
> REQ 1637334235 56 1
> VAMPIRE 1 3 5 3 0 3 0
> VAMPIRE 2 11 4 3 0 3 0
> VAMPIRE 3 11 11 3 0 3 0
> VAMPIRE 4 1 13 3 1 3 0
> GRENADE 1 5 3 1 3
> GRENADE 2 9 1 1 3
> GRENADE 3 13 13 3 3
> BAT1 8 1 10 1 1 4 1 6 5 6 3 7 11 7 13 8 13 9 13 10 7 11 3 13 4 13 5 13 6 13 5 7 3 9 9 11
> BAT2 4 1 5 1 6 1 13 4 7 5 13 5 13 6 1 8 11 8 1 9 1 10 1 11 6 11 8 13 9 13 10 13 11 13
> BAT3 7 1 6 3 11 6 1 7 7 7 13 7 3 8 8 11 7 13
< RES 1637334235 56 1
< MOVE U U
> REQ 1637334235 57 1
> VAMPIRE 1 1 5 3 1 3 0
> VAMPIRE 2 10 5 3 1 3 0
> VAMPIRE 3 11 11 3 0 3 0
> VAMPIRE 4 1 13 3 1 3 0
> GRENADE 3 13 13 2 3
> BAT1 1 4 1 6 3 7 11 7 13 8 13 9 13 10 7 11 3 13 4 13 5 13 6 13 5 1 5 7 3 9 9 11
> BAT2 4 1 6 1 13 4 7 5 13 5 13 6 1 8 11 8 1 9 1 10 1 11 6 11 8 13 9 13 10 13 11 13 6 3
> BAT3 7 1 11 6 1 7 7 7 13 7 3 8 8 11 7 13
< RES 1637334235 57 1
< GRENADE
> REQ 1637334235 58 1
> VAMPIRE 1 1 5 3 0 3 0
> VAMPIRE 2 9 6 3 0 3 0
> VAMPIRE 3 11 11 3 0 3 0
> VAMPIRE 4 1 13 3 1 3 0
> GRENADE 3 13 13 1 3
> GRENADE 1 1 5 5 3
> GRENADE 2 10 5 5 3
> BAT1 1 4 1 6 3 7 11 7 13 8 13 9 13 10 7 11 3 13 4 13 5 13 6 13 5 1 5 7 3 9 9 11
> BAT2 4 1 6 1 13 4 7 5 13 5 13 6 1 8 11 8 1 9 1 10 1 11 6 11 8 13 9 13 10 13 11 13 6 3
> BAT3 7 1 11 6 1 7 7 7 13 7 3 8 8 11 7 13
< RES 1637334235 58 1
< THROW XL 4
< MOVE D D
> REQ 1637334235 59 1
> VAMPIRE 1 3 5 3 0 3 0
> VAMPIRE 2 9 7 3 0 3 0
> VAMPIRE 3 11 11 3 1 3 0
> VAMPIRE 4 1 13 3 1 3 0
> GRENADE 1 1 1 4 3
> GRENADE 2 10 5 4 3
> BAT1 1 4 1 6 3 7 11 7 13 8 13 9 7 11 3 13 4 13 5 13 6 13 5 1 5 7 11 13 3 9 9 11
> BAT2 4 1 6 1 13 4 7 5 13 5 13 6 1 8 11 8 1 9 1 10 1 11 6 11 8 13 9 13 10 13 6 3
> BAT3 7 1 11 6 1 7 7 7 13 7 3 8 8 11 7 13
< RES 1637334235 59 1
> REQ 1637334235 60 1
> VAMPIRE 1 3 5 3 0 3 0
> VAMPIRE 2 9 7 3 0 3 0
> VAMPIRE 3 13 11 3 0 3 0
> VAMPIRE 4 1 13 3 1 3 0
> GRENADE 1 1 1 3 3
> GRENADE 2 10 5 3 3
> GRENADE 3 11 11 5 3
> BAT1 1 4 1 6 3 7 11 7 13 8 13 9 7 11 3 13 4 13 5 13 6 13 5 1 5 7 11 13 3 9 9 11
> BAT2 4 1 6 1 13 4 7 5 13 5 13 6 1 8 11 8 1 9 1 10 1 11 6 11 8 13 9 13 10 13 6 3
> BAT3 7 1 11 6 1 7 7 7 13 7 3 8 8 11 7 13
< RES 1637334235 60 1
< MOVE D D
> REQ 1637334235 61 1
> VAMPIRE 1 5 5 3 0 3 0
> VAMPIRE 2 9 9 3 0 3 0
> VAMPIRE 3 13 13 3 0 3 0
> VAMPIRE 4 1 13 3 1 3 0
> GRENADE 1 1 1 2 3
> GRENADE 2 10 5 2 3
> GRENADE 3 11 11 4 3
> BAT1 1 4 1 6 3 7 11 7 13 8 13 9 7 11 3 13 4 13 5 13 6 13 5 1 5 7 11 13 3 9 9 11
> BAT2 4 1 6 1 13 4 7 5 13 5 13 6 1 8 11 8 1 9 1 10 1 11 6 11 8 13 9 13 10 13 6 3
> BAT3 7 1 11 6 1 7 7 7 13 7 3 8 8 11 7 13
< RES 1637334235 61 1
> REQ 1637334235 62 1
> VAMPIRE 1 5 5 3 0 3 0
> VAMPIRE 2 10 9 3 0 3 0
> VAMPIRE 3 13 13 3 0 3 0
> VAMPIRE 4 1 13 3 1 3 0
> GRENADE 1 1 1 1 3
> GRENADE 2 10 5 1 3
> GRENADE 3 11 11 3 3
> BAT1 1 4 1 6 3 7 11 7 13 8 13 9 7 11 3 13 4 13 5 13 6 13 5 1 5 7 11 13 3 9 9 11
> BAT2 4 1 6 1 13 4 7 5 13 5 13 6 1 8 11 8 1 9 1 10 1 11 6 11 8 13 9 13 10 13 6 3
> BAT3 7 1 11 6 1 7 7 7 13 7 3 8 8 11 7 13
< RES 1637334235 62 1
> REQ 1637334235 63 1
> VAMPIRE 1 5 5 3 1 3 0
> VAMPIRE 2 11 10 3 1 3 0
> VAMPIRE 3 13 13 3 0 3 0
> VAMPIRE 4 1 13 3 1 3 0
> GRENADE 3 11 11 2 3
> BAT1 1 6 3 7 11 7 13 8 13 9 7 11 3 13 4 13 5 13 6 13 4 1 5 1 7 5 13 5 5 7 11 13 3 9 9 11
> BAT2 6 1 13 4 13 6 1 8 11 8 1 9 1 10 1 11 6 11 8 13 9 13 10 13 6 3
> BAT3 7 1 11 6 1 7 7 7 13 7 3 8 8 11 7 13
< RES 1637334235 63 1
< GRENADE
< MOVE U U
> REQ 1637334235 64 1
> VAMPIRE 1 3 5 3 0 3 0
> VAMPIRE 2 10 9 3 0 3 0
> VAMPIRE 3 13 12 3 0 3 0
> VAMPIRE 4 1 13 3 1 3 0
> GRENADE 3 11 11 1 3
> GRENADE 1 5 5 5 3
> GRENADE 2 11 10 5 3
> BAT1 1 6 3 7 11 7 13 8 13 9 7 11 3 13 4 13 5 13 6 13 4 1 5 1 7 5 13 5 5 7 11 13 3 9 9 11
> BAT2 6 1 13 4 13 6 1 8 11 8 1 9 1 10 1 11 6 11 8 13 9 13 10 13 6 3
> BAT3 7 1 11 6 1 7 7 7 13 7 3 8 8 11 7 13
< RES 1637334235 64 1
< MOVE L L
> REQ 1637334235 65 1
> VAMPIRE 1 3 3 3 0 3 0
> VAMPIRE 2 10 9 3 1 3 0
> VAMPIRE 3 13 11 3 1 3 0
> VAMPIRE 4 1 13 3 1 3 0
> GRENADE 1 5 5 4 3
> BAT1 1 6 3 7 11 7 13 8 13 9 7 11 3 13 4 13 5 13 6 13 4 1 5 1 7 5 13 5 5 7 11 8 3 9
> BAT2 6 1 13 4 13 6 1 8 1 9 1 10 1 11 6 11 8 13 9 13 10 13 6 3
> BAT3 7 1 11 6 1 7 7 7 13 7 3 8 8 11 7 13
< RES 1637334235 65 1
> REQ 1637334235 66 1
> VAMPIRE 1 3 3 3 0 3 0
> VAMPIRE 2 10 9 3 0 3 0
> VAMPIRE 3 11 11 3 1 3 0
> VAMPIRE 4 1 13 3 1 3 0
> GRENADE 1 5 5 3 3
> GRENADE 2 10 9 5 3
> BAT1 1 6 3 7 11 7 13 8 13 9 7 11 3 13 4 13 5 13 6 13 4 1 5 1 7 5 13 5 5 7 11 8 3 9
> BAT2 6 1 13 4 13 6 1 8 1 9 1 10 1 11 6 11 8 13 9 13 10 13 6 3
> BAT3 7 1 11 6 1 7 7 7 13 7 3 8 8 11 7 13
< RES 1637334235 66 1
> REQ 1637334235 67 1
> VAMPIRE 1 3 3 3 0 3 0
> VAMPIRE 2 8 9 3 0 3 0
> VAMPIRE 3 13 11 3 0 3 0
> VAMPIRE 4 1 13 3 1 3 0
> GRENADE 1 5 5 2 3
> GRENADE 2 10 5 4 3
> GRENADE 3 11 11 5 3
> BAT1 1 6 3 7 11 7 13 8 13 9 7 11 3 13 4 13 5 13 6 13 4 1 5 1 7 5 13 5 5 7 11 8 3 9
> BAT2 6 1 13 4 13 6 1 8 1 9 1 10 1 11 6 11 8 13 9 13 10 13 6 3
> BAT3 7 1 11 6 1 7 7 7 13 7 3 8 8 11 7 13
< RES 1637334235 67 1
> REQ 1637334235 68 1
> VAMPIRE 1 3 3 3 0 3 0
> VAMPIRE 2 7 9 3 0 3 0
> VAMPIRE 3 13 12 3 0 3 0
> VAMPIRE 4 1 13 3 1 3 0
> GRENADE 1 5 5 1 3
> GRENADE 2 10 5 3 3
> GRENADE 3 11 11 4 3
> BAT1 1 6 3 7 11 7 13 8 13 9 7 11 3 13 4 13 5 13 6 13 4 1 5 1 7 5 13 5 5 7 11 8 3 9
> BAT2 6 1 13 4 13 6 1 8 1 9 1 10 1 11 6 11 8 13 9 13 10 13 6 3
> BAT3 7 1 11 6 1 7 7 7 13 7 3 8 8 11 7 13
< RES 1637334235 68 1
< MOVE D D
> REQ 1637334235 69 1
> VAMPIRE 1 5 3 3 1 3 0
> VAMPIRE 2 5 9 3 0 3 0
> VAMPIRE 3 12 13 3 0 3 0
> VAMPIRE 4 1 13 3 1 3 0
> GRENADE 2 10 5 2 3
> GRENADE 3 11 11 3 3
> BAT1 1 6 3 7 11 7 13 8 13 9 7 11 3 13 4 13 5 13 6 13 4 1 5 1 13 5 11 8 3 9
> BAT2 6 1 13 4 13 6 1 8 1 9 1 10 1 11 6 11 8 13 9 13 10 13 6 3
> BAT3 7 1 11 6 1 7 7 7 13 7 3 8 8 11 7 13
< RES 1637334235 69 1
< GRENADE
< MOVE U U
> REQ 1637334235 70 1
> VAMPIRE 1 3 3 3 0 3 0
> VAMPIRE 2 5 11 3 0 3 0
> VAMPIRE 3 12 13 3 0 3 0
> VAMPIRE 4 1 13 3 1 3 0
> GRENADE 2 10 5 1 3
> GRENADE 3 11 11 2 3
> GRENADE 1 5 3 5 3
> BAT1 1 6 3 7 11 7 13 8 13 9 7 11 3 13 4 13 5 13 6 13 4 1 5 1 13 5 11 8 3 9
> BAT2 6 1 13 4 13 6 1 8 1 9 1 10 1 11 6 11 8 13 9 13 10 13 6 3
> BAT3 7 1 11 6 1 7 7 7 13 7 3 8 8 11 7 13
< RES 1637334235 70 1
< MOVE R R
> REQ 1637334235 71 1
> VAMPIRE 1 3 5 3 0 3 0
> VAMPIRE 2 3 11 3 1 3 0
> VAMPIRE 3 13 12 3 0 3 0
> VAMPIRE 4 1 13 3 1 3 0
> GRENADE 3 11 11 1 3
> GRENADE 1 5 3 4 3
> BAT1 1 6 3 7 11 7 13 8 13 9 7 11 3 13 4 13 5 13 6 13 4 1 5 1 11 8 3 9
> BAT2 6 1 13 4 13 6 1 8 1 9 1 10 1 11 6 11 8 13 9 13 10 13 6 3
> BAT3 7 1 11 6 1 7 7 7 13 7 3 8 8 11 7 13
< RES 1637334235 71 1
> REQ 1637334235 72 1
> VAMPIRE 1 3 5 3 0 3 0
> VAMPIRE 2 5 11 3 0 3 0
> VAMPIRE 3 12 13 3 1 3 0
> VAMPIRE 4 1 13 3 1 3 0
> GRENADE 1 5 3 3 3
> GRENADE 2 3 11 5 3
> BAT1 1 6 3 7 11 7 13 8 13 9 7 11 3 13 4 13 5 13 6 13 4 1 5 1 3 9
> BAT2 6 1 13 4 13 6 1 8 1 9 1 10 1 11 6 11 8 13 9 13 10 13 6 3 8 11
> BAT3 7 1 11 6 1 7 7 7 13 7 3 8 7 13
< RES 1637334235 72 1
< MOVE D
> REQ 1637334235 73 1
> VAMPIRE 1 4 5 3 0 3 0
> VAMPIRE 2 5 9 3 0 3 0
> VAMPIRE 3 11 12 3 0 3 0
> VAMPIRE 4 1 13 3 1 3 0
> GRENADE 1 5 3 2 3
> GRENADE 2 3 11 4 3
> GRENADE 3 12 13 5 3
> BAT1 1 6 3 7 11 7 13 8 13 9 7 11 3 13 4 13 5 13 6 13 4 1 5 1 3 9
> BAT2 6 1 13 4 13 6 1 8 1 9 1 10 1 11 6 11 8 13 9 13 10 13 6 3 8 11
> BAT3 7 1 11 6 1 7 7 7 13 7 3 8 7 13
< RES 1637334235 73 1
< MOVE U
> REQ 1637334235 74 1
> VAMPIRE 1 3 5 3 0 3 0
> VAMPIRE 2 5 9 3 0 3 0
> VAMPIRE 3 11 11 3 0 3 0
> VAMPIRE 4 1 13 3 0 3 0
> GRENADE 1 5 3 1 3
> GRENADE 2 3 11 3 3
> GRENADE 3 12 13 4 3
> GRENADE 4 1 13 5 3
> BAT1 1 6 3 7 11 7 13 8 13 9 7 11 3 13 4 13 5 13 6 13 4 1 5 1 3 9
> BAT2 6 1 13 4 13 6 1 8 1 9 1 10 1 11 6 11 8 13 9 13 10 13 6 3 8 11
> BAT3 7 1 11 6 1 7 7 7 13 7 3 8 7 13
< RES 1637334235 74 1
< MOVE L L
> REQ 1637334235 75 1
> VAMPIRE 1 3 3 3 1 3 0
> VAMPIRE 2 5 9 3 0 3 0
> VAMPIRE 3 11 9 3 0 3 0
> VAMPIRE 4 1 13 3 0 3 0
> GRENADE 2 3 11 2 3
> GRENADE 3 12 13 3 3
> GRENADE 4 1 13 4 3
> BAT1 1 6 3 7 11 7 13 8 13 9 7 11 3 13 4 13 5 13 6 13 4 1 6 3 3 9
> BAT2 6 1 13 4 13 6 1 8 1 9 1 10 1 11 6 11 8 13 9 13 10 13 8 11
> BAT3 7 1 11 6 1 7 7 7 13 7 3 8 7 13
< RES 1637334235 75 1
< GRENADE
> REQ 1637334235 76 1
> VAMPIRE 1 3 3 3 0 3 0
> VAMPIRE 2 5 7 3 0 3 0
> VAMPIRE 3 10 9 3 0 3 0
> VAMPIRE 4 1 13 3 0 3 0
> GRENADE 2 3 11 1 3
> GRENADE 3 12 13 2 3
> GRENADE 4 1 13 3 3
> GRENADE 1 3 3 5 3
> POWERUP GRENADE -7 8 5 6
> POWERUP GRENADE -7 6 9 6
> BAT1 1 6 3 7 11 7 13 8 13 9 7 11 3 13 4 13 5 13 6 13 4 1 6 3 3 9
> BAT2 6 1 13 4 13 6 1 8 1 9 1 10 1 11 6 11 8 13 9 13 10 13 8 11
> BAT3 7 1 11 6 1 7 7 7 13 7 3 8 7 13
< RES 1637334235 76 1
< THROW XD 4
< MOVE R R
> REQ 1637334235 77 1
> VAMPIRE 1 3 5 3 0 3 0
> VAMPIRE 2 6 7 3 1 3 0
> VAMPIRE 3 8 9 3 0 3 0
> VAMPIRE 4 2 13 3 0 3 0
> GRENADE 3 12 13 1 3
> GRENADE 4 1 13 2 3
> GRENADE 1 7 3 4 3
> POWERUP GRENADE -6 8 5 6
> POWERUP GRENADE -6 6 9 6
> BAT1 1 6 3 7 11 7 13 8 13 9 7 11 4 13 5 13 6 13 4 1 1 11 6 11 6 3
> BAT2 6 1 13 4 13 6 1 8 1 9 1 10 8 13 9 13 10 13 8 11
> BAT3 7 1 11 6 1 7 7 7 13 7 3 8 7 13
< RES 1637334235 77 1
< MOVE D D
> REQ 1637334235 78 1
> VAMPIRE 1 5 5 3 0 3 0
> VAMPIRE 2 5 8 3 0 3 0
> VAMPIRE 3 7 9 3 1 3 0
> VAMPIRE 4 3 12 3 0 3 0
> GRENADE 4 1 13 1 3
> GRENADE 1 7 3 3 3
> GRENADE 2 6 7 5 3
> POWERUP GRENADE -5 8 5 6
> POWERUP GRENADE -5 6 9 6
> BAT1 1 6 3 7 11 7 13 8 13 9 7 11 4 13 5 13 6 13 4 1 1 11 6 11 10 13 6 3
> BAT2 6 1 13 4 13 6 1 8 1 9 1 10 8 13 9 13 8 11
> BAT3 7 1 11 6 1 7 7 7 13 7 3 8 7 13
< RES 1637334235 78 1
< MOVE D D
> REQ 1637334235 79 1
> VAMPIRE 1 7 5 3 0 3 0
> VAMPIRE 2 6 9 3 0 3 0
> VAMPIRE 3 7 9 3 0 3 0
> VAMPIRE 4 4 11 3 1 3 0
> GRENADE 1 7 3 2 3
> GRENADE 2 6 7 4 3
> GRENADE 3 7 9 5 3
> POWERUP GRENADE -4 8 5 6
> POWERUP GRENADE -4 6 9 6
> BAT1 1 6 3 7 11 7 13 8 13 9 7 11 5 13 6 13 4 1 6 11 10 13 6 3
> BAT2 6 1 13 4 13 6 1 8 1 9 1 10 8 13 9 13 8 11
> BAT3 7 1 11 6 1 7 7 7 13 7 3 8 7 13
< RES 1637334235 79 1
< MOVE D
> REQ 1637334235 80 1
> VAMPIRE 1 8 5 3 0 3 0
> VAMPIRE 2 6 9 3 0 3 0
> VAMPIRE 3 6 9 3 0 3 0
> VAMPIRE 4 5 10 3 0 3 0
> GRENADE 1 7 3 1 3
> GRENADE 2 6 7 3 3
> GRENADE 3 7 9 4 3
> GRENADE 4 4 11 5 3
> POWERUP GRENADE -3 8 5 6
> POWERUP GRENADE -3 6 9 6
> BAT1 1 6 3 7 11 7 13 8 13 9 7 11 5 13 6 13 4 1 6 11 10 13 6 3
> BAT2 6 1 13 4 13 6 1 8 1 9 1 10 8 13 9 13 8 11
> BAT3 7 1 11 6 1 7 7 7 13 7 3 8 7 13
< RES 1637334235 80 1
< MOVE U L
> REQ 1637334235 81 1
> VAMPIRE 1 7 4 3 1 3 0
> VAMPIRE 2 6 9 3 0 3 0
> VAMPIRE 3 6 9 3 0 3 0
> VAMPIRE 4 6 9 3 0 3 0
> GRENADE 2 6 7 2 3
> GRENADE 3 7 9 3 3
> GRENADE 4 4 11 4 3
> POWERUP GRENADE -2 8 5 6
> POWERUP GRENADE -2 6 9 6
> BAT1 1 6 3 7 11 7 13 8 13 9 7 11 5 13 6 13 4 1 6 11 10 13
> BAT2 6 1 13 4 13 6 1 8 1 9 1 10 8 13 9 13 7 1 8 11
> BAT3 11 6 1 7 7 7 13 7 3 8 7 13
< RES 1637334235 81 1
< GRENADE
< MOVE R D
> REQ 1637334235 82 1
> VAMPIRE 1 8 5 3 0 3 0
> VAMPIRE 2 5 9 3 0 3 0
> VAMPIRE 3 6 9 3 0 3 0
> VAMPIRE 4 5 9 3 0 3 0
> GRENADE 2 6 7 1 3
> GRENADE 3 7 9 2 3
> GRENADE 4 4 11 3 3
> GRENADE 1 7 4 5 3
> POWERUP GRENADE -1 8 5 6
> POWERUP GRENADE -1 6 9 6
> BAT1 1 6 3 7 11 7 13 8 13 9 7 11 5 13 6 13 4 1 6 11 10 13
> BAT2 6 1 13 4 13 6 1 8 1 9 1 10 8 13 9 13 7 1 8 11
> BAT3 11 6 1 7 7 7 13 7 3 8 7 13
< RES 1637334235 82 1
> REQ 1637334235 83 1
> VAMPIRE 1 8 5 3 0 3 0
> VAMPIRE 2 5 10 3 1 3 0
> VAMPIRE 3 6 9 3 0 3 0
> VAMPIRE 4 5 8 3 0 3 0
> GRENADE 3 11 9 1 3
> GRENADE 4 4 11 2 3
> GRENADE 1 7 4 4 3
> POWERUP GRENADE 11 8 5 6
> POWERUP GRENADE 11 6 9 6
> BAT1 1 6 11 7 13 8 13 9 7 11 5 13 6 13 4 1 6 11 10 13
> BAT2 6 1 13 4 13 6 1 8 1 9 1 10 8 13 9 13 7 1 7 7 8 11
> BAT3 11 6 1 7 13 7 3 8 7 13
< RES 1637334235 83 1
> REQ 1637334235 84 1
> VAMPIRE 1 8 5 3 0 3 0
> VAMPIRE 2 6 9 3 0 3 0
> VAMPIRE 3 7 8 3 1 3 0
> VAMPIRE 4 6 9 3 0 3 0
> GRENADE 4 4 11 1 3
> GRENADE 1 7 4 3 3
> GRENADE 2 5 10 5 3
> POWERUP GRENADE 10 8 5 6
> POWERUP GRENADE 10 6 9 6
> BAT1 1 6 13 8 7 11 5 13 6 13 4 1 6 11 10 13
> BAT2 6 1 13 4 13 6 1 8 1 9 1 10 8 13 9 13 7 1 7 7 8 11
> BAT3 11 6 1 7 13 7 3 8 7 13
< RES 1637334235 84 1
> REQ 1637334235 85 1
> VAMPIRE 1 8 5 3 0 3 0
> VAMPIRE 2 6 9 3 0 3 0
> VAMPIRE 3 6 9 3 0 3 0
> VAMPIRE 4 7 9 3 1 3 0
> GRENADE 1 7 4 2 3
> GRENADE 2 5 10 4 3
> GRENADE 3 7 8 5 3
> POWERUP GRENADE 9 8 5 6
> POWERUP GRENADE 9 6 9 6
> BAT1 1 6 13 8 7 11 5 13 6 13 4 1 10 13
> BAT2 6 1 13 4 13 6 1 8 1 9 1 10 8 13 9 13 7 1 7 7 8 11
> BAT3 11 6 1 7 13 7 3 8 7 13
< RES 1637334235 85 1
> REQ 1637334235 86 1
> VAMPIRE 1 8 5 3 0 3 0
> VAMPIRE 2 6 9 3 0 3 0
> VAMPIRE 3 6 9 3 0 3 0
> VAMPIRE 4 7 9 3 0 3 0
> GRENADE 1 7 4 1 3
> GRENADE 2 5 10 3 3
> GRENADE 3 7 8 4 3
> GRENADE 4 7 9 5 3
> POWERUP GRENADE 8 8 5 6
> POWERUP GRENADE 8 6 9 6
> BAT1 1 6 13 8 7 11 5 13 6 13 4 1 10 13
> BAT2 6 1 13 4 13 6 1 8 1 9 1 10 8 13 9 13 7 1 7 7 8 11
> BAT3 11 6 1 7 13 7 3 8 7 13
< RES 1637334235 86 1
> REQ 1637334235 87 1
> VAMPIRE 1 8 5 3 1 3 0
> VAMPIRE 2 6 9 3 0 3 0
> VAMPIRE 3 6 9 3 0 3 0
> VAMPIRE 4 6 9 3 0 3 0
> GRENADE 2 5 10 2 3
> GRENADE 3 7 8 3 3
> GRENADE 4 3 9 4 3
> POWERUP GRENADE 7 8 5 6
> POWERUP GRENADE 7 6 9 6
> BAT1 1 6 13 8 7 11 5 13 6 13 4 1 10 13 7 1 7 7
> BAT2 6 1 13 4 13 6 1 8 1 9 1 10 8 13 9 13 8 11
> BAT3 11 6 1 7 13 7 3 8 7 13
< RES 1637334235 87 1
< GRENADE
> REQ 1637334235 88 1
> VAMPIRE 1 8 5 3 1 3 0
> VAMPIRE 2 6 9 3 0 3 0
> VAMPIRE 3 6 9 3 0 3 0
> VAMPIRE 4 6 9 3 0 3 0
> GRENADE 2 5 10 1 3
> GRENADE 3 7 8 2 3
> GRENADE 4 3 9 3 3
> GRENADE 1 8 5 5 3
> POWERUP GRENADE 6 6 9 6
> BAT1 1 6 13 8 7 11 5 13 6 13 4 1 10 13 7 1 7 7
> BAT2 6 1 13 4 13 6 1 8 1 9 1 10 8 13 9 13 8 11
> BAT3 11 6 1 7 13 7 3 8 7 13
< RES 1637334235 88 1
< THROW XL 4
< MOVE U R
> REQ 1637334235 89 1
> VAMPIRE 1 7 6 3 1 3 0
> VAMPIRE 2 6 9 3 1 3 0
> VAMPIRE 3 5 9 3 0 3 0
> VAMPIRE 4 5 9 3 0 3 0
> GRENADE 3 7 8 1 3
> GRENADE 4 3 9 2 3
> GRENADE 1 8 1 4 3
> POWERUP GRENADE 5 6 9 6
> BAT1 1 6 13 8 7 11 6 13 4 1 10 13 7 1 7 7
> BAT2 6 1 13 4 13 6 1 8 1 9 1 10 8 13 9 13 8 11
> BAT3 11 6 1 7 13 7 3 8 7 13
< RES 1637334235 89 1
< GRENADE
> REQ 1637334235 90 1
> VAMPIRE 1 7 6 3 0 3 0
> VAMPIRE 2 7 10 3 1 3 0
> VAMPIRE 3 5 8 3 1 3 0
> VAMPIRE 4 5 8 3 0 3 0
> GRENADE 4 3 9 1 3
> GRENADE 1 8 1 3 3
> GRENADE 1 7 6 5 3
> GRENADE 2 6 9 5 3
> BAT1 1 6 13 8 6 13 4 1 10 13 7 1
> BAT2 6 1 13 4 13 6 1 8 1 9 1 10 8 13 9 13 8 11
> BAT3 11 6 1 7 13 7 3 8 7 13
< RES 1637334235 90 1
< THROW XR 4
< MOVE R D
> REQ 1637334235 91 1
> VAMPIRE 1 8 7 3 0 3 0
> VAMPIRE 2 6 11 3 1 3 0
> VAMPIRE 3 4 9 3 1 3 0
> VAMPIRE 4 4 9 3 1 3 0
> GRENADE 1 8 1 2 3
> GRENADE 1 7 10 4 3
> GRENADE 2 7 10 5 3
> BAT1 1 6 13 8 6 13 4 1 1 9 10 13 7 1
> BAT2 6 1 13 4 13 6 1 8 1 10 8 13 9 13 3 8 8 11
> BAT3 11 6 1 7 13 7 7 13
< RES 1637334235 91 1
< MOVE D
> REQ 1637334235 92 1
> VAMPIRE 1 9 7 3 0 3 0
> VAMPIRE 2 5 12 3 0 3 0
> VAMPIRE 3 3 10 3 0 3 0
> VAMPIRE 4 3 10 3 0 3 0
> GRENADE 1 8 1 1 3
> GRENADE 1 7 10 3 3
> GRENADE 2 7 10 4 3
> GRENADE 2 6 11 5 3
> GRENADE 3 4 9 5 3
> GRENADE 4 4 9 5 3
> BAT1 1 6 13 8 6 13 4 1 1 9 10 13 7 1
> BAT2 6 1 13 4 13 6 1 8 1 10 8 13 9 13 3 8 8 11
> BAT3 11 6 1 7 13 7 7 13
< RES 1637334235 92 1
< MOVE D D
> REQ 1637334235 93 1
> VAMPIRE 1 11 7 3 1 3 0
> VAMPIRE 2 5 11 3 0 3 0
> VAMPIRE 3 3 10 3 0 3 0
> VAMPIRE 4 3 10 3 0 3 0
> GRENADE 1 7 10 2 3
> GRENADE 2 7 10 3 3
> GRENADE 2 6 11 4 3
> GRENADE 3 4 9 4 3
> GRENADE 4 4 9 4 3
> BAT1 1 6 13 8 6 13 4 1 1 9 10 13
> BAT2 6 1 13 4 13 6 1 8 1 10 8 13 9 13 3 8 8 11
> BAT3 11 6 1 7 13 7 7 13
< RES 1637334235 93 1
< GRENADE
< MOVE R R
> REQ 1637334235 94 1
> VAMPIRE 1 11 9 3 0 3 0
> VAMPIRE 2 5 11 3 0 3 0
> VAMPIRE 3 3 11 3 0 3 0
> VAMPIRE 4 3 11 3 0 3 0
> GRENADE 1 7 10 1 3
> GRENADE 2 7 10 2 3
> GRENADE 2 10 11 3 3
> GRENADE 3 4 9 3 3
> GRENADE 4 4 9 3 3
> GRENADE 1 11 7 5 3
> BAT1 1 6 13 8 6 13 4 1 1 9 10 13
> BAT2 6 1 13 4 13 6 1 8 1 10 8 13 9 13 3 8 8 11
> BAT3 11 6 1 7 13 7 7 13
< RES 1637334235 94 1
< MOVE D D
> REQ 1637334235 95 1
> VAMPIRE 1 13 9 3 1 3 0
> VAMPIRE 2 7 11 3 1 3 0
> VAMPIRE 3 3 11 3 0 3 0
> VAMPIRE 4 3 11 3 0 3 0
> GRENADE 2 10 11 2 3
> GRENADE 3 4 9 2 3
> GRENADE 4 4 9 2 3
> GRENADE 1 11 7 4 3
> BAT1 1 6 13 8 6 13 4 1 1 9 10 13
> BAT2 6 1 13 4 13 6 1 8 1 10 8 13 9 13 3 8 8 11 7 13
> BAT3 11 6 1 7 13 7
< RES 1637334235 95 1
< GRENADE
> REQ 1637334235 96 1
> VAMPIRE 1 13 9 3 0 3 0
> VAMPIRE 2 5 11 3 0 3 0
> VAMPIRE 3 5 11 3 0 3 0
> VAMPIRE 4 5 11 3 0 3 0
> GRENADE 2 10 11 1 3
> GRENADE 3 4 9 1 3
> GRENADE 4 4 9 1 3
> GRENADE 1 11 7 3 3
> GRENADE 1 13 9 5 3
> GRENADE 2 7 11 5 3
> BAT1 1 6 13 8 6 13 4 1 1 9 10 13
> BAT2 6 1 13 4 13 6 1 8 1 10 8 13 9 13 3 8 8 11 7 13
> BAT3 11 6 1 7 13 7
< RES 1637334235 96 1
< THROW XL 4
< MOVE R R
> REQ 1637334235 97 1
> VAMPIRE 1 13 11 3 0 3 0
> VAMPIRE 2 3 11 3 1 3 0
> VAMPIRE 3 6 11 3 1 3 0
> VAMPIRE 4 6 11 3 1 3 0
> GRENADE 1 11 7 2 3
> GRENADE 1 13 5 4 3
> GRENADE 2 7 11 4 3
> BAT1 1 6 13 8 6 13 4 1 10 13 8 11
> BAT2 6 1 13 4 13 6 1 8 1 10 8 13 9 13 3 8 7 13
> BAT3 11 6 1 7 13 7
< RES 1637334235 97 1
< MOVE U U
> REQ 1637334235 98 1
> VAMPIRE 1 11 11 3 0 3 0
> VAMPIRE 2 3 11 3 0 3 0
> VAMPIRE 3 5 10 3 0 3 0
> VAMPIRE 4 5 10 3 0 3 0
> GRENADE 1 11 7 1 3
> GRENADE 1 13 5 3 3
> GRENADE 2 7 11 3 3
> GRENADE 2 3 11 5 3
> GRENADE 3 6 11 5 3
> GRENADE 4 6 11 5 3
> POWERUP SHOE -7 6 5 5
> POWERUP SHOE -7 8 9 5
> BAT1 1 6 13 8 6 13 4 1 10 13 8 11
> BAT2 6 1 13 4 13 6 1 8 1 10 8 13 9 13 3 8 7 13
> BAT3 11 6 1 7 13 7
< RES 1637334235 98 1
< MOVE U U
> REQ 1637334235 99 1
> VAMPIRE 1 9 11 3 1 3 0
> VAMPIRE 2 3 9 3 0 3 0
> VAMPIRE 3 6 9 3 0 3 0
> VAMPIRE 4 6 9 3 0 3 0
> GRENADE 1 13 5 2 3
> GRENADE 2 7 11 2 3
> GRENADE 2 3 7 4 3
> GRENADE 3 6 11 4 3
> GRENADE 4 6 11 4 3
> POWERUP SHOE -6 6 5 5
> POWERUP SHOE -6 8 9 5
> BAT1 1 6 13 8 6 13 4 1 10 13 8 11
> BAT2 6 1 13 4 13 6 1 8 1 10 8 13 9 13 11 6 13 7 3 8 7 13
> BAT3 1 7
< RES 1637334235 99 1
< GRENADE
< MOVE L L
> REQ 1637334235 100 1
> VAMPIRE 1 9 9 3 0 3 0
> VAMPIRE 2 5 9 3 0 3 0
> VAMPIRE 3 6 9 3 0 3 0
> VAMPIRE 4 6 9 3 0 3 0
> GRENADE 1 13 5 1 3
> GRENADE 2 7 11 1 3
> GRENADE 2 3 7 3 3
> GRENADE 3 6 11 3 3
> GRENADE 4 6 11 3 3
> GRENADE 1 9 11 5 3
> POWERUP SHOE -5 6 5 5
> POWERUP SHOE -5 8 9 5
> BAT1 1 6 13 8 6 13 4 1 10 13 8 11
> BAT2 6 1 13 4 13 6 1 8 1 10 8 13 9 13 11 6 13 7 3 8 7 13
> BAT3 1 7
< RES 1637334235 100 1
< MOVE U
> REQ 1637334235 101 1
> VAMPIRE 1 8 9 3 1 3 0
> VAMPIRE 2 7 9 3 1 3 0
> VAMPIRE 3 8 9 3 1 3 0
> VAMPIRE 4 8 9 3 1 3 0
> GRENADE 2 3 7 2 3
> GRENADE 1 9 11 4 3
> POWERUP SHOE -4 6 5 5
> POWERUP SHOE -4 8 9 5
> BAT1 1 6 13 8 6 13 4 1 13 4 13 6 10 13 7 13
> BAT2 6 1 1 8 1 10 8 13 9 13 11 6 13 7 3 8
> BAT3 1 7
< RES 1637334235 101 1
< GRENADE
> REQ 1637334235 102 1
> VAMPIRE 1 8 9 3 0 3 0
> VAMPIRE 2 7 9 3 0 3 0
> VAMPIRE 3 8 9 3 1 3 0
> VAMPIRE 4 8 9 3 1 3 0
> GRENADE 2 3 7 1 3
> GRENADE 1 9 11 3 3
> GRENADE 1 8 9 5 3
> GRENADE 2 7 9 5 3
> POWERUP SHOE -3 6 5 5
> POWERUP SHOE -3 8 9 5
> BAT1 1 6 13 8 6 13 4 1 13 4 13 6 10 13 7 13
> BAT2 6 1 1 8 1 10 8 13 9 13 11 6 13 7 3 8
> BAT3 1 7
< RES 1637334235 102 1
> REQ 1637334235 103 1
> VAMPIRE 1 8 9 3 0 3 0
> VAMPIRE 2 7 7 3 1 3 0
> VAMPIRE 3 8 9 3 0 3 0
> VAMPIRE 4 8 9 3 0 3 0
> GRENADE 1 9 11 2 3
> GRENADE 1 8 9 4 3
> GRENADE 2 11 9 4 3
> GRENADE 3 8 9 5 3
> GRENADE 4 8 9 5 3
> POWERUP SHOE -2 6 5 5
> POWERUP SHOE -2 8 9 5
> BAT1 1 6 13 8 6 13 4 1 13 4 13 6 10 13 3 8 7 13
> BAT2 6 1 1 8 1 10 8 13 9 13 11 6 1 7 13 7
< RES 1637334235 103 1
< MOVE U L
> REQ 1637334235 104 1
> VAMPIRE 1 7 8 3 0 3 0
> VAMPIRE 2 7 5 3 1 3 0
> VAMPIRE 3 7 8 3 0 3 0
> VAMPIRE 4 7 8 3 0 3 0
> GRENADE 1 9 11 1 3
> GRENADE 1 8 9 3 3
> GRENADE 2 11 9 3 3
> GRENADE 3 8 9 4 3
> GRENADE 4 8 9 4 3
> POWERUP SHOE -1 6 5 5
> POWERUP SHOE -1 8 9 5
> BAT1 1 6 13 8 6 13 4 1 13 4 13 6 10 13 3 8 7 13
> BAT2 6 1 1 8 1 10 8 13 9 13 11 6 1 7 13 7
< RES 1637334235 104 1
< MOVE L L
> REQ 1637334235 105 1
> VAMPIRE 1 7 6 3 1 3 0
> VAMPIRE 2 7 5 3 0 3 0
> VAMPIRE 3 7 6 3 0 3 0
> VAMPIRE 4 7 6 3 0 3 0
> GRENADE 1 8 9 2 3
> GRENADE 2 11 9 2 3
> GRENADE 3 8 9 3 3
> GRENADE 4 8 9 3 3
> GRENADE 2 7 5 5 3
> POWERUP SHOE 14 6 5 5
> POWERUP SHOE 14 8 9 5
> BAT1 1 6 13 8 6 13 4 1 13 4 13 6 9 13 10 13 3 8 7 13
> BAT2 6 1 1 8 1 10 8 13 11 6 1 7 13 7
< RES 1637334235 105 1
< GRENADE
> REQ 1637334235 106 1
> VAMPIRE 1 7 6 3 0 3 0
> VAMPIRE 2 6 5 3 0 3 0
> VAMPIRE 3 7 6 3 0 3 0
> VAMPIRE 4 7 6 3 0 3 0
> GRENADE 1 8 9 1 3
> GRENADE 2 11 9 1 3
> GRENADE 3 8 9 2 3
> GRENADE 4 8 9 2 3
> GRENADE 2 7 5 4 3
> GRENADE 1 7 6 5 3
> POWERUP SHOE 13 6 5 5
> POWERUP SHOE 13 8 9 5
> BAT1 1 6 13 8 6 13 4 1 13 4 13 6 9 13 10 13 3 8 7 13
> BAT2 6 1 1 8 1 10 8 13 11 6 1 7 13 7
< RES 1637334235 106 1
< THROW XU 4
< MOVE R R
> REQ 1637334235 107 1
> VAMPIRE 1 7 8 3 1 3 0
> VAMPIRE 2 6 5 3 1 3 0
> VAMPIRE 3 7 6 3 0 3 0
> VAMPIRE 4 7 6 3 0 3 0
> GRENADE 2 7 5 3 3
> GRENADE 1 3 6 4 3
> GRENADE 3 7 6 5 3
> GRENADE 4 7 6 5 3
> POWERUP SHOE 12 6 5 5
> POWERUP SHOE 12 8 9 5
> BAT1 1 6 13 8 6 13 4 1 13 4 13 6 9 13 10 13 11 6 3 8 7 13
> BAT2 6 1 1 8 1 10 8 13 1 7 13 7
< RES 1637334235 107 1
< GRENADE
< MOVE R D
> REQ 1637334235 108 1
> VAMPIRE 1 8 9 3 0 3 0
> VAMPIRE 2 6 5 3 1 3 0
> VAMPIRE 3 6 7 3 0 3 0
> VAMPIRE 4 6 7 3 0 3 0
> GRENADE 2 7 5 2 3
> GRENADE 1 3 6 3 3
> GRENADE 3 7 10 4 3
> GRENADE 4 7 10 4 3
> GRENADE 1 7 8 5 3
> POWERUP SHOE 11 6 5 5
> POWERUP SHOE 11 8 9 5
> BAT1 1 6 13 8 6 13 4 1 13 4 13 6 9 13 10 13 11 6 3 8 7 13
> BAT2 6 1 1 8 1 10 8 13 1 7 13 7
< RES 1637334235 108 1
> REQ 1637334235 109 1
> VAMPIRE 1 8 9 3 0 3 0
> VAMPIRE 2 6 5 3 1 3 0
> VAMPIRE 3 5 6 3 0 3 0
> VAMPIRE 4 5 6 3 0 3 0
> GRENADE 2 11 5 1 3
> GRENADE 1 3 6 2 3
> GRENADE 3 7 10 3 3
> GRENADE 4 7 10 3 3
> GRENADE 1 7 8 4 3
> POWERUP SHOE 10 6 5 5
> POWERUP SHOE 10 8 9 5
> BAT1 1 6 13 8 6 13 4 1 13 4 13 6 9 13 10 13 11 6 3 8 7 13
> BAT2 6 1 1 8 1 10 8 13 1 7 13 7
< RES 1637334235 109 1
> REQ 1637334235 110 1
> VAMPIRE 1 8 9 3 0 3 0
> VAMPIRE 2 6 5 3 1 3 0
> VAMPIRE 3 5 5 3 0 3 0
> VAMPIRE 4 5 5 3 0 3 0
> GRENADE 1 3 6 1 3
> GRENADE 3 7 10 2 3
> GRENADE 4 7 10 2 3
> GRENADE 1 7 8 3 3
> GRENADE 2 6 5 5 3
> POWERUP SHOE 9 6 5 5
> POWERUP SHOE 9 8 9 5
> BAT1 1 6 13 8 6 13 4 1 13 4 13 6 9 13 10 13 3 8 7 13
> BAT2 6 1 1 8 1 10 8 13 1 7 13 7
< RES 1637334235 110 1
> REQ 1637334235 111 1
> VAMPIRE 1 8 9 3 1 3 0
> VAMPIRE 2 5 5 3 1 3 30
> VAMPIRE 3 5 7 3 0 3 0
> VAMPIRE 4 5 7 3 0 3 0
> GRENADE 3 7 10 1 3
> GRENADE 4 7 10 1 3
> GRENADE 1 7 8 2 3
> GRENADE 2 6 5 4 3
> POWERUP SHOE 8 8 9 5
> BAT1 1 6 13 8 6 13 4 1 13 4 13 6 9 13 10 13 7 13
> BAT2 6 1 1 8 1 10 8 13 1 7 13 7
< RES 1637334235 111 1
> REQ 1637334235 112 1
> VAMPIRE 1 8 9 3 2 3 0
> VAMPIRE 2 5 5 3 0 3 29
> VAMPIRE 3 7 7 3 1 3 0
> VAMPIRE 4 7 7 3 1 3 0
> GRENADE 2 6 5 3 3
> GRENADE 2 5 5 5 3
> POWERUP SHOE 7 8 9 5
> BAT1 1 6 13 8 6 13 4 1 13 4 13 6 9 13 10 13
> BAT2 6 1 1 8 1 10 8 13 1 7 13 7
< RES 1637334235 112 1
> REQ 1637334235 113 1
> VAMPIRE 1 8 9 3 2 3 30
> VAMPIRE 2 5 8 3 0 3 28
> VAMPIRE 3 7 9 3 1 3 0
> VAMPIRE 4 7 9 3 1 3 0
> GRENADE 2 6 5 2 3
> GRENADE 2 5 1 4 3
> BAT1 1 6 13 8 6 13 4 1 13 4 13 6 9 13 10 13
> BAT2 6 1 1 8 1 10 8 13 1 7 13 7
< RES 1637334235 113 1
< GRENADE
< MOVE D R R
> REQ 1637334235 114 1
> VAMPIRE 1 9 11 3 1 3 29
> VAMPIRE 2 3 9 3 0 3 27
> VAMPIRE 3 7 11 3 1 3 0
> VAMPIRE 4 7 11 3 1 3 0
> GRENADE 2 6 5 1 3
> GRENADE 2 5 1 3 3
> GRENADE 1 8 9 5 3
> BAT1 1 6 13 8 6 13 4 1 13 4 13 6 9 13 10 13
> BAT2 6 1 1 8 1 10 8 13 1 7 13 7
< RES 1637334235 114 1
< GRENADE
< MOVE D D L
> REQ 1637334235 115 1
> VAMPIRE 1 11 10 3 0 3 28
> VAMPIRE 2 1 9 3 1 3 26
> VAMPIRE 3 7 9 3 0 3 0
> VAMPIRE 4 7 9 3 0 3 0
> GRENADE 2 5 1 2 3
> GRENADE 1 8 9 4 3
> GRENADE 1 9 11 5 3
> GRENADE 3 7 11 5 3
> GRENADE 4 7 11 5 3
> BAT1 1 6 13 8 6 13 4 1 13 4 13 6 9 13 10 13
> BAT2 6 1 1 8 1 10 8 13 1 7 13 7
< RES 1637334235 115 1
< MOVE L L L
> REQ 1637334235 116 1
> VAMPIRE 1 11 7 3 0 3 27
> VAMPIRE 2 3 9 3 0 3 25
> VAMPIRE 3 7 10 3 0 3 0
> VAMPIRE 4 7 10 3 0 3 0
> GRENADE 2 5 1 1 3
> GRENADE 1 8 9 3 3
> GRENADE 1 9 11 4 3
> GRENADE 3 7 11 4 3
> GRENADE 4 7 11 4 3
> GRENADE 2 1 9 5 3
> BAT1 1 6 13 8 6 13 4 1 13 4 13 6 9 13 10 13
> BAT2 6 1 1 8 1 10 8 13 1 7 13 7
< RES 1637334235 116 1
> REQ 1637334235 117 1
> VAMPIRE 1 11 7 3 0 3 26
> VAMPIRE 2 3 7 3 1 3 24
> VAMPIRE 3 6 9 3 0 3 0
> VAMPIRE 4 6 9 3 0 3 0
> GRENADE 1 8 9 2 3
> GRENADE 1 9 11 3 3
> GRENADE 3 7 13 3 3
> GRENADE 4 7 13 3 3
> GRENADE 2 1 9 4 3
> BAT1 1 6 13 8 6 13 6 1 13 4 13 6 9 13 10 13
> BAT2 1 8 1 10 8 13 1 7 13 7
< RES 1637334235 117 1
> REQ 1637334235 118 1
> VAMPIRE 1 11 7 3 0 3 25
> VAMPIRE 2 3 5 3 0 3 23
> VAMPIRE 3 5 8 3 0 3 0
> VAMPIRE 4 5 8 3 0 3 0
> GRENADE 1 8 9 1 3
> GRENADE 1 9 11 2 3
> GRENADE 3 7 13 2 3
> GRENADE 4 7 13 2 3
> GRENADE 2 1 9 3 3
> GRENADE 2 3 7 5 3
> BAT1 1 6 13 8 6 13 6 1 13 4 13 6 9 13 10 13
> BAT2 1 8 1 10 8 13 1 7 13 7
< RES 1637334235 118 1
> REQ 1637334235 119 1
> VAMPIRE 1 11 7 3 1 3 24
> VAMPIRE 2 5 5 3 0 3 22
> VAMPIRE 3 5 8 3 0 3 0
> VAMPIRE 4 5 8 3 0 3 0
> GRENADE 1 9 11 1 3
> GRENADE 3 7 13 1 3
> GRENADE 4 7 13 1 3
> GRENADE 2 1 9 2 3
> GRENADE 2 3 7 4 3
> BAT1 1 6 13 8 6 13 6 1 13 4 13 6 9 13 10 13
> BAT2 1 8 1 10 8 13 1 7 13 7
< RES 1637334235 119 1
< GRENADE
< MOVE L L D
> REQ 1637334235 120 1
> VAMPIRE 1 12 5 3 1 3 23
> VAMPIRE 2 5 3 3 0 3 21
> VAMPIRE 3 4 7 3 1 3 0
> VAMPIRE 4 4 7 3 1 3 0
> GRENADE 2 1 9 1 3
> GRENADE 2 3 7 3 3
> GRENADE 1 11 7 5 3
> BAT1 1 6 13 8 6 1 13 4 13 6 8 13 10 13
> BAT2 1 8 1 10 1 7 13 7
< RES 1637334235 120 1
< MOVE D
> REQ 1637334235 121 1
> VAMPIRE 1 13 5 3 1 3 22
> VAMPIRE 2 4 1 3 1 3 20
> VAMPIRE 3 5 8 3 0 3 0
> VAMPIRE 4 5 8 3 0 3 0
> GRENADE 2 3 7 2 3
> GRENADE 1 11 7 4 3
> GRENADE 3 4 7 5 3
> GRENADE 4 4 7 5 3
> BAT1 1 6 13 8 6 1 13 4 13 6 1 8 1 10 8 13 10 13
> BAT2 1 7 13 7
< RES 1637334235 121 1
< GRENADE
< MOVE U U U
> REQ 1637334235 122 1
> VAMPIRE 1 10 5 3 0 3 21
> VAMPIRE 2 3 3 3 0 3 19
> VAMPIRE 3 5 8 3 0 3 0
> VAMPIRE 4 5 8 3 0 3 0
> GRENADE 2 3 7 1 3
> GRENADE 1 11 7 3 3
> GRENADE 3 4 7 4 3
> GRENADE 4 4 7 4 3
> GRENADE 1 13 5 5 3
> GRENADE 2 4 1 5 3
> BAT1 1 6 13 8 6 1 13 4 13 6 1 8 1 10 8 13 10 13
> BAT2 1 7 13 7
< RES 1637334235 122 1
< MOVE D L L
> REQ 1637334235 123 1
> VAMPIRE 1 11 3 3 0 3 20
> VAMPIRE 2 1 4 3 1 3 18
> VAMPIRE 3 4 9 3 1 3 0
> VAMPIRE 4 4 9 3 1 3 0
> GRENADE 1 11 7 2 3
> GRENADE 1 13 5 4 3
> GRENADE 2 4 1 4 3
> BAT1 1 6 13 8 6 1 13 4 13 6 1 8 1 10 8 13 10 13 1 7
> BAT2 13 7
< RES 1637334235 123 1
< MOVE U U
> REQ 1637334235 124 1
> VAMPIRE 1 9 3 3 0 3 19
> VAMPIRE 2 1 4 3 0 3 17
> VAMPIRE 3 2 9 3 1 3 0
> VAMPIRE 4 2 9 3 1 3 0
> GRENADE 1 11 7 1 3
> GRENADE 1 13 5 3 3
> GRENADE 2 4 1 3 3
> GRENADE 2 1 4 5 3
> BAT1 1 6 13 8 6 1 13 4 13 6 1 8 1 10 8 13 10 13 1 7
> BAT2 13 7
< RES 1637334235 124 1
< MOVE L L U
> REQ 1637334235 125 1
> VAMPIRE 1 8 1 3 1 3 18
> VAMPIRE 2 1 4 3 0 3 16
> VAMPIRE 3 3 9 3 1 3 0
> VAMPIRE 4 3 9 3 1 3 0
> GRENADE 1 13 5 2 3
> GRENADE 2 4 1 2 3
> GRENADE 2 1 5 4 3
> BAT1 1 6 13 8 6 1 13 4 13 6 1 8 1 10 8 13 10 13 1 7 13 7
< RES 1637334235 125 1
< GRENADE
< MOVE U R R
> REQ 1637334235 126 1
> VAMPIRE 1 7 3 3 0 3 17
> VAMPIRE 2 3 3 3 0 3 15
> VAMPIRE 3 3 7 3 1 3 0
> VAMPIRE 4 3 7 3 1 3 0
> GRENADE 1 13 5 1 3
> GRENADE 2 4 1 1 3
> GRENADE 2 1 9 3 3
> GRENADE 1 8 1 5 3
> BAT1 1 6 13 8 6 1 13 4 13 6 1 8 1 10 8 13 10 13 1 7 13 7
< RES 1637334235 126 1
< MOVE R R R
> REQ 1637334235 127 1
> VAMPIRE 1 7 6 3 1 3 16
> VAMPIRE 2 1 4 3 1 3 14
> VAMPIRE 3 5 7 3 0 3 0
> VAMPIRE 4 5 7 3 0 3 0
> GRENADE 2 1 9 2 3
> GRENADE 1 8 1 4 3
> GRENADE 3 3 7 5 3
> GRENADE 4 3 7 5 3
> BAT1 1 6 13 8 1 8 1 10 8 13 10 13 1 7 13 7
< RES 1637334235 127 1
< MOVE R U U
> REQ 1637334235 128 1
> VAMPIRE 1 5 7 3 1 3 15
> VAMPIRE 2 3 3 3 0 3 13
> VAMPIRE 3 5 9 3 0 3 0
> VAMPIRE 4 5 9 3 0 3 0
> GRENADE 2 1 9 1 3
> GRENADE 1 8 1 3 3
> GRENADE 3 3 7 4 3
> GRENADE 4 3 7 4 3
> GRENADE 2 1 4 5 3
> BAT1 1 6 13 8 1 8 1 10 8 13 10 13 1 7 13 7
< RES 1637334235 128 1
< GRENADE
< MOVE D D L
> REQ 1637334235 129 1
> VAMPIRE 1 7 6 3 0 3 14
> VAMPIRE 2 3 4 3 1 3 12
> VAMPIRE 3 5 11 3 0 3 0
> VAMPIRE 4 5 11 3 0 3 0
> GRENADE 1 8 1 2 3
> GRENADE 3 3 7 3 3
> GRENADE 4 3 7 3 3
> GRENADE 2 1 4 4 3
> GRENADE 1 5 7 5 3
> BAT1 1 6 13 8 8 13 10 13 1 7 13 7
< RES 1637334235 129 1
< MOVE R D D
> REQ 1637334235 130 1
> VAMPIRE 1 9 7 3 0 3 13
> VAMPIRE 2 2 3 3 0 3 11
> VAMPIRE 3 7 11 3 0 3 0
> VAMPIRE 4 7 11 3 0 3 0
> GRENADE 1 8 1 1 3
> GRENADE 3 3 7 2 3
> GRENADE 4 3 7 2 3
> GRENADE 2 1 4 3 3
> GRENADE 1 5 7 4 3
> GRENADE 2 3 4 5 3
> BAT1 1 6 13 8 8 13 10 13 1 7 13 7
< RES 1637334235 130 1
< MOVE D D
> REQ 1637334235 131 1
> VAMPIRE 1 11 7 3 1 3 12
> VAMPIRE 2 2 3 3 0 3 10
> VAMPIRE 3 9 11 3 0 3 0
> VAMPIRE 4 9 11 3 0 3 0
> GRENADE 3 3 7 1 3
> GRENADE 4 3 7 1 3
> GRENADE 2 1 4 2 3
> GRENADE 1 5 7 3 3
> GRENADE 2 3 4 4 3
> BAT1 1 6 13 8 8 13 10 13 1 7 13 7
< RES 1637334235 131 1
< GRENADE
< MOVE L L D
> REQ 1637334235 132 1
> VAMPIRE 1 12 5 3 1 3 11
> VAMPIRE 2 5 3 3 1 3 9
> VAMPIRE 3 9 13 3 1 3 0
> VAMPIRE 4 9 13 3 1 3 0
> GRENADE 2 1 4 1 3
> GRENADE 1 11 7 5 3
> POWERUP GRENADE -8 6 11 4
> POWERUP GRENADE -8 8 3 4
> BAT1 1 6 13 8 8 13 10 13 13 7
< RES 1637334235 132 1
< MOVE U U U
> REQ 1637334235 133 1
> VAMPIRE 1 9 5 3 1 3 10
> VAMPIRE 2 8 3 3 2 3 8
> VAMPIRE 3 9 11 3 0 3 0
> VAMPIRE 4 9 11 3 0 3 0
> GRENADE 1 11 7 4 3
> GRENADE 3 9 13 5 3
> GRENADE 4 9 13 5 3
> POWERUP GRENADE -7 6 11 4
> POWERUP GRENADE -7 8 3 4
> BAT1 13 8 8 13 10 13 13 7
< RES 1637334235 133 1
< MOVE L L U
> REQ 1637334235 134 1
> VAMPIRE 1 9 3 3 1 3 9
> VAMPIRE 2 8 3 3 1 3 7
> VAMPIRE 3 7 11 3 0 3 0
> VAMPIRE 4 7 11 3 0 3 0
> GRENADE 1 11 7 3 3
> GRENADE 3 9 13 4 3
> GRENADE 4 9 13 4 3
> GRENADE 2 8 3 5 3
> POWERUP GRENADE -6 6 11 4
> POWERUP GRENADE -6 8 3 4
> BAT1 13 8 8 13 10 13 13 7
< RES 1637334235 134 1
< MOVE R R U
> REQ 1637334235 135 1
> VAMPIRE 1 8 5 3 1 3 8
> VAMPIRE 2 8 3 3 1 3 6
> VAMPIRE 3 6 11 3 0 3 0
> VAMPIRE 4 6 11 3 0 3 0
> GRENADE 1 11 7 2 3
> GRENADE 3 9 13 3 3
> GRENADE 4 9 13 3 3
> GRENADE 2 8 7 4 3
> POWERUP GRENADE -5 6 11 4
> POWERUP GRENADE -5 8 3 4
> BAT1 13 8 8 13 10 13 13 7
< RES 1637334235 135 1
< MOVE U L L
> REQ 1637334235 136 1
> VAMPIRE 1 7 3 3 1 3 7
> VAMPIRE 2 8 3 3 1 3 5
> VAMPIRE 3 6 11 3 0 3 0
> VAMPIRE 4 6 11 3 0 3 0
> GRENADE 1 11 7 1 3
> GRENADE 3 9 13 2 3
> GRENADE 4 9 13 2 3
> GRENADE 2 8 7 3 3
> POWERUP GRENADE -4 6 11 4
> POWERUP GRENADE -4 8 3 4
> BAT1 13 8 8 13 10 13 13 7
< RES 1637334235 136 1
< MOVE D
> REQ 1637334235 137 1
> VAMPIRE 1 7 3 3 2 3 6
> VAMPIRE 2 8 3 3 1 3 4
> VAMPIRE 3 6 11 3 0 3 0
> VAMPIRE 4 6 11 3 0 3 0
> GRENADE 3 9 13 1 3
> GRENADE 4 9 13 1 3
> GRENADE 2 8 3 5 3
> POWERUP GRENADE -3 6 11 4
> POWERUP GRENADE -3 8 3 4
> BAT1 13 8 8 13 10 13
< RES 1637334235 137 1
< MOVE R R R
> REQ 1637334235 138 1
> VAMPIRE 1 7 6 3 2 3 5
> VAMPIRE 2 8 3 3 0 3 3
> VAMPIRE 3 6 11 3 1 3 0
> VAMPIRE 4 6 11 3 1 3 0
> GRENADE 2 8 3 4 3
> GRENADE 2 8 3 5 3
> POWERUP GRENADE -2 6 11 4
> POWERUP GRENADE -2 8 3 4
> BAT1 13 8
< RES 1637334235 138 1
< MOVE R R R
> REQ 1637334235 139 1
> VAMPIRE 1 7 9 3 2 3 4
> VAMPIRE 2 8 3 3 0 3 2
> VAMPIRE 3 6 11 3 1 3 0
> VAMPIRE 4 6 11 3 1 3 0
> GRENADE 2 4 3 3 3
> GRENADE 2 4 3 4 3
> POWERUP GRENADE -1 6 11 4
> POWERUP GRENADE -1 8 3 4
> BAT1 13 8
< RES 1637334235 139 1
< MOVE R R U
> REQ 1637334235 140 1
> VAMPIRE 1 7 11 3 2 3 3
> VAMPIRE 2 8 3 3 0 3 1
> VAMPIRE 3 6 11 3 0 3 0
> VAMPIRE 4 6 11 3 0 3 0
> GRENADE 2 4 3 2 3
> GRENADE 2 4 3 3 3
> GRENADE 3 6 11 5 3
> GRENADE 4 6 11 5 3
> POWERUP GRENADE 17 6 11 4
> POWERUP GRENADE 17 8 3 4
> BAT1 13 8
< RES 1637334235 140 1
< MOVE L L L
> REQ 1637334235 141 1
> VAMPIRE 1 7 8 3 2 3 2
> VAMPIRE 2 8 3 3 0 3 0
> VAMPIRE 3 6 11 3 0 3 0
> VAMPIRE 4 6 11 3 0 3 0
> GRENADE 2 4 3 1 3
> GRENADE 2 4 3 2 3
> GRENADE 3 6 11 4 3
> GRENADE 4 6 11 4 3
> POWERUP GRENADE 16 6 11 4
> POWERUP GRENADE 16 8 3 4
> BAT1 13 8
< RES 1637334235 141 1
< MOVE L L L
> REQ 1637334235 142 1
> VAMPIRE 1 7 5 3 2 3 1
> VAMPIRE 2 8 3 3 2 3 0
> VAMPIRE 3 6 11 3 0 3 0
> VAMPIRE 4 6 11 3 0 3 0
> GRENADE 3 6 11 3 3
> GRENADE 4 6 11 3 3
> POWERUP GRENADE 15 6 11 4
> POWERUP GRENADE 15 8 3 4
> BAT1 13 8
< RES 1637334235 142 1
< MOVE L L D
> REQ 1637334235 143 1
> VAMPIRE 1 7 3 3 2 3 0
> VAMPIRE 2 8 3 3 2 3 0
> VAMPIRE 3 6 11 3 1 3 0
> VAMPIRE 4 6 11 3 1 3 0
> GRENADE 3 6 11 2 3
> GRENADE 4 6 11 2 3
> GRENADE 2 8 3 5 3
> BAT1 13 8
< RES 1637334235 143 1
< MOVE R R
> REQ 1637334235 144 1
> VAMPIRE 1 7 5 3 2 3 0
> VAMPIRE 2 9 4 3 1 3 0
> VAMPIRE 3 6 11 3 0 3 0
> VAMPIRE 4 6 11 3 0 3 0
> GRENADE 3 6 11 1 3
> GRENADE 4 6 11 1 3
> GRENADE 2 8 3 4 3
> GRENADE 2 8 3 5 3
> GRENADE 3 6 11 5 3
> GRENADE 4 6 11 5 3
> BAT1 13 8
< RES 1637334235 144 1
< MOVE R R
> REQ 1637334235 145 1
> VAMPIRE 1 7 7 3 2 3 0
> VAMPIRE 2 9 2 3 1 3 0
> VAMPIRE 3 6 11 2 2 3 0
> VAMPIRE 4 6 11 2 2 3 0
> GRENADE 2 8 3 3 3
> GRENADE 2 8 3 4 3
> BAT1 13 8
< RES 1637334235 145 1
> REQ 1637334235 146 1
> VAMPIRE 1 7 7 3 2 3 0
> VAMPIRE 2 9 4 3 1 3 0
> VAMPIRE 3 6 11 2 2 3 0
> VAMPIRE 4 6 11 2 2 3 0
> GRENADE 2 8 3 2 3
> GRENADE 2 8 3 3 3
> BAT1 13 8
< RES 1637334235 146 1
> REQ 1637334235 147 1
> VAMPIRE 1 7 7 3 2 3 0
> VAMPIRE 2 10 5 3 1 3 0
> VAMPIRE 3 6 11 2 2 3 0
> VAMPIRE 4 6 11 2 2 3 0
> GRENADE 2 8 3 1 3
> GRENADE 2 8 3 2 3
> BAT1 13 8
< RES 1637334235 147 1
> REQ 1637334235 148 1
> VAMPIRE 1 7 7 3 2 3 0
> VAMPIRE 2 12 5 3 3 3 0
> VAMPIRE 3 6 11 2 2 3 0
> VAMPIRE 4 6 11 2 2 3 0
> BAT1 13 8
< RES 1637334235 148 1
> REQ 1637334235 149 1
> VAMPIRE 1 7 7 3 2 3 0
> VAMPIRE 2 13 6 3 3 3 0
> VAMPIRE 3 6 11 2 2 3 0
> VAMPIRE 4 6 11 2 2 3 0
> BAT1 13 8
< RES 1637334235 149 1
> REQ 1637334235 150 1
> VAMPIRE 1 7 7 3 2 3 0
> VAMPIRE 2 12 7 3 2 3 0
> VAMPIRE 3 6 11 2 2 3 0
> VAMPIRE 4 6 11 2 2 3 0
> GRENADE 2 13 6 5 3
> BAT1 13 8
< RES 1637334235 150 1
> REQ 1637334235 151 1
> VAMPIRE 1 7 7 3 2 3 0
> VAMPIRE 2 11 7 3 2 3 0
> VAMPIRE 3 6 11 2 2 3 0
> VAMPIRE 4 6 11 2 2 3 0
> GRENADE 2 13 6 4 3
> BAT1 13 8
< RES 1637334235 151 1
> REQ 1637334235 152 1
> VAMPIRE 1 7 7 3 2 3 0
> VAMPIRE 2 9 7 3 2 3 0
> VAMPIRE 3 6 11 2 2 3 0
> VAMPIRE 4 6 11 2 2 3 0
> GRENADE 2 13 6 3 3
> BAT1 13 8
< RES 1637334235 152 1
> REQ 1637334235 153 1
> VAMPIRE 1 7 7 3 2 3 0
> VAMPIRE 2 11 7 3 2 3 0
> VAMPIRE 3 6 11 2 2 3 0
> VAMPIRE 4 6 11 2 2 3 0
> GRENADE 2 13 6 2 3
> BAT1 13 8
< RES 1637334235 153 1
> REQ 1637334235 154 1
> VAMPIRE 1 7 7 3 2 3 0
> VAMPIRE 2 9 7 3 2 3 0
> VAMPIRE 3 6 11 2 2 3 0
> VAMPIRE 4 6 11 2 2 3 0
> GRENADE 2 13 6 1 3
> BAT1 13 8
< RES 1637334235 154 1
> REQ 1637334235 155 1
> VAMPIRE 1 7 7 3 2 3 0
> VAMPIRE 2 11 7 3 3 3 0
> VAMPIRE 3 6 11 2 2 3 0
> VAMPIRE 4 6 11 2 2 3 0
< RES 1637334235 155 1
> REQ 1637334235 156 1
> VAMPIRE 1 7 7 3 2 3 0
> VAMPIRE 2 9 7 3 3 3 0
> VAMPIRE 3 6 11 2 2 3 0
> VAMPIRE 4 6 11 2 2 3 0
< RES 1637334235 156 1
> REQ 1637334235 157 1
> VAMPIRE 1 7 7 3 2 3 0
> VAMPIRE 2 11 7 3 3 3 0
> VAMPIRE 3 6 11 2 2 3 0
> VAMPIRE 4 6 11 2 2 3 0
< RES 1637334235 157 1
> REQ 1637334235 158 1
> VAMPIRE 1 7 7 3 2 3 0
> VAMPIRE 2 9 7 3 3 3 0
> VAMPIRE 3 6 11 2 2 3 0
> VAMPIRE 4 6 11 2 2 3 0
< RES 1637334235 158 1
> REQ 1637334235 159 1
> VAMPIRE 1 7 7 3 2 3 0
> VAMPIRE 2 11 7 3 3 3 0
> VAMPIRE 3 6 11 2 2 3 0
> VAMPIRE 4 6 11 2 2 3 0
< RES 1637334235 159 1
> REQ 1637334235 160 1
> VAMPIRE 1 7 7 3 2 3 0
> VAMPIRE 2 9 7 3 3 3 0
> VAMPIRE 3 6 11 2 2 3 0
> VAMPIRE 4 6 11 2 2 3 0
< RES 1637334235 160 1
> REQ 1637334235 161 1
> VAMPIRE 1 7 7 3 2 3 0
> VAMPIRE 2 11 7 3 3 3 0
> VAMPIRE 3 6 11 2 2 3 0
> VAMPIRE 4 6 11 2 2 3 0
< RES 1637334235 161 1
> REQ 1637334235 162 1
> VAMPIRE 1 7 7 3 2 3 0
> VAMPIRE 2 9 7 3 3 3 0
> VAMPIRE 3 6 11 2 2 3 0
> VAMPIRE 4 6 11 2 2 3 0
< RES 1637334235 162 1
> REQ 1637334235 163 1
> VAMPIRE 1 7 7 3 2 3 0
> VAMPIRE 2 11 7 3 3 3 0
> VAMPIRE 3 6 11 2 2 3 0
> VAMPIRE 4 6 11 2 2 3 0
< RES 1637334235 163 1
> REQ 1637334235 164 1
> VAMPIRE 1 7 7 3 2 3 0
> VAMPIRE 2 9 7 3 3 3 0
> VAMPIRE 3 6 11 2 2 3 0
> VAMPIRE 4 6 11 2 2 3 0
< RES 1637334235 164 1
> REQ 1637334235 165 1
> VAMPIRE 1 7 7 3 2 3 0
> VAMPIRE 2 11 7 3 3 3 0
> VAMPIRE 3 6 11 2 2 3 0
> VAMPIRE 4 6 11 2 2 3 0
> POWERUP SHOE -6 11 3 7
> POWERUP SHOE -6 3 11 7
< RES 1637334235 165 1
< MOVE D D
> REQ 1637334235 166 1
> VAMPIRE 1 9 7 3 2 3 0
> VAMPIRE 2 11 5 3 3 3 0
> VAMPIRE 3 4 11 2 2 3 0
> VAMPIRE 4 4 11 2 2 3 0
> POWERUP SHOE -5 11 3 7
> POWERUP SHOE -5 3 11 7
< RES 1637334235 166 1
< MOVE D D
> REQ 1637334235 167 1
> VAMPIRE 1 11 7 3 2 3 0
> VAMPIRE 2 11 3 3 3 3 0
> VAMPIRE 3 3 11 2 2 3 0
> VAMPIRE 4 3 11 2 2 3 0
> POWERUP SHOE -4 11 3 7
> POWERUP SHOE -4 3 11 7
< RES 1637334235 167 1
< MOVE L L
> REQ 1637334235 168 1
> VAMPIRE 1 11 5 3 2 3 0
> VAMPIRE 2 11 3 3 3 3 0
> VAMPIRE 3 3 11 2 2 3 0
> VAMPIRE 4 3 11 2 2 3 0
> POWERUP SHOE -3 11 3 7
> POWERUP SHOE -3 3 11 7
< RES 1637334235 168 1
> REQ 1637334235 169 1
> VAMPIRE 1 11 5 3 2 3 0
> VAMPIRE 2 11 3 3 3 3 0
> VAMPIRE 3 3 11 2 2 3 0
> VAMPIRE 4 3 11 2 2 3 0
> POWERUP SHOE -2 11 3 7
> POWERUP SHOE -2 3 11 7
< RES 1637334235 169 1
> REQ 1637334235 170 1
> VAMPIRE 1 11 5 3 2 3 0
> VAMPIRE 2 11 3 3 3 3 0
> VAMPIRE 3 3 11 2 2 3 0
> VAMPIRE 4 3 11 2 2 3 0
> POWERUP SHOE -1 11 3 7
> POWERUP SHOE -1 3 11 7
< RES 1637334235 170 1
> REQ 1637334235 171 1
> VAMPIRE 1 11 5 3 2 3 0
> VAMPIRE 2 11 3 3 3 3 0
> VAMPIRE 3 3 11 2 2 3 0
> VAMPIRE 4 3 11 2 2 3 0
> POWERUP SHOE 16 11 3 7
> POWERUP SHOE 16 3 11 7
< RES 1637334235 171 1
> REQ 1637334235 172 1
> VAMPIRE 1 11 5 3 2 3 0
> VAMPIRE 2 11 3 3 3 3 0
> VAMPIRE 3 3 11 2 2 3 0
> VAMPIRE 4 3 11 2 2 3 0
> POWERUP SHOE 15 11 3 7
> POWERUP SHOE 15 3 11 7
< RES 1637334235 172 1
> REQ 1637334235 173 1
> VAMPIRE 1 11 5 3 2 3 0
> VAMPIRE 2 11 3 3 3 3 0
> VAMPIRE 3 3 11 2 2 3 0
> VAMPIRE 4 3 11 2 2 3 0
> POWERUP SHOE 14 11 3 7
> POWERUP SHOE 14 3 11 7
< RES 1637334235 173 1
> REQ 1637334235 174 1
> VAMPIRE 1 11 5 3 2 3 0
> VAMPIRE 2 11 3 3 2 3 0
> VAMPIRE 3 3 11 2 2 3 0
> VAMPIRE 4 3 11 2 2 3 0
> GRENADE 2 11 3 5 3
> POWERUP SHOE 13 11 3 7
> POWERUP SHOE 13 3 11 7
< RES 1637334235 174 1
< MOVE D D
> REQ 1637334235 175 1
> VAMPIRE 1 13 5 3 2 3 0
> VAMPIRE 2 11 3 3 1 3 0
> VAMPIRE 3 3 11 2 2 3 0
> VAMPIRE 4 3 11 2 2 3 0
> GRENADE 2 11 3 4 3
> GRENADE 2 11 3 5 3
> POWERUP SHOE 12 11 3 7
> POWERUP SHOE 12 3 11 7
< RES 1637334235 175 1
< MOVE R R
> REQ 1637334235 176 1
> VAMPIRE 1 13 7 3 2 3 0
> VAMPIRE 2 11 3 3 1 3 0
> VAMPIRE 3 3 11 2 2 3 0
> VAMPIRE 4 3 11 2 2 3 0
> GRENADE 2 13 3 3 3
> GRENADE 2 13 3 4 3
> POWERUP SHOE 11 11 3 7
> POWERUP SHOE 11 3 11 7
< RES 1637334235 176 1
< MOVE U U
> REQ 1637334235 177 1
> VAMPIRE 1 11 7 3 2 3 0
> VAMPIRE 2 11 3 3 0 3 30
> VAMPIRE 3 3 11 2 2 3 30
> VAMPIRE 4 3 11 2 2 3 30
> GRENADE 2 13 3 2 3
> GRENADE 2 13 3 3 3
> GRENADE 2 11 3 5 3
< RES 1637334235 177 1
< MOVE U U
> REQ 1637334235 178 1
> VAMPIRE 1 9 7 3 2 3 0
> VAMPIRE 2 9 3 3 0 3 29
> VAMPIRE 3 3 9 2 2 3 29
> VAMPIRE 4 3 9 2 2 3 29
> GRENADE 2 13 3 1 3
> GRENADE 2 13 3 2 3
> GRENADE 2 13 3 4 3
< RES 1637334235 178 1
< MOVE D D
> REQ 1637334235 179 1
> VAMPIRE 1 11 7 3 2 3 0
> VAMPIRE 2 9 5 3 3 3 28
> VAMPIRE 3 5 9 2 2 3 28
> VAMPIRE 4 5 9 2 2 3 28
< RES 1637334235 179 1
< MOVE R R
> REQ 1637334235 180 1
> VAMPIRE 1 11 9 3 2 3 0
> VAMPIRE 2 9 3 3 3 3 27
> VAMPIRE 3 3 9 2 2 3 27
> VAMPIRE 4 3 9 2 2 3 27
< RES 1637334235 180 1
< MOVE U U
> REQ 1637334235 181 1
> VAMPIRE 1 9 9 3 2 3 0
> VAMPIRE 2 9 5 3 3 3 26
> VAMPIRE 3 5 9 2 2 3 26
> VAMPIRE 4 5 9 2 2 3 26
< RES 1637334235 181 1
> REQ 1637334235 182 1
> VAMPIRE 1 9 9 3 2 3 0
> VAMPIRE 2 9 3 3 3 3 25
> VAMPIRE 3 3 9 2 2 3 25
> VAMPIRE 4 3 9 2 2 3 25
< RES 1637334235 182 1
> REQ 1637334235 183 1
> VAMPIRE 1 9 9 3 2 3 0
> VAMPIRE 2 9 5 3 3 3 24
> VAMPIRE 3 5 9 2 2 3 24
> VAMPIRE 4 5 9 2 2 3 24
< RES 1637334235 183 1
> REQ 1637334235 184 1
> VAMPIRE 1 9 9 3 2 3 0
> VAMPIRE 2 9 3 3 3 3 23
> VAMPIRE 3 3 9 2 2 3 23
> VAMPIRE 4 3 9 2 2 3 23
< RES 1637334235 184 1
> REQ 1637334235 185 1
> VAMPIRE 1 9 9 3 2 3 0
> VAMPIRE 2 9 5 3 3 3 22
> VAMPIRE 3 5 9 2 2 3 22
> VAMPIRE 4 5 9 2 2 3 22
< RES 1637334235 185 1
> REQ 1637334235 186 1
> VAMPIRE 1 9 9 3 2 3 0
> VAMPIRE 2 9 3 3 3 3 21
> VAMPIRE 3 3 9 2 2 3 21
> VAMPIRE 4 3 9 2 2 3 21
< RES 1637334235 186 1
> REQ 1637334235 187 1
> VAMPIRE 1 9 9 3 2 3 0
> VAMPIRE 2 9 5 3 3 3 20
> VAMPIRE 3 5 9 2 2 3 20
> VAMPIRE 4 5 9 2 2 3 20
< RES 1637334235 187 1
> REQ 1637334235 188 1
> VAMPIRE 1 9 9 3 2 3 0
> VAMPIRE 2 9 3 3 3 3 19
> VAMPIRE 3 3 9 2 2 3 19
> VAMPIRE 4 3 9 2 2 3 19
< RES 1637334235 188 1
> REQ 1637334235 189 1
> VAMPIRE 1 9 9 3 2 3 0
> VAMPIRE 2 9 5 3 3 3 18
> VAMPIRE 3 5 9 2 2 3 18
> VAMPIRE 4 5 9 2 2 3 18
< RES 1637334235 189 1
> REQ 1637334235 190 1
> VAMPIRE 1 9 9 3 2 3 0
> VAMPIRE 2 9 3 3 3 3 17
> VAMPIRE 3 3 9 2 2 3 17
> VAMPIRE 4 3 9 2 2 3 17
< RES 1637334235 190 1
> REQ 1637334235 191 1
> VAMPIRE 1 9 9 3 2 3 0
> VAMPIRE 2 9 5 3 3 3 16
> VAMPIRE 3 5 9 2 2 3 16
> VAMPIRE 4 5 9 2 2 3 16
< RES 1637334235 191 1
> REQ 1637334235 192 1
> VAMPIRE 1 9 9 3 2 3 0
> VAMPIRE 2 9 3 3 3 3 15
> VAMPIRE 3 3 9 2 2 3 15
> VAMPIRE 4 3 9 2 2 3 15
< RES 1637334235 192 1
> REQ 1637334235 193 1
> VAMPIRE 1 9 9 3 2 3 0
> VAMPIRE 2 9 5 3 3 3 14
> VAMPIRE 3 5 9 2 2 3 14
> VAMPIRE 4 5 9 2 2 3 14
< RES 1637334235 193 1
> REQ 1637334235 194 1
> VAMPIRE 1 9 9 3 2 3 0
> VAMPIRE 2 9 3 3 3 3 13
> VAMPIRE 3 3 9 2 2 3 13
> VAMPIRE 4 3 9 2 2 3 13
< RES 1637334235 194 1
> REQ 1637334235 195 1
> VAMPIRE 1 9 9 3 2 3 0
> VAMPIRE 2 9 5 3 3 3 12
> VAMPIRE 3 5 9 2 2 3 12
> VAMPIRE 4 5 9 2 2 3 12
< RES 1637334235 195 1
> REQ 1637334235 196 1
> VAMPIRE 1 9 9 3 2 3 0
> VAMPIRE 2 9 3 3 3 3 11
> VAMPIRE 3 3 9 2 2 3 11
> VAMPIRE 4 3 9 2 2 3 11
< RES 1637334235 196 1
> REQ 1637334235 197 1
> VAMPIRE 1 9 9 3 2 3 0
> VAMPIRE 2 9 5 3 3 3 10
> VAMPIRE 3 5 9 2 2 3 10
> VAMPIRE 4 5 9 2 2 3 10
< RES 1637334235 197 1
> REQ 1637334235 198 1
> VAMPIRE 1 9 9 3 2 3 0
> VAMPIRE 2 9 3 3 3 3 9
> VAMPIRE 3 3 9 2 2 3 9
> VAMPIRE 4 3 9 2 2 3 9
< RES 1637334235 198 1
> REQ 1637334235 199 1
> VAMPIRE 1 9 9 3 2 3 0
> VAMPIRE 2 9 5 3 3 3 8
> VAMPIRE 3 5 9 2 2 3 8
> VAMPIRE 4 5 9 2 2 3 8
< RES 1637334235 199 1
> REQ 1637334235 200 1
> VAMPIRE 1 9 9 3 2 3 0
> VAMPIRE 2 9 3 3 3 3 7
> VAMPIRE 3 3 9 2 2 3 7
> VAMPIRE 4 3 9 2 2 3 7
< RES 1637334235 200 1
> REQ 1637334235 201 1
> VAMPIRE 1 9 9 3 2 3 0
> VAMPIRE 2 9 5 3 3 3 6
> VAMPIRE 3 5 9 2 2 3 6
> VAMPIRE 4 5 9 2 2 3 6
> POWERUP SHOE -4 2 13 4
> POWERUP SHOE -4 12 1 4
< RES 1637334235 201 1
< MOVE U U
> REQ 1637334235 202 1
> VAMPIRE 1 7 9 3 2 3 0
> VAMPIRE 2 11 4 3 3 3 5
> VAMPIRE 3 3 10 2 2 3 5
> VAMPIRE 4 3 10 2 2 3 5
> POWERUP SHOE -3 2 13 4
> POWERUP SHOE -3 12 1 4
< RES 1637334235 202 1
< MOVE U U
> REQ 1637334235 203 1
> VAMPIRE 1 5 9 3 2 3 0
> VAMPIRE 2 11 1 3 3 3 4
> VAMPIRE 3 3 13 2 2 3 4
> VAMPIRE 4 3 13 2 2 3 4
> POWERUP SHOE -2 2 13 4
> POWERUP SHOE -2 12 1 4
< RES 1637334235 203 1
< MOVE U U
> REQ 1637334235 204 1
> VAMPIRE 1 3 9 3 2 3 0
> VAMPIRE 2 12 1 3 3 3 3
> VAMPIRE 3 2 13 2 2 3 3
> VAMPIRE 4 2 13 2 2 3 3
> POWERUP SHOE -1 2 13 4
> POWERUP SHOE -1 12 1 4
< RES 1637334235 204 1
< MOVE R R
> REQ 1637334235 205 1
> VAMPIRE 1 3 11 3 2 3 0
> VAMPIRE 2 12 1 3 3 3 2
> VAMPIRE 3 2 13 2 2 3 2
> VAMPIRE 4 2 13 2 2 3 2
> POWERUP SHOE 20 2 13 4
> POWERUP SHOE 20 12 1 4
< RES 1637334235 205 1
< MOVE R R
> REQ 1637334235 206 1
> VAMPIRE 1 3 13 3 2 3 0
> VAMPIRE 2 12 1 3 3 3 1
> VAMPIRE 3 2 13 2 2 3 1
> VAMPIRE 4 2 13 2 2 3 1
> POWERUP SHOE 19 2 13 4
> POWERUP SHOE 19 12 1 4
< RES 1637334235 206 1
< GRENADE
< MOVE U U
> REQ 1637334235 207 1
> VAMPIRE 1 1 13 3 1 3 0
> VAMPIRE 2 12 1 3 3 3 0
> VAMPIRE 3 2 13 2 2 3 0
> VAMPIRE 4 2 13 2 2 3 0
> GRENADE 1 3 13 5 3
> POWERUP SHOE 18 2 13 4
> POWERUP SHOE 18 12 1 4
< RES 1637334235 207 1
< GRENADE
< MOVE L L
> REQ 1637334235 208 1
> VAMPIRE 1 1 11 3 0 3 0
> VAMPIRE 2 12 1 3 3 3 30
> VAMPIRE 3 2 13 2 1 3 30
> VAMPIRE 4 2 13 2 1 3 30
> GRENADE 1 3 13 4 3
> GRENADE 1 1 13 5 3
> GRENADE 3 2 13 5 3
> GRENADE 4 2 13 5 3
< RES 1637334235 208 1
< MOVE L L
> REQ 1637334235 209 1
> VAMPIRE 1 1 9 3 0 3 0
> VAMPIRE 2 9 1 3 3 3 29
> VAMPIRE 3 2 13 2 0 3 29
> VAMPIRE 4 2 13 2 0 3 29
> GRENADE 1 3 13 3 3
> GRENADE 1 1 13 4 3
> GRENADE 3 2 13 4 3
> GRENADE 4 2 13 4 3
> GRENADE 3 2 13 5 3
> GRENADE 4 2 13 5 3
< RES 1637334235 209 1
< MOVE D D
> REQ 1637334235 210 1
> VAMPIRE 1 3 9 3 0 3 0
> VAMPIRE 2 7 1 3 3 3 28
> VAMPIRE 3 2 13 2 0 3 28
> VAMPIRE 4 2 13 2 0 3 28
> GRENADE 1 3 13 2 3
> GRENADE 1 1 13 3 3
> GRENADE 3 2 13 3 3
> GRENADE 4 2 13 3 3
> GRENADE 3 2 13 4 3
> GRENADE 4 2 13 4 3
< RES 1637334235 210 1
< MOVE D D
> REQ 1637334235 211 1
> VAMPIRE 1 5 9 3 0 3 0
> VAMPIRE 2 7 3 3 3 3 27
> VAMPIRE 3 2 13 2 0 3 27
> VAMPIRE 4 2 13 2 0 3 27
> GRENADE 1 3 13 1 3
> GRENADE 1 1 13 2 3
> GRENADE 3 2 13 2 3
> GRENADE 4 2 13 2 3
> GRENADE 3 2 13 3 3
> GRENADE 4 2 13 3 3
< RES 1637334235 211 1
< MOVE D D
> REQ 1637334235 212 1
> VAMPIRE 1 7 9 3 2 3 0
> VAMPIRE 2 7 5 3 3 3 26
> VAMPIRE 3 2 13 1 2 3 26
> VAMPIRE 4 2 13 1 2 3 26
< RES 1637334235 212 1
< MOVE D D
> REQ 1637334235 213 1
> VAMPIRE 1 9 9 3 2 3 0
> VAMPIRE 2 7 7 3 3 3 25
> VAMPIRE 3 3 11 1 2 3 25
> VAMPIRE 4 3 11 1 2 3 25
< RES 1637334235 213 1
> REQ 1637334235 214 1
> VAMPIRE 1 9 9 3 2 3 0
> VAMPIRE 2 7 5 3 3 3 24
> VAMPIRE 3 3 9 1 2 3 24
> VAMPIRE 4 3 9 1 2 3 24
< RES 1637334235 214 1
> REQ 1637334235 215 1
> VAMPIRE 1 9 9 3 2 3 0
> VAMPIRE 2 9 5 3 3 3 23
> VAMPIRE 3 5 9 1 2 3 23
> VAMPIRE 4 5 9 1 2 3 23
< RES 1637334235 215 1
> REQ 1637334235 216 1
> VAMPIRE 1 9 9 3 2 3 0
> VAMPIRE 2 9 3 3 3 3 22
> VAMPIRE 3 3 9 1 2 3 22
> VAMPIRE 4 3 9 1 2 3 22
< RES 1637334235 216 1
> REQ 1637334235 217 1
> VAMPIRE 1 9 9 3 2 3 0
> VAMPIRE 2 9 5 3 3 3 21
> VAMPIRE 3 5 9 1 2 3 21
> VAMPIRE 4 5 9 1 2 3 21
< RES 1637334235 217 1
> REQ 1637334235 218 1
> VAMPIRE 1 9 9 3 2 3 0
> VAMPIRE 2 9 3 3 3 3 20
> VAMPIRE 3 3 9 1 2 3 20
> VAMPIRE 4 3 9 1 2 3 20
< RES 1637334235 218 1
> REQ 1637334235 219 1
> VAMPIRE 1 9 9 3 2 3 0
> VAMPIRE 2 9 5 3 3 3 19
> VAMPIRE 3 5 9 1 2 3 19
> VAMPIRE 4 5 9 1 2 3 19
< RES 1637334235 219 1
> REQ 1637334235 220 1
> VAMPIRE 1 9 9 3 2 3 0
> VAMPIRE 2 9 3 3 3 3 18
> VAMPIRE 3 3 9 1 2 3 18
> VAMPIRE 4 3 9 1 2 3 18
< RES 1637334235 220 1
> REQ 1637334235 221 1
> VAMPIRE 1 9 9 3 2 3 0
> VAMPIRE 2 9 5 3 3 3 17
> VAMPIRE 3 5 9 1 2 3 17
> VAMPIRE 4 5 9 1 2 3 17
< RES 1637334235 221 1
> REQ 1637334235 222 1
> VAMPIRE 1 9 9 3 2 3 0
> VAMPIRE 2 9 3 3 3 3 16
> VAMPIRE 3 3 9 1 2 3 16
> VAMPIRE 4 3 9 1 2 3 16
< RES 1637334235 222 1
> REQ 1637334235 223 1
> VAMPIRE 1 9 9 3 2 3 0
> VAMPIRE 2 9 5 3 3 3 15
> VAMPIRE 3 5 9 1 2 3 15
> VAMPIRE 4 5 9 1 2 3 15
< RES 1637334235 223 1
> REQ 1637334235 224 1
> VAMPIRE 1 9 9 3 2 3 0
> VAMPIRE 2 9 3 3 3 3 14
> VAMPIRE 3 3 9 1 2 3 14
> VAMPIRE 4 3 9 1 2 3 14
< RES 1637334235 224 1
> REQ 1637334235 225 1
> VAMPIRE 1 9 9 3 2 3 0
> VAMPIRE 2 9 5 3 3 3 13
> VAMPIRE 3 5 9 1 2 3 13
> VAMPIRE 4 5 9 1 2 3 13
< RES 1637334235 225 1
> REQ 1637334235 226 1
> VAMPIRE 1 9 9 3 2 3 0
> VAMPIRE 2 9 3 3 3 3 12
> VAMPIRE 3 3 9 1 2 3 12
> VAMPIRE 4 3 9 1 2 3 12
< RES 1637334235 226 1
> REQ 1637334235 227 1
> VAMPIRE 1 9 9 3 2 3 0
> VAMPIRE 2 9 5 3 3 3 11
> VAMPIRE 3 5 9 1 2 3 11
> VAMPIRE 4 5 9 1 2 3 11
< RES 1637334235 227 1
> REQ 1637334235 228 1
> VAMPIRE 1 9 9 3 2 3 0
> VAMPIRE 2 9 3 3 3 3 10
> VAMPIRE 3 3 9 1 2 3 10
> VAMPIRE 4 3 9 1 2 3 10
< RES 1637334235 228 1
> REQ 1637334235 229 1
> VAMPIRE 1 9 9 3 2 3 0
> VAMPIRE 2 9 5 3 3 3 9
> VAMPIRE 3 5 9 1 2 3 9
> VAMPIRE 4 5 9 1 2 3 9
< RES 1637334235 229 1
> REQ 1637334235 230 1
> VAMPIRE 1 9 9 3 2 3 0
> VAMPIRE 2 9 3 3 3 3 8
> VAMPIRE 3 3 9 1 2 3 8
> VAMPIRE 4 3 9 1 2 3 8
< RES 1637334235 230 1
> REQ 1637334235 231 1
> VAMPIRE 1 9 9 3 2 3 0
> VAMPIRE 2 9 5 3 3 3 7
> VAMPIRE 3 5 9 1 2 3 7
> VAMPIRE 4 5 9 1 2 3 7
< RES 1637334235 231 1
> REQ 1637334235 232 1
> VAMPIRE 1 9 9 3 2 3 0
> VAMPIRE 2 9 3 3 3 3 6
> VAMPIRE 3 3 9 1 2 3 6
> VAMPIRE 4 3 9 1 2 3 6
< RES 1637334235 232 1
> REQ 1637334235 233 1
> VAMPIRE 1 9 9 3 2 3 0
> VAMPIRE 2 9 5 3 3 3 5
> VAMPIRE 3 5 9 1 2 3 5
> VAMPIRE 4 5 9 1 2 3 5
< RES 1637334235 233 1
> REQ 1637334235 234 1
> VAMPIRE 1 9 9 3 2 3 0
> VAMPIRE 2 9 3 3 3 3 4
> VAMPIRE 3 3 9 1 2 3 4
> VAMPIRE 4 3 9 1 2 3 4
< RES 1637334235 234 1
> REQ 1637334235 235 1
> VAMPIRE 1 9 9 3 2 3 0
> VAMPIRE 2 9 5 3 3 3 3
> VAMPIRE 3 5 9 1 2 3 3
> VAMPIRE 4 5 9 1 2 3 3
< RES 1637334235 235 1
> REQ 1637334235 236 1
> VAMPIRE 1 9 9 3 2 3 0
> VAMPIRE 2 9 5 3 3 3 2
> VAMPIRE 3 3 9 1 2 3 2
> VAMPIRE 4 3 9 1 2 3 2
< RES 1637334235 236 1
< MOVE R R
> REQ 1637334235 237 1
> VAMPIRE 1 9 11 3 2 3 0
> VAMPIRE 2 9 7 3 3 3 1
> VAMPIRE 3 3 7 1 2 3 1
> VAMPIRE 4 3 7 1 2 3 1
< RES 1637334235 237 1
< MOVE U U
> REQ 1637334235 238 1
> VAMPIRE 1 7 11 3 2 3 0
> VAMPIRE 2 9 7 3 3 3 0
> VAMPIRE 3 5 7 1 2 3 0
> VAMPIRE 4 5 7 1 2 3 0
< RES 1637334235 238 1
< MOVE L L
> REQ 1637334235 239 1
> VAMPIRE 1 7 9 3 2 3 0
> VAMPIRE 2 7 7 3 3 3 0
> VAMPIRE 3 7 7 1 2 3 0
> VAMPIRE 4 7 7 1 2 3 0
> POWERUP TOMATO -9 7 6 6
> POWERUP TOMATO -9 7 8 6
< RES 1637334235 239 1
< GRENADE
< MOVE L L
> REQ 1637334235 240 1
> VAMPIRE 1 7 8 3 1 3 0
> VAMPIRE 2 7 8 3 2 3 0
> VAMPIRE 3 7 8 1 1 3 0
> VAMPIRE 4 7 8 1 1 3 0
> GRENADE 1 7 9 5 3
> GRENADE 2 7 7 5 3
> GRENADE 3 7 7 5 3
> GRENADE 4 7 7 5 3
> POWERUP TOMATO -8 7 6 6
> POWERUP TOMATO -8 7 8 6
< RES 1637334235 240 1
< GRENADE
> REQ 1637334235 241 1
> VAMPIRE 1 7 8 3 0 3 0
> VAMPIRE 2 7 8 3 1 3 0
> VAMPIRE 3 7 8 1 0 3 0
> VAMPIRE 4 7 8 1 0 3 0
> GRENADE 1 7 9 4 3
> GRENADE 2 7 7 4 3
> GRENADE 3 7 7 4 3
> GRENADE 4 7 7 4 3
> GRENADE 1 7 8 5 3
> GRENADE 2 7 8 5 3
> GRENADE 3 7 8 5 3
> GRENADE 4 7 8 5 3
> POWERUP TOMATO -7 7 6 6
> POWERUP TOMATO -7 7 8 6
< RES 1637334235 241 1
> REQ 1637334235 242 1
> VAMPIRE 1 7 8 3 0 3 0
> VAMPIRE 2 7 8 3 0 3 0
> VAMPIRE 3 7 8 1 0 3 0
> VAMPIRE 4 7 8 1 0 3 0
> GRENADE 1 7 9 3 3
> GRENADE 2 7 7 3 3
> GRENADE 3 7 7 3 3
> GRENADE 4 7 7 3 3
> GRENADE 1 7 8 4 3
> GRENADE 2 7 8 4 3
> GRENADE 3 7 8 4 3
> GRENADE 4 7 8 4 3
> GRENADE 2 7 8 5 3
> POWERUP TOMATO -6 7 6 6
> POWERUP TOMATO -6 7 8 6
< RES 1637334235 242 1
> REQ 1637334235 243 1
> VAMPIRE 1 7 8 3 0 3 0
> VAMPIRE 2 7 8 3 0 3 0
> VAMPIRE 3 7 8 1 0 3 0
> VAMPIRE 4 7 8 1 0 3 0
> GRENADE 1 7 9 2 3
> GRENADE 2 7 7 2 3
> GRENADE 3 7 7 2 3
> GRENADE 4 7 7 2 3
> GRENADE 1 7 8 3 3
> GRENADE 2 7 8 3 3
> GRENADE 3 7 8 3 3
> GRENADE 4 7 8 3 3
> GRENADE 2 7 8 4 3
> POWERUP TOMATO -5 7 6 6
> POWERUP TOMATO -5 7 8 6
< RES 1637334235 243 1
< GRENADE
> REQ 1637334235 244 1
> VAMPIRE 1 7 8 3 0 3 0
> VAMPIRE 2 7 8 3 0 3 0
> VAMPIRE 3 7 8 1 0 3 0
> VAMPIRE 4 7 8 1 0 3 0
> GRENADE 1 7 9 1 3
> GRENADE 2 7 7 1 3
> GRENADE 3 7 7 1 3
> GRENADE 4 7 7 1 3
> GRENADE 1 7 8 2 3
> GRENADE 2 7 8 2 3
> GRENADE 3 7 8 2 3
> GRENADE 4 7 8 2 3
> GRENADE 2 7 8 3 3
> POWERUP TOMATO -4 7 6 6
> POWERUP TOMATO -4 7 8 6
< RES 1637334235 244 1
< THROW R 4
> REQ 1637334235 245 1
> VAMPIRE 1 7 8 2 2 3 0
> VAMPIRE 2 7 8 2 3 3 0
> POWERUP TOMATO -3 7 6 6
> POWERUP TOMATO -3 7 8 6
< RES 1637334235 245 1
> REQ 1637334235 246 1
> VAMPIRE 1 7 8 2 2 3 0
> VAMPIRE 2 7 8 2 3 3 0
> POWERUP TOMATO -2 7 6 6
> POWERUP TOMATO -2 7 8 6
< RES 1637334235 246 1
< GRENADE
> REQ 1637334235 247 1
> VAMPIRE 1 7 8 2 2 3 0
> VAMPIRE 2 7 8 2 3 3 0
> POWERUP TOMATO -1 7 6 6
> POWERUP TOMATO -1 7 8 6
< RES 1637334235 247 1
< GRENADE
> REQ 1637334235 248 1
> VAMPIRE 1 7 8 2 1 3 0
> VAMPIRE 2 7 8 2 2 3 0
> GRENADE 1 7 8 5 3
> GRENADE 2 7 8 5 3
> POWERUP TOMATO 20 7 6 6
> POWERUP TOMATO 20 7 8 6
< RES 1637334235 248 1
< MOVE L
> REQ 1637334235 249 1
> VAMPIRE 1 7 7 2 1 3 0
> VAMPIRE 2 7 7 2 2 3 0
> GRENADE 1 7 8 4 3
> GRENADE 2 7 8 4 3
> POWERUP TOMATO 19 7 6 6
> POWERUP TOMATO 19 7 8 6
< RES 1637334235 249 1
< MOVE L
> REQ 1637334235 250 1
> VAMPIRE 1 7 6 2 1 3 0
> VAMPIRE 2 7 6 2 2 3 0
> GRENADE 1 7 8 3 3
> GRENADE 2 7 8 3 3
> POWERUP TOMATO 18 7 6 6
> POWERUP TOMATO 18 7 8 6
< RES 1637334235 250 1
< GRENADE
> REQ 1637334235 251 1
> VAMPIRE 1 7 6 2 0 3 0
> VAMPIRE 2 7 6 2 1 3 0
> GRENADE 1 7 8 2 3
> GRENADE 2 7 8 2 3
> GRENADE 1 7 6 5 3
> GRENADE 2 7 6 5 3
> POWERUP TOMATO 17 7 6 6
> POWERUP TOMATO 17 7 8 6
< RES 1637334235 251 1
< GRENADE
> REQ 1637334235 252 1
> VAMPIRE 1 7 6 2 0 3 0
> VAMPIRE 2 7 6 2 0 3 0
> GRENADE 1 7 8 1 3
> GRENADE 2 7 8 1 3
> GRENADE 1 7 6 4 3
> GRENADE 2 7 6 4 3
> GRENADE 2 7 6 5 3
> POWERUP TOMATO 16 7 6 6
> POWERUP TOMATO 16 7 8 6
< RES 1637334235 252 1
< MOVE L
> REQ 1637334235 253 1
> VAMPIRE 1 7 5 1 2 3 0
> VAMPIRE 2 7 5 1 3 3 0
> POWERUP TOMATO 15 7 6 6
> POWERUP TOMATO 15 7 8 6
< RES 1637334235 253 1
< GRENADE
< MOVE R R
> REQ 1637334235 254 1
> VAMPIRE 1 7 7 1 2 3 0
> VAMPIRE 2 7 7 1 3 3 0
> POWERUP TOMATO 14 7 6 6
> POWERUP TOMATO 14 7 8 6
< RES 1637334235 254 1
< GRENADE
< MOVE R R
> REQ 1637334235 255 1
> VAMPIRE 1 7 9 1 2 3 0
> VAMPIRE 2 7 9 1 3 3 0
> POWERUP TOMATO 13 7 6 6
> POWERUP TOMATO 13 7 8 6
< RES 1637334235 255 1
< GRENADE
< MOVE L L
> REQ 1637334235 256 1
> VAMPIRE 1 7 7 1 1 3 0
> VAMPIRE 2 7 7 1 2 3 0
> GRENADE 1 7 9 5 3
> GRENADE 2 7 9 5 3
> POWERUP TOMATO 12 7 6 6
> POWERUP TOMATO 12 7 8 6
< RES 1637334235 256 1
< MOVE L
> REQ 1637334235 257 1
> VAMPIRE 1 7 6 1 1 3 0
> VAMPIRE 2 7 5 1 1 3 0
> GRENADE 1 7 9 4 3
> GRENADE 2 7 9 4 3
> GRENADE 2 7 7 5 3
> POWERUP TOMATO 11 7 6 6
> POWERUP TOMATO 11 7 8 6
< RES 1637334235 257 1
< GRENADE
> REQ 1637334235 258 1
> VAMPIRE 1 7 6 1 0 3 0
> VAMPIRE 2 5 5 1 0 3 0
> GRENADE 1 7 9 3 3
> GRENADE 2 7 9 3 3
> GRENADE 2 7 7 4 3
> GRENADE 1 7 6 5 3
> GRENADE 2 7 5 5 3
> POWERUP TOMATO 10 7 6 6
> POWERUP TOMATO 10 7 8 6
< RES 1637334235 258 1
< THROW XR 4
> REQ 1637334235 259 1
> VAMPIRE 1 7 6 1 0 3 0
> VAMPIRE 2 3 5 1 0 3 0
> GRENADE 1 7 9 2 3
> GRENADE 2 7 9 2 3
> GRENADE 2 7 7 3 3
> GRENADE 1 7 10 4 3
> GRENADE 2 7 5 4 3
> POWERUP TOMATO 9 7 6 6
> POWERUP TOMATO 9 7 8 6
< RES 1637334235 259 1
> REQ 1637334235 260 1
> VAMPIRE 1 7 6 1 0 3 0
> VAMPIRE 2 3 7 1 0 3 0
> GRENADE 1 7 9 1 3
> GRENADE 2 7 9 1 3
> GRENADE 2 7 7 2 3
> GRENADE 1 7 10 3 3
> GRENADE 2 7 5 3 3
> POWERUP TOMATO 8 7 6 6
> POWERUP TOMATO 8 7 8 6
< RES 1637334235 260 1
> END 686 Could_not_be_more_deaded
