> MESSAGE OK
> LEVEL 10
> GAMEID 1637327083
> TEST 1
> MAXTICK 800
> GRENADERADIUS 3
> SIZE 15
> REQ 1637327083 0 2
> VAMPIRE 1 1 1 3 1 3 0
> VAMPIRE 2 13 1 3 1 3 0
> VAMPIRE 3 13 13 3 1 3 0
> VAMPIRE 4 1 13 3 1 3 0
> BAT1 8 1 9 1 10 1 11 1 1 3 7 3 1 4 1 5 6 5 8 5 1 6 5 6 9 6 3 7 11 7 5 8 9 8 13 8 6 9 8 9 13 9 13 10 7 11 13 11 3 13 4 13 5 13 6 13
> BAT2 3 1 4 1 5 1 6 1 8 3 9 3 13 3 13 4 3 5 7 5 13 5 3 6 13 6 5 7 9 7 1 8 11 8 1 9 7 9 11 9 1 10 1 11 5 11 6 11 8 13 9 13 10 13 11 13
> BAT3 7 1 5 3 6 3 11 5 11 6 1 7 7 7 13 7 3 8 3 9 8 11 9 11 7 13
< RES 1637327083 0 2
< GRENADE
> REQ 1637327083 1 2
> VAMPIRE 1 1 1 3 0 3 0
> VAMPIRE 2 13 1 3 0 3 0
> VAMPIRE 3 13 13 3 1 3 0
> VAMPIRE 4 1 13 3 1 3 0
> GRENADE 1 1 1 5 3
> GRENADE 2 13 1 5 3
> BAT1 8 1 9 1 10 1 11 1 1 3 7 3 1 4 1 5 6 5 8 5 1 6 5 6 9 6 3 7 11 7 5 8 9 8 13 8 6 9 8 9 13 9 13 10 7 11 13 11 3 13 4 13 5 13 6 13
> BAT2 3 1 4 1 5 1 6 1 8 3 9 3 13 3 13 4 3 5 7 5 13 5 3 6 13 6 5 7 9 7 1 8 11 8 1 9 7 9 11 9 1 10 1 11 5 11 6 11 8 13 9 13 10 13 11 13
> BAT3 7 1 5 3 6 3 11 5 11 6 1 7 7 7 13 7 3 8 3 9 8 11 9 11 7 13
< RES 1637327083 1 2
> REQ 1637327083 2 2
> VAMPIRE 1 1 1 3 0 3 0
> VAMPIRE 2 13 1 3 0 3 0
> VAMPIRE 3 13 13 3 1 3 0
> VAMPIRE 4 1 13 3 1 3 0
> GRENADE 1 1 1 4 3
> GRENADE 2 13 1 4 3
> BAT1 8 1 9 1 10 1 11 1 1 3 7 3 1 4 1 5 6 5 8 5 1 6 5 6 9 6 3 7 11 7 5 8 9 8 13 8 6 9 8 9 13 9 13 10 7 11 13 11 3 13 4 13 5 13 6 13
> BAT2 3 1 4 1 5 1 6 1 8 3 9 3 13 3 13 4 3 5 7 5 13 5 3 6 13 6 5 7 9 7 1 8 11 8 1 9 7 9 11 9 1 10 1 11 5 11 6 11 8 13 9 13 10 13 11 13
> BAT3 7 1 5 3 6 3 11 5 11 6 1 7 7 7 13 7 3 8 3 9 8 11 9 11 7 13
< RES 1637327083 2 2
> REQ 1637327083 3 2
> VAMPIRE 1 1 1 3 0 3 0
> VAMPIRE 2 13 1 3 0 3 0
> VAMPIRE 3 13 13 3 1 3 0
> VAMPIRE 4 1 13 3 1 3 0
> GRENADE 1 1 1 3 3
> GRENADE 2 13 1 3 3
> BAT1 8 1 9 1 10 1 11 1 1 3 7 3 1 4 1 5 6 5 8 5 1 6 5 6 9 6 3 7 11 7 5 8 9 8 13 8 6 9 8 9 13 9 13 10 7 11 13 11 3 13 4 13 5 13 6 13
> BAT2 3 1 4 1 5 1 6 1 8 3 9 3 13 3 13 4 3 5 7 5 13 5 3 6 13 6 5 7 9 7 1 8 11 8 1 9 7 9 11 9 1 10 1 11 5 11 6 11 8 13 9 13 10 13 11 13
> BAT3 7 1 5 3 6 3 11 5 11 6 1 7 7 7 13 7 3 8 3 9 8 11 9 11 7 13
< RES 1637327083 3 2
< THROW XU 1
< MOVE R
> REQ 1637327083 4 2
> VAMPIRE 1 2 1 3 0 3 0
> VAMPIRE 2 13 2 3 0 3 0
> VAMPIRE 3 13 13 3 1 3 0
> VAMPIRE 4 1 13 3 1 3 0
> GRENADE 1 1 2 2 3
> GRENADE 2 12 1 2 3
> BAT1 8 1 9 1 10 1 11 1 1 3 7 3 1 4 1 5 6 5 8 5 1 6 5 6 9 6 3 7 11 7 5 8 9 8 13 8 6 9 8 9 13 9 13 10 7 11 13 11 3 13 4 13 5 13 6 13
> BAT2 3 1 4 1 5 1 6 1 8 3 9 3 13 3 13 4 3 5 7 5 13 5 3 6 13 6 5 7 9 7 1 8 11 8 1 9 7 9 11 9 1 10 1 11 5 11 6 11 8 13 9 13 10 13 11 13
> BAT3 7 1 5 3 6 3 11 5 11 6 1 7 7 7 13 7 3 8 3 9 8 11 9 11 7 13
< RES 1637327083 4 2
> REQ 1637327083 5 2
> VAMPIRE 1 2 1 3 0 3 0
> VAMPIRE 2 13 2 3 0 3 0
> VAMPIRE 3 13 13 3 1 3 0
> VAMPIRE 4 1 13 3 1 3 0
> GRENADE 1 1 2 1 3
> GRENADE 2 12 1 1 3
> BAT1 8 1 9 1 10 1 11 1 1 3 7 3 1 4 1 5 6 5 8 5 1 6 5 6 9 6 3 7 11 7 5 8 9 8 13 8 6 9 8 9 13 9 13 10 7 11 13 11 3 13 4 13 5 13 6 13
> BAT2 3 1 4 1 5 1 6 1 8 3 9 3 13 3 13 4 3 5 7 5 13 5 3 6 13 6 5 7 9 7 1 8 11 8 1 9 7 9 11 9 1 10 1 11 5 11 6 11 8 13 9 13 10 13 11 13
> BAT3 7 1 5 3 6 3 11 5 11 6 1 7 7 7 13 7 3 8 3 9 8 11 9 11 7 13
< RES 1637327083 5 2
< MOVE L
> REQ 1637327083 6 2
> VAMPIRE 1 1 1 3 1 3 0
> VAMPIRE 2 13 1 3 1 3 0
> VAMPIRE 3 13 13 3 1 3 0
> VAMPIRE 4 1 13 3 1 3 0
> BAT1 8 1 9 1 10 1 7 3 1 4 1 5 6 5 8 5 1 6 5 6 9 6 3 7 11 7 5 8 9 8 13 8 6 9 8 9 13 9 13 10 7 11 13 11 3 13 4 13 5 13 6 13
> BAT2 3 1 4 1 5 1 6 1 8 3 9 3 13 3 13 4 3 5 7 5 13 5 3 6 13 6 5 7 9 7 1 8 11 8 1 9 7 9 11 9 1 10 1 11 5 11 6 11 8 13 9 13 10 13 11 13
> BAT3 7 1 5 3 6 3 11 5 11 6 1 7 7 7 13 7 3 8 3 9 8 11 9 11 7 13
< RES 1637327083 6 2
< MOVE U U
> REQ 1637327083 7 2
> VAMPIRE 1 1 3 3 1 3 0
> VAMPIRE 2 11 1 3 1 3 0
> VAMPIRE 3 13 13 3 1 3 0
> VAMPIRE 4 1 13 3 1 3 0
> BAT1 8 1 9 1 10 1 7 3 1 4 1 5 6 5 8 5 1 6 5 6 9 6 3 7 11 7 5 8 9 8 13 8 6 9 8 9 13 9 13 10 7 11 13 11 3 13 4 13 5 13 6 13
> BAT2 3 1 4 1 5 1 6 1 8 3 9 3 13 3 13 4 3 5 7 5 13 5 3 6 13 6 5 7 9 7 1 8 11 8 1 9 7 9 11 9 1 10 1 11 5 11 6 11 8 13 9 13 10 13 11 13
> BAT3 7 1 5 3 6 3 11 5 11 6 1 7 7 7 13 7 3 8 3 9 8 11 9 11 7 13
< RES 1637327083 7 2
< MOVE R R
> REQ 1637327083 8 2
> VAMPIRE 1 3 3 3 1 3 0
> VAMPIRE 2 11 3 3 1 3 0
> VAMPIRE 3 13 13 3 1 3 0
> VAMPIRE 4 1 13 3 1 3 0
> BAT1 8 1 9 1 10 1 7 3 1 4 1 5 6 5 8 5 1 6 5 6 9 6 3 7 11 7 5 8 9 8 13 8 6 9 8 9 13 9 13 10 7 11 13 11 3 13 4 13 5 13 6 13
> BAT2 3 1 4 1 5 1 6 1 8 3 9 3 13 3 13 4 3 5 7 5 13 5 3 6 13 6 5 7 9 7 1 8 11 8 1 9 7 9 11 9 1 10 1 11 5 11 6 11 8 13 9 13 10 13 11 13
> BAT3 7 1 5 3 6 3 11 5 11 6 1 7 7 7 13 7 3 8 3 9 8 11 9 11 7 13
< RES 1637327083 8 2
< GRENADE
< MOVE L L
> REQ 1637327083 9 2
> VAMPIRE 1 1 3 3 0 3 0
> VAMPIRE 2 11 1 3 0 3 0
> VAMPIRE 3 13 13 3 1 3 0
> VAMPIRE 4 1 13 3 1 3 0
> GRENADE 1 3 3 5 3
> GRENADE 2 11 3 5 3
> BAT1 8 1 9 1 10 1 7 3 1 4 1 5 6 5 8 5 1 6 5 6 9 6 3 7 11 7 5 8 9 8 13 8 6 9 8 9 13 9 13 10 7 11 13 11 3 13 4 13 5 13 6 13
> BAT2 3 1 4 1 5 1 6 1 8 3 9 3 13 3 13 4 3 5 7 5 13 5 3 6 13 6 5 7 9 7 1 8 11 8 1 9 7 9 11 9 1 10 1 11 5 11 6 11 8 13 9 13 10 13 11 13
> BAT3 7 1 5 3 6 3 11 5 11 6 1 7 7 7 13 7 3 8 3 9 8 11 9 11 7 13
< RES 1637327083 9 2
< MOVE D
> REQ 1637327083 10 2
> VAMPIRE 1 1 2 3 0 3 0
> VAMPIRE 2 12 1 3 0 3 0
> VAMPIRE 3 13 13 3 1 3 0
> VAMPIRE 4 1 13 3 1 3 0
> GRENADE 1 3 3 4 3
> GRENADE 2 11 3 4 3
> BAT1 8 1 9 1 10 1 7 3 1 4 1 5 6 5 8 5 1 6 5 6 9 6 3 7 11 7 5 8 9 8 13 8 6 9 8 9 13 9 13 10 7 11 13 11 3 13 4 13 5 13 6 13
> BAT2 3 1 4 1 5 1 6 1 8 3 9 3 13 3 13 4 3 5 7 5 13 5 3 6 13 6 5 7 9 7 1 8 11 8 1 9 7 9 11 9 1 10 1 11 5 11 6 11 8 13 9 13 10 13 11 13
> BAT3 7 1 5 3 6 3 11 5 11 6 1 7 7 7 13 7 3 8 3 9 8 11 9 11 7 13
< RES 1637327083 10 2
> REQ 1637327083 11 2
> VAMPIRE 1 1 2 3 0 3 0
> VAMPIRE 2 12 1 3 0 3 0
> VAMPIRE 3 13 13 3 1 3 0
> VAMPIRE 4 1 13 3 1 3 0
> GRENADE 1 3 3 3 3
> GRENADE 2 11 3 3 3
> BAT1 8 1 9 1 10 1 7 3 1 4 1 5 6 5 8 5 1 6 5 6 9 6 3 7 11 7 5 8 9 8 13 8 6 9 8 9 13 9 13 10 7 11 13 11 3 13 4 13 5 13 6 13
> BAT2 3 1 4 1 5 1 6 1 8 3 9 3 13 3 13 4 3 5 7 5 13 5 3 6 13 6 5 7 9 7 1 8 11 8 1 9 7 9 11 9 1 10 1 11 5 11 6 11 8 13 9 13 10 13 11 13
> BAT3 7 1 5 3 6 3 11 5 11 6 1 7 7 7 13 7 3 8 3 9 8 11 9 11 7 13
< RES 1637327083 11 2
> REQ 1637327083 12 2
> VAMPIRE 1 1 2 3 0 3 0
> VAMPIRE 2 12 1 3 0 3 0
> VAMPIRE 3 13 13 3 1 3 0
> VAMPIRE 4 1 13 3 1 3 0
> GRENADE 1 3 3 2 3
> GRENADE 2 11 3 2 3
> BAT1 8 1 9 1 10 1 7 3 1 4 1 5 6 5 8 5 1 6 5 6 9 6 3 7 11 7 5 8 9 8 13 8 6 9 8 9 13 9 13 10 7 11 13 11 3 13 4 13 5 13 6 13
> BAT2 3 1 4 1 5 1 6 1 8 3 9 3 13 3 13 4 3 5 7 5 13 5 3 6 13 6 5 7 9 7 1 8 11 8 1 9 7 9 11 9 1 10 1 11 5 11 6 11 8 13 9 13 10 13 11 13
> BAT3 7 1 5 3 6 3 11 5 11 6 1 7 7 7 13 7 3 8 3 9 8 11 9 11 7 13
< RES 1637327083 12 2
> REQ 1637327083 13 2
> VAMPIRE 1 1 2 3 0 3 0
> VAMPIRE 2 12 1 3 0 3 0
> VAMPIRE 3 13 13 3 1 3 0
> VAMPIRE 4 1 13 3 1 3 0
> GRENADE 1 3 3 1 3
> GRENADE 2 11 3 1 3
> BAT1 8 1 9 1 10 1 7 3 1 4 1 5 6 5 8 5 1 6 5 6 9 6 3 7 11 7 5 8 9 8 13 8 6 9 8 9 13 9 13 10 7 11 13 11 3 13 4 13 5 13 6 13
> BAT2 3 1 4 1 5 1 6 1 8 3 9 3 13 3 13 4 3 5 7 5 13 5 3 6 13 6 5 7 9 7 1 8 11 8 1 9 7 9 11 9 1 10 1 11 5 11 6 11 8 13 9 13 10 13 11 13
> BAT3 7 1 5 3 6 3 11 5 11 6 1 7 7 7 13 7 3 8 3 9 8 11 9 11 7 13
< RES 1637327083 13 2
< MOVE U R
> REQ 1637327083 14 2
> VAMPIRE 1 2 3 3 1 3 0
> VAMPIRE 2 11 2 3 1 3 0
> VAMPIRE 3 13 13 3 1 3 0
> VAMPIRE 4 1 13 3 1 3 0
> BAT1 8 1 9 1 10 1 7 3 1 4 1 5 6 5 8 5 1 6 5 6 9 6 3 7 11 7 5 8 9 8 13 8 6 9 8 9 13 9 13 10 7 11 13 11 3 13 4 13 5 13 6 13 3 1 9 3 13 3 3 5
> BAT2 4 1 5 1 6 1 8 3 13 4 7 5 13 5 3 6 13 6 5 7 9 7 1 8 11 8 1 9 7 9 11 9 1 10 1 11 5 11 6 11 8 13 9 13 10 13 11 13 5 3 11 5
> BAT3 7 1 6 3 11 6 1 7 7 7 13 7 3 8 3 9 8 11 9 11 7 13
< RES 1637327083 14 2
< MOVE R U
> REQ 1637327083 15 2
> VAMPIRE 1 3 3 3 1 3 0
> VAMPIRE 2 10 3 3 1 3 0
> VAMPIRE 3 13 13 3 1 3 0
> VAMPIRE 4 1 13 3 1 3 0
> BAT1 8 1 9 1 10 1 7 3 1 4 1 5 6 5 8 5 1 6 5 6 9 6 3 7 11 7 5 8 9 8 13 8 6 9 8 9 13 9 13 10 7 11 13 11 3 13 4 13 5 13 6 13 3 1 9 3 13 3 3 5
> BAT2 4 1 5 1 6 1 8 3 13 4 7 5 13 5 3 6 13 6 5 7 9 7 1 8 11 8 1 9 7 9 11 9 1 10 1 11 5 11 6 11 8 13 9 13 10 13 11 13 5 3 11 5
> BAT3 7 1 6 3 11 6 1 7 7 7 13 7 3 8 3 9 8 11 9 11 7 13
< RES 1637327083 15 2
< GRENADE
< MOVE D L
> REQ 1637327083 16 2
> VAMPIRE 1 1 3 3 0 3 0
> VAMPIRE 2 11 2 3 0 3 0
> VAMPIRE 3 13 13 3 1 3 0
> VAMPIRE 4 1 13 3 1 3 0
> GRENADE 1 3 3 5 3
> GRENADE 2 10 3 5 3
> BAT1 8 1 9 1 10 1 7 3 1 4 1 5 6 5 8 5 1 6 5 6 9 6 3 7 11 7 5 8 9 8 13 8 6 9 8 9 13 9 13 10 7 11 13 11 3 13 4 13 5 13 6 13 3 1 9 3 13 3 3 5
> BAT2 4 1 5 1 6 1 8 3 13 4 7 5 13 5 3 6 13 6 5 7 9 7 1 8 11 8 1 9 7 9 11 9 1 10 1 11 5 11 6 11 8 13 9 13 10 13 11 13 5 3 11 5
> BAT3 7 1 6 3 11 6 1 7 7 7 13 7 3 8 3 9 8 11 9 11 7 13
< RES 1637327083 16 2
< MOVE L
> REQ 1637327083 17 2
> VAMPIRE 1 1 2 3 0 3 0
> VAMPIRE 2 11 1 3 0 3 0
> VAMPIRE 3 13 13 3 1 3 0
> VAMPIRE 4 1 13 3 1 3 0
> GRENADE 1 3 3 4 3
> GRENADE 2 10 3 4 3
> BAT1 8 1 9 1 10 1 7 3 1 4 1 5 6 5 8 5 1 6 5 6 9 6 3 7 11 7 5 8 9 8 13 8 6 9 8 9 13 9 13 10 7 11 13 11 3 13 4 13 5 13 6 13 3 1 9 3 13 3 3 5
> BAT2 4 1 5 1 6 1 8 3 13 4 7 5 13 5 3 6 13 6 5 7 9 7 1 8 11 8 1 9 7 9 11 9 1 10 1 11 5 11 6 11 8 13 9 13 10 13 11 13 5 3 11 5
> BAT3 7 1 6 3 11 6 1 7 7 7 13 7 3 8 3 9 8 11 9 11 7 13
< RES 1637327083 17 2
> REQ 1637327083 18 2
> VAMPIRE 1 1 2 3 0 3 0
> VAMPIRE 2 11 1 3 0 3 0
> VAMPIRE 3 13 13 3 1 3 0
> VAMPIRE 4 1 13 3 1 3 0
> GRENADE 1 3 3 3 3
> GRENADE 2 10 3 3 3
> BAT1 8 1 9 1 10 1 7 3 1 4 1 5 6 5 8 5 1 6 5 6 9 6 3 7 11 7 5 8 9 8 13 8 6 9 8 9 13 9 13 10 7 11 13 11 3 13 4 13 5 13 6 13 3 1 9 3 13 3 3 5
> BAT2 4 1 5 1 6 1 8 3 13 4 7 5 13 5 3 6 13 6 5 7 9 7 1 8 11 8 1 9 7 9 11 9 1 10 1 11 5 11 6 11 8 13 9 13 10 13 11 13 5 3 11 5
> BAT3 7 1 6 3 11 6 1 7 7 7 13 7 3 8 3 9 8 11 9 11 7 13
< RES 1637327083 18 2
> REQ 1637327083 19 2
> VAMPIRE 1 1 2 3 0 3 0
> VAMPIRE 2 11 1 3 0 3 0
> VAMPIRE 3 13 13 3 1 3 0
> VAMPIRE 4 1 13 3 1 3 0
> GRENADE 1 3 3 2 3
> GRENADE 2 10 3 2 3
> BAT1 8 1 9 1 10 1 7 3 1 4 1 5 6 5 8 5 1 6 5 6 9 6 3 7 11 7 5 8 9 8 13 8 6 9 8 9 13 9 13 10 7 11 13 11 3 13 4 13 5 13 6 13 3 1 9 3 13 3 3 5
> BAT2 4 1 5 1 6 1 8 3 13 4 7 5 13 5 3 6 13 6 5 7 9 7 1 8 11 8 1 9 7 9 11 9 1 10 1 11 5 11 6 11 8 13 9 13 10 13 11 13 5 3 11 5
> BAT3 7 1 6 3 11 6 1 7 7 7 13 7 3 8 3 9 8 11 9 11 7 13
< RES 1637327083 19 2
> REQ 1637327083 20 2
> VAMPIRE 1 1 2 3 0 3 0
> VAMPIRE 2 11 1 3 0 3 0
> VAMPIRE 3 13 13 3 1 3 0
> VAMPIRE 4 1 13 3 1 3 0
> GRENADE 1 3 3 1 3
> GRENADE 2 10 3 1 3
> BAT1 8 1 9 1 10 1 7 3 1 4 1 5 6 5 8 5 1 6 5 6 9 6 3 7 11 7 5 8 9 8 13 8 6 9 8 9 13 9 13 10 7 11 13 11 3 13 4 13 5 13 6 13 3 1 9 3 13 3 3 5
> BAT2 4 1 5 1 6 1 8 3 13 4 7 5 13 5 3 6 13 6 5 7 9 7 1 8 11 8 1 9 7 9 11 9 1 10 1 11 5 11 6 11 8 13 9 13 10 13 11 13 5 3 11 5
> BAT3 7 1 6 3 11 6 1 7 7 7 13 7 3 8 3 9 8 11 9 11 7 13
< RES 1637327083 20 2
< MOVE R R
> REQ 1637327083 21 2
> VAMPIRE 1 1 3 3 1 3 0
> VAMPIRE 2 11 3 3 1 3 0
> VAMPIRE 3 13 13 3 1 3 0
> VAMPIRE 4 1 13 3 1 3 0
> BAT1 8 1 9 1 10 1 7 3 1 4 1 5 6 5 8 5 1 6 5 6 9 6 3 7 11 7 5 8 9 8 13 8 6 9 8 9 13 9 13 10 7 11 13 11 3 13 4 13 5 13 6 13 5 3
> BAT2 4 1 5 1 6 1 8 3 13 4 7 5 13 5 3 6 13 6 5 7 9 7 1 8 11 8 1 9 7 9 11 9 1 10 1 11 5 11 6 11 8 13 9 13 10 13 11 13 11 5
> BAT3 7 1 6 3 11 6 1 7 7 7 13 7 3 8 3 9 8 11 9 11 7 13
< RES 1637327083 21 2
< GRENADE
> REQ 1637327083 22 2
> VAMPIRE 1 1 3 3 0 3 0
> VAMPIRE 2 11 3 3 0 3 0
> VAMPIRE 3 13 13 3 1 3 0
> VAMPIRE 4 1 13 3 1 3 0
> GRENADE 1 1 3 5 3
> GRENADE 2 11 3 5 3
> BAT1 8 1 9 1 10 1 7 3 1 4 1 5 6 5 8 5 1 6 5 6 9 6 3 7 11 7 5 8 9 8 13 8 6 9 8 9 13 9 13 10 7 11 13 11 3 13 4 13 5 13 6 13 5 3
> BAT2 4 1 5 1 6 1 8 3 13 4 7 5 13 5 3 6 13 6 5 7 9 7 1 8 11 8 1 9 7 9 11 9 1 10 1 11 5 11 6 11 8 13 9 13 10 13 11 13 11 5
> BAT3 7 1 6 3 11 6 1 7 7 7 13 7 3 8 3 9 8 11 9 11 7 13
< RES 1637327083 22 2
< THROW XU 2
< MOVE D D
> REQ 1637327083 23 2
> VAMPIRE 1 3 3 3 0 3 0
> VAMPIRE 2 13 3 3 0 3 0
> VAMPIRE 3 13 13 3 1 3 0
> VAMPIRE 4 1 13 3 1 3 0
> GRENADE 1 1 1 4 3
> GRENADE 2 9 3 4 3
> BAT1 8 1 9 1 10 1 7 3 1 4 1 5 6 5 8 5 1 6 5 6 9 6 3 7 11 7 5 8 9 8 13 8 6 9 8 9 13 9 13 10 7 11 13 11 3 13 4 13 5 13 6 13 5 3
> BAT2 4 1 5 1 6 1 8 3 13 4 7 5 13 5 3 6 13 6 5 7 9 7 1 8 11 8 1 9 7 9 11 9 1 10 1 11 5 11 6 11 8 13 9 13 10 13 11 13 11 5
> BAT3 7 1 6 3 11 6 1 7 7 7 13 7 3 8 3 9 8 11 9 11 7 13
< RES 1637327083 23 2
> REQ 1637327083 24 2
> VAMPIRE 1 3 3 3 0 3 0
> VAMPIRE 2 13 3 3 0 3 0
> VAMPIRE 3 13 13 3 1 3 0
> VAMPIRE 4 1 13 3 1 3 0
> GRENADE 1 1 1 3 3
> GRENADE 2 9 3 3 3
> BAT1 8 1 9 1 10 1 7 3 1 4 1 5 6 5 8 5 1 6 5 6 9 6 3 7 11 7 5 8 9 8 13 8 6 9 8 9 13 9 13 10 7 11 13 11 3 13 4 13 5 13 6 13 5 3
> BAT2 4 1 5 1 6 1 8 3 13 4 7 5 13 5 3 6 13 6 5 7 9 7 1 8 11 8 1 9 7 9 11 9 1 10 1 11 5 11 6 11 8 13 9 13 10 13 11 13 11 5
> BAT3 7 1 6 3 11 6 1 7 7 7 13 7 3 8 3 9 8 11 9 11 7 13
< RES 1637327083 24 2
> REQ 1637327083 25 2
> VAMPIRE 1 3 3 3 0 3 0
> VAMPIRE 2 13 3 3 0 3 0
> VAMPIRE 3 13 13 3 1 3 0
> VAMPIRE 4 1 13 3 1 3 0
> GRENADE 1 1 1 2 3
> GRENADE 2 9 3 2 3
> BAT1 8 1 9 1 10 1 7 3 1 4 1 5 6 5 8 5 1 6 5 6 9 6 3 7 11 7 5 8 9 8 13 8 6 9 8 9 13 9 13 10 7 11 13 11 3 13 4 13 5 13 6 13 5 3
> BAT2 4 1 5 1 6 1 8 3 13 4 7 5 13 5 3 6 13 6 5 7 9 7 1 8 11 8 1 9 7 9 11 9 1 10 1 11 5 11 6 11 8 13 9 13 10 13 11 13 11 5
> BAT3 7 1 6 3 11 6 1 7 7 7 13 7 3 8 3 9 8 11 9 11 7 13
< RES 1637327083 25 2
> REQ 1637327083 26 2
> VAMPIRE 1 3 5 3 0 3 0
> VAMPIRE 2 13 3 3 0 3 0
> VAMPIRE 3 13 13 3 1 3 0
> VAMPIRE 4 1 13 3 1 3 0
> GRENADE 1 1 1 1 3
> GRENADE 2 9 3 1 3
> BAT1 8 1 9 1 10 1 7 3 1 4 1 5 6 5 8 5 1 6 5 6 9 6 3 7 11 7 5 8 9 8 13 8 6 9 8 9 13 9 13 10 7 11 13 11 3 13 4 13 5 13 6 13 5 3
> BAT2 4 1 5 1 6 1 8 3 13 4 7 5 13 5 3 6 13 6 5 7 9 7 1 8 11 8 1 9 7 9 11 9 1 10 1 11 5 11 6 11 8 13 9 13 10 13 11 13 11 5
> BAT3 7 1 6 3 11 6 1 7 7 7 13 7 3 8 3 9 8 11 9 11 7 13
< RES 1637327083 26 2
< MOVE U U
> REQ 1637327083 27 2
> VAMPIRE 1 3 5 3 1 3 0
> VAMPIRE 2 11 3 3 1 3 0
> VAMPIRE 3 13 13 3 1 3 0
> VAMPIRE 4 1 13 3 1 3 0
> BAT1 8 1 10 1 7 3 1 5 6 5 8 5 1 6 5 6 3 7 11 7 5 8 9 8 13 8 6 9 8 9 13 9 13 10 7 11 13 11 3 13 4 13 5 13 6 13 4 1 8 3 5 3
> BAT2 5 1 6 1 13 4 7 5 13 5 3 6 13 6 5 7 9 7 1 8 11 8 1 9 7 9 11 9 1 10 1 11 5 11 6 11 8 13 9 13 10 13 11 13 11 5
> BAT3 7 1 6 3 11 6 1 7 7 7 13 7 3 8 3 9 8 11 9 11 7 13
< RES 1637327083 27 2
< GRENADE
< MOVE U U
> REQ 1637327083 28 2
> VAMPIRE 1 3 3 3 0 3 0
> VAMPIRE 2 9 3 3 0 3 0
> VAMPIRE 3 13 13 3 1 3 0
> VAMPIRE 4 1 13 3 1 3 0
> GRENADE 1 3 5 5 3
> GRENADE 2 11 3 5 3
> BAT1 8 1 10 1 7 3 1 5 6 5 8 5 1 6 5 6 3 7 11 7 5 8 9 8 13 8 6 9 8 9 13 9 13 10 7 11 13 11 3 13 4 13 5 13 6 13 4 1 8 3 5 3
> BAT2 5 1 6 1 13 4 7 5 13 5 3 6 13 6 5 7 9 7 1 8 11 8 1 9 7 9 11 9 1 10 1 11 5 11 6 11 8 13 9 13 10 13 11 13 11 5
> BAT3 7 1 6 3 11 6 1 7 7 7 13 7 3 8 3 9 8 11 9 11 7 13
< RES 1637327083 28 2
< MOVE R R
> REQ 1637327083 29 2
> VAMPIRE 1 1 3 3 0 3 0
> VAMPIRE 2 9 5 3 0 3 0
> VAMPIRE 3 13 13 3 1 3 0
> VAMPIRE 4 1 13 3 1 3 0
> GRENADE 1 3 5 4 3
> GRENADE 2 11 3 4 3
> BAT1 8 1 10 1 7 3 1 5 6 5 8 5 1 6 5 6 3 7 11 7 5 8 9 8 13 8 6 9 8 9 13 9 13 10 7 11 13 11 3 13 4 13 5 13 6 13 4 1 8 3 5 3
> BAT2 5 1 6 1 13 4 7 5 13 5 3 6 13 6 5 7 9 7 1 8 11 8 1 9 7 9 11 9 1 10 1 11 5 11 6 11 8 13 9 13 10 13 11 13 11 5
> BAT3 7 1 6 3 11 6 1 7 7 7 13 7 3 8 3 9 8 11 9 11 7 13
< RES 1637327083 29 2
> REQ 1637327083 30 2
> VAMPIRE 1 1 3 3 0 3 0
> VAMPIRE 2 9 5 3 0 3 0
> VAMPIRE 3 13 13 3 1 3 0
> VAMPIRE 4 1 13 3 1 3 0
> GRENADE 1 3 5 3 3
> GRENADE 2 11 3 3 3
> BAT1 8 1 10 1 7 3 1 5 6 5 8 5 1 6 5 6 3 7 11 7 5 8 9 8 13 8 6 9 8 9 13 9 13 10 7 11 13 11 3 13 4 13 5 13 6 13 4 1 8 3 5 3
> BAT2 5 1 6 1 13 4 7 5 13 5 3 6 13 6 5 7 9 7 1 8 11 8 1 9 7 9 11 9 1 10 1 11 5 11 6 11 8 13 9 13 10 13 11 13 11 5
> BAT3 7 1 6 3 11 6 1 7 7 7 13 7 3 8 3 9 8 11 9 11 7 13
< RES 1637327083 30 2
> REQ 1637327083 31 2
> VAMPIRE 1 1 3 3 0 3 0
> VAMPIRE 2 9 5 3 0 3 0
> VAMPIRE 3 13 13 3 1 3 0
> VAMPIRE 4 1 13 3 1 3 0
> GRENADE 1 3 5 2 3
> GRENADE 2 11 3 2 3
> BAT1 8 1 10 1 7 3 1 5 6 5 8 5 1 6 5 6 3 7 11 7 5 8 9 8 13 8 6 9 8 9 13 9 13 10 7 11 13 11 3 13 4 13 5 13 6 13 4 1 8 3 5 3
> BAT2 5 1 6 1 13 4 7 5 13 5 3 6 13 6 5 7 9 7 1 8 11 8 1 9 7 9 11 9 1 10 1 11 5 11 6 11 8 13 9 13 10 13 11 13 11 5
> BAT3 7 1 6 3 11 6 1 7 7 7 13 7 3 8 3 9 8 11 9 11 7 13
< RES 1637327083 31 2
> REQ 1637327083 32 2
> VAMPIRE 1 1 3 3 0 3 0
> VAMPIRE 2 9 5 3 0 3 0
> VAMPIRE 3 13 13 3 1 3 0
> VAMPIRE 4 1 13 3 1 3 0
> GRENADE 1 3 5 1 3
> GRENADE 2 11 3 1 3
> BAT1 8 1 10 1 7 3 1 5 6 5 8 5 1 6 5 6 3 7 11 7 5 8 9 8 13 8 6 9 8 9 13 9 13 10 7 11 13 11 3 13 4 13 5 13 6 13 4 1 8 3 5 3
> BAT2 5 1 6 1 13 4 7 5 13 5 3 6 13 6 5 7 9 7 1 8 11 8 1 9 7 9 11 9 1 10 1 11 5 11 6 11 8 13 9 13 10 13 11 13 11 5
> BAT3 7 1 6 3 11 6 1 7 7 7 13 7 3 8 3 9 8 11 9 11 7 13
< RES 1637327083 32 2
> REQ 1637327083 33 2
> VAMPIRE 1 3 3 3 1 3 0
> VAMPIRE 2 9 5 3 1 3 0
> VAMPIRE 3 13 13 3 1 3 0
> VAMPIRE 4 1 13 3 1 3 0
> BAT1 8 1 10 1 7 3 8 5 1 6 5 6 3 7 11 7 5 8 9 8 13 8 6 9 8 9 13 9 13 10 7 11 13 11 3 13 4 13 5 13 6 13 4 1 3 6 5 3 11 5
> BAT2 5 1 6 1 13 4 7 5 13 5 13 6 5 7 9 7 1 8 11 8 1 9 7 9 11 9 1 10 1 11 5 11 6 11 8 13 9 13 10 13 11 13
> BAT3 7 1 6 3 11 6 1 7 7 7 13 7 3 8 3 9 8 11 9 11 7 13
< RES 1637327083 33 2
< GRENADE
> REQ 1637327083 34 2
> VAMPIRE 1 3 5 3 0 3 0
> VAMPIRE 2 9 5 3 0 3 0
> VAMPIRE 3 13 13 3 1 3 0
> VAMPIRE 4 1 13 3 1 3 0
> GRENADE 1 3 3 5 3
> GRENADE 2 9 5 5 3
> BAT1 8 1 10 1 7 3 8 5 1 6 5 6 3 7 11 7 5 8 9 8 13 8 6 9 8 9 13 9 13 10 7 11 13 11 3 13 4 13 5 13 6 13 4 1 3 6 5 3 11 5
> BAT2 5 1 6 1 13 4 7 5 13 5 13 6 5 7 9 7 1 8 11 8 1 9 7 9 11 9 1 10 1 11 5 11 6 11 8 13 9 13 10 13 11 13
> BAT3 7 1 6 3 11 6 1 7 7 7 13 7 3 8 3 9 8 11 9 11 7 13
< RES 1637327083 34 2
< THROW XR 4
> REQ 1637327083 35 2
> VAMPIRE 1 5 5 3 0 3 0
> VAMPIRE 2 9 5 3 0 3 0
> VAMPIRE 3 13 13 3 1 3 0
> VAMPIRE 4 1 13 3 1 3 0
> GRENADE 1 3 3 4 3
> GRENADE 2 9 9 4 3
> BAT1 8 1 10 1 7 3 8 5 1 6 5 6 3 7 11 7 5 8 9 8 13 8 6 9 8 9 13 9 13 10 7 11 13 11 3 13 4 13 5 13 6 13 4 1 3 6 5 3 11 5
> BAT2 5 1 6 1 13 4 7 5 13 5 13 6 5 7 9 7 1 8 11 8 1 9 7 9 11 9 1 10 1 11 5 11 6 11 8 13 9 13 10 13 11 13
> BAT3 7 1 6 3 11 6 1 7 7 7 13 7 3 8 3 9 8 11 9 11 7 13
< RES 1637327083 35 2
< MOVE L L
> REQ 1637327083 36 2
> VAMPIRE 1 5 5 3 0 3 0
> VAMPIRE 2 9 3 3 0 3 0
> VAMPIRE 3 13 13 3 1 3 0
> VAMPIRE 4 1 13 3 1 3 0
> GRENADE 1 3 3 3 3
> GRENADE 2 9 9 3 3
> BAT1 8 1 10 1 7 3 8 5 1 6 5 6 3 7 11 7 5 8 9 8 13 8 6 9 8 9 13 9 13 10 7 11 13 11 3 13 4 13 5 13 6 13 4 1 3 6 5 3 11 5
> BAT2 5 1 6 1 13 4 7 5 13 5 13 6 5 7 9 7 1 8 11 8 1 9 7 9 11 9 1 10 1 11 5 11 6 11 8 13 9 13 10 13 11 13
> BAT3 7 1 6 3 11 6 1 7 7 7 13 7 3 8 3 9 8 11 9 11 7 13
< RES 1637327083 36 2
> REQ 1637327083 37 2
> VAMPIRE 1 5 5 3 0 3 0
> VAMPIRE 2 9 3 3 0 3 0
> VAMPIRE 3 13 13 3 1 3 0
> VAMPIRE 4 1 13 3 1 3 0
> GRENADE 1 3 3 2 3
> GRENADE 2 9 9 2 3
> BAT1 8 1 10 1 7 3 8 5 1 6 5 6 3 7 11 7 5 8 9 8 13 8 6 9 8 9 13 9 13 10 7 11 13 11 3 13 4 13 5 13 6 13 4 1 3 6 5 3 11 5
> BAT2 5 1 6 1 13 4 7 5 13 5 13 6 5 7 9 7 1 8 11 8 1 9 7 9 11 9 1 10 1 11 5 11 6 11 8 13 9 13 10 13 11 13
> BAT3 7 1 6 3 11 6 1 7 7 7 13 7 3 8 3 9 8 11 9 11 7 13
< RES 1637327083 37 2
> REQ 1637327083 38 2
> VAMPIRE 1 5 5 3 0 3 0
> VAMPIRE 2 9 3 3 0 3 0
> VAMPIRE 3 13 13 3 1 3 0
> VAMPIRE 4 1 13 3 1 3 0
> GRENADE 1 3 3 1 3
> GRENADE 2 9 9 1 3
> BAT1 8 1 10 1 7 3 8 5 1 6 5 6 3 7 11 7 5 8 9 8 13 8 6 9 8 9 13 9 13 10 7 11 13 11 3 13 4 13 5 13 6 13 4 1 3 6 5 3 11 5
> BAT2 5 1 6 1 13 4 7 5 13 5 13 6 5 7 9 7 1 8 11 8 1 9 7 9 11 9 1 10 1 11 5 11 6 11 8 13 9 13 10 13 11 13
> BAT3 7 1 6 3 11 6 1 7 7 7 13 7 3 8 3 9 8 11 9 11 7 13
< RES 1637327083 38 2
< MOVE R R
> REQ 1637327083 39 2
> VAMPIRE 1 5 4 3 1 3 0
> VAMPIRE 2 9 5 3 1 3 0
> VAMPIRE 3 13 13 3 1 3 0
> VAMPIRE 4 1 13 3 1 3 0
> BAT1 8 1 10 1 7 3 8 5 1 6 5 6 3 7 11 7 5 8 13 8 6 9 13 9 13 10 7 11 13 11 3 13 4 13 5 13 6 13 4 1 11 9 11 5
> BAT2 5 1 6 1 13 4 7 5 13 5 13 6 5 7 9 7 1 8 11 8 1 9 7 9 1 10 1 11 5 11 6 11 8 13 9 13 10 13 11 13 9 11
> BAT3 7 1 6 3 11 6 1 7 7 7 13 7 3 8 3 9 8 11 7 13
< RES 1637327083 39 2
< GRENADE
> REQ 1637327083 40 2
> VAMPIRE 1 5 4 3 0 3 0
> VAMPIRE 2 9 5 3 0 3 0
> VAMPIRE 3 13 13 3 1 3 0
> VAMPIRE 4 1 13 3 1 3 0
> GRENADE 1 5 4 5 3
> GRENADE 2 9 5 5 3
> BAT1 8 1 10 1 7 3 8 5 1 6 5 6 3 7 11 7 5 8 13 8 6 9 13 9 13 10 7 11 13 11 3 13 4 13 5 13 6 13 4 1 11 9 11 5
> BAT2 5 1 6 1 13 4 7 5 13 5 13 6 5 7 9 7 1 8 11 8 1 9 7 9 1 10 1 11 5 11 6 11 8 13 9 13 10 13 11 13 9 11
> BAT3 7 1 6 3 11 6 1 7 7 7 13 7 3 8 3 9 8 11 7 13
< RES 1637327083 40 2
< THROW XR 4
> REQ 1637327083 41 2
> VAMPIRE 1 5 5 3 0 3 0
> VAMPIRE 2 9 5 3 0 3 0
> VAMPIRE 3 13 13 3 1 3 0
> VAMPIRE 4 1 13 3 1 3 0
> GRENADE 1 9 4 4 3
> GRENADE 2 9 9 4 3
> BAT1 8 1 10 1 7 3 8 5 1 6 5 6 3 7 11 7 5 8 13 8 6 9 13 9 13 10 7 11 13 11 3 13 4 13 5 13 6 13 4 1 11 9 11 5
> BAT2 5 1 6 1 13 4 7 5 13 5 13 6 5 7 9 7 1 8 11 8 1 9 7 9 1 10 1 11 5 11 6 11 8 13 9 13 10 13 11 13 9 11
> BAT3 7 1 6 3 11 6 1 7 7 7 13 7 3 8 3 9 8 11 7 13
< RES 1637327083 41 2
< MOVE D
> REQ 1637327083 42 2
> VAMPIRE 1 3 5 3 0 3 0
> VAMPIRE 2 10 5 3 0 3 0
> VAMPIRE 3 13 13 3 1 3 0
> VAMPIRE 4 1 13 3 1 3 0
> GRENADE 1 9 4 3 3
> GRENADE 2 9 9 3 3
> BAT1 8 1 10 1 7 3 8 5 1 6 5 6 3 7 11 7 5 8 13 8 6 9 13 9 13 10 7 11 13 11 3 13 4 13 5 13 6 13 4 1 11 9 11 5
> BAT2 5 1 6 1 13 4 7 5 13 5 13 6 5 7 9 7 1 8 11 8 1 9 7 9 1 10 1 11 5 11 6 11 8 13 9 13 10 13 11 13 9 11
> BAT3 7 1 6 3 11 6 1 7 7 7 13 7 3 8 3 9 8 11 7 13
< RES 1637327083 42 2
> REQ 1637327083 43 2
> VAMPIRE 1 3 5 3 0 3 0
> VAMPIRE 2 10 5 3 0 3 0
> VAMPIRE 3 13 13 3 1 3 0
> VAMPIRE 4 1 13 3 1 3 0
> GRENADE 1 9 4 2 3
> GRENADE 2 9 9 2 3
> BAT1 8 1 10 1 7 3 8 5 1 6 5 6 3 7 11 7 5 8 13 8 6 9 13 9 13 10 7 11 13 11 3 13 4 13 5 13 6 13 4 1 11 9 11 5
> BAT2 5 1 6 1 13 4 7 5 13 5 13 6 5 7 9 7 1 8 11 8 1 9 7 9 1 10 1 11 5 11 6 11 8 13 9 13 10 13 11 13 9 11
> BAT3 7 1 6 3 11 6 1 7 7 7 13 7 3 8 3 9 8 11 7 13
< RES 1637327083 43 2
> REQ 1637327083 44 2
> VAMPIRE 1 5 5 3 0 3 0
> VAMPIRE 2 10 5 3 0 3 0
> VAMPIRE 3 13 13 3 1 3 0
> VAMPIRE 4 1 13 3 1 3 0
> GRENADE 1 9 4 1 3
> GRENADE 2 9 9 1 3
> BAT1 8 1 10 1 7 3 8 5 1 6 5 6 3 7 11 7 5 8 13 8 6 9 13 9 13 10 7 11 13 11 3 13 4 13 5 13 6 13 4 1 11 9 11 5
> BAT2 5 1 6 1 13 4 7 5 13 5 13 6 5 7 9 7 1 8 11 8 1 9 7 9 1 10 1 11 5 11 6 11 8 13 9 13 10 13 11 13 9 11
> BAT3 7 1 6 3 11 6 1 7 7 7 13 7 3 8 3 9 8 11 7 13
< RES 1637327083 44 2
< MOVE U
> REQ 1637327083 45 2
> VAMPIRE 1 5 3 3 1 3 0
> VAMPIRE 2 9 5 3 1 3 0
> VAMPIRE 3 13 13 3 1 3 0
> VAMPIRE 4 1 13 3 1 3 0
> BAT1 8 1 10 1 7 3 8 5 1 6 5 6 3 7 11 7 5 8 13 8 6 9 13 9 13 10 7 11 13 11 3 13 4 13 5 13 6 13 4 1 7 9 11 5 9 11
> BAT2 5 1 6 1 13 4 7 5 13 5 13 6 5 7 1 8 11 8 1 9 1 10 1 11 5 11 6 11 8 13 9 13 10 13 11 13
> BAT3 7 1 6 3 11 6 1 7 7 7 13 7 3 8 3 9 8 11 7 13
< RES 1637327083 45 2
< GRENADE
> REQ 1637327083 46 2
> VAMPIRE 1 3 3 3 0 3 0
> VAMPIRE 2 9 5 3 0 3 0
> VAMPIRE 3 13 12 3 1 3 0
> VAMPIRE 4 1 13 3 1 3 0
> GRENADE 1 5 3 5 3
> GRENADE 2 9 5 5 3
> BAT1 8 1 10 1 7 3 8 5 1 6 5 6 3 7 11 7 5 8 13 8 6 9 13 9 13 10 7 11 13 11 3 13 4 13 5 13 6 13 4 1 7 9 11 5 9 11
> BAT2 5 1 6 1 13 4 7 5 13 5 13 6 5 7 1 8 11 8 1 9 1 10 1 11 5 11 6 11 8 13 9 13 10 13 11 13
> BAT3 7 1 6 3 11 6 1 7 7 7 13 7 3 8 3 9 8 11 7 13
< RES 1637327083 46 2
< THROW XU 4
< MOVE L L
> REQ 1637327083 47 2
> VAMPIRE 1 3 5 3 0 3 0
> VAMPIRE 2 9 3 3 0 3 0
> VAMPIRE 3 12 13 3 0 3 0
> VAMPIRE 4 1 13 3 1 3 0
> GRENADE 1 5 3 4 3
> GRENADE 2 5 5 4 3
> GRENADE 3 13 12 5 3
> BAT1 8 1 10 1 7 3 8 5 1 6 5 6 3 7 11 7 5 8 13 8 6 9 13 9 13 10 7 11 13 11 3 13 4 13 5 13 6 13 4 1 7 9 11 5 9 11
> BAT2 5 1 6 1 13 4 7 5 13 5 13 6 5 7 1 8 11 8 1 9 1 10 1 11 5 11 6 11 8 13 9 13 10 13 11 13
> BAT3 7 1 6 3 11 6 1 7 7 7 13 7 3 8 3 9 8 11 7 13
< RES 1637327083 47 2
> REQ 1637327083 48 2
> VAMPIRE 1 1 5 3 0 3 0
> VAMPIRE 2 9 3 3 0 3 0
> VAMPIRE 3 12 13 3 0 3 0
> VAMPIRE 4 1 13 3 1 3 0
> GRENADE 1 5 3 3 3
> GRENADE 2 5 5 3 3
> GRENADE 3 13 12 4 3
> BAT1 8 1 10 1 7 3 8 5 1 6 5 6 3 7 11 7 5 8 13 8 6 9 13 9 13 10 7 11 13 11 3 13 4 13 5 13 6 13 4 1 7 9 11 5 9 11
> BAT2 5 1 6 1 13 4 7 5 13 5 13 6 5 7 1 8 11 8 1 9 1 10 1 11 5 11 6 11 8 13 9 13 10 13 11 13
> BAT3 7 1 6 3 11 6 1 7 7 7 13 7 3 8 3 9 8 11 7 13
< RES 1637327083 48 2
> REQ 1637327083 49 2
> VAMPIRE 1 1 3 3 0 3 0
> VAMPIRE 2 9 3 3 0 3 0
> VAMPIRE 3 12 13 3 0 3 0
> VAMPIRE 4 1 13 3 1 3 0
> GRENADE 1 5 3 2 3
> GRENADE 2 5 5 2 3
> GRENADE 3 13 12 3 3
> BAT1 8 1 10 1 7 3 8 5 1 6 5 6 3 7 11 7 5 8 13 8 6 9 13 9 13 10 7 11 13 11 3 13 4 13 5 13 6 13 4 1 7 9 11 5 9 11
> BAT2 5 1 6 1 13 4 7 5 13 5 13 6 5 7 1 8 11 8 1 9 1 10 1 11 5 11 6 11 8 13 9 13 10 13 11 13
> BAT3 7 1 6 3 11 6 1 7 7 7 13 7 3 8 3 9 8 11 7 13
< RES 1637327083 49 2
< MOVE L
> REQ 1637327083 50 2
> VAMPIRE 1 1 5 3 0 3 0
> VAMPIRE 2 9 2 3 0 3 0
> VAMPIRE 3 12 13 3 0 3 0
> VAMPIRE 4 1 13 3 1 3 0
> GRENADE 1 5 3 1 3
> GRENADE 2 5 5 1 3
> GRENADE 3 13 12 2 3
> BAT1 8 1 10 1 7 3 8 5 1 6 5 6 3 7 11 7 5 8 13 8 6 9 13 9 13 10 7 11 13 11 3 13 4 13 5 13 6 13 4 1 7 9 11 5 9 11
> BAT2 5 1 6 1 13 4 7 5 13 5 13 6 5 7 1 8 11 8 1 9 1 10 1 11 5 11 6 11 8 13 9 13 10 13 11 13
> BAT3 7 1 6 3 11 6 1 7 7 7 13 7 3 8 3 9 8 11 7 13
< RES 1637327083 50 2
< MOVE L
> REQ 1637327083 51 2
> VAMPIRE 1 1 3 3 1 3 0
> VAMPIRE 2 9 1 3 1 3 0
> VAMPIRE 3 12 13 3 0 3 0
> VAMPIRE 4 1 13 3 1 3 0
> GRENADE 3 13 12 1 3
> BAT1 8 1 10 1 7 3 8 5 1 6 3 7 11 7 5 8 13 8 6 9 13 9 13 10 7 11 13 11 3 13 4 13 5 13 6 13 4 1 5 1 7 5 7 9 11 5 9 11
> BAT2 6 1 13 4 13 5 13 6 5 7 1 8 11 8 1 9 1 10 1 11 5 11 6 11 8 13 9 13 10 13 11 13 6 3
> BAT3 7 1 11 6 1 7 7 7 13 7 3 8 3 9 8 11 7 13
< RES 1637327083 51 2
< GRENADE
< MOVE R R
> REQ 1637327083 52 2
> VAMPIRE 1 1 3 3 0 3 0
> VAMPIRE 2 9 3 3 0 3 0
> VAMPIRE 3 13 13 3 1 3 0
> VAMPIRE 4 1 13 3 1 3 0
> GRENADE 1 1 3 5 3
> GRENADE 2 9 1 5 3
> BAT1 8 1 10 1 7 3 8 5 1 6 3 7 11 7 5 8 13 8 6 9 13 9 13 10 7 11 3 13 4 13 5 13 6 13 4 1 5 1 7 5 7 9 11 5 9 11
> BAT2 6 1 13 4 13 5 13 6 5 7 1 8 11 8 1 9 1 10 1 11 5 11 6 11 8 13 9 13 10 13 11 13 6 3
> BAT3 7 1 11 6 1 7 7 7 13 7 3 8 3 9 8 11 7 13
< RES 1637327083 52 2
< MOVE D D
> REQ 1637327083 53 2
> VAMPIRE 1 3 3 3 0 3 0
> VAMPIRE 2 11 3 3 0 3 0
> VAMPIRE 3 13 11 3 0 3 0
> VAMPIRE 4 1 13 3 1 3 0
> GRENADE 1 5 3 4 3
> GRENADE 2 9 1 4 3
> GRENADE 3 13 13 5 3
> BAT1 8 1 10 1 7 3 8 5 1 6 3 7 11 7 5 8 13 8 6 9 13 9 13 10 7 11 3 13 4 13 5 13 6 13 4 1 5 1 7 5 7 9 11 5 9 11
> BAT2 6 1 13 4 13 5 13 6 5 7 1 8 11 8 1 9 1 10 1 11 5 11 6 11 8 13 9 13 10 13 11 13 6 3
> BAT3 7 1 11 6 1 7 7 7 13 7 3 8 3 9 8 11 7 13
< RES 1637327083 53 2
> REQ 1637327083 54 2
> VAMPIRE 1 4 3 3 0 3 0
> VAMPIRE 2 11 3 3 0 3 0
> VAMPIRE 3 11 11 3 0 3 0
> VAMPIRE 4 1 13 3 1 3 0
> GRENADE 1 5 3 3 3
> GRENADE 2 9 1 3 3
> GRENADE 3 13 13 4 3
> BAT1 8 1 10 1 7 3 8 5 1 6 3 7 11 7 5 8 13 8 6 9 13 9 13 10 7 11 3 13 4 13 5 13 6 13 4 1 5 1 7 5 7 9 11 5 9 11
> BAT2 6 1 13 4 13 5 13 6 5 7 1 8 11 8 1 9 1 10 1 11 5 11 6 11 8 13 9 13 10 13 11 13 6 3
> BAT3 7 1 11 6 1 7 7 7 13 7 3 8 3 9 8 11 7 13
< RES 1637327083 54 2
< MOVE U U
> REQ 1637327083 55 2
> VAMPIRE 1 3 3 3 0 3 0
> VAMPIRE 2 10 3 3 0 3 0
> VAMPIRE 3 11 11 3 0 3 0
> VAMPIRE 4 1 13 3 1 3 0
> GRENADE 1 9 3 2 3
> GRENADE 2 9 1 2 3
> GRENADE 3 13 13 3 3
> BAT1 8 1 10 1 7 3 8 5 1 6 3 7 11 7 5 8 13 8 6 9 13 9 13 10 7 11 3 13 4 13 5 13 6 13 4 1 5 1 7 5 7 9 11 5 9 11
> BAT2 6 1 13 4 13 5 13 6 5 7 1 8 11 8 1 9 1 10 1 11 5 11 6 11 8 13 9 13 10 13 11 13 6 3
> BAT3 7 1 11 6 1 7 7 7 13 7 3 8 3 9 8 11 7 13
< RES 1637327083 55 2
< MOVE D L
> REQ 1637327083 56 2
> VAMPIRE 1 3 5 3 0 3 0
> VAMPIRE 2 11 2 3 0 3 0
> VAMPIRE 3 11 11 3 0 3 0
> VAMPIRE 4 1 13 3 1 3 0
> GRENADE 1 9 3 1 3
> GRENADE 2 9 1 1 3
> GRENADE 3 13 13 2 3
> BAT1 8 1 10 1 7 3 8 5 1 6 3 7 11 7 5 8 13 8 6 9 13 9 13 10 7 11 3 13 4 13 5 13 6 13 4 1 5 1 7 5 7 9 11 5 9 11
> BAT2 6 1 13 4 13 5 13 6 5 7 1 8 11 8 1 9 1 10 1 11 5 11 6 11 8 13 9 13 10 13 11 13 6 3
> BAT3 7 1 11 6 1 7 7 7 13 7 3 8 3 9 8 11 7 13
< RES 1637327083 56 2
> REQ 1637327083 57 2
> VAMPIRE 1 5 5 3 1 3 0
> VAMPIRE 2 11 2 3 1 3 0
> VAMPIRE 3 11 11 3 0 3 0
> VAMPIRE 4 1 13 3 1 3 0
> GRENADE 3 13 13 1 3
> BAT1 8 5 1 6 3 7 11 7 5 8 13 8 6 9 13 9 13 10 7 11 3 13 4 13 5 13 6 13 4 1 5 1 7 5 7 9 11 5 9 11
> BAT2 6 1 13 4 13 5 13 6 5 7 1 8 11 8 1 9 1 10 1 11 5 11 6 11 8 13 9 13 10 13 11 13 6 3
> BAT3 7 1 11 6 1 7 7 7 13 7 3 8 3 9 8 11 7 13
< RES 1637327083 57 2
< GRENADE
> REQ 1637327083 58 2
> VAMPIRE 1 5 5 3 0 3 0
> VAMPIRE 2 11 2 3 0 3 0
> VAMPIRE 3 11 11 3 1 3 0
> VAMPIRE 4 1 13 3 1 3 0
> GRENADE 1 5 5 5 3
> GRENADE 2 11 2 5 3
> BAT1 8 5 1 6 3 7 11 7 5 8 13 8 6 9 13 9 7 11 3 13 4 13 5 13 6 13 4 1 5 1 7 5 7 9 11 13 11 5 9 11
> BAT2 6 1 13 4 13 5 13 6 5 7 1 8 11 8 1 9 1 10 1 11 5 11 6 11 8 13 9 13 10 13 6 3
> BAT3 7 1 11 6 1 7 7 7 13 7 3 8 3 9 8 11 7 13
< RES 1637327083 58 2
< THROW XU 4
< MOVE R
> REQ 1637327083 59 2
> VAMPIRE 1 5 5 3 0 3 0
> VAMPIRE 2 11 3 3 0 3 0
> VAMPIRE 3 11 9 3 0 3 0
> VAMPIRE 4 1 13 3 1 3 0
> GRENADE 1 5 9 4 3
> GRENADE 2 7 2 4 3
> GRENADE 3 11 11 5 3
> BAT1 8 5 1 6 3 7 11 7 5 8 13 8 6 9 13 9 7 11 3 13 4 13 5 13 6 13 4 1 5 1 7 5 7 9 11 13 11 5 9 11
> BAT2 6 1 13 4 13 5 13 6 5 7 1 8 11 8 1 9 1 10 1 11 5 11 6 11 8 13 9 13 10 13 6 3
> BAT3 7 1 11 6 1 7 7 7 13 7 3 8 3 9 8 11 7 13
< RES 1637327083 59 2
> REQ 1637327083 60 2
> VAMPIRE 1 5 5 3 0 3 0
> VAMPIRE 2 11 3 3 0 3 0
> VAMPIRE 3 9 9 3 0 3 0
> VAMPIRE 4 1 13 3 1 3 0
> GRENADE 1 5 9 3 3
> GRENADE 2 7 2 3 3
> GRENADE 3 11 11 4 3
> BAT1 8 5 1 6 3 7 11 7 5 8 13 8 6 9 13 9 7 11 3 13 4 13 5 13 6 13 4 1 5 1 7 5 7 9 11 13 11 5 9 11
> BAT2 6 1 13 4 13 5 13 6 5 7 1 8 11 8 1 9 1 10 1 11 5 11 6 11 8 13 9 13 10 13 6 3
> BAT3 7 1 11 6 1 7 7 7 13 7 3 8 3 9 8 11 7 13
< RES 1637327083 60 2
> REQ 1637327083 61 2
> VAMPIRE 1 5 5 3 0 3 0
> VAMPIRE 2 11 3 3 0 3 0
> VAMPIRE 3 9 9 3 0 3 0
> VAMPIRE 4 1 13 3 1 3 0
> GRENADE 1 5 9 2 3
> GRENADE 2 7 2 2 3
> GRENADE 3 11 11 3 3
> BAT1 8 5 1 6 3 7 11 7 5 8 13 8 6 9 13 9 7 11 3 13 4 13 5 13 6 13 4 1 5 1 7 5 7 9 11 13 11 5 9 11
> BAT2 6 1 13 4 13 5 13 6 5 7 1 8 11 8 1 9 1 10 1 11 5 11 6 11 8 13 9 13 10 13 6 3
> BAT3 7 1 11 6 1 7 7 7 13 7 3 8 3 9 8 11 7 13
< RES 1637327083 61 2
< MOVE U U
> REQ 1637327083 62 2
> VAMPIRE 1 5 5 3 0 3 0
> VAMPIRE 2 9 3 3 0 3 0
> VAMPIRE 3 9 9 3 0 3 0
> VAMPIRE 4 1 13 3 1 3 0
> GRENADE 1 5 9 1 3
> GRENADE 2 7 2 1 3
> GRENADE 3 11 11 2 3
> BAT1 8 5 1 6 3 7 11 7 5 8 13 8 6 9 13 9 7 11 3 13 4 13 5 13 6 13 4 1 5 1 7 5 7 9 11 13 11 5 9 11
> BAT2 6 1 13 4 13 5 13 6 5 7 1 8 11 8 1 9 1 10 1 11 5 11 6 11 8 13 9 13 10 13 6 3
> BAT3 7 1 11 6 1 7 7 7 13 7 3 8 3 9 8 11 7 13
< RES 1637327083 62 2
< MOVE R R
> REQ 1637327083 63 2
> VAMPIRE 1 5 5 3 1 3 0
> VAMPIRE 2 9 5 3 1 3 0
> VAMPIRE 3 9 9 3 0 3 0
> VAMPIRE 4 1 13 3 1 3 0
> GRENADE 3 11 11 1 3
> BAT1 8 5 1 6 3 7 11 7 13 8 13 9 7 11 3 13 4 13 5 13 6 13 4 1 5 1 7 9 5 11 11 13 11 5 9 11
> BAT2 6 1 13 4 13 5 13 6 5 7 1 8 11 8 1 9 1 10 1 11 6 11 8 13 9 13 10 13 7 1 6 3 3 9
> BAT3 11 6 1 7 7 7 13 7 3 8 8 11 7 13
< RES 1637327083 63 2
< GRENADE
< MOVE L L
> REQ 1637327083 64 2
> VAMPIRE 1 5 5 3 0 3 0
> VAMPIRE 2 9 3 3 0 3 0
> VAMPIRE 3 9 9 3 1 3 0
> VAMPIRE 4 1 13 3 1 3 0
> GRENADE 1 5 5 5 3
> GRENADE 2 9 5 5 3
> BAT1 8 5 1 6 3 7 11 7 13 8 13 9 7 11 3 13 4 13 5 13 6 13 4 1 5 1 11 8 7 9 5 11 11 5
> BAT2 6 1 13 4 13 5 13 6 5 7 1 8 1 9 1 10 1 11 6 11 8 13 9 13 10 13 7 1 6 3 3 9
> BAT3 11 6 1 7 7 7 13 7 3 8 8 11 7 13
< RES 1637327083 64 2
< MOVE D D
> REQ 1637327083 65 2
> VAMPIRE 1 5 5 3 0 3 0
> VAMPIRE 2 11 3 3 0 3 0
> VAMPIRE 3 9 7 3 1 3 0
> VAMPIRE 4 1 13 3 1 3 0
> GRENADE 1 5 9 4 3
> GRENADE 2 9 5 4 3
> BAT1 8 5 1 6 3 7 11 7 13 8 13 9 7 11 3 13 4 13 5 13 6 13 4 1 5 1 11 8 7 9 5 11 11 5
> BAT2 6 1 13 4 13 5 13 6 5 7 1 8 1 9 1 10 1 11 6 11 8 13 9 13 10 13 7 1 6 3 3 9
> BAT3 11 6 1 7 7 7 13 7 3 8 8 11 7 13
< RES 1637327083 65 2
> REQ 1637327083 66 2
> VAMPIRE 1 5 5 3 0 3 0
> VAMPIRE 2 11 3 3 0 3 0
> VAMPIRE 3 9 9 3 0 3 0
> VAMPIRE 4 1 13 3 1 3 0
> GRENADE 1 5 9 3 3
> GRENADE 2 9 5 3 3
> GRENADE 3 9 7 5 3
> BAT1 8 5 1 6 3 7 11 7 13 8 13 9 7 11 3 13 4 13 5 13 6 13 4 1 5 1 11 8 7 9 5 11 11 5
> BAT2 6 1 13 4 13 5 13 6 5 7 1 8 1 9 1 10 1 11 6 11 8 13 9 13 10 13 7 1 6 3 3 9
> BAT3 11 6 1 7 7 7 13 7 3 8 8 11 7 13
< RES 1637327083 66 2
< MOVE U
> REQ 1637327083 67 2
> VAMPIRE 1 5 5 3 0 3 0
> VAMPIRE 2 10 3 3 0 3 0
> VAMPIRE 3 11 9 3 0 3 0
> VAMPIRE 4 1 13 3 1 3 0
> GRENADE 1 5 9 2 3
> GRENADE 2 9 5 2 3
> GRENADE 3 9 7 4 3
> BAT1 8 5 1 6 3 7 11 7 13 8 13 9 7 11 3 13 4 13 5 13 6 13 4 1 5 1 11 8 7 9 5 11 11 5
> BAT2 6 1 13 4 13 5 13 6 5 7 1 8 1 9 1 10 1 11 6 11 8 13 9 13 10 13 7 1 6 3 3 9
> BAT3 11 6 1 7 7 7 13 7 3 8 8 11 7 13
< RES 1637327083 67 2
< MOVE D
> REQ 1637327083 68 2
> VAMPIRE 1 5 5 3 0 3 0
> VAMPIRE 2 11 3 3 0 3 0
> VAMPIRE 3 11 11 3 0 3 0
> VAMPIRE 4 1 13 3 1 3 0
> GRENADE 1 5 9 1 3
> GRENADE 2 9 5 1 3
> GRENADE 3 9 7 3 3
> BAT1 8 5 1 6 3 7 11 7 13 8 13 9 7 11 3 13 4 13 5 13 6 13 4 1 5 1 11 8 7 9 5 11 11 5
> BAT2 6 1 13 4 13 5 13 6 5 7 1 8 1 9 1 10 1 11 6 11 8 13 9 13 10 13 7 1 6 3 3 9
> BAT3 11 6 1 7 7 7 13 7 3 8 8 11 7 13
< RES 1637327083 68 2
> REQ 1637327083 69 2
> VAMPIRE 1 5 4 3 1 3 0
> VAMPIRE 2 11 3 3 1 3 0
> VAMPIRE 3 11 11 3 1 3 0
> VAMPIRE 4 1 13 3 1 3 0
> BAT1 1 6 3 7 13 8 13 9 7 11 3 13 4 13 5 13 6 13 4 1 5 1 5 7 11 8 3 9
> BAT2 6 1 13 4 13 5 13 6 1 8 1 9 1 10 1 11 6 11 8 13 9 13 10 13 7 1 6 3 7 7
> BAT3 11 6 1 7 13 7 3 8 8 11 7 13
< RES 1637327083 69 2
< GRENADE
> REQ 1637327083 70 2
> VAMPIRE 1 6 5 3 0 3 0
> VAMPIRE 2 11 3 3 0 3 0
> VAMPIRE 3 11 11 3 0 3 0
> VAMPIRE 4 1 13 3 1 3 0
> GRENADE 1 5 4 5 3
> GRENADE 2 11 3 5 3
> GRENADE 3 11 11 5 3
> BAT1 1 6 3 7 13 8 13 9 7 11 3 13 4 13 5 13 6 13 4 1 5 1 5 7 11 8 3 9
> BAT2 6 1 13 4 13 5 13 6 1 8 1 9 1 10 1 11 6 11 8 13 9 13 10 13 7 1 6 3 7 7
> BAT3 11 6 1 7 13 7 3 8 8 11 7 13
< RES 1637327083 70 2
< THROW XR 4
< MOVE U U
> REQ 1637327083 71 2
> VAMPIRE 1 7 5 3 0 3 0
> VAMPIRE 2 9 3 3 0 3 0
> VAMPIRE 3 11 11 3 0 3 0
> VAMPIRE 4 1 13 3 1 3 0
> GRENADE 1 5 4 4 3
> GRENADE 2 11 7 4 3
> GRENADE 3 11 7 4 3
> BAT1 1 6 3 7 13 8 13 9 7 11 3 13 4 13 5 13 6 13 4 1 5 1 5 7 11 8 3 9
> BAT2 6 1 13 4 13 5 13 6 1 8 1 9 1 10 1 11 6 11 8 13 9 13 10 13 7 1 6 3 7 7
> BAT3 11 6 1 7 13 7 3 8 8 11 7 13
< RES 1637327083 71 2
< MOVE D D
> REQ 1637327083 72 2
> VAMPIRE 1 6 5 3 0 3 0
> VAMPIRE 2 11 3 3 0 3 0
> VAMPIRE 3 11 11 3 0 3 0
> VAMPIRE 4 1 13 3 1 3 0
> GRENADE 1 5 4 3 3
> GRENADE 2 11 7 3 3
> GRENADE 3 11 7 3 3
> BAT1 1 6 3 7 13 8 13 9 7 11 3 13 4 13 5 13 6 13 4 1 5 1 5 7 11 8 3 9
> BAT2 6 1 13 4 13 5 13 6 1 8 1 9 1 10 1 11 6 11 8 13 9 13 10 13 7 1 6 3 7 7
> BAT3 11 6 1 7 13 7 3 8 8 11 7 13
< RES 1637327083 72 2
< MOVE U U
> REQ 1637327083 73 2
> VAMPIRE 1 7 5 3 0 3 0
> VAMPIRE 2 9 3 3 0 3 0
> VAMPIRE 3 11 11 3 0 3 0
> VAMPIRE 4 1 13 3 1 3 0
> GRENADE 1 5 4 2 3
> GRENADE 2 11 7 2 3
> GRENADE 3 11 7 2 3
> BAT1 1 6 3 7 13 8 13 9 7 11 3 13 4 13 5 13 6 13 4 1 5 1 5 7 11 8 3 9
> BAT2 6 1 13 4 13 5 13 6 1 8 1 9 1 10 1 11 6 11 8 13 9 13 10 13 7 1 6 3 7 7
> BAT3 11 6 1 7 13 7 3 8 8 11 7 13
< RES 1637327083 73 2
< MOVE U U
> REQ 1637327083 74 2
> VAMPIRE 1 7 5 3 0 3 0
> VAMPIRE 2 7 3 3 0 3 0
> VAMPIRE 3 11 11 3 0 3 0
> VAMPIRE 4 1 13 3 1 3 0
> GRENADE 1 5 4 1 3
> GRENADE 2 11 7 1 3
> GRENADE 3 11 7 1 3
> BAT1 1 6 3 7 13 8 13 9 7 11 3 13 4 13 5 13 6 13 4 1 5 1 5 7 11 8 3 9
> BAT2 6 1 13 4 13 5 13 6 1 8 1 9 1 10 1 11 6 11 8 13 9 13 10 13 7 1 6 3 7 7
> BAT3 11 6 1 7 13 7 3 8 8 11 7 13
< RES 1637327083 74 2
> REQ 1637327083 75 2
> VAMPIRE 1 7 4 3 1 3 0
> VAMPIRE 2 7 3 3 1 3 0
> VAMPIRE 3 11 9 3 1 3 0
> VAMPIRE 4 1 13 3 1 3 0
> BAT1 1 6 3 7 13 8 13 9 7 11 3 13 4 13 5 13 6 13 4 1 3 9
> BAT2 6 1 13 4 13 5 13 6 1 8 1 9 1 10 1 11 6 11 8 13 9 13 10 13 7 1 6 3 11 6 7 7 13 7
> BAT3 1 7 3 8 8 11 7 13
< RES 1637327083 75 2
< GRENADE
< MOVE D D
> REQ 1637327083 76 2
> VAMPIRE 1 6 5 3 0 3 0
> VAMPIRE 2 9 3 3 0 3 0
> VAMPIRE 3 11 9 3 0 3 0
> VAMPIRE 4 1 13 3 1 3 0
> GRENADE 1 7 4 5 3
> GRENADE 2 7 3 5 3
> GRENADE 3 11 9 5 3
> POWERUP SHOE -9 10 9 7
> POWERUP SHOE -9 4 5 7
> BAT1 1 6 3 7 13 8 13 9 7 11 3 13 4 13 5 13 6 13 4 1 3 9
> BAT2 6 1 13 4 13 5 13 6 1 8 1 9 1 10 1 11 6 11 8 13 9 13 10 13 7 1 6 3 11 6 7 7 13 7
> BAT3 1 7 3 8 8 11 7 13
< RES 1637327083 76 2
< MOVE R R
> REQ 1637327083 77 2
> VAMPIRE 1 4 5 3 0 3 0
> VAMPIRE 2 9 5 3 0 3 0
> VAMPIRE 3 10 9 3 0 3 0
> VAMPIRE 4 1 13 3 1 3 0
> GRENADE 1 7 4 4 3
> GRENADE 2 7 3 4 3
> GRENADE 3 11 5 4 3
> POWERUP SHOE -8 10 9 7
> POWERUP SHOE -8 4 5 7
> BAT1 1 6 3 7 13 8 13 9 7 11 3 13 4 13 5 13 6 13 4 1 3 9
> BAT2 6 1 13 4 13 5 13 6 1 8 1 9 1 10 1 11 6 11 8 13 9 13 10 13 7 1 6 3 11 6 7 7 13 7
> BAT3 1 7 3 8 8 11 7 13
< RES 1637327083 77 2
< MOVE R R
> REQ 1637327083 78 2
> VAMPIRE 1 4 5 3 0 3 0
> VAMPIRE 2 9 7 3 0 3 0
> VAMPIRE 3 10 9 3 0 3 0
> VAMPIRE 4 1 13 3 1 3 0
> GRENADE 1 7 4 3 3
> GRENADE 2 7 3 3 3
> GRENADE 3 11 5 3 3
> POWERUP SHOE -7 10 9 7
> POWERUP SHOE -7 4 5 7
> BAT1 1 6 3 7 13 8 13 9 7 11 3 13 4 13 5 13 6 13 4 1 3 9
> BAT2 6 1 13 4 13 5 13 6 1 8 1 9 1 10 1 11 6 11 8 13 9 13 10 13 7 1 6 3 11 6 7 7 13 7
> BAT3 1 7 3 8 8 11 7 13
< RES 1637327083 78 2
< MOVE R R
> REQ 1637327083 79 2
> VAMPIRE 1 4 5 3 0 3 0
> VAMPIRE 2 9 9 3 0 3 0
> VAMPIRE 3 10 9 3 0 3 0
> VAMPIRE 4 1 13 3 1 3 0
> GRENADE 1 7 4 2 3
> GRENADE 2 7 3 2 3
> GRENADE 3 11 5 2 3
> POWERUP SHOE -6 10 9 7
> POWERUP SHOE -6 4 5 7
> BAT1 1 6 3 7 13 8 13 9 7 11 3 13 4 13 5 13 6 13 4 1 3 9
> BAT2 6 1 13 4 13 5 13 6 1 8 1 9 1 10 1 11 6 11 8 13 9 13 10 13 7 1 6 3 11 6 7 7 13 7
> BAT3 1 7 3 8 8 11 7 13
< RES 1637327083 79 2
< MOVE D
> REQ 1637327083 80 2
> VAMPIRE 1 4 5 3 0 3 0
> VAMPIRE 2 10 9 3 0 3 0
> VAMPIRE 3 10 9 3 0 3 0
> VAMPIRE 4 1 13 3 1 3 0
> GRENADE 1 7 4 1 3
> GRENADE 2 7 3 1 3
> GRENADE 3 11 5 1 3
> POWERUP SHOE -5 10 9 7
> POWERUP SHOE -5 4 5 7
> BAT1 1 6 3 7 13 8 13 9 7 11 3 13 4 13 5 13 6 13 4 1 3 9
> BAT2 6 1 13 4 13 5 13 6 1 8 1 9 1 10 1 11 6 11 8 13 9 13 10 13 7 1 6 3 11 6 7 7 13 7
> BAT3 1 7 3 8 8 11 7 13
< RES 1637327083 80 2
> REQ 1637327083 81 2
> VAMPIRE 1 4 5 3 1 3 0
> VAMPIRE 2 10 9 3 1 3 0
> VAMPIRE 3 10 9 3 1 3 0
> VAMPIRE 4 1 13 3 1 3 0
> POWERUP SHOE -4 10 9 7
> POWERUP SHOE -4 4 5 7
> BAT1 1 6 3 7 13 8 13 9 7 11 3 13 4 13 5 13 6 13 4 1 13 5 7 1 6 3 11 6 7 7 3 9
> BAT2 6 1 13 4 13 6 1 8 1 9 1 10 1 11 6 11 8 13 9 13 10 13 13 7
> BAT3 1 7 3 8 8 11 7 13
< RES 1637327083 81 2
< GRENADE
> REQ 1637327083 82 2
> VAMPIRE 1 4 5 3 0 3 0
> VAMPIRE 2 10 9 3 0 3 0
> VAMPIRE 3 10 9 3 0 3 0
> VAMPIRE 4 1 13 3 1 3 0
> GRENADE 1 4 5 5 3
> GRENADE 2 10 9 5 3
> GRENADE 3 10 9 5 3
> POWERUP SHOE -3 10 9 7
> POWERUP SHOE -3 4 5 7
> BAT1 1 6 3 7 13 8 13 9 7 11 3 13 4 13 5 13 6 13 4 1 13 5 7 1 6 3 11 6 7 7 3 9
> BAT2 6 1 13 4 13 6 1 8 1 9 1 10 1 11 6 11 8 13 9 13 10 13 13 7
> BAT3 1 7 3 8 8 11 7 13
< RES 1637327083 82 2
> REQ 1637327083 83 2
> VAMPIRE 1 4 5 3 0 3 0
> VAMPIRE 2 10 9 3 0 3 0
> VAMPIRE 3 10 9 3 0 3 0
> VAMPIRE 4 1 13 3 1 3 0
> GRENADE 1 4 3 4 3
> GRENADE 2 10 9 4 3
> GRENADE 3 10 9 4 3
> POWERUP SHOE -2 10 9 7
> POWERUP SHOE -2 4 5 7
> BAT1 1 6 3 7 13 8 13 9 7 11 3 13 4 13 5 13 6 13 4 1 13 5 7 1 6 3 11 6 7 7 3 9
> BAT2 6 1 13 4 13 6 1 8 1 9 1 10 1 11 6 11 8 13 9 13 10 13 13 7
> BAT3 1 7 3 8 8 11 7 13
< RES 1637327083 83 2
> REQ 1637327083 84 2
> VAMPIRE 1 4 5 3 0 3 0
> VAMPIRE 2 10 9 3 0 3 0
> VAMPIRE 3 10 9 3 0 3 0
> VAMPIRE 4 1 13 3 1 3 0
> GRENADE 1 4 3 3 3
> GRENADE 2 10 9 3 3
> GRENADE 3 10 9 3 3
> POWERUP SHOE -1 10 9 7
> POWERUP SHOE -1 4 5 7
> BAT1 1 6 3 7 13 8 13 9 7 11 3 13 4 13 5 13 6 13 4 1 13 5 7 1 6 3 11 6 7 7 3 9
> BAT2 6 1 13 4 13 6 1 8 1 9 1 10 1 11 6 11 8 13 9 13 10 13 13 7
> BAT3 1 7 3 8 8 11 7 13
< RES 1637327083 84 2
> REQ 1637327083 85 2
> VAMPIRE 1 4 5 3 0 3 0
> VAMPIRE 2 10 9 3 0 3 0
> VAMPIRE 3 10 9 3 0 3 0
> VAMPIRE 4 1 13 3 1 3 0
> GRENADE 1 4 3 2 3
> GRENADE 2 10 9 2 3
> GRENADE 3 10 9 2 3
> POWERUP SHOE 16 10 9 7
> POWERUP SHOE 16 4 5 7
> BAT1 1 6 3 7 13 8 13 9 7 11 3 13 4 13 5 13 6 13 4 1 13 5 7 1 6 3 11 6 7 7 3 9
> BAT2 6 1 13 4 13 6 1 8 1 9 1 10 1 11 6 11 8 13 9 13 10 13 13 7
> BAT3 1 7 3 8 8 11 7 13
< RES 1637327083 85 2
< GRENADE
> REQ 1637327083 86 2
> VAMPIRE 1 4 5 3 0 3 0
> VAMPIRE 2 10 9 3 0 3 0
> VAMPIRE 3 10 9 3 0 3 0
> VAMPIRE 4 2 13 3 1 3 0
> GRENADE 1 4 3 1 3
> GRENADE 2 10 9 1 3
> GRENADE 3 10 9 1 3
> POWERUP SHOE 15 10 9 7
> POWERUP SHOE 15 4 5 7
> BAT1 1 6 3 7 13 8 13 9 7 11 3 13 4 13 5 13 6 13 4 1 13 5 7 1 6 3 11 6 7 7 3 9
> BAT2 6 1 13 4 13 6 1 8 1 9 1 10 1 11 6 11 8 13 9 13 10 13 13 7
> BAT3 1 7 3 8 8 11 7 13
< RES 1637327083 86 2
< THROW XU 4
> REQ 1637327083 87 2
> VAMPIRE 1 4 5 3 1 3 0
> VAMPIRE 2 10 9 2 1 3 0
> VAMPIRE 3 10 9 2 1 3 0
> VAMPIRE 4 1 13 3 1 3 0
> POWERUP SHOE 14 10 9 7
> POWERUP SHOE 14 4 5 7
> BAT1 1 6 3 7 13 8 7 11 3 13 4 13 5 13 6 13 4 1 13 5 7 1 11 6 7 7 3 9
> BAT2 6 1 13 4 13 6 1 8 1 9 1 10 1 11 6 11 8 13 9 13 10 13 13 7
> BAT3 1 7 3 8 8 11 7 13
< RES 1637327083 87 2
< GRENADE
> REQ 1637327083 88 2
> VAMPIRE 1 4 5 3 0 3 0
> VAMPIRE 2 10 9 2 1 3 0
> VAMPIRE 3 10 9 2 1 3 0
> VAMPIRE 4 1 13 3 1 3 0
> GRENADE 1 4 5 5 3
> POWERUP SHOE 13 10 9 7
> POWERUP SHOE 13 4 5 7
> BAT1 1 6 3 7 13 8 7 11 3 13 4 13 5 13 6 13 4 1 13 5 7 1 11 6 7 7 3 9
> BAT2 6 1 13 4 13 6 1 8 1 9 1 10 1 11 6 11 8 13 9 13 10 13 13 7
> BAT3 1 7 3 8 8 11 7 13
< RES 1637327083 88 2
< GRENADE
> REQ 1637327083 89 2
> VAMPIRE 1 4 5 3 0 3 0
> VAMPIRE 2 10 9 2 1 3 0
> VAMPIRE 3 10 9 2 1 3 0
> VAMPIRE 4 1 13 3 1 3 0
> GRENADE 1 4 9 4 3
> POWERUP SHOE 12 10 9 7
> POWERUP SHOE 12 4 5 7
> BAT1 1 6 3 7 13 8 7 11 3 13 4 13 5 13 6 13 4 1 13 5 7 1 11 6 7 7 3 9
> BAT2 6 1 13 4 13 6 1 8 1 9 1 10 1 11 6 11 8 13 9 13 10 13 13 7
> BAT3 1 7 3 8 8 11 7 13
< RES 1637327083 89 2
< GRENADE
> REQ 1637327083 90 2
> VAMPIRE 1 4 5 3 0 3 0
> VAMPIRE 2 10 9 2 0 3 0
> VAMPIRE 3 10 9 2 0 3 0
> VAMPIRE 4 1 13 3 1 3 0
> GRENADE 1 4 9 3 3
> GRENADE 2 10 9 5 3
> GRENADE 3 10 9 5 3
> POWERUP SHOE 11 10 9 7
> POWERUP SHOE 11 4 5 7
> BAT1 1 6 3 7 13 8 7 11 3 13 4 13 5 13 6 13 4 1 13 5 7 1 11 6 7 7 3 9
> BAT2 6 1 13 4 13 6 1 8 1 9 1 10 1 11 6 11 8 13 9 13 10 13 13 7
> BAT3 1 7 3 8 8 11 7 13
< RES 1637327083 90 2
< THROW XD 3
> REQ 1637327083 91 2
> VAMPIRE 1 4 5 3 0 3 30
> VAMPIRE 2 10 9 2 0 3 30
> VAMPIRE 3 10 9 2 0 3 30
> VAMPIRE 4 1 13 3 1 3 0
> GRENADE 1 4 9 2 3
> GRENADE 2 13 9 4 3
> GRENADE 3 13 9 4 3
> BAT1 1 6 3 7 13 8 7 11 3 13 4 13 5 13 6 13 4 1 13 5 7 1 11 6 7 7 3 9
> BAT2 6 1 13 4 13 6 1 8 1 9 1 10 1 11 6 11 8 13 9 13 10 13 13 7
> BAT3 1 7 3 8 8 11 7 13
< RES 1637327083 91 2
< MOVE U L L
> REQ 1637327083 92 2
> VAMPIRE 1 5 5 3 0 3 29
> VAMPIRE 2 9 7 2 0 3 29
> VAMPIRE 3 9 7 2 0 3 29
> VAMPIRE 4 1 13 3 1 3 0
> GRENADE 1 4 9 1 3
> GRENADE 2 13 9 3 3
> GRENADE 3 13 9 3 3
> BAT1 1 6 3 7 13 8 7 11 3 13 4 13 5 13 6 13 4 1 13 5 7 1 11 6 7 7 3 9
> BAT2 6 1 13 4 13 6 1 8 1 9 1 10 1 11 6 11 8 13 9 13 10 13 13 7
> BAT3 1 7 3 8 8 11 7 13
< RES 1637327083 92 2
< MOVE R R
> REQ 1637327083 93 2
> VAMPIRE 1 5 7 3 1 3 28
> VAMPIRE 2 9 9 2 0 3 28
> VAMPIRE 3 9 9 2 0 3 28
> VAMPIRE 4 1 13 3 1 3 0
> GRENADE 2 13 9 2 3
> GRENADE 3 13 9 2 3
> BAT1 1 6 3 7 13 8 7 11 3 13 4 13 5 13 6 13 4 1 13 5 7 1 11 6 7 7
> BAT2 6 1 13 4 13 6 1 8 1 9 1 10 1 11 6 11 8 13 9 13 10 13 13 7
> BAT3 1 7 3 8 8 11 7 13
< RES 1637327083 93 2
< MOVE L L
> REQ 1637327083 94 2
> VAMPIRE 1 5 5 3 0 3 27
> VAMPIRE 2 9 7 2 0 3 27
> VAMPIRE 3 9 7 2 0 3 27
> VAMPIRE 4 1 13 3 1 3 0
> GRENADE 2 13 9 1 3
> GRENADE 3 13 9 1 3
> GRENADE 1 5 7 5 3
> BAT1 1 6 3 7 13 8 7 11 3 13 4 13 5 13 6 13 4 1 13 5 7 1 11 6 7 7
> BAT2 6 1 13 4 13 6 1 8 1 9 1 10 1 11 6 11 8 13 9 13 10 13 13 7
> BAT3 1 7 3 8 8 11 7 13
< RES 1637327083 94 2
< MOVE D D
> REQ 1637327083 95 2
> VAMPIRE 1 5 3 3 0 3 26
> VAMPIRE 2 11 7 2 1 3 26
> VAMPIRE 3 11 7 2 1 3 26
> VAMPIRE 4 1 13 3 1 3 0
> GRENADE 1 5 7 4 3
> BAT1 1 6 3 7 7 11 3 13 4 13 5 13 6 13 4 1 13 5 7 1 11 6 7 7
> BAT2 6 1 13 4 13 6 1 8 1 9 1 10 1 11 6 11 8 13 9 13 10 13 13 7
> BAT3 1 7 3 8 8 11 7 13
< RES 1637327083 95 2
< GRENADE
< MOVE R R
> REQ 1637327083 96 2
> VAMPIRE 1 5 3 3 0 3 25
> VAMPIRE 2 11 9 2 0 3 25
> VAMPIRE 3 11 9 2 0 3 25
> VAMPIRE 4 1 13 3 1 3 0
> GRENADE 1 5 7 3 3
> GRENADE 2 11 7 5 3
> GRENADE 3 11 7 5 3
> BAT1 1 6 3 7 7 11 3 13 4 13 5 13 6 13 4 1 13 5 7 1 11 6 7 7
> BAT2 6 1 13 4 13 6 1 8 1 9 1 10 1 11 6 11 8 13 9 13 10 13 13 7
> BAT3 1 7 3 8 8 11 7 13
< RES 1637327083 96 2
< MOVE U U
> REQ 1637327083 97 2
> VAMPIRE 1 7 3 3 0 3 24
> VAMPIRE 2 9 9 2 0 3 24
> VAMPIRE 3 9 9 2 0 3 24
> VAMPIRE 4 1 13 3 1 3 0
> GRENADE 1 5 7 2 3
> GRENADE 2 11 7 4 3
> GRENADE 3 11 7 4 3
> BAT1 1 6 3 7 7 11 3 13 4 13 5 13 6 13 4 1 13 5 7 1 11 6 7 7
> BAT2 6 1 13 4 13 6 1 8 1 9 1 10 1 11 6 11 8 13 9 13 10 13 13 7
> BAT3 1 7 3 8 8 11 7 13
< RES 1637327083 97 2
< MOVE U U
> REQ 1637327083 98 2
> VAMPIRE 1 5 3 3 0 3 23
> VAMPIRE 2 7 9 2 0 3 23
> VAMPIRE 3 7 9 2 0 3 23
> VAMPIRE 4 1 13 3 1 3 0
> GRENADE 1 5 7 1 3
> GRENADE 2 11 7 3 3
> GRENADE 3 11 7 3 3
> BAT1 1 6 3 7 7 11 3 13 4 13 5 13 6 13 4 1 13 5 7 1 11 6 7 7
> BAT2 6 1 13 4 13 6 1 8 1 9 1 10 1 11 6 11 8 13 9 13 10 13 13 7
> BAT3 1 7 3 8 8 11 7 13
< RES 1637327083 98 2
< MOVE U U
> REQ 1637327083 99 2
> VAMPIRE 1 5 1 3 1 3 22
> VAMPIRE 2 5 9 2 0 3 22
> VAMPIRE 3 5 9 2 0 3 22
> VAMPIRE 4 1 13 3 1 3 0
> GRENADE 2 11 7 2 3
> GRENADE 3 11 7 2 3
> BAT1 1 6 7 11 3 13 4 13 5 13 6 13 4 1 13 5 7 1 11 6
> BAT2 6 1 13 4 13 6 1 8 1 9 1 10 1 11 6 11 8 13 9 13 10 13 13 7
> BAT3 1 7 3 8 8 11 7 13
< RES 1637327083 99 2
< MOVE R R U
> REQ 1637327083 100 2
> VAMPIRE 1 5 3 3 0 3 21
> VAMPIRE 2 4 11 2 0 3 21
> VAMPIRE 3 4 11 2 0 3 21
> VAMPIRE 4 1 13 3 1 3 0
> GRENADE 2 11 7 1 3
> GRENADE 3 11 7 1 3
> GRENADE 1 5 1 5 3
> BAT1 1 6 7 11 3 13 4 13 5 13 6 13 4 1 13 5 7 1 11 6
> BAT2 6 1 13 4 13 6 1 8 1 9 1 10 1 11 6 11 8 13 9 13 10 13 13 7
> BAT3 1 7 3 8 8 11 7 13
< RES 1637327083 100 2
< MOVE U
> REQ 1637327083 101 2
> VAMPIRE 1 7 3 3 0 3 20
> VAMPIRE 2 3 11 2 1 3 20
> VAMPIRE 3 3 11 2 1 3 20
> VAMPIRE 4 1 13 3 1 3 0
> GRENADE 1 5 1 4 3
> BAT1 1 6 7 11 3 13 4 13 5 13 6 13 4 1 13 5 7 1 13 7
> BAT2 6 1 13 4 13 6 1 8 1 9 1 10 1 11 6 11 8 13 9 13 10 13
> BAT3 1 7 3 8 8 11 7 13
< RES 1637327083 101 2
< GRENADE
< MOVE L L D
> REQ 1637327083 102 2
> VAMPIRE 1 7 5 3 0 3 19
> VAMPIRE 2 4 9 2 0 3 19
> VAMPIRE 3 4 9 2 0 3 19
> VAMPIRE 4 1 13 3 1 3 0
> GRENADE 1 5 1 3 3
> GRENADE 2 3 11 5 3
> GRENADE 3 3 11 5 3
> POWERUP SHOE -7 13 12 7
> POWERUP SHOE -7 1 2 7
> BAT1 1 6 7 11 3 13 4 13 5 13 6 13 4 1 13 5 7 1 13 7
> BAT2 6 1 13 4 13 6 1 8 1 9 1 10 1 11 6 11 8 13 9 13 10 13
> BAT3 1 7 3 8 8 11 7 13
< RES 1637327083 102 2
< MOVE D D D
> REQ 1637327083 103 2
> VAMPIRE 1 4 5 3 0 3 18
> VAMPIRE 2 7 9 2 0 3 18
> VAMPIRE 3 7 9 2 0 3 18
> VAMPIRE 4 1 13 3 1 3 0
> GRENADE 1 5 1 2 3
> GRENADE 2 3 11 4 3
> GRENADE 3 3 11 4 3
> POWERUP SHOE -6 13 12 7
> POWERUP SHOE -6 1 2 7
> BAT1 1 6 7 11 3 13 4 13 5 13 6 13 4 1 13 5 7 1 13 7
> BAT2 6 1 13 4 13 6 1 8 1 9 1 10 1 11 6 11 8 13 9 13 10 13
> BAT3 1 7 3 8 8 11 7 13
< RES 1637327083 103 2
< MOVE D D R
> REQ 1637327083 104 2
> VAMPIRE 1 1 5 3 0 3 17
> VAMPIRE 2 9 10 2 0 3 17
> VAMPIRE 3 9 10 2 0 3 17
> VAMPIRE 4 1 13 3 0 3 0
> GRENADE 1 5 1 1 3
> GRENADE 2 3 11 3 3
> GRENADE 3 3 11 3 3
> GRENADE 4 1 13 5 3
> POWERUP SHOE -5 13 12 7
> POWERUP SHOE -5 1 2 7
> BAT1 1 6 7 11 3 13 4 13 5 13 6 13 4 1 13 5 7 1 13 7
> BAT2 6 1 13 4 13 6 1 8 1 9 1 10 1 11 6 11 8 13 9 13 10 13
> BAT3 1 7 3 8 8 11 7 13
< RES 1637327083 104 2
< MOVE R D D
> REQ 1637327083 105 2
> VAMPIRE 1 1 2 3 1 3 16
> VAMPIRE 2 11 11 2 0 3 16
> VAMPIRE 3 11 11 2 0 3 16
> VAMPIRE 4 1 13 3 0 3 0
> GRENADE 2 3 11 2 3
> GRENADE 3 3 11 2 3
> GRENADE 4 1 13 4 3
> POWERUP SHOE -4 13 12 7
> POWERUP SHOE -4 1 2 7
> BAT1 1 6 7 11 3 13 4 13 5 13 6 13 6 1 13 5 7 1 13 7
> BAT2 13 4 13 6 1 8 1 9 1 10 1 11 6 11 8 13 9 13 10 13
> BAT3 1 7 3 8 8 11 7 13
< RES 1637327083 105 2
< MOVE D D R
> REQ 1637327083 106 2
> VAMPIRE 1 1 2 3 0 3 15
> VAMPIRE 2 13 12 2 0 3 15
> VAMPIRE 3 13 12 2 0 3 15
> VAMPIRE 4 1 13 3 0 3 0
> GRENADE 2 3 11 1 3
> GRENADE 3 3 11 1 3
> GRENADE 4 1 13 3 3
> GRENADE 1 1 2 5 3
> POWERUP SHOE -3 13 12 7
> POWERUP SHOE -3 1 2 7
> BAT1 1 6 7 11 3 13 4 13 5 13 6 13 6 1 13 5 7 1 13 7
> BAT2 13 4 13 6 1 8 1 9 1 10 1 11 6 11 8 13 9 13 10 13
> BAT3 1 7 3 8 8 11 7 13
< RES 1637327083 106 2
> REQ 1637327083 107 2
> VAMPIRE 1 1 2 3 0 3 14
> VAMPIRE 2 13 12 2 1 3 14
> VAMPIRE 3 13 12 2 1 3 14
> VAMPIRE 4 2 13 3 0 3 0
> GRENADE 4 1 13 2 3
> GRENADE 1 1 5 4 3
> POWERUP SHOE -2 13 12 7
> POWERUP SHOE -2 1 2 7
> BAT1 1 6 7 11 4 13 5 13 6 13 6 1 13 5 1 11 6 11 7 1 13 7
> BAT2 13 4 13 6 1 8 1 9 1 10 8 13 9 13 10 13 3 8
> BAT3 1 7 8 11 7 13
< RES 1637327083 107 2
< GRENADE
> REQ 1637327083 108 2
> VAMPIRE 1 1 2 3 0 3 13
> VAMPIRE 2 13 12 2 0 3 13
> VAMPIRE 3 13 12 2 0 3 13
> VAMPIRE 4 3 12 3 0 3 0
> GRENADE 4 1 13 1 3
> GRENADE 1 1 5 3 3
> GRENADE 2 13 12 5 3
> GRENADE 3 13 12 5 3
> POWERUP SHOE -1 13 12 7
> POWERUP SHOE -1 1 2 7
> BAT1 1 6 7 11 4 13 5 13 6 13 6 1 13 5 1 11 6 11 7 1 13 7
> BAT2 13 4 13 6 1 8 1 9 1 10 8 13 9 13 10 13 3 8
> BAT3 1 7 8 11 7 13
< RES 1637327083 108 2
< THROW XR 1
> REQ 1637327083 109 2
> VAMPIRE 1 1 1 3 0 3 12
> VAMPIRE 2 13 12 2 0 3 12
> VAMPIRE 3 13 12 2 0 3 12
> VAMPIRE 4 3 11 3 1 3 0
> GRENADE 1 1 5 2 3
> GRENADE 2 13 13 4 3
> GRENADE 3 13 13 4 3
> POWERUP SHOE 10 13 12 7
> POWERUP SHOE 10 1 2 7
> BAT1 1 6 7 11 5 13 6 13 6 1 13 5 6 11 7 1 13 7
> BAT2 13 4 13 6 1 8 1 9 1 10 8 13 9 13 10 13 3 8
> BAT3 1 7 8 11 7 13
< RES 1637327083 109 2
> REQ 1637327083 110 2
> VAMPIRE 1 1 1 3 0 3 11
> VAMPIRE 2 13 12 2 0 3 11
> VAMPIRE 3 13 12 2 0 3 11
> VAMPIRE 4 3 11 3 0 3 0
> GRENADE 1 1 5 1 3
> GRENADE 2 13 13 3 3
> GRENADE 3 13 13 3 3
> GRENADE 4 3 11 5 3
> POWERUP SHOE 9 13 12 7
> POWERUP SHOE 9 1 2 7
> BAT1 1 6 7 11 5 13 6 13 6 1 13 5 6 11 7 1 13 7
> BAT2 13 4 13 6 1 8 1 9 1 10 8 13 9 13 10 13 3 8
> BAT3 1 7 8 11 7 13
< RES 1637327083 110 2
> REQ 1637327083 111 2
> VAMPIRE 1 3 1 3 1 3 10
> VAMPIRE 2 13 12 2 0 3 10
> VAMPIRE 3 13 12 2 0 3 10
> VAMPIRE 4 5 11 3 0 3 0
> GRENADE 2 13 13 2 3
> GRENADE 3 13 13 2 3
> GRENADE 4 3 7 4 3
> POWERUP SHOE 8 13 12 7
> POWERUP SHOE 8 1 2 7
> BAT1 7 11 5 13 6 13 6 1 13 5 6 11 7 1 13 7
> BAT2 13 4 13 6 1 8 1 9 1 10 8 13 9 13 10 13 3 8
> BAT3 1 7 8 11 7 13
< RES 1637327083 111 2
< MOVE L U
> REQ 1637327083 112 2
> VAMPIRE 1 1 2 3 0 3 9
> VAMPIRE 2 12 11 2 0 3 9
> VAMPIRE 3 12 11 2 0 3 9
> VAMPIRE 4 5 9 3 0 3 0
> GRENADE 2 13 13 1 3
> GRENADE 3 13 13 1 3
> GRENADE 4 3 7 3 3
> GRENADE 1 3 1 5 3
> POWERUP SHOE 7 13 12 7
> POWERUP SHOE 7 1 2 7
> BAT1 7 11 5 13 6 13 6 1 13 5 6 11 7 1 13 7
> BAT2 13 4 13 6 1 8 1 9 1 10 8 13 9 13 10 13 3 8
> BAT3 1 7 8 11 7 13
< RES 1637327083 112 2
< MOVE D R
> REQ 1637327083 113 2
> VAMPIRE 1 1 2 3 0 3 8
> VAMPIRE 2 13 12 2 1 3 8
> VAMPIRE 3 13 12 2 1 3 8
> VAMPIRE 4 7 9 3 0 3 0
> GRENADE 4 3 7 2 3
> GRENADE 1 3 1 4 3
> POWERUP SHOE 6 13 12 7
> POWERUP SHOE 6 1 2 7
> BAT1 7 11 5 13 6 13 6 1 13 5 6 11 10 13 7 1 13 7
> BAT2 13 4 13 6 1 8 1 9 1 10 8 13 9 13 3 8
> BAT3 1 7 8 11 7 13
< RES 1637327083 113 2
< GRENADE
> REQ 1637327083 114 2
> VAMPIRE 1 1 2 3 0 3 7
> VAMPIRE 2 13 12 2 0 3 7
> VAMPIRE 3 13 12 2 0 3 7
> VAMPIRE 4 9 9 3 0 3 0
> GRENADE 4 3 7 1 3
> GRENADE 1 3 1 3 3
> GRENADE 2 13 12 5 3
> GRENADE 3 13 12 5 3
> POWERUP SHOE 5 13 12 7
> POWERUP SHOE 5 1 2 7
> BAT1 7 11 5 13 6 13 6 1 13 5 6 11 10 13 7 1 13 7
> BAT2 13 4 13 6 1 8 1 9 1 10 8 13 9 13 3 8
> BAT3 1 7 8 11 7 13
< RES 1637327083 114 2
< THROW XU 4
> REQ 1637327083 115 2
> VAMPIRE 1 1 2 3 0 3 6
> VAMPIRE 2 13 12 2 0 3 6
> VAMPIRE 3 13 12 2 0 3 6
> VAMPIRE 4 9 11 3 1 3 0
> GRENADE 1 3 1 2 3
> GRENADE 2 9 12 4 3
> GRENADE 3 13 13 4 3
> POWERUP SHOE 4 13 12 7
> POWERUP SHOE 4 1 2 7
> BAT1 7 11 5 13 6 13 6 1 13 5 6 11 10 13 7 1 13 7 3 8
> BAT2 13 4 13 6 1 8 1 9 1 10 8 13 9 13 1 7
> BAT3 8 11 7 13
< RES 1637327083 115 2
> REQ 1637327083 116 2
> VAMPIRE 1 1 2 3 0 3 5
> VAMPIRE 2 13 12 2 0 3 5
> VAMPIRE 3 13 12 2 0 3 5
> VAMPIRE 4 11 11 3 0 3 0
> GRENADE 1 3 1 1 3
> GRENADE 2 9 12 3 3
> GRENADE 3 13 13 3 3
> GRENADE 4 9 11 5 3
> POWERUP SHOE 3 13 12 7
> POWERUP SHOE 3 1 2 7
> BAT1 7 11 5 13 6 13 6 1 13 5 6 11 10 13 7 1 13 7 3 8
> BAT2 13 4 13 6 1 8 1 9 1 10 8 13 9 13 1 7
> BAT3 8 11 7 13
< RES 1637327083 116 2
> REQ 1637327083 117 2
> VAMPIRE 1 1 2 3 1 3 4
> VAMPIRE 2 13 12 2 0 3 4
> VAMPIRE 3 13 12 2 0 3 4
> VAMPIRE 4 11 9 3 0 3 0
> GRENADE 2 9 12 2 3
> GRENADE 3 13 13 2 3
> GRENADE 4 9 11 4 3
> POWERUP SHOE 2 13 12 7
> POWERUP SHOE 2 1 2 7
> BAT1 7 11 5 13 6 13 13 5 6 11 10 13 7 1 13 7 3 8
> BAT2 13 4 13 6 1 8 1 9 1 10 8 13 9 13 1 7
> BAT3 8 11 7 13
< RES 1637327083 117 2
< MOVE L L L
> REQ 1637327083 118 2
> VAMPIRE 1 1 2 3 0 3 3
> VAMPIRE 2 13 9 2 0 3 3
> VAMPIRE 3 13 9 2 0 3 3
> VAMPIRE 4 13 9 3 0 3 0
> GRENADE 2 9 12 1 3
> GRENADE 3 13 13 1 3
> GRENADE 4 9 11 3 3
> GRENADE 1 1 2 5 3
> POWERUP SHOE 1 13 12 7
> POWERUP SHOE 1 1 2 7
> BAT1 7 11 5 13 6 13 13 5 6 11 10 13 7 1 13 7 3 8
> BAT2 13 4 13 6 1 8 1 9 1 10 8 13 9 13 1 7
> BAT3 8 11 7 13
< RES 1637327083 118 2
< MOVE R
> REQ 1637327083 119 2
> VAMPIRE 1 1 2 3 0 3 2
> VAMPIRE 2 13 10 2 1 3 2
> VAMPIRE 3 13 10 2 1 3 2
> VAMPIRE 4 13 9 3 1 3 0
> GRENADE 1 1 6 4 3
> POWERUP SHOE 1 1 2 7
> BAT1 7 11 5 13 6 13 13 5 6 11 9 13 7 1 13 7 3 8
> BAT2 13 4 13 6 1 8 1 9 1 10 8 13 1 7 8 11
> BAT3 7 13
< RES 1637327083 119 2
< GRENADE
< MOVE R U U
> REQ 1637327083 120 2
> VAMPIRE 1 1 2 3 0 3 1
> VAMPIRE 2 11 11 2 0 3 1
> VAMPIRE 3 11 11 2 0 3 1
> VAMPIRE 4 11 9 3 0 3 0
> GRENADE 1 1 6 3 3
> GRENADE 2 13 10 5 3
> GRENADE 3 13 10 5 3
> GRENADE 4 13 9 5 3
> POWERUP SHOE 1 1 2 7
> BAT1 7 11 5 13 6 13 13 5 6 11 9 13 7 1 13 7 3 8
> BAT2 13 4 13 6 1 8 1 9 1 10 8 13 1 7 8 11
> BAT3 7 13
< RES 1637327083 120 2
> REQ 1637327083 121 2
> VAMPIRE 1 1 2 3 0 3 0
> VAMPIRE 2 11 11 2 0 3 0
> VAMPIRE 3 11 11 2 0 3 0
> VAMPIRE 4 9 9 3 0 3 0
> GRENADE 1 1 6 2 3
> GRENADE 2 13 10 4 3
> GRENADE 3 13 10 4 3
> GRENADE 4 13 9 4 3
> POWERUP SHOE 1 1 2 7
> BAT1 7 11 5 13 6 13 13 5 6 11 9 13 7 1 13 7 3 8
> BAT2 13 4 13 6 1 8 1 9 1 10 8 13 1 7 8 11
> BAT3 7 13
< RES 1637327083 121 2
> REQ 1637327083 122 2
> VAMPIRE 1 1 2 3 0 3 0
> VAMPIRE 2 11 11 2 0 3 0
> VAMPIRE 3 11 11 2 0 3 0
> VAMPIRE 4 7 9 3 0 3 0
> GRENADE 1 1 6 1 3
> GRENADE 2 13 10 3 3
> GRENADE 3 13 10 3 3
> GRENADE 4 13 9 3 3
> POWERUP TOMATO -5 4 5 4
> POWERUP TOMATO -5 10 9 4
> BAT1 7 11 5 13 6 13 13 5 6 11 9 13 7 1 13 7 3 8
> BAT2 13 4 13 6 1 8 1 9 1 10 8 13 1 7 8 11
> BAT3 7 13
< RES 1637327083 122 2
< MOVE L L
> REQ 1637327083 123 2
> VAMPIRE 1 1 4 3 1 3 0
> VAMPIRE 2 11 9 2 0 3 0
> VAMPIRE 3 11 9 2 0 3 0
> VAMPIRE 4 9 9 3 0 3 0
> GRENADE 2 13 10 2 3
> GRENADE 3 13 10 2 3
> GRENADE 4 13 9 2 3
> POWERUP TOMATO -4 4 5 4
> POWERUP TOMATO -4 10 9 4
> BAT1 7 11 5 13 6 13 13 5 6 11 9 13 7 1 1 7 13 7 3 8
> BAT2 13 4 13 6 1 8 1 9 1 10 8 13 8 11
> BAT3 7 13
< RES 1637327083 123 2
< MOVE L
> REQ 1637327083 124 2
> VAMPIRE 1 2 5 3 0 3 0
> VAMPIRE 2 11 8 2 0 3 0
> VAMPIRE 3 11 8 2 0 3 0
> VAMPIRE 4 8 9 3 0 3 0
> GRENADE 2 13 10 1 3
> GRENADE 3 13 10 1 3
> GRENADE 4 13 9 1 3
> GRENADE 1 1 4 5 3
> POWERUP TOMATO -3 4 5 4
> POWERUP TOMATO -3 10 9 4
> BAT1 7 11 5 13 6 13 13 5 6 11 9 13 7 1 1 7 13 7 3 8
> BAT2 13 4 13 6 1 8 1 9 1 10 8 13 8 11
> BAT3 7 13
< RES 1637327083 124 2
< MOVE R U
> REQ 1637327083 125 2
> VAMPIRE 1 4 5 3 0 3 0
> VAMPIRE 2 10 9 2 1 3 0
> VAMPIRE 3 10 9 2 1 3 0
> VAMPIRE 4 10 9 3 1 3 0
> GRENADE 1 1 4 4 3
> POWERUP TOMATO -2 4 5 4
> POWERUP TOMATO -2 10 9 4
> BAT1 7 11 5 13 6 13 13 5 6 11 9 13 7 1 1 7 3 8
> BAT2 13 4 13 6 1 8 1 9 1 10 8 13 8 11
> BAT3 7 13
< RES 1637327083 125 2
< GRENADE
> REQ 1637327083 126 2
> VAMPIRE 1 4 5 3 0 3 0
> VAMPIRE 2 10 9 2 0 3 0
> VAMPIRE 3 10 9 2 0 3 0
> VAMPIRE 4 10 9 3 0 3 0
> GRENADE 1 1 4 3 3
> GRENADE 2 10 9 5 3
> GRENADE 3 10 9 5 3
> GRENADE 4 10 9 5 3
> POWERUP TOMATO -1 4 5 4
> POWERUP TOMATO -1 10 9 4
> BAT1 7 11 5 13 6 13 13 5 6 11 9 13 7 1 1 7 3 8
> BAT2 13 4 13 6 1 8 1 9 1 10 8 13 8 11
> BAT3 7 13
< RES 1637327083 126 2
< MOVE U
> REQ 1637327083 127 2
> VAMPIRE 1 4 5 3 0 3 0
> VAMPIRE 2 9 9 2 0 3 0
> VAMPIRE 3 9 9 2 0 3 0
> VAMPIRE 4 10 9 3 0 3 0
> GRENADE 1 1 4 2 3
> GRENADE 2 10 9 4 3
> GRENADE 3 10 9 4 3
> GRENADE 4 13 9 4 3
> POWERUP TOMATO 14 4 5 4
> POWERUP TOMATO 14 10 9 4
> BAT1 7 11 5 13 6 13 13 5 6 11 9 13 7 1 1 7 3 8
> BAT2 13 4 13 6 1 8 1 9 1 10 8 13 8 11
> BAT3 7 13
< RES 1637327083 127 2
< MOVE L L
> REQ 1637327083 128 2
> VAMPIRE 1 4 5 3 0 3 0
> VAMPIRE 2 9 7 2 0 3 0
> VAMPIRE 3 9 7 2 0 3 0
> VAMPIRE 4 10 9 3 0 3 0
> GRENADE 1 1 4 1 3
> GRENADE 2 10 9 3 3
> GRENADE 3 10 9 3 3
> GRENADE 4 13 9 3 3
> POWERUP TOMATO 13 4 5 4
> POWERUP TOMATO 13 10 9 4
> BAT1 7 11 5 13 6 13 13 5 6 11 9 13 7 1 1 7 3 8
> BAT2 13 4 13 6 1 8 1 9 1 10 8 13 8 11
> BAT3 7 13
< RES 1637327083 128 2
< MOVE D D
> REQ 1637327083 129 2
> VAMPIRE 1 4 5 3 1 3 0
> VAMPIRE 2 11 7 2 0 3 0
> VAMPIRE 3 11 7 2 0 3 0
> VAMPIRE 4 10 9 3 0 3 0
> GRENADE 2 10 9 2 3
> GRENADE 3 10 9 2 3
> GRENADE 4 13 9 2 3
> POWERUP TOMATO 12 4 5 4
> POWERUP TOMATO 12 10 9 4
> BAT1 7 11 5 13 6 13 13 5 6 11 9 13 7 1 3 8
> BAT2 13 4 13 6 1 8 1 9 1 10 8 13 8 11
> BAT3 7 13
< RES 1637327083 129 2
< MOVE U
> REQ 1637327083 130 2
> VAMPIRE 1 4 5 3 0 3 0
> VAMPIRE 2 10 7 2 0 3 0
> VAMPIRE 3 10 7 2 0 3 0
> VAMPIRE 4 9 10 3 0 3 0
> GRENADE 2 10 9 1 3
> GRENADE 3 10 9 1 3
> GRENADE 4 13 9 1 3
> GRENADE 1 4 5 5 3
> BAT1 7 11 5 13 6 13 13 5 6 11 9 13 7 1 3 8
> BAT2 13 4 13 6 1 8 1 9 1 10 8 13 8 11
> BAT3 7 13
< RES 1637327083 130 2
< MOVE D L
> REQ 1637327083 131 2
> VAMPIRE 1 3 5 3 0 3 0
> VAMPIRE 2 11 6 2 1 3 0
> VAMPIRE 3 11 6 2 1 3 0
> VAMPIRE 4 9 11 3 1 3 0
> GRENADE 1 4 1 4 3
> BAT1 7 11 5 13 6 13 13 5 13 6 6 11 9 13 7 1 3 8
> BAT2 13 4 1 8 1 9 1 10 8 13 8 11
> BAT3 7 13
< RES 1637327083 131 2
< MOVE L U
> REQ 1637327083 132 2
> VAMPIRE 1 5 5 3 0 3 0
> VAMPIRE 2 10 5 2 1 3 0
> VAMPIRE 3 10 5 2 1 3 0
> VAMPIRE 4 9 9 3 0 3 0
> GRENADE 1 4 1 3 3
> GRENADE 4 9 11 5 3
> BAT1 7 11 5 13 6 13 13 5 13 6 6 11 9 13 7 1 3 8
> BAT2 13 4 1 8 1 9 1 10 8 13 8 11
> BAT3 7 13
< RES 1637327083 132 2
< GRENADE
< MOVE D L
> REQ 1637327083 133 2
> VAMPIRE 1 5 7 3 0 3 0
> VAMPIRE 2 11 4 2 0 3 0
> VAMPIRE 3 11 4 2 0 3 0
> VAMPIRE 4 7 9 3 0 3 0
> GRENADE 1 4 1 2 3
> GRENADE 4 9 11 4 3
> GRENADE 2 10 5 5 3
> GRENADE 3 10 5 5 3
> BAT1 7 11 5 13 6 13 13 5 13 6 6 11 9 13 7 1 3 8
> BAT2 13 4 1 8 1 9 1 10 8 13 8 11
> BAT3 7 13
< RES 1637327083 133 2
> REQ 1637327083 134 2
> VAMPIRE 1 5 9 3 0 3 0
> VAMPIRE 2 11 4 2 0 3 0
> VAMPIRE 3 11 4 2 0 3 0
> VAMPIRE 4 8 9 3 0 3 0
> GRENADE 1 4 1 1 3
> GRENADE 4 9 11 3 3
> GRENADE 2 10 5 4 3
> GRENADE 3 10 5 4 3
> BAT1 7 11 5 13 6 13 13 5 13 6 6 11 9 13 7 1 3 8
> BAT2 13 4 1 8 1 9 1 10 8 13 8 11
> BAT3 7 13
< RES 1637327083 134 2
< MOVE L
> REQ 1637327083 135 2
> VAMPIRE 1 3 9 3 1 3 0
> VAMPIRE 2 11 3 2 0 3 0
> VAMPIRE 3 11 3 2 0 3 0
> VAMPIRE 4 10 9 3 0 3 0
> GRENADE 4 9 11 2 3
> GRENADE 2 10 5 3 3
> GRENADE 3 10 5 3 3
> BAT1 7 11 5 13 6 13 13 5 13 6 6 11 9 13 3 8
> BAT2 13 4 1 8 1 9 1 10 8 13 8 11
> BAT3 7 13
< RES 1637327083 135 2
< MOVE U U
> REQ 1637327083 136 2
> VAMPIRE 1 5 9 3 0 3 0
> VAMPIRE 2 9 3 2 0 3 0
> VAMPIRE 3 9 3 2 0 3 0
> VAMPIRE 4 11 9 3 0 3 0
> GRENADE 4 9 11 1 3
> GRENADE 2 10 5 2 3
> GRENADE 3 10 5 2 3
> GRENADE 1 3 9 5 3
> BAT1 7 11 5 13 6 13 13 5 13 6 6 11 9 13 3 8
> BAT2 13 4 1 8 1 9 1 10 8 13 8 11
> BAT3 7 13
< RES 1637327083 136 2
< MOVE D D
> REQ 1637327083 137 2
> VAMPIRE 1 5 7 3 0 3 0
> VAMPIRE 2 11 3 2 0 3 0
> VAMPIRE 3 11 3 2 0 3 0
> VAMPIRE 4 13 9 3 1 3 0
> GRENADE 2 10 5 1 3
> GRENADE 3 10 5 1 3
> GRENADE 1 3 9 4 3
> BAT1 7 11 5 13 6 13 13 5 13 6 6 11 3 8 8 11
> BAT2 13 4 1 8 1 9 1 10 8 13
> BAT3 7 13
< RES 1637327083 137 2
< MOVE R R
> REQ 1637327083 138 2
> VAMPIRE 1 7 7 3 0 3 0
> VAMPIRE 2 11 5 2 1 3 0
> VAMPIRE 3 11 5 2 1 3 0
> VAMPIRE 4 13 9 3 0 3 0
> GRENADE 1 3 9 3 3
> GRENADE 4 13 9 5 3
> BAT1 7 11 5 13 6 13 13 6 6 11 3 8 8 11
> BAT2 13 4 1 8 1 9 1 10 8 13
> BAT3 7 13
< RES 1637327083 138 2
< MOVE L L
> REQ 1637327083 139 2
> VAMPIRE 1 7 7 3 0 3 0
> VAMPIRE 2 11 3 2 1 3 0
> VAMPIRE 3 11 3 2 1 3 0
> VAMPIRE 4 11 9 3 0 3 0
> GRENADE 1 3 9 2 3
> GRENADE 4 13 5 4 3
> BAT1 7 11 5 13 6 13 13 6 6 11 3 8 8 11
> BAT2 13 4 1 8 1 9 1 10 8 13
> BAT3 7 13
< RES 1637327083 139 2
< MOVE R R
> REQ 1637327083 140 2
> VAMPIRE 1 7 7 3 0 3 0
> VAMPIRE 2 11 5 2 1 3 0
> VAMPIRE 3 11 5 2 1 3 0
> VAMPIRE 4 11 7 3 0 3 0
> GRENADE 1 3 9 1 3
> GRENADE 4 13 5 3 3
> BAT1 7 11 5 13 6 13 13 6 6 11 3 8 8 11
> BAT2 13 4 1 8 1 9 1 10 8 13
> BAT3 7 13
< RES 1637327083 140 2
< GRENADE
> REQ 1637327083 141 2
> VAMPIRE 1 7 9 3 1 3 0
> VAMPIRE 2 11 5 2 0 3 0
> VAMPIRE 3 11 5 2 0 3 0
> VAMPIRE 4 11 9 3 0 3 0
> GRENADE 4 13 5 2 3
> GRENADE 2 11 5 5 3
> GRENADE 3 11 5 5 3
> BAT1 7 11 5 13 6 13 13 6 1 9 6 11 8 11
> BAT2 13 4 1 8 1 10 8 13
> BAT3 7 13
< RES 1637327083 141 2
< GRENADE
> REQ 1637327083 142 2
> VAMPIRE 1 7 9 3 0 3 0
> VAMPIRE 2 11 5 2 0 3 0
> VAMPIRE 3 11 5 2 0 3 0
> VAMPIRE 4 11 11 3 0 3 0
> GRENADE 4 13 5 1 3
> GRENADE 2 11 5 4 3
> GRENADE 3 11 5 4 3
> GRENADE 1 7 9 5 3
> BAT1 7 11 5 13 6 13 13 6 1 9 6 11 8 11
> BAT2 13 4 1 8 1 10 8 13
> BAT3 7 13
< RES 1637327083 142 2
< THROW XU 4
> REQ 1637327083 143 2
> VAMPIRE 1 7 9 3 0 3 0
> VAMPIRE 2 11 5 1 1 3 0
> VAMPIRE 3 11 5 1 1 3 0
> VAMPIRE 4 9 11 3 1 3 0
> GRENADE 1 7 12 4 3
> BAT1 7 11 5 13 6 13 13 4 1 9 6 11 8 11
> BAT2 1 8 1 10 8 13
> BAT3 7 13
< RES 1637327083 143 2
< GRENADE
> REQ 1637327083 144 2
> VAMPIRE 1 7 7 3 0 3 0
> VAMPIRE 2 11 5 1 1 3 0
> VAMPIRE 3 11 5 1 1 3 0
> VAMPIRE 4 9 11 3 0 3 0
> GRENADE 1 7 12 3 3
> GRENADE 4 9 11 5 3
> BAT1 7 11 5 13 6 13 13 4 1 9 6 11 8 11
> BAT2 1 8 1 10 8 13
> BAT3 7 13
< RES 1637327083 144 2
< GRENADE
> REQ 1637327083 145 2
> VAMPIRE 1 7 7 3 0 3 0
> VAMPIRE 2 11 5 1 1 3 0
> VAMPIRE 3 11 5 1 1 3 0
> VAMPIRE 4 9 9 3 0 3 0
> GRENADE 1 7 12 2 3
> GRENADE 4 5 11 4 3
> BAT1 7 11 5 13 6 13 13 4 1 9 6 11 8 11
> BAT2 1 8 1 10 8 13
> BAT3 7 13
< RES 1637327083 145 2
< GRENADE
> REQ 1637327083 146 2
> VAMPIRE 1 5 7 3 0 3 0
> VAMPIRE 2 11 5 1 0 3 0
> VAMPIRE 3 11 5 1 0 3 0
> VAMPIRE 4 11 9 3 0 3 0
> GRENADE 1 7 12 1 3
> GRENADE 4 5 11 3 3
> GRENADE 2 11 5 5 3
> GRENADE 3 11 5 5 3
> BAT1 7 11 5 13 6 13 13 4 1 9 6 11 8 11
> BAT2 1 8 1 10 8 13
> BAT3 7 13
< RES 1637327083 146 2
< THROW XD 2
< MOVE R R
> REQ 1637327083 147 2
> VAMPIRE 1 5 8 3 1 3 0
> VAMPIRE 2 11 7 1 0 3 0
> VAMPIRE 3 11 7 1 0 3 0
> VAMPIRE 4 9 9 3 0 3 0
> GRENADE 4 5 11 2 3
> GRENADE 2 13 5 4 3
> GRENADE 3 13 5 4 3
> BAT1 5 13 6 13 13 4 1 9 6 11 8 11
> BAT2 1 8 1 10 8 13 7 13
< RES 1637327083 147 2
> REQ 1637327083 148 2
> VAMPIRE 1 4 7 3 0 3 0
> VAMPIRE 2 11 7 1 0 3 0
> VAMPIRE 3 11 7 1 0 3 0
> VAMPIRE 4 7 9 3 0 3 0
> GRENADE 4 5 11 1 3
> GRENADE 2 13 5 3 3
> GRENADE 3 13 5 3 3
> GRENADE 1 5 8 5 3
> BAT1 5 13 6 13 13 4 1 9 6 11 8 11
> BAT2 1 8 1 10 8 13 7 13
< RES 1637327083 148 2
< MOVE U U
> REQ 1637327083 149 2
> VAMPIRE 1 3 8 3 1 3 0
> VAMPIRE 2 9 7 1 0 3 0
> VAMPIRE 3 9 7 1 0 3 0
> VAMPIRE 4 7 11 3 1 3 0
> GRENADE 2 13 5 2 3
> GRENADE 3 13 5 2 3
> BAT1 6 13 13 4 1 9 8 11
> BAT2 1 8 1 10 8 13 7 13
< RES 1637327083 149 2
< MOVE R R
> REQ 1637327083 150 2
> VAMPIRE 1 4 9 3 1 3 0
> VAMPIRE 2 9 9 1 0 3 0
> VAMPIRE 3 9 9 1 0 3 0
> VAMPIRE 4 7 9 3 0 3 0
> GRENADE 2 13 5 1 3
> GRENADE 3 13 5 1 3
> GRENADE 4 7 11 5 3
> BAT1 6 13 13 4 1 9 8 11
> BAT2 1 8 1 10 8 13 7 13
< RES 1637327083 150 2
< MOVE U U
> REQ 1637327083 151 2
> VAMPIRE 1 3 8 3 0 3 0
> VAMPIRE 2 7 9 1 1 3 0
> VAMPIRE 3 7 9 1 1 3 0
> VAMPIRE 4 7 7 3 0 3 0
> GRENADE 4 7 11 4 3
> GRENADE 1 4 9 5 3
> BAT1 6 13 1 9 8 11
> BAT2 1 8 1 10 8 13 7 13
< RES 1637327083 151 2
< GRENADE
< MOVE L L
> REQ 1637327083 152 2
> VAMPIRE 1 3 7 3 0 3 0
> VAMPIRE 2 7 7 1 0 3 0
> VAMPIRE 3 7 7 1 0 3 0
> VAMPIRE 4 7 7 3 0 3 0
> GRENADE 4 7 11 3 3
> GRENADE 1 4 9 4 3
> GRENADE 2 7 9 5 3
> GRENADE 3 7 9 5 3
> BAT1 6 13 1 9 8 11
> BAT2 1 8 1 10 8 13 7 13
< RES 1637327083 152 2
< MOVE U U
> REQ 1637327083 153 2
> VAMPIRE 1 3 5 3 0 3 0
> VAMPIRE 2 5 7 1 0 3 0
> VAMPIRE 3 5 7 1 0 3 0
> VAMPIRE 4 5 7 3 0 3 0
> GRENADE 4 7 11 2 3
> GRENADE 1 4 9 3 3
> GRENADE 2 7 9 4 3
> GRENADE 3 7 9 4 3
> BAT1 6 13 1 9 8 11
> BAT2 1 8 1 10 8 13 7 13
< RES 1637327083 153 2
< MOVE U U
> REQ 1637327083 154 2
> VAMPIRE 1 1 5 3 0 3 0
> VAMPIRE 2 3 7 1 0 3 0
> VAMPIRE 3 3 7 1 0 3 0
> VAMPIRE 4 3 7 3 0 3 0
> GRENADE 4 7 11 1 3
> GRENADE 1 4 9 2 3
> GRENADE 2 7 9 3 3
> GRENADE 3 7 9 3 3
> POWERUP SHOE -6 5 11 6
> POWERUP SHOE -6 9 3 6
> BAT1 6 13 1 9 8 11
> BAT2 1 8 1 10 8 13 7 13
< RES 1637327083 154 2
< MOVE D D
> REQ 1637327083 155 2
> VAMPIRE 1 1 7 3 1 3 0
> VAMPIRE 2 5 7 1 1 3 0
> VAMPIRE 3 5 7 1 1 3 0
> VAMPIRE 4 5 7 3 1 3 0
> POWERUP SHOE -5 5 11 6
> POWERUP SHOE -5 9 3 6
> BAT1 6 13 7 13
> BAT2 1 8 1 10 8 13
< RES 1637327083 155 2
< MOVE R R
> REQ 1637327083 156 2
> VAMPIRE 1 3 7 3 0 3 0
> VAMPIRE 2 5 9 1 1 3 0
> VAMPIRE 3 5 9 1 1 3 0
> VAMPIRE 4 5 9 3 1 3 0
> GRENADE 1 1 7 5 3
> POWERUP SHOE -4 5 11 6
> POWERUP SHOE -4 9 3 6
> BAT1 6 13 7 13
> BAT2 1 8 1 10 8 13
< RES 1637327083 156 2
< GRENADE
> REQ 1637327083 157 2
> VAMPIRE 1 3 9 3 0 3 0
> VAMPIRE 2 5 9 1 0 3 0
> VAMPIRE 3 5 9 1 0 3 0
> VAMPIRE 4 5 9 3 0 3 0
> GRENADE 1 1 7 4 3
> GRENADE 2 5 9 5 3
> GRENADE 3 5 9 5 3
> GRENADE 4 5 9 5 3
> POWERUP SHOE -3 5 11 6
> POWERUP SHOE -3 9 3 6
> BAT1 6 13 7 13
> BAT2 1 8 1 10 8 13
< RES 1637327083 157 2
< THROW XU 4
< MOVE R R
> REQ 1637327083 158 2
> VAMPIRE 1 3 11 3 0 3 0
> VAMPIRE 2 5 11 1 0 3 0
> VAMPIRE 3 5 11 1 0 3 0
> VAMPIRE 4 5 11 3 0 3 0
> GRENADE 1 1 7 3 3
> GRENADE 2 1 9 4 3
> GRENADE 3 1 9 4 3
> GRENADE 4 1 9 4 3
> POWERUP SHOE -2 5 11 6
> POWERUP SHOE -2 9 3 6
> BAT1 6 13 7 13
> BAT2 1 8 1 10 8 13
< RES 1637327083 158 2
> REQ 1637327083 159 2
> VAMPIRE 1 5 11 3 0 3 0
> VAMPIRE 2 5 11 1 0 3 0
> VAMPIRE 3 5 11 1 0 3 0
> VAMPIRE 4 5 11 3 0 3 0
> GRENADE 1 1 7 2 3
> GRENADE 2 1 9 3 3
> GRENADE 3 1 9 3 3
> GRENADE 4 1 9 3 3
> POWERUP SHOE -1 5 11 6
> POWERUP SHOE -1 9 3 6
> BAT1 6 13 7 13
> BAT2 1 8 1 10 8 13
< RES 1637327083 159 2
> REQ 1637327083 160 2
> VAMPIRE 1 5 11 3 0 3 0
> VAMPIRE 2 5 11 1 0 3 0
> VAMPIRE 3 5 11 1 0 3 0
> VAMPIRE 4 5 11 3 0 3 0
> GRENADE 1 1 7 1 3
> GRENADE 2 1 9 2 3
> GRENADE 3 1 9 2 3
> GRENADE 4 1 9 2 3
> POWERUP SHOE 11 5 11 6
> POWERUP SHOE 11 9 3 6
> BAT1 6 13 7 13
> BAT2 1 8 1 10 8 13
< RES 1637327083 160 2
> REQ 1637327083 161 2
> VAMPIRE 1 5 11 3 1 3 0
> VAMPIRE 2 5 11 1 0 3 0
> VAMPIRE 3 5 11 1 0 3 0
> VAMPIRE 4 5 11 3 0 3 0
> GRENADE 2 1 9 1 3
> GRENADE 3 1 9 1 3
> GRENADE 4 1 9 1 3
> POWERUP SHOE 10 5 11 6
> POWERUP SHOE 10 9 3 6
> BAT1 6 13 1 8 7 13
> BAT2 1 10 8 13
< RES 1637327083 161 2
> REQ 1637327083 162 2
> VAMPIRE 1 5 11 3 0 3 0
> VAMPIRE 2 5 11 1 1 3 0
> VAMPIRE 3 5 11 1 1 3 0
> VAMPIRE 4 5 11 3 1 3 0
> GRENADE 1 5 11 5 3
> POWERUP SHOE 9 5 11 6
> POWERUP SHOE 9 9 3 6
> BAT1 6 13 1 10 7 13
> BAT2 8 13
< RES 1637327083 162 2
< GRENADE
> REQ 1637327083 163 2
> VAMPIRE 1 5 11 3 0 3 0
> VAMPIRE 2 5 11 1 0 3 0
> VAMPIRE 3 5 11 1 0 3 0
> VAMPIRE 4 5 11 3 0 3 0
> GRENADE 1 5 13 4 3
> GRENADE 2 5 11 5 3
> GRENADE 3 5 11 5 3
> GRENADE 4 5 11 5 3
> POWERUP SHOE 8 5 11 6
> POWERUP SHOE 8 9 3 6
> BAT1 6 13 1 10 7 13
> BAT2 8 13
< RES 1637327083 163 2
> REQ 1637327083 164 2
> VAMPIRE 1 5 11 3 0 3 0
> VAMPIRE 2 5 11 1 0 3 0
> VAMPIRE 3 5 11 1 0 3 0
> VAMPIRE 4 5 11 3 0 3 0
> GRENADE 1 5 13 3 3
> GRENADE 2 5 11 4 3
> GRENADE 3 5 11 4 3
> GRENADE 4 5 11 4 3
> POWERUP SHOE 7 5 11 6
> POWERUP SHOE 7 9 3 6
> BAT1 6 13 1 10 7 13
> BAT2 8 13
< RES 1637327083 164 2
< MOVE D
> REQ 1637327083 165 2
> VAMPIRE 1 6 11 3 0 3 30
> VAMPIRE 2 6 11 1 0 3 30
> VAMPIRE 3 6 11 1 0 3 30
> VAMPIRE 4 6 11 3 0 3 30
> GRENADE 1 5 13 2 3
> GRENADE 2 5 11 3 3
> GRENADE 3 5 11 3 3
> GRENADE 4 5 11 3 3
> POWERUP SHOE 6 9 3 6
> BAT1 6 13 1 10 7 13
> BAT2 8 13
< RES 1637327083 165 2
< MOVE D L L
> REQ 1637327083 166 2
> VAMPIRE 1 7 9 3 0 3 29
> VAMPIRE 2 7 9 1 0 3 29
> VAMPIRE 3 7 9 1 0 3 29
> VAMPIRE 4 7 9 3 0 3 29
> GRENADE 1 5 13 1 3
> GRENADE 2 5 11 2 3
> GRENADE 3 5 11 2 3
> GRENADE 4 5 11 2 3
> POWERUP SHOE 5 9 3 6
> BAT1 6 13 1 10 7 13
> BAT2 8 13
< RES 1637327083 166 2
< MOVE D D L
> REQ 1637327083 167 2
> VAMPIRE 1 9 8 3 1 3 28
> VAMPIRE 2 9 8 1 1 3 28
> VAMPIRE 3 9 8 1 1 3 28
> VAMPIRE 4 9 8 3 1 3 28
> POWERUP SHOE 4 9 3 6
> BAT1 1 10 7 13
> BAT2 8 13
< RES 1637327083 167 2
< GRENADE
< MOVE L L L
> REQ 1637327083 168 2
> VAMPIRE 1 9 5 3 0 3 27
> VAMPIRE 2 9 5 1 0 3 27
> VAMPIRE 3 9 5 1 0 3 27
> VAMPIRE 4 9 5 3 0 3 27
> GRENADE 1 9 8 5 3
> GRENADE 2 9 8 5 3
> GRENADE 3 9 8 5 3
> GRENADE 4 9 8 5 3
> POWERUP SHOE 3 9 3 6
> BAT1 1 10 7 13
> BAT2 8 13
< RES 1637327083 168 2
< MOVE L L
> REQ 1637327083 169 2
> VAMPIRE 1 9 3 3 0 3 26
> VAMPIRE 2 9 3 1 0 3 26
> VAMPIRE 3 9 3 1 0 3 26
> VAMPIRE 4 9 3 3 0 3 26
> GRENADE 1 9 8 4 3
> GRENADE 2 9 8 4 3
> GRENADE 3 9 8 4 3
> GRENADE 4 9 8 4 3
> POWERUP SHOE 2 9 3 6
> BAT1 1 10 7 13
> BAT2 8 13
< RES 1637327083 169 2
> REQ 1637327083 170 2
> VAMPIRE 1 9 3 3 0 3 25
> VAMPIRE 2 9 3 1 0 3 25
> VAMPIRE 3 9 3 1 0 3 25
> VAMPIRE 4 9 3 3 0 3 25
> GRENADE 1 9 8 3 3
> GRENADE 2 9 8 3 3
> GRENADE 3 9 8 3 3
> GRENADE 4 9 8 3 3
> POWERUP SHOE 1 9 3 6
> BAT1 1 10 7 13
> BAT2 8 13
< RES 1637327083 170 2
> REQ 1637327083 171 2
> VAMPIRE 1 9 3 3 0 3 24
> VAMPIRE 2 9 3 1 0 3 24
> VAMPIRE 3 9 3 1 0 3 24
> VAMPIRE 4 9 3 3 0 3 24
> GRENADE 1 9 8 2 3
> GRENADE 2 9 8 2 3
> GRENADE 3 9 8 2 3
> GRENADE 4 9 8 2 3
> POWERUP SHOE 1 9 3 6
> BAT1 1 10 7 13
> BAT2 8 13
< RES 1637327083 171 2
> REQ 1637327083 172 2
> VAMPIRE 1 9 3 3 0 3 23
> VAMPIRE 2 9 3 1 0 3 23
> VAMPIRE 3 9 3 1 0 3 23
> VAMPIRE 4 9 3 3 0 3 23
> GRENADE 1 9 8 1 3
> GRENADE 2 9 8 1 3
> GRENADE 3 9 8 1 3
> GRENADE 4 9 8 1 3
> POWERUP SHOE 1 9 3 6
> BAT1 1 10 7 13
> BAT2 8 13
< RES 1637327083 172 2
> REQ 1637327083 173 2
> VAMPIRE 1 9 3 3 1 3 22
> VAMPIRE 2 9 3 1 1 3 22
> VAMPIRE 3 9 3 1 1 3 22
> VAMPIRE 4 9 3 3 1 3 22
> POWERUP SHOE 1 9 3 6
> BAT1 1 10 7 13
> BAT2 8 13
< RES 1637327083 173 2
< GRENADE
> REQ 1637327083 174 2
> VAMPIRE 1 9 3 3 0 3 21
> VAMPIRE 2 9 3 1 0 3 21
> VAMPIRE 3 9 3 1 0 3 21
> VAMPIRE 4 9 3 3 0 3 21
> GRENADE 1 9 3 5 3
> GRENADE 2 9 3 5 3
> GRENADE 3 9 3 5 3
> GRENADE 4 9 3 5 3
> POWERUP SHOE 1 9 3 6
> BAT1 1 10 7 13
> BAT2 8 13
< RES 1637327083 174 2
> REQ 1637327083 175 2
> VAMPIRE 1 9 3 3 0 3 20
> VAMPIRE 2 9 3 1 0 3 20
> VAMPIRE 3 9 3 1 0 3 20
> VAMPIRE 4 9 3 3 0 3 20
> GRENADE 1 9 3 4 3
> GRENADE 2 9 3 4 3
> GRENADE 3 9 3 4 3
> GRENADE 4 9 3 4 3
> POWERUP SHOE 1 9 3 6
> BAT1 1 10 7 13
> BAT2 8 13
< RES 1637327083 175 2
> REQ 1637327083 176 2
> VAMPIRE 1 9 3 3 0 3 19
> VAMPIRE 2 9 3 1 0 3 19
> VAMPIRE 3 9 3 1 0 3 19
> VAMPIRE 4 9 3 3 0 3 19
> GRENADE 1 9 3 3 3
> GRENADE 2 9 3 3 3
> GRENADE 3 9 3 3 3
> GRENADE 4 9 3 3 3
> POWERUP SHOE 1 9 3 6
> BAT1 1 10 7 13
> BAT2 8 13
< RES 1637327083 176 2
> REQ 1637327083 177 2
> VAMPIRE 1 9 3 3 0 3 18
> VAMPIRE 2 9 3 1 0 3 18
> VAMPIRE 3 9 3 1 0 3 18
> VAMPIRE 4 9 3 3 0 3 18
> GRENADE 1 9 3 2 3
> GRENADE 2 9 3 2 3
> GRENADE 3 9 3 2 3
> GRENADE 4 9 3 2 3
> POWERUP SHOE 1 9 3 6
> BAT1 1 10 7 13
> BAT2 8 13
< RES 1637327083 177 2
< GRENADE
> REQ 1637327083 178 2
> VAMPIRE 1 9 3 3 0 3 17
> VAMPIRE 2 9 3 1 0 3 17
> VAMPIRE 3 9 3 1 0 3 17
> VAMPIRE 4 9 3 3 0 3 17
> GRENADE 1 9 3 1 3
> GRENADE 2 9 3 1 3
> GRENADE 3 9 3 1 3
> GRENADE 4 9 3 1 3
> POWERUP BATTERY -8 10 3 6
> POWERUP BATTERY -8 4 11 6
> BAT1 1 10 7 13
> BAT2 8 13
< RES 1637327083 178 2
> END 558 Could_not_be_more_deaded
