> MESSAGE OK
> LEVEL 10
> GAMEID 1637332129
> TEST 1
> MAXTICK 800
> GRENADERADIUS 3
> SIZE 15
> REQ 1637332129 0 1
> VAMPIRE 1 1 1 3 1 3 0
> VAMPIRE 2 13 1 3 1 3 0
> VAMPIRE 3 13 13 3 1 3 0
> VAMPIRE 4 1 13 3 1 3 0
> BAT1 8 1 9 1 10 1 11 1 1 3 7 3 1 4 1 5 6 5 8 5 1 6 5 6 9 6 3 7 11 7 5 8 9 8 13 8 6 9 8 9 13 9 13 10 7 11 13 11 3 13 4 13 5 13 6 13
> BAT2 3 1 4 1 5 1 6 1 8 3 9 3 13 3 13 4 3 5 7 5 13 5 3 6 13 6 5 7 9 7 1 8 11 8 1 9 7 9 11 9 1 10 1 11 5 11 6 11 8 13 9 13 10 13 11 13
> BAT3 7 1 5 3 6 3 11 5 11 6 1 7 7 7 13 7 3 8 3 9 8 11 9 11 7 13
< RES 1637332129 0 1
< GRENADE
> REQ 1637332129 1 1
> VAMPIRE 1 1 1 3 0 3 0
> VAMPIRE 2 13 1 3 0 3 0
> VAMPIRE 3 13 13 3 1 3 0
> VAMPIRE 4 1 13 3 1 3 0
> GRENADE 1 1 1 5 3
> GRENADE 2 13 1 5 3
> BAT1 8 1 9 1 10 1 11 1 1 3 7 3 1 4 1 5 6 5 8 5 1 6 5 6 9 6 3 7 11 7 5 8 9 8 13 8 6 9 8 9 13 9 13 10 7 11 13 11 3 13 4 13 5 13 6 13
> BAT2 3 1 4 1 5 1 6 1 8 3 9 3 13 3 13 4 3 5 7 5 13 5 3 6 13 6 5 7 9 7 1 8 11 8 1 9 7 9 11 9 1 10 1 11 5 11 6 11 8 13 9 13 10 13 11 13
> BAT3 7 1 5 3 6 3 11 5 11 6 1 7 7 7 13 7 3 8 3 9 8 11 9 11 7 13
< RES 1637332129 1 1
> REQ 1637332129 2 1
> VAMPIRE 1 1 1 3 0 3 0
> VAMPIRE 2 13 1 3 0 3 0
> VAMPIRE 3 13 13 3 1 3 0
> VAMPIRE 4 1 13 3 1 3 0
> GRENADE 1 1 1 4 3
> GRENADE 2 13 1 4 3
> BAT1 8 1 9 1 10 1 11 1 1 3 7 3 1 4 1 5 6 5 8 5 1 6 5 6 9 6 3 7 11 7 5 8 9 8 13 8 6 9 8 9 13 9 13 10 7 11 13 11 3 13 4 13 5 13 6 13
> BAT2 3 1 4 1 5 1 6 1 8 3 9 3 13 3 13 4 3 5 7 5 13 5 3 6 13 6 5 7 9 7 1 8 11 8 1 9 7 9 11 9 1 10 1 11 5 11 6 11 8 13 9 13 10 13 11 13
> BAT3 7 1 5 3 6 3 11 5 11 6 1 7 7 7 13 7 3 8 3 9 8 11 9 11 7 13
< RES 1637332129 2 1
> REQ 1637332129 3 1
> VAMPIRE 1 1 1 3 0 3 0
> VAMPIRE 2 13 1 3 0 3 0
> VAMPIRE 3 13 13 3 1 3 0
> VAMPIRE 4 1 13 3 1 3 0
> GRENADE 1 1 1 3 3
> GRENADE 2 13 1 3 3
> BAT1 8 1 9 1 10 1 11 1 1 3 7 3 1 4 1 5 6 5 8 5 1 6 5 6 9 6 3 7 11 7 5 8 9 8 13 8 6 9 8 9 13 9 13 10 7 11 13 11 3 13 4 13 5 13 6 13
> BAT2 3 1 4 1 5 1 6 1 8 3 9 3 13 3 13 4 3 5 7 5 13 5 3 6 13 6 5 7 9 7 1 8 11 8 1 9 7 9 11 9 1 10 1 11 5 11 6 11 8 13 9 13 10 13 11 13
> BAT3 7 1 5 3 6 3 11 5 11 6 1 7 7 7 13 7 3 8 3 9 8 11 9 11 7 13
< RES 1637332129 3 1
< THROW XR 1
< MOVE D
> REQ 1637332129 4 1
> VAMPIRE 1 2 1 3 0 3 0
> VAMPIRE 2 13 2 3 0 3 0
> VAMPIRE 3 13 13 3 1 3 0
> VAMPIRE 4 1 13 3 1 3 0
> GRENADE 1 1 2 2 3
> GRENADE 2 12 1 2 3
> BAT1 8 1 9 1 10 1 11 1 1 3 7 3 1 4 1 5 6 5 8 5 1 6 5 6 9 6 3 7 11 7 5 8 9 8 13 8 6 9 8 9 13 9 13 10 7 11 13 11 3 13 4 13 5 13 6 13
> BAT2 3 1 4 1 5 1 6 1 8 3 9 3 13 3 13 4 3 5 7 5 13 5 3 6 13 6 5 7 9 7 1 8 11 8 1 9 7 9 11 9 1 10 1 11 5 11 6 11 8 13 9 13 10 13 11 13
> BAT3 7 1 5 3 6 3 11 5 11 6 1 7 7 7 13 7 3 8 3 9 8 11 9 11 7 13
< RES 1637332129 4 1
> REQ 1637332129 5 1
> VAMPIRE 1 2 1 3 0 3 0
> VAMPIRE 2 13 2 3 0 3 0
> VAMPIRE 3 13 13 3 1 3 0
> VAMPIRE 4 1 13 3 1 3 0
> GRENADE 1 1 2 1 3
> GRENADE 2 12 1 1 3
> BAT1 8 1 9 1 10 1 11 1 1 3 7 3 1 4 1 5 6 5 8 5 1 6 5 6 9 6 3 7 11 7 5 8 9 8 13 8 6 9 8 9 13 9 13 10 7 11 13 11 3 13 4 13 5 13 6 13
> BAT2 3 1 4 1 5 1 6 1 8 3 9 3 13 3 13 4 3 5 7 5 13 5 3 6 13 6 5 7 9 7 1 8 11 8 1 9 7 9 11 9 1 10 1 11 5 11 6 11 8 13 9 13 10 13 11 13
> BAT3 7 1 5 3 6 3 11 5 11 6 1 7 7 7 13 7 3 8 3 9 8 11 9 11 7 13
< RES 1637332129 5 1
< MOVE U
> REQ 1637332129 6 1
> VAMPIRE 1 1 1 3 1 3 0
> VAMPIRE 2 13 1 3 1 3 0
> VAMPIRE 3 13 13 3 1 3 0
> VAMPIRE 4 1 13 3 1 3 0
> BAT1 8 1 9 1 10 1 7 3 1 4 1 5 6 5 8 5 1 6 5 6 9 6 3 7 11 7 5 8 9 8 13 8 6 9 8 9 13 9 13 10 7 11 13 11 3 13 4 13 5 13 6 13
> BAT2 3 1 4 1 5 1 6 1 8 3 9 3 13 3 13 4 3 5 7 5 13 5 3 6 13 6 5 7 9 7 1 8 11 8 1 9 7 9 11 9 1 10 1 11 5 11 6 11 8 13 9 13 10 13 11 13
> BAT3 7 1 5 3 6 3 11 5 11 6 1 7 7 7 13 7 3 8 3 9 8 11 9 11 7 13
< RES 1637332129 6 1
< MOVE R R
> REQ 1637332129 7 1
> VAMPIRE 1 1 3 3 1 3 0
> VAMPIRE 2 11 1 3 1 3 0
> VAMPIRE 3 13 13 3 1 3 0
> VAMPIRE 4 1 13 3 1 3 0
> BAT1 8 1 9 1 10 1 7 3 1 4 1 5 6 5 8 5 1 6 5 6 9 6 3 7 11 7 5 8 9 8 13 8 6 9 8 9 13 9 13 10 7 11 13 11 3 13 4 13 5 13 6 13
> BAT2 3 1 4 1 5 1 6 1 8 3 9 3 13 3 13 4 3 5 7 5 13 5 3 6 13 6 5 7 9 7 1 8 11 8 1 9 7 9 11 9 1 10 1 11 5 11 6 11 8 13 9 13 10 13 11 13
> BAT3 7 1 5 3 6 3 11 5 11 6 1 7 7 7 13 7 3 8 3 9 8 11 9 11 7 13
< RES 1637332129 7 1
< MOVE D D
> REQ 1637332129 8 1
> VAMPIRE 1 3 3 3 1 3 0
> VAMPIRE 2 11 3 3 1 3 0
> VAMPIRE 3 13 13 3 1 3 0
> VAMPIRE 4 1 13 3 1 3 0
> BAT1 8 1 9 1 10 1 7 3 1 4 1 5 6 5 8 5 1 6 5 6 9 6 3 7 11 7 5 8 9 8 13 8 6 9 8 9 13 9 13 10 7 11 13 11 3 13 4 13 5 13 6 13
> BAT2 3 1 4 1 5 1 6 1 8 3 9 3 13 3 13 4 3 5 7 5 13 5 3 6 13 6 5 7 9 7 1 8 11 8 1 9 7 9 11 9 1 10 1 11 5 11 6 11 8 13 9 13 10 13 11 13
> BAT3 7 1 5 3 6 3 11 5 11 6 1 7 7 7 13 7 3 8 3 9 8 11 9 11 7 13
< RES 1637332129 8 1
< GRENADE
< MOVE U U
> REQ 1637332129 9 1
> VAMPIRE 1 1 3 3 0 3 0
> VAMPIRE 2 11 1 3 0 3 0
> VAMPIRE 3 13 13 3 1 3 0
> VAMPIRE 4 1 13 3 1 3 0
> GRENADE 1 3 3 5 3
> GRENADE 2 11 3 5 3
> BAT1 8 1 9 1 10 1 7 3 1 4 1 5 6 5 8 5 1 6 5 6 9 6 3 7 11 7 5 8 9 8 13 8 6 9 8 9 13 9 13 10 7 11 13 11 3 13 4 13 5 13 6 13
> BAT2 3 1 4 1 5 1 6 1 8 3 9 3 13 3 13 4 3 5 7 5 13 5 3 6 13 6 5 7 9 7 1 8 11 8 1 9 7 9 11 9 1 10 1 11 5 11 6 11 8 13 9 13 10 13 11 13
> BAT3 7 1 5 3 6 3 11 5 11 6 1 7 7 7 13 7 3 8 3 9 8 11 9 11 7 13
< RES 1637332129 9 1
< MOVE L
> REQ 1637332129 10 1
> VAMPIRE 1 1 2 3 0 3 0
> VAMPIRE 2 12 1 3 0 3 0
> VAMPIRE 3 13 13 3 1 3 0
> VAMPIRE 4 1 13 3 1 3 0
> GRENADE 1 3 3 4 3
> GRENADE 2 11 3 4 3
> BAT1 8 1 9 1 10 1 7 3 1 4 1 5 6 5 8 5 1 6 5 6 9 6 3 7 11 7 5 8 9 8 13 8 6 9 8 9 13 9 13 10 7 11 13 11 3 13 4 13 5 13 6 13
> BAT2 3 1 4 1 5 1 6 1 8 3 9 3 13 3 13 4 3 5 7 5 13 5 3 6 13 6 5 7 9 7 1 8 11 8 1 9 7 9 11 9 1 10 1 11 5 11 6 11 8 13 9 13 10 13 11 13
> BAT3 7 1 5 3 6 3 11 5 11 6 1 7 7 7 13 7 3 8 3 9 8 11 9 11 7 13
< RES 1637332129 10 1
> REQ 1637332129 11 1
> VAMPIRE 1 1 2 3 0 3 0
> VAMPIRE 2 12 1 3 0 3 0
> VAMPIRE 3 13 13 3 1 3 0
> VAMPIRE 4 1 13 3 1 3 0
> GRENADE 1 3 3 3 3
> GRENADE 2 11 3 3 3
> BAT1 8 1 9 1 10 1 7 3 1 4 1 5 6 5 8 5 1 6 5 6 9 6 3 7 11 7 5 8 9 8 13 8 6 9 8 9 13 9 13 10 7 11 13 11 3 13 4 13 5 13 6 13
> BAT2 3 1 4 1 5 1 6 1 8 3 9 3 13 3 13 4 3 5 7 5 13 5 3 6 13 6 5 7 9 7 1 8 11 8 1 9 7 9 11 9 1 10 1 11 5 11 6 11 8 13 9 13 10 13 11 13
> BAT3 7 1 5 3 6 3 11 5 11 6 1 7 7 7 13 7 3 8 3 9 8 11 9 11 7 13
< RES 1637332129 11 1
> REQ 1637332129 12 1
> VAMPIRE 1 1 2 3 0 3 0
> VAMPIRE 2 12 1 3 0 3 0
> VAMPIRE 3 13 13 3 1 3 0
> VAMPIRE 4 1 13 3 1 3 0
> GRENADE 1 3 3 2 3
> GRENADE 2 11 3 2 3
> BAT1 8 1 9 1 10 1 7 3 1 4 1 5 6 5 8 5 1 6 5 6 9 6 3 7 11 7 5 8 9 8 13 8 6 9 8 9 13 9 13 10 7 11 13 11 3 13 4 13 5 13 6 13
> BAT2 3 1 4 1 5 1 6 1 8 3 9 3 13 3 13 4 3 5 7 5 13 5 3 6 13 6 5 7 9 7 1 8 11 8 1 9 7 9 11 9 1 10 1 11 5 11 6 11 8 13 9 13 10 13 11 13
> BAT3 7 1 5 3 6 3 11 5 11 6 1 7 7 7 13 7 3 8 3 9 8 11 9 11 7 13
< RES 1637332129 12 1
> REQ 1637332129 13 1
> VAMPIRE 1 1 2 3 0 3 0
> VAMPIRE 2 12 1 3 0 3 0
> VAMPIRE 3 13 13 3 1 3 0
> VAMPIRE 4 1 13 3 1 3 0
> GRENADE 1 3 3 1 3
> GRENADE 2 11 3 1 3
> BAT1 8 1 9 1 10 1 7 3 1 4 1 5 6 5 8 5 1 6 5 6 9 6 3 7 11 7 5 8 9 8 13 8 6 9 8 9 13 9 13 10 7 11 13 11 3 13 4 13 5 13 6 13
> BAT2 3 1 4 1 5 1 6 1 8 3 9 3 13 3 13 4 3 5 7 5 13 5 3 6 13 6 5 7 9 7 1 8 11 8 1 9 7 9 11 9 1 10 1 11 5 11 6 11 8 13 9 13 10 13 11 13
> BAT3 7 1 5 3 6 3 11 5 11 6 1 7 7 7 13 7 3 8 3 9 8 11 9 11 7 13
< RES 1637332129 13 1
< MOVE R D
> REQ 1637332129 14 1
> VAMPIRE 1 2 3 3 1 3 0
> VAMPIRE 2 11 2 3 1 3 0
> VAMPIRE 3 13 13 3 1 3 0
> VAMPIRE 4 1 13 3 1 3 0
> BAT1 8 1 9 1 10 1 7 3 1 4 1 5 6 5 8 5 1 6 5 6 9 6 3 7 11 7 5 8 9 8 13 8 6 9 8 9 13 9 13 10 7 11 13 11 3 13 4 13 5 13 6 13 3 1 9 3 13 3 3 5
> BAT2 4 1 5 1 6 1 8 3 13 4 7 5 13 5 3 6 13 6 5 7 9 7 1 8 11 8 1 9 7 9 11 9 1 10 1 11 5 11 6 11 8 13 9 13 10 13 11 13 5 3 11 5
> BAT3 7 1 6 3 11 6 1 7 7 7 13 7 3 8 3 9 8 11 9 11 7 13
< RES 1637332129 14 1
< MOVE D
> REQ 1637332129 15 1
> VAMPIRE 1 3 3 3 1 3 0
> VAMPIRE 2 10 3 3 1 3 0
> VAMPIRE 3 13 13 3 1 3 0
> VAMPIRE 4 1 13 3 1 3 0
> BAT1 8 1 9 1 10 1 7 3 1 4 1 5 6 5 8 5 1 6 5 6 9 6 3 7 11 7 5 8 9 8 13 8 6 9 8 9 13 9 13 10 7 11 13 11 3 13 4 13 5 13 6 13 3 1 9 3 13 3 3 5
> BAT2 4 1 5 1 6 1 8 3 13 4 7 5 13 5 3 6 13 6 5 7 9 7 1 8 11 8 1 9 7 9 11 9 1 10 1 11 5 11 6 11 8 13 9 13 10 13 11 13 5 3 11 5
> BAT3 7 1 6 3 11 6 1 7 7 7 13 7 3 8 3 9 8 11 9 11 7 13
< RES 1637332129 15 1
< GRENADE
< MOVE U U
> REQ 1637332129 16 1
> VAMPIRE 1 1 3 3 0 3 0
> VAMPIRE 2 11 2 3 0 3 0
> VAMPIRE 3 13 13 3 1 3 0
> VAMPIRE 4 1 13 3 1 3 0
> GRENADE 1 3 3 5 3
> GRENADE 2 10 3 5 3
> BAT1 8 1 9 1 10 1 7 3 1 4 1 5 6 5 8 5 1 6 5 6 9 6 3 7 11 7 5 8 9 8 13 8 6 9 8 9 13 9 13 10 7 11 13 11 3 13 4 13 5 13 6 13 3 1 9 3 13 3 3 5
> BAT2 4 1 5 1 6 1 8 3 13 4 7 5 13 5 3 6 13 6 5 7 9 7 1 8 11 8 1 9 7 9 11 9 1 10 1 11 5 11 6 11 8 13 9 13 10 13 11 13 5 3 11 5
> BAT3 7 1 6 3 11 6 1 7 7 7 13 7 3 8 3 9 8 11 9 11 7 13
< RES 1637332129 16 1
< MOVE L
> REQ 1637332129 17 1
> VAMPIRE 1 1 2 3 0 3 0
> VAMPIRE 2 11 1 3 0 3 0
> VAMPIRE 3 13 13 3 1 3 0
> VAMPIRE 4 1 13 3 1 3 0
> GRENADE 1 3 3 4 3
> GRENADE 2 10 3 4 3
> BAT1 8 1 9 1 10 1 7 3 1 4 1 5 6 5 8 5 1 6 5 6 9 6 3 7 11 7 5 8 9 8 13 8 6 9 8 9 13 9 13 10 7 11 13 11 3 13 4 13 5 13 6 13 3 1 9 3 13 3 3 5
> BAT2 4 1 5 1 6 1 8 3 13 4 7 5 13 5 3 6 13 6 5 7 9 7 1 8 11 8 1 9 7 9 11 9 1 10 1 11 5 11 6 11 8 13 9 13 10 13 11 13 5 3 11 5
> BAT3 7 1 6 3 11 6 1 7 7 7 13 7 3 8 3 9 8 11 9 11 7 13
< RES 1637332129 17 1
> REQ 1637332129 18 1
> VAMPIRE 1 1 2 3 0 3 0
> VAMPIRE 2 11 1 3 0 3 0
> VAMPIRE 3 13 13 3 1 3 0
> VAMPIRE 4 1 13 3 1 3 0
> GRENADE 1 3 3 3 3
> GRENADE 2 10 3 3 3
> BAT1 8 1 9 1 10 1 7 3 1 4 1 5 6 5 8 5 1 6 5 6 9 6 3 7 11 7 5 8 9 8 13 8 6 9 8 9 13 9 13 10 7 11 13 11 3 13 4 13 5 13 6 13 3 1 9 3 13 3 3 5
> BAT2 4 1 5 1 6 1 8 3 13 4 7 5 13 5 3 6 13 6 5 7 9 7 1 8 11 8 1 9 7 9 11 9 1 10 1 11 5 11 6 11 8 13 9 13 10 13 11 13 5 3 11 5
> BAT3 7 1 6 3 11 6 1 7 7 7 13 7 3 8 3 9 8 11 9 11 7 13
< RES 1637332129 18 1
> REQ 1637332129 19 1
> VAMPIRE 1 1 2 3 0 3 0
> VAMPIRE 2 11 1 3 0 3 0
> VAMPIRE 3 13 13 3 1 3 0
> VAMPIRE 4 1 13 3 1 3 0
> GRENADE 1 3 3 2 3
> GRENADE 2 10 3 2 3
> BAT1 8 1 9 1 10 1 7 3 1 4 1 5 6 5 8 5 1 6 5 6 9 6 3 7 11 7 5 8 9 8 13 8 6 9 8 9 13 9 13 10 7 11 13 11 3 13 4 13 5 13 6 13 3 1 9 3 13 3 3 5
> BAT2 4 1 5 1 6 1 8 3 13 4 7 5 13 5 3 6 13 6 5 7 9 7 1 8 11 8 1 9 7 9 11 9 1 10 1 11 5 11 6 11 8 13 9 13 10 13 11 13 5 3 11 5
> BAT3 7 1 6 3 11 6 1 7 7 7 13 7 3 8 3 9 8 11 9 11 7 13
< RES 1637332129 19 1
> REQ 1637332129 20 1
> VAMPIRE 1 1 2 3 0 3 0
> VAMPIRE 2 11 1 3 0 3 0
> VAMPIRE 3 13 13 3 1 3 0
> VAMPIRE 4 1 13 3 1 3 0
> GRENADE 1 3 3 1 3
> GRENADE 2 10 3 1 3
> BAT1 8 1 9 1 10 1 7 3 1 4 1 5 6 5 8 5 1 6 5 6 9 6 3 7 11 7 5 8 9 8 13 8 6 9 8 9 13 9 13 10 7 11 13 11 3 13 4 13 5 13 6 13 3 1 9 3 13 3 3 5
> BAT2 4 1 5 1 6 1 8 3 13 4 7 5 13 5 3 6 13 6 5 7 9 7 1 8 11 8 1 9 7 9 11 9 1 10 1 11 5 11 6 11 8 13 9 13 10 13 11 13 5 3 11 5
> BAT3 7 1 6 3 11 6 1 7 7 7 13 7 3 8 3 9 8 11 9 11 7 13
< RES 1637332129 20 1
< MOVE R
> REQ 1637332129 21 1
> VAMPIRE 1 1 3 3 1 3 0
> VAMPIRE 2 11 3 3 1 3 0
> VAMPIRE 3 13 13 3 1 3 0
> VAMPIRE 4 1 13 3 1 3 0
> BAT1 8 1 9 1 10 1 7 3 1 4 1 5 6 5 8 5 1 6 5 6 9 6 3 7 11 7 5 8 9 8 13 8 6 9 8 9 13 9 13 10 7 11 13 11 3 13 4 13 5 13 6 13 5 3
> BAT2 4 1 5 1 6 1 8 3 13 4 7 5 13 5 3 6 13 6 5 7 9 7 1 8 11 8 1 9 7 9 11 9 1 10 1 11 5 11 6 11 8 13 9 13 10 13 11 13 11 5
> BAT3 7 1 6 3 11 6 1 7 7 7 13 7 3 8 3 9 8 11 9 11 7 13
< RES 1637332129 21 1
< GRENADE
> REQ 1637332129 22 1
> VAMPIRE 1 1 3 3 0 3 0
> VAMPIRE 2 11 3 3 0 3 0
> VAMPIRE 3 13 13 3 1 3 0
> VAMPIRE 4 1 13 3 1 3 0
> GRENADE 1 1 3 5 3
> GRENADE 2 11 3 5 3
> BAT1 8 1 9 1 10 1 7 3 1 4 1 5 6 5 8 5 1 6 5 6 9 6 3 7 11 7 5 8 9 8 13 8 6 9 8 9 13 9 13 10 7 11 13 11 3 13 4 13 5 13 6 13 5 3
> BAT2 4 1 5 1 6 1 8 3 13 4 7 5 13 5 3 6 13 6 5 7 9 7 1 8 11 8 1 9 7 9 11 9 1 10 1 11 5 11 6 11 8 13 9 13 10 13 11 13 11 5
> BAT3 7 1 6 3 11 6 1 7 7 7 13 7 3 8 3 9 8 11 9 11 7 13
< RES 1637332129 22 1
< THROW XL 2
< MOVE D D
> REQ 1637332129 23 1
> VAMPIRE 1 3 3 3 0 3 0
> VAMPIRE 2 13 3 3 0 3 0
> VAMPIRE 3 13 13 3 1 3 0
> VAMPIRE 4 1 13 3 1 3 0
> GRENADE 1 1 1 4 3
> GRENADE 2 9 3 4 3
> BAT1 8 1 9 1 10 1 7 3 1 4 1 5 6 5 8 5 1 6 5 6 9 6 3 7 11 7 5 8 9 8 13 8 6 9 8 9 13 9 13 10 7 11 13 11 3 13 4 13 5 13 6 13 5 3
> BAT2 4 1 5 1 6 1 8 3 13 4 7 5 13 5 3 6 13 6 5 7 9 7 1 8 11 8 1 9 7 9 11 9 1 10 1 11 5 11 6 11 8 13 9 13 10 13 11 13 11 5
> BAT3 7 1 6 3 11 6 1 7 7 7 13 7 3 8 3 9 8 11 9 11 7 13
< RES 1637332129 23 1
> REQ 1637332129 24 1
> VAMPIRE 1 3 3 3 0 3 0
> VAMPIRE 2 13 3 3 0 3 0
> VAMPIRE 3 13 13 3 1 3 0
> VAMPIRE 4 1 13 3 1 3 0
> GRENADE 1 1 1 3 3
> GRENADE 2 9 3 3 3
> BAT1 8 1 9 1 10 1 7 3 1 4 1 5 6 5 8 5 1 6 5 6 9 6 3 7 11 7 5 8 9 8 13 8 6 9 8 9 13 9 13 10 7 11 13 11 3 13 4 13 5 13 6 13 5 3
> BAT2 4 1 5 1 6 1 8 3 13 4 7 5 13 5 3 6 13 6 5 7 9 7 1 8 11 8 1 9 7 9 11 9 1 10 1 11 5 11 6 11 8 13 9 13 10 13 11 13 11 5
> BAT3 7 1 6 3 11 6 1 7 7 7 13 7 3 8 3 9 8 11 9 11 7 13
< RES 1637332129 24 1
> REQ 1637332129 25 1
> VAMPIRE 1 3 3 3 0 3 0
> VAMPIRE 2 13 3 3 0 3 0
> VAMPIRE 3 13 13 3 1 3 0
> VAMPIRE 4 1 13 3 1 3 0
> GRENADE 1 1 1 2 3
> GRENADE 2 9 3 2 3
> BAT1 8 1 9 1 10 1 7 3 1 4 1 5 6 5 8 5 1 6 5 6 9 6 3 7 11 7 5 8 9 8 13 8 6 9 8 9 13 9 13 10 7 11 13 11 3 13 4 13 5 13 6 13 5 3
> BAT2 4 1 5 1 6 1 8 3 13 4 7 5 13 5 3 6 13 6 5 7 9 7 1 8 11 8 1 9 7 9 11 9 1 10 1 11 5 11 6 11 8 13 9 13 10 13 11 13 11 5
> BAT3 7 1 6 3 11 6 1 7 7 7 13 7 3 8 3 9 8 11 9 11 7 13
< RES 1637332129 25 1
< MOVE R R
> REQ 1637332129 26 1
> VAMPIRE 1 3 5 3 0 3 0
> VAMPIRE 2 13 3 3 0 3 0
> VAMPIRE 3 13 13 3 1 3 0
> VAMPIRE 4 1 13 3 1 3 0
> GRENADE 1 1 1 1 3
> GRENADE 2 9 3 1 3
> BAT1 8 1 9 1 10 1 7 3 1 4 1 5 6 5 8 5 1 6 5 6 9 6 3 7 11 7 5 8 9 8 13 8 6 9 8 9 13 9 13 10 7 11 13 11 3 13 4 13 5 13 6 13 5 3
> BAT2 4 1 5 1 6 1 8 3 13 4 7 5 13 5 3 6 13 6 5 7 9 7 1 8 11 8 1 9 7 9 11 9 1 10 1 11 5 11 6 11 8 13 9 13 10 13 11 13 11 5
> BAT3 7 1 6 3 11 6 1 7 7 7 13 7 3 8 3 9 8 11 9 11 7 13
< RES 1637332129 26 1
> REQ 1637332129 27 1
> VAMPIRE 1 3 5 3 1 3 0
> VAMPIRE 2 11 3 3 1 3 0
> VAMPIRE 3 13 13 3 1 3 0
> VAMPIRE 4 1 13 3 1 3 0
> BAT1 8 1 10 1 7 3 1 5 6 5 8 5 1 6 5 6 3 7 11 7 5 8 9 8 13 8 6 9 8 9 13 9 13 10 7 11 13 11 3 13 4 13 5 13 6 13 4 1 8 3 5 3
> BAT2 5 1 6 1 13 4 7 5 13 5 3 6 13 6 5 7 9 7 1 8 11 8 1 9 7 9 11 9 1 10 1 11 5 11 6 11 8 13 9 13 10 13 11 13 11 5
> BAT3 7 1 6 3 11 6 1 7 7 7 13 7 3 8 3 9 8 11 9 11 7 13
< RES 1637332129 27 1
< GRENADE
< MOVE L L
> REQ 1637332129 28 1
> VAMPIRE 1 3 3 3 0 3 0
> VAMPIRE 2 9 3 3 0 3 0
> VAMPIRE 3 13 13 3 1 3 0
> VAMPIRE 4 1 13 3 1 3 0
> GRENADE 1 3 5 5 3
> GRENADE 2 11 3 5 3
> BAT1 8 1 10 1 7 3 1 5 6 5 8 5 1 6 5 6 3 7 11 7 5 8 9 8 13 8 6 9 8 9 13 9 13 10 7 11 13 11 3 13 4 13 5 13 6 13 4 1 8 3 5 3
> BAT2 5 1 6 1 13 4 7 5 13 5 3 6 13 6 5 7 9 7 1 8 11 8 1 9 7 9 11 9 1 10 1 11 5 11 6 11 8 13 9 13 10 13 11 13 11 5
> BAT3 7 1 6 3 11 6 1 7 7 7 13 7 3 8 3 9 8 11 9 11 7 13
< RES 1637332129 28 1
< MOVE U U
> REQ 1637332129 29 1
> VAMPIRE 1 1 3 3 0 3 0
> VAMPIRE 2 9 5 3 0 3 0
> VAMPIRE 3 13 13 3 1 3 0
> VAMPIRE 4 1 13 3 1 3 0
> GRENADE 1 3 5 4 3
> GRENADE 2 11 3 4 3
> BAT1 8 1 10 1 7 3 1 5 6 5 8 5 1 6 5 6 3 7 11 7 5 8 9 8 13 8 6 9 8 9 13 9 13 10 7 11 13 11 3 13 4 13 5 13 6 13 4 1 8 3 5 3
> BAT2 5 1 6 1 13 4 7 5 13 5 3 6 13 6 5 7 9 7 1 8 11 8 1 9 7 9 11 9 1 10 1 11 5 11 6 11 8 13 9 13 10 13 11 13 11 5
> BAT3 7 1 6 3 11 6 1 7 7 7 13 7 3 8 3 9 8 11 9 11 7 13
< RES 1637332129 29 1
> REQ 1637332129 30 1
> VAMPIRE 1 1 3 3 0 3 0
> VAMPIRE 2 9 5 3 0 3 0
> VAMPIRE 3 13 13 3 1 3 0
> VAMPIRE 4 1 13 3 1 3 0
> GRENADE 1 3 5 3 3
> GRENADE 2 11 3 3 3
> BAT1 8 1 10 1 7 3 1 5 6 5 8 5 1 6 5 6 3 7 11 7 5 8 9 8 13 8 6 9 8 9 13 9 13 10 7 11 13 11 3 13 4 13 5 13 6 13 4 1 8 3 5 3
> BAT2 5 1 6 1 13 4 7 5 13 5 3 6 13 6 5 7 9 7 1 8 11 8 1 9 7 9 11 9 1 10 1 11 5 11 6 11 8 13 9 13 10 13 11 13 11 5
> BAT3 7 1 6 3 11 6 1 7 7 7 13 7 3 8 3 9 8 11 9 11 7 13
< RES 1637332129 30 1
> REQ 1637332129 31 1
> VAMPIRE 1 1 3 3 0 3 0
> VAMPIRE 2 9 5 3 0 3 0
> VAMPIRE 3 13 13 3 1 3 0
> VAMPIRE 4 1 13 3 1 3 0
> GRENADE 1 3 5 2 3
> GRENADE 2 11 3 2 3
> BAT1 8 1 10 1 7 3 1 5 6 5 8 5 1 6 5 6 3 7 11 7 5 8 9 8 13 8 6 9 8 9 13 9 13 10 7 11 13 11 3 13 4 13 5 13 6 13 4 1 8 3 5 3
> BAT2 5 1 6 1 13 4 7 5 13 5 3 6 13 6 5 7 9 7 1 8 11 8 1 9 7 9 11 9 1 10 1 11 5 11 6 11 8 13 9 13 10 13 11 13 11 5
> BAT3 7 1 6 3 11 6 1 7 7 7 13 7 3 8 3 9 8 11 9 11 7 13
< RES 1637332129 31 1
> REQ 1637332129 32 1
> VAMPIRE 1 1 3 3 0 3 0
> VAMPIRE 2 9 5 3 0 3 0
> VAMPIRE 3 13 13 3 1 3 0
> VAMPIRE 4 1 13 3 1 3 0
> GRENADE 1 3 5 1 3
> GRENADE 2 11 3 1 3
> BAT1 8 1 10 1 7 3 1 5 6 5 8 5 1 6 5 6 3 7 11 7 5 8 9 8 13 8 6 9 8 9 13 9 13 10 7 11 13 11 3 13 4 13 5 13 6 13 4 1 8 3 5 3
> BAT2 5 1 6 1 13 4 7 5 13 5 3 6 13 6 5 7 9 7 1 8 11 8 1 9 7 9 11 9 1 10 1 11 5 11 6 11 8 13 9 13 10 13 11 13 11 5
> BAT3 7 1 6 3 11 6 1 7 7 7 13 7 3 8 3 9 8 11 9 11 7 13
< RES 1637332129 32 1
< MOVE D D
> REQ 1637332129 33 1
> VAMPIRE 1 3 3 3 1 3 0
> VAMPIRE 2 9 5 3 1 3 0
> VAMPIRE 3 13 13 3 1 3 0
> VAMPIRE 4 1 13 3 1 3 0
> BAT1 8 1 10 1 7 3 8 5 1 6 5 6 3 7 11 7 5 8 9 8 13 8 6 9 8 9 13 9 13 10 7 11 13 11 3 13 4 13 5 13 6 13 4 1 3 6 5 3 11 5
> BAT2 5 1 6 1 13 4 7 5 13 5 13 6 5 7 9 7 1 8 11 8 1 9 7 9 11 9 1 10 1 11 5 11 6 11 8 13 9 13 10 13 11 13
> BAT3 7 1 6 3 11 6 1 7 7 7 13 7 3 8 3 9 8 11 9 11 7 13
< RES 1637332129 33 1
< GRENADE
< MOVE R R
> REQ 1637332129 34 1
> VAMPIRE 1 3 5 3 0 3 0
> VAMPIRE 2 9 5 3 0 3 0
> VAMPIRE 3 13 13 3 1 3 0
> VAMPIRE 4 1 13 3 1 3 0
> GRENADE 1 3 3 5 3
> GRENADE 2 9 5 5 3
> BAT1 8 1 10 1 7 3 8 5 1 6 5 6 3 7 11 7 5 8 9 8 13 8 6 9 8 9 13 9 13 10 7 11 13 11 3 13 4 13 5 13 6 13 4 1 3 6 5 3 11 5
> BAT2 5 1 6 1 13 4 7 5 13 5 13 6 5 7 9 7 1 8 11 8 1 9 7 9 11 9 1 10 1 11 5 11 6 11 8 13 9 13 10 13 11 13
> BAT3 7 1 6 3 11 6 1 7 7 7 13 7 3 8 3 9 8 11 9 11 7 13
< RES 1637332129 34 1
< MOVE D D
> REQ 1637332129 35 1
> VAMPIRE 1 5 5 3 0 3 0
> VAMPIRE 2 9 5 3 0 3 0
> VAMPIRE 3 13 13 3 1 3 0
> VAMPIRE 4 1 13 3 1 3 0
> GRENADE 1 3 3 4 3
> GRENADE 2 9 9 4 3
> BAT1 8 1 10 1 7 3 8 5 1 6 5 6 3 7 11 7 5 8 9 8 13 8 6 9 8 9 13 9 13 10 7 11 13 11 3 13 4 13 5 13 6 13 4 1 3 6 5 3 11 5
> BAT2 5 1 6 1 13 4 7 5 13 5 13 6 5 7 9 7 1 8 11 8 1 9 7 9 11 9 1 10 1 11 5 11 6 11 8 13 9 13 10 13 11 13
> BAT3 7 1 6 3 11 6 1 7 7 7 13 7 3 8 3 9 8 11 9 11 7 13
< RES 1637332129 35 1
> REQ 1637332129 36 1
> VAMPIRE 1 5 5 3 0 3 0
> VAMPIRE 2 9 3 3 0 3 0
> VAMPIRE 3 13 13 3 1 3 0
> VAMPIRE 4 1 13 3 1 3 0
> GRENADE 1 3 3 3 3
> GRENADE 2 9 9 3 3
> BAT1 8 1 10 1 7 3 8 5 1 6 5 6 3 7 11 7 5 8 9 8 13 8 6 9 8 9 13 9 13 10 7 11 13 11 3 13 4 13 5 13 6 13 4 1 3 6 5 3 11 5
> BAT2 5 1 6 1 13 4 7 5 13 5 13 6 5 7 9 7 1 8 11 8 1 9 7 9 11 9 1 10 1 11 5 11 6 11 8 13 9 13 10 13 11 13
> BAT3 7 1 6 3 11 6 1 7 7 7 13 7 3 8 3 9 8 11 9 11 7 13
< RES 1637332129 36 1
> REQ 1637332129 37 1
> VAMPIRE 1 5 5 3 0 3 0
> VAMPIRE 2 9 3 3 0 3 0
> VAMPIRE 3 13 13 3 1 3 0
> VAMPIRE 4 1 13 3 1 3 0
> GRENADE 1 3 3 2 3
> GRENADE 2 9 9 2 3
> BAT1 8 1 10 1 7 3 8 5 1 6 5 6 3 7 11 7 5 8 9 8 13 8 6 9 8 9 13 9 13 10 7 11 13 11 3 13 4 13 5 13 6 13 4 1 3 6 5 3 11 5
> BAT2 5 1 6 1 13 4 7 5 13 5 13 6 5 7 9 7 1 8 11 8 1 9 7 9 11 9 1 10 1 11 5 11 6 11 8 13 9 13 10 13 11 13
> BAT3 7 1 6 3 11 6 1 7 7 7 13 7 3 8 3 9 8 11 9 11 7 13
< RES 1637332129 37 1
> REQ 1637332129 38 1
> VAMPIRE 1 5 5 3 0 3 0
> VAMPIRE 2 9 3 3 0 3 0
> VAMPIRE 3 13 13 3 1 3 0
> VAMPIRE 4 1 13 3 1 3 0
> GRENADE 1 3 3 1 3
> GRENADE 2 9 9 1 3
> BAT1 8 1 10 1 7 3 8 5 1 6 5 6 3 7 11 7 5 8 9 8 13 8 6 9 8 9 13 9 13 10 7 11 13 11 3 13 4 13 5 13 6 13 4 1 3 6 5 3 11 5
> BAT2 5 1 6 1 13 4 7 5 13 5 13 6 5 7 9 7 1 8 11 8 1 9 7 9 11 9 1 10 1 11 5 11 6 11 8 13 9 13 10 13 11 13
> BAT3 7 1 6 3 11 6 1 7 7 7 13 7 3 8 3 9 8 11 9 11 7 13
< RES 1637332129 38 1
< MOVE L
> REQ 1637332129 39 1
> VAMPIRE 1 5 4 3 1 3 0
> VAMPIRE 2 9 5 3 1 3 0
> VAMPIRE 3 13 13 3 1 3 0
> VAMPIRE 4 1 13 3 1 3 0
> BAT1 8 1 10 1 7 3 8 5 1 6 5 6 3 7 11 7 5 8 13 8 6 9 13 9 13 10 7 11 13 11 3 13 4 13 5 13 6 13 4 1 11 9 11 5
> BAT2 5 1 6 1 13 4 7 5 13 5 13 6 5 7 9 7 1 8 11 8 1 9 7 9 1 10 1 11 5 11 6 11 8 13 9 13 10 13 11 13 9 11
> BAT3 7 1 6 3 11 6 1 7 7 7 13 7 3 8 3 9 8 11 7 13
< RES 1637332129 39 1
< GRENADE
> REQ 1637332129 40 1
> VAMPIRE 1 5 4 3 0 3 0
> VAMPIRE 2 9 5 3 0 3 0
> VAMPIRE 3 13 13 3 1 3 0
> VAMPIRE 4 1 13 3 1 3 0
> GRENADE 1 5 4 5 3
> GRENADE 2 9 5 5 3
> BAT1 8 1 10 1 7 3 8 5 1 6 5 6 3 7 11 7 5 8 13 8 6 9 13 9 13 10 7 11 13 11 3 13 4 13 5 13 6 13 4 1 11 9 11 5
> BAT2 5 1 6 1 13 4 7 5 13 5 13 6 5 7 9 7 1 8 11 8 1 9 7 9 1 10 1 11 5 11 6 11 8 13 9 13 10 13 11 13 9 11
> BAT3 7 1 6 3 11 6 1 7 7 7 13 7 3 8 3 9 8 11 7 13
< RES 1637332129 40 1
< THROW XD 4
< MOVE R
> REQ 1637332129 41 1
> VAMPIRE 1 5 5 3 0 3 0
> VAMPIRE 2 9 5 3 0 3 0
> VAMPIRE 3 13 13 3 1 3 0
> VAMPIRE 4 1 13 3 1 3 0
> GRENADE 1 9 4 4 3
> GRENADE 2 9 9 4 3
> BAT1 8 1 10 1 7 3 8 5 1 6 5 6 3 7 11 7 5 8 13 8 6 9 13 9 13 10 7 11 13 11 3 13 4 13 5 13 6 13 4 1 11 9 11 5
> BAT2 5 1 6 1 13 4 7 5 13 5 13 6 5 7 9 7 1 8 11 8 1 9 7 9 1 10 1 11 5 11 6 11 8 13 9 13 10 13 11 13 9 11
> BAT3 7 1 6 3 11 6 1 7 7 7 13 7 3 8 3 9 8 11 7 13
< RES 1637332129 41 1
< MOVE U U
> REQ 1637332129 42 1
> VAMPIRE 1 3 5 3 0 3 0
> VAMPIRE 2 10 5 3 0 3 0
> VAMPIRE 3 13 13 3 1 3 0
> VAMPIRE 4 1 13 3 1 3 0
> GRENADE 1 9 4 3 3
> GRENADE 2 9 9 3 3
> BAT1 8 1 10 1 7 3 8 5 1 6 5 6 3 7 11 7 5 8 13 8 6 9 13 9 13 10 7 11 13 11 3 13 4 13 5 13 6 13 4 1 11 9 11 5
> BAT2 5 1 6 1 13 4 7 5 13 5 13 6 5 7 9 7 1 8 11 8 1 9 7 9 1 10 1 11 5 11 6 11 8 13 9 13 10 13 11 13 9 11
> BAT3 7 1 6 3 11 6 1 7 7 7 13 7 3 8 3 9 8 11 7 13
< RES 1637332129 42 1
> REQ 1637332129 43 1
> VAMPIRE 1 3 5 3 0 3 0
> VAMPIRE 2 10 5 3 0 3 0
> VAMPIRE 3 13 13 3 1 3 0
> VAMPIRE 4 1 13 3 1 3 0
> GRENADE 1 9 4 2 3
> GRENADE 2 9 9 2 3
> BAT1 8 1 10 1 7 3 8 5 1 6 5 6 3 7 11 7 5 8 13 8 6 9 13 9 13 10 7 11 13 11 3 13 4 13 5 13 6 13 4 1 11 9 11 5
> BAT2 5 1 6 1 13 4 7 5 13 5 13 6 5 7 9 7 1 8 11 8 1 9 7 9 1 10 1 11 5 11 6 11 8 13 9 13 10 13 11 13 9 11
> BAT3 7 1 6 3 11 6 1 7 7 7 13 7 3 8 3 9 8 11 7 13
< RES 1637332129 43 1
< MOVE D D
> REQ 1637332129 44 1
> VAMPIRE 1 5 5 3 0 3 0
> VAMPIRE 2 10 5 3 0 3 0
> VAMPIRE 3 13 13 3 1 3 0
> VAMPIRE 4 1 13 3 1 3 0
> GRENADE 1 9 4 1 3
> GRENADE 2 9 9 1 3
> BAT1 8 1 10 1 7 3 8 5 1 6 5 6 3 7 11 7 5 8 13 8 6 9 13 9 13 10 7 11 13 11 3 13 4 13 5 13 6 13 4 1 11 9 11 5
> BAT2 5 1 6 1 13 4 7 5 13 5 13 6 5 7 9 7 1 8 11 8 1 9 7 9 1 10 1 11 5 11 6 11 8 13 9 13 10 13 11 13 9 11
> BAT3 7 1 6 3 11 6 1 7 7 7 13 7 3 8 3 9 8 11 7 13
< RES 1637332129 44 1
< MOVE L L
> REQ 1637332129 45 1
> VAMPIRE 1 5 3 3 1 3 0
> VAMPIRE 2 9 5 3 1 3 0
> VAMPIRE 3 13 13 3 1 3 0
> VAMPIRE 4 1 13 3 1 3 0
> BAT1 8 1 10 1 7 3 8 5 1 6 5 6 3 7 11 7 5 8 13 8 6 9 13 9 13 10 7 11 13 11 3 13 4 13 5 13 6 13 4 1 7 9 11 5 9 11
> BAT2 5 1 6 1 13 4 7 5 13 5 13 6 5 7 1 8 11 8 1 9 1 10 1 11 5 11 6 11 8 13 9 13 10 13 11 13
> BAT3 7 1 6 3 11 6 1 7 7 7 13 7 3 8 3 9 8 11 7 13
< RES 1637332129 45 1
< GRENADE
< MOVE U U
> REQ 1637332129 46 1
> VAMPIRE 1 3 3 3 0 3 0
> VAMPIRE 2 9 5 3 0 3 0
> VAMPIRE 3 13 12 3 1 3 0
> VAMPIRE 4 1 13 3 1 3 0
> GRENADE 1 5 3 5 3
> GRENADE 2 9 5 5 3
> BAT1 8 1 10 1 7 3 8 5 1 6 5 6 3 7 11 7 5 8 13 8 6 9 13 9 13 10 7 11 13 11 3 13 4 13 5 13 6 13 4 1 7 9 11 5 9 11
> BAT2 5 1 6 1 13 4 7 5 13 5 13 6 5 7 1 8 11 8 1 9 1 10 1 11 5 11 6 11 8 13 9 13 10 13 11 13
> BAT3 7 1 6 3 11 6 1 7 7 7 13 7 3 8 3 9 8 11 7 13
< RES 1637332129 46 1
< MOVE R R
> REQ 1637332129 47 1
> VAMPIRE 1 3 5 3 0 3 0
> VAMPIRE 2 9 3 3 0 3 0
> VAMPIRE 3 12 13 3 0 3 0
> VAMPIRE 4 1 13 3 1 3 0
> GRENADE 1 5 3 4 3
> GRENADE 2 5 5 4 3
> GRENADE 3 13 12 5 3
> BAT1 8 1 10 1 7 3 8 5 1 6 5 6 3 7 11 7 5 8 13 8 6 9 13 9 13 10 7 11 13 11 3 13 4 13 5 13 6 13 4 1 7 9 11 5 9 11
> BAT2 5 1 6 1 13 4 7 5 13 5 13 6 5 7 1 8 11 8 1 9 1 10 1 11 5 11 6 11 8 13 9 13 10 13 11 13
> BAT3 7 1 6 3 11 6 1 7 7 7 13 7 3 8 3 9 8 11 7 13
< RES 1637332129 47 1
< MOVE U U
> REQ 1637332129 48 1
> VAMPIRE 1 1 5 3 0 3 0
> VAMPIRE 2 9 3 3 0 3 0
> VAMPIRE 3 12 13 3 0 3 0
> VAMPIRE 4 1 13 3 1 3 0
> GRENADE 1 5 3 3 3
> GRENADE 2 5 5 3 3
> GRENADE 3 13 12 4 3
> BAT1 8 1 10 1 7 3 8 5 1 6 5 6 3 7 11 7 5 8 13 8 6 9 13 9 13 10 7 11 13 11 3 13 4 13 5 13 6 13 4 1 7 9 11 5 9 11
> BAT2 5 1 6 1 13 4 7 5 13 5 13 6 5 7 1 8 11 8 1 9 1 10 1 11 5 11 6 11 8 13 9 13 10 13 11 13
> BAT3 7 1 6 3 11 6 1 7 7 7 13 7 3 8 3 9 8 11 7 13
< RES 1637332129 48 1
< MOVE L L
> REQ 1637332129 49 1
> VAMPIRE 1 1 3 3 0 3 0
> VAMPIRE 2 9 3 3 0 3 0
> VAMPIRE 3 12 13 3 0 3 0
> VAMPIRE 4 1 13 3 1 3 0
> GRENADE 1 5 3 2 3
> GRENADE 2 5 5 2 3
> GRENADE 3 13 12 3 3
> BAT1 8 1 10 1 7 3 8 5 1 6 5 6 3 7 11 7 5 8 13 8 6 9 13 9 13 10 7 11 13 11 3 13 4 13 5 13 6 13 4 1 7 9 11 5 9 11
> BAT2 5 1 6 1 13 4 7 5 13 5 13 6 5 7 1 8 11 8 1 9 1 10 1 11 5 11 6 11 8 13 9 13 10 13 11 13
> BAT3 7 1 6 3 11 6 1 7 7 7 13 7 3 8 3 9 8 11 7 13
< RES 1637332129 49 1
< MOVE R R
> REQ 1637332129 50 1
> VAMPIRE 1 1 5 3 0 3 0
> VAMPIRE 2 9 2 3 0 3 0
> VAMPIRE 3 12 13 3 0 3 0
> VAMPIRE 4 1 13 3 1 3 0
> GRENADE 1 5 3 1 3
> GRENADE 2 5 5 1 3
> GRENADE 3 13 12 2 3
> BAT1 8 1 10 1 7 3 8 5 1 6 5 6 3 7 11 7 5 8 13 8 6 9 13 9 13 10 7 11 13 11 3 13 4 13 5 13 6 13 4 1 7 9 11 5 9 11
> BAT2 5 1 6 1 13 4 7 5 13 5 13 6 5 7 1 8 11 8 1 9 1 10 1 11 5 11 6 11 8 13 9 13 10 13 11 13
> BAT3 7 1 6 3 11 6 1 7 7 7 13 7 3 8 3 9 8 11 7 13
< RES 1637332129 50 1
< MOVE L L
> REQ 1637332129 51 1
> VAMPIRE 1 1 3 3 1 3 0
> VAMPIRE 2 9 1 3 1 3 0
> VAMPIRE 3 12 13 3 0 3 0
> VAMPIRE 4 1 13 3 1 3 0
> GRENADE 3 13 12 1 3
> BAT1 8 1 10 1 7 3 8 5 1 6 3 7 11 7 5 8 13 8 6 9 13 9 13 10 7 11 13 11 3 13 4 13 5 13 6 13 4 1 5 1 7 5 7 9 11 5 9 11
> BAT2 6 1 13 4 13 5 13 6 5 7 1 8 11 8 1 9 1 10 1 11 5 11 6 11 8 13 9 13 10 13 11 13 6 3
> BAT3 7 1 11 6 1 7 7 7 13 7 3 8 3 9 8 11 7 13
< RES 1637332129 51 1
< GRENADE
> REQ 1637332129 52 1
> VAMPIRE 1 1 3 3 0 3 0
> VAMPIRE 2 9 3 3 0 3 0
> VAMPIRE 3 13 13 3 1 3 0
> VAMPIRE 4 1 13 3 1 3 0
> GRENADE 1 1 3 5 3
> GRENADE 2 9 1 5 3
> BAT1 8 1 10 1 7 3 8 5 1 6 3 7 11 7 5 8 13 8 6 9 13 9 13 10 7 11 3 13 4 13 5 13 6 13 4 1 5 1 7 5 7 9 11 5 9 11
> BAT2 6 1 13 4 13 5 13 6 5 7 1 8 11 8 1 9 1 10 1 11 5 11 6 11 8 13 9 13 10 13 11 13 6 3
> BAT3 7 1 11 6 1 7 7 7 13 7 3 8 3 9 8 11 7 13
< RES 1637332129 52 1
< THROW XD 4
< MOVE D D
> REQ 1637332129 53 1
> VAMPIRE 1 3 3 3 0 3 0
> VAMPIRE 2 11 3 3 0 3 0
> VAMPIRE 3 13 11 3 0 3 0
> VAMPIRE 4 1 13 3 1 3 0
> GRENADE 1 5 3 4 3
> GRENADE 2 9 1 4 3
> GRENADE 3 13 13 5 3
> BAT1 8 1 10 1 7 3 8 5 1 6 3 7 11 7 5 8 13 8 6 9 13 9 13 10 7 11 3 13 4 13 5 13 6 13 4 1 5 1 7 5 7 9 11 5 9 11
> BAT2 6 1 13 4 13 5 13 6 5 7 1 8 11 8 1 9 1 10 1 11 5 11 6 11 8 13 9 13 10 13 11 13 6 3
> BAT3 7 1 11 6 1 7 7 7 13 7 3 8 3 9 8 11 7 13
< RES 1637332129 53 1
< MOVE D
> REQ 1637332129 54 1
> VAMPIRE 1 4 3 3 0 3 0
> VAMPIRE 2 11 3 3 0 3 0
> VAMPIRE 3 11 11 3 0 3 0
> VAMPIRE 4 1 13 3 1 3 0
> GRENADE 1 5 3 3 3
> GRENADE 2 9 1 3 3
> GRENADE 3 13 13 4 3
> BAT1 8 1 10 1 7 3 8 5 1 6 3 7 11 7 5 8 13 8 6 9 13 9 13 10 7 11 3 13 4 13 5 13 6 13 4 1 5 1 7 5 7 9 11 5 9 11
> BAT2 6 1 13 4 13 5 13 6 5 7 1 8 11 8 1 9 1 10 1 11 5 11 6 11 8 13 9 13 10 13 11 13 6 3
> BAT3 7 1 11 6 1 7 7 7 13 7 3 8 3 9 8 11 7 13
< RES 1637332129 54 1
< THROW D 4
< MOVE U
> REQ 1637332129 55 1
> VAMPIRE 1 3 3 3 0 3 0
> VAMPIRE 2 10 3 3 0 3 0
> VAMPIRE 3 11 11 3 0 3 0
> VAMPIRE 4 1 13 3 1 3 0
> GRENADE 1 9 3 2 3
> GRENADE 2 9 1 2 3
> GRENADE 3 13 13 3 3
> BAT1 8 1 10 1 7 3 8 5 1 6 3 7 11 7 5 8 13 8 6 9 13 9 13 10 7 11 3 13 4 13 5 13 6 13 4 1 5 1 7 5 7 9 11 5 9 11
> BAT2 6 1 13 4 13 5 13 6 5 7 1 8 11 8 1 9 1 10 1 11 5 11 6 11 8 13 9 13 10 13 11 13 6 3
> BAT3 7 1 11 6 1 7 7 7 13 7 3 8 3 9 8 11 7 13
< RES 1637332129 55 1
< MOVE R R
> REQ 1637332129 56 1
> VAMPIRE 1 3 5 3 0 3 0
> VAMPIRE 2 11 2 3 0 3 0
> VAMPIRE 3 11 11 3 0 3 0
> VAMPIRE 4 1 13 3 1 3 0
> GRENADE 1 9 3 1 3
> GRENADE 2 9 1 1 3
> GRENADE 3 13 13 2 3
> BAT1 8 1 10 1 7 3 8 5 1 6 3 7 11 7 5 8 13 8 6 9 13 9 13 10 7 11 3 13 4 13 5 13 6 13 4 1 5 1 7 5 7 9 11 5 9 11
> BAT2 6 1 13 4 13 5 13 6 5 7 1 8 11 8 1 9 1 10 1 11 5 11 6 11 8 13 9 13 10 13 11 13 6 3
> BAT3 7 1 11 6 1 7 7 7 13 7 3 8 3 9 8 11 7 13
< RES 1637332129 56 1
< MOVE D D
> REQ 1637332129 57 1
> VAMPIRE 1 5 5 3 1 3 0
> VAMPIRE 2 11 2 3 1 3 0
> VAMPIRE 3 11 11 3 0 3 0
> VAMPIRE 4 1 13 3 1 3 0
> GRENADE 3 13 13 1 3
> BAT1 8 5 1 6 3 7 11 7 5 8 13 8 6 9 13 9 13 10 7 11 3 13 4 13 5 13 6 13 4 1 5 1 7 5 7 9 11 5 9 11
> BAT2 6 1 13 4 13 5 13 6 5 7 1 8 11 8 1 9 1 10 1 11 5 11 6 11 8 13 9 13 10 13 11 13 6 3
> BAT3 7 1 11 6 1 7 7 7 13 7 3 8 3 9 8 11 7 13
< RES 1637332129 57 1
< GRENADE
> REQ 1637332129 58 1
> VAMPIRE 1 5 5 3 0 3 0
> VAMPIRE 2 11 2 3 0 3 0
> VAMPIRE 3 11 11 3 1 3 0
> VAMPIRE 4 1 13 3 1 3 0
> GRENADE 1 5 5 5 3
> GRENADE 2 11 2 5 3
> BAT1 8 5 1 6 3 7 11 7 5 8 13 8 6 9 13 9 7 11 3 13 4 13 5 13 6 13 4 1 5 1 7 5 7 9 11 13 11 5 9 11
> BAT2 6 1 13 4 13 5 13 6 5 7 1 8 11 8 1 9 1 10 1 11 5 11 6 11 8 13 9 13 10 13 6 3
> BAT3 7 1 11 6 1 7 7 7 13 7 3 8 3 9 8 11 7 13
< RES 1637332129 58 1
< THROW XR 4
> REQ 1637332129 59 1
> VAMPIRE 1 5 5 3 0 3 0
> VAMPIRE 2 11 3 3 0 3 0
> VAMPIRE 3 11 9 3 0 3 0
> VAMPIRE 4 1 13 3 1 3 0
> GRENADE 1 5 9 4 3
> GRENADE 2 7 2 4 3
> GRENADE 3 11 11 5 3
> BAT1 8 5 1 6 3 7 11 7 5 8 13 8 6 9 13 9 7 11 3 13 4 13 5 13 6 13 4 1 5 1 7 5 7 9 11 13 11 5 9 11
> BAT2 6 1 13 4 13 5 13 6 5 7 1 8 11 8 1 9 1 10 1 11 5 11 6 11 8 13 9 13 10 13 6 3
> BAT3 7 1 11 6 1 7 7 7 13 7 3 8 3 9 8 11 7 13
< RES 1637332129 59 1
> REQ 1637332129 60 1
> VAMPIRE 1 5 5 3 0 3 0
> VAMPIRE 2 11 3 3 0 3 0
> VAMPIRE 3 9 9 3 0 3 0
> VAMPIRE 4 1 13 3 1 3 0
> GRENADE 1 5 9 3 3
> GRENADE 2 7 2 3 3
> GRENADE 3 11 11 4 3
> BAT1 8 5 1 6 3 7 11 7 5 8 13 8 6 9 13 9 7 11 3 13 4 13 5 13 6 13 4 1 5 1 7 5 7 9 11 13 11 5 9 11
> BAT2 6 1 13 4 13 5 13 6 5 7 1 8 11 8 1 9 1 10 1 11 5 11 6 11 8 13 9 13 10 13 6 3
> BAT3 7 1 11 6 1 7 7 7 13 7 3 8 3 9 8 11 7 13
< RES 1637332129 60 1
> REQ 1637332129 61 1
> VAMPIRE 1 5 5 3 0 3 0
> VAMPIRE 2 11 3 3 0 3 0
> VAMPIRE 3 9 9 3 0 3 0
> VAMPIRE 4 1 13 3 1 3 0
> GRENADE 1 5 9 2 3
> GRENADE 2 7 2 2 3
> GRENADE 3 11 11 3 3
> BAT1 8 5 1 6 3 7 11 7 5 8 13 8 6 9 13 9 7 11 3 13 4 13 5 13 6 13 4 1 5 1 7 5 7 9 11 13 11 5 9 11
> BAT2 6 1 13 4 13 5 13 6 5 7 1 8 11 8 1 9 1 10 1 11 5 11 6 11 8 13 9 13 10 13 6 3
> BAT3 7 1 11 6 1 7 7 7 13 7 3 8 3 9 8 11 7 13
< RES 1637332129 61 1
> REQ 1637332129 62 1
> VAMPIRE 1 5 5 3 0 3 0
> VAMPIRE 2 9 3 3 0 3 0
> VAMPIRE 3 9 9 3 0 3 0
> VAMPIRE 4 1 13 3 1 3 0
> GRENADE 1 5 9 1 3
> GRENADE 2 7 2 1 3
> GRENADE 3 11 11 2 3
> BAT1 8 5 1 6 3 7 11 7 5 8 13 8 6 9 13 9 7 11 3 13 4 13 5 13 6 13 4 1 5 1 7 5 7 9 11 13 11 5 9 11
> BAT2 6 1 13 4 13 5 13 6 5 7 1 8 11 8 1 9 1 10 1 11 5 11 6 11 8 13 9 13 10 13 6 3
> BAT3 7 1 11 6 1 7 7 7 13 7 3 8 3 9 8 11 7 13
< RES 1637332129 62 1
> REQ 1637332129 63 1
> VAMPIRE 1 5 5 3 1 3 0
> VAMPIRE 2 9 5 3 1 3 0
> VAMPIRE 3 9 9 3 0 3 0
> VAMPIRE 4 1 13 3 1 3 0
> GRENADE 3 11 11 1 3
> BAT1 8 5 1 6 3 7 11 7 13 8 13 9 7 11 3 13 4 13 5 13 6 13 4 1 5 1 7 9 5 11 11 13 11 5 9 11
> BAT2 6 1 13 4 13 5 13 6 5 7 1 8 11 8 1 9 1 10 1 11 6 11 8 13 9 13 10 13 7 1 6 3 3 9
> BAT3 11 6 1 7 7 7 13 7 3 8 8 11 7 13
< RES 1637332129 63 1
< GRENADE
> REQ 1637332129 64 1
> VAMPIRE 1 5 5 3 0 3 0
> VAMPIRE 2 9 3 3 0 3 0
> VAMPIRE 3 9 9 3 1 3 0
> VAMPIRE 4 1 13 3 1 3 0
> GRENADE 1 5 5 5 3
> GRENADE 2 9 5 5 3
> BAT1 8 5 1 6 3 7 11 7 13 8 13 9 7 11 3 13 4 13 5 13 6 13 4 1 5 1 11 8 7 9 5 11 11 5
> BAT2 6 1 13 4 13 5 13 6 5 7 1 8 1 9 1 10 1 11 6 11 8 13 9 13 10 13 7 1 6 3 3 9
> BAT3 11 6 1 7 7 7 13 7 3 8 8 11 7 13
< RES 1637332129 64 1
< THROW XR 4
> REQ 1637332129 65 1
> VAMPIRE 1 5 5 3 0 3 0
> VAMPIRE 2 11 3 3 0 3 0
> VAMPIRE 3 9 7 3 1 3 0
> VAMPIRE 4 1 13 3 1 3 0
> GRENADE 1 5 9 4 3
> GRENADE 2 9 5 4 3
> BAT1 8 5 1 6 3 7 11 7 13 8 13 9 7 11 3 13 4 13 5 13 6 13 4 1 5 1 11 8 7 9 5 11 11 5
> BAT2 6 1 13 4 13 5 13 6 5 7 1 8 1 9 1 10 1 11 6 11 8 13 9 13 10 13 7 1 6 3 3 9
> BAT3 11 6 1 7 7 7 13 7 3 8 8 11 7 13
< RES 1637332129 65 1
> REQ 1637332129 66 1
> VAMPIRE 1 5 5 3 0 3 0
> VAMPIRE 2 11 3 3 0 3 0
> VAMPIRE 3 9 9 3 0 3 0
> VAMPIRE 4 1 13 3 1 3 0
> GRENADE 1 5 9 3 3
> GRENADE 2 9 5 3 3
> GRENADE 3 9 7 5 3
> BAT1 8 5 1 6 3 7 11 7 13 8 13 9 7 11 3 13 4 13 5 13 6 13 4 1 5 1 11 8 7 9 5 11 11 5
> BAT2 6 1 13 4 13 5 13 6 5 7 1 8 1 9 1 10 1 11 6 11 8 13 9 13 10 13 7 1 6 3 3 9
> BAT3 11 6 1 7 7 7 13 7 3 8 8 11 7 13
< RES 1637332129 66 1
> REQ 1637332129 67 1
> VAMPIRE 1 5 5 3 0 3 0
> VAMPIRE 2 10 3 3 0 3 0
> VAMPIRE 3 11 9 3 0 3 0
> VAMPIRE 4 1 13 3 1 3 0
> GRENADE 1 5 9 2 3
> GRENADE 2 9 5 2 3
> GRENADE 3 9 7 4 3
> BAT1 8 5 1 6 3 7 11 7 13 8 13 9 7 11 3 13 4 13 5 13 6 13 4 1 5 1 11 8 7 9 5 11 11 5
> BAT2 6 1 13 4 13 5 13 6 5 7 1 8 1 9 1 10 1 11 6 11 8 13 9 13 10 13 7 1 6 3 3 9
> BAT3 11 6 1 7 7 7 13 7 3 8 8 11 7 13
< RES 1637332129 67 1
> REQ 1637332129 68 1
> VAMPIRE 1 5 5 3 0 3 0
> VAMPIRE 2 11 3 3 0 3 0
> VAMPIRE 3 11 11 3 0 3 0
> VAMPIRE 4 1 13 3 1 3 0
> GRENADE 1 5 9 1 3
> GRENADE 2 9 5 1 3
> GRENADE 3 9 7 3 3
> BAT1 8 5 1 6 3 7 11 7 13 8 13 9 7 11 3 13 4 13 5 13 6 13 4 1 5 1 11 8 7 9 5 11 11 5
> BAT2 6 1 13 4 13 5 13 6 5 7 1 8 1 9 1 10 1 11 6 11 8 13 9 13 10 13 7 1 6 3 3 9
> BAT3 11 6 1 7 7 7 13 7 3 8 8 11 7 13
< RES 1637332129 68 1
< MOVE L L
> REQ 1637332129 69 1
> VAMPIRE 1 5 3 3 1 3 0
> VAMPIRE 2 11 3 3 1 3 0
> VAMPIRE 3 11 11 3 1 3 0
> VAMPIRE 4 1 13 3 1 3 0
> BAT1 1 6 3 7 13 8 13 9 7 11 3 13 4 13 5 13 6 13 4 1 5 1 5 7 11 8 3 9
> BAT2 6 1 13 4 13 5 13 6 1 8 1 9 1 10 1 11 6 11 8 13 9 13 10 13 7 1 6 3 7 7
> BAT3 11 6 1 7 13 7 3 8 8 11 7 13
< RES 1637332129 69 1
< GRENADE
< MOVE R R
> REQ 1637332129 70 1
> VAMPIRE 1 5 5 3 0 3 0
> VAMPIRE 2 11 3 3 0 3 0
> VAMPIRE 3 11 11 3 0 3 0
> VAMPIRE 4 1 13 3 1 3 0
> GRENADE 1 5 3 5 3
> GRENADE 2 11 3 5 3
> GRENADE 3 11 11 5 3
> BAT1 1 6 3 7 13 8 13 9 7 11 3 13 4 13 5 13 6 13 4 1 5 1 5 7 11 8 3 9
> BAT2 6 1 13 4 13 5 13 6 1 8 1 9 1 10 1 11 6 11 8 13 9 13 10 13 7 1 6 3 7 7
> BAT3 11 6 1 7 13 7 3 8 8 11 7 13
< RES 1637332129 70 1
< MOVE U U
> REQ 1637332129 71 1
> VAMPIRE 1 3 5 3 0 3 0
> VAMPIRE 2 9 3 3 0 3 0
> VAMPIRE 3 11 11 3 0 3 0
> VAMPIRE 4 1 13 3 1 3 0
> GRENADE 1 5 3 4 3
> GRENADE 2 11 7 4 3
> GRENADE 3 11 7 4 3
> BAT1 1 6 3 7 13 8 13 9 7 11 3 13 4 13 5 13 6 13 4 1 5 1 5 7 11 8 3 9
> BAT2 6 1 13 4 13 5 13 6 1 8 1 9 1 10 1 11 6 11 8 13 9 13 10 13 7 1 6 3 7 7
> BAT3 11 6 1 7 13 7 3 8 8 11 7 13
< RES 1637332129 71 1
> REQ 1637332129 72 1
> VAMPIRE 1 3 5 3 0 3 0
> VAMPIRE 2 9 5 3 0 3 0
> VAMPIRE 3 11 11 3 0 3 0
> VAMPIRE 4 1 13 3 1 3 0
> GRENADE 1 5 3 3 3
> GRENADE 2 11 7 3 3
> GRENADE 3 11 7 3 3
> BAT1 1 6 3 7 13 8 13 9 7 11 3 13 4 13 5 13 6 13 4 1 5 1 5 7 11 8 3 9
> BAT2 6 1 13 4 13 5 13 6 1 8 1 9 1 10 1 11 6 11 8 13 9 13 10 13 7 1 6 3 7 7
> BAT3 11 6 1 7 13 7 3 8 8 11 7 13
< RES 1637332129 72 1
< MOVE D
> REQ 1637332129 73 1
> VAMPIRE 1 4 5 3 0 3 0
> VAMPIRE 2 9 5 3 0 3 0
> VAMPIRE 3 11 11 3 0 3 0
> VAMPIRE 4 1 13 3 1 3 0
> GRENADE 1 5 3 2 3
> GRENADE 2 11 7 2 3
> GRENADE 3 11 7 2 3
> BAT1 1 6 3 7 13 8 13 9 7 11 3 13 4 13 5 13 6 13 4 1 5 1 5 7 11 8 3 9
> BAT2 6 1 13 4 13 5 13 6 1 8 1 9 1 10 1 11 6 11 8 13 9 13 10 13 7 1 6 3 7 7
> BAT3 11 6 1 7 13 7 3 8 8 11 7 13
< RES 1637332129 73 1
< MOVE U
> REQ 1637332129 74 1
> VAMPIRE 1 3 5 3 0 3 0
> VAMPIRE 2 9 6 3 0 3 0
> VAMPIRE 3 11 11 3 0 3 0
> VAMPIRE 4 1 13 3 1 3 0
> GRENADE 1 5 3 1 3
> GRENADE 2 11 7 1 3
> GRENADE 3 11 7 1 3
> BAT1 1 6 3 7 13 8 13 9 7 11 3 13 4 13 5 13 6 13 4 1 5 1 5 7 11 8 3 9
> BAT2 6 1 13 4 13 5 13 6 1 8 1 9 1 10 1 11 6 11 8 13 9 13 10 13 7 1 6 3 7 7
> BAT3 11 6 1 7 13 7 3 8 8 11 7 13
< RES 1637332129 74 1
< MOVE D D
> REQ 1637332129 75 1
> VAMPIRE 1 5 5 3 1 3 0
> VAMPIRE 2 10 7 3 1 3 0
> VAMPIRE 3 11 9 3 1 3 0
> VAMPIRE 4 1 13 3 1 3 0
> BAT1 1 6 3 7 13 8 13 9 7 11 3 13 4 13 5 13 6 13 4 1 5 7 6 3 3 9
> BAT2 6 1 13 4 13 5 13 6 1 8 1 9 1 10 1 11 6 11 8 13 9 13 10 13 7 1 11 6 7 7 13 7
> BAT3 1 7 3 8 8 11 7 13
< RES 1637332129 75 1
< GRENADE
> REQ 1637332129 76 1
> VAMPIRE 1 5 5 3 0 3 0
> VAMPIRE 2 9 6 3 0 3 0
> VAMPIRE 3 11 9 3 0 3 0
> VAMPIRE 4 1 13 3 1 3 0
> GRENADE 1 5 5 5 3
> GRENADE 2 10 7 5 3
> GRENADE 3 11 9 5 3
> POWERUP TOMATO -9 2 13 6
> POWERUP TOMATO -9 12 1 6
> BAT1 1 6 3 7 13 8 13 9 7 11 3 13 4 13 5 13 6 13 4 1 5 7 6 3 3 9
> BAT2 6 1 13 4 13 5 13 6 1 8 1 9 1 10 1 11 6 11 8 13 9 13 10 13 7 1 11 6 7 7 13 7
> BAT3 1 7 3 8 8 11 7 13
< RES 1637332129 76 1
< THROW XL 4
< MOVE D D
> REQ 1637332129 77 1
> VAMPIRE 1 7 5 3 0 3 0
> VAMPIRE 2 10 5 3 0 3 0
> VAMPIRE 3 9 9 3 0 3 0
> VAMPIRE 4 2 13 3 1 3 0
> GRENADE 1 5 1 4 3
> GRENADE 2 10 7 4 3
> GRENADE 3 11 5 4 3
> POWERUP TOMATO -8 2 13 6
> POWERUP TOMATO -8 12 1 6
> BAT1 1 6 3 7 13 8 13 9 7 11 3 13 4 13 5 13 6 13 4 1 5 7 6 3 3 9
> BAT2 6 1 13 4 13 5 13 6 1 8 1 9 1 10 1 11 6 11 8 13 9 13 10 13 7 1 11 6 7 7 13 7
> BAT3 1 7 3 8 8 11 7 13
< RES 1637332129 77 1
< MOVE D D
> REQ 1637332129 78 1
> VAMPIRE 1 9 5 3 0 3 0
> VAMPIRE 2 9 4 3 0 3 0
> VAMPIRE 3 7 9 3 0 3 0
> VAMPIRE 4 2 13 3 1 3 0
> GRENADE 1 5 1 3 3
> GRENADE 2 10 7 3 3
> GRENADE 3 11 5 3 3
> POWERUP TOMATO -7 2 13 6
> POWERUP TOMATO -7 12 1 6
> BAT1 1 6 3 7 13 8 13 9 7 11 3 13 4 13 5 13 6 13 4 1 5 7 6 3 3 9
> BAT2 6 1 13 4 13 5 13 6 1 8 1 9 1 10 1 11 6 11 8 13 9 13 10 13 7 1 11 6 7 7 13 7
> BAT3 1 7 3 8 8 11 7 13
< RES 1637332129 78 1
< MOVE L L
> REQ 1637332129 79 1
> VAMPIRE 1 9 3 3 0 3 0
> VAMPIRE 2 9 2 3 0 3 0
> VAMPIRE 3 8 9 3 0 3 0
> VAMPIRE 4 2 13 3 1 3 0
> GRENADE 1 5 1 2 3
> GRENADE 2 10 7 2 3
> GRENADE 3 11 5 2 3
> POWERUP TOMATO -6 2 13 6
> POWERUP TOMATO -6 12 1 6
> BAT1 1 6 3 7 13 8 13 9 7 11 3 13 4 13 5 13 6 13 4 1 5 7 6 3 3 9
> BAT2 6 1 13 4 13 5 13 6 1 8 1 9 1 10 1 11 6 11 8 13 9 13 10 13 7 1 11 6 7 7 13 7
> BAT3 1 7 3 8 8 11 7 13
< RES 1637332129 79 1
< MOVE L L
> REQ 1637332129 80 1
> VAMPIRE 1 9 1 3 0 3 0
> VAMPIRE 2 10 1 3 0 3 0
> VAMPIRE 3 9 8 3 0 3 0
> VAMPIRE 4 2 13 3 1 3 0
> GRENADE 1 5 1 1 3
> GRENADE 2 10 7 1 3
> GRENADE 3 11 5 1 3
> POWERUP TOMATO -5 2 13 6
> POWERUP TOMATO -5 12 1 6
> BAT1 1 6 3 7 13 8 13 9 7 11 3 13 4 13 5 13 6 13 4 1 5 7 6 3 3 9
> BAT2 6 1 13 4 13 5 13 6 1 8 1 9 1 10 1 11 6 11 8 13 9 13 10 13 7 1 11 6 7 7 13 7
> BAT3 1 7 3 8 8 11 7 13
< RES 1637332129 80 1
< MOVE D
> REQ 1637332129 81 1
> VAMPIRE 1 10 1 3 1 3 0
> VAMPIRE 2 12 1 3 1 3 0
> VAMPIRE 3 9 7 3 1 3 0
> VAMPIRE 4 2 13 3 1 3 0
> POWERUP TOMATO -4 2 13 6
> POWERUP TOMATO -4 12 1 6
> BAT1 1 6 3 7 13 8 13 9 7 11 3 13 4 13 5 13 6 13 6 1 13 5 5 7 6 3 11 6 7 7 13 7 3 9
> BAT2 13 4 13 6 1 8 1 9 1 10 1 11 6 11 8 13 9 13 10 13 7 1
> BAT3 1 7 3 8 8 11 7 13
< RES 1637332129 81 1
< GRENADE
< MOVE D D
> REQ 1637332129 82 1
> VAMPIRE 1 11 1 3 0 3 0
> VAMPIRE 2 12 1 3 0 3 0
> VAMPIRE 3 9 5 3 0 3 0
> VAMPIRE 4 2 13 3 1 3 0
> GRENADE 1 10 1 5 3
> GRENADE 2 12 1 5 3
> GRENADE 3 9 7 5 3
> POWERUP TOMATO -3 2 13 6
> POWERUP TOMATO -3 12 1 6
> BAT1 1 6 3 7 13 8 13 9 7 11 3 13 4 13 5 13 6 13 6 1 13 5 5 7 6 3 11 6 7 7 13 7 3 9
> BAT2 13 4 13 6 1 8 1 9 1 10 1 11 6 11 8 13 9 13 10 13 7 1
> BAT3 1 7 3 8 8 11 7 13
< RES 1637332129 82 1
< MOVE R
> REQ 1637332129 83 1
> VAMPIRE 1 11 2 3 0 3 0
> VAMPIRE 2 12 1 3 0 3 0
> VAMPIRE 3 9 6 3 0 3 0
> VAMPIRE 4 2 13 3 1 3 0
> GRENADE 1 10 1 4 3
> GRENADE 2 13 1 4 3
> GRENADE 3 9 7 4 3
> POWERUP TOMATO -2 2 13 6
> POWERUP TOMATO -2 12 1 6
> BAT1 1 6 3 7 13 8 13 9 7 11 3 13 4 13 5 13 6 13 6 1 13 5 5 7 6 3 11 6 7 7 13 7 3 9
> BAT2 13 4 13 6 1 8 1 9 1 10 1 11 6 11 8 13 9 13 10 13 7 1
> BAT3 1 7 3 8 8 11 7 13
< RES 1637332129 83 1
< MOVE L D
> REQ 1637332129 84 1
> VAMPIRE 1 12 1 3 0 3 0
> VAMPIRE 2 12 1 3 0 3 0
> VAMPIRE 3 10 5 3 0 3 0
> VAMPIRE 4 2 13 3 1 3 0
> GRENADE 1 10 1 3 3
> GRENADE 2 13 1 3 3
> GRENADE 3 9 11 3 3
> POWERUP TOMATO -1 2 13 6
> POWERUP TOMATO -1 12 1 6
> BAT1 1 6 3 7 13 8 13 9 7 11 3 13 4 13 5 13 6 13 6 1 13 5 5 7 6 3 11 6 7 7 13 7 3 9
> BAT2 13 4 13 6 1 8 1 9 1 10 1 11 6 11 8 13 9 13 10 13 7 1
> BAT3 1 7 3 8 8 11 7 13
< RES 1637332129 84 1
< MOVE U
> REQ 1637332129 85 1
> VAMPIRE 1 11 1 3 0 3 0
> VAMPIRE 2 11 1 3 0 3 0
> VAMPIRE 3 11 4 3 0 3 0
> VAMPIRE 4 2 13 3 1 3 0
> GRENADE 1 10 1 2 3
> GRENADE 2 13 1 2 3
> GRENADE 3 9 11 2 3
> POWERUP TOMATO 11 2 13 6
> POWERUP TOMATO 11 12 1 6
> BAT1 1 6 3 7 13 8 13 9 7 11 3 13 4 13 5 13 6 13 6 1 13 5 5 7 6 3 11 6 7 7 13 7 3 9
> BAT2 13 4 13 6 1 8 1 9 1 10 1 11 6 11 8 13 9 13 10 13 7 1
> BAT3 1 7 3 8 8 11 7 13
< RES 1637332129 85 1
< MOVE R
> REQ 1637332129 86 1
> VAMPIRE 1 11 2 3 0 3 0
> VAMPIRE 2 11 2 3 0 3 0
> VAMPIRE 3 11 2 3 0 3 0
> VAMPIRE 4 2 13 3 1 3 0
> GRENADE 1 10 1 1 3
> GRENADE 2 13 1 1 3
> GRENADE 3 9 11 1 3
> POWERUP TOMATO 10 2 13 6
> POWERUP TOMATO 10 12 1 6
> BAT1 1 6 3 7 13 8 13 9 7 11 3 13 4 13 5 13 6 13 6 1 13 5 5 7 6 3 11 6 7 7 13 7 3 9
> BAT2 13 4 13 6 1 8 1 9 1 10 1 11 6 11 8 13 9 13 10 13 7 1
> BAT3 1 7 3 8 8 11 7 13
< RES 1637332129 86 1
< MOVE L D
> REQ 1637332129 87 1
> VAMPIRE 1 12 1 3 1 3 0
> VAMPIRE 2 12 1 3 1 3 0
> VAMPIRE 3 12 1 3 1 3 0
> VAMPIRE 4 2 13 3 1 3 0
> POWERUP TOMATO 9 2 13 6
> POWERUP TOMATO 9 12 1 6
> BAT1 1 6 3 7 13 8 13 9 7 11 3 13 4 13 5 13 6 13 6 1 13 4 13 5 5 7 9 13 7 1 6 3 11 6 7 7 13 7 3 9
> BAT2 13 6 1 8 1 9 1 10 1 11 6 11 8 13 10 13 8 11
> BAT3 1 7 3 8 7 13
< RES 1637332129 87 1
< GRENADE
> REQ 1637332129 88 1
> VAMPIRE 1 12 1 3 0 3 0
> VAMPIRE 2 12 1 3 0 3 0
> VAMPIRE 3 12 1 3 0 3 0
> VAMPIRE 4 2 13 3 1 3 0
> GRENADE 1 12 1 5 3
> GRENADE 2 12 1 5 3
> GRENADE 3 12 1 5 3
> POWERUP TOMATO 8 2 13 6
> POWERUP TOMATO 8 12 1 6
> BAT1 1 6 3 7 13 8 13 9 7 11 3 13 4 13 5 13 6 13 6 1 13 4 13 5 5 7 9 13 7 1 6 3 11 6 7 7 13 7 3 9
> BAT2 13 6 1 8 1 9 1 10 1 11 6 11 8 13 10 13 8 11
> BAT3 1 7 3 8 7 13
< RES 1637332129 88 1
< THROW XD 1
> REQ 1637332129 89 1
> VAMPIRE 1 12 1 3 0 3 0
> VAMPIRE 2 12 1 3 0 3 0
> VAMPIRE 3 12 1 3 0 3 0
> VAMPIRE 4 2 13 3 1 3 0
> GRENADE 1 13 1 4 3
> GRENADE 2 13 1 4 3
> GRENADE 3 13 1 4 3
> POWERUP TOMATO 7 2 13 6
> POWERUP TOMATO 7 12 1 6
> BAT1 1 6 3 7 13 8 13 9 7 11 3 13 4 13 5 13 6 13 6 1 13 4 13 5 5 7 9 13 7 1 6 3 11 6 7 7 13 7 3 9
> BAT2 13 6 1 8 1 9 1 10 1 11 6 11 8 13 10 13 8 11
> BAT3 1 7 3 8 7 13
< RES 1637332129 89 1
> REQ 1637332129 90 1
> VAMPIRE 1 12 1 3 0 3 0
> VAMPIRE 2 12 1 3 0 3 0
> VAMPIRE 3 12 1 3 0 3 0
> VAMPIRE 4 2 13 3 1 3 0
> GRENADE 1 13 1 3 3
> GRENADE 2 13 1 3 3
> GRENADE 3 13 1 3 3
> POWERUP TOMATO 6 12 1 6
> BAT1 1 6 3 7 13 8 13 9 7 11 3 13 4 13 5 13 6 13 6 1 13 4 13 5 5 7 9 13 7 1 6 3 11 6 7 7 13 7 3 9
> BAT2 13 6 1 8 1 9 1 10 1 11 6 11 8 13 10 13 8 11
> BAT3 1 7 3 8 7 13
< RES 1637332129 90 1
< MOVE U
> REQ 1637332129 91 1
> VAMPIRE 1 11 1 3 0 3 0
> VAMPIRE 2 11 1 3 0 3 0
> VAMPIRE 3 11 1 3 0 3 0
> VAMPIRE 4 1 13 3 1 3 0
> GRENADE 1 13 1 2 3
> GRENADE 2 13 1 2 3
> GRENADE 3 13 1 2 3
> POWERUP TOMATO 5 12 1 6
> BAT1 1 6 3 7 13 8 13 9 7 11 3 13 4 13 5 13 6 13 6 1 13 4 13 5 5 7 9 13 7 1 6 3 11 6 7 7 13 7 3 9
> BAT2 13 6 1 8 1 9 1 10 1 11 6 11 8 13 10 13 8 11
> BAT3 1 7 3 8 7 13
< RES 1637332129 91 1
< MOVE R
> REQ 1637332129 92 1
> VAMPIRE 1 11 2 3 0 3 0
> VAMPIRE 2 11 2 3 0 3 0
> VAMPIRE 3 11 2 3 0 3 0
> VAMPIRE 4 1 13 3 1 3 0
> GRENADE 1 13 1 1 3
> GRENADE 2 13 1 1 3
> GRENADE 3 13 1 1 3
> POWERUP TOMATO 4 12 1 6
> BAT1 1 6 3 7 13 8 13 9 7 11 3 13 4 13 5 13 6 13 6 1 13 4 13 5 5 7 9 13 7 1 6 3 11 6 7 7 13 7 3 9
> BAT2 13 6 1 8 1 9 1 10 1 11 6 11 8 13 10 13 8 11
> BAT3 1 7 3 8 7 13
< RES 1637332129 92 1
< MOVE L D
> REQ 1637332129 93 1
> VAMPIRE 1 12 1 3 1 3 0
> VAMPIRE 2 12 1 3 1 3 0
> VAMPIRE 3 12 1 3 1 3 0
> VAMPIRE 4 1 13 3 1 3 0
> POWERUP TOMATO 3 12 1 6
> BAT1 1 6 3 7 13 8 13 9 7 11 3 13 4 13 5 13 6 13 6 1 13 5 5 7 9 13 7 1 6 3 11 6 7 7 13 7 3 9
> BAT2 13 6 1 8 1 9 1 10 1 11 6 11 8 13 10 13 8 11
> BAT3 1 7 3 8 7 13
< RES 1637332129 93 1
< GRENADE
> REQ 1637332129 94 1
> VAMPIRE 1 12 1 3 0 3 0
> VAMPIRE 2 12 1 3 0 3 0
> VAMPIRE 3 12 1 3 0 3 0
> VAMPIRE 4 1 13 3 1 3 0
> GRENADE 1 12 1 5 3
> GRENADE 2 12 1 5 3
> GRENADE 3 12 1 5 3
> POWERUP TOMATO 2 12 1 6
> BAT1 1 6 3 7 13 8 13 9 7 11 3 13 4 13 5 13 6 13 6 1 13 5 5 7 9 13 7 1 6 3 11 6 7 7 13 7 3 9
> BAT2 13 6 1 8 1 9 1 10 1 11 6 11 8 13 10 13 8 11
> BAT3 1 7 3 8 7 13
< RES 1637332129 94 1
> REQ 1637332129 95 1
> VAMPIRE 1 12 1 3 0 3 0
> VAMPIRE 2 12 1 3 0 3 0
> VAMPIRE 3 12 1 3 0 3 0
> VAMPIRE 4 1 13 3 1 3 0
> GRENADE 1 12 1 4 3
> GRENADE 2 12 1 4 3
> GRENADE 3 12 1 4 3
> POWERUP TOMATO 1 12 1 6
> BAT1 1 6 3 7 13 8 13 9 7 11 3 13 4 13 5 13 6 13 6 1 13 5 5 7 9 13 7 1 6 3 11 6 7 7 13 7 3 9
> BAT2 13 6 1 8 1 9 1 10 1 11 6 11 8 13 10 13 8 11
> BAT3 1 7 3 8 7 13
< RES 1637332129 95 1
> REQ 1637332129 96 1
> VAMPIRE 1 12 1 3 0 3 0
> VAMPIRE 2 12 1 3 0 3 0
> VAMPIRE 3 12 1 3 0 3 0
> VAMPIRE 4 1 13 3 1 3 0
> GRENADE 1 12 1 3 3
> GRENADE 2 12 1 3 3
> GRENADE 3 12 1 3 3
> POWERUP TOMATO 1 12 1 6
> BAT1 1 6 3 7 13 8 13 9 7 11 3 13 4 13 5 13 6 13 6 1 13 5 5 7 9 13 7 1 6 3 11 6 7 7 13 7 3 9
> BAT2 13 6 1 8 1 9 1 10 1 11 6 11 8 13 10 13 8 11
> BAT3 1 7 3 8 7 13
< RES 1637332129 96 1
> REQ 1637332129 97 1
> VAMPIRE 1 12 1 3 0 3 0
> VAMPIRE 2 12 1 3 0 3 0
> VAMPIRE 3 12 1 3 0 3 0
> VAMPIRE 4 1 13 3 1 3 0
> GRENADE 1 12 1 2 3
> GRENADE 2 12 1 2 3
> GRENADE 3 12 1 2 3
> POWERUP TOMATO 1 12 1 6
> BAT1 1 6 3 7 13 8 13 9 7 11 3 13 4 13 5 13 6 13 6 1 13 5 5 7 9 13 7 1 6 3 11 6 7 7 13 7 3 9
> BAT2 13 6 1 8 1 9 1 10 1 11 6 11 8 13 10 13 8 11
> BAT3 1 7 3 8 7 13
< RES 1637332129 97 1
< GRENADE
> REQ 1637332129 98 1
> VAMPIRE 1 12 1 3 0 3 0
> VAMPIRE 2 12 1 3 0 3 0
> VAMPIRE 3 12 1 3 0 3 0
> VAMPIRE 4 1 13 3 1 3 0
> GRENADE 1 12 1 1 3
> GRENADE 2 12 1 1 3
> GRENADE 3 12 1 1 3
> POWERUP TOMATO 1 12 1 6
> BAT1 1 6 3 7 13 8 13 9 7 11 3 13 4 13 5 13 6 13 6 1 13 5 5 7 9 13 7 1 6 3 11 6 7 7 13 7 3 9
> BAT2 13 6 1 8 1 9 1 10 1 11 6 11 8 13 10 13 8 11
> BAT3 1 7 3 8 7 13
< RES 1637332129 98 1
< THROW XU 4
> REQ 1637332129 99 1
> VAMPIRE 1 12 1 2 1 3 0
> VAMPIRE 2 12 1 2 1 3 0
> VAMPIRE 3 12 1 2 1 3 0
> VAMPIRE 4 1 13 3 1 3 0
> POWERUP TOMATO 1 12 1 6
> BAT1 1 6 3 7 13 8 13 9 7 11 3 13 4 13 5 13 6 13 6 1 13 5 5 7 9 13 7 1 6 3 11 6 7 7 13 7 3 9
> BAT2 13 6 1 8 1 9 1 10 1 11 6 11 8 13 10 13 8 11
> BAT3 1 7 3 8 7 13
< RES 1637332129 99 1
< GRENADE
> REQ 1637332129 100 1
> VAMPIRE 1 12 1 2 1 3 0
> VAMPIRE 2 12 1 2 1 3 0
> VAMPIRE 3 12 1 2 1 3 0
> VAMPIRE 4 1 13 3 1 3 0
> POWERUP TOMATO 1 12 1 6
> BAT1 1 6 3 7 13 8 13 9 7 11 3 13 4 13 5 13 6 13 6 1 13 5 5 7 9 13 7 1 6 3 11 6 7 7 13 7 3 9
> BAT2 13 6 1 8 1 9 1 10 1 11 6 11 8 13 10 13 8 11
> BAT3 1 7 3 8 7 13
< RES 1637332129 100 1
< GRENADE
> REQ 1637332129 101 1
> VAMPIRE 1 12 1 2 1 3 0
> VAMPIRE 2 12 1 2 1 3 0
> VAMPIRE 3 12 1 2 1 3 0
> VAMPIRE 4 1 13 3 1 3 0
> POWERUP TOMATO 1 12 1 6
> BAT1 1 6 3 7 13 8 13 9 7 11 3 13 4 13 5 13 6 13 6 1 13 5 5 7 9 13 7 1 6 3 11 6 7 7 13 7 3 9
> BAT2 13 6 1 8 1 9 1 10 1 11 6 11 8 13 10 13 8 11
> BAT3 1 7 3 8 7 13
< RES 1637332129 101 1
< GRENADE
> REQ 1637332129 102 1
> VAMPIRE 1 12 1 2 0 3 0
> VAMPIRE 2 12 1 2 0 3 0
> VAMPIRE 3 12 1 2 0 3 0
> VAMPIRE 4 1 13 3 1 3 0
> GRENADE 1 12 1 5 3
> GRENADE 2 12 1 5 3
> GRENADE 3 12 1 5 3
> POWERUP TOMATO 1 12 1 6
> BAT1 1 6 3 7 13 8 13 9 7 11 3 13 4 13 5 13 6 13 6 1 13 5 5 7 9 13 7 1 6 3 11 6 7 7 13 7 3 9
> BAT2 13 6 1 8 1 9 1 10 1 11 6 11 8 13 10 13 8 11
> BAT3 1 7 3 8 7 13
< RES 1637332129 102 1
> REQ 1637332129 103 1
> VAMPIRE 1 12 1 2 0 3 0
> VAMPIRE 2 12 1 2 0 3 0
> VAMPIRE 3 12 1 2 0 3 0
> VAMPIRE 4 1 13 3 1 3 0
> GRENADE 1 12 1 4 3
> GRENADE 2 12 1 4 3
> GRENADE 3 12 1 4 3
> POWERUP TOMATO 1 12 1 6
> BAT1 1 6 3 7 13 8 13 9 7 11 3 13 4 13 5 13 6 13 6 1 13 5 5 7 9 13 7 1 6 3 11 6 7 7 13 7 3 9
> BAT2 13 6 1 8 1 9 1 10 1 11 6 11 8 13 10 13 8 11
> BAT3 1 7 3 8 7 13
< RES 1637332129 103 1
> REQ 1637332129 104 1
> VAMPIRE 1 12 1 2 0 3 0
> VAMPIRE 2 12 1 2 0 3 0
> VAMPIRE 3 12 1 2 0 3 0
> VAMPIRE 4 1 13 3 1 3 0
> GRENADE 1 12 1 3 3
> GRENADE 2 12 1 3 3
> GRENADE 3 12 1 3 3
> POWERUP TOMATO 1 12 1 6
> BAT1 1 6 3 7 13 8 13 9 7 11 3 13 4 13 5 13 6 13 6 1 13 5 5 7 9 13 7 1 6 3 11 6 7 7 13 7 3 9
> BAT2 13 6 1 8 1 9 1 10 1 11 6 11 8 13 10 13 8 11
> BAT3 1 7 3 8 7 13
< RES 1637332129 104 1
> REQ 1637332129 105 1
> VAMPIRE 1 12 1 2 0 3 0
> VAMPIRE 2 12 1 2 0 3 0
> VAMPIRE 3 12 1 2 0 3 0
> VAMPIRE 4 1 13 3 1 3 0
> GRENADE 1 12 1 2 3
> GRENADE 2 12 1 2 3
> GRENADE 3 12 1 2 3
> POWERUP TOMATO -5 2 5 7
> POWERUP TOMATO -5 12 9 7
> BAT1 1 6 3 7 13 8 13 9 7 11 3 13 4 13 5 13 6 13 6 1 13 5 5 7 9 13 7 1 6 3 11 6 7 7 13 7 3 9
> BAT2 13 6 1 8 1 9 1 10 1 11 6 11 8 13 10 13 8 11
> BAT3 1 7 3 8 7 13
< RES 1637332129 105 1
< GRENADE
> REQ 1637332129 106 1
> VAMPIRE 1 12 1 2 0 3 0
> VAMPIRE 2 12 1 2 0 3 0
> VAMPIRE 3 12 1 2 0 3 0
> VAMPIRE 4 2 13 3 1 3 0
> GRENADE 1 12 1 1 3
> GRENADE 2 12 1 1 3
> GRENADE 3 12 1 1 3
> POWERUP TOMATO -4 2 5 7
> POWERUP TOMATO -4 12 9 7
> BAT1 1 6 3 7 13 8 13 9 7 11 3 13 4 13 5 13 6 13 6 1 13 5 5 7 9 13 7 1 6 3 11 6 7 7 13 7 3 9
> BAT2 13 6 1 8 1 9 1 10 1 11 6 11 8 13 10 13 8 11
> BAT3 1 7 3 8 7 13
< RES 1637332129 106 1
< MOVE U
> REQ 1637332129 107 1
> VAMPIRE 1 11 1 1 1 3 0
> VAMPIRE 2 11 1 1 1 3 0
> VAMPIRE 3 12 1 1 1 3 0
> VAMPIRE 4 1 13 3 1 3 0
> POWERUP TOMATO -3 2 5 7
> POWERUP TOMATO -3 12 9 7
> BAT1 1 6 3 7 13 8 13 9 7 11 3 13 4 13 5 13 6 13 6 1 13 5 5 7 9 13 7 1 6 3 11 6 7 7 13 7 3 9
> BAT2 13 6 1 8 1 9 1 10 1 11 6 11 8 13 10 13 8 11
> BAT3 1 7 3 8 7 13
< RES 1637332129 107 1
< GRENADE
> REQ 1637332129 108 1
> VAMPIRE 1 11 1 1 1 3 0
> VAMPIRE 2 11 1 1 1 3 0
> VAMPIRE 3 13 2 1 1 3 0
> VAMPIRE 4 1 13 3 1 3 0
> POWERUP TOMATO -2 2 5 7
> POWERUP TOMATO -2 12 9 7
> BAT1 1 6 3 7 13 8 13 9 7 11 3 13 4 13 5 13 6 13 6 1 13 5 5 7 9 13 7 1 6 3 11 6 7 7 13 7 3 9
> BAT2 13 6 1 8 1 9 1 10 1 11 6 11 8 13 10 13 8 11
> BAT3 1 7 3 8 7 13
< RES 1637332129 108 1
< GRENADE
> REQ 1637332129 109 1
> VAMPIRE 1 11 1 1 1 3 0
> VAMPIRE 2 11 1 1 1 3 0
> VAMPIRE 3 12 3 1 1 3 0
> VAMPIRE 4 1 13 3 1 3 0
> POWERUP TOMATO -1 2 5 7
> POWERUP TOMATO -1 12 9 7
> BAT1 1 6 3 7 13 8 13 9 7 11 3 13 4 13 5 13 6 13 6 1 13 5 5 7 9 13 7 1 6 3 11 6 7 7 13 7 3 9
> BAT2 13 6 1 8 1 9 1 10 1 11 6 11 8 13 10 13 8 11
> BAT3 1 7 3 8 7 13
< RES 1637332129 109 1
< GRENADE
> REQ 1637332129 110 1
> VAMPIRE 1 11 1 1 0 3 0
> VAMPIRE 2 11 1 1 0 3 0
> VAMPIRE 3 11 3 1 1 3 0
> VAMPIRE 4 1 13 3 1 3 0
> GRENADE 1 11 1 5 3
> GRENADE 2 11 1 5 3
> POWERUP TOMATO 16 2 5 7
> POWERUP TOMATO 16 12 9 7
> BAT1 1 6 3 7 13 8 13 9 7 11 3 13 4 13 5 13 6 13 6 1 13 5 5 7 9 13 7 1 6 3 11 6 7 7 13 7 3 9
> BAT2 13 6 1 8 1 9 1 10 1 11 6 11 8 13 10 13 8 11
> BAT3 1 7 3 8 7 13
< RES 1637332129 110 1
< THROW XR 4
< MOVE U U
> REQ 1637332129 111 1
> VAMPIRE 1 9 1 1 0 3 0
> VAMPIRE 2 9 1 1 0 3 0
> VAMPIRE 3 11 3 1 0 3 0
> VAMPIRE 4 1 13 3 1 3 0
> GRENADE 1 11 5 4 3
> GRENADE 2 11 5 4 3
> GRENADE 3 11 3 5 3
> POWERUP TOMATO 15 2 5 7
> POWERUP TOMATO 15 12 9 7
> BAT1 1 6 3 7 13 8 13 9 7 11 3 13 4 13 5 13 6 13 6 1 13 5 5 7 9 13 7 1 6 3 11 6 7 7 13 7 3 9
> BAT2 13 6 1 8 1 9 1 10 1 11 6 11 8 13 10 13 8 11
> BAT3 1 7 3 8 7 13
< RES 1637332129 111 1
< MOVE R R
> REQ 1637332129 112 1
> VAMPIRE 1 9 3 1 0 3 0
> VAMPIRE 2 9 3 1 0 3 0
> VAMPIRE 3 9 3 1 0 3 0
> VAMPIRE 4 1 13 3 1 3 0
> GRENADE 1 11 5 3 3
> GRENADE 2 11 5 3 3
> GRENADE 3 11 7 4 3
> POWERUP TOMATO 14 2 5 7
> POWERUP TOMATO 14 12 9 7
> BAT1 1 6 3 7 13 8 13 9 7 11 3 13 4 13 5 13 6 13 6 1 13 5 5 7 9 13 7 1 6 3 11 6 7 7 13 7 3 9
> BAT2 13 6 1 8 1 9 1 10 1 11 6 11 8 13 10 13 8 11
> BAT3 1 7 3 8 7 13
< RES 1637332129 112 1
< MOVE U U
> REQ 1637332129 113 1
> VAMPIRE 1 7 3 1 0 3 0
> VAMPIRE 2 7 3 1 0 3 0
> VAMPIRE 3 7 3 1 0 3 0
> VAMPIRE 4 1 13 3 1 3 0
> GRENADE 1 11 5 2 3
> GRENADE 2 11 5 2 3
> GRENADE 3 11 7 3 3
> POWERUP TOMATO 13 2 5 7
> POWERUP TOMATO 13 12 9 7
> BAT1 1 6 3 7 13 8 13 9 7 11 3 13 4 13 5 13 6 13 6 1 13 5 5 7 9 13 7 1 6 3 11 6 7 7 13 7 3 9
> BAT2 13 6 1 8 1 9 1 10 1 11 6 11 8 13 10 13 8 11
> BAT3 1 7 3 8 7 13
< RES 1637332129 113 1
< MOVE R R
> REQ 1637332129 114 1
> VAMPIRE 1 7 5 1 0 3 0
> VAMPIRE 2 7 5 1 0 3 0
> VAMPIRE 3 7 5 1 0 3 0
> VAMPIRE 4 1 13 3 1 3 0
> GRENADE 1 11 5 1 3
> GRENADE 2 11 5 1 3
> GRENADE 3 11 7 2 3
> POWERUP TOMATO 12 2 5 7
> POWERUP TOMATO 12 12 9 7
> BAT1 1 6 3 7 13 8 13 9 7 11 3 13 4 13 5 13 6 13 6 1 13 5 5 7 9 13 7 1 6 3 11 6 7 7 13 7 3 9
> BAT2 13 6 1 8 1 9 1 10 1 11 6 11 8 13 10 13 8 11
> BAT3 1 7 3 8 7 13
< RES 1637332129 114 1
< MOVE U U
> REQ 1637332129 115 1
> VAMPIRE 1 5 5 1 1 3 0
> VAMPIRE 2 5 5 1 1 3 0
> VAMPIRE 3 5 5 1 0 3 0
> VAMPIRE 4 1 13 3 1 3 0
> GRENADE 3 11 7 1 3
> POWERUP TOMATO 11 2 5 7
> POWERUP TOMATO 11 12 9 7
> BAT1 1 6 3 7 13 8 13 9 7 11 3 13 4 13 5 13 6 13 6 1 5 7 9 13 7 1 6 3 7 7 13 7 3 9
> BAT2 13 6 1 8 1 9 1 10 1 11 6 11 8 13 10 13 8 11
> BAT3 1 7 3 8 7 13
< RES 1637332129 115 1
< GRENADE
< MOVE U U
> REQ 1637332129 116 1
> VAMPIRE 1 3 5 1 0 3 0
> VAMPIRE 2 3 5 1 0 3 0
> VAMPIRE 3 3 5 1 1 3 0
> VAMPIRE 4 1 13 3 1 3 0
> GRENADE 1 5 5 5 3
> GRENADE 2 5 5 5 3
> POWERUP TOMATO 10 2 5 7
> POWERUP TOMATO 10 12 9 7
> BAT1 1 6 3 7 13 8 13 9 7 11 3 13 4 13 5 13 6 13 6 1 5 7 9 13 7 1 6 3 7 7 3 9
> BAT2 13 6 1 8 1 9 1 10 1 11 6 11 8 13 10 13 8 11
> BAT3 1 7 3 8 7 13
< RES 1637332129 116 1
< MOVE U
> REQ 1637332129 117 1
> VAMPIRE 1 2 5 1 0 3 0
> VAMPIRE 2 2 5 1 0 3 0
> VAMPIRE 3 3 5 1 0 3 0
> VAMPIRE 4 1 13 3 1 3 0
> GRENADE 1 5 5 4 3
> GRENADE 2 5 5 4 3
> GRENADE 3 3 5 5 3
> POWERUP TOMATO 9 2 5 7
> POWERUP TOMATO 9 12 9 7
> BAT1 1 6 3 7 13 8 13 9 7 11 3 13 4 13 5 13 6 13 6 1 5 7 9 13 7 1 6 3 7 7 3 9
> BAT2 13 6 1 8 1 9 1 10 1 11 6 11 8 13 10 13 8 11
> BAT3 1 7 3 8 7 13
< RES 1637332129 117 1
> REQ 1637332129 118 1
> VAMPIRE 1 2 5 1 0 3 0
> VAMPIRE 2 2 5 1 0 3 0
> VAMPIRE 3 2 5 1 0 3 0
> VAMPIRE 4 1 13 3 1 3 0
> GRENADE 1 5 5 3 3
> GRENADE 2 5 5 3 3
> GRENADE 3 3 5 4 3
> POWERUP TOMATO 8 2 5 7
> POWERUP TOMATO 8 12 9 7
> BAT1 1 6 3 7 13 8 13 9 7 11 3 13 4 13 5 13 6 13 6 1 5 7 9 13 7 1 6 3 7 7 3 9
> BAT2 13 6 1 8 1 9 1 10 1 11 6 11 8 13 10 13 8 11
> BAT3 1 7 3 8 7 13
< RES 1637332129 118 1
< MOVE U
> REQ 1637332129 119 1
> VAMPIRE 1 1 5 1 0 3 0
> VAMPIRE 2 1 5 1 0 3 0
> VAMPIRE 3 2 5 1 0 3 0
> VAMPIRE 4 1 13 3 1 3 0
> GRENADE 1 5 5 2 3
> GRENADE 2 5 5 2 3
> GRENADE 3 3 5 3 3
> POWERUP TOMATO 7 2 5 7
> POWERUP TOMATO 7 12 9 7
> BAT1 1 6 3 7 13 8 13 9 7 11 3 13 4 13 5 13 6 13 6 1 5 7 9 13 7 1 6 3 7 7 3 9
> BAT2 13 6 1 8 1 9 1 10 1 11 6 11 8 13 10 13 8 11
> BAT3 1 7 3 8 7 13
< RES 1637332129 119 1
< MOVE L L
> REQ 1637332129 120 1
> VAMPIRE 1 1 3 1 0 3 0
> VAMPIRE 2 1 3 1 0 3 0
> VAMPIRE 3 2 5 1 0 3 0
> VAMPIRE 4 1 13 3 1 3 0
> GRENADE 1 5 5 1 3
> GRENADE 2 5 5 1 3
> GRENADE 3 7 5 2 3
> POWERUP TOMATO 6 2 5 7
> POWERUP TOMATO 6 12 9 7
> BAT1 1 6 3 7 13 8 13 9 7 11 3 13 4 13 5 13 6 13 6 1 5 7 9 13 7 1 6 3 7 7 3 9
> BAT2 13 6 1 8 1 9 1 10 1 11 6 11 8 13 10 13 8 11
> BAT3 1 7 3 8 7 13
< RES 1637332129 120 1
< MOVE R
> REQ 1637332129 121 1
> VAMPIRE 1 1 4 1 1 3 0
> VAMPIRE 2 1 4 1 1 3 0
> VAMPIRE 4 1 13 3 1 3 0
> POWERUP TOMATO 5 2 5 7
> POWERUP TOMATO 5 12 9 7
> BAT1 1 6 3 7 13 8 13 9 7 11 3 13 4 13 5 13 6 13 6 1 9 13 7 1 6 3 3 9
> BAT2 13 6 1 8 1 9 1 10 1 11 6 11 8 13 10 13 8 11
> BAT3 1 7 3 8 7 13
< RES 1637332129 121 1
< GRENADE
< MOVE R D
> REQ 1637332129 122 1
> VAMPIRE 1 2 5 1 0 3 0
> VAMPIRE 2 2 5 1 0 3 0
> VAMPIRE 4 1 13 3 1 3 0
> GRENADE 1 1 4 5 3
> GRENADE 2 1 4 5 3
> POWERUP TOMATO 4 2 5 7
> POWERUP TOMATO 4 12 9 7
> BAT1 1 6 3 7 13 8 13 9 7 11 3 13 4 13 5 13 6 13 6 1 9 13 7 1 6 3 3 9
> BAT2 13 6 1 8 1 9 1 10 1 11 6 11 8 13 10 13 8 11
> BAT3 1 7 3 8 7 13
< RES 1637332129 122 1
> REQ 1637332129 123 1
> VAMPIRE 1 2 5 1 0 3 0
> VAMPIRE 2 2 5 1 0 3 0
> VAMPIRE 4 1 13 3 1 3 0
> GRENADE 1 1 4 4 3
> GRENADE 2 1 4 4 3
> POWERUP TOMATO 3 2 5 7
> POWERUP TOMATO 3 12 9 7
> BAT1 1 6 3 7 13 8 13 9 7 11 3 13 4 13 5 13 6 13 6 1 9 13 7 1 6 3 3 9
> BAT2 13 6 1 8 1 9 1 10 1 11 6 11 8 13 10 13 8 11
> BAT3 1 7 3 8 7 13
< RES 1637332129 123 1
> REQ 1637332129 124 1
> VAMPIRE 1 2 5 1 0 3 0
> VAMPIRE 2 2 5 1 0 3 0
> VAMPIRE 4 2 13 3 1 3 0
> GRENADE 1 1 4 3 3
> GRENADE 2 1 4 3 3
> POWERUP TOMATO 2 2 5 7
> POWERUP TOMATO 2 12 9 7
> BAT1 1 6 3 7 13 8 13 9 7 11 3 13 4 13 5 13 6 13 6 1 9 13 7 1 6 3 3 9
> BAT2 13 6 1 8 1 9 1 10 1 11 6 11 8 13 10 13 8 11
> BAT3 1 7 3 8 7 13
< RES 1637332129 124 1
> REQ 1637332129 125 1
> VAMPIRE 1 2 5 1 0 3 0
> VAMPIRE 2 2 5 1 0 3 0
> VAMPIRE 4 1 13 3 1 3 0
> GRENADE 1 1 4 2 3
> GRENADE 2 1 4 2 3
> POWERUP TOMATO 1 2 5 7
> POWERUP TOMATO 1 12 9 7
> BAT1 1 6 3 7 13 8 13 9 7 11 3 13 4 13 5 13 6 13 6 1 9 13 7 1 6 3 3 9
> BAT2 13 6 1 8 1 9 1 10 1 11 6 11 8 13 10 13 8 11
> BAT3 1 7 3 8 7 13
< RES 1637332129 125 1
> REQ 1637332129 126 1
> VAMPIRE 1 2 5 1 0 3 0
> VAMPIRE 2 2 5 1 0 3 0
> VAMPIRE 4 1 13 3 1 3 0
> GRENADE 1 1 4 1 3
> GRENADE 2 1 4 1 3
> POWERUP TOMATO 1 2 5 7
> BAT1 1 6 3 7 13 8 13 9 7 11 3 13 4 13 5 13 6 13 6 1 9 13 7 1 6 3 3 9
> BAT2 13 6 1 8 1 9 1 10 1 11 6 11 8 13 10 13 8 11
> BAT3 1 7 3 8 7 13
< RES 1637332129 126 1
> REQ 1637332129 127 1
> VAMPIRE 1 2 5 1 1 3 0
> VAMPIRE 2 2 5 1 1 3 0
> VAMPIRE 4 1 13 3 1 3 0
> POWERUP TOMATO 1 2 5 7
> BAT1 3 7 13 8 13 9 7 11 3 13 4 13 5 13 6 13 6 1 9 13 7 1 6 3 3 9
> BAT2 13 6 1 8 1 9 1 10 1 11 6 11 8 13 10 13 8 11
> BAT3 1 7 3 8 7 13
< RES 1637332129 127 1
< GRENADE
> REQ 1637332129 128 1
> VAMPIRE 1 2 5 1 0 3 0
> VAMPIRE 2 2 5 1 0 3 0
> VAMPIRE 4 1 13 3 1 3 0
> GRENADE 1 2 5 5 3
> GRENADE 2 2 5 5 3
> POWERUP TOMATO 1 2 5 7
> BAT1 3 7 13 8 13 9 7 11 3 13 4 13 5 13 6 13 6 1 9 13 7 1 6 3 3 9
> BAT2 13 6 1 8 1 9 1 10 1 11 6 11 8 13 10 13 8 11
> BAT3 1 7 3 8 7 13
< RES 1637332129 128 1
< THROW XR 4
< MOVE U L
> REQ 1637332129 129 1
> VAMPIRE 1 1 4 1 0 3 0
> VAMPIRE 2 1 4 1 0 3 0
> VAMPIRE 4 1 13 3 1 3 0
> GRENADE 1 2 9 4 3
> GRENADE 2 2 9 4 3
> POWERUP TOMATO 1 2 5 7
> BAT1 3 7 13 8 13 9 7 11 3 13 4 13 5 13 6 13 6 1 9 13 7 1 6 3 3 9
> BAT2 13 6 1 8 1 9 1 10 1 11 6 11 8 13 10 13 8 11
> BAT3 1 7 3 8 7 13
< RES 1637332129 129 1
< MOVE R
> REQ 1637332129 130 1
> VAMPIRE 1 1 5 1 0 3 0
> VAMPIRE 2 1 5 1 0 3 0
> VAMPIRE 4 1 13 3 1 3 0
> GRENADE 1 2 9 3 3
> GRENADE 2 2 9 3 3
> BAT1 3 7 13 8 13 9 7 11 3 13 4 13 5 13 6 13 6 1 9 13 7 1 6 3 3 9
> BAT2 13 6 1 8 1 9 1 10 1 11 6 11 8 13 10 13 8 11
> BAT3 1 7 3 8 7 13
< RES 1637332129 130 1
< MOVE D D
> REQ 1637332129 131 1
> VAMPIRE 1 3 5 1 0 3 0
> VAMPIRE 2 3 5 1 0 3 0
> VAMPIRE 4 1 13 3 1 3 0
> GRENADE 1 2 9 2 3
> GRENADE 2 2 9 2 3
> BAT1 3 7 13 8 13 9 7 11 3 13 4 13 5 13 6 13 6 1 9 13 7 1 6 3 3 9
> BAT2 13 6 1 8 1 9 1 10 1 11 6 11 8 13 10 13 8 11
> BAT3 1 7 3 8 7 13
< RES 1637332129 131 1
< MOVE D D
> REQ 1637332129 132 1
> VAMPIRE 1 5 5 1 0 3 0
> VAMPIRE 2 5 5 1 0 3 0
> VAMPIRE 4 1 13 3 1 3 0
> GRENADE 1 2 9 1 3
> GRENADE 2 2 9 1 3
> BAT1 3 7 13 8 13 9 7 11 3 13 4 13 5 13 6 13 6 1 9 13 7 1 6 3 3 9
> BAT2 13 6 1 8 1 9 1 10 1 11 6 11 8 13 10 13 8 11
> BAT3 1 7 3 8 7 13
< RES 1637332129 132 1
< MOVE R R
> REQ 1637332129 133 1
> VAMPIRE 1 5 7 1 1 3 0
> VAMPIRE 2 5 7 1 1 3 0
> VAMPIRE 4 1 13 3 1 3 0
> BAT1 3 7 13 8 13 9 7 11 3 13 4 13 5 13 6 13 6 1 1 9 9 13 7 1 6 3
> BAT2 13 6 1 8 1 10 1 11 6 11 8 13 10 13 8 11
> BAT3 1 7 3 8 7 13
< RES 1637332129 133 1
< GRENADE
> REQ 1637332129 134 1
> VAMPIRE 1 5 7 1 0 3 0
> VAMPIRE 2 5 7 1 0 3 0
> VAMPIRE 4 1 13 3 1 3 0
> GRENADE 1 5 7 5 3
> GRENADE 2 5 7 5 3
> BAT1 3 7 13 8 13 9 7 11 3 13 4 13 5 13 6 13 6 1 1 9 9 13 7 1 6 3
> BAT2 13 6 1 8 1 10 1 11 6 11 8 13 10 13 8 11
> BAT3 1 7 3 8 7 13
< RES 1637332129 134 1
< THROW XR 4
< MOVE D D
> REQ 1637332129 135 1
> VAMPIRE 1 7 7 1 0 3 0
> VAMPIRE 2 7 7 1 0 3 0
> VAMPIRE 4 1 13 3 1 3 0
> GRENADE 1 5 11 4 3
> GRENADE 2 5 11 4 3
> BAT1 3 7 13 8 13 9 7 11 3 13 4 13 5 13 6 13 6 1 1 9 9 13 7 1 6 3
> BAT2 13 6 1 8 1 10 1 11 6 11 8 13 10 13 8 11
> BAT3 1 7 3 8 7 13
< RES 1637332129 135 1
> REQ 1637332129 136 1
> VAMPIRE 1 7 7 1 0 3 0
> VAMPIRE 2 7 7 1 0 3 0
> VAMPIRE 4 1 13 3 1 3 0
> GRENADE 1 5 11 3 3
> GRENADE 2 5 11 3 3
> POWERUP BATTERY -7 5 7 5
> POWERUP BATTERY -7 9 7 5
> BAT1 3 7 13 8 13 9 7 11 3 13 4 13 5 13 6 13 6 1 1 9 9 13 7 1 6 3
> BAT2 13 6 1 8 1 10 1 11 6 11 8 13 10 13 8 11
> BAT3 1 7 3 8 7 13
< RES 1637332129 136 1
< MOVE U U
> REQ 1637332129 137 1
> VAMPIRE 1 5 7 1 0 3 0
> VAMPIRE 2 5 7 1 0 3 0
> VAMPIRE 4 1 13 3 1 3 0
> GRENADE 1 5 11 2 3
> GRENADE 2 5 11 2 3
> POWERUP BATTERY -6 5 7 5
> POWERUP BATTERY -6 9 7 5
> BAT1 3 7 13 8 13 9 7 11 3 13 4 13 5 13 6 13 6 1 1 9 9 13 7 1 6 3
> BAT2 13 6 1 8 1 10 1 11 6 11 8 13 10 13 8 11
> BAT3 1 7 3 8 7 13
< RES 1637332129 137 1
> REQ 1637332129 138 1
> VAMPIRE 1 5 7 1 0 3 0
> VAMPIRE 2 5 7 1 0 3 0
> VAMPIRE 4 2 13 3 1 3 0
> GRENADE 1 5 11 1 3
> GRENADE 2 5 11 1 3
> POWERUP BATTERY -5 5 7 5
> POWERUP BATTERY -5 9 7 5
> BAT1 3 7 13 8 13 9 7 11 3 13 4 13 5 13 6 13 6 1 1 9 9 13 7 1 6 3
> BAT2 13 6 1 8 1 10 1 11 6 11 8 13 10 13 8 11
> BAT3 1 7 3 8 7 13
< RES 1637332129 138 1
> REQ 1637332129 139 1
> VAMPIRE 1 5 7 1 1 3 0
> VAMPIRE 2 5 7 1 1 3 0
> VAMPIRE 4 1 13 3 1 3 0
> POWERUP BATTERY -4 5 7 5
> POWERUP BATTERY -4 9 7 5
> BAT1 3 7 13 8 13 9 7 11 3 13 4 13 6 13 6 1 1 9 6 11 9 13 7 1 6 3
> BAT2 13 6 1 8 1 10 1 11 8 13 10 13 8 11
> BAT3 1 7 3 8 7 13
< RES 1637332129 139 1
< GRENADE
> REQ 1637332129 140 1
> VAMPIRE 1 5 7 1 0 3 0
> VAMPIRE 2 5 7 1 0 3 0
> VAMPIRE 4 1 13 3 1 3 0
> GRENADE 1 5 7 5 3
> GRENADE 2 5 7 5 3
> POWERUP BATTERY -3 5 7 5
> POWERUP BATTERY -3 9 7 5
> BAT1 3 7 13 8 13 9 7 11 3 13 4 13 6 13 6 1 1 9 6 11 9 13 7 1 6 3
> BAT2 13 6 1 8 1 10 1 11 8 13 10 13 8 11
> BAT3 1 7 3 8 7 13
< RES 1637332129 140 1
> REQ 1637332129 141 1
> VAMPIRE 1 5 7 1 0 3 0
> VAMPIRE 2 5 7 1 0 3 0
> VAMPIRE 4 1 13 3 1 3 0
> GRENADE 1 5 7 4 3
> GRENADE 2 5 7 4 3
> POWERUP BATTERY -2 5 7 5
> POWERUP BATTERY -2 9 7 5
> BAT1 3 7 13 8 13 9 7 11 3 13 4 13 6 13 6 1 1 9 6 11 9 13 7 1 6 3
> BAT2 13 6 1 8 1 10 1 11 8 13 10 13 8 11
> BAT3 1 7 3 8 7 13
< RES 1637332129 141 1
< THROW XU 3
< MOVE D D
> REQ 1637332129 142 1
> VAMPIRE 1 7 7 1 0 3 0
> VAMPIRE 2 7 7 1 0 3 0
> VAMPIRE 4 1 13 3 1 3 0
> GRENADE 1 2 7 3 3
> GRENADE 2 2 7 3 3
> POWERUP BATTERY -1 5 7 5
> POWERUP BATTERY -1 9 7 5
> BAT1 3 7 13 8 13 9 7 11 3 13 4 13 6 13 6 1 1 9 6 11 9 13 7 1 6 3
> BAT2 13 6 1 8 1 10 1 11 8 13 10 13 8 11
> BAT3 1 7 3 8 7 13
< RES 1637332129 142 1
< MOVE U U
> REQ 1637332129 143 1
> VAMPIRE 1 5 7 1 0 3 0
> VAMPIRE 2 5 7 1 0 3 0
> VAMPIRE 4 2 13 3 1 3 0
> GRENADE 1 2 7 2 3
> GRENADE 2 2 7 2 3
> POWERUP BATTERY 13 5 7 5
> POWERUP BATTERY 13 9 7 5
> BAT1 3 7 13 8 13 9 7 11 3 13 4 13 6 13 6 1 1 9 6 11 9 13 7 1 6 3
> BAT2 13 6 1 8 1 10 1 11 8 13 10 13 8 11
> BAT3 1 7 3 8 7 13
< RES 1637332129 143 1
> REQ 1637332129 144 1
> VAMPIRE 1 5 7 1 0 3 0
> VAMPIRE 2 5 7 1 0 3 0
> VAMPIRE 4 1 13 3 1 3 0
> GRENADE 1 2 7 1 3
> GRENADE 2 2 7 1 3
> POWERUP BATTERY 12 5 7 5
> POWERUP BATTERY 12 9 7 5
> BAT1 3 7 13 8 13 9 7 11 3 13 4 13 6 13 6 1 1 9 6 11 9 13 7 1 6 3
> BAT2 13 6 1 8 1 10 1 11 8 13 10 13 8 11
> BAT3 1 7 3 8 7 13
< RES 1637332129 144 1
> REQ 1637332129 145 1
> VAMPIRE 1 5 7 1 1 3 0
> VAMPIRE 2 5 7 1 1 3 0
> VAMPIRE 4 2 13 3 1 3 0
> POWERUP BATTERY 11 5 7 5
> POWERUP BATTERY 11 9 7 5
> BAT1 13 8 13 9 7 11 3 13 4 13 6 13 6 1 1 9 6 11 9 13 7 1 6 3
> BAT2 13 6 1 8 1 10 1 11 8 13 10 13 1 7 8 11
> BAT3 3 8 7 13
< RES 1637332129 145 1
< GRENADE
> REQ 1637332129 146 1
> VAMPIRE 1 5 7 1 0 3 0
> VAMPIRE 2 5 7 1 0 3 0
> VAMPIRE 4 1 13 3 1 3 0
> GRENADE 1 5 7 5 3
> GRENADE 2 5 7 5 3
> POWERUP BATTERY 10 5 7 5
> POWERUP BATTERY 10 9 7 5
> BAT1 13 8 13 9 7 11 3 13 4 13 6 13 6 1 1 9 6 11 9 13 7 1 6 3
> BAT2 13 6 1 8 1 10 1 11 8 13 10 13 1 7 8 11
> BAT3 3 8 7 13
< RES 1637332129 146 1
< THROW XU 3
> REQ 1637332129 147 1
> VAMPIRE 1 5 7 1 0 3 0
> VAMPIRE 2 5 7 1 0 3 0
> VAMPIRE 4 1 13 3 1 3 0
> GRENADE 1 2 7 4 3
> GRENADE 2 2 7 4 3
> POWERUP BATTERY 9 5 7 5
> POWERUP BATTERY 9 9 7 5
> BAT1 13 8 13 9 7 11 3 13 4 13 6 13 6 1 1 9 6 11 9 13 7 1 6 3
> BAT2 13 6 1 8 1 10 1 11 8 13 10 13 1 7 8 11
> BAT3 3 8 7 13
< RES 1637332129 147 1
< MOVE D D
> REQ 1637332129 148 1
> VAMPIRE 1 7 7 1 0 4 0
> VAMPIRE 2 7 7 1 0 4 0
> VAMPIRE 4 1 13 3 1 3 0
> GRENADE 1 2 7 3 3
> GRENADE 2 2 7 3 3
> POWERUP BATTERY 8 9 7 5
> BAT1 13 8 13 9 7 11 3 13 4 13 6 13 6 1 1 9 6 11 9 13 7 1 6 3
> BAT2 13 6 1 8 1 10 1 11 8 13 10 13 1 7 8 11
> BAT3 3 8 7 13
< RES 1637332129 148 1
< MOVE D D
> REQ 1637332129 149 1
> VAMPIRE 1 9 7 1 0 4 0
> VAMPIRE 2 9 7 1 0 4 0
> VAMPIRE 4 1 13 3 1 3 0
> GRENADE 1 2 7 2 3
> GRENADE 2 2 7 2 3
> POWERUP BATTERY 7 9 7 5
> BAT1 13 8 13 9 7 11 3 13 4 13 6 13 6 1 1 9 6 11 9 13 7 1 6 3
> BAT2 13 6 1 8 1 10 1 11 8 13 10 13 1 7 8 11
> BAT3 3 8 7 13
< RES 1637332129 149 1
> REQ 1637332129 150 1
> VAMPIRE 1 9 7 1 0 4 0
> VAMPIRE 2 9 7 1 0 4 0
> VAMPIRE 4 1 13 3 1 3 0
> GRENADE 1 2 7 1 3
> GRENADE 2 2 7 1 3
> POWERUP BATTERY 6 9 7 5
> BAT1 13 8 13 9 7 11 3 13 4 13 6 13 6 1 1 9 6 11 9 13 7 1 6 3
> BAT2 13 6 1 8 1 10 1 11 8 13 10 13 1 7 8 11
> BAT3 3 8 7 13
< RES 1637332129 150 1
< MOVE R R
> REQ 1637332129 151 1
> VAMPIRE 1 9 9 1 1 4 0
> VAMPIRE 2 9 9 1 1 4 0
> VAMPIRE 4 2 13 3 1 3 0
> POWERUP BATTERY 5 9 7 5
> BAT1 13 8 13 9 7 11 3 13 4 13 6 13 6 1 1 9 6 11 9 13 7 1 6 3 1 7
> BAT2 13 6 1 8 1 10 1 11 8 13 10 13 8 11
> BAT3 3 8 7 13
< RES 1637332129 151 1
< GRENADE
< MOVE L L
> REQ 1637332129 152 1
> VAMPIRE 1 9 7 1 0 4 0
> VAMPIRE 2 9 7 1 0 4 0
> VAMPIRE 4 2 13 3 0 3 0
> GRENADE 1 9 9 5 4
> GRENADE 2 9 9 5 4
> GRENADE 4 2 13 5 3
> POWERUP BATTERY 4 9 7 5
> BAT1 13 8 13 9 7 11 3 13 4 13 6 13 6 1 1 9 6 11 9 13 7 1 6 3 1 7
> BAT2 13 6 1 8 1 10 1 11 8 13 10 13 8 11
> BAT3 3 8 7 13
< RES 1637332129 152 1
> REQ 1637332129 153 1
> VAMPIRE 1 9 7 1 0 4 0
> VAMPIRE 2 9 7 1 0 4 0
> VAMPIRE 4 2 13 3 0 3 0
> GRENADE 1 9 9 4 4
> GRENADE 2 9 9 4 4
> GRENADE 4 5 13 4 3
> POWERUP BATTERY 3 9 7 5
> BAT1 13 8 13 9 7 11 3 13 4 13 6 13 6 1 1 9 6 11 9 13 7 1 6 3 1 7
> BAT2 13 6 1 8 1 10 1 11 8 13 10 13 8 11
> BAT3 3 8 7 13
< RES 1637332129 153 1
> REQ 1637332129 154 1
> VAMPIRE 1 9 7 1 0 4 0
> VAMPIRE 2 9 7 1 0 4 0
> VAMPIRE 4 2 13 3 0 3 0
> GRENADE 1 9 9 3 4
> GRENADE 2 9 9 3 4
> GRENADE 4 5 13 3 3
> POWERUP BATTERY 2 9 7 5
> BAT1 13 8 13 9 7 11 3 13 4 13 6 13 6 1 1 9 6 11 9 13 7 1 6 3 1 7
> BAT2 13 6 1 8 1 10 1 11 8 13 10 13 8 11
> BAT3 3 8 7 13
< RES 1637332129 154 1
> REQ 1637332129 155 1
> VAMPIRE 1 9 7 1 0 4 0
> VAMPIRE 2 9 7 1 0 4 0
> VAMPIRE 4 2 13 3 0 3 0
> GRENADE 1 9 9 2 4
> GRENADE 2 9 9 2 4
> GRENADE 4 5 13 2 3
> POWERUP BATTERY 1 9 7 5
> BAT1 13 8 13 9 7 11 3 13 4 13 6 13 6 1 1 9 6 11 9 13 7 1 6 3 1 7
> BAT2 13 6 1 8 1 10 1 11 8 13 10 13 8 11
> BAT3 3 8 7 13
< RES 1637332129 155 1
< MOVE U U
> REQ 1637332129 156 1
> VAMPIRE 1 7 7 1 0 4 0
> VAMPIRE 2 7 7 1 0 4 0
> VAMPIRE 4 1 13 3 0 3 0
> GRENADE 1 9 9 1 4
> GRENADE 2 9 9 1 4
> GRENADE 4 5 13 1 3
> POWERUP BATTERY 1 9 7 5
> BAT1 13 8 13 9 7 11 3 13 4 13 6 13 6 1 1 9 6 11 9 13 7 1 6 3 1 7
> BAT2 13 6 1 8 1 10 1 11 8 13 10 13 8 11
> BAT3 3 8 7 13
< RES 1637332129 156 1
< MOVE R R
> REQ 1637332129 157 1
> VAMPIRE 1 7 9 1 1 4 0
> VAMPIRE 2 7 9 1 1 4 0
> VAMPIRE 4 2 13 3 1 3 0
> BAT1 13 8 7 11 3 13 6 1 1 9 6 11 7 1 6 3 1 7
> BAT2 13 6 1 8 1 10 1 11 8 13 10 13 8 11
> BAT3 3 8 7 13
< RES 1637332129 157 1
< GRENADE
> REQ 1637332129 158 1
> VAMPIRE 1 7 9 1 0 4 0
> VAMPIRE 2 7 9 1 0 4 0
> VAMPIRE 4 2 13 3 0 3 0
> GRENADE 1 7 9 5 4
> GRENADE 2 7 9 5 4
> GRENADE 4 2 13 5 3
> BAT1 13 8 7 11 3 13 6 1 1 9 6 11 7 1 6 3 1 7
> BAT2 13 6 1 8 1 10 1 11 8 13 10 13 8 11
> BAT3 3 8 7 13
< RES 1637332129 158 1
< THROW XU 4
< MOVE L L
> REQ 1637332129 159 1
> VAMPIRE 1 7 7 1 0 4 0
> VAMPIRE 2 7 7 1 0 4 0
> VAMPIRE 4 2 13 3 0 3 0
> GRENADE 1 3 9 4 4
> GRENADE 2 3 9 4 4
> GRENADE 4 6 13 4 3
> BAT1 13 8 7 11 3 13 6 1 1 9 6 11 7 1 6 3 1 7
> BAT2 13 6 1 8 1 10 1 11 8 13 10 13 8 11
> BAT3 3 8 7 13
< RES 1637332129 159 1
< MOVE U U
> REQ 1637332129 160 1
> VAMPIRE 1 5 7 1 0 4 0
> VAMPIRE 2 5 7 1 0 4 0
> VAMPIRE 4 1 13 3 0 3 0
> GRENADE 1 3 9 3 4
> GRENADE 2 3 9 3 4
> GRENADE 4 6 13 3 3
> BAT1 13 8 7 11 3 13 6 1 1 9 6 11 7 1 6 3 1 7
> BAT2 13 6 1 8 1 10 1 11 8 13 10 13 8 11
> BAT3 3 8 7 13
< RES 1637332129 160 1
< MOVE R R
> REQ 1637332129 161 1
> VAMPIRE 1 5 9 1 0 4 0
> VAMPIRE 2 5 9 1 0 4 0
> VAMPIRE 4 1 13 3 0 3 0
> GRENADE 1 3 9 2 4
> GRENADE 2 3 9 2 4
> GRENADE 4 6 13 2 3
> BAT1 13 8 7 11 3 13 6 1 1 9 6 11 7 1 6 3 1 7
> BAT2 13 6 1 8 1 10 1 11 8 13 10 13 8 11
> BAT3 3 8 7 13
< RES 1637332129 161 1
< MOVE R R
> REQ 1637332129 162 1
> VAMPIRE 1 5 11 1 0 4 0
> VAMPIRE 2 5 11 1 0 4 0
> VAMPIRE 4 1 13 3 0 3 0
> GRENADE 1 3 9 1 4
> GRENADE 2 3 9 1 4
> GRENADE 4 6 13 1 3
> BAT1 13 8 7 11 3 13 6 1 1 9 6 11 7 1 6 3 1 7
> BAT2 13 6 1 8 1 10 1 11 8 13 10 13 8 11
> BAT3 3 8 7 13
< RES 1637332129 162 1
< MOVE U U
> REQ 1637332129 163 1
> VAMPIRE 1 3 11 1 1 4 0
> VAMPIRE 2 3 11 1 1 4 0
> VAMPIRE 4 1 12 3 1 3 0
> POWERUP SHOE -9 9 10 4
> POWERUP SHOE -9 5 4 4
> BAT1 13 8 7 11 6 1 6 11 7 1 6 3 1 7
> BAT2 13 6 1 8 1 10 1 11 8 13 10 13 3 8 8 11 7 13
< RES 1637332129 163 1
< GRENADE
< MOVE D D
> REQ 1637332129 164 1
> VAMPIRE 1 5 11 1 0 4 0
> VAMPIRE 2 5 11 1 0 4 0
> VAMPIRE 4 2 13 3 0 3 0
> GRENADE 1 3 11 5 4
> GRENADE 2 3 11 5 4
> GRENADE 4 1 12 5 3
> POWERUP SHOE -8 9 10 4
> POWERUP SHOE -8 5 4 4
> BAT1 13 8 7 11 6 1 6 11 7 1 6 3 1 7
> BAT2 13 6 1 8 1 10 1 11 8 13 10 13 3 8 8 11 7 13
< RES 1637332129 164 1
< MOVE L L
> REQ 1637332129 165 1
> VAMPIRE 1 5 9 1 0 4 0
> VAMPIRE 2 5 9 1 0 4 0
> VAMPIRE 4 1 13 3 0 3 0
> GRENADE 1 3 11 4 4
> GRENADE 2 3 11 4 4
> GRENADE 4 1 12 4 3
> POWERUP SHOE -7 9 10 4
> POWERUP SHOE -7 5 4 4
> BAT1 13 8 7 11 6 1 6 11 7 1 6 3 1 7
> BAT2 13 6 1 8 1 10 1 11 8 13 10 13 3 8 8 11 7 13
< RES 1637332129 165 1
< MOVE D D
> REQ 1637332129 166 1
> VAMPIRE 1 7 9 1 0 4 0
> VAMPIRE 2 7 9 1 0 4 0
> VAMPIRE 4 3 13 3 0 3 0
> GRENADE 1 3 11 3 4
> GRENADE 2 3 11 3 4
> GRENADE 4 1 9 3 3
> POWERUP SHOE -6 9 10 4
> POWERUP SHOE -6 5 4 4
> BAT1 13 8 7 11 6 1 6 11 7 1 6 3 1 7
> BAT2 13 6 1 8 1 10 1 11 8 13 10 13 3 8 8 11 7 13
< RES 1637332129 166 1
< MOVE D D
> REQ 1637332129 167 1
> VAMPIRE 1 9 9 1 0 4 0
> VAMPIRE 2 9 9 1 0 4 0
> VAMPIRE 4 5 13 3 0 3 0
> GRENADE 1 3 11 2 4
> GRENADE 2 3 11 2 4
> GRENADE 4 1 9 2 3
> POWERUP SHOE -5 9 10 4
> POWERUP SHOE -5 5 4 4
> BAT1 13 8 7 11 6 1 6 11 7 1 6 3 1 7
> BAT2 13 6 1 8 1 10 1 11 8 13 10 13 3 8 8 11 7 13
< RES 1637332129 167 1
< MOVE R
> REQ 1637332129 168 1
> VAMPIRE 1 9 10 1 0 4 0
> VAMPIRE 2 9 10 1 0 4 0
> VAMPIRE 4 5 12 3 0 3 0
> GRENADE 1 3 11 1 4
> GRENADE 2 3 11 1 4
> GRENADE 4 1 9 1 3
> POWERUP SHOE -4 9 10 4
> POWERUP SHOE -4 5 4 4
> BAT1 13 8 7 11 6 1 6 11 7 1 6 3 1 7
> BAT2 13 6 1 8 1 10 1 11 8 13 10 13 3 8 8 11 7 13
< RES 1637332129 168 1
> REQ 1637332129 169 1
> VAMPIRE 1 9 10 1 1 4 0
> VAMPIRE 2 9 10 1 1 4 0
> VAMPIRE 4 4 11 3 1 3 0
> POWERUP SHOE -3 9 10 4
> POWERUP SHOE -3 5 4 4
> BAT1 13 8 7 11 6 1 1 8 1 10 1 11 7 1 6 3 1 7 3 8
> BAT2 13 6 8 13 10 13 8 11 7 13
< RES 1637332129 169 1
< MOVE R D
> REQ 1637332129 170 1
> VAMPIRE 1 10 11 1 1 4 0
> VAMPIRE 2 10 11 1 1 4 0
> VAMPIRE 4 5 10 3 0 3 0
> GRENADE 4 4 11 5 3
> POWERUP SHOE -2 9 10 4
> POWERUP SHOE -2 5 4 4
> BAT1 13 8 7 11 6 1 1 8 1 10 1 11 7 1 6 3 1 7 3 8
> BAT2 13 6 8 13 10 13 8 11 7 13
< RES 1637332129 170 1
< GRENADE
< MOVE U L
> REQ 1637332129 171 1
> VAMPIRE 1 9 10 1 0 4 0
> VAMPIRE 2 9 10 1 0 4 0
> VAMPIRE 4 5 8 3 0 3 0
> GRENADE 4 4 11 4 3
> GRENADE 1 10 11 5 4
> GRENADE 2 10 11 5 4
> POWERUP SHOE -1 9 10 4
> POWERUP SHOE -1 5 4 4
> BAT1 13 8 7 11 6 1 1 8 1 10 1 11 7 1 6 3 1 7 3 8
> BAT2 13 6 8 13 10 13 8 11 7 13
< RES 1637332129 171 1
< MOVE R
> REQ 1637332129 172 1
> VAMPIRE 1 9 11 1 0 4 0
> VAMPIRE 2 9 11 1 0 4 0
> VAMPIRE 4 5 6 3 0 3 0
> GRENADE 4 4 11 3 3
> GRENADE 1 10 11 4 4
> GRENADE 2 10 11 4 4
> POWERUP SHOE 18 9 10 4
> POWERUP SHOE 18 5 4 4
> BAT1 13 8 7 11 6 1 1 8 1 10 1 11 7 1 6 3 1 7 3 8
> BAT2 13 6 8 13 10 13 8 11 7 13
< RES 1637332129 172 1
< THROW D 3
< MOVE L
> REQ 1637332129 173 1
> VAMPIRE 1 9 10 1 0 4 0
> VAMPIRE 2 9 10 1 0 4 0
> VAMPIRE 4 5 4 3 0 3 0
> GRENADE 4 4 11 2 3
> GRENADE 1 13 11 3 4
> GRENADE 2 13 11 3 4
> POWERUP SHOE 17 9 10 4
> POWERUP SHOE 17 5 4 4
> BAT1 13 8 7 11 6 1 1 8 1 10 1 11 7 1 6 3 1 7 3 8
> BAT2 13 6 8 13 10 13 8 11 7 13
< RES 1637332129 173 1
> REQ 1637332129 174 1
> VAMPIRE 1 9 10 1 0 4 0
> VAMPIRE 2 9 10 1 0 4 0
> VAMPIRE 4 5 4 3 0 3 0
> GRENADE 4 4 11 1 3
> GRENADE 1 13 11 2 4
> GRENADE 2 13 11 2 4
> POWERUP SHOE 16 9 10 4
> POWERUP SHOE 16 5 4 4
> BAT1 13 8 7 11 6 1 1 8 1 10 1 11 7 1 6 3 1 7 3 8
> BAT2 13 6 8 13 10 13 8 11 7 13
< RES 1637332129 174 1
> REQ 1637332129 175 1
> VAMPIRE 1 9 10 1 0 4 0
> VAMPIRE 2 9 10 1 0 4 0
> VAMPIRE 4 5 4 3 1 3 0
> GRENADE 1 13 11 1 4
> GRENADE 2 13 11 1 4
> POWERUP SHOE 15 9 10 4
> POWERUP SHOE 15 5 4 4
> BAT1 13 8 6 1 1 8 1 10 7 1 6 3 1 7 3 8
> BAT2 13 6 8 13 10 13 8 11 7 13
< RES 1637332129 175 1
> REQ 1637332129 176 1
> VAMPIRE 1 9 10 1 1 4 0
> VAMPIRE 2 9 10 1 1 4 0
> VAMPIRE 4 5 4 3 0 3 0
> GRENADE 4 5 4 5 3
> POWERUP SHOE 14 9 10 4
> POWERUP SHOE 14 5 4 4
> BAT1 6 1 1 8 1 10 7 1 6 3 1 7 3 8
> BAT2 13 6 8 13 10 13 8 11 7 13
< RES 1637332129 176 1
< MOVE L U
> REQ 1637332129 177 1
> VAMPIRE 1 8 9 1 1 4 30
> VAMPIRE 2 8 9 1 1 4 30
> VAMPIRE 4 5 4 3 0 3 30
> GRENADE 4 5 1 4 3
> BAT1 6 1 1 8 1 10 7 1 6 3 1 7 3 8
> BAT2 13 6 8 13 10 13 8 11 7 13
< RES 1637332129 177 1
< MOVE U R R
> REQ 1637332129 178 1
> VAMPIRE 1 7 11 1 1 4 29
> VAMPIRE 2 7 11 1 1 4 29
> VAMPIRE 4 3 3 3 0 3 29
> GRENADE 4 5 1 3 3
> BAT1 6 1 1 8 1 10 7 1 6 3 1 7 3 8
> BAT2 13 6 8 13 10 13 8 11 7 13
< RES 1637332129 178 1
< GRENADE
< MOVE L L
> REQ 1637332129 179 1
> VAMPIRE 1 7 9 1 0 4 28
> VAMPIRE 2 7 9 1 0 4 28
> VAMPIRE 4 3 5 3 0 3 28
> GRENADE 4 5 1 2 3
> GRENADE 1 7 11 5 4
> GRENADE 2 7 11 5 4
> BAT1 6 1 1 8 1 10 7 1 6 3 1 7 3 8
> BAT2 13 6 8 13 10 13 8 11 7 13
< RES 1637332129 179 1
< MOVE D D
> REQ 1637332129 180 1
> VAMPIRE 1 9 9 1 0 4 27
> VAMPIRE 2 9 9 1 0 4 27
> VAMPIRE 4 3 5 3 0 3 27
> GRENADE 4 5 1 1 3
> GRENADE 1 7 11 4 4
> GRENADE 2 7 11 4 4
> BAT1 6 1 1 8 1 10 7 1 6 3 1 7 3 8
> BAT2 13 6 8 13 10 13 8 11 7 13
< RES 1637332129 180 1
< MOVE L L
> REQ 1637332129 181 1
> VAMPIRE 1 9 7 1 0 4 26
> VAMPIRE 2 9 7 1 0 4 26
> VAMPIRE 4 3 7 3 1 3 26
> GRENADE 1 7 11 3 4
> GRENADE 2 7 11 3 4
> BAT1 1 8 1 10 7 1 6 3 1 7 3 8
> BAT2 13 6 8 13 10 13 8 11 7 13
< RES 1637332129 181 1
< MOVE D D
> REQ 1637332129 182 1
> VAMPIRE 1 11 7 1 0 4 25
> VAMPIRE 2 11 7 1 0 4 25
> VAMPIRE 4 3 5 3 0 3 25
> GRENADE 1 7 11 2 4
> GRENADE 2 7 11 2 4
> GRENADE 4 3 7 5 3
> BAT1 1 8 1 10 7 1 6 3 1 7 3 8
> BAT2 13 6 8 13 10 13 8 11 7 13
< RES 1637332129 182 1
< MOVE U U
> REQ 1637332129 183 1
> VAMPIRE 1 9 7 1 0 4 24
> VAMPIRE 2 9 7 1 0 4 24
> VAMPIRE 4 5 5 3 0 3 24
> GRENADE 1 7 11 1 4
> GRENADE 2 7 11 1 4
> GRENADE 4 3 7 4 3
> BAT1 1 8 1 10 7 1 6 3 1 7 3 8
> BAT2 13 6 8 13 10 13 8 11 7 13
< RES 1637332129 183 1
< MOVE U U
> REQ 1637332129 184 1
> VAMPIRE 1 7 7 1 1 4 23
> VAMPIRE 2 7 7 1 1 4 23
> VAMPIRE 4 5 5 3 0 3 23
> GRENADE 4 3 7 3 3
> BAT1 1 8 1 10 7 1 6 3 1 7 3 8 8 11 7 13
> BAT2 13 6 8 13 10 13
< RES 1637332129 184 1
< GRENADE
< MOVE U U R
> REQ 1637332129 185 1
> VAMPIRE 1 5 8 1 0 4 22
> VAMPIRE 2 5 8 1 0 4 22
> VAMPIRE 4 4 3 3 0 3 22
> GRENADE 4 3 7 2 3
> GRENADE 1 7 7 5 4
> GRENADE 2 7 7 5 4
> BAT1 1 8 1 10 7 1 6 3 1 7 3 8 8 11 7 13
> BAT2 13 6 8 13 10 13
< RES 1637332129 185 1
< MOVE R
> REQ 1637332129 186 1
> VAMPIRE 1 5 9 1 0 4 21
> VAMPIRE 2 5 9 1 0 4 21
> VAMPIRE 4 5 5 3 0 3 21
> GRENADE 4 3 7 1 3
> GRENADE 1 7 7 4 4
> GRENADE 2 7 7 4 4
> BAT1 1 8 1 10 7 1 6 3 1 7 3 8 8 11 7 13
> BAT2 13 6 8 13 10 13
< RES 1637332129 186 1
< MOVE D D L
> REQ 1637332129 187 1
> VAMPIRE 1 7 8 1 0 4 20
> VAMPIRE 2 7 8 1 0 4 20
> VAMPIRE 4 4 3 3 1 3 20
> GRENADE 1 7 7 3 4
> GRENADE 2 7 7 3 4
> BAT1 1 8 1 10 7 1 6 3 8 11 7 13
> BAT2 13 6 8 13 10 13
< RES 1637332129 187 1
< THROW L 4
< MOVE R D D
> REQ 1637332129 188 1
> VAMPIRE 1 9 9 1 0 4 19
> VAMPIRE 2 9 9 1 0 4 19
> VAMPIRE 4 3 5 3 0 3 19
> GRENADE 1 7 3 2 4
> GRENADE 2 7 3 2 4
> GRENADE 4 4 3 5 3
> BAT1 1 8 1 10 7 1 6 3 8 11 7 13
> BAT2 13 6 8 13 10 13
< RES 1637332129 188 1
< MOVE U U
> REQ 1637332129 189 1
> VAMPIRE 1 7 9 1 0 4 18
> VAMPIRE 2 7 9 1 0 4 18
> VAMPIRE 4 3 5 3 0 3 18
> GRENADE 1 7 3 1 4
> GRENADE 2 7 3 1 4
> GRENADE 4 4 3 4 3
> BAT1 1 8 1 10 7 1 6 3 8 11 7 13
> BAT2 13 6 8 13 10 13
< RES 1637332129 189 1
< MOVE R R
> REQ 1637332129 190 1
> VAMPIRE 1 7 11 1 1 4 17
> VAMPIRE 2 7 11 1 1 4 17
> VAMPIRE 4 5 5 3 0 3 17
> GRENADE 4 4 3 3 3
> BAT1 1 8 1 10 8 11 7 13
> BAT2 13 6 8 13 10 13
< RES 1637332129 190 1
< GRENADE
< MOVE L L
> REQ 1637332129 191 1
> VAMPIRE 1 7 9 1 0 4 16
> VAMPIRE 2 7 9 1 0 4 16
> VAMPIRE 4 7 5 3 0 3 16
> GRENADE 4 4 3 2 3
> GRENADE 1 7 11 5 4
> GRENADE 2 7 11 5 4
> BAT1 1 8 1 10 8 11 7 13
> BAT2 13 6 8 13 10 13
< RES 1637332129 191 1
< MOVE D D
> REQ 1637332129 192 1
> VAMPIRE 1 9 9 1 0 4 15
> VAMPIRE 2 9 9 1 0 4 15
> VAMPIRE 4 9 5 3 0 3 15
> GRENADE 4 4 3 1 3
> GRENADE 1 7 11 4 4
> GRENADE 2 7 11 4 4
> BAT1 1 8 1 10 8 11 7 13
> BAT2 13 6 8 13 10 13
< RES 1637332129 192 1
> REQ 1637332129 193 1
> VAMPIRE 1 9 9 1 0 4 14
> VAMPIRE 2 9 9 1 0 4 14
> VAMPIRE 4 9 3 3 1 3 14
> GRENADE 1 7 11 3 4
> GRENADE 2 7 11 3 4
> BAT1 1 8 1 10 8 11 7 13
> BAT2 13 6 8 13 10 13
< RES 1637332129 193 1
< MOVE L L
> REQ 1637332129 194 1
> VAMPIRE 1 9 7 1 0 4 13
> VAMPIRE 2 9 7 1 0 4 13
> VAMPIRE 4 7 3 3 1 3 13
> GRENADE 1 7 11 2 4
> GRENADE 2 7 11 2 4
> BAT1 1 8 1 10 8 11 7 13
> BAT2 13 6 8 13 10 13
< RES 1637332129 194 1
< MOVE R R R
> REQ 1637332129 195 1
> VAMPIRE 1 9 10 1 0 4 12
> VAMPIRE 2 9 10 1 0 4 12
> VAMPIRE 4 5 3 3 1 3 12
> GRENADE 1 7 11 1 4
> GRENADE 2 7 11 1 4
> BAT1 1 8 1 10 8 11 7 13
> BAT2 13 6 8 13 10 13
< RES 1637332129 195 1
< MOVE R R R
> REQ 1637332129 196 1
> VAMPIRE 1 9 13 1 1 4 11
> VAMPIRE 2 9 13 1 1 4 11
> VAMPIRE 4 2 3 3 1 3 11
> BAT1 1 8 1 10
> BAT2 13 6 8 13 10 13
< RES 1637332129 196 1
< GRENADE
< MOVE L L
> REQ 1637332129 197 1
> VAMPIRE 1 9 11 1 0 4 10
> VAMPIRE 2 9 11 1 0 4 10
> VAMPIRE 4 1 5 3 1 3 10
> GRENADE 1 9 13 5 4
> GRENADE 2 9 13 5 4
> BAT1 1 8 1 10
> BAT2 13 6 8 13 10 13
< RES 1637332129 197 1
< MOVE L L
> REQ 1637332129 198 1
> VAMPIRE 1 9 9 1 0 4 9
> VAMPIRE 2 9 9 1 0 4 9
> VAMPIRE 4 1 5 3 0 3 9
> GRENADE 1 9 13 4 4
> GRENADE 2 9 13 4 4
> GRENADE 4 1 5 5 3
> BAT1 1 8 1 10
> BAT2 13 6 8 13 10 13
< RES 1637332129 198 1
< MOVE U U
> REQ 1637332129 199 1
> VAMPIRE 1 7 9 1 0 4 8
> VAMPIRE 2 7 9 1 0 4 8
> VAMPIRE 4 3 5 3 0 3 8
> GRENADE 1 9 13 3 4
> GRENADE 2 9 13 3 4
> GRENADE 4 1 9 4 3
> BAT1 1 8 1 10
> BAT2 13 6 8 13 10 13
< RES 1637332129 199 1
> REQ 1637332129 200 1
> VAMPIRE 1 7 9 1 0 4 7
> VAMPIRE 2 7 9 1 0 4 7
> VAMPIRE 4 3 3 3 0 3 7
> GRENADE 1 9 13 2 4
> GRENADE 2 9 13 2 4
> GRENADE 4 1 9 3 3
> POWERUP TOMATO -6 4 3 6
> POWERUP TOMATO -6 10 11 6
> BAT1 1 8 1 10
> BAT2 13 6 8 13 10 13
< RES 1637332129 200 1
< MOVE L L
> REQ 1637332129 201 1
> VAMPIRE 1 7 7 1 0 4 6
> VAMPIRE 2 7 11 1 0 4 6
> VAMPIRE 4 4 3 3 0 3 6
> GRENADE 1 9 13 1 4
> GRENADE 2 9 13 1 4
> GRENADE 4 1 9 2 3
> POWERUP TOMATO -5 4 3 6
> POWERUP TOMATO -5 10 11 6
> BAT1 1 8 1 10
> BAT2 13 6 8 13 10 13
< RES 1637332129 201 1
< MOVE U U L
> REQ 1637332129 202 1
> VAMPIRE 1 5 6 1 1 4 5
> VAMPIRE 2 10 11 1 1 4 5
> VAMPIRE 4 4 3 3 0 3 5
> GRENADE 4 1 9 1 3
> POWERUP TOMATO -4 4 3 6
> POWERUP TOMATO -4 10 11 6
> BAT1 1 8 1 10 8 13 10 13
> BAT2 13 6
< RES 1637332129 202 1
< MOVE L L L
> REQ 1637332129 203 1
> VAMPIRE 1 5 3 1 1 4 4
> VAMPIRE 2 10 11 1 1 4 4
> VAMPIRE 4 4 3 3 1 3 4
> POWERUP TOMATO -3 4 3 6
> POWERUP TOMATO -3 10 11 6
> BAT1 8 13 10 13
> BAT2 13 6
< RES 1637332129 203 1
< MOVE U
> REQ 1637332129 204 1
> VAMPIRE 1 4 3 1 1 4 3
> VAMPIRE 2 9 13 1 1 4 3
> VAMPIRE 4 4 3 3 1 3 3
> POWERUP TOMATO -2 4 3 6
> POWERUP TOMATO -2 10 11 6
> BAT1 8 13 10 13
> BAT2 13 6
< RES 1637332129 204 1
< GRENADE
> REQ 1637332129 205 1
> VAMPIRE 1 4 3 1 0 4 2
> VAMPIRE 2 10 11 1 0 4 2
> VAMPIRE 4 4 3 3 1 3 2
> GRENADE 1 4 3 5 4
> GRENADE 2 9 13 5 4
> POWERUP TOMATO -1 4 3 6
> POWERUP TOMATO -1 10 11 6
> BAT1 8 13 10 13
> BAT2 13 6
< RES 1637332129 205 1
< MOVE U
> REQ 1637332129 206 1
> VAMPIRE 1 3 3 1 0 4 1
> VAMPIRE 2 10 11 1 0 4 1
> VAMPIRE 4 4 3 3 1 3 1
> GRENADE 1 4 3 4 4
> GRENADE 2 9 13 4 4
> POWERUP TOMATO 16 4 3 6
> POWERUP TOMATO 16 10 11 6
> BAT1 8 13 10 13
> BAT2 13 6
< RES 1637332129 206 1
< MOVE R R R
> REQ 1637332129 207 1
> VAMPIRE 1 3 6 1 0 4 0
> VAMPIRE 2 10 11 1 0 4 0
> VAMPIRE 4 4 3 3 1 3 0
> GRENADE 1 4 3 3 4
> GRENADE 2 9 13 3 4
> POWERUP TOMATO 15 4 3 6
> POWERUP TOMATO 15 10 11 6
> BAT1 8 13 10 13
> BAT2 13 6
< RES 1637332129 207 1
< MOVE L L
> REQ 1637332129 208 1
> VAMPIRE 1 3 4 1 0 4 0
> VAMPIRE 2 10 11 1 0 4 0
> VAMPIRE 4 4 3 3 1 3 0
> GRENADE 1 4 3 2 4
> GRENADE 2 9 13 2 4
> POWERUP TOMATO 14 4 3 6
> POWERUP TOMATO 14 10 11 6
> BAT1 8 13 10 13
> BAT2 13 6
< RES 1637332129 208 1
< MOVE R D
> REQ 1637332129 209 1
> VAMPIRE 1 4 5 1 0 4 0
> VAMPIRE 2 10 11 1 0 4 0
> VAMPIRE 4 5 4 3 1 3 0
> GRENADE 1 4 3 1 4
> GRENADE 2 9 13 1 4
> POWERUP TOMATO 13 4 3 6
> POWERUP TOMATO 13 10 11 6
> BAT1 8 13 10 13
> BAT2 13 6
< RES 1637332129 209 1
< MOVE U L
> REQ 1637332129 210 1
> VAMPIRE 1 3 4 1 1 4 0
> VAMPIRE 2 10 11 1 1 4 0
> VAMPIRE 4 5 3 3 1 3 0
> POWERUP TOMATO 12 4 3 6
> POWERUP TOMATO 12 10 11 6
> BAT2 13 6
< RES 1637332129 210 1
< MOVE L D
> REQ 1637332129 211 1
> VAMPIRE 1 4 3 1 1 4 0
> VAMPIRE 2 10 11 2 0 4 0
> VAMPIRE 4 4 3 3 1 3 0
> GRENADE 2 10 11 5 4
> POWERUP TOMATO 11 4 3 6
> BAT2 13 6
< RES 1637332129 211 1
< GRENADE
> REQ 1637332129 212 1
> VAMPIRE 1 4 3 1 0 4 0
> VAMPIRE 2 8 11 2 0 4 0
> VAMPIRE 4 4 3 3 1 3 0
> GRENADE 2 13 11 4 4
> GRENADE 1 4 3 5 4
> POWERUP TOMATO 10 4 3 6
> BAT2 13 6
< RES 1637332129 212 1
< MOVE U
> REQ 1637332129 213 1
> VAMPIRE 1 3 3 1 0 4 0
> VAMPIRE 2 6 11 2 0 4 0
> VAMPIRE 4 4 3 3 1 3 0
> GRENADE 2 13 11 3 4
> GRENADE 1 4 3 4 4
> POWERUP TOMATO 9 4 3 6
> BAT2 13 6
< RES 1637332129 213 1
< THROW D 4
< MOVE R R
> REQ 1637332129 214 1
> VAMPIRE 1 3 5 1 0 4 0
> VAMPIRE 2 5 10 2 0 4 0
> VAMPIRE 4 4 3 3 1 3 0
> GRENADE 2 13 11 2 4
> GRENADE 1 8 3 3 4
> POWERUP TOMATO 8 4 3 6
> BAT2 13 6
< RES 1637332129 214 1
< MOVE L L
> REQ 1637332129 215 1
> VAMPIRE 1 3 3 1 0 4 0
> VAMPIRE 2 5 8 2 0 4 0
> VAMPIRE 4 3 3 3 1 3 0
> GRENADE 2 13 11 1 4
> GRENADE 1 8 3 2 4
> POWERUP TOMATO 7 4 3 6
> BAT2 13 6
< RES 1637332129 215 1
< MOVE R
> REQ 1637332129 216 1
> VAMPIRE 1 3 4 1 0 4 0
> VAMPIRE 2 5 6 2 1 4 0
> VAMPIRE 4 3 4 3 1 3 0
> GRENADE 1 8 3 1 4
> POWERUP TOMATO 6 4 3 6
> BAT2 13 6
< RES 1637332129 216 1
< MOVE L D
> REQ 1637332129 217 1
> VAMPIRE 1 4 3 1 1 4 0
> VAMPIRE 2 5 4 2 1 4 0
> VAMPIRE 4 4 3 3 1 3 0
> POWERUP TOMATO 5 4 3 6
> BAT2 13 6
< RES 1637332129 217 1
< GRENADE
> REQ 1637332129 218 1
> VAMPIRE 1 4 3 1 0 4 0
> VAMPIRE 2 5 3 2 1 4 0
> VAMPIRE 4 4 3 3 1 3 0
> GRENADE 1 4 3 5 4
> POWERUP TOMATO 4 4 3 6
> BAT2 13 6
< RES 1637332129 218 1
< MOVE U
> REQ 1637332129 219 1
> VAMPIRE 1 3 3 1 0 4 0
> VAMPIRE 2 5 5 2 1 4 0
> VAMPIRE 4 4 3 3 1 3 0
> GRENADE 1 4 3 4 4
> POWERUP TOMATO 3 4 3 6
> BAT2 13 6
< RES 1637332129 219 1
< THROW D 4
< MOVE U U
> REQ 1637332129 220 1
> VAMPIRE 1 1 3 1 0 4 0
> VAMPIRE 2 7 5 2 1 4 0
> VAMPIRE 4 4 3 3 1 3 0
> GRENADE 1 8 3 3 4
> POWERUP TOMATO 2 4 3 6
> BAT2 13 6
< RES 1637332129 220 1
< MOVE D D
> REQ 1637332129 221 1
> VAMPIRE 1 3 3 1 0 4 0
> VAMPIRE 2 5 5 2 1 4 0
> VAMPIRE 4 4 3 3 1 3 0
> GRENADE 1 8 3 2 4
> POWERUP TOMATO 1 4 3 6
> BAT2 13 6
< RES 1637332129 221 1
< MOVE R R
> REQ 1637332129 222 1
> VAMPIRE 1 3 5 1 0 4 0
> VAMPIRE 2 7 5 2 1 4 0
> VAMPIRE 4 4 3 3 0 3 0
> GRENADE 1 8 3 1 4
> GRENADE 4 4 3 5 3
> POWERUP TOMATO 1 4 3 6
> BAT2 13 6
< RES 1637332129 222 1
< MOVE R R
> REQ 1637332129 223 1
> VAMPIRE 1 3 7 1 1 4 0
> VAMPIRE 2 9 5 2 1 4 0
> VAMPIRE 4 4 3 2 1 3 0
> POWERUP TOMATO 1 4 3 6
> BAT2 13 6
< RES 1637332129 223 1
< MOVE D D
> REQ 1637332129 224 1
> VAMPIRE 1 5 7 1 1 4 0
> VAMPIRE 2 11 5 2 1 4 0
> VAMPIRE 4 4 3 2 1 3 0
> POWERUP TOMATO 1 4 3 6
> BAT2 13 6
< RES 1637332129 224 1
< MOVE D D
> REQ 1637332129 225 1
> VAMPIRE 1 7 7 1 1 4 0
> VAMPIRE 2 13 5 2 1 4 0
> VAMPIRE 4 4 3 2 1 3 0
> POWERUP TOMATO 1 4 3 6
> BAT2 13 6
< RES 1637332129 225 1
< MOVE D D
> REQ 1637332129 226 1
> VAMPIRE 1 9 7 1 1 4 0
> VAMPIRE 2 11 5 2 0 4 0
> VAMPIRE 4 4 3 2 1 3 0
> GRENADE 2 13 5 5 4
> POWERUP TOMATO 1 4 3 6
> BAT2 13 6
< RES 1637332129 226 1
< MOVE L L
> REQ 1637332129 227 1
> VAMPIRE 1 9 5 1 1 4 0
> VAMPIRE 2 11 7 2 0 4 0
> VAMPIRE 4 4 3 2 1 3 0
> GRENADE 2 13 5 4 4
> POWERUP TOMATO 1 4 3 6
> BAT2 13 6
< RES 1637332129 227 1
< GRENADE
< MOVE D D
> REQ 1637332129 228 1
> VAMPIRE 1 11 5 1 0 4 0
> VAMPIRE 2 11 7 2 0 4 0
> VAMPIRE 4 4 3 2 1 3 0
> GRENADE 2 13 5 3 4
> GRENADE 1 9 5 5 4
> POWERUP TOMATO 1 4 3 6
> BAT2 13 6
< RES 1637332129 228 1
< MOVE R R
> REQ 1637332129 229 1
> VAMPIRE 1 11 7 1 0 4 0
> VAMPIRE 2 11 9 2 0 4 0
> VAMPIRE 4 4 3 2 1 3 0
> GRENADE 2 13 5 2 4
> GRENADE 1 9 5 4 4
> POWERUP TOMATO 1 4 3 6
> BAT2 13 6
< RES 1637332129 229 1
< MOVE D D
> REQ 1637332129 230 1
> VAMPIRE 1 13 7 1 0 4 0
> VAMPIRE 2 13 9 2 0 4 0
> VAMPIRE 4 4 3 2 1 3 0
> GRENADE 2 13 5 1 4
> GRENADE 1 9 5 3 4
> POWERUP BATTERY -9 11 2 7
> POWERUP BATTERY -9 3 12 7
> BAT2 13 6
< RES 1637332129 230 1
< MOVE U U
> REQ 1637332129 231 1
> VAMPIRE 1 11 7 1 1 4 0
> VAMPIRE 2 13 8 2 1 4 0
> VAMPIRE 4 6 3 2 1 3 0
> POWERUP BATTERY -8 11 2 7
> POWERUP BATTERY -8 3 12 7
> BAT1 13 6
< RES 1637332129 231 1
< MOVE L L
> REQ 1637332129 232 1
> VAMPIRE 1 11 5 1 1 4 0
> VAMPIRE 2 12 7 2 0 4 0
> VAMPIRE 4 8 3 2 1 3 0
> GRENADE 2 13 8 5 4
> POWERUP BATTERY -7 11 2 7
> POWERUP BATTERY -7 3 12 7
> BAT1 13 6
< RES 1637332129 232 1
< MOVE L L
> REQ 1637332129 233 1
> VAMPIRE 1 11 3 1 1 4 0
> VAMPIRE 2 11 6 2 0 4 0
> VAMPIRE 4 10 3 2 1 3 0
> GRENADE 2 13 8 4 4
> POWERUP BATTERY -6 11 2 7
> POWERUP BATTERY -6 3 12 7
> BAT1 13 6
< RES 1637332129 233 1
< GRENADE
> REQ 1637332129 234 1
> VAMPIRE 1 11 3 1 0 4 0
> VAMPIRE 2 11 4 2 0 4 0
> VAMPIRE 4 10 3 2 1 3 0
> GRENADE 2 13 8 3 4
> GRENADE 1 11 3 5 4
> POWERUP BATTERY -5 11 2 7
> POWERUP BATTERY -5 3 12 7
> BAT1 13 6
< RES 1637332129 234 1
< THROW XD 2
< MOVE L
> REQ 1637332129 235 1
> VAMPIRE 1 11 2 1 0 4 0
> VAMPIRE 2 10 5 2 0 4 0
> VAMPIRE 4 9 2 2 1 3 0
> GRENADE 2 13 8 2 4
> GRENADE 1 13 3 4 4
> POWERUP BATTERY -4 11 2 7
> POWERUP BATTERY -4 3 12 7
> BAT1 13 6
< RES 1637332129 235 1
> REQ 1637332129 236 1
> VAMPIRE 1 11 2 1 0 4 0
> VAMPIRE 2 11 4 2 0 4 0
> VAMPIRE 4 10 1 2 1 3 0
> GRENADE 2 13 8 1 4
> GRENADE 1 13 3 3 4
> POWERUP BATTERY -3 11 2 7
> POWERUP BATTERY -3 3 12 7
> BAT1 13 6
< RES 1637332129 236 1
> REQ 1637332129 237 1
> VAMPIRE 1 11 2 1 0 4 0
> VAMPIRE 2 11 2 2 1 4 0
> VAMPIRE 4 11 2 2 1 3 0
> GRENADE 1 13 3 2 4
> POWERUP BATTERY -2 11 2 7
> POWERUP BATTERY -2 3 12 7
< RES 1637332129 237 1
> REQ 1637332129 238 1
> VAMPIRE 1 11 2 1 0 4 0
> VAMPIRE 2 11 2 2 1 4 0
> VAMPIRE 4 11 2 2 1 3 0
> GRENADE 1 13 3 1 4
> POWERUP BATTERY -1 11 2 7
> POWERUP BATTERY -1 3 12 7
< RES 1637332129 238 1
> REQ 1637332129 239 1
> VAMPIRE 1 11 2 1 1 4 0
> VAMPIRE 2 11 2 2 1 4 0
> VAMPIRE 4 11 2 2 1 3 0
> POWERUP BATTERY 13 11 2 7
> POWERUP BATTERY 13 3 12 7
< RES 1637332129 239 1
> REQ 1637332129 240 1
> VAMPIRE 1 11 2 1 1 4 0
> VAMPIRE 2 11 2 2 1 4 0
> VAMPIRE 4 11 2 2 1 3 0
> POWERUP BATTERY 12 11 2 7
> POWERUP BATTERY 12 3 12 7
< RES 1637332129 240 1
> REQ 1637332129 241 1
> VAMPIRE 1 11 2 1 1 4 0
> VAMPIRE 2 11 2 2 1 4 0
> VAMPIRE 4 11 2 2 1 3 0
> POWERUP BATTERY 11 11 2 7
> POWERUP BATTERY 11 3 12 7
< RES 1637332129 241 1
> REQ 1637332129 242 1
> VAMPIRE 1 11 2 1 1 4 0
> VAMPIRE 2 11 2 2 1 4 0
> VAMPIRE 4 11 2 2 1 3 0
> POWERUP BATTERY 10 11 2 7
> POWERUP BATTERY 10 3 12 7
< RES 1637332129 242 1
> REQ 1637332129 243 1
> VAMPIRE 1 11 2 1 1 4 0
> VAMPIRE 2 11 2 2 1 4 0
> VAMPIRE 4 11 2 2 1 3 0
> POWERUP BATTERY 9 11 2 7
> POWERUP BATTERY 9 3 12 7
< RES 1637332129 243 1
> REQ 1637332129 244 1
> VAMPIRE 1 11 2 1 1 4 0
> VAMPIRE 2 11 2 2 1 4 0
> VAMPIRE 4 11 2 2 1 3 0
> POWERUP BATTERY 8 11 2 7
> POWERUP BATTERY 8 3 12 7
< RES 1637332129 244 1
> REQ 1637332129 245 1
> VAMPIRE 1 11 2 1 1 5 0
> VAMPIRE 2 11 2 2 1 5 0
> VAMPIRE 4 11 2 2 1 4 0
> POWERUP BATTERY 7 3 12 7
< RES 1637332129 245 1
< MOVE L U
> REQ 1637332129 246 1
> VAMPIRE 1 10 1 1 1 5 0
> VAMPIRE 2 10 3 2 1 5 0
> VAMPIRE 4 10 3 2 1 4 0
> POWERUP BATTERY 6 3 12 7
< RES 1637332129 246 1
> REQ 1637332129 247 1
> VAMPIRE 1 10 1 1 1 5 0
> VAMPIRE 2 8 3 2 1 5 0
> VAMPIRE 4 8 3 2 1 4 0
> POWERUP BATTERY 5 3 12 7
< RES 1637332129 247 1
< MOVE D
> REQ 1637332129 248 1
> VAMPIRE 1 11 1 1 1 5 0
> VAMPIRE 2 6 3 2 1 5 0
> VAMPIRE 4 6 3 2 1 4 0
> POWERUP BATTERY 4 3 12 7
< RES 1637332129 248 1
< MOVE R R
> REQ 1637332129 249 1
> VAMPIRE 1 11 3 1 1 5 0
> VAMPIRE 2 4 3 2 1 5 0
> VAMPIRE 4 4 3 2 1 4 0
> POWERUP BATTERY 3 3 12 7
< RES 1637332129 249 1
< MOVE R R
> REQ 1637332129 250 1
> VAMPIRE 1 11 5 1 1 5 0
> VAMPIRE 2 3 4 2 1 5 0
> VAMPIRE 4 3 4 2 1 4 0
> POWERUP BATTERY 2 3 12 7
< RES 1637332129 250 1
< MOVE U U
> REQ 1637332129 251 1
> VAMPIRE 1 9 5 1 1 5 0
> VAMPIRE 2 3 6 2 1 5 0
> VAMPIRE 4 3 6 2 1 4 0
> POWERUP BATTERY 1 3 12 7
< RES 1637332129 251 1
> REQ 1637332129 252 1
> VAMPIRE 1 9 5 1 1 5 0
> VAMPIRE 2 3 5 2 1 5 0
> VAMPIRE 4 3 6 2 1 4 0
< RES 1637332129 252 1
> REQ 1637332129 253 1
> VAMPIRE 1 9 5 1 1 5 0
> VAMPIRE 2 5 5 2 1 5 0
> VAMPIRE 4 2 7 2 1 4 0
< RES 1637332129 253 1
< MOVE R R
> REQ 1637332129 254 1
> VAMPIRE 1 9 7 1 1 5 0
> VAMPIRE 2 5 7 2 1 5 0
> VAMPIRE 4 3 7 2 1 4 0
< RES 1637332129 254 1
< MOVE D D
> REQ 1637332129 255 1
> VAMPIRE 1 11 7 1 1 5 0
> VAMPIRE 2 5 5 2 1 5 0
> VAMPIRE 4 3 7 2 1 4 0
< RES 1637332129 255 1
< MOVE U U
> REQ 1637332129 256 1
> VAMPIRE 1 9 7 1 1 5 0
> VAMPIRE 2 7 5 2 1 5 0
> VAMPIRE 4 3 9 2 1 4 0
< RES 1637332129 256 1
< MOVE R R
> REQ 1637332129 257 1
> VAMPIRE 1 9 9 1 1 5 0
> VAMPIRE 2 7 3 2 1 5 0
> VAMPIRE 4 5 9 2 1 4 0
< RES 1637332129 257 1
< MOVE D D
> REQ 1637332129 258 1
> VAMPIRE 1 11 9 1 1 5 0
> VAMPIRE 2 7 3 2 1 5 0
> VAMPIRE 4 3 9 2 1 4 0
< RES 1637332129 258 1
< MOVE U U
> REQ 1637332129 259 1
> VAMPIRE 1 9 9 1 1 5 0
> VAMPIRE 2 7 3 2 1 5 0
> VAMPIRE 4 5 9 2 1 4 0
< RES 1637332129 259 1
< MOVE D D
> REQ 1637332129 260 1
> VAMPIRE 1 11 9 1 1 5 0
> VAMPIRE 2 7 3 2 1 5 0
> VAMPIRE 4 3 9 2 1 4 0
< RES 1637332129 260 1
< MOVE U U
> REQ 1637332129 261 1
> VAMPIRE 1 9 9 1 1 5 0
> VAMPIRE 2 7 3 2 1 5 0
> VAMPIRE 4 5 9 2 1 4 0
> POWERUP SHOE -8 8 7 7
> POWERUP SHOE -8 6 7 7
< RES 1637332129 261 1
< MOVE L L
> REQ 1637332129 262 1
> VAMPIRE 1 9 7 1 1 5 0
> VAMPIRE 2 7 5 2 1 5 0
> VAMPIRE 4 5 7 2 1 4 0
> POWERUP SHOE -7 8 7 7
> POWERUP SHOE -7 6 7 7
< RES 1637332129 262 1
< MOVE U
> REQ 1637332129 263 1
> VAMPIRE 1 8 7 1 1 5 0
> VAMPIRE 2 7 7 2 1 5 0
> VAMPIRE 4 6 7 2 1 4 0
> POWERUP SHOE -6 8 7 7
> POWERUP SHOE -6 6 7 7
< RES 1637332129 263 1
> REQ 1637332129 264 1
> VAMPIRE 1 8 7 1 1 5 0
> VAMPIRE 2 8 7 2 1 5 0
> VAMPIRE 4 6 7 2 1 4 0
> POWERUP SHOE -5 8 7 7
> POWERUP SHOE -5 6 7 7
< RES 1637332129 264 1
> REQ 1637332129 265 1
> VAMPIRE 1 8 7 1 1 5 0
> VAMPIRE 2 8 7 2 1 5 0
> VAMPIRE 4 6 7 2 1 4 0
> POWERUP SHOE -4 8 7 7
> POWERUP SHOE -4 6 7 7
< RES 1637332129 265 1
> REQ 1637332129 266 1
> VAMPIRE 1 8 7 1 1 5 0
> VAMPIRE 2 8 7 2 1 5 0
> VAMPIRE 4 6 7 2 1 4 0
> POWERUP SHOE -3 8 7 7
> POWERUP SHOE -3 6 7 7
< RES 1637332129 266 1
> REQ 1637332129 267 1
> VAMPIRE 1 8 7 1 1 5 0
> VAMPIRE 2 8 7 2 1 5 0
> VAMPIRE 4 6 7 2 1 4 0
> POWERUP SHOE -2 8 7 7
> POWERUP SHOE -2 6 7 7
< RES 1637332129 267 1
> REQ 1637332129 268 1
> VAMPIRE 1 8 7 1 1 5 0
> VAMPIRE 2 8 7 2 1 5 0
> VAMPIRE 4 6 7 2 1 4 0
> POWERUP SHOE -1 8 7 7
> POWERUP SHOE -1 6 7 7
< RES 1637332129 268 1
> REQ 1637332129 269 1
> VAMPIRE 1 8 7 1 1 5 0
> VAMPIRE 2 8 7 2 1 5 0
> VAMPIRE 4 6 7 2 1 4 0
> POWERUP SHOE 18 8 7 7
> POWERUP SHOE 18 6 7 7
< RES 1637332129 269 1
> REQ 1637332129 270 1
> VAMPIRE 1 8 7 1 1 5 0
> VAMPIRE 2 8 7 2 1 5 0
> VAMPIRE 4 6 7 2 1 4 0
> POWERUP SHOE 17 8 7 7
> POWERUP SHOE 17 6 7 7
< RES 1637332129 270 1
> REQ 1637332129 271 1
> VAMPIRE 1 8 7 1 1 5 0
> VAMPIRE 2 8 7 2 1 5 0
> VAMPIRE 4 6 7 2 1 4 0
> POWERUP SHOE 16 8 7 7
> POWERUP SHOE 16 6 7 7
< RES 1637332129 271 1
< GRENADE
> REQ 1637332129 272 1
> VAMPIRE 1 8 7 1 0 5 0
> VAMPIRE 2 8 7 2 0 5 0
> VAMPIRE 4 6 7 2 1 4 0
> GRENADE 1 8 7 5 5
> GRENADE 2 8 7 5 5
> POWERUP SHOE 15 8 7 7
> POWERUP SHOE 15 6 7 7
< RES 1637332129 272 1
> REQ 1637332129 273 1
> VAMPIRE 1 8 7 1 0 5 0
> VAMPIRE 2 8 7 2 0 5 0
> VAMPIRE 4 6 7 2 1 4 0
> GRENADE 1 8 7 4 5
> GRENADE 2 8 7 4 5
> POWERUP SHOE 14 8 7 7
> POWERUP SHOE 14 6 7 7
< RES 1637332129 273 1
> REQ 1637332129 274 1
> VAMPIRE 1 8 7 1 0 5 0
> VAMPIRE 2 8 7 2 0 5 0
> VAMPIRE 4 6 7 2 1 4 0
> GRENADE 1 8 7 3 5
> GRENADE 2 8 7 3 5
> POWERUP SHOE 13 8 7 7
> POWERUP SHOE 13 6 7 7
< RES 1637332129 274 1
> REQ 1637332129 275 1
> VAMPIRE 1 8 7 1 0 5 30
> VAMPIRE 2 8 7 2 0 5 30
> VAMPIRE 4 5 7 2 1 4 30
> GRENADE 1 8 7 2 5
> GRENADE 2 8 7 2 5
< RES 1637332129 275 1
< GRENADE
> REQ 1637332129 276 1
> VAMPIRE 1 8 7 1 0 5 29
> VAMPIRE 2 8 7 2 0 5 29
> VAMPIRE 4 4 9 2 0 4 29
> GRENADE 1 8 7 1 5
> GRENADE 2 8 7 1 5
> GRENADE 4 5 7 5 4
< RES 1637332129 276 1
> END 838 Could_not_be_more_deaded
