> MESSAGE OK
> LEVEL 8
> GAMEID 1637099224
> TEST 1
> MAXTICK 1200
> GRENADERADIUS 2
> SIZE 21
> REQ 1637099224 0 3
> VAMPIRE 1 1 1 3 1 2 0
> VAMPIRE 3 19 19 3 1 2 0
> VAMPIRE 2 19 1 3 1 2 0
> VAMPIRE 4 1 19 3 1 2 0
> BAT1 3 1 7 1 9 1 11 1 13 1 17 1 1 3 3 3 5 3 9 3 11 3 15 3 17 3 19 3 3 5 5 5 7 5 13 5 15 5 17 5 1 7 5 7 7 7 9 7 11 7 13 7 15 7 19 7 1 9 3 9 7 9 13 9 17 9 19 9 1 11 3 11 7 11 13 11 17 11 19 11 1 13 5 13 7 13 9 13 11 13 13 13 15 13 19 13 3 15 5 15 7 15 13 15 15 15 17 15 1 17 3 17 5 17 9 17 11 17 15 17 17 17 19 17 3 19 7 19 9 19 11 19 13 19 17 19
< RES 1637099224 0 3
< MOVE L
> REQ 1637099224 1 3
> VAMPIRE 1 2 1 3 1 2 0
> VAMPIRE 3 19 18 3 1 2 0
> VAMPIRE 2 18 1 3 1 2 0
> VAMPIRE 4 1 18 3 1 2 0
> BAT1 3 1 7 1 9 1 11 1 13 1 17 1 1 3 3 3 5 3 9 3 11 3 15 3 17 3 19 3 3 5 5 5 7 5 13 5 15 5 17 5 1 7 5 7 7 7 9 7 11 7 13 7 15 7 19 7 1 9 3 9 7 9 13 9 17 9 19 9 1 11 3 11 7 11 13 11 17 11 19 11 1 13 5 13 7 13 9 13 11 13 13 13 15 13 19 13 3 15 5 15 7 15 13 15 15 15 17 15 1 17 3 17 5 17 9 17 11 17 15 17 17 17 19 17 3 19 7 19 9 19 11 19 13 19 17 19
< RES 1637099224 1 3
< GRENADE
< MOVE R U
> REQ 1637099224 2 3
> VAMPIRE 1 1 2 3 0 2 0
> VAMPIRE 3 18 19 3 0 2 0
> VAMPIRE 2 19 2 3 0 2 0
> VAMPIRE 4 2 19 3 0 2 0
> GRENADE 1 2 1 5 2
> GRENADE 3 19 18 5 2
> GRENADE 2 18 1 5 2
> GRENADE 4 1 18 5 2
> BAT1 3 1 7 1 9 1 11 1 13 1 17 1 1 3 3 3 5 3 9 3 11 3 15 3 17 3 19 3 3 5 5 5 7 5 13 5 15 5 17 5 1 7 5 7 7 7 9 7 11 7 13 7 15 7 19 7 1 9 3 9 7 9 13 9 17 9 19 9 1 11 3 11 7 11 13 11 17 11 19 11 1 13 5 13 7 13 9 13 11 13 13 13 15 13 19 13 3 15 5 15 7 15 13 15 15 15 17 15 1 17 3 17 5 17 9 17 11 17 15 17 17 17 19 17 3 19 7 19 9 19 11 19 13 19 17 19
< RES 1637099224 2 3
> REQ 1637099224 3 3
> VAMPIRE 1 1 2 3 0 2 0
> VAMPIRE 3 18 19 3 0 2 0
> VAMPIRE 2 19 2 3 0 2 0
> VAMPIRE 4 2 19 3 0 2 0
> GRENADE 1 2 1 4 2
> GRENADE 3 19 18 4 2
> GRENADE 2 18 1 4 2
> GRENADE 4 1 18 4 2
> BAT1 3 1 7 1 9 1 11 1 13 1 17 1 1 3 3 3 5 3 9 3 11 3 15 3 17 3 19 3 3 5 5 5 7 5 13 5 15 5 17 5 1 7 5 7 7 7 9 7 11 7 13 7 15 7 19 7 1 9 3 9 7 9 13 9 17 9 19 9 1 11 3 11 7 11 13 11 17 11 19 11 1 13 5 13 7 13 9 13 11 13 13 13 15 13 19 13 3 15 5 15 7 15 13 15 15 15 17 15 1 17 3 17 5 17 9 17 11 17 15 17 17 17 19 17 3 19 7 19 9 19 11 19 13 19 17 19
< RES 1637099224 3 3
> REQ 1637099224 4 3
> VAMPIRE 1 1 2 3 0 2 0
> VAMPIRE 3 18 19 3 0 2 0
> VAMPIRE 2 19 2 3 0 2 0
> VAMPIRE 4 2 19 3 0 2 0
> GRENADE 1 2 1 3 2
> GRENADE 3 19 18 3 2
> GRENADE 2 18 1 3 2
> GRENADE 4 1 18 3 2
> BAT1 3 1 7 1 9 1 11 1 13 1 17 1 1 3 3 3 5 3 9 3 11 3 15 3 17 3 19 3 3 5 5 5 7 5 13 5 15 5 17 5 1 7 5 7 7 7 9 7 11 7 13 7 15 7 19 7 1 9 3 9 7 9 13 9 17 9 19 9 1 11 3 11 7 11 13 11 17 11 19 11 1 13 5 13 7 13 9 13 11 13 13 13 15 13 19 13 3 15 5 15 7 15 13 15 15 15 17 15 1 17 3 17 5 17 9 17 11 17 15 17 17 17 19 17 3 19 7 19 9 19 11 19 13 19 17 19
< RES 1637099224 4 3
> REQ 1637099224 5 3
> VAMPIRE 1 1 2 3 0 2 0
> VAMPIRE 3 18 19 3 0 2 0
> VAMPIRE 2 19 2 3 0 2 0
> VAMPIRE 4 2 19 3 0 2 0
> GRENADE 1 2 1 2 2
> GRENADE 3 19 18 2 2
> GRENADE 2 18 1 2 2
> GRENADE 4 1 18 2 2
> BAT1 3 1 7 1 9 1 11 1 13 1 17 1 1 3 3 3 5 3 9 3 11 3 15 3 17 3 19 3 3 5 5 5 7 5 13 5 15 5 17 5 1 7 5 7 7 7 9 7 11 7 13 7 15 7 19 7 1 9 3 9 7 9 13 9 17 9 19 9 1 11 3 11 7 11 13 11 17 11 19 11 1 13 5 13 7 13 9 13 11 13 13 13 15 13 19 13 3 15 5 15 7 15 13 15 15 15 17 15 1 17 3 17 5 17 9 17 11 17 15 17 17 17 19 17 3 19 7 19 9 19 11 19 13 19 17 19
< RES 1637099224 5 3
> REQ 1637099224 6 3
> VAMPIRE 1 1 2 3 0 2 0
> VAMPIRE 3 18 19 3 0 2 0
> VAMPIRE 2 19 2 3 0 2 0
> VAMPIRE 4 2 19 3 0 2 0
> GRENADE 1 2 1 1 2
> GRENADE 3 19 18 1 2
> GRENADE 2 18 1 1 2
> GRENADE 4 1 18 1 2
> BAT1 3 1 7 1 9 1 11 1 13 1 17 1 1 3 3 3 5 3 9 3 11 3 15 3 17 3 19 3 3 5 5 5 7 5 13 5 15 5 17 5 1 7 5 7 7 7 9 7 11 7 13 7 15 7 19 7 1 9 3 9 7 9 13 9 17 9 19 9 1 11 3 11 7 11 13 11 17 11 19 11 1 13 5 13 7 13 9 13 11 13 13 13 15 13 19 13 3 15 5 15 7 15 13 15 15 15 17 15 1 17 3 17 5 17 9 17 11 17 15 17 17 17 19 17 3 19 7 19 9 19 11 19 13 19 17 19
< RES 1637099224 6 3
> REQ 1637099224 7 3
> VAMPIRE 1 1 1 3 1 2 0
> VAMPIRE 3 18 19 3 1 2 0
> VAMPIRE 2 19 2 3 1 2 0
> VAMPIRE 4 2 19 3 1 2 0
> BAT1 7 1 9 1 11 1 13 1 1 3 3 3 5 3 9 3 11 3 15 3 17 3 19 3 3 5 5 5 7 5 13 5 15 5 17 5 1 7 5 7 7 7 9 7 11 7 13 7 15 7 19 7 1 9 3 9 7 9 13 9 17 9 19 9 1 11 3 11 7 11 13 11 17 11 19 11 1 13 5 13 7 13 9 13 11 13 13 13 15 13 19 13 3 15 5 15 7 15 13 15 15 15 17 15 3 17 5 17 9 17 11 17 15 17 17 17 3 19 7 19 9 19 11 19 13 19 17 19
< RES 1637099224 7 3
< GRENADE
< MOVE D L
> REQ 1637099224 8 3
> VAMPIRE 1 3 1 3 0 2 0
> VAMPIRE 3 19 18 3 0 2 0
> VAMPIRE 2 18 1 3 0 2 0
> VAMPIRE 4 1 18 3 0 2 0
> GRENADE 1 1 1 5 2
> GRENADE 3 18 19 5 2
> GRENADE 2 19 2 5 2
> GRENADE 4 2 19 5 2
> BAT1 7 1 9 1 11 1 13 1 1 3 3 3 5 3 9 3 11 3 15 3 17 3 19 3 3 5 5 5 7 5 13 5 15 5 17 5 1 7 5 7 7 7 9 7 11 7 13 7 15 7 19 7 1 9 3 9 7 9 13 9 17 9 19 9 1 11 3 11 7 11 13 11 17 11 19 11 1 13 5 13 7 13 9 13 11 13 13 13 15 13 19 13 3 15 5 15 7 15 13 15 15 15 17 15 3 17 5 17 9 17 11 17 15 17 17 17 3 19 7 19 9 19 11 19 13 19 17 19
< RES 1637099224 8 3
< MOVE L
> REQ 1637099224 9 3
> VAMPIRE 1 5 1 3 0 2 0
> VAMPIRE 3 19 17 3 0 2 0
> VAMPIRE 2 17 1 3 0 2 0
> VAMPIRE 4 1 17 3 0 2 0
> GRENADE 1 1 1 4 2
> GRENADE 3 18 19 4 2
> GRENADE 2 19 2 4 2
> GRENADE 4 2 19 4 2
> BAT1 7 1 9 1 11 1 13 1 1 3 3 3 5 3 9 3 11 3 15 3 17 3 19 3 3 5 5 5 7 5 13 5 15 5 17 5 1 7 5 7 7 7 9 7 11 7 13 7 15 7 19 7 1 9 3 9 7 9 13 9 17 9 19 9 1 11 3 11 7 11 13 11 17 11 19 11 1 13 5 13 7 13 9 13 11 13 13 13 15 13 19 13 3 15 5 15 7 15 13 15 15 15 17 15 3 17 5 17 9 17 11 17 15 17 17 17 3 19 7 19 9 19 11 19 13 19 17 19
< RES 1637099224 9 3
> REQ 1637099224 10 3
> VAMPIRE 1 5 1 3 0 2 0
> VAMPIRE 3 19 17 3 0 2 0
> VAMPIRE 2 17 1 3 0 2 0
> VAMPIRE 4 1 17 3 0 2 0
> GRENADE 1 1 1 3 2
> GRENADE 3 18 19 3 2
> GRENADE 2 19 2 3 2
> GRENADE 4 2 19 3 2
> BAT1 7 1 9 1 11 1 13 1 1 3 3 3 5 3 9 3 11 3 15 3 17 3 19 3 3 5 5 5 7 5 13 5 15 5 17 5 1 7 5 7 7 7 9 7 11 7 13 7 15 7 19 7 1 9 3 9 7 9 13 9 17 9 19 9 1 11 3 11 7 11 13 11 17 11 19 11 1 13 5 13 7 13 9 13 11 13 13 13 15 13 19 13 3 15 5 15 7 15 13 15 15 15 17 15 3 17 5 17 9 17 11 17 15 17 17 17 3 19 7 19 9 19 11 19 13 19 17 19
< RES 1637099224 10 3
> REQ 1637099224 11 3
> VAMPIRE 1 5 1 3 0 2 0
> VAMPIRE 3 19 17 3 0 2 0
> VAMPIRE 2 17 1 3 0 2 0
> VAMPIRE 4 1 17 3 0 2 0
> GRENADE 1 1 1 2 2
> GRENADE 3 18 19 2 2
> GRENADE 2 19 2 2 2
> GRENADE 4 2 19 2 2
> BAT1 7 1 9 1 11 1 13 1 1 3 3 3 5 3 9 3 11 3 15 3 17 3 19 3 3 5 5 5 7 5 13 5 15 5 17 5 1 7 5 7 7 7 9 7 11 7 13 7 15 7 19 7 1 9 3 9 7 9 13 9 17 9 19 9 1 11 3 11 7 11 13 11 17 11 19 11 1 13 5 13 7 13 9 13 11 13 13 13 15 13 19 13 3 15 5 15 7 15 13 15 15 15 17 15 3 17 5 17 9 17 11 17 15 17 17 17 3 19 7 19 9 19 11 19 13 19 17 19
< RES 1637099224 11 3
< MOVE L L
> REQ 1637099224 12 3
> VAMPIRE 1 5 1 3 0 2 0
> VAMPIRE 3 19 15 3 0 2 0
> VAMPIRE 2 15 1 3 0 2 0
> VAMPIRE 4 1 15 3 0 2 0
> GRENADE 1 1 1 1 2
> GRENADE 3 18 19 1 2
> GRENADE 2 19 2 1 2
> GRENADE 4 2 19 1 2
> BAT1 7 1 9 1 11 1 13 1 1 3 3 3 5 3 9 3 11 3 15 3 17 3 19 3 3 5 5 5 7 5 13 5 15 5 17 5 1 7 5 7 7 7 9 7 11 7 13 7 15 7 19 7 1 9 3 9 7 9 13 9 17 9 19 9 1 11 3 11 7 11 13 11 17 11 19 11 1 13 5 13 7 13 9 13 11 13 13 13 15 13 19 13 3 15 5 15 7 15 13 15 15 15 17 15 3 17 5 17 9 17 11 17 15 17 17 17 3 19 7 19 9 19 11 19 13 19 17 19
< RES 1637099224 12 3
< MOVE L
> REQ 1637099224 13 3
> VAMPIRE 1 5 1 3 1 2 0
> VAMPIRE 3 19 14 3 1 2 0
> VAMPIRE 2 14 1 3 1 2 0
> VAMPIRE 4 1 14 3 1 2 0
> BAT1 7 1 9 1 11 1 13 1 3 3 5 3 9 3 11 3 15 3 17 3 3 5 5 5 7 5 13 5 15 5 17 5 1 7 5 7 7 7 9 7 11 7 13 7 15 7 19 7 1 9 3 9 7 9 13 9 17 9 19 9 1 11 3 11 7 11 13 11 17 11 19 11 1 13 5 13 7 13 9 13 11 13 13 13 15 13 19 13 3 15 5 15 7 15 13 15 15 15 17 15 3 17 5 17 9 17 11 17 15 17 17 17 7 19 9 19 11 19 13 19
< RES 1637099224 13 3
< GRENADE
< MOVE R U
> REQ 1637099224 14 3
> VAMPIRE 1 3 1 3 0 2 0
> VAMPIRE 3 18 15 3 0 2 0
> VAMPIRE 2 15 2 3 0 2 0
> VAMPIRE 4 2 15 3 0 2 0
> GRENADE 1 5 1 5 2
> GRENADE 3 19 14 5 2
> GRENADE 2 14 1 5 2
> GRENADE 4 1 14 5 2
> BAT1 7 1 9 1 11 1 13 1 3 3 5 3 9 3 11 3 15 3 17 3 3 5 5 5 7 5 13 5 15 5 17 5 1 7 5 7 7 7 9 7 11 7 13 7 15 7 19 7 1 9 3 9 7 9 13 9 17 9 19 9 1 11 3 11 7 11 13 11 17 11 19 11 1 13 5 13 7 13 9 13 11 13 13 13 15 13 19 13 3 15 5 15 7 15 13 15 15 15 17 15 3 17 5 17 9 17 11 17 15 17 17 17 7 19 9 19 11 19 13 19
< RES 1637099224 14 3
> REQ 1637099224 15 3
> VAMPIRE 1 1 1 3 0 2 0
> VAMPIRE 3 18 15 3 0 2 0
> VAMPIRE 2 16 1 3 0 2 0
> VAMPIRE 4 2 15 3 0 2 0
> GRENADE 1 5 1 4 2
> GRENADE 3 19 14 4 2
> GRENADE 2 14 1 4 2
> GRENADE 4 1 14 4 2
> BAT1 7 1 9 1 11 1 13 1 3 3 5 3 9 3 11 3 15 3 17 3 3 5 5 5 7 5 13 5 15 5 17 5 1 7 5 7 7 7 9 7 11 7 13 7 15 7 19 7 1 9 3 9 7 9 13 9 17 9 19 9 1 11 3 11 7 11 13 11 17 11 19 11 1 13 5 13 7 13 9 13 11 13 13 13 15 13 19 13 3 15 5 15 7 15 13 15 15 15 17 15 3 17 5 17 9 17 11 17 15 17 17 17 7 19 9 19 11 19 13 19
< RES 1637099224 15 3
> REQ 1637099224 16 3
> VAMPIRE 1 1 3 3 0 2 0
> VAMPIRE 3 18 15 3 0 2 0
> VAMPIRE 2 15 2 3 0 2 0
> VAMPIRE 4 2 15 3 0 2 0
> GRENADE 1 5 1 3 2
> GRENADE 3 19 14 3 2
> GRENADE 2 14 1 3 2
> GRENADE 4 1 14 3 2
> BAT1 7 1 9 1 11 1 13 1 3 3 5 3 9 3 11 3 15 3 17 3 3 5 5 5 7 5 13 5 15 5 17 5 1 7 5 7 7 7 9 7 11 7 13 7 15 7 19 7 1 9 3 9 7 9 13 9 17 9 19 9 1 11 3 11 7 11 13 11 17 11 19 11 1 13 5 13 7 13 9 13 11 13 13 13 15 13 19 13 3 15 5 15 7 15 13 15 15 15 17 15 3 17 5 17 9 17 11 17 15 17 17 17 7 19 9 19 11 19 13 19
< RES 1637099224 16 3
> REQ 1637099224 17 3
> VAMPIRE 1 1 2 3 0 2 0
> VAMPIRE 3 18 15 3 0 2 0
> VAMPIRE 2 16 1 3 0 2 0
> VAMPIRE 4 2 15 3 0 2 0
> GRENADE 1 5 1 2 2
> GRENADE 3 19 14 2 2
> GRENADE 2 14 1 2 2
> GRENADE 4 1 14 2 2
> BAT1 7 1 9 1 11 1 13 1 3 3 5 3 9 3 11 3 15 3 17 3 3 5 5 5 7 5 13 5 15 5 17 5 1 7 5 7 7 7 9 7 11 7 13 7 15 7 19 7 1 9 3 9 7 9 13 9 17 9 19 9 1 11 3 11 7 11 13 11 17 11 19 11 1 13 5 13 7 13 9 13 11 13 13 13 15 13 19 13 3 15 5 15 7 15 13 15 15 15 17 15 3 17 5 17 9 17 11 17 15 17 17 17 7 19 9 19 11 19 13 19
< RES 1637099224 17 3
> REQ 1637099224 18 3
> VAMPIRE 1 2 1 3 0 2 0
> VAMPIRE 3 18 15 3 0 2 0
> VAMPIRE 2 17 1 3 0 2 0
> VAMPIRE 4 2 15 3 0 2 0
> GRENADE 1 5 1 1 2
> GRENADE 3 19 14 1 2
> GRENADE 2 14 1 1 2
> GRENADE 4 1 14 1 2
> BAT1 7 1 9 1 11 1 13 1 3 3 5 3 9 3 11 3 15 3 17 3 3 5 5 5 7 5 13 5 15 5 17 5 1 7 5 7 7 7 9 7 11 7 13 7 15 7 19 7 1 9 3 9 7 9 13 9 17 9 19 9 1 11 3 11 7 11 13 11 17 11 19 11 1 13 5 13 7 13 9 13 11 13 13 13 15 13 19 13 3 15 5 15 7 15 13 15 15 15 17 15 3 17 5 17 9 17 11 17 15 17 17 17 7 19 9 19 11 19 13 19
< RES 1637099224 18 3
< MOVE D R
> REQ 1637099224 19 3
> VAMPIRE 1 3 2 3 1 2 0
> VAMPIRE 3 19 16 3 1 2 0
> VAMPIRE 2 17 2 3 1 2 0
> VAMPIRE 4 1 15 3 1 2 0
> BAT1 9 1 11 1 3 3 9 3 11 3 15 3 17 3 3 5 5 5 7 5 13 5 15 5 17 5 1 7 5 7 7 7 9 7 11 7 13 7 15 7 19 7 1 9 3 9 7 9 13 9 17 9 19 9 1 11 3 11 7 11 13 11 17 11 19 11 5 13 7 13 9 13 11 13 13 13 15 13 3 15 5 15 7 15 13 15 15 15 17 15 3 17 5 17 9 17 11 17 15 17 17 17 7 19 9 19 11 19 13 19
< RES 1637099224 19 3
< MOVE L L
> REQ 1637099224 20 3
> VAMPIRE 1 4 1 3 0 2 0
> VAMPIRE 3 19 14 3 1 2 0
> VAMPIRE 2 16 1 3 0 2 0
> VAMPIRE 4 1 13 3 1 2 0
> GRENADE 1 3 2 5 2
> GRENADE 2 17 2 5 2
> BAT1 9 1 11 1 3 3 9 3 11 3 15 3 17 3 3 5 5 5 7 5 13 5 15 5 17 5 1 7 5 7 7 7 9 7 11 7 13 7 15 7 19 7 1 9 3 9 7 9 13 9 17 9 19 9 1 11 3 11 7 11 13 11 17 11 19 11 5 13 7 13 9 13 11 13 13 13 15 13 3 15 5 15 7 15 13 15 15 15 17 15 3 17 5 17 9 17 11 17 15 17 17 17 7 19 9 19 11 19 13 19
< RES 1637099224 20 3
< MOVE L U
> REQ 1637099224 21 3
> VAMPIRE 1 5 1 3 0 2 0
> VAMPIRE 3 18 13 3 1 2 0
> VAMPIRE 2 14 1 3 0 2 0
> VAMPIRE 4 3 13 3 1 2 0
> GRENADE 1 3 2 4 2
> GRENADE 2 17 2 4 2
> BAT1 9 1 11 1 3 3 9 3 11 3 15 3 17 3 3 5 5 5 7 5 13 5 15 5 17 5 1 7 5 7 7 7 9 7 11 7 13 7 15 7 19 7 1 9 3 9 7 9 13 9 17 9 19 9 1 11 3 11 7 11 13 11 17 11 19 11 5 13 7 13 9 13 11 13 13 13 15 13 3 15 5 15 7 15 13 15 15 15 17 15 3 17 5 17 9 17 11 17 15 17 17 17 7 19 9 19 11 19 13 19
< RES 1637099224 21 3
< MOVE U
> REQ 1637099224 22 3
> VAMPIRE 1 5 3 3 0 2 0
> VAMPIRE 3 17 13 3 1 2 0
> VAMPIRE 2 13 2 3 0 2 0
> VAMPIRE 4 1 13 3 0 2 0
> GRENADE 1 3 2 3 2
> GRENADE 2 17 2 3 2
> GRENADE 4 3 13 5 2
> BAT1 9 1 11 1 3 3 9 3 11 3 15 3 17 3 3 5 5 5 7 5 13 5 15 5 17 5 1 7 5 7 7 7 9 7 11 7 13 7 15 7 19 7 1 9 3 9 7 9 13 9 17 9 19 9 1 11 3 11 7 11 13 11 17 11 19 11 5 13 7 13 9 13 11 13 13 13 15 13 3 15 5 15 7 15 13 15 15 15 17 15 3 17 5 17 9 17 11 17 15 17 17 17 7 19 9 19 11 19 13 19
< RES 1637099224 22 3
< GRENADE
< MOVE D D
> REQ 1637099224 23 3
> VAMPIRE 1 5 1 3 0 2 0
> VAMPIRE 3 19 13 3 0 2 0
> VAMPIRE 2 13 3 3 0 2 0
> VAMPIRE 4 1 15 3 0 2 0
> GRENADE 1 3 2 2 2
> GRENADE 2 17 2 2 2
> GRENADE 4 3 13 4 2
> GRENADE 3 17 13 5 2
> BAT1 9 1 11 1 3 3 9 3 11 3 15 3 17 3 3 5 5 5 7 5 13 5 15 5 17 5 1 7 5 7 7 7 9 7 11 7 13 7 15 7 19 7 1 9 3 9 7 9 13 9 17 9 19 9 1 11 3 11 7 11 13 11 17 11 19 11 5 13 7 13 9 13 11 13 13 13 15 13 3 15 5 15 7 15 13 15 15 15 17 15 3 17 5 17 9 17 11 17 15 17 17 17 7 19 9 19 11 19 13 19
< RES 1637099224 23 3
< MOVE R R
> REQ 1637099224 24 3
> VAMPIRE 1 7 1 3 0 2 0
> VAMPIRE 3 19 15 3 0 2 0
> VAMPIRE 2 13 3 3 0 2 0
> VAMPIRE 4 1 15 3 0 2 0
> GRENADE 1 3 2 1 2
> GRENADE 2 17 2 1 2
> GRENADE 4 3 13 3 2
> GRENADE 3 17 13 4 2
> BAT1 9 1 11 1 3 3 9 3 11 3 15 3 17 3 3 5 5 5 7 5 13 5 15 5 17 5 1 7 5 7 7 7 9 7 11 7 13 7 15 7 19 7 1 9 3 9 7 9 13 9 17 9 19 9 1 11 3 11 7 11 13 11 17 11 19 11 5 13 7 13 9 13 11 13 13 13 15 13 3 15 5 15 7 15 13 15 15 15 17 15 3 17 5 17 9 17 11 17 15 17 17 17 7 19 9 19 11 19 13 19
< RES 1637099224 24 3
> REQ 1637099224 25 3
> VAMPIRE 1 7 3 3 1 2 0
> VAMPIRE 3 19 15 3 0 2 0
> VAMPIRE 2 13 3 3 1 2 0
> VAMPIRE 4 1 15 3 0 2 0
> GRENADE 4 3 13 2 2
> GRENADE 3 17 13 3 2
> BAT1 9 1 11 1 9 3 11 3 15 3 3 5 5 5 7 5 13 5 15 5 17 5 1 7 5 7 7 7 9 7 11 7 13 7 15 7 19 7 1 9 3 9 7 9 13 9 17 9 19 9 1 11 3 11 7 11 13 11 17 11 19 11 5 13 7 13 9 13 11 13 13 13 15 13 3 15 5 15 7 15 13 15 15 15 17 15 3 17 5 17 9 17 11 17 15 17 17 17 7 19 9 19 11 19 13 19
< RES 1637099224 25 3
> REQ 1637099224 26 3
> VAMPIRE 1 5 3 3 0 2 0
> VAMPIRE 3 19 15 3 0 2 0
> VAMPIRE 2 13 1 3 0 2 0
> VAMPIRE 4 1 14 3 0 2 0
> GRENADE 4 3 13 1 2
> GRENADE 3 17 13 2 2
> GRENADE 1 7 3 5 2
> GRENADE 2 13 3 5 2
> BAT1 9 1 11 1 9 3 11 3 15 3 3 5 5 5 7 5 13 5 15 5 17 5 1 7 5 7 7 7 9 7 11 7 13 7 15 7 19 7 1 9 3 9 7 9 13 9 17 9 19 9 1 11 3 11 7 11 13 11 17 11 19 11 5 13 7 13 9 13 11 13 13 13 15 13 3 15 5 15 7 15 13 15 15 15 17 15 3 17 5 17 9 17 11 17 15 17 17 17 7 19 9 19 11 19 13 19
< RES 1637099224 26 3
< MOVE L
> REQ 1637099224 27 3
> VAMPIRE 1 3 3 3 0 2 0
> VAMPIRE 3 19 14 3 0 2 0
> VAMPIRE 2 15 1 3 0 2 0
> VAMPIRE 4 1 12 3 1 2 0
> GRENADE 3 17 13 1 2
> GRENADE 1 7 3 4 2
> GRENADE 2 13 3 4 2
> BAT1 9 1 11 1 9 3 11 3 15 3 3 5 5 5 7 5 13 5 15 5 17 5 1 7 5 7 7 7 9 7 11 7 13 7 15 7 19 7 1 9 3 9 7 9 13 9 17 9 19 9 1 11 7 11 13 11 17 11 19 11 7 13 9 13 11 13 13 13 15 13 5 15 7 15 13 15 15 15 17 15 3 17 5 17 9 17 11 17 15 17 17 17 7 19 9 19 11 19 13 19
< RES 1637099224 27 3
< MOVE R
> REQ 1637099224 28 3
> VAMPIRE 1 3 1 3 0 2 0
> VAMPIRE 3 19 15 3 1 2 0
> VAMPIRE 2 15 1 3 0 2 0
> VAMPIRE 4 2 13 3 0 2 0
> GRENADE 1 7 3 3 2
> GRENADE 2 13 3 3 2
> GRENADE 4 1 12 5 2
> BAT1 9 1 11 1 9 3 11 3 15 3 3 5 5 5 7 5 13 5 15 5 17 5 1 7 5 7 7 7 9 7 11 7 13 7 15 7 19 7 1 9 3 9 7 9 13 9 17 9 19 9 1 11 7 11 13 11 19 11 7 13 9 13 11 13 13 13 5 15 7 15 13 15 15 15 3 17 5 17 9 17 11 17 15 17 17 17 7 19 9 19 11 19 13 19
< RES 1637099224 28 3
< MOVE U U
> REQ 1637099224 29 3
> VAMPIRE 1 3 3 3 0 2 0
> VAMPIRE 3 17 15 3 1 2 0
> VAMPIRE 2 15 1 3 0 2 0
> VAMPIRE 4 3 13 3 0 2 0
> GRENADE 1 7 3 2 2
> GRENADE 2 13 3 2 2
> GRENADE 4 1 12 4 2
> BAT1 9 1 11 1 9 3 11 3 15 3 3 5 5 5 7 5 13 5 15 5 17 5 1 7 5 7 7 7 9 7 11 7 13 7 15 7 19 7 1 9 3 9 7 9 13 9 17 9 19 9 1 11 7 11 13 11 19 11 7 13 9 13 11 13 13 13 5 15 7 15 13 15 15 15 3 17 5 17 9 17 11 17 15 17 17 17 7 19 9 19 11 19 13 19
< RES 1637099224 29 3
< GRENADE
< MOVE L L
> REQ 1637099224 30 3
> VAMPIRE 1 2 3 3 0 2 0
> VAMPIRE 3 17 13 3 0 2 0
> VAMPIRE 2 14 1 3 0 2 0
> VAMPIRE 4 5 13 3 0 2 0
> GRENADE 1 7 3 1 2
> GRENADE 2 13 3 1 2
> GRENADE 4 1 12 3 2
> GRENADE 3 17 15 5 2
> BAT1 9 1 11 1 9 3 11 3 15 3 3 5 5 5 7 5 13 5 15 5 17 5 1 7 5 7 7 7 9 7 11 7 13 7 15 7 19 7 1 9 3 9 7 9 13 9 17 9 19 9 1 11 7 11 13 11 19 11 7 13 9 13 11 13 13 13 5 15 7 15 13 15 15 15 3 17 5 17 9 17 11 17 15 17 17 17 7 19 9 19 11 19 13 19
< RES 1637099224 30 3
< MOVE U U
> REQ 1637099224 31 3
> VAMPIRE 1 1 4 3 1 2 0
> VAMPIRE 3 15 13 3 0 2 0
> VAMPIRE 2 12 1 3 1 2 0
> VAMPIRE 4 5 12 3 0 2 0
> GRENADE 4 1 12 2 2
> GRENADE 3 17 15 4 2
> BAT1 9 1 11 1 3 5 5 5 15 5 17 5 1 7 5 7 7 7 9 7 11 7 13 7 15 7 19 7 1 9 3 9 7 9 13 9 17 9 19 9 1 11 7 11 13 11 19 11 7 13 9 13 11 13 13 13 5 15 7 15 13 15 15 15 3 17 5 17 9 17 11 17 15 17 17 17 7 19 9 19 11 19 13 19
< RES 1637099224 31 3
> REQ 1637099224 32 3
> VAMPIRE 1 1 5 3 1 2 0
> VAMPIRE 3 15 13 3 0 2 0
> VAMPIRE 2 13 2 3 0 2 0
> VAMPIRE 4 5 10 3 0 2 0
> GRENADE 4 1 12 1 2
> GRENADE 3 17 15 3 2
> GRENADE 2 12 1 5 2
> BAT1 9 1 11 1 3 5 5 5 15 5 17 5 1 7 5 7 7 7 9 7 11 7 13 7 15 7 19 7 1 9 3 9 7 9 13 9 17 9 19 9 1 11 7 11 13 11 19 11 7 13 9 13 11 13 13 13 5 15 7 15 13 15 15 15 3 17 5 17 9 17 11 17 15 17 17 17 7 19 9 19 11 19 13 19
< RES 1637099224 32 3
< MOVE L
> REQ 1637099224 33 3
> VAMPIRE 1 1 3 3 0 2 0
> VAMPIRE 3 15 12 3 0 2 0
> VAMPIRE 2 13 3 3 0 2 0
> VAMPIRE 4 5 9 3 1 2 0
> GRENADE 3 17 15 2 2
> GRENADE 2 12 1 4 2
> GRENADE 1 1 5 5 2
> BAT1 9 1 11 1 3 5 5 5 15 5 17 5 1 7 5 7 7 7 9 7 11 7 13 7 15 7 19 7 1 9 3 9 7 9 13 9 17 9 19 9 7 11 13 11 19 11 7 13 9 13 11 13 13 13 5 15 7 15 13 15 15 15 3 17 5 17 9 17 11 17 15 17 17 17 7 19 9 19 11 19 13 19
< RES 1637099224 33 3
< MOVE L L
> REQ 1637099224 34 3
> VAMPIRE 1 3 3 3 0 2 0
> VAMPIRE 3 15 10 3 0 2 0
> VAMPIRE 2 13 5 3 0 2 0
> VAMPIRE 4 5 11 3 0 2 0
> GRENADE 3 17 15 1 2
> GRENADE 2 12 1 3 2
> GRENADE 1 1 5 4 2
> GRENADE 4 5 9 5 2
> BAT1 9 1 11 1 3 5 5 5 15 5 17 5 1 7 5 7 7 7 9 7 11 7 13 7 15 7 19 7 1 9 3 9 7 9 13 9 17 9 19 9 7 11 13 11 19 11 7 13 9 13 11 13 13 13 5 15 7 15 13 15 15 15 3 17 5 17 9 17 11 17 15 17 17 17 7 19 9 19 11 19 13 19
< RES 1637099224 34 3
< MOVE L
> REQ 1637099224 35 3
> VAMPIRE 1 3 3 3 0 2 0
> VAMPIRE 3 15 9 3 1 2 0
> VAMPIRE 2 13 5 3 0 2 0
> VAMPIRE 4 3 11 3 0 2 0
> GRENADE 2 12 1 2 2
> GRENADE 1 1 5 3 2
> GRENADE 4 5 9 4 2
> BAT1 9 1 11 1 3 5 5 5 15 5 17 5 1 7 5 7 7 7 9 7 11 7 13 7 15 7 19 7 1 9 3 9 7 9 13 9 17 9 19 9 7 11 13 11 19 11 7 13 9 13 11 13 13 13 5 15 7 15 13 15 3 17 5 17 9 17 11 17 15 17 7 19 9 19 11 19 13 19
< RES 1637099224 35 3
< GRENADE
< MOVE R R
> REQ 1637099224 36 3
> VAMPIRE 1 5 3 3 0 2 0
> VAMPIRE 3 15 11 3 0 2 0
> VAMPIRE 2 13 5 3 0 2 0
> VAMPIRE 4 3 11 3 0 2 0
> GRENADE 2 12 1 1 2
> GRENADE 1 1 5 2 2
> GRENADE 4 5 9 3 2
> GRENADE 3 15 9 5 2
> BAT1 9 1 11 1 3 5 5 5 15 5 17 5 1 7 5 7 7 7 9 7 11 7 13 7 15 7 19 7 1 9 3 9 7 9 13 9 17 9 19 9 7 11 13 11 19 11 7 13 9 13 11 13 13 13 5 15 7 15 13 15 3 17 5 17 9 17 11 17 15 17 7 19 9 19 11 19 13 19
< RES 1637099224 36 3
< MOVE D D
> REQ 1637099224 37 3
> VAMPIRE 1 7 3 3 0 2 0
> VAMPIRE 3 17 11 3 0 2 0
> VAMPIRE 2 13 5 3 1 2 0
> VAMPIRE 4 3 11 3 0 2 0
> GRENADE 1 1 5 1 2
> GRENADE 4 5 9 2 2
> GRENADE 3 15 9 4 2
> BAT1 9 1 3 5 5 5 15 5 17 5 1 7 5 7 7 7 9 7 11 7 13 7 15 7 19 7 1 9 3 9 7 9 13 9 17 9 19 9 7 11 13 11 19 11 7 13 9 13 11 13 13 13 5 15 7 15 13 15 3 17 5 17 9 17 11 17 15 17 7 19 9 19 11 19 13 19
< RES 1637099224 37 3
> REQ 1637099224 38 3
> VAMPIRE 1 7 5 3 1 2 0
> VAMPIRE 3 17 11 3 0 2 0
> VAMPIRE 2 11 5 3 0 2 0
> VAMPIRE 4 1 11 3 0 2 0
> GRENADE 4 5 9 1 2
> GRENADE 3 15 9 3 2
> GRENADE 2 13 5 5 2
> BAT1 9 1 5 5 15 5 17 5 5 7 7 7 9 7 11 7 13 7 15 7 19 7 1 9 3 9 7 9 13 9 17 9 19 9 7 11 13 11 19 11 7 13 9 13 11 13 13 13 5 15 7 15 13 15 3 17 5 17 9 17 11 17 15 17 7 19 9 19 11 19 13 19
< RES 1637099224 38 3
< MOVE R R
> REQ 1637099224 39 3
> VAMPIRE 1 9 5 3 0 2 0
> VAMPIRE 3 17 13 3 0 2 0
> VAMPIRE 2 9 5 3 0 2 0
> VAMPIRE 4 1 10 3 1 2 0
> GRENADE 3 15 9 2 2
> GRENADE 2 13 5 4 2
> GRENADE 1 7 5 5 2
> BAT1 9 1 5 5 15 5 17 5 7 7 9 7 11 7 13 7 15 7 19 7 1 9 13 9 17 9 19 9 7 11 13 11 19 11 7 13 9 13 11 13 13 13 5 15 7 15 13 15 3 17 5 17 9 17 11 17 15 17 7 19 9 19 11 19 13 19
< RES 1637099224 39 3
< MOVE U U
> REQ 1637099224 40 3
> VAMPIRE 1 9 3 3 0 2 0
> VAMPIRE 3 15 13 3 0 2 0
> VAMPIRE 2 9 3 3 0 2 0
> VAMPIRE 4 2 11 3 0 2 0
> GRENADE 3 15 9 1 2
> GRENADE 2 13 5 3 2
> GRENADE 1 7 5 4 2
> GRENADE 4 1 10 5 2
> BAT1 9 1 5 5 15 5 17 5 7 7 9 7 11 7 13 7 15 7 19 7 1 9 13 9 17 9 19 9 7 11 13 11 19 11 7 13 9 13 11 13 13 13 5 15 7 15 13 15 3 17 5 17 9 17 11 17 15 17 7 19 9 19 11 19 13 19
< RES 1637099224 40 3
< MOVE R R
> REQ 1637099224 41 3
> VAMPIRE 1 9 3 3 0 2 0
> VAMPIRE 3 15 15 3 1 2 0
> VAMPIRE 2 8 3 3 0 2 0
> VAMPIRE 4 3 11 3 0 2 0
> GRENADE 2 13 5 2 2
> GRENADE 1 7 5 3 2
> GRENADE 4 1 10 4 2
> BAT1 9 1 5 5 15 5 17 5 7 7 9 7 11 7 13 7 19 7 1 9 19 9 7 11 13 11 19 11 7 13 9 13 11 13 13 13 5 15 7 15 13 15 3 17 5 17 9 17 11 17 15 17 7 19 9 19 11 19 13 19
< RES 1637099224 41 3
< GRENADE
< MOVE L L
> REQ 1637099224 42 3
> VAMPIRE 1 8 3 3 0 2 0
> VAMPIRE 3 15 13 3 0 2 0
> VAMPIRE 2 7 2 3 0 2 0
> VAMPIRE 4 5 11 3 0 2 0
> GRENADE 2 13 5 1 2
> GRENADE 1 7 5 2 2
> GRENADE 4 1 10 3 2
> GRENADE 3 15 15 5 2
> BAT1 9 1 5 5 15 5 17 5 7 7 9 7 11 7 13 7 19 7 1 9 19 9 7 11 13 11 19 11 7 13 9 13 11 13 13 13 5 15 7 15 13 15 3 17 5 17 9 17 11 17 15 17 7 19 9 19 11 19 13 19
< RES 1637099224 42 3
< MOVE L L
> REQ 1637099224 43 3
> VAMPIRE 1 9 3 3 0 2 0
> VAMPIRE 3 15 11 3 0 2 0
> VAMPIRE 2 7 1 3 1 2 0
> VAMPIRE 4 5 13 3 0 2 0
> GRENADE 1 7 5 1 2
> GRENADE 4 1 10 2 2
> GRENADE 3 15 15 4 2
> BAT1 9 1 5 5 17 5 7 7 9 7 11 7 19 7 1 9 19 9 7 11 13 11 19 11 7 13 9 13 11 13 13 13 5 15 7 15 13 15 3 17 5 17 9 17 11 17 15 17 7 19 9 19 11 19 13 19
< RES 1637099224 43 3
> REQ 1637099224 44 3
> VAMPIRE 1 7 3 3 1 2 0
> VAMPIRE 3 15 11 3 0 2 0
> VAMPIRE 2 7 3 3 0 2 0
> VAMPIRE 4 5 13 3 0 2 0
> GRENADE 4 1 10 1 2
> GRENADE 3 15 15 3 2
> GRENADE 2 7 1 5 2
> BAT1 9 1 17 5 9 7 11 7 19 7 1 9 19 9 7 11 13 11 19 11 7 13 9 13 11 13 13 13 5 15 7 15 13 15 3 17 5 17 9 17 11 17 15 17 7 19 9 19 11 19 13 19
< RES 1637099224 44 3
< MOVE D D
> REQ 1637099224 45 3
> VAMPIRE 1 9 3 3 0 2 0
> VAMPIRE 3 17 11 3 0 2 0
> VAMPIRE 2 9 3 3 0 2 0
> VAMPIRE 4 5 13 3 1 2 0
> GRENADE 3 15 15 2 2
> GRENADE 2 7 1 4 2
> GRENADE 1 7 3 5 2
> BAT1 9 1 17 5 9 7 11 7 19 7 19 9 7 11 13 11 19 11 7 13 9 13 11 13 13 13 5 15 7 15 13 15 3 17 5 17 9 17 11 17 15 17 7 19 9 19 11 19 13 19
< RES 1637099224 45 3
< MOVE L L
> REQ 1637099224 46 3
> VAMPIRE 1 9 5 3 0 2 0
> VAMPIRE 3 17 9 3 0 2 0
> VAMPIRE 2 9 5 3 0 2 0
> VAMPIRE 4 5 11 3 0 2 0
> GRENADE 3 15 15 1 2
> GRENADE 2 7 1 3 2
> GRENADE 1 7 3 4 2
> GRENADE 4 5 13 5 2
> BAT1 9 1 17 5 9 7 11 7 19 7 19 9 7 11 13 11 19 11 7 13 9 13 11 13 13 13 5 15 7 15 13 15 3 17 5 17 9 17 11 17 15 17 7 19 9 19 11 19 13 19
< RES 1637099224 46 3
< MOVE L L
> REQ 1637099224 47 3
> VAMPIRE 1 11 5 3 0 2 0
> VAMPIRE 3 17 7 3 1 2 0
> VAMPIRE 2 11 5 3 0 2 0
> VAMPIRE 4 5 9 3 0 2 0
> GRENADE 2 7 1 2 2
> GRENADE 1 7 3 3 2
> GRENADE 4 5 13 4 2
> BAT1 9 1 17 5 9 7 11 7 19 7 19 9 7 11 13 11 19 11 7 13 9 13 11 13 13 13 5 15 7 15 3 17 5 17 9 17 11 17 7 19 9 19 11 19 13 19
< RES 1637099224 47 3
< GRENADE
< MOVE R R
> REQ 1637099224 48 3
> VAMPIRE 1 11 5 3 0 2 0
> VAMPIRE 3 17 9 3 0 2 0
> VAMPIRE 2 11 5 3 0 2 0
> VAMPIRE 4 7 9 3 0 2 0
> GRENADE 2 7 1 1 2
> GRENADE 1 7 3 2 2
> GRENADE 4 5 13 3 2
> GRENADE 3 17 7 5 2
> BAT1 9 1 17 5 9 7 11 7 19 7 19 9 7 11 13 11 19 11 7 13 9 13 11 13 13 13 5 15 7 15 3 17 5 17 9 17 11 17 7 19 9 19 11 19 13 19
< RES 1637099224 48 3
< MOVE R R
> REQ 1637099224 49 3
> VAMPIRE 1 11 6 3 1 2 0
> VAMPIRE 3 17 11 3 0 2 0
> VAMPIRE 2 11 6 3 1 2 0
> VAMPIRE 4 7 9 3 0 2 0
> GRENADE 4 5 13 2 2
> GRENADE 3 17 7 4 2
> BAT1 17 5 9 7 11 7 19 7 19 9 7 11 13 11 19 11 7 13 9 13 11 13 13 13 5 15 7 15 3 17 5 17 9 17 11 17 7 19 9 19 11 19 13 19
< RES 1637099224 49 3
> REQ 1637099224 50 3
> VAMPIRE 1 10 5 3 0 2 0
> VAMPIRE 3 17 11 3 0 2 0
> VAMPIRE 2 10 5 3 0 2 0
> VAMPIRE 4 9 9 3 0 2 0
> GRENADE 4 5 13 1 2
> GRENADE 3 17 7 3 2
> GRENADE 1 11 6 5 2
> GRENADE 2 11 6 5 2
> BAT1 17 5 9 7 11 7 19 7 19 9 7 11 13 11 19 11 7 13 9 13 11 13 13 13 5 15 7 15 3 17 5 17 9 17 11 17 7 19 9 19 11 19 13 19
< RES 1637099224 50 3
> REQ 1637099224 51 3
> VAMPIRE 1 9 5 3 0 2 0
> VAMPIRE 3 17 11 3 0 2 0
> VAMPIRE 2 9 5 3 0 2 0
> VAMPIRE 4 9 11 3 1 2 0
> GRENADE 3 17 7 2 2
> GRENADE 1 11 6 4 2
> GRENADE 2 11 6 4 2
> BAT1 17 5 9 7 11 7 19 7 19 9 7 11 13 11 19 11 9 13 11 13 13 13 7 15 3 17 5 17 9 17 11 17 7 19 9 19 11 19 13 19
< RES 1637099224 51 3
> REQ 1637099224 52 3
> VAMPIRE 1 9 5 3 0 2 0
> VAMPIRE 3 17 11 3 0 2 0
> VAMPIRE 2 9 5 3 0 2 0
> VAMPIRE 4 11 11 3 0 2 0
> GRENADE 3 17 7 1 2
> GRENADE 1 11 6 3 2
> GRENADE 2 11 6 3 2
> GRENADE 4 9 11 5 2
> BAT1 17 5 9 7 11 7 19 7 19 9 7 11 13 11 19 11 9 13 11 13 13 13 7 15 3 17 5 17 9 17 11 17 7 19 9 19 11 19 13 19
< RES 1637099224 52 3
< MOVE D
> REQ 1637099224 53 3
> VAMPIRE 1 9 5 3 0 2 0
> VAMPIRE 3 18 11 3 1 2 0
> VAMPIRE 2 9 5 3 0 2 0
> VAMPIRE 4 11 9 3 0 2 0
> GRENADE 1 11 6 2 2
> GRENADE 2 11 6 2 2
> GRENADE 4 9 11 4 2
> BAT1 9 7 11 7 19 9 7 11 13 11 19 11 9 13 11 13 13 13 7 15 3 17 5 17 9 17 11 17 7 19 9 19 11 19 13 19
< RES 1637099224 53 3
< GRENADE
< MOVE U L
> REQ 1637099224 54 3
> VAMPIRE 1 9 5 3 0 2 0
> VAMPIRE 3 17 10 3 0 2 0
> VAMPIRE 2 9 5 3 0 2 0
> VAMPIRE 4 13 9 3 0 2 0
> GRENADE 1 11 6 1 2
> GRENADE 2 11 6 1 2
> GRENADE 4 9 11 3 2
> GRENADE 3 18 11 5 2
> BAT1 9 7 11 7 19 9 7 11 13 11 19 11 9 13 11 13 13 13 7 15 3 17 5 17 9 17 11 17 7 19 9 19 11 19 13 19
< RES 1637099224 54 3
< MOVE L
> REQ 1637099224 55 3
> VAMPIRE 1 9 5 3 1 2 0
> VAMPIRE 3 17 9 3 0 2 0
> VAMPIRE 2 9 5 3 1 2 0
> VAMPIRE 4 13 9 3 0 2 0
> GRENADE 4 9 11 2 2
> GRENADE 3 18 11 4 2
> BAT1 9 7 19 9 7 11 13 11 19 11 9 13 11 13 13 13 7 15 3 17 5 17 9 17 11 17 7 19 9 19 11 19 13 19
< RES 1637099224 55 3
< MOVE U U
> REQ 1637099224 56 3
> VAMPIRE 1 7 5 3 0 2 0
> VAMPIRE 3 15 9 3 0 2 0
> VAMPIRE 2 7 5 3 0 2 0
> VAMPIRE 4 11 9 3 0 2 0
> GRENADE 4 9 11 1 2
> GRENADE 3 18 11 3 2
> GRENADE 1 9 5 5 2
> GRENADE 2 9 5 5 2
> BAT1 9 7 19 9 7 11 13 11 19 11 9 13 11 13 13 13 7 15 3 17 5 17 9 17 11 17 7 19 9 19 11 19 13 19
< RES 1637099224 56 3
< MOVE U U
> REQ 1637099224 57 3
> VAMPIRE 1 7 7 3 0 2 0
> VAMPIRE 3 13 9 3 0 2 0
> VAMPIRE 2 7 7 3 0 2 0
> VAMPIRE 4 11 11 3 1 2 0
> GRENADE 3 18 11 2 2
> GRENADE 1 9 5 4 2
> GRENADE 2 9 5 4 2
> BAT1 9 7 19 9 13 11 19 11 11 13 13 13 7 15 3 17 5 17 9 17 11 17 7 19 9 19 11 19 13 19
< RES 1637099224 57 3
< MOVE U U
> REQ 1637099224 58 3
> VAMPIRE 1 7 9 3 0 2 0
> VAMPIRE 3 11 9 3 0 2 0
> VAMPIRE 2 7 9 3 0 2 0
> VAMPIRE 4 9 11 3 0 2 0
> GRENADE 3 18 11 1 2
> GRENADE 1 9 5 3 2
> GRENADE 2 9 5 3 2
> GRENADE 4 11 11 5 2
> BAT1 9 7 19 9 13 11 19 11 11 13 13 13 7 15 3 17 5 17 9 17 11 17 7 19 9 19 11 19 13 19
< RES 1637099224 58 3
> REQ 1637099224 59 3
> VAMPIRE 1 9 9 3 0 2 0
> VAMPIRE 3 11 9 3 1 2 0
> VAMPIRE 2 9 9 3 0 2 0
> VAMPIRE 4 9 13 3 0 2 0
> GRENADE 1 9 5 2 2
> GRENADE 2 9 5 2 2
> GRENADE 4 11 11 4 2
> BAT1 9 7 19 9 13 11 11 13 13 13 7 15 3 17 5 17 9 17 11 17 7 19 9 19 11 19 13 19
< RES 1637099224 59 3
< GRENADE
< MOVE D D
> REQ 1637099224 60 3
> VAMPIRE 1 9 10 3 0 2 0
> VAMPIRE 3 13 9 3 0 2 0
> VAMPIRE 2 9 10 3 0 2 0
> VAMPIRE 4 9 13 3 0 2 0
> GRENADE 1 9 5 1 2
> GRENADE 2 9 5 1 2
> GRENADE 4 11 11 3 2
> GRENADE 3 11 9 5 2
> BAT1 9 7 19 9 13 11 11 13 13 13 7 15 3 17 5 17 9 17 11 17 7 19 9 19 11 19 13 19
< RES 1637099224 60 3
< MOVE D D
> REQ 1637099224 61 3
> VAMPIRE 1 10 11 3 1 2 0
> VAMPIRE 3 15 9 3 0 2 0
> VAMPIRE 2 10 11 3 1 2 0
> VAMPIRE 4 9 13 3 0 2 0
> GRENADE 4 11 11 2 2
> GRENADE 3 11 9 4 2
> BAT1 19 9 13 11 11 13 13 13 7 15 3 17 5 17 9 17 11 17 7 19 9 19 11 19 13 19
< RES 1637099224 61 3
< MOVE D D
> REQ 1637099224 62 3
> VAMPIRE 1 9 12 3 0 2 0
> VAMPIRE 3 17 9 3 0 2 0
> VAMPIRE 2 9 12 3 0 2 0
> VAMPIRE 4 9 13 3 0 2 0
> GRENADE 4 11 11 1 2
> GRENADE 3 11 9 3 2
> GRENADE 1 10 11 5 2
> GRENADE 2 10 11 5 2
> BAT1 19 9 13 11 11 13 13 13 7 15 3 17 5 17 9 17 11 17 7 19 9 19 11 19 13 19
< RES 1637099224 62 3
< MOVE L L
> REQ 1637099224 63 3
> VAMPIRE 1 9 13 3 1 2 0
> VAMPIRE 3 17 7 3 1 2 0
> VAMPIRE 2 9 13 3 1 2 0
> VAMPIRE 4 9 15 3 1 2 0
> BAT1 19 9 13 13 7 15 3 17 5 17 9 17 11 17 7 19 9 19 11 19 13 19
< RES 1637099224 63 3
< MOVE D D
> REQ 1637099224 64 3
> VAMPIRE 1 9 14 3 1 2 0
> VAMPIRE 3 19 7 3 1 2 0
> VAMPIRE 2 9 14 3 1 2 0
> VAMPIRE 4 11 15 3 0 2 0
> GRENADE 4 9 15 5 2
> BAT1 19 9 13 13 7 15 3 17 5 17 9 17 11 17 7 19 9 19 11 19 13 19
< RES 1637099224 64 3
< GRENADE
< MOVE U U
> REQ 1637099224 65 3
> VAMPIRE 1 8 13 3 0 2 0
> VAMPIRE 3 17 7 3 0 2 0
> VAMPIRE 2 8 13 3 0 2 0
> VAMPIRE 4 13 15 3 0 2 0
> GRENADE 4 9 15 4 2
> GRENADE 1 9 14 5 2
> GRENADE 3 19 7 5 2
> GRENADE 2 9 14 5 2
> BAT1 19 9 13 13 7 15 3 17 5 17 9 17 11 17 7 19 9 19 11 19 13 19
< RES 1637099224 65 3
< MOVE R R
> REQ 1637099224 66 3
> VAMPIRE 1 7 13 3 0 2 0
> VAMPIRE 3 17 9 3 0 2 0
> VAMPIRE 2 7 13 3 0 2 0
> VAMPIRE 4 13 17 3 0 2 0
> GRENADE 4 9 15 3 2
> GRENADE 1 9 14 4 2
> GRENADE 3 19 7 4 2
> GRENADE 2 9 14 4 2
> BAT1 19 9 13 13 7 15 3 17 5 17 9 17 11 17 7 19 9 19 11 19 13 19
< RES 1637099224 66 3
> REQ 1637099224 67 3
> VAMPIRE 1 5 13 3 0 2 0
> VAMPIRE 3 17 9 3 0 2 0
> VAMPIRE 2 5 13 3 0 2 0
> VAMPIRE 4 13 17 3 0 2 0
> GRENADE 4 9 15 2 2
> GRENADE 1 9 14 3 2
> GRENADE 3 19 7 3 2
> GRENADE 2 9 14 3 2
> BAT1 19 9 13 13 7 15 3 17 5 17 9 17 11 17 7 19 9 19 11 19 13 19
< RES 1637099224 67 3
< MOVE U U
> REQ 1637099224 68 3
> VAMPIRE 1 5 15 3 0 2 0
> VAMPIRE 3 15 9 3 0 2 0
> VAMPIRE 2 5 15 3 0 2 0
> VAMPIRE 4 13 17 3 0 2 0
> GRENADE 4 9 15 1 2
> GRENADE 1 9 14 2 2
> GRENADE 3 19 7 2 2
> GRENADE 2 9 14 2 2
> BAT1 19 9 13 13 7 15 3 17 5 17 9 17 11 17 7 19 9 19 11 19 13 19
< RES 1637099224 68 3
< MOVE U U
> REQ 1637099224 69 3
> VAMPIRE 1 3 15 3 1 2 0
> VAMPIRE 3 13 9 3 0 2 0
> VAMPIRE 2 3 15 3 1 2 0
> VAMPIRE 4 13 17 3 1 2 0
> GRENADE 3 19 7 1 2
> BAT1 19 9 13 13 3 17 5 17 11 17 7 19 9 19 11 19 13 19
< RES 1637099224 69 3
< MOVE R R
> REQ 1637099224 70 3
> VAMPIRE 1 5 15 3 0 2 0
> VAMPIRE 3 13 11 3 1 2 0
> VAMPIRE 2 5 15 3 0 2 0
> VAMPIRE 4 13 15 3 0 2 0
> GRENADE 1 3 15 5 2
> GRENADE 2 3 15 5 2
> GRENADE 4 13 17 5 2
> BAT1 13 13 3 17 5 17 11 17 7 19 9 19 11 19 13 19
< RES 1637099224 70 3
< GRENADE
< MOVE U U
> REQ 1637099224 71 3
> VAMPIRE 1 7 15 3 0 2 0
> VAMPIRE 3 11 11 3 0 2 0
> VAMPIRE 2 7 15 3 0 2 0
> VAMPIRE 4 11 15 3 0 2 0
> GRENADE 1 3 15 4 2
> GRENADE 2 3 15 4 2
> GRENADE 4 13 17 4 2
> GRENADE 3 13 11 5 2
> BAT1 13 13 3 17 5 17 11 17 7 19 9 19 11 19 13 19
< RES 1637099224 71 3
< MOVE R R
> REQ 1637099224 72 3
> VAMPIRE 1 7 17 3 0 2 0
> VAMPIRE 3 11 13 3 0 2 0
> VAMPIRE 2 7 17 3 0 2 0
> VAMPIRE 4 11 15 3 0 2 0
> GRENADE 1 3 15 3 2
> GRENADE 2 3 15 3 2
> GRENADE 4 13 17 3 2
> GRENADE 3 13 11 4 2
> BAT1 13 13 3 17 5 17 11 17 7 19 9 19 11 19 13 19
< RES 1637099224 72 3
< MOVE R R
> REQ 1637099224 73 3
> VAMPIRE 1 7 17 3 0 2 0
> VAMPIRE 3 11 15 3 0 2 0
> VAMPIRE 2 7 17 3 0 2 0
> VAMPIRE 4 9 15 3 0 2 0
> GRENADE 1 3 15 2 2
> GRENADE 2 3 15 2 2
> GRENADE 4 13 17 2 2
> GRENADE 3 13 11 3 2
> BAT1 13 13 3 17 5 17 11 17 7 19 9 19 11 19 13 19
< RES 1637099224 73 3
< MOVE U U
> REQ 1637099224 74 3
> VAMPIRE 1 7 17 3 0 2 0
> VAMPIRE 3 9 15 3 0 2 0
> VAMPIRE 2 7 17 3 0 2 0
> VAMPIRE 4 7 15 3 0 2 0
> GRENADE 1 3 15 1 2
> GRENADE 2 3 15 1 2
> GRENADE 4 13 17 1 2
> GRENADE 3 13 11 2 2
> BAT1 13 13 3 17 5 17 11 17 7 19 9 19 11 19 13 19
< RES 1637099224 74 3
< MOVE U U
> REQ 1637099224 75 3
> VAMPIRE 1 7 17 3 1 2 0
> VAMPIRE 3 7 15 3 0 2 0
> VAMPIRE 2 7 17 3 1 2 0
> VAMPIRE 4 7 17 3 1 2 0
> GRENADE 3 13 11 1 2
> BAT1 13 13 5 17 7 19 9 19 11 19
< RES 1637099224 75 3
> REQ 1637099224 76 3
> VAMPIRE 1 9 17 3 0 2 0
> VAMPIRE 3 7 15 3 1 2 0
> VAMPIRE 2 9 17 3 0 2 0
> VAMPIRE 4 9 17 3 0 2 0
> GRENADE 1 7 17 5 2
> GRENADE 2 7 17 5 2
> GRENADE 4 7 17 5 2
> BAT1 5 17 7 19 9 19 11 19
< RES 1637099224 76 3
< GRENADE
< MOVE U U
> REQ 1637099224 77 3
> VAMPIRE 1 11 17 3 0 2 0
> VAMPIRE 3 5 15 3 0 2 0
> VAMPIRE 2 11 17 3 0 2 0
> VAMPIRE 4 11 17 3 0 2 0
> GRENADE 1 7 17 4 2
> GRENADE 2 7 17 4 2
> GRENADE 4 7 17 4 2
> GRENADE 3 7 15 5 2
> BAT1 5 17 7 19 9 19 11 19
< RES 1637099224 77 3
< MOVE U U
> REQ 1637099224 78 3
> VAMPIRE 1 11 17 3 0 2 0
> VAMPIRE 3 3 15 3 0 2 0
> VAMPIRE 2 11 17 3 0 2 0
> VAMPIRE 4 11 17 3 0 2 0
> GRENADE 1 7 17 3 2
> GRENADE 2 7 17 3 2
> GRENADE 4 7 17 3 2
> GRENADE 3 7 15 4 2
> BAT1 5 17 7 19 9 19 11 19
< RES 1637099224 78 3
< MOVE R R
> REQ 1637099224 79 3
> VAMPIRE 1 13 17 3 0 2 0
> VAMPIRE 3 3 17 3 0 2 0
> VAMPIRE 2 13 17 3 0 2 0
> VAMPIRE 4 13 17 3 0 2 0
> GRENADE 1 7 17 2 2
> GRENADE 2 7 17 2 2
> GRENADE 4 7 17 2 2
> GRENADE 3 7 15 3 2
> BAT1 5 17 7 19 9 19 11 19
< RES 1637099224 79 3
< MOVE R R
> REQ 1637099224 80 3
> VAMPIRE 1 13 19 3 0 2 0
> VAMPIRE 3 3 19 3 0 2 0
> VAMPIRE 2 13 19 3 0 2 0
> VAMPIRE 4 13 19 3 0 2 0
> GRENADE 1 7 17 1 2
> GRENADE 2 7 17 1 2
> GRENADE 4 7 17 1 2
> GRENADE 3 7 15 2 2
> BAT1 5 17 7 19 9 19 11 19
< RES 1637099224 80 3
< MOVE D D
> REQ 1637099224 81 3
> VAMPIRE 1 12 19 3 1 2 0
> VAMPIRE 3 5 19 3 1 2 0
> VAMPIRE 2 12 19 3 1 2 0
> VAMPIRE 4 12 19 3 1 2 0
> BAT1 9 19 11 19
< RES 1637099224 81 3
< MOVE D D
> REQ 1637099224 82 3
> VAMPIRE 1 13 18 3 0 2 0
> VAMPIRE 3 7 19 3 1 2 0
> VAMPIRE 2 13 18 3 0 2 0
> VAMPIRE 4 13 18 3 0 2 0
> GRENADE 1 12 19 5 2
> GRENADE 2 12 19 5 2
> GRENADE 4 12 19 5 2
> BAT1 9 19 11 19
< RES 1637099224 82 3
< GRENADE
< MOVE L L
> REQ 1637099224 83 3
> VAMPIRE 1 13 17 3 0 2 0
> VAMPIRE 3 7 17 3 0 2 0
> VAMPIRE 2 13 17 3 0 2 0
> VAMPIRE 4 13 17 3 0 2 0
> GRENADE 1 12 19 4 2
> GRENADE 2 12 19 4 2
> GRENADE 4 12 19 4 2
> GRENADE 3 7 19 5 2
> BAT1 9 19 11 19
< RES 1637099224 83 3
< MOVE D D
> REQ 1637099224 84 3
> VAMPIRE 1 11 17 3 0 2 0
> VAMPIRE 3 9 17 3 0 2 0
> VAMPIRE 2 11 17 3 0 2 0
> VAMPIRE 4 11 17 3 0 2 0
> GRENADE 1 12 19 3 2
> GRENADE 2 12 19 3 2
> GRENADE 4 12 19 3 2
> GRENADE 3 7 19 4 2
> BAT1 9 19 11 19
< RES 1637099224 84 3
> REQ 1637099224 85 3
> VAMPIRE 1 11 17 3 0 2 0
> VAMPIRE 3 9 17 3 0 2 0
> VAMPIRE 2 11 17 3 0 2 0
> VAMPIRE 4 11 17 3 0 2 0
> GRENADE 1 12 19 2 2
> GRENADE 2 12 19 2 2
> GRENADE 4 12 19 2 2
> GRENADE 3 7 19 3 2
> BAT1 9 19 11 19
< RES 1637099224 85 3
> REQ 1637099224 86 3
> VAMPIRE 1 11 17 3 0 2 0
> VAMPIRE 3 9 17 3 0 2 0
> VAMPIRE 2 11 17 3 0 2 0
> VAMPIRE 4 11 17 3 0 2 0
> GRENADE 1 12 19 1 2
> GRENADE 2 12 19 1 2
> GRENADE 4 12 19 1 2
> GRENADE 3 7 19 2 2
> BAT1 9 19 11 19
< RES 1637099224 86 3
> REQ 1637099224 87 3
> VAMPIRE 1 9 17 3 1 2 0
> VAMPIRE 3 9 17 3 0 2 0
> VAMPIRE 2 9 17 3 1 2 0
> VAMPIRE 4 9 17 3 1 2 0
> GRENADE 3 7 19 1 2
> BAT1 9 19
< RES 1637099224 87 3
> REQ 1637099224 88 3
> VAMPIRE 1 9 17 3 1 2 0
> VAMPIRE 3 9 17 3 1 2 0
> VAMPIRE 2 9 17 3 1 2 0
> VAMPIRE 4 9 17 3 1 2 0
< RES 1637099224 88 3
> REQ 1637099224 89 3
> VAMPIRE 1 9 17 3 1 2 0
> VAMPIRE 3 9 17 3 1 2 0
> VAMPIRE 2 9 17 3 1 2 0
> VAMPIRE 4 9 17 3 1 2 0
< RES 1637099224 89 3
> REQ 1637099224 90 3
> VAMPIRE 1 9 17 3 1 2 0
> VAMPIRE 3 9 17 3 1 2 0
> VAMPIRE 2 9 17 3 1 2 0
> VAMPIRE 4 9 17 3 1 2 0
< RES 1637099224 90 3
> REQ 1637099224 91 3
> VAMPIRE 1 9 17 3 1 2 0
> VAMPIRE 3 9 17 3 1 2 0
> VAMPIRE 2 9 17 3 1 2 0
> VAMPIRE 4 9 17 3 1 2 0
< RES 1637099224 91 3
> REQ 1637099224 92 3
> VAMPIRE 1 9 17 3 1 2 0
> VAMPIRE 3 9 17 3 1 2 0
> VAMPIRE 2 9 17 3 1 2 0
> VAMPIRE 4 9 17 3 1 2 0
< RES 1637099224 92 3
> REQ 1637099224 93 3
> VAMPIRE 1 9 17 3 1 2 0
> VAMPIRE 3 9 17 3 1 2 0
> VAMPIRE 2 9 17 3 1 2 0
> VAMPIRE 4 9 17 3 1 2 0
< RES 1637099224 93 3
> REQ 1637099224 94 3
> VAMPIRE 1 9 17 3 1 2 0
> VAMPIRE 3 9 17 3 1 2 0
> VAMPIRE 2 9 17 3 1 2 0
> VAMPIRE 4 9 17 3 1 2 0
< RES 1637099224 94 3
> REQ 1637099224 95 3
> VAMPIRE 1 9 17 3 1 2 0
> VAMPIRE 3 9 17 3 1 2 0
> VAMPIRE 2 9 17 3 1 2 0
> VAMPIRE 4 9 17 3 1 2 0
< RES 1637099224 95 3
> REQ 1637099224 96 3
> VAMPIRE 1 9 17 3 1 2 0
> VAMPIRE 3 9 17 3 1 2 0
> VAMPIRE 2 9 17 3 1 2 0
> VAMPIRE 4 9 17 3 1 2 0
< RES 1637099224 96 3
> REQ 1637099224 97 3
> VAMPIRE 1 9 17 3 1 2 0
> VAMPIRE 3 9 17 3 1 2 0
> VAMPIRE 2 9 17 3 1 2 0
> VAMPIRE 4 9 17 3 1 2 0
< RES 1637099224 97 3
> REQ 1637099224 98 3
> VAMPIRE 1 9 17 3 1 2 0
> VAMPIRE 3 9 17 3 1 2 0
> VAMPIRE 2 9 17 3 1 2 0
> VAMPIRE 4 9 17 3 1 2 0
< RES 1637099224 98 3
> REQ 1637099224 99 3
> VAMPIRE 1 9 17 3 1 2 0
> VAMPIRE 3 9 17 3 1 2 0
> VAMPIRE 2 9 17 3 1 2 0
> VAMPIRE 4 9 17 3 1 2 0
< RES 1637099224 99 3
> REQ 1637099224 100 3
> VAMPIRE 1 9 17 3 1 2 0
> VAMPIRE 3 9 17 3 1 2 0
> VAMPIRE 2 9 17 3 1 2 0
> VAMPIRE 4 9 17 3 1 2 0
< RES 1637099224 100 3
> REQ 1637099224 101 3
> VAMPIRE 1 9 17 3 1 2 0
> VAMPIRE 3 9 17 3 1 2 0
> VAMPIRE 2 9 17 3 1 2 0
> VAMPIRE 4 9 17 3 1 2 0
< RES 1637099224 101 3
> REQ 1637099224 102 3
> VAMPIRE 1 9 17 3 1 2 0
> VAMPIRE 3 9 17 3 1 2 0
> VAMPIRE 2 9 17 3 1 2 0
> VAMPIRE 4 9 17 3 1 2 0
< RES 1637099224 102 3
> REQ 1637099224 103 3
> VAMPIRE 1 9 17 3 1 2 0
> VAMPIRE 3 9 17 3 1 2 0
> VAMPIRE 2 9 17 3 1 2 0
> VAMPIRE 4 9 17 3 1 2 0
< RES 1637099224 103 3
> REQ 1637099224 104 3
> VAMPIRE 1 9 17 3 1 2 0
> VAMPIRE 3 9 17 3 1 2 0
> VAMPIRE 2 9 17 3 1 2 0
> VAMPIRE 4 9 17 3 1 2 0
< RES 1637099224 104 3
> REQ 1637099224 105 3
> VAMPIRE 1 9 17 3 1 2 0
> VAMPIRE 3 9 17 3 1 2 0
> VAMPIRE 2 9 17 3 1 2 0
> VAMPIRE 4 9 17 3 1 2 0
< RES 1637099224 105 3
> REQ 1637099224 106 3
> VAMPIRE 1 9 17 3 1 2 0
> VAMPIRE 3 9 17 3 1 2 0
> VAMPIRE 2 9 17 3 1 2 0
> VAMPIRE 4 9 17 3 1 2 0
< RES 1637099224 106 3
> REQ 1637099224 107 3
> VAMPIRE 1 9 17 3 1 2 0
> VAMPIRE 3 9 17 3 1 2 0
> VAMPIRE 2 9 17 3 1 2 0
> VAMPIRE 4 9 17 3 1 2 0
< RES 1637099224 107 3
> REQ 1637099224 108 3
> VAMPIRE 1 9 17 3 1 2 0
> VAMPIRE 3 9 17 3 1 2 0
> VAMPIRE 2 9 17 3 1 2 0
> VAMPIRE 4 9 17 3 1 2 0
< RES 1637099224 108 3
> REQ 1637099224 109 3
> VAMPIRE 1 9 17 3 1 2 0
> VAMPIRE 3 9 17 3 1 2 0
> VAMPIRE 2 9 17 3 1 2 0
> VAMPIRE 4 9 17 3 1 2 0
< RES 1637099224 109 3
> REQ 1637099224 110 3
> VAMPIRE 1 9 17 3 1 2 0
> VAMPIRE 3 9 17 3 1 2 0
> VAMPIRE 2 9 17 3 1 2 0
> VAMPIRE 4 9 17 3 1 2 0
< RES 1637099224 110 3
> REQ 1637099224 111 3
> VAMPIRE 1 9 17 3 1 2 0
> VAMPIRE 3 9 17 3 1 2 0
> VAMPIRE 2 9 17 3 1 2 0
> VAMPIRE 4 9 17 3 1 2 0
< RES 1637099224 111 3
> REQ 1637099224 112 3
> VAMPIRE 1 9 17 3 1 2 0
> VAMPIRE 3 9 17 3 1 2 0
> VAMPIRE 2 9 17 3 1 2 0
> VAMPIRE 4 9 17 3 1 2 0
< RES 1637099224 112 3
> REQ 1637099224 113 3
> VAMPIRE 1 9 17 3 1 2 0
> VAMPIRE 3 9 17 3 1 2 0
> VAMPIRE 2 9 17 3 1 2 0
> VAMPIRE 4 9 17 3 1 2 0
< RES 1637099224 113 3
> REQ 1637099224 114 3
> VAMPIRE 1 9 17 3 1 2 0
> VAMPIRE 3 9 17 3 1 2 0
> VAMPIRE 2 9 17 3 1 2 0
> VAMPIRE 4 9 17 3 1 2 0
< RES 1637099224 114 3
> REQ 1637099224 115 3
> VAMPIRE 1 9 17 3 1 2 0
> VAMPIRE 3 9 17 3 1 2 0
> VAMPIRE 2 9 17 3 1 2 0
> VAMPIRE 4 9 17 3 1 2 0
< RES 1637099224 115 3
> REQ 1637099224 116 3
> VAMPIRE 1 9 17 3 1 2 0
> VAMPIRE 3 9 17 3 1 2 0
> VAMPIRE 2 9 17 3 1 2 0
> VAMPIRE 4 9 17 3 1 2 0
< RES 1637099224 116 3
> REQ 1637099224 117 3
> VAMPIRE 1 9 17 3 1 2 0
> VAMPIRE 3 9 17 3 1 2 0
> VAMPIRE 2 9 17 3 1 2 0
> VAMPIRE 4 9 17 3 1 2 0
< RES 1637099224 117 3
> REQ 1637099224 118 3
> VAMPIRE 1 9 17 3 1 2 0
> VAMPIRE 3 9 17 3 1 2 0
> VAMPIRE 2 9 17 3 1 2 0
> VAMPIRE 4 9 17 3 1 2 0
< RES 1637099224 118 3
> REQ 1637099224 119 3
> VAMPIRE 1 9 17 3 1 2 0
> VAMPIRE 3 9 17 3 1 2 0
> VAMPIRE 2 9 17 3 1 2 0
> VAMPIRE 4 9 17 3 1 2 0
< RES 1637099224 119 3
> REQ 1637099224 120 3
> VAMPIRE 1 9 17 3 1 2 0
> VAMPIRE 3 9 17 3 1 2 0
> VAMPIRE 2 9 17 3 1 2 0
> VAMPIRE 4 9 17 3 1 2 0
< RES 1637099224 120 3
> REQ 1637099224 121 3
> VAMPIRE 1 9 17 3 1 2 0
> VAMPIRE 3 9 17 3 1 2 0
> VAMPIRE 2 9 17 3 1 2 0
> VAMPIRE 4 9 17 3 1 2 0
< RES 1637099224 121 3
> REQ 1637099224 122 3
> VAMPIRE 1 9 17 3 1 2 0
> VAMPIRE 3 9 17 3 1 2 0
> VAMPIRE 2 9 17 3 1 2 0
> VAMPIRE 4 9 17 3 1 2 0
< RES 1637099224 122 3
> REQ 1637099224 123 3
> VAMPIRE 1 9 17 3 1 2 0
> VAMPIRE 3 9 17 3 1 2 0
> VAMPIRE 2 9 17 3 1 2 0
> VAMPIRE 4 9 17 3 1 2 0
< RES 1637099224 123 3
> REQ 1637099224 124 3
> VAMPIRE 1 9 17 3 1 2 0
> VAMPIRE 3 9 17 3 1 2 0
> VAMPIRE 2 9 17 3 1 2 0
> VAMPIRE 4 9 17 3 1 2 0
< RES 1637099224 124 3
> REQ 1637099224 125 3
> VAMPIRE 1 9 17 3 1 2 0
> VAMPIRE 3 9 17 3 1 2 0
> VAMPIRE 2 9 17 3 1 2 0
> VAMPIRE 4 9 17 3 1 2 0
< RES 1637099224 125 3
> REQ 1637099224 126 3
> VAMPIRE 1 9 17 3 1 2 0
> VAMPIRE 3 9 17 3 1 2 0
> VAMPIRE 2 9 17 3 1 2 0
> VAMPIRE 4 9 17 3 1 2 0
< RES 1637099224 126 3
> REQ 1637099224 127 3
> VAMPIRE 1 9 17 3 1 2 0
> VAMPIRE 3 9 17 3 1 2 0
> VAMPIRE 2 9 17 3 1 2 0
> VAMPIRE 4 9 17 3 1 2 0
< RES 1637099224 127 3
> REQ 1637099224 128 3
> VAMPIRE 1 9 17 3 1 2 0
> VAMPIRE 3 9 17 3 1 2 0
> VAMPIRE 2 9 17 3 1 2 0
> VAMPIRE 4 9 17 3 1 2 0
< RES 1637099224 128 3
> REQ 1637099224 129 3
> VAMPIRE 1 9 17 3 1 2 0
> VAMPIRE 3 9 17 3 1 2 0
> VAMPIRE 2 9 17 3 1 2 0
> VAMPIRE 4 9 17 3 1 2 0
< RES 1637099224 129 3
> REQ 1637099224 130 3
> VAMPIRE 1 9 17 3 1 2 0
> VAMPIRE 3 9 17 3 1 2 0
> VAMPIRE 2 9 17 3 1 2 0
> VAMPIRE 4 9 17 3 1 2 0
< RES 1637099224 130 3
> REQ 1637099224 131 3
> VAMPIRE 1 9 17 3 1 2 0
> VAMPIRE 3 9 17 3 1 2 0
> VAMPIRE 2 9 17 3 1 2 0
> VAMPIRE 4 9 17 3 1 2 0
< RES 1637099224 131 3
> REQ 1637099224 132 3
> VAMPIRE 1 9 17 3 1 2 0
> VAMPIRE 3 9 17 3 1 2 0
> VAMPIRE 2 9 17 3 1 2 0
> VAMPIRE 4 9 17 3 1 2 0
< RES 1637099224 132 3
> REQ 1637099224 133 3
> VAMPIRE 1 9 17 3 1 2 0
> VAMPIRE 3 9 17 3 1 2 0
> VAMPIRE 2 9 17 3 1 2 0
> VAMPIRE 4 9 17 3 1 2 0
< RES 1637099224 133 3
> REQ 1637099224 134 3
> VAMPIRE 1 9 17 3 1 2 0
> VAMPIRE 3 9 17 3 1 2 0
> VAMPIRE 2 9 17 3 1 2 0
> VAMPIRE 4 9 17 3 1 2 0
< RES 1637099224 134 3
> REQ 1637099224 135 3
> VAMPIRE 1 9 17 3 1 2 0
> VAMPIRE 3 9 17 3 1 2 0
> VAMPIRE 2 9 17 3 1 2 0
> VAMPIRE 4 9 17 3 1 2 0
< RES 1637099224 135 3
> REQ 1637099224 136 3
> VAMPIRE 1 9 17 3 1 2 0
> VAMPIRE 3 9 17 3 1 2 0
> VAMPIRE 2 9 17 3 1 2 0
> VAMPIRE 4 9 17 3 1 2 0
< RES 1637099224 136 3
> REQ 1637099224 137 3
> VAMPIRE 1 9 17 3 1 2 0
> VAMPIRE 3 9 17 3 1 2 0
> VAMPIRE 2 9 17 3 1 2 0
> VAMPIRE 4 9 17 3 1 2 0
< RES 1637099224 137 3
> REQ 1637099224 138 3
> VAMPIRE 1 9 17 3 1 2 0
> VAMPIRE 3 9 17 3 1 2 0
> VAMPIRE 2 9 17 3 1 2 0
> VAMPIRE 4 9 17 3 1 2 0
< RES 1637099224 138 3
> REQ 1637099224 139 3
> VAMPIRE 1 9 17 3 1 2 0
> VAMPIRE 3 9 17 3 1 2 0
> VAMPIRE 2 9 17 3 1 2 0
> VAMPIRE 4 9 17 3 1 2 0
< RES 1637099224 139 3
> REQ 1637099224 140 3
> VAMPIRE 1 9 17 3 1 2 0
> VAMPIRE 3 9 17 3 1 2 0
> VAMPIRE 2 9 17 3 1 2 0
> VAMPIRE 4 9 17 3 1 2 0
< RES 1637099224 140 3
> REQ 1637099224 141 3
> VAMPIRE 1 9 17 3 1 2 0
> VAMPIRE 3 9 17 3 1 2 0
> VAMPIRE 2 9 17 3 1 2 0
> VAMPIRE 4 9 17 3 1 2 0
< RES 1637099224 141 3
> REQ 1637099224 142 3
> VAMPIRE 1 9 17 3 1 2 0
> VAMPIRE 3 9 17 3 1 2 0
> VAMPIRE 2 9 17 3 1 2 0
> VAMPIRE 4 9 17 3 1 2 0
< RES 1637099224 142 3
> REQ 1637099224 143 3
> VAMPIRE 1 9 17 3 1 2 0
> VAMPIRE 3 9 17 3 1 2 0
> VAMPIRE 2 9 17 3 1 2 0
> VAMPIRE 4 9 17 3 1 2 0
< RES 1637099224 143 3
> REQ 1637099224 144 3
> VAMPIRE 1 9 17 3 1 2 0
> VAMPIRE 3 9 17 3 1 2 0
> VAMPIRE 2 9 17 3 1 2 0
> VAMPIRE 4 9 17 3 1 2 0
< RES 1637099224 144 3
> REQ 1637099224 145 3
> VAMPIRE 1 9 17 3 1 2 0
> VAMPIRE 3 9 17 3 1 2 0
> VAMPIRE 2 9 17 3 1 2 0
> VAMPIRE 4 9 17 3 1 2 0
< RES 1637099224 145 3
> REQ 1637099224 146 3
> VAMPIRE 1 9 17 3 1 2 0
> VAMPIRE 3 9 17 3 1 2 0
> VAMPIRE 2 9 17 3 1 2 0
> VAMPIRE 4 9 17 3 1 2 0
< RES 1637099224 146 3
> REQ 1637099224 147 3
> VAMPIRE 1 9 17 3 1 2 0
> VAMPIRE 3 9 17 3 1 2 0
> VAMPIRE 2 9 17 3 1 2 0
> VAMPIRE 4 9 17 3 1 2 0
< RES 1637099224 147 3
> REQ 1637099224 148 3
> VAMPIRE 1 9 17 3 1 2 0
> VAMPIRE 3 9 17 3 1 2 0
> VAMPIRE 2 9 17 3 1 2 0
> VAMPIRE 4 9 17 3 1 2 0
> POWERUP TOMATO -8 19 6
> POWERUP TOMATO -8 1 14
< RES 1637099224 148 3
< MOVE U U
> REQ 1637099224 149 3
> VAMPIRE 1 7 17 3 1 2 0
> VAMPIRE 3 7 17 3 1 2 0
> VAMPIRE 2 7 17 3 1 2 0
> VAMPIRE 4 7 17 3 1 2 0
> POWERUP TOMATO -7 19 6
> POWERUP TOMATO -7 1 14
< RES 1637099224 149 3
< MOVE U U
> REQ 1637099224 150 3
> VAMPIRE 1 5 17 3 1 2 0
> VAMPIRE 3 5 17 3 1 2 0
> VAMPIRE 2 5 17 3 1 2 0
> VAMPIRE 4 5 17 3 1 2 0
> POWERUP TOMATO -6 19 6
> POWERUP TOMATO -6 1 14
< RES 1637099224 150 3
< MOVE U U
> REQ 1637099224 151 3
> VAMPIRE 1 3 17 3 1 2 0
> VAMPIRE 3 3 17 3 1 2 0
> VAMPIRE 2 3 17 3 1 2 0
> VAMPIRE 4 3 17 3 1 2 0
> POWERUP TOMATO -5 19 6
> POWERUP TOMATO -5 1 14
< RES 1637099224 151 3
< MOVE U U
> REQ 1637099224 152 3
> VAMPIRE 1 1 17 3 1 2 0
> VAMPIRE 3 1 17 3 1 2 0
> VAMPIRE 2 1 17 3 1 2 0
> VAMPIRE 4 1 17 3 1 2 0
> POWERUP TOMATO -4 19 6
> POWERUP TOMATO -4 1 14
< RES 1637099224 152 3
< MOVE L L
> REQ 1637099224 153 3
> VAMPIRE 1 1 15 3 1 2 0
> VAMPIRE 3 1 15 3 1 2 0
> VAMPIRE 2 1 15 3 1 2 0
> VAMPIRE 4 1 15 3 1 2 0
> POWERUP TOMATO -3 19 6
> POWERUP TOMATO -3 1 14
< RES 1637099224 153 3
< MOVE L
> REQ 1637099224 154 3
> VAMPIRE 1 1 14 3 1 2 0
> VAMPIRE 3 1 14 3 1 2 0
> VAMPIRE 2 1 14 3 1 2 0
> VAMPIRE 4 1 14 3 1 2 0
> POWERUP TOMATO -2 19 6
> POWERUP TOMATO -2 1 14
< RES 1637099224 154 3
> REQ 1637099224 155 3
> VAMPIRE 1 1 14 3 1 2 0
> VAMPIRE 3 1 14 3 1 2 0
> VAMPIRE 2 1 14 3 1 2 0
> VAMPIRE 4 1 14 3 1 2 0
> POWERUP TOMATO -1 19 6
> POWERUP TOMATO -1 1 14
< RES 1637099224 155 3
< MOVE L D
> REQ 1637099224 156 3
> VAMPIRE 1 2 13 3 1 2 0
> VAMPIRE 3 2 13 3 1 2 0
> VAMPIRE 2 2 13 3 1 2 0
> VAMPIRE 4 2 13 3 1 2 0
> POWERUP TOMATO 10 19 6
< RES 1637099224 156 3
< MOVE D
> REQ 1637099224 157 3
> VAMPIRE 1 3 13 3 1 2 0
> VAMPIRE 3 3 13 3 1 2 0
> VAMPIRE 2 3 13 3 1 2 0
> VAMPIRE 4 3 13 3 1 2 0
> POWERUP TOMATO 9 19 6
< RES 1637099224 157 3
< MOVE L L
> REQ 1637099224 158 3
> VAMPIRE 1 3 11 3 1 2 0
> VAMPIRE 3 3 11 3 1 2 0
> VAMPIRE 2 3 11 3 1 2 0
> VAMPIRE 4 3 11 3 1 2 0
> POWERUP TOMATO 8 19 6
< RES 1637099224 158 3
< MOVE D D
> REQ 1637099224 159 3
> VAMPIRE 1 5 11 3 1 2 0
> VAMPIRE 3 5 11 3 1 2 0
> VAMPIRE 2 5 11 3 1 2 0
> VAMPIRE 4 5 11 3 1 2 0
> POWERUP TOMATO 7 19 6
< RES 1637099224 159 3
< MOVE D D
> REQ 1637099224 160 3
> VAMPIRE 1 7 11 3 1 2 0
> VAMPIRE 3 7 11 3 1 2 0
> VAMPIRE 2 7 11 3 1 2 0
> VAMPIRE 4 7 11 3 1 2 0
> POWERUP TOMATO 6 19 6
< RES 1637099224 160 3
< MOVE D D
> REQ 1637099224 161 3
> VAMPIRE 1 9 11 3 1 2 0
> VAMPIRE 3 9 11 3 1 2 0
> VAMPIRE 2 9 11 3 1 2 0
> VAMPIRE 4 9 11 3 1 2 0
> POWERUP TOMATO 5 19 6
< RES 1637099224 161 3
> REQ 1637099224 162 3
> VAMPIRE 1 9 11 3 1 2 0
> VAMPIRE 3 9 11 3 1 2 0
> VAMPIRE 2 9 11 3 1 2 0
> VAMPIRE 4 9 11 3 1 2 0
> POWERUP TOMATO 4 19 6
< RES 1637099224 162 3
> REQ 1637099224 163 3
> VAMPIRE 1 9 11 3 1 2 0
> VAMPIRE 3 9 11 3 1 2 0
> VAMPIRE 2 9 11 3 1 2 0
> VAMPIRE 4 9 11 3 1 2 0
> POWERUP TOMATO 3 19 6
< RES 1637099224 163 3
> REQ 1637099224 164 3
> VAMPIRE 1 9 11 3 1 2 0
> VAMPIRE 3 9 11 3 1 2 0
> VAMPIRE 2 9 11 3 1 2 0
> VAMPIRE 4 9 11 3 1 2 0
> POWERUP TOMATO 2 19 6
< RES 1637099224 164 3
> REQ 1637099224 165 3
> VAMPIRE 1 9 11 3 1 2 0
> VAMPIRE 3 9 11 3 1 2 0
> VAMPIRE 2 9 11 3 1 2 0
> VAMPIRE 4 9 11 3 1 2 0
> POWERUP TOMATO 1 19 6
< RES 1637099224 165 3
> REQ 1637099224 166 3
> VAMPIRE 1 9 11 3 1 2 0
> VAMPIRE 3 9 11 3 1 2 0
> VAMPIRE 2 9 11 3 1 2 0
> VAMPIRE 4 9 11 3 1 2 0
< RES 1637099224 166 3
> REQ 1637099224 167 3
> VAMPIRE 1 9 11 3 1 2 0
> VAMPIRE 3 9 11 3 1 2 0
> VAMPIRE 2 9 11 3 1 2 0
> VAMPIRE 4 9 11 3 1 2 0
< RES 1637099224 167 3
> REQ 1637099224 168 3
> VAMPIRE 1 9 11 3 1 2 0
> VAMPIRE 3 9 11 3 1 2 0
> VAMPIRE 2 9 11 3 1 2 0
> VAMPIRE 4 9 11 3 1 2 0
< RES 1637099224 168 3
> REQ 1637099224 169 3
> VAMPIRE 1 9 11 3 1 2 0
> VAMPIRE 3 9 11 3 1 2 0
> VAMPIRE 2 9 11 3 1 2 0
> VAMPIRE 4 9 11 3 1 2 0
< RES 1637099224 169 3
> REQ 1637099224 170 3
> VAMPIRE 1 9 11 3 1 2 0
> VAMPIRE 3 9 11 3 1 2 0
> VAMPIRE 2 9 11 3 1 2 0
> VAMPIRE 4 9 11 3 1 2 0
< RES 1637099224 170 3
> REQ 1637099224 171 3
> VAMPIRE 1 9 11 3 1 2 0
> VAMPIRE 3 9 11 3 1 2 0
> VAMPIRE 2 9 11 3 1 2 0
> VAMPIRE 4 9 11 3 1 2 0
< RES 1637099224 171 3
> REQ 1637099224 172 3
> VAMPIRE 1 9 11 3 1 2 0
> VAMPIRE 3 9 11 3 1 2 0
> VAMPIRE 2 9 11 3 1 2 0
> VAMPIRE 4 9 11 3 1 2 0
< RES 1637099224 172 3
> REQ 1637099224 173 3
> VAMPIRE 1 9 11 3 1 2 0
> VAMPIRE 3 9 11 3 1 2 0
> VAMPIRE 2 9 11 3 1 2 0
> VAMPIRE 4 9 11 3 1 2 0
< RES 1637099224 173 3
> REQ 1637099224 174 3
> VAMPIRE 1 9 11 3 1 2 0
> VAMPIRE 3 9 11 3 1 2 0
> VAMPIRE 2 9 11 3 1 2 0
> VAMPIRE 4 9 11 3 1 2 0
< RES 1637099224 174 3
> REQ 1637099224 175 3
> VAMPIRE 1 9 11 3 1 2 0
> VAMPIRE 3 9 11 3 1 2 0
> VAMPIRE 2 9 11 3 1 2 0
> VAMPIRE 4 9 11 3 1 2 0
< RES 1637099224 175 3
> REQ 1637099224 176 3
> VAMPIRE 1 9 11 3 1 2 0
> VAMPIRE 3 9 11 3 1 2 0
> VAMPIRE 2 9 11 3 1 2 0
> VAMPIRE 4 9 11 3 1 2 0
< RES 1637099224 176 3
> REQ 1637099224 177 3
> VAMPIRE 1 9 11 3 1 2 0
> VAMPIRE 3 9 11 3 1 2 0
> VAMPIRE 2 9 11 3 1 2 0
> VAMPIRE 4 9 11 3 1 2 0
< RES 1637099224 177 3
> REQ 1637099224 178 3
> VAMPIRE 1 9 11 3 1 2 0
> VAMPIRE 3 9 11 3 1 2 0
> VAMPIRE 2 9 11 3 1 2 0
> VAMPIRE 4 9 11 3 1 2 0
< RES 1637099224 178 3
> REQ 1637099224 179 3
> VAMPIRE 1 9 11 3 1 2 0
> VAMPIRE 3 9 11 3 1 2 0
> VAMPIRE 2 9 11 3 1 2 0
> VAMPIRE 4 9 11 3 1 2 0
< RES 1637099224 179 3
> REQ 1637099224 180 3
> VAMPIRE 1 9 11 3 1 2 0
> VAMPIRE 3 9 11 3 1 2 0
> VAMPIRE 2 9 11 3 1 2 0
> VAMPIRE 4 9 11 3 1 2 0
< RES 1637099224 180 3
> REQ 1637099224 181 3
> VAMPIRE 1 9 11 3 1 2 0
> VAMPIRE 3 9 11 3 1 2 0
> VAMPIRE 2 9 11 3 1 2 0
> VAMPIRE 4 9 11 3 1 2 0
< RES 1637099224 181 3
> REQ 1637099224 182 3
> VAMPIRE 1 9 11 3 1 2 0
> VAMPIRE 3 9 11 3 1 2 0
> VAMPIRE 2 9 11 3 1 2 0
> VAMPIRE 4 9 11 3 1 2 0
< RES 1637099224 182 3
> REQ 1637099224 183 3
> VAMPIRE 1 9 11 3 1 2 0
> VAMPIRE 3 9 11 3 1 2 0
> VAMPIRE 2 9 11 3 1 2 0
> VAMPIRE 4 9 11 3 1 2 0
< RES 1637099224 183 3
> REQ 1637099224 184 3
> VAMPIRE 1 9 11 3 1 2 0
> VAMPIRE 3 9 11 3 1 2 0
> VAMPIRE 2 9 11 3 1 2 0
> VAMPIRE 4 9 11 3 1 2 0
> POWERUP TOMATO -7 17 17
> POWERUP TOMATO -7 3 3
< RES 1637099224 184 3
< MOVE R R
> REQ 1637099224 185 3
> VAMPIRE 1 9 13 3 1 2 0
> VAMPIRE 3 9 13 3 1 2 0
> VAMPIRE 2 9 13 3 1 2 0
> VAMPIRE 4 9 13 3 1 2 0
> POWERUP TOMATO -6 17 17
> POWERUP TOMATO -6 3 3
< RES 1637099224 185 3
< MOVE R R
> REQ 1637099224 186 3
> VAMPIRE 1 9 15 3 1 2 0
> VAMPIRE 3 9 15 3 1 2 0
> VAMPIRE 2 9 15 3 1 2 0
> VAMPIRE 4 9 15 3 1 2 0
> POWERUP TOMATO -5 17 17
> POWERUP TOMATO -5 3 3
< RES 1637099224 186 3
< MOVE R R
> REQ 1637099224 187 3
> VAMPIRE 1 9 17 3 1 2 0
> VAMPIRE 3 9 17 3 1 2 0
> VAMPIRE 2 9 17 3 1 2 0
> VAMPIRE 4 9 17 3 1 2 0
> POWERUP TOMATO -4 17 17
> POWERUP TOMATO -4 3 3
< RES 1637099224 187 3
< MOVE D D
> REQ 1637099224 188 3
> VAMPIRE 1 11 17 3 1 2 0
> VAMPIRE 3 11 17 3 1 2 0
> VAMPIRE 2 11 17 3 1 2 0
> VAMPIRE 4 11 17 3 1 2 0
> POWERUP TOMATO -3 17 17
> POWERUP TOMATO -3 3 3
< RES 1637099224 188 3
< MOVE D D
> REQ 1637099224 189 3
> VAMPIRE 1 13 17 3 1 2 0
> VAMPIRE 3 13 17 3 1 2 0
> VAMPIRE 2 13 17 3 1 2 0
> VAMPIRE 4 13 17 3 1 2 0
> POWERUP TOMATO -2 17 17
> POWERUP TOMATO -2 3 3
< RES 1637099224 189 3
< MOVE D D
> REQ 1637099224 190 3
> VAMPIRE 1 15 17 3 1 2 0
> VAMPIRE 3 15 17 3 1 2 0
> VAMPIRE 2 15 17 3 1 2 0
> VAMPIRE 4 15 17 3 1 2 0
> POWERUP TOMATO -1 17 17
> POWERUP TOMATO -1 3 3
< RES 1637099224 190 3
< MOVE D D
> REQ 1637099224 191 3
> VAMPIRE 1 17 17 3 1 2 0
> VAMPIRE 3 17 17 3 1 2 0
> VAMPIRE 2 17 17 3 1 2 0
> VAMPIRE 4 17 17 3 1 2 0
> POWERUP TOMATO 20 17 17
> POWERUP TOMATO 20 3 3
< RES 1637099224 191 3
< MOVE U U
> REQ 1637099224 192 3
> VAMPIRE 1 15 17 3 1 2 0
> VAMPIRE 3 15 17 3 1 2 0
> VAMPIRE 2 15 17 3 1 2 0
> VAMPIRE 4 15 17 3 1 2 0
> POWERUP TOMATO 19 3 3
< RES 1637099224 192 3
< MOVE U U
> REQ 1637099224 193 3
> VAMPIRE 1 13 17 3 1 2 0
> VAMPIRE 3 13 17 3 1 2 0
> VAMPIRE 2 13 17 3 1 2 0
> VAMPIRE 4 13 17 3 1 2 0
> POWERUP TOMATO 18 3 3
< RES 1637099224 193 3
< MOVE U U
> REQ 1637099224 194 3
> VAMPIRE 1 11 17 3 1 2 0
> VAMPIRE 3 11 17 3 1 2 0
> VAMPIRE 2 11 17 3 1 2 0
> VAMPIRE 4 11 17 3 1 2 0
> POWERUP TOMATO 17 3 3
< RES 1637099224 194 3
< MOVE U U
> REQ 1637099224 195 3
> VAMPIRE 1 9 17 3 1 2 0
> VAMPIRE 3 9 17 3 1 2 0
> VAMPIRE 2 9 17 3 1 2 0
> VAMPIRE 4 9 17 3 1 2 0
> POWERUP TOMATO 16 3 3
< RES 1637099224 195 3
< MOVE U U
> REQ 1637099224 196 3
> VAMPIRE 1 7 17 3 1 2 0
> VAMPIRE 3 7 17 3 1 2 0
> VAMPIRE 2 7 17 3 1 2 0
> VAMPIRE 4 7 17 3 1 2 0
> POWERUP TOMATO 15 3 3
< RES 1637099224 196 3
< MOVE U U
> REQ 1637099224 197 3
> VAMPIRE 1 5 17 3 1 2 0
> VAMPIRE 3 5 17 3 1 2 0
> VAMPIRE 2 5 17 3 1 2 0
> VAMPIRE 4 5 17 3 1 2 0
> POWERUP TOMATO 14 3 3
< RES 1637099224 197 3
< MOVE U U
> REQ 1637099224 198 3
> VAMPIRE 1 3 17 3 1 2 0
> VAMPIRE 3 3 17 3 1 2 0
> VAMPIRE 2 3 17 3 1 2 0
> VAMPIRE 4 3 17 3 1 2 0
> POWERUP TOMATO 13 3 3
< RES 1637099224 198 3
< MOVE L L
> REQ 1637099224 199 3
> VAMPIRE 1 3 15 3 1 2 0
> VAMPIRE 3 3 15 3 1 2 0
> VAMPIRE 2 3 15 3 1 2 0
> VAMPIRE 4 3 15 3 1 2 0
> POWERUP TOMATO 12 3 3
< RES 1637099224 199 3
< MOVE L L
> REQ 1637099224 200 3
> VAMPIRE 1 3 13 3 1 2 0
> VAMPIRE 3 3 13 3 1 2 0
> VAMPIRE 2 3 13 3 1 2 0
> VAMPIRE 4 3 13 3 1 2 0
> POWERUP TOMATO 11 3 3
< RES 1637099224 200 3
< MOVE L L
> REQ 1637099224 201 3
> VAMPIRE 1 3 11 3 1 2 0
> VAMPIRE 3 3 11 3 1 2 0
> VAMPIRE 2 3 11 3 1 2 0
> VAMPIRE 4 3 11 3 1 2 0
> POWERUP TOMATO 10 3 3
< RES 1637099224 201 3
< MOVE L L
> REQ 1637099224 202 3
> VAMPIRE 1 3 9 3 1 2 0
> VAMPIRE 3 3 9 3 1 2 0
> VAMPIRE 2 3 9 3 1 2 0
> VAMPIRE 4 3 9 3 1 2 0
> POWERUP TOMATO 9 3 3
< RES 1637099224 202 3
< MOVE L L
> REQ 1637099224 203 3
> VAMPIRE 1 3 7 3 1 2 0
> VAMPIRE 3 3 7 3 1 2 0
> VAMPIRE 2 3 7 3 1 2 0
> VAMPIRE 4 3 7 3 1 2 0
> POWERUP TOMATO 8 3 3
< RES 1637099224 203 3
< MOVE L L
> REQ 1637099224 204 3
> VAMPIRE 1 3 5 3 1 2 0
> VAMPIRE 3 3 5 3 1 2 0
> VAMPIRE 2 3 5 3 1 2 0
> VAMPIRE 4 3 5 3 1 2 0
> POWERUP TOMATO 7 3 3
< RES 1637099224 204 3
< MOVE L L
> REQ 1637099224 205 3
> VAMPIRE 1 3 3 3 1 2 0
> VAMPIRE 3 3 3 3 1 2 0
> VAMPIRE 2 3 3 3 1 2 0
> VAMPIRE 4 3 3 3 1 2 0
> POWERUP TOMATO 6 3 3
< RES 1637099224 205 3
< MOVE R R
> REQ 1637099224 206 3
> VAMPIRE 1 3 5 3 1 2 0
> VAMPIRE 3 3 5 3 1 2 0
> VAMPIRE 2 3 5 3 1 2 0
> VAMPIRE 4 3 5 3 1 2 0
< RES 1637099224 206 3
< MOVE R R
> REQ 1637099224 207 3
> VAMPIRE 1 3 7 3 1 2 0
> VAMPIRE 3 3 7 3 1 2 0
> VAMPIRE 2 3 7 3 1 2 0
> VAMPIRE 4 3 7 3 1 2 0
< RES 1637099224 207 3
< MOVE R R
> REQ 1637099224 208 3
> VAMPIRE 1 3 9 3 1 2 0
> VAMPIRE 3 3 9 3 1 2 0
> VAMPIRE 2 3 9 3 1 2 0
> VAMPIRE 4 3 9 3 1 2 0
< RES 1637099224 208 3
< MOVE D D
> REQ 1637099224 209 3
> VAMPIRE 1 5 9 3 1 2 0
> VAMPIRE 3 5 9 3 1 2 0
> VAMPIRE 2 5 9 3 1 2 0
> VAMPIRE 4 5 9 3 1 2 0
< RES 1637099224 209 3
< MOVE D D
> REQ 1637099224 210 3
> VAMPIRE 1 7 9 3 1 2 0
> VAMPIRE 3 7 9 3 1 2 0
> VAMPIRE 2 7 9 3 1 2 0
> VAMPIRE 4 7 9 3 1 2 0
< RES 1637099224 210 3
< MOVE D D
> REQ 1637099224 211 3
> VAMPIRE 1 9 9 3 1 2 0
> VAMPIRE 3 9 9 3 1 2 0
> VAMPIRE 2 9 9 3 1 2 0
> VAMPIRE 4 9 9 3 1 2 0
< RES 1637099224 211 3
> REQ 1637099224 212 3
> VAMPIRE 1 9 9 3 1 2 0
> VAMPIRE 3 9 9 3 1 2 0
> VAMPIRE 2 9 9 3 1 2 0
> VAMPIRE 4 9 9 3 1 2 0
< RES 1637099224 212 3
> REQ 1637099224 213 3
> VAMPIRE 1 9 9 3 1 2 0
> VAMPIRE 3 9 9 3 1 2 0
> VAMPIRE 2 9 9 3 1 2 0
> VAMPIRE 4 9 9 3 1 2 0
< RES 1637099224 213 3
> REQ 1637099224 214 3
> VAMPIRE 1 9 9 3 1 2 0
> VAMPIRE 3 9 9 3 1 2 0
> VAMPIRE 2 9 9 3 1 2 0
> VAMPIRE 4 9 9 3 1 2 0
< RES 1637099224 214 3
> REQ 1637099224 215 3
> VAMPIRE 1 9 9 3 1 2 0
> VAMPIRE 3 9 9 3 1 2 0
> VAMPIRE 2 9 9 3 1 2 0
> VAMPIRE 4 9 9 3 1 2 0
< RES 1637099224 215 3
> REQ 1637099224 216 3
> VAMPIRE 1 9 9 3 1 2 0
> VAMPIRE 3 9 9 3 1 2 0
> VAMPIRE 2 9 9 3 1 2 0
> VAMPIRE 4 9 9 3 1 2 0
< RES 1637099224 216 3
> REQ 1637099224 217 3
> VAMPIRE 1 9 9 3 1 2 0
> VAMPIRE 3 9 9 3 1 2 0
> VAMPIRE 2 9 9 3 1 2 0
> VAMPIRE 4 9 9 3 1 2 0
< RES 1637099224 217 3
> REQ 1637099224 218 3
> VAMPIRE 1 9 9 3 1 2 0
> VAMPIRE 3 9 9 3 1 2 0
> VAMPIRE 2 9 9 3 1 2 0
> VAMPIRE 4 9 9 3 1 2 0
< RES 1637099224 218 3
> REQ 1637099224 219 3
> VAMPIRE 1 9 9 3 1 2 0
> VAMPIRE 3 9 9 3 1 2 0
> VAMPIRE 2 9 9 3 1 2 0
> VAMPIRE 4 9 9 3 1 2 0
> POWERUP BATTERY -5 12 11
> POWERUP BATTERY -5 8 9
< RES 1637099224 219 3
< MOVE U
> REQ 1637099224 220 3
> VAMPIRE 1 8 9 3 1 2 0
> VAMPIRE 3 8 9 3 1 2 0
> VAMPIRE 2 8 9 3 1 2 0
> VAMPIRE 4 8 9 3 1 2 0
> POWERUP BATTERY -4 12 11
> POWERUP BATTERY -4 8 9
< RES 1637099224 220 3
> REQ 1637099224 221 3
> VAMPIRE 1 8 9 3 1 2 0
> VAMPIRE 3 8 9 3 1 2 0
> VAMPIRE 2 8 9 3 1 2 0
> VAMPIRE 4 8 9 3 1 2 0
> POWERUP BATTERY -3 12 11
> POWERUP BATTERY -3 8 9
< RES 1637099224 221 3
> REQ 1637099224 222 3
> VAMPIRE 1 8 9 3 1 2 0
> VAMPIRE 3 8 9 3 1 2 0
> VAMPIRE 2 8 9 3 1 2 0
> VAMPIRE 4 8 9 3 1 2 0
> POWERUP BATTERY -2 12 11
> POWERUP BATTERY -2 8 9
< RES 1637099224 222 3
> REQ 1637099224 223 3
> VAMPIRE 1 8 9 3 1 2 0
> VAMPIRE 3 8 9 3 1 2 0
> VAMPIRE 2 8 9 3 1 2 0
> VAMPIRE 4 8 9 3 1 2 0
> POWERUP BATTERY -1 12 11
> POWERUP BATTERY -1 8 9
< RES 1637099224 223 3
< MOVE D R
> REQ 1637099224 224 3
> VAMPIRE 1 9 10 3 1 3 0
> VAMPIRE 3 9 10 3 1 3 0
> VAMPIRE 2 9 10 3 1 3 0
> VAMPIRE 4 9 10 3 1 3 0
> POWERUP BATTERY 17 12 11
< RES 1637099224 224 3
< MOVE R D
> REQ 1637099224 225 3
> VAMPIRE 1 10 11 3 1 3 0
> VAMPIRE 3 10 11 3 1 3 0
> VAMPIRE 2 10 11 3 1 3 0
> VAMPIRE 4 10 11 3 1 3 0
> POWERUP BATTERY 16 12 11
< RES 1637099224 225 3
< MOVE D D
> REQ 1637099224 226 3
> VAMPIRE 1 12 11 3 1 3 0
> VAMPIRE 3 12 11 3 1 3 0
> VAMPIRE 2 12 11 3 1 3 0
> VAMPIRE 4 12 11 3 1 3 0
> POWERUP BATTERY 15 12 11
< RES 1637099224 226 3
< MOVE U
> REQ 1637099224 227 3
> VAMPIRE 1 11 11 3 1 4 0
> VAMPIRE 3 11 11 3 1 4 0
> VAMPIRE 2 11 11 3 1 4 0
> VAMPIRE 4 11 11 3 1 4 0
< RES 1637099224 227 3
< MOVE U U
> REQ 1637099224 228 3
> VAMPIRE 1 9 11 3 1 4 0
> VAMPIRE 3 9 11 3 1 4 0
> VAMPIRE 2 9 11 3 1 4 0
> VAMPIRE 4 9 11 3 1 4 0
< RES 1637099224 228 3
< MOVE D D
> REQ 1637099224 229 3
> VAMPIRE 1 11 11 3 1 4 0
> VAMPIRE 3 11 11 3 1 4 0
> VAMPIRE 2 11 11 3 1 4 0
> VAMPIRE 4 11 11 3 1 4 0
< RES 1637099224 229 3
< MOVE U U
> REQ 1637099224 230 3
> VAMPIRE 1 9 11 3 1 4 0
> VAMPIRE 3 9 11 3 1 4 0
> VAMPIRE 2 9 11 3 1 4 0
> VAMPIRE 4 9 11 3 1 4 0
< RES 1637099224 230 3
< MOVE D D
> REQ 1637099224 231 3
> VAMPIRE 1 11 11 3 1 4 0
> VAMPIRE 3 11 11 3 1 4 0
> VAMPIRE 2 11 11 3 1 4 0
> VAMPIRE 4 11 11 3 1 4 0
< RES 1637099224 231 3
< MOVE U U
> REQ 1637099224 232 3
> VAMPIRE 1 9 11 3 1 4 0
> VAMPIRE 3 9 11 3 1 4 0
> VAMPIRE 2 9 11 3 1 4 0
> VAMPIRE 4 9 11 3 1 4 0
< RES 1637099224 232 3
< MOVE D D
> REQ 1637099224 233 3
> VAMPIRE 1 11 11 3 1 4 0
> VAMPIRE 3 11 11 3 1 4 0
> VAMPIRE 2 11 11 3 1 4 0
> VAMPIRE 4 11 11 3 1 4 0
< RES 1637099224 233 3
< MOVE U U
> REQ 1637099224 234 3
> VAMPIRE 1 9 11 3 1 4 0
> VAMPIRE 3 9 11 3 1 4 0
> VAMPIRE 2 9 11 3 1 4 0
> VAMPIRE 4 9 11 3 1 4 0
< RES 1637099224 234 3
< MOVE D D
> REQ 1637099224 235 3
> VAMPIRE 1 11 11 3 1 4 0
> VAMPIRE 3 11 11 3 1 4 0
> VAMPIRE 2 11 11 3 1 4 0
> VAMPIRE 4 11 11 3 1 4 0
< RES 1637099224 235 3
< MOVE U U
> REQ 1637099224 236 3
> VAMPIRE 1 9 11 3 1 4 0
> VAMPIRE 3 9 11 3 1 4 0
> VAMPIRE 2 9 11 3 1 4 0
> VAMPIRE 4 9 11 3 1 4 0
< RES 1637099224 236 3
< MOVE D D
> REQ 1637099224 237 3
> VAMPIRE 1 11 11 3 1 4 0
> VAMPIRE 3 11 11 3 1 4 0
> VAMPIRE 2 11 11 3 1 4 0
> VAMPIRE 4 11 11 3 1 4 0
< RES 1637099224 237 3
< MOVE U U
> REQ 1637099224 238 3
> VAMPIRE 1 9 11 3 1 4 0
> VAMPIRE 3 9 11 3 1 4 0
> VAMPIRE 2 9 11 3 1 4 0
> VAMPIRE 4 9 11 3 1 4 0
< RES 1637099224 238 3
< MOVE D D
> REQ 1637099224 239 3
> VAMPIRE 1 11 11 3 1 4 0
> VAMPIRE 3 11 11 3 1 4 0
> VAMPIRE 2 11 11 3 1 4 0
> VAMPIRE 4 11 11 3 1 4 0
< RES 1637099224 239 3
< MOVE U U
> REQ 1637099224 240 3
> VAMPIRE 1 9 11 3 1 4 0
> VAMPIRE 3 9 11 3 1 4 0
> VAMPIRE 2 9 11 3 1 4 0
> VAMPIRE 4 9 11 3 1 4 0
< RES 1637099224 240 3
< MOVE D D
> REQ 1637099224 241 3
> VAMPIRE 1 11 11 3 1 4 0
> VAMPIRE 3 11 11 3 1 4 0
> VAMPIRE 2 11 11 3 1 4 0
> VAMPIRE 4 11 11 3 1 4 0
< RES 1637099224 241 3
< MOVE U U
> REQ 1637099224 242 3
> VAMPIRE 1 9 11 3 1 4 0
> VAMPIRE 3 9 11 3 1 4 0
> VAMPIRE 2 9 11 3 1 4 0
> VAMPIRE 4 9 11 3 1 4 0
> POWERUP GRENADE -9 5 1
> POWERUP GRENADE -9 15 19
< RES 1637099224 242 3
< MOVE U U
> REQ 1637099224 243 3
> VAMPIRE 1 7 11 3 1 4 0
> VAMPIRE 3 7 11 3 1 4 0
> VAMPIRE 2 7 11 3 1 4 0
> VAMPIRE 4 7 11 3 1 4 0
> POWERUP GRENADE -8 5 1
> POWERUP GRENADE -8 15 19
< RES 1637099224 243 3
< MOVE U U
> REQ 1637099224 244 3
> VAMPIRE 1 5 11 3 1 4 0
> VAMPIRE 3 5 11 3 1 4 0
> VAMPIRE 2 5 11 3 1 4 0
> VAMPIRE 4 5 11 3 1 4 0
> POWERUP GRENADE -7 5 1
> POWERUP GRENADE -7 15 19
< RES 1637099224 244 3
< MOVE L L
> REQ 1637099224 245 3
> VAMPIRE 1 5 9 3 1 4 0
> VAMPIRE 3 5 9 3 1 4 0
> VAMPIRE 2 5 9 3 1 4 0
> VAMPIRE 4 5 9 3 1 4 0
> POWERUP GRENADE -6 5 1
> POWERUP GRENADE -6 15 19
< RES 1637099224 245 3
< MOVE L L
> REQ 1637099224 246 3
> VAMPIRE 1 5 7 3 1 4 0
> VAMPIRE 3 5 7 3 1 4 0
> VAMPIRE 2 5 7 3 1 4 0
> VAMPIRE 4 5 7 3 1 4 0
> POWERUP GRENADE -5 5 1
> POWERUP GRENADE -5 15 19
< RES 1637099224 246 3
< MOVE L L
> REQ 1637099224 247 3
> VAMPIRE 1 5 5 3 1 4 0
> VAMPIRE 3 5 5 3 1 4 0
> VAMPIRE 2 5 5 3 1 4 0
> VAMPIRE 4 5 5 3 1 4 0
> POWERUP GRENADE -4 5 1
> POWERUP GRENADE -4 15 19
< RES 1637099224 247 3
< MOVE L L
> REQ 1637099224 248 3
> VAMPIRE 1 5 3 3 1 4 0
> VAMPIRE 3 5 3 3 1 4 0
> VAMPIRE 2 5 3 3 1 4 0
> VAMPIRE 4 5 3 3 1 4 0
> POWERUP GRENADE -3 5 1
> POWERUP GRENADE -3 15 19
< RES 1637099224 248 3
< MOVE L L
> REQ 1637099224 249 3
> VAMPIRE 1 5 1 3 1 4 0
> VAMPIRE 3 5 1 3 1 4 0
> VAMPIRE 2 5 1 3 1 4 0
> VAMPIRE 4 5 1 3 1 4 0
> POWERUP GRENADE -2 5 1
> POWERUP GRENADE -2 15 19
< RES 1637099224 249 3
> REQ 1637099224 250 3
> VAMPIRE 1 5 1 3 1 4 0
> VAMPIRE 3 5 1 3 1 4 0
> VAMPIRE 2 5 1 3 1 4 0
> VAMPIRE 4 5 1 3 1 4 0
> POWERUP GRENADE -1 5 1
> POWERUP GRENADE -1 15 19
< RES 1637099224 250 3
< MOVE R R
> REQ 1637099224 251 3
> VAMPIRE 1 5 3 3 2 4 0
> VAMPIRE 3 5 3 3 2 4 0
> VAMPIRE 2 5 3 3 2 4 0
> VAMPIRE 4 5 3 3 2 4 0
> POWERUP GRENADE 18 15 19
< RES 1637099224 251 3
< MOVE R R
> REQ 1637099224 252 3
> VAMPIRE 1 5 5 3 2 4 0
> VAMPIRE 3 5 5 3 2 4 0
> VAMPIRE 2 5 5 3 2 4 0
> VAMPIRE 4 5 5 3 2 4 0
> POWERUP GRENADE 17 15 19
< RES 1637099224 252 3
< MOVE R R
> REQ 1637099224 253 3
> VAMPIRE 1 5 7 3 2 4 0
> VAMPIRE 3 5 7 3 2 4 0
> VAMPIRE 2 5 7 3 2 4 0
> VAMPIRE 4 5 7 3 2 4 0
> POWERUP GRENADE 16 15 19
< RES 1637099224 253 3
< MOVE R R
> REQ 1637099224 254 3
> VAMPIRE 1 5 9 3 2 4 0
> VAMPIRE 3 5 9 3 2 4 0
> VAMPIRE 2 5 9 3 2 4 0
> VAMPIRE 4 5 9 3 2 4 0
> POWERUP GRENADE 15 15 19
< RES 1637099224 254 3
< MOVE R R
> REQ 1637099224 255 3
> VAMPIRE 1 5 11 3 2 4 0
> VAMPIRE 3 5 11 3 2 4 0
> VAMPIRE 2 5 11 3 2 4 0
> VAMPIRE 4 5 11 3 2 4 0
> POWERUP GRENADE 14 15 19
< RES 1637099224 255 3
< MOVE R R
> REQ 1637099224 256 3
> VAMPIRE 1 5 13 3 2 4 0
> VAMPIRE 3 5 13 3 2 4 0
> VAMPIRE 2 5 13 3 2 4 0
> VAMPIRE 4 5 13 3 2 4 0
> POWERUP GRENADE 13 15 19
< RES 1637099224 256 3
< MOVE R R
> REQ 1637099224 257 3
> VAMPIRE 1 5 15 3 2 4 0
> VAMPIRE 3 5 15 3 2 4 0
> VAMPIRE 2 5 15 3 2 4 0
> VAMPIRE 4 5 15 3 2 4 0
> POWERUP GRENADE 12 15 19
< RES 1637099224 257 3
< MOVE R R
> REQ 1637099224 258 3
> VAMPIRE 1 5 17 3 2 4 0
> VAMPIRE 3 5 17 3 2 4 0
> VAMPIRE 2 5 17 3 2 4 0
> VAMPIRE 4 5 17 3 2 4 0
> POWERUP GRENADE 11 15 19
< RES 1637099224 258 3
< MOVE R R
> REQ 1637099224 259 3
> VAMPIRE 1 5 19 3 2 4 0
> VAMPIRE 3 5 19 3 2 4 0
> VAMPIRE 2 5 19 3 2 4 0
> VAMPIRE 4 5 19 3 2 4 0
> POWERUP GRENADE 10 15 19
< RES 1637099224 259 3
< MOVE D D
> REQ 1637099224 260 3
> VAMPIRE 1 7 19 3 2 4 0
> VAMPIRE 3 7 19 3 2 4 0
> VAMPIRE 2 7 19 3 2 4 0
> VAMPIRE 4 7 19 3 2 4 0
> POWERUP GRENADE 9 15 19
< RES 1637099224 260 3
< MOVE D D
> REQ 1637099224 261 3
> VAMPIRE 1 9 19 3 2 4 0
> VAMPIRE 3 9 19 3 2 4 0
> VAMPIRE 2 9 19 3 2 4 0
> VAMPIRE 4 9 19 3 2 4 0
> POWERUP GRENADE 8 15 19
< RES 1637099224 261 3
< MOVE D D
> REQ 1637099224 262 3
> VAMPIRE 1 11 19 3 2 4 0
> VAMPIRE 3 11 19 3 2 4 0
> VAMPIRE 2 11 19 3 2 4 0
> VAMPIRE 4 11 19 3 2 4 0
> POWERUP GRENADE 7 15 19
< RES 1637099224 262 3
< MOVE D D
> REQ 1637099224 263 3
> VAMPIRE 1 13 19 3 2 4 0
> VAMPIRE 3 13 19 3 2 4 0
> VAMPIRE 2 13 19 3 2 4 0
> VAMPIRE 4 13 19 3 2 4 0
> POWERUP GRENADE 6 15 19
< RES 1637099224 263 3
< MOVE D D
> REQ 1637099224 264 3
> VAMPIRE 1 15 19 3 2 4 0
> VAMPIRE 3 15 19 3 2 4 0
> VAMPIRE 2 15 19 3 2 4 0
> VAMPIRE 4 15 19 3 2 4 0
> POWERUP GRENADE 5 15 19
< RES 1637099224 264 3
< MOVE L L
> REQ 1637099224 265 3
> VAMPIRE 1 15 17 3 3 4 0
> VAMPIRE 3 15 17 3 3 4 0
> VAMPIRE 2 15 17 3 3 4 0
> VAMPIRE 4 15 17 3 3 4 0
< RES 1637099224 265 3
< MOVE L L
> REQ 1637099224 266 3
> VAMPIRE 1 15 15 3 3 4 0
> VAMPIRE 3 15 15 3 3 4 0
> VAMPIRE 2 15 15 3 3 4 0
> VAMPIRE 4 15 15 3 3 4 0
< RES 1637099224 266 3
< MOVE U U
> REQ 1637099224 267 3
> VAMPIRE 1 13 15 3 3 4 0
> VAMPIRE 3 13 15 3 3 4 0
> VAMPIRE 2 13 15 3 3 4 0
> VAMPIRE 4 13 15 3 3 4 0
< RES 1637099224 267 3
< MOVE L L
> REQ 1637099224 268 3
> VAMPIRE 1 13 13 3 3 4 0
> VAMPIRE 3 13 13 3 3 4 0
> VAMPIRE 2 13 13 3 3 4 0
> VAMPIRE 4 13 13 3 3 4 0
< RES 1637099224 268 3
< MOVE U U
> REQ 1637099224 269 3
> VAMPIRE 1 11 13 3 3 4 0
> VAMPIRE 3 11 13 3 3 4 0
> VAMPIRE 2 11 13 3 3 4 0
> VAMPIRE 4 11 13 3 3 4 0
< RES 1637099224 269 3
< MOVE L L
> REQ 1637099224 270 3
> VAMPIRE 1 11 11 3 3 4 0
> VAMPIRE 3 11 11 3 3 4 0
> VAMPIRE 2 11 11 3 3 4 0
> VAMPIRE 4 11 11 3 3 4 0
< RES 1637099224 270 3
< MOVE U U
> REQ 1637099224 271 3
> VAMPIRE 1 9 11 3 3 4 0
> VAMPIRE 3 9 11 3 3 4 0
> VAMPIRE 2 9 11 3 3 4 0
> VAMPIRE 4 9 11 3 3 4 0
< RES 1637099224 271 3
< MOVE D D
> REQ 1637099224 272 3
> VAMPIRE 1 11 11 3 3 4 0
> VAMPIRE 3 11 11 3 3 4 0
> VAMPIRE 2 11 11 3 3 4 0
> VAMPIRE 4 11 11 3 3 4 0
< RES 1637099224 272 3
< MOVE U U
> REQ 1637099224 273 3
> VAMPIRE 1 9 11 3 3 4 0
> VAMPIRE 3 9 11 3 3 4 0
> VAMPIRE 2 9 11 3 3 4 0
> VAMPIRE 4 9 11 3 3 4 0
< RES 1637099224 273 3
< MOVE D D
> REQ 1637099224 274 3
> VAMPIRE 1 11 11 3 3 4 0
> VAMPIRE 3 11 11 3 3 4 0
> VAMPIRE 2 11 11 3 3 4 0
> VAMPIRE 4 11 11 3 3 4 0
< RES 1637099224 274 3
< MOVE U U
> REQ 1637099224 275 3
> VAMPIRE 1 9 11 3 3 4 0
> VAMPIRE 3 9 11 3 3 4 0
> VAMPIRE 2 9 11 3 3 4 0
> VAMPIRE 4 9 11 3 3 4 0
< RES 1637099224 275 3
< MOVE D D
> REQ 1637099224 276 3
> VAMPIRE 1 11 11 3 3 4 0
> VAMPIRE 3 11 11 3 3 4 0
> VAMPIRE 2 11 11 3 3 4 0
> VAMPIRE 4 11 11 3 3 4 0
< RES 1637099224 276 3
< MOVE U U
> REQ 1637099224 277 3
> VAMPIRE 1 9 11 3 3 4 0
> VAMPIRE 3 9 11 3 3 4 0
> VAMPIRE 2 9 11 3 3 4 0
> VAMPIRE 4 9 11 3 3 4 0
< RES 1637099224 277 3
< MOVE D D
> REQ 1637099224 278 3
> VAMPIRE 1 11 11 3 3 4 0
> VAMPIRE 3 11 11 3 3 4 0
> VAMPIRE 2 11 11 3 3 4 0
> VAMPIRE 4 11 11 3 3 4 0
< RES 1637099224 278 3
< MOVE U U
> REQ 1637099224 279 3
> VAMPIRE 1 9 11 3 3 4 0
> VAMPIRE 3 9 11 3 3 4 0
> VAMPIRE 2 9 11 3 3 4 0
> VAMPIRE 4 9 11 3 3 4 0
< RES 1637099224 279 3
< MOVE D D
> REQ 1637099224 280 3
> VAMPIRE 1 11 11 3 3 4 0
> VAMPIRE 3 11 11 3 3 4 0
> VAMPIRE 2 11 11 3 3 4 0
> VAMPIRE 4 11 11 3 3 4 0
> POWERUP GRENADE -6 6 9
> POWERUP GRENADE -6 14 11
< RES 1637099224 280 3
< MOVE D D
> REQ 1637099224 281 3
> VAMPIRE 1 13 11 3 3 4 0
> VAMPIRE 3 13 11 3 3 4 0
> VAMPIRE 2 13 11 3 3 4 0
> VAMPIRE 4 13 11 3 3 4 0
> POWERUP GRENADE -5 6 9
> POWERUP GRENADE -5 14 11
< RES 1637099224 281 3
< GRENADE
< MOVE D D
> REQ 1637099224 282 3
> VAMPIRE 1 15 11 3 2 4 0
> VAMPIRE 3 15 11 3 2 4 0
> VAMPIRE 2 15 11 3 2 4 0
> VAMPIRE 4 15 11 3 2 4 0
> GRENADE 1 13 11 5 4
> GRENADE 3 13 11 5 4
> GRENADE 2 13 11 5 4
> GRENADE 4 13 11 5 4
> POWERUP GRENADE -4 6 9
> POWERUP GRENADE -4 14 11
< RES 1637099224 282 3
< MOVE U
> REQ 1637099224 283 3
> VAMPIRE 1 14 11 3 2 4 0
> VAMPIRE 3 14 11 3 2 4 0
> VAMPIRE 2 14 11 3 2 4 0
> VAMPIRE 4 14 11 3 2 4 0
> GRENADE 1 13 11 4 4
> GRENADE 3 13 11 4 4
> GRENADE 2 13 11 4 4
> GRENADE 4 13 11 4 4
> POWERUP GRENADE -3 6 9
> POWERUP GRENADE -3 14 11
< RES 1637099224 283 3
< MOVE D
> REQ 1637099224 284 3
> VAMPIRE 1 15 11 3 2 4 0
> VAMPIRE 3 15 11 3 2 4 0
> VAMPIRE 2 15 11 3 2 4 0
> VAMPIRE 4 15 11 3 2 4 0
> GRENADE 1 13 11 3 4
> GRENADE 3 13 11 3 4
> GRENADE 2 13 11 3 4
> GRENADE 4 13 11 3 4
> POWERUP GRENADE -2 6 9
> POWERUP GRENADE -2 14 11
< RES 1637099224 284 3
< MOVE U
> REQ 1637099224 285 3
> VAMPIRE 1 14 11 3 2 4 0
> VAMPIRE 3 14 11 3 2 4 0
> VAMPIRE 2 14 11 3 2 4 0
> VAMPIRE 4 14 11 3 2 4 0
> GRENADE 1 13 11 2 4
> GRENADE 3 13 11 2 4
> GRENADE 2 13 11 2 4
> GRENADE 4 13 11 2 4
> POWERUP GRENADE -1 6 9
> POWERUP GRENADE -1 14 11
< RES 1637099224 285 3
< MOVE D L
> REQ 1637099224 286 3
> VAMPIRE 1 15 10 3 3 4 0
> VAMPIRE 3 15 10 3 3 4 0
> VAMPIRE 2 15 10 3 3 4 0
> VAMPIRE 4 15 10 3 3 4 0
> GRENADE 1 13 11 1 4
> GRENADE 3 13 11 1 4
> GRENADE 2 13 11 1 4
> GRENADE 4 13 11 1 4
> POWERUP GRENADE 14 6 9
< RES 1637099224 286 3
< MOVE L U
> REQ 1637099224 287 3
> VAMPIRE 1 14 9 3 4 4 0
> VAMPIRE 3 14 9 3 4 4 0
> VAMPIRE 2 14 9 3 4 4 0
> VAMPIRE 4 14 9 3 4 4 0
> POWERUP GRENADE 13 6 9
< RES 1637099224 287 3
< MOVE U U
> REQ 1637099224 288 3
> VAMPIRE 1 12 9 3 4 4 0
> VAMPIRE 3 12 9 3 4 4 0
> VAMPIRE 2 12 9 3 4 4 0
> VAMPIRE 4 12 9 3 4 4 0
> POWERUP GRENADE 12 6 9
< RES 1637099224 288 3
< MOVE U U
> REQ 1637099224 289 3
> VAMPIRE 1 10 9 3 4 4 0
> VAMPIRE 3 10 9 3 4 4 0
> VAMPIRE 2 10 9 3 4 4 0
> VAMPIRE 4 10 9 3 4 4 0
> POWERUP GRENADE 11 6 9
< RES 1637099224 289 3
< MOVE U U
> REQ 1637099224 290 3
> VAMPIRE 1 8 9 3 4 4 0
> VAMPIRE 3 8 9 3 4 4 0
> VAMPIRE 2 8 9 3 4 4 0
> VAMPIRE 4 8 9 3 4 4 0
> POWERUP GRENADE 10 6 9
< RES 1637099224 290 3
< MOVE U U
> REQ 1637099224 291 3
> VAMPIRE 1 6 9 3 4 4 0
> VAMPIRE 3 6 9 3 4 4 0
> VAMPIRE 2 6 9 3 4 4 0
> VAMPIRE 4 6 9 3 4 4 0
> POWERUP GRENADE 9 6 9
< RES 1637099224 291 3
< MOVE U
> REQ 1637099224 292 3
> VAMPIRE 1 5 9 3 5 4 0
> VAMPIRE 3 5 9 3 5 4 0
> VAMPIRE 2 5 9 3 5 4 0
> VAMPIRE 4 5 9 3 5 4 0
< RES 1637099224 292 3
< MOVE D D
> REQ 1637099224 293 3
> VAMPIRE 1 7 9 3 5 4 0
> VAMPIRE 3 7 9 3 5 4 0
> VAMPIRE 2 7 9 3 5 4 0
> VAMPIRE 4 7 9 3 5 4 0
< RES 1637099224 293 3
< MOVE D D
> REQ 1637099224 294 3
> VAMPIRE 1 9 9 3 5 4 0
> VAMPIRE 3 9 9 3 5 4 0
> VAMPIRE 2 9 9 3 5 4 0
> VAMPIRE 4 9 9 3 5 4 0
< RES 1637099224 294 3
< MOVE R R
> REQ 1637099224 295 3
> VAMPIRE 1 9 11 3 5 4 0
> VAMPIRE 3 9 11 3 5 4 0
> VAMPIRE 2 9 11 3 5 4 0
> VAMPIRE 4 9 11 3 5 4 0
< RES 1637099224 295 3
< MOVE D D
> REQ 1637099224 296 3
> VAMPIRE 1 11 11 3 5 4 0
> VAMPIRE 3 11 11 3 5 4 0
> VAMPIRE 2 11 11 3 5 4 0
> VAMPIRE 4 11 11 3 5 4 0
< RES 1637099224 296 3
< MOVE U U
> REQ 1637099224 297 3
> VAMPIRE 1 9 11 3 5 4 0
> VAMPIRE 3 9 11 3 5 4 0
> VAMPIRE 2 9 11 3 5 4 0
> VAMPIRE 4 9 11 3 5 4 0
< RES 1637099224 297 3
< MOVE D D
> REQ 1637099224 298 3
> VAMPIRE 1 11 11 3 5 4 0
> VAMPIRE 3 11 11 3 5 4 0
> VAMPIRE 2 11 11 3 5 4 0
> VAMPIRE 4 11 11 3 5 4 0
< RES 1637099224 298 3
< MOVE U U
> REQ 1637099224 299 3
> VAMPIRE 1 9 11 3 5 4 0
> VAMPIRE 3 9 11 3 5 4 0
> VAMPIRE 2 9 11 3 5 4 0
> VAMPIRE 4 9 11 3 5 4 0
< RES 1637099224 299 3
< MOVE D D
> REQ 1637099224 300 3
> VAMPIRE 1 11 11 3 5 4 0
> VAMPIRE 3 11 11 3 5 4 0
> VAMPIRE 2 11 11 3 5 4 0
> VAMPIRE 4 11 11 3 5 4 0
< RES 1637099224 300 3
< MOVE U U
> REQ 1637099224 301 3
> VAMPIRE 1 9 11 3 5 4 0
> VAMPIRE 3 9 11 3 5 4 0
> VAMPIRE 2 9 11 3 5 4 0
> VAMPIRE 4 9 11 3 5 4 0
< RES 1637099224 301 3
< MOVE D D
> REQ 1637099224 302 3
> VAMPIRE 1 11 11 3 5 4 0
> VAMPIRE 3 11 11 3 5 4 0
> VAMPIRE 2 11 11 3 5 4 0
> VAMPIRE 4 11 11 3 5 4 0
< RES 1637099224 302 3
< MOVE U U
> REQ 1637099224 303 3
> VAMPIRE 1 9 11 3 5 4 0
> VAMPIRE 3 9 11 3 5 4 0
> VAMPIRE 2 9 11 3 5 4 0
> VAMPIRE 4 9 11 3 5 4 0
< RES 1637099224 303 3
< MOVE D D
> REQ 1637099224 304 3
> VAMPIRE 1 11 11 3 5 4 0
> VAMPIRE 3 11 11 3 5 4 0
> VAMPIRE 2 11 11 3 5 4 0
> VAMPIRE 4 11 11 3 5 4 0
> POWERUP TOMATO -7 3 12
> POWERUP TOMATO -7 17 8
< RES 1637099224 304 3
< MOVE U U
> REQ 1637099224 305 3
> VAMPIRE 1 9 11 3 5 4 0
> VAMPIRE 3 9 11 3 5 4 0
> VAMPIRE 2 9 11 3 5 4 0
> VAMPIRE 4 9 11 3 5 4 0
> POWERUP TOMATO -6 3 12
> POWERUP TOMATO -6 17 8
< RES 1637099224 305 3
< MOVE U U
> REQ 1637099224 306 3
> VAMPIRE 1 7 11 3 5 4 0
> VAMPIRE 3 7 11 3 5 4 0
> VAMPIRE 2 7 11 3 5 4 0
> VAMPIRE 4 7 11 3 5 4 0
> POWERUP TOMATO -5 3 12
> POWERUP TOMATO -5 17 8
< RES 1637099224 306 3
< MOVE U U
> REQ 1637099224 307 3
> VAMPIRE 1 5 11 3 5 4 0
> VAMPIRE 3 5 11 3 5 4 0
> VAMPIRE 2 5 11 3 5 4 0
> VAMPIRE 4 5 11 3 5 4 0
> POWERUP TOMATO -4 3 12
> POWERUP TOMATO -4 17 8
< RES 1637099224 307 3
< MOVE U U
> REQ 1637099224 308 3
> VAMPIRE 1 3 11 3 5 4 0
> VAMPIRE 3 3 11 3 5 4 0
> VAMPIRE 2 3 11 3 5 4 0
> VAMPIRE 4 3 11 3 5 4 0
> POWERUP TOMATO -3 3 12
> POWERUP TOMATO -3 17 8
< RES 1637099224 308 3
< MOVE R
> REQ 1637099224 309 3
> VAMPIRE 1 3 12 3 5 4 0
> VAMPIRE 3 3 12 3 5 4 0
> VAMPIRE 2 3 12 3 5 4 0
> VAMPIRE 4 3 13 3 4 4 0
> GRENADE 4 3 11 5 4
> POWERUP TOMATO -2 3 12
> POWERUP TOMATO -2 17 8
< RES 1637099224 309 3
> REQ 1637099224 310 3
> VAMPIRE 1 3 12 3 5 4 0
> VAMPIRE 3 3 12 3 5 4 0
> VAMPIRE 2 3 12 3 5 4 0
> VAMPIRE 4 5 13 3 3 4 0
> GRENADE 4 3 11 4 4
> GRENADE 4 3 13 5 4
> POWERUP TOMATO -1 3 12
> POWERUP TOMATO -1 17 8
< RES 1637099224 310 3
> REQ 1637099224 311 3
> VAMPIRE 1 3 12 3 5 4 0
> VAMPIRE 3 3 12 3 5 4 0
> VAMPIRE 2 3 12 3 5 4 0
> VAMPIRE 4 7 13 3 3 4 0
> GRENADE 4 3 11 3 4
> GRENADE 4 3 13 4 4
> POWERUP TOMATO 16 17 8
< RES 1637099224 311 3
> REQ 1637099224 312 3
> VAMPIRE 1 3 12 3 5 4 0
> VAMPIRE 3 3 12 3 5 4 0
> VAMPIRE 2 3 12 3 5 4 0
> VAMPIRE 4 9 13 3 3 4 0
> GRENADE 4 3 11 2 4
> GRENADE 4 3 13 3 4
> POWERUP TOMATO 15 17 8
< RES 1637099224 312 3
> REQ 1637099224 313 3
> VAMPIRE 1 3 12 3 5 4 0
> VAMPIRE 3 3 12 3 5 4 0
> VAMPIRE 2 3 12 3 5 4 0
> VAMPIRE 4 11 13 3 3 4 0
> GRENADE 4 3 11 1 4
> GRENADE 4 3 13 2 4
> POWERUP TOMATO 14 17 8
< RES 1637099224 313 3
> REQ 1637099224 314 3
> VAMPIRE 1 3 12 2 5 4 0
> VAMPIRE 3 3 12 2 5 4 0
> VAMPIRE 2 3 12 2 5 4 0
> VAMPIRE 4 13 13 3 5 4 0
> POWERUP TOMATO 13 17 8
< RES 1637099224 314 3
< MOVE L
> REQ 1637099224 315 3
> VAMPIRE 1 3 11 2 5 4 0
> VAMPIRE 3 3 11 2 5 4 0
> VAMPIRE 2 3 11 2 5 4 0
> VAMPIRE 4 15 13 3 5 4 0
> POWERUP TOMATO 12 17 8
< RES 1637099224 315 3
< MOVE D D
> REQ 1637099224 316 3
> VAMPIRE 1 5 11 2 5 4 0
> VAMPIRE 3 5 11 2 5 4 0
> VAMPIRE 2 5 11 2 5 4 0
> VAMPIRE 4 17 13 3 5 4 0
> POWERUP TOMATO 11 17 8
< RES 1637099224 316 3
< MOVE D D
> REQ 1637099224 317 3
> VAMPIRE 1 7 11 2 5 4 0
> VAMPIRE 3 7 11 2 5 4 0
> VAMPIRE 2 7 11 2 5 4 0
> VAMPIRE 4 17 11 3 5 4 0
> POWERUP TOMATO 10 17 8
< RES 1637099224 317 3
< MOVE L L
> REQ 1637099224 318 3
> VAMPIRE 1 7 9 2 5 4 0
> VAMPIRE 3 7 9 2 5 4 0
> VAMPIRE 2 7 9 2 5 4 0
> VAMPIRE 4 17 9 3 5 4 0
> POWERUP TOMATO 9 17 8
< RES 1637099224 318 3
< MOVE R R
> REQ 1637099224 319 3
> VAMPIRE 1 7 11 2 5 4 0
> VAMPIRE 3 7 11 2 5 4 0
> VAMPIRE 2 7 11 2 5 4 0
> VAMPIRE 4 17 8 3 5 4 0
> POWERUP TOMATO 8 17 8
< RES 1637099224 319 3
< MOVE L L
> REQ 1637099224 320 3
> VAMPIRE 1 7 9 2 5 4 0
> VAMPIRE 3 7 9 2 5 4 0
> VAMPIRE 2 7 9 2 5 4 0
> VAMPIRE 4 17 7 3 5 4 0
< RES 1637099224 320 3
< MOVE R R
> REQ 1637099224 321 3
> VAMPIRE 1 7 11 2 5 4 0
> VAMPIRE 3 7 11 2 5 4 0
> VAMPIRE 2 7 11 2 5 4 0
> VAMPIRE 4 15 7 3 5 4 0
< RES 1637099224 321 3
< MOVE L L
> REQ 1637099224 322 3
> VAMPIRE 1 7 9 2 5 4 0
> VAMPIRE 3 7 9 2 5 4 0
> VAMPIRE 2 7 9 2 5 4 0
> VAMPIRE 4 13 7 3 5 4 0
< RES 1637099224 322 3
< MOVE R R
> REQ 1637099224 323 3
> VAMPIRE 1 7 11 2 5 4 0
> VAMPIRE 3 7 11 2 5 4 0
> VAMPIRE 2 7 11 2 5 4 0
> VAMPIRE 4 11 7 3 5 4 0
< RES 1637099224 323 3
< MOVE R R
> REQ 1637099224 324 3
> VAMPIRE 1 7 13 2 5 4 0
> VAMPIRE 3 7 13 2 5 4 0
> VAMPIRE 2 7 13 2 5 4 0
> VAMPIRE 4 11 9 3 5 4 0
< RES 1637099224 324 3
< MOVE D D
> REQ 1637099224 325 3
> VAMPIRE 1 9 13 2 5 4 0
> VAMPIRE 3 9 13 2 5 4 0
> VAMPIRE 2 9 13 2 5 4 0
> VAMPIRE 4 9 9 3 5 4 0
< RES 1637099224 325 3
< MOVE D D
> REQ 1637099224 326 3
> VAMPIRE 1 11 13 2 5 4 0
> VAMPIRE 3 11 13 2 5 4 0
> VAMPIRE 2 11 13 2 5 4 0
> VAMPIRE 4 9 11 3 5 4 0
< RES 1637099224 326 3
< MOVE D D
> REQ 1637099224 327 3
> VAMPIRE 1 13 13 2 5 4 0
> VAMPIRE 3 13 13 2 5 4 0
> VAMPIRE 2 13 13 2 5 4 0
> VAMPIRE 4 11 11 3 5 4 0
< RES 1637099224 327 3
< MOVE U U
> REQ 1637099224 328 3
> VAMPIRE 1 11 13 2 5 4 0
> VAMPIRE 3 11 13 2 5 4 0
> VAMPIRE 2 11 13 2 5 4 0
> VAMPIRE 4 11 13 3 5 4 0
< RES 1637099224 328 3
< MOVE L L
> REQ 1637099224 329 3
> VAMPIRE 1 11 11 2 5 4 0
> VAMPIRE 3 11 11 2 5 4 0
> VAMPIRE 2 11 11 2 5 4 0
> VAMPIRE 4 11 11 3 5 4 0
< RES 1637099224 329 3
< MOVE U U
> REQ 1637099224 330 3
> VAMPIRE 1 9 11 2 5 4 0
> VAMPIRE 3 9 11 2 5 4 0
> VAMPIRE 2 9 11 2 5 4 0
> VAMPIRE 4 9 11 3 5 4 0
< RES 1637099224 330 3
< MOVE D D
> REQ 1637099224 331 3
> VAMPIRE 1 11 11 2 5 4 0
> VAMPIRE 3 11 11 2 5 4 0
> VAMPIRE 2 11 11 2 5 4 0
> VAMPIRE 4 11 11 3 5 4 0
< RES 1637099224 331 3
< MOVE U U
> REQ 1637099224 332 3
> VAMPIRE 1 9 11 2 5 4 0
> VAMPIRE 3 9 11 2 5 4 0
> VAMPIRE 2 9 11 2 5 4 0
> VAMPIRE 4 9 11 3 5 4 0
< RES 1637099224 332 3
< MOVE D D
> REQ 1637099224 333 3
> VAMPIRE 1 11 11 2 5 4 0
> VAMPIRE 3 11 11 2 5 4 0
> VAMPIRE 2 11 11 2 5 4 0
> VAMPIRE 4 11 11 3 5 4 0
< RES 1637099224 333 3
< MOVE U U
> REQ 1637099224 334 3
> VAMPIRE 1 9 11 2 5 4 0
> VAMPIRE 3 9 11 2 5 4 0
> VAMPIRE 2 9 11 2 5 4 0
> VAMPIRE 4 9 11 3 5 4 0
< RES 1637099224 334 3
< MOVE D D
> REQ 1637099224 335 3
> VAMPIRE 1 11 11 2 5 4 0
> VAMPIRE 3 11 11 2 5 4 0
> VAMPIRE 2 11 11 2 5 4 0
> VAMPIRE 4 11 11 3 5 4 0
> POWERUP BATTERY -6 12 13
> POWERUP BATTERY -6 8 7
< RES 1637099224 335 3
< MOVE R R
> REQ 1637099224 336 3
> VAMPIRE 1 11 13 2 5 4 0
> VAMPIRE 3 11 13 2 5 4 0
> VAMPIRE 2 11 13 2 5 4 0
> VAMPIRE 4 11 13 3 5 4 0
> POWERUP BATTERY -5 12 13
> POWERUP BATTERY -5 8 7
< RES 1637099224 336 3
< MOVE D
> REQ 1637099224 337 3
> VAMPIRE 1 12 13 2 5 4 0
> VAMPIRE 3 12 13 2 5 4 0
> VAMPIRE 2 12 13 2 5 4 0
> VAMPIRE 4 13 13 3 4 4 0
> GRENADE 4 11 13 5 4
> POWERUP BATTERY -4 12 13
> POWERUP BATTERY -4 8 7
< RES 1637099224 337 3
< GRENADE
> REQ 1637099224 338 3
> VAMPIRE 1 12 13 2 4 4 0
> VAMPIRE 3 12 13 2 4 4 0
> VAMPIRE 2 12 13 2 4 4 0
> VAMPIRE 4 13 11 3 3 4 0
> GRENADE 4 11 13 4 4
> GRENADE 1 12 13 5 4
> GRENADE 3 12 13 5 4
> GRENADE 2 12 13 5 4
> GRENADE 4 13 13 5 4
> POWERUP BATTERY -3 12 13
> POWERUP BATTERY -3 8 7
< RES 1637099224 338 3
> REQ 1637099224 339 3
> VAMPIRE 1 12 13 2 4 4 0
> VAMPIRE 3 12 13 2 4 4 0
> VAMPIRE 2 12 13 2 4 4 0
> VAMPIRE 4 11 11 3 3 4 0
> GRENADE 4 11 13 3 4
> GRENADE 1 12 13 4 4
> GRENADE 3 12 13 4 4
> GRENADE 2 12 13 4 4
> GRENADE 4 13 13 4 4
> POWERUP BATTERY -2 12 13
> POWERUP BATTERY -2 8 7
< RES 1637099224 339 3
> REQ 1637099224 340 3
> VAMPIRE 1 12 13 2 4 4 0
> VAMPIRE 3 12 13 2 4 4 0
> VAMPIRE 2 12 13 2 4 4 0
> VAMPIRE 4 9 11 3 3 4 0
> GRENADE 4 11 13 2 4
> GRENADE 1 12 13 3 4
> GRENADE 3 12 13 3 4
> GRENADE 2 12 13 3 4
> GRENADE 4 13 13 3 4
> POWERUP BATTERY -1 12 13
> POWERUP BATTERY -1 8 7
< RES 1637099224 340 3
< GRENADE
> REQ 1637099224 341 3
> VAMPIRE 1 12 13 2 3 5 0
> VAMPIRE 3 12 13 2 3 5 0
> VAMPIRE 2 12 13 2 3 5 0
> VAMPIRE 4 9 9 3 3 4 0
> GRENADE 4 11 13 1 4
> GRENADE 1 12 13 2 4
> GRENADE 3 12 13 2 4
> GRENADE 2 12 13 2 4
> GRENADE 4 13 13 2 4
> GRENADE 1 12 13 5 5
> GRENADE 3 12 13 5 5
> GRENADE 2 12 13 5 5
> POWERUP BATTERY 16 8 7
< RES 1637099224 341 3
> REQ 1637099224 342 3
> VAMPIRE 1 12 13 1 5 5 0
> VAMPIRE 3 12 13 1 5 5 0
> VAMPIRE 2 12 13 1 5 5 0
> VAMPIRE 4 9 7 3 5 4 0
> POWERUP BATTERY 15 8 7
< RES 1637099224 342 3
< MOVE U
> REQ 1637099224 343 3
> VAMPIRE 1 11 13 1 5 5 0
> VAMPIRE 3 11 13 1 5 5 0
> VAMPIRE 2 11 13 1 5 5 0
> VAMPIRE 4 8 7 3 5 4 0
> POWERUP BATTERY 14 8 7
< RES 1637099224 343 3
> REQ 1637099224 344 3
> VAMPIRE 1 11 13 1 5 5 0
> VAMPIRE 3 11 13 1 5 5 0
> VAMPIRE 2 11 13 1 5 5 0
> VAMPIRE 4 7 7 3 5 5 0
< RES 1637099224 344 3
< MOVE D D
> REQ 1637099224 345 3
> VAMPIRE 1 13 13 1 5 5 0
> VAMPIRE 3 13 13 1 5 5 0
> VAMPIRE 2 13 13 1 5 5 0
> VAMPIRE 4 7 9 3 5 5 0
< RES 1637099224 345 3
< MOVE L L
> REQ 1637099224 346 3
> VAMPIRE 1 13 11 1 5 5 0
> VAMPIRE 3 13 11 1 5 5 0
> VAMPIRE 2 13 11 1 5 5 0
> VAMPIRE 4 9 9 3 5 5 0
< RES 1637099224 346 3
< MOVE D D
> REQ 1637099224 347 3
> VAMPIRE 1 15 11 1 5 5 0
> VAMPIRE 3 15 11 1 5 5 0
> VAMPIRE 2 15 11 1 5 5 0
> VAMPIRE 4 11 9 3 5 5 0
< RES 1637099224 347 3
< MOVE R R
> REQ 1637099224 348 3
> VAMPIRE 1 15 13 1 5 5 0
> VAMPIRE 3 15 13 1 5 5 0
> VAMPIRE 2 15 13 1 5 5 0
> VAMPIRE 4 11 9 3 5 5 0
< RES 1637099224 348 3
< MOVE U U
> REQ 1637099224 349 3
> VAMPIRE 1 13 13 1 5 5 0
> VAMPIRE 3 13 13 1 5 5 0
> VAMPIRE 2 13 13 1 5 5 0
> VAMPIRE 4 11 11 3 5 5 0
< RES 1637099224 349 3
> REQ 1637099224 350 3
> VAMPIRE 1 13 13 1 5 5 0
> VAMPIRE 3 13 13 1 5 5 0
> VAMPIRE 2 13 13 1 5 5 0
> VAMPIRE 4 11 11 3 5 5 0
< RES 1637099224 350 3
> REQ 1637099224 351 3
> VAMPIRE 1 13 13 1 5 5 0
> VAMPIRE 3 13 13 1 5 5 0
> VAMPIRE 2 13 13 1 5 5 0
> VAMPIRE 4 11 11 3 5 5 0
< RES 1637099224 351 3
> REQ 1637099224 352 3
> VAMPIRE 1 13 13 1 5 5 0
> VAMPIRE 3 13 13 1 5 5 0
> VAMPIRE 2 13 13 1 5 5 0
> VAMPIRE 4 11 11 3 5 5 0
< RES 1637099224 352 3
> REQ 1637099224 353 3
> VAMPIRE 1 13 13 1 5 5 0
> VAMPIRE 3 13 13 1 5 5 0
> VAMPIRE 2 13 13 1 5 5 0
> VAMPIRE 4 11 11 3 5 5 0
< RES 1637099224 353 3
> REQ 1637099224 354 3
> VAMPIRE 1 13 13 1 5 5 0
> VAMPIRE 3 13 13 1 5 5 0
> VAMPIRE 2 13 13 1 5 5 0
> VAMPIRE 4 11 11 3 5 5 0
< RES 1637099224 354 3
> REQ 1637099224 355 3
> VAMPIRE 1 13 13 1 5 5 0
> VAMPIRE 3 13 13 1 5 5 0
> VAMPIRE 2 13 13 1 5 5 0
> VAMPIRE 4 11 11 3 5 5 0
< RES 1637099224 355 3
> REQ 1637099224 356 3
> VAMPIRE 1 13 13 1 5 5 0
> VAMPIRE 3 13 13 1 5 5 0
> VAMPIRE 2 13 13 1 5 5 0
> VAMPIRE 4 11 11 3 5 5 0
< RES 1637099224 356 3
> REQ 1637099224 357 3
> VAMPIRE 1 13 13 1 5 5 0
> VAMPIRE 3 13 13 1 5 5 0
> VAMPIRE 2 13 13 1 5 5 0
> VAMPIRE 4 11 11 3 5 5 0
< RES 1637099224 357 3
> REQ 1637099224 358 3
> VAMPIRE 1 13 13 1 5 5 0
> VAMPIRE 3 13 13 1 5 5 0
> VAMPIRE 2 13 13 1 5 5 0
> VAMPIRE 4 11 11 3 5 5 0
< RES 1637099224 358 3
> REQ 1637099224 359 3
> VAMPIRE 1 13 13 1 5 5 0
> VAMPIRE 3 13 13 1 5 5 0
> VAMPIRE 2 13 13 1 5 5 0
> VAMPIRE 4 11 11 3 5 5 0
< RES 1637099224 359 3
> REQ 1637099224 360 3
> VAMPIRE 1 13 13 1 5 5 0
> VAMPIRE 3 13 13 1 5 5 0
> VAMPIRE 2 13 13 1 5 5 0
> VAMPIRE 4 11 11 3 5 5 0
< RES 1637099224 360 3
> REQ 1637099224 361 3
> VAMPIRE 1 13 13 1 5 5 0
> VAMPIRE 3 13 13 1 5 5 0
> VAMPIRE 2 13 13 1 5 5 0
> VAMPIRE 4 11 11 3 5 5 0
< RES 1637099224 361 3
> REQ 1637099224 362 3
> VAMPIRE 1 13 13 1 5 5 0
> VAMPIRE 3 13 13 1 5 5 0
> VAMPIRE 2 13 13 1 5 5 0
> VAMPIRE 4 11 11 3 5 5 0
< RES 1637099224 362 3
> REQ 1637099224 363 3
> VAMPIRE 1 13 13 1 5 5 0
> VAMPIRE 3 13 13 1 5 5 0
> VAMPIRE 2 13 13 1 5 5 0
> VAMPIRE 4 11 11 3 5 5 0
< RES 1637099224 363 3
> REQ 1637099224 364 3
> VAMPIRE 1 13 13 1 5 5 0
> VAMPIRE 3 13 13 1 5 5 0
> VAMPIRE 2 13 13 1 5 5 0
> VAMPIRE 4 11 11 3 5 5 0
< RES 1637099224 364 3
> REQ 1637099224 365 3
> VAMPIRE 1 13 13 1 5 5 0
> VAMPIRE 3 13 13 1 5 5 0
> VAMPIRE 2 13 13 1 5 5 0
> VAMPIRE 4 11 11 3 5 5 0
> POWERUP BATTERY -9 7 10
> POWERUP BATTERY -9 13 10
< RES 1637099224 365 3
< MOVE L L
> REQ 1637099224 366 3
> VAMPIRE 1 13 11 1 5 5 0
> VAMPIRE 3 13 11 1 5 5 0
> VAMPIRE 2 13 11 1 5 5 0
> VAMPIRE 4 13 11 3 5 5 0
> POWERUP BATTERY -8 7 10
> POWERUP BATTERY -8 13 10
< RES 1637099224 366 3
< MOVE L
> REQ 1637099224 367 3
> VAMPIRE 1 13 10 1 5 5 0
> VAMPIRE 3 13 10 1 5 5 0
> VAMPIRE 2 13 10 1 5 5 0
> VAMPIRE 4 13 9 3 4 5 0
> GRENADE 4 13 11 5 5
> POWERUP BATTERY -7 7 10
> POWERUP BATTERY -7 13 10
< RES 1637099224 367 3
> REQ 1637099224 368 3
> VAMPIRE 1 13 10 1 5 5 0
> VAMPIRE 3 13 10 1 5 5 0
> VAMPIRE 2 13 10 1 5 5 0
> VAMPIRE 4 11 9 3 3 5 0
> GRENADE 4 13 11 4 5
> GRENADE 4 13 9 5 5
> POWERUP BATTERY -6 7 10
> POWERUP BATTERY -6 13 10
< RES 1637099224 368 3
> REQ 1637099224 369 3
> VAMPIRE 1 13 10 1 5 5 0
> VAMPIRE 3 13 10 1 5 5 0
> VAMPIRE 2 13 10 1 5 5 0
> VAMPIRE 4 9 9 3 3 5 0
> GRENADE 4 13 11 3 5
> GRENADE 4 13 9 4 5
> POWERUP BATTERY -5 7 10
> POWERUP BATTERY -5 13 10
< RES 1637099224 369 3
> REQ 1637099224 370 3
> VAMPIRE 1 13 10 1 5 5 0
> VAMPIRE 3 13 10 1 5 5 0
> VAMPIRE 2 13 10 1 5 5 0
> VAMPIRE 4 7 9 3 3 5 0
> GRENADE 4 13 11 2 5
> GRENADE 4 13 9 3 5
> POWERUP BATTERY -4 7 10
> POWERUP BATTERY -4 13 10
< RES 1637099224 370 3
> REQ 1637099224 371 3
> VAMPIRE 1 13 10 1 5 5 0
> VAMPIRE 3 13 10 1 5 5 0
> VAMPIRE 2 13 10 1 5 5 0
> VAMPIRE 4 7 10 3 3 5 0
> GRENADE 4 13 11 1 5
> GRENADE 4 13 9 2 5
> POWERUP BATTERY -3 7 10
> POWERUP BATTERY -3 13 10
< RES 1637099224 371 3
> END 780 Could_not_be_more_deaded
