> MESSAGE OK
> LEVEL 9
> GAMEID 1637256856
> TEST 1
> MAXTICK 1000
> GRENADERADIUS 2
> SIZE 21
> REQ 1637256856 0 2
> VAMPIRE 1 1 1 3 1 2 0
> VAMPIRE 4 1 19 3 1 2 0
> VAMPIRE 3 19 19 3 1 2 0
> VAMPIRE 2 19 1 3 1 2 0
> BAT1 4 1 6 1 8 1 10 1 12 1 14 1 16 1 1 4 19 4 6 5 8 5 10 5 12 5 14 5 1 6 5 6 15 6 19 6 1 8 5 8 15 8 19 8 10 9 1 10 5 10 9 10 11 10 15 10 19 10 10 11 1 12 5 12 15 12 19 12 1 14 5 14 15 14 19 14 6 15 8 15 10 15 12 15 14 15 1 16 19 16 4 19 6 19 8 19 10 19 12 19 14 19 16 19
> BAT2 4 3 6 3 8 3 10 3 12 3 14 3 16 3 3 4 17 4 3 6 17 6 8 7 10 7 12 7 3 8 7 8 13 8 17 8 3 10 7 10 13 10 17 10 3 12 7 12 13 12 17 12 8 13 10 13 12 13 3 14 17 14 3 16 17 16 4 17 6 17 8 17 10 17 12 17 14 17 16 17
< RES 1637256856 0 2
< MOVE U U
> REQ 1637256856 1 2
> VAMPIRE 1 2 1 3 1 2 0
> VAMPIRE 4 3 19 3 1 2 0
> VAMPIRE 3 17 19 3 1 2 0
> VAMPIRE 2 17 1 3 1 2 0
> BAT1 4 1 6 1 8 1 10 1 12 1 14 1 16 1 1 4 19 4 6 5 8 5 10 5 12 5 14 5 1 6 5 6 15 6 19 6 1 8 5 8 15 8 19 8 10 9 1 10 5 10 9 10 11 10 15 10 19 10 10 11 1 12 5 12 15 12 19 12 1 14 5 14 15 14 19 14 6 15 8 15 10 15 12 15 14 15 1 16 19 16 4 19 6 19 8 19 10 19 12 19 14 19 16 19
> BAT2 4 3 6 3 8 3 10 3 12 3 14 3 16 3 3 4 17 4 3 6 17 6 8 7 10 7 12 7 3 8 7 8 13 8 17 8 3 10 7 10 13 10 17 10 3 12 7 12 13 12 17 12 8 13 10 13 12 13 3 14 17 14 3 16 17 16 4 17 6 17 8 17 10 17 12 17 14 17 16 17
< RES 1637256856 1 2
< MOVE R R
> REQ 1637256856 2 2
> VAMPIRE 1 1 2 3 0 2 0
> VAMPIRE 4 3 17 3 1 2 0
> VAMPIRE 3 17 17 3 1 2 0
> VAMPIRE 2 17 3 3 1 2 0
> GRENADE 1 2 1 5 2
> BAT1 4 1 6 1 8 1 10 1 12 1 14 1 16 1 1 4 19 4 6 5 8 5 10 5 12 5 14 5 1 6 5 6 15 6 19 6 1 8 5 8 15 8 19 8 10 9 1 10 5 10 9 10 11 10 15 10 19 10 10 11 1 12 5 12 15 12 19 12 1 14 5 14 15 14 19 14 6 15 8 15 10 15 12 15 14 15 1 16 19 16 4 19 6 19 8 19 10 19 12 19 14 19 16 19
> BAT2 4 3 6 3 8 3 10 3 12 3 14 3 16 3 3 4 17 4 3 6 17 6 8 7 10 7 12 7 3 8 7 8 13 8 17 8 3 10 7 10 13 10 17 10 3 12 7 12 13 12 17 12 8 13 10 13 12 13 3 14 17 14 3 16 17 16 4 17 6 17 8 17 10 17 12 17 14 17 16 17
< RES 1637256856 2 2
< GRENADE
< MOVE D D
> REQ 1637256856 3 2
> VAMPIRE 1 1 3 3 0 2 0
> VAMPIRE 4 1 17 3 0 2 0
> VAMPIRE 3 19 17 3 0 2 0
> VAMPIRE 2 19 3 3 0 2 0
> GRENADE 1 2 1 4 2
> GRENADE 4 3 17 5 2
> GRENADE 3 17 17 5 2
> GRENADE 2 17 3 5 2
> BAT1 4 1 6 1 8 1 10 1 12 1 14 1 16 1 1 4 19 4 6 5 8 5 10 5 12 5 14 5 1 6 5 6 15 6 19 6 1 8 5 8 15 8 19 8 10 9 1 10 5 10 9 10 11 10 15 10 19 10 10 11 1 12 5 12 15 12 19 12 1 14 5 14 15 14 19 14 6 15 8 15 10 15 12 15 14 15 1 16 19 16 4 19 6 19 8 19 10 19 12 19 14 19 16 19
> BAT2 4 3 6 3 8 3 10 3 12 3 14 3 16 3 3 4 17 4 3 6 17 6 8 7 10 7 12 7 3 8 7 8 13 8 17 8 3 10 7 10 13 10 17 10 3 12 7 12 13 12 17 12 8 13 10 13 12 13 3 14 17 14 3 16 17 16 4 17 6 17 8 17 10 17 12 17 14 17 16 17
< RES 1637256856 3 2
< MOVE L
> REQ 1637256856 4 2
> VAMPIRE 1 1 3 3 0 2 0
> VAMPIRE 4 1 18 3 0 2 0
> VAMPIRE 3 19 18 3 0 2 0
> VAMPIRE 2 19 2 3 0 2 0
> GRENADE 1 2 1 3 2
> GRENADE 4 3 17 4 2
> GRENADE 3 17 17 4 2
> GRENADE 2 17 3 4 2
> BAT1 4 1 6 1 8 1 10 1 12 1 14 1 16 1 1 4 19 4 6 5 8 5 10 5 12 5 14 5 1 6 5 6 15 6 19 6 1 8 5 8 15 8 19 8 10 9 1 10 5 10 9 10 11 10 15 10 19 10 10 11 1 12 5 12 15 12 19 12 1 14 5 14 15 14 19 14 6 15 8 15 10 15 12 15 14 15 1 16 19 16 4 19 6 19 8 19 10 19 12 19 14 19 16 19
> BAT2 4 3 6 3 8 3 10 3 12 3 14 3 16 3 3 4 17 4 3 6 17 6 8 7 10 7 12 7 3 8 7 8 13 8 17 8 3 10 7 10 13 10 17 10 3 12 7 12 13 12 17 12 8 13 10 13 12 13 3 14 17 14 3 16 17 16 4 17 6 17 8 17 10 17 12 17 14 17 16 17
< RES 1637256856 4 2
> REQ 1637256856 5 2
> VAMPIRE 1 1 3 3 0 2 0
> VAMPIRE 4 1 18 3 0 2 0
> VAMPIRE 3 19 18 3 0 2 0
> VAMPIRE 2 19 2 3 0 2 0
> GRENADE 1 2 1 2 2
> GRENADE 4 3 17 3 2
> GRENADE 3 17 17 3 2
> GRENADE 2 17 3 3 2
> BAT1 4 1 6 1 8 1 10 1 12 1 14 1 16 1 1 4 19 4 6 5 8 5 10 5 12 5 14 5 1 6 5 6 15 6 19 6 1 8 5 8 15 8 19 8 10 9 1 10 5 10 9 10 11 10 15 10 19 10 10 11 1 12 5 12 15 12 19 12 1 14 5 14 15 14 19 14 6 15 8 15 10 15 12 15 14 15 1 16 19 16 4 19 6 19 8 19 10 19 12 19 14 19 16 19
> BAT2 4 3 6 3 8 3 10 3 12 3 14 3 16 3 3 4 17 4 3 6 17 6 8 7 10 7 12 7 3 8 7 8 13 8 17 8 3 10 7 10 13 10 17 10 3 12 7 12 13 12 17 12 8 13 10 13 12 13 3 14 17 14 3 16 17 16 4 17 6 17 8 17 10 17 12 17 14 17 16 17
< RES 1637256856 5 2
> REQ 1637256856 6 2
> VAMPIRE 1 1 3 3 0 2 0
> VAMPIRE 4 1 18 3 0 2 0
> VAMPIRE 3 19 18 3 0 2 0
> VAMPIRE 2 19 2 3 0 2 0
> GRENADE 1 2 1 1 2
> GRENADE 4 3 17 2 2
> GRENADE 3 17 17 2 2
> GRENADE 2 17 3 2 2
> BAT1 4 1 6 1 8 1 10 1 12 1 14 1 16 1 1 4 19 4 6 5 8 5 10 5 12 5 14 5 1 6 5 6 15 6 19 6 1 8 5 8 15 8 19 8 10 9 1 10 5 10 9 10 11 10 15 10 19 10 10 11 1 12 5 12 15 12 19 12 1 14 5 14 15 14 19 14 6 15 8 15 10 15 12 15 14 15 1 16 19 16 4 19 6 19 8 19 10 19 12 19 14 19 16 19
> BAT2 4 3 6 3 8 3 10 3 12 3 14 3 16 3 3 4 17 4 3 6 17 6 8 7 10 7 12 7 3 8 7 8 13 8 17 8 3 10 7 10 13 10 17 10 3 12 7 12 13 12 17 12 8 13 10 13 12 13 3 14 17 14 3 16 17 16 4 17 6 17 8 17 10 17 12 17 14 17 16 17
< RES 1637256856 6 2
< MOVE L U
> REQ 1637256856 7 2
> VAMPIRE 1 3 3 3 1 2 0
> VAMPIRE 4 2 19 3 0 2 0
> VAMPIRE 3 18 19 3 0 2 0
> VAMPIRE 2 18 1 3 0 2 0
> GRENADE 4 3 17 1 2
> GRENADE 3 17 17 1 2
> GRENADE 2 17 3 1 2
> BAT1 6 1 8 1 10 1 12 1 14 1 16 1 1 4 19 4 6 5 8 5 10 5 12 5 14 5 1 6 5 6 15 6 19 6 1 8 5 8 15 8 19 8 10 9 1 10 5 10 9 10 11 10 15 10 19 10 10 11 1 12 5 12 15 12 19 12 1 14 5 14 15 14 19 14 6 15 8 15 10 15 12 15 14 15 1 16 19 16 4 19 6 19 8 19 10 19 12 19 14 19 16 19
> BAT2 4 3 6 3 8 3 10 3 12 3 14 3 16 3 3 4 17 4 3 6 17 6 8 7 10 7 12 7 3 8 7 8 13 8 17 8 3 10 7 10 13 10 17 10 3 12 7 12 13 12 17 12 8 13 10 13 12 13 3 14 17 14 3 16 17 16 4 17 6 17 8 17 10 17 12 17 14 17 16 17
< RES 1637256856 7 2
< MOVE U
> REQ 1637256856 8 2
> VAMPIRE 1 3 1 3 0 2 0
> VAMPIRE 4 3 19 3 1 2 0
> VAMPIRE 3 17 19 3 1 2 0
> VAMPIRE 2 17 1 3 1 2 0
> GRENADE 1 3 3 5 2
> BAT1 6 1 8 1 10 1 12 1 14 1 16 1 1 4 19 4 6 5 8 5 10 5 12 5 14 5 1 6 5 6 15 6 19 6 1 8 5 8 15 8 19 8 10 9 1 10 5 10 9 10 11 10 15 10 19 10 10 11 1 12 5 12 15 12 19 12 1 14 5 14 15 14 19 14 6 15 8 15 10 15 12 15 14 15 1 16 19 16 4 19 6 19 8 19 10 19 12 19 14 19 16 19 16 3 17 4 3 16 17 16 4 17 16 17
> BAT2 4 3 6 3 8 3 10 3 12 3 14 3 3 4 3 6 17 6 8 7 10 7 12 7 3 8 7 8 13 8 17 8 3 10 7 10 13 10 17 10 3 12 7 12 13 12 17 12 8 13 10 13 12 13 3 14 17 14 6 17 8 17 10 17 12 17 14 17
< RES 1637256856 8 2
< GRENADE
< MOVE R R
> REQ 1637256856 9 2
> VAMPIRE 1 5 1 3 0 2 0
> VAMPIRE 4 3 17 3 1 2 0
> VAMPIRE 3 17 17 3 1 2 0
> VAMPIRE 2 17 3 3 0 2 0
> GRENADE 1 3 3 4 2
> GRENADE 2 17 1 5 2
> BAT1 6 1 8 1 10 1 12 1 14 1 16 1 1 4 19 4 6 5 8 5 10 5 12 5 14 5 1 6 5 6 15 6 19 6 1 8 5 8 15 8 19 8 10 9 1 10 5 10 9 10 11 10 15 10 19 10 10 11 1 12 5 12 15 12 19 12 1 14 5 14 15 14 19 14 6 15 8 15 10 15 12 15 14 15 1 16 19 16 4 19 6 19 8 19 10 19 12 19 14 19 16 19 16 3 17 4 3 16 17 16 4 17 16 17
> BAT2 4 3 6 3 8 3 10 3 12 3 14 3 3 4 3 6 17 6 8 7 10 7 12 7 3 8 7 8 13 8 17 8 3 10 7 10 13 10 17 10 3 12 7 12 13 12 17 12 8 13 10 13 12 13 3 14 17 14 6 17 8 17 10 17 12 17 14 17
< RES 1637256856 9 2
< MOVE D D
> REQ 1637256856 10 2
> VAMPIRE 1 5 1 3 0 2 0
> VAMPIRE 4 1 17 3 0 2 0
> VAMPIRE 3 19 17 3 0 2 0
> VAMPIRE 2 19 3 3 0 2 0
> GRENADE 1 3 3 3 2
> GRENADE 2 17 1 4 2
> GRENADE 4 3 17 5 2
> GRENADE 3 17 17 5 2
> BAT1 6 1 8 1 10 1 12 1 14 1 16 1 1 4 19 4 6 5 8 5 10 5 12 5 14 5 1 6 5 6 15 6 19 6 1 8 5 8 15 8 19 8 10 9 1 10 5 10 9 10 11 10 15 10 19 10 10 11 1 12 5 12 15 12 19 12 1 14 5 14 15 14 19 14 6 15 8 15 10 15 12 15 14 15 1 16 19 16 4 19 6 19 8 19 10 19 12 19 14 19 16 19 16 3 17 4 3 16 17 16 4 17 16 17
> BAT2 4 3 6 3 8 3 10 3 12 3 14 3 3 4 3 6 17 6 8 7 10 7 12 7 3 8 7 8 13 8 17 8 3 10 7 10 13 10 17 10 3 12 7 12 13 12 17 12 8 13 10 13 12 13 3 14 17 14 6 17 8 17 10 17 12 17 14 17
< RES 1637256856 10 2
> REQ 1637256856 11 2
> VAMPIRE 1 5 1 3 0 2 0
> VAMPIRE 4 1 18 3 0 2 0
> VAMPIRE 3 19 18 3 0 2 0
> VAMPIRE 2 19 3 3 0 2 0
> GRENADE 1 3 3 2 2
> GRENADE 2 17 1 3 2
> GRENADE 4 3 17 4 2
> GRENADE 3 17 17 4 2
> BAT1 6 1 8 1 10 1 12 1 14 1 16 1 1 4 19 4 6 5 8 5 10 5 12 5 14 5 1 6 5 6 15 6 19 6 1 8 5 8 15 8 19 8 10 9 1 10 5 10 9 10 11 10 15 10 19 10 10 11 1 12 5 12 15 12 19 12 1 14 5 14 15 14 19 14 6 15 8 15 10 15 12 15 14 15 1 16 19 16 4 19 6 19 8 19 10 19 12 19 14 19 16 19 16 3 17 4 3 16 17 16 4 17 16 17
> BAT2 4 3 6 3 8 3 10 3 12 3 14 3 3 4 3 6 17 6 8 7 10 7 12 7 3 8 7 8 13 8 17 8 3 10 7 10 13 10 17 10 3 12 7 12 13 12 17 12 8 13 10 13 12 13 3 14 17 14 6 17 8 17 10 17 12 17 14 17
< RES 1637256856 11 2
> REQ 1637256856 12 2
> VAMPIRE 1 5 1 3 0 2 0
> VAMPIRE 4 1 18 3 0 2 0
> VAMPIRE 3 19 18 3 0 2 0
> VAMPIRE 2 19 3 3 0 2 0
> GRENADE 1 3 3 1 2
> GRENADE 2 17 1 2 2
> GRENADE 4 3 17 3 2
> GRENADE 3 17 17 3 2
> BAT1 6 1 8 1 10 1 12 1 14 1 16 1 1 4 19 4 6 5 8 5 10 5 12 5 14 5 1 6 5 6 15 6 19 6 1 8 5 8 15 8 19 8 10 9 1 10 5 10 9 10 11 10 15 10 19 10 10 11 1 12 5 12 15 12 19 12 1 14 5 14 15 14 19 14 6 15 8 15 10 15 12 15 14 15 1 16 19 16 4 19 6 19 8 19 10 19 12 19 14 19 16 19 16 3 17 4 3 16 17 16 4 17 16 17
> BAT2 4 3 6 3 8 3 10 3 12 3 14 3 3 4 3 6 17 6 8 7 10 7 12 7 3 8 7 8 13 8 17 8 3 10 7 10 13 10 17 10 3 12 7 12 13 12 17 12 8 13 10 13 12 13 3 14 17 14 6 17 8 17 10 17 12 17 14 17
< RES 1637256856 12 2
> REQ 1637256856 13 2
> VAMPIRE 1 4 1 3 1 2 0
> VAMPIRE 4 1 18 3 0 2 0
> VAMPIRE 3 19 18 3 0 2 0
> VAMPIRE 2 19 3 3 0 2 0
> GRENADE 2 17 1 1 2
> GRENADE 4 3 17 2 2
> GRENADE 3 17 17 2 2
> BAT1 6 1 8 1 10 1 12 1 14 1 16 1 1 4 19 4 6 5 8 5 10 5 12 5 14 5 1 6 5 6 15 6 19 6 1 8 5 8 15 8 19 8 10 9 1 10 5 10 9 10 11 10 15 10 19 10 10 11 1 12 5 12 15 12 19 12 1 14 5 14 15 14 19 14 6 15 8 15 10 15 12 15 14 15 1 16 19 16 4 19 6 19 8 19 10 19 12 19 14 19 16 19 4 3 16 3 3 4 17 4 3 16 17 16 4 17 16 17
> BAT2 6 3 8 3 10 3 12 3 14 3 3 6 17 6 8 7 10 7 12 7 3 8 7 8 13 8 17 8 3 10 7 10 13 10 17 10 3 12 7 12 13 12 17 12 8 13 10 13 12 13 3 14 17 14 6 17 8 17 10 17 12 17 14 17
< RES 1637256856 13 2
< MOVE U U
> REQ 1637256856 14 2
> VAMPIRE 1 3 2 3 0 2 0
> VAMPIRE 4 2 19 3 0 2 0
> VAMPIRE 3 18 19 3 0 2 0
> VAMPIRE 2 17 3 3 1 2 0
> GRENADE 4 3 17 1 2
> GRENADE 3 17 17 1 2
> GRENADE 1 4 1 5 2
> BAT1 6 1 8 1 10 1 12 1 14 1 1 4 19 4 6 5 8 5 10 5 12 5 14 5 1 6 5 6 15 6 19 6 1 8 5 8 15 8 19 8 10 9 1 10 5 10 9 10 11 10 15 10 19 10 10 11 1 12 5 12 15 12 19 12 1 14 5 14 15 14 19 14 6 15 8 15 10 15 12 15 14 15 1 16 19 16 4 19 6 19 8 19 10 19 12 19 14 19 16 19 4 3 16 3 3 4 17 4 3 16 17 16 4 17 16 17
> BAT2 6 3 8 3 10 3 12 3 14 3 3 6 17 6 8 7 10 7 12 7 3 8 7 8 13 8 17 8 3 10 7 10 13 10 17 10 3 12 7 12 13 12 17 12 8 13 10 13 12 13 3 14 17 14 6 17 8 17 10 17 12 17 14 17
< RES 1637256856 14 2
< GRENADE
< MOVE L L
> REQ 1637256856 15 2
> VAMPIRE 1 3 3 3 0 2 0
> VAMPIRE 4 2 19 3 1 2 0
> VAMPIRE 3 18 19 3 1 2 0
> VAMPIRE 2 17 1 3 0 2 0
> GRENADE 1 4 1 4 2
> GRENADE 2 17 3 5 2
> BAT1 6 1 8 1 10 1 12 1 14 1 1 4 19 4 6 5 8 5 10 5 12 5 14 5 1 6 5 6 15 6 19 6 1 8 5 8 15 8 19 8 10 9 1 10 5 10 9 10 11 10 15 10 19 10 10 11 1 12 5 12 15 12 19 12 1 14 5 14 15 14 19 14 6 15 8 15 10 15 12 15 14 15 1 16 19 16 4 19 6 19 8 19 10 19 12 19 14 19 16 19 4 3 16 3 3 4 17 4
> BAT2 6 3 8 3 10 3 12 3 14 3 3 6 17 6 8 7 10 7 12 7 3 8 7 8 13 8 17 8 3 10 7 10 13 10 17 10 3 12 7 12 13 12 17 12 8 13 10 13 12 13 3 14 17 14 6 17 8 17 10 17 12 17 14 17
< RES 1637256856 15 2
< MOVE U U
> REQ 1637256856 16 2
> VAMPIRE 1 3 3 3 0 2 0
> VAMPIRE 4 3 18 3 0 2 0
> VAMPIRE 3 17 18 3 0 2 0
> VAMPIRE 2 15 1 3 0 2 0
> GRENADE 1 4 1 3 2
> GRENADE 2 17 3 4 2
> GRENADE 4 2 19 5 2
> GRENADE 3 18 19 5 2
> BAT1 6 1 8 1 10 1 12 1 14 1 1 4 19 4 6 5 8 5 10 5 12 5 14 5 1 6 5 6 15 6 19 6 1 8 5 8 15 8 19 8 10 9 1 10 5 10 9 10 11 10 15 10 19 10 10 11 1 12 5 12 15 12 19 12 1 14 5 14 15 14 19 14 6 15 8 15 10 15 12 15 14 15 1 16 19 16 4 19 6 19 8 19 10 19 12 19 14 19 16 19 4 3 16 3 3 4 17 4
> BAT2 6 3 8 3 10 3 12 3 14 3 3 6 17 6 8 7 10 7 12 7 3 8 7 8 13 8 17 8 3 10 7 10 13 10 17 10 3 12 7 12 13 12 17 12 8 13 10 13 12 13 3 14 17 14 6 17 8 17 10 17 12 17 14 17
< RES 1637256856 16 2
> REQ 1637256856 17 2
> VAMPIRE 1 3 3 3 0 2 0
> VAMPIRE 4 3 17 3 0 2 0
> VAMPIRE 3 17 17 3 0 2 0
> VAMPIRE 2 15 1 3 0 2 0
> GRENADE 1 4 1 2 2
> GRENADE 2 17 3 3 2
> GRENADE 4 2 19 4 2
> GRENADE 3 18 19 4 2
> BAT1 6 1 8 1 10 1 12 1 14 1 1 4 19 4 6 5 8 5 10 5 12 5 14 5 1 6 5 6 15 6 19 6 1 8 5 8 15 8 19 8 10 9 1 10 5 10 9 10 11 10 15 10 19 10 10 11 1 12 5 12 15 12 19 12 1 14 5 14 15 14 19 14 6 15 8 15 10 15 12 15 14 15 1 16 19 16 4 19 6 19 8 19 10 19 12 19 14 19 16 19 4 3 16 3 3 4 17 4
> BAT2 6 3 8 3 10 3 12 3 14 3 3 6 17 6 8 7 10 7 12 7 3 8 7 8 13 8 17 8 3 10 7 10 13 10 17 10 3 12 7 12 13 12 17 12 8 13 10 13 12 13 3 14 17 14 6 17 8 17 10 17 12 17 14 17
< RES 1637256856 17 2
> REQ 1637256856 18 2
> VAMPIRE 1 1 3 3 0 2 0
> VAMPIRE 4 3 17 3 0 2 0
> VAMPIRE 3 17 17 3 0 2 0
> VAMPIRE 2 15 1 3 0 2 0
> GRENADE 1 4 1 1 2
> GRENADE 2 17 3 2 2
> GRENADE 4 2 19 3 2
> GRENADE 3 18 19 3 2
> BAT1 6 1 8 1 10 1 12 1 14 1 1 4 19 4 6 5 8 5 10 5 12 5 14 5 1 6 5 6 15 6 19 6 1 8 5 8 15 8 19 8 10 9 1 10 5 10 9 10 11 10 15 10 19 10 10 11 1 12 5 12 15 12 19 12 1 14 5 14 15 14 19 14 6 15 8 15 10 15 12 15 14 15 1 16 19 16 4 19 6 19 8 19 10 19 12 19 14 19 16 19 4 3 16 3 3 4 17 4
> BAT2 6 3 8 3 10 3 12 3 14 3 3 6 17 6 8 7 10 7 12 7 3 8 7 8 13 8 17 8 3 10 7 10 13 10 17 10 3 12 7 12 13 12 17 12 8 13 10 13 12 13 3 14 17 14 6 17 8 17 10 17 12 17 14 17
< RES 1637256856 18 2
> REQ 1637256856 19 2
> VAMPIRE 1 3 3 3 1 2 0
> VAMPIRE 4 3 16 3 0 2 0
> VAMPIRE 3 15 17 3 0 2 0
> VAMPIRE 2 15 1 3 0 2 0
> GRENADE 2 17 3 1 2
> GRENADE 4 2 19 2 2
> GRENADE 3 18 19 2 2
> BAT1 8 1 10 1 12 1 14 1 1 4 19 4 6 5 8 5 10 5 12 5 14 5 1 6 5 6 15 6 19 6 1 8 5 8 15 8 19 8 10 9 1 10 5 10 9 10 11 10 15 10 19 10 10 11 1 12 5 12 15 12 19 12 1 14 5 14 15 14 19 14 6 15 8 15 10 15 12 15 14 15 1 16 19 16 4 19 6 19 8 19 10 19 12 19 14 19 16 19 4 3 16 3 3 4 17 4
> BAT2 6 3 8 3 10 3 12 3 14 3 3 6 17 6 8 7 10 7 12 7 3 8 7 8 13 8 17 8 3 10 7 10 13 10 17 10 3 12 7 12 13 12 17 12 8 13 10 13 12 13 3 14 17 14 6 17 8 17 10 17 12 17 14 17
< RES 1637256856 19 2
> REQ 1637256856 20 2
> VAMPIRE 1 3 1 3 0 2 0
> VAMPIRE 4 2 15 3 0 2 0
> VAMPIRE 3 15 17 3 0 2 0
> VAMPIRE 2 15 1 3 1 2 0
> GRENADE 4 2 19 1 2
> GRENADE 3 18 19 1 2
> GRENADE 1 3 3 5 2
> BAT1 8 1 10 1 12 1 14 1 1 4 19 4 6 5 8 5 10 5 12 5 14 5 1 6 5 6 15 6 19 6 1 8 5 8 15 8 19 8 10 9 1 10 5 10 9 10 11 10 15 10 19 10 10 11 1 12 5 12 15 12 19 12 1 14 5 14 15 14 19 14 6 15 8 15 10 15 12 15 14 15 1 16 19 16 4 19 6 19 8 19 10 19 12 19 14 19 16 19 4 3 3 4
> BAT2 6 3 8 3 10 3 12 3 14 3 3 6 17 6 8 7 10 7 12 7 3 8 7 8 13 8 17 8 3 10 7 10 13 10 17 10 3 12 7 12 13 12 17 12 8 13 10 13 12 13 3 14 17 14 6 17 8 17 10 17 12 17 14 17
< RES 1637256856 20 2
< GRENADE
< MOVE R R
> REQ 1637256856 21 2
> VAMPIRE 1 5 1 3 0 2 0
> VAMPIRE 4 1 15 3 1 2 0
> VAMPIRE 3 15 15 3 1 2 0
> VAMPIRE 2 15 3 3 0 2 0
> GRENADE 1 3 3 4 2
> GRENADE 2 15 1 5 2
> BAT1 8 1 10 1 12 1 14 1 1 4 19 4 6 5 8 5 10 5 12 5 14 5 1 6 5 6 15 6 19 6 1 8 5 8 15 8 19 8 10 9 1 10 5 10 9 10 11 10 15 10 19 10 10 11 1 12 5 12 15 12 19 12 1 14 5 14 15 14 19 14 6 15 8 15 10 15 12 15 14 15 1 16 19 16 6 19 8 19 10 19 12 19 14 19 4 3 3 4
> BAT2 6 3 8 3 10 3 12 3 14 3 3 6 17 6 8 7 10 7 12 7 3 8 7 8 13 8 17 8 3 10 7 10 13 10 17 10 3 12 7 12 13 12 17 12 8 13 10 13 12 13 3 14 17 14 6 17 8 17 10 17 12 17 14 17
< RES 1637256856 21 2
< MOVE D D
> REQ 1637256856 22 2
> VAMPIRE 1 5 1 3 0 2 0
> VAMPIRE 4 3 15 3 0 2 0
> VAMPIRE 3 17 15 3 0 2 0
> VAMPIRE 2 17 3 3 0 2 0
> GRENADE 1 3 3 3 2
> GRENADE 2 15 1 4 2
> GRENADE 4 1 15 5 2
> GRENADE 3 15 15 5 2
> BAT1 8 1 10 1 12 1 14 1 1 4 19 4 6 5 8 5 10 5 12 5 14 5 1 6 5 6 15 6 19 6 1 8 5 8 15 8 19 8 10 9 1 10 5 10 9 10 11 10 15 10 19 10 10 11 1 12 5 12 15 12 19 12 1 14 5 14 15 14 19 14 6 15 8 15 10 15 12 15 14 15 1 16 19 16 6 19 8 19 10 19 12 19 14 19 4 3 3 4
> BAT2 6 3 8 3 10 3 12 3 14 3 3 6 17 6 8 7 10 7 12 7 3 8 7 8 13 8 17 8 3 10 7 10 13 10 17 10 3 12 7 12 13 12 17 12 8 13 10 13 12 13 3 14 17 14 6 17 8 17 10 17 12 17 14 17
< RES 1637256856 22 2
> REQ 1637256856 23 2
> VAMPIRE 1 5 1 3 0 2 0
> VAMPIRE 4 3 17 3 0 2 0
> VAMPIRE 3 17 17 3 0 2 0
> VAMPIRE 2 17 3 3 0 2 0
> GRENADE 1 3 3 2 2
> GRENADE 2 15 1 3 2
> GRENADE 4 1 15 4 2
> GRENADE 3 15 15 4 2
> BAT1 8 1 10 1 12 1 14 1 1 4 19 4 6 5 8 5 10 5 12 5 14 5 1 6 5 6 15 6 19 6 1 8 5 8 15 8 19 8 10 9 1 10 5 10 9 10 11 10 15 10 19 10 10 11 1 12 5 12 15 12 19 12 1 14 5 14 15 14 19 14 6 15 8 15 10 15 12 15 14 15 1 16 19 16 6 19 8 19 10 19 12 19 14 19 4 3 3 4
> BAT2 6 3 8 3 10 3 12 3 14 3 3 6 17 6 8 7 10 7 12 7 3 8 7 8 13 8 17 8 3 10 7 10 13 10 17 10 3 12 7 12 13 12 17 12 8 13 10 13 12 13 3 14 17 14 6 17 8 17 10 17 12 17 14 17
< RES 1637256856 23 2
< MOVE R R
> REQ 1637256856 24 2
> VAMPIRE 1 5 1 3 0 2 0
> VAMPIRE 4 3 17 3 0 2 0
> VAMPIRE 3 17 17 3 0 2 0
> VAMPIRE 2 17 5 3 0 2 0
> GRENADE 1 3 3 1 2
> GRENADE 2 15 1 2 2
> GRENADE 4 1 15 3 2
> GRENADE 3 15 15 3 2
> BAT1 8 1 10 1 12 1 14 1 1 4 19 4 6 5 8 5 10 5 12 5 14 5 1 6 5 6 15 6 19 6 1 8 5 8 15 8 19 8 10 9 1 10 5 10 9 10 11 10 15 10 19 10 10 11 1 12 5 12 15 12 19 12 1 14 5 14 15 14 19 14 6 15 8 15 10 15 12 15 14 15 1 16 19 16 6 19 8 19 10 19 12 19 14 19 4 3 3 4
> BAT2 6 3 8 3 10 3 12 3 14 3 3 6 17 6 8 7 10 7 12 7 3 8 7 8 13 8 17 8 3 10 7 10 13 10 17 10 3 12 7 12 13 12 17 12 8 13 10 13 12 13 3 14 17 14 6 17 8 17 10 17 12 17 14 17
< RES 1637256856 24 2
> REQ 1637256856 25 2
> VAMPIRE 1 6 1 3 1 2 0
> VAMPIRE 4 5 17 3 0 2 0
> VAMPIRE 3 17 16 3 0 2 0
> VAMPIRE 2 17 5 3 0 2 0
> GRENADE 2 15 1 1 2
> GRENADE 4 1 15 2 2
> GRENADE 3 15 15 2 2
> BAT1 8 1 10 1 12 1 14 1 1 4 19 4 6 5 8 5 10 5 12 5 14 5 1 6 5 6 15 6 19 6 1 8 5 8 15 8 19 8 10 9 1 10 5 10 9 10 11 10 15 10 19 10 10 11 1 12 5 12 15 12 19 12 1 14 5 14 15 14 19 14 6 15 8 15 10 15 12 15 14 15 1 16 19 16 6 19 8 19 10 19 12 19 14 19
> BAT2 6 3 8 3 10 3 12 3 14 3 3 6 17 6 8 7 10 7 12 7 3 8 7 8 13 8 17 8 3 10 7 10 13 10 17 10 3 12 7 12 13 12 17 12 8 13 10 13 12 13 3 14 17 14 6 17 8 17 10 17 12 17 14 17
< RES 1637256856 25 2
< MOVE U U
> REQ 1637256856 26 2
> VAMPIRE 1 5 2 3 0 2 0
> VAMPIRE 4 5 17 3 0 2 0
> VAMPIRE 3 17 17 3 0 2 0
> VAMPIRE 2 15 5 3 1 2 0
> GRENADE 4 1 15 1 2
> GRENADE 3 15 15 1 2
> GRENADE 1 6 1 5 2
> BAT1 8 1 10 1 12 1 1 4 19 4 6 5 8 5 10 5 12 5 14 5 1 6 5 6 15 6 19 6 1 8 5 8 15 8 19 8 10 9 1 10 5 10 9 10 11 10 15 10 19 10 10 11 1 12 5 12 15 12 19 12 1 14 5 14 15 14 19 14 6 15 8 15 10 15 12 15 14 15 1 16 19 16 6 19 8 19 10 19 12 19 14 19
> BAT2 6 3 8 3 10 3 12 3 14 3 3 6 17 6 8 7 10 7 12 7 3 8 7 8 13 8 17 8 3 10 7 10 13 10 17 10 3 12 7 12 13 12 17 12 8 13 10 13 12 13 3 14 17 14 6 17 8 17 10 17 12 17 14 17
< RES 1637256856 26 2
< GRENADE
< MOVE D D
> REQ 1637256856 27 2
> VAMPIRE 1 5 3 3 0 2 0
> VAMPIRE 4 5 15 3 1 2 0
> VAMPIRE 3 16 17 3 1 2 0
> VAMPIRE 2 17 5 3 0 2 0
> GRENADE 1 6 1 4 2
> GRENADE 2 15 5 5 2
> BAT1 8 1 10 1 12 1 1 4 19 4 6 5 8 5 10 5 12 5 14 5 1 6 5 6 15 6 19 6 1 8 5 8 15 8 19 8 10 9 1 10 5 10 9 10 11 10 15 10 19 10 10 11 1 12 5 12 15 12 19 12 5 14 19 14 6 15 8 15 10 15 12 15 19 16 6 19 8 19 10 19 12 19 14 19
> BAT2 6 3 8 3 10 3 12 3 14 3 3 6 17 6 8 7 10 7 12 7 3 8 7 8 13 8 17 8 3 10 7 10 13 10 17 10 3 12 7 12 13 12 17 12 8 13 10 13 12 13 3 14 17 14 6 17 8 17 10 17 12 17 14 17
< RES 1637256856 27 2
< MOVE L L
> REQ 1637256856 28 2
> VAMPIRE 1 3 3 3 0 2 0
> VAMPIRE 4 3 15 3 0 2 0
> VAMPIRE 3 15 16 3 0 2 0
> VAMPIRE 2 17 3 3 0 2 0
> GRENADE 1 6 1 3 2
> GRENADE 2 15 5 4 2
> GRENADE 4 5 15 5 2
> GRENADE 3 16 17 5 2
> BAT1 8 1 10 1 12 1 1 4 19 4 6 5 8 5 10 5 12 5 14 5 1 6 5 6 15 6 19 6 1 8 5 8 15 8 19 8 10 9 1 10 5 10 9 10 11 10 15 10 19 10 10 11 1 12 5 12 15 12 19 12 5 14 19 14 6 15 8 15 10 15 12 15 19 16 6 19 8 19 10 19 12 19 14 19
> BAT2 6 3 8 3 10 3 12 3 14 3 3 6 17 6 8 7 10 7 12 7 3 8 7 8 13 8 17 8 3 10 7 10 13 10 17 10 3 12 7 12 13 12 17 12 8 13 10 13 12 13 3 14 17 14 6 17 8 17 10 17 12 17 14 17
< RES 1637256856 28 2
> REQ 1637256856 29 2
> VAMPIRE 1 3 3 3 0 2 0
> VAMPIRE 4 3 17 3 0 2 0
> VAMPIRE 3 15 15 3 0 2 0
> VAMPIRE 2 17 3 3 0 2 0
> GRENADE 1 6 1 2 2
> GRENADE 2 15 5 3 2
> GRENADE 4 5 15 4 2
> GRENADE 3 16 17 4 2
> BAT1 8 1 10 1 12 1 1 4 19 4 6 5 8 5 10 5 12 5 14 5 1 6 5 6 15 6 19 6 1 8 5 8 15 8 19 8 10 9 1 10 5 10 9 10 11 10 15 10 19 10 10 11 1 12 5 12 15 12 19 12 5 14 19 14 6 15 8 15 10 15 12 15 19 16 6 19 8 19 10 19 12 19 14 19
> BAT2 6 3 8 3 10 3 12 3 14 3 3 6 17 6 8 7 10 7 12 7 3 8 7 8 13 8 17 8 3 10 7 10 13 10 17 10 3 12 7 12 13 12 17 12 8 13 10 13 12 13 3 14 17 14 6 17 8 17 10 17 12 17 14 17
< RES 1637256856 29 2
< MOVE L L
> REQ 1637256856 30 2
> VAMPIRE 1 5 3 3 0 2 0
> VAMPIRE 4 1 17 3 0 2 0
> VAMPIRE 3 15 15 3 0 2 0
> VAMPIRE 2 17 1 3 0 2 0
> GRENADE 1 6 1 1 2
> GRENADE 2 15 5 2 2
> GRENADE 4 5 15 3 2
> GRENADE 3 16 17 3 2
> BAT1 8 1 10 1 12 1 1 4 19 4 6 5 8 5 10 5 12 5 14 5 1 6 5 6 15 6 19 6 1 8 5 8 15 8 19 8 10 9 1 10 5 10 9 10 11 10 15 10 19 10 10 11 1 12 5 12 15 12 19 12 5 14 19 14 6 15 8 15 10 15 12 15 19 16 6 19 8 19 10 19 12 19 14 19
> BAT2 6 3 8 3 10 3 12 3 14 3 3 6 17 6 8 7 10 7 12 7 3 8 7 8 13 8 17 8 3 10 7 10 13 10 17 10 3 12 7 12 13 12 17 12 8 13 10 13 12 13 3 14 17 14 6 17 8 17 10 17 12 17 14 17
< RES 1637256856 30 2
< MOVE U U
> REQ 1637256856 31 2
> VAMPIRE 1 5 5 3 1 2 0
> VAMPIRE 4 1 15 3 0 2 0
> VAMPIRE 3 13 15 3 0 2 0
> VAMPIRE 2 15 1 3 0 2 0
> GRENADE 2 15 5 1 2
> GRENADE 4 5 15 2 2
> GRENADE 3 16 17 2 2
> BAT1 10 1 12 1 1 4 19 4 6 5 8 5 10 5 12 5 14 5 1 6 5 6 15 6 19 6 1 8 5 8 15 8 19 8 10 9 1 10 5 10 9 10 11 10 15 10 19 10 10 11 1 12 5 12 15 12 19 12 5 14 19 14 6 15 8 15 10 15 12 15 19 16 6 19 8 19 10 19 12 19 14 19
> BAT2 6 3 8 3 10 3 12 3 14 3 3 6 17 6 8 7 10 7 12 7 3 8 7 8 13 8 17 8 3 10 7 10 13 10 17 10 3 12 7 12 13 12 17 12 8 13 10 13 12 13 3 14 17 14 6 17 8 17 10 17 12 17 14 17
< RES 1637256856 31 2
< MOVE U U
> REQ 1637256856 32 2
> VAMPIRE 1 3 5 3 0 2 0
> VAMPIRE 4 1 13 3 0 2 0
> VAMPIRE 3 13 15 3 0 2 0
> VAMPIRE 2 13 1 3 1 2 0
> GRENADE 4 5 15 1 2
> GRENADE 3 16 17 1 2
> GRENADE 1 5 5 5 2
> BAT1 10 1 12 1 1 4 19 4 6 5 8 5 10 5 12 5 1 6 5 6 19 6 1 8 5 8 15 8 19 8 10 9 1 10 5 10 9 10 11 10 15 10 19 10 10 11 1 12 5 12 15 12 19 12 5 14 19 14 6 15 8 15 10 15 12 15 19 16 6 19 8 19 10 19 12 19 14 19
> BAT2 6 3 8 3 10 3 12 3 14 3 3 6 17 6 8 7 10 7 12 7 3 8 7 8 13 8 17 8 3 10 7 10 13 10 17 10 3 12 7 12 13 12 17 12 8 13 10 13 12 13 3 14 17 14 6 17 8 17 10 17 12 17 14 17
< RES 1637256856 32 2
< GRENADE
< MOVE D D
> REQ 1637256856 33 2
> VAMPIRE 1 3 3 3 0 2 0
> VAMPIRE 4 3 13 3 1 2 0
> VAMPIRE 3 13 13 3 1 2 0
> VAMPIRE 2 15 1 3 0 2 0
> GRENADE 1 5 5 4 2
> GRENADE 2 13 1 5 2
> BAT1 10 1 12 1 1 4 19 4 6 5 8 5 10 5 12 5 1 6 5 6 19 6 1 8 5 8 15 8 19 8 10 9 1 10 5 10 9 10 11 10 15 10 19 10 10 11 1 12 5 12 15 12 19 12 19 14 8 15 10 15 12 15 19 16 6 19 8 19 10 19 12 19 14 19 14 17
> BAT2 6 3 8 3 10 3 12 3 14 3 3 6 17 6 8 7 10 7 12 7 3 8 7 8 13 8 17 8 3 10 7 10 13 10 17 10 3 12 7 12 13 12 17 12 8 13 10 13 12 13 3 14 17 14 6 17 8 17 10 17 12 17
< RES 1637256856 33 2
< MOVE R R
> REQ 1637256856 34 2
> VAMPIRE 1 3 1 3 0 2 0
> VAMPIRE 4 5 13 3 0 2 0
> VAMPIRE 3 15 13 3 0 2 0
> VAMPIRE 2 15 3 3 0 2 0
> GRENADE 1 5 5 3 2
> GRENADE 2 13 1 4 2
> GRENADE 4 3 13 5 2
> GRENADE 3 13 13 5 2
> BAT1 10 1 12 1 1 4 19 4 6 5 8 5 10 5 12 5 1 6 5 6 19 6 1 8 5 8 15 8 19 8 10 9 1 10 5 10 9 10 11 10 15 10 19 10 10 11 1 12 5 12 15 12 19 12 19 14 8 15 10 15 12 15 19 16 6 19 8 19 10 19 12 19 14 19 14 17
> BAT2 6 3 8 3 10 3 12 3 14 3 3 6 17 6 8 7 10 7 12 7 3 8 7 8 13 8 17 8 3 10 7 10 13 10 17 10 3 12 7 12 13 12 17 12 8 13 10 13 12 13 3 14 17 14 6 17 8 17 10 17 12 17
< RES 1637256856 34 2
< MOVE D D
> REQ 1637256856 35 2
> VAMPIRE 1 5 1 3 0 2 0
> VAMPIRE 4 5 15 3 0 2 0
> VAMPIRE 3 15 15 3 0 2 0
> VAMPIRE 2 17 3 3 0 2 0
> GRENADE 1 5 5 2 2
> GRENADE 2 13 1 3 2
> GRENADE 4 3 13 4 2
> GRENADE 3 13 13 4 2
> BAT1 10 1 12 1 1 4 19 4 6 5 8 5 10 5 12 5 1 6 5 6 19 6 1 8 5 8 15 8 19 8 10 9 1 10 5 10 9 10 11 10 15 10 19 10 10 11 1 12 5 12 15 12 19 12 19 14 8 15 10 15 12 15 19 16 6 19 8 19 10 19 12 19 14 19 14 17
> BAT2 6 3 8 3 10 3 12 3 14 3 3 6 17 6 8 7 10 7 12 7 3 8 7 8 13 8 17 8 3 10 7 10 13 10 17 10 3 12 7 12 13 12 17 12 8 13 10 13 12 13 3 14 17 14 6 17 8 17 10 17 12 17
< RES 1637256856 35 2
< MOVE R
> REQ 1637256856 36 2
> VAMPIRE 1 7 1 3 0 2 0
> VAMPIRE 4 5 15 3 0 2 0
> VAMPIRE 3 15 15 3 0 2 0
> VAMPIRE 2 17 4 3 0 2 0
> GRENADE 1 5 5 1 2
> GRENADE 2 13 1 2 2
> GRENADE 4 3 13 3 2
> GRENADE 3 13 13 3 2
> BAT1 10 1 12 1 1 4 19 4 6 5 8 5 10 5 12 5 1 6 5 6 19 6 1 8 5 8 15 8 19 8 10 9 1 10 5 10 9 10 11 10 15 10 19 10 10 11 1 12 5 12 15 12 19 12 19 14 8 15 10 15 12 15 19 16 6 19 8 19 10 19 12 19 14 19 14 17
> BAT2 6 3 8 3 10 3 12 3 14 3 3 6 17 6 8 7 10 7 12 7 3 8 7 8 13 8 17 8 3 10 7 10 13 10 17 10 3 12 7 12 13 12 17 12 8 13 10 13 12 13 3 14 17 14 6 17 8 17 10 17 12 17
< RES 1637256856 36 2
< MOVE R D
> REQ 1637256856 37 2
> VAMPIRE 1 8 1 3 1 2 0
> VAMPIRE 4 5 15 3 0 2 0
> VAMPIRE 3 15 15 3 0 2 0
> VAMPIRE 2 18 5 3 0 2 0
> GRENADE 2 13 1 1 2
> GRENADE 4 3 13 2 2
> GRENADE 3 13 13 2 2
> BAT1 10 1 12 1 1 4 19 4 8 5 10 5 12 5 1 6 19 6 1 8 5 8 15 8 19 8 10 9 1 10 5 10 9 10 11 10 15 10 19 10 10 11 1 12 5 12 15 12 19 12 19 14 8 15 10 15 12 15 19 16 6 19 8 19 10 19 12 19 14 19 14 17
> BAT2 6 3 8 3 10 3 12 3 14 3 3 6 17 6 8 7 10 7 12 7 3 8 7 8 13 8 17 8 3 10 7 10 13 10 17 10 3 12 7 12 13 12 17 12 8 13 10 13 12 13 3 14 17 14 6 17 8 17 10 17 12 17
< RES 1637256856 37 2
< MOVE D
> REQ 1637256856 38 2
> VAMPIRE 1 7 2 3 0 2 0
> VAMPIRE 4 5 15 3 0 2 0
> VAMPIRE 3 15 15 3 0 2 0
> VAMPIRE 2 19 5 3 1 2 0
> GRENADE 4 3 13 1 2
> GRENADE 3 13 13 1 2
> GRENADE 1 8 1 5 2
> BAT1 10 1 1 4 19 4 8 5 10 5 12 5 1 6 19 6 1 8 5 8 15 8 19 8 10 9 1 10 5 10 9 10 11 10 15 10 19 10 10 11 1 12 5 12 15 12 19 12 19 14 8 15 10 15 12 15 19 16 6 19 8 19 10 19 12 19 14 19 14 17
> BAT2 6 3 8 3 10 3 12 3 14 3 3 6 17 6 8 7 10 7 12 7 3 8 7 8 13 8 17 8 3 10 7 10 13 10 17 10 3 12 7 12 13 12 17 12 8 13 10 13 12 13 3 14 17 14 6 17 8 17 10 17 12 17
< RES 1637256856 38 2
< GRENADE
< MOVE U U
> REQ 1637256856 39 2
> VAMPIRE 1 7 3 3 0 2 0
> VAMPIRE 4 5 13 3 1 2 0
> VAMPIRE 3 13 15 3 1 2 0
> VAMPIRE 2 17 5 3 0 2 0
> GRENADE 1 8 1 4 2
> GRENADE 2 19 5 5 2
> BAT1 10 1 1 4 19 4 8 5 10 5 12 5 1 6 19 6 1 8 5 8 15 8 19 8 10 9 1 10 5 10 9 10 11 10 15 10 19 10 10 11 1 12 5 12 15 12 19 12 19 14 8 15 10 15 12 15 19 16 6 19 8 19 10 19 12 19 14 19 3 12 13 12 12 13 3 14 14 17
> BAT2 6 3 8 3 10 3 12 3 14 3 3 6 17 6 8 7 10 7 12 7 3 8 7 8 13 8 17 8 3 10 7 10 13 10 17 10 7 12 17 12 8 13 10 13 17 14 6 17 8 17 10 17 12 17
< RES 1637256856 39 2
< MOVE U U
> REQ 1637256856 40 2
> VAMPIRE 1 7 5 3 0 2 0
> VAMPIRE 4 3 13 3 1 2 0
> VAMPIRE 3 13 13 3 1 2 0
> VAMPIRE 2 15 5 3 0 2 0
> GRENADE 1 8 1 3 2
> GRENADE 2 19 5 4 2
> BAT1 10 1 1 4 19 4 8 5 10 5 12 5 1 6 19 6 1 8 5 8 15 8 19 8 10 9 1 10 5 10 9 10 11 10 15 10 19 10 10 11 1 12 5 12 15 12 19 12 19 14 8 15 10 15 12 15 19 16 6 19 8 19 10 19 12 19 14 19 3 12 13 12 12 13 3 14 14 17
> BAT2 6 3 8 3 10 3 12 3 14 3 3 6 17 6 8 7 10 7 12 7 3 8 7 8 13 8 17 8 3 10 7 10 13 10 17 10 7 12 17 12 8 13 10 13 17 14 6 17 8 17 10 17 12 17
< RES 1637256856 40 2
> REQ 1637256856 41 2
> VAMPIRE 1 7 5 3 0 2 0
> VAMPIRE 4 5 13 3 0 2 0
> VAMPIRE 3 15 13 3 0 2 0
> VAMPIRE 2 15 5 3 0 2 0
> GRENADE 1 8 1 2 2
> GRENADE 2 19 5 3 2
> GRENADE 4 3 13 5 2
> GRENADE 3 13 13 5 2
> BAT1 10 1 1 4 19 4 8 5 10 5 12 5 1 6 19 6 1 8 5 8 15 8 19 8 10 9 1 10 5 10 9 10 11 10 15 10 19 10 10 11 1 12 5 12 15 12 19 12 19 14 8 15 10 15 12 15 19 16 6 19 8 19 10 19 12 19 14 19 3 12 13 12 12 13 3 14 14 17
> BAT2 6 3 8 3 10 3 12 3 14 3 3 6 17 6 8 7 10 7 12 7 3 8 7 8 13 8 17 8 3 10 7 10 13 10 17 10 7 12 17 12 8 13 10 13 17 14 6 17 8 17 10 17 12 17
< RES 1637256856 41 2
> REQ 1637256856 42 2
> VAMPIRE 1 7 5 3 0 2 0
> VAMPIRE 4 5 15 3 0 2 0
> VAMPIRE 3 15 15 3 0 2 0
> VAMPIRE 2 15 5 3 0 2 0
> GRENADE 1 8 1 1 2
> GRENADE 2 19 5 2 2
> GRENADE 4 3 13 4 2
> GRENADE 3 13 13 4 2
> BAT1 10 1 1 4 19 4 8 5 10 5 12 5 1 6 19 6 1 8 5 8 15 8 19 8 10 9 1 10 5 10 9 10 11 10 15 10 19 10 10 11 1 12 5 12 15 12 19 12 19 14 8 15 10 15 12 15 19 16 6 19 8 19 10 19 12 19 14 19 3 12 13 12 12 13 3 14 14 17
> BAT2 6 3 8 3 10 3 12 3 14 3 3 6 17 6 8 7 10 7 12 7 3 8 7 8 13 8 17 8 3 10 7 10 13 10 17 10 7 12 17 12 8 13 10 13 17 14 6 17 8 17 10 17 12 17
< RES 1637256856 42 2
< MOVE U U
> REQ 1637256856 43 2
> VAMPIRE 1 7 3 3 1 2 0
> VAMPIRE 4 5 15 3 0 2 0
> VAMPIRE 3 15 15 3 0 2 0
> VAMPIRE 2 13 5 3 0 2 0
> GRENADE 2 19 5 1 2
> GRENADE 4 3 13 3 2
> GRENADE 3 13 13 3 2
> BAT1 1 4 19 4 8 5 10 5 12 5 1 6 19 6 1 8 5 8 15 8 19 8 10 9 1 10 5 10 9 10 11 10 15 10 19 10 10 11 1 12 5 12 15 12 19 12 19 14 8 15 10 15 12 15 19 16 6 19 8 19 10 19 12 19 14 19 3 12 13 12 12 13 3 14 14 17
> BAT2 6 3 8 3 10 3 12 3 14 3 3 6 17 6 8 7 10 7 12 7 3 8 7 8 13 8 17 8 3 10 7 10 13 10 17 10 7 12 17 12 8 13 10 13 17 14 6 17 8 17 10 17 12 17
< RES 1637256856 43 2
< MOVE L L
> REQ 1637256856 44 2
> VAMPIRE 1 7 5 3 0 2 0
> VAMPIRE 4 5 15 3 0 2 0
> VAMPIRE 3 15 15 3 0 2 0
> VAMPIRE 2 13 3 3 1 2 0
> GRENADE 4 3 13 2 2
> GRENADE 3 13 13 2 2
> GRENADE 1 7 3 5 2
> BAT1 1 4 8 5 10 5 12 5 1 6 1 8 5 8 15 8 19 8 10 9 1 10 5 10 9 10 11 10 15 10 19 10 10 11 1 12 5 12 15 12 19 12 19 14 8 15 10 15 12 15 19 16 6 19 8 19 10 19 12 19 14 19 3 12 13 12 12 13 3 14 14 17
> BAT2 6 3 8 3 10 3 12 3 14 3 3 6 17 6 8 7 10 7 12 7 3 8 7 8 13 8 17 8 3 10 7 10 13 10 17 10 7 12 17 12 8 13 10 13 17 14 6 17 8 17 10 17 12 17
< RES 1637256856 44 2
< GRENADE
< MOVE R R
> REQ 1637256856 45 2
> VAMPIRE 1 5 5 3 0 2 0
> VAMPIRE 4 5 15 3 0 2 0
> VAMPIRE 3 15 15 3 0 2 0
> VAMPIRE 2 13 5 3 0 2 0
> GRENADE 4 3 13 1 2
> GRENADE 3 13 13 1 2
> GRENADE 1 7 3 4 2
> GRENADE 2 13 3 5 2
> BAT1 1 4 8 5 10 5 12 5 1 6 1 8 5 8 15 8 19 8 10 9 1 10 5 10 9 10 11 10 15 10 19 10 10 11 1 12 5 12 15 12 19 12 19 14 8 15 10 15 12 15 19 16 6 19 8 19 10 19 12 19 14 19 3 12 13 12 12 13 3 14 14 17
> BAT2 6 3 8 3 10 3 12 3 14 3 3 6 17 6 8 7 10 7 12 7 3 8 7 8 13 8 17 8 3 10 7 10 13 10 17 10 7 12 17 12 8 13 10 13 17 14 6 17 8 17 10 17 12 17
< RES 1637256856 45 2
< MOVE D D
> REQ 1637256856 46 2
> VAMPIRE 1 3 5 3 0 2 0
> VAMPIRE 4 7 15 3 1 2 0
> VAMPIRE 3 13 15 3 1 2 0
> VAMPIRE 2 15 5 3 0 2 0
> GRENADE 1 7 3 3 2
> GRENADE 2 13 3 4 2
> BAT1 1 4 8 5 10 5 12 5 1 6 1 8 5 8 15 8 19 8 10 9 1 10 5 10 9 10 11 10 15 10 19 10 10 11 1 12 5 12 15 12 19 12 19 14 8 15 10 15 12 15 19 16 6 19 8 19 10 19 12 19 14 19 14 17
> BAT2 6 3 8 3 10 3 12 3 14 3 3 6 17 6 8 7 10 7 12 7 3 8 7 8 13 8 17 8 3 10 7 10 13 10 17 10 7 12 17 12 8 13 10 13 17 14 6 17 8 17 10 17 12 17
< RES 1637256856 46 2
> REQ 1637256856 47 2
> VAMPIRE 1 3 3 3 0 2 0
> VAMPIRE 4 7 13 3 1 2 0
> VAMPIRE 3 13 17 3 1 2 0
> VAMPIRE 2 15 5 3 0 2 0
> GRENADE 1 7 3 2 2
> GRENADE 2 13 3 3 2
> BAT1 1 4 8 5 10 5 12 5 1 6 1 8 5 8 15 8 19 8 10 9 1 10 5 10 9 10 11 10 15 10 19 10 10 11 1 12 5 12 15 12 19 12 19 14 8 15 10 15 12 15 19 16 6 19 8 19 10 19 12 19 14 19 14 17
> BAT2 6 3 8 3 10 3 12 3 14 3 3 6 17 6 8 7 10 7 12 7 3 8 7 8 13 8 17 8 3 10 7 10 13 10 17 10 7 12 17 12 8 13 10 13 17 14 6 17 8 17 10 17 12 17
< RES 1637256856 47 2
> REQ 1637256856 48 2
> VAMPIRE 1 1 3 3 0 2 0
> VAMPIRE 4 5 13 3 0 2 0
> VAMPIRE 3 13 15 3 0 2 0
> VAMPIRE 2 15 5 3 0 2 0
> GRENADE 1 7 3 1 2
> GRENADE 2 13 3 2 2
> GRENADE 4 7 13 5 2
> GRENADE 3 13 17 5 2
> BAT1 1 4 8 5 10 5 12 5 1 6 1 8 5 8 15 8 19 8 10 9 1 10 5 10 9 10 11 10 15 10 19 10 10 11 1 12 5 12 15 12 19 12 19 14 8 15 10 15 12 15 19 16 6 19 8 19 10 19 12 19 14 19 14 17
> BAT2 6 3 8 3 10 3 12 3 14 3 3 6 17 6 8 7 10 7 12 7 3 8 7 8 13 8 17 8 3 10 7 10 13 10 17 10 7 12 17 12 8 13 10 13 17 14 6 17 8 17 10 17 12 17
< RES 1637256856 48 2
< MOVE R R
> REQ 1637256856 49 2
> VAMPIRE 1 1 2 3 1 2 0
> VAMPIRE 4 3 13 3 0 2 0
> VAMPIRE 3 15 15 3 0 2 0
> VAMPIRE 2 15 7 3 0 2 0
> GRENADE 2 13 3 1 2
> GRENADE 4 7 13 4 2
> GRENADE 3 13 17 4 2
> BAT1 1 4 8 5 10 5 12 5 1 6 1 8 5 8 15 8 19 8 10 9 1 10 5 10 9 10 11 10 15 10 19 10 10 11 1 12 5 12 15 12 19 12 19 14 8 15 10 15 12 15 19 16 6 19 8 19 10 19 12 19 14 19 6 3 8 3 14 17
> BAT2 10 3 12 3 14 3 3 6 17 6 8 7 10 7 12 7 3 8 7 8 13 8 17 8 3 10 7 10 13 10 17 10 7 12 17 12 8 13 10 13 17 14 6 17 8 17 10 17 12 17
< RES 1637256856 49 2
< MOVE U U
> REQ 1637256856 50 2
> VAMPIRE 1 2 3 3 0 2 0
> VAMPIRE 4 3 13 3 0 2 0
> VAMPIRE 3 15 13 3 0 2 0
> VAMPIRE 2 13 7 3 1 2 0
> GRENADE 4 7 13 3 2
> GRENADE 3 13 17 3 2
> GRENADE 1 1 2 5 2
> BAT1 1 4 8 5 10 5 12 5 1 6 1 8 5 8 15 8 19 8 10 9 1 10 5 10 9 10 11 10 15 10 19 10 10 11 1 12 5 12 15 12 19 12 19 14 8 15 10 15 12 15 19 16 6 19 8 19 10 19 12 19 14 19 6 3 8 3 12 3 14 3 14 17
> BAT2 10 3 3 6 17 6 8 7 10 7 12 7 3 8 7 8 13 8 17 8 3 10 7 10 13 10 17 10 7 12 17 12 8 13 10 13 17 14 6 17 8 17 10 17 12 17
< RES 1637256856 50 2
< GRENADE
< MOVE D D
> REQ 1637256856 51 2
> VAMPIRE 1 3 3 3 0 2 0
> VAMPIRE 4 3 12 3 0 2 0
> VAMPIRE 3 13 13 3 0 2 0
> VAMPIRE 2 15 7 3 0 2 0
> GRENADE 4 7 13 2 2
> GRENADE 3 13 17 2 2
> GRENADE 1 1 2 4 2
> GRENADE 2 13 7 5 2
> BAT1 1 4 8 5 10 5 12 5 1 6 1 8 5 8 15 8 19 8 10 9 1 10 5 10 9 10 11 10 15 10 19 10 10 11 1 12 5 12 15 12 19 12 19 14 8 15 10 15 12 15 19 16 6 19 8 19 10 19 12 19 14 19 6 3 8 3 12 3 14 3 14 17
> BAT2 10 3 3 6 17 6 8 7 10 7 12 7 3 8 7 8 13 8 17 8 3 10 7 10 13 10 17 10 7 12 17 12 8 13 10 13 17 14 6 17 8 17 10 17 12 17
< RES 1637256856 51 2
< MOVE L L
> REQ 1637256856 52 2
> VAMPIRE 1 5 3 3 0 2 0
> VAMPIRE 4 2 11 3 0 2 0
> VAMPIRE 3 11 13 3 0 2 0
> VAMPIRE 2 15 5 3 0 2 0
> GRENADE 4 7 13 1 2
> GRENADE 3 13 17 1 2
> GRENADE 1 1 2 3 2
> GRENADE 2 13 7 4 2
> BAT1 1 4 8 5 10 5 12 5 1 6 1 8 5 8 15 8 19 8 10 9 1 10 5 10 9 10 11 10 15 10 19 10 10 11 1 12 5 12 15 12 19 12 19 14 8 15 10 15 12 15 19 16 6 19 8 19 10 19 12 19 14 19 6 3 8 3 12 3 14 3 14 17
> BAT2 10 3 3 6 17 6 8 7 10 7 12 7 3 8 7 8 13 8 17 8 3 10 7 10 13 10 17 10 7 12 17 12 8 13 10 13 17 14 6 17 8 17 10 17 12 17
< RES 1637256856 52 2
< MOVE L L
> REQ 1637256856 53 2
> VAMPIRE 1 5 5 3 0 2 0
> VAMPIRE 4 1 11 3 1 2 0
> VAMPIRE 3 11 11 3 1 2 0
> VAMPIRE 2 15 3 3 0 2 0
> GRENADE 1 1 2 2 2
> GRENADE 2 13 7 3 2
> BAT1 1 4 8 5 10 5 12 5 1 6 1 8 5 8 15 8 19 8 10 9 1 10 5 10 9 10 11 10 15 10 19 10 10 11 1 12 5 12 15 12 19 12 19 14 8 15 10 15 12 15 19 16 6 19 8 19 10 19 12 19 14 19 6 3 8 3 12 3 14 3 7 12 8 13 12 17
> BAT2 10 3 3 6 17 6 8 7 10 7 12 7 3 8 7 8 13 8 17 8 3 10 7 10 13 10 17 10 17 12 10 13 17 14 6 17 8 17 10 17
< RES 1637256856 53 2
< MOVE L L
> REQ 1637256856 54 2
> VAMPIRE 1 7 5 3 0 2 0
> VAMPIRE 4 3 11 3 0 2 0
> VAMPIRE 3 13 11 3 0 2 0
> VAMPIRE 2 15 1 3 0 2 0
> GRENADE 1 1 2 1 2
> GRENADE 2 13 7 2 2
> GRENADE 4 1 11 5 2
> GRENADE 3 11 11 5 2
> BAT1 1 4 8 5 10 5 12 5 1 6 1 8 5 8 15 8 19 8 10 9 1 10 5 10 9 10 11 10 15 10 19 10 10 11 1 12 5 12 15 12 19 12 19 14 8 15 10 15 12 15 19 16 6 19 8 19 10 19 12 19 14 19 6 3 8 3 12 3 14 3 7 12 8 13 12 17
> BAT2 10 3 3 6 17 6 8 7 10 7 12 7 3 8 7 8 13 8 17 8 3 10 7 10 13 10 17 10 17 12 10 13 17 14 6 17 8 17 10 17
< RES 1637256856 54 2
< MOVE U U
> REQ 1637256856 55 2
> VAMPIRE 1 7 3 3 1 2 0
> VAMPIRE 4 3 13 3 0 2 0
> VAMPIRE 3 13 13 3 0 2 0
> VAMPIRE 2 13 1 3 0 2 0
> GRENADE 2 13 7 1 2
> GRENADE 4 1 11 4 2
> GRENADE 3 11 11 4 2
> BAT1 8 5 10 5 12 5 1 6 1 8 5 8 15 8 19 8 10 9 1 10 5 10 9 10 11 10 15 10 19 10 10 11 1 12 5 12 15 12 19 12 19 14 8 15 10 15 12 15 19 16 6 19 8 19 10 19 12 19 14 19 6 3 8 3 12 3 14 3 7 12 8 13 12 17
> BAT2 10 3 3 6 17 6 8 7 10 7 12 7 3 8 7 8 13 8 17 8 3 10 7 10 13 10 17 10 17 12 10 13 17 14 6 17 8 17 10 17
< RES 1637256856 55 2
< MOVE R R
> REQ 1637256856 56 2
> VAMPIRE 1 7 5 3 0 2 0
> VAMPIRE 4 3 13 3 0 2 0
> VAMPIRE 3 13 13 3 0 2 0
> VAMPIRE 2 13 3 3 1 2 0
> GRENADE 4 1 11 3 2
> GRENADE 3 11 11 3 2
> GRENADE 1 7 3 5 2
> BAT1 8 5 10 5 12 5 1 6 1 8 5 8 15 8 19 8 10 9 1 10 5 10 9 10 11 10 15 10 19 10 10 11 1 12 5 12 15 12 19 12 19 14 8 15 10 15 12 15 19 16 6 19 8 19 10 19 12 19 14 19 6 3 8 3 12 3 14 3 12 7 13 8 7 12 8 13 12 17
> BAT2 10 3 3 6 17 6 8 7 10 7 3 8 7 8 17 8 3 10 7 10 13 10 17 10 17 12 10 13 17 14 6 17 8 17 10 17
< RES 1637256856 56 2
< GRENADE
< MOVE R R
> REQ 1637256856 57 2
> VAMPIRE 1 5 5 3 0 2 0
> VAMPIRE 4 3 12 3 0 2 0
> VAMPIRE 3 13 12 3 0 2 0
> VAMPIRE 2 13 5 3 0 2 0
> GRENADE 4 1 11 2 2
> GRENADE 3 11 11 2 2
> GRENADE 1 7 3 4 2
> GRENADE 2 13 3 5 2
> BAT1 8 5 10 5 12 5 1 6 1 8 5 8 15 8 19 8 10 9 1 10 5 10 9 10 11 10 15 10 19 10 10 11 1 12 5 12 15 12 19 12 19 14 8 15 10 15 12 15 19 16 6 19 8 19 10 19 12 19 14 19 6 3 8 3 12 3 14 3 12 7 13 8 7 12 8 13 12 17
> BAT2 10 3 3 6 17 6 8 7 10 7 3 8 7 8 17 8 3 10 7 10 13 10 17 10 17 12 10 13 17 14 6 17 8 17 10 17
< RES 1637256856 57 2
< MOVE D D
> REQ 1637256856 58 2
> VAMPIRE 1 5 5 3 0 2 0
> VAMPIRE 4 3 13 3 0 2 0
> VAMPIRE 3 13 13 3 0 2 0
> VAMPIRE 2 15 5 3 0 2 0
> GRENADE 4 1 11 1 2
> GRENADE 3 11 11 1 2
> GRENADE 1 7 3 3 2
> GRENADE 2 13 3 4 2
> BAT1 8 5 10 5 12 5 1 6 1 8 5 8 15 8 19 8 10 9 1 10 5 10 9 10 11 10 15 10 19 10 10 11 1 12 5 12 15 12 19 12 19 14 8 15 10 15 12 15 19 16 6 19 8 19 10 19 12 19 14 19 6 3 8 3 12 3 14 3 12 7 13 8 7 12 8 13 12 17
> BAT2 10 3 3 6 17 6 8 7 10 7 3 8 7 8 17 8 3 10 7 10 13 10 17 10 17 12 10 13 17 14 6 17 8 17 10 17
< RES 1637256856 58 2
> REQ 1637256856 59 2
> VAMPIRE 1 5 5 3 0 2 0
> VAMPIRE 4 5 13 3 1 2 0
> VAMPIRE 3 11 13 3 1 2 0
> VAMPIRE 2 15 5 3 0 2 0
> GRENADE 1 7 3 2 2
> GRENADE 2 13 3 3 2
> BAT1 8 5 10 5 12 5 1 6 1 8 5 8 15 8 19 8 10 9 5 10 9 10 15 10 19 10 5 12 15 12 19 12 19 14 8 15 10 15 12 15 19 16 6 19 8 19 10 19 12 19 14 19 6 3 8 3 12 3 14 3 12 7 13 8 7 12 8 13 12 17
> BAT2 10 3 3 6 17 6 8 7 10 7 3 8 7 8 17 8 3 10 7 10 13 10 17 10 17 12 10 13 17 14 6 17 8 17 10 17
< RES 1637256856 59 2
> REQ 1637256856 60 2
> VAMPIRE 1 5 7 3 0 2 0
> VAMPIRE 4 7 13 3 1 2 0
> VAMPIRE 3 11 15 3 1 2 0
> VAMPIRE 2 15 5 3 0 2 0
> GRENADE 1 7 3 1 2
> GRENADE 2 13 3 2 2
> BAT1 8 5 10 5 12 5 1 6 1 8 5 8 15 8 19 8 10 9 5 10 9 10 15 10 19 10 5 12 15 12 19 12 19 14 8 15 10 15 12 15 19 16 6 19 8 19 10 19 12 19 14 19 6 3 8 3 12 3 14 3 12 7 13 8 7 12 8 13 12 17
> BAT2 10 3 3 6 17 6 8 7 10 7 3 8 7 8 17 8 3 10 7 10 13 10 17 10 17 12 10 13 17 14 6 17 8 17 10 17
< RES 1637256856 60 2
< MOVE R R
> REQ 1637256856 61 2
> VAMPIRE 1 3 7 3 1 2 0
> VAMPIRE 4 5 13 3 0 2 0
> VAMPIRE 3 11 13 3 0 2 0
> VAMPIRE 2 15 7 3 0 2 0
> GRENADE 2 13 3 1 2
> GRENADE 4 7 13 5 2
> GRENADE 3 11 15 5 2
> BAT1 8 5 10 5 12 5 1 6 1 8 5 8 15 8 19 8 10 9 5 10 9 10 15 10 19 10 5 12 15 12 19 12 19 14 8 15 10 15 12 15 19 16 6 19 8 19 10 19 12 19 14 19 12 3 14 3 12 7 13 8 7 12 8 13 12 17
> BAT2 10 3 3 6 17 6 8 7 10 7 3 8 7 8 17 8 3 10 7 10 13 10 17 10 17 12 10 13 17 14 6 17 8 17 10 17
< RES 1637256856 61 2
< MOVE U U
> REQ 1637256856 62 2
> VAMPIRE 1 5 7 3 0 2 0
> VAMPIRE 4 3 13 3 0 2 0
> VAMPIRE 3 13 13 3 0 2 0
> VAMPIRE 2 13 7 3 1 2 0
> GRENADE 4 7 13 4 2
> GRENADE 3 11 15 4 2
> GRENADE 1 3 7 5 2
> BAT1 8 5 10 5 12 5 1 6 1 8 5 8 15 8 19 8 10 9 5 10 9 10 15 10 19 10 5 12 15 12 19 12 19 14 8 15 10 15 12 15 19 16 6 19 8 19 10 19 12 19 14 19 12 7 13 8 7 12 8 13 12 17
> BAT2 10 3 3 6 17 6 8 7 10 7 3 8 7 8 17 8 3 10 7 10 13 10 17 10 17 12 10 13 17 14 6 17 8 17 10 17
< RES 1637256856 62 2
< GRENADE
< MOVE D D
> REQ 1637256856 63 2
> VAMPIRE 1 5 5 3 0 2 0
> VAMPIRE 4 3 13 3 0 2 0
> VAMPIRE 3 13 13 3 0 2 0
> VAMPIRE 2 15 7 3 0 2 0
> GRENADE 4 7 13 3 2
> GRENADE 3 11 15 3 2
> GRENADE 1 3 7 4 2
> GRENADE 2 13 7 5 2
> BAT1 8 5 10 5 12 5 1 6 1 8 5 8 15 8 19 8 10 9 5 10 9 10 15 10 19 10 5 12 15 12 19 12 19 14 8 15 10 15 12 15 19 16 6 19 8 19 10 19 12 19 14 19 12 7 13 8 7 12 8 13 12 17
> BAT2 10 3 3 6 17 6 8 7 10 7 3 8 7 8 17 8 3 10 7 10 13 10 17 10 17 12 10 13 17 14 6 17 8 17 10 17
< RES 1637256856 63 2
< MOVE L L
> REQ 1637256856 64 2
> VAMPIRE 1 5 5 3 0 2 0
> VAMPIRE 4 3 13 3 0 2 0
> VAMPIRE 3 13 13 3 0 2 0
> VAMPIRE 2 15 5 3 0 2 0
> GRENADE 4 7 13 2 2
> GRENADE 3 11 15 2 2
> GRENADE 1 3 7 3 2
> GRENADE 2 13 7 4 2
> BAT1 8 5 10 5 12 5 1 6 1 8 5 8 15 8 19 8 10 9 5 10 9 10 15 10 19 10 5 12 15 12 19 12 19 14 8 15 10 15 12 15 19 16 6 19 8 19 10 19 12 19 14 19 12 7 13 8 7 12 8 13 12 17
> BAT2 10 3 3 6 17 6 8 7 10 7 3 8 7 8 17 8 3 10 7 10 13 10 17 10 17 12 10 13 17 14 6 17 8 17 10 17
< RES 1637256856 64 2
< MOVE L L
> REQ 1637256856 65 2
> VAMPIRE 1 3 5 3 0 2 0
> VAMPIRE 4 3 11 3 0 2 0
> VAMPIRE 3 13 11 3 0 2 0
> VAMPIRE 2 15 3 3 0 2 0
> GRENADE 4 7 13 1 2
> GRENADE 3 11 15 1 2
> GRENADE 1 3 7 2 2
> GRENADE 2 13 7 3 2
> BAT1 8 5 10 5 12 5 1 6 1 8 5 8 15 8 19 8 10 9 5 10 9 10 15 10 19 10 5 12 15 12 19 12 19 14 8 15 10 15 12 15 19 16 6 19 8 19 10 19 12 19 14 19 12 7 13 8 7 12 8 13 12 17
> BAT2 10 3 3 6 17 6 8 7 10 7 3 8 7 8 17 8 3 10 7 10 13 10 17 10 17 12 10 13 17 14 6 17 8 17 10 17
< RES 1637256856 65 2
< MOVE U U
> REQ 1637256856 66 2
> VAMPIRE 1 1 5 3 0 2 0
> VAMPIRE 4 5 11 3 1 2 0
> VAMPIRE 3 15 11 3 1 2 0
> VAMPIRE 2 13 3 3 0 2 0
> GRENADE 1 3 7 1 2
> GRENADE 2 13 7 2 2
> BAT1 8 5 10 5 12 5 1 6 1 8 5 8 15 8 19 8 10 9 5 10 9 10 15 10 19 10 5 12 15 12 19 12 19 14 8 15 19 16 6 19 8 19 10 19 12 19 14 19 12 7 13 8 12 17
> BAT2 10 3 3 6 17 6 8 7 10 7 3 8 7 8 17 8 3 10 7 10 13 10 17 10 17 12 10 13 17 14 6 17 8 17 10 17
< RES 1637256856 66 2
< MOVE U U
> REQ 1637256856 67 2
> VAMPIRE 1 1 4 3 1 2 0
> VAMPIRE 4 3 11 3 0 2 0
> VAMPIRE 3 13 11 3 0 2 0
> VAMPIRE 2 11 3 3 0 2 0
> GRENADE 2 13 7 1 2
> GRENADE 4 5 11 5 2
> GRENADE 3 15 11 5 2
> BAT1 8 5 10 5 12 5 1 6 1 8 5 8 15 8 19 8 10 9 5 10 9 10 15 10 19 10 5 12 15 12 19 12 19 14 8 15 19 16 6 19 8 19 10 19 12 19 14 19 3 6 12 7 3 8 13 8 12 17
> BAT2 10 3 17 6 8 7 10 7 7 8 17 8 3 10 7 10 13 10 17 10 17 12 10 13 17 14 6 17 8 17 10 17
< RES 1637256856 67 2
< MOVE R R
> REQ 1637256856 68 2
> VAMPIRE 1 2 3 3 0 2 0
> VAMPIRE 4 3 13 3 0 2 0
> VAMPIRE 3 13 13 3 0 2 0
> VAMPIRE 2 11 5 3 1 2 0
> GRENADE 4 5 11 4 2
> GRENADE 3 15 11 4 2
> GRENADE 1 1 4 5 2
> BAT1 8 5 10 5 12 5 1 6 1 8 5 8 15 8 19 8 10 9 5 10 9 10 15 10 19 10 5 12 15 12 19 12 19 14 8 15 19 16 6 19 8 19 10 19 12 19 14 19 3 6 3 8 12 17
> BAT2 10 3 17 6 8 7 10 7 7 8 17 8 3 10 7 10 13 10 17 10 17 12 10 13 17 14 6 17 8 17 10 17
< RES 1637256856 68 2
< GRENADE
< MOVE L L
> REQ 1637256856 69 2
> VAMPIRE 1 3 3 3 0 2 0
> VAMPIRE 4 3 13 3 0 2 0
> VAMPIRE 3 13 13 3 0 2 0
> VAMPIRE 2 11 3 3 0 2 0
> GRENADE 4 5 11 3 2
> GRENADE 3 15 11 3 2
> GRENADE 1 1 4 4 2
> GRENADE 2 11 5 5 2
> BAT1 8 5 10 5 12 5 1 6 1 8 5 8 15 8 19 8 10 9 5 10 9 10 15 10 19 10 5 12 15 12 19 12 19 14 8 15 19 16 6 19 8 19 10 19 12 19 14 19 3 6 3 8 12 17
> BAT2 10 3 17 6 8 7 10 7 7 8 17 8 3 10 7 10 13 10 17 10 17 12 10 13 17 14 6 17 8 17 10 17
< RES 1637256856 69 2
< MOVE D D
> REQ 1637256856 70 2
> VAMPIRE 1 3 3 3 0 2 0
> VAMPIRE 4 5 13 3 0 2 0
> VAMPIRE 3 13 15 3 0 2 0
> VAMPIRE 2 13 3 3 0 2 0
> GRENADE 4 5 11 2 2
> GRENADE 3 15 11 2 2
> GRENADE 1 1 4 3 2
> GRENADE 2 11 5 4 2
> BAT1 8 5 10 5 12 5 1 6 1 8 5 8 15 8 19 8 10 9 5 10 9 10 15 10 19 10 5 12 15 12 19 12 19 14 8 15 19 16 6 19 8 19 10 19 12 19 14 19 3 6 3 8 12 17
> BAT2 10 3 17 6 8 7 10 7 7 8 17 8 3 10 7 10 13 10 17 10 17 12 10 13 17 14 6 17 8 17 10 17
< RES 1637256856 70 2
< MOVE D D
> REQ 1637256856 71 2
> VAMPIRE 1 3 3 3 0 2 0
> VAMPIRE 4 3 13 3 0 2 0
> VAMPIRE 3 11 15 3 0 2 0
> VAMPIRE 2 15 3 3 0 2 0
> GRENADE 4 5 11 1 2
> GRENADE 3 15 11 1 2
> GRENADE 1 1 4 2 2
> GRENADE 2 11 5 3 2
> BAT1 8 5 10 5 12 5 1 6 1 8 5 8 15 8 19 8 10 9 5 10 9 10 15 10 19 10 5 12 15 12 19 12 19 14 8 15 19 16 6 19 8 19 10 19 12 19 14 19 3 6 3 8 12 17
> BAT2 10 3 17 6 8 7 10 7 7 8 17 8 3 10 7 10 13 10 17 10 17 12 10 13 17 14 6 17 8 17 10 17
< RES 1637256856 71 2
< MOVE R R
> REQ 1637256856 72 2
> VAMPIRE 1 3 3 3 0 2 0
> VAMPIRE 4 3 12 3 1 2 0
> VAMPIRE 3 11 17 3 1 2 0
> VAMPIRE 2 15 5 3 0 2 0
> GRENADE 1 1 4 1 2
> GRENADE 2 11 5 2 2
> BAT1 8 5 10 5 12 5 1 6 1 8 5 8 15 8 19 8 10 9 9 10 19 10 19 12 19 14 8 15 19 16 6 19 8 19 10 19 12 19 14 19 3 6 3 8 12 17
> BAT2 10 3 17 6 8 7 10 7 7 8 17 8 3 10 7 10 13 10 17 10 17 12 10 13 17 14 6 17 8 17 10 17
< RES 1637256856 72 2
< MOVE R R
> REQ 1637256856 73 2
> VAMPIRE 1 3 4 3 1 2 0
> VAMPIRE 4 4 11 3 0 2 0
> VAMPIRE 3 11 15 3 0 2 0
> VAMPIRE 2 15 7 3 0 2 0
> GRENADE 2 11 5 1 2
> GRENADE 4 3 12 5 2
> GRENADE 3 11 17 5 2
> BAT1 8 5 10 5 12 5 1 8 5 8 15 8 19 8 10 9 9 10 19 10 19 12 19 14 8 15 19 16 6 19 8 19 10 19 12 19 14 19 3 6 3 8 12 17
> BAT2 10 3 17 6 8 7 10 7 7 8 17 8 3 10 7 10 13 10 17 10 17 12 10 13 17 14 6 17 8 17 10 17
< RES 1637256856 73 2
< MOVE D D
> REQ 1637256856 74 2
> VAMPIRE 1 4 5 3 0 2 0
> VAMPIRE 4 5 11 3 0 2 0
> VAMPIRE 3 13 15 3 0 2 0
> VAMPIRE 2 17 7 3 1 2 0
> GRENADE 4 3 12 4 2
> GRENADE 3 11 17 4 2
> GRENADE 1 3 4 5 2
> BAT1 8 5 1 8 5 8 15 8 19 8 10 9 9 10 19 10 19 12 19 14 8 15 19 16 6 19 8 19 10 19 12 19 14 19 3 6 3 8 12 17
> BAT2 10 3 17 6 8 7 10 7 7 8 17 8 3 10 7 10 13 10 17 10 17 12 10 13 17 14 6 17 8 17 10 17
< RES 1637256856 74 2
< GRENADE
< MOVE U U
> REQ 1637256856 75 2
> VAMPIRE 1 5 5 3 0 2 0
> VAMPIRE 4 5 11 3 0 2 0
> VAMPIRE 3 13 15 3 0 2 0
> VAMPIRE 2 15 7 3 0 2 0
> GRENADE 4 3 12 3 2
> GRENADE 3 11 17 3 2
> GRENADE 1 3 4 4 2
> GRENADE 2 17 7 5 2
> BAT1 8 5 1 8 5 8 15 8 19 8 10 9 9 10 19 10 19 12 19 14 8 15 19 16 6 19 8 19 10 19 12 19 14 19 3 6 3 8 12 17
> BAT2 10 3 17 6 8 7 10 7 7 8 17 8 3 10 7 10 13 10 17 10 17 12 10 13 17 14 6 17 8 17 10 17
< RES 1637256856 75 2
< MOVE U U
> REQ 1637256856 76 2
> VAMPIRE 1 5 5 3 0 2 0
> VAMPIRE 4 5 11 3 0 2 0
> VAMPIRE 3 15 15 3 0 2 0
> VAMPIRE 2 13 7 3 0 2 0
> GRENADE 4 3 12 2 2
> GRENADE 3 11 17 2 2
> GRENADE 1 3 4 3 2
> GRENADE 2 17 7 4 2
> BAT1 8 5 1 8 5 8 15 8 19 8 10 9 9 10 19 10 19 12 19 14 8 15 19 16 6 19 8 19 10 19 12 19 14 19 3 6 3 8 12 17
> BAT2 10 3 17 6 8 7 10 7 7 8 17 8 3 10 7 10 13 10 17 10 17 12 10 13 17 14 6 17 8 17 10 17
< RES 1637256856 76 2
< MOVE L L
> REQ 1637256856 77 2
> VAMPIRE 1 5 5 3 0 2 0
> VAMPIRE 4 5 9 3 0 2 0
> VAMPIRE 3 15 13 3 0 2 0
> VAMPIRE 2 13 5 3 0 2 0
> GRENADE 4 3 12 1 2
> GRENADE 3 11 17 1 2
> GRENADE 1 3 4 2 2
> GRENADE 2 17 7 3 2
> BAT1 8 5 1 8 5 8 15 8 19 8 10 9 9 10 19 10 19 12 19 14 8 15 19 16 6 19 8 19 10 19 12 19 14 19 3 6 3 8 12 17
> BAT2 10 3 17 6 8 7 10 7 7 8 17 8 3 10 7 10 13 10 17 10 17 12 10 13 17 14 6 17 8 17 10 17
< RES 1637256856 77 2
< MOVE U U
> REQ 1637256856 78 2
> VAMPIRE 1 7 5 3 0 2 0
> VAMPIRE 4 3 9 3 1 2 0
> VAMPIRE 3 17 13 3 1 2 0
> VAMPIRE 2 11 5 3 0 2 0
> GRENADE 1 3 4 1 2
> GRENADE 2 17 7 2 2
> BAT1 8 5 1 8 5 8 15 8 19 8 10 9 9 10 19 10 19 12 19 14 8 15 19 16 6 19 8 19 10 19 12 19 14 19 3 6 3 8 3 10 10 17
> BAT2 10 3 17 6 8 7 10 7 7 8 17 8 7 10 13 10 17 10 17 12 10 13 17 14 6 17 8 17
< RES 1637256856 78 2
< MOVE U U
> REQ 1637256856 79 2
> VAMPIRE 1 7 7 3 1 2 0
> VAMPIRE 4 5 9 3 0 2 0
> VAMPIRE 3 15 13 3 0 2 0
> VAMPIRE 2 9 5 3 0 2 0
> GRENADE 2 17 7 1 2
> GRENADE 4 3 9 5 2
> GRENADE 3 17 13 5 2
> BAT1 8 5 1 8 5 8 15 8 19 8 10 9 9 10 19 10 19 12 19 14 8 15 19 16 6 19 8 19 10 19 12 19 14 19 3 8 3 10 10 17
> BAT2 10 3 17 6 8 7 10 7 7 8 17 8 7 10 13 10 17 10 17 12 10 13 17 14 6 17 8 17
< RES 1637256856 79 2
< MOVE R R
> REQ 1637256856 80 2
> VAMPIRE 1 5 7 3 0 2 0
> VAMPIRE 4 5 11 3 0 2 0
> VAMPIRE 3 15 15 3 0 2 0
> VAMPIRE 2 9 7 3 1 2 0
> GRENADE 4 3 9 4 2
> GRENADE 3 17 13 4 2
> GRENADE 1 7 7 5 2
> BAT1 8 5 1 8 5 8 15 8 19 8 10 9 9 10 19 10 19 12 19 14 8 15 19 16 6 19 8 19 10 19 12 19 14 19 17 6 3 8 17 8 3 10 10 17
> BAT2 10 3 8 7 10 7 7 8 7 10 13 10 17 10 17 12 10 13 17 14 6 17 8 17
< RES 1637256856 80 2
< GRENADE
< MOVE L L
> REQ 1637256856 81 2
> VAMPIRE 1 5 5 3 0 2 0
> VAMPIRE 4 5 11 3 0 2 0
> VAMPIRE 3 15 15 3 0 2 0
> VAMPIRE 2 9 5 3 0 2 0
> GRENADE 4 3 9 3 2
> GRENADE 3 17 13 3 2
> GRENADE 1 7 7 4 2
> GRENADE 2 9 7 5 2
> BAT1 8 5 1 8 5 8 15 8 19 8 10 9 9 10 19 10 19 12 19 14 8 15 19 16 6 19 8 19 10 19 12 19 14 19 17 6 3 8 17 8 3 10 10 17
> BAT2 10 3 8 7 10 7 7 8 7 10 13 10 17 10 17 12 10 13 17 14 6 17 8 17
< RES 1637256856 81 2
< MOVE D D
> REQ 1637256856 82 2
> VAMPIRE 1 5 5 3 0 2 0
> VAMPIRE 4 5 10 3 0 2 0
> VAMPIRE 3 16 15 3 0 2 0
> VAMPIRE 2 11 5 3 0 2 0
> GRENADE 4 3 9 2 2
> GRENADE 3 17 13 2 2
> GRENADE 1 7 7 3 2
> GRENADE 2 9 7 4 2
> BAT1 8 5 1 8 5 8 15 8 19 8 10 9 9 10 19 10 19 12 19 14 8 15 19 16 6 19 8 19 10 19 12 19 14 19 17 6 3 8 17 8 3 10 10 17
> BAT2 10 3 8 7 10 7 7 8 7 10 13 10 17 10 17 12 10 13 17 14 6 17 8 17
< RES 1637256856 82 2
< MOVE D D
> REQ 1637256856 83 2
> VAMPIRE 1 5 5 3 0 2 0
> VAMPIRE 4 5 11 3 0 2 0
> VAMPIRE 3 18 15 3 0 2 0
> VAMPIRE 2 13 5 3 0 2 0
> GRENADE 4 3 9 1 2
> GRENADE 3 17 13 1 2
> GRENADE 1 7 7 2 2
> GRENADE 2 9 7 3 2
> BAT1 8 5 1 8 5 8 15 8 19 8 10 9 9 10 19 10 19 12 19 14 8 15 19 16 6 19 8 19 10 19 12 19 14 19 17 6 3 8 17 8 3 10 10 17
> BAT2 10 3 8 7 10 7 7 8 7 10 13 10 17 10 17 12 10 13 17 14 6 17 8 17
< RES 1637256856 83 2
< MOVE D D
> REQ 1637256856 84 2
> VAMPIRE 1 5 5 3 0 2 0
> VAMPIRE 4 5 9 3 1 2 0
> VAMPIRE 3 19 15 3 1 2 0
> VAMPIRE 2 15 5 3 0 2 0
> GRENADE 1 7 7 1 2
> GRENADE 2 9 7 2 2
> BAT1 8 5 1 8 5 8 15 8 19 8 10 9 9 10 19 10 19 12 19 14 8 15 19 16 6 19 8 19 10 19 12 19 14 19 17 6 17 8 17 12 17 14 10 17
> BAT2 10 3 8 7 10 7 7 8 7 10 13 10 17 10 10 13 6 17 8 17
< RES 1637256856 84 2
< MOVE D D
> REQ 1637256856 85 2
> VAMPIRE 1 5 7 3 1 2 0
> VAMPIRE 4 7 9 3 1 2 0
> VAMPIRE 3 17 15 3 0 2 0
> VAMPIRE 2 17 5 3 0 2 0
> GRENADE 2 9 7 1 2
> GRENADE 3 19 15 5 2
> BAT1 8 5 1 8 5 8 15 8 19 8 10 9 9 10 19 10 19 12 19 14 8 15 19 16 6 19 8 19 10 19 12 19 14 19 17 6 8 7 7 8 17 8 17 12 17 14 10 17
> BAT2 10 3 10 7 7 10 13 10 17 10 10 13 6 17 8 17
< RES 1637256856 85 2
< MOVE L
> REQ 1637256856 86 2
> VAMPIRE 1 3 7 3 0 2 0
> VAMPIRE 4 5 9 3 0 2 0
> VAMPIRE 3 15 15 3 0 2 0
> VAMPIRE 2 17 4 3 1 2 0
> GRENADE 3 19 15 4 2
> GRENADE 1 5 7 5 2
> GRENADE 4 7 9 5 2
> BAT1 8 5 1 8 5 8 15 8 19 8 10 9 9 10 19 10 19 12 19 14 8 15 19 16 6 19 8 19 10 19 12 19 14 19 17 6 10 7 7 8 17 8 17 12 17 14 10 17
> BAT2 10 3 7 10 13 10 17 10 10 13 6 17 8 17
< RES 1637256856 86 2
< GRENADE
< MOVE R U
> REQ 1637256856 87 2
> VAMPIRE 1 3 9 3 0 2 0
> VAMPIRE 4 5 11 3 0 2 0
> VAMPIRE 3 15 15 3 0 2 0
> VAMPIRE 2 16 5 3 0 2 0
> GRENADE 3 19 15 3 2
> GRENADE 1 5 7 4 2
> GRENADE 4 7 9 4 2
> GRENADE 2 17 4 5 2
> BAT1 8 5 1 8 5 8 15 8 19 8 10 9 9 10 19 10 19 12 19 14 8 15 19 16 6 19 8 19 10 19 12 19 14 19 17 6 10 7 7 8 17 8 17 12 17 14 10 17
> BAT2 10 3 7 10 13 10 17 10 10 13 6 17 8 17
< RES 1637256856 87 2
< MOVE U
> REQ 1637256856 88 2
> VAMPIRE 1 3 9 3 0 2 0
> VAMPIRE 4 5 13 3 0 2 0
> VAMPIRE 3 15 15 3 0 2 0
> VAMPIRE 2 15 5 3 0 2 0
> GRENADE 3 19 15 2 2
> GRENADE 1 5 7 3 2
> GRENADE 4 7 9 3 2
> GRENADE 2 17 4 4 2
> BAT1 8 5 1 8 5 8 15 8 19 8 10 9 9 10 19 10 19 12 19 14 8 15 19 16 6 19 8 19 10 19 12 19 14 19 17 6 10 7 7 8 17 8 17 12 17 14 10 17
> BAT2 10 3 7 10 13 10 17 10 10 13 6 17 8 17
< RES 1637256856 88 2
> REQ 1637256856 89 2
> VAMPIRE 1 3 11 3 0 2 0
> VAMPIRE 4 7 13 3 0 2 0
> VAMPIRE 3 15 13 3 0 2 0
> VAMPIRE 2 15 5 3 0 2 0
> GRENADE 3 19 15 1 2
> GRENADE 1 5 7 2 2
> GRENADE 4 7 9 2 2
> GRENADE 2 17 4 3 2
> BAT1 8 5 1 8 5 8 15 8 19 8 10 9 9 10 19 10 19 12 19 14 8 15 19 16 6 19 8 19 10 19 12 19 14 19 17 6 10 7 7 8 17 8 17 12 17 14 10 17
> BAT2 10 3 7 10 13 10 17 10 10 13 6 17 8 17
< RES 1637256856 89 2
> REQ 1637256856 90 2
> VAMPIRE 1 1 11 3 0 2 0
> VAMPIRE 4 7 15 3 0 2 0
> VAMPIRE 3 17 13 3 1 2 0
> VAMPIRE 2 15 5 3 0 2 0
> GRENADE 1 5 7 1 2
> GRENADE 4 7 9 1 2
> GRENADE 2 17 4 2 2
> BAT1 8 5 1 8 5 8 15 8 19 8 10 9 9 10 19 10 19 12 8 15 6 19 8 19 10 19 12 19 14 19 17 6 10 7 7 8 17 8 17 12 17 14 10 17
> BAT2 10 3 7 10 13 10 17 10 10 13 6 17 8 17
< RES 1637256856 90 2
> REQ 1637256856 91 2
> VAMPIRE 1 1 10 3 1 2 0
> VAMPIRE 4 7 17 3 1 2 0
> VAMPIRE 3 15 13 3 0 2 0
> VAMPIRE 2 15 5 3 0 2 0
> GRENADE 2 17 4 1 2
> GRENADE 3 17 13 5 2
> BAT1 8 5 1 8 15 8 19 8 10 9 9 10 19 10 19 12 8 15 6 19 8 19 10 19 12 19 14 19 17 6 10 7 17 8 7 10 17 12 17 14 10 17
> BAT2 10 3 13 10 17 10 10 13 6 17 8 17
< RES 1637256856 91 2
< MOVE R
> REQ 1637256856 92 2
> VAMPIRE 1 2 9 3 0 2 0
> VAMPIRE 4 7 15 3 0 2 0
> VAMPIRE 3 15 15 3 0 2 0
> VAMPIRE 2 15 6 3 1 2 0
> GRENADE 3 17 13 4 2
> GRENADE 1 1 10 5 2
> GRENADE 4 7 17 5 2
> BAT1 8 5 1 8 15 8 19 8 10 9 9 10 19 10 19 12 8 15 6 19 8 19 10 19 12 19 14 19 10 7 17 8 7 10 17 12 17 14 10 17
> BAT2 10 3 13 10 17 10 10 13 6 17 8 17
< RES 1637256856 92 2
< GRENADE
< MOVE R U
> REQ 1637256856 93 2
> VAMPIRE 1 3 9 3 0 2 0
> VAMPIRE 4 5 15 3 0 2 0
> VAMPIRE 3 15 15 3 0 2 0
> VAMPIRE 2 14 7 3 0 2 0
> GRENADE 3 17 13 3 2
> GRENADE 1 1 10 4 2
> GRENADE 4 7 17 4 2
> GRENADE 2 15 6 5 2
> BAT1 8 5 1 8 15 8 19 8 10 9 9 10 19 10 19 12 8 15 6 19 8 19 10 19 12 19 14 19 10 7 17 8 7 10 17 12 17 14 10 17
> BAT2 10 3 13 10 17 10 10 13 6 17 8 17
< RES 1637256856 93 2
< MOVE U
> REQ 1637256856 94 2
> VAMPIRE 1 3 9 3 0 2 0
> VAMPIRE 4 5 15 3 0 2 0
> VAMPIRE 3 15 17 3 0 2 0
> VAMPIRE 2 13 7 3 0 2 0
> GRENADE 3 17 13 2 2
> GRENADE 1 1 10 3 2
> GRENADE 4 7 17 3 2
> GRENADE 2 15 6 4 2
> BAT1 8 5 1 8 15 8 19 8 10 9 9 10 19 10 19 12 8 15 6 19 8 19 10 19 12 19 14 19 10 7 17 8 7 10 17 12 17 14 10 17
> BAT2 10 3 13 10 17 10 10 13 6 17 8 17
< RES 1637256856 94 2
> REQ 1637256856 95 2
> VAMPIRE 1 5 9 3 0 2 0
> VAMPIRE 4 5 15 3 0 2 0
> VAMPIRE 3 13 17 3 0 2 0
> VAMPIRE 2 13 7 3 0 2 0
> GRENADE 3 17 13 1 2
> GRENADE 1 1 10 2 2
> GRENADE 4 7 17 2 2
> GRENADE 2 15 6 3 2
> BAT1 8 5 1 8 15 8 19 8 10 9 9 10 19 10 19 12 8 15 6 19 8 19 10 19 12 19 14 19 10 7 17 8 7 10 17 12 17 14 10 17
> BAT2 10 3 13 10 17 10 10 13 6 17 8 17
< RES 1637256856 95 2
< MOVE R R
> REQ 1637256856 96 2
> VAMPIRE 1 7 9 3 0 2 0
> VAMPIRE 4 5 15 3 0 2 0
> VAMPIRE 3 13 19 3 1 2 0
> VAMPIRE 2 13 9 3 0 2 0
> GRENADE 1 1 10 1 2
> GRENADE 4 7 17 1 2
> GRENADE 2 15 6 2 2
> BAT1 8 5 1 8 15 8 19 8 10 9 9 10 19 10 19 12 8 15 6 19 8 19 10 19 12 19 14 19 10 7 17 8 7 10 10 17
> BAT2 10 3 13 10 17 10 10 13 6 17 8 17
< RES 1637256856 96 2
< MOVE D D
> REQ 1637256856 97 2
> VAMPIRE 1 9 9 3 1 2 0
> VAMPIRE 4 7 15 3 1 2 0
> VAMPIRE 3 13 17 3 0 2 0
> VAMPIRE 2 15 9 3 0 2 0
> GRENADE 2 15 6 1 2
> GRENADE 3 13 19 5 2
> BAT1 8 5 15 8 19 8 10 9 9 10 19 10 19 12 8 15 6 19 8 19 10 19 12 19 14 19 10 7 17 8 7 10 6 17 8 17 10 17
> BAT2 10 3 13 10 17 10 10 13
< RES 1637256856 97 2
< MOVE D D
> REQ 1637256856 98 2
> VAMPIRE 1 7 9 3 0 2 0
> VAMPIRE 4 7 17 3 1 2 0
> VAMPIRE 3 15 17 3 0 2 0
> VAMPIRE 2 17 9 3 1 2 0
> GRENADE 3 13 19 4 2
> GRENADE 1 9 9 5 2
> BAT1 8 5 19 8 10 9 9 10 19 10 19 12 8 15 6 19 8 19 10 19 12 19 14 19 10 7 17 8 7 10 6 17 8 17 10 17
> BAT2 10 3 13 10 17 10 10 13
< RES 1637256856 98 2
< GRENADE
< MOVE U U
> REQ 1637256856 99 2
> VAMPIRE 1 5 9 3 0 2 0
> VAMPIRE 4 7 15 3 0 2 0
> VAMPIRE 3 15 17 3 0 2 0
> VAMPIRE 2 15 9 3 0 2 0
> GRENADE 3 13 19 3 2
> GRENADE 1 9 9 4 2
> GRENADE 4 7 17 5 2
> GRENADE 2 17 9 5 2
> BAT1 8 5 19 8 10 9 9 10 19 10 19 12 8 15 6 19 8 19 10 19 12 19 14 19 10 7 17 8 7 10 6 17 8 17 10 17
> BAT2 10 3 13 10 17 10 10 13
< RES 1637256856 99 2
< MOVE L L
> REQ 1637256856 100 2
> VAMPIRE 1 5 9 3 0 2 0
> VAMPIRE 4 5 15 3 0 2 0
> VAMPIRE 3 15 17 3 0 2 0
> VAMPIRE 2 15 7 3 0 2 0
> GRENADE 3 13 19 2 2
> GRENADE 1 9 9 3 2
> GRENADE 4 7 17 4 2
> GRENADE 2 17 9 4 2
> BAT1 8 5 19 8 10 9 9 10 19 10 19 12 8 15 6 19 8 19 10 19 12 19 14 19 10 7 17 8 7 10 6 17 8 17 10 17
> BAT2 10 3 13 10 17 10 10 13
< RES 1637256856 100 2
> REQ 1637256856 101 2
> VAMPIRE 1 5 7 3 0 2 0
> VAMPIRE 4 5 15 3 0 2 0
> VAMPIRE 3 14 17 3 0 2 0
> VAMPIRE 2 15 7 3 0 2 0
> GRENADE 3 13 19 1 2
> GRENADE 1 9 9 2 2
> GRENADE 4 7 17 3 2
> GRENADE 2 17 9 3 2
> BAT1 8 5 19 8 10 9 9 10 19 10 19 12 8 15 6 19 8 19 10 19 12 19 14 19 10 7 17 8 7 10 6 17 8 17 10 17
> BAT2 10 3 13 10 17 10 10 13
< RES 1637256856 101 2
> REQ 1637256856 102 2
> VAMPIRE 1 5 5 3 0 2 0
> VAMPIRE 4 5 15 3 0 2 0
> VAMPIRE 3 12 17 3 1 2 0
> VAMPIRE 2 15 7 3 0 2 0
> GRENADE 1 9 9 1 2
> GRENADE 4 7 17 2 2
> GRENADE 2 17 9 2 2
> BAT1 8 5 19 8 10 9 9 10 19 10 19 12 8 15 6 19 8 19 10 19 10 7 17 8 7 10 6 17 8 17 10 17
> BAT2 10 3 13 10 17 10 10 13
< RES 1637256856 102 2
< MOVE U U
> REQ 1637256856 103 2
> VAMPIRE 1 6 5 3 1 2 0
> VAMPIRE 4 5 15 3 0 2 0
> VAMPIRE 3 11 16 3 0 2 0
> VAMPIRE 2 13 7 3 0 2 0
> GRENADE 4 7 17 1 2
> GRENADE 2 17 9 1 2
> GRENADE 3 12 17 5 2
> BAT1 8 5 19 8 19 10 19 12 8 15 6 19 8 19 10 19 10 7 17 8 7 10 6 17 8 17 10 17
> BAT2 10 3 13 10 17 10 10 13
< RES 1637256856 103 2
< MOVE U
> REQ 1637256856 104 2
> VAMPIRE 1 7 4 3 0 2 0
> VAMPIRE 4 6 15 3 1 2 0
> VAMPIRE 3 11 15 3 0 2 0
> VAMPIRE 2 12 7 3 1 2 0
> GRENADE 3 12 17 4 2
> GRENADE 1 6 5 5 2
> BAT1 8 5 19 8 19 10 19 12 8 15 6 19 8 19 10 19 10 7 7 10 17 10 10 17
> BAT2 10 3 13 10 10 13
< RES 1637256856 104 2
< GRENADE
< MOVE U R
> REQ 1637256856 105 2
> VAMPIRE 1 7 3 3 0 2 0
> VAMPIRE 4 7 16 3 0 2 0
> VAMPIRE 3 11 15 3 0 2 0
> VAMPIRE 2 11 8 3 0 2 0
> GRENADE 3 12 17 3 2
> GRENADE 1 6 5 4 2
> GRENADE 4 6 15 5 2
> GRENADE 2 12 7 5 2
> BAT1 8 5 19 8 19 10 19 12 8 15 6 19 8 19 10 19 10 7 7 10 17 10 10 17
> BAT2 10 3 13 10 10 13
< RES 1637256856 105 2
< MOVE R
> REQ 1637256856 106 2
> VAMPIRE 1 7 3 3 0 2 0
> VAMPIRE 4 7 17 3 0 2 0
> VAMPIRE 3 11 15 3 0 2 0
> VAMPIRE 2 11 9 3 0 2 0
> GRENADE 3 12 17 2 2
> GRENADE 1 6 5 3 2
> GRENADE 4 6 15 4 2
> GRENADE 2 12 7 4 2
> BAT1 8 5 19 8 19 10 19 12 8 15 6 19 8 19 10 19 10 7 7 10 17 10 10 17
> BAT2 10 3 13 10 10 13
< RES 1637256856 106 2
> REQ 1637256856 107 2
> VAMPIRE 1 7 3 3 0 2 0
> VAMPIRE 4 7 17 3 0 2 0
> VAMPIRE 3 11 13 3 0 2 0
> VAMPIRE 2 11 9 3 0 2 0
> GRENADE 3 12 17 1 2
> GRENADE 1 6 5 2 2
> GRENADE 4 6 15 3 2
> GRENADE 2 12 7 3 2
> BAT1 8 5 19 8 19 10 19 12 8 15 6 19 8 19 10 19 10 7 7 10 17 10 10 17
> BAT2 10 3 13 10 10 13
< RES 1637256856 107 2
> REQ 1637256856 108 2
> VAMPIRE 1 7 3 3 0 2 0
> VAMPIRE 4 8 17 3 0 2 0
> VAMPIRE 3 12 13 3 1 2 0
> VAMPIRE 2 11 9 3 0 2 0
> GRENADE 1 6 5 1 2
> GRENADE 4 6 15 2 2
> GRENADE 2 12 7 2 2
> BAT1 8 5 19 8 19 10 19 12 8 15 6 19 8 19 10 19 10 7 7 10 17 10
> BAT2 10 3 13 10 10 13
< RES 1637256856 108 2
< MOVE D D
> REQ 1637256856 109 2
> VAMPIRE 1 8 3 3 1 2 0
> VAMPIRE 4 9 18 3 0 2 0
> VAMPIRE 3 11 12 3 0 2 0
> VAMPIRE 2 13 9 3 0 2 0
> GRENADE 4 6 15 1 2
> GRENADE 2 12 7 1 2
> GRENADE 3 12 13 5 2
> BAT1 19 8 19 10 19 12 8 15 6 19 8 19 10 19 10 7 7 10 17 10
> BAT2 10 3 13 10 10 13
< RES 1637256856 109 2
< MOVE L
> REQ 1637256856 110 2
> VAMPIRE 1 9 4 3 0 2 0
> VAMPIRE 4 9 19 3 1 2 0
> VAMPIRE 3 11 11 3 0 2 0
> VAMPIRE 2 13 8 3 1 2 0
> GRENADE 3 12 13 4 2
> GRENADE 1 8 3 5 2
> BAT1 19 8 19 10 19 12 6 19 8 19 10 19 7 10 17 10
> BAT2 10 3 13 10 10 13
< RES 1637256856 110 2
< GRENADE
< MOVE R U
> REQ 1637256856 111 2
> VAMPIRE 1 9 5 3 0 2 0
> VAMPIRE 4 9 17 3 0 2 0
> VAMPIRE 3 11 11 3 0 2 0
> VAMPIRE 2 12 9 3 0 2 0
> GRENADE 3 12 13 3 2
> GRENADE 1 8 3 4 2
> GRENADE 4 9 19 5 2
> GRENADE 2 13 8 5 2
> BAT1 19 8 19 10 19 12 6 19 8 19 10 19 7 10 17 10
> BAT2 10 3 13 10 10 13
< RES 1637256856 111 2
< MOVE U
> REQ 1637256856 112 2
> VAMPIRE 1 9 5 3 0 2 0
> VAMPIRE 4 7 17 3 0 2 0
> VAMPIRE 3 13 11 3 0 2 0
> VAMPIRE 2 11 9 3 0 2 0
> GRENADE 3 12 13 2 2
> GRENADE 1 8 3 3 2
> GRENADE 4 9 19 4 2
> GRENADE 2 13 8 4 2
> BAT1 19 8 19 10 19 12 6 19 8 19 10 19 7 10 17 10
> BAT2 10 3 13 10 10 13
< RES 1637256856 112 2
< MOVE D
> REQ 1637256856 113 2
> VAMPIRE 1 7 5 3 0 2 0
> VAMPIRE 4 7 17 3 0 2 0
> VAMPIRE 3 15 11 3 0 2 0
> VAMPIRE 2 12 9 3 0 2 0
> GRENADE 3 12 13 1 2
> GRENADE 1 8 3 2 2
> GRENADE 4 9 19 3 2
> GRENADE 2 13 8 3 2
> BAT1 19 8 19 10 19 12 6 19 8 19 10 19 7 10 17 10
> BAT2 10 3 13 10 10 13
< RES 1637256856 113 2
< MOVE D D
> REQ 1637256856 114 2
> VAMPIRE 1 7 7 3 0 2 0
> VAMPIRE 4 7 15 3 0 2 0
> VAMPIRE 3 17 11 3 1 2 0
> VAMPIRE 2 14 9 3 0 2 0
> GRENADE 1 8 3 1 2
> GRENADE 4 9 19 2 2
> GRENADE 2 13 8 2 2
> BAT1 19 8 19 10 19 12 6 19 8 19 10 19 7 10 17 10 10 13
> BAT2 10 3 13 10
< RES 1637256856 114 2
< MOVE D
> REQ 1637256856 115 2
> VAMPIRE 1 7 8 3 1 2 0
> VAMPIRE 4 7 13 3 0 2 0
> VAMPIRE 3 17 13 3 0 2 0
> VAMPIRE 2 15 9 3 0 2 0
> GRENADE 4 9 19 1 2
> GRENADE 2 13 8 1 2
> GRENADE 3 17 11 5 2
> BAT1 19 8 19 10 19 12 6 19 8 19 10 19 10 3 7 10 17 10 10 13
> BAT2 13 10
< RES 1637256856 115 2
< MOVE U U
> REQ 1637256856 116 2
> VAMPIRE 1 6 9 3 0 2 0
> VAMPIRE 4 8 13 3 1 2 0
> VAMPIRE 3 17 15 3 0 2 0
> VAMPIRE 2 13 9 3 1 2 0
> GRENADE 3 17 11 4 2
> GRENADE 1 7 8 5 2
> BAT1 19 8 19 10 19 12 6 19 10 3 7 10 13 10 17 10 10 13
< RES 1637256856 116 2
< GRENADE
< MOVE U U
> REQ 1637256856 117 2
> VAMPIRE 1 5 9 3 0 2 0
> VAMPIRE 4 9 12 3 0 2 0
> VAMPIRE 3 15 15 3 0 2 0
> VAMPIRE 2 11 9 3 0 2 0
> GRENADE 3 17 11 3 2
> GRENADE 1 7 8 4 2
> GRENADE 4 8 13 5 2
> GRENADE 2 13 9 5 2
> BAT1 19 8 19 10 19 12 6 19 10 3 7 10 13 10 17 10 10 13
< RES 1637256856 117 2
< MOVE U U
> REQ 1637256856 118 2
> VAMPIRE 1 5 9 3 0 2 0
> VAMPIRE 4 9 11 3 0 2 0
> VAMPIRE 3 13 15 3 0 2 0
> VAMPIRE 2 9 9 3 0 2 0
> GRENADE 3 17 11 2 2
> GRENADE 1 7 8 3 2
> GRENADE 4 8 13 4 2
> GRENADE 2 13 9 4 2
> BAT1 19 8 19 10 19 12 6 19 10 3 7 10 13 10 17 10 10 13
< RES 1637256856 118 2
< MOVE L L
> REQ 1637256856 119 2
> VAMPIRE 1 5 9 3 0 2 0
> VAMPIRE 4 11 11 3 0 2 0
> VAMPIRE 3 13 13 3 0 2 0
> VAMPIRE 2 9 7 3 0 2 0
> GRENADE 3 17 11 1 2
> GRENADE 1 7 8 2 2
> GRENADE 4 8 13 3 2
> GRENADE 2 13 9 3 2
> BAT1 19 8 19 10 19 12 6 19 10 3 7 10 13 10 17 10 10 13
< RES 1637256856 119 2
< MOVE L L
> REQ 1637256856 120 2
> VAMPIRE 1 5 11 3 0 2 0
> VAMPIRE 4 9 11 3 0 2 0
> VAMPIRE 3 15 13 3 1 2 0
> VAMPIRE 2 9 5 3 0 2 0
> GRENADE 1 7 8 1 2
> GRENADE 4 8 13 2 2
> GRENADE 2 13 9 2 2
> BAT1 19 8 19 10 19 12 6 19 10 3 7 10 13 10 10 13
< RES 1637256856 120 2
> REQ 1637256856 121 2
> VAMPIRE 1 5 13 3 1 2 0
> VAMPIRE 4 9 9 3 0 2 0
> VAMPIRE 3 17 13 3 1 2 0
> VAMPIRE 2 9 5 3 0 2 0
> GRENADE 4 8 13 1 2
> GRENADE 2 13 9 1 2
> BAT1 19 8 19 10 19 12 6 19 10 3 13 10 10 13
< RES 1637256856 121 2
< MOVE L L
> REQ 1637256856 122 2
> VAMPIRE 1 5 15 3 1 2 0
> VAMPIRE 4 9 7 3 1 2 0
> VAMPIRE 3 19 13 3 1 2 0
> VAMPIRE 2 9 3 3 1 2 0
> BAT1 19 8 19 10 19 12 6 19 10 3
< RES 1637256856 122 2
< GRENADE
< MOVE R R
> REQ 1637256856 123 2
> VAMPIRE 1 5 17 3 1 2 0
> VAMPIRE 4 9 5 3 1 2 0
> VAMPIRE 3 17 13 3 0 2 0
> VAMPIRE 2 9 5 3 0 2 0
> GRENADE 3 19 13 5 2
> GRENADE 2 9 3 5 2
> BAT1 19 8 19 10 19 12 6 19 10 3
< RES 1637256856 123 2
< MOVE D D
> REQ 1637256856 124 2
> VAMPIRE 1 5 19 3 1 2 0
> VAMPIRE 4 11 5 3 0 2 0
> VAMPIRE 3 17 11 3 0 2 0
> VAMPIRE 2 11 5 3 0 2 0
> GRENADE 3 19 13 4 2
> GRENADE 2 9 3 4 2
> GRENADE 4 9 5 5 2
> BAT1 19 8 19 10 19 12 6 19 10 3
< RES 1637256856 124 2
< MOVE D D
> REQ 1637256856 125 2
> VAMPIRE 1 5 17 3 0 2 0
> VAMPIRE 4 13 5 3 0 2 0
> VAMPIRE 3 17 11 3 0 2 0
> VAMPIRE 2 13 5 3 0 2 0
> GRENADE 3 19 13 3 2
> GRENADE 2 9 3 3 2
> GRENADE 4 9 5 4 2
> GRENADE 1 5 19 5 2
> BAT1 19 8 19 10 19 12 6 19 10 3
< RES 1637256856 125 2
< MOVE D D
> REQ 1637256856 126 2
> VAMPIRE 1 7 17 3 0 2 0
> VAMPIRE 4 15 5 3 0 2 0
> VAMPIRE 3 17 10 3 0 2 0
> VAMPIRE 2 15 5 3 0 2 0
> GRENADE 3 19 13 2 2
> GRENADE 2 9 3 2 2
> GRENADE 4 9 5 3 2
> GRENADE 1 5 19 4 2
> BAT1 19 8 19 10 19 12 6 19 10 3
< RES 1637256856 126 2
< MOVE D D
> REQ 1637256856 127 2
> VAMPIRE 1 7 17 3 0 2 0
> VAMPIRE 4 17 5 3 0 2 0
> VAMPIRE 3 18 9 3 0 2 0
> VAMPIRE 2 17 5 3 0 2 0
> GRENADE 3 19 13 1 2
> GRENADE 2 9 3 1 2
> GRENADE 4 9 5 2 2
> GRENADE 1 5 19 3 2
> BAT1 19 8 19 10 19 12 6 19 10 3
< RES 1637256856 127 2
< MOVE D D
> REQ 1637256856 128 2
> VAMPIRE 1 7 17 3 0 2 0
> VAMPIRE 4 19 5 3 1 2 0
> VAMPIRE 3 19 9 3 1 2 0
> VAMPIRE 2 19 5 3 1 2 0
> GRENADE 1 5 19 2 2
> BAT1 19 8 19 10 6 19
< RES 1637256856 128 2
< MOVE R R
> REQ 1637256856 129 2
> VAMPIRE 1 7 17 3 0 2 0
> VAMPIRE 4 19 5 3 1 2 0
> VAMPIRE 3 17 9 3 0 2 0
> VAMPIRE 2 19 7 3 1 2 0
> GRENADE 1 5 19 1 2
> GRENADE 3 19 9 5 2
> BAT1 19 8 19 10 6 19
< RES 1637256856 129 2
< GRENADE
< MOVE U U
> REQ 1637256856 130 2
> VAMPIRE 1 9 17 3 1 2 0
> VAMPIRE 4 19 5 3 1 2 0
> VAMPIRE 3 17 11 3 0 2 0
> VAMPIRE 2 17 7 3 0 2 0
> GRENADE 3 19 9 4 2
> GRENADE 2 19 7 5 2
> BAT1 19 8 19 10
< RES 1637256856 130 2
< MOVE U U
> REQ 1637256856 131 2
> VAMPIRE 1 11 17 3 1 2 0
> VAMPIRE 4 19 3 3 0 2 0
> VAMPIRE 3 17 11 3 0 2 0
> VAMPIRE 2 15 7 3 0 2 0
> GRENADE 3 19 9 3 2
> GRENADE 2 19 7 4 2
> GRENADE 4 19 5 5 2
> BAT1 19 8 19 10
< RES 1637256856 131 2
> REQ 1637256856 132 2
> VAMPIRE 1 13 17 3 1 2 0
> VAMPIRE 4 17 3 3 0 2 0
> VAMPIRE 3 17 11 3 0 2 0
> VAMPIRE 2 15 7 3 0 2 0
> GRENADE 3 19 9 2 2
> GRENADE 2 19 7 3 2
> GRENADE 4 19 5 4 2
> BAT1 19 8 19 10
< RES 1637256856 132 2
> REQ 1637256856 133 2
> VAMPIRE 1 15 17 3 1 2 0
> VAMPIRE 4 17 3 3 0 2 0
> VAMPIRE 3 17 11 3 0 2 0
> VAMPIRE 2 15 7 3 0 2 0
> GRENADE 3 19 9 1 2
> GRENADE 2 19 7 2 2
> GRENADE 4 19 5 3 2
> BAT1 19 8 19 10
< RES 1637256856 133 2
> REQ 1637256856 134 2
> VAMPIRE 1 15 17 3 1 2 0
> VAMPIRE 4 17 3 3 0 2 0
> VAMPIRE 3 17 11 3 1 2 0
> VAMPIRE 2 15 7 3 0 2 0
> GRENADE 2 19 7 1 2
> GRENADE 4 19 5 2 2
< RES 1637256856 134 2
> REQ 1637256856 135 2
> VAMPIRE 1 15 17 3 1 2 0
> VAMPIRE 4 17 3 3 1 2 0
> VAMPIRE 3 17 11 3 1 2 0
> VAMPIRE 2 15 7 3 1 2 0
< RES 1637256856 135 2
> REQ 1637256856 136 2
> VAMPIRE 1 15 17 3 1 2 0
> VAMPIRE 4 17 3 3 1 2 0
> VAMPIRE 3 17 11 3 1 2 0
> VAMPIRE 2 15 7 3 1 2 0
< RES 1637256856 136 2
> REQ 1637256856 137 2
> VAMPIRE 1 15 17 3 1 2 0
> VAMPIRE 4 17 3 3 1 2 0
> VAMPIRE 3 17 11 3 1 2 0
> VAMPIRE 2 15 7 3 1 2 0
< RES 1637256856 137 2
> REQ 1637256856 138 2
> VAMPIRE 1 15 17 3 1 2 0
> VAMPIRE 4 17 3 3 1 2 0
> VAMPIRE 3 17 11 3 1 2 0
> VAMPIRE 2 15 7 3 1 2 0
< RES 1637256856 138 2
> REQ 1637256856 139 2
> VAMPIRE 1 15 17 3 1 2 0
> VAMPIRE 4 17 3 3 1 2 0
> VAMPIRE 3 17 11 3 1 2 0
> VAMPIRE 2 15 7 3 1 2 0
< RES 1637256856 139 2
> REQ 1637256856 140 2
> VAMPIRE 1 15 17 3 1 2 0
> VAMPIRE 4 17 3 3 1 2 0
> VAMPIRE 3 17 11 3 1 2 0
> VAMPIRE 2 15 7 3 1 2 0
< RES 1637256856 140 2
> REQ 1637256856 141 2
> VAMPIRE 1 15 17 3 1 2 0
> VAMPIRE 4 17 3 3 1 2 0
> VAMPIRE 3 17 11 3 1 2 0
> VAMPIRE 2 15 7 3 1 2 0
< RES 1637256856 141 2
> REQ 1637256856 142 2
> VAMPIRE 1 15 17 3 1 2 0
> VAMPIRE 4 17 3 3 1 2 0
> VAMPIRE 3 17 11 3 1 2 0
> VAMPIRE 2 15 7 3 1 2 0
< RES 1637256856 142 2
> REQ 1637256856 143 2
> VAMPIRE 1 15 17 3 1 2 0
> VAMPIRE 4 17 3 3 1 2 0
> VAMPIRE 3 17 11 3 1 2 0
> VAMPIRE 2 15 7 3 1 2 0
< RES 1637256856 143 2
> REQ 1637256856 144 2
> VAMPIRE 1 15 17 3 1 2 0
> VAMPIRE 4 17 3 3 1 2 0
> VAMPIRE 3 17 11 3 1 2 0
> VAMPIRE 2 15 7 3 1 2 0
< RES 1637256856 144 2
> REQ 1637256856 145 2
> VAMPIRE 1 15 17 3 1 2 0
> VAMPIRE 4 17 3 3 1 2 0
> VAMPIRE 3 17 11 3 1 2 0
> VAMPIRE 2 15 7 3 1 2 0
< RES 1637256856 145 2
> REQ 1637256856 146 2
> VAMPIRE 1 15 17 3 1 2 0
> VAMPIRE 4 17 3 3 1 2 0
> VAMPIRE 3 17 11 3 1 2 0
> VAMPIRE 2 15 7 3 1 2 0
< RES 1637256856 146 2
> REQ 1637256856 147 2
> VAMPIRE 1 15 17 3 1 2 0
> VAMPIRE 4 17 3 3 1 2 0
> VAMPIRE 3 17 11 3 1 2 0
> VAMPIRE 2 15 7 3 1 2 0
< RES 1637256856 147 2
> REQ 1637256856 148 2
> VAMPIRE 1 15 17 3 1 2 0
> VAMPIRE 4 17 3 3 1 2 0
> VAMPIRE 3 17 11 3 1 2 0
> VAMPIRE 2 15 7 3 1 2 0
> POWERUP GRENADE -4 11 18
> POWERUP GRENADE -4 9 2
< RES 1637256856 148 2
< MOVE U U
> REQ 1637256856 149 2
> VAMPIRE 1 13 17 3 1 2 0
> VAMPIRE 4 15 3 3 1 2 0
> VAMPIRE 3 15 11 3 1 2 0
> VAMPIRE 2 13 7 3 1 2 0
> POWERUP GRENADE -3 11 18
> POWERUP GRENADE -3 9 2
< RES 1637256856 149 2
< MOVE U U
> REQ 1637256856 150 2
> VAMPIRE 1 11 17 3 1 2 0
> VAMPIRE 4 13 3 3 1 2 0
> VAMPIRE 3 13 11 3 1 2 0
> VAMPIRE 2 11 7 3 1 2 0
> POWERUP GRENADE -2 11 18
> POWERUP GRENADE -2 9 2
< RES 1637256856 150 2
< MOVE U U
> REQ 1637256856 151 2
> VAMPIRE 1 11 18 3 1 2 0
> VAMPIRE 4 11 3 3 1 2 0
> VAMPIRE 3 11 11 3 1 2 0
> VAMPIRE 2 9 7 3 1 2 0
> POWERUP GRENADE -1 11 18
> POWERUP GRENADE -1 9 2
< RES 1637256856 151 2
< MOVE L L
> REQ 1637256856 152 2
> VAMPIRE 1 11 17 3 2 2 0
> VAMPIRE 4 9 3 3 1 2 0
> VAMPIRE 3 11 11 3 1 2 0
> VAMPIRE 2 9 5 3 1 2 0
> POWERUP GRENADE 17 9 2
< RES 1637256856 152 2
< MOVE L L
> REQ 1637256856 153 2
> VAMPIRE 1 11 15 3 2 2 0
> VAMPIRE 4 9 2 3 1 2 0
> VAMPIRE 3 11 11 3 1 2 0
> VAMPIRE 2 9 3 3 1 2 0
> POWERUP GRENADE 16 9 2
< RES 1637256856 153 2
< MOVE R R
> REQ 1637256856 154 2
> VAMPIRE 1 11 13 3 2 2 0
> VAMPIRE 4 9 1 3 2 2 0
> VAMPIRE 3 11 11 3 1 2 0
> VAMPIRE 2 9 5 3 1 2 0
< RES 1637256856 154 2
< MOVE R R
> REQ 1637256856 155 2
> VAMPIRE 1 11 11 3 2 2 0
> VAMPIRE 4 7 1 3 2 2 0
> VAMPIRE 3 11 11 3 1 2 0
> VAMPIRE 2 9 7 3 1 2 0
< RES 1637256856 155 2
< MOVE R R
> REQ 1637256856 156 2
> VAMPIRE 1 11 11 3 2 2 0
> VAMPIRE 4 9 1 3 2 2 0
> VAMPIRE 3 11 11 3 1 2 0
> VAMPIRE 2 9 9 3 1 2 0
< RES 1637256856 156 2
> REQ 1637256856 157 2
> VAMPIRE 1 11 11 3 2 2 0
> VAMPIRE 4 9 3 3 2 2 0
> VAMPIRE 3 11 11 3 1 2 0
> VAMPIRE 2 9 9 3 1 2 0
< RES 1637256856 157 2
> REQ 1637256856 158 2
> VAMPIRE 1 11 11 3 2 2 0
> VAMPIRE 4 9 5 3 2 2 0
> VAMPIRE 3 11 11 3 1 2 0
> VAMPIRE 2 9 9 3 1 2 0
< RES 1637256856 158 2
> REQ 1637256856 159 2
> VAMPIRE 1 11 11 3 2 2 0
> VAMPIRE 4 9 7 3 2 2 0
> VAMPIRE 3 11 11 3 1 2 0
> VAMPIRE 2 9 9 3 1 2 0
< RES 1637256856 159 2
> REQ 1637256856 160 2
> VAMPIRE 1 11 11 3 2 2 0
> VAMPIRE 4 7 7 3 2 2 0
> VAMPIRE 3 11 11 3 1 2 0
> VAMPIRE 2 9 9 3 1 2 0
< RES 1637256856 160 2
> REQ 1637256856 161 2
> VAMPIRE 1 11 11 3 2 2 0
> VAMPIRE 4 7 9 3 2 2 0
> VAMPIRE 3 11 11 3 1 2 0
> VAMPIRE 2 9 9 3 1 2 0
< RES 1637256856 161 2
> REQ 1637256856 162 2
> VAMPIRE 1 11 11 3 2 2 0
> VAMPIRE 4 5 9 3 2 2 0
> VAMPIRE 3 11 11 3 1 2 0
> VAMPIRE 2 9 9 3 1 2 0
< RES 1637256856 162 2
> REQ 1637256856 163 2
> VAMPIRE 1 11 11 3 2 2 0
> VAMPIRE 4 7 9 3 2 2 0
> VAMPIRE 3 11 11 3 1 2 0
> VAMPIRE 2 9 9 3 1 2 0
< RES 1637256856 163 2
> REQ 1637256856 164 2
> VAMPIRE 1 11 11 3 2 2 0
> VAMPIRE 4 5 9 3 2 2 0
> VAMPIRE 3 11 11 3 1 2 0
> VAMPIRE 2 9 9 3 1 2 0
< RES 1637256856 164 2
> REQ 1637256856 165 2
> VAMPIRE 1 11 11 3 2 2 0
> VAMPIRE 4 7 9 3 2 2 0
> VAMPIRE 3 11 11 3 1 2 0
> VAMPIRE 2 9 9 3 1 2 0
< RES 1637256856 165 2
> REQ 1637256856 166 2
> VAMPIRE 1 11 11 3 2 2 0
> VAMPIRE 4 5 9 3 2 2 0
> VAMPIRE 3 11 11 3 1 2 0
> VAMPIRE 2 9 9 3 1 2 0
< RES 1637256856 166 2
> REQ 1637256856 167 2
> VAMPIRE 1 11 11 3 2 2 0
> VAMPIRE 4 7 9 3 2 2 0
> VAMPIRE 3 11 11 3 1 2 0
> VAMPIRE 2 9 9 3 1 2 0
> POWERUP SHOE -4 13 11
> POWERUP SHOE -4 7 9
< RES 1637256856 167 2
< MOVE U U
> REQ 1637256856 168 2
> VAMPIRE 1 13 11 3 2 2 0
> VAMPIRE 4 7 9 3 1 2 0
> VAMPIRE 3 13 11 3 1 2 0
> VAMPIRE 2 8 9 3 1 2 0
> GRENADE 4 7 9 5 2
> POWERUP SHOE -3 13 11
> POWERUP SHOE -3 7 9
< RES 1637256856 168 2
< MOVE D D
> REQ 1637256856 169 2
> VAMPIRE 1 13 11 3 2 2 0
> VAMPIRE 4 7 9 3 1 2 0
> VAMPIRE 3 13 11 3 1 2 0
> VAMPIRE 2 10 9 3 1 2 0
> GRENADE 4 7 9 4 2
> POWERUP SHOE -2 13 11
> POWERUP SHOE -2 7 9
< RES 1637256856 169 2
< MOVE D D
> REQ 1637256856 170 2
> VAMPIRE 1 13 11 3 2 2 0
> VAMPIRE 4 7 9 3 1 2 0
> VAMPIRE 3 13 11 3 1 2 0
> VAMPIRE 2 12 9 3 1 2 0
> GRENADE 4 7 9 3 2
> POWERUP SHOE -1 13 11
> POWERUP SHOE -1 7 9
< RES 1637256856 170 2
< MOVE U
> REQ 1637256856 171 2
> VAMPIRE 1 11 11 3 2 2 42
> VAMPIRE 4 9 9 3 1 2 42
> VAMPIRE 3 11 11 3 1 2 42
> VAMPIRE 2 11 9 3 1 2 0
> GRENADE 4 7 9 2 2
< RES 1637256856 171 2
< MOVE D D
> REQ 1637256856 172 2
> VAMPIRE 1 9 11 3 2 2 41
> VAMPIRE 4 8 7 3 0 2 41
> VAMPIRE 3 11 13 3 1 2 41
> VAMPIRE 2 13 9 3 1 2 0
> GRENADE 4 7 9 1 2
> GRENADE 4 9 9 5 2
< RES 1637256856 172 2
< MOVE L L
> REQ 1637256856 173 2
> VAMPIRE 1 11 11 2 2 2 40
> VAMPIRE 4 9 7 3 2 2 40
> VAMPIRE 3 13 13 3 1 2 40
> VAMPIRE 2 13 7 3 1 2 0
< RES 1637256856 173 2
< MOVE D D
> REQ 1637256856 174 2
> VAMPIRE 1 11 9 2 2 2 39
> VAMPIRE 4 11 7 3 2 2 39
> VAMPIRE 3 13 15 3 1 2 39
> VAMPIRE 2 15 7 3 1 2 0
< RES 1637256856 174 2
> REQ 1637256856 175 2
> VAMPIRE 1 9 9 2 2 2 38
> VAMPIRE 4 11 7 3 2 2 38
> VAMPIRE 3 11 15 3 1 2 38
> VAMPIRE 2 15 7 3 1 2 0
< RES 1637256856 175 2
> REQ 1637256856 176 2
> VAMPIRE 1 9 7 2 2 2 37
> VAMPIRE 4 9 7 3 2 2 37
> VAMPIRE 3 11 13 3 1 2 37
> VAMPIRE 2 15 7 3 1 2 0
< RES 1637256856 176 2
< MOVE U U
> REQ 1637256856 177 2
> VAMPIRE 1 9 7 2 2 2 36
> VAMPIRE 4 11 7 3 2 2 36
> VAMPIRE 3 11 11 3 1 2 36
> VAMPIRE 2 13 7 3 1 2 0
< RES 1637256856 177 2
< MOVE D D
> REQ 1637256856 178 2
> VAMPIRE 1 9 7 2 2 2 35
> VAMPIRE 4 11 4 3 2 2 35
> VAMPIRE 3 11 11 3 1 2 35
> VAMPIRE 2 15 7 3 1 2 0
< RES 1637256856 178 2
< MOVE R R
> REQ 1637256856 179 2
> VAMPIRE 1 9 5 2 2 2 34
> VAMPIRE 4 11 7 3 2 2 34
> VAMPIRE 3 9 11 3 1 2 34
> VAMPIRE 2 15 9 3 1 2 0
< RES 1637256856 179 2
< MOVE R R
> REQ 1637256856 180 2
> VAMPIRE 1 11 5 2 2 2 33
> VAMPIRE 4 13 7 3 2 2 33
> VAMPIRE 3 11 11 3 1 2 33
> VAMPIRE 2 15 11 3 1 2 0
< RES 1637256856 180 2
> REQ 1637256856 181 2
> VAMPIRE 1 11 5 2 2 2 32
> VAMPIRE 4 11 7 3 2 2 32
> VAMPIRE 3 13 11 3 1 2 32
> VAMPIRE 2 15 11 3 1 2 0
< RES 1637256856 181 2
< MOVE U U
> REQ 1637256856 182 2
> VAMPIRE 1 9 5 2 2 2 31
> VAMPIRE 4 9 7 3 2 2 31
> VAMPIRE 3 11 11 3 1 2 31
> VAMPIRE 2 13 11 3 1 2 0
< RES 1637256856 182 2
< MOVE L L
> REQ 1637256856 183 2
> VAMPIRE 1 9 5 2 2 2 30
> VAMPIRE 4 9 9 3 2 2 30
> VAMPIRE 3 9 11 3 1 2 30
> VAMPIRE 2 13 9 3 1 2 0
< RES 1637256856 183 2
< MOVE R R
> REQ 1637256856 184 2
> VAMPIRE 1 9 7 2 2 2 29
> VAMPIRE 4 11 9 3 2 2 29
> VAMPIRE 3 9 11 3 1 2 29
> VAMPIRE 2 13 11 3 1 2 0
< RES 1637256856 184 2
< MOVE R R
> REQ 1637256856 185 2
> VAMPIRE 1 11 7 2 2 2 28
> VAMPIRE 4 13 9 3 2 2 28
> VAMPIRE 3 11 11 3 1 2 28
> VAMPIRE 2 13 13 3 1 2 0
< RES 1637256856 185 2
> REQ 1637256856 186 2
> VAMPIRE 1 13 7 2 2 2 27
> VAMPIRE 4 15 9 3 2 2 27
> VAMPIRE 3 11 13 3 1 2 27
> VAMPIRE 2 13 13 3 1 2 0
< RES 1637256856 186 2
< MOVE D D
> REQ 1637256856 187 2
> VAMPIRE 1 13 7 2 2 2 26
> VAMPIRE 4 15 11 3 2 2 26
> VAMPIRE 3 9 13 3 1 2 26
> VAMPIRE 2 15 13 3 1 2 0
< RES 1637256856 187 2
< MOVE U U
> REQ 1637256856 188 2
> VAMPIRE 1 11 7 2 2 2 25
> VAMPIRE 4 13 11 3 2 2 25
> VAMPIRE 3 11 13 3 1 2 25
> VAMPIRE 2 13 13 3 1 2 0
< RES 1637256856 188 2
< MOVE D D
> REQ 1637256856 189 2
> VAMPIRE 1 11 9 2 2 2 24
> VAMPIRE 4 15 11 3 2 2 24
> VAMPIRE 3 11 13 3 1 2 24
> VAMPIRE 2 15 13 3 1 2 0
< RES 1637256856 189 2
< MOVE U U
> REQ 1637256856 190 2
> VAMPIRE 1 11 7 2 2 2 23
> VAMPIRE 4 15 11 3 2 2 23
> VAMPIRE 3 11 13 3 1 2 23
> VAMPIRE 2 13 13 3 1 2 0
> POWERUP BATTERY -4 2 11
> POWERUP BATTERY -4 18 9
< RES 1637256856 190 2
< MOVE L L
> REQ 1637256856 191 2
> VAMPIRE 1 12 9 2 2 2 22
> VAMPIRE 4 17 10 3 2 2 22
> VAMPIRE 3 8 13 3 1 2 22
> VAMPIRE 2 13 11 3 1 2 0
> POWERUP BATTERY -3 2 11
> POWERUP BATTERY -3 18 9
< RES 1637256856 191 2
< MOVE D D
> REQ 1637256856 192 2
> VAMPIRE 1 15 9 2 2 2 21
> VAMPIRE 4 18 9 3 2 2 21
> VAMPIRE 3 5 13 3 1 2 21
> VAMPIRE 2 15 11 3 1 2 0
> POWERUP BATTERY -2 2 11
> POWERUP BATTERY -2 18 9
< RES 1637256856 192 2
< MOVE D D
> REQ 1637256856 193 2
> VAMPIRE 1 17 9 2 2 2 20
> VAMPIRE 4 18 9 3 1 2 20
> VAMPIRE 3 3 12 3 1 2 20
> VAMPIRE 2 17 11 3 1 2 0
> GRENADE 4 18 9 5 2
> POWERUP BATTERY -1 2 11
> POWERUP BATTERY -1 18 9
< RES 1637256856 193 2
< MOVE U U
> REQ 1637256856 194 2
> VAMPIRE 1 15 9 2 2 2 19
> VAMPIRE 4 19 8 3 1 3 19
> VAMPIRE 3 2 11 3 1 2 19
> VAMPIRE 2 15 11 3 1 2 0
> GRENADE 4 18 9 4 2
> POWERUP BATTERY 20 2 11
< RES 1637256856 194 2
< MOVE U U
> REQ 1637256856 195 2
> VAMPIRE 1 13 9 2 2 2 18
> VAMPIRE 4 17 7 3 1 3 18
> VAMPIRE 3 5 11 3 1 3 18
> VAMPIRE 2 13 11 3 1 2 0
> GRENADE 4 18 9 3 2
< RES 1637256856 195 2
< MOVE U U
> REQ 1637256856 196 2
> VAMPIRE 1 13 11 2 2 2 17
> VAMPIRE 4 15 7 3 1 3 17
> VAMPIRE 3 7 11 3 1 3 17
> VAMPIRE 2 11 11 3 1 2 0
> GRENADE 4 18 9 2 2
< RES 1637256856 196 2
< MOVE U U
> REQ 1637256856 197 2
> VAMPIRE 1 13 11 2 2 2 16
> VAMPIRE 4 13 7 3 1 3 16
> VAMPIRE 3 9 11 3 1 3 16
> VAMPIRE 2 9 11 3 1 2 0
> GRENADE 4 18 9 1 2
< RES 1637256856 197 2
< MOVE R R
> REQ 1637256856 198 2
> VAMPIRE 1 13 9 2 2 2 15
> VAMPIRE 4 11 7 3 2 3 15
> VAMPIRE 3 9 9 3 1 3 15
> VAMPIRE 2 9 13 3 1 2 0
< RES 1637256856 198 2
< MOVE R R
> REQ 1637256856 199 2
> VAMPIRE 1 13 7 2 2 2 14
> VAMPIRE 4 11 5 3 2 3 14
> VAMPIRE 3 7 9 3 1 3 14
> VAMPIRE 2 9 15 3 1 2 0
< RES 1637256856 199 2
< MOVE D D
> REQ 1637256856 200 2
> VAMPIRE 1 13 7 2 2 2 13
> VAMPIRE 4 9 5 3 2 3 13
> VAMPIRE 3 7 7 3 1 3 13
> VAMPIRE 2 11 15 3 1 2 0
< RES 1637256856 200 2
> REQ 1637256856 201 2
> VAMPIRE 1 11 7 2 2 2 12
> VAMPIRE 4 9 7 3 2 3 12
> VAMPIRE 3 7 7 3 1 3 12
> VAMPIRE 2 11 15 3 1 2 0
< RES 1637256856 201 2
< MOVE L L
> REQ 1637256856 202 2
> VAMPIRE 1 11 9 2 2 2 11
> VAMPIRE 4 9 9 3 2 3 11
> VAMPIRE 3 7 9 3 1 3 11
> VAMPIRE 2 11 13 3 1 2 0
< RES 1637256856 202 2
< MOVE R R
> REQ 1637256856 203 2
> VAMPIRE 1 13 9 2 2 2 10
> VAMPIRE 4 9 11 3 2 3 10
> VAMPIRE 3 7 9 3 1 3 10
> VAMPIRE 2 11 15 3 1 2 0
< RES 1637256856 203 2
< MOVE U U
> REQ 1637256856 204 2
> VAMPIRE 1 13 11 2 2 2 9
> VAMPIRE 4 9 13 3 2 3 9
> VAMPIRE 3 7 11 3 1 3 9
> VAMPIRE 2 9 15 3 1 2 0
< RES 1637256856 204 2
< MOVE U U
> REQ 1637256856 205 2
> VAMPIRE 1 11 11 2 2 2 8
> VAMPIRE 4 7 13 3 2 3 8
> VAMPIRE 3 7 11 3 1 3 8
> VAMPIRE 2 7 15 3 1 2 0
< RES 1637256856 205 2
< MOVE D D
> REQ 1637256856 206 2
> VAMPIRE 1 11 11 2 2 2 7
> VAMPIRE 4 7 13 3 2 3 7
> VAMPIRE 3 5 11 3 1 3 7
> VAMPIRE 2 9 15 3 1 2 0
< RES 1637256856 206 2
< MOVE L L
> REQ 1637256856 207 2
> VAMPIRE 1 11 13 2 2 2 6
> VAMPIRE 4 9 13 3 2 3 6
> VAMPIRE 3 5 11 3 1 3 6
> VAMPIRE 2 9 13 3 1 2 0
< RES 1637256856 207 2
< MOVE L L
> REQ 1637256856 208 2
> VAMPIRE 1 11 11 2 2 2 5
> VAMPIRE 4 9 11 3 2 3 5
> VAMPIRE 3 7 11 3 1 3 5
> VAMPIRE 2 9 11 3 1 2 0
< RES 1637256856 208 2
< MOVE L L
> REQ 1637256856 209 2
> VAMPIRE 1 11 11 2 2 2 4
> VAMPIRE 4 9 9 3 2 3 4
> VAMPIRE 3 7 11 3 1 3 4
> VAMPIRE 2 9 9 3 1 2 0
< RES 1637256856 209 2
< MOVE L L
> REQ 1637256856 210 2
> VAMPIRE 1 11 9 2 2 2 3
> VAMPIRE 4 9 7 3 2 3 3
> VAMPIRE 3 7 9 3 1 3 3
> VAMPIRE 2 9 7 3 1 2 0
> POWERUP TOMATO -4 3 7
> POWERUP TOMATO -4 17 13
< RES 1637256856 210 2
< MOVE U U
> REQ 1637256856 211 2
> VAMPIRE 1 11 12 2 2 2 2
> VAMPIRE 4 6 7 3 2 3 2
> VAMPIRE 3 4 9 3 1 3 2
> VAMPIRE 2 7 7 3 1 2 0
> POWERUP TOMATO -3 3 7
> POWERUP TOMATO -3 17 13
< RES 1637256856 211 2
< MOVE U U
> REQ 1637256856 212 2
> VAMPIRE 1 13 13 2 2 2 1
> VAMPIRE 4 3 7 3 2 3 1
> VAMPIRE 3 3 7 3 1 3 1
> VAMPIRE 2 5 7 3 1 2 0
> POWERUP TOMATO -2 3 7
> POWERUP TOMATO -2 17 13
< RES 1637256856 212 2
> REQ 1637256856 213 2
> VAMPIRE 1 16 13 2 2 2 0
> VAMPIRE 4 3 7 3 1 3 0
> VAMPIRE 3 3 7 3 0 3 0
> VAMPIRE 2 5 7 3 1 2 0
> GRENADE 4 3 7 5 3
> GRENADE 3 3 7 5 3
> POWERUP TOMATO -1 3 7
> POWERUP TOMATO -1 17 13
< RES 1637256856 213 2
> REQ 1637256856 214 2
> VAMPIRE 1 17 13 2 2 2 0
> VAMPIRE 4 3 9 3 1 3 0
> VAMPIRE 3 3 5 3 0 3 0
> VAMPIRE 2 5 7 3 1 2 0
> GRENADE 4 3 7 4 3
> GRENADE 3 3 7 4 3
> POWERUP TOMATO 11 17 13
< RES 1637256856 214 2
< MOVE D D
> REQ 1637256856 215 2
> VAMPIRE 1 15 13 3 2 2 0
> VAMPIRE 4 5 9 3 1 3 0
> VAMPIRE 3 3 3 3 0 3 0
> VAMPIRE 2 7 7 3 1 2 0
> GRENADE 4 3 7 3 3
> GRENADE 3 3 7 3 3
< RES 1637256856 215 2
< MOVE D D
> REQ 1637256856 216 2
> VAMPIRE 1 13 13 3 2 2 0
> VAMPIRE 4 5 9 3 1 3 0
> VAMPIRE 3 3 3 3 0 3 0
> VAMPIRE 2 9 7 3 1 2 0
> GRENADE 4 3 7 2 3
> GRENADE 3 3 7 2 3
< RES 1637256856 216 2
> REQ 1637256856 217 2
> VAMPIRE 1 13 11 3 2 2 0
> VAMPIRE 4 7 9 3 1 3 0
> VAMPIRE 3 5 3 3 0 3 0
> VAMPIRE 2 9 7 3 1 2 0
> GRENADE 4 3 7 1 3
> GRENADE 3 3 7 1 3
< RES 1637256856 217 2
< MOVE D D
> REQ 1637256856 218 2
> VAMPIRE 1 13 9 3 2 2 0
> VAMPIRE 4 7 7 3 2 3 0
> VAMPIRE 3 5 5 3 1 3 0
> VAMPIRE 2 11 7 3 1 2 0
< RES 1637256856 218 2
< MOVE U U
> REQ 1637256856 219 2
> VAMPIRE 1 11 9 3 2 2 0
> VAMPIRE 4 7 7 3 2 3 0
> VAMPIRE 3 3 5 3 1 3 0
> VAMPIRE 2 9 7 3 1 2 0
< RES 1637256856 219 2
> REQ 1637256856 220 2
> VAMPIRE 1 11 9 3 2 2 0
> VAMPIRE 4 7 7 3 2 3 0
> VAMPIRE 3 5 5 3 1 3 0
> VAMPIRE 2 9 7 3 1 2 0
< RES 1637256856 220 2
< MOVE R R
> REQ 1637256856 221 2
> VAMPIRE 1 9 9 3 2 2 0
> VAMPIRE 4 7 7 3 2 3 0
> VAMPIRE 3 3 5 3 1 3 0
> VAMPIRE 2 9 9 3 1 2 0
< RES 1637256856 221 2
< MOVE L L
> REQ 1637256856 222 2
> VAMPIRE 1 9 7 3 2 2 0
> VAMPIRE 4 7 7 3 2 3 0
> VAMPIRE 3 5 5 3 1 3 0
> VAMPIRE 2 9 7 3 1 2 0
< RES 1637256856 222 2
< MOVE R R
> REQ 1637256856 223 2
> VAMPIRE 1 9 9 3 2 2 0
> VAMPIRE 4 7 7 3 2 3 0
> VAMPIRE 3 5 7 3 1 3 0
> VAMPIRE 2 9 9 3 1 2 0
< RES 1637256856 223 2
< MOVE L L
> REQ 1637256856 224 2
> VAMPIRE 1 9 7 3 2 2 0
> VAMPIRE 4 7 5 3 2 3 0
> VAMPIRE 3 3 7 3 1 3 0
> VAMPIRE 2 9 7 3 1 2 0
< RES 1637256856 224 2
< MOVE L L
> REQ 1637256856 225 2
> VAMPIRE 1 9 5 3 2 2 0
> VAMPIRE 4 5 5 3 2 3 0
> VAMPIRE 3 5 7 3 1 3 0
> VAMPIRE 2 9 5 3 1 2 0
< RES 1637256856 225 2
< MOVE R R
> REQ 1637256856 226 2
> VAMPIRE 1 9 7 3 2 2 0
> VAMPIRE 4 3 5 3 2 3 0
> VAMPIRE 3 7 7 3 1 3 0
> VAMPIRE 2 9 7 3 1 2 0
< RES 1637256856 226 2
> REQ 1637256856 227 2
> VAMPIRE 1 9 7 3 2 2 0
> VAMPIRE 4 5 5 3 2 3 0
> VAMPIRE 3 7 7 3 1 3 0
> VAMPIRE 2 9 7 3 1 2 0
< RES 1637256856 227 2
< MOVE R R
> REQ 1637256856 228 2
> VAMPIRE 1 9 9 3 2 2 0
> VAMPIRE 4 5 7 3 2 3 0
> VAMPIRE 3 7 7 3 1 3 0
> VAMPIRE 2 9 9 3 1 2 0
< RES 1637256856 228 2
< MOVE L L
> REQ 1637256856 229 2
> VAMPIRE 1 9 7 3 2 2 0
> VAMPIRE 4 3 7 3 2 3 0
> VAMPIRE 3 7 5 3 1 3 0
> VAMPIRE 2 9 7 3 1 2 0
< RES 1637256856 229 2
< MOVE L L
> REQ 1637256856 230 2
> VAMPIRE 1 9 5 3 2 2 0
> VAMPIRE 4 5 7 3 2 3 0
> VAMPIRE 3 5 5 3 1 3 0
> VAMPIRE 2 9 5 3 1 2 0
< RES 1637256856 230 2
< MOVE R R
> REQ 1637256856 231 2
> VAMPIRE 1 9 7 3 2 2 0
> VAMPIRE 4 7 7 3 2 3 0
> VAMPIRE 3 3 5 3 1 3 0
> VAMPIRE 2 9 7 3 1 2 0
< RES 1637256856 231 2
> REQ 1637256856 232 2
> VAMPIRE 1 9 7 3 2 2 0
> VAMPIRE 4 7 7 3 2 3 0
> VAMPIRE 3 5 5 3 1 3 0
> VAMPIRE 2 9 7 3 1 2 0
< RES 1637256856 232 2
< MOVE R R
> REQ 1637256856 233 2
> VAMPIRE 1 9 9 3 2 2 0
> VAMPIRE 4 7 7 3 2 3 0
> VAMPIRE 3 5 7 3 1 3 0
> VAMPIRE 2 9 9 3 1 2 0
< RES 1637256856 233 2
< MOVE L L
> REQ 1637256856 234 2
> VAMPIRE 1 9 7 3 2 2 0
> VAMPIRE 4 7 5 3 2 3 0
> VAMPIRE 3 3 7 3 1 3 0
> VAMPIRE 2 9 7 3 1 2 0
> POWERUP BATTERY -4 19 10
> POWERUP BATTERY -4 1 10
< RES 1637256856 234 2
< MOVE R R
> REQ 1637256856 235 2
> VAMPIRE 1 9 9 3 2 2 0
> VAMPIRE 4 5 5 3 2 3 0
> VAMPIRE 3 1 7 3 1 3 0
> VAMPIRE 2 9 9 3 1 2 0
> POWERUP BATTERY -3 19 10
> POWERUP BATTERY -3 1 10
< RES 1637256856 235 2
< MOVE D D
> REQ 1637256856 236 2
> VAMPIRE 1 11 9 3 2 2 0
> VAMPIRE 4 5 7 3 2 3 0
> VAMPIRE 3 1 9 3 1 3 0
> VAMPIRE 2 11 9 3 1 2 0
> POWERUP BATTERY -2 19 10
> POWERUP BATTERY -2 1 10
< RES 1637256856 236 2
< MOVE D D
> REQ 1637256856 237 2
> VAMPIRE 1 13 9 3 2 2 0
> VAMPIRE 4 5 9 3 2 3 0
> VAMPIRE 3 1 10 3 1 3 0
> VAMPIRE 2 13 9 3 1 2 0
> POWERUP BATTERY -1 19 10
> POWERUP BATTERY -1 1 10
< RES 1637256856 237 2
< MOVE D D
> REQ 1637256856 238 2
> VAMPIRE 1 15 9 3 2 2 0
> VAMPIRE 4 5 9 3 2 3 0
> VAMPIRE 3 1 11 3 1 4 0
> VAMPIRE 2 15 9 3 1 2 0
> POWERUP BATTERY 20 19 10
< RES 1637256856 238 2
< MOVE D D
> REQ 1637256856 239 2
> VAMPIRE 1 17 9 3 2 2 0
> VAMPIRE 4 5 9 3 2 3 0
> VAMPIRE 3 3 11 3 1 4 0
> VAMPIRE 2 17 9 3 1 2 0
> POWERUP BATTERY 19 19 10
< RES 1637256856 239 2
< MOVE D D
> REQ 1637256856 240 2
> VAMPIRE 1 19 9 3 2 2 0
> VAMPIRE 4 7 9 3 2 3 0
> VAMPIRE 3 3 13 3 1 4 0
> VAMPIRE 2 19 9 3 1 2 0
> POWERUP BATTERY 18 19 10
< RES 1637256856 240 2
< MOVE R
> REQ 1637256856 241 2
> VAMPIRE 1 19 11 3 1 2 0
> VAMPIRE 4 7 11 3 2 3 0
> VAMPIRE 3 5 13 3 1 4 0
> VAMPIRE 2 19 10 3 1 2 0
> GRENADE 1 19 9 5 2
> POWERUP BATTERY 17 19 10
< RES 1637256856 241 2
< MOVE R U
> REQ 1637256856 242 2
> VAMPIRE 1 17 11 3 0 2 0
> VAMPIRE 4 9 11 3 2 3 0
> VAMPIRE 3 3 13 3 1 4 0
> VAMPIRE 2 19 10 3 1 3 0
> GRENADE 1 19 9 4 2
> GRENADE 1 19 11 5 2
< RES 1637256856 242 2
> REQ 1637256856 243 2
> VAMPIRE 1 15 11 3 0 2 0
> VAMPIRE 4 7 11 3 2 3 0
> VAMPIRE 3 5 13 3 1 4 0
> VAMPIRE 2 19 10 3 1 3 0
> GRENADE 1 19 9 3 2
> GRENADE 1 19 11 4 2
< RES 1637256856 243 2
> REQ 1637256856 244 2
> VAMPIRE 1 13 11 3 0 2 0
> VAMPIRE 4 7 13 3 2 3 0
> VAMPIRE 3 3 13 3 1 4 0
> VAMPIRE 2 19 10 3 1 3 0
> GRENADE 1 19 9 2 2
> GRENADE 1 19 11 3 2
< RES 1637256856 244 2
> REQ 1637256856 245 2
> VAMPIRE 1 11 11 3 0 2 0
> VAMPIRE 4 5 13 3 2 3 0
> VAMPIRE 3 3 11 3 1 4 0
> VAMPIRE 2 19 10 3 1 3 0
> GRENADE 1 19 9 1 2
> GRENADE 1 19 11 2 2
< RES 1637256856 245 2
> REQ 1637256856 246 2
> VAMPIRE 1 11 9 3 2 2 0
> VAMPIRE 4 5 11 3 2 3 0
> VAMPIRE 3 5 11 3 1 4 0
> VAMPIRE 2 19 10 2 1 3 0
< RES 1637256856 246 2
< MOVE L
> REQ 1637256856 247 2
> VAMPIRE 1 11 9 3 2 2 0
> VAMPIRE 4 7 11 3 2 3 0
> VAMPIRE 3 7 11 3 1 4 0
> VAMPIRE 2 19 9 2 1 3 0
< RES 1637256856 247 2
< MOVE U U
> REQ 1637256856 248 2
> VAMPIRE 1 9 9 3 2 2 0
> VAMPIRE 4 7 11 3 2 3 0
> VAMPIRE 3 7 11 3 1 4 0
> VAMPIRE 2 17 9 2 1 3 0
< RES 1637256856 248 2
< MOVE U U
> REQ 1637256856 249 2
> VAMPIRE 1 9 9 3 2 2 0
> VAMPIRE 4 7 11 3 2 3 0
> VAMPIRE 3 7 11 3 1 4 0
> VAMPIRE 2 15 9 2 1 3 0
< RES 1637256856 249 2
< MOVE U U
> REQ 1637256856 250 2
> VAMPIRE 1 9 7 3 2 2 0
> VAMPIRE 4 7 11 3 2 3 0
> VAMPIRE 3 7 11 3 1 4 0
> VAMPIRE 2 13 9 2 1 3 0
< RES 1637256856 250 2
< MOVE U U
> REQ 1637256856 251 2
> VAMPIRE 1 9 7 3 2 2 0
> VAMPIRE 4 7 11 3 2 3 0
> VAMPIRE 3 7 11 3 1 4 0
> VAMPIRE 2 11 9 2 1 3 0
< RES 1637256856 251 2
< MOVE U U
> REQ 1637256856 252 2
> VAMPIRE 1 11 7 3 2 2 0
> VAMPIRE 4 5 11 3 2 3 0
> VAMPIRE 3 5 11 3 1 4 0
> VAMPIRE 2 9 9 2 1 3 0
< RES 1637256856 252 2
> REQ 1637256856 253 2
> VAMPIRE 1 11 9 3 2 2 0
> VAMPIRE 4 5 13 3 2 3 0
> VAMPIRE 3 5 13 3 1 4 0
> VAMPIRE 2 9 9 2 1 3 0
< RES 1637256856 253 2
< MOVE R R
> REQ 1637256856 254 2
> VAMPIRE 1 11 9 3 2 2 0
> VAMPIRE 4 7 13 3 2 3 0
> VAMPIRE 3 7 13 3 1 4 0
> VAMPIRE 2 9 11 2 1 3 0
< RES 1637256856 254 2
> REQ 1637256856 255 2
> VAMPIRE 1 9 9 3 2 2 0
> VAMPIRE 4 7 13 3 2 3 0
> VAMPIRE 3 7 13 3 1 4 0
> VAMPIRE 2 9 11 2 1 3 0
> POWERUP GRENADE -8 7 10
> POWERUP GRENADE -8 13 10
< RES 1637256856 255 2
< MOVE U U
> REQ 1637256856 256 2
> VAMPIRE 1 7 9 3 2 2 0
> VAMPIRE 4 7 11 3 2 3 0
> VAMPIRE 3 7 11 3 1 4 0
> VAMPIRE 2 7 11 2 1 3 0
> POWERUP GRENADE -7 7 10
> POWERUP GRENADE -7 13 10
< RES 1637256856 256 2
< MOVE L
> REQ 1637256856 257 2
> VAMPIRE 1 7 10 3 1 2 0
> VAMPIRE 4 7 10 3 1 3 0
> VAMPIRE 3 7 10 3 1 4 0
> VAMPIRE 2 7 10 2 1 3 0
> GRENADE 1 7 9 5 2
> GRENADE 4 7 11 5 3
> POWERUP GRENADE -6 7 10
> POWERUP GRENADE -6 13 10
< RES 1637256856 257 2
> REQ 1637256856 258 2
> VAMPIRE 1 7 10 3 1 2 0
> VAMPIRE 4 7 10 3 1 3 0
> VAMPIRE 3 7 10 3 1 4 0
> VAMPIRE 2 7 10 2 1 3 0
> GRENADE 1 7 9 4 2
> GRENADE 4 7 11 4 3
> POWERUP GRENADE -5 7 10
> POWERUP GRENADE -5 13 10
< RES 1637256856 258 2
> REQ 1637256856 259 2
> VAMPIRE 1 7 10 3 1 2 0
> VAMPIRE 4 7 10 3 1 3 0
> VAMPIRE 3 7 10 3 1 4 0
> VAMPIRE 2 7 10 2 1 3 0
> GRENADE 1 7 9 3 2
> GRENADE 4 7 11 3 3
> POWERUP GRENADE -4 7 10
> POWERUP GRENADE -4 13 10
< RES 1637256856 259 2
> REQ 1637256856 260 2
> VAMPIRE 1 7 10 3 1 2 0
> VAMPIRE 4 7 10 3 1 3 0
> VAMPIRE 3 7 10 3 1 4 0
> VAMPIRE 2 7 10 2 1 3 0
> GRENADE 1 7 9 2 2
> GRENADE 4 7 11 2 3
> POWERUP GRENADE -3 7 10
> POWERUP GRENADE -3 13 10
< RES 1637256856 260 2
> REQ 1637256856 261 2
> VAMPIRE 1 7 10 3 0 2 0
> VAMPIRE 4 7 10 3 0 3 0
> VAMPIRE 3 7 10 3 1 4 0
> VAMPIRE 2 7 10 2 1 3 0
> GRENADE 1 7 9 1 2
> GRENADE 4 7 11 1 3
> GRENADE 1 7 10 5 2
> GRENADE 4 7 10 5 3
> POWERUP GRENADE -2 7 10
> POWERUP GRENADE -2 13 10
< RES 1637256856 261 2
> REQ 1637256856 262 2
> VAMPIRE 1 7 10 2 2 2 0
> VAMPIRE 4 7 10 2 2 3 0
> VAMPIRE 3 7 10 2 1 4 0
> VAMPIRE 2 7 10 1 1 3 0
> POWERUP GRENADE -1 7 10
> POWERUP GRENADE -1 13 10
< RES 1637256856 262 2
< MOVE R D
> REQ 1637256856 263 2
> VAMPIRE 1 8 11 2 3 2 0
> VAMPIRE 4 8 11 2 3 3 0
> VAMPIRE 3 8 11 2 2 4 0
> VAMPIRE 2 8 11 1 2 3 0
> POWERUP GRENADE 19 13 10
< RES 1637256856 263 2
< MOVE D D
> REQ 1637256856 264 2
> VAMPIRE 1 10 11 2 3 2 0
> VAMPIRE 4 10 11 2 3 3 0
> VAMPIRE 3 10 11 2 2 4 0
> VAMPIRE 2 10 11 1 2 3 0
> POWERUP GRENADE 18 13 10
< RES 1637256856 264 2
< MOVE D D
> REQ 1637256856 265 2
> VAMPIRE 1 12 11 2 3 2 0
> VAMPIRE 4 12 11 2 3 3 0
> VAMPIRE 3 12 11 2 2 4 0
> VAMPIRE 2 12 11 1 2 3 0
> POWERUP GRENADE 17 13 10
< RES 1637256856 265 2
< MOVE D L
> REQ 1637256856 266 2
> VAMPIRE 1 13 10 2 3 2 0
> VAMPIRE 4 13 10 2 3 3 0
> VAMPIRE 3 13 10 2 2 4 0
> VAMPIRE 2 13 10 1 2 3 0
> POWERUP GRENADE 16 13 10
< RES 1637256856 266 2
< MOVE R
> REQ 1637256856 267 2
> VAMPIRE 1 13 11 2 4 2 0
> VAMPIRE 4 13 11 2 4 3 0
> VAMPIRE 3 13 11 2 3 4 0
> VAMPIRE 2 13 11 1 3 3 0
< RES 1637256856 267 2
< MOVE U U
> REQ 1637256856 268 2
> VAMPIRE 1 11 11 2 4 2 0
> VAMPIRE 4 11 11 2 4 3 0
> VAMPIRE 3 11 11 2 3 4 0
> VAMPIRE 2 11 11 1 3 3 0
< RES 1637256856 268 2
> REQ 1637256856 269 2
> VAMPIRE 1 11 11 2 4 2 0
> VAMPIRE 4 11 11 2 4 3 0
> VAMPIRE 3 11 11 2 3 4 0
> VAMPIRE 2 11 11 1 3 3 0
< RES 1637256856 269 2
> REQ 1637256856 270 2
> VAMPIRE 1 11 11 2 4 2 0
> VAMPIRE 4 11 11 2 4 3 0
> VAMPIRE 3 11 11 2 3 4 0
> VAMPIRE 2 11 11 1 3 3 0
< RES 1637256856 270 2
> REQ 1637256856 271 2
> VAMPIRE 1 11 11 2 4 2 0
> VAMPIRE 4 11 11 2 4 3 0
> VAMPIRE 3 11 11 2 3 4 0
> VAMPIRE 2 11 11 1 3 3 0
< RES 1637256856 271 2
> REQ 1637256856 272 2
> VAMPIRE 1 11 11 2 4 2 0
> VAMPIRE 4 11 11 2 4 3 0
> VAMPIRE 3 11 11 2 3 4 0
> VAMPIRE 2 11 11 1 3 3 0
< RES 1637256856 272 2
> REQ 1637256856 273 2
> VAMPIRE 1 11 11 2 4 2 0
> VAMPIRE 4 11 11 2 4 3 0
> VAMPIRE 3 11 11 2 3 4 0
> VAMPIRE 2 11 11 1 3 3 0
< RES 1637256856 273 2
> REQ 1637256856 274 2
> VAMPIRE 1 11 11 2 4 2 0
> VAMPIRE 4 11 11 2 4 3 0
> VAMPIRE 3 11 11 2 3 4 0
> VAMPIRE 2 11 11 1 3 3 0
< RES 1637256856 274 2
> REQ 1637256856 275 2
> VAMPIRE 1 11 11 2 4 2 0
> VAMPIRE 4 11 11 2 4 3 0
> VAMPIRE 3 11 11 2 3 4 0
> VAMPIRE 2 11 11 1 3 3 0
< RES 1637256856 275 2
> REQ 1637256856 276 2
> VAMPIRE 1 11 11 2 4 2 0
> VAMPIRE 4 11 11 2 4 3 0
> VAMPIRE 3 11 11 2 3 4 0
> VAMPIRE 2 11 11 1 3 3 0
< RES 1637256856 276 2
> REQ 1637256856 277 2
> VAMPIRE 1 11 11 2 4 2 0
> VAMPIRE 4 11 11 2 4 3 0
> VAMPIRE 3 11 11 2 3 4 0
> VAMPIRE 2 11 11 1 3 3 0
< RES 1637256856 277 2
> REQ 1637256856 278 2
> VAMPIRE 1 11 11 2 4 2 0
> VAMPIRE 4 11 11 2 4 3 0
> VAMPIRE 3 11 11 2 3 4 0
> VAMPIRE 2 11 11 1 3 3 0
< RES 1637256856 278 2
> REQ 1637256856 279 2
> VAMPIRE 1 11 11 2 4 2 0
> VAMPIRE 4 11 11 2 4 3 0
> VAMPIRE 3 11 11 2 3 4 0
> VAMPIRE 2 11 11 1 3 3 0
< RES 1637256856 279 2
> REQ 1637256856 280 2
> VAMPIRE 1 11 11 2 4 2 0
> VAMPIRE 4 11 11 2 4 3 0
> VAMPIRE 3 11 11 2 3 4 0
> VAMPIRE 2 11 11 1 3 3 0
< RES 1637256856 280 2
> REQ 1637256856 281 2
> VAMPIRE 1 11 11 2 4 2 0
> VAMPIRE 4 11 11 2 4 3 0
> VAMPIRE 3 11 11 2 3 4 0
> VAMPIRE 2 11 11 1 3 3 0
< RES 1637256856 281 2
> REQ 1637256856 282 2
> VAMPIRE 1 11 11 2 4 2 0
> VAMPIRE 4 11 11 2 4 3 0
> VAMPIRE 3 11 11 2 3 4 0
> VAMPIRE 2 11 11 1 3 3 0
< RES 1637256856 282 2
> REQ 1637256856 283 2
> VAMPIRE 1 11 11 2 4 2 0
> VAMPIRE 4 11 11 2 4 3 0
> VAMPIRE 3 11 11 2 3 4 0
> VAMPIRE 2 11 11 1 3 3 0
< RES 1637256856 283 2
> REQ 1637256856 284 2
> VAMPIRE 1 11 11 2 4 2 0
> VAMPIRE 4 11 11 2 4 3 0
> VAMPIRE 3 11 11 2 3 4 0
> VAMPIRE 2 11 11 1 3 3 0
< RES 1637256856 284 2
> REQ 1637256856 285 2
> VAMPIRE 1 11 11 2 4 2 0
> VAMPIRE 4 11 11 2 4 3 0
> VAMPIRE 3 11 11 2 3 4 0
> VAMPIRE 2 11 11 1 3 3 0
< RES 1637256856 285 2
> REQ 1637256856 286 2
> VAMPIRE 1 11 11 2 4 2 0
> VAMPIRE 4 11 11 2 4 3 0
> VAMPIRE 3 11 11 2 3 4 0
> VAMPIRE 2 11 11 1 3 3 0
< RES 1637256856 286 2
> REQ 1637256856 287 2
> VAMPIRE 1 11 11 2 4 2 0
> VAMPIRE 4 11 11 2 4 3 0
> VAMPIRE 3 11 11 2 3 4 0
> VAMPIRE 2 11 11 1 3 3 0
> POWERUP SHOE -9 3 4
> POWERUP SHOE -9 17 16
< RES 1637256856 287 2
< MOVE R R
> REQ 1637256856 288 2
> VAMPIRE 1 11 13 2 4 2 0
> VAMPIRE 4 11 13 2 4 3 0
> VAMPIRE 3 11 13 2 3 4 0
> VAMPIRE 2 11 13 1 3 3 0
> POWERUP SHOE -8 3 4
> POWERUP SHOE -8 17 16
< RES 1637256856 288 2
< MOVE R R
> REQ 1637256856 289 2
> VAMPIRE 1 11 15 2 4 2 0
> VAMPIRE 4 11 15 2 4 3 0
> VAMPIRE 3 11 15 2 3 4 0
> VAMPIRE 2 11 15 1 3 3 0
> POWERUP SHOE -7 3 4
> POWERUP SHOE -7 17 16
< RES 1637256856 289 2
< MOVE D D
> REQ 1637256856 290 2
> VAMPIRE 1 13 15 2 4 2 0
> VAMPIRE 4 13 15 2 4 3 0
> VAMPIRE 3 13 15 2 3 4 0
> VAMPIRE 2 13 15 1 3 3 0
> POWERUP SHOE -6 3 4
> POWERUP SHOE -6 17 16
< RES 1637256856 290 2
< MOVE D D
> REQ 1637256856 291 2
> VAMPIRE 1 15 15 2 4 2 0
> VAMPIRE 4 15 15 2 4 3 0
> VAMPIRE 3 15 15 2 3 4 0
> VAMPIRE 2 15 15 1 3 3 0
> POWERUP SHOE -5 3 4
> POWERUP SHOE -5 17 16
< RES 1637256856 291 2
< MOVE D D
> REQ 1637256856 292 2
> VAMPIRE 1 17 15 2 4 2 0
> VAMPIRE 4 17 15 2 4 3 0
> VAMPIRE 3 17 15 2 3 4 0
> VAMPIRE 2 17 15 1 3 3 0
> POWERUP SHOE -4 3 4
> POWERUP SHOE -4 17 16
< RES 1637256856 292 2
< GRENADE
< MOVE R R
> REQ 1637256856 293 2
> VAMPIRE 1 17 16 2 4 2 0
> VAMPIRE 4 17 17 2 3 3 0
> VAMPIRE 3 17 17 2 2 4 0
> VAMPIRE 2 17 17 1 2 3 0
> GRENADE 4 17 15 5 3
> GRENADE 3 17 15 5 4
> GRENADE 2 17 15 5 3
> POWERUP SHOE -3 3 4
> POWERUP SHOE -3 17 16
< RES 1637256856 293 2
< GRENADE
> REQ 1637256856 294 2
> VAMPIRE 1 17 16 2 4 2 0
> VAMPIRE 4 17 17 2 2 3 0
> VAMPIRE 3 17 17 2 1 4 0
> VAMPIRE 2 17 17 1 1 3 0
> GRENADE 4 17 15 4 3
> GRENADE 3 17 15 4 4
> GRENADE 2 17 15 4 3
> GRENADE 4 17 17 5 3
> GRENADE 3 17 17 5 4
> GRENADE 2 17 17 5 3
> POWERUP SHOE -2 3 4
> POWERUP SHOE -2 17 16
< RES 1637256856 294 2
> REQ 1637256856 295 2
> VAMPIRE 1 17 16 2 3 2 0
> VAMPIRE 4 17 17 2 2 3 0
> VAMPIRE 3 17 17 2 1 4 0
> VAMPIRE 2 17 17 1 1 3 0
> GRENADE 4 17 15 3 3
> GRENADE 3 17 15 3 4
> GRENADE 2 17 15 3 3
> GRENADE 4 17 17 4 3
> GRENADE 3 17 17 4 4
> GRENADE 2 17 17 4 3
> GRENADE 1 17 16 5 2
> POWERUP SHOE -1 3 4
> POWERUP SHOE -1 17 16
< RES 1637256856 295 2
< GRENADE
< MOVE U U
> REQ 1637256856 296 2
> VAMPIRE 1 17 16 2 3 2 42
> VAMPIRE 4 15 17 2 1 3 0
> VAMPIRE 3 15 17 2 0 4 0
> VAMPIRE 2 15 17 1 0 3 0
> GRENADE 4 17 15 2 3
> GRENADE 3 17 15 2 4
> GRENADE 2 17 15 2 3
> GRENADE 4 17 17 3 3
> GRENADE 3 17 17 3 4
> GRENADE 2 17 17 3 3
> GRENADE 1 17 16 4 2
> GRENADE 4 17 17 5 3
> GRENADE 3 17 17 5 4
> GRENADE 2 17 17 5 3
> POWERUP SHOE 19 3 4
< RES 1637256856 296 2
< MOVE R R
> REQ 1637256856 297 2
> VAMPIRE 1 17 16 2 2 2 41
> VAMPIRE 4 15 16 2 1 3 0
> VAMPIRE 3 15 19 2 0 4 0
> VAMPIRE 2 15 19 1 0 3 0
> GRENADE 4 17 15 1 3
> GRENADE 3 17 15 1 4
> GRENADE 2 17 15 1 3
> GRENADE 4 17 17 2 3
> GRENADE 3 17 17 2 4
> GRENADE 2 17 17 2 3
> GRENADE 1 17 16 3 2
> GRENADE 4 17 17 4 3
> GRENADE 3 17 17 4 4
> GRENADE 2 17 17 4 3
> GRENADE 1 17 16 5 2
> POWERUP SHOE 18 3 4
< RES 1637256856 297 2
< MOVE L L
> REQ 1637256856 298 2
> VAMPIRE 1 17 16 1 4 2 40
> VAMPIRE 4 15 15 2 4 3 0
> VAMPIRE 3 15 19 2 3 4 0
> VAMPIRE 2 15 17 1 3 3 0
> POWERUP SHOE 17 3 4
< RES 1637256856 298 2
< MOVE U U
> REQ 1637256856 299 2
> VAMPIRE 1 15 15 1 4 2 39
> VAMPIRE 4 13 15 2 4 3 0
> VAMPIRE 3 13 19 2 3 4 0
> VAMPIRE 2 13 17 1 3 3 0
> POWERUP SHOE 16 3 4
< RES 1637256856 299 2
< MOVE U U
> REQ 1637256856 300 2
> VAMPIRE 1 17 15 1 4 2 38
> VAMPIRE 4 11 15 2 4 3 0
> VAMPIRE 3 11 19 2 3 4 0
> VAMPIRE 2 11 17 1 3 3 0
> POWERUP SHOE 15 3 4
< RES 1637256856 300 2
< MOVE U U
> REQ 1637256856 301 2
> VAMPIRE 1 14 15 1 4 2 37
> VAMPIRE 4 11 13 2 4 3 0
> VAMPIRE 3 9 19 2 3 4 0
> VAMPIRE 2 9 17 1 3 3 0
> POWERUP SHOE 14 3 4
< RES 1637256856 301 2
< MOVE L L
> REQ 1637256856 302 2
> VAMPIRE 1 11 15 1 4 2 36
> VAMPIRE 4 11 11 2 4 3 0
> VAMPIRE 3 7 19 2 3 4 0
> VAMPIRE 2 9 15 1 3 3 0
> POWERUP SHOE 13 3 4
< RES 1637256856 302 2
< MOVE U U
> REQ 1637256856 303 2
> VAMPIRE 1 13 15 1 4 2 35
> VAMPIRE 4 11 9 2 4 3 0
> VAMPIRE 3 7 17 2 3 4 0
> VAMPIRE 2 7 15 1 3 3 0
> POWERUP SHOE 12 3 4
< RES 1637256856 303 2
< MOVE L L
> REQ 1637256856 304 2
> VAMPIRE 1 10 15 1 4 2 34
> VAMPIRE 4 9 9 2 4 3 0
> VAMPIRE 3 7 17 2 3 4 0
> VAMPIRE 2 7 13 1 3 3 0
> POWERUP SHOE 11 3 4
< RES 1637256856 304 2
< MOVE L L
> REQ 1637256856 305 2
> VAMPIRE 1 7 15 1 4 2 33
> VAMPIRE 4 7 9 2 4 3 0
> VAMPIRE 3 5 17 2 3 4 0
> VAMPIRE 2 7 11 1 3 3 0
> POWERUP SHOE 10 3 4
< RES 1637256856 305 2
< MOVE D D
> REQ 1637256856 306 2
> VAMPIRE 1 4 15 1 4 2 32
> VAMPIRE 4 5 9 2 4 3 0
> VAMPIRE 3 3 17 2 3 4 0
> VAMPIRE 2 9 11 1 3 3 0
> POWERUP SHOE 9 3 4
< RES 1637256856 306 2
< MOVE D D
> REQ 1637256856 307 2
> VAMPIRE 1 3 13 1 4 2 31
> VAMPIRE 4 3 9 2 4 3 0
> VAMPIRE 3 5 17 2 3 4 0
> VAMPIRE 2 11 11 1 3 3 0
> POWERUP SHOE 8 3 4
< RES 1637256856 307 2
> REQ 1637256856 308 2
> VAMPIRE 1 3 10 1 4 2 30
> VAMPIRE 4 3 7 2 4 3 0
> VAMPIRE 3 7 17 2 3 4 0
> VAMPIRE 2 11 11 1 3 3 0
> POWERUP SHOE 7 3 4
< RES 1637256856 308 2
< MOVE D D
> REQ 1637256856 309 2
> VAMPIRE 1 3 7 1 4 2 29
> VAMPIRE 4 3 5 2 4 3 0
> VAMPIRE 3 9 17 2 3 4 0
> VAMPIRE 2 13 11 1 3 3 0
> POWERUP SHOE 6 3 4
< RES 1637256856 309 2
< MOVE L L
> REQ 1637256856 310 2
> VAMPIRE 1 3 7 1 4 2 28
> VAMPIRE 4 3 4 2 4 3 0
> VAMPIRE 3 9 17 2 3 4 0
> VAMPIRE 2 13 9 1 3 3 0
> POWERUP SHOE 5 3 4
< RES 1637256856 310 2
> REQ 1637256856 311 2
> VAMPIRE 1 5 7 1 4 2 27
> VAMPIRE 4 4 3 2 4 3 42
> VAMPIRE 3 9 15 2 3 4 0
> VAMPIRE 2 13 9 1 3 3 0
< RES 1637256856 311 2
< MOVE D D
> REQ 1637256856 312 2
> VAMPIRE 1 5 9 1 4 2 26
> VAMPIRE 4 5 5 2 4 3 41
> VAMPIRE 3 9 15 2 3 4 0
> VAMPIRE 2 15 9 1 3 3 0
< RES 1637256856 312 2
> REQ 1637256856 313 2
> VAMPIRE 1 7 9 1 4 2 25
> VAMPIRE 4 5 7 2 4 3 40
> VAMPIRE 3 11 15 2 3 4 0
> VAMPIRE 2 15 9 1 3 3 0
< RES 1637256856 313 2
> REQ 1637256856 314 2
> VAMPIRE 1 7 9 1 4 2 24
> VAMPIRE 4 5 9 2 4 3 39
> VAMPIRE 3 11 15 2 3 4 0
> VAMPIRE 2 15 9 1 3 3 0
< RES 1637256856 314 2
> REQ 1637256856 315 2
> VAMPIRE 1 7 9 1 4 2 23
> VAMPIRE 4 5 9 2 4 3 38
> VAMPIRE 3 11 15 2 3 4 0
> VAMPIRE 2 15 9 1 3 3 0
< RES 1637256856 315 2
> REQ 1637256856 316 2
> VAMPIRE 1 7 9 1 4 2 22
> VAMPIRE 4 5 9 2 4 3 37
> VAMPIRE 3 11 15 2 3 4 0
> VAMPIRE 2 15 9 1 3 3 0
< RES 1637256856 316 2
> REQ 1637256856 317 2
> VAMPIRE 1 7 9 1 4 2 21
> VAMPIRE 4 5 9 2 4 3 36
> VAMPIRE 3 11 15 2 3 4 0
> VAMPIRE 2 15 9 1 3 3 0
< RES 1637256856 317 2
> REQ 1637256856 318 2
> VAMPIRE 1 7 9 1 4 2 20
> VAMPIRE 4 5 9 2 4 3 35
> VAMPIRE 3 11 15 2 3 4 0
> VAMPIRE 2 15 9 1 3 3 0
< RES 1637256856 318 2
> REQ 1637256856 319 2
> VAMPIRE 1 7 9 1 4 2 19
> VAMPIRE 4 5 9 2 4 3 34
> VAMPIRE 3 11 15 2 3 4 0
> VAMPIRE 2 15 9 1 3 3 0
< RES 1637256856 319 2
> REQ 1637256856 320 2
> VAMPIRE 1 7 9 1 4 2 18
> VAMPIRE 4 5 9 2 4 3 33
> VAMPIRE 3 11 15 2 3 4 0
> VAMPIRE 2 15 9 1 3 3 0
< RES 1637256856 320 2
> REQ 1637256856 321 2
> VAMPIRE 1 7 9 1 4 2 17
> VAMPIRE 4 5 9 2 4 3 32
> VAMPIRE 3 11 15 2 3 4 0
> VAMPIRE 2 15 9 1 3 3 0
< RES 1637256856 321 2
> REQ 1637256856 322 2
> VAMPIRE 1 7 9 1 4 2 16
> VAMPIRE 4 5 9 2 4 3 31
> VAMPIRE 3 11 15 2 3 4 0
> VAMPIRE 2 15 9 1 3 3 0
< RES 1637256856 322 2
> REQ 1637256856 323 2
> VAMPIRE 1 7 9 1 4 2 15
> VAMPIRE 4 5 9 2 4 3 30
> VAMPIRE 3 11 15 2 3 4 0
> VAMPIRE 2 15 9 1 3 3 0
< RES 1637256856 323 2
> REQ 1637256856 324 2
> VAMPIRE 1 7 9 1 4 2 14
> VAMPIRE 4 5 9 2 4 3 29
> VAMPIRE 3 11 15 2 3 4 0
> VAMPIRE 2 15 9 1 3 3 0
< RES 1637256856 324 2
> REQ 1637256856 325 2
> VAMPIRE 1 7 9 1 4 2 13
> VAMPIRE 4 5 9 2 4 3 28
> VAMPIRE 3 11 15 2 3 4 0
> VAMPIRE 2 15 9 1 3 3 0
< RES 1637256856 325 2
> REQ 1637256856 326 2
> VAMPIRE 1 7 9 1 4 2 12
> VAMPIRE 4 5 9 2 4 3 27
> VAMPIRE 3 11 15 2 3 4 0
> VAMPIRE 2 15 9 1 3 3 0
< RES 1637256856 326 2
> REQ 1637256856 327 2
> VAMPIRE 1 7 9 1 4 2 11
> VAMPIRE 4 5 9 2 4 3 26
> VAMPIRE 3 11 15 2 3 4 0
> VAMPIRE 2 15 9 1 3 3 0
< RES 1637256856 327 2
> REQ 1637256856 328 2
> VAMPIRE 1 7 9 1 4 2 10
> VAMPIRE 4 5 9 2 4 3 25
> VAMPIRE 3 11 15 2 3 4 0
> VAMPIRE 2 15 9 1 3 3 0
< RES 1637256856 328 2
> REQ 1637256856 329 2
> VAMPIRE 1 7 9 1 4 2 9
> VAMPIRE 4 5 9 2 4 3 24
> VAMPIRE 3 11 15 2 3 4 0
> VAMPIRE 2 15 9 1 3 3 0
> POWERUP GRENADE -6 15 14
> POWERUP GRENADE -6 5 6
< RES 1637256856 329 2
< MOVE R R
> REQ 1637256856 330 2
> VAMPIRE 1 6 7 1 4 2 8
> VAMPIRE 4 5 6 2 4 3 23
> VAMPIRE 3 13 15 2 3 4 0
> VAMPIRE 2 15 11 1 3 3 0
> POWERUP GRENADE -5 15 14
> POWERUP GRENADE -5 5 6
< RES 1637256856 330 2
< MOVE R R
> REQ 1637256856 331 2
> VAMPIRE 1 5 7 1 4 2 7
> VAMPIRE 4 5 6 2 3 3 22
> VAMPIRE 3 15 15 2 3 4 0
> VAMPIRE 2 15 13 1 3 3 0
> GRENADE 4 5 6 5 3
> POWERUP GRENADE -4 15 14
> POWERUP GRENADE -4 5 6
< RES 1637256856 331 2
< GRENADE
< MOVE R R
> REQ 1637256856 332 2
> VAMPIRE 1 7 7 1 4 2 6
> VAMPIRE 4 5 6 2 2 3 21
> VAMPIRE 3 15 14 2 2 4 0
> VAMPIRE 2 15 14 1 2 3 0
> GRENADE 4 5 6 4 3
> GRENADE 4 5 6 5 3
> GRENADE 3 15 15 5 4
> GRENADE 2 15 13 5 3
> POWERUP GRENADE -3 15 14
> POWERUP GRENADE -3 5 6
< RES 1637256856 332 2
> REQ 1637256856 333 2
> VAMPIRE 1 7 7 1 4 2 5
> VAMPIRE 4 5 6 2 2 3 20
> VAMPIRE 3 15 14 2 2 4 0
> VAMPIRE 2 15 14 1 2 3 0
> GRENADE 4 5 6 3 3
> GRENADE 4 5 6 4 3
> GRENADE 3 15 15 4 4
> GRENADE 2 15 13 4 3
> POWERUP GRENADE -2 15 14
> POWERUP GRENADE -2 5 6
< RES 1637256856 333 2
> REQ 1637256856 334 2
> VAMPIRE 1 7 7 1 4 2 4
> VAMPIRE 4 5 6 2 2 3 19
> VAMPIRE 3 15 14 2 2 4 0
> VAMPIRE 2 15 14 1 2 3 0
> GRENADE 4 5 6 2 3
> GRENADE 4 5 6 3 3
> GRENADE 3 15 15 3 4
> GRENADE 2 15 13 3 3
> POWERUP GRENADE -1 15 14
> POWERUP GRENADE -1 5 6
< RES 1637256856 334 2
> REQ 1637256856 335 2
> VAMPIRE 1 9 7 1 4 2 3
> VAMPIRE 4 3 5 2 3 3 18
> VAMPIRE 3 15 14 2 3 4 0
> VAMPIRE 2 15 14 1 3 3 0
> GRENADE 4 5 6 1 3
> GRENADE 4 5 6 2 3
> GRENADE 3 15 15 2 4
> GRENADE 2 15 13 2 3
< RES 1637256856 335 2
< GRENADE
> REQ 1637256856 336 2
> VAMPIRE 1 9 7 1 4 2 2
> VAMPIRE 4 3 7 2 5 3 17
> VAMPIRE 3 15 14 2 2 4 0
> VAMPIRE 2 15 14 1 2 3 0
> GRENADE 3 15 15 1 4
> GRENADE 2 15 13 1 3
> GRENADE 3 15 14 5 4
> GRENADE 2 15 14 5 3
< RES 1637256856 336 2
> END 546 Could_not_be_more_deaded
