> MESSAGE OK
> LEVEL 10
> GAMEID 1637329245
> TEST 1
> MAXTICK 800
> GRENADERADIUS 3
> SIZE 15
> REQ 1637329245 0 1
> VAMPIRE 1 1 1 3 1 3 0
> VAMPIRE 2 13 1 3 1 3 0
> VAMPIRE 3 13 13 3 1 3 0
> VAMPIRE 4 1 13 3 1 3 0
> BAT1 8 1 9 1 10 1 11 1 1 3 7 3 1 4 1 5 6 5 8 5 1 6 5 6 9 6 3 7 11 7 5 8 9 8 13 8 6 9 8 9 13 9 13 10 7 11 13 11 3 13 4 13 5 13 6 13
> BAT2 3 1 4 1 5 1 6 1 8 3 9 3 13 3 13 4 3 5 7 5 13 5 3 6 13 6 5 7 9 7 1 8 11 8 1 9 7 9 11 9 1 10 1 11 5 11 6 11 8 13 9 13 10 13 11 13
> BAT3 7 1 5 3 6 3 11 5 11 6 1 7 7 7 13 7 3 8 3 9 8 11 9 11 7 13
< RES 1637329245 0 1
< GRENADE
> REQ 1637329245 1 1
> VAMPIRE 1 1 1 3 0 3 0
> VAMPIRE 2 13 1 3 0 3 0
> VAMPIRE 3 13 13 3 1 3 0
> VAMPIRE 4 1 13 3 1 3 0
> GRENADE 1 1 1 5 3
> GRENADE 2 13 1 5 3
> BAT1 8 1 9 1 10 1 11 1 1 3 7 3 1 4 1 5 6 5 8 5 1 6 5 6 9 6 3 7 11 7 5 8 9 8 13 8 6 9 8 9 13 9 13 10 7 11 13 11 3 13 4 13 5 13 6 13
> BAT2 3 1 4 1 5 1 6 1 8 3 9 3 13 3 13 4 3 5 7 5 13 5 3 6 13 6 5 7 9 7 1 8 11 8 1 9 7 9 11 9 1 10 1 11 5 11 6 11 8 13 9 13 10 13 11 13
> BAT3 7 1 5 3 6 3 11 5 11 6 1 7 7 7 13 7 3 8 3 9 8 11 9 11 7 13
< RES 1637329245 1 1
> REQ 1637329245 2 1
> VAMPIRE 1 1 1 3 0 3 0
> VAMPIRE 2 13 1 3 0 3 0
> VAMPIRE 3 13 13 3 1 3 0
> VAMPIRE 4 1 13 3 1 3 0
> GRENADE 1 1 1 4 3
> GRENADE 2 13 1 4 3
> BAT1 8 1 9 1 10 1 11 1 1 3 7 3 1 4 1 5 6 5 8 5 1 6 5 6 9 6 3 7 11 7 5 8 9 8 13 8 6 9 8 9 13 9 13 10 7 11 13 11 3 13 4 13 5 13 6 13
> BAT2 3 1 4 1 5 1 6 1 8 3 9 3 13 3 13 4 3 5 7 5 13 5 3 6 13 6 5 7 9 7 1 8 11 8 1 9 7 9 11 9 1 10 1 11 5 11 6 11 8 13 9 13 10 13 11 13
> BAT3 7 1 5 3 6 3 11 5 11 6 1 7 7 7 13 7 3 8 3 9 8 11 9 11 7 13
< RES 1637329245 2 1
> REQ 1637329245 3 1
> VAMPIRE 1 1 1 3 0 3 0
> VAMPIRE 2 13 1 3 0 3 0
> VAMPIRE 3 13 13 3 1 3 0
> VAMPIRE 4 1 13 3 1 3 0
> GRENADE 1 1 1 3 3
> GRENADE 2 13 1 3 3
> BAT1 8 1 9 1 10 1 11 1 1 3 7 3 1 4 1 5 6 5 8 5 1 6 5 6 9 6 3 7 11 7 5 8 9 8 13 8 6 9 8 9 13 9 13 10 7 11 13 11 3 13 4 13 5 13 6 13
> BAT2 3 1 4 1 5 1 6 1 8 3 9 3 13 3 13 4 3 5 7 5 13 5 3 6 13 6 5 7 9 7 1 8 11 8 1 9 7 9 11 9 1 10 1 11 5 11 6 11 8 13 9 13 10 13 11 13
> BAT3 7 1 5 3 6 3 11 5 11 6 1 7 7 7 13 7 3 8 3 9 8 11 9 11 7 13
< RES 1637329245 3 1
< THROW XR 1
< MOVE D
> REQ 1637329245 4 1
> VAMPIRE 1 2 1 3 0 3 0
> VAMPIRE 2 13 2 3 0 3 0
> VAMPIRE 3 13 13 3 1 3 0
> VAMPIRE 4 1 13 3 1 3 0
> GRENADE 1 1 2 2 3
> GRENADE 2 12 1 2 3
> BAT1 8 1 9 1 10 1 11 1 1 3 7 3 1 4 1 5 6 5 8 5 1 6 5 6 9 6 3 7 11 7 5 8 9 8 13 8 6 9 8 9 13 9 13 10 7 11 13 11 3 13 4 13 5 13 6 13
> BAT2 3 1 4 1 5 1 6 1 8 3 9 3 13 3 13 4 3 5 7 5 13 5 3 6 13 6 5 7 9 7 1 8 11 8 1 9 7 9 11 9 1 10 1 11 5 11 6 11 8 13 9 13 10 13 11 13
> BAT3 7 1 5 3 6 3 11 5 11 6 1 7 7 7 13 7 3 8 3 9 8 11 9 11 7 13
< RES 1637329245 4 1
> REQ 1637329245 5 1
> VAMPIRE 1 2 1 3 0 3 0
> VAMPIRE 2 13 2 3 0 3 0
> VAMPIRE 3 13 13 3 1 3 0
> VAMPIRE 4 1 13 3 1 3 0
> GRENADE 1 1 2 1 3
> GRENADE 2 12 1 1 3
> BAT1 8 1 9 1 10 1 11 1 1 3 7 3 1 4 1 5 6 5 8 5 1 6 5 6 9 6 3 7 11 7 5 8 9 8 13 8 6 9 8 9 13 9 13 10 7 11 13 11 3 13 4 13 5 13 6 13
> BAT2 3 1 4 1 5 1 6 1 8 3 9 3 13 3 13 4 3 5 7 5 13 5 3 6 13 6 5 7 9 7 1 8 11 8 1 9 7 9 11 9 1 10 1 11 5 11 6 11 8 13 9 13 10 13 11 13
> BAT3 7 1 5 3 6 3 11 5 11 6 1 7 7 7 13 7 3 8 3 9 8 11 9 11 7 13
< RES 1637329245 5 1
< MOVE U
> REQ 1637329245 6 1
> VAMPIRE 1 1 1 3 1 3 0
> VAMPIRE 2 13 1 3 1 3 0
> VAMPIRE 3 13 13 3 1 3 0
> VAMPIRE 4 1 13 3 1 3 0
> BAT1 8 1 9 1 10 1 7 3 1 4 1 5 6 5 8 5 1 6 5 6 9 6 3 7 11 7 5 8 9 8 13 8 6 9 8 9 13 9 13 10 7 11 13 11 3 13 4 13 5 13 6 13
> BAT2 3 1 4 1 5 1 6 1 8 3 9 3 13 3 13 4 3 5 7 5 13 5 3 6 13 6 5 7 9 7 1 8 11 8 1 9 7 9 11 9 1 10 1 11 5 11 6 11 8 13 9 13 10 13 11 13
> BAT3 7 1 5 3 6 3 11 5 11 6 1 7 7 7 13 7 3 8 3 9 8 11 9 11 7 13
< RES 1637329245 6 1
< MOVE R R
> REQ 1637329245 7 1
> VAMPIRE 1 1 3 3 1 3 0
> VAMPIRE 2 11 1 3 1 3 0
> VAMPIRE 3 13 13 3 1 3 0
> VAMPIRE 4 1 13 3 1 3 0
> BAT1 8 1 9 1 10 1 7 3 1 4 1 5 6 5 8 5 1 6 5 6 9 6 3 7 11 7 5 8 9 8 13 8 6 9 8 9 13 9 13 10 7 11 13 11 3 13 4 13 5 13 6 13
> BAT2 3 1 4 1 5 1 6 1 8 3 9 3 13 3 13 4 3 5 7 5 13 5 3 6 13 6 5 7 9 7 1 8 11 8 1 9 7 9 11 9 1 10 1 11 5 11 6 11 8 13 9 13 10 13 11 13
> BAT3 7 1 5 3 6 3 11 5 11 6 1 7 7 7 13 7 3 8 3 9 8 11 9 11 7 13
< RES 1637329245 7 1
< MOVE D D
> REQ 1637329245 8 1
> VAMPIRE 1 3 3 3 1 3 0
> VAMPIRE 2 11 3 3 1 3 0
> VAMPIRE 3 13 13 3 1 3 0
> VAMPIRE 4 1 13 3 1 3 0
> BAT1 8 1 9 1 10 1 7 3 1 4 1 5 6 5 8 5 1 6 5 6 9 6 3 7 11 7 5 8 9 8 13 8 6 9 8 9 13 9 13 10 7 11 13 11 3 13 4 13 5 13 6 13
> BAT2 3 1 4 1 5 1 6 1 8 3 9 3 13 3 13 4 3 5 7 5 13 5 3 6 13 6 5 7 9 7 1 8 11 8 1 9 7 9 11 9 1 10 1 11 5 11 6 11 8 13 9 13 10 13 11 13
> BAT3 7 1 5 3 6 3 11 5 11 6 1 7 7 7 13 7 3 8 3 9 8 11 9 11 7 13
< RES 1637329245 8 1
< GRENADE
< MOVE U U
> REQ 1637329245 9 1
> VAMPIRE 1 1 3 3 0 3 0
> VAMPIRE 2 11 1 3 0 3 0
> VAMPIRE 3 13 13 3 1 3 0
> VAMPIRE 4 1 13 3 1 3 0
> GRENADE 1 3 3 5 3
> GRENADE 2 11 3 5 3
> BAT1 8 1 9 1 10 1 7 3 1 4 1 5 6 5 8 5 1 6 5 6 9 6 3 7 11 7 5 8 9 8 13 8 6 9 8 9 13 9 13 10 7 11 13 11 3 13 4 13 5 13 6 13
> BAT2 3 1 4 1 5 1 6 1 8 3 9 3 13 3 13 4 3 5 7 5 13 5 3 6 13 6 5 7 9 7 1 8 11 8 1 9 7 9 11 9 1 10 1 11 5 11 6 11 8 13 9 13 10 13 11 13
> BAT3 7 1 5 3 6 3 11 5 11 6 1 7 7 7 13 7 3 8 3 9 8 11 9 11 7 13
< RES 1637329245 9 1
< MOVE L
> REQ 1637329245 10 1
> VAMPIRE 1 1 2 3 0 3 0
> VAMPIRE 2 12 1 3 0 3 0
> VAMPIRE 3 13 13 3 1 3 0
> VAMPIRE 4 1 13 3 1 3 0
> GRENADE 1 3 3 4 3
> GRENADE 2 11 3 4 3
> BAT1 8 1 9 1 10 1 7 3 1 4 1 5 6 5 8 5 1 6 5 6 9 6 3 7 11 7 5 8 9 8 13 8 6 9 8 9 13 9 13 10 7 11 13 11 3 13 4 13 5 13 6 13
> BAT2 3 1 4 1 5 1 6 1 8 3 9 3 13 3 13 4 3 5 7 5 13 5 3 6 13 6 5 7 9 7 1 8 11 8 1 9 7 9 11 9 1 10 1 11 5 11 6 11 8 13 9 13 10 13 11 13
> BAT3 7 1 5 3 6 3 11 5 11 6 1 7 7 7 13 7 3 8 3 9 8 11 9 11 7 13
< RES 1637329245 10 1
> REQ 1637329245 11 1
> VAMPIRE 1 1 2 3 0 3 0
> VAMPIRE 2 12 1 3 0 3 0
> VAMPIRE 3 13 13 3 1 3 0
> VAMPIRE 4 1 13 3 1 3 0
> GRENADE 1 3 3 3 3
> GRENADE 2 11 3 3 3
> BAT1 8 1 9 1 10 1 7 3 1 4 1 5 6 5 8 5 1 6 5 6 9 6 3 7 11 7 5 8 9 8 13 8 6 9 8 9 13 9 13 10 7 11 13 11 3 13 4 13 5 13 6 13
> BAT2 3 1 4 1 5 1 6 1 8 3 9 3 13 3 13 4 3 5 7 5 13 5 3 6 13 6 5 7 9 7 1 8 11 8 1 9 7 9 11 9 1 10 1 11 5 11 6 11 8 13 9 13 10 13 11 13
> BAT3 7 1 5 3 6 3 11 5 11 6 1 7 7 7 13 7 3 8 3 9 8 11 9 11 7 13
< RES 1637329245 11 1
> REQ 1637329245 12 1
> VAMPIRE 1 1 2 3 0 3 0
> VAMPIRE 2 12 1 3 0 3 0
> VAMPIRE 3 13 13 3 1 3 0
> VAMPIRE 4 1 13 3 1 3 0
> GRENADE 1 3 3 2 3
> GRENADE 2 11 3 2 3
> BAT1 8 1 9 1 10 1 7 3 1 4 1 5 6 5 8 5 1 6 5 6 9 6 3 7 11 7 5 8 9 8 13 8 6 9 8 9 13 9 13 10 7 11 13 11 3 13 4 13 5 13 6 13
> BAT2 3 1 4 1 5 1 6 1 8 3 9 3 13 3 13 4 3 5 7 5 13 5 3 6 13 6 5 7 9 7 1 8 11 8 1 9 7 9 11 9 1 10 1 11 5 11 6 11 8 13 9 13 10 13 11 13
> BAT3 7 1 5 3 6 3 11 5 11 6 1 7 7 7 13 7 3 8 3 9 8 11 9 11 7 13
< RES 1637329245 12 1
> REQ 1637329245 13 1
> VAMPIRE 1 1 2 3 0 3 0
> VAMPIRE 2 12 1 3 0 3 0
> VAMPIRE 3 13 13 3 1 3 0
> VAMPIRE 4 1 13 3 1 3 0
> GRENADE 1 3 3 1 3
> GRENADE 2 11 3 1 3
> BAT1 8 1 9 1 10 1 7 3 1 4 1 5 6 5 8 5 1 6 5 6 9 6 3 7 11 7 5 8 9 8 13 8 6 9 8 9 13 9 13 10 7 11 13 11 3 13 4 13 5 13 6 13
> BAT2 3 1 4 1 5 1 6 1 8 3 9 3 13 3 13 4 3 5 7 5 13 5 3 6 13 6 5 7 9 7 1 8 11 8 1 9 7 9 11 9 1 10 1 11 5 11 6 11 8 13 9 13 10 13 11 13
> BAT3 7 1 5 3 6 3 11 5 11 6 1 7 7 7 13 7 3 8 3 9 8 11 9 11 7 13
< RES 1637329245 13 1
< MOVE R D
> REQ 1637329245 14 1
> VAMPIRE 1 2 3 3 1 3 0
> VAMPIRE 2 11 2 3 1 3 0
> VAMPIRE 3 13 13 3 1 3 0
> VAMPIRE 4 1 13 3 1 3 0
> BAT1 8 1 9 1 10 1 7 3 1 4 1 5 6 5 8 5 1 6 5 6 9 6 3 7 11 7 5 8 9 8 13 8 6 9 8 9 13 9 13 10 7 11 13 11 3 13 4 13 5 13 6 13 3 1 9 3 13 3 3 5
> BAT2 4 1 5 1 6 1 8 3 13 4 7 5 13 5 3 6 13 6 5 7 9 7 1 8 11 8 1 9 7 9 11 9 1 10 1 11 5 11 6 11 8 13 9 13 10 13 11 13 5 3 11 5
> BAT3 7 1 6 3 11 6 1 7 7 7 13 7 3 8 3 9 8 11 9 11 7 13
< RES 1637329245 14 1
< MOVE D
> REQ 1637329245 15 1
> VAMPIRE 1 3 3 3 1 3 0
> VAMPIRE 2 10 3 3 1 3 0
> VAMPIRE 3 13 13 3 1 3 0
> VAMPIRE 4 1 13 3 1 3 0
> BAT1 8 1 9 1 10 1 7 3 1 4 1 5 6 5 8 5 1 6 5 6 9 6 3 7 11 7 5 8 9 8 13 8 6 9 8 9 13 9 13 10 7 11 13 11 3 13 4 13 5 13 6 13 3 1 9 3 13 3 3 5
> BAT2 4 1 5 1 6 1 8 3 13 4 7 5 13 5 3 6 13 6 5 7 9 7 1 8 11 8 1 9 7 9 11 9 1 10 1 11 5 11 6 11 8 13 9 13 10 13 11 13 5 3 11 5
> BAT3 7 1 6 3 11 6 1 7 7 7 13 7 3 8 3 9 8 11 9 11 7 13
< RES 1637329245 15 1
< GRENADE
< MOVE U U
> REQ 1637329245 16 1
> VAMPIRE 1 1 3 3 0 3 0
> VAMPIRE 2 11 2 3 0 3 0
> VAMPIRE 3 13 13 3 1 3 0
> VAMPIRE 4 1 13 3 1 3 0
> GRENADE 1 3 3 5 3
> GRENADE 2 10 3 5 3
> BAT1 8 1 9 1 10 1 7 3 1 4 1 5 6 5 8 5 1 6 5 6 9 6 3 7 11 7 5 8 9 8 13 8 6 9 8 9 13 9 13 10 7 11 13 11 3 13 4 13 5 13 6 13 3 1 9 3 13 3 3 5
> BAT2 4 1 5 1 6 1 8 3 13 4 7 5 13 5 3 6 13 6 5 7 9 7 1 8 11 8 1 9 7 9 11 9 1 10 1 11 5 11 6 11 8 13 9 13 10 13 11 13 5 3 11 5
> BAT3 7 1 6 3 11 6 1 7 7 7 13 7 3 8 3 9 8 11 9 11 7 13
< RES 1637329245 16 1
< MOVE L
> REQ 1637329245 17 1
> VAMPIRE 1 1 2 3 0 3 0
> VAMPIRE 2 11 1 3 0 3 0
> VAMPIRE 3 13 13 3 1 3 0
> VAMPIRE 4 1 13 3 1 3 0
> GRENADE 1 3 3 4 3
> GRENADE 2 10 3 4 3
> BAT1 8 1 9 1 10 1 7 3 1 4 1 5 6 5 8 5 1 6 5 6 9 6 3 7 11 7 5 8 9 8 13 8 6 9 8 9 13 9 13 10 7 11 13 11 3 13 4 13 5 13 6 13 3 1 9 3 13 3 3 5
> BAT2 4 1 5 1 6 1 8 3 13 4 7 5 13 5 3 6 13 6 5 7 9 7 1 8 11 8 1 9 7 9 11 9 1 10 1 11 5 11 6 11 8 13 9 13 10 13 11 13 5 3 11 5
> BAT3 7 1 6 3 11 6 1 7 7 7 13 7 3 8 3 9 8 11 9 11 7 13
< RES 1637329245 17 1
> REQ 1637329245 18 1
> VAMPIRE 1 1 2 3 0 3 0
> VAMPIRE 2 11 1 3 0 3 0
> VAMPIRE 3 13 13 3 1 3 0
> VAMPIRE 4 1 13 3 1 3 0
> GRENADE 1 3 3 3 3
> GRENADE 2 10 3 3 3
> BAT1 8 1 9 1 10 1 7 3 1 4 1 5 6 5 8 5 1 6 5 6 9 6 3 7 11 7 5 8 9 8 13 8 6 9 8 9 13 9 13 10 7 11 13 11 3 13 4 13 5 13 6 13 3 1 9 3 13 3 3 5
> BAT2 4 1 5 1 6 1 8 3 13 4 7 5 13 5 3 6 13 6 5 7 9 7 1 8 11 8 1 9 7 9 11 9 1 10 1 11 5 11 6 11 8 13 9 13 10 13 11 13 5 3 11 5
> BAT3 7 1 6 3 11 6 1 7 7 7 13 7 3 8 3 9 8 11 9 11 7 13
< RES 1637329245 18 1
> REQ 1637329245 19 1
> VAMPIRE 1 1 2 3 0 3 0
> VAMPIRE 2 11 1 3 0 3 0
> VAMPIRE 3 13 13 3 1 3 0
> VAMPIRE 4 1 13 3 1 3 0
> GRENADE 1 3 3 2 3
> GRENADE 2 10 3 2 3
> BAT1 8 1 9 1 10 1 7 3 1 4 1 5 6 5 8 5 1 6 5 6 9 6 3 7 11 7 5 8 9 8 13 8 6 9 8 9 13 9 13 10 7 11 13 11 3 13 4 13 5 13 6 13 3 1 9 3 13 3 3 5
> BAT2 4 1 5 1 6 1 8 3 13 4 7 5 13 5 3 6 13 6 5 7 9 7 1 8 11 8 1 9 7 9 11 9 1 10 1 11 5 11 6 11 8 13 9 13 10 13 11 13 5 3 11 5
> BAT3 7 1 6 3 11 6 1 7 7 7 13 7 3 8 3 9 8 11 9 11 7 13
< RES 1637329245 19 1
> REQ 1637329245 20 1
> VAMPIRE 1 1 2 3 0 3 0
> VAMPIRE 2 11 1 3 0 3 0
> VAMPIRE 3 13 13 3 1 3 0
> VAMPIRE 4 1 13 3 1 3 0
> GRENADE 1 3 3 1 3
> GRENADE 2 10 3 1 3
> BAT1 8 1 9 1 10 1 7 3 1 4 1 5 6 5 8 5 1 6 5 6 9 6 3 7 11 7 5 8 9 8 13 8 6 9 8 9 13 9 13 10 7 11 13 11 3 13 4 13 5 13 6 13 3 1 9 3 13 3 3 5
> BAT2 4 1 5 1 6 1 8 3 13 4 7 5 13 5 3 6 13 6 5 7 9 7 1 8 11 8 1 9 7 9 11 9 1 10 1 11 5 11 6 11 8 13 9 13 10 13 11 13 5 3 11 5
> BAT3 7 1 6 3 11 6 1 7 7 7 13 7 3 8 3 9 8 11 9 11 7 13
< RES 1637329245 20 1
< MOVE R
> REQ 1637329245 21 1
> VAMPIRE 1 1 3 3 1 3 0
> VAMPIRE 2 11 3 3 1 3 0
> VAMPIRE 3 13 13 3 1 3 0
> VAMPIRE 4 1 13 3 1 3 0
> BAT1 8 1 9 1 10 1 7 3 1 4 1 5 6 5 8 5 1 6 5 6 9 6 3 7 11 7 5 8 9 8 13 8 6 9 8 9 13 9 13 10 7 11 13 11 3 13 4 13 5 13 6 13 5 3
> BAT2 4 1 5 1 6 1 8 3 13 4 7 5 13 5 3 6 13 6 5 7 9 7 1 8 11 8 1 9 7 9 11 9 1 10 1 11 5 11 6 11 8 13 9 13 10 13 11 13 11 5
> BAT3 7 1 6 3 11 6 1 7 7 7 13 7 3 8 3 9 8 11 9 11 7 13
< RES 1637329245 21 1
< MOVE D D
> REQ 1637329245 22 1
> VAMPIRE 1 3 3 3 1 3 0
> VAMPIRE 2 11 3 3 0 3 0
> VAMPIRE 3 13 13 3 1 3 0
> VAMPIRE 4 1 13 3 1 3 0
> GRENADE 2 11 3 5 3
> BAT1 8 1 9 1 10 1 7 3 1 4 1 5 6 5 8 5 1 6 5 6 9 6 3 7 11 7 5 8 9 8 13 8 6 9 8 9 13 9 13 10 7 11 13 11 3 13 4 13 5 13 6 13 5 3
> BAT2 4 1 5 1 6 1 8 3 13 4 7 5 13 5 3 6 13 6 5 7 9 7 1 8 11 8 1 9 7 9 11 9 1 10 1 11 5 11 6 11 8 13 9 13 10 13 11 13 11 5
> BAT3 7 1 6 3 11 6 1 7 7 7 13 7 3 8 3 9 8 11 9 11 7 13
< RES 1637329245 22 1
< GRENADE
> REQ 1637329245 23 1
> VAMPIRE 1 3 3 3 0 3 0
> VAMPIRE 2 11 1 3 0 3 0
> VAMPIRE 3 13 13 3 1 3 0
> VAMPIRE 4 1 13 3 1 3 0
> GRENADE 2 9 3 4 3
> GRENADE 1 3 3 5 3
> BAT1 8 1 9 1 10 1 7 3 1 4 1 5 6 5 8 5 1 6 5 6 9 6 3 7 11 7 5 8 9 8 13 8 6 9 8 9 13 9 13 10 7 11 13 11 3 13 4 13 5 13 6 13 5 3
> BAT2 4 1 5 1 6 1 8 3 13 4 7 5 13 5 3 6 13 6 5 7 9 7 1 8 11 8 1 9 7 9 11 9 1 10 1 11 5 11 6 11 8 13 9 13 10 13 11 13 11 5
> BAT3 7 1 6 3 11 6 1 7 7 7 13 7 3 8 3 9 8 11 9 11 7 13
< RES 1637329245 23 1
< THROW XR 2
< MOVE U U
> REQ 1637329245 24 1
> VAMPIRE 1 1 3 3 0 3 0
> VAMPIRE 2 11 1 3 0 3 0
> VAMPIRE 3 13 13 3 1 3 0
> VAMPIRE 4 1 13 3 1 3 0
> GRENADE 2 9 3 3 3
> GRENADE 1 3 5 4 3
> BAT1 8 1 9 1 10 1 7 3 1 4 1 5 6 5 8 5 1 6 5 6 9 6 3 7 11 7 5 8 9 8 13 8 6 9 8 9 13 9 13 10 7 11 13 11 3 13 4 13 5 13 6 13 5 3
> BAT2 4 1 5 1 6 1 8 3 13 4 7 5 13 5 3 6 13 6 5 7 9 7 1 8 11 8 1 9 7 9 11 9 1 10 1 11 5 11 6 11 8 13 9 13 10 13 11 13 11 5
> BAT3 7 1 6 3 11 6 1 7 7 7 13 7 3 8 3 9 8 11 9 11 7 13
< RES 1637329245 24 1
> REQ 1637329245 25 1
> VAMPIRE 1 1 3 3 0 3 0
> VAMPIRE 2 11 1 3 0 3 0
> VAMPIRE 3 13 13 3 1 3 0
> VAMPIRE 4 1 13 3 1 3 0
> GRENADE 2 9 3 2 3
> GRENADE 1 3 5 3 3
> BAT1 8 1 9 1 10 1 7 3 1 4 1 5 6 5 8 5 1 6 5 6 9 6 3 7 11 7 5 8 9 8 13 8 6 9 8 9 13 9 13 10 7 11 13 11 3 13 4 13 5 13 6 13 5 3
> BAT2 4 1 5 1 6 1 8 3 13 4 7 5 13 5 3 6 13 6 5 7 9 7 1 8 11 8 1 9 7 9 11 9 1 10 1 11 5 11 6 11 8 13 9 13 10 13 11 13 11 5
> BAT3 7 1 6 3 11 6 1 7 7 7 13 7 3 8 3 9 8 11 9 11 7 13
< RES 1637329245 25 1
> REQ 1637329245 26 1
> VAMPIRE 1 1 3 3 0 3 0
> VAMPIRE 2 11 1 3 0 3 0
> VAMPIRE 3 13 13 3 1 3 0
> VAMPIRE 4 1 13 3 1 3 0
> GRENADE 2 9 3 1 3
> GRENADE 1 3 5 2 3
> BAT1 8 1 9 1 10 1 7 3 1 4 1 5 6 5 8 5 1 6 5 6 9 6 3 7 11 7 5 8 9 8 13 8 6 9 8 9 13 9 13 10 7 11 13 11 3 13 4 13 5 13 6 13 5 3
> BAT2 4 1 5 1 6 1 8 3 13 4 7 5 13 5 3 6 13 6 5 7 9 7 1 8 11 8 1 9 7 9 11 9 1 10 1 11 5 11 6 11 8 13 9 13 10 13 11 13 11 5
> BAT3 7 1 6 3 11 6 1 7 7 7 13 7 3 8 3 9 8 11 9 11 7 13
< RES 1637329245 26 1
> REQ 1637329245 27 1
> VAMPIRE 1 1 3 3 0 3 0
> VAMPIRE 2 11 3 3 1 3 0
> VAMPIRE 3 13 13 3 1 3 0
> VAMPIRE 4 1 13 3 1 3 0
> GRENADE 1 3 5 1 3
> BAT1 8 1 10 1 7 3 1 4 1 5 6 5 8 5 1 6 5 6 3 7 11 7 5 8 9 8 13 8 6 9 8 9 13 9 13 10 7 11 13 11 3 13 4 13 5 13 6 13 8 3 5 3
> BAT2 4 1 5 1 6 1 13 4 7 5 13 5 3 6 13 6 5 7 9 7 1 8 11 8 1 9 7 9 11 9 1 10 1 11 5 11 6 11 8 13 9 13 10 13 11 13 11 5
> BAT3 7 1 6 3 11 6 1 7 7 7 13 7 3 8 3 9 8 11 9 11 7 13
< RES 1637329245 27 1
< MOVE L L
> REQ 1637329245 28 1
> VAMPIRE 1 1 1 3 1 3 0
> VAMPIRE 2 9 3 3 0 3 0
> VAMPIRE 3 13 13 3 1 3 0
> VAMPIRE 4 1 13 3 1 3 0
> GRENADE 2 11 3 5 3
> BAT1 8 1 10 1 7 3 1 4 8 5 1 6 5 6 3 7 11 7 5 8 9 8 13 8 6 9 8 9 13 9 13 10 7 11 13 11 3 13 4 13 5 13 6 13 8 3 3 6 5 3
> BAT2 4 1 5 1 6 1 13 4 7 5 13 5 13 6 5 7 9 7 1 8 11 8 1 9 7 9 11 9 1 10 1 11 5 11 6 11 8 13 9 13 10 13 11 13 11 5
> BAT3 7 1 6 3 11 6 1 7 7 7 13 7 3 8 3 9 8 11 9 11 7 13
< RES 1637329245 28 1
< GRENADE
< MOVE D D
> REQ 1637329245 29 1
> VAMPIRE 1 3 1 3 0 3 0
> VAMPIRE 2 9 5 3 0 3 0
> VAMPIRE 3 13 13 3 1 3 0
> VAMPIRE 4 1 13 3 1 3 0
> GRENADE 2 11 3 4 3
> GRENADE 1 1 1 5 3
> BAT1 8 1 10 1 7 3 1 4 8 5 1 6 5 6 3 7 11 7 5 8 9 8 13 8 6 9 8 9 13 9 13 10 7 11 13 11 3 13 4 13 5 13 6 13 8 3 3 6 5 3
> BAT2 4 1 5 1 6 1 13 4 7 5 13 5 13 6 5 7 9 7 1 8 11 8 1 9 7 9 11 9 1 10 1 11 5 11 6 11 8 13 9 13 10 13 11 13 11 5
> BAT3 7 1 6 3 11 6 1 7 7 7 13 7 3 8 3 9 8 11 9 11 7 13
< RES 1637329245 29 1
< MOVE R R
> REQ 1637329245 30 1
> VAMPIRE 1 3 3 3 0 3 0
> VAMPIRE 2 9 5 3 0 3 0
> VAMPIRE 3 13 13 3 1 3 0
> VAMPIRE 4 1 13 3 1 3 0
> GRENADE 2 11 3 3 3
> GRENADE 1 1 1 4 3
> BAT1 8 1 10 1 7 3 1 4 8 5 1 6 5 6 3 7 11 7 5 8 9 8 13 8 6 9 8 9 13 9 13 10 7 11 13 11 3 13 4 13 5 13 6 13 8 3 3 6 5 3
> BAT2 4 1 5 1 6 1 13 4 7 5 13 5 13 6 5 7 9 7 1 8 11 8 1 9 7 9 11 9 1 10 1 11 5 11 6 11 8 13 9 13 10 13 11 13 11 5
> BAT3 7 1 6 3 11 6 1 7 7 7 13 7 3 8 3 9 8 11 9 11 7 13
< RES 1637329245 30 1
> REQ 1637329245 31 1
> VAMPIRE 1 3 3 3 0 3 0
> VAMPIRE 2 9 5 3 0 3 0
> VAMPIRE 3 13 13 3 1 3 0
> VAMPIRE 4 1 13 3 1 3 0
> GRENADE 2 11 3 2 3
> GRENADE 1 1 1 3 3
> BAT1 8 1 10 1 7 3 1 4 8 5 1 6 5 6 3 7 11 7 5 8 9 8 13 8 6 9 8 9 13 9 13 10 7 11 13 11 3 13 4 13 5 13 6 13 8 3 3 6 5 3
> BAT2 4 1 5 1 6 1 13 4 7 5 13 5 13 6 5 7 9 7 1 8 11 8 1 9 7 9 11 9 1 10 1 11 5 11 6 11 8 13 9 13 10 13 11 13 11 5
> BAT3 7 1 6 3 11 6 1 7 7 7 13 7 3 8 3 9 8 11 9 11 7 13
< RES 1637329245 31 1
> REQ 1637329245 32 1
> VAMPIRE 1 3 3 3 0 3 0
> VAMPIRE 2 9 5 3 0 3 0
> VAMPIRE 3 13 13 3 1 3 0
> VAMPIRE 4 1 13 3 1 3 0
> GRENADE 2 11 3 1 3
> GRENADE 1 1 1 2 3
> BAT1 8 1 10 1 7 3 1 4 8 5 1 6 5 6 3 7 11 7 5 8 9 8 13 8 6 9 8 9 13 9 13 10 7 11 13 11 3 13 4 13 5 13 6 13 8 3 3 6 5 3
> BAT2 4 1 5 1 6 1 13 4 7 5 13 5 13 6 5 7 9 7 1 8 11 8 1 9 7 9 11 9 1 10 1 11 5 11 6 11 8 13 9 13 10 13 11 13 11 5
> BAT3 7 1 6 3 11 6 1 7 7 7 13 7 3 8 3 9 8 11 9 11 7 13
< RES 1637329245 32 1
< MOVE R R
> REQ 1637329245 33 1
> VAMPIRE 1 3 5 3 0 3 0
> VAMPIRE 2 9 5 3 1 3 0
> VAMPIRE 3 13 13 3 1 3 0
> VAMPIRE 4 1 13 3 1 3 0
> GRENADE 1 1 1 1 3
> BAT1 8 1 10 1 7 3 1 4 8 5 1 6 5 6 3 7 11 7 5 8 9 8 13 8 6 9 8 9 13 9 13 10 7 11 13 11 3 13 4 13 5 13 6 13 3 6 5 3 11 5
> BAT2 4 1 5 1 6 1 13 4 7 5 13 5 13 6 5 7 9 7 1 8 11 8 1 9 7 9 11 9 1 10 1 11 5 11 6 11 8 13 9 13 10 13 11 13
> BAT3 7 1 6 3 11 6 1 7 7 7 13 7 3 8 3 9 8 11 9 11 7 13
< RES 1637329245 33 1
< MOVE D D
> REQ 1637329245 34 1
> VAMPIRE 1 5 5 3 1 3 0
> VAMPIRE 2 9 5 3 0 3 0
> VAMPIRE 3 13 13 3 1 3 0
> VAMPIRE 4 1 13 3 1 3 0
> GRENADE 2 9 5 5 3
> BAT1 8 1 10 1 7 3 8 5 1 6 5 6 3 7 11 7 5 8 9 8 13 8 6 9 8 9 13 9 13 10 7 11 13 11 3 13 4 13 5 13 6 13 4 1 3 6 5 3 11 5
> BAT2 5 1 6 1 13 4 7 5 13 5 13 6 5 7 9 7 1 8 11 8 1 9 7 9 11 9 1 10 1 11 5 11 6 11 8 13 9 13 10 13 11 13
> BAT3 7 1 6 3 11 6 1 7 7 7 13 7 3 8 3 9 8 11 9 11 7 13
< RES 1637329245 34 1
< GRENADE
> REQ 1637329245 35 1
> VAMPIRE 1 5 5 3 0 3 0
> VAMPIRE 2 9 5 3 0 3 0
> VAMPIRE 3 13 13 3 1 3 0
> VAMPIRE 4 1 13 3 1 3 0
> GRENADE 2 9 9 4 3
> GRENADE 1 5 5 5 3
> BAT1 8 1 10 1 7 3 8 5 1 6 5 6 3 7 11 7 5 8 9 8 13 8 6 9 8 9 13 9 13 10 7 11 13 11 3 13 4 13 5 13 6 13 4 1 3 6 5 3 11 5
> BAT2 5 1 6 1 13 4 7 5 13 5 13 6 5 7 9 7 1 8 11 8 1 9 7 9 11 9 1 10 1 11 5 11 6 11 8 13 9 13 10 13 11 13
> BAT3 7 1 6 3 11 6 1 7 7 7 13 7 3 8 3 9 8 11 9 11 7 13
< RES 1637329245 35 1
< THROW XR 4
< MOVE U U
> REQ 1637329245 36 1
> VAMPIRE 1 3 5 3 0 3 0
> VAMPIRE 2 9 3 3 0 3 0
> VAMPIRE 3 13 13 3 1 3 0
> VAMPIRE 4 1 13 3 1 3 0
> GRENADE 2 9 9 3 3
> GRENADE 1 5 9 4 3
> BAT1 8 1 10 1 7 3 8 5 1 6 5 6 3 7 11 7 5 8 9 8 13 8 6 9 8 9 13 9 13 10 7 11 13 11 3 13 4 13 5 13 6 13 4 1 3 6 5 3 11 5
> BAT2 5 1 6 1 13 4 7 5 13 5 13 6 5 7 9 7 1 8 11 8 1 9 7 9 11 9 1 10 1 11 5 11 6 11 8 13 9 13 10 13 11 13
> BAT3 7 1 6 3 11 6 1 7 7 7 13 7 3 8 3 9 8 11 9 11 7 13
< RES 1637329245 36 1
< MOVE L L
> REQ 1637329245 37 1
> VAMPIRE 1 3 3 3 0 3 0
> VAMPIRE 2 9 3 3 0 3 0
> VAMPIRE 3 13 13 3 1 3 0
> VAMPIRE 4 1 13 3 1 3 0
> GRENADE 2 9 9 2 3
> GRENADE 1 5 9 3 3
> BAT1 8 1 10 1 7 3 8 5 1 6 5 6 3 7 11 7 5 8 9 8 13 8 6 9 8 9 13 9 13 10 7 11 13 11 3 13 4 13 5 13 6 13 4 1 3 6 5 3 11 5
> BAT2 5 1 6 1 13 4 7 5 13 5 13 6 5 7 9 7 1 8 11 8 1 9 7 9 11 9 1 10 1 11 5 11 6 11 8 13 9 13 10 13 11 13
> BAT3 7 1 6 3 11 6 1 7 7 7 13 7 3 8 3 9 8 11 9 11 7 13
< RES 1637329245 37 1
> REQ 1637329245 38 1
> VAMPIRE 1 3 3 3 0 3 0
> VAMPIRE 2 9 3 3 0 3 0
> VAMPIRE 3 13 13 3 1 3 0
> VAMPIRE 4 1 13 3 1 3 0
> GRENADE 2 9 9 1 3
> GRENADE 1 5 9 2 3
> BAT1 8 1 10 1 7 3 8 5 1 6 5 6 3 7 11 7 5 8 9 8 13 8 6 9 8 9 13 9 13 10 7 11 13 11 3 13 4 13 5 13 6 13 4 1 3 6 5 3 11 5
> BAT2 5 1 6 1 13 4 7 5 13 5 13 6 5 7 9 7 1 8 11 8 1 9 7 9 11 9 1 10 1 11 5 11 6 11 8 13 9 13 10 13 11 13
> BAT3 7 1 6 3 11 6 1 7 7 7 13 7 3 8 3 9 8 11 9 11 7 13
< RES 1637329245 38 1
> REQ 1637329245 39 1
> VAMPIRE 1 3 3 3 0 3 0
> VAMPIRE 2 9 5 3 1 3 0
> VAMPIRE 3 13 13 3 1 3 0
> VAMPIRE 4 1 13 3 1 3 0
> GRENADE 1 5 9 1 3
> BAT1 8 1 10 1 7 3 8 5 1 6 5 6 3 7 11 7 5 8 13 8 6 9 13 9 13 10 7 11 13 11 3 13 4 13 5 13 6 13 4 1 3 6 11 9 5 3 11 5
> BAT2 5 1 6 1 13 4 7 5 13 5 13 6 5 7 9 7 1 8 11 8 1 9 7 9 1 10 1 11 5 11 6 11 8 13 9 13 10 13 11 13 9 11
> BAT3 7 1 6 3 11 6 1 7 7 7 13 7 3 8 3 9 8 11 7 13
< RES 1637329245 39 1
> REQ 1637329245 40 1
> VAMPIRE 1 3 3 3 1 3 0
> VAMPIRE 2 9 5 3 0 3 0
> VAMPIRE 3 13 13 3 1 3 0
> VAMPIRE 4 1 13 3 1 3 0
> GRENADE 2 9 5 5 3
> BAT1 8 1 10 1 7 3 8 5 1 6 5 6 3 7 11 7 13 8 13 9 13 10 7 11 13 11 3 13 4 13 5 13 6 13 4 1 3 6 11 9 5 11 5 3 11 5
> BAT2 5 1 6 1 13 4 7 5 13 5 13 6 5 7 9 7 1 8 11 8 1 9 7 9 1 10 1 11 6 11 8 13 9 13 10 13 11 13 3 9 9 11
> BAT3 7 1 6 3 11 6 1 7 7 7 13 7 3 8 8 11 7 13
< RES 1637329245 40 1
< GRENADE
< MOVE R R
> REQ 1637329245 41 1
> VAMPIRE 1 3 5 3 0 3 0
> VAMPIRE 2 9 5 3 0 3 0
> VAMPIRE 3 13 13 3 1 3 0
> VAMPIRE 4 1 13 3 1 3 0
> GRENADE 2 9 9 4 3
> GRENADE 1 3 3 5 3
> BAT1 8 1 10 1 7 3 8 5 1 6 5 6 3 7 11 7 13 8 13 9 13 10 7 11 13 11 3 13 4 13 5 13 6 13 4 1 3 6 11 9 5 11 5 3 11 5
> BAT2 5 1 6 1 13 4 7 5 13 5 13 6 5 7 9 7 1 8 11 8 1 9 7 9 1 10 1 11 6 11 8 13 9 13 10 13 11 13 3 9 9 11
> BAT3 7 1 6 3 11 6 1 7 7 7 13 7 3 8 8 11 7 13
< RES 1637329245 41 1
< MOVE D D
> REQ 1637329245 42 1
> VAMPIRE 1 5 5 3 0 3 0
> VAMPIRE 2 9 3 3 0 3 0
> VAMPIRE 3 13 13 3 1 3 0
> VAMPIRE 4 1 13 3 1 3 0
> GRENADE 2 9 9 3 3
> GRENADE 1 3 3 4 3
> BAT1 8 1 10 1 7 3 8 5 1 6 5 6 3 7 11 7 13 8 13 9 13 10 7 11 13 11 3 13 4 13 5 13 6 13 4 1 3 6 11 9 5 11 5 3 11 5
> BAT2 5 1 6 1 13 4 7 5 13 5 13 6 5 7 9 7 1 8 11 8 1 9 7 9 1 10 1 11 6 11 8 13 9 13 10 13 11 13 3 9 9 11
> BAT3 7 1 6 3 11 6 1 7 7 7 13 7 3 8 8 11 7 13
< RES 1637329245 42 1
> REQ 1637329245 43 1
> VAMPIRE 1 5 5 3 0 3 0
> VAMPIRE 2 9 3 3 0 3 0
> VAMPIRE 3 13 13 3 1 3 0
> VAMPIRE 4 1 13 3 1 3 0
> GRENADE 2 9 9 2 3
> GRENADE 1 3 3 3 3
> BAT1 8 1 10 1 7 3 8 5 1 6 5 6 3 7 11 7 13 8 13 9 13 10 7 11 13 11 3 13 4 13 5 13 6 13 4 1 3 6 11 9 5 11 5 3 11 5
> BAT2 5 1 6 1 13 4 7 5 13 5 13 6 5 7 9 7 1 8 11 8 1 9 7 9 1 10 1 11 6 11 8 13 9 13 10 13 11 13 3 9 9 11
> BAT3 7 1 6 3 11 6 1 7 7 7 13 7 3 8 8 11 7 13
< RES 1637329245 43 1
> REQ 1637329245 44 1
> VAMPIRE 1 5 5 3 0 3 0
> VAMPIRE 2 9 5 3 0 3 0
> VAMPIRE 3 13 13 3 1 3 0
> VAMPIRE 4 1 13 3 1 3 0
> GRENADE 2 9 9 1 3
> GRENADE 1 3 3 2 3
> BAT1 8 1 10 1 7 3 8 5 1 6 5 6 3 7 11 7 13 8 13 9 13 10 7 11 13 11 3 13 4 13 5 13 6 13 4 1 3 6 11 9 5 11 5 3 11 5
> BAT2 5 1 6 1 13 4 7 5 13 5 13 6 5 7 9 7 1 8 11 8 1 9 7 9 1 10 1 11 6 11 8 13 9 13 10 13 11 13 3 9 9 11
> BAT3 7 1 6 3 11 6 1 7 7 7 13 7 3 8 8 11 7 13
< RES 1637329245 44 1
> REQ 1637329245 45 1
> VAMPIRE 1 5 5 3 0 3 0
> VAMPIRE 2 9 5 3 1 3 0
> VAMPIRE 3 13 13 3 1 3 0
> VAMPIRE 4 1 13 3 1 3 0
> GRENADE 1 3 3 1 3
> BAT1 8 1 10 1 7 3 8 5 1 6 5 6 3 7 11 7 13 8 13 9 13 10 7 11 13 11 3 13 4 13 5 13 6 13 4 1 3 6 9 7 7 9 5 11 5 3 11 5 9 11
> BAT2 5 1 6 1 13 4 7 5 13 5 13 6 5 7 1 8 11 8 1 9 1 10 1 11 6 11 8 13 9 13 10 13 11 13 3 9
> BAT3 7 1 6 3 11 6 1 7 7 7 13 7 3 8 8 11 7 13
< RES 1637329245 45 1
> REQ 1637329245 46 1
> VAMPIRE 1 5 5 3 1 3 0
> VAMPIRE 2 9 3 3 0 3 0
> VAMPIRE 3 13 13 3 1 3 0
> VAMPIRE 4 1 13 3 1 3 0
> GRENADE 2 9 5 5 3
> BAT1 8 1 10 1 7 3 8 5 1 6 5 6 3 7 11 7 13 8 13 9 13 10 7 11 13 11 3 13 4 13 5 13 6 13 4 1 9 7 7 9 5 11 11 5 9 11
> BAT2 5 1 6 1 13 4 7 5 13 5 13 6 5 7 1 8 11 8 1 9 1 10 1 11 6 11 8 13 9 13 10 13 11 13 3 9
> BAT3 7 1 6 3 11 6 1 7 7 7 13 7 3 8 8 11 7 13
< RES 1637329245 46 1
< GRENADE
> REQ 1637329245 47 1
> VAMPIRE 1 5 5 3 0 3 0
> VAMPIRE 2 11 3 3 0 3 0
> VAMPIRE 3 13 13 3 1 3 0
> VAMPIRE 4 1 13 3 1 3 0
> GRENADE 2 9 5 4 3
> GRENADE 1 5 5 5 3
> BAT1 8 1 10 1 7 3 8 5 1 6 5 6 3 7 11 7 13 8 13 9 13 10 7 11 13 11 3 13 4 13 5 13 6 13 4 1 9 7 7 9 5 11 11 5 9 11
> BAT2 5 1 6 1 13 4 7 5 13 5 13 6 5 7 1 8 11 8 1 9 1 10 1 11 6 11 8 13 9 13 10 13 11 13 3 9
> BAT3 7 1 6 3 11 6 1 7 7 7 13 7 3 8 8 11 7 13
< RES 1637329245 47 1
< THROW XR 4
< MOVE U U
> REQ 1637329245 48 1
> VAMPIRE 1 3 5 3 0 3 0
> VAMPIRE 2 11 3 3 0 3 0
> VAMPIRE 3 13 13 3 1 3 0
> VAMPIRE 4 1 13 3 1 3 0
> GRENADE 2 9 5 3 3
> GRENADE 1 5 9 4 3
> BAT1 8 1 10 1 7 3 8 5 1 6 5 6 3 7 11 7 13 8 13 9 13 10 7 11 13 11 3 13 4 13 5 13 6 13 4 1 9 7 7 9 5 11 11 5 9 11
> BAT2 5 1 6 1 13 4 7 5 13 5 13 6 5 7 1 8 11 8 1 9 1 10 1 11 6 11 8 13 9 13 10 13 11 13 3 9
> BAT3 7 1 6 3 11 6 1 7 7 7 13 7 3 8 8 11 7 13
< RES 1637329245 48 1
> REQ 1637329245 49 1
> VAMPIRE 1 3 5 3 0 3 0
> VAMPIRE 2 11 3 3 0 3 0
> VAMPIRE 3 13 13 3 1 3 0
> VAMPIRE 4 1 13 3 1 3 0
> GRENADE 2 9 5 2 3
> GRENADE 1 5 9 3 3
> BAT1 8 1 10 1 7 3 8 5 1 6 5 6 3 7 11 7 13 8 13 9 13 10 7 11 13 11 3 13 4 13 5 13 6 13 4 1 9 7 7 9 5 11 11 5 9 11
> BAT2 5 1 6 1 13 4 7 5 13 5 13 6 5 7 1 8 11 8 1 9 1 10 1 11 6 11 8 13 9 13 10 13 11 13 3 9
> BAT3 7 1 6 3 11 6 1 7 7 7 13 7 3 8 8 11 7 13
< RES 1637329245 49 1
> REQ 1637329245 50 1
> VAMPIRE 1 3 5 3 0 3 0
> VAMPIRE 2 11 3 3 0 3 0
> VAMPIRE 3 13 13 3 1 3 0
> VAMPIRE 4 1 13 3 1 3 0
> GRENADE 2 9 5 1 3
> GRENADE 1 5 9 2 3
> BAT1 8 1 10 1 7 3 8 5 1 6 5 6 3 7 11 7 13 8 13 9 13 10 7 11 13 11 3 13 4 13 5 13 6 13 4 1 9 7 7 9 5 11 11 5 9 11
> BAT2 5 1 6 1 13 4 7 5 13 5 13 6 5 7 1 8 11 8 1 9 1 10 1 11 6 11 8 13 9 13 10 13 11 13 3 9
> BAT3 7 1 6 3 11 6 1 7 7 7 13 7 3 8 8 11 7 13
< RES 1637329245 50 1
< MOVE D D
> REQ 1637329245 51 1
> VAMPIRE 1 5 5 3 0 3 0
> VAMPIRE 2 9 3 3 1 3 0
> VAMPIRE 3 13 13 3 1 3 0
> VAMPIRE 4 1 13 3 1 3 0
> GRENADE 1 5 9 1 3
> BAT1 8 1 10 1 7 3 1 6 5 6 3 7 11 7 13 8 13 9 13 10 7 11 13 11 3 13 4 13 5 13 6 13 4 1 7 9 5 11 9 11
> BAT2 5 1 6 1 13 4 7 5 13 5 13 6 5 7 1 8 11 8 1 9 1 10 1 11 6 11 8 13 9 13 10 13 11 13 3 9
> BAT3 7 1 6 3 11 6 1 7 7 7 13 7 3 8 8 11 7 13
< RES 1637329245 51 1
< MOVE L L
> REQ 1637329245 52 1
> VAMPIRE 1 5 3 3 1 3 0
> VAMPIRE 2 9 3 3 0 3 0
> VAMPIRE 3 13 12 3 1 3 0
> VAMPIRE 4 1 13 3 1 3 0
> GRENADE 2 9 3 5 3
> BAT1 8 1 10 1 7 3 1 6 5 6 3 7 11 7 13 8 13 9 13 10 7 11 13 11 3 13 4 13 5 13 6 13 4 1 5 7 3 9 9 11
> BAT2 5 1 6 1 13 4 7 5 13 5 13 6 1 8 11 8 1 9 1 10 1 11 6 11 8 13 9 13 10 13 11 13
> BAT3 7 1 6 3 11 6 1 7 7 7 13 7 3 8 8 11 7 13
< RES 1637329245 52 1
< GRENADE
< MOVE U U
> REQ 1637329245 53 1
> VAMPIRE 1 3 3 3 0 3 0
> VAMPIRE 2 9 3 3 0 3 0
> VAMPIRE 3 12 13 3 0 3 0
> VAMPIRE 4 1 13 3 1 3 0
> GRENADE 2 5 3 4 3
> GRENADE 1 5 3 5 3
> GRENADE 3 13 12 5 3
> BAT1 8 1 10 1 7 3 1 6 5 6 3 7 11 7 13 8 13 9 13 10 7 11 13 11 3 13 4 13 5 13 6 13 4 1 5 7 3 9 9 11
> BAT2 5 1 6 1 13 4 7 5 13 5 13 6 1 8 11 8 1 9 1 10 1 11 6 11 8 13 9 13 10 13 11 13
> BAT3 7 1 6 3 11 6 1 7 7 7 13 7 3 8 8 11 7 13
< RES 1637329245 53 1
< MOVE R R
> REQ 1637329245 54 1
> VAMPIRE 1 3 5 3 0 3 0
> VAMPIRE 2 9 3 3 0 3 0
> VAMPIRE 3 12 13 3 0 3 0
> VAMPIRE 4 1 13 3 1 3 0
> GRENADE 2 5 3 3 3
> GRENADE 1 5 3 4 3
> GRENADE 3 13 12 4 3
> BAT1 8 1 10 1 7 3 1 6 5 6 3 7 11 7 13 8 13 9 13 10 7 11 13 11 3 13 4 13 5 13 6 13 4 1 5 7 3 9 9 11
> BAT2 5 1 6 1 13 4 7 5 13 5 13 6 1 8 11 8 1 9 1 10 1 11 6 11 8 13 9 13 10 13 11 13
> BAT3 7 1 6 3 11 6 1 7 7 7 13 7 3 8 8 11 7 13
< RES 1637329245 54 1
> REQ 1637329245 55 1
> VAMPIRE 1 3 5 3 0 3 0
> VAMPIRE 2 9 3 3 0 3 0
> VAMPIRE 3 12 13 3 0 3 0
> VAMPIRE 4 1 13 3 1 3 0
> GRENADE 2 5 3 2 3
> GRENADE 1 5 3 3 3
> GRENADE 3 13 12 3 3
> BAT1 8 1 10 1 7 3 1 6 5 6 3 7 11 7 13 8 13 9 13 10 7 11 13 11 3 13 4 13 5 13 6 13 4 1 5 7 3 9 9 11
> BAT2 5 1 6 1 13 4 7 5 13 5 13 6 1 8 11 8 1 9 1 10 1 11 6 11 8 13 9 13 10 13 11 13
> BAT3 7 1 6 3 11 6 1 7 7 7 13 7 3 8 8 11 7 13
< RES 1637329245 55 1
< MOVE D
> REQ 1637329245 56 1
> VAMPIRE 1 4 5 3 0 3 0
> VAMPIRE 2 9 2 3 0 3 0
> VAMPIRE 3 12 13 3 0 3 0
> VAMPIRE 4 1 13 3 1 3 0
> GRENADE 2 5 3 1 3
> GRENADE 1 5 3 2 3
> GRENADE 3 13 12 2 3
> BAT1 8 1 10 1 7 3 1 6 5 6 3 7 11 7 13 8 13 9 13 10 7 11 13 11 3 13 4 13 5 13 6 13 4 1 5 7 3 9 9 11
> BAT2 5 1 6 1 13 4 7 5 13 5 13 6 1 8 11 8 1 9 1 10 1 11 6 11 8 13 9 13 10 13 11 13
> BAT3 7 1 6 3 11 6 1 7 7 7 13 7 3 8 8 11 7 13
< RES 1637329245 56 1
< MOVE U
> REQ 1637329245 57 1
> VAMPIRE 1 3 5 3 1 3 0
> VAMPIRE 2 9 1 3 1 3 0
> VAMPIRE 3 12 13 3 0 3 0
> VAMPIRE 4 1 13 3 1 3 0
> GRENADE 3 13 12 1 3
> BAT1 8 1 10 1 7 3 1 6 3 7 11 7 13 8 13 9 13 10 7 11 13 11 3 13 4 13 5 13 6 13 4 1 5 1 5 7 3 9 9 11
> BAT2 6 1 13 4 7 5 13 5 13 6 1 8 11 8 1 9 1 10 1 11 6 11 8 13 9 13 10 13 11 13 6 3
> BAT3 7 1 11 6 1 7 7 7 13 7 3 8 8 11 7 13
< RES 1637329245 57 1
< MOVE D D
> REQ 1637329245 58 1
> VAMPIRE 1 5 5 3 1 3 0
> VAMPIRE 2 9 3 3 0 3 0
> VAMPIRE 3 13 13 3 1 3 0
> VAMPIRE 4 1 13 3 1 3 0
> GRENADE 2 9 1 5 3
> BAT1 8 1 10 1 7 3 1 6 3 7 11 7 13 8 13 9 13 10 7 11 3 13 4 13 5 13 6 13 4 1 5 1 5 7 3 9 9 11
> BAT2 6 1 13 4 7 5 13 5 13 6 1 8 11 8 1 9 1 10 1 11 6 11 8 13 9 13 10 13 11 13 6 3
> BAT3 7 1 11 6 1 7 7 7 13 7 3 8 8 11 7 13
< RES 1637329245 58 1
< GRENADE
< MOVE U U
> REQ 1637329245 59 1
> VAMPIRE 1 3 5 3 0 3 0
> VAMPIRE 2 9 5 3 0 3 0
> VAMPIRE 3 13 11 3 0 3 0
> VAMPIRE 4 1 13 3 1 3 0
> GRENADE 2 9 1 4 3
> GRENADE 1 5 5 5 3
> GRENADE 3 13 13 5 3
> BAT1 8 1 10 1 7 3 1 6 3 7 11 7 13 8 13 9 13 10 7 11 3 13 4 13 5 13 6 13 4 1 5 1 5 7 3 9 9 11
> BAT2 6 1 13 4 7 5 13 5 13 6 1 8 11 8 1 9 1 10 1 11 6 11 8 13 9 13 10 13 11 13 6 3
> BAT3 7 1 11 6 1 7 7 7 13 7 3 8 8 11 7 13
< RES 1637329245 59 1
< MOVE L L
> REQ 1637329245 60 1
> VAMPIRE 1 3 3 3 0 3 0
> VAMPIRE 2 9 5 3 0 3 0
> VAMPIRE 3 11 11 3 0 3 0
> VAMPIRE 4 1 13 3 1 3 0
> GRENADE 2 9 1 3 3
> GRENADE 1 5 5 4 3
> GRENADE 3 13 13 4 3
> BAT1 8 1 10 1 7 3 1 6 3 7 11 7 13 8 13 9 13 10 7 11 3 13 4 13 5 13 6 13 4 1 5 1 5 7 3 9 9 11
> BAT2 6 1 13 4 7 5 13 5 13 6 1 8 11 8 1 9 1 10 1 11 6 11 8 13 9 13 10 13 11 13 6 3
> BAT3 7 1 11 6 1 7 7 7 13 7 3 8 8 11 7 13
< RES 1637329245 60 1
> REQ 1637329245 61 1
> VAMPIRE 1 3 3 3 0 3 0
> VAMPIRE 2 9 5 3 0 3 0
> VAMPIRE 3 11 11 3 0 3 0
> VAMPIRE 4 1 13 3 1 3 0
> GRENADE 2 9 1 2 3
> GRENADE 1 5 5 3 3
> GRENADE 3 13 13 3 3
> BAT1 8 1 10 1 7 3 1 6 3 7 11 7 13 8 13 9 13 10 7 11 3 13 4 13 5 13 6 13 4 1 5 1 5 7 3 9 9 11
> BAT2 6 1 13 4 7 5 13 5 13 6 1 8 11 8 1 9 1 10 1 11 6 11 8 13 9 13 10 13 11 13 6 3
> BAT3 7 1 11 6 1 7 7 7 13 7 3 8 8 11 7 13
< RES 1637329245 61 1
> REQ 1637329245 62 1
> VAMPIRE 1 3 3 3 0 3 0
> VAMPIRE 2 9 5 3 0 3 0
> VAMPIRE 3 11 11 3 0 3 0
> VAMPIRE 4 1 13 3 1 3 0
> GRENADE 2 9 1 1 3
> GRENADE 1 5 5 2 3
> GRENADE 3 13 13 2 3
> BAT1 8 1 10 1 7 3 1 6 3 7 11 7 13 8 13 9 13 10 7 11 3 13 4 13 5 13 6 13 4 1 5 1 5 7 3 9 9 11
> BAT2 6 1 13 4 7 5 13 5 13 6 1 8 11 8 1 9 1 10 1 11 6 11 8 13 9 13 10 13 11 13 6 3
> BAT3 7 1 11 6 1 7 7 7 13 7 3 8 8 11 7 13
< RES 1637329245 62 1
> REQ 1637329245 63 1
> VAMPIRE 1 3 3 3 0 3 0
> VAMPIRE 2 10 5 3 1 3 0
> VAMPIRE 3 11 11 3 0 3 0
> VAMPIRE 4 1 13 3 1 3 0
> GRENADE 1 5 5 1 3
> GRENADE 3 13 13 1 3
> BAT1 7 3 1 6 3 7 11 7 13 8 13 9 13 10 7 11 3 13 4 13 5 13 6 13 4 1 5 1 5 7 3 9 9 11
> BAT2 6 1 13 4 7 5 13 5 13 6 1 8 11 8 1 9 1 10 1 11 6 11 8 13 9 13 10 13 11 13 6 3
> BAT3 7 1 11 6 1 7 7 7 13 7 3 8 8 11 7 13
< RES 1637329245 63 1
< MOVE D D
> REQ 1637329245 64 1
> VAMPIRE 1 5 3 3 1 3 0
> VAMPIRE 2 9 6 3 0 3 0
> VAMPIRE 3 11 11 3 1 3 0
> VAMPIRE 4 1 13 3 1 3 0
> GRENADE 2 10 5 5 3
> BAT1 7 3 1 6 3 7 11 7 13 8 13 9 7 11 3 13 4 13 5 13 6 13 4 1 5 1 7 5 11 13 3 9 9 11
> BAT2 6 1 13 4 13 5 13 6 1 8 11 8 1 9 1 10 1 11 6 11 8 13 9 13 10 13 6 3
> BAT3 7 1 11 6 1 7 7 7 13 7 3 8 8 11 7 13
< RES 1637329245 64 1
< GRENADE
< MOVE R R
> REQ 1637329245 65 1
> VAMPIRE 1 5 5 3 0 3 0
> VAMPIRE 2 9 7 3 0 3 0
> VAMPIRE 3 11 9 3 0 3 0
> VAMPIRE 4 1 13 3 1 3 0
> GRENADE 2 10 5 4 3
> GRENADE 1 5 3 5 3
> GRENADE 3 11 11 5 3
> BAT1 7 3 1 6 3 7 11 7 13 8 13 9 7 11 3 13 4 13 5 13 6 13 4 1 5 1 7 5 11 13 3 9 9 11
> BAT2 6 1 13 4 13 5 13 6 1 8 11 8 1 9 1 10 1 11 6 11 8 13 9 13 10 13 6 3
> BAT3 7 1 11 6 1 7 7 7 13 7 3 8 8 11 7 13
< RES 1637329245 65 1
< MOVE R R
> REQ 1637329245 66 1
> VAMPIRE 1 5 7 3 0 3 0
> VAMPIRE 2 9 7 3 0 3 0
> VAMPIRE 3 12 9 3 0 3 0
> VAMPIRE 4 1 13 3 1 3 0
> GRENADE 2 10 5 3 3
> GRENADE 1 5 3 4 3
> GRENADE 3 11 11 4 3
> BAT1 7 3 1 6 3 7 11 7 13 8 13 9 7 11 3 13 4 13 5 13 6 13 4 1 5 1 7 5 11 13 3 9 9 11
> BAT2 6 1 13 4 13 5 13 6 1 8 11 8 1 9 1 10 1 11 6 11 8 13 9 13 10 13 6 3
> BAT3 7 1 11 6 1 7 7 7 13 7 3 8 8 11 7 13
< RES 1637329245 66 1
> REQ 1637329245 67 1
> VAMPIRE 1 5 7 3 0 3 0
> VAMPIRE 2 9 7 3 0 3 0
> VAMPIRE 3 10 9 3 0 3 0
> VAMPIRE 4 1 13 3 1 3 0
> GRENADE 2 10 5 2 3
> GRENADE 1 5 3 3 3
> GRENADE 3 11 11 3 3
> BAT1 7 3 1 6 3 7 11 7 13 8 13 9 7 11 3 13 4 13 5 13 6 13 4 1 5 1 7 5 11 13 3 9 9 11
> BAT2 6 1 13 4 13 5 13 6 1 8 11 8 1 9 1 10 1 11 6 11 8 13 9 13 10 13 6 3
> BAT3 7 1 11 6 1 7 7 7 13 7 3 8 8 11 7 13
< RES 1637329245 67 1
< MOVE R R
> REQ 1637329245 68 1
> VAMPIRE 1 5 9 3 0 3 0
> VAMPIRE 2 9 7 3 0 3 0
> VAMPIRE 3 10 9 3 0 3 0
> VAMPIRE 4 1 13 3 1 3 0
> GRENADE 2 10 5 1 3
> GRENADE 1 5 3 2 3
> GRENADE 3 11 11 2 3
> BAT1 7 3 1 6 3 7 11 7 13 8 13 9 7 11 3 13 4 13 5 13 6 13 4 1 5 1 7 5 11 13 3 9 9 11
> BAT2 6 1 13 4 13 5 13 6 1 8 11 8 1 9 1 10 1 11 6 11 8 13 9 13 10 13 6 3
> BAT3 7 1 11 6 1 7 7 7 13 7 3 8 8 11 7 13
< RES 1637329245 68 1
< MOVE R R
> REQ 1637329245 69 1
> VAMPIRE 1 5 11 3 0 3 0
> VAMPIRE 2 8 7 3 1 3 0
> VAMPIRE 3 10 9 3 0 3 0
> VAMPIRE 4 1 13 3 1 3 0
> GRENADE 1 5 3 1 3
> GRENADE 3 11 11 1 3
> BAT1 7 3 1 6 3 7 11 7 13 8 13 9 7 11 3 13 4 13 5 13 6 13 4 1 5 1 13 5 11 13 3 9 9 11
> BAT2 6 1 13 4 13 6 1 8 11 8 1 9 1 10 1 11 6 11 8 13 9 13 10 13 6 3
> BAT3 7 1 11 6 1 7 7 7 13 7 3 8 8 11 7 13
< RES 1637329245 69 1
< MOVE U U
> REQ 1637329245 70 1
> VAMPIRE 1 3 11 3 1 3 0
> VAMPIRE 2 9 6 3 0 3 0
> VAMPIRE 3 11 9 3 1 3 0
> VAMPIRE 4 1 13 3 1 3 0
> GRENADE 2 8 7 5 3
> BAT1 7 3 1 6 3 7 11 7 13 8 13 9 7 11 3 13 4 13 5 13 6 13 4 1 13 5 11 8 6 3 3 9
> BAT2 6 1 13 4 13 6 1 8 1 9 1 10 1 11 6 11 8 13 9 13 10 13
> BAT3 7 1 11 6 1 7 7 7 13 7 3 8 8 11 7 13
< RES 1637329245 70 1
< GRENADE
< MOVE D D
> REQ 1637329245 71 1
> VAMPIRE 1 5 11 3 0 3 0
> VAMPIRE 2 9 5 3 0 3 0
> VAMPIRE 3 11 9 3 0 3 0
> VAMPIRE 4 1 13 3 1 3 0
> GRENADE 2 8 7 4 3
> GRENADE 1 3 11 5 3
> GRENADE 3 11 9 5 3
> BAT1 7 3 1 6 3 7 11 7 13 8 13 9 7 11 3 13 4 13 5 13 6 13 4 1 13 5 11 8 6 3 3 9
> BAT2 6 1 13 4 13 6 1 8 1 9 1 10 1 11 6 11 8 13 9 13 10 13
> BAT3 7 1 11 6 1 7 7 7 13 7 3 8 8 11 7 13
< RES 1637329245 71 1
< MOVE L L
> REQ 1637329245 72 1
> VAMPIRE 1 5 9 3 0 3 0
> VAMPIRE 2 7 5 3 0 3 0
> VAMPIRE 3 9 9 3 0 3 0
> VAMPIRE 4 1 13 3 1 3 0
> GRENADE 2 8 7 3 3
> GRENADE 1 3 11 4 3
> GRENADE 3 11 5 4 3
> BAT1 7 3 1 6 3 7 11 7 13 8 13 9 7 11 3 13 4 13 5 13 6 13 4 1 13 5 11 8 6 3 3 9
> BAT2 6 1 13 4 13 6 1 8 1 9 1 10 1 11 6 11 8 13 9 13 10 13
> BAT3 7 1 11 6 1 7 7 7 13 7 3 8 8 11 7 13
< RES 1637329245 72 1
> REQ 1637329245 73 1
> VAMPIRE 1 5 9 3 0 3 0
> VAMPIRE 2 7 5 3 0 3 0
> VAMPIRE 3 11 9 3 0 3 0
> VAMPIRE 4 1 13 3 0 3 0
> GRENADE 2 8 7 2 3
> GRENADE 1 3 11 3 3
> GRENADE 3 11 5 3 3
> GRENADE 4 1 13 5 3
> BAT1 7 3 1 6 3 7 11 7 13 8 13 9 7 11 3 13 4 13 5 13 6 13 4 1 13 5 11 8 6 3 3 9
> BAT2 6 1 13 4 13 6 1 8 1 9 1 10 1 11 6 11 8 13 9 13 10 13
> BAT3 7 1 11 6 1 7 7 7 13 7 3 8 8 11 7 13
< RES 1637329245 73 1
> REQ 1637329245 74 1
> VAMPIRE 1 5 9 3 0 3 0
> VAMPIRE 2 7 5 3 0 3 0
> VAMPIRE 3 9 9 3 0 3 0
> VAMPIRE 4 1 13 3 0 3 0
> GRENADE 2 8 7 1 3
> GRENADE 1 3 11 2 3
> GRENADE 3 11 5 2 3
> GRENADE 4 1 13 4 3
> BAT1 7 3 1 6 3 7 11 7 13 8 13 9 7 11 3 13 4 13 5 13 6 13 4 1 13 5 11 8 6 3 3 9
> BAT2 6 1 13 4 13 6 1 8 1 9 1 10 1 11 6 11 8 13 9 13 10 13
> BAT3 7 1 11 6 1 7 7 7 13 7 3 8 8 11 7 13
< RES 1637329245 74 1
> REQ 1637329245 75 1
> VAMPIRE 1 5 9 3 0 3 0
> VAMPIRE 2 7 4 3 1 3 0
> VAMPIRE 3 9 7 3 0 3 0
> VAMPIRE 4 1 13 3 0 3 0
> GRENADE 1 3 11 1 3
> GRENADE 3 11 5 1 3
> GRENADE 4 1 13 3 3
> BAT1 7 3 1 6 3 7 13 8 13 9 7 11 3 13 4 13 5 13 6 13 4 1 13 5 11 8 6 3 3 9
> BAT2 6 1 13 4 13 6 1 8 1 9 1 10 1 11 6 11 8 13 9 13 10 13 7 7
> BAT3 7 1 11 6 1 7 13 7 3 8 8 11 7 13
< RES 1637329245 75 1
< MOVE L L
> REQ 1637329245 76 1
> VAMPIRE 1 5 7 3 1 3 0
> VAMPIRE 2 6 5 3 0 3 0
> VAMPIRE 3 11 7 3 1 3 0
> VAMPIRE 4 2 13 3 0 3 0
> GRENADE 4 1 13 2 3
> GRENADE 2 7 4 5 3
> POWERUP GRENADE -7 8 5 6
> POWERUP GRENADE -7 6 9 6
> BAT1 7 3 1 6 3 7 13 8 13 9 7 11 4 13 5 13 6 13 4 1 11 8 1 11 6 11 6 3
> BAT2 6 1 13 4 13 6 1 8 1 9 1 10 8 13 9 13 10 13 11 6 7 7
> BAT3 7 1 1 7 13 7 3 8 8 11 7 13
< RES 1637329245 76 1
< GRENADE
< MOVE R R
> REQ 1637329245 77 1
> VAMPIRE 1 5 9 3 0 3 0
> VAMPIRE 2 8 5 3 0 3 0
> VAMPIRE 3 9 7 3 0 3 0
> VAMPIRE 4 3 12 3 0 3 0
> GRENADE 4 1 13 1 3
> GRENADE 2 7 4 4 3
> GRENADE 1 5 7 5 3
> GRENADE 3 11 7 5 3
> POWERUP GRENADE -6 8 5 6
> POWERUP GRENADE -6 6 9 6
> BAT1 7 3 1 6 3 7 13 8 13 9 7 11 4 13 5 13 6 13 4 1 11 8 1 11 6 11 6 3
> BAT2 6 1 13 4 13 6 1 8 1 9 1 10 8 13 9 13 10 13 11 6 7 7
> BAT3 7 1 1 7 13 7 3 8 8 11 7 13
< RES 1637329245 77 1
< MOVE D
> REQ 1637329245 78 1
> VAMPIRE 1 6 9 3 0 3 0
> VAMPIRE 2 8 5 3 0 3 0
> VAMPIRE 3 9 5 3 0 3 0
> VAMPIRE 4 4 11 3 1 3 0
> GRENADE 2 7 4 3 3
> GRENADE 1 5 7 4 3
> GRENADE 3 11 7 4 3
> POWERUP GRENADE -5 8 5 6
> POWERUP GRENADE -5 6 9 6
> BAT1 7 3 1 6 3 7 13 8 13 9 7 11 5 13 6 13 4 1 11 8 6 11 6 3
> BAT2 6 1 13 4 13 6 1 8 1 9 1 10 8 13 9 13 10 13 11 6 7 7
> BAT3 7 1 1 7 13 7 3 8 8 11 7 13
< RES 1637329245 78 1
> REQ 1637329245 79 1
> VAMPIRE 1 6 9 3 0 3 0
> VAMPIRE 2 8 5 3 0 3 0
> VAMPIRE 3 8 5 3 0 3 0
> VAMPIRE 4 5 10 3 1 3 0
> GRENADE 2 7 4 2 3
> GRENADE 1 5 7 3 3
> GRENADE 3 11 7 3 3
> POWERUP GRENADE -4 8 5 6
> POWERUP GRENADE -4 6 9 6
> BAT1 7 3 1 6 3 7 13 8 13 9 7 11 5 13 6 13 4 1 11 8 6 11 6 3
> BAT2 6 1 13 4 13 6 1 8 1 9 1 10 8 13 9 13 10 13 11 6 7 7
> BAT3 7 1 1 7 13 7 3 8 8 11 7 13
< RES 1637329245 79 1
> REQ 1637329245 80 1
> VAMPIRE 1 6 9 3 0 3 0
> VAMPIRE 2 8 5 3 0 3 0
> VAMPIRE 3 8 5 3 0 3 0
> VAMPIRE 4 6 9 3 0 3 0
> GRENADE 2 7 4 1 3
> GRENADE 1 5 7 2 3
> GRENADE 3 11 7 2 3
> GRENADE 4 5 10 5 3
> POWERUP GRENADE -3 8 5 6
> POWERUP GRENADE -3 6 9 6
> BAT1 7 3 1 6 3 7 13 8 13 9 7 11 5 13 6 13 4 1 11 8 6 11 6 3
> BAT2 6 1 13 4 13 6 1 8 1 9 1 10 8 13 9 13 10 13 11 6 7 7
> BAT3 7 1 1 7 13 7 3 8 8 11 7 13
< RES 1637329245 80 1
> REQ 1637329245 81 1
> VAMPIRE 1 6 9 3 0 3 0
> VAMPIRE 2 8 5 3 1 3 0
> VAMPIRE 3 8 5 3 0 3 0
> VAMPIRE 4 6 9 3 0 3 0
> GRENADE 1 5 7 1 3
> GRENADE 3 11 7 1 3
> GRENADE 4 5 10 4 3
> POWERUP GRENADE -2 8 5 6
> POWERUP GRENADE -2 6 9 6
> BAT1 1 6 3 7 13 8 13 9 7 11 5 13 6 13 4 1 11 8 6 11 6 3 7 7
> BAT2 6 1 13 4 13 6 1 8 1 9 1 10 8 13 9 13 10 13 11 6
> BAT3 7 1 1 7 13 7 3 8 8 11 7 13
< RES 1637329245 81 1
> REQ 1637329245 82 1
> VAMPIRE 1 6 9 3 1 3 0
> VAMPIRE 2 8 5 3 0 3 0
> VAMPIRE 3 8 5 3 1 3 0
> VAMPIRE 4 6 9 3 1 3 0
> GRENADE 2 8 5 5 3
> POWERUP GRENADE -1 8 5 6
> POWERUP GRENADE -1 6 9 6
> BAT1 1 6 13 8 13 9 7 11 6 13 4 1 6 11 6 3 11 6
> BAT2 6 1 13 4 13 6 1 8 1 9 1 10 8 13 9 13 10 13 13 7
> BAT3 7 1 1 7 3 8 8 11 7 13
< RES 1637329245 82 1
< GRENADE
> REQ 1637329245 83 1
> VAMPIRE 1 6 9 3 0 3 0
> VAMPIRE 2 8 5 3 0 3 0
> VAMPIRE 3 8 5 3 1 3 0
> VAMPIRE 4 6 9 3 0 3 0
> GRENADE 2 8 1 4 3
> GRENADE 1 6 9 5 3
> GRENADE 4 6 9 5 3
> POWERUP GRENADE 11 8 5 6
> POWERUP GRENADE 11 6 9 6
> BAT1 1 6 13 8 13 9 7 11 6 13 4 1 6 11 6 3 11 6
> BAT2 6 1 13 4 13 6 1 8 1 9 1 10 8 13 9 13 10 13 13 7
> BAT3 7 1 1 7 3 8 8 11 7 13
< RES 1637329245 83 1
< THROW XU 4
> REQ 1637329245 84 1
> VAMPIRE 1 6 9 3 0 3 0
> VAMPIRE 2 8 5 3 0 3 0
> VAMPIRE 3 8 5 3 1 3 0
> VAMPIRE 4 6 9 3 0 3 0
> GRENADE 2 8 1 3 3
> GRENADE 1 2 9 4 3
> GRENADE 4 2 9 4 3
> POWERUP GRENADE 10 8 5 6
> POWERUP GRENADE 10 6 9 6
> BAT1 1 6 13 8 13 9 7 11 6 13 4 1 6 11 6 3 11 6
> BAT2 6 1 13 4 13 6 1 8 1 9 1 10 8 13 9 13 10 13 13 7
> BAT3 7 1 1 7 3 8 8 11 7 13
< RES 1637329245 84 1
> REQ 1637329245 85 1
> VAMPIRE 1 6 9 3 0 3 0
> VAMPIRE 2 8 5 3 0 3 0
> VAMPIRE 3 8 5 3 1 3 0
> VAMPIRE 4 6 9 3 0 3 0
> GRENADE 2 8 1 2 3
> GRENADE 1 2 9 3 3
> GRENADE 4 2 9 3 3
> POWERUP GRENADE 9 8 5 6
> POWERUP GRENADE 9 6 9 6
> BAT1 1 6 13 8 13 9 7 11 6 13 4 1 6 11 6 3 11 6
> BAT2 6 1 13 4 13 6 1 8 1 9 1 10 8 13 9 13 10 13 13 7
> BAT3 7 1 1 7 3 8 8 11 7 13
< RES 1637329245 85 1
> REQ 1637329245 86 1
> VAMPIRE 1 6 9 3 0 3 0
> VAMPIRE 2 8 5 3 0 3 0
> VAMPIRE 3 8 5 3 1 3 0
> VAMPIRE 4 6 9 3 0 3 0
> GRENADE 2 8 1 1 3
> GRENADE 1 2 9 2 3
> GRENADE 4 2 9 2 3
> POWERUP GRENADE 8 8 5 6
> POWERUP GRENADE 8 6 9 6
> BAT1 1 6 13 8 13 9 7 11 6 13 4 1 6 11 6 3 11 6
> BAT2 6 1 13 4 13 6 1 8 1 9 1 10 8 13 9 13 10 13 13 7
> BAT3 7 1 1 7 3 8 8 11 7 13
< RES 1637329245 86 1
> REQ 1637329245 87 1
> VAMPIRE 1 6 9 3 0 3 0
> VAMPIRE 2 8 5 3 1 3 0
> VAMPIRE 3 8 5 3 1 3 0
> VAMPIRE 4 6 9 3 0 3 0
> GRENADE 1 2 9 1 3
> GRENADE 4 2 9 1 3
> POWERUP GRENADE 7 8 5 6
> POWERUP GRENADE 7 6 9 6
> BAT1 1 6 13 8 13 9 7 11 6 13 4 1 6 11 6 3 11 6
> BAT2 6 1 13 4 13 6 1 8 1 9 1 10 8 13 9 13 10 13 7 1 13 7
> BAT3 1 7 3 8 8 11 7 13
< RES 1637329245 87 1
> REQ 1637329245 88 1
> VAMPIRE 1 6 9 3 2 3 0
> VAMPIRE 2 8 5 3 1 3 0
> VAMPIRE 3 8 5 3 2 3 0
> VAMPIRE 4 6 9 3 2 3 0
> GRENADE 2 8 5 5 3
> BAT1 1 6 13 8 13 9 7 11 6 13 4 1 1 9 6 11 6 3 11 6
> BAT2 6 1 13 4 13 6 1 8 1 10 8 13 9 13 10 13 7 1 13 7
> BAT3 1 7 3 8 8 11 7 13
< RES 1637329245 88 1
< MOVE U U
> REQ 1637329245 89 1
> VAMPIRE 1 4 9 3 2 3 0
> VAMPIRE 2 7 4 3 1 3 0
> VAMPIRE 3 7 4 3 2 3 0
> VAMPIRE 4 4 9 3 2 3 0
> GRENADE 2 8 1 4 3
> BAT1 1 6 13 8 13 9 7 11 6 13 4 1 1 9 6 11 6 3 11 6
> BAT2 6 1 13 4 13 6 1 8 1 10 8 13 9 13 10 13 7 1 13 7
> BAT3 1 7 3 8 8 11 7 13
< RES 1637329245 89 1
< GRENADE
< MOVE U R
> REQ 1637329245 90 1
> VAMPIRE 1 3 10 3 1 3 0
> VAMPIRE 2 6 5 3 0 3 0
> VAMPIRE 3 8 3 3 1 3 0
> VAMPIRE 4 3 10 3 1 3 0
> GRENADE 2 8 1 3 3
> GRENADE 1 4 9 5 3
> GRENADE 2 7 4 5 3
> GRENADE 3 7 4 5 3
> GRENADE 4 4 9 5 3
> BAT1 1 6 13 8 13 9 7 11 6 13 4 1 1 9 6 11 6 3 11 6
> BAT2 6 1 13 4 13 6 1 8 1 10 8 13 9 13 10 13 7 1 13 7
> BAT3 1 7 3 8 8 11 7 13
< RES 1637329245 90 1
< GRENADE
< MOVE R D
> REQ 1637329245 91 1
> VAMPIRE 1 4 11 3 0 3 0
> VAMPIRE 2 5 5 3 0 3 0
> VAMPIRE 3 9 2 3 0 3 0
> VAMPIRE 4 3 11 3 1 3 0
> GRENADE 2 8 1 2 3
> GRENADE 1 4 9 4 3
> GRENADE 2 7 4 4 3
> GRENADE 3 7 4 4 3
> GRENADE 4 4 9 4 3
> GRENADE 1 3 10 5 3
> GRENADE 3 8 3 5 3
> BAT1 1 6 13 8 13 9 7 11 6 13 4 1 1 9 6 11 6 3 11 6
> BAT2 6 1 13 4 13 6 1 8 1 10 8 13 9 13 10 13 7 1 13 7
> BAT3 1 7 3 8 8 11 7 13
< RES 1637329245 91 1
< MOVE D L
> REQ 1637329245 92 1
> VAMPIRE 1 5 10 3 0 3 0
> VAMPIRE 2 5 7 3 0 3 0
> VAMPIRE 3 9 4 3 0 3 0
> VAMPIRE 4 3 11 3 0 3 0
> GRENADE 2 8 1 1 3
> GRENADE 1 4 9 3 3
> GRENADE 2 7 4 3 3
> GRENADE 3 7 4 3 3
> GRENADE 4 4 9 3 3
> GRENADE 1 3 10 4 3
> GRENADE 3 8 3 4 3
> GRENADE 4 3 11 5 3
> BAT1 1 6 13 8 13 9 7 11 6 13 4 1 1 9 6 11 6 3 11 6
> BAT2 6 1 13 4 13 6 1 8 1 10 8 13 9 13 10 13 7 1 13 7
> BAT3 1 7 3 8 8 11 7 13
< RES 1637329245 92 1
< MOVE R R
> REQ 1637329245 93 1
> VAMPIRE 1 5 12 3 0 3 0
> VAMPIRE 2 4 7 3 1 3 0
> VAMPIRE 3 9 5 3 0 3 0
> VAMPIRE 4 1 11 3 0 3 0
> GRENADE 1 4 9 2 3
> GRENADE 2 7 4 2 3
> GRENADE 3 7 4 2 3
> GRENADE 4 4 9 2 3
> GRENADE 1 3 10 3 3
> GRENADE 3 8 3 3 3
> GRENADE 4 3 7 4 3
> BAT1 1 6 13 8 13 9 7 11 6 13 4 1 1 9 6 11 7 1 6 3 11 6
> BAT2 6 1 13 4 13 6 1 8 1 10 8 13 9 13 10 13 13 7
> BAT3 1 7 3 8 8 11 7 13
< RES 1637329245 93 1
< MOVE L
> REQ 1637329245 94 1
> VAMPIRE 1 5 11 3 0 3 0
> VAMPIRE 2 6 7 3 0 3 0
> VAMPIRE 3 9 7 3 0 3 0
> VAMPIRE 4 1 11 3 0 3 0
> GRENADE 1 4 9 1 3
> GRENADE 2 7 4 1 3
> GRENADE 3 7 4 1 3
> GRENADE 4 4 9 1 3
> GRENADE 1 3 10 2 3
> GRENADE 3 8 3 2 3
> GRENADE 4 3 7 3 3
> GRENADE 2 4 7 5 3
> BAT1 1 6 13 8 13 9 7 11 6 13 4 1 1 9 6 11 7 1 6 3 11 6
> BAT2 6 1 13 4 13 6 1 8 1 10 8 13 9 13 10 13 13 7
> BAT3 1 7 3 8 8 11 7 13
< RES 1637329245 94 1
> REQ 1637329245 95 1
> VAMPIRE 1 5 11 3 1 3 0
> VAMPIRE 2 7 8 3 1 3 0
> VAMPIRE 3 11 7 3 1 3 0
> VAMPIRE 4 1 11 3 1 3 0
> GRENADE 1 3 10 1 3
> GRENADE 3 8 3 1 3
> GRENADE 4 3 7 2 3
> GRENADE 2 4 7 4 3
> BAT1 1 6 13 8 13 9 7 11 6 13 4 1 6 11 6 3 11 6
> BAT2 6 1 13 4 13 6 1 8 1 10 8 13 9 13 10 13 13 7
> BAT3 1 7 3 8 8 11 7 13
< RES 1637329245 95 1
< GRENADE
> REQ 1637329245 96 1
> VAMPIRE 1 5 11 3 1 3 0
> VAMPIRE 2 7 8 3 0 3 0
> VAMPIRE 3 9 7 3 1 3 0
> VAMPIRE 4 1 11 3 0 3 0
> GRENADE 4 3 7 1 3
> GRENADE 2 4 7 3 3
> GRENADE 1 5 11 5 3
> GRENADE 2 7 8 5 3
> GRENADE 3 11 7 5 3
> GRENADE 4 1 11 5 3
> BAT1 1 6 13 8 13 9 7 11 6 13 4 1 6 11 11 6
> BAT2 6 1 13 4 13 6 1 8 1 10 8 13 9 13 10 13 13 7 3 8
> BAT3 1 7 8 11 7 13
< RES 1637329245 96 1
< THROW XD 4
< MOVE U U
> REQ 1637329245 97 1
> VAMPIRE 1 3 11 3 1 3 0
> VAMPIRE 2 7 9 3 1 3 0
> VAMPIRE 3 9 7 3 0 3 0
> VAMPIRE 4 3 11 3 1 3 0
> GRENADE 1 9 11 4 3
> GRENADE 2 11 8 4 3
> GRENADE 3 11 7 4 3
> GRENADE 4 1 9 4 3
> GRENADE 3 9 7 5 3
> BAT1 1 6 13 8 13 9 7 11 6 13 4 1 6 11 11 6 3 8
> BAT2 6 1 13 4 13 6 1 8 1 10 8 13 9 13 10 13 1 7 13 7
> BAT3 8 11 7 13
< RES 1637329245 97 1
< GRENADE
> REQ 1637329245 98 1
> VAMPIRE 1 3 11 3 0 3 0
> VAMPIRE 2 7 9 3 0 3 0
> VAMPIRE 3 7 7 3 0 3 0
> VAMPIRE 4 5 11 3 0 3 0
> GRENADE 1 9 11 3 3
> GRENADE 2 11 8 3 3
> GRENADE 3 11 7 3 3
> GRENADE 4 1 9 3 3
> GRENADE 3 9 11 4 3
> GRENADE 1 3 11 5 3
> GRENADE 2 7 9 5 3
> GRENADE 4 3 11 5 3
> POWERUP SHOE -7 6 5 5
> POWERUP SHOE -7 8 9 5
> BAT1 1 6 13 8 13 9 7 11 6 13 4 1 6 11 11 6 3 8
> BAT2 6 1 13 4 13 6 1 8 1 10 8 13 9 13 10 13 1 7 13 7
> BAT3 8 11 7 13
< RES 1637329245 98 1
< THROW XU 2
< MOVE D D
> REQ 1637329245 99 1
> VAMPIRE 1 5 11 3 0 3 0
> VAMPIRE 2 8 9 3 0 3 0
> VAMPIRE 3 7 5 3 0 3 0
> VAMPIRE 4 5 9 3 0 3 0
> GRENADE 1 9 11 2 3
> GRENADE 2 11 8 2 3
> GRENADE 3 11 7 2 3
> GRENADE 4 1 9 2 3
> GRENADE 3 9 11 3 3
> GRENADE 1 1 11 4 3
> GRENADE 2 3 9 4 3
> GRENADE 4 3 11 4 3
> POWERUP SHOE -6 6 5 5
> POWERUP SHOE -6 8 9 5
> BAT1 1 6 13 8 13 9 7 11 6 13 4 1 6 11 11 6 3 8
> BAT2 6 1 13 4 13 6 1 8 1 10 8 13 9 13 10 13 1 7 13 7
> BAT3 8 11 7 13
< RES 1637329245 99 1
< MOVE L
> REQ 1637329245 100 1
> VAMPIRE 1 5 10 3 0 3 0
> VAMPIRE 2 8 9 3 0 3 0
> VAMPIRE 3 6 5 3 0 3 0
> VAMPIRE 4 5 7 3 0 3 0
> GRENADE 1 9 11 1 3
> GRENADE 2 11 8 1 3
> GRENADE 3 11 7 1 3
> GRENADE 4 1 9 1 3
> GRENADE 3 9 11 2 3
> GRENADE 1 1 11 3 3
> GRENADE 2 3 9 3 3
> GRENADE 4 3 11 3 3
> POWERUP SHOE -5 6 5 5
> POWERUP SHOE -5 8 9 5
> BAT1 1 6 13 8 13 9 7 11 6 13 4 1 6 11 11 6 3 8
> BAT2 6 1 13 4 13 6 1 8 1 10 8 13 9 13 10 13 1 7 13 7
> BAT3 8 11 7 13
< RES 1637329245 100 1
< MOVE L D
> REQ 1637329245 101 1
> VAMPIRE 1 6 9 3 2 3 0
> VAMPIRE 2 8 9 3 2 3 0
> VAMPIRE 3 6 5 3 2 3 0
> VAMPIRE 4 5 5 3 2 3 0
> POWERUP SHOE -4 6 5 5
> POWERUP SHOE -4 8 9 5
> BAT1 1 6 13 8 13 9 7 11 6 13 4 1 1 8 1 10 9 13 13 7
> BAT2 6 1 13 4 13 6 8 13 10 13 1 7 8 11
> BAT3 7 13
< RES 1637329245 101 1
< MOVE D D
> REQ 1637329245 102 1
> VAMPIRE 1 7 9 3 2 3 0
> VAMPIRE 2 8 9 3 1 3 0
> VAMPIRE 3 6 5 3 1 3 0
> VAMPIRE 4 5 5 3 1 3 0
> GRENADE 2 8 9 5 3
> GRENADE 3 6 5 5 3
> GRENADE 4 5 5 5 3
> POWERUP SHOE -3 6 5 5
> POWERUP SHOE -3 8 9 5
> BAT1 1 6 13 8 13 9 7 11 6 13 4 1 1 8 1 10 9 13 13 7
> BAT2 6 1 13 4 13 6 8 13 10 13 1 7 8 11
> BAT3 7 13
< RES 1637329245 102 1
< GRENADE
> REQ 1637329245 103 1
> VAMPIRE 1 7 9 3 1 3 0
> VAMPIRE 2 8 9 3 1 3 0
> VAMPIRE 3 6 5 3 0 3 0
> VAMPIRE 4 5 7 3 1 3 0
> GRENADE 2 12 9 4 3
> GRENADE 3 6 5 4 3
> GRENADE 4 5 1 4 3
> GRENADE 1 7 9 5 3
> GRENADE 3 6 5 5 3
> POWERUP SHOE -2 6 5 5
> POWERUP SHOE -2 8 9 5
> BAT1 1 6 13 8 13 9 7 11 6 13 4 1 1 8 1 10 9 13 13 7
> BAT2 6 1 13 4 13 6 8 13 10 13 1 7 8 11
> BAT3 7 13
< RES 1637329245 103 1
< THROW XR 3
< MOVE D
> REQ 1637329245 104 1
> VAMPIRE 1 8 9 3 1 3 0
> VAMPIRE 2 9 10 3 1 3 0
> VAMPIRE 3 6 5 3 0 3 0
> VAMPIRE 4 5 9 3 1 3 0
> GRENADE 2 12 9 3 3
> GRENADE 3 2 5 3 3
> GRENADE 4 5 1 3 3
> GRENADE 1 7 12 4 3
> GRENADE 3 2 5 4 3
> POWERUP SHOE -1 6 5 5
> POWERUP SHOE -1 8 9 5
> BAT1 1 6 13 8 13 9 7 11 6 13 4 1 1 8 1 10 9 13 13 7
> BAT2 6 1 13 4 13 6 8 13 10 13 1 7 8 11
> BAT3 7 13
< RES 1637329245 104 1
< GRENADE
> REQ 1637329245 105 1
> VAMPIRE 1 8 9 3 0 3 0
> VAMPIRE 2 9 9 3 0 3 0
> VAMPIRE 3 6 5 3 0 3 0
> VAMPIRE 4 7 9 3 1 3 0
> GRENADE 2 12 9 2 3
> GRENADE 3 2 5 2 3
> GRENADE 4 5 1 2 3
> GRENADE 1 7 12 3 3
> GRENADE 3 2 5 3 3
> GRENADE 1 8 9 5 3
> GRENADE 2 9 10 5 3
> POWERUP SHOE 14 6 5 5
> POWERUP SHOE 14 8 9 5
> BAT1 1 6 13 8 13 9 7 11 6 13 4 1 1 8 1 10 9 13 13 7
> BAT2 6 1 13 4 13 6 8 13 10 13 1 7 8 11
> BAT3 7 13
< RES 1637329245 105 1
< THROW XD 4
> REQ 1637329245 106 1
> VAMPIRE 1 8 9 3 0 3 0
> VAMPIRE 2 9 9 3 0 3 0
> VAMPIRE 3 6 5 3 0 3 0
> VAMPIRE 4 7 7 3 0 3 0
> GRENADE 2 12 9 1 3
> GRENADE 3 2 5 1 3
> GRENADE 4 5 1 1 3
> GRENADE 1 7 12 2 3
> GRENADE 3 2 5 2 3
> GRENADE 1 12 9 4 3
> GRENADE 2 9 10 4 3
> GRENADE 4 7 9 5 3
> POWERUP SHOE 13 6 5 5
> POWERUP SHOE 13 8 9 5
> BAT1 1 6 13 8 13 9 7 11 6 13 4 1 1 8 1 10 9 13 13 7
> BAT2 6 1 13 4 13 6 8 13 10 13 1 7 8 11
> BAT3 7 13
< RES 1637329245 106 1
> REQ 1637329245 107 1
> VAMPIRE 1 8 9 3 1 3 0
> VAMPIRE 2 8 9 2 1 3 0
> VAMPIRE 3 6 5 3 2 3 0
> VAMPIRE 4 7 8 3 1 3 0
> GRENADE 1 7 12 1 3
> GRENADE 2 9 10 3 3
> GRENADE 4 7 9 4 3
> POWERUP SHOE 12 6 5 5
> POWERUP SHOE 12 8 9 5
> BAT1 1 6 13 8 7 11 6 13 6 1 1 8 1 10 9 13 13 7
> BAT2 13 4 13 6 8 13 10 13 1 7 8 11
> BAT3 7 13
< RES 1637329245 107 1
< MOVE D
> REQ 1637329245 108 1
> VAMPIRE 1 9 9 3 2 3 0
> VAMPIRE 2 9 9 2 1 3 0
> VAMPIRE 3 6 5 3 2 3 0
> VAMPIRE 4 7 8 3 1 3 0
> GRENADE 2 9 10 2 3
> GRENADE 4 7 12 3 3
> POWERUP SHOE 11 6 5 5
> POWERUP SHOE 11 8 9 5
> BAT1 1 6 13 8 6 13 6 1 1 8 1 10 9 13 13 7
> BAT2 13 4 13 6 8 13 10 13 1 7 8 11 7 13
< RES 1637329245 108 1
< MOVE U
> REQ 1637329245 109 1
> VAMPIRE 1 8 9 3 2 3 0
> VAMPIRE 2 8 9 2 1 3 0
> VAMPIRE 3 6 5 3 2 3 30
> VAMPIRE 4 8 9 3 1 3 0
> GRENADE 2 9 10 1 3
> GRENADE 4 7 12 2 3
> POWERUP SHOE 10 8 9 5
> BAT1 1 6 13 8 6 13 6 1 1 8 1 10 9 13 13 7
> BAT2 13 4 13 6 8 13 10 13 1 7 8 11 7 13
< RES 1637329245 109 1
> REQ 1637329245 110 1
> VAMPIRE 1 8 9 3 2 3 0
> VAMPIRE 2 8 9 2 2 3 0
> VAMPIRE 3 7 7 3 2 3 29
> VAMPIRE 4 8 9 3 1 3 0
> GRENADE 4 7 12 1 3
> POWERUP SHOE 9 8 9 5
> BAT1 1 6 13 8 6 13 6 1 1 8 1 10 13 7
> BAT2 13 4 13 6 8 13 10 13 1 7 8 11 7 13
< RES 1637329245 110 1
> REQ 1637329245 111 1
> VAMPIRE 1 8 9 3 2 3 0
> VAMPIRE 2 8 9 2 2 3 0
> VAMPIRE 3 8 9 3 2 3 28
> VAMPIRE 4 8 9 3 2 3 0
> POWERUP SHOE 8 8 9 5
> BAT1 1 6 13 8 6 13 6 1 1 8 1 10 13 7 7 13
> BAT2 13 4 13 6 8 13 10 13 1 7 8 11
< RES 1637329245 111 1
> REQ 1637329245 112 1
> VAMPIRE 1 8 9 3 2 3 0
> VAMPIRE 2 8 9 2 2 3 0
> VAMPIRE 3 8 9 3 1 3 27
> VAMPIRE 4 8 9 3 2 3 0
> GRENADE 3 8 9 5 3
> POWERUP SHOE 7 8 9 5
> BAT1 1 6 13 8 6 13 6 1 1 8 1 10 13 7 7 13
> BAT2 13 4 13 6 8 13 10 13 1 7 8 11
< RES 1637329245 112 1
< GRENADE
> REQ 1637329245 113 1
> VAMPIRE 1 8 9 3 1 3 0
> VAMPIRE 2 8 9 2 1 3 0
> VAMPIRE 3 8 9 3 0 3 26
> VAMPIRE 4 8 9 3 1 3 0
> GRENADE 3 8 9 4 3
> GRENADE 1 8 9 5 3
> GRENADE 2 8 9 5 3
> GRENADE 3 8 9 5 3
> GRENADE 4 8 9 5 3
> POWERUP SHOE 6 8 9 5
> BAT1 1 6 13 8 6 13 6 1 1 8 1 10 13 7 7 13
> BAT2 13 4 13 6 8 13 10 13 1 7 8 11
< RES 1637329245 113 1
< GRENADE
> REQ 1637329245 114 1
> VAMPIRE 1 8 9 3 0 3 30
> VAMPIRE 2 8 9 2 0 3 30
> VAMPIRE 3 8 9 3 0 3 25
> VAMPIRE 4 8 9 3 0 3 30
> GRENADE 3 8 9 3 3
> GRENADE 1 8 9 4 3
> GRENADE 2 8 9 4 3
> GRENADE 3 8 9 4 3
> GRENADE 4 8 9 4 3
> GRENADE 1 8 9 5 3
> GRENADE 2 8 9 5 3
> GRENADE 4 8 9 5 3
> BAT1 1 6 13 8 6 13 6 1 1 8 1 10 13 7 7 13
> BAT2 13 4 13 6 8 13 10 13 1 7 8 11
< RES 1637329245 114 1
< MOVE D L L
> REQ 1637329245 115 1
> VAMPIRE 1 9 7 3 0 3 29
> VAMPIRE 2 9 7 2 0 3 29
> VAMPIRE 3 9 7 3 0 3 24
> VAMPIRE 4 9 7 3 0 3 29
> GRENADE 3 8 9 2 3
> GRENADE 1 8 9 3 3
> GRENADE 2 8 9 3 3
> GRENADE 3 8 9 3 3
> GRENADE 4 8 9 3 3
> GRENADE 1 8 9 4 3
> GRENADE 2 8 9 4 3
> GRENADE 4 8 9 4 3
> BAT1 1 6 13 8 6 13 6 1 1 8 1 10 13 7 7 13
> BAT2 13 4 13 6 8 13 10 13 1 7 8 11
< RES 1637329245 115 1
< MOVE D D L
> REQ 1637329245 116 1
> VAMPIRE 1 11 6 3 0 3 28
> VAMPIRE 2 11 6 2 0 3 28
> VAMPIRE 3 11 6 3 0 3 23
> VAMPIRE 4 11 6 3 0 3 28
> GRENADE 3 8 9 1 3
> GRENADE 1 8 9 2 3
> GRENADE 2 8 9 2 3
> GRENADE 3 8 9 2 3
> GRENADE 4 8 9 2 3
> GRENADE 1 8 9 3 3
> GRENADE 2 8 9 3 3
> GRENADE 4 8 9 3 3
> BAT1 1 6 13 8 6 13 6 1 1 8 1 10 13 7 7 13
> BAT2 13 4 13 6 8 13 10 13 1 7 8 11
< RES 1637329245 116 1
< MOVE L D D
> REQ 1637329245 117 1
> VAMPIRE 1 13 5 3 2 3 27
> VAMPIRE 2 13 5 2 2 3 27
> VAMPIRE 3 13 5 3 2 3 22
> VAMPIRE 4 13 5 3 2 3 27
> BAT1 1 6 13 8 6 13 6 1 1 8 1 10 13 7 7 13
> BAT2 13 4 13 6 8 13 10 13 1 7 8 11
< RES 1637329245 117 1
< GRENADE
< MOVE U U
> REQ 1637329245 118 1
> VAMPIRE 1 11 5 3 1 3 26
> VAMPIRE 2 11 5 2 1 3 26
> VAMPIRE 3 11 5 3 1 3 21
> VAMPIRE 4 11 5 3 1 3 26
> GRENADE 1 13 5 5 3
> GRENADE 2 13 5 5 3
> GRENADE 3 13 5 5 3
> GRENADE 4 13 5 5 3
> BAT1 1 6 13 8 6 13 6 1 1 8 1 10 13 7 7 13
> BAT2 13 4 13 6 8 13 10 13 1 7 8 11
< RES 1637329245 118 1
< GRENADE
< MOVE U U
> REQ 1637329245 119 1
> VAMPIRE 1 9 5 3 0 3 25
> VAMPIRE 2 9 5 2 0 3 25
> VAMPIRE 3 9 5 3 0 3 20
> VAMPIRE 4 9 5 3 0 3 25
> GRENADE 1 13 5 4 3
> GRENADE 2 13 5 4 3
> GRENADE 3 13 5 4 3
> GRENADE 4 13 5 4 3
> GRENADE 1 11 5 5 3
> GRENADE 2 11 5 5 3
> GRENADE 3 11 5 5 3
> GRENADE 4 11 5 5 3
> BAT1 1 6 13 8 6 13 6 1 1 8 1 10 13 7 7 13
> BAT2 13 4 13 6 8 13 10 13 1 7 8 11
< RES 1637329245 119 1
< MOVE R R
> REQ 1637329245 120 1
> VAMPIRE 1 9 7 3 0 3 24
> VAMPIRE 2 9 7 2 0 3 24
> VAMPIRE 3 9 7 3 0 3 19
> VAMPIRE 4 9 7 3 0 3 24
> GRENADE 1 13 5 3 3
> GRENADE 2 13 5 3 3
> GRENADE 3 13 5 3 3
> GRENADE 4 13 5 3 3
> GRENADE 1 11 5 4 3
> GRENADE 2 11 5 4 3
> GRENADE 3 11 5 4 3
> GRENADE 4 11 5 4 3
> BAT1 1 6 13 8 6 13 6 1 1 8 1 10 13 7 7 13
> BAT2 13 4 13 6 8 13 10 13 1 7 8 11
< RES 1637329245 120 1
< MOVE U U
> REQ 1637329245 121 1
> VAMPIRE 1 7 7 3 0 3 23
> VAMPIRE 2 7 7 2 0 3 23
> VAMPIRE 3 7 7 3 0 3 18
> VAMPIRE 4 7 7 3 0 3 23
> GRENADE 1 13 5 2 3
> GRENADE 2 13 5 2 3
> GRENADE 3 13 5 2 3
> GRENADE 4 13 5 2 3
> GRENADE 1 11 5 3 3
> GRENADE 2 11 5 3 3
> GRENADE 3 11 5 3 3
> GRENADE 4 11 5 3 3
> BAT1 1 6 13 8 6 13 6 1 1 8 1 10 13 7 7 13
> BAT2 13 4 13 6 8 13 10 13 1 7 8 11
< RES 1637329245 121 1
< MOVE R R
> REQ 1637329245 122 1
> VAMPIRE 1 7 9 3 0 3 22
> VAMPIRE 2 7 9 2 0 3 22
> VAMPIRE 3 7 9 3 0 3 17
> VAMPIRE 4 7 9 3 0 3 22
> GRENADE 1 13 5 1 3
> GRENADE 2 13 5 1 3
> GRENADE 3 13 5 1 3
> GRENADE 4 13 5 1 3
> GRENADE 1 11 5 2 3
> GRENADE 2 11 5 2 3
> GRENADE 3 11 5 2 3
> GRENADE 4 11 5 2 3
> BAT1 1 6 13 8 6 13 6 1 1 8 1 10 13 7 7 13
> BAT2 13 4 13 6 8 13 10 13 1 7 8 11
< RES 1637329245 122 1
< MOVE R R
> REQ 1637329245 123 1
> VAMPIRE 1 7 11 3 2 3 21
> VAMPIRE 2 7 11 2 2 3 21
> VAMPIRE 3 7 11 3 2 3 16
> VAMPIRE 4 7 11 3 2 3 21
> BAT1 1 6 13 8 6 13 6 1 13 4 13 6 1 8 1 10 13 7 7 13
> BAT2 8 13 10 13 1 7 8 11
< RES 1637329245 123 1
< GRENADE
< MOVE L L
> REQ 1637329245 124 1
> VAMPIRE 1 7 9 3 1 3 20
> VAMPIRE 2 7 9 2 1 3 20
> VAMPIRE 3 7 9 3 1 3 15
> VAMPIRE 4 7 9 3 1 3 20
> GRENADE 1 7 11 5 3
> GRENADE 2 7 11 5 3
> GRENADE 3 7 11 5 3
> GRENADE 4 7 11 5 3
> BAT1 1 6 13 8 6 13 6 1 13 4 13 6 1 8 1 10 13 7 7 13
> BAT2 8 13 10 13 1 7 8 11
< RES 1637329245 124 1
< GRENADE
< MOVE L L
> REQ 1637329245 125 1
> VAMPIRE 1 7 7 3 0 3 19
> VAMPIRE 2 7 7 2 0 3 19
> VAMPIRE 3 7 7 3 0 3 14
> VAMPIRE 4 7 7 3 0 3 19
> GRENADE 1 7 11 4 3
> GRENADE 2 7 11 4 3
> GRENADE 3 7 11 4 3
> GRENADE 4 7 11 4 3
> GRENADE 1 7 9 5 3
> GRENADE 2 7 9 5 3
> GRENADE 3 7 9 5 3
> GRENADE 4 7 9 5 3
> BAT1 1 6 13 8 6 13 6 1 13 4 13 6 1 8 1 10 13 7 7 13
> BAT2 8 13 10 13 1 7 8 11
< RES 1637329245 125 1
< MOVE D D
> REQ 1637329245 126 1
> VAMPIRE 1 9 7 3 0 3 18
> VAMPIRE 2 9 7 2 0 3 18
> VAMPIRE 3 9 7 3 0 3 13
> VAMPIRE 4 9 7 3 0 3 18
> GRENADE 1 7 11 3 3
> GRENADE 2 7 11 3 3
> GRENADE 3 7 11 3 3
> GRENADE 4 7 11 3 3
> GRENADE 1 7 9 4 3
> GRENADE 2 7 9 4 3
> GRENADE 3 7 9 4 3
> GRENADE 4 7 9 4 3
> BAT1 1 6 13 8 6 13 6 1 13 4 13 6 1 8 1 10 13 7 7 13
> BAT2 8 13 10 13 1 7 8 11
< RES 1637329245 126 1
> REQ 1637329245 127 1
> VAMPIRE 1 9 7 3 0 3 17
> VAMPIRE 2 9 7 2 0 3 17
> VAMPIRE 3 9 7 3 0 3 12
> VAMPIRE 4 9 7 3 0 3 17
> GRENADE 1 7 11 2 3
> GRENADE 2 7 11 2 3
> GRENADE 3 7 11 2 3
> GRENADE 4 7 11 2 3
> GRENADE 1 7 9 3 3
> GRENADE 2 7 9 3 3
> GRENADE 3 7 9 3 3
> GRENADE 4 7 9 3 3
> BAT1 1 6 13 8 6 13 6 1 13 4 13 6 1 8 1 10 13 7 7 13
> BAT2 8 13 10 13 1 7 8 11
< RES 1637329245 127 1
< MOVE D D L
> REQ 1637329245 128 1
> VAMPIRE 1 11 6 3 0 3 16
> VAMPIRE 2 11 6 2 0 3 16
> VAMPIRE 3 11 6 3 0 3 11
> VAMPIRE 4 11 6 3 0 3 16
> GRENADE 1 7 11 1 3
> GRENADE 2 7 11 1 3
> GRENADE 3 7 11 1 3
> GRENADE 4 7 11 1 3
> GRENADE 1 7 9 2 3
> GRENADE 2 7 9 2 3
> GRENADE 3 7 9 2 3
> GRENADE 4 7 9 2 3
> BAT1 1 6 13 8 6 13 6 1 13 4 13 6 1 8 1 10 13 7 7 13
> BAT2 8 13 10 13 1 7 8 11
< RES 1637329245 128 1
< MOVE L D D
> REQ 1637329245 129 1
> VAMPIRE 1 13 5 3 2 3 15
> VAMPIRE 2 13 5 2 2 3 15
> VAMPIRE 3 13 5 3 2 3 10
> VAMPIRE 4 13 5 3 2 3 15
> BAT1 1 6 13 8 6 13 6 1 13 4 13 6 1 8 1 10 13 7 8 11
> BAT2 8 13 10 13 1 7
< RES 1637329245 129 1
< GRENADE
< MOVE U U
> REQ 1637329245 130 1
> VAMPIRE 1 11 5 3 1 3 14
> VAMPIRE 2 11 5 2 1 3 14
> VAMPIRE 3 11 5 3 1 3 9
> VAMPIRE 4 11 5 3 1 3 14
> GRENADE 1 13 5 5 3
> GRENADE 2 13 5 5 3
> GRENADE 3 13 5 5 3
> GRENADE 4 13 5 5 3
> BAT1 1 6 13 8 6 13 6 1 13 4 13 6 1 8 1 10 13 7 8 11
> BAT2 8 13 10 13 1 7
< RES 1637329245 130 1
< GRENADE
< MOVE U U
> REQ 1637329245 131 1
> VAMPIRE 1 9 5 3 0 3 13
> VAMPIRE 2 9 5 2 0 3 13
> VAMPIRE 3 9 5 3 0 3 8
> VAMPIRE 4 9 5 3 0 3 13
> GRENADE 1 13 5 4 3
> GRENADE 2 13 5 4 3
> GRENADE 3 13 5 4 3
> GRENADE 4 13 5 4 3
> GRENADE 1 11 5 5 3
> GRENADE 2 11 5 5 3
> GRENADE 3 11 5 5 3
> GRENADE 4 11 5 5 3
> BAT1 1 6 13 8 6 13 6 1 13 4 13 6 1 8 1 10 13 7 8 11
> BAT2 8 13 10 13 1 7
< RES 1637329245 131 1
< MOVE R R
> REQ 1637329245 132 1
> VAMPIRE 1 9 7 3 0 3 12
> VAMPIRE 2 9 7 2 0 3 12
> VAMPIRE 3 9 7 3 0 3 7
> VAMPIRE 4 9 7 3 0 3 12
> GRENADE 1 13 5 3 3
> GRENADE 2 13 5 3 3
> GRENADE 3 13 5 3 3
> GRENADE 4 13 5 3 3
> GRENADE 1 11 5 4 3
> GRENADE 2 11 5 4 3
> GRENADE 3 11 5 4 3
> GRENADE 4 11 5 4 3
> POWERUP GRENADE -8 6 11 4
> POWERUP GRENADE -8 8 3 4
> BAT1 1 6 13 8 6 13 6 1 13 4 13 6 1 8 1 10 13 7 8 11
> BAT2 8 13 10 13 1 7
< RES 1637329245 132 1
< MOVE L L L
> REQ 1637329245 133 1
> VAMPIRE 1 9 4 3 0 3 11
> VAMPIRE 2 9 4 2 0 3 11
> VAMPIRE 3 9 4 3 0 3 6
> VAMPIRE 4 9 4 3 0 3 11
> GRENADE 1 13 5 2 3
> GRENADE 2 13 5 2 3
> GRENADE 3 13 5 2 3
> GRENADE 4 13 5 2 3
> GRENADE 1 11 5 3 3
> GRENADE 2 11 5 3 3
> GRENADE 3 11 5 3 3
> GRENADE 4 11 5 3 3
> POWERUP GRENADE -7 6 11 4
> POWERUP GRENADE -7 8 3 4
> BAT1 1 6 13 8 6 13 6 1 13 4 13 6 1 8 1 10 13 7 8 11
> BAT2 8 13 10 13 1 7
< RES 1637329245 133 1
< MOVE L U
> REQ 1637329245 134 1
> VAMPIRE 1 8 3 3 0 3 10
> VAMPIRE 2 8 3 2 0 3 10
> VAMPIRE 3 8 3 3 0 3 5
> VAMPIRE 4 8 3 3 0 3 10
> GRENADE 1 13 5 1 3
> GRENADE 2 13 5 1 3
> GRENADE 3 13 5 1 3
> GRENADE 4 13 5 1 3
> GRENADE 1 11 5 2 3
> GRENADE 2 11 5 2 3
> GRENADE 3 11 5 2 3
> GRENADE 4 11 5 2 3
> POWERUP GRENADE -6 6 11 4
> POWERUP GRENADE -6 8 3 4
> BAT1 1 6 13 8 6 13 6 1 13 4 13 6 1 8 1 10 13 7 8 11
> BAT2 8 13 10 13 1 7
< RES 1637329245 134 1
> REQ 1637329245 135 1
> VAMPIRE 1 8 3 3 2 3 9
> VAMPIRE 2 8 3 2 2 3 9
> VAMPIRE 3 8 3 3 2 3 4
> VAMPIRE 4 8 3 3 2 3 9
> POWERUP GRENADE -5 6 11 4
> POWERUP GRENADE -5 8 3 4
> BAT1 1 6 13 8 6 13 6 1 1 8 1 10 13 7 8 11
> BAT2 8 13 10 13 1 7
< RES 1637329245 135 1
< GRENADE
> REQ 1637329245 136 1
> VAMPIRE 1 8 3 3 1 3 8
> VAMPIRE 2 8 3 2 1 3 8
> VAMPIRE 3 8 3 3 1 3 3
> VAMPIRE 4 8 3 3 1 3 8
> GRENADE 1 8 3 5 3
> GRENADE 2 8 3 5 3
> GRENADE 3 8 3 5 3
> GRENADE 4 8 3 5 3
> POWERUP GRENADE -4 6 11 4
> POWERUP GRENADE -4 8 3 4
> BAT1 1 6 13 8 6 13 6 1 1 8 1 10 13 7 8 11
> BAT2 8 13 10 13 1 7
< RES 1637329245 136 1
< GRENADE
> REQ 1637329245 137 1
> VAMPIRE 1 8 3 3 0 3 7
> VAMPIRE 2 8 3 2 0 3 7
> VAMPIRE 3 8 3 3 0 3 2
> VAMPIRE 4 8 3 3 0 3 7
> GRENADE 1 8 3 4 3
> GRENADE 2 8 3 4 3
> GRENADE 3 8 3 4 3
> GRENADE 4 8 3 4 3
> GRENADE 1 8 3 5 3
> GRENADE 2 8 3 5 3
> GRENADE 3 8 3 5 3
> GRENADE 4 8 3 5 3
> POWERUP GRENADE -3 6 11 4
> POWERUP GRENADE -3 8 3 4
> BAT1 1 6 13 8 6 13 6 1 1 8 1 10 13 7 8 11
> BAT2 8 13 10 13 1 7
< RES 1637329245 137 1
> REQ 1637329245 138 1
> VAMPIRE 1 8 3 3 0 3 6
> VAMPIRE 2 8 3 2 0 3 6
> VAMPIRE 3 8 3 3 0 3 1
> VAMPIRE 4 8 3 3 0 3 6
> GRENADE 1 8 3 3 3
> GRENADE 2 8 3 3 3
> GRENADE 3 8 3 3 3
> GRENADE 4 8 3 3 3
> GRENADE 1 8 3 4 3
> GRENADE 2 8 3 4 3
> GRENADE 3 8 3 4 3
> GRENADE 4 8 3 4 3
> POWERUP GRENADE -2 6 11 4
> POWERUP GRENADE -2 8 3 4
> BAT1 1 6 13 8 6 13 6 1 1 8 1 10 13 7 8 11
> BAT2 8 13 10 13 1 7
< RES 1637329245 138 1
> REQ 1637329245 139 1
> VAMPIRE 1 8 3 3 0 3 5
> VAMPIRE 2 8 3 2 0 3 5
> VAMPIRE 3 8 3 3 0 3 0
> VAMPIRE 4 8 3 3 0 3 5
> GRENADE 1 8 3 2 3
> GRENADE 2 8 3 2 3
> GRENADE 3 8 3 2 3
> GRENADE 4 8 3 2 3
> GRENADE 1 8 3 3 3
> GRENADE 2 8 3 3 3
> GRENADE 3 8 3 3 3
> GRENADE 4 8 3 3 3
> POWERUP GRENADE -1 6 11 4
> POWERUP GRENADE -1 8 3 4
> BAT1 1 6 13 8 6 13 6 1 1 8 1 10 13 7 8 11
> BAT2 8 13 10 13 1 7
< RES 1637329245 139 1
< MOVE U L
> REQ 1637329245 140 1
> VAMPIRE 1 7 2 3 0 3 4
> VAMPIRE 2 7 2 2 0 3 4
> VAMPIRE 3 7 2 3 0 3 0
> VAMPIRE 4 7 2 3 0 3 4
> GRENADE 1 8 3 1 3
> GRENADE 2 8 3 1 3
> GRENADE 3 8 3 1 3
> GRENADE 4 8 3 1 3
> GRENADE 1 8 3 2 3
> GRENADE 2 8 3 2 3
> GRENADE 3 8 3 2 3
> GRENADE 4 8 3 2 3
> POWERUP GRENADE 17 6 11 4
> POWERUP GRENADE 17 8 3 4
> BAT1 1 6 13 8 6 13 6 1 1 8 1 10 13 7 8 11
> BAT2 8 13 10 13 1 7
< RES 1637329245 140 1
< MOVE L D D
> REQ 1637329245 141 1
> VAMPIRE 1 9 1 3 2 3 3
> VAMPIRE 2 9 1 2 2 3 3
> VAMPIRE 3 7 1 3 2 3 0
> VAMPIRE 4 9 1 3 2 3 3
> POWERUP GRENADE 16 6 11 4
> POWERUP GRENADE 16 8 3 4
> BAT1 1 6 13 8 6 13 6 1 1 8 1 10 13 7 8 11
> BAT2 8 13 10 13 1 7
< RES 1637329245 141 1
< GRENADE
< MOVE R R U
> REQ 1637329245 142 1
> VAMPIRE 1 8 3 3 1 3 2
> VAMPIRE 2 8 3 2 1 3 2
> VAMPIRE 3 7 3 3 1 3 0
> VAMPIRE 4 8 3 3 1 3 2
> GRENADE 1 9 1 5 3
> GRENADE 2 9 1 5 3
> GRENADE 3 7 1 5 3
> GRENADE 4 9 1 5 3
> POWERUP GRENADE 15 6 11 4
> POWERUP GRENADE 15 8 3 4
> BAT1 1 6 13 8 6 13 6 1 1 8 1 10 13 7 8 11
> BAT2 8 13 10 13 1 7
< RES 1637329245 142 1
< GRENADE
> REQ 1637329245 143 1
> VAMPIRE 1 8 3 3 0 3 1
> VAMPIRE 2 8 3 2 0 3 1
> VAMPIRE 3 7 3 3 0 3 0
> VAMPIRE 4 8 3 3 0 3 1
> GRENADE 1 9 1 4 3
> GRENADE 2 9 1 4 3
> GRENADE 3 7 1 4 3
> GRENADE 4 9 1 4 3
> GRENADE 1 8 3 5 3
> GRENADE 2 8 3 5 3
> GRENADE 3 7 3 5 3
> GRENADE 4 8 3 5 3
> POWERUP GRENADE 14 6 11 4
> POWERUP GRENADE 14 8 3 4
> BAT1 1 6 13 8 6 13 6 1 1 8 1 10 13 7 8 11
> BAT2 8 13 10 13 1 7
< RES 1637329245 143 1
> REQ 1637329245 144 1
> VAMPIRE 1 8 3 3 0 3 0
> VAMPIRE 2 8 3 2 0 3 0
> VAMPIRE 3 7 5 3 0 3 0
> VAMPIRE 4 8 3 3 0 3 0
> GRENADE 1 9 1 3 3
> GRENADE 2 9 1 3 3
> GRENADE 3 7 1 3 3
> GRENADE 4 9 1 3 3
> GRENADE 1 8 3 4 3
> GRENADE 2 8 3 4 3
> GRENADE 3 7 3 4 3
> GRENADE 4 8 3 4 3
> POWERUP GRENADE 13 6 11 4
> POWERUP GRENADE 13 8 3 4
> BAT1 1 6 13 8 6 13 6 1 1 8 1 10 13 7 8 11
> BAT2 8 13 10 13 1 7
< RES 1637329245 144 1
< MOVE D
> REQ 1637329245 145 1
> VAMPIRE 1 9 3 3 0 3 0
> VAMPIRE 2 9 3 2 0 3 0
> VAMPIRE 3 7 7 3 0 3 0
> VAMPIRE 4 9 3 3 0 3 0
> GRENADE 1 9 1 2 3
> GRENADE 2 9 1 2 3
> GRENADE 3 7 1 2 3
> GRENADE 4 9 1 2 3
> GRENADE 1 8 3 3 3
> GRENADE 2 8 3 3 3
> GRENADE 3 7 3 3 3
> GRENADE 4 8 3 3 3
> POWERUP GRENADE 12 6 11 4
> POWERUP GRENADE 12 8 3 4
> BAT1 1 6 13 8 6 13 6 1 1 8 1 10 13 7 8 11
> BAT2 8 13 10 13 1 7
< RES 1637329245 145 1
< MOVE R R
> REQ 1637329245 146 1
> VAMPIRE 1 9 5 3 0 3 0
> VAMPIRE 2 9 5 2 0 3 0
> VAMPIRE 3 7 9 3 0 3 0
> VAMPIRE 4 9 5 3 0 3 0
> GRENADE 1 9 1 1 3
> GRENADE 2 9 1 1 3
> GRENADE 3 7 1 1 3
> GRENADE 4 9 1 1 3
> GRENADE 1 8 3 2 3
> GRENADE 2 8 3 2 3
> GRENADE 3 7 3 2 3
> GRENADE 4 8 3 2 3
> POWERUP GRENADE 11 6 11 4
> POWERUP GRENADE 11 8 3 4
> BAT1 1 6 13 8 6 13 6 1 1 8 1 10 13 7 8 11
> BAT2 8 13 10 13 1 7
< RES 1637329245 146 1
< MOVE L L
> REQ 1637329245 147 1
> VAMPIRE 1 9 3 3 2 3 0
> VAMPIRE 2 9 3 2 2 3 0
> VAMPIRE 3 7 11 3 2 3 0
> VAMPIRE 4 9 3 3 2 3 0
> POWERUP GRENADE 10 6 11 4
> POWERUP GRENADE 10 8 3 4
> BAT1 1 6 13 8 6 13 1 8 1 10 13 7 8 11
> BAT2 8 13 10 13 1 7
< RES 1637329245 147 1
< GRENADE
< MOVE U U
> REQ 1637329245 148 1
> VAMPIRE 1 7 3 3 1 3 0
> VAMPIRE 2 7 3 2 1 3 0
> VAMPIRE 3 7 11 3 1 3 0
> VAMPIRE 4 7 3 3 1 3 0
> GRENADE 1 9 3 5 3
> GRENADE 2 9 3 5 3
> GRENADE 3 7 11 5 3
> GRENADE 4 9 3 5 3
> POWERUP GRENADE 9 6 11 4
> POWERUP GRENADE 9 8 3 4
> BAT1 1 6 13 8 6 13 1 8 1 10 13 7 8 11
> BAT2 8 13 10 13 1 7
< RES 1637329245 148 1
< MOVE D
> REQ 1637329245 149 1
> VAMPIRE 1 8 3 3 1 3 0
> VAMPIRE 2 8 3 2 1 3 0
> VAMPIRE 3 6 11 3 1 3 0
> VAMPIRE 4 8 3 3 1 3 0
> GRENADE 1 9 3 4 3
> GRENADE 2 9 3 4 3
> GRENADE 3 7 13 4 3
> GRENADE 4 9 3 4 3
> POWERUP GRENADE 8 6 11 4
> POWERUP GRENADE 8 8 3 4
> BAT1 1 6 13 8 6 13 1 8 1 10 13 7 8 11
> BAT2 8 13 10 13 1 7
< RES 1637329245 149 1
< GRENADE
> REQ 1637329245 150 1
> VAMPIRE 1 8 3 3 0 3 0
> VAMPIRE 2 8 3 2 0 3 0
> VAMPIRE 3 6 11 3 0 3 0
> VAMPIRE 4 8 3 3 0 3 0
> GRENADE 1 9 3 3 3
> GRENADE 2 9 3 3 3
> GRENADE 3 7 13 3 3
> GRENADE 4 9 3 3 3
> GRENADE 1 8 3 5 3
> GRENADE 2 8 3 5 3
> GRENADE 3 6 11 5 3
> GRENADE 4 8 3 5 3
> POWERUP GRENADE 7 6 11 4
> POWERUP GRENADE 7 8 3 4
> BAT1 1 6 13 8 6 13 1 8 1 10 13 7 8 11
> BAT2 8 13 10 13 1 7
< RES 1637329245 150 1
> REQ 1637329245 151 1
> VAMPIRE 1 8 3 3 0 3 0
> VAMPIRE 2 8 3 2 0 3 0
> VAMPIRE 3 6 11 3 0 3 0
> VAMPIRE 4 8 3 3 0 3 0
> GRENADE 1 9 3 2 3
> GRENADE 2 9 3 2 3
> GRENADE 3 7 13 2 3
> GRENADE 4 9 3 2 3
> GRENADE 1 8 3 4 3
> GRENADE 2 8 3 4 3
> GRENADE 3 10 11 4 3
> GRENADE 4 8 3 4 3
> POWERUP GRENADE 6 6 11 4
> POWERUP GRENADE 6 8 3 4
> BAT1 1 6 13 8 6 13 1 8 1 10 13 7 8 11
> BAT2 8 13 10 13 1 7
< RES 1637329245 151 1
< GRENADE
> REQ 1637329245 152 1
> VAMPIRE 1 8 3 3 0 3 0
> VAMPIRE 2 8 3 2 0 3 0
> VAMPIRE 3 6 11 3 0 3 0
> VAMPIRE 4 8 3 3 0 3 0
> GRENADE 1 9 3 1 3
> GRENADE 2 9 3 1 3
> GRENADE 3 7 13 1 3
> GRENADE 4 9 3 1 3
> GRENADE 1 8 3 3 3
> GRENADE 2 8 3 3 3
> GRENADE 3 10 11 3 3
> GRENADE 4 8 3 3 3
> POWERUP GRENADE 5 6 11 4
> POWERUP GRENADE 5 8 3 4
> BAT1 1 6 13 8 6 13 1 8 1 10 13 7 8 11
> BAT2 8 13 10 13 1 7
< RES 1637329245 152 1
< THROW D 4
> REQ 1637329245 153 1
> VAMPIRE 1 8 3 2 3 3 0
> VAMPIRE 2 8 3 1 3 3 0
> VAMPIRE 3 6 11 3 2 3 0
> VAMPIRE 4 8 3 2 3 3 0
> GRENADE 3 10 11 2 3
> BAT1 1 6 13 8 1 8 1 10 8 13 13 7 8 11
> BAT2 10 13 1 7
< RES 1637329245 153 1
< MOVE D
> REQ 1637329245 154 1
> VAMPIRE 1 9 3 2 3 3 0
> VAMPIRE 2 9 3 1 3 3 0
> VAMPIRE 3 5 12 3 2 3 0
> VAMPIRE 4 9 3 2 3 3 0
> GRENADE 3 10 11 1 3
> BAT1 1 6 13 8 1 8 1 10 8 13 13 7 8 11
> BAT2 10 13 1 7
< RES 1637329245 154 1
< MOVE U U
> REQ 1637329245 155 1
> VAMPIRE 1 7 3 2 3 3 0
> VAMPIRE 2 7 3 1 3 3 0
> VAMPIRE 3 5 13 3 3 3 0
> VAMPIRE 4 7 3 2 3 3 0
> BAT1 1 6 13 8 1 8 1 10 8 13 13 7
> BAT2 10 13 1 7
< RES 1637329245 155 1
< MOVE R R
> REQ 1637329245 156 1
> VAMPIRE 1 7 5 2 3 3 0
> VAMPIRE 2 7 5 1 3 3 0
> VAMPIRE 3 5 13 3 2 3 0
> VAMPIRE 4 7 5 2 3 3 0
> GRENADE 3 5 13 5 3
> BAT1 1 6 13 8 1 8 1 10 8 13 13 7
> BAT2 10 13 1 7
< RES 1637329245 156 1
< MOVE R R
> REQ 1637329245 157 1
> VAMPIRE 1 7 7 2 3 3 0
> VAMPIRE 2 7 7 1 3 3 0
> VAMPIRE 3 3 13 3 2 3 0
> VAMPIRE 4 7 7 2 3 3 0
> GRENADE 3 9 13 4 3
> BAT1 1 6 13 8 1 8 1 10 8 13 13 7
> BAT2 10 13 1 7
< RES 1637329245 157 1
< GRENADE
> REQ 1637329245 158 1
> VAMPIRE 1 7 7 2 2 3 0
> VAMPIRE 2 7 7 1 2 3 0
> VAMPIRE 3 1 13 3 2 3 0
> VAMPIRE 4 7 7 2 2 3 0
> GRENADE 3 9 13 3 3
> GRENADE 1 7 7 5 3
> GRENADE 2 7 7 5 3
> GRENADE 4 7 7 5 3
> BAT1 1 6 13 8 1 8 1 10 8 13 13 7
> BAT2 10 13 1 7
< RES 1637329245 158 1
< GRENADE
> REQ 1637329245 159 1
> VAMPIRE 1 7 7 2 1 3 0
> VAMPIRE 2 7 7 1 1 3 0
> VAMPIRE 3 3 13 3 1 3 0
> VAMPIRE 4 7 7 2 1 3 0
> GRENADE 3 9 13 2 3
> GRENADE 1 7 7 4 3
> GRENADE 2 7 7 4 3
> GRENADE 4 7 7 4 3
> GRENADE 1 7 7 5 3
> GRENADE 2 7 7 5 3
> GRENADE 3 1 13 5 3
> GRENADE 4 7 7 5 3
> BAT1 1 6 13 8 1 8 1 10 8 13 13 7
> BAT2 10 13 1 7
< RES 1637329245 159 1
< GRENADE
> REQ 1637329245 160 1
> VAMPIRE 1 7 7 2 0 3 0
> VAMPIRE 2 7 7 1 0 3 0
> VAMPIRE 3 3 13 3 0 3 0
> VAMPIRE 4 7 7 2 0 3 0
> GRENADE 3 9 13 1 3
> GRENADE 1 7 7 3 3
> GRENADE 2 7 7 3 3
> GRENADE 4 7 7 3 3
> GRENADE 1 7 7 4 3
> GRENADE 2 7 7 4 3
> GRENADE 3 1 13 4 3
> GRENADE 4 7 7 4 3
> GRENADE 1 7 7 5 3
> GRENADE 2 7 7 5 3
> GRENADE 3 3 13 5 3
> GRENADE 4 7 7 5 3
> BAT1 1 6 13 8 1 8 1 10 8 13 13 7
> BAT2 10 13 1 7
< RES 1637329245 160 1
< MOVE U
> REQ 1637329245 161 1
> VAMPIRE 1 6 7 2 0 3 0
> VAMPIRE 2 6 7 1 0 3 0
> VAMPIRE 3 3 11 3 1 3 0
> VAMPIRE 4 6 7 2 0 3 0
> GRENADE 1 7 7 2 3
> GRENADE 2 7 7 2 3
> GRENADE 4 7 7 2 3
> GRENADE 1 7 7 3 3
> GRENADE 2 7 7 3 3
> GRENADE 3 1 13 3 3
> GRENADE 4 7 7 3 3
> GRENADE 1 7 7 4 3
> GRENADE 2 7 7 4 3
> GRENADE 3 7 13 4 3
> GRENADE 4 7 7 4 3
> BAT1 1 6 13 8 1 8 1 10 10 13 13 7
> BAT2 1 7
< RES 1637329245 161 1
< MOVE U L
> REQ 1637329245 162 1
> VAMPIRE 1 5 6 2 0 3 0
> VAMPIRE 2 5 6 1 0 3 0
> VAMPIRE 3 3 9 3 1 3 0
> VAMPIRE 4 5 6 2 0 3 0
> GRENADE 1 7 7 1 3
> GRENADE 2 7 7 1 3
> GRENADE 4 7 7 1 3
> GRENADE 1 7 7 2 3
> GRENADE 2 7 7 2 3
> GRENADE 3 1 13 2 3
> GRENADE 4 7 7 2 3
> GRENADE 1 7 7 3 3
> GRENADE 2 7 7 3 3
> GRENADE 3 7 13 3 3
> GRENADE 4 7 7 3 3
> BAT1 1 6 13 8 1 8 1 10 10 13 13 7
> BAT2 1 7
< RES 1637329245 162 1
< MOVE R U
> REQ 1637329245 163 1
> VAMPIRE 1 4 7 2 3 3 0
> VAMPIRE 2 4 7 1 3 3 0
> VAMPIRE 3 3 7 3 1 3 0
> VAMPIRE 4 4 7 2 3 3 0
> GRENADE 3 1 13 1 3
> GRENADE 3 7 13 2 3
> BAT1 1 6 13 8 1 8 1 10 10 13 13 7
> BAT2 1 7
< RES 1637329245 163 1
< GRENADE
< MOVE D D
> REQ 1637329245 164 1
> VAMPIRE 1 6 7 2 2 3 0
> VAMPIRE 2 6 7 1 2 3 0
> VAMPIRE 3 3 5 3 1 3 0
> VAMPIRE 4 6 7 2 2 3 0
> GRENADE 3 7 13 1 3
> GRENADE 1 4 7 5 3
> GRENADE 2 4 7 5 3
> GRENADE 3 3 7 5 3
> GRENADE 4 4 7 5 3
> BAT1 1 6 13 8 1 8 10 13 13 7
> BAT2 1 7
< RES 1637329245 164 1
< GRENADE
> REQ 1637329245 165 1
> VAMPIRE 1 6 7 2 1 3 0
> VAMPIRE 2 6 7 1 1 3 0
> VAMPIRE 3 1 5 3 2 3 0
> VAMPIRE 4 6 7 2 1 3 0
> GRENADE 1 4 7 4 3
> GRENADE 2 4 7 4 3
> GRENADE 3 3 7 4 3
> GRENADE 4 4 7 4 3
> GRENADE 1 6 7 5 3
> GRENADE 2 6 7 5 3
> GRENADE 4 6 7 5 3
> POWERUP SHOE -6 11 3 7
> POWERUP SHOE -6 3 11 7
> BAT1 1 6 13 8 1 8 13 7
> BAT2 1 7
< RES 1637329245 165 1
< GRENADE
< MOVE D D
> REQ 1637329245 166 1
> VAMPIRE 1 8 7 2 0 3 0
> VAMPIRE 2 8 7 1 0 3 0
> VAMPIRE 3 1 5 3 1 3 0
> VAMPIRE 4 8 7 2 0 3 0
> GRENADE 1 4 7 3 3
> GRENADE 2 4 7 3 3
> GRENADE 3 3 7 3 3
> GRENADE 4 4 7 3 3
> GRENADE 1 6 7 4 3
> GRENADE 2 6 7 4 3
> GRENADE 4 6 7 4 3
> GRENADE 1 6 7 5 3
> GRENADE 2 6 7 5 3
> GRENADE 3 1 5 5 3
> GRENADE 4 6 7 5 3
> POWERUP SHOE -5 11 3 7
> POWERUP SHOE -5 3 11 7
> BAT1 1 6 13 8 1 8 13 7
> BAT2 1 7
< RES 1637329245 166 1
< MOVE D D
> REQ 1637329245 167 1
> VAMPIRE 1 10 7 2 0 3 0
> VAMPIRE 2 10 7 1 0 3 0
> VAMPIRE 3 1 5 3 1 3 0
> VAMPIRE 4 10 7 2 0 3 0
> GRENADE 1 4 7 2 3
> GRENADE 2 4 7 2 3
> GRENADE 3 3 7 2 3
> GRENADE 4 4 7 2 3
> GRENADE 1 6 7 3 3
> GRENADE 2 6 7 3 3
> GRENADE 4 6 7 3 3
> GRENADE 1 6 7 4 3
> GRENADE 2 6 7 4 3
> GRENADE 3 1 9 4 3
> GRENADE 4 6 7 4 3
> POWERUP SHOE -4 11 3 7
> POWERUP SHOE -4 3 11 7
> BAT1 1 6 13 8 1 8 13 7
> BAT2 1 7
< RES 1637329245 167 1
< MOVE D L
> REQ 1637329245 168 1
> VAMPIRE 1 11 6 2 0 3 0
> VAMPIRE 2 11 6 1 0 3 0
> VAMPIRE 3 1 5 3 0 3 0
> VAMPIRE 4 11 6 2 0 3 0
> GRENADE 1 4 7 1 3
> GRENADE 2 4 7 1 3
> GRENADE 3 3 7 1 3
> GRENADE 4 4 7 1 3
> GRENADE 1 6 7 2 3
> GRENADE 2 6 7 2 3
> GRENADE 4 6 7 2 3
> GRENADE 1 6 7 3 3
> GRENADE 2 6 7 3 3
> GRENADE 3 1 9 3 3
> GRENADE 4 6 7 3 3
> GRENADE 3 1 5 5 3
> POWERUP SHOE -3 11 3 7
> POWERUP SHOE -3 3 11 7
> BAT1 1 6 13 8 1 8 13 7
> BAT2 1 7
< RES 1637329245 168 1
< MOVE L L
> REQ 1637329245 169 1
> VAMPIRE 1 11 4 2 3 3 0
> VAMPIRE 2 11 4 1 3 3 0
> VAMPIRE 3 3 5 3 1 3 0
> VAMPIRE 4 11 4 2 3 3 0
> GRENADE 3 1 9 2 3
> GRENADE 3 1 5 4 3
> POWERUP SHOE -2 11 3 7
> POWERUP SHOE -2 3 11 7
> BAT1 1 6 13 8 1 8 1 7 13 7
< RES 1637329245 169 1
< GRENADE
> REQ 1637329245 170 1
> VAMPIRE 1 11 4 2 2 3 0
> VAMPIRE 2 11 4 1 2 3 0
> VAMPIRE 3 3 7 3 1 3 0
> VAMPIRE 4 11 3 2 3 3 0
> GRENADE 3 1 9 1 3
> GRENADE 3 1 5 3 3
> GRENADE 1 11 4 5 3
> GRENADE 2 11 4 5 3
> POWERUP SHOE -1 11 3 7
> POWERUP SHOE -1 3 11 7
> BAT1 1 6 13 8 1 8 1 7 13 7
< RES 1637329245 170 1
< THROW XD 2
< MOVE R U
> REQ 1637329245 171 1
> VAMPIRE 1 10 5 2 2 3 0
> VAMPIRE 2 10 5 1 2 3 0
> VAMPIRE 3 3 9 3 1 3 0
> VAMPIRE 4 11 3 2 2 3 0
> GRENADE 3 1 5 2 3
> GRENADE 1 13 4 4 3
> GRENADE 2 13 4 4 3
> GRENADE 3 3 7 5 3
> GRENADE 4 11 3 5 3
> POWERUP SHOE 16 11 3 7
> POWERUP SHOE 16 3 11 7
> BAT1 1 6 13 8 1 7 13 7
< RES 1637329245 171 1
< MOVE U L
> REQ 1637329245 172 1
> VAMPIRE 1 9 4 2 2 3 0
> VAMPIRE 2 9 4 1 2 3 0
> VAMPIRE 3 3 11 3 1 3 0
> VAMPIRE 4 11 3 2 2 3 0
> GRENADE 3 1 5 1 3
> GRENADE 1 13 4 3 3
> GRENADE 2 13 4 3 3
> GRENADE 3 3 7 4 3
> GRENADE 4 11 7 4 3
> POWERUP SHOE 15 11 3 7
> POWERUP SHOE 15 3 11 7
> BAT1 1 6 13 8 1 7 13 7
< RES 1637329245 172 1
< MOVE L D
> REQ 1637329245 173 1
> VAMPIRE 1 10 3 2 2 3 0
> VAMPIRE 2 10 3 1 2 3 0
> VAMPIRE 3 3 11 3 2 3 0
> VAMPIRE 4 11 3 2 2 3 0
> GRENADE 1 13 4 2 3
> GRENADE 2 13 4 2 3
> GRENADE 3 3 7 3 3
> GRENADE 4 11 7 3 3
> POWERUP SHOE 14 11 3 7
> POWERUP SHOE 14 3 11 7
> BAT1 13 8 1 7 13 7
< RES 1637329245 173 1
< MOVE U U
> REQ 1637329245 174 1
> VAMPIRE 1 8 3 2 2 3 0
> VAMPIRE 2 8 3 1 2 3 0
> VAMPIRE 3 3 11 3 2 3 0
> VAMPIRE 4 9 3 2 1 3 0
> GRENADE 1 13 4 1 3
> GRENADE 2 13 4 1 3
> GRENADE 3 3 7 2 3
> GRENADE 4 11 7 2 3
> GRENADE 4 11 3 5 3
> POWERUP SHOE 13 11 3 7
> POWERUP SHOE 13 3 11 7
> BAT1 13 8 1 7 13 7
< RES 1637329245 174 1
< MOVE U R
> REQ 1637329245 175 1
> VAMPIRE 1 7 4 2 3 3 0
> VAMPIRE 2 7 4 1 3 3 0
> VAMPIRE 3 3 11 3 2 3 0
> VAMPIRE 4 9 1 2 0 3 0
> GRENADE 3 3 7 1 3
> GRENADE 4 11 7 1 3
> GRENADE 4 11 3 4 3
> GRENADE 4 9 3 5 3
> POWERUP SHOE 12 11 3 7
> POWERUP SHOE 12 3 11 7
> BAT1 13 8 1 7
< RES 1637329245 175 1
< MOVE R R
> REQ 1637329245 176 1
> VAMPIRE 1 7 6 2 3 3 0
> VAMPIRE 2 7 6 1 3 3 0
> VAMPIRE 3 3 11 3 3 3 0
> VAMPIRE 4 11 1 2 1 3 0
> GRENADE 4 11 3 3 3
> GRENADE 4 9 3 4 3
> POWERUP SHOE 11 11 3 7
> POWERUP SHOE 11 3 11 7
> BAT1 13 8
< RES 1637329245 176 1
< MOVE L D
> REQ 1637329245 177 1
> VAMPIRE 1 8 5 2 3 3 0
> VAMPIRE 2 8 5 1 3 3 0
> VAMPIRE 3 3 11 3 3 3 0
> VAMPIRE 4 12 1 2 1 3 0
> GRENADE 4 11 3 2 3
> GRENADE 4 9 3 3 3
> POWERUP SHOE 10 11 3 7
> POWERUP SHOE 10 3 11 7
> BAT1 13 8
< RES 1637329245 177 1
< MOVE U L
> REQ 1637329245 178 1
> VAMPIRE 1 7 4 2 3 3 0
> VAMPIRE 2 7 4 1 3 3 0
> VAMPIRE 3 3 11 3 3 3 0
> VAMPIRE 4 13 2 2 1 3 0
> GRENADE 4 11 3 1 3
> GRENADE 4 9 3 2 3
> POWERUP SHOE 9 11 3 7
> POWERUP SHOE 9 3 11 7
> BAT1 13 8
< RES 1637329245 178 1
< MOVE R D
> REQ 1637329245 179 1
> VAMPIRE 1 8 5 2 3 3 0
> VAMPIRE 2 8 5 1 3 3 0
> VAMPIRE 3 3 11 3 3 3 30
> VAMPIRE 4 12 3 2 3 3 0
> POWERUP SHOE 8 11 3 7
> BAT1 13 8
< RES 1637329245 179 1
< MOVE D D
> REQ 1637329245 180 1
> VAMPIRE 1 10 5 2 3 3 0
> VAMPIRE 2 10 5 1 3 3 0
> VAMPIRE 3 5 11 3 3 3 29
> VAMPIRE 4 11 3 2 3 3 0
> POWERUP SHOE 7 11 3 7
> BAT1 13 8
< RES 1637329245 180 1
< MOVE D L
> REQ 1637329245 181 1
> VAMPIRE 1 11 4 2 3 3 0
> VAMPIRE 2 11 4 1 3 3 0
> VAMPIRE 3 7 11 3 3 3 28
> VAMPIRE 4 11 3 2 3 3 0
> POWERUP SHOE 6 11 3 7
> BAT1 13 8
< RES 1637329245 181 1
< MOVE R
> REQ 1637329245 182 1
> VAMPIRE 1 11 5 2 3 3 0
> VAMPIRE 2 11 5 1 3 3 0
> VAMPIRE 3 7 9 3 3 3 27
> VAMPIRE 4 11 5 2 2 3 0
> GRENADE 4 11 3 5 3
> POWERUP SHOE 5 11 3 7
> BAT1 13 8
< RES 1637329245 182 1
< GRENADE
< MOVE D D
> REQ 1637329245 183 1
> VAMPIRE 1 13 5 2 2 3 0
> VAMPIRE 2 13 5 1 2 3 0
> VAMPIRE 3 7 7 3 3 3 26
> VAMPIRE 4 13 5 2 1 3 0
> GRENADE 4 11 3 4 3
> GRENADE 1 11 5 5 3
> GRENADE 2 11 5 5 3
> GRENADE 4 11 5 5 3
> POWERUP SHOE 4 11 3 7
> BAT1 13 8
< RES 1637329245 183 1
< GRENADE
< MOVE L L
> REQ 1637329245 184 1
> VAMPIRE 1 13 3 2 1 3 0
> VAMPIRE 2 13 3 1 1 3 0
> VAMPIRE 3 7 7 3 3 3 25
> VAMPIRE 4 13 3 2 0 3 0
> GRENADE 4 11 3 3 3
> GRENADE 1 11 5 4 3
> GRENADE 2 11 5 4 3
> GRENADE 4 11 5 4 3
> GRENADE 1 13 5 5 3
> GRENADE 2 13 5 5 3
> GRENADE 4 13 5 5 3
> POWERUP SHOE 3 11 3 7
> BAT1 13 8
< RES 1637329245 184 1
< GRENADE
< MOVE L L
> REQ 1637329245 185 1
> VAMPIRE 1 13 1 2 0 3 0
> VAMPIRE 2 13 1 1 0 3 0
> VAMPIRE 3 8 5 3 3 3 24
> VAMPIRE 4 12 3 2 0 3 0
> GRENADE 4 11 3 2 3
> GRENADE 1 11 5 3 3
> GRENADE 2 11 5 3 3
> GRENADE 4 11 5 3 3
> GRENADE 1 13 5 4 3
> GRENADE 2 13 5 4 3
> GRENADE 4 13 5 4 3
> GRENADE 1 13 3 5 3
> GRENADE 2 13 3 5 3
> POWERUP SHOE 2 11 3 7
> BAT1 13 8
< RES 1637329245 185 1
< GRENADE
> REQ 1637329245 186 1
> VAMPIRE 1 13 1 2 0 3 0
> VAMPIRE 2 13 1 1 0 3 0
> VAMPIRE 3 7 7 3 2 3 23
> VAMPIRE 4 12 3 2 0 3 0
> GRENADE 4 7 3 1 3
> GRENADE 1 11 5 2 3
> GRENADE 2 11 5 2 3
> GRENADE 4 11 5 2 3
> GRENADE 1 13 5 3 3
> GRENADE 2 13 5 3 3
> GRENADE 4 13 5 3 3
> GRENADE 1 13 3 4 3
> GRENADE 2 13 3 4 3
> GRENADE 3 8 5 5 3
> POWERUP SHOE 1 11 3 7
> BAT1 13 8
< RES 1637329245 186 1
< MOVE U U
> REQ 1637329245 187 1
> VAMPIRE 1 11 1 2 0 3 0
> VAMPIRE 2 11 1 1 0 3 0
> VAMPIRE 3 7 7 3 2 3 22
> VAMPIRE 4 11 3 2 1 3 0
> GRENADE 1 11 5 1 3
> GRENADE 2 11 5 1 3
> GRENADE 4 11 5 1 3
> GRENADE 1 13 5 2 3
> GRENADE 2 13 5 2 3
> GRENADE 4 13 5 2 3
> GRENADE 1 13 3 3 3
> GRENADE 2 13 3 3 3
> GRENADE 3 8 5 4 3
> BAT1 13 8
< RES 1637329245 187 1
< MOVE U U
> REQ 1637329245 188 1
> VAMPIRE 1 9 1 2 3 3 0
> VAMPIRE 2 9 1 1 3 3 0
> VAMPIRE 3 7 7 3 3 3 21
> VAMPIRE 4 11 2 1 3 3 0
< RES 1637329245 188 1
< MOVE R R
> REQ 1637329245 189 1
> VAMPIRE 1 9 3 2 3 3 0
> VAMPIRE 2 9 3 1 3 3 0
> VAMPIRE 3 7 7 3 3 3 20
> VAMPIRE 4 12 3 1 3 3 0
< RES 1637329245 189 1
< MOVE U U
> REQ 1637329245 190 1
> VAMPIRE 1 7 3 2 3 3 0
> VAMPIRE 2 7 3 1 3 3 0
> VAMPIRE 3 7 7 3 3 3 19
> VAMPIRE 4 13 2 1 3 3 0
< RES 1637329245 190 1
> REQ 1637329245 191 1
> VAMPIRE 1 7 3 2 3 3 0
> VAMPIRE 2 7 3 1 3 3 0
> VAMPIRE 3 7 7 3 3 3 18
> VAMPIRE 4 13 3 1 3 3 0
< RES 1637329245 191 1
> REQ 1637329245 192 1
> VAMPIRE 1 7 3 2 3 3 0
> VAMPIRE 2 7 3 1 3 3 0
> VAMPIRE 3 7 7 3 3 3 17
> VAMPIRE 4 11 3 1 3 3 0
< RES 1637329245 192 1
> REQ 1637329245 193 1
> VAMPIRE 1 7 3 2 3 3 0
> VAMPIRE 2 7 3 1 3 3 0
> VAMPIRE 3 7 7 3 3 3 16
> VAMPIRE 4 11 5 1 3 3 0
< RES 1637329245 193 1
> REQ 1637329245 194 1
> VAMPIRE 1 7 3 2 3 3 0
> VAMPIRE 2 7 3 1 3 3 0
> VAMPIRE 3 7 7 3 3 3 15
> VAMPIRE 4 11 7 1 3 3 0
< RES 1637329245 194 1
> REQ 1637329245 195 1
> VAMPIRE 1 7 3 2 3 3 0
> VAMPIRE 2 7 3 1 3 3 0
> VAMPIRE 3 7 7 3 3 3 14
> VAMPIRE 4 11 7 1 3 3 0
< RES 1637329245 195 1
> REQ 1637329245 196 1
> VAMPIRE 1 7 3 2 3 3 0
> VAMPIRE 2 7 3 1 3 3 0
> VAMPIRE 3 7 7 3 3 3 13
> VAMPIRE 4 11 7 1 3 3 0
< RES 1637329245 196 1
> REQ 1637329245 197 1
> VAMPIRE 1 7 3 2 3 3 0
> VAMPIRE 2 7 3 1 3 3 0
> VAMPIRE 3 7 7 3 3 3 12
> VAMPIRE 4 11 7 1 3 3 0
< RES 1637329245 197 1
> REQ 1637329245 198 1
> VAMPIRE 1 7 3 2 3 3 0
> VAMPIRE 2 7 3 1 3 3 0
> VAMPIRE 3 7 7 3 3 3 11
> VAMPIRE 4 11 7 1 3 3 0
< RES 1637329245 198 1
> REQ 1637329245 199 1
> VAMPIRE 1 7 3 2 3 3 0
> VAMPIRE 2 7 3 1 3 3 0
> VAMPIRE 3 7 7 3 3 3 10
> VAMPIRE 4 11 7 1 3 3 0
< RES 1637329245 199 1
> REQ 1637329245 200 1
> VAMPIRE 1 7 3 2 3 3 0
> VAMPIRE 2 7 3 1 3 3 0
> VAMPIRE 3 7 7 3 3 3 9
> VAMPIRE 4 11 7 1 3 3 0
< RES 1637329245 200 1
> REQ 1637329245 201 1
> VAMPIRE 1 7 3 2 3 3 0
> VAMPIRE 2 7 3 1 3 3 0
> VAMPIRE 3 7 7 3 3 3 8
> VAMPIRE 4 11 7 1 3 3 0
> POWERUP SHOE -4 2 13 4
> POWERUP SHOE -4 12 1 4
< RES 1637329245 201 1
< MOVE D D
> REQ 1637329245 202 1
> VAMPIRE 1 9 3 2 3 3 0
> VAMPIRE 2 9 3 1 3 3 0
> VAMPIRE 3 4 7 3 3 3 7
> VAMPIRE 4 11 5 1 3 3 0
> POWERUP SHOE -3 2 13 4
> POWERUP SHOE -3 12 1 4
< RES 1637329245 202 1
< MOVE D D
> REQ 1637329245 203 1
> VAMPIRE 1 11 3 2 3 3 0
> VAMPIRE 2 11 3 1 3 3 0
> VAMPIRE 3 3 9 3 3 3 6
> VAMPIRE 4 11 3 1 3 3 0
> POWERUP SHOE -2 2 13 4
> POWERUP SHOE -2 12 1 4
< RES 1637329245 203 1
< MOVE L L
> REQ 1637329245 204 1
> VAMPIRE 1 11 1 2 3 3 0
> VAMPIRE 2 11 1 1 3 3 0
> VAMPIRE 3 3 12 3 3 3 5
> VAMPIRE 4 11 1 1 3 3 0
> POWERUP SHOE -1 2 13 4
> POWERUP SHOE -1 12 1 4
< RES 1637329245 204 1
< GRENADE
< MOVE D D
> REQ 1637329245 205 1
> VAMPIRE 1 13 1 2 2 3 0
> VAMPIRE 2 13 1 1 2 3 0
> VAMPIRE 3 2 13 3 3 3 4
> VAMPIRE 4 13 1 1 2 3 0
> GRENADE 1 11 1 5 3
> GRENADE 2 11 1 5 3
> GRENADE 4 11 1 5 3
> POWERUP SHOE 20 2 13 4
> POWERUP SHOE 20 12 1 4
< RES 1637329245 205 1
< MOVE U
> REQ 1637329245 206 1
> VAMPIRE 1 12 1 2 2 3 0
> VAMPIRE 2 12 1 1 2 3 0
> VAMPIRE 3 2 13 3 3 3 3
> VAMPIRE 4 12 1 1 2 3 0
> GRENADE 1 11 1 4 3
> GRENADE 2 11 1 4 3
> GRENADE 4 11 1 4 3
> POWERUP SHOE 19 2 13 4
> POWERUP SHOE 19 12 1 4
< RES 1637329245 206 1
< GRENADE
> REQ 1637329245 207 1
> VAMPIRE 1 12 1 2 1 3 0
> VAMPIRE 2 12 1 1 1 3 0
> VAMPIRE 3 2 13 3 3 3 2
> VAMPIRE 4 12 1 1 1 3 0
> GRENADE 1 11 1 3 3
> GRENADE 2 11 1 3 3
> GRENADE 4 11 1 3 3
> GRENADE 1 12 1 5 3
> GRENADE 2 12 1 5 3
> GRENADE 4 12 1 5 3
> POWERUP SHOE 18 2 13 4
> POWERUP SHOE 18 12 1 4
< RES 1637329245 207 1
< GRENADE
> REQ 1637329245 208 1
> VAMPIRE 1 12 1 2 0 3 0
> VAMPIRE 2 12 1 1 0 3 0
> VAMPIRE 3 2 13 3 3 3 1
> VAMPIRE 4 12 1 1 0 3 0
> GRENADE 1 11 1 2 3
> GRENADE 2 11 1 2 3
> GRENADE 4 11 1 2 3
> GRENADE 1 12 1 4 3
> GRENADE 2 12 1 4 3
> GRENADE 4 12 1 4 3
> GRENADE 1 12 1 5 3
> GRENADE 2 12 1 5 3
> GRENADE 4 12 1 5 3
> POWERUP SHOE 17 2 13 4
> POWERUP SHOE 17 12 1 4
< RES 1637329245 208 1
< GRENADE
> REQ 1637329245 209 1
> VAMPIRE 1 12 1 2 0 3 0
> VAMPIRE 2 12 1 1 0 3 0
> VAMPIRE 3 2 13 3 3 3 30
> VAMPIRE 4 12 1 1 0 3 0
> GRENADE 1 11 1 1 3
> GRENADE 2 11 1 1 3
> GRENADE 4 11 1 1 3
> GRENADE 1 12 1 3 3
> GRENADE 2 12 1 3 3
> GRENADE 4 12 1 3 3
> GRENADE 1 12 1 4 3
> GRENADE 2 12 1 4 3
> GRENADE 4 12 1 4 3
> POWERUP SHOE 16 12 1 4
< RES 1637329245 209 1
< THROW U 4
> REQ 1637329245 210 1
> VAMPIRE 1 12 1 1 3 3 30
> VAMPIRE 3 3 11 3 3 3 29
< RES 1637329245 210 1
< MOVE U R R
> REQ 1637329245 211 1
> VAMPIRE 1 11 3 1 3 3 29
> VAMPIRE 3 5 11 3 3 3 28
< RES 1637329245 211 1
< MOVE U U
> REQ 1637329245 212 1
> VAMPIRE 1 9 3 1 3 3 28
> VAMPIRE 3 5 9 3 3 3 27
< RES 1637329245 212 1
> REQ 1637329245 213 1
> VAMPIRE 1 9 3 1 3 3 27
> VAMPIRE 3 5 9 3 3 3 26
< RES 1637329245 213 1
> REQ 1637329245 214 1
> VAMPIRE 1 9 3 1 3 3 26
> VAMPIRE 3 5 9 3 3 3 25
< RES 1637329245 214 1
> REQ 1637329245 215 1
> VAMPIRE 1 9 3 1 3 3 25
> VAMPIRE 3 5 9 3 3 3 24
< RES 1637329245 215 1
> REQ 1637329245 216 1
> VAMPIRE 1 9 3 1 3 3 24
> VAMPIRE 3 5 9 3 3 3 23
< RES 1637329245 216 1
> REQ 1637329245 217 1
> VAMPIRE 1 9 3 1 3 3 23
> VAMPIRE 3 5 9 3 3 3 22
< RES 1637329245 217 1
> REQ 1637329245 218 1
> VAMPIRE 1 9 3 1 3 3 22
> VAMPIRE 3 5 9 3 3 3 21
< RES 1637329245 218 1
> REQ 1637329245 219 1
> VAMPIRE 1 9 3 1 3 3 21
> VAMPIRE 3 5 9 3 3 3 20
< RES 1637329245 219 1
> REQ 1637329245 220 1
> VAMPIRE 1 9 3 1 3 3 20
> VAMPIRE 3 5 9 3 3 3 19
< RES 1637329245 220 1
> REQ 1637329245 221 1
> VAMPIRE 1 9 3 1 3 3 19
> VAMPIRE 3 5 9 3 3 3 18
< RES 1637329245 221 1
> REQ 1637329245 222 1
> VAMPIRE 1 9 3 1 3 3 18
> VAMPIRE 3 5 9 3 3 3 17
< RES 1637329245 222 1
> REQ 1637329245 223 1
> VAMPIRE 1 9 3 1 3 3 17
> VAMPIRE 3 5 9 3 3 3 16
< RES 1637329245 223 1
> REQ 1637329245 224 1
> VAMPIRE 1 9 3 1 3 3 16
> VAMPIRE 3 5 9 3 3 3 15
< RES 1637329245 224 1
> REQ 1637329245 225 1
> VAMPIRE 1 9 3 1 3 3 15
> VAMPIRE 3 5 9 3 3 3 14
< RES 1637329245 225 1
> REQ 1637329245 226 1
> VAMPIRE 1 9 3 1 3 3 14
> VAMPIRE 3 5 9 3 3 3 13
< RES 1637329245 226 1
> REQ 1637329245 227 1
> VAMPIRE 1 9 3 1 3 3 13
> VAMPIRE 3 5 9 3 3 3 12
< RES 1637329245 227 1
> REQ 1637329245 228 1
> VAMPIRE 1 9 3 1 3 3 12
> VAMPIRE 3 5 9 3 3 3 11
< RES 1637329245 228 1
> REQ 1637329245 229 1
> VAMPIRE 1 9 3 1 3 3 11
> VAMPIRE 3 5 9 3 3 3 10
< RES 1637329245 229 1
> REQ 1637329245 230 1
> VAMPIRE 1 9 3 1 3 3 10
> VAMPIRE 3 5 9 3 3 3 9
< RES 1637329245 230 1
> REQ 1637329245 231 1
> VAMPIRE 1 9 3 1 3 3 9
> VAMPIRE 3 5 9 3 3 3 8
< RES 1637329245 231 1
> REQ 1637329245 232 1
> VAMPIRE 1 9 3 1 3 3 8
> VAMPIRE 3 5 9 3 3 3 7
< RES 1637329245 232 1
> REQ 1637329245 233 1
> VAMPIRE 1 9 3 1 3 3 7
> VAMPIRE 3 5 9 3 3 3 6
< RES 1637329245 233 1
> REQ 1637329245 234 1
> VAMPIRE 1 9 3 1 3 3 6
> VAMPIRE 3 5 9 3 3 3 5
< RES 1637329245 234 1
> REQ 1637329245 235 1
> VAMPIRE 1 9 3 1 3 3 5
> VAMPIRE 3 5 9 3 3 3 4
< RES 1637329245 235 1
> REQ 1637329245 236 1
> VAMPIRE 1 9 3 1 3 3 4
> VAMPIRE 3 5 9 3 3 3 3
< RES 1637329245 236 1
< MOVE R R
> REQ 1637329245 237 1
> VAMPIRE 1 9 5 1 3 3 3
> VAMPIRE 3 7 9 3 3 3 2
< RES 1637329245 237 1
< MOVE L L
> REQ 1637329245 238 1
> VAMPIRE 1 9 3 1 3 3 2
> VAMPIRE 3 7 11 3 3 3 1
< RES 1637329245 238 1
< MOVE U U
> REQ 1637329245 239 1
> VAMPIRE 1 7 3 1 3 3 1
> VAMPIRE 3 7 9 3 3 3 0
> POWERUP TOMATO -9 7 6 6
< RES 1637329245 239 1
< MOVE R R R
> REQ 1637329245 240 1
> VAMPIRE 1 7 6 1 3 3 0
> VAMPIRE 3 7 7 3 3 3 0
> POWERUP TOMATO -8 7 6 6
< RES 1637329245 240 1
< GRENADE
> REQ 1637329245 241 1
> VAMPIRE 1 7 6 1 2 3 0
> VAMPIRE 3 7 7 3 2 3 0
> GRENADE 1 7 6 5 3
> GRENADE 3 7 7 5 3
> POWERUP TOMATO -7 7 6 6
< RES 1637329245 241 1
< GRENADE
> REQ 1637329245 242 1
> VAMPIRE 1 7 6 1 1 3 0
> VAMPIRE 3 5 7 3 1 3 0
> GRENADE 1 7 6 4 3
> GRENADE 3 7 7 4 3
> GRENADE 1 7 6 5 3
> GRENADE 3 7 7 5 3
> POWERUP TOMATO -6 7 6 6
< RES 1637329245 242 1
> REQ 1637329245 243 1
> VAMPIRE 1 7 6 1 1 3 0
> VAMPIRE 3 5 5 3 1 3 0
> GRENADE 1 7 6 3 3
> GRENADE 3 7 7 3 3
> GRENADE 1 7 6 4 3
> GRENADE 3 7 7 4 3
> POWERUP TOMATO -5 7 6 6
< RES 1637329245 243 1
< GRENADE
> REQ 1637329245 244 1
> VAMPIRE 1 7 6 1 0 3 0
> VAMPIRE 3 3 5 3 1 3 0
> GRENADE 1 7 6 2 3
> GRENADE 3 7 7 2 3
> GRENADE 1 7 6 3 3
> GRENADE 3 7 7 3 3
> GRENADE 1 7 6 5 3
> POWERUP TOMATO -4 7 6 6
< RES 1637329245 244 1
< THROW XU 4
< MOVE L U
> REQ 1637329245 245 1
> VAMPIRE 1 6 5 1 0 3 0
> VAMPIRE 3 5 5 3 1 3 0
> GRENADE 1 3 6 1 3
> GRENADE 3 7 7 1 3
> GRENADE 1 3 6 2 3
> GRENADE 3 7 7 2 3
> GRENADE 1 3 6 4 3
> POWERUP TOMATO -3 7 6 6
< RES 1637329245 245 1
< MOVE U R
> REQ 1637329245 246 1
> VAMPIRE 1 5 6 1 3 3 0
> VAMPIRE 3 7 5 3 3 3 0
> POWERUP TOMATO -2 7 6 6
< RES 1637329245 246 1
< MOVE R D
> REQ 1637329245 247 1
> VAMPIRE 1 6 7 1 3 3 0
> VAMPIRE 3 7 6 3 3 3 0
> POWERUP TOMATO -1 7 6 6
< RES 1637329245 247 1
< MOVE D L
> REQ 1637329245 248 1
> VAMPIRE 1 7 6 1 3 3 0
> VAMPIRE 3 7 6 3 3 3 0
> POWERUP TOMATO 20 7 6 6
< RES 1637329245 248 1
< GRENADE
> REQ 1637329245 249 1
> VAMPIRE 1 7 6 1 2 3 0
> VAMPIRE 3 7 6 3 3 3 0
> GRENADE 1 7 6 5 3
> POWERUP TOMATO 19 7 6 6
< RES 1637329245 249 1
< MOVE L
> REQ 1637329245 250 1
> VAMPIRE 1 7 5 1 2 3 0
> VAMPIRE 3 7 6 3 3 3 0
> GRENADE 1 7 6 4 3
> POWERUP TOMATO 18 7 6 6
< RES 1637329245 250 1
< THROW R 4
> REQ 1637329245 251 1
> VAMPIRE 1 7 5 1 2 3 0
> VAMPIRE 3 7 7 3 3 3 0
> GRENADE 1 7 10 3 3
> POWERUP TOMATO 17 7 6 6
< RES 1637329245 251 1
< MOVE R
> REQ 1637329245 252 1
> VAMPIRE 1 7 6 1 2 3 0
> VAMPIRE 3 7 5 3 2 3 0
> GRENADE 1 7 10 2 3
> GRENADE 3 7 7 5 3
> POWERUP TOMATO 16 7 6 6
< RES 1637329245 252 1
< GRENADE
> REQ 1637329245 253 1
> VAMPIRE 1 7 6 1 1 3 0
> VAMPIRE 3 6 5 3 2 3 0
> GRENADE 1 7 10 1 3
> GRENADE 3 7 7 4 3
> GRENADE 1 7 6 5 3
> POWERUP TOMATO 15 7 6 6
< RES 1637329245 253 1
< MOVE L
> END 764 Could_not_be_more_deaded
