> MESSAGE OK
> LEVEL 10
> GAMEID 1637476108
> TEST 1
> MAXTICK 800
> GRENADERADIUS 3
> SIZE 15
> REQ 1637476108 0 2
> VAMPIRE 1 1 1 3 1 3 0
> VAMPIRE 2 13 1 3 1 3 0
> VAMPIRE 3 13 13 3 1 3 0
> VAMPIRE 4 1 13 3 1 3 0
> BAT1 8 1 9 1 10 1 11 1 1 3 7 3 1 4 1 5 6 5 8 5 1 6 5 6 9 6 3 7 11 7 5 8 9 8 13 8 6 9 8 9 13 9 13 10 7 11 13 11 3 13 4 13 5 13 6 13
> BAT2 3 1 4 1 5 1 6 1 8 3 9 3 13 3 13 4 3 5 7 5 13 5 3 6 13 6 5 7 9 7 1 8 11 8 1 9 7 9 11 9 1 10 1 11 5 11 6 11 8 13 9 13 10 13 11 13
> BAT3 7 1 5 3 6 3 11 5 11 6 1 7 7 7 13 7 3 8 3 9 8 11 9 11 7 13
< RES 1637476108 0 2
< GRENADE
> REQ 1637476108 1 2
> VAMPIRE 1 1 1 3 0 3 0
> VAMPIRE 2 13 1 3 0 3 0
> VAMPIRE 3 13 13 3 0 3 0
> VAMPIRE 4 1 13 3 0 3 0
> GRENADE 1 1 1 5 3
> GRENADE 2 13 1 5 3
> GRENADE 3 13 13 5 3
> GRENADE 4 1 13 5 3
> BAT1 8 1 9 1 10 1 11 1 1 3 7 3 1 4 1 5 6 5 8 5 1 6 5 6 9 6 3 7 11 7 5 8 9 8 13 8 6 9 8 9 13 9 13 10 7 11 13 11 3 13 4 13 5 13 6 13
> BAT2 3 1 4 1 5 1 6 1 8 3 9 3 13 3 13 4 3 5 7 5 13 5 3 6 13 6 5 7 9 7 1 8 11 8 1 9 7 9 11 9 1 10 1 11 5 11 6 11 8 13 9 13 10 13 11 13
> BAT3 7 1 5 3 6 3 11 5 11 6 1 7 7 7 13 7 3 8 3 9 8 11 9 11 7 13
< RES 1637476108 1 2
> REQ 1637476108 2 2
> VAMPIRE 1 1 1 3 0 3 0
> VAMPIRE 2 13 1 3 0 3 0
> VAMPIRE 3 13 13 3 0 3 0
> VAMPIRE 4 1 13 3 0 3 0
> GRENADE 1 1 1 4 3
> GRENADE 2 13 1 4 3
> GRENADE 3 13 13 4 3
> GRENADE 4 1 13 4 3
> BAT1 8 1 9 1 10 1 11 1 1 3 7 3 1 4 1 5 6 5 8 5 1 6 5 6 9 6 3 7 11 7 5 8 9 8 13 8 6 9 8 9 13 9 13 10 7 11 13 11 3 13 4 13 5 13 6 13
> BAT2 3 1 4 1 5 1 6 1 8 3 9 3 13 3 13 4 3 5 7 5 13 5 3 6 13 6 5 7 9 7 1 8 11 8 1 9 7 9 11 9 1 10 1 11 5 11 6 11 8 13 9 13 10 13 11 13
> BAT3 7 1 5 3 6 3 11 5 11 6 1 7 7 7 13 7 3 8 3 9 8 11 9 11 7 13
< RES 1637476108 2 2
> REQ 1637476108 3 2
> VAMPIRE 1 1 1 3 0 3 0
> VAMPIRE 2 13 1 3 0 3 0
> VAMPIRE 3 13 13 3 0 3 0
> VAMPIRE 4 1 13 3 0 3 0
> GRENADE 1 1 1 3 3
> GRENADE 2 13 1 3 3
> GRENADE 3 13 13 3 3
> GRENADE 4 1 13 3 3
> BAT1 8 1 9 1 10 1 11 1 1 3 7 3 1 4 1 5 6 5 8 5 1 6 5 6 9 6 3 7 11 7 5 8 9 8 13 8 6 9 8 9 13 9 13 10 7 11 13 11 3 13 4 13 5 13 6 13
> BAT2 3 1 4 1 5 1 6 1 8 3 9 3 13 3 13 4 3 5 7 5 13 5 3 6 13 6 5 7 9 7 1 8 11 8 1 9 7 9 11 9 1 10 1 11 5 11 6 11 8 13 9 13 10 13 11 13
> BAT3 7 1 5 3 6 3 11 5 11 6 1 7 7 7 13 7 3 8 3 9 8 11 9 11 7 13
< RES 1637476108 3 2
< THROW XU 1
< MOVE R
> REQ 1637476108 4 2
> VAMPIRE 1 2 1 3 0 3 0
> VAMPIRE 2 13 2 3 0 3 0
> VAMPIRE 3 12 13 3 0 3 0
> VAMPIRE 4 1 12 3 0 3 0
> GRENADE 1 1 2 2 3
> GRENADE 2 12 1 2 3
> GRENADE 3 13 12 2 3
> GRENADE 4 2 13 2 3
> BAT1 8 1 9 1 10 1 11 1 1 3 7 3 1 4 1 5 6 5 8 5 1 6 5 6 9 6 3 7 11 7 5 8 9 8 13 8 6 9 8 9 13 9 13 10 7 11 13 11 3 13 4 13 5 13 6 13
> BAT2 3 1 4 1 5 1 6 1 8 3 9 3 13 3 13 4 3 5 7 5 13 5 3 6 13 6 5 7 9 7 1 8 11 8 1 9 7 9 11 9 1 10 1 11 5 11 6 11 8 13 9 13 10 13 11 13
> BAT3 7 1 5 3 6 3 11 5 11 6 1 7 7 7 13 7 3 8 3 9 8 11 9 11 7 13
< RES 1637476108 4 2
> REQ 1637476108 5 2
> VAMPIRE 1 2 1 3 0 3 0
> VAMPIRE 2 13 2 3 0 3 0
> VAMPIRE 3 12 13 3 0 3 0
> VAMPIRE 4 1 12 3 0 3 0
> GRENADE 1 1 2 1 3
> GRENADE 2 12 1 1 3
> GRENADE 3 13 12 1 3
> GRENADE 4 2 13 1 3
> BAT1 8 1 9 1 10 1 11 1 1 3 7 3 1 4 1 5 6 5 8 5 1 6 5 6 9 6 3 7 11 7 5 8 9 8 13 8 6 9 8 9 13 9 13 10 7 11 13 11 3 13 4 13 5 13 6 13
> BAT2 3 1 4 1 5 1 6 1 8 3 9 3 13 3 13 4 3 5 7 5 13 5 3 6 13 6 5 7 9 7 1 8 11 8 1 9 7 9 11 9 1 10 1 11 5 11 6 11 8 13 9 13 10 13 11 13
> BAT3 7 1 5 3 6 3 11 5 11 6 1 7 7 7 13 7 3 8 3 9 8 11 9 11 7 13
< RES 1637476108 5 2
< MOVE L
> REQ 1637476108 6 2
> VAMPIRE 1 1 1 3 1 3 0
> VAMPIRE 2 13 1 3 1 3 0
> VAMPIRE 3 13 13 3 1 3 0
> VAMPIRE 4 1 13 3 1 3 0
> BAT1 8 1 9 1 10 1 7 3 1 4 1 5 6 5 8 5 1 6 5 6 9 6 3 7 11 7 5 8 9 8 13 8 6 9 8 9 13 9 13 10 7 11 4 13 5 13 6 13
> BAT2 3 1 4 1 5 1 6 1 8 3 9 3 13 3 13 4 3 5 7 5 13 5 3 6 13 6 5 7 9 7 1 8 11 8 1 9 7 9 11 9 1 10 1 11 5 11 6 11 8 13 9 13 10 13 11 13
> BAT3 7 1 5 3 6 3 11 5 11 6 1 7 7 7 13 7 3 8 3 9 8 11 9 11 7 13
< RES 1637476108 6 2
< MOVE U U
> REQ 1637476108 7 2
> VAMPIRE 1 1 3 3 1 3 0
> VAMPIRE 2 11 1 3 1 3 0
> VAMPIRE 3 13 11 3 1 3 0
> VAMPIRE 4 3 13 3 1 3 0
> BAT1 8 1 9 1 10 1 7 3 1 4 1 5 6 5 8 5 1 6 5 6 9 6 3 7 11 7 5 8 9 8 13 8 6 9 8 9 13 9 13 10 7 11 4 13 5 13 6 13
> BAT2 3 1 4 1 5 1 6 1 8 3 9 3 13 3 13 4 3 5 7 5 13 5 3 6 13 6 5 7 9 7 1 8 11 8 1 9 7 9 11 9 1 10 1 11 5 11 6 11 8 13 9 13 10 13 11 13
> BAT3 7 1 5 3 6 3 11 5 11 6 1 7 7 7 13 7 3 8 3 9 8 11 9 11 7 13
< RES 1637476108 7 2
< MOVE R R
> REQ 1637476108 8 2
> VAMPIRE 1 3 3 3 1 3 0
> VAMPIRE 2 11 3 3 1 3 0
> VAMPIRE 3 11 11 3 1 3 0
> VAMPIRE 4 3 11 3 1 3 0
> BAT1 8 1 9 1 10 1 7 3 1 4 1 5 6 5 8 5 1 6 5 6 9 6 3 7 11 7 5 8 9 8 13 8 6 9 8 9 13 9 13 10 7 11 4 13 5 13 6 13
> BAT2 3 1 4 1 5 1 6 1 8 3 9 3 13 3 13 4 3 5 7 5 13 5 3 6 13 6 5 7 9 7 1 8 11 8 1 9 7 9 11 9 1 10 1 11 5 11 6 11 8 13 9 13 10 13 11 13
> BAT3 7 1 5 3 6 3 11 5 11 6 1 7 7 7 13 7 3 8 3 9 8 11 9 11 7 13
< RES 1637476108 8 2
< GRENADE
< MOVE L L
> REQ 1637476108 9 2
> VAMPIRE 1 1 3 3 0 3 0
> VAMPIRE 2 11 1 3 0 3 0
> VAMPIRE 3 13 11 3 0 3 0
> VAMPIRE 4 3 13 3 0 3 0
> GRENADE 1 3 3 5 3
> GRENADE 2 11 3 5 3
> GRENADE 3 11 11 5 3
> GRENADE 4 3 11 5 3
> BAT1 8 1 9 1 10 1 7 3 1 4 1 5 6 5 8 5 1 6 5 6 9 6 3 7 11 7 5 8 9 8 13 8 6 9 8 9 13 9 13 10 7 11 4 13 5 13 6 13
> BAT2 3 1 4 1 5 1 6 1 8 3 9 3 13 3 13 4 3 5 7 5 13 5 3 6 13 6 5 7 9 7 1 8 11 8 1 9 7 9 11 9 1 10 1 11 5 11 6 11 8 13 9 13 10 13 11 13
> BAT3 7 1 5 3 6 3 11 5 11 6 1 7 7 7 13 7 3 8 3 9 8 11 9 11 7 13
< RES 1637476108 9 2
< MOVE D
> REQ 1637476108 10 2
> VAMPIRE 1 1 2 3 0 3 0
> VAMPIRE 2 12 1 3 0 3 0
> VAMPIRE 3 13 12 3 0 3 0
> VAMPIRE 4 2 13 3 0 3 0
> GRENADE 1 3 3 4 3
> GRENADE 2 11 3 4 3
> GRENADE 3 11 11 4 3
> GRENADE 4 3 11 4 3
> BAT1 8 1 9 1 10 1 7 3 1 4 1 5 6 5 8 5 1 6 5 6 9 6 3 7 11 7 5 8 9 8 13 8 6 9 8 9 13 9 13 10 7 11 4 13 5 13 6 13
> BAT2 3 1 4 1 5 1 6 1 8 3 9 3 13 3 13 4 3 5 7 5 13 5 3 6 13 6 5 7 9 7 1 8 11 8 1 9 7 9 11 9 1 10 1 11 5 11 6 11 8 13 9 13 10 13 11 13
> BAT3 7 1 5 3 6 3 11 5 11 6 1 7 7 7 13 7 3 8 3 9 8 11 9 11 7 13
< RES 1637476108 10 2
> REQ 1637476108 11 2
> VAMPIRE 1 1 2 3 0 3 0
> VAMPIRE 2 12 1 3 0 3 0
> VAMPIRE 3 13 12 3 0 3 0
> VAMPIRE 4 2 13 3 0 3 0
> GRENADE 1 3 3 3 3
> GRENADE 2 11 3 3 3
> GRENADE 3 11 11 3 3
> GRENADE 4 3 11 3 3
> BAT1 8 1 9 1 10 1 7 3 1 4 1 5 6 5 8 5 1 6 5 6 9 6 3 7 11 7 5 8 9 8 13 8 6 9 8 9 13 9 13 10 7 11 4 13 5 13 6 13
> BAT2 3 1 4 1 5 1 6 1 8 3 9 3 13 3 13 4 3 5 7 5 13 5 3 6 13 6 5 7 9 7 1 8 11 8 1 9 7 9 11 9 1 10 1 11 5 11 6 11 8 13 9 13 10 13 11 13
> BAT3 7 1 5 3 6 3 11 5 11 6 1 7 7 7 13 7 3 8 3 9 8 11 9 11 7 13
< RES 1637476108 11 2
> REQ 1637476108 12 2
> VAMPIRE 1 1 2 3 0 3 0
> VAMPIRE 2 12 1 3 0 3 0
> VAMPIRE 3 13 12 3 0 3 0
> VAMPIRE 4 2 13 3 0 3 0
> GRENADE 1 3 3 2 3
> GRENADE 2 11 3 2 3
> GRENADE 3 11 11 2 3
> GRENADE 4 3 11 2 3
> BAT1 8 1 9 1 10 1 7 3 1 4 1 5 6 5 8 5 1 6 5 6 9 6 3 7 11 7 5 8 9 8 13 8 6 9 8 9 13 9 13 10 7 11 4 13 5 13 6 13
> BAT2 3 1 4 1 5 1 6 1 8 3 9 3 13 3 13 4 3 5 7 5 13 5 3 6 13 6 5 7 9 7 1 8 11 8 1 9 7 9 11 9 1 10 1 11 5 11 6 11 8 13 9 13 10 13 11 13
> BAT3 7 1 5 3 6 3 11 5 11 6 1 7 7 7 13 7 3 8 3 9 8 11 9 11 7 13
< RES 1637476108 12 2
> REQ 1637476108 13 2
> VAMPIRE 1 1 2 3 0 3 0
> VAMPIRE 2 12 1 3 0 3 0
> VAMPIRE 3 13 12 3 0 3 0
> VAMPIRE 4 2 13 3 0 3 0
> GRENADE 1 3 3 1 3
> GRENADE 2 11 3 1 3
> GRENADE 3 11 11 1 3
> GRENADE 4 3 11 1 3
> BAT1 8 1 9 1 10 1 7 3 1 4 1 5 6 5 8 5 1 6 5 6 9 6 3 7 11 7 5 8 9 8 13 8 6 9 8 9 13 9 13 10 7 11 4 13 5 13 6 13
> BAT2 3 1 4 1 5 1 6 1 8 3 9 3 13 3 13 4 3 5 7 5 13 5 3 6 13 6 5 7 9 7 1 8 11 8 1 9 7 9 11 9 1 10 1 11 5 11 6 11 8 13 9 13 10 13 11 13
> BAT3 7 1 5 3 6 3 11 5 11 6 1 7 7 7 13 7 3 8 3 9 8 11 9 11 7 13
< RES 1637476108 13 2
< MOVE U R
> REQ 1637476108 14 2
> VAMPIRE 1 2 3 3 1 3 0
> VAMPIRE 2 11 2 3 1 3 0
> VAMPIRE 3 12 11 3 1 3 0
> VAMPIRE 4 3 12 3 1 3 0
> BAT1 8 1 9 1 10 1 7 3 1 4 1 5 6 5 8 5 1 6 5 6 9 6 3 7 11 7 5 8 9 8 13 8 6 9 8 9 13 9 13 10 7 11 4 13 5 13 6 13 3 1 9 3 13 3 3 5 11 9 1 11 5 11 11 13
> BAT2 4 1 5 1 6 1 8 3 13 4 7 5 13 5 3 6 13 6 5 7 9 7 1 8 11 8 1 9 7 9 1 10 6 11 8 13 9 13 10 13 5 3 11 5 3 9 9 11
> BAT3 7 1 6 3 11 6 1 7 7 7 13 7 3 8 8 11 7 13
< RES 1637476108 14 2
< MOVE R U
> REQ 1637476108 15 2
> VAMPIRE 1 3 3 3 1 3 0
> VAMPIRE 2 10 3 3 1 3 0
> VAMPIRE 3 11 11 3 1 3 0
> VAMPIRE 4 3 11 3 1 3 0
> BAT1 8 1 9 1 10 1 7 3 1 4 1 5 6 5 8 5 1 6 5 6 9 6 3 7 11 7 5 8 9 8 13 8 6 9 8 9 13 9 13 10 7 11 4 13 5 13 6 13 3 1 9 3 13 3 3 5 11 9 1 11 5 11 11 13
> BAT2 4 1 5 1 6 1 8 3 13 4 7 5 13 5 3 6 13 6 5 7 9 7 1 8 11 8 1 9 7 9 1 10 6 11 8 13 9 13 10 13 5 3 11 5 3 9 9 11
> BAT3 7 1 6 3 11 6 1 7 7 7 13 7 3 8 8 11 7 13
< RES 1637476108 15 2
< GRENADE
< MOVE D L
> REQ 1637476108 16 2
> VAMPIRE 1 1 3 3 0 3 0
> VAMPIRE 2 11 2 3 0 3 0
> VAMPIRE 3 13 11 3 0 3 0
> VAMPIRE 4 3 13 3 0 3 0
> GRENADE 1 3 3 5 3
> GRENADE 2 10 3 5 3
> GRENADE 3 11 11 5 3
> GRENADE 4 3 11 5 3
> BAT1 8 1 9 1 10 1 7 3 1 4 1 5 6 5 8 5 1 6 5 6 9 6 3 7 11 7 5 8 9 8 13 8 6 9 8 9 13 9 13 10 7 11 4 13 5 13 6 13 3 1 9 3 13 3 3 5 11 9 1 11 5 11 11 13
> BAT2 4 1 5 1 6 1 8 3 13 4 7 5 13 5 3 6 13 6 5 7 9 7 1 8 11 8 1 9 7 9 1 10 6 11 8 13 9 13 10 13 5 3 11 5 3 9 9 11
> BAT3 7 1 6 3 11 6 1 7 7 7 13 7 3 8 8 11 7 13
< RES 1637476108 16 2
< MOVE L
> REQ 1637476108 17 2
> VAMPIRE 1 1 2 3 0 3 0
> VAMPIRE 2 11 1 3 0 3 0
> VAMPIRE 3 13 12 3 0 3 0
> VAMPIRE 4 2 13 3 0 3 0
> GRENADE 1 3 3 4 3
> GRENADE 2 10 3 4 3
> GRENADE 3 11 11 4 3
> GRENADE 4 3 11 4 3
> BAT1 8 1 9 1 10 1 7 3 1 4 1 5 6 5 8 5 1 6 5 6 9 6 3 7 11 7 5 8 9 8 13 8 6 9 8 9 13 9 13 10 7 11 4 13 5 13 6 13 3 1 9 3 13 3 3 5 11 9 1 11 5 11 11 13
> BAT2 4 1 5 1 6 1 8 3 13 4 7 5 13 5 3 6 13 6 5 7 9 7 1 8 11 8 1 9 7 9 1 10 6 11 8 13 9 13 10 13 5 3 11 5 3 9 9 11
> BAT3 7 1 6 3 11 6 1 7 7 7 13 7 3 8 8 11 7 13
< RES 1637476108 17 2
> REQ 1637476108 18 2
> VAMPIRE 1 1 2 3 0 3 0
> VAMPIRE 2 11 1 3 0 3 0
> VAMPIRE 3 13 12 3 0 3 0
> VAMPIRE 4 2 13 3 0 3 0
> GRENADE 1 3 3 3 3
> GRENADE 2 10 3 3 3
> GRENADE 3 11 11 3 3
> GRENADE 4 3 11 3 3
> BAT1 8 1 9 1 10 1 7 3 1 4 1 5 6 5 8 5 1 6 5 6 9 6 3 7 11 7 5 8 9 8 13 8 6 9 8 9 13 9 13 10 7 11 4 13 5 13 6 13 3 1 9 3 13 3 3 5 11 9 1 11 5 11 11 13
> BAT2 4 1 5 1 6 1 8 3 13 4 7 5 13 5 3 6 13 6 5 7 9 7 1 8 11 8 1 9 7 9 1 10 6 11 8 13 9 13 10 13 5 3 11 5 3 9 9 11
> BAT3 7 1 6 3 11 6 1 7 7 7 13 7 3 8 8 11 7 13
< RES 1637476108 18 2
> REQ 1637476108 19 2
> VAMPIRE 1 1 2 3 0 3 0
> VAMPIRE 2 11 1 3 0 3 0
> VAMPIRE 3 13 12 3 0 3 0
> VAMPIRE 4 2 13 3 0 3 0
> GRENADE 1 3 3 2 3
> GRENADE 2 10 3 2 3
> GRENADE 3 11 11 2 3
> GRENADE 4 3 11 2 3
> BAT1 8 1 9 1 10 1 7 3 1 4 1 5 6 5 8 5 1 6 5 6 9 6 3 7 11 7 5 8 9 8 13 8 6 9 8 9 13 9 13 10 7 11 4 13 5 13 6 13 3 1 9 3 13 3 3 5 11 9 1 11 5 11 11 13
> BAT2 4 1 5 1 6 1 8 3 13 4 7 5 13 5 3 6 13 6 5 7 9 7 1 8 11 8 1 9 7 9 1 10 6 11 8 13 9 13 10 13 5 3 11 5 3 9 9 11
> BAT3 7 1 6 3 11 6 1 7 7 7 13 7 3 8 8 11 7 13
< RES 1637476108 19 2
> REQ 1637476108 20 2
> VAMPIRE 1 1 2 3 0 3 0
> VAMPIRE 2 11 1 3 0 3 0
> VAMPIRE 3 13 12 3 0 3 0
> VAMPIRE 4 2 13 3 0 3 0
> GRENADE 1 3 3 1 3
> GRENADE 2 10 3 1 3
> GRENADE 3 11 11 1 3
> GRENADE 4 3 11 1 3
> BAT1 8 1 9 1 10 1 7 3 1 4 1 5 6 5 8 5 1 6 5 6 9 6 3 7 11 7 5 8 9 8 13 8 6 9 8 9 13 9 13 10 7 11 4 13 5 13 6 13 3 1 9 3 13 3 3 5 11 9 1 11 5 11 11 13
> BAT2 4 1 5 1 6 1 8 3 13 4 7 5 13 5 3 6 13 6 5 7 9 7 1 8 11 8 1 9 7 9 1 10 6 11 8 13 9 13 10 13 5 3 11 5 3 9 9 11
> BAT3 7 1 6 3 11 6 1 7 7 7 13 7 3 8 8 11 7 13
< RES 1637476108 20 2
< MOVE R R
> REQ 1637476108 21 2
> VAMPIRE 1 1 3 3 1 3 0
> VAMPIRE 2 11 3 3 1 3 0
> VAMPIRE 3 13 11 3 1 3 0
> VAMPIRE 4 3 13 3 1 3 0
> BAT1 8 1 9 1 10 1 7 3 1 4 1 5 6 5 8 5 1 6 5 6 9 6 3 7 11 7 5 8 9 8 13 8 6 9 8 9 13 9 13 10 7 11 4 13 5 13 6 13 5 3 3 9 9 11
> BAT2 4 1 5 1 6 1 8 3 13 4 7 5 13 5 3 6 13 6 5 7 9 7 1 8 11 8 1 9 7 9 1 10 6 11 8 13 9 13 10 13 11 5
> BAT3 7 1 6 3 11 6 1 7 7 7 13 7 3 8 8 11 7 13
< RES 1637476108 21 2
< GRENADE
> REQ 1637476108 22 2
> VAMPIRE 1 3 3 3 1 3 0
> VAMPIRE 2 11 3 3 0 3 0
> VAMPIRE 3 11 11 3 1 3 0
> VAMPIRE 4 3 11 3 1 3 0
> GRENADE 2 11 3 5 3
> BAT1 8 1 9 1 10 1 7 3 1 4 1 5 6 5 8 5 1 6 5 6 9 6 3 7 11 7 5 8 9 8 13 8 6 9 8 9 13 9 13 10 7 11 4 13 5 13 6 13 5 3 3 9 9 11
> BAT2 4 1 5 1 6 1 8 3 13 4 7 5 13 5 3 6 13 6 5 7 9 7 1 8 11 8 1 9 7 9 1 10 6 11 8 13 9 13 10 13 11 5
> BAT3 7 1 6 3 11 6 1 7 7 7 13 7 3 8 8 11 7 13
< RES 1637476108 22 2
< THROW XU 2
< MOVE L L
> REQ 1637476108 23 2
> VAMPIRE 1 3 3 3 0 3 0
> VAMPIRE 2 11 1 3 0 3 0
> VAMPIRE 3 11 11 3 0 3 0
> VAMPIRE 4 3 11 3 0 3 0
> GRENADE 2 9 3 4 3
> GRENADE 1 3 3 5 3
> GRENADE 3 11 11 5 3
> GRENADE 4 3 11 5 3
> BAT1 8 1 9 1 10 1 7 3 1 4 1 5 6 5 8 5 1 6 5 6 9 6 3 7 11 7 5 8 9 8 13 8 6 9 8 9 13 9 13 10 7 11 4 13 5 13 6 13 5 3 3 9 9 11
> BAT2 4 1 5 1 6 1 8 3 13 4 7 5 13 5 3 6 13 6 5 7 9 7 1 8 11 8 1 9 7 9 1 10 6 11 8 13 9 13 10 13 11 5
> BAT3 7 1 6 3 11 6 1 7 7 7 13 7 3 8 8 11 7 13
< RES 1637476108 23 2
> REQ 1637476108 24 2
> VAMPIRE 1 1 3 3 0 3 0
> VAMPIRE 2 11 1 3 0 3 0
> VAMPIRE 3 13 11 3 0 3 0
> VAMPIRE 4 3 13 3 0 3 0
> GRENADE 2 9 3 3 3
> GRENADE 1 3 5 4 3
> GRENADE 3 11 9 4 3
> GRENADE 4 5 11 4 3
> BAT1 8 1 9 1 10 1 7 3 1 4 1 5 6 5 8 5 1 6 5 6 9 6 3 7 11 7 5 8 9 8 13 8 6 9 8 9 13 9 13 10 7 11 4 13 5 13 6 13 5 3 3 9 9 11
> BAT2 4 1 5 1 6 1 8 3 13 4 7 5 13 5 3 6 13 6 5 7 9 7 1 8 11 8 1 9 7 9 1 10 6 11 8 13 9 13 10 13 11 5
> BAT3 7 1 6 3 11 6 1 7 7 7 13 7 3 8 8 11 7 13
< RES 1637476108 24 2
> REQ 1637476108 25 2
> VAMPIRE 1 1 3 3 0 3 0
> VAMPIRE 2 11 1 3 0 3 0
> VAMPIRE 3 13 11 3 0 3 0
> VAMPIRE 4 3 13 3 0 3 0
> GRENADE 2 9 3 2 3
> GRENADE 1 3 5 3 3
> GRENADE 3 11 9 3 3
> GRENADE 4 5 11 3 3
> BAT1 8 1 9 1 10 1 7 3 1 4 1 5 6 5 8 5 1 6 5 6 9 6 3 7 11 7 5 8 9 8 13 8 6 9 8 9 13 9 13 10 7 11 4 13 5 13 6 13 5 3 3 9 9 11
> BAT2 4 1 5 1 6 1 8 3 13 4 7 5 13 5 3 6 13 6 5 7 9 7 1 8 11 8 1 9 7 9 1 10 6 11 8 13 9 13 10 13 11 5
> BAT3 7 1 6 3 11 6 1 7 7 7 13 7 3 8 8 11 7 13
< RES 1637476108 25 2
> REQ 1637476108 26 2
> VAMPIRE 1 1 3 3 0 3 0
> VAMPIRE 2 11 1 3 0 3 0
> VAMPIRE 3 13 11 3 0 3 0
> VAMPIRE 4 3 13 3 0 3 0
> GRENADE 2 9 3 1 3
> GRENADE 1 3 5 2 3
> GRENADE 3 11 9 2 3
> GRENADE 4 5 11 2 3
> BAT1 8 1 9 1 10 1 7 3 1 4 1 5 6 5 8 5 1 6 5 6 9 6 3 7 11 7 5 8 9 8 13 8 6 9 8 9 13 9 13 10 7 11 4 13 5 13 6 13 5 3 3 9 9 11
> BAT2 4 1 5 1 6 1 8 3 13 4 7 5 13 5 3 6 13 6 5 7 9 7 1 8 11 8 1 9 7 9 1 10 6 11 8 13 9 13 10 13 11 5
> BAT3 7 1 6 3 11 6 1 7 7 7 13 7 3 8 8 11 7 13
< RES 1637476108 26 2
< MOVE R R
> REQ 1637476108 27 2
> VAMPIRE 1 1 3 3 0 3 0
> VAMPIRE 2 11 3 3 1 3 0
> VAMPIRE 3 13 11 3 0 3 0
> VAMPIRE 4 3 13 3 0 3 0
> GRENADE 1 3 5 1 3
> GRENADE 3 11 9 1 3
> GRENADE 4 5 11 1 3
> BAT1 8 1 10 1 7 3 1 4 1 5 6 5 8 5 1 6 5 6 3 7 11 7 5 8 9 8 13 8 6 9 8 9 13 9 13 10 7 11 4 13 5 13 6 13 8 3 5 3 3 9 9 11
> BAT2 4 1 5 1 6 1 13 4 7 5 13 5 3 6 13 6 5 7 9 7 1 8 11 8 1 9 7 9 1 10 6 11 8 13 9 13 10 13 11 5
> BAT3 7 1 6 3 11 6 1 7 7 7 13 7 3 8 8 11 7 13
< RES 1637476108 27 2
< GRENADE
< MOVE U U
> REQ 1637476108 28 2
> VAMPIRE 1 3 3 3 1 3 0
> VAMPIRE 2 9 3 3 0 3 0
> VAMPIRE 3 11 11 3 1 3 0
> VAMPIRE 4 3 11 3 1 3 0
> GRENADE 2 11 3 5 3
> BAT1 8 1 10 1 7 3 1 4 8 5 1 6 5 6 3 7 11 7 9 8 13 8 6 9 13 10 7 11 4 13 6 13 8 3 3 6 11 8 6 11 5 3 3 9 9 11
> BAT2 4 1 5 1 6 1 13 4 7 5 13 5 13 6 5 7 9 7 1 8 1 9 7 9 1 10 8 13 9 13 10 13 11 5
> BAT3 7 1 6 3 11 6 1 7 7 7 13 7 3 8 8 11 7 13
< RES 1637476108 28 2
< MOVE R R
> REQ 1637476108 29 2
> VAMPIRE 1 3 5 3 0 3 0
> VAMPIRE 2 9 5 3 0 3 0
> VAMPIRE 3 11 9 3 0 3 0
> VAMPIRE 4 5 11 3 0 3 0
> GRENADE 2 11 3 4 3
> GRENADE 1 3 3 5 3
> GRENADE 3 11 11 5 3
> GRENADE 4 3 11 5 3
> BAT1 8 1 10 1 7 3 1 4 8 5 1 6 5 6 3 7 11 7 9 8 13 8 6 9 13 10 7 11 4 13 6 13 8 3 3 6 11 8 6 11 5 3 3 9 9 11
> BAT2 4 1 5 1 6 1 13 4 7 5 13 5 13 6 5 7 9 7 1 8 1 9 7 9 1 10 8 13 9 13 10 13 11 5
> BAT3 7 1 6 3 11 6 1 7 7 7 13 7 3 8 8 11 7 13
< RES 1637476108 29 2
> REQ 1637476108 30 2
> VAMPIRE 1 5 5 3 0 3 0
> VAMPIRE 2 9 5 3 0 3 0
> VAMPIRE 3 9 9 3 0 3 0
> VAMPIRE 4 5 9 3 0 3 0
> GRENADE 2 11 3 3 3
> GRENADE 1 3 3 4 3
> GRENADE 3 11 11 4 3
> GRENADE 4 3 11 4 3
> BAT1 8 1 10 1 7 3 1 4 8 5 1 6 5 6 3 7 11 7 9 8 13 8 6 9 13 10 7 11 4 13 6 13 8 3 3 6 11 8 6 11 5 3 3 9 9 11
> BAT2 4 1 5 1 6 1 13 4 7 5 13 5 13 6 5 7 9 7 1 8 1 9 7 9 1 10 8 13 9 13 10 13 11 5
> BAT3 7 1 6 3 11 6 1 7 7 7 13 7 3 8 8 11 7 13
< RES 1637476108 30 2
> REQ 1637476108 31 2
> VAMPIRE 1 5 5 3 0 3 0
> VAMPIRE 2 9 5 3 0 3 0
> VAMPIRE 3 9 9 3 0 3 0
> VAMPIRE 4 5 9 3 0 3 0
> GRENADE 2 11 3 2 3
> GRENADE 1 3 3 3 3
> GRENADE 3 11 11 3 3
> GRENADE 4 3 11 3 3
> BAT1 8 1 10 1 7 3 1 4 8 5 1 6 5 6 3 7 11 7 9 8 13 8 6 9 13 10 7 11 4 13 6 13 8 3 3 6 11 8 6 11 5 3 3 9 9 11
> BAT2 4 1 5 1 6 1 13 4 7 5 13 5 13 6 5 7 9 7 1 8 1 9 7 9 1 10 8 13 9 13 10 13 11 5
> BAT3 7 1 6 3 11 6 1 7 7 7 13 7 3 8 8 11 7 13
< RES 1637476108 31 2
> REQ 1637476108 32 2
> VAMPIRE 1 5 5 3 0 3 0
> VAMPIRE 2 9 5 3 0 3 0
> VAMPIRE 3 9 9 3 0 3 0
> VAMPIRE 4 5 9 3 0 3 0
> GRENADE 2 11 3 1 3
> GRENADE 1 3 3 2 3
> GRENADE 3 11 11 2 3
> GRENADE 4 3 11 2 3
> BAT1 8 1 10 1 7 3 1 4 8 5 1 6 5 6 3 7 11 7 9 8 13 8 6 9 13 10 7 11 4 13 6 13 8 3 3 6 11 8 6 11 5 3 3 9 9 11
> BAT2 4 1 5 1 6 1 13 4 7 5 13 5 13 6 5 7 9 7 1 8 1 9 7 9 1 10 8 13 9 13 10 13 11 5
> BAT3 7 1 6 3 11 6 1 7 7 7 13 7 3 8 8 11 7 13
< RES 1637476108 32 2
> REQ 1637476108 33 2
> VAMPIRE 1 5 5 3 0 3 0
> VAMPIRE 2 9 5 3 1 3 0
> VAMPIRE 3 9 9 3 0 3 0
> VAMPIRE 4 5 9 3 0 3 0
> GRENADE 1 3 3 1 3
> GRENADE 3 11 11 1 3
> GRENADE 4 3 11 1 3
> BAT1 8 1 10 1 7 3 1 4 8 5 1 6 5 6 3 7 11 7 9 8 13 8 6 9 13 10 7 11 4 13 6 13 3 6 11 8 6 11 5 3 11 5 3 9 9 11
> BAT2 4 1 5 1 6 1 13 4 7 5 13 5 13 6 5 7 9 7 1 8 1 9 7 9 1 10 8 13 9 13 10 13
> BAT3 7 1 6 3 11 6 1 7 7 7 13 7 3 8 8 11 7 13
< RES 1637476108 33 2
< GRENADE
< MOVE L L
> REQ 1637476108 34 2
> VAMPIRE 1 5 5 3 1 3 0
> VAMPIRE 2 9 3 3 0 3 0
> VAMPIRE 3 9 9 3 1 3 0
> VAMPIRE 4 5 9 3 1 3 0
> GRENADE 2 9 5 5 3
> BAT1 8 1 10 1 7 3 1 4 8 5 1 6 5 6 3 7 11 7 9 8 13 8 6 9 13 10 7 11 4 13 6 13 11 5
> BAT2 4 1 5 1 6 1 13 4 7 5 13 5 13 6 5 7 9 7 1 8 1 9 7 9 1 10 8 13 9 13 10 13
> BAT3 7 1 6 3 11 6 1 7 7 7 13 7 3 8 8 11 7 13
< RES 1637476108 34 2
< MOVE D D
> REQ 1637476108 35 2
> VAMPIRE 1 5 5 3 0 3 0
> VAMPIRE 2 11 3 3 0 3 0
> VAMPIRE 3 9 9 3 0 3 0
> VAMPIRE 4 3 9 3 1 3 0
> GRENADE 2 9 5 4 3
> GRENADE 1 5 5 5 3
> GRENADE 3 9 9 5 3
> BAT1 8 1 10 1 7 3 1 4 8 5 1 6 5 6 3 7 11 7 9 8 13 8 6 9 13 10 7 11 4 13 6 13 11 5
> BAT2 4 1 5 1 6 1 13 4 7 5 13 5 13 6 5 7 9 7 1 8 1 9 7 9 1 10 8 13 9 13 10 13
> BAT3 7 1 6 3 11 6 1 7 7 7 13 7 3 8 8 11 7 13
< RES 1637476108 35 2
> REQ 1637476108 36 2
> VAMPIRE 1 5 5 3 0 3 0
> VAMPIRE 2 11 3 3 0 3 0
> VAMPIRE 3 11 9 3 0 3 0
> VAMPIRE 4 3 11 3 0 3 0
> GRENADE 2 9 5 3 3
> GRENADE 1 9 5 4 3
> GRENADE 3 9 5 4 3
> GRENADE 4 3 9 5 3
> BAT1 8 1 10 1 7 3 1 4 8 5 1 6 5 6 3 7 11 7 9 8 13 8 6 9 13 10 7 11 4 13 6 13 11 5
> BAT2 4 1 5 1 6 1 13 4 7 5 13 5 13 6 5 7 9 7 1 8 1 9 7 9 1 10 8 13 9 13 10 13
> BAT3 7 1 6 3 11 6 1 7 7 7 13 7 3 8 8 11 7 13
< RES 1637476108 36 2
> REQ 1637476108 37 2
> VAMPIRE 1 3 5 3 0 3 0
> VAMPIRE 2 11 3 3 0 3 0
> VAMPIRE 3 11 9 3 0 3 0
> VAMPIRE 4 5 11 3 0 3 0
> GRENADE 2 9 5 2 3
> GRENADE 1 9 5 3 3
> GRENADE 3 9 5 3 3
> GRENADE 4 3 9 4 3
> BAT1 8 1 10 1 7 3 1 4 8 5 1 6 5 6 3 7 11 7 9 8 13 8 6 9 13 10 7 11 4 13 6 13 11 5
> BAT2 4 1 5 1 6 1 13 4 7 5 13 5 13 6 5 7 9 7 1 8 1 9 7 9 1 10 8 13 9 13 10 13
> BAT3 7 1 6 3 11 6 1 7 7 7 13 7 3 8 8 11 7 13
< RES 1637476108 37 2
> REQ 1637476108 38 2
> VAMPIRE 1 5 5 3 0 3 0
> VAMPIRE 2 11 3 3 0 3 0
> VAMPIRE 3 9 9 3 0 3 0
> VAMPIRE 4 5 11 3 0 3 0
> GRENADE 2 9 5 1 3
> GRENADE 1 9 5 2 3
> GRENADE 3 9 5 2 3
> GRENADE 4 3 9 3 3
> BAT1 8 1 10 1 7 3 1 4 8 5 1 6 5 6 3 7 11 7 9 8 13 8 6 9 13 10 7 11 4 13 6 13 11 5
> BAT2 4 1 5 1 6 1 13 4 7 5 13 5 13 6 5 7 9 7 1 8 1 9 7 9 1 10 8 13 9 13 10 13
> BAT3 7 1 6 3 11 6 1 7 7 7 13 7 3 8 8 11 7 13
< RES 1637476108 38 2
< MOVE U U
> REQ 1637476108 39 2
> VAMPIRE 1 5 3 3 1 3 0
> VAMPIRE 2 9 3 3 1 3 0
> VAMPIRE 3 9 11 3 1 3 0
> VAMPIRE 4 5 11 3 0 3 0
> GRENADE 4 3 9 2 3
> BAT1 8 1 10 1 7 3 1 4 1 6 5 6 3 7 11 7 9 8 13 8 6 9 13 10 7 11 4 13 6 13 9 7
> BAT2 4 1 5 1 6 1 13 4 7 5 13 5 13 6 5 7 1 8 1 9 7 9 1 10 8 13 9 13 10 13
> BAT3 7 1 6 3 11 6 1 7 7 7 13 7 3 8 8 11 7 13
< RES 1637476108 39 2
< GRENADE
> REQ 1637476108 40 2
> VAMPIRE 1 3 3 3 0 3 0
> VAMPIRE 2 9 3 3 0 3 0
> VAMPIRE 3 9 11 3 0 3 0
> VAMPIRE 4 5 11 3 0 3 0
> GRENADE 4 3 9 1 3
> GRENADE 1 5 3 5 3
> GRENADE 2 9 3 5 3
> GRENADE 3 9 11 5 3
> BAT1 8 1 10 1 7 3 1 4 1 6 5 6 3 7 11 7 9 8 13 8 6 9 13 10 7 11 4 13 6 13 9 7
> BAT2 4 1 5 1 6 1 13 4 7 5 13 5 13 6 5 7 1 8 1 9 7 9 1 10 8 13 9 13 10 13
> BAT3 7 1 6 3 11 6 1 7 7 7 13 7 3 8 8 11 7 13
< RES 1637476108 40 2
< THROW XU 4
> REQ 1637476108 41 2
> VAMPIRE 1 3 5 3 0 3 0
> VAMPIRE 2 9 3 3 0 3 0
> VAMPIRE 3 11 11 3 0 3 0
> VAMPIRE 4 5 9 3 1 3 0
> GRENADE 1 5 3 4 3
> GRENADE 2 5 3 4 3
> GRENADE 3 9 9 4 3
> BAT1 8 1 10 1 7 3 1 4 1 6 5 6 3 7 11 7 9 8 13 8 13 10 7 11 4 13 6 13 9 7 1 9
> BAT2 4 1 5 1 6 1 13 4 7 5 13 5 13 6 5 7 1 8 7 9 1 10 8 13 9 13 10 13 3 8
> BAT3 7 1 6 3 11 6 1 7 7 7 13 7 8 11 7 13
< RES 1637476108 41 2
> REQ 1637476108 42 2
> VAMPIRE 1 3 5 3 0 3 0
> VAMPIRE 2 9 3 3 0 3 0
> VAMPIRE 3 11 11 3 0 3 0
> VAMPIRE 4 5 9 3 0 3 0
> GRENADE 1 5 3 3 3
> GRENADE 2 5 3 3 3
> GRENADE 3 9 9 3 3
> GRENADE 4 5 9 5 3
> BAT1 8 1 10 1 7 3 1 4 1 6 5 6 3 7 11 7 9 8 13 8 13 10 7 11 4 13 6 13 9 7 1 9
> BAT2 4 1 5 1 6 1 13 4 7 5 13 5 13 6 5 7 1 8 7 9 1 10 8 13 9 13 10 13 3 8
> BAT3 7 1 6 3 11 6 1 7 7 7 13 7 8 11 7 13
< RES 1637476108 42 2
> REQ 1637476108 43 2
> VAMPIRE 1 3 5 3 0 3 0
> VAMPIRE 2 9 3 3 0 3 0
> VAMPIRE 3 11 11 3 0 3 0
> VAMPIRE 4 5 9 3 0 3 0
> GRENADE 1 5 3 2 3
> GRENADE 2 5 3 2 3
> GRENADE 3 9 9 2 3
> GRENADE 4 5 5 4 3
> BAT1 8 1 10 1 7 3 1 4 1 6 5 6 3 7 11 7 9 8 13 8 13 10 7 11 4 13 6 13 9 7 1 9
> BAT2 4 1 5 1 6 1 13 4 7 5 13 5 13 6 5 7 1 8 7 9 1 10 8 13 9 13 10 13 3 8
> BAT3 7 1 6 3 11 6 1 7 7 7 13 7 8 11 7 13
< RES 1637476108 43 2
< MOVE L
> REQ 1637476108 44 2
> VAMPIRE 1 3 4 3 0 3 0
> VAMPIRE 2 9 2 3 0 3 0
> VAMPIRE 3 10 11 3 0 3 0
> VAMPIRE 4 5 9 3 0 3 0
> GRENADE 1 5 3 1 3
> GRENADE 2 5 3 1 3
> GRENADE 3 9 9 1 3
> GRENADE 4 5 5 3 3
> BAT1 8 1 10 1 7 3 1 4 1 6 5 6 3 7 11 7 9 8 13 8 13 10 7 11 4 13 6 13 9 7 1 9
> BAT2 4 1 5 1 6 1 13 4 7 5 13 5 13 6 5 7 1 8 7 9 1 10 8 13 9 13 10 13 3 8
> BAT3 7 1 6 3 11 6 1 7 7 7 13 7 8 11 7 13
< RES 1637476108 44 2
< MOVE L
> REQ 1637476108 45 2
> VAMPIRE 1 3 5 3 1 3 0
> VAMPIRE 2 9 1 3 1 3 0
> VAMPIRE 3 9 10 3 1 3 0
> VAMPIRE 4 3 9 3 1 3 0
> BAT1 8 1 10 1 7 3 1 4 1 6 3 7 11 7 13 8 13 10 7 11 4 13 6 13 5 1 7 5 9 7 1 9 7 9
> BAT2 4 1 6 1 13 4 13 5 13 6 5 7 1 8 1 10 8 13 9 13 10 13 6 3 3 8
> BAT3 7 1 11 6 1 7 7 7 13 7 8 11 7 13
< RES 1637476108 45 2
< GRENADE
< MOVE R R
> REQ 1637476108 46 2
> VAMPIRE 1 3 5 3 0 3 0
> VAMPIRE 2 9 3 3 0 3 0
> VAMPIRE 3 10 11 3 0 3 0
> VAMPIRE 4 5 9 3 0 3 0
> GRENADE 1 3 5 5 3
> GRENADE 2 9 1 5 3
> GRENADE 3 9 10 5 3
> GRENADE 4 3 9 5 3
> BAT1 8 1 10 1 7 3 1 4 1 6 3 7 11 7 13 8 13 10 7 11 4 13 6 13 5 1 7 5 9 7 1 9 7 9
> BAT2 4 1 6 1 13 4 13 5 13 6 5 7 1 8 1 10 8 13 9 13 10 13 6 3 3 8
> BAT3 7 1 11 6 1 7 7 7 13 7 8 11 7 13
< RES 1637476108 46 2
< MOVE R R
> REQ 1637476108 47 2
> VAMPIRE 1 3 5 3 0 3 0
> VAMPIRE 2 9 5 3 0 3 0
> VAMPIRE 3 11 11 3 0 3 0
> VAMPIRE 4 5 11 3 0 3 0
> GRENADE 1 3 9 4 3
> GRENADE 2 9 1 4 3
> GRENADE 3 9 10 4 3
> GRENADE 4 3 9 4 3
> BAT1 8 1 10 1 7 3 1 4 1 6 3 7 11 7 13 8 13 10 7 11 4 13 6 13 5 1 7 5 9 7 1 9 7 9
> BAT2 4 1 6 1 13 4 13 5 13 6 5 7 1 8 1 10 8 13 9 13 10 13 6 3 3 8
> BAT3 7 1 11 6 1 7 7 7 13 7 8 11 7 13
< RES 1637476108 47 2
> REQ 1637476108 48 2
> VAMPIRE 1 3 5 3 0 3 0
> VAMPIRE 2 9 5 3 0 3 0
> VAMPIRE 3 11 9 3 0 3 0
> VAMPIRE 4 5 11 3 0 3 0
> GRENADE 1 3 9 3 3
> GRENADE 2 9 1 3 3
> GRENADE 3 9 10 3 3
> GRENADE 4 3 9 3 3
> BAT1 8 1 10 1 7 3 1 4 1 6 3 7 11 7 13 8 13 10 7 11 4 13 6 13 5 1 7 5 9 7 1 9 7 9
> BAT2 4 1 6 1 13 4 13 5 13 6 5 7 1 8 1 10 8 13 9 13 10 13 6 3 3 8
> BAT3 7 1 11 6 1 7 7 7 13 7 8 11 7 13
< RES 1637476108 48 2
> REQ 1637476108 49 2
> VAMPIRE 1 3 3 3 0 3 0
> VAMPIRE 2 9 5 3 0 3 0
> VAMPIRE 3 11 9 3 0 3 0
> VAMPIRE 4 5 11 3 0 3 0
> GRENADE 1 3 9 2 3
> GRENADE 2 9 1 2 3
> GRENADE 3 9 10 2 3
> GRENADE 4 3 9 2 3
> BAT1 8 1 10 1 7 3 1 4 1 6 3 7 11 7 13 8 13 10 7 11 4 13 6 13 5 1 7 5 9 7 1 9 7 9
> BAT2 4 1 6 1 13 4 13 5 13 6 5 7 1 8 1 10 8 13 9 13 10 13 6 3 3 8
> BAT3 7 1 11 6 1 7 7 7 13 7 8 11 7 13
< RES 1637476108 49 2
> REQ 1637476108 50 2
> VAMPIRE 1 1 3 3 0 3 0
> VAMPIRE 2 9 5 3 0 3 0
> VAMPIRE 3 11 9 3 0 3 0
> VAMPIRE 4 5 11 3 0 3 0
> GRENADE 1 3 9 1 3
> GRENADE 2 9 1 1 3
> GRENADE 3 9 10 1 3
> GRENADE 4 3 9 1 3
> BAT1 8 1 10 1 7 3 1 4 1 6 3 7 11 7 13 8 13 10 7 11 4 13 6 13 5 1 7 5 9 7 1 9 7 9
> BAT2 4 1 6 1 13 4 13 5 13 6 5 7 1 8 1 10 8 13 9 13 10 13 6 3 3 8
> BAT3 7 1 11 6 1 7 7 7 13 7 8 11 7 13
< RES 1637476108 50 2
< MOVE D
> REQ 1637476108 51 2
> VAMPIRE 1 1 1 3 1 3 0
> VAMPIRE 2 10 5 3 1 3 0
> VAMPIRE 3 13 9 3 1 3 0
> VAMPIRE 4 5 9 3 1 3 0
> BAT1 7 3 1 4 1 6 3 7 11 7 13 8 13 10 7 11 4 13 6 13 5 1 7 5 7 9 9 13 3 8
> BAT2 4 1 6 1 13 4 13 5 13 6 5 7 1 8 1 10 8 13 10 13 6 3
> BAT3 7 1 11 6 1 7 7 7 13 7 8 11 7 13
< RES 1637476108 51 2
< GRENADE
< MOVE U R
> REQ 1637476108 52 2
> VAMPIRE 1 3 1 3 0 3 0
> VAMPIRE 2 9 6 3 0 3 0
> VAMPIRE 3 11 9 3 0 3 0
> VAMPIRE 4 5 9 3 0 3 0
> GRENADE 1 1 1 5 3
> GRENADE 2 10 5 5 3
> GRENADE 3 13 9 5 3
> GRENADE 4 5 9 5 3
> BAT1 7 3 1 4 1 6 3 7 11 7 13 8 13 10 7 11 4 13 6 13 5 1 7 5 7 9 9 13 3 8
> BAT2 4 1 6 1 13 4 13 5 13 6 5 7 1 8 1 10 8 13 10 13 6 3
> BAT3 7 1 11 6 1 7 7 7 13 7 8 11 7 13
< RES 1637476108 52 2
> REQ 1637476108 53 2
> VAMPIRE 1 3 3 3 0 3 0
> VAMPIRE 2 9 6 3 0 3 0
> VAMPIRE 3 11 11 3 0 3 0
> VAMPIRE 4 5 9 3 0 3 0
> GRENADE 1 1 1 4 3
> GRENADE 2 10 5 4 3
> GRENADE 3 13 9 4 3
> GRENADE 4 1 9 4 3
> BAT1 7 3 1 4 1 6 3 7 11 7 13 8 13 10 7 11 4 13 6 13 5 1 7 5 7 9 9 13 3 8
> BAT2 4 1 6 1 13 4 13 5 13 6 5 7 1 8 1 10 8 13 10 13 6 3
> BAT3 7 1 11 6 1 7 7 7 13 7 8 11 7 13
< RES 1637476108 53 2
< MOVE R
> REQ 1637476108 54 2
> VAMPIRE 1 3 5 3 0 3 0
> VAMPIRE 2 9 7 3 0 3 0
> VAMPIRE 3 11 11 3 0 3 0
> VAMPIRE 4 5 9 3 0 3 0
> GRENADE 1 1 1 3 3
> GRENADE 2 10 5 3 3
> GRENADE 3 13 9 3 3
> GRENADE 4 1 9 3 3
> BAT1 7 3 1 4 1 6 3 7 11 7 13 8 13 10 7 11 4 13 6 13 5 1 7 5 7 9 9 13 3 8
> BAT2 4 1 6 1 13 4 13 5 13 6 5 7 1 8 1 10 8 13 10 13 6 3
> BAT3 7 1 11 6 1 7 7 7 13 7 8 11 7 13
< RES 1637476108 54 2
> REQ 1637476108 55 2
> VAMPIRE 1 3 5 3 0 3 0
> VAMPIRE 2 9 7 3 0 3 0
> VAMPIRE 3 11 11 3 0 3 0
> VAMPIRE 4 5 9 3 0 3 0
> GRENADE 1 1 1 2 3
> GRENADE 2 10 5 2 3
> GRENADE 3 13 9 2 3
> GRENADE 4 1 9 2 3
> BAT1 7 3 1 4 1 6 3 7 11 7 13 8 13 10 7 11 4 13 6 13 5 1 7 5 7 9 9 13 3 8
> BAT2 4 1 6 1 13 4 13 5 13 6 5 7 1 8 1 10 8 13 10 13 6 3
> BAT3 7 1 11 6 1 7 7 7 13 7 8 11 7 13
< RES 1637476108 55 2
> REQ 1637476108 56 2
> VAMPIRE 1 5 5 3 0 3 0
> VAMPIRE 2 9 7 3 0 3 0
> VAMPIRE 3 11 11 3 0 3 0
> VAMPIRE 4 5 9 3 0 3 0
> GRENADE 1 1 1 1 3
> GRENADE 2 10 5 1 3
> GRENADE 3 13 9 1 3
> GRENADE 4 1 9 1 3
> BAT1 7 3 1 4 1 6 3 7 11 7 13 8 13 10 7 11 4 13 6 13 5 1 7 5 7 9 9 13 3 8
> BAT2 4 1 6 1 13 4 13 5 13 6 5 7 1 8 1 10 8 13 10 13 6 3
> BAT3 7 1 11 6 1 7 7 7 13 7 8 11 7 13
< RES 1637476108 56 2
< MOVE U
> REQ 1637476108 57 2
> VAMPIRE 1 5 4 3 1 3 0
> VAMPIRE 2 8 7 3 1 3 0
> VAMPIRE 3 9 11 3 1 3 0
> VAMPIRE 4 5 9 3 1 3 0
> BAT1 7 3 1 6 3 7 11 7 7 11 4 13 6 13 4 1 5 1 13 5 1 8 7 9 1 10 9 13 3 8
> BAT2 6 1 13 4 13 6 5 7 8 13 10 13 6 3
> BAT3 7 1 11 6 1 7 7 7 13 7 8 11 7 13
< RES 1637476108 57 2
< GRENADE
< MOVE D L
> REQ 1637476108 58 2
> VAMPIRE 1 6 5 3 0 3 0
> VAMPIRE 2 9 6 3 0 3 0
> VAMPIRE 3 11 11 3 0 3 0
> VAMPIRE 4 5 9 3 0 3 0
> GRENADE 1 5 4 5 3
> GRENADE 2 8 7 5 3
> GRENADE 3 9 11 5 3
> GRENADE 4 5 9 5 3
> BAT1 7 3 1 6 3 7 11 7 7 11 4 13 6 13 4 1 5 1 13 5 1 8 7 9 1 10 9 13 3 8
> BAT2 6 1 13 4 13 6 5 7 8 13 10 13 6 3
> BAT3 7 1 11 6 1 7 7 7 13 7 8 11 7 13
< RES 1637476108 58 2
< MOVE L L
> REQ 1637476108 59 2
> VAMPIRE 1 4 5 3 0 3 0
> VAMPIRE 2 9 4 3 0 3 0
> VAMPIRE 3 10 11 3 0 3 0
> VAMPIRE 4 5 9 3 0 3 0
> GRENADE 1 5 4 4 3
> GRENADE 2 8 7 4 3
> GRENADE 3 9 11 4 3
> GRENADE 4 9 9 4 3
> BAT1 7 3 1 6 3 7 11 7 7 11 4 13 6 13 4 1 5 1 13 5 1 8 7 9 1 10 9 13 3 8
> BAT2 6 1 13 4 13 6 5 7 8 13 10 13 6 3
> BAT3 7 1 11 6 1 7 7 7 13 7 8 11 7 13
< RES 1637476108 59 2
< MOVE L
> REQ 1637476108 60 2
> VAMPIRE 1 3 5 3 0 3 0
> VAMPIRE 2 9 3 3 0 3 0
> VAMPIRE 3 11 12 3 0 3 0
> VAMPIRE 4 5 9 3 0 3 0
> GRENADE 1 5 4 3 3
> GRENADE 2 8 7 3 3
> GRENADE 3 9 11 3 3
> GRENADE 4 9 9 3 3
> BAT1 7 3 1 6 3 7 11 7 7 11 4 13 6 13 4 1 5 1 13 5 1 8 7 9 1 10 9 13 3 8
> BAT2 6 1 13 4 13 6 5 7 8 13 10 13 6 3
> BAT3 7 1 11 6 1 7 7 7 13 7 8 11 7 13
< RES 1637476108 60 2
< MOVE R R
> REQ 1637476108 61 2
> VAMPIRE 1 4 5 3 0 3 0
> VAMPIRE 2 9 5 3 0 3 0
> VAMPIRE 3 11 12 3 0 3 0
> VAMPIRE 4 5 9 3 0 3 0
> GRENADE 1 5 4 2 3
> GRENADE 2 8 7 2 3
> GRENADE 3 9 11 2 3
> GRENADE 4 9 9 2 3
> BAT1 7 3 1 6 3 7 11 7 7 11 4 13 6 13 4 1 5 1 13 5 1 8 7 9 1 10 9 13 3 8
> BAT2 6 1 13 4 13 6 5 7 8 13 10 13 6 3
> BAT3 7 1 11 6 1 7 7 7 13 7 8 11 7 13
< RES 1637476108 61 2
< MOVE U
> REQ 1637476108 62 2
> VAMPIRE 1 3 5 3 0 3 0
> VAMPIRE 2 8 5 3 0 3 0
> VAMPIRE 3 11 13 3 0 3 0
> VAMPIRE 4 3 9 3 0 3 0
> GRENADE 1 5 4 1 3
> GRENADE 2 8 7 1 3
> GRENADE 3 9 11 1 3
> GRENADE 4 9 9 1 3
> BAT1 7 3 1 6 3 7 11 7 7 11 4 13 6 13 4 1 5 1 13 5 1 8 7 9 1 10 9 13 3 8
> BAT2 6 1 13 4 13 6 5 7 8 13 10 13 6 3
> BAT3 7 1 11 6 1 7 7 7 13 7 8 11 7 13
< RES 1637476108 62 2
< MOVE U L
> REQ 1637476108 63 2
> VAMPIRE 1 3 4 3 1 3 0
> VAMPIRE 2 7 4 3 1 3 0
> VAMPIRE 3 11 11 3 1 3 0
> VAMPIRE 4 1 9 3 1 3 0
> BAT1 7 3 1 6 3 7 7 11 4 13 6 13 4 1 13 5 5 7 1 8 1 10 3 8
> BAT2 6 1 13 4 13 6 8 13 10 13 6 3 7 7 8 11
> BAT3 7 1 11 6 1 7 13 7 7 13
< RES 1637476108 63 2
< GRENADE
< MOVE R D
> REQ 1637476108 64 2
> VAMPIRE 1 3 4 3 0 3 0
> VAMPIRE 2 8 5 3 0 3 0
> VAMPIRE 3 11 11 3 0 3 0
> VAMPIRE 4 3 9 3 0 3 0
> GRENADE 1 3 4 5 3
> GRENADE 2 7 4 5 3
> GRENADE 3 11 11 5 3
> GRENADE 4 1 9 5 3
> BAT1 7 3 1 6 3 7 7 11 4 13 6 13 4 1 13 5 5 7 1 8 1 10 3 8
> BAT2 6 1 13 4 13 6 8 13 10 13 6 3 7 7 8 11
> BAT3 7 1 11 6 1 7 13 7 7 13
< RES 1637476108 64 2
< MOVE D
> REQ 1637476108 65 2
> VAMPIRE 1 3 5 3 0 3 0
> VAMPIRE 2 9 5 3 0 3 0
> VAMPIRE 3 11 11 3 0 3 0
> VAMPIRE 4 5 9 3 0 3 0
> GRENADE 1 7 4 4 3
> GRENADE 2 7 4 4 3
> GRENADE 3 11 7 4 3
> GRENADE 4 1 9 4 3
> BAT1 7 3 1 6 3 7 7 11 4 13 6 13 4 1 13 5 5 7 1 8 1 10 3 8
> BAT2 6 1 13 4 13 6 8 13 10 13 6 3 7 7 8 11
> BAT3 7 1 11 6 1 7 13 7 7 13
< RES 1637476108 65 2
> REQ 1637476108 66 2
> VAMPIRE 1 5 5 3 0 3 0
> VAMPIRE 2 9 5 3 0 3 0
> VAMPIRE 3 11 11 3 0 3 0
> VAMPIRE 4 5 9 3 0 3 0
> GRENADE 1 7 4 3 3
> GRENADE 2 7 4 3 3
> GRENADE 3 11 7 3 3
> GRENADE 4 1 9 3 3
> BAT1 7 3 1 6 3 7 7 11 4 13 6 13 4 1 13 5 5 7 1 8 1 10 3 8
> BAT2 6 1 13 4 13 6 8 13 10 13 6 3 7 7 8 11
> BAT3 7 1 11 6 1 7 13 7 7 13
< RES 1637476108 66 2
< MOVE D
> REQ 1637476108 67 2
> VAMPIRE 1 7 5 3 0 3 0
> VAMPIRE 2 10 5 3 0 3 0
> VAMPIRE 3 9 11 3 0 3 0
> VAMPIRE 4 5 9 3 0 3 0
> GRENADE 1 7 4 2 3
> GRENADE 2 7 4 2 3
> GRENADE 3 11 7 2 3
> GRENADE 4 1 9 2 3
> BAT1 7 3 1 6 3 7 7 11 4 13 6 13 4 1 13 5 5 7 1 8 1 10 3 8
> BAT2 6 1 13 4 13 6 8 13 10 13 6 3 7 7 8 11
> BAT3 7 1 11 6 1 7 13 7 7 13
< RES 1637476108 67 2
< MOVE D L
> REQ 1637476108 68 2
> VAMPIRE 1 9 5 3 0 3 0
> VAMPIRE 2 11 4 3 0 3 0
> VAMPIRE 3 9 9 3 0 3 0
> VAMPIRE 4 7 9 3 0 3 0
> GRENADE 1 7 2 1 3
> GRENADE 2 7 4 1 3
> GRENADE 3 11 7 1 3
> GRENADE 4 1 9 1 3
> BAT1 7 3 1 6 3 7 7 11 4 13 6 13 4 1 13 5 5 7 1 8 1 10 3 8
> BAT2 6 1 13 4 13 6 8 13 10 13 6 3 7 7 8 11
> BAT3 7 1 11 6 1 7 13 7 7 13
< RES 1637476108 68 2
< MOVE R
> REQ 1637476108 69 2
> VAMPIRE 1 11 5 3 1 3 0
> VAMPIRE 2 11 5 3 1 3 0
> VAMPIRE 3 7 9 3 1 3 0
> VAMPIRE 4 7 8 3 1 3 0
> BAT1 1 6 3 7 7 11 4 13 6 13 4 1 13 5 5 7 7 7 3 8
> BAT2 6 1 13 4 13 6 8 13 10 13 7 1 6 3 11 6 13 7 8 11
> BAT3 1 7 7 13
< RES 1637476108 69 2
< GRENADE
< MOVE U U
> REQ 1637476108 70 2
> VAMPIRE 1 9 5 3 0 3 0
> VAMPIRE 2 9 5 3 0 3 0
> VAMPIRE 3 5 9 3 0 3 0
> VAMPIRE 4 7 8 3 0 3 0
> GRENADE 1 11 5 5 3
> GRENADE 2 11 5 5 3
> GRENADE 3 7 9 5 3
> GRENADE 4 7 8 5 3
> BAT1 1 6 3 7 7 11 4 13 6 13 4 1 13 5 5 7 7 7 3 8
> BAT2 6 1 13 4 13 6 8 13 10 13 7 1 6 3 11 6 13 7 8 11
> BAT3 1 7 7 13
< RES 1637476108 70 2
< MOVE L L
> REQ 1637476108 71 2
> VAMPIRE 1 9 3 3 0 3 0
> VAMPIRE 2 9 3 3 0 3 0
> VAMPIRE 3 5 11 3 0 3 0
> VAMPIRE 4 7 8 3 0 3 0
> GRENADE 1 11 5 4 3
> GRENADE 2 11 5 4 3
> GRENADE 3 7 9 4 3
> GRENADE 4 7 8 4 3
> BAT1 1 6 3 7 7 11 4 13 6 13 4 1 13 5 5 7 7 7 3 8
> BAT2 6 1 13 4 13 6 8 13 10 13 7 1 6 3 11 6 13 7 8 11
> BAT3 1 7 7 13
< RES 1637476108 71 2
> REQ 1637476108 72 2
> VAMPIRE 1 9 3 3 0 3 0
> VAMPIRE 2 9 3 3 0 3 0
> VAMPIRE 3 5 11 3 0 3 0
> VAMPIRE 4 7 8 3 0 3 0
> GRENADE 1 11 5 3 3
> GRENADE 2 11 5 3 3
> GRENADE 3 7 9 3 3
> GRENADE 4 7 8 3 3
> BAT1 1 6 3 7 7 11 4 13 6 13 4 1 13 5 5 7 7 7 3 8
> BAT2 6 1 13 4 13 6 8 13 10 13 7 1 6 3 11 6 13 7 8 11
> BAT3 1 7 7 13
< RES 1637476108 72 2
> REQ 1637476108 73 2
> VAMPIRE 1 9 3 3 0 3 0
> VAMPIRE 2 9 3 3 0 3 0
> VAMPIRE 3 5 11 3 0 3 0
> VAMPIRE 4 7 8 3 0 3 0
> GRENADE 1 11 5 2 3
> GRENADE 2 11 5 2 3
> GRENADE 3 7 9 2 3
> GRENADE 4 7 8 2 3
> BAT1 1 6 3 7 7 11 4 13 6 13 4 1 13 5 5 7 7 7 3 8
> BAT2 6 1 13 4 13 6 8 13 10 13 7 1 6 3 11 6 13 7 8 11
> BAT3 1 7 7 13
< RES 1637476108 73 2
> REQ 1637476108 74 2
> VAMPIRE 1 9 3 3 0 3 0
> VAMPIRE 2 9 3 3 0 3 0
> VAMPIRE 3 5 12 3 0 3 0
> VAMPIRE 4 7 8 3 0 3 0
> GRENADE 1 11 5 1 3
> GRENADE 2 11 5 1 3
> GRENADE 3 7 9 1 3
> GRENADE 4 7 4 1 3
> BAT1 1 6 3 7 7 11 4 13 6 13 4 1 13 5 5 7 7 7 3 8
> BAT2 6 1 13 4 13 6 8 13 10 13 7 1 6 3 11 6 13 7 8 11
> BAT3 1 7 7 13
< RES 1637476108 74 2
< MOVE U U
> REQ 1637476108 75 2
> VAMPIRE 1 7 3 3 1 3 0
> VAMPIRE 2 7 3 3 1 3 0
> VAMPIRE 3 5 13 3 1 3 0
> VAMPIRE 4 7 8 2 1 3 0
> BAT1 1 6 3 7 4 13 6 13 4 1 5 7 7 1 11 6 3 8
> BAT2 6 1 13 4 13 6 8 13 10 13 6 3 13 7 8 11
> BAT3 1 7 7 13
< RES 1637476108 75 2
< GRENADE
< MOVE R R
> REQ 1637476108 76 2
> VAMPIRE 1 7 5 3 0 3 0
> VAMPIRE 2 7 5 3 0 3 0
> VAMPIRE 3 5 11 3 0 3 0
> VAMPIRE 4 8 7 2 1 3 0
> GRENADE 1 7 3 5 3
> GRENADE 2 7 3 5 3
> GRENADE 3 5 13 5 3
> POWERUP GRENADE -7 8 5 6
> POWERUP GRENADE -7 6 9 6
> BAT1 1 6 3 7 4 13 6 13 4 1 5 7 7 1 11 6 3 8
> BAT2 6 1 13 4 13 6 8 13 10 13 6 3 13 7 8 11
> BAT3 1 7 7 13
< RES 1637476108 76 2
< MOVE D
> REQ 1637476108 77 2
> VAMPIRE 1 8 5 3 0 3 0
> VAMPIRE 2 8 5 3 0 3 0
> VAMPIRE 3 5 9 3 0 3 0
> VAMPIRE 4 7 6 2 1 3 0
> GRENADE 1 7 3 4 3
> GRENADE 2 7 3 4 3
> GRENADE 3 5 13 4 3
> POWERUP GRENADE -6 8 5 6
> POWERUP GRENADE -6 6 9 6
> BAT1 1 6 3 7 4 13 6 13 4 1 5 7 7 1 11 6 3 8
> BAT2 6 1 13 4 13 6 8 13 10 13 6 3 13 7 8 11
> BAT3 1 7 7 13
< RES 1637476108 77 2
> REQ 1637476108 78 2
> VAMPIRE 1 8 5 3 0 3 0
> VAMPIRE 2 8 5 3 0 3 0
> VAMPIRE 3 6 9 3 0 3 0
> VAMPIRE 4 8 5 2 0 3 0
> GRENADE 1 7 3 3 3
> GRENADE 2 7 3 3 3
> GRENADE 3 5 13 3 3
> GRENADE 4 7 6 5 3
> POWERUP GRENADE -5 8 5 6
> POWERUP GRENADE -5 6 9 6
> BAT1 1 6 3 7 4 13 6 13 4 1 5 7 7 1 11 6 3 8
> BAT2 6 1 13 4 13 6 8 13 10 13 6 3 13 7 8 11
> BAT3 1 7 7 13
< RES 1637476108 78 2
> REQ 1637476108 79 2
> VAMPIRE 1 8 5 3 0 3 0
> VAMPIRE 2 8 5 3 0 3 0
> VAMPIRE 3 6 9 3 0 3 0
> VAMPIRE 4 8 5 2 0 3 0
> GRENADE 1 7 3 2 3
> GRENADE 2 7 3 2 3
> GRENADE 3 5 13 2 3
> GRENADE 4 7 6 4 3
> POWERUP GRENADE -4 8 5 6
> POWERUP GRENADE -4 6 9 6
> BAT1 1 6 3 7 4 13 6 13 4 1 5 7 7 1 11 6 3 8
> BAT2 6 1 13 4 13 6 8 13 10 13 6 3 13 7 8 11
> BAT3 1 7 7 13
< RES 1637476108 79 2
> REQ 1637476108 80 2
> VAMPIRE 1 8 5 3 0 3 0
> VAMPIRE 2 8 5 3 0 3 0
> VAMPIRE 3 6 9 3 0 3 0
> VAMPIRE 4 8 5 2 0 3 0
> GRENADE 1 7 3 1 3
> GRENADE 2 7 3 1 3
> GRENADE 3 5 13 1 3
> GRENADE 4 7 6 3 3
> POWERUP GRENADE -3 8 5 6
> POWERUP GRENADE -3 6 9 6
> BAT1 1 6 3 7 4 13 6 13 4 1 5 7 7 1 11 6 3 8
> BAT2 6 1 13 4 13 6 8 13 10 13 6 3 13 7 8 11
> BAT3 1 7 7 13
< RES 1637476108 80 2
> REQ 1637476108 81 2
> VAMPIRE 1 8 5 3 1 3 0
> VAMPIRE 2 8 5 3 1 3 0
> VAMPIRE 3 6 9 3 1 3 0
> VAMPIRE 4 8 5 2 1 3 0
> POWERUP GRENADE -2 8 5 6
> POWERUP GRENADE -2 6 9 6
> BAT1 1 6 3 7 4 1 5 7 6 3 11 6 3 8
> BAT2 6 1 13 4 13 6 8 13 10 13 13 7 8 11
> BAT3 1 7 7 13
< RES 1637476108 81 2
< GRENADE
> REQ 1637476108 82 2
> VAMPIRE 1 8 5 3 0 3 0
> VAMPIRE 2 8 5 3 0 3 0
> VAMPIRE 3 6 9 3 0 3 0
> VAMPIRE 4 8 5 2 0 3 0
> GRENADE 1 8 5 5 3
> GRENADE 2 8 5 5 3
> GRENADE 3 6 9 5 3
> GRENADE 4 8 5 5 3
> POWERUP GRENADE -1 8 5 6
> POWERUP GRENADE -1 6 9 6
> BAT1 1 6 3 7 4 1 5 7 6 3 11 6 3 8
> BAT2 6 1 13 4 13 6 8 13 10 13 13 7 8 11
> BAT3 1 7 7 13
< RES 1637476108 82 2
> REQ 1637476108 83 2
> VAMPIRE 1 8 5 3 0 3 0
> VAMPIRE 2 8 5 3 0 3 0
> VAMPIRE 3 6 9 3 0 3 0
> VAMPIRE 4 8 5 2 0 3 0
> GRENADE 1 8 5 4 3
> GRENADE 2 8 5 4 3
> GRENADE 3 6 13 4 3
> GRENADE 4 8 5 4 3
> POWERUP GRENADE 11 8 5 6
> POWERUP GRENADE 11 6 9 6
> BAT1 1 6 3 7 4 1 5 7 6 3 11 6 3 8
> BAT2 6 1 13 4 13 6 8 13 10 13 13 7 8 11
> BAT3 1 7 7 13
< RES 1637476108 83 2
> REQ 1637476108 84 2
> VAMPIRE 1 8 5 3 0 3 0
> VAMPIRE 2 8 5 3 0 3 0
> VAMPIRE 3 6 9 3 0 3 0
> VAMPIRE 4 8 5 2 0 3 0
> GRENADE 1 8 5 3 3
> GRENADE 2 8 5 3 3
> GRENADE 3 6 13 3 3
> GRENADE 4 8 5 3 3
> POWERUP GRENADE 10 8 5 6
> POWERUP GRENADE 10 6 9 6
> BAT1 1 6 3 7 4 1 5 7 6 3 11 6 3 8
> BAT2 6 1 13 4 13 6 8 13 10 13 13 7 8 11
> BAT3 1 7 7 13
< RES 1637476108 84 2
> REQ 1637476108 85 2
> VAMPIRE 1 8 5 3 0 3 0
> VAMPIRE 2 8 5 3 0 3 0
> VAMPIRE 3 6 9 3 0 3 0
> VAMPIRE 4 8 5 2 0 3 0
> GRENADE 1 8 5 2 3
> GRENADE 2 8 5 2 3
> GRENADE 3 6 13 2 3
> GRENADE 4 8 5 2 3
> POWERUP GRENADE 9 8 5 6
> POWERUP GRENADE 9 6 9 6
> BAT1 1 6 3 7 4 1 5 7 6 3 11 6 3 8
> BAT2 6 1 13 4 13 6 8 13 10 13 13 7 8 11
> BAT3 1 7 7 13
< RES 1637476108 85 2
< GRENADE
> REQ 1637476108 86 2
> VAMPIRE 1 8 5 3 0 3 0
> VAMPIRE 2 8 5 3 0 3 0
> VAMPIRE 3 5 9 3 0 3 0
> VAMPIRE 4 8 5 2 0 3 0
> GRENADE 1 8 5 1 3
> GRENADE 2 8 5 1 3
> GRENADE 3 6 13 1 3
> GRENADE 4 8 5 1 3
> POWERUP GRENADE 8 8 5 6
> POWERUP GRENADE 8 6 9 6
> BAT1 1 6 3 7 4 1 5 7 6 3 11 6 3 8
> BAT2 6 1 13 4 13 6 8 13 10 13 13 7 8 11
> BAT3 1 7 7 13
< RES 1637476108 86 2
< THROW XU 4
> REQ 1637476108 87 2
> VAMPIRE 1 8 5 2 1 3 0
> VAMPIRE 2 8 5 2 1 3 0
> VAMPIRE 3 5 10 3 1 3 0
> VAMPIRE 4 8 5 1 1 3 0
> POWERUP GRENADE 7 8 5 6
> POWERUP GRENADE 7 6 9 6
> BAT1 1 6 3 7 4 1 5 7 6 3 11 6 3 8
> BAT2 6 1 13 4 13 6 8 13 10 13 13 7 8 11 7 13
> BAT3 1 7
< RES 1637476108 87 2
< GRENADE
> REQ 1637476108 88 2
> VAMPIRE 1 8 5 2 2 3 0
> VAMPIRE 2 8 5 2 2 3 0
> VAMPIRE 3 6 9 3 0 3 0
> VAMPIRE 4 8 5 1 2 3 0
> GRENADE 3 5 10 5 3
> POWERUP GRENADE 6 6 9 6
> BAT1 1 6 3 7 4 1 5 7 6 3 11 6 3 8
> BAT2 6 1 13 4 13 6 8 13 10 13 13 7 8 11 7 13
> BAT3 1 7
< RES 1637476108 88 2
< MOVE U R
> REQ 1637476108 89 2
> VAMPIRE 1 7 6 2 2 3 0
> VAMPIRE 2 7 6 2 2 3 0
> VAMPIRE 3 6 9 3 0 3 0
> VAMPIRE 4 8 5 1 2 3 0
> GRENADE 3 5 10 4 3
> POWERUP GRENADE 5 6 9 6
> BAT1 1 6 3 7 4 1 5 7 6 3 11 6 3 8
> BAT2 6 1 13 4 13 6 8 13 10 13 13 7 8 11 7 13
> BAT3 1 7
< RES 1637476108 89 2
< MOVE R R
> REQ 1637476108 90 2
> VAMPIRE 1 7 8 2 2 3 0
> VAMPIRE 2 7 8 2 2 3 0
> VAMPIRE 3 6 9 3 0 3 0
> VAMPIRE 4 9 6 1 2 3 0
> GRENADE 3 5 10 3 3
> POWERUP GRENADE 4 6 9 6
> BAT1 1 6 3 7 4 1 5 7 6 3 11 6 3 8
> BAT2 6 1 13 4 13 6 8 13 10 13 13 7 8 11 7 13
> BAT3 1 7
< RES 1637476108 90 2
< MOVE R U
> REQ 1637476108 91 2
> VAMPIRE 1 6 9 2 2 3 0
> VAMPIRE 2 6 9 2 2 3 0
> VAMPIRE 3 6 9 3 0 3 0
> VAMPIRE 4 10 7 1 2 3 0
> GRENADE 3 5 10 2 3
> POWERUP GRENADE 3 6 9 6
> BAT1 1 6 3 7 4 1 5 7 6 3 11 6 3 8
> BAT2 6 1 13 4 13 6 8 13 10 13 13 7 8 11 7 13
> BAT3 1 7
< RES 1637476108 91 2
< GRENADE
> REQ 1637476108 92 2
> VAMPIRE 1 6 9 2 1 3 0
> VAMPIRE 2 6 9 2 1 3 0
> VAMPIRE 3 6 9 3 0 3 0
> VAMPIRE 4 11 8 1 1 3 0
> GRENADE 3 5 10 1 3
> GRENADE 1 6 9 5 3
> GRENADE 2 6 9 5 3
> GRENADE 4 10 7 5 3
> POWERUP GRENADE 2 6 9 6
> BAT1 1 6 3 7 4 1 5 7 6 3 11 6 3 8
> BAT2 6 1 13 4 13 6 8 13 10 13 13 7 8 11 7 13
> BAT3 1 7
< RES 1637476108 92 2
< GRENADE
> REQ 1637476108 93 2
> VAMPIRE 1 6 9 2 0 3 0
> VAMPIRE 2 6 9 2 0 3 0
> VAMPIRE 3 6 9 3 1 3 0
> VAMPIRE 4 12 9 1 0 3 0
> GRENADE 1 6 9 4 3
> GRENADE 2 6 9 4 3
> GRENADE 4 10 7 4 3
> GRENADE 1 6 9 5 3
> GRENADE 2 6 9 5 3
> GRENADE 4 11 8 5 3
> POWERUP GRENADE 1 6 9 6
> BAT1 1 6 3 7 4 1 6 3 11 6 3 8
> BAT2 6 1 13 4 13 6 8 13 10 13 13 7 8 11 7 13
> BAT3 1 7
< RES 1637476108 93 2
> REQ 1637476108 94 2
> VAMPIRE 1 6 9 2 0 3 0
> VAMPIRE 2 6 9 2 0 3 0
> VAMPIRE 3 6 9 3 0 3 0
> VAMPIRE 4 13 9 1 0 3 0
> GRENADE 1 6 9 3 3
> GRENADE 2 6 9 3 3
> GRENADE 4 10 7 3 3
> GRENADE 1 6 9 4 3
> GRENADE 2 6 9 4 3
> GRENADE 4 11 8 4 3
> GRENADE 3 6 9 5 3
> POWERUP GRENADE 1 6 9 6
> BAT1 1 6 3 7 4 1 6 3 11 6 3 8
> BAT2 6 1 13 4 13 6 8 13 10 13 13 7 8 11 7 13
> BAT3 1 7
< RES 1637476108 94 2
> REQ 1637476108 95 2
> VAMPIRE 1 6 9 2 0 3 0
> VAMPIRE 2 6 9 2 0 3 0
> VAMPIRE 3 6 9 3 0 3 0
> VAMPIRE 4 13 9 1 0 3 0
> GRENADE 1 6 9 2 3
> GRENADE 2 6 9 2 3
> GRENADE 4 10 7 2 3
> GRENADE 1 6 9 3 3
> GRENADE 2 6 9 3 3
> GRENADE 4 11 8 3 3
> GRENADE 3 6 9 4 3
> POWERUP GRENADE 1 6 9 6
> BAT1 1 6 3 7 4 1 6 3 11 6 3 8
> BAT2 6 1 13 4 13 6 8 13 10 13 13 7 8 11 7 13
> BAT3 1 7
< RES 1637476108 95 2
< MOVE D R
> REQ 1637476108 96 2
> VAMPIRE 1 7 10 2 0 3 0
> VAMPIRE 2 7 10 2 0 3 0
> VAMPIRE 3 5 8 3 0 3 0
> VAMPIRE 4 13 9 1 0 3 0
> GRENADE 1 6 9 1 3
> GRENADE 2 6 9 1 3
> GRENADE 4 10 7 1 3
> GRENADE 1 6 9 2 3
> GRENADE 2 6 9 2 3
> GRENADE 4 11 8 2 3
> GRENADE 3 6 13 3 3
> POWERUP GRENADE 1 6 9 6
> BAT1 1 6 3 7 4 1 6 3 11 6 3 8
> BAT2 6 1 13 4 13 6 8 13 10 13 13 7 8 11 7 13
> BAT3 1 7
< RES 1637476108 96 2
< MOVE R
> REQ 1637476108 97 2
> VAMPIRE 1 7 11 2 2 3 0
> VAMPIRE 2 7 11 2 2 3 0
> VAMPIRE 3 5 7 3 0 3 0
> VAMPIRE 4 13 9 1 1 3 0
> GRENADE 4 11 8 1 3
> GRENADE 3 6 13 2 3
> BAT1 1 6 3 7 4 1 6 3 11 6 13 7 3 8
> BAT2 6 1 13 4 13 6 8 13 10 13 8 11 7 13
> BAT3 1 7
< RES 1637476108 97 2
< GRENADE
< MOVE L L
> REQ 1637476108 98 2
> VAMPIRE 1 7 9 2 1 3 0
> VAMPIRE 2 7 9 2 1 3 0
> VAMPIRE 3 7 7 3 0 3 0
> VAMPIRE 4 13 9 1 1 3 0
> GRENADE 3 6 13 1 3
> GRENADE 1 7 11 5 3
> GRENADE 2 7 11 5 3
> GRENADE 4 13 9 5 3
> POWERUP SHOE -7 6 5 5
> POWERUP SHOE -7 8 9 5
> BAT1 1 6 3 7 4 1 6 3 13 7 3 8
> BAT2 6 1 13 4 13 6 8 13 10 13 8 11 7 13
> BAT3 1 7
< RES 1637476108 98 2
< GRENADE
> REQ 1637476108 99 2
> VAMPIRE 1 7 9 2 0 3 0
> VAMPIRE 2 7 9 2 0 3 0
> VAMPIRE 3 7 5 3 1 3 0
> VAMPIRE 4 13 9 1 1 3 0
> GRENADE 1 7 11 4 3
> GRENADE 2 7 11 4 3
> GRENADE 4 13 5 4 3
> GRENADE 1 7 9 5 3
> GRENADE 2 7 9 5 3
> POWERUP SHOE -6 6 5 5
> POWERUP SHOE -6 8 9 5
> BAT1 1 6 3 7 4 1 6 3 13 7 3 8 7 13
> BAT2 6 1 13 4 13 6 8 13 10 13 8 11
> BAT3 1 7
< RES 1637476108 99 2
< MOVE D
> REQ 1637476108 100 2
> VAMPIRE 1 8 9 2 0 3 0
> VAMPIRE 2 8 9 2 0 3 0
> VAMPIRE 3 7 6 3 1 3 0
> VAMPIRE 4 13 9 1 0 3 0
> GRENADE 1 7 11 3 3
> GRENADE 2 7 11 3 3
> GRENADE 4 13 5 3 3
> GRENADE 1 7 9 4 3
> GRENADE 2 7 9 4 3
> GRENADE 4 13 9 5 3
> POWERUP SHOE -5 6 5 5
> POWERUP SHOE -5 8 9 5
> BAT1 1 6 3 7 4 1 6 3 13 7 3 8 7 13
> BAT2 6 1 13 4 13 6 8 13 10 13 8 11
> BAT3 1 7
< RES 1637476108 100 2
< THROW U 4
< MOVE D
> REQ 1637476108 101 2
> VAMPIRE 1 8 9 2 0 3 0
> VAMPIRE 2 8 9 2 0 3 0
> VAMPIRE 3 6 5 3 0 3 0
> VAMPIRE 4 13 11 1 0 3 0
> GRENADE 1 7 11 2 3
> GRENADE 2 7 11 2 3
> GRENADE 4 13 5 2 3
> GRENADE 1 3 9 3 3
> GRENADE 2 3 9 3 3
> GRENADE 4 9 9 4 3
> GRENADE 3 7 6 5 3
> POWERUP SHOE -4 6 5 5
> POWERUP SHOE -4 8 9 5
> BAT1 1 6 3 7 4 1 6 3 13 7 3 8 7 13
> BAT2 6 1 13 4 13 6 8 13 10 13 8 11
> BAT3 1 7
< RES 1637476108 101 2
> REQ 1637476108 102 2
> VAMPIRE 1 8 9 2 0 3 0
> VAMPIRE 2 8 9 2 0 3 0
> VAMPIRE 3 6 5 3 0 3 0
> VAMPIRE 4 11 11 1 0 3 0
> GRENADE 1 7 11 1 3
> GRENADE 2 7 11 1 3
> GRENADE 4 13 5 1 3
> GRENADE 1 3 9 2 3
> GRENADE 2 3 9 2 3
> GRENADE 4 9 9 3 3
> GRENADE 3 7 6 4 3
> POWERUP SHOE -3 6 5 5
> POWERUP SHOE -3 8 9 5
> BAT1 1 6 3 7 4 1 6 3 13 7 3 8 7 13
> BAT2 6 1 13 4 13 6 8 13 10 13 8 11
> BAT3 1 7
< RES 1637476108 102 2
< MOVE U R
> REQ 1637476108 103 2
> VAMPIRE 1 7 10 2 1 3 0
> VAMPIRE 2 7 10 2 1 3 0
> VAMPIRE 3 6 5 3 0 3 0
> VAMPIRE 4 10 11 1 1 3 0
> GRENADE 1 3 9 1 3
> GRENADE 2 3 9 1 3
> GRENADE 4 9 9 2 3
> GRENADE 3 7 6 3 3
> POWERUP SHOE -2 6 5 5
> POWERUP SHOE -2 8 9 5
> BAT1 1 6 3 7 4 1 13 4 13 6 6 3 13 7 3 8 8 11
> BAT2 6 1 8 13 10 13
> BAT3 1 7
< RES 1637476108 103 2
< MOVE R U
> REQ 1637476108 104 2
> VAMPIRE 1 6 11 2 2 3 0
> VAMPIRE 2 6 11 2 2 3 0
> VAMPIRE 3 6 5 3 0 3 0
> VAMPIRE 4 11 12 1 0 3 0
> GRENADE 4 9 9 1 3
> GRENADE 3 7 6 2 3
> GRENADE 4 10 11 5 3
> POWERUP SHOE -1 6 5 5
> POWERUP SHOE -1 8 9 5
> BAT1 1 6 3 7 4 1 13 4 13 6 6 3 13 7 8 11
> BAT2 6 1 8 13 10 13
> BAT3 1 7
< RES 1637476108 104 2
< GRENADE
< MOVE D L
> REQ 1637476108 105 2
> VAMPIRE 1 7 10 2 1 3 0
> VAMPIRE 2 7 10 2 1 3 0
> VAMPIRE 3 6 5 3 0 3 0
> VAMPIRE 4 12 13 1 1 3 0
> GRENADE 3 7 6 1 3
> GRENADE 4 10 11 4 3
> GRENADE 1 6 11 5 3
> GRENADE 2 6 11 5 3
> POWERUP SHOE 14 6 5 5
> POWERUP SHOE 14 8 9 5
> BAT1 1 6 3 7 4 1 13 4 13 6 6 3 13 7 8 11
> BAT2 6 1 8 13 10 13
> BAT3 1 7
< RES 1637476108 105 2
< MOVE L D
> REQ 1637476108 106 2
> VAMPIRE 1 8 9 2 1 3 0
> VAMPIRE 2 8 9 2 1 3 0
> VAMPIRE 3 6 5 3 1 3 0
> VAMPIRE 4 12 13 1 0 3 0
> GRENADE 4 10 11 3 3
> GRENADE 1 6 11 4 3
> GRENADE 2 6 11 4 3
> GRENADE 4 12 13 5 3
> POWERUP SHOE 13 6 5 5
> POWERUP SHOE 13 8 9 5
> BAT1 1 6 3 7 4 1 13 4 13 6 6 3 13 7 8 11
> BAT2 6 1 8 13 10 13
> BAT3 1 7
< RES 1637476108 106 2
> REQ 1637476108 107 2
> VAMPIRE 1 8 9 2 1 3 0
> VAMPIRE 2 8 9 2 1 3 0
> VAMPIRE 3 6 5 3 1 3 0
> VAMPIRE 4 11 13 1 0 3 0
> GRENADE 4 10 11 2 3
> GRENADE 1 6 11 3 3
> GRENADE 2 6 11 3 3
> GRENADE 4 9 13 4 3
> POWERUP SHOE 12 6 5 5
> POWERUP SHOE 12 8 9 5
> BAT1 1 6 3 7 4 1 13 4 13 6 6 3 13 7 8 11
> BAT2 6 1 8 13 10 13
> BAT3 1 7
< RES 1637476108 107 2
< MOVE D R
> REQ 1637476108 108 2
> VAMPIRE 1 9 10 2 1 3 0
> VAMPIRE 2 9 10 2 1 3 0
> VAMPIRE 3 6 5 3 1 3 0
> VAMPIRE 4 11 13 1 0 3 0
> GRENADE 4 10 11 1 3
> GRENADE 1 6 11 2 3
> GRENADE 2 6 11 2 3
> GRENADE 4 9 13 3 3
> POWERUP SHOE 11 6 5 5
> POWERUP SHOE 11 8 9 5
> BAT1 1 6 3 7 4 1 13 4 13 6 6 3 13 7 8 11
> BAT2 6 1 8 13 10 13
> BAT3 1 7
< RES 1637476108 108 2
< GRENADE
< MOVE L U
> REQ 1637476108 109 2
> VAMPIRE 1 8 9 2 0 3 0
> VAMPIRE 2 8 9 2 0 3 0
> VAMPIRE 3 6 5 3 1 3 30
> VAMPIRE 4 12 13 1 1 3 0
> GRENADE 1 6 11 1 3
> GRENADE 2 6 11 1 3
> GRENADE 4 9 13 2 3
> GRENADE 1 9 10 5 3
> GRENADE 2 9 10 5 3
> POWERUP SHOE 10 8 9 5
> BAT1 1 6 3 7 4 1 13 4 13 6 6 3 13 7
> BAT2 6 1 8 13 10 13
> BAT3 1 7
< RES 1637476108 109 2
> REQ 1637476108 110 2
> VAMPIRE 1 8 9 2 1 3 0
> VAMPIRE 2 8 9 2 1 3 0
> VAMPIRE 3 7 7 3 1 3 29
> VAMPIRE 4 12 13 1 0 3 0
> GRENADE 4 9 13 1 3
> GRENADE 1 9 10 4 3
> GRENADE 2 9 10 4 3
> GRENADE 4 12 13 5 3
> POWERUP SHOE 9 8 9 5
> BAT1 1 6 3 7 4 1 13 4 13 6 6 3 13 7
> BAT2 6 1 8 13 10 13
> BAT3 1 7
< RES 1637476108 110 2
< GRENADE
> REQ 1637476108 111 2
> VAMPIRE 1 8 9 2 1 3 0
> VAMPIRE 2 8 9 2 1 3 0
> VAMPIRE 3 7 9 3 1 3 28
> VAMPIRE 4 13 12 1 1 3 0
> GRENADE 4 9 13 4 3
> GRENADE 1 8 9 5 3
> GRENADE 2 8 9 5 3
> POWERUP SHOE 8 8 9 5
> BAT1 1 6 3 7 4 1 13 4 13 6 8 13 10 13 6 3 13 7
> BAT2 6 1
> BAT3 1 7
< RES 1637476108 111 2
< GRENADE
> REQ 1637476108 112 2
> VAMPIRE 1 8 9 2 0 3 0
> VAMPIRE 2 8 9 2 0 3 0
> VAMPIRE 3 7 9 3 0 3 27
> VAMPIRE 4 13 10 1 1 3 0
> GRENADE 4 9 13 3 3
> GRENADE 1 8 9 4 3
> GRENADE 2 8 9 4 3
> GRENADE 1 8 9 5 3
> GRENADE 2 8 9 5 3
> GRENADE 3 7 9 5 3
> POWERUP SHOE 7 8 9 5
> BAT1 1 6 3 7 4 1 13 4 13 6 8 13 10 13 6 3 13 7
> BAT2 6 1
> BAT3 1 7
< RES 1637476108 112 2
> REQ 1637476108 113 2
> VAMPIRE 1 8 9 2 0 3 0
> VAMPIRE 2 8 9 2 0 3 0
> VAMPIRE 3 4 9 3 0 3 26
> VAMPIRE 4 13 10 1 0 3 0
> GRENADE 4 9 13 2 3
> GRENADE 1 8 9 3 3
> GRENADE 2 8 9 3 3
> GRENADE 1 8 9 4 3
> GRENADE 2 8 9 4 3
> GRENADE 3 7 13 4 3
> GRENADE 4 13 10 5 3
> POWERUP SHOE 6 8 9 5
> BAT1 1 6 3 7 4 1 13 4 13 6 8 13 10 13 6 3 13 7
> BAT2 6 1
> BAT3 1 7
< RES 1637476108 113 2
> REQ 1637476108 114 2
> VAMPIRE 1 8 9 2 0 3 30
> VAMPIRE 2 8 9 2 0 3 30
> VAMPIRE 3 7 9 3 0 3 25
> VAMPIRE 4 13 9 1 0 3 0
> GRENADE 4 9 13 1 3
> GRENADE 1 8 9 2 3
> GRENADE 2 8 9 2 3
> GRENADE 1 8 9 3 3
> GRENADE 2 8 9 3 3
> GRENADE 3 7 13 3 3
> GRENADE 4 13 8 4 3
> BAT1 1 6 3 7 4 1 13 4 13 6 8 13 10 13 6 3 13 7
> BAT2 6 1
> BAT3 1 7
< RES 1637476108 114 2
< MOVE D L L
> REQ 1637476108 115 2
> VAMPIRE 1 9 7 2 0 3 29
> VAMPIRE 2 9 7 2 0 3 29
> VAMPIRE 3 6 11 3 0 3 24
> VAMPIRE 4 13 10 1 1 3 0
> GRENADE 1 8 9 1 3
> GRENADE 2 8 9 1 3
> GRENADE 1 8 9 2 3
> GRENADE 2 8 9 2 3
> GRENADE 3 7 13 2 3
> GRENADE 4 13 5 3 3
> BAT1 1 6 3 7 4 1 13 4 13 6 6 3 13 7
> BAT2 6 1
> BAT3 1 7
< RES 1637476108 115 2
< MOVE L L D
> REQ 1637476108 116 2
> VAMPIRE 1 10 5 2 2 3 28
> VAMPIRE 2 10 5 2 2 3 28
> VAMPIRE 3 3 11 3 0 3 23
> VAMPIRE 4 12 11 1 0 3 0
> GRENADE 3 7 13 1 3
> GRENADE 4 13 5 2 3
> GRENADE 4 13 10 5 3
> BAT1 1 6 3 7 4 1 13 4 13 6 6 3 13 7
> BAT2 6 1
> BAT3 1 7
< RES 1637476108 116 2
< GRENADE
< MOVE U L L
> REQ 1637476108 117 2
> VAMPIRE 1 9 3 2 1 3 27
> VAMPIRE 2 9 3 2 1 3 27
> VAMPIRE 3 3 9 3 1 3 22
> VAMPIRE 4 11 11 1 0 3 0
> GRENADE 4 13 5 1 3
> GRENADE 4 13 10 4 3
> GRENADE 1 10 5 5 3
> GRENADE 2 10 5 5 3
> BAT1 1 6 3 7 4 1 13 4 13 6 6 3 13 7
> BAT2 6 1
> BAT3 1 7
< RES 1637476108 117 2
< GRENADE
< MOVE L L U
> REQ 1637476108 118 2
> VAMPIRE 1 8 1 2 1 3 26
> VAMPIRE 2 8 1 2 1 3 26
> VAMPIRE 3 5 9 3 0 3 21
> VAMPIRE 4 11 9 1 1 3 0
> GRENADE 4 13 10 3 3
> GRENADE 1 9 3 5 3
> GRENADE 2 9 3 5 3
> GRENADE 3 3 9 5 3
> BAT1 1 6 3 7 4 1 6 3 13 7
> BAT2 6 1
> BAT3 1 7
< RES 1637476108 118 2
< GRENADE
> REQ 1637476108 119 2
> VAMPIRE 1 8 1 2 0 3 25
> VAMPIRE 2 8 1 2 0 3 25
> VAMPIRE 3 7 9 3 0 3 20
> VAMPIRE 4 11 7 1 1 3 0
> GRENADE 4 13 10 2 3
> GRENADE 1 9 3 4 3
> GRENADE 2 9 3 4 3
> GRENADE 3 3 9 4 3
> GRENADE 1 8 1 5 3
> GRENADE 2 8 1 5 3
> BAT1 1 6 3 7 4 1 6 3 13 7
> BAT2 6 1
> BAT3 1 7
< RES 1637476108 119 2
< THROW XU 3
< MOVE U R
> REQ 1637476108 120 2
> VAMPIRE 1 7 2 2 0 3 24
> VAMPIRE 2 7 2 2 0 3 24
> VAMPIRE 3 7 9 3 0 3 19
> VAMPIRE 4 11 7 1 0 3 0
> GRENADE 4 13 10 1 3
> GRENADE 1 9 3 3 3
> GRENADE 2 9 3 3 3
> GRENADE 3 3 9 3 3
> GRENADE 1 5 1 4 3
> GRENADE 2 5 1 4 3
> GRENADE 4 11 7 5 3
> BAT1 1 6 3 7 4 1 6 3 13 7
> BAT2 6 1
> BAT3 1 7
< RES 1637476108 120 2
< MOVE R R R
> REQ 1637476108 121 2
> VAMPIRE 1 7 5 2 0 3 23
> VAMPIRE 2 7 5 2 0 3 23
> VAMPIRE 3 7 11 3 0 3 18
> VAMPIRE 4 9 7 1 1 3 0
> GRENADE 1 9 3 2 3
> GRENADE 2 9 3 2 3
> GRENADE 3 3 9 2 3
> GRENADE 1 5 1 3 3
> GRENADE 2 5 1 3 3
> GRENADE 4 11 3 4 3
> BAT1 1 6 3 7 4 1 6 3
> BAT2 6 1
> BAT3 1 7
< RES 1637476108 121 2
< MOVE L L L
> REQ 1637476108 122 2
> VAMPIRE 1 7 2 2 0 3 22
> VAMPIRE 2 7 2 2 0 3 22
> VAMPIRE 3 9 11 3 0 3 17
> VAMPIRE 4 11 7 1 1 3 0
> GRENADE 1 9 3 1 3
> GRENADE 2 9 3 1 3
> GRENADE 3 3 9 1 3
> GRENADE 1 5 1 2 3
> GRENADE 2 5 1 2 3
> GRENADE 4 11 3 3 3
> BAT1 1 6 3 7 4 1 6 3
> BAT2 6 1
> BAT3 1 7
< RES 1637476108 122 2
< MOVE L
> REQ 1637476108 123 2
> VAMPIRE 1 7 1 2 1 3 21
> VAMPIRE 2 7 1 2 1 3 21
> VAMPIRE 3 7 11 3 1 3 16
> VAMPIRE 4 9 7 1 2 3 0
> GRENADE 1 5 1 1 3
> GRENADE 2 5 1 1 3
> BAT1 1 6 4 1
> BAT2 6 1
> BAT3 1 7
< RES 1637476108 123 2
< GRENADE
< MOVE D D R
> REQ 1637476108 124 2
> VAMPIRE 1 9 2 2 1 3 20
> VAMPIRE 2 9 2 2 1 3 20
> VAMPIRE 3 7 9 3 1 3 15
> VAMPIRE 4 7 7 1 2 3 0
> GRENADE 1 7 1 5 3
> GRENADE 2 7 1 5 3
> BAT1 1 6 6 1
> BAT3 1 7
< RES 1637476108 124 2
< MOVE R R R
> REQ 1637476108 125 2
> VAMPIRE 1 9 5 2 1 3 19
> VAMPIRE 2 9 5 2 1 3 19
> VAMPIRE 3 7 9 3 1 3 14
> VAMPIRE 4 7 7 1 1 3 0
> GRENADE 1 7 1 4 3
> GRENADE 2 7 1 4 3
> GRENADE 4 7 7 5 3
> BAT1 1 6 6 1
> BAT3 1 7
< RES 1637476108 125 2
> REQ 1637476108 126 2
> VAMPIRE 1 9 5 2 1 3 18
> VAMPIRE 2 9 5 2 1 3 18
> VAMPIRE 3 7 11 3 1 3 13
> VAMPIRE 4 5 7 1 1 3 0
> GRENADE 1 7 1 3 3
> GRENADE 2 7 1 3 3
> GRENADE 4 7 3 4 3
> BAT1 1 6 6 1
> BAT3 1 7
< RES 1637476108 126 2
< MOVE R R
> REQ 1637476108 127 2
> VAMPIRE 1 9 7 2 1 3 17
> VAMPIRE 2 9 7 2 1 3 17
> VAMPIRE 3 5 11 3 1 3 12
> VAMPIRE 4 4 7 1 1 3 0
> GRENADE 1 7 1 2 3
> GRENADE 2 7 1 2 3
> GRENADE 4 7 3 3 3
> BAT1 1 6 6 1
> BAT3 1 7
< RES 1637476108 127 2
> REQ 1637476108 128 2
> VAMPIRE 1 9 7 2 1 3 16
> VAMPIRE 2 9 7 2 1 3 16
> VAMPIRE 3 3 11 3 1 3 11
> VAMPIRE 4 3 6 1 0 3 0
> GRENADE 1 7 1 1 3
> GRENADE 2 7 1 1 3
> GRENADE 4 7 3 2 3
> GRENADE 4 4 7 5 3
> BAT1 1 6 6 1
> BAT3 1 7
< RES 1637476108 128 2
< GRENADE
> REQ 1637476108 129 2
> VAMPIRE 1 9 7 2 1 3 15
> VAMPIRE 2 9 7 2 1 3 15
> VAMPIRE 3 1 10 3 1 3 10
> VAMPIRE 4 2 5 1 1 3 0
> GRENADE 4 4 7 4 3
> GRENADE 1 9 7 5 3
> GRENADE 2 9 7 5 3
> BAT1 1 6
> BAT3 1 7
< RES 1637476108 129 2
< THROW XU 4
< MOVE U U L
> REQ 1637476108 130 2
> VAMPIRE 1 7 6 2 1 3 14
> VAMPIRE 2 7 6 2 1 3 14
> VAMPIRE 3 3 9 3 0 3 9
> VAMPIRE 4 1 4 1 1 3 0
> GRENADE 4 4 7 3 3
> GRENADE 1 5 7 4 3
> GRENADE 2 5 7 4 3
> GRENADE 3 1 10 5 3
> BAT1 1 6
> BAT3 1 7
< RES 1637476108 130 2
< MOVE L
> REQ 1637476108 131 2
> VAMPIRE 1 7 5 2 1 3 13
> VAMPIRE 2 7 5 2 1 3 13
> VAMPIRE 3 3 11 3 0 3 8
> VAMPIRE 4 2 5 1 0 3 0
> GRENADE 4 4 7 2 3
> GRENADE 1 5 7 3 3
> GRENADE 2 5 7 3 3
> GRENADE 3 1 10 4 3
> GRENADE 4 1 4 5 3
> BAT1 1 6
> BAT3 1 7
< RES 1637476108 131 2
> REQ 1637476108 132 2
> VAMPIRE 1 7 5 2 1 3 12
> VAMPIRE 2 7 5 2 1 3 12
> VAMPIRE 3 5 11 3 0 3 7
> VAMPIRE 4 3 6 1 0 3 0
> GRENADE 4 4 7 1 3
> GRENADE 1 5 7 2 3
> GRENADE 2 5 7 2 3
> GRENADE 3 1 10 3 3
> GRENADE 4 1 4 4 3
> POWERUP GRENADE -8 6 11 4
> POWERUP GRENADE -8 8 3 4
> BAT1 1 6
> BAT3 1 7
< RES 1637476108 132 2
< MOVE L L D
> REQ 1637476108 133 2
> VAMPIRE 1 8 3 2 2 3 11
> VAMPIRE 2 8 3 2 2 3 11
> VAMPIRE 3 6 11 3 0 3 6
> VAMPIRE 4 3 5 1 1 3 0
> GRENADE 3 1 10 2 3
> GRENADE 4 1 4 3 3
> POWERUP GRENADE -7 6 11 4
> POWERUP GRENADE -7 8 3 4
> BAT1 1 6
> BAT2 1 7
< RES 1637476108 133 2
> REQ 1637476108 134 2
> VAMPIRE 1 8 3 2 2 3 10
> VAMPIRE 2 8 3 2 2 3 10
> VAMPIRE 3 6 11 3 0 3 5
> VAMPIRE 4 3 7 1 1 3 0
> GRENADE 3 1 10 1 3
> GRENADE 4 1 4 2 3
> POWERUP GRENADE -6 6 11 4
> POWERUP GRENADE -6 8 3 4
> BAT1 1 6
> BAT2 1 7
< RES 1637476108 134 2
> REQ 1637476108 135 2
> VAMPIRE 1 8 3 2 2 3 9
> VAMPIRE 2 8 3 2 2 3 9
> VAMPIRE 3 6 11 3 1 3 4
> VAMPIRE 4 3 7 1 0 3 0
> GRENADE 4 1 4 1 3
> GRENADE 4 3 7 5 3
> POWERUP GRENADE -5 6 11 4
> POWERUP GRENADE -5 8 3 4
> BAT1 1 6 1 7
< RES 1637476108 135 2
> REQ 1637476108 136 2
> VAMPIRE 1 8 3 2 2 3 8
> VAMPIRE 2 8 3 2 2 3 8
> VAMPIRE 3 6 11 3 1 3 3
> VAMPIRE 4 3 5 1 1 3 0
> GRENADE 4 2 7 4 3
> POWERUP GRENADE -4 6 11 4
> POWERUP GRENADE -4 8 3 4
> BAT1 1 7
< RES 1637476108 136 2
> REQ 1637476108 137 2
> VAMPIRE 1 8 3 2 2 3 7
> VAMPIRE 2 8 3 2 2 3 7
> VAMPIRE 3 6 11 3 1 3 2
> VAMPIRE 4 5 5 1 1 3 0
> GRENADE 4 2 7 3 3
> POWERUP GRENADE -3 6 11 4
> POWERUP GRENADE -3 8 3 4
> BAT1 1 7
< RES 1637476108 137 2
> REQ 1637476108 138 2
> VAMPIRE 1 8 3 2 2 3 6
> VAMPIRE 2 8 3 2 2 3 6
> VAMPIRE 3 6 11 3 1 3 1
> VAMPIRE 4 5 5 1 1 3 0
> GRENADE 4 2 7 2 3
> POWERUP GRENADE -2 6 11 4
> POWERUP GRENADE -2 8 3 4
> BAT1 1 7
< RES 1637476108 138 2
> REQ 1637476108 139 2
> VAMPIRE 1 8 3 2 2 3 5
> VAMPIRE 2 8 3 2 2 3 5
> VAMPIRE 3 6 11 3 1 3 0
> VAMPIRE 4 5 5 1 1 3 0
> GRENADE 4 2 7 1 3
> POWERUP GRENADE -1 6 11 4
> POWERUP GRENADE -1 8 3 4
> BAT1 1 7
< RES 1637476108 139 2
> REQ 1637476108 140 2
> VAMPIRE 1 8 3 2 2 3 4
> VAMPIRE 2 8 3 2 2 3 4
> VAMPIRE 3 6 11 3 1 3 0
> VAMPIRE 4 5 7 1 2 3 0
> POWERUP GRENADE 17 6 11 4
> POWERUP GRENADE 17 8 3 4
< RES 1637476108 140 2
> REQ 1637476108 141 2
> VAMPIRE 1 8 3 2 2 3 3
> VAMPIRE 2 8 3 2 2 3 3
> VAMPIRE 3 6 11 3 1 3 0
> VAMPIRE 4 5 9 1 2 3 0
> POWERUP GRENADE 16 6 11 4
> POWERUP GRENADE 16 8 3 4
< RES 1637476108 141 2
> REQ 1637476108 142 2
> VAMPIRE 1 8 3 2 2 3 2
> VAMPIRE 2 8 3 2 2 3 2
> VAMPIRE 3 6 11 3 1 3 0
> VAMPIRE 4 5 9 1 2 3 0
> POWERUP GRENADE 15 6 11 4
> POWERUP GRENADE 15 8 3 4
< RES 1637476108 142 2
> REQ 1637476108 143 2
> VAMPIRE 1 8 3 2 3 3 1
> VAMPIRE 2 8 3 2 3 3 1
> VAMPIRE 3 6 11 3 2 3 0
> VAMPIRE 4 5 9 1 2 3 0
< RES 1637476108 143 2
< MOVE U R R
> REQ 1637476108 144 2
> VAMPIRE 1 7 5 2 3 3 0
> VAMPIRE 2 7 5 2 3 3 0
> VAMPIRE 3 8 11 3 2 3 0
> VAMPIRE 4 7 9 1 2 3 0
< RES 1637476108 144 2
< MOVE R R
> REQ 1637476108 145 2
> VAMPIRE 1 7 7 2 3 3 0
> VAMPIRE 2 7 7 2 3 3 0
> VAMPIRE 3 9 11 3 2 3 0
> VAMPIRE 4 7 7 1 2 3 0
< RES 1637476108 145 2
> REQ 1637476108 146 2
> VAMPIRE 1 7 7 2 3 3 0
> VAMPIRE 2 7 7 2 3 3 0
> VAMPIRE 3 7 11 3 2 3 0
> VAMPIRE 4 7 7 1 2 3 0
< RES 1637476108 146 2
> REQ 1637476108 147 2
> VAMPIRE 1 7 7 2 3 3 0
> VAMPIRE 2 7 7 2 3 3 0
> VAMPIRE 3 7 9 3 2 3 0
> VAMPIRE 4 7 7 1 2 3 0
< RES 1637476108 147 2
> REQ 1637476108 148 2
> VAMPIRE 1 7 7 2 3 3 0
> VAMPIRE 2 7 7 2 3 3 0
> VAMPIRE 3 7 9 3 2 3 0
> VAMPIRE 4 7 7 1 2 3 0
< RES 1637476108 148 2
> REQ 1637476108 149 2
> VAMPIRE 1 7 7 2 3 3 0
> VAMPIRE 2 7 7 2 3 3 0
> VAMPIRE 3 7 9 3 2 3 0
> VAMPIRE 4 7 7 1 2 3 0
< RES 1637476108 149 2
> REQ 1637476108 150 2
> VAMPIRE 1 7 7 2 3 3 0
> VAMPIRE 2 7 7 2 3 3 0
> VAMPIRE 3 7 9 3 2 3 0
> VAMPIRE 4 7 7 1 2 3 0
< RES 1637476108 150 2
> REQ 1637476108 151 2
> VAMPIRE 1 7 7 2 3 3 0
> VAMPIRE 2 7 7 2 3 3 0
> VAMPIRE 3 7 9 3 2 3 0
> VAMPIRE 4 7 7 1 2 3 0
< RES 1637476108 151 2
> REQ 1637476108 152 2
> VAMPIRE 1 7 7 2 3 3 0
> VAMPIRE 2 7 7 2 3 3 0
> VAMPIRE 3 7 9 3 2 3 0
> VAMPIRE 4 7 7 1 2 3 0
< RES 1637476108 152 2
> REQ 1637476108 153 2
> VAMPIRE 1 7 7 2 3 3 0
> VAMPIRE 2 7 7 2 3 3 0
> VAMPIRE 3 7 9 3 2 3 0
> VAMPIRE 4 7 7 1 2 3 0
< RES 1637476108 153 2
> REQ 1637476108 154 2
> VAMPIRE 1 7 7 2 3 3 0
> VAMPIRE 2 7 7 2 3 3 0
> VAMPIRE 3 7 9 3 2 3 0
> VAMPIRE 4 7 7 1 2 3 0
< RES 1637476108 154 2
> REQ 1637476108 155 2
> VAMPIRE 1 7 7 2 3 3 0
> VAMPIRE 2 7 7 2 3 3 0
> VAMPIRE 3 7 9 3 2 3 0
> VAMPIRE 4 7 7 1 2 3 0
< RES 1637476108 155 2
> REQ 1637476108 156 2
> VAMPIRE 1 7 7 2 3 3 0
> VAMPIRE 2 7 7 2 3 3 0
> VAMPIRE 3 7 9 3 2 3 0
> VAMPIRE 4 7 7 1 2 3 0
< RES 1637476108 156 2
> REQ 1637476108 157 2
> VAMPIRE 1 7 7 2 3 3 0
> VAMPIRE 2 7 7 2 3 3 0
> VAMPIRE 3 7 9 3 2 3 0
> VAMPIRE 4 7 7 1 2 3 0
< RES 1637476108 157 2
> REQ 1637476108 158 2
> VAMPIRE 1 7 7 2 3 3 0
> VAMPIRE 2 7 7 2 3 3 0
> VAMPIRE 3 7 9 3 2 3 0
> VAMPIRE 4 7 7 1 2 3 0
< RES 1637476108 158 2
> REQ 1637476108 159 2
> VAMPIRE 1 7 7 2 3 3 0
> VAMPIRE 2 7 7 2 3 3 0
> VAMPIRE 3 7 9 3 2 3 0
> VAMPIRE 4 7 7 1 2 3 0
< RES 1637476108 159 2
> REQ 1637476108 160 2
> VAMPIRE 1 7 7 2 3 3 0
> VAMPIRE 2 7 7 2 3 3 0
> VAMPIRE 3 7 9 3 2 3 0
> VAMPIRE 4 7 7 1 2 3 0
< RES 1637476108 160 2
> REQ 1637476108 161 2
> VAMPIRE 1 7 7 2 3 3 0
> VAMPIRE 2 7 7 2 3 3 0
> VAMPIRE 3 7 9 3 2 3 0
> VAMPIRE 4 7 7 1 2 3 0
< RES 1637476108 161 2
> REQ 1637476108 162 2
> VAMPIRE 1 7 7 2 3 3 0
> VAMPIRE 2 7 7 2 3 3 0
> VAMPIRE 3 7 9 3 2 3 0
> VAMPIRE 4 7 7 1 2 3 0
< RES 1637476108 162 2
> REQ 1637476108 163 2
> VAMPIRE 1 7 7 2 3 3 0
> VAMPIRE 2 7 7 2 3 3 0
> VAMPIRE 3 7 9 3 2 3 0
> VAMPIRE 4 7 7 1 2 3 0
< RES 1637476108 163 2
> REQ 1637476108 164 2
> VAMPIRE 1 7 7 2 3 3 0
> VAMPIRE 2 7 7 2 3 3 0
> VAMPIRE 3 7 9 3 2 3 0
> VAMPIRE 4 7 7 1 2 3 0
< RES 1637476108 164 2
> REQ 1637476108 165 2
> VAMPIRE 1 7 7 2 3 3 0
> VAMPIRE 2 7 7 2 3 3 0
> VAMPIRE 3 7 9 3 2 3 0
> VAMPIRE 4 7 7 1 2 3 0
> POWERUP SHOE -6 11 3 7
> POWERUP SHOE -6 3 11 7
< RES 1637476108 165 2
< MOVE D D
> REQ 1637476108 166 2
> VAMPIRE 1 9 7 2 3 3 0
> VAMPIRE 2 9 7 2 3 3 0
> VAMPIRE 3 5 9 3 2 3 0
> VAMPIRE 4 7 7 1 2 3 0
> POWERUP SHOE -5 11 3 7
> POWERUP SHOE -5 3 11 7
< RES 1637476108 166 2
< MOVE D D
> REQ 1637476108 167 2
> VAMPIRE 1 11 7 2 3 3 0
> VAMPIRE 2 11 7 2 3 3 0
> VAMPIRE 3 3 9 3 2 3 0
> VAMPIRE 4 7 7 1 2 3 0
> POWERUP SHOE -4 11 3 7
> POWERUP SHOE -4 3 11 7
< RES 1637476108 167 2
< MOVE L L
> REQ 1637476108 168 2
> VAMPIRE 1 11 5 2 3 3 0
> VAMPIRE 2 11 5 2 3 3 0
> VAMPIRE 3 3 11 3 2 3 0
> VAMPIRE 4 7 7 1 2 3 0
> POWERUP SHOE -3 11 3 7
> POWERUP SHOE -3 3 11 7
< RES 1637476108 168 2
< MOVE L L
> REQ 1637476108 169 2
> VAMPIRE 1 11 3 2 3 3 0
> VAMPIRE 2 11 3 2 3 3 0
> VAMPIRE 3 3 11 3 2 3 0
> VAMPIRE 4 7 7 1 2 3 0
> POWERUP SHOE -2 11 3 7
> POWERUP SHOE -2 3 11 7
< RES 1637476108 169 2
> REQ 1637476108 170 2
> VAMPIRE 1 11 3 2 3 3 0
> VAMPIRE 2 11 3 2 3 3 0
> VAMPIRE 3 3 11 3 2 3 0
> VAMPIRE 4 7 7 1 2 3 0
> POWERUP SHOE -1 11 3 7
> POWERUP SHOE -1 3 11 7
< RES 1637476108 170 2
> REQ 1637476108 171 2
> VAMPIRE 1 11 3 2 3 3 0
> VAMPIRE 2 11 3 2 3 3 0
> VAMPIRE 3 3 11 3 2 3 0
> VAMPIRE 4 7 7 1 2 3 0
> POWERUP SHOE 16 11 3 7
> POWERUP SHOE 16 3 11 7
< RES 1637476108 171 2
> REQ 1637476108 172 2
> VAMPIRE 1 11 3 2 3 3 0
> VAMPIRE 2 11 3 2 3 3 0
> VAMPIRE 3 3 11 3 2 3 0
> VAMPIRE 4 7 7 1 2 3 0
> POWERUP SHOE 15 11 3 7
> POWERUP SHOE 15 3 11 7
< RES 1637476108 172 2
> REQ 1637476108 173 2
> VAMPIRE 1 11 3 2 3 3 0
> VAMPIRE 2 11 3 2 3 3 0
> VAMPIRE 3 3 11 3 2 3 0
> VAMPIRE 4 7 7 1 2 3 0
> POWERUP SHOE 14 11 3 7
> POWERUP SHOE 14 3 11 7
< RES 1637476108 173 2
> REQ 1637476108 174 2
> VAMPIRE 1 11 3 2 3 3 0
> VAMPIRE 2 11 3 2 3 3 0
> VAMPIRE 3 3 11 3 2 3 0
> VAMPIRE 4 7 7 1 2 3 0
> POWERUP SHOE 13 11 3 7
> POWERUP SHOE 13 3 11 7
< RES 1637476108 174 2
> REQ 1637476108 175 2
> VAMPIRE 1 11 3 2 3 3 0
> VAMPIRE 2 11 3 2 3 3 0
> VAMPIRE 3 3 11 3 2 3 0
> VAMPIRE 4 7 7 1 2 3 0
> POWERUP SHOE 12 11 3 7
> POWERUP SHOE 12 3 11 7
< RES 1637476108 175 2
> REQ 1637476108 176 2
> VAMPIRE 1 11 3 2 3 3 0
> VAMPIRE 2 11 3 2 3 3 0
> VAMPIRE 3 3 11 3 2 3 0
> VAMPIRE 4 7 7 1 2 3 0
> POWERUP SHOE 11 11 3 7
> POWERUP SHOE 11 3 11 7
< RES 1637476108 176 2
> REQ 1637476108 177 2
> VAMPIRE 1 11 3 2 3 3 30
> VAMPIRE 2 11 3 2 3 3 30
> VAMPIRE 3 3 11 3 2 3 30
> VAMPIRE 4 7 7 1 2 3 0
< RES 1637476108 177 2
< MOVE R R
> REQ 1637476108 178 2
> VAMPIRE 1 11 5 2 3 3 29
> VAMPIRE 2 11 5 2 3 3 29
> VAMPIRE 3 3 9 3 2 3 29
> VAMPIRE 4 7 7 1 2 3 0
< RES 1637476108 178 2
< MOVE U U
> REQ 1637476108 179 2
> VAMPIRE 1 9 5 2 3 3 28
> VAMPIRE 2 9 5 2 3 3 28
> VAMPIRE 3 5 9 3 2 3 28
> VAMPIRE 4 7 5 1 2 3 0
< RES 1637476108 179 2
< MOVE L L
> REQ 1637476108 180 2
> VAMPIRE 1 9 3 2 3 3 27
> VAMPIRE 2 9 3 2 3 3 27
> VAMPIRE 3 5 11 3 2 3 27
> VAMPIRE 4 5 5 1 2 3 0
< RES 1637476108 180 2
< MOVE R R
> REQ 1637476108 181 2
> VAMPIRE 1 9 5 2 3 3 26
> VAMPIRE 2 9 5 2 3 3 26
> VAMPIRE 3 5 9 3 2 3 26
> VAMPIRE 4 5 5 1 2 3 0
< RES 1637476108 181 2
< MOVE L L
> REQ 1637476108 182 2
> VAMPIRE 1 9 3 2 3 3 25
> VAMPIRE 2 9 3 2 3 3 25
> VAMPIRE 3 5 11 3 2 3 25
> VAMPIRE 4 5 5 1 2 3 0
< RES 1637476108 182 2
< MOVE R R
> REQ 1637476108 183 2
> VAMPIRE 1 9 5 2 3 3 24
> VAMPIRE 2 9 5 2 3 3 24
> VAMPIRE 3 5 9 3 2 3 24
> VAMPIRE 4 5 5 1 2 3 0
< RES 1637476108 183 2
< MOVE L L
> REQ 1637476108 184 2
> VAMPIRE 1 9 3 2 3 3 23
> VAMPIRE 2 9 3 2 3 3 23
> VAMPIRE 3 5 11 3 2 3 23
> VAMPIRE 4 5 5 1 2 3 0
< RES 1637476108 184 2
< MOVE R R
> REQ 1637476108 185 2
> VAMPIRE 1 9 5 2 3 3 22
> VAMPIRE 2 9 5 2 3 3 22
> VAMPIRE 3 5 9 3 2 3 22
> VAMPIRE 4 5 5 1 2 3 0
< RES 1637476108 185 2
< MOVE L L
> REQ 1637476108 186 2
> VAMPIRE 1 9 3 2 3 3 21
> VAMPIRE 2 9 3 2 3 3 21
> VAMPIRE 3 5 11 3 2 3 21
> VAMPIRE 4 5 5 1 2 3 0
< RES 1637476108 186 2
< MOVE R R
> REQ 1637476108 187 2
> VAMPIRE 1 9 5 2 3 3 20
> VAMPIRE 2 9 5 2 3 3 20
> VAMPIRE 3 5 9 3 2 3 20
> VAMPIRE 4 5 5 1 2 3 0
< RES 1637476108 187 2
< MOVE L L
> REQ 1637476108 188 2
> VAMPIRE 1 9 3 2 3 3 19
> VAMPIRE 2 9 3 2 3 3 19
> VAMPIRE 3 5 11 3 2 3 19
> VAMPIRE 4 5 5 1 2 3 0
< RES 1637476108 188 2
< MOVE R R
> REQ 1637476108 189 2
> VAMPIRE 1 9 5 2 3 3 18
> VAMPIRE 2 9 5 2 3 3 18
> VAMPIRE 3 5 9 3 2 3 18
> VAMPIRE 4 5 5 1 2 3 0
< RES 1637476108 189 2
< MOVE L L
> REQ 1637476108 190 2
> VAMPIRE 1 9 3 2 3 3 17
> VAMPIRE 2 9 3 2 3 3 17
> VAMPIRE 3 5 11 3 2 3 17
> VAMPIRE 4 5 5 1 2 3 0
< RES 1637476108 190 2
< MOVE R R
> REQ 1637476108 191 2
> VAMPIRE 1 9 5 2 3 3 16
> VAMPIRE 2 9 5 2 3 3 16
> VAMPIRE 3 5 9 3 2 3 16
> VAMPIRE 4 5 5 1 2 3 0
< RES 1637476108 191 2
< MOVE L L
> REQ 1637476108 192 2
> VAMPIRE 1 9 3 2 3 3 15
> VAMPIRE 2 9 3 2 3 3 15
> VAMPIRE 3 5 11 3 2 3 15
> VAMPIRE 4 5 5 1 2 3 0
< RES 1637476108 192 2
< MOVE R R
> REQ 1637476108 193 2
> VAMPIRE 1 9 5 2 3 3 14
> VAMPIRE 2 9 5 2 3 3 14
> VAMPIRE 3 5 9 3 2 3 14
> VAMPIRE 4 5 5 1 2 3 0
< RES 1637476108 193 2
< MOVE L L
> REQ 1637476108 194 2
> VAMPIRE 1 9 3 2 3 3 13
> VAMPIRE 2 9 3 2 3 3 13
> VAMPIRE 3 5 11 3 2 3 13
> VAMPIRE 4 5 5 1 2 3 0
< RES 1637476108 194 2
< MOVE R R
> REQ 1637476108 195 2
> VAMPIRE 1 9 5 2 3 3 12
> VAMPIRE 2 9 5 2 3 3 12
> VAMPIRE 3 5 9 3 2 3 12
> VAMPIRE 4 5 5 1 2 3 0
< RES 1637476108 195 2
< MOVE L L
> REQ 1637476108 196 2
> VAMPIRE 1 9 3 2 3 3 11
> VAMPIRE 2 9 3 2 3 3 11
> VAMPIRE 3 5 11 3 2 3 11
> VAMPIRE 4 5 5 1 2 3 0
< RES 1637476108 196 2
< MOVE R R
> REQ 1637476108 197 2
> VAMPIRE 1 9 5 2 3 3 10
> VAMPIRE 2 9 5 2 3 3 10
> VAMPIRE 3 5 9 3 2 3 10
> VAMPIRE 4 5 5 1 2 3 0
< RES 1637476108 197 2
< MOVE L L
> REQ 1637476108 198 2
> VAMPIRE 1 9 3 2 3 3 9
> VAMPIRE 2 9 3 2 3 3 9
> VAMPIRE 3 5 11 3 2 3 9
> VAMPIRE 4 5 5 1 2 3 0
< RES 1637476108 198 2
< MOVE R R
> REQ 1637476108 199 2
> VAMPIRE 1 9 5 2 3 3 8
> VAMPIRE 2 9 5 2 3 3 8
> VAMPIRE 3 5 9 3 2 3 8
> VAMPIRE 4 5 5 1 2 3 0
< RES 1637476108 199 2
< MOVE L L
> REQ 1637476108 200 2
> VAMPIRE 1 9 3 2 3 3 7
> VAMPIRE 2 9 3 2 3 3 7
> VAMPIRE 3 5 11 3 2 3 7
> VAMPIRE 4 5 5 1 2 3 0
< RES 1637476108 200 2
< MOVE R R
> REQ 1637476108 201 2
> VAMPIRE 1 9 5 2 3 3 6
> VAMPIRE 2 9 5 2 3 3 6
> VAMPIRE 3 5 9 3 2 3 6
> VAMPIRE 4 5 5 1 2 3 0
> POWERUP SHOE -4 2 13 4
> POWERUP SHOE -4 12 1 4
< RES 1637476108 201 2
< MOVE D D L
> REQ 1637476108 202 2
> VAMPIRE 1 11 4 2 3 3 5
> VAMPIRE 2 11 4 2 3 3 5
> VAMPIRE 3 3 10 3 2 3 5
> VAMPIRE 4 5 5 1 2 3 0
> POWERUP SHOE -3 2 13 4
> POWERUP SHOE -3 12 1 4
< RES 1637476108 202 2
< MOVE L L L
> REQ 1637476108 203 2
> VAMPIRE 1 11 1 2 3 3 4
> VAMPIRE 2 11 1 2 3 3 4
> VAMPIRE 3 3 13 3 2 3 4
> VAMPIRE 4 5 5 1 2 3 0
> POWERUP SHOE -2 2 13 4
> POWERUP SHOE -2 12 1 4
< RES 1637476108 203 2
< MOVE D
> REQ 1637476108 204 2
> VAMPIRE 1 12 1 2 3 3 3
> VAMPIRE 2 12 1 2 3 3 3
> VAMPIRE 3 2 13 3 2 3 3
> VAMPIRE 4 5 5 1 2 3 0
> POWERUP SHOE -1 2 13 4
> POWERUP SHOE -1 12 1 4
< RES 1637476108 204 2
> REQ 1637476108 205 2
> VAMPIRE 1 12 1 2 3 3 2
> VAMPIRE 2 12 1 2 3 3 2
> VAMPIRE 3 2 13 3 2 3 2
> VAMPIRE 4 5 5 1 2 3 0
> POWERUP SHOE 20 2 13 4
> POWERUP SHOE 20 12 1 4
< RES 1637476108 205 2
> REQ 1637476108 206 2
> VAMPIRE 1 12 1 2 3 3 1
> VAMPIRE 2 12 1 2 3 3 1
> VAMPIRE 3 2 13 3 2 3 1
> VAMPIRE 4 5 5 1 2 3 0
> POWERUP SHOE 19 2 13 4
> POWERUP SHOE 19 12 1 4
< RES 1637476108 206 2
> REQ 1637476108 207 2
> VAMPIRE 1 12 1 2 3 3 0
> VAMPIRE 2 12 1 2 3 3 0
> VAMPIRE 3 2 13 3 2 3 0
> VAMPIRE 4 5 5 1 2 3 0
> POWERUP SHOE 18 2 13 4
> POWERUP SHOE 18 12 1 4
< RES 1637476108 207 2
> REQ 1637476108 208 2
> VAMPIRE 1 12 1 2 3 3 30
> VAMPIRE 2 12 1 2 3 3 30
> VAMPIRE 3 2 13 3 2 3 30
> VAMPIRE 4 5 7 1 2 3 0
< RES 1637476108 208 2
< MOVE U R R
> REQ 1637476108 209 2
> VAMPIRE 1 11 3 2 3 3 29
> VAMPIRE 2 11 3 2 3 3 29
> VAMPIRE 3 3 11 3 2 3 29
> VAMPIRE 4 5 5 1 2 3 0
< RES 1637476108 209 2
< MOVE R R
> REQ 1637476108 210 2
> VAMPIRE 1 11 5 2 3 3 28
> VAMPIRE 2 11 5 2 3 3 28
> VAMPIRE 3 3 9 3 2 3 28
> VAMPIRE 4 5 5 1 2 3 0
< RES 1637476108 210 2
< MOVE U U
> REQ 1637476108 211 2
> VAMPIRE 1 9 5 2 3 3 27
> VAMPIRE 2 9 5 2 3 3 27
> VAMPIRE 3 5 9 3 2 3 27
> VAMPIRE 4 5 5 1 2 3 0
< RES 1637476108 211 2
< MOVE L L
> REQ 1637476108 212 2
> VAMPIRE 1 9 3 2 3 3 26
> VAMPIRE 2 9 3 2 3 3 26
> VAMPIRE 3 5 11 3 2 3 26
> VAMPIRE 4 5 5 1 2 3 0
< RES 1637476108 212 2
< MOVE R R
> REQ 1637476108 213 2
> VAMPIRE 1 9 5 2 3 3 25
> VAMPIRE 2 9 5 2 3 3 25
> VAMPIRE 3 5 9 3 2 3 25
> VAMPIRE 4 5 5 1 2 3 0
< RES 1637476108 213 2
< MOVE L L
> REQ 1637476108 214 2
> VAMPIRE 1 9 3 2 3 3 24
> VAMPIRE 2 9 3 2 3 3 24
> VAMPIRE 3 5 11 3 2 3 24
> VAMPIRE 4 5 5 1 2 3 0
< RES 1637476108 214 2
< MOVE R R
> REQ 1637476108 215 2
> VAMPIRE 1 9 5 2 3 3 23
> VAMPIRE 2 9 5 2 3 3 23
> VAMPIRE 3 5 9 3 2 3 23
> VAMPIRE 4 5 5 1 2 3 0
< RES 1637476108 215 2
< MOVE L L
> REQ 1637476108 216 2
> VAMPIRE 1 9 3 2 3 3 22
> VAMPIRE 2 9 3 2 3 3 22
> VAMPIRE 3 5 11 3 2 3 22
> VAMPIRE 4 5 5 1 2 3 0
< RES 1637476108 216 2
< MOVE R R
> REQ 1637476108 217 2
> VAMPIRE 1 9 5 2 3 3 21
> VAMPIRE 2 9 5 2 3 3 21
> VAMPIRE 3 5 9 3 2 3 21
> VAMPIRE 4 5 5 1 2 3 0
< RES 1637476108 217 2
< MOVE L L
> REQ 1637476108 218 2
> VAMPIRE 1 9 3 2 3 3 20
> VAMPIRE 2 9 3 2 3 3 20
> VAMPIRE 3 5 11 3 2 3 20
> VAMPIRE 4 5 5 1 2 3 0
< RES 1637476108 218 2
< MOVE R R
> REQ 1637476108 219 2
> VAMPIRE 1 9 5 2 3 3 19
> VAMPIRE 2 9 5 2 3 3 19
> VAMPIRE 3 5 9 3 2 3 19
> VAMPIRE 4 5 5 1 2 3 0
< RES 1637476108 219 2
< MOVE L L
> REQ 1637476108 220 2
> VAMPIRE 1 9 3 2 3 3 18
> VAMPIRE 2 9 3 2 3 3 18
> VAMPIRE 3 5 11 3 2 3 18
> VAMPIRE 4 5 5 1 2 3 0
< RES 1637476108 220 2
< MOVE R R
> REQ 1637476108 221 2
> VAMPIRE 1 9 5 2 3 3 17
> VAMPIRE 2 9 5 2 3 3 17
> VAMPIRE 3 5 9 3 2 3 17
> VAMPIRE 4 5 5 1 2 3 0
< RES 1637476108 221 2
< MOVE L L
> REQ 1637476108 222 2
> VAMPIRE 1 9 3 2 3 3 16
> VAMPIRE 2 9 3 2 3 3 16
> VAMPIRE 3 5 11 3 2 3 16
> VAMPIRE 4 5 5 1 2 3 0
< RES 1637476108 222 2
< MOVE R R
> REQ 1637476108 223 2
> VAMPIRE 1 9 5 2 3 3 15
> VAMPIRE 2 9 5 2 3 3 15
> VAMPIRE 3 5 9 3 2 3 15
> VAMPIRE 4 5 5 1 2 3 0
< RES 1637476108 223 2
< MOVE L L
> REQ 1637476108 224 2
> VAMPIRE 1 9 3 2 3 3 14
> VAMPIRE 2 9 3 2 3 3 14
> VAMPIRE 3 5 11 3 2 3 14
> VAMPIRE 4 5 5 1 2 3 0
< RES 1637476108 224 2
< MOVE R R
> REQ 1637476108 225 2
> VAMPIRE 1 9 5 2 3 3 13
> VAMPIRE 2 9 5 2 3 3 13
> VAMPIRE 3 5 9 3 2 3 13
> VAMPIRE 4 5 5 1 2 3 0
< RES 1637476108 225 2
< MOVE L L
> REQ 1637476108 226 2
> VAMPIRE 1 9 3 2 3 3 12
> VAMPIRE 2 9 3 2 3 3 12
> VAMPIRE 3 5 11 3 2 3 12
> VAMPIRE 4 5 5 1 2 3 0
< RES 1637476108 226 2
< MOVE R R
> REQ 1637476108 227 2
> VAMPIRE 1 9 5 2 3 3 11
> VAMPIRE 2 9 5 2 3 3 11
> VAMPIRE 3 5 9 3 2 3 11
> VAMPIRE 4 5 5 1 2 3 0
< RES 1637476108 227 2
< MOVE L L
> REQ 1637476108 228 2
> VAMPIRE 1 9 3 2 3 3 10
> VAMPIRE 2 9 3 2 3 3 10
> VAMPIRE 3 5 11 3 2 3 10
> VAMPIRE 4 5 5 1 2 3 0
< RES 1637476108 228 2
< MOVE R R
> REQ 1637476108 229 2
> VAMPIRE 1 9 5 2 3 3 9
> VAMPIRE 2 9 5 2 3 3 9
> VAMPIRE 3 5 9 3 2 3 9
> VAMPIRE 4 5 5 1 2 3 0
< RES 1637476108 229 2
< MOVE L L
> REQ 1637476108 230 2
> VAMPIRE 1 9 3 2 3 3 8
> VAMPIRE 2 9 3 2 3 3 8
> VAMPIRE 3 5 11 3 2 3 8
> VAMPIRE 4 5 5 1 2 3 0
< RES 1637476108 230 2
< MOVE R R
> REQ 1637476108 231 2
> VAMPIRE 1 9 5 2 3 3 7
> VAMPIRE 2 9 5 2 3 3 7
> VAMPIRE 3 5 9 3 2 3 7
> VAMPIRE 4 5 5 1 2 3 0
< RES 1637476108 231 2
< MOVE L L
> REQ 1637476108 232 2
> VAMPIRE 1 9 3 2 3 3 6
> VAMPIRE 2 9 3 2 3 3 6
> VAMPIRE 3 5 11 3 2 3 6
> VAMPIRE 4 5 5 1 2 3 0
< RES 1637476108 232 2
< MOVE R R
> REQ 1637476108 233 2
> VAMPIRE 1 9 5 2 3 3 5
> VAMPIRE 2 9 5 2 3 3 5
> VAMPIRE 3 5 9 3 2 3 5
> VAMPIRE 4 5 5 1 2 3 0
< RES 1637476108 233 2
< MOVE L L
> REQ 1637476108 234 2
> VAMPIRE 1 9 3 2 3 3 4
> VAMPIRE 2 9 3 2 3 3 4
> VAMPIRE 3 5 11 3 2 3 4
> VAMPIRE 4 5 5 1 2 3 0
< RES 1637476108 234 2
< MOVE R R
> REQ 1637476108 235 2
> VAMPIRE 1 9 5 2 3 3 3
> VAMPIRE 2 9 5 2 3 3 3
> VAMPIRE 3 7 11 3 2 3 3
> VAMPIRE 4 5 5 1 2 3 0
< RES 1637476108 235 2
< MOVE U U
> REQ 1637476108 236 2
> VAMPIRE 1 7 5 2 3 3 2
> VAMPIRE 2 7 5 2 3 3 2
> VAMPIRE 3 7 11 3 2 3 2
> VAMPIRE 4 3 5 1 2 3 0
< RES 1637476108 236 2
< MOVE L L
> REQ 1637476108 237 2
> VAMPIRE 1 7 3 2 3 3 1
> VAMPIRE 2 7 3 2 3 3 1
> VAMPIRE 3 7 11 3 2 3 1
> VAMPIRE 4 3 7 1 2 3 0
< RES 1637476108 237 2
< MOVE R R
> REQ 1637476108 238 2
> VAMPIRE 1 7 5 2 3 3 0
> VAMPIRE 2 7 5 2 3 3 0
> VAMPIRE 3 7 9 3 2 3 0
> VAMPIRE 4 3 7 1 2 3 0
< RES 1637476108 238 2
< MOVE R R
> REQ 1637476108 239 2
> VAMPIRE 1 7 7 2 3 3 0
> VAMPIRE 2 7 7 2 3 3 0
> VAMPIRE 3 7 7 3 2 3 0
> VAMPIRE 4 5 7 1 2 3 0
> POWERUP TOMATO -9 7 6 6
> POWERUP TOMATO -9 7 8 6
< RES 1637476108 239 2
< MOVE L
> REQ 1637476108 240 2
> VAMPIRE 1 7 6 2 3 3 0
> VAMPIRE 2 7 6 2 3 3 0
> VAMPIRE 3 7 9 3 1 3 0
> VAMPIRE 4 5 5 1 2 3 0
> GRENADE 3 7 7 5 3
> POWERUP TOMATO -8 7 6 6
> POWERUP TOMATO -8 7 8 6
< RES 1637476108 240 2
> REQ 1637476108 241 2
> VAMPIRE 1 7 6 2 3 3 0
> VAMPIRE 2 7 6 2 3 3 0
> VAMPIRE 3 7 8 3 1 3 0
> VAMPIRE 4 7 5 1 2 3 0
> GRENADE 3 7 7 4 3
> POWERUP TOMATO -7 7 6 6
> POWERUP TOMATO -7 7 8 6
< RES 1637476108 241 2
< GRENADE
> REQ 1637476108 242 2
> VAMPIRE 1 7 6 2 2 3 0
> VAMPIRE 2 7 6 2 2 3 0
> VAMPIRE 3 7 8 3 0 3 0
> VAMPIRE 4 5 5 1 1 3 0
> GRENADE 3 7 7 3 3
> GRENADE 1 7 6 5 3
> GRENADE 2 7 6 5 3
> GRENADE 3 7 8 5 3
> GRENADE 4 7 5 5 3
> POWERUP TOMATO -6 7 6 6
> POWERUP TOMATO -6 7 8 6
< RES 1637476108 242 2
< GRENADE
> REQ 1637476108 243 2
> VAMPIRE 1 7 6 2 1 3 0
> VAMPIRE 2 7 6 2 1 3 0
> VAMPIRE 3 7 8 3 0 3 0
> VAMPIRE 4 3 5 1 1 3 0
> GRENADE 3 7 3 2 3
> GRENADE 1 7 6 4 3
> GRENADE 2 7 6 4 3
> GRENADE 3 7 8 4 3
> GRENADE 4 7 5 4 3
> GRENADE 1 7 6 5 3
> GRENADE 2 7 6 5 3
> POWERUP TOMATO -5 7 6 6
> POWERUP TOMATO -5 7 8 6
< RES 1637476108 243 2
< GRENADE
> REQ 1637476108 244 2
> VAMPIRE 1 7 6 2 0 3 0
> VAMPIRE 2 7 6 2 0 3 0
> VAMPIRE 3 7 8 3 0 3 0
> VAMPIRE 4 3 7 1 1 3 0
> GRENADE 3 7 3 1 3
> GRENADE 1 7 6 3 3
> GRENADE 2 7 6 3 3
> GRENADE 3 7 8 3 3
> GRENADE 4 7 5 3 3
> GRENADE 1 7 6 4 3
> GRENADE 2 7 6 4 3
> GRENADE 1 7 6 5 3
> GRENADE 2 7 6 5 3
> POWERUP TOMATO -4 7 6 6
> POWERUP TOMATO -4 7 8 6
< RES 1637476108 244 2
< THROW XU 4
> REQ 1637476108 245 2
> VAMPIRE 1 7 6 1 3 3 0
> VAMPIRE 2 7 6 1 3 3 0
> VAMPIRE 3 7 8 2 2 3 0
> VAMPIRE 4 5 7 1 2 3 0
> POWERUP TOMATO -3 7 6 6
> POWERUP TOMATO -3 7 8 6
< RES 1637476108 245 2
< GRENADE
> REQ 1637476108 246 2
> VAMPIRE 1 7 6 1 3 3 0
> VAMPIRE 2 7 6 1 3 3 0
> VAMPIRE 3 7 8 2 2 3 0
> VAMPIRE 4 7 7 1 2 3 0
> POWERUP TOMATO -2 7 6 6
> POWERUP TOMATO -2 7 8 6
< RES 1637476108 246 2
< GRENADE
> REQ 1637476108 247 2
> VAMPIRE 1 7 6 1 3 3 0
> VAMPIRE 2 7 6 1 3 3 0
> VAMPIRE 3 7 8 2 2 3 0
> VAMPIRE 4 7 5 1 1 3 0
> GRENADE 4 7 7 5 3
> POWERUP TOMATO -1 7 6 6
> POWERUP TOMATO -1 7 8 6
< RES 1637476108 247 2
< GRENADE
> REQ 1637476108 248 2
> VAMPIRE 1 7 6 1 2 3 0
> VAMPIRE 2 7 6 1 2 3 0
> VAMPIRE 3 7 8 2 1 3 0
> VAMPIRE 4 7 5 1 0 3 0
> GRENADE 4 7 7 4 3
> GRENADE 1 7 6 5 3
> GRENADE 2 7 6 5 3
> GRENADE 3 7 8 5 3
> GRENADE 4 7 5 5 3
> POWERUP TOMATO 20 7 6 6
> POWERUP TOMATO 20 7 8 6
< RES 1637476108 248 2
< GRENADE
> REQ 1637476108 249 2
> VAMPIRE 1 7 6 1 1 3 0
> VAMPIRE 2 7 6 1 1 3 0
> VAMPIRE 3 7 8 2 1 3 0
> VAMPIRE 4 5 5 1 0 3 0
> GRENADE 4 7 7 3 3
> GRENADE 1 7 6 4 3
> GRENADE 2 7 6 4 3
> GRENADE 3 7 8 4 3
> GRENADE 4 7 9 4 3
> GRENADE 1 7 6 5 3
> GRENADE 2 7 6 5 3
> POWERUP TOMATO 19 7 6 6
> POWERUP TOMATO 19 7 8 6
< RES 1637476108 249 2
< MOVE L
> REQ 1637476108 250 2
> VAMPIRE 1 7 5 1 1 3 0
> VAMPIRE 2 7 5 1 1 3 0
> VAMPIRE 3 7 8 2 1 3 0
> VAMPIRE 4 3 5 1 0 3 0
> GRENADE 4 7 7 2 3
> GRENADE 1 7 6 3 3
> GRENADE 2 7 6 3 3
> GRENADE 3 7 12 3 3
> GRENADE 4 7 9 3 3
> GRENADE 1 7 6 4 3
> GRENADE 2 7 6 4 3
> POWERUP TOMATO 18 7 6 6
> POWERUP TOMATO 18 7 8 6
< RES 1637476108 250 2
< MOVE U U
> REQ 1637476108 251 2
> VAMPIRE 1 5 5 1 1 3 0
> VAMPIRE 2 5 5 1 1 3 0
> VAMPIRE 3 7 8 2 0 3 0
> VAMPIRE 4 5 5 1 0 3 0
> GRENADE 4 7 7 1 3
> GRENADE 1 7 6 2 3
> GRENADE 2 7 6 2 3
> GRENADE 3 7 12 2 3
> GRENADE 4 7 9 2 3
> GRENADE 1 7 6 3 3
> GRENADE 2 7 6 3 3
> GRENADE 3 7 8 5 3
> POWERUP TOMATO 17 7 6 6
> POWERUP TOMATO 17 7 8 6
< RES 1637476108 251 2
< MOVE R R
> REQ 1637476108 252 2
> VAMPIRE 1 5 7 1 3 3 0
> VAMPIRE 2 5 7 1 3 3 0
> VAMPIRE 3 7 8 1 2 3 0
> VAMPIRE 4 7 5 1 2 3 0
> POWERUP TOMATO 16 7 6 6
> POWERUP TOMATO 16 7 8 6
< RES 1637476108 252 2
< MOVE D D
> REQ 1637476108 253 2
> VAMPIRE 1 7 7 1 3 3 0
> VAMPIRE 2 7 7 1 3 3 0
> VAMPIRE 3 7 8 2 2 3 0
> VAMPIRE 4 7 6 1 2 3 0
> POWERUP TOMATO 15 7 6 6
< RES 1637476108 253 2
< MOVE L
> REQ 1637476108 254 2
> VAMPIRE 1 7 6 1 3 3 0
> VAMPIRE 2 7 6 1 3 3 0
> VAMPIRE 3 6 9 2 2 3 0
> VAMPIRE 4 7 5 1 2 3 0
> POWERUP TOMATO 14 7 6 6
< RES 1637476108 254 2
< MOVE R
> REQ 1637476108 255 2
> VAMPIRE 1 7 7 1 3 3 0
> VAMPIRE 2 7 7 1 3 3 0
> VAMPIRE 3 7 8 2 2 3 0
> VAMPIRE 4 7 7 1 1 3 0
> GRENADE 4 7 5 5 3
> POWERUP TOMATO 13 7 6 6
< RES 1637476108 255 2
< GRENADE
< MOVE R R
> REQ 1637476108 256 2
> VAMPIRE 1 7 7 1 2 3 0
> VAMPIRE 2 7 7 1 2 3 0
> VAMPIRE 3 6 9 2 1 3 0
> VAMPIRE 4 7 6 1 1 3 0
> GRENADE 4 7 5 4 3
> GRENADE 1 7 7 5 3
> GRENADE 2 7 7 5 3
> GRENADE 3 7 8 5 3
> POWERUP TOMATO 12 7 6 6
< RES 1637476108 256 2
< THROW XL 4
< MOVE L
> REQ 1637476108 257 2
> VAMPIRE 1 7 7 1 2 3 0
> VAMPIRE 2 7 7 1 2 3 0
> VAMPIRE 3 5 8 2 1 3 0
> VAMPIRE 4 7 6 1 0 3 0
> GRENADE 4 7 5 3 3
> GRENADE 1 7 3 4 3
> GRENADE 2 7 3 4 3
> GRENADE 3 7 8 4 3
> GRENADE 4 7 6 5 3
> POWERUP TOMATO 11 7 6 6
< RES 1637476108 257 2
< GRENADE
< MOVE U U
> REQ 1637476108 258 2
> VAMPIRE 1 5 7 1 1 3 0
> VAMPIRE 2 5 7 1 1 3 0
> VAMPIRE 3 6 7 2 1 3 0
> VAMPIRE 4 7 6 1 0 3 0
> GRENADE 4 7 5 2 3
> GRENADE 1 7 3 3 3
> GRENADE 2 7 3 3 3
> GRENADE 3 7 8 3 3
> GRENADE 4 7 6 4 3
> GRENADE 1 7 7 5 3
> GRENADE 2 7 7 5 3
> POWERUP TOMATO 10 7 6 6
< RES 1637476108 258 2
< MOVE R R
> REQ 1637476108 259 2
> VAMPIRE 1 5 9 1 1 3 0
> VAMPIRE 2 5 9 1 1 3 0
> VAMPIRE 3 6 7 2 0 3 0
> VAMPIRE 4 7 6 1 0 3 0
> GRENADE 4 7 5 1 3
> GRENADE 1 7 3 2 3
> GRENADE 2 7 3 2 3
> GRENADE 3 7 8 2 3
> GRENADE 4 7 6 3 3
> GRENADE 1 7 7 4 3
> GRENADE 2 7 7 4 3
> GRENADE 3 6 7 5 3
> POWERUP TOMATO 9 7 6 6
< RES 1637476108 259 2
< MOVE U U
> REQ 1637476108 260 2
> VAMPIRE 1 3 9 1 3 3 0
> VAMPIRE 2 3 9 1 3 3 0
> VAMPIRE 3 6 7 1 2 3 0
> POWERUP TOMATO 8 7 6 6
< RES 1637476108 260 2
< MOVE D D
> REQ 1637476108 261 2
> VAMPIRE 1 5 9 1 3 3 0
> VAMPIRE 2 5 9 1 3 3 0
> VAMPIRE 3 7 6 1 2 3 0
> POWERUP TOMATO 7 7 6 6
< RES 1637476108 261 2
< MOVE D D
> REQ 1637476108 262 2
> VAMPIRE 1 7 9 1 3 3 0
> VAMPIRE 2 7 9 1 3 3 0
> VAMPIRE 3 7 6 1 2 3 0
> POWERUP TOMATO 6 7 6 6
< RES 1637476108 262 2
< MOVE L L
> REQ 1637476108 263 2
> VAMPIRE 1 7 7 1 3 3 0
> VAMPIRE 2 7 7 1 3 3 0
> VAMPIRE 3 7 6 1 1 3 0
> GRENADE 3 7 6 5 3
> POWERUP TOMATO 5 7 6 6
< RES 1637476108 263 2
> REQ 1637476108 264 2
> VAMPIRE 1 7 7 1 3 3 0
> VAMPIRE 2 7 7 1 3 3 0
> VAMPIRE 3 7 5 1 1 3 0
> GRENADE 3 7 10 4 3
> POWERUP TOMATO 4 7 6 6
< RES 1637476108 264 2
< GRENADE
< MOVE L L
> REQ 1637476108 265 2
> VAMPIRE 1 7 5 1 2 3 0
> VAMPIRE 2 7 5 1 2 3 0
> VAMPIRE 3 7 6 1 1 3 0
> GRENADE 3 7 10 3 3
> GRENADE 1 7 7 5 3
> GRENADE 2 7 7 5 3
> POWERUP TOMATO 3 7 6 6
< RES 1637476108 265 2
< GRENADE
< MOVE U U
> REQ 1637476108 266 2
> VAMPIRE 1 5 5 1 1 3 0
> VAMPIRE 2 5 5 1 1 3 0
> VAMPIRE 3 7 6 1 0 3 0
> GRENADE 3 7 10 2 3
> GRENADE 1 7 7 4 3
> GRENADE 2 7 7 4 3
> GRENADE 1 7 5 5 3
> GRENADE 2 7 5 5 3
> GRENADE 3 7 6 5 3
> POWERUP TOMATO 2 7 6 6
< RES 1637476108 266 2
< GRENADE
> REQ 1637476108 267 2
> VAMPIRE 1 5 5 1 0 3 0
> VAMPIRE 2 5 5 1 0 3 0
> VAMPIRE 3 7 6 1 0 3 0
> GRENADE 3 7 10 1 3
> GRENADE 1 7 7 3 3
> GRENADE 2 7 7 3 3
> GRENADE 1 7 5 4 3
> GRENADE 2 7 5 4 3
> GRENADE 3 7 6 4 3
> GRENADE 1 5 5 5 3
> GRENADE 2 5 5 5 3
> POWERUP TOMATO 1 7 6 6
< RES 1637476108 267 2
> END 702 Could_not_be_more_deaded
