> MESSAGE OK
> LEVEL 9
> GAMEID 1637330740
> TEST 1
> MAXTICK 1000
> GRENADERADIUS 2
> SIZE 21
> REQ 1637330740 0 2
> VAMPIRE 1 1 1 3 1 2 0
> VAMPIRE 4 1 19 3 1 2 0
> VAMPIRE 3 19 19 3 1 2 0
> VAMPIRE 2 19 1 3 1 2 0
> BAT1 4 1 6 1 8 1 10 1 12 1 14 1 16 1 1 4 19 4 6 5 8 5 10 5 12 5 14 5 1 6 5 6 15 6 19 6 1 8 5 8 15 8 19 8 10 9 1 10 5 10 9 10 11 10 15 10 19 10 10 11 1 12 5 12 15 12 19 12 1 14 5 14 15 14 19 14 6 15 8 15 10 15 12 15 14 15 1 16 19 16 4 19 6 19 8 19 10 19 12 19 14 19 16 19
> BAT2 4 3 6 3 8 3 10 3 12 3 14 3 16 3 3 4 17 4 3 6 17 6 8 7 10 7 12 7 3 8 7 8 13 8 17 8 3 10 7 10 13 10 17 10 3 12 7 12 13 12 17 12 8 13 10 13 12 13 3 14 17 14 3 16 17 16 4 17 6 17 8 17 10 17 12 17 14 17 16 17
< RES 1637330740 0 2
< MOVE U U
> REQ 1637330740 1 2
> VAMPIRE 1 2 1 3 1 2 0
> VAMPIRE 4 3 19 3 1 2 0
> VAMPIRE 3 17 19 3 1 2 0
> VAMPIRE 2 17 1 3 1 2 0
> BAT1 4 1 6 1 8 1 10 1 12 1 14 1 16 1 1 4 19 4 6 5 8 5 10 5 12 5 14 5 1 6 5 6 15 6 19 6 1 8 5 8 15 8 19 8 10 9 1 10 5 10 9 10 11 10 15 10 19 10 10 11 1 12 5 12 15 12 19 12 1 14 5 14 15 14 19 14 6 15 8 15 10 15 12 15 14 15 1 16 19 16 4 19 6 19 8 19 10 19 12 19 14 19 16 19
> BAT2 4 3 6 3 8 3 10 3 12 3 14 3 16 3 3 4 17 4 3 6 17 6 8 7 10 7 12 7 3 8 7 8 13 8 17 8 3 10 7 10 13 10 17 10 3 12 7 12 13 12 17 12 8 13 10 13 12 13 3 14 17 14 3 16 17 16 4 17 6 17 8 17 10 17 12 17 14 17 16 17
< RES 1637330740 1 2
< GRENADE
> REQ 1637330740 2 2
> VAMPIRE 1 1 2 3 0 2 0
> VAMPIRE 4 3 19 3 0 2 0
> VAMPIRE 3 17 17 3 1 2 0
> VAMPIRE 2 17 1 3 0 2 0
> GRENADE 1 2 1 5 2
> GRENADE 4 3 19 5 2
> GRENADE 2 17 1 5 2
> BAT1 4 1 6 1 8 1 10 1 12 1 14 1 16 1 1 4 19 4 6 5 8 5 10 5 12 5 14 5 1 6 5 6 15 6 19 6 1 8 5 8 15 8 19 8 10 9 1 10 5 10 9 10 11 10 15 10 19 10 10 11 1 12 5 12 15 12 19 12 1 14 5 14 15 14 19 14 6 15 8 15 10 15 12 15 14 15 1 16 19 16 4 19 6 19 8 19 10 19 12 19 14 19 16 19
> BAT2 4 3 6 3 8 3 10 3 12 3 14 3 16 3 3 4 17 4 3 6 17 6 8 7 10 7 12 7 3 8 7 8 13 8 17 8 3 10 7 10 13 10 17 10 3 12 7 12 13 12 17 12 8 13 10 13 12 13 3 14 17 14 3 16 17 16 4 17 6 17 8 17 10 17 12 17 14 17 16 17
< RES 1637330740 2 2
< THROW XR 2
< MOVE D
> REQ 1637330740 3 2
> VAMPIRE 1 1 1 3 0 2 0
> VAMPIRE 4 3 19 3 0 2 0
> VAMPIRE 3 19 17 3 0 2 0
> VAMPIRE 2 18 1 3 0 2 0
> GRENADE 1 2 1 4 2
> GRENADE 4 5 19 4 2
> GRENADE 2 17 3 4 2
> GRENADE 3 17 17 5 2
> BAT1 4 1 6 1 8 1 10 1 12 1 14 1 16 1 1 4 19 4 6 5 8 5 10 5 12 5 14 5 1 6 5 6 15 6 19 6 1 8 5 8 15 8 19 8 10 9 1 10 5 10 9 10 11 10 15 10 19 10 10 11 1 12 5 12 15 12 19 12 1 14 5 14 15 14 19 14 6 15 8 15 10 15 12 15 14 15 1 16 19 16 4 19 6 19 8 19 10 19 12 19 14 19 16 19
> BAT2 4 3 6 3 8 3 10 3 12 3 14 3 16 3 3 4 17 4 3 6 17 6 8 7 10 7 12 7 3 8 7 8 13 8 17 8 3 10 7 10 13 10 17 10 3 12 7 12 13 12 17 12 8 13 10 13 12 13 3 14 17 14 3 16 17 16 4 17 6 17 8 17 10 17 12 17 14 17 16 17
< RES 1637330740 3 2
< MOVE U R
> REQ 1637330740 4 2
> VAMPIRE 1 1 3 3 0 2 0
> VAMPIRE 4 3 17 3 0 2 0
> VAMPIRE 3 19 18 3 0 2 0
> VAMPIRE 2 17 2 3 0 2 0
> GRENADE 1 5 1 3 2
> GRENADE 4 5 19 3 2
> GRENADE 2 17 3 3 2
> GRENADE 3 17 17 4 2
> BAT1 4 1 6 1 8 1 10 1 12 1 14 1 16 1 1 4 19 4 6 5 8 5 10 5 12 5 14 5 1 6 5 6 15 6 19 6 1 8 5 8 15 8 19 8 10 9 1 10 5 10 9 10 11 10 15 10 19 10 10 11 1 12 5 12 15 12 19 12 1 14 5 14 15 14 19 14 6 15 8 15 10 15 12 15 14 15 1 16 19 16 4 19 6 19 8 19 10 19 12 19 14 19 16 19
> BAT2 4 3 6 3 8 3 10 3 12 3 14 3 16 3 3 4 17 4 3 6 17 6 8 7 10 7 12 7 3 8 7 8 13 8 17 8 3 10 7 10 13 10 17 10 3 12 7 12 13 12 17 12 8 13 10 13 12 13 3 14 17 14 3 16 17 16 4 17 6 17 8 17 10 17 12 17 14 17 16 17
< RES 1637330740 4 2
< THROW R 2
< MOVE L
> REQ 1637330740 5 2
> VAMPIRE 1 1 3 3 0 2 0
> VAMPIRE 4 3 17 3 0 2 0
> VAMPIRE 3 19 18 3 0 2 0
> VAMPIRE 2 17 1 3 0 2 0
> GRENADE 1 5 1 2 2
> GRENADE 4 5 19 2 2
> GRENADE 2 17 5 2 2
> GRENADE 3 17 17 3 2
> BAT1 4 1 6 1 8 1 10 1 12 1 14 1 16 1 1 4 19 4 6 5 8 5 10 5 12 5 14 5 1 6 5 6 15 6 19 6 1 8 5 8 15 8 19 8 10 9 1 10 5 10 9 10 11 10 15 10 19 10 10 11 1 12 5 12 15 12 19 12 1 14 5 14 15 14 19 14 6 15 8 15 10 15 12 15 14 15 1 16 19 16 4 19 6 19 8 19 10 19 12 19 14 19 16 19
> BAT2 4 3 6 3 8 3 10 3 12 3 14 3 16 3 3 4 17 4 3 6 17 6 8 7 10 7 12 7 3 8 7 8 13 8 17 8 3 10 7 10 13 10 17 10 3 12 7 12 13 12 17 12 8 13 10 13 12 13 3 14 17 14 3 16 17 16 4 17 6 17 8 17 10 17 12 17 14 17 16 17
< RES 1637330740 5 2
> REQ 1637330740 6 2
> VAMPIRE 1 1 3 3 0 2 0
> VAMPIRE 4 3 17 3 0 2 0
> VAMPIRE 3 19 18 3 0 2 0
> VAMPIRE 2 17 1 3 0 2 0
> GRENADE 1 5 1 1 2
> GRENADE 4 5 19 1 2
> GRENADE 2 17 5 1 2
> GRENADE 3 17 17 2 2
> BAT1 4 1 6 1 8 1 10 1 12 1 14 1 16 1 1 4 19 4 6 5 8 5 10 5 12 5 14 5 1 6 5 6 15 6 19 6 1 8 5 8 15 8 19 8 10 9 1 10 5 10 9 10 11 10 15 10 19 10 10 11 1 12 5 12 15 12 19 12 1 14 5 14 15 14 19 14 6 15 8 15 10 15 12 15 14 15 1 16 19 16 4 19 6 19 8 19 10 19 12 19 14 19 16 19
> BAT2 4 3 6 3 8 3 10 3 12 3 14 3 16 3 3 4 17 4 3 6 17 6 8 7 10 7 12 7 3 8 7 8 13 8 17 8 3 10 7 10 13 10 17 10 3 12 7 12 13 12 17 12 8 13 10 13 12 13 3 14 17 14 3 16 17 16 4 17 6 17 8 17 10 17 12 17 14 17 16 17
< RES 1637330740 6 2
< MOVE R R
> REQ 1637330740 7 2
> VAMPIRE 1 3 3 3 1 2 0
> VAMPIRE 4 3 17 3 1 2 0
> VAMPIRE 3 19 18 3 0 2 0
> VAMPIRE 2 17 3 3 1 2 0
> GRENADE 3 17 17 1 2
> BAT1 8 1 10 1 12 1 14 1 16 1 1 4 19 4 6 5 8 5 10 5 12 5 14 5 1 6 5 6 15 6 19 6 1 8 5 8 15 8 19 8 10 9 1 10 5 10 9 10 11 10 15 10 19 10 10 11 1 12 5 12 15 12 19 12 1 14 5 14 15 14 19 14 6 15 8 15 10 15 12 15 14 15 1 16 19 16 8 19 10 19 12 19 14 19 16 19 17 4 17 6
> BAT2 4 3 6 3 8 3 10 3 12 3 14 3 16 3 3 4 3 6 8 7 10 7 12 7 3 8 7 8 13 8 17 8 3 10 7 10 13 10 17 10 3 12 7 12 13 12 17 12 8 13 10 13 12 13 3 14 17 14 3 16 17 16 4 17 6 17 8 17 10 17 12 17 14 17 16 17
< RES 1637330740 7 2
< GRENADE
> REQ 1637330740 8 2
> VAMPIRE 1 3 1 3 0 2 0
> VAMPIRE 4 3 19 3 0 2 0
> VAMPIRE 3 19 17 3 1 2 0
> VAMPIRE 2 17 3 3 0 2 0
> GRENADE 1 3 3 5 2
> GRENADE 4 3 17 5 2
> GRENADE 2 17 3 5 2
> BAT1 8 1 10 1 12 1 14 1 16 1 1 4 19 4 6 5 8 5 10 5 12 5 14 5 1 6 5 6 15 6 19 6 1 8 5 8 15 8 19 8 10 9 1 10 5 10 9 10 11 10 15 10 19 10 10 11 1 12 5 12 15 12 19 12 1 14 5 14 15 14 19 14 6 15 8 15 10 15 12 15 14 15 1 16 19 16 8 19 10 19 12 19 14 19 16 19 17 4 17 6 17 16 16 17
> BAT2 4 3 6 3 8 3 10 3 12 3 14 3 16 3 3 4 3 6 8 7 10 7 12 7 3 8 7 8 13 8 17 8 3 10 7 10 13 10 17 10 3 12 7 12 13 12 17 12 8 13 10 13 12 13 3 14 17 14 3 16 4 17 6 17 8 17 10 17 12 17 14 17
< RES 1637330740 8 2
< THROW XU 2
> REQ 1637330740 9 2
> VAMPIRE 1 3 2 3 0 2 0
> VAMPIRE 4 5 19 3 0 2 0
> VAMPIRE 3 17 17 3 1 2 0
> VAMPIRE 2 17 3 3 0 2 0
> GRENADE 1 3 3 4 2
> GRENADE 4 3 17 4 2
> GRENADE 2 15 3 4 2
> BAT1 8 1 10 1 12 1 14 1 16 1 1 4 19 4 6 5 8 5 10 5 12 5 14 5 1 6 5 6 15 6 19 6 1 8 5 8 15 8 19 8 10 9 1 10 5 10 9 10 11 10 15 10 19 10 10 11 1 12 5 12 15 12 19 12 1 14 5 14 15 14 19 14 6 15 8 15 10 15 12 15 14 15 1 16 19 16 8 19 10 19 12 19 14 19 16 19 17 4 17 6 17 16 16 17
> BAT2 4 3 6 3 8 3 10 3 12 3 14 3 16 3 3 4 3 6 8 7 10 7 12 7 3 8 7 8 13 8 17 8 3 10 7 10 13 10 17 10 3 12 7 12 13 12 17 12 8 13 10 13 12 13 3 14 17 14 3 16 4 17 6 17 8 17 10 17 12 17 14 17
< RES 1637330740 9 2
> REQ 1637330740 10 2
> VAMPIRE 1 3 1 3 0 2 0
> VAMPIRE 4 5 19 3 0 2 0
> VAMPIRE 3 19 17 3 0 2 0
> VAMPIRE 2 17 3 3 0 2 0
> GRENADE 1 3 5 3 2
> GRENADE 4 3 17 3 2
> GRENADE 2 15 3 3 2
> GRENADE 3 17 17 5 2
> BAT1 8 1 10 1 12 1 14 1 16 1 1 4 19 4 6 5 8 5 10 5 12 5 14 5 1 6 5 6 15 6 19 6 1 8 5 8 15 8 19 8 10 9 1 10 5 10 9 10 11 10 15 10 19 10 10 11 1 12 5 12 15 12 19 12 1 14 5 14 15 14 19 14 6 15 8 15 10 15 12 15 14 15 1 16 19 16 8 19 10 19 12 19 14 19 16 19 17 4 17 6 17 16 16 17
> BAT2 4 3 6 3 8 3 10 3 12 3 14 3 16 3 3 4 3 6 8 7 10 7 12 7 3 8 7 8 13 8 17 8 3 10 7 10 13 10 17 10 3 12 7 12 13 12 17 12 8 13 10 13 12 13 3 14 17 14 3 16 4 17 6 17 8 17 10 17 12 17 14 17
< RES 1637330740 10 2
> REQ 1637330740 11 2
> VAMPIRE 1 3 1 3 0 2 0
> VAMPIRE 4 5 19 3 0 2 0
> VAMPIRE 3 19 18 3 0 2 0
> VAMPIRE 2 17 3 3 0 2 0
> GRENADE 1 3 5 2 2
> GRENADE 4 3 17 2 2
> GRENADE 2 15 3 2 2
> GRENADE 3 17 17 4 2
> BAT1 8 1 10 1 12 1 14 1 16 1 1 4 19 4 6 5 8 5 10 5 12 5 14 5 1 6 5 6 15 6 19 6 1 8 5 8 15 8 19 8 10 9 1 10 5 10 9 10 11 10 15 10 19 10 10 11 1 12 5 12 15 12 19 12 1 14 5 14 15 14 19 14 6 15 8 15 10 15 12 15 14 15 1 16 19 16 8 19 10 19 12 19 14 19 16 19 17 4 17 6 17 16 16 17
> BAT2 4 3 6 3 8 3 10 3 12 3 14 3 16 3 3 4 3 6 8 7 10 7 12 7 3 8 7 8 13 8 17 8 3 10 7 10 13 10 17 10 3 12 7 12 13 12 17 12 8 13 10 13 12 13 3 14 17 14 3 16 4 17 6 17 8 17 10 17 12 17 14 17
< RES 1637330740 11 2
> REQ 1637330740 12 2
> VAMPIRE 1 5 1 3 0 2 0
> VAMPIRE 4 5 19 3 0 2 0
> VAMPIRE 3 19 18 3 0 2 0
> VAMPIRE 2 17 3 3 0 2 0
> GRENADE 1 3 5 1 2
> GRENADE 4 3 17 1 2
> GRENADE 2 15 3 1 2
> GRENADE 3 17 17 3 2
> BAT1 8 1 10 1 12 1 14 1 16 1 1 4 19 4 6 5 8 5 10 5 12 5 14 5 1 6 5 6 15 6 19 6 1 8 5 8 15 8 19 8 10 9 1 10 5 10 9 10 11 10 15 10 19 10 10 11 1 12 5 12 15 12 19 12 1 14 5 14 15 14 19 14 6 15 8 15 10 15 12 15 14 15 1 16 19 16 8 19 10 19 12 19 14 19 16 19 17 4 17 6 17 16 16 17
> BAT2 4 3 6 3 8 3 10 3 12 3 14 3 16 3 3 4 3 6 8 7 10 7 12 7 3 8 7 8 13 8 17 8 3 10 7 10 13 10 17 10 3 12 7 12 13 12 17 12 8 13 10 13 12 13 3 14 17 14 3 16 4 17 6 17 8 17 10 17 12 17 14 17
< RES 1637330740 12 2
> REQ 1637330740 13 2
> VAMPIRE 1 6 1 3 1 2 0
> VAMPIRE 4 5 17 3 1 2 0
> VAMPIRE 3 19 18 3 0 2 0
> VAMPIRE 2 17 3 3 1 2 0
> GRENADE 3 17 17 2 2
> BAT1 8 1 10 1 12 1 14 1 16 1 1 4 19 4 6 5 8 5 10 5 12 5 14 5 1 6 5 6 15 6 19 6 1 8 5 8 15 8 19 8 10 9 1 10 5 10 9 10 11 10 15 10 19 10 10 11 1 12 5 12 15 12 19 12 1 14 5 14 15 14 19 14 6 15 8 15 10 15 12 15 14 15 1 16 19 16 8 19 10 19 12 19 14 19 16 19 14 3 16 3 3 4 17 4 3 6 17 6 3 16 17 16 4 17 16 17
> BAT2 4 3 6 3 8 3 10 3 12 3 8 7 10 7 12 7 3 8 7 8 13 8 17 8 3 10 7 10 13 10 17 10 3 12 7 12 13 12 17 12 8 13 10 13 12 13 3 14 17 14 6 17 8 17 10 17 12 17 14 17
< RES 1637330740 13 2
< GRENADE
> REQ 1637330740 14 2
> VAMPIRE 1 5 2 3 0 2 0
> VAMPIRE 4 5 19 3 0 2 0
> VAMPIRE 3 18 19 3 0 2 0
> VAMPIRE 2 17 3 3 0 2 0
> GRENADE 3 17 17 1 2
> GRENADE 1 6 1 5 2
> GRENADE 4 5 17 5 2
> GRENADE 2 17 3 5 2
> BAT1 8 1 10 1 12 1 14 1 16 1 1 4 19 4 6 5 8 5 10 5 12 5 14 5 1 6 5 6 15 6 19 6 1 8 5 8 15 8 19 8 10 9 1 10 5 10 9 10 11 10 15 10 19 10 10 11 1 12 5 12 15 12 19 12 1 14 5 14 15 14 19 14 6 15 8 15 10 15 12 15 14 15 1 16 19 16 8 19 10 19 12 19 14 19 16 19 14 3 16 3 3 4 17 4 3 6 17 6 3 16 17 16 4 17 16 17
> BAT2 4 3 6 3 8 3 10 3 12 3 8 7 10 7 12 7 3 8 7 8 13 8 17 8 3 10 7 10 13 10 17 10 3 12 7 12 13 12 17 12 8 13 10 13 12 13 3 14 17 14 6 17 8 17 10 17 12 17 14 17
< RES 1637330740 14 2
< THROW XU 2
> REQ 1637330740 15 2
> VAMPIRE 1 5 1 3 0 2 0
> VAMPIRE 4 5 18 3 0 2 0
> VAMPIRE 3 17 19 3 1 2 0
> VAMPIRE 2 17 3 3 0 2 0
> GRENADE 1 6 1 4 2
> GRENADE 4 5 17 4 2
> GRENADE 2 15 3 4 2
> BAT1 8 1 10 1 12 1 14 1 16 1 1 4 19 4 6 5 8 5 10 5 12 5 14 5 1 6 5 6 15 6 19 6 1 8 5 8 15 8 19 8 10 9 1 10 5 10 9 10 11 10 15 10 19 10 10 11 1 12 5 12 15 12 19 12 1 14 5 14 15 14 19 14 6 15 8 15 10 15 12 15 14 15 1 16 19 16 8 19 10 19 12 19 14 19 16 19 14 3 16 3 3 4 17 4 3 6 17 6 3 16 4 17
> BAT2 4 3 6 3 8 3 10 3 12 3 8 7 10 7 12 7 3 8 7 8 13 8 17 8 3 10 7 10 13 10 17 10 3 12 7 12 13 12 17 12 8 13 10 13 12 13 3 14 17 14 6 17 8 17 10 17 12 17 14 17
< RES 1637330740 15 2
< MOVE L L
> REQ 1637330740 16 2
> VAMPIRE 1 5 1 3 0 2 0
> VAMPIRE 4 5 19 3 0 2 0
> VAMPIRE 3 17 19 3 0 2 0
> VAMPIRE 2 17 1 3 0 2 0
> GRENADE 1 9 1 3 2
> GRENADE 4 5 15 3 2
> GRENADE 2 15 3 3 2
> GRENADE 3 17 19 5 2
> BAT1 8 1 10 1 12 1 14 1 16 1 1 4 19 4 6 5 8 5 10 5 12 5 14 5 1 6 5 6 15 6 19 6 1 8 5 8 15 8 19 8 10 9 1 10 5 10 9 10 11 10 15 10 19 10 10 11 1 12 5 12 15 12 19 12 1 14 5 14 15 14 19 14 6 15 8 15 10 15 12 15 14 15 1 16 19 16 8 19 10 19 12 19 14 19 16 19 14 3 16 3 3 4 17 4 3 6 17 6 3 16 4 17
> BAT2 4 3 6 3 8 3 10 3 12 3 8 7 10 7 12 7 3 8 7 8 13 8 17 8 3 10 7 10 13 10 17 10 3 12 7 12 13 12 17 12 8 13 10 13 12 13 3 14 17 14 6 17 8 17 10 17 12 17 14 17
< RES 1637330740 16 2
> REQ 1637330740 17 2
> VAMPIRE 1 5 1 3 0 2 0
> VAMPIRE 4 5 19 3 0 2 0
> VAMPIRE 3 17 17 3 0 2 0
> VAMPIRE 2 17 1 3 0 2 0
> GRENADE 1 9 1 2 2
> GRENADE 4 5 15 2 2
> GRENADE 2 15 3 2 2
> GRENADE 3 15 19 4 2
> BAT1 8 1 10 1 12 1 14 1 16 1 1 4 19 4 6 5 8 5 10 5 12 5 14 5 1 6 5 6 15 6 19 6 1 8 5 8 15 8 19 8 10 9 1 10 5 10 9 10 11 10 15 10 19 10 10 11 1 12 5 12 15 12 19 12 1 14 5 14 15 14 19 14 6 15 8 15 10 15 12 15 14 15 1 16 19 16 8 19 10 19 12 19 14 19 16 19 14 3 16 3 3 4 17 4 3 6 17 6 3 16 4 17
> BAT2 4 3 6 3 8 3 10 3 12 3 8 7 10 7 12 7 3 8 7 8 13 8 17 8 3 10 7 10 13 10 17 10 3 12 7 12 13 12 17 12 8 13 10 13 12 13 3 14 17 14 6 17 8 17 10 17 12 17 14 17
< RES 1637330740 17 2
> REQ 1637330740 18 2
> VAMPIRE 1 5 1 3 0 2 0
> VAMPIRE 4 5 19 3 0 2 0
> VAMPIRE 3 17 17 3 0 2 0
> VAMPIRE 2 17 1 3 0 2 0
> GRENADE 1 9 1 1 2
> GRENADE 4 5 15 1 2
> GRENADE 2 15 3 1 2
> GRENADE 3 15 19 3 2
> BAT1 8 1 10 1 12 1 14 1 16 1 1 4 19 4 6 5 8 5 10 5 12 5 14 5 1 6 5 6 15 6 19 6 1 8 5 8 15 8 19 8 10 9 1 10 5 10 9 10 11 10 15 10 19 10 10 11 1 12 5 12 15 12 19 12 1 14 5 14 15 14 19 14 6 15 8 15 10 15 12 15 14 15 1 16 19 16 8 19 10 19 12 19 14 19 16 19 14 3 16 3 3 4 17 4 3 6 17 6 3 16 4 17
> BAT2 4 3 6 3 8 3 10 3 12 3 8 7 10 7 12 7 3 8 7 8 13 8 17 8 3 10 7 10 13 10 17 10 3 12 7 12 13 12 17 12 8 13 10 13 12 13 3 14 17 14 6 17 8 17 10 17 12 17 14 17
< RES 1637330740 18 2
< MOVE R R
> REQ 1637330740 19 2
> VAMPIRE 1 5 3 3 1 2 0
> VAMPIRE 4 5 17 3 1 2 0
> VAMPIRE 3 17 17 3 0 2 0
> VAMPIRE 2 17 3 3 1 2 0
> GRENADE 3 15 19 2 2
> BAT1 12 1 14 1 16 1 1 4 19 4 6 5 8 5 10 5 12 5 14 5 1 6 5 6 15 6 19 6 1 8 5 8 15 8 19 8 10 9 1 10 5 10 9 10 11 10 15 10 19 10 10 11 1 12 5 12 15 12 19 12 1 14 15 14 19 14 8 15 10 15 12 15 14 15 1 16 19 16 8 19 10 19 12 19 14 19 16 19 3 4 17 4 3 6 17 6 3 16 4 17
> BAT2 4 3 6 3 8 3 10 3 12 3 8 7 10 7 12 7 3 8 7 8 13 8 17 8 3 10 7 10 13 10 17 10 3 12 7 12 13 12 17 12 8 13 10 13 12 13 3 14 17 14 6 17 8 17 10 17 12 17 14 17
< RES 1637330740 19 2
< GRENADE
> REQ 1637330740 20 2
> VAMPIRE 1 5 1 3 0 2 0
> VAMPIRE 4 5 15 3 0 2 0
> VAMPIRE 3 17 15 3 0 2 0
> VAMPIRE 2 17 3 3 0 2 0
> GRENADE 3 15 19 1 2
> GRENADE 1 5 3 5 2
> GRENADE 4 5 17 5 2
> GRENADE 2 17 3 5 2
> BAT1 12 1 14 1 16 1 1 4 19 4 6 5 8 5 10 5 12 5 14 5 1 6 5 6 15 6 19 6 1 8 5 8 15 8 19 8 10 9 1 10 5 10 9 10 11 10 15 10 19 10 10 11 1 12 5 12 15 12 19 12 1 14 15 14 19 14 8 15 10 15 12 15 14 15 1 16 19 16 8 19 10 19 12 19 14 19 16 19 3 4 17 4 3 6 17 6 3 16 4 17
> BAT2 4 3 6 3 8 3 10 3 12 3 8 7 10 7 12 7 3 8 7 8 13 8 17 8 3 10 7 10 13 10 17 10 3 12 7 12 13 12 17 12 8 13 10 13 12 13 3 14 17 14 6 17 8 17 10 17 12 17 14 17
< RES 1637330740 20 2
< THROW XR 2
< MOVE U U
> REQ 1637330740 21 2
> VAMPIRE 1 5 2 3 0 2 0
> VAMPIRE 4 7 15 3 0 2 0
> VAMPIRE 3 15 15 3 1 2 0
> VAMPIRE 2 15 3 3 0 2 0
> GRENADE 1 5 3 4 2
> GRENADE 4 5 17 4 2
> GRENADE 2 17 5 4 2
> BAT1 12 1 14 1 16 1 1 4 19 4 6 5 8 5 10 5 12 5 14 5 1 6 5 6 15 6 19 6 1 8 5 8 15 8 19 8 10 9 1 10 5 10 9 10 11 10 15 10 19 10 10 11 1 12 5 12 15 12 19 12 1 14 15 14 19 14 8 15 10 15 12 15 14 15 1 16 19 16 8 19 10 19 12 19 3 4 17 4 3 6 17 6 3 16 4 17
> BAT2 4 3 6 3 8 3 10 3 12 3 8 7 10 7 12 7 3 8 7 8 13 8 17 8 3 10 7 10 13 10 17 10 3 12 7 12 13 12 17 12 8 13 10 13 12 13 3 14 17 14 6 17 8 17 10 17 12 17 14 17
< RES 1637330740 21 2
> REQ 1637330740 22 2
> VAMPIRE 1 5 1 3 0 2 0
> VAMPIRE 4 7 15 3 0 2 0
> VAMPIRE 3 15 15 3 0 2 0
> VAMPIRE 2 15 3 3 0 2 0
> GRENADE 1 5 5 3 2
> GRENADE 4 5 17 3 2
> GRENADE 2 17 5 3 2
> GRENADE 3 15 15 5 2
> BAT1 12 1 14 1 16 1 1 4 19 4 6 5 8 5 10 5 12 5 14 5 1 6 5 6 15 6 19 6 1 8 5 8 15 8 19 8 10 9 1 10 5 10 9 10 11 10 15 10 19 10 10 11 1 12 5 12 15 12 19 12 1 14 15 14 19 14 8 15 10 15 12 15 14 15 1 16 19 16 8 19 10 19 12 19 3 4 17 4 3 6 17 6 3 16 4 17
> BAT2 4 3 6 3 8 3 10 3 12 3 8 7 10 7 12 7 3 8 7 8 13 8 17 8 3 10 7 10 13 10 17 10 3 12 7 12 13 12 17 12 8 13 10 13 12 13 3 14 17 14 6 17 8 17 10 17 12 17 14 17
< RES 1637330740 22 2
> REQ 1637330740 23 2
> VAMPIRE 1 5 1 3 0 2 0
> VAMPIRE 4 7 15 3 0 2 0
> VAMPIRE 3 17 15 3 0 2 0
> VAMPIRE 2 15 3 3 0 2 0
> GRENADE 1 5 5 2 2
> GRENADE 4 5 17 2 2
> GRENADE 2 17 5 2 2
> GRENADE 3 15 13 4 2
> BAT1 12 1 14 1 16 1 1 4 19 4 6 5 8 5 10 5 12 5 14 5 1 6 5 6 15 6 19 6 1 8 5 8 15 8 19 8 10 9 1 10 5 10 9 10 11 10 15 10 19 10 10 11 1 12 5 12 15 12 19 12 1 14 15 14 19 14 8 15 10 15 12 15 14 15 1 16 19 16 8 19 10 19 12 19 3 4 17 4 3 6 17 6 3 16 4 17
> BAT2 4 3 6 3 8 3 10 3 12 3 8 7 10 7 12 7 3 8 7 8 13 8 17 8 3 10 7 10 13 10 17 10 3 12 7 12 13 12 17 12 8 13 10 13 12 13 3 14 17 14 6 17 8 17 10 17 12 17 14 17
< RES 1637330740 23 2
< MOVE U U
> REQ 1637330740 24 2
> VAMPIRE 1 5 1 3 0 2 0
> VAMPIRE 4 7 15 3 0 2 0
> VAMPIRE 3 17 17 3 0 2 0
> VAMPIRE 2 13 3 3 0 2 0
> GRENADE 1 5 5 1 2
> GRENADE 4 5 17 1 2
> GRENADE 2 17 5 1 2
> GRENADE 3 15 13 3 2
> BAT1 12 1 14 1 16 1 1 4 19 4 6 5 8 5 10 5 12 5 14 5 1 6 5 6 15 6 19 6 1 8 5 8 15 8 19 8 10 9 1 10 5 10 9 10 11 10 15 10 19 10 10 11 1 12 5 12 15 12 19 12 1 14 15 14 19 14 8 15 10 15 12 15 14 15 1 16 19 16 8 19 10 19 12 19 3 4 17 4 3 6 17 6 3 16 4 17
> BAT2 4 3 6 3 8 3 10 3 12 3 8 7 10 7 12 7 3 8 7 8 13 8 17 8 3 10 7 10 13 10 17 10 3 12 7 12 13 12 17 12 8 13 10 13 12 13 3 14 17 14 6 17 8 17 10 17 12 17 14 17
< RES 1637330740 24 2
< MOVE L L
> REQ 1637330740 25 2
> VAMPIRE 1 5 3 3 1 2 0
> VAMPIRE 4 7 13 3 1 2 0
> VAMPIRE 3 17 17 3 0 2 0
> VAMPIRE 2 13 1 3 1 2 0
> GRENADE 3 15 13 2 2
> BAT1 12 1 14 1 16 1 1 4 19 4 8 5 10 5 12 5 14 5 1 6 15 6 19 6 1 8 5 8 15 8 19 8 10 9 1 10 5 10 9 10 11 10 15 10 19 10 10 11 1 12 5 12 15 12 19 12 1 14 15 14 19 14 8 15 10 15 12 15 14 15 1 16 19 16 8 19 10 19 12 19 3 4 3 6 3 16 6 17
> BAT2 4 3 6 3 8 3 10 3 12 3 8 7 10 7 12 7 3 8 7 8 13 8 17 8 3 10 7 10 13 10 17 10 3 12 7 12 13 12 17 12 8 13 10 13 12 13 3 14 17 14 8 17 10 17 12 17 14 17
< RES 1637330740 25 2
< GRENADE
< MOVE R R
> REQ 1637330740 26 2
> VAMPIRE 1 5 5 3 0 2 0
> VAMPIRE 4 7 13 3 0 2 0
> VAMPIRE 3 17 15 3 0 2 0
> VAMPIRE 2 13 3 3 0 2 0
> GRENADE 3 15 13 1 2
> GRENADE 1 5 3 5 2
> GRENADE 4 7 13 5 2
> GRENADE 2 13 1 5 2
> BAT1 12 1 14 1 16 1 1 4 19 4 8 5 10 5 12 5 14 5 1 6 15 6 19 6 1 8 5 8 15 8 19 8 10 9 1 10 5 10 9 10 11 10 15 10 19 10 10 11 1 12 5 12 15 12 19 12 1 14 15 14 19 14 8 15 10 15 12 15 14 15 1 16 19 16 8 19 10 19 12 19 3 4 3 6 3 16 6 17
> BAT2 4 3 6 3 8 3 10 3 12 3 8 7 10 7 12 7 3 8 7 8 13 8 17 8 3 10 7 10 13 10 17 10 3 12 7 12 13 12 17 12 8 13 10 13 12 13 3 14 17 14 8 17 10 17 12 17 14 17
< RES 1637330740 26 2
< MOVE D D
> REQ 1637330740 27 2
> VAMPIRE 1 7 5 3 0 2 0
> VAMPIRE 4 5 13 3 0 2 0
> VAMPIRE 3 19 15 3 1 2 0
> VAMPIRE 2 15 3 3 0 2 0
> GRENADE 1 5 3 4 2
> GRENADE 4 9 13 4 2
> GRENADE 2 13 1 4 2
> BAT1 12 1 14 1 16 1 1 4 19 4 8 5 10 5 12 5 14 5 1 6 15 6 19 6 1 8 5 8 15 8 19 8 10 9 1 10 5 10 9 10 11 10 15 10 19 10 10 11 1 12 5 12 19 12 1 14 19 14 8 15 10 15 12 15 14 15 1 16 19 16 8 19 10 19 12 19 3 4 3 6 3 16 6 17
> BAT2 4 3 6 3 8 3 10 3 12 3 8 7 10 7 12 7 3 8 7 8 13 8 17 8 3 10 7 10 13 10 17 10 3 12 7 12 13 12 17 12 8 13 10 13 12 13 3 14 17 14 8 17 10 17 12 17 14 17
< RES 1637330740 27 2
> REQ 1637330740 28 2
> VAMPIRE 1 7 5 3 0 2 0
> VAMPIRE 4 5 15 3 0 2 0
> VAMPIRE 3 17 15 3 0 2 0
> VAMPIRE 2 15 3 3 0 2 0
> GRENADE 1 5 3 3 2
> GRENADE 4 9 13 3 2
> GRENADE 2 13 1 3 2
> GRENADE 3 19 15 5 2
> BAT1 12 1 14 1 16 1 1 4 19 4 8 5 10 5 12 5 14 5 1 6 15 6 19 6 1 8 5 8 15 8 19 8 10 9 1 10 5 10 9 10 11 10 15 10 19 10 10 11 1 12 5 12 19 12 1 14 19 14 8 15 10 15 12 15 14 15 1 16 19 16 8 19 10 19 12 19 3 4 3 6 3 16 6 17
> BAT2 4 3 6 3 8 3 10 3 12 3 8 7 10 7 12 7 3 8 7 8 13 8 17 8 3 10 7 10 13 10 17 10 3 12 7 12 13 12 17 12 8 13 10 13 12 13 3 14 17 14 8 17 10 17 12 17 14 17
< RES 1637330740 28 2
< MOVE U
> REQ 1637330740 29 2
> VAMPIRE 1 7 5 3 0 2 0
> VAMPIRE 4 5 13 3 0 2 0
> VAMPIRE 3 17 17 3 0 2 0
> VAMPIRE 2 14 3 3 0 2 0
> GRENADE 1 5 3 2 2
> GRENADE 4 9 13 2 2
> GRENADE 2 13 1 2 2
> GRENADE 3 19 15 4 2
> BAT1 12 1 14 1 16 1 1 4 19 4 8 5 10 5 12 5 14 5 1 6 15 6 19 6 1 8 5 8 15 8 19 8 10 9 1 10 5 10 9 10 11 10 15 10 19 10 10 11 1 12 5 12 19 12 1 14 19 14 8 15 10 15 12 15 14 15 1 16 19 16 8 19 10 19 12 19 3 4 3 6 3 16 6 17
> BAT2 4 3 6 3 8 3 10 3 12 3 8 7 10 7 12 7 3 8 7 8 13 8 17 8 3 10 7 10 13 10 17 10 3 12 7 12 13 12 17 12 8 13 10 13 12 13 3 14 17 14 8 17 10 17 12 17 14 17
< RES 1637330740 29 2
< MOVE D
> REQ 1637330740 30 2
> VAMPIRE 1 7 5 3 0 2 0
> VAMPIRE 4 3 13 3 0 2 0
> VAMPIRE 3 17 17 3 0 2 0
> VAMPIRE 2 15 3 3 0 2 0
> GRENADE 1 5 3 1 2
> GRENADE 4 9 13 1 2
> GRENADE 2 13 1 1 2
> GRENADE 3 19 15 3 2
> BAT1 12 1 14 1 16 1 1 4 19 4 8 5 10 5 12 5 14 5 1 6 15 6 19 6 1 8 5 8 15 8 19 8 10 9 1 10 5 10 9 10 11 10 15 10 19 10 10 11 1 12 5 12 19 12 1 14 19 14 8 15 10 15 12 15 14 15 1 16 19 16 8 19 10 19 12 19 3 4 3 6 3 16 6 17
> BAT2 4 3 6 3 8 3 10 3 12 3 8 7 10 7 12 7 3 8 7 8 13 8 17 8 3 10 7 10 13 10 17 10 3 12 7 12 13 12 17 12 8 13 10 13 12 13 3 14 17 14 8 17 10 17 12 17 14 17
< RES 1637330740 30 2
< MOVE R R
> REQ 1637330740 31 2
> VAMPIRE 1 7 3 3 1 2 0
> VAMPIRE 4 1 13 3 1 2 0
> VAMPIRE 3 17 17 3 0 2 0
> VAMPIRE 2 15 5 3 1 2 0
> GRENADE 3 19 15 2 2
> BAT1 16 1 1 4 19 4 8 5 10 5 12 5 14 5 1 6 15 6 19 6 1 8 5 8 15 8 19 8 10 9 1 10 5 10 9 10 11 10 15 10 19 10 10 11 1 12 5 12 19 12 1 14 19 14 8 15 10 15 12 15 14 15 1 16 19 16 8 19 10 19 12 19 4 3 6 3 3 4 3 6 8 13 10 13 3 16 6 17
> BAT2 8 3 10 3 12 3 8 7 10 7 12 7 3 8 7 8 13 8 17 8 3 10 7 10 13 10 17 10 3 12 7 12 13 12 17 12 12 13 3 14 17 14 8 17 10 17 12 17 14 17
< RES 1637330740 31 2
< GRENADE
< MOVE D D
> REQ 1637330740 32 2
> VAMPIRE 1 7 5 3 0 2 0
> VAMPIRE 4 3 13 3 0 2 0
> VAMPIRE 3 17 17 3 0 2 0
> VAMPIRE 2 17 5 3 0 2 0
> GRENADE 3 19 15 1 2
> GRENADE 1 7 3 5 2
> GRENADE 4 1 13 5 2
> GRENADE 2 15 5 5 2
> BAT1 16 1 1 4 19 4 8 5 10 5 12 5 14 5 1 6 15 6 19 6 1 8 5 8 15 8 19 8 10 9 1 10 5 10 9 10 11 10 15 10 19 10 10 11 1 12 5 12 19 12 1 14 19 14 8 15 10 15 12 15 14 15 1 16 19 16 8 19 10 19 12 19 4 3 6 3 3 4 3 6 8 13 10 13 3 16 6 17
> BAT2 8 3 10 3 12 3 8 7 10 7 12 7 3 8 7 8 13 8 17 8 3 10 7 10 13 10 17 10 3 12 7 12 13 12 17 12 12 13 3 14 17 14 8 17 10 17 12 17 14 17
< RES 1637330740 32 2
< MOVE L L
> REQ 1637330740 33 2
> VAMPIRE 1 5 5 3 0 2 0
> VAMPIRE 4 5 13 3 0 2 0
> VAMPIRE 3 15 17 3 1 2 0
> VAMPIRE 2 17 3 3 0 2 0
> GRENADE 1 7 3 4 2
> GRENADE 4 1 13 4 2
> GRENADE 2 15 5 4 2
> BAT1 16 1 1 4 19 4 8 5 10 5 12 5 14 5 1 6 15 6 19 6 1 8 5 8 15 8 19 8 10 9 1 10 5 10 9 10 11 10 15 10 19 10 10 11 1 12 5 12 19 12 1 14 8 15 10 15 12 15 14 15 1 16 8 19 10 19 12 19 4 3 6 3 3 4 3 6 8 13 10 13 3 16 6 17
> BAT2 8 3 10 3 12 3 8 7 10 7 12 7 3 8 7 8 13 8 17 8 3 10 7 10 13 10 17 10 3 12 7 12 13 12 17 12 12 13 3 14 17 14 8 17 10 17 12 17 14 17
< RES 1637330740 33 2
> REQ 1637330740 34 2
> VAMPIRE 1 5 5 3 0 2 0
> VAMPIRE 4 5 15 3 0 2 0
> VAMPIRE 3 15 17 3 0 2 0
> VAMPIRE 2 17 3 3 0 2 0
> GRENADE 1 7 3 3 2
> GRENADE 4 1 13 3 2
> GRENADE 2 15 5 3 2
> GRENADE 3 15 17 5 2
> BAT1 16 1 1 4 19 4 8 5 10 5 12 5 14 5 1 6 15 6 19 6 1 8 5 8 15 8 19 8 10 9 1 10 5 10 9 10 11 10 15 10 19 10 10 11 1 12 5 12 19 12 1 14 8 15 10 15 12 15 14 15 1 16 8 19 10 19 12 19 4 3 6 3 3 4 3 6 8 13 10 13 3 16 6 17
> BAT2 8 3 10 3 12 3 8 7 10 7 12 7 3 8 7 8 13 8 17 8 3 10 7 10 13 10 17 10 3 12 7 12 13 12 17 12 12 13 3 14 17 14 8 17 10 17 12 17 14 17
< RES 1637330740 34 2
> REQ 1637330740 35 2
> VAMPIRE 1 5 5 3 0 2 0
> VAMPIRE 4 5 15 3 0 2 0
> VAMPIRE 3 17 17 3 0 2 0
> VAMPIRE 2 17 3 3 0 2 0
> GRENADE 1 7 3 2 2
> GRENADE 4 1 13 2 2
> GRENADE 2 15 5 2 2
> GRENADE 3 13 17 4 2
> BAT1 16 1 1 4 19 4 8 5 10 5 12 5 14 5 1 6 15 6 19 6 1 8 5 8 15 8 19 8 10 9 1 10 5 10 9 10 11 10 15 10 19 10 10 11 1 12 5 12 19 12 1 14 8 15 10 15 12 15 14 15 1 16 8 19 10 19 12 19 4 3 6 3 3 4 3 6 8 13 10 13 3 16 6 17
> BAT2 8 3 10 3 12 3 8 7 10 7 12 7 3 8 7 8 13 8 17 8 3 10 7 10 13 10 17 10 3 12 7 12 13 12 17 12 12 13 3 14 17 14 8 17 10 17 12 17 14 17
< RES 1637330740 35 2
< MOVE D D
> REQ 1637330740 36 2
> VAMPIRE 1 5 7 3 0 2 0
> VAMPIRE 4 5 13 3 0 2 0
> VAMPIRE 3 17 17 3 0 2 0
> VAMPIRE 2 19 3 3 0 2 0
> GRENADE 1 7 3 1 2
> GRENADE 4 1 13 1 2
> GRENADE 2 15 5 1 2
> GRENADE 3 13 17 3 2
> BAT1 16 1 1 4 19 4 8 5 10 5 12 5 14 5 1 6 15 6 19 6 1 8 5 8 15 8 19 8 10 9 1 10 5 10 9 10 11 10 15 10 19 10 10 11 1 12 5 12 19 12 1 14 8 15 10 15 12 15 14 15 1 16 8 19 10 19 12 19 4 3 6 3 3 4 3 6 8 13 10 13 3 16 6 17
> BAT2 8 3 10 3 12 3 8 7 10 7 12 7 3 8 7 8 13 8 17 8 3 10 7 10 13 10 17 10 3 12 7 12 13 12 17 12 12 13 3 14 17 14 8 17 10 17 12 17 14 17
< RES 1637330740 36 2
> REQ 1637330740 37 2
> VAMPIRE 1 3 7 3 1 2 0
> VAMPIRE 4 3 13 3 1 2 0
> VAMPIRE 3 17 17 3 0 2 0
> VAMPIRE 2 19 3 3 1 2 0
> GRENADE 3 13 17 2 2
> BAT1 16 1 1 4 19 4 8 5 10 5 12 5 1 6 19 6 1 8 5 8 15 8 19 8 10 9 1 10 5 10 9 10 11 10 15 10 19 10 10 11 5 12 19 12 8 15 10 15 12 15 14 15 1 16 8 19 10 19 12 19 4 3 8 3 3 4 3 6 8 13 10 13 3 16 6 17
> BAT2 10 3 12 3 8 7 10 7 12 7 3 8 7 8 13 8 17 8 3 10 7 10 13 10 17 10 3 12 7 12 13 12 17 12 12 13 3 14 17 14 8 17 10 17 12 17 14 17
< RES 1637330740 37 2
< GRENADE
> REQ 1637330740 38 2
> VAMPIRE 1 5 7 3 0 2 0
> VAMPIRE 4 5 13 3 0 2 0
> VAMPIRE 3 17 17 3 0 2 0
> VAMPIRE 2 19 3 3 0 2 0
> GRENADE 3 13 17 1 2
> GRENADE 1 3 7 5 2
> GRENADE 4 3 13 5 2
> GRENADE 2 19 3 5 2
> BAT1 16 1 1 4 19 4 8 5 10 5 12 5 1 6 19 6 1 8 5 8 15 8 19 8 10 9 1 10 5 10 9 10 11 10 15 10 19 10 10 11 5 12 19 12 8 15 10 15 12 15 14 15 1 16 8 19 10 19 12 19 4 3 8 3 3 4 3 6 8 13 10 13 3 16 6 17
> BAT2 10 3 12 3 8 7 10 7 12 7 3 8 7 8 13 8 17 8 3 10 7 10 13 10 17 10 3 12 7 12 13 12 17 12 12 13 3 14 17 14 8 17 10 17 12 17 14 17
< RES 1637330740 38 2
< THROW XR 2
< MOVE U U
> REQ 1637330740 39 2
> VAMPIRE 1 5 5 3 0 2 0
> VAMPIRE 4 5 15 3 0 2 0
> VAMPIRE 3 15 17 3 1 2 0
> VAMPIRE 2 17 3 3 0 2 0
> GRENADE 1 3 7 4 2
> GRENADE 4 3 13 4 2
> GRENADE 2 19 5 4 2
> BAT1 16 1 1 4 19 4 8 5 10 5 12 5 1 6 19 6 1 8 5 8 15 8 19 8 10 9 1 10 5 10 9 10 11 10 15 10 19 10 10 11 5 12 19 12 8 15 10 15 12 15 14 15 1 16 8 19 10 19 12 19 4 3 8 3 3 4 3 6 8 13 10 13 3 16 6 17 12 17 14 17
> BAT2 10 3 12 3 8 7 10 7 12 7 3 8 7 8 13 8 17 8 3 10 7 10 13 10 17 10 3 12 7 12 13 12 17 12 12 13 3 14 17 14 8 17 10 17
< RES 1637330740 39 2
> REQ 1637330740 40 2
> VAMPIRE 1 5 5 3 0 2 0
> VAMPIRE 4 5 15 3 0 2 0
> VAMPIRE 3 15 17 3 0 2 0
> VAMPIRE 2 17 3 3 0 2 0
> GRENADE 1 3 7 3 2
> GRENADE 4 3 13 3 2
> GRENADE 2 19 5 3 2
> GRENADE 3 15 17 5 2
> BAT1 16 1 1 4 19 4 8 5 10 5 12 5 1 6 19 6 1 8 5 8 15 8 19 8 10 9 1 10 5 10 9 10 11 10 15 10 19 10 10 11 5 12 19 12 8 15 10 15 12 15 14 15 1 16 8 19 10 19 12 19 4 3 8 3 3 4 3 6 8 13 10 13 3 16 6 17 12 17 14 17
> BAT2 10 3 12 3 8 7 10 7 12 7 3 8 7 8 13 8 17 8 3 10 7 10 13 10 17 10 3 12 7 12 13 12 17 12 12 13 3 14 17 14 8 17 10 17
< RES 1637330740 40 2
> REQ 1637330740 41 2
> VAMPIRE 1 5 5 3 0 2 0
> VAMPIRE 4 5 15 3 0 2 0
> VAMPIRE 3 17 17 3 0 2 0
> VAMPIRE 2 17 3 3 0 2 0
> GRENADE 1 3 7 2 2
> GRENADE 4 3 13 2 2
> GRENADE 2 19 5 2 2
> GRENADE 3 13 17 4 2
> BAT1 16 1 1 4 19 4 8 5 10 5 12 5 1 6 19 6 1 8 5 8 15 8 19 8 10 9 1 10 5 10 9 10 11 10 15 10 19 10 10 11 5 12 19 12 8 15 10 15 12 15 14 15 1 16 8 19 10 19 12 19 4 3 8 3 3 4 3 6 8 13 10 13 3 16 6 17 12 17 14 17
> BAT2 10 3 12 3 8 7 10 7 12 7 3 8 7 8 13 8 17 8 3 10 7 10 13 10 17 10 3 12 7 12 13 12 17 12 12 13 3 14 17 14 8 17 10 17
< RES 1637330740 41 2
< MOVE U U
> REQ 1637330740 42 2
> VAMPIRE 1 5 3 3 0 2 0
> VAMPIRE 4 7 15 3 0 2 0
> VAMPIRE 3 17 17 3 0 2 0
> VAMPIRE 2 15 3 3 0 2 0
> GRENADE 1 3 7 1 2
> GRENADE 4 3 13 1 2
> GRENADE 2 19 5 1 2
> GRENADE 3 13 17 3 2
> BAT1 16 1 1 4 19 4 8 5 10 5 12 5 1 6 19 6 1 8 5 8 15 8 19 8 10 9 1 10 5 10 9 10 11 10 15 10 19 10 10 11 5 12 19 12 8 15 10 15 12 15 14 15 1 16 8 19 10 19 12 19 4 3 8 3 3 4 3 6 8 13 10 13 3 16 6 17 12 17 14 17
> BAT2 10 3 12 3 8 7 10 7 12 7 3 8 7 8 13 8 17 8 3 10 7 10 13 10 17 10 3 12 7 12 13 12 17 12 12 13 3 14 17 14 8 17 10 17
< RES 1637330740 42 2
< MOVE U U
> REQ 1637330740 43 2
> VAMPIRE 1 6 3 3 1 2 0
> VAMPIRE 4 7 13 3 1 2 0
> VAMPIRE 3 17 17 3 0 2 0
> VAMPIRE 2 13 3 3 1 2 0
> GRENADE 3 13 17 2 2
> BAT1 16 1 1 4 8 5 10 5 12 5 1 6 1 8 5 8 15 8 19 8 10 9 1 10 5 10 9 10 11 10 15 10 19 10 10 11 5 12 19 12 8 15 10 15 12 15 14 15 1 16 8 19 10 19 12 19 4 3 8 3 3 4 3 8 3 12 8 13 10 13 3 14 3 16 6 17 12 17 14 17
> BAT2 10 3 12 3 8 7 10 7 12 7 7 8 13 8 17 8 3 10 7 10 13 10 17 10 7 12 13 12 17 12 12 13 17 14 8 17 10 17
< RES 1637330740 43 2
< GRENADE
> REQ 1637330740 44 2
> VAMPIRE 1 5 4 3 0 2 0
> VAMPIRE 4 5 13 3 0 2 0
> VAMPIRE 3 17 17 3 0 2 0
> VAMPIRE 2 13 3 3 0 2 0
> GRENADE 3 13 17 1 2
> GRENADE 1 6 3 5 2
> GRENADE 4 7 13 5 2
> GRENADE 2 13 3 5 2
> BAT1 16 1 1 4 8 5 10 5 12 5 1 6 1 8 5 8 15 8 19 8 10 9 1 10 5 10 9 10 11 10 15 10 19 10 10 11 5 12 19 12 8 15 10 15 12 15 14 15 1 16 8 19 10 19 12 19 4 3 8 3 3 4 3 8 3 12 8 13 10 13 3 14 3 16 6 17 12 17 14 17
> BAT2 10 3 12 3 8 7 10 7 12 7 7 8 13 8 17 8 3 10 7 10 13 10 17 10 7 12 13 12 17 12 12 13 17 14 8 17 10 17
< RES 1637330740 44 2
< THROW XU 2
> REQ 1637330740 45 2
> VAMPIRE 1 5 5 3 0 2 0
> VAMPIRE 4 5 15 3 0 2 0
> VAMPIRE 3 17 15 3 1 2 0
> VAMPIRE 2 13 3 3 0 2 0
> GRENADE 1 6 3 4 2
> GRENADE 4 7 13 4 2
> GRENADE 2 11 3 4 2
> BAT1 16 1 1 4 8 5 10 5 12 5 1 6 1 8 5 8 15 8 19 8 10 9 1 10 5 10 9 10 11 10 15 10 19 10 10 11 5 12 19 12 8 15 10 15 12 15 14 15 1 16 8 19 10 19 12 19 4 3 8 3 3 4 3 8 3 12 8 13 10 13 3 14 3 16 6 17
> BAT2 10 3 12 3 8 7 10 7 12 7 7 8 13 8 17 8 3 10 7 10 13 10 17 10 7 12 13 12 17 12 12 13 17 14 8 17 10 17
< RES 1637330740 45 2
< MOVE D D
> REQ 1637330740 46 2
> VAMPIRE 1 5 5 3 0 2 0
> VAMPIRE 4 5 15 3 0 2 0
> VAMPIRE 3 17 15 3 0 2 0
> VAMPIRE 2 15 3 3 0 2 0
> GRENADE 1 6 3 3 2
> GRENADE 4 7 13 3 2
> GRENADE 2 11 3 3 2
> GRENADE 3 17 15 5 2
> BAT1 16 1 1 4 8 5 10 5 12 5 1 6 1 8 5 8 15 8 19 8 10 9 1 10 5 10 9 10 11 10 15 10 19 10 10 11 5 12 19 12 8 15 10 15 12 15 14 15 1 16 8 19 10 19 12 19 4 3 8 3 3 4 3 8 3 12 8 13 10 13 3 14 3 16 6 17
> BAT2 10 3 12 3 8 7 10 7 12 7 7 8 13 8 17 8 3 10 7 10 13 10 17 10 7 12 13 12 17 12 12 13 17 14 8 17 10 17
< RES 1637330740 46 2
> REQ 1637330740 47 2
> VAMPIRE 1 5 5 3 0 2 0
> VAMPIRE 4 5 15 3 0 2 0
> VAMPIRE 3 17 17 3 0 2 0
> VAMPIRE 2 15 3 3 0 2 0
> GRENADE 1 6 3 2 2
> GRENADE 4 7 13 2 2
> GRENADE 2 11 3 2 2
> GRENADE 3 17 13 4 2
> BAT1 16 1 1 4 8 5 10 5 12 5 1 6 1 8 5 8 15 8 19 8 10 9 1 10 5 10 9 10 11 10 15 10 19 10 10 11 5 12 19 12 8 15 10 15 12 15 14 15 1 16 8 19 10 19 12 19 4 3 8 3 3 4 3 8 3 12 8 13 10 13 3 14 3 16 6 17
> BAT2 10 3 12 3 8 7 10 7 12 7 7 8 13 8 17 8 3 10 7 10 13 10 17 10 7 12 13 12 17 12 12 13 17 14 8 17 10 17
< RES 1637330740 47 2
< MOVE L L
> REQ 1637330740 48 2
> VAMPIRE 1 3 5 3 0 2 0
> VAMPIRE 4 5 15 3 0 2 0
> VAMPIRE 3 17 17 3 0 2 0
> VAMPIRE 2 15 1 3 0 2 0
> GRENADE 1 6 3 1 2
> GRENADE 4 7 13 1 2
> GRENADE 2 11 3 1 2
> GRENADE 3 17 13 3 2
> BAT1 16 1 1 4 8 5 10 5 12 5 1 6 1 8 5 8 15 8 19 8 10 9 1 10 5 10 9 10 11 10 15 10 19 10 10 11 5 12 19 12 8 15 10 15 12 15 14 15 1 16 8 19 10 19 12 19 4 3 8 3 3 4 3 8 3 12 8 13 10 13 3 14 3 16 6 17
> BAT2 10 3 12 3 8 7 10 7 12 7 7 8 13 8 17 8 3 10 7 10 13 10 17 10 7 12 13 12 17 12 12 13 17 14 8 17 10 17
< RES 1637330740 48 2
< MOVE U
> REQ 1637330740 49 2
> VAMPIRE 1 3 6 3 1 2 0
> VAMPIRE 4 3 15 3 1 2 0
> VAMPIRE 3 15 17 3 0 2 0
> VAMPIRE 2 14 1 3 1 2 0
> GRENADE 3 17 13 2 2
> BAT1 16 1 1 4 8 5 10 5 12 5 1 6 1 8 5 8 15 8 19 8 10 9 1 10 5 10 9 10 11 10 15 10 19 10 10 11 5 12 19 12 8 15 10 15 12 15 14 15 1 16 8 19 10 19 12 19 10 3 12 3 3 4 3 8 3 12 7 12 10 13 3 14 3 16 6 17
> BAT2 8 7 10 7 12 7 7 8 13 8 17 8 3 10 7 10 13 10 17 10 13 12 17 12 12 13 17 14 8 17 10 17
< RES 1637330740 49 2
< GRENADE
< MOVE D R
> REQ 1637330740 50 2
> VAMPIRE 1 4 5 3 0 2 0
> VAMPIRE 4 5 15 3 0 2 0
> VAMPIRE 3 13 17 3 0 2 0
> VAMPIRE 2 15 2 3 0 2 0
> GRENADE 3 17 13 1 2
> GRENADE 1 3 6 5 2
> GRENADE 4 3 15 5 2
> GRENADE 2 14 1 5 2
> BAT1 16 1 1 4 8 5 10 5 12 5 1 6 1 8 5 8 15 8 19 8 10 9 1 10 5 10 9 10 11 10 15 10 19 10 10 11 5 12 19 12 8 15 10 15 12 15 14 15 1 16 8 19 10 19 12 19 10 3 12 3 3 4 3 8 3 12 7 12 10 13 3 14 3 16 6 17
> BAT2 8 7 10 7 12 7 7 8 13 8 17 8 3 10 7 10 13 10 17 10 13 12 17 12 12 13 17 14 8 17 10 17
< RES 1637330740 50 2
< MOVE R
> REQ 1637330740 51 2
> VAMPIRE 1 5 5 3 0 2 0
> VAMPIRE 4 7 15 3 0 2 0
> VAMPIRE 3 13 15 3 1 2 0
> VAMPIRE 2 15 3 3 0 2 0
> GRENADE 1 3 6 4 2
> GRENADE 4 3 15 4 2
> GRENADE 2 14 1 4 2
> BAT1 16 1 1 4 8 5 10 5 12 5 1 6 1 8 5 8 15 8 19 8 10 9 1 10 5 10 9 10 11 10 15 10 19 10 10 11 5 12 19 12 8 15 10 15 12 15 14 15 1 16 8 19 10 19 12 19 10 3 12 3 3 4 3 8 3 12 7 12 17 12 10 13 3 14 17 14 3 16 6 17
> BAT2 8 7 10 7 12 7 7 8 13 8 17 8 3 10 7 10 13 10 17 10 13 12 12 13 8 17 10 17
< RES 1637330740 51 2
> REQ 1637330740 52 2
> VAMPIRE 1 5 5 3 0 2 0
> VAMPIRE 4 7 15 3 0 2 0
> VAMPIRE 3 13 17 3 0 2 0
> VAMPIRE 2 15 3 3 0 2 0
> GRENADE 1 3 6 3 2
> GRENADE 4 3 15 3 2
> GRENADE 2 14 1 3 2
> GRENADE 3 13 15 5 2
> BAT1 16 1 1 4 8 5 10 5 12 5 1 6 1 8 5 8 15 8 19 8 10 9 1 10 5 10 9 10 11 10 15 10 19 10 10 11 5 12 19 12 8 15 10 15 12 15 14 15 1 16 8 19 10 19 12 19 10 3 12 3 3 4 3 8 3 12 7 12 17 12 10 13 3 14 17 14 3 16 6 17
> BAT2 8 7 10 7 12 7 7 8 13 8 17 8 3 10 7 10 13 10 17 10 13 12 12 13 8 17 10 17
< RES 1637330740 52 2
> REQ 1637330740 53 2
> VAMPIRE 1 5 5 3 0 2 0
> VAMPIRE 4 7 15 3 0 2 0
> VAMPIRE 3 15 17 3 0 2 0
> VAMPIRE 2 15 3 3 0 2 0
> GRENADE 1 3 6 2 2
> GRENADE 4 3 15 2 2
> GRENADE 2 14 1 2 2
> GRENADE 3 13 15 4 2
> BAT1 16 1 1 4 8 5 10 5 12 5 1 6 1 8 5 8 15 8 19 8 10 9 1 10 5 10 9 10 11 10 15 10 19 10 10 11 5 12 19 12 8 15 10 15 12 15 14 15 1 16 8 19 10 19 12 19 10 3 12 3 3 4 3 8 3 12 7 12 17 12 10 13 3 14 17 14 3 16 6 17
> BAT2 8 7 10 7 12 7 7 8 13 8 17 8 3 10 7 10 13 10 17 10 13 12 12 13 8 17 10 17
< RES 1637330740 53 2
> REQ 1637330740 54 2
> VAMPIRE 1 7 5 3 0 2 0
> VAMPIRE 4 7 15 3 0 2 0
> VAMPIRE 3 15 17 3 0 2 0
> VAMPIRE 2 15 3 3 0 2 0
> GRENADE 1 3 6 1 2
> GRENADE 4 3 15 1 2
> GRENADE 2 14 1 1 2
> GRENADE 3 13 15 3 2
> BAT1 16 1 1 4 8 5 10 5 12 5 1 6 1 8 5 8 15 8 19 8 10 9 1 10 5 10 9 10 11 10 15 10 19 10 10 11 5 12 19 12 8 15 10 15 12 15 14 15 1 16 8 19 10 19 12 19 10 3 12 3 3 4 3 8 3 12 7 12 17 12 10 13 3 14 17 14 3 16 6 17
> BAT2 8 7 10 7 12 7 7 8 13 8 17 8 3 10 7 10 13 10 17 10 13 12 12 13 8 17 10 17
< RES 1637330740 54 2
< MOVE U U
> REQ 1637330740 55 2
> VAMPIRE 1 7 7 3 1 2 0
> VAMPIRE 4 7 17 3 1 2 0
> VAMPIRE 3 15 15 3 0 2 0
> VAMPIRE 2 13 3 3 1 2 0
> GRENADE 3 13 15 2 2
> BAT1 1 4 8 5 10 5 12 5 1 6 1 8 5 8 15 8 19 8 10 9 1 10 5 10 9 10 11 10 15 10 19 10 10 11 5 12 19 12 8 15 10 15 12 15 14 15 1 16 8 19 10 19 12 19 10 3 12 3 3 12 7 12 17 12 10 13 17 14 6 17
> BAT2 8 7 10 7 12 7 7 8 13 8 17 8 3 10 7 10 13 10 17 10 13 12 12 13 8 17 10 17
< RES 1637330740 55 2
< GRENADE
> REQ 1637330740 56 2
> VAMPIRE 1 5 7 3 0 2 0
> VAMPIRE 4 7 15 3 0 2 0
> VAMPIRE 3 15 13 3 0 2 0
> VAMPIRE 2 13 3 3 0 2 0
> GRENADE 3 13 15 1 2
> GRENADE 1 7 7 5 2
> GRENADE 4 7 17 5 2
> GRENADE 2 13 3 5 2
> BAT1 1 4 8 5 10 5 12 5 1 6 1 8 5 8 15 8 19 8 10 9 1 10 5 10 9 10 11 10 15 10 19 10 10 11 5 12 19 12 8 15 10 15 12 15 14 15 1 16 8 19 10 19 12 19 10 3 12 3 3 12 7 12 17 12 10 13 17 14 6 17
> BAT2 8 7 10 7 12 7 7 8 13 8 17 8 3 10 7 10 13 10 17 10 13 12 12 13 8 17 10 17
< RES 1637330740 56 2
< THROW XU 2
< MOVE D D
> REQ 1637330740 57 2
> VAMPIRE 1 6 7 3 0 2 0
> VAMPIRE 4 5 15 3 0 2 0
> VAMPIRE 3 13 13 3 1 2 0
> VAMPIRE 2 15 3 3 0 2 0
> GRENADE 1 7 7 4 2
> GRENADE 4 7 17 4 2
> GRENADE 2 11 3 4 2
> BAT1 1 4 8 5 10 5 12 5 1 6 1 8 5 8 15 8 19 8 10 9 1 10 5 10 9 10 11 10 15 10 19 10 10 11 5 12 19 12 8 15 10 15 1 16 8 19 10 19 12 19 10 3 12 3 3 12 7 12 17 12 10 13 17 14 6 17
> BAT2 8 7 10 7 12 7 7 8 13 8 17 8 3 10 7 10 13 10 17 10 13 12 12 13 8 17 10 17
< RES 1637330740 57 2
> REQ 1637330740 58 2
> VAMPIRE 1 5 7 3 0 2 0
> VAMPIRE 4 5 15 3 0 2 0
> VAMPIRE 3 15 13 3 0 2 0
> VAMPIRE 2 15 3 3 0 2 0
> GRENADE 1 9 7 3 2
> GRENADE 4 7 17 3 2
> GRENADE 2 11 3 3 2
> GRENADE 3 13 13 5 2
> BAT1 1 4 8 5 10 5 12 5 1 6 1 8 5 8 15 8 19 8 10 9 1 10 5 10 9 10 11 10 15 10 19 10 10 11 5 12 19 12 8 15 10 15 1 16 8 19 10 19 12 19 10 3 12 3 3 12 7 12 17 12 10 13 17 14 6 17
> BAT2 8 7 10 7 12 7 7 8 13 8 17 8 3 10 7 10 13 10 17 10 13 12 12 13 8 17 10 17
< RES 1637330740 58 2
> REQ 1637330740 59 2
> VAMPIRE 1 3 7 3 0 2 0
> VAMPIRE 4 5 15 3 0 2 0
> VAMPIRE 3 15 15 3 0 2 0
> VAMPIRE 2 15 3 3 0 2 0
> GRENADE 1 9 7 2 2
> GRENADE 4 7 17 2 2
> GRENADE 2 11 3 2 2
> GRENADE 3 13 13 4 2
> BAT1 1 4 8 5 10 5 12 5 1 6 1 8 5 8 15 8 19 8 10 9 1 10 5 10 9 10 11 10 15 10 19 10 10 11 5 12 19 12 8 15 10 15 1 16 8 19 10 19 12 19 10 3 12 3 3 12 7 12 17 12 10 13 17 14 6 17
> BAT2 8 7 10 7 12 7 7 8 13 8 17 8 3 10 7 10 13 10 17 10 13 12 12 13 8 17 10 17
< RES 1637330740 59 2
< MOVE R R
> REQ 1637330740 60 2
> VAMPIRE 1 5 7 3 0 2 0
> VAMPIRE 4 5 15 3 0 2 0
> VAMPIRE 3 15 15 3 0 2 0
> VAMPIRE 2 15 5 3 0 2 0
> GRENADE 1 9 7 1 2
> GRENADE 4 7 17 1 2
> GRENADE 2 11 3 1 2
> GRENADE 3 13 13 3 2
> BAT1 1 4 8 5 10 5 12 5 1 6 1 8 5 8 15 8 19 8 10 9 1 10 5 10 9 10 11 10 15 10 19 10 10 11 5 12 19 12 8 15 10 15 1 16 8 19 10 19 12 19 10 3 12 3 3 12 7 12 17 12 10 13 17 14 6 17
> BAT2 8 7 10 7 12 7 7 8 13 8 17 8 3 10 7 10 13 10 17 10 13 12 12 13 8 17 10 17
< RES 1637330740 60 2
< MOVE U U
> REQ 1637330740 61 2
> VAMPIRE 1 7 7 3 1 2 0
> VAMPIRE 4 7 15 3 1 2 0
> VAMPIRE 3 15 14 3 0 2 0
> VAMPIRE 2 13 5 3 1 2 0
> GRENADE 3 13 13 2 2
> BAT1 1 4 8 5 10 5 12 5 1 6 1 8 5 8 15 8 19 8 10 9 1 10 5 10 9 10 11 10 15 10 19 10 10 11 5 12 19 12 8 15 10 15 1 16 8 19 10 19 12 19 8 7 10 7 3 12 7 12 17 12 10 13 17 14 8 17
> BAT2 12 7 7 8 13 8 17 8 3 10 7 10 13 10 17 10 13 12 12 13 10 17
< RES 1637330740 61 2
< GRENADE
> REQ 1637330740 62 2
> VAMPIRE 1 7 7 3 0 2 0
> VAMPIRE 4 7 15 3 0 2 0
> VAMPIRE 3 15 14 3 0 2 0
> VAMPIRE 2 13 5 3 0 2 0
> GRENADE 3 13 13 1 2
> GRENADE 1 7 7 5 2
> GRENADE 4 7 15 5 2
> GRENADE 2 13 5 5 2
> BAT1 1 4 8 5 10 5 12 5 1 6 1 8 5 8 15 8 19 8 10 9 1 10 5 10 9 10 11 10 15 10 19 10 10 11 5 12 19 12 8 15 10 15 1 16 8 19 10 19 12 19 8 7 10 7 3 12 7 12 17 12 10 13 17 14 8 17
> BAT2 12 7 7 8 13 8 17 8 3 10 7 10 13 10 17 10 13 12 12 13 10 17
< RES 1637330740 62 2
< THROW XR 2
< MOVE D D
> REQ 1637330740 63 2
> VAMPIRE 1 5 7 3 0 2 0
> VAMPIRE 4 7 15 3 0 2 0
> VAMPIRE 3 14 13 3 1 2 0
> VAMPIRE 2 15 5 3 0 2 0
> GRENADE 1 7 9 4 2
> GRENADE 4 9 15 4 2
> GRENADE 2 13 7 4 2
> BAT1 1 4 8 5 10 5 12 5 1 6 1 8 5 8 15 8 19 8 10 9 1 10 5 10 9 10 11 10 15 10 19 10 10 11 5 12 19 12 8 15 10 15 1 16 8 19 10 19 12 19 8 7 10 7 3 12 7 12 13 12 17 12 10 13 12 13 17 14 8 17
> BAT2 12 7 7 8 13 8 17 8 3 10 7 10 13 10 17 10 10 17
< RES 1637330740 63 2
> REQ 1637330740 64 2
> VAMPIRE 1 3 7 3 0 2 0
> VAMPIRE 4 5 15 3 0 2 0
> VAMPIRE 3 14 13 3 0 2 0
> VAMPIRE 2 15 5 3 0 2 0
> GRENADE 1 7 9 3 2
> GRENADE 4 9 15 3 2
> GRENADE 2 13 7 3 2
> GRENADE 3 14 13 5 2
> BAT1 1 4 8 5 10 5 12 5 1 6 1 8 5 8 15 8 19 8 10 9 1 10 5 10 9 10 11 10 15 10 19 10 10 11 5 12 19 12 8 15 10 15 1 16 8 19 10 19 12 19 8 7 10 7 3 12 7 12 13 12 17 12 10 13 12 13 17 14 8 17
> BAT2 12 7 7 8 13 8 17 8 3 10 7 10 13 10 17 10 10 17
< RES 1637330740 64 2
> REQ 1637330740 65 2
> VAMPIRE 1 3 7 3 0 2 0
> VAMPIRE 4 5 15 3 0 2 0
> VAMPIRE 3 13 13 3 0 2 0
> VAMPIRE 2 15 5 3 0 2 0
> GRENADE 1 7 9 2 2
> GRENADE 4 9 15 2 2
> GRENADE 2 13 7 2 2
> GRENADE 3 11 13 4 2
> BAT1 1 4 8 5 10 5 12 5 1 6 1 8 5 8 15 8 19 8 10 9 1 10 5 10 9 10 11 10 15 10 19 10 10 11 5 12 19 12 8 15 10 15 1 16 8 19 10 19 12 19 8 7 10 7 3 12 7 12 13 12 17 12 10 13 12 13 17 14 8 17
> BAT2 12 7 7 8 13 8 17 8 3 10 7 10 13 10 17 10 10 17
< RES 1637330740 65 2
> REQ 1637330740 66 2
> VAMPIRE 1 5 7 3 0 2 0
> VAMPIRE 4 5 15 3 0 2 0
> VAMPIRE 3 15 13 3 0 2 0
> VAMPIRE 2 15 5 3 0 2 0
> GRENADE 1 7 9 1 2
> GRENADE 4 9 15 1 2
> GRENADE 2 13 7 1 2
> GRENADE 3 11 13 3 2
> BAT1 1 4 8 5 10 5 12 5 1 6 1 8 5 8 15 8 19 8 10 9 1 10 5 10 9 10 11 10 15 10 19 10 10 11 5 12 19 12 8 15 10 15 1 16 8 19 10 19 12 19 8 7 10 7 3 12 7 12 13 12 17 12 10 13 12 13 17 14 8 17
> BAT2 12 7 7 8 13 8 17 8 3 10 7 10 13 10 17 10 10 17
< RES 1637330740 66 2
< MOVE U U
> REQ 1637330740 67 2
> VAMPIRE 1 7 7 3 1 2 0
> VAMPIRE 4 5 13 3 1 2 0
> VAMPIRE 3 15 11 3 0 2 0
> VAMPIRE 2 13 5 3 1 2 0
> GRENADE 3 11 13 2 2
> BAT1 1 4 8 5 10 5 12 5 1 6 1 8 5 8 15 8 19 8 10 9 1 10 5 10 9 10 11 10 15 10 19 10 10 11 5 12 19 12 1 16 8 19 10 19 12 19 8 7 10 7 12 7 7 8 13 8 7 10 3 12 7 12 13 12 17 12 10 13 12 13 17 14 8 17
> BAT2 17 8 3 10 13 10 17 10 10 17
< RES 1637330740 67 2
< GRENADE
> REQ 1637330740 68 2
> VAMPIRE 1 5 7 3 0 2 0
> VAMPIRE 4 5 13 3 0 2 0
> VAMPIRE 3 13 11 3 0 2 0
> VAMPIRE 2 13 5 3 0 2 0
> GRENADE 3 11 13 1 2
> GRENADE 1 7 7 5 2
> GRENADE 4 5 13 5 2
> GRENADE 2 13 5 5 2
> BAT1 1 4 8 5 10 5 12 5 1 6 1 8 5 8 15 8 19 8 10 9 1 10 5 10 9 10 11 10 15 10 19 10 10 11 5 12 19 12 1 16 8 19 10 19 12 19 8 7 10 7 12 7 7 8 13 8 7 10 3 12 7 12 13 12 17 12 10 13 12 13 17 14 8 17
> BAT2 17 8 3 10 13 10 17 10 10 17
< RES 1637330740 68 2
< THROW XR 2
< MOVE D D
> REQ 1637330740 69 2
> VAMPIRE 1 3 7 3 0 2 0
> VAMPIRE 4 5 13 3 0 2 0
> VAMPIRE 3 11 11 3 1 2 0
> VAMPIRE 2 15 5 3 0 2 0
> GRENADE 1 7 7 4 2
> GRENADE 4 5 11 4 2
> GRENADE 2 13 7 4 2
> BAT1 1 4 8 5 10 5 12 5 1 6 1 8 5 8 15 8 19 8 10 9 1 10 5 10 9 10 11 10 15 10 19 10 10 11 5 12 19 12 1 16 8 19 10 19 12 19 8 7 10 7 12 7 7 8 13 8 7 10 3 12 7 12 13 12 17 12 17 14 8 17
> BAT2 17 8 3 10 13 10 17 10 10 17
< RES 1637330740 69 2
> REQ 1637330740 70 2
> VAMPIRE 1 3 7 3 0 2 0
> VAMPIRE 4 5 15 3 0 2 0
> VAMPIRE 3 11 13 3 0 2 0
> VAMPIRE 2 15 5 3 0 2 0
> GRENADE 1 7 7 3 2
> GRENADE 4 5 11 3 2
> GRENADE 2 13 7 3 2
> GRENADE 3 11 11 5 2
> BAT1 1 4 8 5 10 5 12 5 1 6 1 8 5 8 15 8 19 8 10 9 1 10 5 10 9 10 11 10 15 10 19 10 10 11 5 12 19 12 1 16 8 19 10 19 12 19 8 7 10 7 12 7 7 8 13 8 7 10 3 12 7 12 13 12 17 12 17 14 8 17
> BAT2 17 8 3 10 13 10 17 10 10 17
< RES 1637330740 70 2
> REQ 1637330740 71 2
> VAMPIRE 1 3 7 3 0 2 0
> VAMPIRE 4 5 15 3 0 2 0
> VAMPIRE 3 9 13 3 0 2 0
> VAMPIRE 2 15 5 3 0 2 0
> GRENADE 1 7 7 2 2
> GRENADE 4 5 11 2 2
> GRENADE 2 13 7 2 2
> GRENADE 3 11 11 4 2
> BAT1 1 4 8 5 10 5 12 5 1 6 1 8 5 8 15 8 19 8 10 9 1 10 5 10 9 10 11 10 15 10 19 10 10 11 5 12 19 12 1 16 8 19 10 19 12 19 8 7 10 7 12 7 7 8 13 8 7 10 3 12 7 12 13 12 17 12 17 14 8 17
> BAT2 17 8 3 10 13 10 17 10 10 17
< RES 1637330740 71 2
> REQ 1637330740 72 2
> VAMPIRE 1 2 7 3 0 2 0
> VAMPIRE 4 3 15 3 0 2 0
> VAMPIRE 3 9 13 3 0 2 0
> VAMPIRE 2 15 5 3 0 2 0
> GRENADE 1 7 7 1 2
> GRENADE 4 5 11 1 2
> GRENADE 2 13 7 1 2
> GRENADE 3 11 11 3 2
> BAT1 1 4 8 5 10 5 12 5 1 6 1 8 5 8 15 8 19 8 10 9 1 10 5 10 9 10 11 10 15 10 19 10 10 11 5 12 19 12 1 16 8 19 10 19 12 19 8 7 10 7 12 7 7 8 13 8 7 10 3 12 7 12 13 12 17 12 17 14 8 17
> BAT2 17 8 3 10 13 10 17 10 10 17
< RES 1637330740 72 2
< MOVE U U
> REQ 1637330740 73 2
> VAMPIRE 1 1 7 3 1 2 0
> VAMPIRE 4 3 13 3 1 2 0
> VAMPIRE 3 9 13 3 0 2 0
> VAMPIRE 2 13 5 3 1 2 0
> GRENADE 3 11 11 2 2
> BAT1 1 4 8 5 10 5 12 5 1 6 1 8 5 8 15 8 19 8 10 9 1 10 9 10 11 10 15 10 19 10 10 11 19 12 1 16 8 19 10 19 12 19 10 7 7 10 3 12 7 12 13 12 17 12 17 14 8 17
> BAT2 17 8 3 10 13 10 17 10 10 17
< RES 1637330740 73 2
< GRENADE
> REQ 1637330740 74 2
> VAMPIRE 1 1 7 3 0 2 0
> VAMPIRE 4 3 13 3 0 2 0
> VAMPIRE 3 9 15 3 0 2 0
> VAMPIRE 2 13 5 3 0 2 0
> GRENADE 3 11 11 1 2
> GRENADE 1 1 7 5 2
> GRENADE 4 3 13 5 2
> GRENADE 2 13 5 5 2
> BAT1 1 4 8 5 10 5 12 5 1 6 1 8 5 8 15 8 19 8 10 9 1 10 9 10 11 10 15 10 19 10 10 11 19 12 1 16 8 19 10 19 12 19 10 7 7 10 3 12 7 12 13 12 17 12 17 14 8 17
> BAT2 17 8 3 10 13 10 17 10 10 17
< RES 1637330740 74 2
< THROW XU 2
< MOVE D D
> REQ 1637330740 75 2
> VAMPIRE 1 3 7 3 0 2 0
> VAMPIRE 4 5 13 3 0 2 0
> VAMPIRE 3 9 17 3 1 2 0
> VAMPIRE 2 15 5 3 0 2 0
> GRENADE 1 1 9 4 2
> GRENADE 4 3 11 4 2
> GRENADE 2 11 5 4 2
> BAT1 1 4 8 5 10 5 12 5 1 6 1 8 5 8 15 8 19 8 10 9 1 10 9 10 15 10 19 10 19 12 1 16 8 19 10 19 12 19 10 7 7 10 3 12 7 12 13 12 17 12 17 14 8 17
> BAT2 17 8 3 10 13 10 17 10 10 17
< RES 1637330740 75 2
> REQ 1637330740 76 2
> VAMPIRE 1 3 7 3 0 2 0
> VAMPIRE 4 5 13 3 0 2 0
> VAMPIRE 3 9 15 3 0 2 0
> VAMPIRE 2 15 5 3 0 2 0
> GRENADE 1 1 9 3 2
> GRENADE 4 3 11 3 2
> GRENADE 2 11 5 3 2
> GRENADE 3 9 17 5 2
> BAT1 1 4 8 5 10 5 12 5 1 6 1 8 5 8 15 8 19 8 10 9 1 10 9 10 15 10 19 10 19 12 1 16 8 19 10 19 12 19 10 7 7 10 3 12 7 12 13 12 17 12 17 14 8 17
> BAT2 17 8 3 10 13 10 17 10 10 17
< RES 1637330740 76 2
> REQ 1637330740 77 2
> VAMPIRE 1 3 7 3 0 2 0
> VAMPIRE 4 5 13 3 0 2 0
> VAMPIRE 3 11 15 3 0 2 0
> VAMPIRE 2 15 5 3 0 2 0
> GRENADE 1 1 9 2 2
> GRENADE 4 3 11 2 2
> GRENADE 2 11 5 2 2
> GRENADE 3 9 17 4 2
> BAT1 1 4 8 5 10 5 12 5 1 6 1 8 5 8 15 8 19 8 10 9 1 10 9 10 15 10 19 10 19 12 1 16 8 19 10 19 12 19 10 7 7 10 3 12 7 12 13 12 17 12 17 14 8 17
> BAT2 17 8 3 10 13 10 17 10 10 17
< RES 1637330740 77 2
> REQ 1637330740 78 2
> VAMPIRE 1 3 5 3 0 2 0
> VAMPIRE 4 7 13 3 0 2 0
> VAMPIRE 3 11 15 3 0 2 0
> VAMPIRE 2 15 5 3 0 2 0
> GRENADE 1 1 9 1 2
> GRENADE 4 3 11 1 2
> GRENADE 2 11 5 1 2
> GRENADE 3 9 17 3 2
> BAT1 1 4 8 5 10 5 12 5 1 6 1 8 5 8 15 8 19 8 10 9 1 10 9 10 15 10 19 10 19 12 1 16 8 19 10 19 12 19 10 7 7 10 3 12 7 12 13 12 17 12 17 14 8 17
> BAT2 17 8 3 10 13 10 17 10 10 17
< RES 1637330740 78 2
< MOVE R R
> REQ 1637330740 79 2
> VAMPIRE 1 1 5 3 1 2 0
> VAMPIRE 4 7 13 3 1 2 0
> VAMPIRE 3 11 15 3 0 2 0
> VAMPIRE 2 15 7 3 1 2 0
> GRENADE 3 9 17 2 2
> BAT1 1 4 8 5 1 6 5 8 15 8 19 8 10 9 9 10 15 10 19 10 19 12 1 16 8 19 10 19 12 19 10 7 3 10 7 10 7 12 13 12 17 12 17 14 8 17
> BAT2 17 8 13 10 17 10 10 17
< RES 1637330740 79 2
< GRENADE
> REQ 1637330740 80 2
> VAMPIRE 1 3 5 3 0 2 0
> VAMPIRE 4 7 13 3 0 2 0
> VAMPIRE 3 11 17 3 0 2 0
> VAMPIRE 2 15 7 3 0 2 0
> GRENADE 3 9 17 1 2
> GRENADE 1 1 5 5 2
> GRENADE 4 7 13 5 2
> GRENADE 2 15 7 5 2
> BAT1 1 4 8 5 1 6 5 8 15 8 19 8 10 9 9 10 15 10 19 10 19 12 1 16 8 19 10 19 12 19 10 7 3 10 7 10 7 12 13 12 17 12 17 14 8 17
> BAT2 17 8 13 10 17 10 10 17
< RES 1637330740 80 2
< THROW XR 2
< MOVE L L
> REQ 1637330740 81 2
> VAMPIRE 1 5 5 3 0 2 0
> VAMPIRE 4 5 13 3 0 2 0
> VAMPIRE 3 11 19 3 1 2 0
> VAMPIRE 2 15 5 3 0 2 0
> GRENADE 1 1 5 4 2
> GRENADE 4 7 11 4 2
> GRENADE 2 15 9 4 2
> BAT1 1 4 8 5 1 6 5 8 15 8 19 8 10 9 9 10 15 10 19 10 19 12 1 16 8 19 10 19 12 19 10 7 3 10 7 10 7 12 13 12 17 12 17 14 10 17
> BAT2 17 8 13 10 17 10
< RES 1637330740 81 2
> REQ 1637330740 82 2
> VAMPIRE 1 5 5 3 0 2 0
> VAMPIRE 4 5 13 3 0 2 0
> VAMPIRE 3 11 17 3 0 2 0
> VAMPIRE 2 15 5 3 0 2 0
> GRENADE 1 1 5 3 2
> GRENADE 4 7 11 3 2
> GRENADE 2 15 9 3 2
> GRENADE 3 11 19 5 2
> BAT1 1 4 8 5 1 6 5 8 15 8 19 8 10 9 9 10 15 10 19 10 19 12 1 16 8 19 10 19 12 19 10 7 3 10 7 10 7 12 13 12 17 12 17 14 10 17
> BAT2 17 8 13 10 17 10
< RES 1637330740 82 2
> REQ 1637330740 83 2
> VAMPIRE 1 5 5 3 0 2 0
> VAMPIRE 4 5 13 3 0 2 0
> VAMPIRE 3 13 17 3 0 2 0
> VAMPIRE 2 15 5 3 0 2 0
> GRENADE 1 1 5 2 2
> GRENADE 4 7 11 2 2
> GRENADE 2 15 9 2 2
> GRENADE 3 11 19 4 2
> BAT1 1 4 8 5 1 6 5 8 15 8 19 8 10 9 9 10 15 10 19 10 19 12 1 16 8 19 10 19 12 19 10 7 3 10 7 10 7 12 13 12 17 12 17 14 10 17
> BAT2 17 8 13 10 17 10
< RES 1637330740 83 2
< MOVE D D
> REQ 1637330740 84 2
> VAMPIRE 1 5 5 3 0 2 0
> VAMPIRE 4 3 13 3 0 2 0
> VAMPIRE 3 13 17 3 0 2 0
> VAMPIRE 2 17 5 3 0 2 0
> GRENADE 1 1 5 1 2
> GRENADE 4 7 11 1 2
> GRENADE 2 15 9 1 2
> GRENADE 3 11 19 3 2
> BAT1 1 4 8 5 1 6 5 8 15 8 19 8 10 9 9 10 15 10 19 10 19 12 1 16 8 19 10 19 12 19 10 7 3 10 7 10 7 12 13 12 17 12 17 14 10 17
> BAT2 17 8 13 10 17 10
< RES 1637330740 84 2
< MOVE R R
> REQ 1637330740 85 2
> VAMPIRE 1 6 5 3 1 2 0
> VAMPIRE 4 3 12 3 1 2 0
> VAMPIRE 3 13 17 3 0 2 0
> VAMPIRE 2 17 7 3 1 2 0
> GRENADE 3 11 19 2 2
> BAT1 8 5 5 8 19 8 10 9 9 10 19 10 19 12 1 16 8 19 10 19 12 19 10 7 3 10 13 12 17 12 17 14 10 17
> BAT2 17 8 13 10 17 10
< RES 1637330740 85 2
< GRENADE
> REQ 1637330740 86 2
> VAMPIRE 1 7 4 3 0 2 0
> VAMPIRE 4 4 11 3 0 2 0
> VAMPIRE 3 13 17 3 0 2 0
> VAMPIRE 2 17 7 3 0 2 0
> GRENADE 3 11 19 1 2
> GRENADE 1 6 5 5 2
> GRENADE 4 3 12 5 2
> GRENADE 2 17 7 5 2
> BAT1 8 5 5 8 19 8 10 9 9 10 19 10 19 12 1 16 8 19 10 19 12 19 10 7 3 10 13 12 17 12 17 14 10 17
> BAT2 17 8 13 10 17 10
< RES 1637330740 86 2
< THROW XR 2
< MOVE U U
> REQ 1637330740 87 2
> VAMPIRE 1 7 3 3 0 2 0
> VAMPIRE 4 5 11 3 0 2 0
> VAMPIRE 3 12 17 3 1 2 0
> VAMPIRE 2 15 7 3 0 2 0
> GRENADE 1 6 5 4 2
> GRENADE 4 3 12 4 2
> GRENADE 2 17 9 4 2
> BAT1 8 5 5 8 19 8 10 9 9 10 19 10 19 12 1 16 8 19 10 7 3 10 13 12 17 12 17 14 10 17
> BAT2 17 8 13 10 17 10
< RES 1637330740 87 2
> REQ 1637330740 88 2
> VAMPIRE 1 7 3 3 0 2 0
> VAMPIRE 4 5 11 3 0 2 0
> VAMPIRE 3 11 16 3 0 2 0
> VAMPIRE 2 15 7 3 0 2 0
> GRENADE 1 6 5 3 2
> GRENADE 4 3 12 3 2
> GRENADE 2 17 9 3 2
> GRENADE 3 12 17 5 2
> BAT1 8 5 5 8 19 8 10 9 9 10 19 10 19 12 1 16 8 19 10 7 3 10 13 12 17 12 17 14 10 17
> BAT2 17 8 13 10 17 10
< RES 1637330740 88 2
> REQ 1637330740 89 2
> VAMPIRE 1 7 3 3 0 2 0
> VAMPIRE 4 5 11 3 0 2 0
> VAMPIRE 3 11 15 3 0 2 0
> VAMPIRE 2 15 7 3 0 2 0
> GRENADE 1 6 5 2 2
> GRENADE 4 3 12 2 2
> GRENADE 2 17 9 2 2
> GRENADE 3 12 17 4 2
> BAT1 8 5 5 8 19 8 10 9 9 10 19 10 19 12 1 16 8 19 10 7 3 10 13 12 17 12 17 14 10 17
> BAT2 17 8 13 10 17 10
< RES 1637330740 89 2
< MOVE U U
> REQ 1637330740 90 2
> VAMPIRE 1 9 3 3 0 2 0
> VAMPIRE 4 5 11 3 0 2 0
> VAMPIRE 3 11 15 3 0 2 0
> VAMPIRE 2 13 7 3 0 2 0
> GRENADE 1 6 5 1 2
> GRENADE 4 3 12 1 2
> GRENADE 2 17 9 1 2
> GRENADE 3 12 17 3 2
> BAT1 8 5 5 8 19 8 10 9 9 10 19 10 19 12 1 16 8 19 10 7 3 10 13 12 17 12 17 14 10 17
> BAT2 17 8 13 10 17 10
< RES 1637330740 90 2
< MOVE R R
> REQ 1637330740 91 2
> VAMPIRE 1 9 5 3 1 2 0
> VAMPIRE 4 5 9 3 1 2 0
> VAMPIRE 3 11 15 3 0 2 0
> VAMPIRE 2 13 9 3 1 2 0
> GRENADE 3 12 17 2 2
> BAT1 5 8 19 8 10 9 9 10 19 10 19 12 1 16 8 19 10 7 17 8 17 10 13 12 17 12 17 14 10 17
> BAT2 13 10
< RES 1637330740 91 2
< GRENADE
> REQ 1637330740 92 2
> VAMPIRE 1 9 7 3 1 2 0
> VAMPIRE 4 5 9 3 0 2 0
> VAMPIRE 3 13 15 3 0 2 0
> VAMPIRE 2 13 9 3 0 2 0
> GRENADE 3 12 17 1 2
> GRENADE 4 5 9 5 2
> GRENADE 2 13 9 5 2
> BAT1 5 8 19 8 10 9 9 10 19 10 19 12 1 16 8 19 10 7 17 8 17 10 13 12 17 12 17 14 10 17
> BAT2 13 10
< RES 1637330740 92 2
< THROW XR 2
< MOVE D D
> REQ 1637330740 93 2
> VAMPIRE 1 9 7 3 0 2 0
> VAMPIRE 4 3 9 3 0 2 0
> VAMPIRE 3 13 13 3 1 2 0
> VAMPIRE 2 15 9 3 0 2 0
> GRENADE 4 5 6 4 2
> GRENADE 2 13 11 4 2
> GRENADE 1 9 7 5 2
> BAT1 5 8 19 8 10 9 9 10 19 10 19 12 1 16 8 19 10 7 17 8 17 10 13 12 17 12 17 14
> BAT2 13 10
< RES 1637330740 93 2
> REQ 1637330740 94 2
> VAMPIRE 1 7 7 3 0 2 0
> VAMPIRE 4 3 9 3 0 2 0
> VAMPIRE 3 13 13 3 0 2 0
> VAMPIRE 2 15 9 3 0 2 0
> GRENADE 4 5 6 3 2
> GRENADE 2 13 11 3 2
> GRENADE 1 9 9 4 2
> GRENADE 3 13 13 5 2
> BAT1 5 8 19 8 10 9 9 10 19 10 19 12 1 16 8 19 10 7 17 8 17 10 13 12 17 12 17 14
> BAT2 13 10
< RES 1637330740 94 2
> REQ 1637330740 95 2
> VAMPIRE 1 7 7 3 0 2 0
> VAMPIRE 4 3 9 3 0 2 0
> VAMPIRE 3 11 13 3 0 2 0
> VAMPIRE 2 15 9 3 0 2 0
> GRENADE 4 5 6 2 2
> GRENADE 2 13 11 2 2
> GRENADE 1 9 9 3 2
> GRENADE 3 13 11 4 2
> BAT1 5 8 19 8 10 9 9 10 19 10 19 12 1 16 8 19 10 7 17 8 17 10 13 12 17 12 17 14
> BAT2 13 10
< RES 1637330740 95 2
> REQ 1637330740 96 2
> VAMPIRE 1 7 7 3 0 2 0
> VAMPIRE 4 3 9 3 0 2 0
> VAMPIRE 3 11 13 3 0 2 0
> VAMPIRE 2 15 9 3 0 2 0
> GRENADE 4 5 6 1 2
> GRENADE 2 13 11 1 2
> GRENADE 1 9 9 2 2
> GRENADE 3 13 11 3 2
> BAT1 5 8 19 8 10 9 9 10 19 10 19 12 1 16 8 19 10 7 17 8 17 10 13 12 17 12 17 14
> BAT2 13 10
< RES 1637330740 96 2
< MOVE D D
> REQ 1637330740 97 2
> VAMPIRE 1 7 7 3 0 2 0
> VAMPIRE 4 3 11 3 1 2 0
> VAMPIRE 3 13 13 3 1 2 0
> VAMPIRE 2 17 9 3 1 2 0
> GRENADE 1 9 9 1 2
> BAT1 19 8 10 9 9 10 19 10 19 12 1 16 8 19 10 7 17 8 13 10 17 10 17 12 17 14
< RES 1637330740 97 2
< GRENADE
> REQ 1637330740 98 2
> VAMPIRE 1 8 7 3 1 2 0
> VAMPIRE 4 3 13 3 1 2 0
> VAMPIRE 3 13 12 3 1 2 0
> VAMPIRE 2 17 9 3 0 2 0
> GRENADE 2 17 9 5 2
> BAT1 19 8 19 10 19 12 1 16 8 19 10 7 17 8 13 10 17 10 17 12 17 14
< RES 1637330740 98 2
< THROW XR 2
< MOVE U U
> REQ 1637330740 99 2
> VAMPIRE 1 9 6 3 0 2 0
> VAMPIRE 4 1 13 3 1 2 0
> VAMPIRE 3 12 11 3 0 2 0
> VAMPIRE 2 15 9 3 0 2 0
> GRENADE 2 17 11 4 2
> GRENADE 1 8 7 5 2
> GRENADE 3 13 12 5 2
> BAT1 19 8 19 10 19 12 1 16 8 19 10 7 17 8 13 10 17 10 17 12 17 14
< RES 1637330740 99 2
> REQ 1637330740 100 2
> VAMPIRE 1 9 5 3 0 2 0
> VAMPIRE 4 1 14 3 1 2 0
> VAMPIRE 3 11 11 3 0 2 0
> VAMPIRE 2 15 9 3 0 2 0
> GRENADE 2 17 11 3 2
> GRENADE 1 8 7 4 2
> GRENADE 3 13 12 4 2
> BAT1 19 8 19 10 19 12 1 16 8 19 10 7 17 8 13 10 17 10 17 12 17 14
< RES 1637330740 100 2
> REQ 1637330740 101 2
> VAMPIRE 1 9 5 3 0 2 0
> VAMPIRE 4 2 15 3 0 2 0
> VAMPIRE 3 11 11 3 0 2 0
> VAMPIRE 2 15 9 3 0 2 0
> GRENADE 2 17 11 2 2
> GRENADE 1 8 7 3 2
> GRENADE 3 13 12 3 2
> GRENADE 4 1 14 5 2
> BAT1 19 8 19 10 19 12 1 16 8 19 10 7 17 8 13 10 17 10 17 12 17 14
< RES 1637330740 101 2
< MOVE D D
> REQ 1637330740 102 2
> VAMPIRE 1 9 5 3 0 2 0
> VAMPIRE 4 3 15 3 0 2 0
> VAMPIRE 3 11 11 3 0 2 0
> VAMPIRE 2 17 9 3 0 2 0
> GRENADE 2 17 11 1 2
> GRENADE 1 8 7 2 2
> GRENADE 3 13 12 2 2
> GRENADE 4 1 14 4 2
> BAT1 19 8 19 10 19 12 1 16 8 19 10 7 17 8 13 10 17 10 17 12 17 14
< RES 1637330740 102 2
< MOVE D D
> REQ 1637330740 103 2
> VAMPIRE 1 11 5 3 0 2 0
> VAMPIRE 4 3 15 3 0 2 0
> VAMPIRE 3 11 9 3 0 2 0
> VAMPIRE 2 19 9 3 1 2 0
> GRENADE 1 8 7 1 2
> GRENADE 3 13 12 1 2
> GRENADE 4 1 14 3 2
> BAT1 19 8 19 10 19 12 1 16 8 19 10 7 17 8 13 10 17 14
< RES 1637330740 103 2
< GRENADE
< MOVE U U
> REQ 1637330740 104 2
> VAMPIRE 1 13 5 3 1 2 0
> VAMPIRE 4 3 15 3 0 2 0
> VAMPIRE 3 13 9 3 1 2 0
> VAMPIRE 2 17 9 3 0 2 0
> GRENADE 4 1 14 2 2
> GRENADE 2 19 9 5 2
> BAT1 19 8 19 10 19 12 1 16 8 19 17 8 17 14
< RES 1637330740 104 2
< MOVE R R
> REQ 1637330740 105 2
> VAMPIRE 1 15 5 3 1 2 0
> VAMPIRE 4 3 17 3 0 2 0
> VAMPIRE 3 15 9 3 1 2 0
> VAMPIRE 2 17 11 3 0 2 0
> GRENADE 4 1 14 1 2
> GRENADE 2 19 9 4 2
> BAT1 19 8 19 10 19 12 1 16 8 19 17 8 17 14
< RES 1637330740 105 2
> REQ 1637330740 106 2
> VAMPIRE 1 17 5 3 1 2 0
> VAMPIRE 4 5 17 3 1 2 0
> VAMPIRE 3 17 9 3 1 2 0
> VAMPIRE 2 17 11 3 0 2 0
> GRENADE 2 19 9 3 2
> BAT1 19 8 19 10 19 12 8 19 17 8 17 14
< RES 1637330740 106 2
< MOVE U U
> REQ 1637330740 107 2
> VAMPIRE 1 17 6 3 1 2 0
> VAMPIRE 4 5 19 3 1 2 0
> VAMPIRE 3 15 9 3 0 2 0
> VAMPIRE 2 15 11 3 0 2 0
> GRENADE 2 19 9 2 2
> GRENADE 3 17 9 5 2
> BAT1 19 8 19 10 19 12 8 19 17 8 17 14
< RES 1637330740 107 2
< MOVE D
> REQ 1637330740 108 2
> VAMPIRE 1 17 5 3 1 2 0
> VAMPIRE 4 6 19 3 1 2 0
> VAMPIRE 3 15 11 3 0 2 0
> VAMPIRE 2 16 11 3 0 2 0
> GRENADE 2 19 9 1 2
> GRENADE 3 17 9 4 2
> BAT1 19 8 19 10 19 12 8 19 17 8 17 14
< RES 1637330740 108 2
< MOVE D R
> REQ 1637330740 109 2
> VAMPIRE 1 17 7 3 1 2 0
> VAMPIRE 4 7 18 3 0 2 0
> VAMPIRE 3 15 13 3 1 2 0
> VAMPIRE 2 17 12 3 1 2 0
> GRENADE 4 6 19 5 2
> BAT1 19 12 8 19 17 14
< RES 1637330740 109 2
< GRENADE
< MOVE L U
> REQ 1637330740 110 2
> VAMPIRE 1 19 7 3 1 2 0
> VAMPIRE 4 7 17 3 0 2 0
> VAMPIRE 3 17 13 3 1 2 0
> VAMPIRE 2 16 11 3 0 2 0
> GRENADE 4 6 19 4 2
> GRENADE 2 17 12 5 2
> BAT1 19 12 8 19 17 14
< RES 1637330740 110 2
< MOVE U
> REQ 1637330740 111 2
> VAMPIRE 1 19 7 3 0 2 0
> VAMPIRE 4 7 17 3 0 2 0
> VAMPIRE 3 15 13 3 0 2 0
> VAMPIRE 2 15 11 3 0 2 0
> GRENADE 4 6 19 3 2
> GRENADE 2 17 12 4 2
> GRENADE 1 19 7 5 2
> GRENADE 3 17 13 5 2
> BAT1 19 12 8 19 17 14
< RES 1637330740 111 2
< MOVE D D
> REQ 1637330740 112 2
> VAMPIRE 1 17 7 3 0 2 0
> VAMPIRE 4 7 17 3 0 2 0
> VAMPIRE 3 15 15 3 0 2 0
> VAMPIRE 2 17 11 3 0 2 0
> GRENADE 4 6 19 2 2
> GRENADE 2 17 12 3 2
> GRENADE 1 19 10 4 2
> GRENADE 3 17 13 4 2
> BAT1 19 12 8 19 17 14
< RES 1637330740 112 2
< THROW R 3
< MOVE U U
> REQ 1637330740 113 2
> VAMPIRE 1 15 7 3 0 2 0
> VAMPIRE 4 9 17 3 0 2 0
> VAMPIRE 3 15 15 3 0 2 0
> VAMPIRE 2 15 11 3 0 2 0
> GRENADE 4 6 19 1 2
> GRENADE 2 17 15 2 2
> GRENADE 1 19 10 3 2
> GRENADE 3 17 13 3 2
> BAT1 19 12 8 19 17 14
< RES 1637330740 113 2
< MOVE U U
> REQ 1637330740 114 2
> VAMPIRE 1 17 7 3 0 2 0
> VAMPIRE 4 11 17 3 1 2 0
> VAMPIRE 3 13 15 3 0 2 0
> VAMPIRE 2 13 11 3 0 2 0
> GRENADE 2 17 15 1 2
> GRENADE 1 19 10 2 2
> GRENADE 3 17 13 2 2
> BAT1 19 12 17 14
< RES 1637330740 114 2
< MOVE D D
> REQ 1637330740 115 2
> VAMPIRE 1 17 9 3 0 2 0
> VAMPIRE 4 9 17 3 1 2 0
> VAMPIRE 3 15 15 3 0 2 0
> VAMPIRE 2 15 11 3 1 2 0
> GRENADE 1 19 10 1 2
> GRENADE 3 17 13 1 2
> BAT1 19 12
< RES 1637330740 115 2
< MOVE U U
> REQ 1637330740 116 2
> VAMPIRE 1 17 9 3 1 2 0
> VAMPIRE 4 9 17 3 1 2 0
> VAMPIRE 3 15 15 3 1 2 0
> VAMPIRE 2 13 11 3 1 2 0
< RES 1637330740 116 2
> REQ 1637330740 117 2
> VAMPIRE 1 17 9 3 1 2 0
> VAMPIRE 4 9 17 3 1 2 0
> VAMPIRE 3 15 15 3 1 2 0
> VAMPIRE 2 13 11 3 1 2 0
< RES 1637330740 117 2
> REQ 1637330740 118 2
> VAMPIRE 1 17 9 3 1 2 0
> VAMPIRE 4 9 17 3 1 2 0
> VAMPIRE 3 15 15 3 1 2 0
> VAMPIRE 2 13 11 3 1 2 0
< RES 1637330740 118 2
> REQ 1637330740 119 2
> VAMPIRE 1 17 9 3 1 2 0
> VAMPIRE 4 9 17 3 1 2 0
> VAMPIRE 3 15 15 3 1 2 0
> VAMPIRE 2 13 11 3 1 2 0
< RES 1637330740 119 2
> REQ 1637330740 120 2
> VAMPIRE 1 17 9 3 1 2 0
> VAMPIRE 4 9 17 3 1 2 0
> VAMPIRE 3 15 15 3 1 2 0
> VAMPIRE 2 13 11 3 1 2 0
< RES 1637330740 120 2
> REQ 1637330740 121 2
> VAMPIRE 1 17 9 3 1 2 0
> VAMPIRE 4 9 17 3 1 2 0
> VAMPIRE 3 15 15 3 1 2 0
> VAMPIRE 2 13 11 3 1 2 0
< RES 1637330740 121 2
> REQ 1637330740 122 2
> VAMPIRE 1 17 9 3 1 2 0
> VAMPIRE 4 9 17 3 1 2 0
> VAMPIRE 3 15 15 3 1 2 0
> VAMPIRE 2 13 11 3 1 2 0
< RES 1637330740 122 2
> REQ 1637330740 123 2
> VAMPIRE 1 17 9 3 1 2 0
> VAMPIRE 4 9 17 3 1 2 0
> VAMPIRE 3 15 15 3 1 2 0
> VAMPIRE 2 13 11 3 1 2 0
< RES 1637330740 123 2
> REQ 1637330740 124 2
> VAMPIRE 1 17 9 3 1 2 0
> VAMPIRE 4 9 17 3 1 2 0
> VAMPIRE 3 15 15 3 1 2 0
> VAMPIRE 2 13 11 3 1 2 0
< RES 1637330740 124 2
> REQ 1637330740 125 2
> VAMPIRE 1 17 9 3 1 2 0
> VAMPIRE 4 9 17 3 1 2 0
> VAMPIRE 3 15 15 3 1 2 0
> VAMPIRE 2 13 11 3 1 2 0
< RES 1637330740 125 2
> REQ 1637330740 126 2
> VAMPIRE 1 17 9 3 1 2 0
> VAMPIRE 4 9 17 3 1 2 0
> VAMPIRE 3 15 15 3 1 2 0
> VAMPIRE 2 13 11 3 1 2 0
< RES 1637330740 126 2
> REQ 1637330740 127 2
> VAMPIRE 1 17 9 3 1 2 0
> VAMPIRE 4 9 17 3 1 2 0
> VAMPIRE 3 15 15 3 1 2 0
> VAMPIRE 2 13 11 3 1 2 0
< RES 1637330740 127 2
> REQ 1637330740 128 2
> VAMPIRE 1 17 9 3 1 2 0
> VAMPIRE 4 9 17 3 1 2 0
> VAMPIRE 3 15 15 3 1 2 0
> VAMPIRE 2 13 11 3 1 2 0
< RES 1637330740 128 2
> REQ 1637330740 129 2
> VAMPIRE 1 17 9 3 1 2 0
> VAMPIRE 4 9 17 3 1 2 0
> VAMPIRE 3 15 15 3 1 2 0
> VAMPIRE 2 13 11 3 1 2 0
< RES 1637330740 129 2
> REQ 1637330740 130 2
> VAMPIRE 1 17 9 3 1 2 0
> VAMPIRE 4 9 17 3 1 2 0
> VAMPIRE 3 15 15 3 1 2 0
> VAMPIRE 2 13 11 3 1 2 0
< RES 1637330740 130 2
> REQ 1637330740 131 2
> VAMPIRE 1 17 9 3 1 2 0
> VAMPIRE 4 9 17 3 1 2 0
> VAMPIRE 3 15 15 3 1 2 0
> VAMPIRE 2 13 11 3 1 2 0
< RES 1637330740 131 2
> REQ 1637330740 132 2
> VAMPIRE 1 17 9 3 1 2 0
> VAMPIRE 4 9 17 3 1 2 0
> VAMPIRE 3 15 15 3 1 2 0
> VAMPIRE 2 13 11 3 1 2 0
< RES 1637330740 132 2
> REQ 1637330740 133 2
> VAMPIRE 1 17 9 3 1 2 0
> VAMPIRE 4 9 17 3 1 2 0
> VAMPIRE 3 15 15 3 1 2 0
> VAMPIRE 2 13 11 3 1 2 0
< RES 1637330740 133 2
> REQ 1637330740 134 2
> VAMPIRE 1 17 9 3 1 2 0
> VAMPIRE 4 9 17 3 1 2 0
> VAMPIRE 3 15 15 3 1 2 0
> VAMPIRE 2 13 11 3 1 2 0
< RES 1637330740 134 2
> REQ 1637330740 135 2
> VAMPIRE 1 17 9 3 1 2 0
> VAMPIRE 4 9 17 3 1 2 0
> VAMPIRE 3 15 15 3 1 2 0
> VAMPIRE 2 13 11 3 1 2 0
< RES 1637330740 135 2
> REQ 1637330740 136 2
> VAMPIRE 1 17 9 3 1 2 0
> VAMPIRE 4 9 17 3 1 2 0
> VAMPIRE 3 15 15 3 1 2 0
> VAMPIRE 2 13 11 3 1 2 0
< RES 1637330740 136 2
> REQ 1637330740 137 2
> VAMPIRE 1 17 9 3 1 2 0
> VAMPIRE 4 9 17 3 1 2 0
> VAMPIRE 3 15 15 3 1 2 0
> VAMPIRE 2 13 11 3 1 2 0
< RES 1637330740 137 2
> REQ 1637330740 138 2
> VAMPIRE 1 17 9 3 1 2 0
> VAMPIRE 4 9 17 3 1 2 0
> VAMPIRE 3 15 15 3 1 2 0
> VAMPIRE 2 13 11 3 1 2 0
< RES 1637330740 138 2
> REQ 1637330740 139 2
> VAMPIRE 1 17 9 3 1 2 0
> VAMPIRE 4 9 17 3 1 2 0
> VAMPIRE 3 15 15 3 1 2 0
> VAMPIRE 2 13 11 3 1 2 0
< RES 1637330740 139 2
> REQ 1637330740 140 2
> VAMPIRE 1 17 9 3 1 2 0
> VAMPIRE 4 9 17 3 1 2 0
> VAMPIRE 3 15 15 3 1 2 0
> VAMPIRE 2 13 11 3 1 2 0
< RES 1637330740 140 2
> REQ 1637330740 141 2
> VAMPIRE 1 17 9 3 1 2 0
> VAMPIRE 4 9 17 3 1 2 0
> VAMPIRE 3 15 15 3 1 2 0
> VAMPIRE 2 13 11 3 1 2 0
< RES 1637330740 141 2
> REQ 1637330740 142 2
> VAMPIRE 1 17 9 3 1 2 0
> VAMPIRE 4 9 17 3 1 2 0
> VAMPIRE 3 15 15 3 1 2 0
> VAMPIRE 2 13 11 3 1 2 0
< RES 1637330740 142 2
> REQ 1637330740 143 2
> VAMPIRE 1 17 9 3 1 2 0
> VAMPIRE 4 9 17 3 1 2 0
> VAMPIRE 3 15 15 3 1 2 0
> VAMPIRE 2 13 11 3 1 2 0
< RES 1637330740 143 2
> REQ 1637330740 144 2
> VAMPIRE 1 17 9 3 1 2 0
> VAMPIRE 4 9 17 3 1 2 0
> VAMPIRE 3 15 15 3 1 2 0
> VAMPIRE 2 13 11 3 1 2 0
< RES 1637330740 144 2
> REQ 1637330740 145 2
> VAMPIRE 1 17 9 3 1 2 0
> VAMPIRE 4 9 17 3 1 2 0
> VAMPIRE 3 15 15 3 1 2 0
> VAMPIRE 2 13 11 3 1 2 0
< RES 1637330740 145 2
> REQ 1637330740 146 2
> VAMPIRE 1 17 9 3 1 2 0
> VAMPIRE 4 9 17 3 1 2 0
> VAMPIRE 3 15 15 3 1 2 0
> VAMPIRE 2 13 11 3 1 2 0
< RES 1637330740 146 2
> REQ 1637330740 147 2
> VAMPIRE 1 17 9 3 1 2 0
> VAMPIRE 4 9 17 3 1 2 0
> VAMPIRE 3 15 15 3 1 2 0
> VAMPIRE 2 13 11 3 1 2 0
< RES 1637330740 147 2
> REQ 1637330740 148 2
> VAMPIRE 1 17 9 3 1 2 0
> VAMPIRE 4 9 17 3 1 2 0
> VAMPIRE 3 15 15 3 1 2 0
> VAMPIRE 2 13 11 3 1 2 0
> POWERUP TOMATO -8 7 2 5
> POWERUP TOMATO -8 13 18 5
< RES 1637330740 148 2
< MOVE R R
> REQ 1637330740 149 2
> VAMPIRE 1 15 9 3 1 2 0
> VAMPIRE 4 11 17 3 1 2 0
> VAMPIRE 3 13 15 3 1 2 0
> VAMPIRE 2 13 13 3 1 2 0
> POWERUP TOMATO -7 7 2 5
> POWERUP TOMATO -7 13 18 5
< RES 1637330740 149 2
< MOVE R R
> REQ 1637330740 150 2
> VAMPIRE 1 13 9 3 1 2 0
> VAMPIRE 4 13 17 3 1 2 0
> VAMPIRE 3 13 17 3 1 2 0
> VAMPIRE 2 13 15 3 1 2 0
> POWERUP TOMATO -6 7 2 5
> POWERUP TOMATO -6 13 18 5
< RES 1637330740 150 2
< GRENADE
> REQ 1637330740 151 2
> VAMPIRE 1 13 11 3 1 2 0
> VAMPIRE 4 13 18 3 1 2 0
> VAMPIRE 3 13 18 3 1 2 0
> VAMPIRE 2 13 15 3 0 2 0
> GRENADE 2 13 15 5 2
> POWERUP TOMATO -5 7 2 5
> POWERUP TOMATO -5 13 18 5
< RES 1637330740 151 2
< THROW XR 3
< MOVE R R
> REQ 1637330740 152 2
> VAMPIRE 1 11 11 3 1 2 0
> VAMPIRE 4 13 18 3 1 2 0
> VAMPIRE 3 13 18 3 1 2 0
> VAMPIRE 2 13 17 3 0 2 0
> GRENADE 2 13 18 4 2
> POWERUP TOMATO -4 7 2 5
> POWERUP TOMATO -4 13 18 5
< RES 1637330740 152 2
< THROW R 1
> REQ 1637330740 153 2
> VAMPIRE 1 11 13 3 1 2 0
> VAMPIRE 4 13 18 3 1 2 0
> VAMPIRE 3 13 18 3 1 2 0
> VAMPIRE 2 13 17 3 0 2 0
> GRENADE 2 13 19 3 2
> POWERUP TOMATO -3 7 2 5
> POWERUP TOMATO -3 13 18 5
< RES 1637330740 153 2
> REQ 1637330740 154 2
> VAMPIRE 1 11 15 3 1 2 0
> VAMPIRE 4 13 17 3 1 2 0
> VAMPIRE 3 13 17 3 1 2 0
> VAMPIRE 2 13 17 3 0 2 0
> GRENADE 2 13 19 2 2
> POWERUP TOMATO -2 7 2 5
> POWERUP TOMATO -2 13 18 5
< RES 1637330740 154 2
< MOVE U
> REQ 1637330740 155 2
> VAMPIRE 1 13 15 3 1 2 0
> VAMPIRE 4 14 17 3 1 2 0
> VAMPIRE 3 14 17 3 1 2 0
> VAMPIRE 2 12 17 3 0 2 0
> GRENADE 2 13 19 1 2
> POWERUP TOMATO -1 7 2 5
> POWERUP TOMATO -1 13 18 5
< RES 1637330740 155 2
< MOVE D R
> REQ 1637330740 156 2
> VAMPIRE 1 13 17 3 1 2 0
> VAMPIRE 4 13 18 3 1 2 0
> VAMPIRE 3 13 18 3 1 2 0
> VAMPIRE 2 13 18 3 1 2 0
> POWERUP TOMATO 20 7 2 5
> POWERUP TOMATO 20 13 18 5
< RES 1637330740 156 2
< GRENADE
> REQ 1637330740 157 2
> VAMPIRE 1 13 17 3 0 2 0
> VAMPIRE 4 13 18 3 1 2 0
> VAMPIRE 3 13 18 3 1 2 0
> VAMPIRE 2 13 18 3 0 2 0
> GRENADE 1 13 17 5 2
> GRENADE 2 13 18 5 2
> POWERUP TOMATO 19 7 2 5
> POWERUP TOMATO 19 13 18 5
< RES 1637330740 157 2
> REQ 1637330740 158 2
> VAMPIRE 1 11 17 3 0 2 0
> VAMPIRE 4 13 18 3 0 2 0
> VAMPIRE 3 13 18 3 0 2 0
> VAMPIRE 2 13 18 3 0 2 0
> GRENADE 1 13 19 4 2
> GRENADE 2 13 18 4 2
> GRENADE 4 13 18 5 2
> GRENADE 3 13 18 5 2
> POWERUP TOMATO 18 7 2 5
> POWERUP TOMATO 18 13 18 5
< RES 1637330740 158 2
> REQ 1637330740 159 2
> VAMPIRE 1 9 17 3 0 2 0
> VAMPIRE 4 13 18 3 0 2 0
> VAMPIRE 3 13 18 3 0 2 0
> VAMPIRE 2 13 18 3 0 2 0
> GRENADE 1 13 19 3 2
> GRENADE 2 13 18 3 2
> GRENADE 4 13 18 4 2
> GRENADE 3 13 18 4 2
> POWERUP TOMATO 17 7 2 5
> POWERUP TOMATO 17 13 18 5
< RES 1637330740 159 2
> REQ 1637330740 160 2
> VAMPIRE 1 11 17 3 0 2 0
> VAMPIRE 4 13 18 3 0 2 0
> VAMPIRE 3 13 18 3 0 2 0
> VAMPIRE 2 13 18 3 0 2 0
> GRENADE 1 13 19 2 2
> GRENADE 2 13 18 2 2
> GRENADE 4 13 18 3 2
> GRENADE 3 13 18 3 2
> POWERUP TOMATO 16 7 2 5
> POWERUP TOMATO 16 13 18 5
< RES 1637330740 160 2
< GRENADE
> REQ 1637330740 161 2
> VAMPIRE 1 9 17 3 0 2 0
> VAMPIRE 4 13 18 3 0 2 0
> VAMPIRE 3 13 18 3 0 2 0
> VAMPIRE 2 13 18 3 0 2 0
> GRENADE 1 13 19 1 2
> GRENADE 2 13 18 1 2
> GRENADE 4 13 18 2 2
> GRENADE 3 13 18 2 2
> POWERUP TOMATO 15 7 2 5
< RES 1637330740 161 2
< THROW XU 2
> REQ 1637330740 162 2
> VAMPIRE 1 7 17 3 1 2 0
> VAMPIRE 4 13 18 2 1 2 0
> VAMPIRE 3 13 18 2 1 2 0
> VAMPIRE 2 13 18 2 1 2 0
> POWERUP TOMATO 14 7 2 5
< RES 1637330740 162 2
< GRENADE
< MOVE L U
> REQ 1637330740 163 2
> VAMPIRE 1 7 15 3 1 2 0
> VAMPIRE 4 12 17 2 1 2 0
> VAMPIRE 3 12 17 2 1 2 0
> VAMPIRE 2 12 17 2 1 2 0
> POWERUP TOMATO 13 7 2 5
< RES 1637330740 163 2
< GRENADE
< MOVE U L
> REQ 1637330740 164 2
> VAMPIRE 1 7 13 3 1 2 0
> VAMPIRE 4 10 17 2 1 2 0
> VAMPIRE 3 10 17 2 1 2 0
> VAMPIRE 2 11 16 2 1 2 0
> POWERUP TOMATO 12 7 2 5
< RES 1637330740 164 2
< MOVE L U
> REQ 1637330740 165 2
> VAMPIRE 1 7 11 3 1 2 0
> VAMPIRE 4 8 17 2 1 2 0
> VAMPIRE 3 8 17 2 1 2 0
> VAMPIRE 2 10 15 2 1 2 0
> POWERUP TOMATO 11 7 2 5
< RES 1637330740 165 2
< MOVE U U
> REQ 1637330740 166 2
> VAMPIRE 1 7 9 3 1 2 0
> VAMPIRE 4 7 16 2 1 2 0
> VAMPIRE 3 7 16 2 1 2 0
> VAMPIRE 2 8 15 2 1 2 0
> POWERUP TOMATO 10 7 2 5
< RES 1637330740 166 2
< MOVE U L
> REQ 1637330740 167 2
> VAMPIRE 1 7 7 3 1 2 0
> VAMPIRE 4 7 14 2 1 2 0
> VAMPIRE 3 7 14 2 1 2 0
> VAMPIRE 2 7 14 2 1 2 0
> POWERUP TOMATO 9 7 2 5
< RES 1637330740 167 2
< GRENADE
< MOVE L L
> REQ 1637330740 168 2
> VAMPIRE 1 7 5 3 1 2 0
> VAMPIRE 4 7 12 2 1 2 0
> VAMPIRE 3 7 12 2 1 2 0
> VAMPIRE 2 7 12 2 0 2 0
> GRENADE 2 7 14 5 2
> POWERUP TOMATO 8 7 2 5
< RES 1637330740 168 2
< MOVE L L
> REQ 1637330740 169 2
> VAMPIRE 1 7 3 3 1 2 0
> VAMPIRE 4 7 10 2 1 2 0
> VAMPIRE 3 7 10 2 1 2 0
> VAMPIRE 2 7 10 2 0 2 0
> GRENADE 2 7 14 4 2
> POWERUP TOMATO 7 7 2 5
< RES 1637330740 169 2
< MOVE L L
> REQ 1637330740 170 2
> VAMPIRE 1 7 2 3 1 2 0
> VAMPIRE 4 7 8 2 1 2 0
> VAMPIRE 3 7 8 2 1 2 0
> VAMPIRE 2 7 8 2 0 2 0
> GRENADE 2 7 14 3 2
> POWERUP TOMATO 6 7 2 5
< RES 1637330740 170 2
< MOVE L L
> REQ 1637330740 171 2
> VAMPIRE 1 7 2 3 1 2 0
> VAMPIRE 4 7 6 2 1 2 0
> VAMPIRE 3 7 6 2 1 2 0
> VAMPIRE 2 7 6 2 0 2 0
> GRENADE 2 7 14 2 2
> POWERUP TOMATO 5 7 2 5
< RES 1637330740 171 2
< MOVE L L
> REQ 1637330740 172 2
> VAMPIRE 1 7 2 3 1 2 0
> VAMPIRE 4 7 4 2 1 2 0
> VAMPIRE 3 7 4 2 1 2 0
> VAMPIRE 2 7 4 2 0 2 0
> GRENADE 2 7 14 1 2
> POWERUP TOMATO 4 7 2 5
< RES 1637330740 172 2
< MOVE L L
> REQ 1637330740 173 2
> VAMPIRE 1 7 2 3 0 2 0
> VAMPIRE 4 7 3 2 1 2 0
> VAMPIRE 3 7 3 2 1 2 0
> VAMPIRE 2 7 3 2 1 2 0
> GRENADE 1 7 2 5 2
> POWERUP TOMATO 3 7 2 5
< RES 1637330740 173 2
< GRENADE
< MOVE D D
> REQ 1637330740 174 2
> VAMPIRE 1 7 1 3 0 2 0
> VAMPIRE 4 9 3 2 1 2 0
> VAMPIRE 3 9 3 2 1 2 0
> VAMPIRE 2 9 3 2 0 2 0
> GRENADE 1 7 5 4 2
> GRENADE 2 7 3 5 2
> POWERUP TOMATO 2 7 2 5
< RES 1637330740 174 2
< MOVE L L
> REQ 1637330740 175 2
> VAMPIRE 1 7 2 3 0 2 0
> VAMPIRE 4 9 2 2 1 2 0
> VAMPIRE 3 9 2 2 1 2 0
> VAMPIRE 2 9 1 2 0 2 0
> GRENADE 1 7 5 3 2
> GRENADE 2 7 3 4 2
> POWERUP TOMATO 1 7 2 5
< RES 1637330740 175 2
< MOVE D D
> REQ 1637330740 176 2
> VAMPIRE 1 7 2 3 0 2 0
> VAMPIRE 4 10 3 2 1 2 0
> VAMPIRE 3 10 3 2 1 2 0
> VAMPIRE 2 11 1 2 0 2 0
> GRENADE 1 7 5 2 2
> GRENADE 2 7 3 3 2
> POWERUP TOMATO 1 7 2 5
< RES 1637330740 176 2
< MOVE R R
> REQ 1637330740 177 2
> VAMPIRE 1 6 1 3 0 2 0
> VAMPIRE 4 10 3 2 1 2 0
> VAMPIRE 3 10 3 2 1 2 0
> VAMPIRE 2 11 3 2 0 2 0
> GRENADE 1 7 5 1 2
> GRENADE 2 7 3 2 2
> POWERUP TOMATO 1 7 2 5
< RES 1637330740 177 2
> REQ 1637330740 178 2
> VAMPIRE 1 5 1 3 1 2 0
> VAMPIRE 4 10 3 2 1 2 0
> VAMPIRE 3 10 3 2 1 2 0
> VAMPIRE 2 11 3 2 1 2 0
< RES 1637330740 178 2
< GRENADE
< MOVE R R
> REQ 1637330740 179 2
> VAMPIRE 1 7 1 3 1 2 0
> VAMPIRE 4 8 3 2 1 2 0
> VAMPIRE 3 8 3 2 1 2 0
> VAMPIRE 2 11 5 2 0 2 0
> GRENADE 2 11 3 5 2
< RES 1637330740 179 2
< MOVE R R
> REQ 1637330740 180 2
> VAMPIRE 1 9 1 3 1 2 0
> VAMPIRE 4 9 4 2 1 2 0
> VAMPIRE 3 9 4 2 1 2 0
> VAMPIRE 2 11 7 2 0 2 0
> GRENADE 2 11 3 4 2
< RES 1637330740 180 2
< MOVE R R
> REQ 1637330740 181 2
> VAMPIRE 1 7 1 3 1 2 0
> VAMPIRE 4 8 5 2 1 2 0
> VAMPIRE 3 8 5 2 1 2 0
> VAMPIRE 2 11 9 2 0 2 0
> GRENADE 2 11 3 3 2
> POWERUP GRENADE -8 15 2 7
> POWERUP GRENADE -8 5 18 7
< RES 1637330740 181 2
< MOVE D D
> REQ 1637330740 182 2
> VAMPIRE 1 9 1 3 1 2 0
> VAMPIRE 4 10 5 2 1 2 0
> VAMPIRE 3 10 5 2 1 2 0
> VAMPIRE 2 13 9 2 0 2 0
> GRENADE 2 11 3 2 2
> POWERUP GRENADE -7 15 2 7
> POWERUP GRENADE -7 5 18 7
< RES 1637330740 182 2
< MOVE D D
> REQ 1637330740 183 2
> VAMPIRE 1 10 1 3 1 2 0
> VAMPIRE 4 9 4 2 1 2 0
> VAMPIRE 3 9 4 2 1 2 0
> VAMPIRE 2 15 9 2 0 2 0
> GRENADE 2 11 3 1 2
> POWERUP GRENADE -6 15 2 7
> POWERUP GRENADE -6 5 18 7
< RES 1637330740 183 2
< MOVE L L
> REQ 1637330740 184 2
> VAMPIRE 1 12 1 3 1 2 0
> VAMPIRE 4 10 3 2 1 2 0
> VAMPIRE 3 10 3 2 1 2 0
> VAMPIRE 2 15 7 2 1 2 0
> POWERUP GRENADE -5 15 2 7
> POWERUP GRENADE -5 5 18 7
< RES 1637330740 184 2
< MOVE L L
> REQ 1637330740 185 2
> VAMPIRE 1 14 1 3 1 2 0
> VAMPIRE 4 12 3 2 1 2 0
> VAMPIRE 3 12 3 2 1 2 0
> VAMPIRE 2 15 5 2 1 2 0
> POWERUP GRENADE -4 15 2 7
> POWERUP GRENADE -4 5 18 7
< RES 1637330740 185 2
< MOVE L L
> REQ 1637330740 186 2
> VAMPIRE 1 15 2 3 1 2 0
> VAMPIRE 4 14 3 2 1 2 0
> VAMPIRE 3 14 3 2 1 2 0
> VAMPIRE 2 15 3 2 1 2 0
> POWERUP GRENADE -3 15 2 7
> POWERUP GRENADE -3 5 18 7
< RES 1637330740 186 2
< GRENADE
> REQ 1637330740 187 2
> VAMPIRE 1 15 2 3 1 2 0
> VAMPIRE 4 14 3 2 1 2 0
> VAMPIRE 3 14 3 2 1 2 0
> VAMPIRE 2 15 3 2 0 2 0
> GRENADE 2 15 3 5 2
> POWERUP GRENADE -2 15 2 7
> POWERUP GRENADE -2 5 18 7
< RES 1637330740 187 2
< MOVE L
> REQ 1637330740 188 2
> VAMPIRE 1 15 2 3 1 2 0
> VAMPIRE 4 13 2 2 1 2 0
> VAMPIRE 3 13 2 2 1 2 0
> VAMPIRE 2 15 2 2 0 2 0
> GRENADE 2 15 3 4 2
> POWERUP GRENADE -1 15 2 7
> POWERUP GRENADE -1 5 18 7
< RES 1637330740 188 2
< MOVE L
> REQ 1637330740 189 2
> VAMPIRE 1 15 2 3 1 2 0
> VAMPIRE 4 12 3 2 1 2 0
> VAMPIRE 3 12 3 2 1 2 0
> VAMPIRE 2 15 1 2 0 2 0
> GRENADE 2 15 3 3 2
> POWERUP GRENADE 18 15 2 7
> POWERUP GRENADE 18 5 18 7
< RES 1637330740 189 2
> REQ 1637330740 190 2
> VAMPIRE 1 15 2 3 0 2 0
> VAMPIRE 4 10 3 2 1 2 0
> VAMPIRE 3 10 3 2 1 2 0
> VAMPIRE 2 15 1 2 0 2 0
> GRENADE 2 15 3 2 2
> GRENADE 1 15 2 5 2
> POWERUP GRENADE 17 15 2 7
> POWERUP GRENADE 17 5 18 7
< RES 1637330740 190 2
< GRENADE
> REQ 1637330740 191 2
> VAMPIRE 1 14 1 3 0 2 0
> VAMPIRE 4 8 3 2 1 2 0
> VAMPIRE 3 8 3 2 1 2 0
> VAMPIRE 2 15 1 2 0 2 0
> GRENADE 2 15 3 1 2
> GRENADE 1 15 2 4 2
> POWERUP GRENADE 16 15 2 7
> POWERUP GRENADE 16 5 18 7
< RES 1637330740 191 2
< MOVE U
> REQ 1637330740 192 2
> VAMPIRE 1 13 2 3 1 2 0
> VAMPIRE 4 6 3 2 1 2 0
> VAMPIRE 3 6 3 2 1 2 0
> VAMPIRE 2 14 1 1 1 2 0
> POWERUP GRENADE 15 15 2 7
> POWERUP GRENADE 15 5 18 7
< RES 1637330740 192 2
< MOVE D R
> REQ 1637330740 193 2
> VAMPIRE 1 14 3 3 1 2 0
> VAMPIRE 4 5 4 2 1 2 0
> VAMPIRE 3 5 4 2 1 2 0
> VAMPIRE 2 15 2 1 1 2 0
> POWERUP GRENADE 14 15 2 7
> POWERUP GRENADE 14 5 18 7
< RES 1637330740 193 2
> REQ 1637330740 194 2
> VAMPIRE 1 15 2 3 1 2 0
> VAMPIRE 4 5 6 2 1 2 0
> VAMPIRE 3 5 6 2 1 2 0
> VAMPIRE 2 15 2 1 1 2 0
> POWERUP GRENADE 13 15 2 7
> POWERUP GRENADE 13 5 18 7
< RES 1637330740 194 2
> REQ 1637330740 195 2
> VAMPIRE 1 15 2 3 1 2 0
> VAMPIRE 4 5 8 2 1 2 0
> VAMPIRE 3 5 8 2 1 2 0
> VAMPIRE 2 15 2 1 1 2 0
> POWERUP GRENADE 12 15 2 7
> POWERUP GRENADE 12 5 18 7
< RES 1637330740 195 2
> REQ 1637330740 196 2
> VAMPIRE 1 15 2 3 1 2 0
> VAMPIRE 4 5 10 2 1 2 0
> VAMPIRE 3 5 10 2 1 2 0
> VAMPIRE 2 15 2 1 1 2 0
> POWERUP GRENADE 11 15 2 7
> POWERUP GRENADE 11 5 18 7
< RES 1637330740 196 2
> REQ 1637330740 197 2
> VAMPIRE 1 15 2 3 1 2 0
> VAMPIRE 4 5 12 2 1 2 0
> VAMPIRE 3 5 12 2 1 2 0
> VAMPIRE 2 15 2 1 1 2 0
> POWERUP GRENADE 10 15 2 7
> POWERUP GRENADE 10 5 18 7
< RES 1637330740 197 2
> REQ 1637330740 198 2
> VAMPIRE 1 15 2 3 1 2 0
> VAMPIRE 4 5 14 2 1 2 0
> VAMPIRE 3 5 14 2 1 2 0
> VAMPIRE 2 15 2 1 1 2 0
> POWERUP GRENADE 9 15 2 7
> POWERUP GRENADE 9 5 18 7
< RES 1637330740 198 2
> REQ 1637330740 199 2
> VAMPIRE 1 15 2 3 1 2 0
> VAMPIRE 4 5 16 2 1 2 0
> VAMPIRE 3 5 16 2 1 2 0
> VAMPIRE 2 15 2 1 1 2 0
> POWERUP GRENADE 8 15 2 7
> POWERUP GRENADE 8 5 18 7
< RES 1637330740 199 2
> REQ 1637330740 200 2
> VAMPIRE 1 15 2 3 1 2 0
> VAMPIRE 4 5 18 2 1 2 0
> VAMPIRE 3 5 18 2 1 2 0
> VAMPIRE 2 15 2 1 2 2 0
> POWERUP GRENADE 7 5 18 7
< RES 1637330740 200 2
< MOVE R
> REQ 1637330740 201 2
> VAMPIRE 1 15 3 3 1 2 0
> VAMPIRE 4 5 18 2 1 2 0
> VAMPIRE 3 5 18 2 1 2 0
> VAMPIRE 2 15 3 1 2 2 0
> POWERUP GRENADE 6 5 18 7
< RES 1637330740 201 2
< MOVE U U
> REQ 1637330740 202 2
> VAMPIRE 1 13 3 3 1 2 0
> VAMPIRE 4 5 18 2 1 2 0
> VAMPIRE 3 5 18 2 1 2 0
> VAMPIRE 2 13 3 1 2 2 0
> POWERUP GRENADE 5 5 18 7
< RES 1637330740 202 2
< MOVE U U
> REQ 1637330740 203 2
> VAMPIRE 1 11 3 3 1 2 0
> VAMPIRE 4 5 18 2 1 2 0
> VAMPIRE 3 5 18 2 1 2 0
> VAMPIRE 2 11 3 1 2 2 0
> POWERUP GRENADE 4 5 18 7
< RES 1637330740 203 2
< MOVE R R
> REQ 1637330740 204 2
> VAMPIRE 1 11 5 3 1 2 0
> VAMPIRE 4 5 18 2 1 2 0
> VAMPIRE 3 5 18 2 1 2 0
> VAMPIRE 2 11 5 1 2 2 0
> POWERUP GRENADE 3 5 18 7
< RES 1637330740 204 2
< MOVE R R
> REQ 1637330740 205 2
> VAMPIRE 1 11 7 3 1 2 0
> VAMPIRE 4 5 18 2 1 2 0
> VAMPIRE 3 5 18 2 1 2 0
> VAMPIRE 2 11 7 1 2 2 0
> POWERUP GRENADE 2 5 18 7
< RES 1637330740 205 2
< MOVE R R
> REQ 1637330740 206 2
> VAMPIRE 1 11 9 3 1 2 0
> VAMPIRE 4 5 18 2 1 2 0
> VAMPIRE 3 5 18 2 1 2 0
> VAMPIRE 2 11 9 1 2 2 0
> POWERUP GRENADE 1 5 18 7
< RES 1637330740 206 2
> REQ 1637330740 207 2
> VAMPIRE 1 11 9 3 1 2 0
> VAMPIRE 4 5 18 2 1 2 0
> VAMPIRE 3 5 18 2 1 2 0
> VAMPIRE 2 11 9 1 2 2 0
> POWERUP GRENADE 1 5 18 7
< RES 1637330740 207 2
> REQ 1637330740 208 2
> VAMPIRE 1 11 9 3 1 2 0
> VAMPIRE 4 5 18 2 1 2 0
> VAMPIRE 3 5 18 2 1 2 0
> VAMPIRE 2 11 9 1 2 2 0
> POWERUP GRENADE 1 5 18 7
< RES 1637330740 208 2
> REQ 1637330740 209 2
> VAMPIRE 1 11 9 3 1 2 0
> VAMPIRE 4 5 18 2 1 2 0
> VAMPIRE 3 5 18 2 1 2 0
> VAMPIRE 2 11 9 1 2 2 0
> POWERUP GRENADE 1 5 18 7
< RES 1637330740 209 2
> REQ 1637330740 210 2
> VAMPIRE 1 11 9 3 1 2 0
> VAMPIRE 4 5 18 2 1 2 0
> VAMPIRE 3 5 18 2 1 2 0
> VAMPIRE 2 11 9 1 2 2 0
> POWERUP GRENADE 1 5 18 7
< RES 1637330740 210 2
> REQ 1637330740 211 2
> VAMPIRE 1 11 9 3 1 2 0
> VAMPIRE 4 5 18 2 1 2 0
> VAMPIRE 3 5 18 2 1 2 0
> VAMPIRE 2 11 9 1 2 2 0
> POWERUP GRENADE 1 5 18 7
< RES 1637330740 211 2
> REQ 1637330740 212 2
> VAMPIRE 1 11 9 3 1 2 0
> VAMPIRE 4 5 18 2 1 2 0
> VAMPIRE 3 5 18 2 1 2 0
> VAMPIRE 2 11 9 1 2 2 0
> POWERUP GRENADE 1 5 18 7
< RES 1637330740 212 2
> REQ 1637330740 213 2
> VAMPIRE 1 11 9 3 1 2 0
> VAMPIRE 4 5 18 2 1 2 0
> VAMPIRE 3 5 18 2 1 2 0
> VAMPIRE 2 11 9 1 2 2 0
> POWERUP GRENADE 1 5 18 7
< RES 1637330740 213 2
> REQ 1637330740 214 2
> VAMPIRE 1 11 9 3 1 2 0
> VAMPIRE 4 5 18 2 1 2 0
> VAMPIRE 3 5 18 2 1 2 0
> VAMPIRE 2 11 9 1 2 2 0
> POWERUP GRENADE 1 5 18 7
< RES 1637330740 214 2
> REQ 1637330740 215 2
> VAMPIRE 1 11 9 3 1 2 0
> VAMPIRE 4 5 18 2 1 2 0
> VAMPIRE 3 5 18 2 1 2 0
> VAMPIRE 2 11 9 1 2 2 0
> POWERUP GRENADE 1 5 18 7
< RES 1637330740 215 2
> REQ 1637330740 216 2
> VAMPIRE 1 11 9 3 1 2 0
> VAMPIRE 4 5 18 2 1 2 0
> VAMPIRE 3 5 18 2 1 2 0
> VAMPIRE 2 11 9 1 2 2 0
> POWERUP GRENADE 1 5 18 7
< RES 1637330740 216 2
> REQ 1637330740 217 2
> VAMPIRE 1 11 9 3 1 2 0
> VAMPIRE 4 5 18 2 1 2 0
> VAMPIRE 3 5 18 2 1 2 0
> VAMPIRE 2 11 9 1 2 2 0
> POWERUP GRENADE 1 5 18 7
< RES 1637330740 217 2
> REQ 1637330740 218 2
> VAMPIRE 1 11 9 3 1 2 0
> VAMPIRE 4 5 18 2 1 2 0
> VAMPIRE 3 5 18 2 1 2 0
> VAMPIRE 2 11 9 1 2 2 0
> POWERUP GRENADE 1 5 18 7
< RES 1637330740 218 2
> REQ 1637330740 219 2
> VAMPIRE 1 11 9 3 1 2 0
> VAMPIRE 4 5 18 2 1 2 0
> VAMPIRE 3 5 18 2 1 2 0
> VAMPIRE 2 11 9 1 2 2 0
> POWERUP SHOE -7 2 5 5
> POWERUP SHOE -7 18 15 5
< RES 1637330740 219 2
< MOVE U U
> REQ 1637330740 220 2
> VAMPIRE 1 9 9 3 1 2 0
> VAMPIRE 4 4 17 2 1 2 0
> VAMPIRE 3 4 17 2 1 2 0
> VAMPIRE 2 9 9 1 2 2 0
> POWERUP SHOE -6 2 5 5
> POWERUP SHOE -6 18 15 5
< RES 1637330740 220 2
< MOVE U U
> REQ 1637330740 221 2
> VAMPIRE 1 7 9 3 1 2 0
> VAMPIRE 4 6 17 2 1 2 0
> VAMPIRE 3 6 17 2 1 2 0
> VAMPIRE 2 7 9 1 2 2 0
> POWERUP SHOE -5 2 5 5
> POWERUP SHOE -5 18 15 5
< RES 1637330740 221 2
< MOVE U U
> REQ 1637330740 222 2
> VAMPIRE 1 5 9 3 1 2 0
> VAMPIRE 4 8 17 2 1 2 0
> VAMPIRE 3 8 17 2 1 2 0
> VAMPIRE 2 5 9 1 2 2 0
> POWERUP SHOE -4 2 5 5
> POWERUP SHOE -4 18 15 5
< RES 1637330740 222 2
< MOVE U U
> REQ 1637330740 223 2
> VAMPIRE 1 3 9 3 1 2 0
> VAMPIRE 4 10 17 2 1 2 0
> VAMPIRE 3 10 17 2 1 2 0
> VAMPIRE 2 3 9 1 2 2 0
> POWERUP SHOE -3 2 5 5
> POWERUP SHOE -3 18 15 5
< RES 1637330740 223 2
< MOVE L L
> REQ 1637330740 224 2
> VAMPIRE 1 3 7 3 1 2 0
> VAMPIRE 4 12 17 2 1 2 0
> VAMPIRE 3 12 17 2 1 2 0
> VAMPIRE 2 3 7 1 2 2 0
> POWERUP SHOE -2 2 5 5
> POWERUP SHOE -2 18 15 5
< RES 1637330740 224 2
< MOVE L L
> REQ 1637330740 225 2
> VAMPIRE 1 3 5 3 1 2 0
> VAMPIRE 4 14 17 2 1 2 0
> VAMPIRE 3 14 17 2 1 2 0
> VAMPIRE 2 3 5 1 2 2 0
> POWERUP SHOE -1 2 5 5
> POWERUP SHOE -1 18 15 5
< RES 1637330740 225 2
< MOVE U
> REQ 1637330740 226 2
> VAMPIRE 1 2 5 3 1 2 0
> VAMPIRE 4 16 17 2 1 2 0
> VAMPIRE 3 16 17 2 1 2 0
> VAMPIRE 2 2 5 1 2 2 0
> POWERUP SHOE 15 2 5 5
> POWERUP SHOE 15 18 15 5
< RES 1637330740 226 2
> REQ 1637330740 227 2
> VAMPIRE 1 2 5 3 1 2 0
> VAMPIRE 4 17 16 2 1 2 0
> VAMPIRE 3 17 16 2 1 2 0
> VAMPIRE 2 2 5 1 2 2 0
> POWERUP SHOE 14 2 5 5
> POWERUP SHOE 14 18 15 5
< RES 1637330740 227 2
> REQ 1637330740 228 2
> VAMPIRE 1 2 5 3 1 2 0
> VAMPIRE 4 18 15 2 1 2 0
> VAMPIRE 3 18 15 2 1 2 0
> VAMPIRE 2 2 5 1 2 2 0
> POWERUP SHOE 13 2 5 5
> POWERUP SHOE 13 18 15 5
< RES 1637330740 228 2
> REQ 1637330740 229 2
> VAMPIRE 1 2 5 3 1 2 0
> VAMPIRE 4 18 15 2 1 2 0
> VAMPIRE 3 18 15 2 1 2 0
> VAMPIRE 2 2 5 1 2 2 0
> POWERUP SHOE 12 2 5 5
> POWERUP SHOE 12 18 15 5
< RES 1637330740 229 2
> REQ 1637330740 230 2
> VAMPIRE 1 2 5 3 1 2 0
> VAMPIRE 4 18 15 2 1 2 0
> VAMPIRE 3 18 15 2 1 2 0
> VAMPIRE 2 2 5 1 2 2 0
> POWERUP SHOE 11 2 5 5
> POWERUP SHOE 11 18 15 5
< RES 1637330740 230 2
> REQ 1637330740 231 2
> VAMPIRE 1 2 5 3 1 2 42
> VAMPIRE 4 18 15 2 1 2 0
> VAMPIRE 3 18 15 2 1 2 0
> VAMPIRE 2 2 5 1 2 2 42
> POWERUP SHOE 10 18 15 5
< RES 1637330740 231 2
< GRENADE
< MOVE D D D
> REQ 1637330740 232 2
> VAMPIRE 1 5 5 3 0 2 41
> VAMPIRE 4 18 15 2 1 2 0
> VAMPIRE 3 18 15 2 1 2 0
> VAMPIRE 2 5 5 1 1 2 41
> GRENADE 1 2 5 5 2
> GRENADE 2 2 5 5 2
> POWERUP SHOE 9 18 15 5
< RES 1637330740 232 2
< GRENADE
> REQ 1637330740 233 2
> VAMPIRE 1 5 7 3 0 2 40
> VAMPIRE 4 18 15 2 1 2 42
> VAMPIRE 3 18 15 2 1 2 42
> VAMPIRE 2 5 5 1 0 2 40
> GRENADE 1 2 5 4 2
> GRENADE 2 2 5 4 2
> GRENADE 2 5 5 5 2
< RES 1637330740 233 2
> REQ 1637330740 234 2
> VAMPIRE 1 5 9 3 0 2 39
> VAMPIRE 4 15 15 2 1 2 41
> VAMPIRE 3 15 15 2 1 2 41
> VAMPIRE 2 5 5 1 0 2 39
> GRENADE 1 2 5 3 2
> GRENADE 2 2 5 3 2
> GRENADE 2 5 5 4 2
< RES 1637330740 234 2
< THROW XR 3
< MOVE D D
> REQ 1637330740 235 2
> VAMPIRE 1 5 11 3 0 2 38
> VAMPIRE 4 15 13 2 1 2 40
> VAMPIRE 3 15 13 2 1 2 40
> VAMPIRE 2 7 5 1 0 2 38
> GRENADE 1 2 5 2 2
> GRENADE 2 2 5 2 2
> GRENADE 2 5 8 3 2
< RES 1637330740 235 2
< MOVE D D
> REQ 1637330740 236 2
> VAMPIRE 1 5 13 3 0 2 37
> VAMPIRE 4 15 11 2 1 2 39
> VAMPIRE 3 15 11 2 1 2 39
> VAMPIRE 2 9 5 1 0 2 37
> GRENADE 1 2 5 1 2
> GRENADE 2 2 5 1 2
> GRENADE 2 5 8 2 2
< RES 1637330740 236 2
> REQ 1637330740 237 2
> VAMPIRE 1 7 13 3 1 2 36
> VAMPIRE 4 15 9 2 1 2 38
> VAMPIRE 3 15 9 2 1 2 38
> VAMPIRE 2 9 5 1 1 2 36
> GRENADE 2 5 8 1 2
< RES 1637330740 237 2
< MOVE U U
> REQ 1637330740 238 2
> VAMPIRE 1 7 13 3 1 2 35
> VAMPIRE 4 15 11 2 1 2 37
> VAMPIRE 3 15 11 2 1 2 37
> VAMPIRE 2 7 5 1 2 2 35
< RES 1637330740 238 2
> REQ 1637330740 239 2
> VAMPIRE 1 7 13 3 1 2 34
> VAMPIRE 4 15 9 2 1 2 36
> VAMPIRE 3 15 9 2 1 2 36
> VAMPIRE 2 7 5 1 2 2 34
< RES 1637330740 239 2
> REQ 1637330740 240 2
> VAMPIRE 1 7 13 3 1 2 33
> VAMPIRE 4 15 11 2 1 2 35
> VAMPIRE 3 15 11 2 1 2 35
> VAMPIRE 2 7 5 1 2 2 33
< RES 1637330740 240 2
> REQ 1637330740 241 2
> VAMPIRE 1 7 13 3 1 2 32
> VAMPIRE 4 15 9 2 1 2 34
> VAMPIRE 3 15 9 2 1 2 34
> VAMPIRE 2 7 5 1 2 2 32
< RES 1637330740 241 2
> REQ 1637330740 242 2
> VAMPIRE 1 7 13 3 1 2 31
> VAMPIRE 4 15 11 2 1 2 33
> VAMPIRE 3 15 11 2 1 2 33
> VAMPIRE 2 7 5 1 2 2 31
< RES 1637330740 242 2
> REQ 1637330740 243 2
> VAMPIRE 1 7 13 3 1 2 30
> VAMPIRE 4 15 9 2 1 2 32
> VAMPIRE 3 15 9 2 1 2 32
> VAMPIRE 2 7 5 1 2 2 30
< RES 1637330740 243 2
> REQ 1637330740 244 2
> VAMPIRE 1 7 13 3 1 2 29
> VAMPIRE 4 15 11 2 1 2 31
> VAMPIRE 3 15 11 2 1 2 31
> VAMPIRE 2 7 5 1 2 2 29
< RES 1637330740 244 2
> REQ 1637330740 245 2
> VAMPIRE 1 7 13 3 1 2 28
> VAMPIRE 4 15 9 2 1 2 30
> VAMPIRE 3 15 9 2 1 2 30
> VAMPIRE 2 7 5 1 2 2 28
< RES 1637330740 245 2
> REQ 1637330740 246 2
> VAMPIRE 1 7 13 3 1 2 27
> VAMPIRE 4 15 11 2 1 2 29
> VAMPIRE 3 15 11 2 1 2 29
> VAMPIRE 2 7 5 1 2 2 27
< RES 1637330740 246 2
> REQ 1637330740 247 2
> VAMPIRE 1 7 13 3 1 2 26
> VAMPIRE 4 15 9 2 1 2 28
> VAMPIRE 3 15 9 2 1 2 28
> VAMPIRE 2 7 5 1 2 2 26
< RES 1637330740 247 2
> REQ 1637330740 248 2
> VAMPIRE 1 7 13 3 1 2 25
> VAMPIRE 4 15 11 2 1 2 27
> VAMPIRE 3 15 11 2 1 2 27
> VAMPIRE 2 7 5 1 2 2 25
< RES 1637330740 248 2
> REQ 1637330740 249 2
> VAMPIRE 1 7 13 3 1 2 24
> VAMPIRE 4 15 9 2 1 2 26
> VAMPIRE 3 15 9 2 1 2 26
> VAMPIRE 2 7 5 1 2 2 24
< RES 1637330740 249 2
> REQ 1637330740 250 2
> VAMPIRE 1 7 13 3 1 2 23
> VAMPIRE 4 15 11 2 1 2 25
> VAMPIRE 3 15 11 2 1 2 25
> VAMPIRE 2 7 5 1 2 2 23
< RES 1637330740 250 2
> REQ 1637330740 251 2
> VAMPIRE 1 7 13 3 1 2 22
> VAMPIRE 4 15 9 2 1 2 24
> VAMPIRE 3 15 9 2 1 2 24
> VAMPIRE 2 7 5 1 2 2 22
< RES 1637330740 251 2
> REQ 1637330740 252 2
> VAMPIRE 1 7 13 3 1 2 21
> VAMPIRE 4 15 11 2 1 2 23
> VAMPIRE 3 15 11 2 1 2 23
> VAMPIRE 2 7 5 1 2 2 21
> POWERUP SHOE -6 18 7 5
> POWERUP SHOE -6 2 13 5
< RES 1637330740 252 2
< MOVE R R D
> REQ 1637330740 253 2
> VAMPIRE 1 4 13 3 1 2 20
> VAMPIRE 4 17 10 2 1 2 22
> VAMPIRE 3 17 10 2 1 2 22
> VAMPIRE 2 8 7 1 2 2 20
> POWERUP SHOE -5 18 7 5
> POWERUP SHOE -5 2 13 5
< RES 1637330740 253 2
< MOVE D D D
> REQ 1637330740 254 2
> VAMPIRE 1 2 13 3 1 2 19
> VAMPIRE 4 17 7 2 1 2 21
> VAMPIRE 3 17 7 2 1 2 21
> VAMPIRE 2 11 7 1 2 2 19
> POWERUP SHOE -4 18 7 5
> POWERUP SHOE -4 2 13 5
< RES 1637330740 254 2
< MOVE D D D
> REQ 1637330740 255 2
> VAMPIRE 1 2 13 3 1 2 18
> VAMPIRE 4 18 7 2 1 2 20
> VAMPIRE 3 18 7 2 1 2 20
> VAMPIRE 2 14 7 1 2 2 18
> POWERUP SHOE -3 18 7 5
> POWERUP SHOE -3 2 13 5
< RES 1637330740 255 2
< MOVE D D D
> REQ 1637330740 256 2
> VAMPIRE 1 2 13 3 1 2 17
> VAMPIRE 4 18 7 2 1 2 19
> VAMPIRE 3 18 7 2 1 2 19
> VAMPIRE 2 17 7 1 2 2 17
> POWERUP SHOE -2 18 7 5
> POWERUP SHOE -2 2 13 5
< RES 1637330740 256 2
< GRENADE
< MOVE D D L
> REQ 1637330740 257 2
> VAMPIRE 1 2 13 3 1 2 16
> VAMPIRE 4 18 7 2 0 2 18
> VAMPIRE 3 18 7 2 0 2 18
> VAMPIRE 2 17 7 1 1 2 16
> GRENADE 4 18 7 5 2
> GRENADE 3 18 7 5 2
> GRENADE 2 17 7 5 2
> POWERUP SHOE -1 18 7 5
> POWERUP SHOE -1 2 13 5
< RES 1637330740 257 2
< GRENADE
< MOVE U U U
> REQ 1637330740 258 2
> VAMPIRE 1 2 13 3 1 2 15
> VAMPIRE 4 18 7 2 0 2 17
> VAMPIRE 3 18 7 2 0 2 17
> VAMPIRE 2 14 7 1 0 2 15
> GRENADE 4 19 7 4 2
> GRENADE 3 19 7 4 2
> GRENADE 2 17 7 4 2
> GRENADE 2 17 7 5 2
> POWERUP SHOE 15 18 7 5
> POWERUP SHOE 15 2 13 5
< RES 1637330740 258 2
< MOVE D D
> REQ 1637330740 259 2
> VAMPIRE 1 2 13 3 1 2 14
> VAMPIRE 4 18 7 2 0 2 16
> VAMPIRE 3 18 7 2 0 2 16
> VAMPIRE 2 16 7 1 0 2 14
> GRENADE 4 19 7 3 2
> GRENADE 3 19 7 3 2
> GRENADE 2 17 7 3 2
> GRENADE 2 17 7 4 2
> POWERUP SHOE 14 18 7 5
> POWERUP SHOE 14 2 13 5
< RES 1637330740 259 2
< THROW D 2
> REQ 1637330740 260 2
> VAMPIRE 1 2 13 3 1 2 13
> VAMPIRE 4 18 7 2 0 2 15
> VAMPIRE 3 18 7 2 0 2 15
> VAMPIRE 2 16 7 1 0 2 13
> GRENADE 4 19 7 2 2
> GRENADE 3 19 7 2 2
> GRENADE 2 19 7 2 2
> GRENADE 2 19 7 3 2
> POWERUP SHOE 13 18 7 5
> POWERUP SHOE 13 2 13 5
< RES 1637330740 260 2
< MOVE U
> REQ 1637330740 261 2
> VAMPIRE 1 2 13 3 1 2 12
> VAMPIRE 4 16 7 2 0 2 14
> VAMPIRE 3 16 7 2 0 2 14
> VAMPIRE 2 15 7 1 0 2 12
> GRENADE 4 19 7 1 2
> GRENADE 3 19 7 1 2
> GRENADE 2 19 7 1 2
> GRENADE 2 19 7 2 2
> POWERUP SHOE 12 18 7 5
> POWERUP SHOE 12 2 13 5
< RES 1637330740 261 2
< MOVE D D D
> REQ 1637330740 262 2
> VAMPIRE 1 2 13 3 1 2 53
> VAMPIRE 4 16 7 2 1 2 13
> VAMPIRE 3 16 7 2 1 2 13
> VAMPIRE 2 18 7 1 2 2 11
> POWERUP SHOE 11 18 7 5
< RES 1637330740 262 2
< GRENADE
> REQ 1637330740 263 2
> VAMPIRE 1 3 11 3 1 2 52
> VAMPIRE 4 17 7 2 1 2 12
> VAMPIRE 3 17 7 2 1 2 12
> VAMPIRE 2 18 7 1 1 2 10
> GRENADE 2 18 7 5 2
> POWERUP SHOE 10 18 7 5
< RES 1637330740 263 2
< THROW XD 1
< MOVE D
> REQ 1637330740 264 2
> VAMPIRE 1 5 11 3 1 2 51
> VAMPIRE 4 15 7 2 1 2 11
> VAMPIRE 3 15 7 2 1 2 11
> VAMPIRE 2 18 7 1 1 2 9
> GRENADE 2 19 7 4 2
> POWERUP SHOE 9 18 7 5
< RES 1637330740 264 2
< GRENADE
> REQ 1637330740 265 2
> VAMPIRE 1 8 11 3 1 2 50
> VAMPIRE 4 17 7 2 1 2 10
> VAMPIRE 3 17 7 2 1 2 10
> VAMPIRE 2 18 7 1 0 2 8
> GRENADE 2 19 7 3 2
> GRENADE 2 18 7 5 2
> POWERUP SHOE 8 18 7 5
< RES 1637330740 265 2
> REQ 1637330740 266 2
> VAMPIRE 1 11 11 3 1 2 49
> VAMPIRE 4 14 7 2 0 2 9
> VAMPIRE 3 14 7 2 0 2 9
> VAMPIRE 2 18 7 1 0 2 7
> GRENADE 2 19 7 2 2
> GRENADE 2 18 7 4 2
> GRENADE 4 17 7 5 2
> GRENADE 3 17 7 5 2
> POWERUP SHOE 7 18 7 5
< RES 1637330740 266 2
> REQ 1637330740 267 2
> VAMPIRE 1 14 11 3 1 2 48
> VAMPIRE 4 13 7 2 0 2 8
> VAMPIRE 3 13 7 2 0 2 8
> VAMPIRE 2 18 7 1 0 2 48
> GRENADE 2 19 7 1 2
> GRENADE 2 18 7 3 2
> GRENADE 4 17 7 4 2
> GRENADE 3 17 7 4 2
< RES 1637330740 267 2
> END 552 Could_not_be_more_deaded
