> MESSAGE OK
> LEVEL 8
> GAMEID 1637150736
> TEST 1
> MAXTICK 1200
> GRENADERADIUS 2
> SIZE 21
> REQ 1637150736 0 4
> VAMPIRE 1 1 1 3 1 2 0
> VAMPIRE 3 19 19 3 1 2 0
> VAMPIRE 2 19 1 3 1 2 0
> VAMPIRE 4 1 19 3 1 2 0
> BAT1 3 1 7 1 9 1 11 1 13 1 17 1 1 3 3 3 5 3 9 3 11 3 15 3 17 3 19 3 3 5 5 5 7 5 13 5 15 5 17 5 1 7 5 7 7 7 9 7 11 7 13 7 15 7 19 7 1 9 3 9 7 9 13 9 17 9 19 9 1 11 3 11 7 11 13 11 17 11 19 11 1 13 5 13 7 13 9 13 11 13 13 13 15 13 19 13 3 15 5 15 7 15 13 15 15 15 17 15 1 17 3 17 5 17 9 17 11 17 15 17 17 17 19 17 3 19 7 19 9 19 11 19 13 19 17 19
< RES 1637150736 0 4
< MOVE D
> REQ 1637150736 1 4
> VAMPIRE 1 2 1 3 1 2 0
> VAMPIRE 3 19 18 3 1 2 0
> VAMPIRE 2 18 1 3 1 2 0
> VAMPIRE 4 2 19 3 1 2 0
> BAT1 3 1 7 1 9 1 11 1 13 1 17 1 1 3 3 3 5 3 9 3 11 3 15 3 17 3 19 3 3 5 5 5 7 5 13 5 15 5 17 5 1 7 5 7 7 7 9 7 11 7 13 7 15 7 19 7 1 9 3 9 7 9 13 9 17 9 19 9 1 11 3 11 7 11 13 11 17 11 19 11 1 13 5 13 7 13 9 13 11 13 13 13 15 13 19 13 3 15 5 15 7 15 13 15 15 15 17 15 1 17 3 17 5 17 9 17 11 17 15 17 17 17 19 17 3 19 7 19 9 19 11 19 13 19 17 19
< RES 1637150736 1 4
< GRENADE
< MOVE U L
> REQ 1637150736 2 4
> VAMPIRE 1 1 2 3 0 2 0
> VAMPIRE 3 18 19 3 0 2 0
> VAMPIRE 2 19 2 3 0 2 0
> VAMPIRE 4 1 18 3 0 2 0
> GRENADE 1 2 1 5 2
> GRENADE 3 19 18 5 2
> GRENADE 2 18 1 5 2
> GRENADE 4 2 19 5 2
> BAT1 3 1 7 1 9 1 11 1 13 1 17 1 1 3 3 3 5 3 9 3 11 3 15 3 17 3 19 3 3 5 5 5 7 5 13 5 15 5 17 5 1 7 5 7 7 7 9 7 11 7 13 7 15 7 19 7 1 9 3 9 7 9 13 9 17 9 19 9 1 11 3 11 7 11 13 11 17 11 19 11 1 13 5 13 7 13 9 13 11 13 13 13 15 13 19 13 3 15 5 15 7 15 13 15 15 15 17 15 1 17 3 17 5 17 9 17 11 17 15 17 17 17 19 17 3 19 7 19 9 19 11 19 13 19 17 19
< RES 1637150736 2 4
> REQ 1637150736 3 4
> VAMPIRE 1 1 2 3 0 2 0
> VAMPIRE 3 18 19 3 0 2 0
> VAMPIRE 2 19 2 3 0 2 0
> VAMPIRE 4 1 18 3 0 2 0
> GRENADE 1 2 1 4 2
> GRENADE 3 19 18 4 2
> GRENADE 2 18 1 4 2
> GRENADE 4 2 19 4 2
> BAT1 3 1 7 1 9 1 11 1 13 1 17 1 1 3 3 3 5 3 9 3 11 3 15 3 17 3 19 3 3 5 5 5 7 5 13 5 15 5 17 5 1 7 5 7 7 7 9 7 11 7 13 7 15 7 19 7 1 9 3 9 7 9 13 9 17 9 19 9 1 11 3 11 7 11 13 11 17 11 19 11 1 13 5 13 7 13 9 13 11 13 13 13 15 13 19 13 3 15 5 15 7 15 13 15 15 15 17 15 1 17 3 17 5 17 9 17 11 17 15 17 17 17 19 17 3 19 7 19 9 19 11 19 13 19 17 19
< RES 1637150736 3 4
> REQ 1637150736 4 4
> VAMPIRE 1 1 2 3 0 2 0
> VAMPIRE 3 18 19 3 0 2 0
> VAMPIRE 2 19 2 3 0 2 0
> VAMPIRE 4 1 18 3 0 2 0
> GRENADE 1 2 1 3 2
> GRENADE 3 19 18 3 2
> GRENADE 2 18 1 3 2
> GRENADE 4 2 19 3 2
> BAT1 3 1 7 1 9 1 11 1 13 1 17 1 1 3 3 3 5 3 9 3 11 3 15 3 17 3 19 3 3 5 5 5 7 5 13 5 15 5 17 5 1 7 5 7 7 7 9 7 11 7 13 7 15 7 19 7 1 9 3 9 7 9 13 9 17 9 19 9 1 11 3 11 7 11 13 11 17 11 19 11 1 13 5 13 7 13 9 13 11 13 13 13 15 13 19 13 3 15 5 15 7 15 13 15 15 15 17 15 1 17 3 17 5 17 9 17 11 17 15 17 17 17 19 17 3 19 7 19 9 19 11 19 13 19 17 19
< RES 1637150736 4 4
> REQ 1637150736 5 4
> VAMPIRE 1 1 2 3 0 2 0
> VAMPIRE 3 18 19 3 0 2 0
> VAMPIRE 2 19 2 3 0 2 0
> VAMPIRE 4 1 18 3 0 2 0
> GRENADE 1 2 1 2 2
> GRENADE 3 19 18 2 2
> GRENADE 2 18 1 2 2
> GRENADE 4 2 19 2 2
> BAT1 3 1 7 1 9 1 11 1 13 1 17 1 1 3 3 3 5 3 9 3 11 3 15 3 17 3 19 3 3 5 5 5 7 5 13 5 15 5 17 5 1 7 5 7 7 7 9 7 11 7 13 7 15 7 19 7 1 9 3 9 7 9 13 9 17 9 19 9 1 11 3 11 7 11 13 11 17 11 19 11 1 13 5 13 7 13 9 13 11 13 13 13 15 13 19 13 3 15 5 15 7 15 13 15 15 15 17 15 1 17 3 17 5 17 9 17 11 17 15 17 17 17 19 17 3 19 7 19 9 19 11 19 13 19 17 19
< RES 1637150736 5 4
> REQ 1637150736 6 4
> VAMPIRE 1 1 2 3 0 2 0
> VAMPIRE 3 18 19 3 0 2 0
> VAMPIRE 2 19 2 3 0 2 0
> VAMPIRE 4 1 18 3 0 2 0
> GRENADE 1 2 1 1 2
> GRENADE 3 19 18 1 2
> GRENADE 2 18 1 1 2
> GRENADE 4 2 19 1 2
> BAT1 3 1 7 1 9 1 11 1 13 1 17 1 1 3 3 3 5 3 9 3 11 3 15 3 17 3 19 3 3 5 5 5 7 5 13 5 15 5 17 5 1 7 5 7 7 7 9 7 11 7 13 7 15 7 19 7 1 9 3 9 7 9 13 9 17 9 19 9 1 11 3 11 7 11 13 11 17 11 19 11 1 13 5 13 7 13 9 13 11 13 13 13 15 13 19 13 3 15 5 15 7 15 13 15 15 15 17 15 1 17 3 17 5 17 9 17 11 17 15 17 17 17 19 17 3 19 7 19 9 19 11 19 13 19 17 19
< RES 1637150736 6 4
< MOVE R
> REQ 1637150736 7 4
> VAMPIRE 1 1 1 3 1 2 0
> VAMPIRE 3 18 19 3 1 2 0
> VAMPIRE 2 19 2 3 1 2 0
> VAMPIRE 4 1 19 3 1 2 0
> BAT1 7 1 9 1 11 1 13 1 1 3 3 3 5 3 9 3 11 3 15 3 17 3 19 3 3 5 5 5 7 5 13 5 15 5 17 5 1 7 5 7 7 7 9 7 11 7 13 7 15 7 19 7 1 9 3 9 7 9 13 9 17 9 19 9 1 11 3 11 7 11 13 11 17 11 19 11 1 13 5 13 7 13 9 13 11 13 13 13 15 13 19 13 3 15 5 15 7 15 13 15 15 15 17 15 1 17 3 17 5 17 9 17 11 17 15 17 17 17 7 19 9 19 11 19 13 19 17 19
< RES 1637150736 7 4
< MOVE D D
> REQ 1637150736 8 4
> VAMPIRE 1 3 1 3 0 2 0
> VAMPIRE 3 19 18 3 0 2 0
> VAMPIRE 2 18 1 3 0 2 0
> VAMPIRE 4 3 19 3 1 2 0
> GRENADE 1 1 1 5 2
> GRENADE 3 18 19 5 2
> GRENADE 2 19 2 5 2
> BAT1 7 1 9 1 11 1 13 1 1 3 3 3 5 3 9 3 11 3 15 3 17 3 19 3 3 5 5 5 7 5 13 5 15 5 17 5 1 7 5 7 7 7 9 7 11 7 13 7 15 7 19 7 1 9 3 9 7 9 13 9 17 9 19 9 1 11 3 11 7 11 13 11 17 11 19 11 1 13 5 13 7 13 9 13 11 13 13 13 15 13 19 13 3 15 5 15 7 15 13 15 15 15 17 15 1 17 3 17 5 17 9 17 11 17 15 17 17 17 7 19 9 19 11 19 13 19 17 19
< RES 1637150736 8 4
< MOVE L
> REQ 1637150736 9 4
> VAMPIRE 1 5 1 3 0 2 0
> VAMPIRE 3 19 17 3 0 2 0
> VAMPIRE 2 17 1 3 0 2 0
> VAMPIRE 4 3 18 3 1 2 0
> GRENADE 1 1 1 4 2
> GRENADE 3 18 19 4 2
> GRENADE 2 19 2 4 2
> BAT1 7 1 9 1 11 1 13 1 1 3 3 3 5 3 9 3 11 3 15 3 17 3 19 3 3 5 5 5 7 5 13 5 15 5 17 5 1 7 5 7 7 7 9 7 11 7 13 7 15 7 19 7 1 9 3 9 7 9 13 9 17 9 19 9 1 11 3 11 7 11 13 11 17 11 19 11 1 13 5 13 7 13 9 13 11 13 13 13 15 13 19 13 3 15 5 15 7 15 13 15 15 15 17 15 1 17 3 17 5 17 9 17 11 17 15 17 17 17 7 19 9 19 11 19 13 19 17 19
< RES 1637150736 9 4
< GRENADE
< MOVE R D
> REQ 1637150736 10 4
> VAMPIRE 1 5 1 3 0 2 0
> VAMPIRE 3 19 17 3 0 2 0
> VAMPIRE 2 17 1 3 0 2 0
> VAMPIRE 4 4 19 3 0 2 0
> GRENADE 1 1 1 3 2
> GRENADE 3 18 19 3 2
> GRENADE 2 19 2 3 2
> GRENADE 4 3 18 5 2
> BAT1 7 1 9 1 11 1 13 1 1 3 3 3 5 3 9 3 11 3 15 3 17 3 19 3 3 5 5 5 7 5 13 5 15 5 17 5 1 7 5 7 7 7 9 7 11 7 13 7 15 7 19 7 1 9 3 9 7 9 13 9 17 9 19 9 1 11 3 11 7 11 13 11 17 11 19 11 1 13 5 13 7 13 9 13 11 13 13 13 15 13 19 13 3 15 5 15 7 15 13 15 15 15 17 15 1 17 3 17 5 17 9 17 11 17 15 17 17 17 7 19 9 19 11 19 13 19 17 19
< RES 1637150736 10 4
< MOVE D
> REQ 1637150736 11 4
> VAMPIRE 1 5 1 3 0 2 0
> VAMPIRE 3 19 17 3 0 2 0
> VAMPIRE 2 17 1 3 0 2 0
> VAMPIRE 4 5 19 3 0 2 0
> GRENADE 1 1 1 2 2
> GRENADE 3 18 19 2 2
> GRENADE 2 19 2 2 2
> GRENADE 4 3 18 4 2
> BAT1 7 1 9 1 11 1 13 1 1 3 3 3 5 3 9 3 11 3 15 3 17 3 19 3 3 5 5 5 7 5 13 5 15 5 17 5 1 7 5 7 7 7 9 7 11 7 13 7 15 7 19 7 1 9 3 9 7 9 13 9 17 9 19 9 1 11 3 11 7 11 13 11 17 11 19 11 1 13 5 13 7 13 9 13 11 13 13 13 15 13 19 13 3 15 5 15 7 15 13 15 15 15 17 15 1 17 3 17 5 17 9 17 11 17 15 17 17 17 7 19 9 19 11 19 13 19 17 19
< RES 1637150736 11 4
> REQ 1637150736 12 4
> VAMPIRE 1 5 1 3 0 2 0
> VAMPIRE 3 19 15 3 0 2 0
> VAMPIRE 2 15 1 3 0 2 0
> VAMPIRE 4 5 19 3 0 2 0
> GRENADE 1 1 1 1 2
> GRENADE 3 18 19 1 2
> GRENADE 2 19 2 1 2
> GRENADE 4 3 18 3 2
> BAT1 7 1 9 1 11 1 13 1 1 3 3 3 5 3 9 3 11 3 15 3 17 3 19 3 3 5 5 5 7 5 13 5 15 5 17 5 1 7 5 7 7 7 9 7 11 7 13 7 15 7 19 7 1 9 3 9 7 9 13 9 17 9 19 9 1 11 3 11 7 11 13 11 17 11 19 11 1 13 5 13 7 13 9 13 11 13 13 13 15 13 19 13 3 15 5 15 7 15 13 15 15 15 17 15 1 17 3 17 5 17 9 17 11 17 15 17 17 17 7 19 9 19 11 19 13 19 17 19
< RES 1637150736 12 4
> REQ 1637150736 13 4
> VAMPIRE 1 5 1 3 1 2 0
> VAMPIRE 3 19 14 3 1 2 0
> VAMPIRE 2 14 1 3 1 2 0
> VAMPIRE 4 5 19 3 0 2 0
> GRENADE 4 3 18 2 2
> BAT1 7 1 9 1 11 1 13 1 3 3 5 3 9 3 11 3 15 3 17 3 3 5 5 5 7 5 13 5 15 5 17 5 1 7 5 7 7 7 9 7 11 7 13 7 15 7 19 7 1 9 3 9 7 9 13 9 17 9 19 9 1 11 3 11 7 11 13 11 17 11 19 11 1 13 5 13 7 13 9 13 11 13 13 13 15 13 19 13 3 15 5 15 7 15 13 15 15 15 17 15 1 17 3 17 5 17 9 17 11 17 15 17 17 17 7 19 9 19 11 19 13 19
< RES 1637150736 13 4
> REQ 1637150736 14 4
> VAMPIRE 1 3 1 3 0 2 0
> VAMPIRE 3 18 15 3 0 2 0
> VAMPIRE 2 15 2 3 0 2 0
> VAMPIRE 4 5 19 3 0 2 0
> GRENADE 4 3 18 1 2
> GRENADE 1 5 1 5 2
> GRENADE 3 19 14 5 2
> GRENADE 2 14 1 5 2
> BAT1 7 1 9 1 11 1 13 1 3 3 5 3 9 3 11 3 15 3 17 3 3 5 5 5 7 5 13 5 15 5 17 5 1 7 5 7 7 7 9 7 11 7 13 7 15 7 19 7 1 9 3 9 7 9 13 9 17 9 19 9 1 11 3 11 7 11 13 11 17 11 19 11 1 13 5 13 7 13 9 13 11 13 13 13 15 13 19 13 3 15 5 15 7 15 13 15 15 15 17 15 1 17 3 17 5 17 9 17 11 17 15 17 17 17 7 19 9 19 11 19 13 19
< RES 1637150736 14 4
> REQ 1637150736 15 4
> VAMPIRE 1 1 1 3 0 2 0
> VAMPIRE 3 18 15 3 0 2 0
> VAMPIRE 2 16 1 3 0 2 0
> VAMPIRE 4 5 19 3 1 2 0
> GRENADE 1 5 1 4 2
> GRENADE 3 19 14 4 2
> GRENADE 2 14 1 4 2
> BAT1 7 1 9 1 11 1 13 1 3 3 5 3 9 3 11 3 15 3 17 3 3 5 5 5 7 5 13 5 15 5 17 5 1 7 5 7 7 7 9 7 11 7 13 7 15 7 19 7 1 9 3 9 7 9 13 9 17 9 19 9 1 11 3 11 7 11 13 11 17 11 19 11 1 13 5 13 7 13 9 13 11 13 13 13 15 13 19 13 3 15 5 15 7 15 13 15 15 15 17 15 1 17 5 17 9 17 11 17 15 17 17 17 7 19 9 19 11 19 13 19
< RES 1637150736 15 4
< GRENADE
< MOVE U U
> REQ 1637150736 16 4
> VAMPIRE 1 1 3 3 0 2 0
> VAMPIRE 3 18 15 3 0 2 0
> VAMPIRE 2 15 2 3 0 2 0
> VAMPIRE 4 3 19 3 0 2 0
> GRENADE 1 5 1 3 2
> GRENADE 3 19 14 3 2
> GRENADE 2 14 1 3 2
> GRENADE 4 5 19 5 2
> BAT1 7 1 9 1 11 1 13 1 3 3 5 3 9 3 11 3 15 3 17 3 3 5 5 5 7 5 13 5 15 5 17 5 1 7 5 7 7 7 9 7 11 7 13 7 15 7 19 7 1 9 3 9 7 9 13 9 17 9 19 9 1 11 3 11 7 11 13 11 17 11 19 11 1 13 5 13 7 13 9 13 11 13 13 13 15 13 19 13 3 15 5 15 7 15 13 15 15 15 17 15 1 17 5 17 9 17 11 17 15 17 17 17 7 19 9 19 11 19 13 19
< RES 1637150736 16 4
< MOVE L L
> REQ 1637150736 17 4
> VAMPIRE 1 1 2 3 0 2 0
> VAMPIRE 3 18 15 3 0 2 0
> VAMPIRE 2 16 1 3 0 2 0
> VAMPIRE 4 3 17 3 0 2 0
> GRENADE 1 5 1 2 2
> GRENADE 3 19 14 2 2
> GRENADE 2 14 1 2 2
> GRENADE 4 5 19 4 2
> BAT1 7 1 9 1 11 1 13 1 3 3 5 3 9 3 11 3 15 3 17 3 3 5 5 5 7 5 13 5 15 5 17 5 1 7 5 7 7 7 9 7 11 7 13 7 15 7 19 7 1 9 3 9 7 9 13 9 17 9 19 9 1 11 3 11 7 11 13 11 17 11 19 11 1 13 5 13 7 13 9 13 11 13 13 13 15 13 19 13 3 15 5 15 7 15 13 15 15 15 17 15 1 17 5 17 9 17 11 17 15 17 17 17 7 19 9 19 11 19 13 19
< RES 1637150736 17 4
> REQ 1637150736 18 4
> VAMPIRE 1 2 1 3 0 2 0
> VAMPIRE 3 18 15 3 0 2 0
> VAMPIRE 2 17 1 3 0 2 0
> VAMPIRE 4 3 17 3 0 2 0
> GRENADE 1 5 1 1 2
> GRENADE 3 19 14 1 2
> GRENADE 2 14 1 1 2
> GRENADE 4 5 19 3 2
> BAT1 7 1 9 1 11 1 13 1 3 3 5 3 9 3 11 3 15 3 17 3 3 5 5 5 7 5 13 5 15 5 17 5 1 7 5 7 7 7 9 7 11 7 13 7 15 7 19 7 1 9 3 9 7 9 13 9 17 9 19 9 1 11 3 11 7 11 13 11 17 11 19 11 1 13 5 13 7 13 9 13 11 13 13 13 15 13 19 13 3 15 5 15 7 15 13 15 15 15 17 15 1 17 5 17 9 17 11 17 15 17 17 17 7 19 9 19 11 19 13 19
< RES 1637150736 18 4
> REQ 1637150736 19 4
> VAMPIRE 1 3 2 3 1 2 0
> VAMPIRE 3 19 16 3 1 2 0
> VAMPIRE 2 17 2 3 1 2 0
> VAMPIRE 4 3 17 3 0 2 0
> GRENADE 4 5 19 2 2
> BAT1 9 1 11 1 3 3 9 3 11 3 15 3 17 3 3 5 5 5 7 5 13 5 15 5 17 5 1 7 5 7 7 7 9 7 11 7 13 7 15 7 19 7 1 9 3 9 7 9 13 9 17 9 19 9 1 11 3 11 7 11 13 11 17 11 19 11 1 13 5 13 7 13 9 13 11 13 13 13 15 13 3 15 5 15 7 15 13 15 15 15 17 15 1 17 5 17 9 17 11 17 15 17 17 17 7 19 9 19 11 19 13 19
< RES 1637150736 19 4
> REQ 1637150736 20 4
> VAMPIRE 1 4 1 3 0 2 0
> VAMPIRE 3 19 14 3 1 2 0
> VAMPIRE 2 16 1 3 0 2 0
> VAMPIRE 4 3 17 3 0 2 0
> GRENADE 4 5 19 1 2
> GRENADE 1 3 2 5 2
> GRENADE 2 17 2 5 2
> BAT1 9 1 11 1 3 3 9 3 11 3 15 3 17 3 3 5 5 5 7 5 13 5 15 5 17 5 1 7 5 7 7 7 9 7 11 7 13 7 15 7 19 7 1 9 3 9 7 9 13 9 17 9 19 9 1 11 3 11 7 11 13 11 17 11 19 11 1 13 5 13 7 13 9 13 11 13 13 13 15 13 3 15 5 15 7 15 13 15 15 15 17 15 1 17 5 17 9 17 11 17 15 17 17 17 7 19 9 19 11 19 13 19
< RES 1637150736 20 4
< MOVE L
> REQ 1637150736 21 4
> VAMPIRE 1 5 1 3 0 2 0
> VAMPIRE 3 18 13 3 1 2 0
> VAMPIRE 2 14 1 3 0 2 0
> VAMPIRE 4 3 16 3 1 2 0
> GRENADE 1 3 2 4 2
> GRENADE 2 17 2 4 2
> BAT1 9 1 11 1 3 3 9 3 11 3 15 3 17 3 3 5 5 5 7 5 13 5 15 5 17 5 1 7 5 7 7 7 9 7 11 7 13 7 15 7 19 7 1 9 3 9 7 9 13 9 17 9 19 9 1 11 3 11 7 11 13 11 17 11 19 11 1 13 5 13 7 13 9 13 11 13 13 13 15 13 3 15 5 15 7 15 13 15 15 15 17 15 1 17 9 17 11 17 15 17 17 17 9 19 11 19 13 19
< RES 1637150736 21 4
< GRENADE
< MOVE R D
> REQ 1637150736 22 4
> VAMPIRE 1 5 3 3 0 2 0
> VAMPIRE 3 17 13 3 1 2 0
> VAMPIRE 2 13 2 3 0 2 0
> VAMPIRE 4 4 17 3 0 2 0
> GRENADE 1 3 2 3 2
> GRENADE 2 17 2 3 2
> GRENADE 4 3 16 5 2
> BAT1 9 1 11 1 3 3 9 3 11 3 15 3 17 3 3 5 5 5 7 5 13 5 15 5 17 5 1 7 5 7 7 7 9 7 11 7 13 7 15 7 19 7 1 9 3 9 7 9 13 9 17 9 19 9 1 11 3 11 7 11 13 11 17 11 19 11 1 13 5 13 7 13 9 13 11 13 13 13 15 13 3 15 5 15 7 15 13 15 15 15 17 15 1 17 9 17 11 17 15 17 17 17 9 19 11 19 13 19
< RES 1637150736 22 4
< MOVE D
> REQ 1637150736 23 4
> VAMPIRE 1 5 1 3 0 2 0
> VAMPIRE 3 19 13 3 0 2 0
> VAMPIRE 2 13 3 3 0 2 0
> VAMPIRE 4 5 17 3 0 2 0
> GRENADE 1 3 2 2 2
> GRENADE 2 17 2 2 2
> GRENADE 4 3 16 4 2
> GRENADE 3 17 13 5 2
> BAT1 9 1 11 1 3 3 9 3 11 3 15 3 17 3 3 5 5 5 7 5 13 5 15 5 17 5 1 7 5 7 7 7 9 7 11 7 13 7 15 7 19 7 1 9 3 9 7 9 13 9 17 9 19 9 1 11 3 11 7 11 13 11 17 11 19 11 1 13 5 13 7 13 9 13 11 13 13 13 15 13 3 15 5 15 7 15 13 15 15 15 17 15 1 17 9 17 11 17 15 17 17 17 9 19 11 19 13 19
< RES 1637150736 23 4
> REQ 1637150736 24 4
> VAMPIRE 1 7 1 3 0 2 0
> VAMPIRE 3 19 15 3 0 2 0
> VAMPIRE 2 13 3 3 0 2 0
> VAMPIRE 4 5 17 3 0 2 0
> GRENADE 1 3 2 1 2
> GRENADE 2 17 2 1 2
> GRENADE 4 3 16 3 2
> GRENADE 3 17 13 4 2
> BAT1 9 1 11 1 3 3 9 3 11 3 15 3 17 3 3 5 5 5 7 5 13 5 15 5 17 5 1 7 5 7 7 7 9 7 11 7 13 7 15 7 19 7 1 9 3 9 7 9 13 9 17 9 19 9 1 11 3 11 7 11 13 11 17 11 19 11 1 13 5 13 7 13 9 13 11 13 13 13 15 13 3 15 5 15 7 15 13 15 15 15 17 15 1 17 9 17 11 17 15 17 17 17 9 19 11 19 13 19
< RES 1637150736 24 4
> REQ 1637150736 25 4
> VAMPIRE 1 7 3 3 1 2 0
> VAMPIRE 3 19 15 3 0 2 0
> VAMPIRE 2 13 3 3 1 2 0
> VAMPIRE 4 5 17 3 0 2 0
> GRENADE 4 3 16 2 2
> GRENADE 3 17 13 3 2
> BAT1 9 1 11 1 9 3 11 3 15 3 3 5 5 5 7 5 13 5 15 5 17 5 1 7 5 7 7 7 9 7 11 7 13 7 15 7 19 7 1 9 3 9 7 9 13 9 17 9 19 9 1 11 3 11 7 11 13 11 17 11 19 11 1 13 5 13 7 13 9 13 11 13 13 13 15 13 3 15 5 15 7 15 13 15 15 15 17 15 1 17 9 17 11 17 15 17 17 17 9 19 11 19 13 19
< RES 1637150736 25 4
> REQ 1637150736 26 4
> VAMPIRE 1 5 3 3 0 2 0
> VAMPIRE 3 19 15 3 0 2 0
> VAMPIRE 2 13 1 3 0 2 0
> VAMPIRE 4 5 17 3 0 2 0
> GRENADE 4 3 16 1 2
> GRENADE 3 17 13 2 2
> GRENADE 1 7 3 5 2
> GRENADE 2 13 3 5 2
> BAT1 9 1 11 1 9 3 11 3 15 3 3 5 5 5 7 5 13 5 15 5 17 5 1 7 5 7 7 7 9 7 11 7 13 7 15 7 19 7 1 9 3 9 7 9 13 9 17 9 19 9 1 11 3 11 7 11 13 11 17 11 19 11 1 13 5 13 7 13 9 13 11 13 13 13 15 13 3 15 5 15 7 15 13 15 15 15 17 15 1 17 9 17 11 17 15 17 17 17 9 19 11 19 13 19
< RES 1637150736 26 4
< MOVE D D
> REQ 1637150736 27 4
> VAMPIRE 1 3 3 3 0 2 0
> VAMPIRE 3 19 14 3 0 2 0
> VAMPIRE 2 15 1 3 0 2 0
> VAMPIRE 4 7 17 3 1 2 0
> GRENADE 3 17 13 1 2
> GRENADE 1 7 3 4 2
> GRENADE 2 13 3 4 2
> BAT1 9 1 11 1 9 3 11 3 15 3 3 5 5 5 7 5 13 5 15 5 17 5 1 7 5 7 7 7 9 7 11 7 13 7 15 7 19 7 1 9 3 9 7 9 13 9 17 9 19 9 1 11 3 11 7 11 13 11 17 11 19 11 1 13 5 13 7 13 9 13 11 13 13 13 15 13 5 15 7 15 13 15 15 15 17 15 1 17 9 17 11 17 15 17 17 17 9 19 11 19 13 19
< RES 1637150736 27 4
< GRENADE
< MOVE U U
> REQ 1637150736 28 4
> VAMPIRE 1 3 1 3 0 2 0
> VAMPIRE 3 19 15 3 1 2 0
> VAMPIRE 2 15 1 3 0 2 0
> VAMPIRE 4 5 17 3 0 2 0
> GRENADE 1 7 3 3 2
> GRENADE 2 13 3 3 2
> GRENADE 4 7 17 5 2
> BAT1 9 1 11 1 9 3 11 3 15 3 3 5 5 5 7 5 13 5 15 5 17 5 1 7 5 7 7 7 9 7 11 7 13 7 15 7 19 7 1 9 3 9 7 9 13 9 17 9 19 9 1 11 3 11 7 11 13 11 19 11 1 13 5 13 7 13 9 13 11 13 13 13 5 15 7 15 13 15 15 15 1 17 9 17 11 17 15 17 17 17 9 19 11 19 13 19
< RES 1637150736 28 4
< MOVE U U
> REQ 1637150736 29 4
> VAMPIRE 1 5 1 3 0 2 0
> VAMPIRE 3 17 15 3 1 2 0
> VAMPIRE 2 15 1 3 0 2 0
> VAMPIRE 4 3 17 3 0 2 0
> GRENADE 1 7 3 2 2
> GRENADE 2 13 3 2 2
> GRENADE 4 7 17 4 2
> BAT1 9 1 11 1 9 3 11 3 15 3 3 5 5 5 7 5 13 5 15 5 17 5 1 7 5 7 7 7 9 7 11 7 13 7 15 7 19 7 1 9 3 9 7 9 13 9 17 9 19 9 1 11 3 11 7 11 13 11 19 11 1 13 5 13 7 13 9 13 11 13 13 13 5 15 7 15 13 15 15 15 1 17 9 17 11 17 15 17 17 17 9 19 11 19 13 19
< RES 1637150736 29 4
> REQ 1637150736 30 4
> VAMPIRE 1 6 1 3 0 2 0
> VAMPIRE 3 17 13 3 0 2 0
> VAMPIRE 2 14 1 3 0 2 0
> VAMPIRE 4 3 17 3 0 2 0
> GRENADE 1 7 3 1 2
> GRENADE 2 13 3 1 2
> GRENADE 4 7 17 3 2
> GRENADE 3 17 15 5 2
> BAT1 9 1 11 1 9 3 11 3 15 3 3 5 5 5 7 5 13 5 15 5 17 5 1 7 5 7 7 7 9 7 11 7 13 7 15 7 19 7 1 9 3 9 7 9 13 9 17 9 19 9 1 11 3 11 7 11 13 11 19 11 1 13 5 13 7 13 9 13 11 13 13 13 5 15 7 15 13 15 15 15 1 17 9 17 11 17 15 17 17 17 9 19 11 19 13 19
< RES 1637150736 30 4
< MOVE L
> REQ 1637150736 31 4
> VAMPIRE 1 7 1 3 1 2 0
> VAMPIRE 3 15 13 3 0 2 0
> VAMPIRE 2 12 1 3 1 2 0
> VAMPIRE 4 3 16 3 0 2 0
> GRENADE 4 7 17 2 2
> GRENADE 3 17 15 4 2
> BAT1 9 1 11 1 3 5 5 5 15 5 17 5 1 7 5 7 7 7 9 7 11 7 13 7 15 7 19 7 1 9 3 9 7 9 13 9 17 9 19 9 1 11 3 11 7 11 13 11 19 11 1 13 5 13 7 13 9 13 11 13 13 13 5 15 7 15 13 15 15 15 1 17 9 17 11 17 15 17 17 17 9 19 11 19 13 19
< RES 1637150736 31 4
< MOVE L L
> REQ 1637150736 32 4
> VAMPIRE 1 7 3 3 0 2 0
> VAMPIRE 3 15 13 3 0 2 0
> VAMPIRE 2 13 2 3 0 2 0
> VAMPIRE 4 3 14 3 0 2 0
> GRENADE 4 7 17 1 2
> GRENADE 3 17 15 3 2
> GRENADE 1 7 1 5 2
> GRENADE 2 12 1 5 2
> BAT1 9 1 11 1 3 5 5 5 15 5 17 5 1 7 5 7 7 7 9 7 11 7 13 7 15 7 19 7 1 9 3 9 7 9 13 9 17 9 19 9 1 11 3 11 7 11 13 11 19 11 1 13 5 13 7 13 9 13 11 13 13 13 5 15 7 15 13 15 15 15 1 17 9 17 11 17 15 17 17 17 9 19 11 19 13 19
< RES 1637150736 32 4
< MOVE L
> REQ 1637150736 33 4
> VAMPIRE 1 5 3 3 0 2 0
> VAMPIRE 3 15 12 3 0 2 0
> VAMPIRE 2 13 3 3 0 2 0
> VAMPIRE 4 3 13 3 1 2 0
> GRENADE 3 17 15 2 2
> GRENADE 1 7 1 4 2
> GRENADE 2 12 1 4 2
> BAT1 9 1 11 1 3 5 5 5 15 5 17 5 1 7 5 7 7 7 9 7 11 7 13 7 15 7 19 7 1 9 3 9 7 9 13 9 17 9 19 9 1 11 3 11 7 11 13 11 19 11 1 13 5 13 7 13 9 13 11 13 13 13 5 15 13 15 15 15 1 17 11 17 15 17 17 17 9 19 11 19 13 19
< RES 1637150736 33 4
< GRENADE
< MOVE R R
> REQ 1637150736 34 4
> VAMPIRE 1 5 3 3 0 2 0
> VAMPIRE 3 15 10 3 0 2 0
> VAMPIRE 2 13 5 3 0 2 0
> VAMPIRE 4 3 15 3 0 2 0
> GRENADE 3 17 15 1 2
> GRENADE 1 7 1 3 2
> GRENADE 2 12 1 3 2
> GRENADE 4 3 13 5 2
> BAT1 9 1 11 1 3 5 5 5 15 5 17 5 1 7 5 7 7 7 9 7 11 7 13 7 15 7 19 7 1 9 3 9 7 9 13 9 17 9 19 9 1 11 3 11 7 11 13 11 19 11 1 13 5 13 7 13 9 13 11 13 13 13 5 15 13 15 15 15 1 17 11 17 15 17 17 17 9 19 11 19 13 19
< RES 1637150736 34 4
< MOVE R R
> REQ 1637150736 35 4
> VAMPIRE 1 6 3 3 0 2 0
> VAMPIRE 3 15 9 3 1 2 0
> VAMPIRE 2 13 5 3 0 2 0
> VAMPIRE 4 3 17 3 0 2 0
> GRENADE 1 7 1 2 2
> GRENADE 2 12 1 2 2
> GRENADE 4 3 13 4 2
> BAT1 9 1 11 1 3 5 5 5 15 5 17 5 1 7 5 7 7 7 9 7 11 7 13 7 15 7 19 7 1 9 3 9 7 9 13 9 17 9 19 9 1 11 3 11 7 11 13 11 19 11 1 13 5 13 7 13 9 13 11 13 13 13 5 15 13 15 1 17 11 17 15 17 9 19 11 19 13 19
< RES 1637150736 35 4
< MOVE D D
> REQ 1637150736 36 4
> VAMPIRE 1 5 3 3 0 2 0
> VAMPIRE 3 15 11 3 0 2 0
> VAMPIRE 2 13 5 3 0 2 0
> VAMPIRE 4 5 17 3 0 2 0
> GRENADE 1 7 1 1 2
> GRENADE 2 12 1 1 2
> GRENADE 4 3 13 3 2
> GRENADE 3 15 9 5 2
> BAT1 9 1 11 1 3 5 5 5 15 5 17 5 1 7 5 7 7 7 9 7 11 7 13 7 15 7 19 7 1 9 3 9 7 9 13 9 17 9 19 9 1 11 3 11 7 11 13 11 19 11 1 13 5 13 7 13 9 13 11 13 13 13 5 15 13 15 1 17 11 17 15 17 9 19 11 19 13 19
< RES 1637150736 36 4
< MOVE D D
> REQ 1637150736 37 4
> VAMPIRE 1 7 3 3 1 2 0
> VAMPIRE 3 17 11 3 0 2 0
> VAMPIRE 2 13 5 3 1 2 0
> VAMPIRE 4 7 17 3 0 2 0
> GRENADE 4 3 13 2 2
> GRENADE 3 15 9 4 2
> BAT1 3 5 5 5 15 5 17 5 1 7 5 7 7 7 9 7 11 7 13 7 15 7 19 7 1 9 3 9 7 9 13 9 17 9 19 9 1 11 3 11 7 11 13 11 19 11 1 13 5 13 7 13 9 13 11 13 13 13 5 15 13 15 1 17 11 17 15 17 9 19 11 19 13 19
< RES 1637150736 37 4
< MOVE L L
> REQ 1637150736 38 4
> VAMPIRE 1 7 5 3 1 2 0
> VAMPIRE 3 17 11 3 0 2 0
> VAMPIRE 2 11 5 3 0 2 0
> VAMPIRE 4 7 15 3 0 2 0
> GRENADE 4 3 13 1 2
> GRENADE 3 15 9 3 2
> GRENADE 2 13 5 5 2
> BAT1 3 5 5 5 15 5 17 5 1 7 5 7 7 7 9 7 11 7 13 7 15 7 19 7 1 9 3 9 7 9 13 9 17 9 19 9 1 11 3 11 7 11 13 11 19 11 1 13 5 13 7 13 9 13 11 13 13 13 5 15 13 15 1 17 11 17 15 17 9 19 11 19 13 19
< RES 1637150736 38 4
> REQ 1637150736 39 4
> VAMPIRE 1 7 3 3 0 2 0
> VAMPIRE 3 17 13 3 0 2 0
> VAMPIRE 2 9 5 3 0 2 0
> VAMPIRE 4 7 15 3 1 2 0
> GRENADE 3 15 9 2 2
> GRENADE 2 13 5 4 2
> GRENADE 1 7 5 5 2
> BAT1 3 5 5 5 15 5 17 5 1 7 5 7 7 7 9 7 11 7 13 7 15 7 19 7 1 9 3 9 7 9 13 9 17 9 19 9 1 11 7 11 13 11 19 11 7 13 9 13 11 13 13 13 5 15 13 15 1 17 11 17 15 17 9 19 11 19 13 19
< RES 1637150736 39 4
< GRENADE
< MOVE D D
> REQ 1637150736 40 4
> VAMPIRE 1 5 3 3 0 2 0
> VAMPIRE 3 15 13 3 0 2 0
> VAMPIRE 2 9 3 3 0 2 0
> VAMPIRE 4 9 15 3 0 2 0
> GRENADE 3 15 9 1 2
> GRENADE 2 13 5 3 2
> GRENADE 1 7 5 4 2
> GRENADE 4 7 15 5 2
> BAT1 3 5 5 5 15 5 17 5 1 7 5 7 7 7 9 7 11 7 13 7 15 7 19 7 1 9 3 9 7 9 13 9 17 9 19 9 1 11 7 11 13 11 19 11 7 13 9 13 11 13 13 13 5 15 13 15 1 17 11 17 15 17 9 19 11 19 13 19
< RES 1637150736 40 4
< MOVE D D
> REQ 1637150736 41 4
> VAMPIRE 1 3 3 3 0 2 0
> VAMPIRE 3 15 15 3 1 2 0
> VAMPIRE 2 7 3 3 0 2 0
> VAMPIRE 4 11 15 3 0 2 0
> GRENADE 2 13 5 2 2
> GRENADE 1 7 5 3 2
> GRENADE 4 7 15 4 2
> BAT1 3 5 5 5 15 5 17 5 1 7 5 7 7 7 9 7 11 7 13 7 19 7 1 9 3 9 7 9 19 9 1 11 7 11 13 11 19 11 7 13 9 13 11 13 13 13 5 15 13 15 1 17 11 17 15 17 9 19 11 19 13 19
< RES 1637150736 41 4
> REQ 1637150736 42 4
> VAMPIRE 1 3 3 3 0 2 0
> VAMPIRE 3 15 13 3 0 2 0
> VAMPIRE 2 5 3 3 0 2 0
> VAMPIRE 4 11 15 3 0 2 0
> GRENADE 2 13 5 1 2
> GRENADE 1 7 5 2 2
> GRENADE 4 7 15 3 2
> GRENADE 3 15 15 5 2
> BAT1 3 5 5 5 15 5 17 5 1 7 5 7 7 7 9 7 11 7 13 7 19 7 1 9 3 9 7 9 19 9 1 11 7 11 13 11 19 11 7 13 9 13 11 13 13 13 5 15 13 15 1 17 11 17 15 17 9 19 11 19 13 19
< RES 1637150736 42 4
> REQ 1637150736 43 4
> VAMPIRE 1 3 3 3 0 2 0
> VAMPIRE 3 15 11 3 0 2 0
> VAMPIRE 2 3 3 3 1 2 0
> VAMPIRE 4 11 15 3 0 2 0
> GRENADE 1 7 5 1 2
> GRENADE 4 7 15 2 2
> GRENADE 3 15 15 4 2
> BAT1 3 5 5 5 17 5 1 7 5 7 7 7 9 7 11 7 19 7 1 9 3 9 7 9 19 9 1 11 7 11 13 11 19 11 7 13 9 13 11 13 13 13 5 15 13 15 1 17 11 17 15 17 9 19 11 19 13 19
< RES 1637150736 43 4
> REQ 1637150736 44 4
> VAMPIRE 1 3 3 3 1 2 0
> VAMPIRE 3 15 11 3 0 2 0
> VAMPIRE 2 5 3 3 0 2 0
> VAMPIRE 4 11 15 3 0 2 0
> GRENADE 4 7 15 1 2
> GRENADE 3 15 15 3 2
> GRENADE 2 3 3 5 2
> BAT1 3 5 17 5 1 7 5 7 9 7 11 7 19 7 1 9 3 9 7 9 19 9 1 11 7 11 13 11 19 11 7 13 9 13 11 13 13 13 5 15 13 15 1 17 11 17 15 17 9 19 11 19 13 19
< RES 1637150736 44 4
> REQ 1637150736 45 4
> VAMPIRE 1 5 3 3 0 2 0
> VAMPIRE 3 17 11 3 0 2 0
> VAMPIRE 2 5 5 3 0 2 0
> VAMPIRE 4 11 15 3 1 2 0
> GRENADE 3 15 15 2 2
> GRENADE 2 3 3 4 2
> GRENADE 1 3 3 5 2
> BAT1 3 5 17 5 1 7 5 7 9 7 11 7 19 7 1 9 3 9 7 9 19 9 1 11 7 11 13 11 19 11 9 13 11 13 13 13 13 15 1 17 11 17 15 17 9 19 11 19 13 19
< RES 1637150736 45 4
< GRENADE
< MOVE U U
> REQ 1637150736 46 4
> VAMPIRE 1 5 5 3 0 2 0
> VAMPIRE 3 17 9 3 0 2 0
> VAMPIRE 2 5 5 3 0 2 0
> VAMPIRE 4 9 15 3 0 2 0
> GRENADE 3 15 15 1 2
> GRENADE 2 3 3 3 2
> GRENADE 1 3 3 4 2
> GRENADE 4 11 15 5 2
> BAT1 3 5 17 5 1 7 5 7 9 7 11 7 19 7 1 9 3 9 7 9 19 9 1 11 7 11 13 11 19 11 9 13 11 13 13 13 13 15 1 17 11 17 15 17 9 19 11 19 13 19
< RES 1637150736 46 4
< MOVE R R
> REQ 1637150736 47 4
> VAMPIRE 1 5 5 3 0 2 0
> VAMPIRE 3 17 7 3 1 2 0
> VAMPIRE 2 5 5 3 0 2 0
> VAMPIRE 4 9 17 3 0 2 0
> GRENADE 2 3 3 2 2
> GRENADE 1 3 3 3 2
> GRENADE 4 11 15 4 2
> BAT1 3 5 17 5 1 7 5 7 9 7 11 7 19 7 1 9 3 9 7 9 19 9 1 11 7 11 13 11 19 11 9 13 11 13 13 13 1 17 11 17 9 19 11 19 13 19
< RES 1637150736 47 4
> REQ 1637150736 48 4
> VAMPIRE 1 6 5 3 0 2 0
> VAMPIRE 3 17 9 3 0 2 0
> VAMPIRE 2 6 5 3 0 2 0
> VAMPIRE 4 9 17 3 0 2 0
> GRENADE 2 3 3 1 2
> GRENADE 1 3 3 2 2
> GRENADE 4 11 15 3 2
> GRENADE 3 17 7 5 2
> BAT1 3 5 17 5 1 7 5 7 9 7 11 7 19 7 1 9 3 9 7 9 19 9 1 11 7 11 13 11 19 11 9 13 11 13 13 13 1 17 11 17 9 19 11 19 13 19
< RES 1637150736 48 4
< MOVE U U
> REQ 1637150736 49 4
> VAMPIRE 1 7 6 3 1 2 0
> VAMPIRE 3 17 11 3 0 2 0
> VAMPIRE 2 7 6 3 1 2 0
> VAMPIRE 4 7 17 3 0 2 0
> GRENADE 4 11 15 2 2
> GRENADE 3 17 7 4 2
> BAT1 17 5 1 7 5 7 9 7 11 7 19 7 1 9 3 9 7 9 19 9 1 11 7 11 13 11 19 11 9 13 11 13 13 13 1 17 11 17 9 19 11 19 13 19
< RES 1637150736 49 4
< MOVE L L
> REQ 1637150736 50 4
> VAMPIRE 1 7 7 3 1 2 0
> VAMPIRE 3 17 11 3 0 2 0
> VAMPIRE 2 7 7 3 1 2 0
> VAMPIRE 4 7 15 3 0 2 0
> GRENADE 4 11 15 1 2
> GRENADE 3 17 7 3 2
> BAT1 17 5 1 7 5 7 9 7 11 7 19 7 1 9 3 9 7 9 19 9 1 11 7 11 13 11 19 11 9 13 11 13 13 13 1 17 11 17 9 19 11 19 13 19
< RES 1637150736 50 4
< MOVE L L
> REQ 1637150736 51 4
> VAMPIRE 1 7 5 3 0 2 0
> VAMPIRE 3 17 11 3 0 2 0
> VAMPIRE 2 7 5 3 0 2 0
> VAMPIRE 4 7 13 3 1 2 0
> GRENADE 3 17 7 2 2
> GRENADE 1 7 7 5 2
> GRENADE 2 7 7 5 2
> BAT1 17 5 1 7 5 7 9 7 11 7 19 7 1 9 3 9 7 9 19 9 1 11 7 11 13 11 19 11 9 13 13 13 1 17 9 19 11 19 13 19
< RES 1637150736 51 4
< GRENADE
< MOVE U U
> REQ 1637150736 52 4
> VAMPIRE 1 9 5 3 0 2 0
> VAMPIRE 3 17 11 3 0 2 0
> VAMPIRE 2 9 5 3 0 2 0
> VAMPIRE 4 5 13 3 0 2 0
> GRENADE 3 17 7 1 2
> GRENADE 1 7 7 4 2
> GRENADE 2 7 7 4 2
> GRENADE 4 7 13 5 2
> BAT1 17 5 1 7 5 7 9 7 11 7 19 7 1 9 3 9 7 9 19 9 1 11 7 11 13 11 19 11 9 13 13 13 1 17 9 19 11 19 13 19
< RES 1637150736 52 4
< MOVE L L
> REQ 1637150736 53 4
> VAMPIRE 1 9 5 3 0 2 0
> VAMPIRE 3 18 11 3 1 2 0
> VAMPIRE 2 9 5 3 0 2 0
> VAMPIRE 4 5 11 3 0 2 0
> GRENADE 1 7 7 3 2
> GRENADE 2 7 7 3 2
> GRENADE 4 7 13 4 2
> BAT1 1 7 5 7 9 7 11 7 1 9 3 9 7 9 19 9 1 11 7 11 13 11 19 11 9 13 13 13 1 17 9 19 11 19 13 19
< RES 1637150736 53 4
> REQ 1637150736 54 4
> VAMPIRE 1 9 5 3 0 2 0
> VAMPIRE 3 17 10 3 0 2 0
> VAMPIRE 2 9 5 3 0 2 0
> VAMPIRE 4 5 11 3 0 2 0
> GRENADE 1 7 7 2 2
> GRENADE 2 7 7 2 2
> GRENADE 4 7 13 3 2
> GRENADE 3 18 11 5 2
> BAT1 1 7 5 7 9 7 11 7 1 9 3 9 7 9 19 9 1 11 7 11 13 11 19 11 9 13 13 13 1 17 9 19 11 19 13 19
< RES 1637150736 54 4
> REQ 1637150736 55 4
> VAMPIRE 1 11 5 3 0 2 0
> VAMPIRE 3 17 9 3 0 2 0
> VAMPIRE 2 11 5 3 0 2 0
> VAMPIRE 4 5 11 3 0 2 0
> GRENADE 1 7 7 1 2
> GRENADE 2 7 7 1 2
> GRENADE 4 7 13 2 2
> GRENADE 3 18 11 4 2
> BAT1 1 7 5 7 9 7 11 7 1 9 3 9 7 9 19 9 1 11 7 11 13 11 19 11 9 13 13 13 1 17 9 19 11 19 13 19
< RES 1637150736 55 4
< MOVE U U
> REQ 1637150736 56 4
> VAMPIRE 1 11 6 3 1 2 0
> VAMPIRE 3 17 9 3 0 2 0
> VAMPIRE 2 11 6 3 1 2 0
> VAMPIRE 4 3 11 3 0 2 0
> GRENADE 4 7 13 1 2
> GRENADE 3 18 11 3 2
> BAT1 1 7 11 7 1 9 3 9 19 9 1 11 7 11 13 11 19 11 9 13 13 13 1 17 9 19 11 19 13 19
< RES 1637150736 56 4
> REQ 1637150736 57 4
> VAMPIRE 1 12 5 3 0 2 0
> VAMPIRE 3 15 9 3 0 2 0
> VAMPIRE 2 12 5 3 0 2 0
> VAMPIRE 4 3 11 3 1 2 0
> GRENADE 3 18 11 2 2
> GRENADE 1 11 6 5 2
> GRENADE 2 11 6 5 2
> BAT1 1 7 11 7 1 9 3 9 19 9 1 11 13 11 19 11 13 13 1 17 9 19 11 19 13 19
< RES 1637150736 57 4
< GRENADE
< MOVE D D
> REQ 1637150736 58 4
> VAMPIRE 1 13 5 3 0 2 0
> VAMPIRE 3 13 9 3 0 2 0
> VAMPIRE 2 13 5 3 0 2 0
> VAMPIRE 4 5 11 3 0 2 0
> GRENADE 3 18 11 1 2
> GRENADE 1 11 6 4 2
> GRENADE 2 11 6 4 2
> GRENADE 4 3 11 5 2
> BAT1 1 7 11 7 1 9 3 9 19 9 1 11 13 11 19 11 13 13 1 17 9 19 11 19 13 19
< RES 1637150736 58 4
< MOVE L L
> REQ 1637150736 59 4
> VAMPIRE 1 13 7 3 0 2 0
> VAMPIRE 3 13 10 3 1 2 0
> VAMPIRE 2 13 7 3 0 2 0
> VAMPIRE 4 5 9 3 0 2 0
> GRENADE 1 11 6 3 2
> GRENADE 2 11 6 3 2
> GRENADE 4 3 11 4 2
> BAT1 1 7 11 7 1 9 3 9 19 9 1 11 13 11 13 13 1 17 9 19 11 19 13 19
< RES 1637150736 59 4
> REQ 1637150736 60 4
> VAMPIRE 1 13 7 3 0 2 0
> VAMPIRE 3 12 9 3 0 2 0
> VAMPIRE 2 13 7 3 0 2 0
> VAMPIRE 4 5 9 3 0 2 0
> GRENADE 1 11 6 2 2
> GRENADE 2 11 6 2 2
> GRENADE 4 3 11 3 2
> GRENADE 3 13 10 5 2
> BAT1 1 7 11 7 1 9 3 9 19 9 1 11 13 11 13 13 1 17 9 19 11 19 13 19
< RES 1637150736 60 4
< MOVE L L
> REQ 1637150736 61 4
> VAMPIRE 1 13 7 3 0 2 0
> VAMPIRE 3 11 9 3 0 2 0
> VAMPIRE 2 13 7 3 0 2 0
> VAMPIRE 4 5 7 3 0 2 0
> GRENADE 1 11 6 1 2
> GRENADE 2 11 6 1 2
> GRENADE 4 3 11 2 2
> GRENADE 3 13 10 4 2
> BAT1 1 7 11 7 1 9 3 9 19 9 1 11 13 11 13 13 1 17 9 19 11 19 13 19
< RES 1637150736 61 4
< MOVE U U
> REQ 1637150736 62 4
> VAMPIRE 1 13 8 3 1 2 0
> VAMPIRE 3 11 11 3 0 2 0
> VAMPIRE 2 13 8 3 1 2 0
> VAMPIRE 4 3 7 3 0 2 0
> GRENADE 4 3 11 1 2
> GRENADE 3 13 10 3 2
> BAT1 1 7 1 9 3 9 19 9 1 11 13 11 13 13 1 17 9 19 11 19 13 19
< RES 1637150736 62 4
< MOVE L L
> REQ 1637150736 63 4
> VAMPIRE 1 14 9 3 0 2 0
> VAMPIRE 3 11 11 3 0 2 0
> VAMPIRE 2 14 9 3 0 2 0
> VAMPIRE 4 3 5 3 1 2 0
> GRENADE 3 13 10 2 2
> GRENADE 1 13 8 5 2
> GRENADE 2 13 8 5 2
> BAT1 1 7 1 9 19 9 13 11 13 13 1 17 9 19 11 19 13 19
< RES 1637150736 63 4
< MOVE U U
> REQ 1637150736 64 4
> VAMPIRE 1 16 9 3 0 2 0
> VAMPIRE 3 11 13 3 0 2 0
> VAMPIRE 2 16 9 3 0 2 0
> VAMPIRE 4 1 5 3 1 2 0
> GRENADE 3 13 10 1 2
> GRENADE 1 13 8 4 2
> GRENADE 2 13 8 4 2
> BAT1 1 7 1 9 19 9 13 11 13 13 1 17 9 19 11 19 13 19
< RES 1637150736 64 4
< GRENADE
< MOVE D D
> REQ 1637150736 65 4
> VAMPIRE 1 18 9 3 1 2 0
> VAMPIRE 3 12 13 3 1 2 0
> VAMPIRE 2 18 9 3 1 2 0
> VAMPIRE 4 3 5 3 0 2 0
> GRENADE 4 1 5 5 2
> BAT1 1 7 1 9 19 9 13 13 1 17 9 19 11 19 13 19
< RES 1637150736 65 4
< MOVE R R
> REQ 1637150736 66 4
> VAMPIRE 1 17 10 3 0 2 0
> VAMPIRE 3 11 14 3 0 2 0
> VAMPIRE 2 17 10 3 0 2 0
> VAMPIRE 4 3 7 3 0 2 0
> GRENADE 4 1 5 4 2
> GRENADE 1 18 9 5 2
> GRENADE 3 12 13 5 2
> GRENADE 2 18 9 5 2
> BAT1 1 7 1 9 19 9 13 13 1 17 9 19 11 19 13 19
< RES 1637150736 66 4
> REQ 1637150736 67 4
> VAMPIRE 1 17 11 3 0 2 0
> VAMPIRE 3 11 15 3 0 2 0
> VAMPIRE 2 17 11 3 0 2 0
> VAMPIRE 4 3 7 3 0 2 0
> GRENADE 4 1 5 3 2
> GRENADE 1 18 9 4 2
> GRENADE 3 12 13 4 2
> GRENADE 2 18 9 4 2
> BAT1 1 7 1 9 19 9 13 13 1 17 9 19 11 19 13 19
< RES 1637150736 67 4
> REQ 1637150736 68 4
> VAMPIRE 1 15 11 3 0 2 0
> VAMPIRE 3 13 15 3 0 2 0
> VAMPIRE 2 15 11 3 0 2 0
> VAMPIRE 4 3 7 3 0 2 0
> GRENADE 4 1 5 2 2
> GRENADE 1 18 9 3 2
> GRENADE 3 12 13 3 2
> GRENADE 2 18 9 3 2
> BAT1 1 7 1 9 19 9 13 13 1 17 9 19 11 19 13 19
< RES 1637150736 68 4
> REQ 1637150736 69 4
> VAMPIRE 1 15 13 3 0 2 0
> VAMPIRE 3 13 15 3 0 2 0
> VAMPIRE 2 15 13 3 0 2 0
> VAMPIRE 4 3 7 3 0 2 0
> GRENADE 4 1 5 1 2
> GRENADE 1 18 9 2 2
> GRENADE 3 12 13 2 2
> GRENADE 2 18 9 2 2
> BAT1 1 7 1 9 19 9 13 13 1 17 9 19 11 19 13 19
< RES 1637150736 69 4
< MOVE R R
> REQ 1637150736 70 4
> VAMPIRE 1 15 15 3 0 2 0
> VAMPIRE 3 13 17 3 0 2 0
> VAMPIRE 2 15 15 3 0 2 0
> VAMPIRE 4 3 9 3 1 2 0
> GRENADE 1 18 9 1 2
> GRENADE 3 12 13 1 2
> GRENADE 2 18 9 1 2
> BAT1 1 9 19 9 13 13 1 17 9 19 11 19 13 19
< RES 1637150736 70 4
< GRENADE
< MOVE R R
> REQ 1637150736 71 4
> VAMPIRE 1 13 15 3 1 2 0
> VAMPIRE 3 13 18 3 1 2 0
> VAMPIRE 2 13 15 3 1 2 0
> VAMPIRE 4 3 11 3 0 2 0
> GRENADE 4 3 9 5 2
> BAT1 1 9 1 17 9 19 11 19 13 19
< RES 1637150736 71 4
< MOVE R R
> REQ 1637150736 72 4
> VAMPIRE 1 13 17 3 1 2 0
> VAMPIRE 3 12 17 3 0 2 0
> VAMPIRE 2 13 17 3 1 2 0
> VAMPIRE 4 3 13 3 0 2 0
> GRENADE 4 3 9 4 2
> GRENADE 3 13 18 5 2
> BAT1 1 9 1 17 9 19 11 19 13 19
< RES 1637150736 72 4
< MOVE R R
> REQ 1637150736 73 4
> VAMPIRE 1 11 17 3 0 2 0
> VAMPIRE 3 11 17 3 0 2 0
> VAMPIRE 2 11 17 3 0 2 0
> VAMPIRE 4 3 15 3 0 2 0
> GRENADE 4 3 9 3 2
> GRENADE 3 13 18 4 2
> GRENADE 1 13 17 5 2
> GRENADE 2 13 17 5 2
> BAT1 1 9 1 17 9 19 11 19 13 19
< RES 1637150736 73 4
< MOVE R R
> REQ 1637150736 74 4
> VAMPIRE 1 9 17 3 0 2 0
> VAMPIRE 3 9 17 3 0 2 0
> VAMPIRE 2 9 17 3 0 2 0
> VAMPIRE 4 3 17 3 0 2 0
> GRENADE 4 3 9 2 2
> GRENADE 3 13 18 3 2
> GRENADE 1 13 17 4 2
> GRENADE 2 13 17 4 2
> BAT1 1 9 1 17 9 19 11 19 13 19
< RES 1637150736 74 4
< MOVE L L
> REQ 1637150736 75 4
> VAMPIRE 1 9 17 3 0 2 0
> VAMPIRE 3 9 17 3 0 2 0
> VAMPIRE 2 9 17 3 0 2 0
> VAMPIRE 4 3 15 3 0 2 0
> GRENADE 4 3 9 1 2
> GRENADE 3 13 18 2 2
> GRENADE 1 13 17 3 2
> GRENADE 2 13 17 3 2
> BAT1 1 9 1 17 9 19 11 19 13 19
< RES 1637150736 75 4
< MOVE R R
> REQ 1637150736 76 4
> VAMPIRE 1 9 17 3 0 2 0
> VAMPIRE 3 9 17 3 0 2 0
> VAMPIRE 2 9 17 3 0 2 0
> VAMPIRE 4 3 17 3 1 2 0
> GRENADE 3 13 18 1 2
> GRENADE 1 13 17 2 2
> GRENADE 2 13 17 2 2
> BAT1 1 17 9 19 11 19 13 19
< RES 1637150736 76 4
< GRENADE
< MOVE D D
> REQ 1637150736 77 4
> VAMPIRE 1 9 18 3 1 2 0
> VAMPIRE 3 9 18 3 1 2 0
> VAMPIRE 2 9 18 3 1 2 0
> VAMPIRE 4 5 17 3 0 2 0
> GRENADE 4 3 17 5 2
> BAT1 1 17 9 19 11 19
< RES 1637150736 77 4
< MOVE D D
> REQ 1637150736 78 4
> VAMPIRE 1 10 17 3 0 2 0
> VAMPIRE 3 10 17 3 0 2 0
> VAMPIRE 2 10 17 3 0 2 0
> VAMPIRE 4 7 17 3 0 2 0
> GRENADE 4 3 17 4 2
> GRENADE 1 9 18 5 2
> GRENADE 3 9 18 5 2
> GRENADE 2 9 18 5 2
> BAT1 1 17 9 19 11 19
< RES 1637150736 78 4
< MOVE L L
> REQ 1637150736 79 4
> VAMPIRE 1 11 17 3 0 2 0
> VAMPIRE 3 11 17 3 0 2 0
> VAMPIRE 2 11 17 3 0 2 0
> VAMPIRE 4 7 15 3 0 2 0
> GRENADE 4 3 17 3 2
> GRENADE 1 9 18 4 2
> GRENADE 3 9 18 4 2
> GRENADE 2 9 18 4 2
> BAT1 1 17 9 19 11 19
< RES 1637150736 79 4
< MOVE D D
> REQ 1637150736 80 4
> VAMPIRE 1 11 17 3 0 2 0
> VAMPIRE 3 11 17 3 0 2 0
> VAMPIRE 2 11 17 3 0 2 0
> VAMPIRE 4 9 15 3 0 2 0
> GRENADE 4 3 17 2 2
> GRENADE 1 9 18 3 2
> GRENADE 3 9 18 3 2
> GRENADE 2 9 18 3 2
> BAT1 1 17 9 19 11 19
< RES 1637150736 80 4
< MOVE D D
> REQ 1637150736 81 4
> VAMPIRE 1 11 17 3 0 2 0
> VAMPIRE 3 11 17 3 0 2 0
> VAMPIRE 2 11 17 3 0 2 0
> VAMPIRE 4 11 15 3 0 2 0
> GRENADE 4 3 17 1 2
> GRENADE 1 9 18 2 2
> GRENADE 3 9 18 2 2
> GRENADE 2 9 18 2 2
> BAT1 1 17 9 19 11 19
< RES 1637150736 81 4
< MOVE R R
> REQ 1637150736 82 4
> VAMPIRE 1 11 17 3 0 2 0
> VAMPIRE 3 11 17 3 0 2 0
> VAMPIRE 2 11 17 3 0 2 0
> VAMPIRE 4 11 17 3 1 2 0
> GRENADE 1 9 18 1 2
> GRENADE 3 9 18 1 2
> GRENADE 2 9 18 1 2
> BAT1 9 19 11 19
< RES 1637150736 82 4
< GRENADE
< MOVE U U
> REQ 1637150736 83 4
> VAMPIRE 1 11 18 3 1 2 0
> VAMPIRE 3 11 17 3 1 2 0
> VAMPIRE 2 11 18 3 1 2 0
> VAMPIRE 4 9 17 3 0 2 0
> GRENADE 4 11 17 5 2
> BAT1 11 19
< RES 1637150736 83 4
< MOVE U U
> REQ 1637150736 84 4
> VAMPIRE 1 11 18 3 1 2 0
> VAMPIRE 3 9 17 3 0 2 0
> VAMPIRE 2 11 18 3 1 2 0
> VAMPIRE 4 7 17 3 0 2 0
> GRENADE 4 11 17 4 2
> GRENADE 3 11 17 5 2
> BAT1 11 19
< RES 1637150736 84 4
> REQ 1637150736 85 4
> VAMPIRE 1 11 18 3 1 2 0
> VAMPIRE 3 7 17 3 0 2 0
> VAMPIRE 2 11 18 3 1 2 0
> VAMPIRE 4 7 17 3 0 2 0
> GRENADE 4 11 17 3 2
> GRENADE 3 11 17 4 2
> BAT1 11 19
< RES 1637150736 85 4
> REQ 1637150736 86 4
> VAMPIRE 1 11 18 3 1 2 0
> VAMPIRE 3 7 17 3 0 2 0
> VAMPIRE 2 11 18 3 1 2 0
> VAMPIRE 4 7 17 3 0 2 0
> GRENADE 4 11 17 2 2
> GRENADE 3 11 17 3 2
> BAT1 11 19
< RES 1637150736 86 4
> REQ 1637150736 87 4
> VAMPIRE 1 11 18 3 1 2 0
> VAMPIRE 3 7 17 3 0 2 0
> VAMPIRE 2 11 18 3 1 2 0
> VAMPIRE 4 7 17 3 0 2 0
> GRENADE 4 11 17 1 2
> GRENADE 3 11 17 2 2
> BAT1 11 19
< RES 1637150736 87 4
> REQ 1637150736 88 4
> VAMPIRE 1 11 18 2 1 2 0
> VAMPIRE 3 7 17 3 1 2 0
> VAMPIRE 2 11 18 2 1 2 0
> VAMPIRE 4 7 17 3 1 2 0
< RES 1637150736 88 4
> REQ 1637150736 89 4
> VAMPIRE 1 11 17 2 1 2 0
> VAMPIRE 3 7 17 3 1 2 0
> VAMPIRE 2 11 17 2 1 2 0
> VAMPIRE 4 7 17 3 1 2 0
< RES 1637150736 89 4
> REQ 1637150736 90 4
> VAMPIRE 1 11 17 2 1 2 0
> VAMPIRE 3 7 17 3 1 2 0
> VAMPIRE 2 11 17 2 1 2 0
> VAMPIRE 4 7 17 3 1 2 0
< RES 1637150736 90 4
> REQ 1637150736 91 4
> VAMPIRE 1 11 17 2 1 2 0
> VAMPIRE 3 7 17 3 1 2 0
> VAMPIRE 2 11 17 2 1 2 0
> VAMPIRE 4 7 17 3 1 2 0
< RES 1637150736 91 4
> REQ 1637150736 92 4
> VAMPIRE 1 11 17 2 1 2 0
> VAMPIRE 3 7 17 3 1 2 0
> VAMPIRE 2 11 17 2 1 2 0
> VAMPIRE 4 7 17 3 1 2 0
< RES 1637150736 92 4
> REQ 1637150736 93 4
> VAMPIRE 1 11 17 2 1 2 0
> VAMPIRE 3 7 17 3 1 2 0
> VAMPIRE 2 11 17 2 1 2 0
> VAMPIRE 4 7 17 3 1 2 0
< RES 1637150736 93 4
> REQ 1637150736 94 4
> VAMPIRE 1 11 17 2 1 2 0
> VAMPIRE 3 7 17 3 1 2 0
> VAMPIRE 2 11 17 2 1 2 0
> VAMPIRE 4 7 17 3 1 2 0
< RES 1637150736 94 4
> REQ 1637150736 95 4
> VAMPIRE 1 11 17 2 1 2 0
> VAMPIRE 3 7 17 3 1 2 0
> VAMPIRE 2 11 17 2 1 2 0
> VAMPIRE 4 7 17 3 1 2 0
< RES 1637150736 95 4
> REQ 1637150736 96 4
> VAMPIRE 1 11 17 2 1 2 0
> VAMPIRE 3 7 17 3 1 2 0
> VAMPIRE 2 11 17 2 1 2 0
> VAMPIRE 4 7 17 3 1 2 0
< RES 1637150736 96 4
> REQ 1637150736 97 4
> VAMPIRE 1 11 17 2 1 2 0
> VAMPIRE 3 7 17 3 1 2 0
> VAMPIRE 2 11 17 2 1 2 0
> VAMPIRE 4 7 17 3 1 2 0
< RES 1637150736 97 4
> REQ 1637150736 98 4
> VAMPIRE 1 11 17 2 1 2 0
> VAMPIRE 3 7 17 3 1 2 0
> VAMPIRE 2 11 17 2 1 2 0
> VAMPIRE 4 7 17 3 1 2 0
< RES 1637150736 98 4
> REQ 1637150736 99 4
> VAMPIRE 1 11 17 2 1 2 0
> VAMPIRE 3 7 17 3 1 2 0
> VAMPIRE 2 11 17 2 1 2 0
> VAMPIRE 4 7 17 3 1 2 0
< RES 1637150736 99 4
> REQ 1637150736 100 4
> VAMPIRE 1 11 17 2 1 2 0
> VAMPIRE 3 7 17 3 1 2 0
> VAMPIRE 2 11 17 2 1 2 0
> VAMPIRE 4 7 17 3 1 2 0
< RES 1637150736 100 4
> REQ 1637150736 101 4
> VAMPIRE 1 11 17 2 1 2 0
> VAMPIRE 3 7 17 3 1 2 0
> VAMPIRE 2 11 17 2 1 2 0
> VAMPIRE 4 7 17 3 1 2 0
< RES 1637150736 101 4
> REQ 1637150736 102 4
> VAMPIRE 1 11 17 2 1 2 0
> VAMPIRE 3 7 17 3 1 2 0
> VAMPIRE 2 11 17 2 1 2 0
> VAMPIRE 4 7 17 3 1 2 0
< RES 1637150736 102 4
> REQ 1637150736 103 4
> VAMPIRE 1 11 17 2 1 2 0
> VAMPIRE 3 7 17 3 1 2 0
> VAMPIRE 2 11 17 2 1 2 0
> VAMPIRE 4 7 17 3 1 2 0
< RES 1637150736 103 4
> REQ 1637150736 104 4
> VAMPIRE 1 11 17 2 1 2 0
> VAMPIRE 3 7 17 3 1 2 0
> VAMPIRE 2 11 17 2 1 2 0
> VAMPIRE 4 7 17 3 1 2 0
< RES 1637150736 104 4
> REQ 1637150736 105 4
> VAMPIRE 1 11 17 2 1 2 0
> VAMPIRE 3 7 17 3 1 2 0
> VAMPIRE 2 11 17 2 1 2 0
> VAMPIRE 4 7 17 3 1 2 0
< RES 1637150736 105 4
> REQ 1637150736 106 4
> VAMPIRE 1 11 17 2 1 2 0
> VAMPIRE 3 7 17 3 1 2 0
> VAMPIRE 2 11 17 2 1 2 0
> VAMPIRE 4 7 17 3 1 2 0
< RES 1637150736 106 4
> REQ 1637150736 107 4
> VAMPIRE 1 11 17 2 1 2 0
> VAMPIRE 3 7 17 3 1 2 0
> VAMPIRE 2 11 17 2 1 2 0
> VAMPIRE 4 7 17 3 1 2 0
< RES 1637150736 107 4
> REQ 1637150736 108 4
> VAMPIRE 1 11 17 2 1 2 0
> VAMPIRE 3 7 17 3 1 2 0
> VAMPIRE 2 11 17 2 1 2 0
> VAMPIRE 4 7 17 3 1 2 0
< RES 1637150736 108 4
> REQ 1637150736 109 4
> VAMPIRE 1 11 17 2 1 2 0
> VAMPIRE 3 7 17 3 1 2 0
> VAMPIRE 2 11 17 2 1 2 0
> VAMPIRE 4 7 17 3 1 2 0
< RES 1637150736 109 4
> REQ 1637150736 110 4
> VAMPIRE 1 11 17 2 1 2 0
> VAMPIRE 3 7 17 3 1 2 0
> VAMPIRE 2 11 17 2 1 2 0
> VAMPIRE 4 7 17 3 1 2 0
< RES 1637150736 110 4
> REQ 1637150736 111 4
> VAMPIRE 1 11 17 2 1 2 0
> VAMPIRE 3 7 17 3 1 2 0
> VAMPIRE 2 11 17 2 1 2 0
> VAMPIRE 4 7 17 3 1 2 0
< RES 1637150736 111 4
> REQ 1637150736 112 4
> VAMPIRE 1 11 17 2 1 2 0
> VAMPIRE 3 7 17 3 1 2 0
> VAMPIRE 2 11 17 2 1 2 0
> VAMPIRE 4 7 17 3 1 2 0
< RES 1637150736 112 4
> REQ 1637150736 113 4
> VAMPIRE 1 11 17 2 1 2 0
> VAMPIRE 3 7 17 3 1 2 0
> VAMPIRE 2 11 17 2 1 2 0
> VAMPIRE 4 7 17 3 1 2 0
< RES 1637150736 113 4
> REQ 1637150736 114 4
> VAMPIRE 1 11 17 2 1 2 0
> VAMPIRE 3 7 17 3 1 2 0
> VAMPIRE 2 11 17 2 1 2 0
> VAMPIRE 4 7 17 3 1 2 0
< RES 1637150736 114 4
> REQ 1637150736 115 4
> VAMPIRE 1 11 17 2 1 2 0
> VAMPIRE 3 7 17 3 1 2 0
> VAMPIRE 2 11 17 2 1 2 0
> VAMPIRE 4 7 17 3 1 2 0
< RES 1637150736 115 4
> REQ 1637150736 116 4
> VAMPIRE 1 11 17 2 1 2 0
> VAMPIRE 3 7 17 3 1 2 0
> VAMPIRE 2 11 17 2 1 2 0
> VAMPIRE 4 7 17 3 1 2 0
< RES 1637150736 116 4
> REQ 1637150736 117 4
> VAMPIRE 1 11 17 2 1 2 0
> VAMPIRE 3 7 17 3 1 2 0
> VAMPIRE 2 11 17 2 1 2 0
> VAMPIRE 4 7 17 3 1 2 0
< RES 1637150736 117 4
> REQ 1637150736 118 4
> VAMPIRE 1 11 17 2 1 2 0
> VAMPIRE 3 7 17 3 1 2 0
> VAMPIRE 2 11 17 2 1 2 0
> VAMPIRE 4 7 17 3 1 2 0
< RES 1637150736 118 4
> REQ 1637150736 119 4
> VAMPIRE 1 11 17 2 1 2 0
> VAMPIRE 3 7 17 3 1 2 0
> VAMPIRE 2 11 17 2 1 2 0
> VAMPIRE 4 7 17 3 1 2 0
< RES 1637150736 119 4
> REQ 1637150736 120 4
> VAMPIRE 1 11 17 2 1 2 0
> VAMPIRE 3 7 17 3 1 2 0
> VAMPIRE 2 11 17 2 1 2 0
> VAMPIRE 4 7 17 3 1 2 0
< RES 1637150736 120 4
> REQ 1637150736 121 4
> VAMPIRE 1 11 17 2 1 2 0
> VAMPIRE 3 7 17 3 1 2 0
> VAMPIRE 2 11 17 2 1 2 0
> VAMPIRE 4 7 17 3 1 2 0
< RES 1637150736 121 4
> REQ 1637150736 122 4
> VAMPIRE 1 11 17 2 1 2 0
> VAMPIRE 3 7 17 3 1 2 0
> VAMPIRE 2 11 17 2 1 2 0
> VAMPIRE 4 7 17 3 1 2 0
< RES 1637150736 122 4
> REQ 1637150736 123 4
> VAMPIRE 1 11 17 2 1 2 0
> VAMPIRE 3 7 17 3 1 2 0
> VAMPIRE 2 11 17 2 1 2 0
> VAMPIRE 4 7 17 3 1 2 0
< RES 1637150736 123 4
> REQ 1637150736 124 4
> VAMPIRE 1 11 17 2 1 2 0
> VAMPIRE 3 7 17 3 1 2 0
> VAMPIRE 2 11 17 2 1 2 0
> VAMPIRE 4 7 17 3 1 2 0
< RES 1637150736 124 4
> REQ 1637150736 125 4
> VAMPIRE 1 11 17 2 1 2 0
> VAMPIRE 3 7 17 3 1 2 0
> VAMPIRE 2 11 17 2 1 2 0
> VAMPIRE 4 7 17 3 1 2 0
< RES 1637150736 125 4
> REQ 1637150736 126 4
> VAMPIRE 1 11 17 2 1 2 0
> VAMPIRE 3 7 17 3 1 2 0
> VAMPIRE 2 11 17 2 1 2 0
> VAMPIRE 4 7 17 3 1 2 0
< RES 1637150736 126 4
> REQ 1637150736 127 4
> VAMPIRE 1 11 17 2 1 2 0
> VAMPIRE 3 7 17 3 1 2 0
> VAMPIRE 2 11 17 2 1 2 0
> VAMPIRE 4 7 17 3 1 2 0
< RES 1637150736 127 4
> REQ 1637150736 128 4
> VAMPIRE 1 11 17 2 1 2 0
> VAMPIRE 3 7 17 3 1 2 0
> VAMPIRE 2 11 17 2 1 2 0
> VAMPIRE 4 7 17 3 1 2 0
< RES 1637150736 128 4
> REQ 1637150736 129 4
> VAMPIRE 1 11 17 2 1 2 0
> VAMPIRE 3 7 17 3 1 2 0
> VAMPIRE 2 11 17 2 1 2 0
> VAMPIRE 4 7 17 3 1 2 0
< RES 1637150736 129 4
> REQ 1637150736 130 4
> VAMPIRE 1 11 17 2 1 2 0
> VAMPIRE 3 7 17 3 1 2 0
> VAMPIRE 2 11 17 2 1 2 0
> VAMPIRE 4 7 17 3 1 2 0
< RES 1637150736 130 4
> REQ 1637150736 131 4
> VAMPIRE 1 11 17 2 1 2 0
> VAMPIRE 3 7 17 3 1 2 0
> VAMPIRE 2 11 17 2 1 2 0
> VAMPIRE 4 7 17 3 1 2 0
< RES 1637150736 131 4
> REQ 1637150736 132 4
> VAMPIRE 1 11 17 2 1 2 0
> VAMPIRE 3 7 17 3 1 2 0
> VAMPIRE 2 11 17 2 1 2 0
> VAMPIRE 4 7 17 3 1 2 0
< RES 1637150736 132 4
> REQ 1637150736 133 4
> VAMPIRE 1 11 17 2 1 2 0
> VAMPIRE 3 7 17 3 1 2 0
> VAMPIRE 2 11 17 2 1 2 0
> VAMPIRE 4 7 17 3 1 2 0
< RES 1637150736 133 4
> REQ 1637150736 134 4
> VAMPIRE 1 11 17 2 1 2 0
> VAMPIRE 3 7 17 3 1 2 0
> VAMPIRE 2 11 17 2 1 2 0
> VAMPIRE 4 7 17 3 1 2 0
< RES 1637150736 134 4
> REQ 1637150736 135 4
> VAMPIRE 1 11 17 2 1 2 0
> VAMPIRE 3 7 17 3 1 2 0
> VAMPIRE 2 11 17 2 1 2 0
> VAMPIRE 4 7 17 3 1 2 0
< RES 1637150736 135 4
> REQ 1637150736 136 4
> VAMPIRE 1 11 17 2 1 2 0
> VAMPIRE 3 7 17 3 1 2 0
> VAMPIRE 2 11 17 2 1 2 0
> VAMPIRE 4 7 17 3 1 2 0
< RES 1637150736 136 4
> REQ 1637150736 137 4
> VAMPIRE 1 11 17 2 1 2 0
> VAMPIRE 3 7 17 3 1 2 0
> VAMPIRE 2 11 17 2 1 2 0
> VAMPIRE 4 7 17 3 1 2 0
< RES 1637150736 137 4
> REQ 1637150736 138 4
> VAMPIRE 1 11 17 2 1 2 0
> VAMPIRE 3 7 17 3 1 2 0
> VAMPIRE 2 11 17 2 1 2 0
> VAMPIRE 4 7 17 3 1 2 0
< RES 1637150736 138 4
> REQ 1637150736 139 4
> VAMPIRE 1 11 17 2 1 2 0
> VAMPIRE 3 7 17 3 1 2 0
> VAMPIRE 2 11 17 2 1 2 0
> VAMPIRE 4 7 17 3 1 2 0
< RES 1637150736 139 4
> REQ 1637150736 140 4
> VAMPIRE 1 11 17 2 1 2 0
> VAMPIRE 3 7 17 3 1 2 0
> VAMPIRE 2 11 17 2 1 2 0
> VAMPIRE 4 7 17 3 1 2 0
< RES 1637150736 140 4
> REQ 1637150736 141 4
> VAMPIRE 1 11 17 2 1 2 0
> VAMPIRE 3 7 17 3 1 2 0
> VAMPIRE 2 11 17 2 1 2 0
> VAMPIRE 4 7 17 3 1 2 0
< RES 1637150736 141 4
> REQ 1637150736 142 4
> VAMPIRE 1 11 17 2 1 2 0
> VAMPIRE 3 7 17 3 1 2 0
> VAMPIRE 2 11 17 2 1 2 0
> VAMPIRE 4 7 17 3 1 2 0
< RES 1637150736 142 4
> REQ 1637150736 143 4
> VAMPIRE 1 11 17 2 1 2 0
> VAMPIRE 3 7 17 3 1 2 0
> VAMPIRE 2 11 17 2 1 2 0
> VAMPIRE 4 7 17 3 1 2 0
< RES 1637150736 143 4
> REQ 1637150736 144 4
> VAMPIRE 1 11 17 2 1 2 0
> VAMPIRE 3 7 17 3 1 2 0
> VAMPIRE 2 11 17 2 1 2 0
> VAMPIRE 4 7 17 3 1 2 0
< RES 1637150736 144 4
> REQ 1637150736 145 4
> VAMPIRE 1 11 17 2 1 2 0
> VAMPIRE 3 7 17 3 1 2 0
> VAMPIRE 2 11 17 2 1 2 0
> VAMPIRE 4 7 17 3 1 2 0
< RES 1637150736 145 4
> REQ 1637150736 146 4
> VAMPIRE 1 11 17 2 1 2 0
> VAMPIRE 3 7 17 3 1 2 0
> VAMPIRE 2 11 17 2 1 2 0
> VAMPIRE 4 7 17 3 1 2 0
< RES 1637150736 146 4
> REQ 1637150736 147 4
> VAMPIRE 1 11 17 2 1 2 0
> VAMPIRE 3 7 17 3 1 2 0
> VAMPIRE 2 11 17 2 1 2 0
> VAMPIRE 4 7 17 3 1 2 0
< RES 1637150736 147 4
> REQ 1637150736 148 4
> VAMPIRE 1 11 17 2 1 2 0
> VAMPIRE 3 7 17 3 1 2 0
> VAMPIRE 2 11 17 2 1 2 0
> VAMPIRE 4 7 17 3 1 2 0
> POWERUP BATTERY -8 2 9
> POWERUP BATTERY -8 18 11
< RES 1637150736 148 4
< MOVE U U
> REQ 1637150736 149 4
> VAMPIRE 1 13 17 2 1 2 0
> VAMPIRE 3 5 17 3 1 2 0
> VAMPIRE 2 13 17 2 1 2 0
> VAMPIRE 4 5 17 3 1 2 0
> POWERUP BATTERY -7 2 9
> POWERUP BATTERY -7 18 11
< RES 1637150736 149 4
< MOVE U U
> REQ 1637150736 150 4
> VAMPIRE 1 15 17 2 1 2 0
> VAMPIRE 3 3 17 3 1 2 0
> VAMPIRE 2 15 17 2 1 2 0
> VAMPIRE 4 3 17 3 1 2 0
> POWERUP BATTERY -6 2 9
> POWERUP BATTERY -6 18 11
< RES 1637150736 150 4
< MOVE L L
> REQ 1637150736 151 4
> VAMPIRE 1 17 17 2 1 2 0
> VAMPIRE 3 3 15 3 1 2 0
> VAMPIRE 2 17 17 2 1 2 0
> VAMPIRE 4 3 15 3 1 2 0
> POWERUP BATTERY -5 2 9
> POWERUP BATTERY -5 18 11
< RES 1637150736 151 4
< MOVE L L
> REQ 1637150736 152 4
> VAMPIRE 1 17 15 2 1 2 0
> VAMPIRE 3 3 13 3 1 2 0
> VAMPIRE 2 17 15 2 1 2 0
> VAMPIRE 4 3 13 3 1 2 0
> POWERUP BATTERY -4 2 9
> POWERUP BATTERY -4 18 11
< RES 1637150736 152 4
< MOVE L L
> REQ 1637150736 153 4
> VAMPIRE 1 17 13 2 1 2 0
> VAMPIRE 3 3 11 3 1 2 0
> VAMPIRE 2 17 13 2 1 2 0
> VAMPIRE 4 3 11 3 1 2 0
> POWERUP BATTERY -3 2 9
> POWERUP BATTERY -3 18 11
< RES 1637150736 153 4
< MOVE L L
> REQ 1637150736 154 4
> VAMPIRE 1 17 11 2 1 2 0
> VAMPIRE 3 3 9 3 1 2 0
> VAMPIRE 2 17 11 2 1 2 0
> VAMPIRE 4 3 9 3 1 2 0
> POWERUP BATTERY -2 2 9
> POWERUP BATTERY -2 18 11
< RES 1637150736 154 4
< MOVE U
> REQ 1637150736 155 4
> VAMPIRE 1 18 11 2 1 2 0
> VAMPIRE 3 2 9 3 1 2 0
> VAMPIRE 2 18 11 2 1 2 0
> VAMPIRE 4 2 9 3 1 2 0
> POWERUP BATTERY -1 2 9
> POWERUP BATTERY -1 18 11
< RES 1637150736 155 4
< MOVE D
> REQ 1637150736 156 4
> VAMPIRE 1 17 11 2 1 3 0
> VAMPIRE 3 3 9 3 1 3 0
> VAMPIRE 2 17 11 2 1 3 0
> VAMPIRE 4 3 9 3 1 3 0
< RES 1637150736 156 4
< MOVE D D
> REQ 1637150736 157 4
> VAMPIRE 1 15 11 2 1 3 0
> VAMPIRE 3 5 9 3 1 3 0
> VAMPIRE 2 15 11 2 1 3 0
> VAMPIRE 4 5 9 3 1 3 0
< RES 1637150736 157 4
< MOVE D D
> REQ 1637150736 158 4
> VAMPIRE 1 13 11 2 1 3 0
> VAMPIRE 3 7 9 3 1 3 0
> VAMPIRE 2 13 11 2 1 3 0
> VAMPIRE 4 7 9 3 1 3 0
< RES 1637150736 158 4
< MOVE R R
> REQ 1637150736 159 4
> VAMPIRE 1 15 11 2 1 3 0
> VAMPIRE 3 7 11 3 1 3 0
> VAMPIRE 2 13 9 2 1 3 0
> VAMPIRE 4 7 11 3 1 3 0
< RES 1637150736 159 4
< MOVE L L
> REQ 1637150736 160 4
> VAMPIRE 1 15 9 2 1 3 0
> VAMPIRE 3 7 9 3 1 3 0
> VAMPIRE 2 11 9 2 1 3 0
> VAMPIRE 4 7 9 3 1 3 0
< RES 1637150736 160 4
< MOVE R R
> REQ 1637150736 161 4
> VAMPIRE 1 13 9 2 1 3 0
> VAMPIRE 3 7 11 3 1 3 0
> VAMPIRE 2 9 9 2 1 3 0
> VAMPIRE 4 7 11 3 1 3 0
< RES 1637150736 161 4
< MOVE U U
> REQ 1637150736 162 4
> VAMPIRE 1 11 9 2 1 3 0
> VAMPIRE 3 5 11 3 1 3 0
> VAMPIRE 2 7 9 2 1 3 0
> VAMPIRE 4 5 11 3 1 3 0
< RES 1637150736 162 4
< MOVE D D
> REQ 1637150736 163 4
> VAMPIRE 1 9 9 2 1 3 0
> VAMPIRE 3 7 11 3 1 3 0
> VAMPIRE 2 9 9 2 1 3 0
> VAMPIRE 4 7 11 3 1 3 0
< RES 1637150736 163 4
< MOVE R R
> REQ 1637150736 164 4
> VAMPIRE 1 11 9 2 1 3 0
> VAMPIRE 3 7 13 3 1 3 0
> VAMPIRE 2 11 9 2 1 3 0
> VAMPIRE 4 7 13 3 1 3 0
< RES 1637150736 164 4
< MOVE D D
> REQ 1637150736 165 4
> VAMPIRE 1 13 9 2 1 3 0
> VAMPIRE 3 9 13 3 1 3 0
> VAMPIRE 2 13 9 2 1 3 0
> VAMPIRE 4 9 13 3 1 3 0
< RES 1637150736 165 4
< MOVE U U
> REQ 1637150736 166 4
> VAMPIRE 1 13 7 2 1 3 0
> VAMPIRE 3 7 13 3 1 3 0
> VAMPIRE 2 13 7 2 1 3 0
> VAMPIRE 4 7 13 3 1 3 0
< RES 1637150736 166 4
< MOVE D D
> REQ 1637150736 167 4
> VAMPIRE 1 11 7 2 1 3 0
> VAMPIRE 3 9 13 3 1 3 0
> VAMPIRE 2 11 7 2 1 3 0
> VAMPIRE 4 9 13 3 1 3 0
> POWERUP SHOE -6 4 11
> POWERUP SHOE -6 16 9
< RES 1637150736 167 4
< MOVE U U
> REQ 1637150736 168 4
> VAMPIRE 1 11 9 2 1 3 0
> VAMPIRE 3 7 13 3 1 3 0
> VAMPIRE 2 11 9 2 1 3 0
> VAMPIRE 4 7 13 3 1 3 0
> POWERUP SHOE -5 4 11
> POWERUP SHOE -5 16 9
< RES 1637150736 168 4
< MOVE U U
> REQ 1637150736 169 4
> VAMPIRE 1 13 9 2 1 3 0
> VAMPIRE 3 5 13 3 1 3 0
> VAMPIRE 2 13 9 2 1 3 0
> VAMPIRE 4 5 13 3 1 3 0
> POWERUP SHOE -4 4 11
> POWERUP SHOE -4 16 9
< RES 1637150736 169 4
< MOVE L L
> REQ 1637150736 170 4
> VAMPIRE 1 15 9 2 1 3 0
> VAMPIRE 3 5 11 3 1 3 0
> VAMPIRE 2 15 9 2 1 3 0
> VAMPIRE 4 5 11 3 1 3 0
> POWERUP SHOE -3 4 11
> POWERUP SHOE -3 16 9
< RES 1637150736 170 4
< MOVE U
> REQ 1637150736 171 4
> VAMPIRE 1 16 9 2 1 3 0
> VAMPIRE 3 4 11 3 1 3 0
> VAMPIRE 2 16 9 2 1 3 0
> VAMPIRE 4 4 11 3 1 3 0
> POWERUP SHOE -2 4 11
> POWERUP SHOE -2 16 9
< RES 1637150736 171 4
> REQ 1637150736 172 4
> VAMPIRE 1 16 9 2 1 3 0
> VAMPIRE 3 4 11 3 1 3 0
> VAMPIRE 2 16 9 2 1 3 0
> VAMPIRE 4 4 11 3 1 3 0
> POWERUP SHOE -1 4 11
> POWERUP SHOE -1 16 9
< RES 1637150736 172 4
< MOVE U
> REQ 1637150736 173 4
> VAMPIRE 1 15 9 2 1 3 42
> VAMPIRE 3 3 11 3 1 3 42
> VAMPIRE 2 15 9 2 1 3 42
> VAMPIRE 4 3 11 3 1 3 42
< RES 1637150736 173 4
< MOVE D D
> REQ 1637150736 174 4
> VAMPIRE 1 13 9 2 1 3 41
> VAMPIRE 3 5 11 3 1 3 41
> VAMPIRE 2 13 9 2 1 3 41
> VAMPIRE 4 5 11 3 1 3 41
< RES 1637150736 174 4
< MOVE D D
> REQ 1637150736 175 4
> VAMPIRE 1 13 11 2 1 3 40
> VAMPIRE 3 7 11 3 1 3 40
> VAMPIRE 2 13 11 2 1 3 40
> VAMPIRE 4 7 11 3 1 3 40
< RES 1637150736 175 4
< MOVE L L
> REQ 1637150736 176 4
> VAMPIRE 1 13 9 2 1 3 39
> VAMPIRE 3 7 9 3 1 3 39
> VAMPIRE 2 13 9 2 1 3 39
> VAMPIRE 4 7 9 3 1 3 39
< RES 1637150736 176 4
< MOVE R R
> REQ 1637150736 177 4
> VAMPIRE 1 13 11 2 1 3 38
> VAMPIRE 3 7 11 3 1 3 38
> VAMPIRE 2 13 11 2 1 3 38
> VAMPIRE 4 7 11 3 1 3 38
< RES 1637150736 177 4
< MOVE L L
> REQ 1637150736 178 4
> VAMPIRE 1 13 9 2 1 3 37
> VAMPIRE 3 7 9 3 1 3 37
> VAMPIRE 2 13 9 2 1 3 37
> VAMPIRE 4 7 9 3 1 3 37
< RES 1637150736 178 4
< MOVE R R
> REQ 1637150736 179 4
> VAMPIRE 1 13 11 2 1 3 36
> VAMPIRE 3 7 11 3 1 3 36
> VAMPIRE 2 13 11 2 1 3 36
> VAMPIRE 4 7 11 3 1 3 36
< RES 1637150736 179 4
< MOVE L L
> REQ 1637150736 180 4
> VAMPIRE 1 13 9 2 1 3 35
> VAMPIRE 3 7 9 3 1 3 35
> VAMPIRE 2 13 9 2 1 3 35
> VAMPIRE 4 7 9 3 1 3 35
< RES 1637150736 180 4
< MOVE R R
> REQ 1637150736 181 4
> VAMPIRE 1 13 11 2 1 3 34
> VAMPIRE 3 7 11 3 1 3 34
> VAMPIRE 2 13 11 2 1 3 34
> VAMPIRE 4 7 11 3 1 3 34
< RES 1637150736 181 4
< MOVE L L
> REQ 1637150736 182 4
> VAMPIRE 1 13 9 2 1 3 33
> VAMPIRE 3 7 9 3 1 3 33
> VAMPIRE 2 13 9 2 1 3 33
> VAMPIRE 4 7 9 3 1 3 33
< RES 1637150736 182 4
< MOVE R R
> REQ 1637150736 183 4
> VAMPIRE 1 13 11 2 1 3 32
> VAMPIRE 3 7 11 3 1 3 32
> VAMPIRE 2 13 11 2 1 3 32
> VAMPIRE 4 7 11 3 1 3 32
< RES 1637150736 183 4
< MOVE L L
> REQ 1637150736 184 4
> VAMPIRE 1 13 9 2 1 3 31
> VAMPIRE 3 7 9 3 1 3 31
> VAMPIRE 2 13 9 2 1 3 31
> VAMPIRE 4 7 9 3 1 3 31
< RES 1637150736 184 4
< MOVE R R
> REQ 1637150736 185 4
> VAMPIRE 1 13 11 2 1 3 30
> VAMPIRE 3 7 11 3 1 3 30
> VAMPIRE 2 13 11 2 1 3 30
> VAMPIRE 4 7 11 3 1 3 30
< RES 1637150736 185 4
< MOVE L L
> REQ 1637150736 186 4
> VAMPIRE 1 13 9 2 1 3 29
> VAMPIRE 3 7 9 3 1 3 29
> VAMPIRE 2 13 9 2 1 3 29
> VAMPIRE 4 7 9 3 1 3 29
< RES 1637150736 186 4
< MOVE R R
> REQ 1637150736 187 4
> VAMPIRE 1 13 11 2 1 3 28
> VAMPIRE 3 7 11 3 1 3 28
> VAMPIRE 2 13 11 2 1 3 28
> VAMPIRE 4 7 11 3 1 3 28
< RES 1637150736 187 4
< MOVE L L
> REQ 1637150736 188 4
> VAMPIRE 1 13 9 2 1 3 27
> VAMPIRE 3 7 9 3 1 3 27
> VAMPIRE 2 13 9 2 1 3 27
> VAMPIRE 4 7 9 3 1 3 27
< RES 1637150736 188 4
< MOVE R R
> REQ 1637150736 189 4
> VAMPIRE 1 13 11 2 1 3 26
> VAMPIRE 3 7 11 3 1 3 26
> VAMPIRE 2 13 11 2 1 3 26
> VAMPIRE 4 7 11 3 1 3 26
< RES 1637150736 189 4
< MOVE L L
> REQ 1637150736 190 4
> VAMPIRE 1 13 9 2 1 3 25
> VAMPIRE 3 7 9 3 1 3 25
> VAMPIRE 2 13 9 2 1 3 25
> VAMPIRE 4 7 9 3 1 3 25
< RES 1637150736 190 4
< MOVE R R
> REQ 1637150736 191 4
> VAMPIRE 1 13 11 2 1 3 24
> VAMPIRE 3 7 11 3 1 3 24
> VAMPIRE 2 13 11 2 1 3 24
> VAMPIRE 4 7 11 3 1 3 24
> POWERUP GRENADE -7 2 5
> POWERUP GRENADE -7 18 15
< RES 1637150736 191 4
< MOVE U U U
> REQ 1637150736 192 4
> VAMPIRE 1 13 14 2 1 3 23
> VAMPIRE 3 4 11 3 1 3 23
> VAMPIRE 2 13 14 2 1 3 23
> VAMPIRE 4 4 11 3 1 3 23
> POWERUP GRENADE -6 2 5
> POWERUP GRENADE -6 18 15
< RES 1637150736 192 4
< MOVE U L L
> REQ 1637150736 193 4
> VAMPIRE 1 15 15 2 1 3 22
> VAMPIRE 3 3 9 3 1 3 22
> VAMPIRE 2 15 15 2 1 3 22
> VAMPIRE 4 3 9 3 1 3 22
> POWERUP GRENADE -5 2 5
> POWERUP GRENADE -5 18 15
< RES 1637150736 193 4
< MOVE L L L
> REQ 1637150736 194 4
> VAMPIRE 1 18 15 2 1 3 21
> VAMPIRE 3 3 6 3 1 3 21
> VAMPIRE 2 18 15 2 1 3 21
> VAMPIRE 4 3 6 3 1 3 21
> POWERUP GRENADE -4 2 5
> POWERUP GRENADE -4 18 15
< RES 1637150736 194 4
< MOVE L U
> REQ 1637150736 195 4
> VAMPIRE 1 18 15 2 1 3 20
> VAMPIRE 3 2 5 3 1 3 20
> VAMPIRE 2 18 15 2 1 3 20
> VAMPIRE 4 2 5 3 1 3 20
> POWERUP GRENADE -3 2 5
> POWERUP GRENADE -3 18 15
< RES 1637150736 195 4
> REQ 1637150736 196 4
> VAMPIRE 1 18 15 2 1 3 19
> VAMPIRE 3 2 5 3 1 3 19
> VAMPIRE 2 18 15 2 1 3 19
> VAMPIRE 4 2 5 3 1 3 19
> POWERUP GRENADE -2 2 5
> POWERUP GRENADE -2 18 15
< RES 1637150736 196 4
> REQ 1637150736 197 4
> VAMPIRE 1 18 15 2 1 3 18
> VAMPIRE 3 2 5 3 1 3 18
> VAMPIRE 2 18 15 2 1 3 18
> VAMPIRE 4 2 5 3 1 3 18
> POWERUP GRENADE -1 2 5
> POWERUP GRENADE -1 18 15
< RES 1637150736 197 4
< MOVE D D D
> REQ 1637150736 198 4
> VAMPIRE 1 15 15 2 2 3 17
> VAMPIRE 3 5 5 3 2 3 17
> VAMPIRE 2 15 15 2 2 3 17
> VAMPIRE 4 5 5 3 2 3 17
< RES 1637150736 198 4
< MOVE R R
> REQ 1637150736 199 4
> VAMPIRE 1 13 15 2 2 3 16
> VAMPIRE 3 5 7 3 2 3 16
> VAMPIRE 2 13 15 2 2 3 16
> VAMPIRE 4 5 7 3 2 3 16
< RES 1637150736 199 4
< MOVE D D
> REQ 1637150736 200 4
> VAMPIRE 1 13 13 2 2 3 15
> VAMPIRE 3 7 7 3 2 3 15
> VAMPIRE 2 13 13 2 2 3 15
> VAMPIRE 4 7 7 3 2 3 15
< RES 1637150736 200 4
< MOVE R R
> REQ 1637150736 201 4
> VAMPIRE 1 11 13 2 2 3 14
> VAMPIRE 3 7 9 3 2 3 14
> VAMPIRE 2 11 13 2 2 3 14
> VAMPIRE 4 7 9 3 2 3 14
< RES 1637150736 201 4
< MOVE L L
> REQ 1637150736 202 4
> VAMPIRE 1 13 13 2 2 3 13
> VAMPIRE 3 7 7 3 2 3 13
> VAMPIRE 2 13 13 2 2 3 13
> VAMPIRE 4 7 7 3 2 3 13
< RES 1637150736 202 4
< MOVE R R
> REQ 1637150736 203 4
> VAMPIRE 1 11 13 2 2 3 12
> VAMPIRE 3 7 9 3 2 3 12
> VAMPIRE 2 11 13 2 2 3 12
> VAMPIRE 4 7 9 3 2 3 12
< RES 1637150736 203 4
< MOVE L L
> REQ 1637150736 204 4
> VAMPIRE 1 13 13 2 2 3 11
> VAMPIRE 3 7 7 3 2 3 11
> VAMPIRE 2 13 13 2 2 3 11
> VAMPIRE 4 7 7 3 2 3 11
< RES 1637150736 204 4
< MOVE R R
> REQ 1637150736 205 4
> VAMPIRE 1 11 13 2 2 3 10
> VAMPIRE 3 7 9 3 2 3 10
> VAMPIRE 2 11 13 2 2 3 10
> VAMPIRE 4 7 9 3 2 3 10
< RES 1637150736 205 4
< MOVE L L
> REQ 1637150736 206 4
> VAMPIRE 1 13 13 2 2 3 9
> VAMPIRE 3 7 7 3 2 3 9
> VAMPIRE 2 13 13 2 2 3 9
> VAMPIRE 4 7 7 3 2 3 9
< RES 1637150736 206 4
< MOVE R R
> REQ 1637150736 207 4
> VAMPIRE 1 11 13 2 2 3 8
> VAMPIRE 3 7 9 3 2 3 8
> VAMPIRE 2 11 13 2 2 3 8
> VAMPIRE 4 7 9 3 2 3 8
< RES 1637150736 207 4
< MOVE L L
> REQ 1637150736 208 4
> VAMPIRE 1 13 13 2 2 3 7
> VAMPIRE 3 7 7 3 2 3 7
> VAMPIRE 2 13 13 2 2 3 7
> VAMPIRE 4 7 7 3 2 3 7
< RES 1637150736 208 4
< MOVE R R
> REQ 1637150736 209 4
> VAMPIRE 1 11 13 2 2 3 6
> VAMPIRE 3 7 9 3 2 3 6
> VAMPIRE 2 11 13 2 2 3 6
> VAMPIRE 4 7 9 3 2 3 6
< RES 1637150736 209 4
< MOVE L L
> REQ 1637150736 210 4
> VAMPIRE 1 13 13 2 2 3 5
> VAMPIRE 3 7 7 3 2 3 5
> VAMPIRE 2 13 13 2 2 3 5
> VAMPIRE 4 7 7 3 2 3 5
< RES 1637150736 210 4
< MOVE R R
> REQ 1637150736 211 4
> VAMPIRE 1 11 13 2 2 3 4
> VAMPIRE 3 7 9 3 2 3 4
> VAMPIRE 2 11 13 2 2 3 4
> VAMPIRE 4 7 9 3 2 3 4
< RES 1637150736 211 4
< MOVE D D
> REQ 1637150736 212 4
> VAMPIRE 1 13 13 2 2 3 3
> VAMPIRE 3 9 9 3 2 3 3
> VAMPIRE 2 11 11 2 2 3 3
> VAMPIRE 4 9 9 3 2 3 3
< RES 1637150736 212 4
< MOVE U U
> REQ 1637150736 213 4
> VAMPIRE 1 11 13 2 2 3 2
> VAMPIRE 3 7 9 3 2 3 2
> VAMPIRE 2 9 11 2 2 3 2
> VAMPIRE 4 7 9 3 2 3 2
< RES 1637150736 213 4
< MOVE D D
> REQ 1637150736 214 4
> VAMPIRE 1 11 11 2 2 3 1
> VAMPIRE 3 9 9 3 2 3 1
> VAMPIRE 2 11 11 2 2 3 1
> VAMPIRE 4 9 9 3 2 3 1
< RES 1637150736 214 4
< MOVE U U
> REQ 1637150736 215 4
> VAMPIRE 1 11 13 2 2 3 0
> VAMPIRE 3 7 9 3 2 3 0
> VAMPIRE 2 11 13 2 2 3 0
> VAMPIRE 4 7 9 3 2 3 0
< RES 1637150736 215 4
< MOVE L L
> REQ 1637150736 216 4
> VAMPIRE 1 13 13 2 2 3 0
> VAMPIRE 3 7 7 3 2 3 0
> VAMPIRE 2 13 13 2 2 3 0
> VAMPIRE 4 7 7 3 2 3 0
< RES 1637150736 216 4
< MOVE R R
> REQ 1637150736 217 4
> VAMPIRE 1 11 13 2 2 3 0
> VAMPIRE 3 7 9 3 2 3 0
> VAMPIRE 2 11 13 2 2 3 0
> VAMPIRE 4 7 9 3 2 3 0
< RES 1637150736 217 4
< MOVE L L
> REQ 1637150736 218 4
> VAMPIRE 1 13 13 2 2 3 0
> VAMPIRE 3 7 7 3 2 3 0
> VAMPIRE 2 13 13 2 2 3 0
> VAMPIRE 4 7 7 3 2 3 0
> POWERUP GRENADE -8 6 7
> POWERUP GRENADE -8 14 13
< RES 1637150736 218 4
< MOVE U
> REQ 1637150736 219 4
> VAMPIRE 1 14 13 2 2 3 0
> VAMPIRE 3 5 7 3 1 3 0
> VAMPIRE 2 15 13 2 1 3 0
> VAMPIRE 4 6 7 3 2 3 0
> GRENADE 3 7 7 5 3
> GRENADE 2 13 13 5 3
> POWERUP GRENADE -7 6 7
> POWERUP GRENADE -7 14 13
< RES 1637150736 219 4
> REQ 1637150736 220 4
> VAMPIRE 1 14 13 2 2 3 0
> VAMPIRE 3 5 7 3 0 3 0
> VAMPIRE 2 15 13 2 0 3 0
> VAMPIRE 4 6 7 3 2 3 0
> GRENADE 3 7 7 4 3
> GRENADE 2 13 13 4 3
> GRENADE 3 5 7 5 3
> GRENADE 2 15 13 5 3
> POWERUP GRENADE -6 6 7
> POWERUP GRENADE -6 14 13
< RES 1637150736 220 4
> REQ 1637150736 221 4
> VAMPIRE 1 14 13 2 2 3 0
> VAMPIRE 3 5 7 3 0 3 0
> VAMPIRE 2 15 13 2 0 3 0
> VAMPIRE 4 6 7 3 2 3 0
> GRENADE 3 7 7 3 3
> GRENADE 2 13 13 3 3
> GRENADE 3 5 7 4 3
> GRENADE 2 15 13 4 3
> POWERUP GRENADE -5 6 7
> POWERUP GRENADE -5 14 13
< RES 1637150736 221 4
< GRENADE
> REQ 1637150736 222 4
> VAMPIRE 1 14 13 2 1 3 0
> VAMPIRE 3 5 6 3 0 3 0
> VAMPIRE 2 15 12 2 0 3 0
> VAMPIRE 4 6 7 3 1 3 0
> GRENADE 3 7 7 2 3
> GRENADE 2 13 13 2 3
> GRENADE 3 5 7 3 3
> GRENADE 2 15 13 3 3
> GRENADE 1 14 13 5 3
> GRENADE 4 6 7 5 3
> POWERUP GRENADE -4 6 7
> POWERUP GRENADE -4 14 13
< RES 1637150736 222 4
> REQ 1637150736 223 4
> VAMPIRE 1 14 13 2 1 3 0
> VAMPIRE 3 6 5 3 0 3 0
> VAMPIRE 2 14 11 2 0 3 0
> VAMPIRE 4 6 7 3 1 3 0
> GRENADE 3 7 7 1 3
> GRENADE 2 13 13 1 3
> GRENADE 3 5 7 2 3
> GRENADE 2 15 13 2 3
> GRENADE 1 14 13 4 3
> GRENADE 4 6 7 4 3
> POWERUP GRENADE -3 6 7
> POWERUP GRENADE -3 14 13
< RES 1637150736 223 4
> REQ 1637150736 224 4
> VAMPIRE 1 14 13 1 2 3 0
> VAMPIRE 3 7 6 3 2 3 0
> VAMPIRE 2 13 12 2 2 3 0
> VAMPIRE 4 6 7 2 2 3 0
> POWERUP GRENADE -2 6 7
> POWERUP GRENADE -2 14 13
< RES 1637150736 224 4
> REQ 1637150736 225 4
> VAMPIRE 1 14 13 1 2 3 0
> VAMPIRE 3 6 7 3 2 3 0
> VAMPIRE 2 14 13 2 2 3 0
> VAMPIRE 4 6 7 2 2 3 0
> POWERUP GRENADE -1 6 7
> POWERUP GRENADE -1 14 13
< RES 1637150736 225 4
< MOVE U
> REQ 1637150736 226 4
> VAMPIRE 1 13 13 1 3 3 0
> VAMPIRE 3 5 7 3 3 3 0
> VAMPIRE 2 13 13 2 3 3 0
> VAMPIRE 4 5 7 2 3 3 0
< RES 1637150736 226 4
< MOVE D D
> REQ 1637150736 227 4
> VAMPIRE 1 13 11 1 3 3 0
> VAMPIRE 3 7 7 3 3 3 0
> VAMPIRE 2 13 11 2 3 3 0
> VAMPIRE 4 7 7 2 3 3 0
< RES 1637150736 227 4
< MOVE R R
> REQ 1637150736 228 4
> VAMPIRE 1 13 13 1 3 3 0
> VAMPIRE 3 5 7 3 3 3 0
> VAMPIRE 2 13 13 2 3 3 0
> VAMPIRE 4 7 9 2 3 3 0
< RES 1637150736 228 4
< MOVE D D
> REQ 1637150736 229 4
> VAMPIRE 1 13 11 1 3 3 0
> VAMPIRE 3 7 7 3 3 3 0
> VAMPIRE 2 13 11 2 3 3 0
> VAMPIRE 4 9 9 2 3 3 0
< RES 1637150736 229 4
< MOVE R R
> REQ 1637150736 230 4
> VAMPIRE 1 13 13 1 3 3 0
> VAMPIRE 3 7 9 3 3 3 0
> VAMPIRE 2 15 11 2 3 3 0
> VAMPIRE 4 9 11 2 3 3 0
< RES 1637150736 230 4
< MOVE U U
> REQ 1637150736 231 4
> VAMPIRE 1 11 13 1 3 3 0
> VAMPIRE 3 7 11 3 3 3 0
> VAMPIRE 2 13 11 2 3 3 0
> VAMPIRE 4 7 11 2 3 3 0
< RES 1637150736 231 4
< MOVE L L
> REQ 1637150736 232 4
> VAMPIRE 1 11 15 1 3 3 0
> VAMPIRE 3 7 9 3 3 3 0
> VAMPIRE 2 13 13 2 3 3 0
> VAMPIRE 4 7 9 2 3 3 0
< RES 1637150736 232 4
< MOVE L L
> REQ 1637150736 233 4
> VAMPIRE 1 11 15 1 3 3 0
> VAMPIRE 3 7 7 3 3 3 0
> VAMPIRE 2 13 13 2 3 3 0
> VAMPIRE 4 7 7 2 3 3 0
< RES 1637150736 233 4
< MOVE D D
> REQ 1637150736 234 4
> VAMPIRE 1 11 13 1 3 3 0
> VAMPIRE 3 7 5 3 3 3 0
> VAMPIRE 2 13 11 2 3 3 0
> VAMPIRE 4 9 7 2 3 3 0
< RES 1637150736 234 4
< MOVE D D
> REQ 1637150736 235 4
> VAMPIRE 1 13 13 1 3 3 0
> VAMPIRE 3 9 5 3 3 3 0
> VAMPIRE 2 15 11 2 3 3 0
> VAMPIRE 4 11 7 2 3 3 0
< RES 1637150736 235 4
< MOVE U U
> REQ 1637150736 236 4
> VAMPIRE 1 13 11 1 3 3 0
> VAMPIRE 3 9 7 3 3 3 0
> VAMPIRE 2 15 9 2 3 3 0
> VAMPIRE 4 9 7 2 3 3 0
< RES 1637150736 236 4
< MOVE U U
> REQ 1637150736 237 4
> VAMPIRE 1 13 13 1 3 3 0
> VAMPIRE 3 7 7 3 3 3 0
> VAMPIRE 2 15 11 2 3 3 0
> VAMPIRE 4 7 7 2 3 3 0
< RES 1637150736 237 4
< MOVE R R
> REQ 1637150736 238 4
> VAMPIRE 1 11 13 1 3 3 0
> VAMPIRE 3 7 9 3 3 3 0
> VAMPIRE 2 13 11 2 3 3 0
> VAMPIRE 4 7 9 2 3 3 0
< RES 1637150736 238 4
< MOVE U U
> REQ 1637150736 239 4
> VAMPIRE 1 11 15 1 3 3 0
> VAMPIRE 3 5 9 3 3 3 0
> VAMPIRE 2 13 13 2 3 3 0
> VAMPIRE 4 5 9 2 3 3 0
< RES 1637150736 239 4
< MOVE D D
> REQ 1637150736 240 4
> VAMPIRE 1 11 13 1 3 3 0
> VAMPIRE 3 5 7 3 3 3 0
> VAMPIRE 2 11 13 2 3 3 0
> VAMPIRE 4 7 9 2 3 3 0
< RES 1637150736 240 4
< MOVE D D
> REQ 1637150736 241 4
> VAMPIRE 1 13 13 1 3 3 0
> VAMPIRE 3 7 7 3 3 3 0
> VAMPIRE 2 13 13 2 3 3 0
> VAMPIRE 4 9 9 2 3 3 0
< RES 1637150736 241 4
< MOVE R R
> REQ 1637150736 242 4
> VAMPIRE 1 13 15 1 3 3 0
> VAMPIRE 3 7 9 3 3 3 0
> VAMPIRE 2 13 13 2 3 3 0
> VAMPIRE 4 9 11 2 3 3 0
< RES 1637150736 242 4
< MOVE U U
> REQ 1637150736 243 4
> VAMPIRE 1 11 15 1 3 3 0
> VAMPIRE 3 7 11 3 3 3 0
> VAMPIRE 2 13 11 2 3 3 0
> VAMPIRE 4 7 11 2 3 3 0
> POWERUP SHOE -5 1 18
> POWERUP SHOE -5 19 2
< RES 1637150736 243 4
< MOVE U U
> REQ 1637150736 244 4
> VAMPIRE 1 9 15 1 3 3 0
> VAMPIRE 3 5 11 3 3 3 0
> VAMPIRE 2 15 11 2 3 3 0
> VAMPIRE 4 5 11 2 3 3 0
> POWERUP SHOE -4 1 18
> POWERUP SHOE -4 19 2
< RES 1637150736 244 4
< MOVE U U
> REQ 1637150736 245 4
> VAMPIRE 1 7 15 1 3 3 0
> VAMPIRE 3 3 11 3 3 3 0
> VAMPIRE 2 17 11 2 3 3 0
> VAMPIRE 4 3 11 2 3 3 0
> POWERUP SHOE -3 1 18
> POWERUP SHOE -3 19 2
< RES 1637150736 245 4
< MOVE U U
> REQ 1637150736 246 4
> VAMPIRE 1 5 15 1 3 3 0
> VAMPIRE 3 1 11 3 3 3 0
> VAMPIRE 2 19 11 2 3 3 0
> VAMPIRE 4 1 11 2 3 3 0
> POWERUP SHOE -2 1 18
> POWERUP SHOE -2 19 2
< RES 1637150736 246 4
< MOVE R R
> REQ 1637150736 247 4
> VAMPIRE 1 3 15 1 3 3 0
> VAMPIRE 3 1 13 3 3 3 0
> VAMPIRE 2 19 9 2 3 3 0
> VAMPIRE 4 1 13 2 3 3 0
> POWERUP SHOE -1 1 18
> POWERUP SHOE -1 19 2
< RES 1637150736 247 4
< MOVE R R
> REQ 1637150736 248 4
> VAMPIRE 1 1 15 1 3 3 0
> VAMPIRE 3 1 15 3 3 3 0
> VAMPIRE 2 19 7 2 3 3 0
> VAMPIRE 4 1 15 2 3 3 0
> POWERUP SHOE 11 1 18
> POWERUP SHOE 11 19 2
< RES 1637150736 248 4
< MOVE R R
> REQ 1637150736 249 4
> VAMPIRE 1 1 17 1 3 3 0
> VAMPIRE 3 1 17 3 3 3 0
> VAMPIRE 2 19 5 2 3 3 0
> VAMPIRE 4 1 17 2 3 3 0
> POWERUP SHOE 10 1 18
> POWERUP SHOE 10 19 2
< RES 1637150736 249 4
< MOVE R
> REQ 1637150736 250 4
> VAMPIRE 1 1 18 1 3 3 0
> VAMPIRE 3 1 19 3 2 3 0
> VAMPIRE 2 19 3 2 3 3 0
> VAMPIRE 4 1 18 2 3 3 0
> GRENADE 3 1 17 5 3
> POWERUP SHOE 9 1 18
> POWERUP SHOE 9 19 2
< RES 1637150736 250 4
< GRENADE
< MOVE R D
> REQ 1637150736 251 4
> VAMPIRE 1 1 18 1 2 3 42
> VAMPIRE 3 3 19 3 1 3 0
> VAMPIRE 2 19 2 2 3 3 0
> VAMPIRE 4 1 18 2 2 3 42
> GRENADE 3 1 17 4 3
> GRENADE 1 1 18 5 3
> GRENADE 3 1 19 5 3
> GRENADE 4 1 18 5 3
> POWERUP SHOE 8 19 2
< RES 1637150736 251 4
> REQ 1637150736 252 4
> VAMPIRE 1 1 18 1 2 3 41
> VAMPIRE 3 5 19 3 1 3 0
> VAMPIRE 2 19 3 2 3 3 42
> VAMPIRE 4 1 18 2 2 3 41
> GRENADE 3 1 17 3 3
> GRENADE 1 1 18 4 3
> GRENADE 3 1 19 4 3
> GRENADE 4 1 18 4 3
< RES 1637150736 252 4
> REQ 1637150736 253 4
> VAMPIRE 1 1 18 1 2 3 40
> VAMPIRE 3 5 17 3 1 3 0
> VAMPIRE 2 17 3 2 3 3 41
> VAMPIRE 4 1 18 2 2 3 40
> GRENADE 3 1 17 2 3
> GRENADE 1 1 18 3 3
> GRENADE 3 1 19 3 3
> GRENADE 4 1 18 3 3
< RES 1637150736 253 4
< GRENADE
> REQ 1637150736 254 4
> VAMPIRE 1 1 18 1 1 3 39
> VAMPIRE 3 5 15 3 1 3 0
> VAMPIRE 2 17 5 2 3 3 40
> VAMPIRE 4 1 18 2 1 3 39
> GRENADE 3 1 17 1 3
> GRENADE 1 1 18 2 3
> GRENADE 3 1 19 2 3
> GRENADE 4 1 18 2 3
> GRENADE 1 1 18 5 3
> GRENADE 4 1 18 5 3
< RES 1637150736 254 4
> REQ 1637150736 255 4
> VAMPIRE 1 1 18 0 3 3 38
> VAMPIRE 3 7 15 3 3 3 0
> VAMPIRE 2 15 5 2 3 3 39
> VAMPIRE 4 1 18 1 3 3 38
< RES 1637150736 255 4
< MOVE L D D
> REQ 1637150736 256 4
> VAMPIRE 1 1 18 0 3 3 37
> VAMPIRE 3 9 15 3 3 3 0
> VAMPIRE 2 15 7 2 3 3 38
> VAMPIRE 4 3 17 1 3 3 37
< RES 1637150736 256 4
< MOVE L L
> REQ 1637150736 257 4
> VAMPIRE 1 1 18 0 3 3 36
> VAMPIRE 3 9 13 3 3 3 0
> VAMPIRE 2 13 7 2 3 3 37
> VAMPIRE 4 3 15 1 3 3 36
< RES 1637150736 257 4
< MOVE D D
> REQ 1637150736 258 4
> VAMPIRE 1 1 18 0 3 3 35
> VAMPIRE 3 11 13 3 3 3 0
> VAMPIRE 2 13 9 2 3 3 36
> VAMPIRE 4 5 15 1 3 3 35
< RES 1637150736 258 4
< MOVE L L
> REQ 1637150736 259 4
> VAMPIRE 1 1 18 0 3 3 34
> VAMPIRE 3 11 11 3 3 3 0
> VAMPIRE 2 11 9 2 3 3 35
> VAMPIRE 4 5 13 1 3 3 34
< RES 1637150736 259 4
< MOVE L L
> REQ 1637150736 260 4
> VAMPIRE 1 1 18 0 3 3 33
> VAMPIRE 3 13 11 3 3 3 0
> VAMPIRE 2 9 9 2 3 3 34
> VAMPIRE 4 5 11 1 3 3 33
< RES 1637150736 260 4
> REQ 1637150736 261 4
> VAMPIRE 1 1 18 0 3 3 32
> VAMPIRE 3 15 11 3 3 3 0
> VAMPIRE 2 9 9 2 3 3 33
> VAMPIRE 4 5 11 1 3 3 32
< RES 1637150736 261 4
> REQ 1637150736 262 4
> VAMPIRE 1 1 18 0 3 3 31
> VAMPIRE 3 15 9 3 3 3 0
> VAMPIRE 2 9 7 2 3 3 32
> VAMPIRE 4 5 11 1 3 3 31
< RES 1637150736 262 4
< MOVE D D
> REQ 1637150736 263 4
> VAMPIRE 1 1 18 0 3 3 30
> VAMPIRE 3 15 9 3 3 3 0
> VAMPIRE 2 9 9 2 3 3 31
> VAMPIRE 4 7 11 1 3 3 30
> POWERUP BATTERY -8 3 11
> POWERUP BATTERY -8 17 9
< RES 1637150736 263 4
< MOVE U U U
> REQ 1637150736 264 4
> VAMPIRE 1 1 18 0 3 3 29
> VAMPIRE 3 17 9 3 3 3 0
> VAMPIRE 2 6 9 2 3 3 30
> VAMPIRE 4 4 11 1 3 3 29
> POWERUP BATTERY -7 3 11
> POWERUP BATTERY -7 17 9
< RES 1637150736 264 4
< MOVE U
> REQ 1637150736 265 4
> VAMPIRE 1 1 18 0 3 3 28
> VAMPIRE 3 17 9 3 3 3 0
> VAMPIRE 2 3 9 2 3 3 29
> VAMPIRE 4 3 11 1 3 3 28
> POWERUP BATTERY -6 3 11
> POWERUP BATTERY -6 17 9
< RES 1637150736 265 4
> REQ 1637150736 266 4
> VAMPIRE 1 1 18 0 3 3 27
> VAMPIRE 3 17 9 3 3 3 0
> VAMPIRE 2 2 9 2 3 3 28
> VAMPIRE 4 3 11 1 3 3 27
> POWERUP BATTERY -5 3 11
> POWERUP BATTERY -5 17 9
< RES 1637150736 266 4
< GRENADE
> REQ 1637150736 267 4
> VAMPIRE 1 1 18 0 3 3 26
> VAMPIRE 3 17 9 3 3 3 0
> VAMPIRE 2 3 10 2 3 3 27
> VAMPIRE 4 3 11 1 2 3 26
> GRENADE 4 3 11 5 3
> POWERUP BATTERY -4 3 11
> POWERUP BATTERY -4 17 9
< RES 1637150736 267 4
> REQ 1637150736 268 4
> VAMPIRE 1 1 18 0 3 3 25
> VAMPIRE 3 17 9 3 3 3 0
> VAMPIRE 2 5 9 2 3 3 26
> VAMPIRE 4 3 11 1 2 3 25
> GRENADE 4 3 11 4 3
> POWERUP BATTERY -3 3 11
> POWERUP BATTERY -3 17 9
< RES 1637150736 268 4
> REQ 1637150736 269 4
> VAMPIRE 1 1 18 0 3 3 24
> VAMPIRE 3 17 9 3 3 3 0
> VAMPIRE 2 7 9 2 3 3 25
> VAMPIRE 4 3 11 1 2 3 24
> GRENADE 4 3 11 3 3
> POWERUP BATTERY -2 3 11
> POWERUP BATTERY -2 17 9
< RES 1637150736 269 4
> REQ 1637150736 270 4
> VAMPIRE 1 1 18 0 3 3 23
> VAMPIRE 3 17 9 3 3 3 0
> VAMPIRE 2 7 11 2 3 3 24
> VAMPIRE 4 3 11 1 2 3 23
> GRENADE 4 3 11 2 3
> POWERUP BATTERY -1 3 11
> POWERUP BATTERY -1 17 9
< RES 1637150736 270 4
< MOVE L L U
> REQ 1637150736 271 4
> VAMPIRE 1 1 18 0 3 3 22
> VAMPIRE 3 15 9 3 3 4 0
> VAMPIRE 2 9 11 2 3 3 23
> VAMPIRE 4 2 9 1 2 4 22
> GRENADE 4 3 11 1 3
< RES 1637150736 271 4
< MOVE D D D
> REQ 1637150736 272 4
> VAMPIRE 1 1 18 0 3 3 21
> VAMPIRE 3 15 11 3 3 4 0
> VAMPIRE 2 11 11 2 3 3 22
> VAMPIRE 4 5 9 1 3 4 21
< RES 1637150736 272 4
< MOVE D D
> REQ 1637150736 273 4
> VAMPIRE 1 1 18 0 3 3 20
> VAMPIRE 3 15 9 3 3 4 0
> VAMPIRE 2 11 9 2 3 3 21
> VAMPIRE 4 7 9 1 3 4 20
< RES 1637150736 273 4
> REQ 1637150736 274 4
> VAMPIRE 1 1 18 0 3 3 19
> VAMPIRE 3 15 11 3 3 4 0
> VAMPIRE 2 11 11 2 3 3 20
> VAMPIRE 4 7 9 1 3 4 19
< RES 1637150736 274 4
< MOVE R R
> REQ 1637150736 275 4
> VAMPIRE 1 1 18 0 3 3 18
> VAMPIRE 3 15 9 3 3 4 0
> VAMPIRE 2 11 9 2 3 3 19
> VAMPIRE 4 7 11 1 3 4 18
< RES 1637150736 275 4
< MOVE L L
> REQ 1637150736 276 4
> VAMPIRE 1 1 18 0 3 3 17
> VAMPIRE 3 15 11 3 3 4 0
> VAMPIRE 2 9 9 2 3 3 18
> VAMPIRE 4 7 9 1 3 4 17
< RES 1637150736 276 4
> REQ 1637150736 277 4
> VAMPIRE 1 1 18 0 3 3 16
> VAMPIRE 3 15 9 3 3 4 0
> VAMPIRE 2 9 7 2 3 3 17
> VAMPIRE 4 7 9 1 3 4 16
< RES 1637150736 277 4
< MOVE R R
> REQ 1637150736 278 4
> VAMPIRE 1 1 18 0 3 3 15
> VAMPIRE 3 15 9 3 3 4 0
> VAMPIRE 2 9 9 2 3 3 16
> VAMPIRE 4 7 11 1 3 4 15
< RES 1637150736 278 4
< MOVE R R
> REQ 1637150736 279 4
> VAMPIRE 1 1 18 0 3 3 14
> VAMPIRE 3 15 9 3 3 4 0
> VAMPIRE 2 9 9 2 3 3 15
> VAMPIRE 4 7 13 1 3 4 14
< RES 1637150736 279 4
< MOVE D D
> REQ 1637150736 280 4
> VAMPIRE 1 1 18 0 3 3 13
> VAMPIRE 3 15 9 3 3 4 0
> VAMPIRE 2 7 9 2 3 3 14
> VAMPIRE 4 9 13 1 3 4 13
< RES 1637150736 280 4
> REQ 1637150736 281 4
> VAMPIRE 1 1 18 0 3 3 12
> VAMPIRE 3 15 11 3 3 4 0
> VAMPIRE 2 9 9 2 3 3 13
> VAMPIRE 4 9 13 1 3 4 12
< RES 1637150736 281 4
< MOVE D D
> REQ 1637150736 282 4
> VAMPIRE 1 1 18 0 3 3 11
> VAMPIRE 3 15 9 3 3 4 0
> VAMPIRE 2 9 9 2 3 3 12
> VAMPIRE 4 11 13 1 3 4 11
< RES 1637150736 282 4
< MOVE U U
> REQ 1637150736 283 4
> VAMPIRE 1 1 18 0 3 3 10
> VAMPIRE 3 15 7 3 3 4 0
> VAMPIRE 2 9 11 2 3 3 11
> VAMPIRE 4 9 13 1 3 4 10
> POWERUP BATTERY -8 3 16
> POWERUP BATTERY -8 17 4
< RES 1637150736 283 4
< MOVE U U U
> REQ 1637150736 284 4
> VAMPIRE 1 1 18 0 3 3 9
> VAMPIRE 3 17 7 3 3 4 0
> VAMPIRE 2 12 11 2 3 3 10
> VAMPIRE 4 6 13 1 3 4 9
> POWERUP BATTERY -7 3 16
> POWERUP BATTERY -7 17 4
< RES 1637150736 284 4
< MOVE U U U
> REQ 1637150736 285 4
> VAMPIRE 1 1 18 0 3 3 8
> VAMPIRE 3 17 5 3 3 4 0
> VAMPIRE 2 15 11 2 3 3 9
> VAMPIRE 4 3 13 1 3 4 8
> POWERUP BATTERY -6 3 16
> POWERUP BATTERY -6 17 4
< RES 1637150736 285 4
< MOVE R R R
> REQ 1637150736 286 4
> VAMPIRE 1 1 18 0 3 3 7
> VAMPIRE 3 17 4 3 3 4 0
> VAMPIRE 2 17 10 2 3 3 8
> VAMPIRE 4 3 16 1 3 4 7
> POWERUP BATTERY -5 3 16
> POWERUP BATTERY -5 17 4
< RES 1637150736 286 4
> REQ 1637150736 287 4
> VAMPIRE 1 1 18 0 3 3 6
> VAMPIRE 3 17 4 3 3 4 0
> VAMPIRE 2 17 7 2 3 3 7
> VAMPIRE 4 3 16 1 3 4 6
> POWERUP BATTERY -4 3 16
> POWERUP BATTERY -4 17 4
< RES 1637150736 287 4
> REQ 1637150736 288 4
> VAMPIRE 1 1 18 0 3 3 5
> VAMPIRE 3 17 4 3 2 4 0
> VAMPIRE 2 17 5 2 3 3 6
> VAMPIRE 4 3 16 1 3 4 5
> GRENADE 3 17 4 5 4
> POWERUP BATTERY -3 3 16
> POWERUP BATTERY -3 17 4
< RES 1637150736 288 4
> REQ 1637150736 289 4
> VAMPIRE 1 1 18 0 3 3 4
> VAMPIRE 3 17 4 3 1 4 0
> VAMPIRE 2 15 5 2 3 3 5
> VAMPIRE 4 3 16 1 3 4 4
> GRENADE 3 17 4 4 4
> GRENADE 3 17 4 5 4
> POWERUP BATTERY -2 3 16
> POWERUP BATTERY -2 17 4
< RES 1637150736 289 4
> REQ 1637150736 290 4
> VAMPIRE 1 1 18 0 3 3 3
> VAMPIRE 3 17 4 3 1 4 0
> VAMPIRE 2 15 7 2 3 3 4
> VAMPIRE 4 3 16 1 3 4 3
> GRENADE 3 17 4 3 4
> GRENADE 3 17 4 4 4
> POWERUP BATTERY -1 3 16
> POWERUP BATTERY -1 17 4
< RES 1637150736 290 4
< MOVE L D D
> REQ 1637150736 291 4
> VAMPIRE 1 1 18 0 3 3 2
> VAMPIRE 3 16 3 3 1 5 0
> VAMPIRE 2 13 7 2 3 3 3
> VAMPIRE 4 5 15 1 3 5 2
> GRENADE 3 17 4 2 4
> GRENADE 3 17 4 3 4
< RES 1637150736 291 4
< MOVE L L
> REQ 1637150736 292 4
> VAMPIRE 1 1 18 0 3 3 1
> VAMPIRE 3 15 3 3 1 5 0
> VAMPIRE 2 13 7 2 3 3 2
> VAMPIRE 4 5 13 1 3 5 1
> GRENADE 3 17 4 1 4
> GRENADE 3 17 4 2 4
< RES 1637150736 292 4
< MOVE D D
> REQ 1637150736 293 4
> VAMPIRE 1 1 18 0 3 3 0
> VAMPIRE 3 13 3 3 3 5 0
> VAMPIRE 2 11 7 2 3 3 1
> VAMPIRE 4 7 13 1 3 5 0
< RES 1637150736 293 4
< MOVE D D
> REQ 1637150736 294 4
> VAMPIRE 1 1 18 0 3 3 0
> VAMPIRE 3 11 3 3 3 5 0
> VAMPIRE 2 11 9 2 3 3 0
> VAMPIRE 4 9 13 1 3 5 0
< RES 1637150736 294 4
> REQ 1637150736 295 4
> VAMPIRE 1 1 18 0 3 3 0
> VAMPIRE 3 11 5 3 3 5 0
> VAMPIRE 2 11 11 2 3 3 0
> VAMPIRE 4 9 13 1 3 5 0
< RES 1637150736 295 4
< MOVE D D
> REQ 1637150736 296 4
> VAMPIRE 1 1 18 0 3 3 0
> VAMPIRE 3 11 7 3 3 5 0
> VAMPIRE 2 11 13 2 3 3 0
> VAMPIRE 4 11 13 1 3 5 0
< RES 1637150736 296 4
< MOVE D D
> REQ 1637150736 297 4
> VAMPIRE 1 1 18 0 3 3 0
> VAMPIRE 3 11 9 3 3 5 0
> VAMPIRE 2 13 13 2 3 3 0
> VAMPIRE 4 13 13 1 3 5 0
< RES 1637150736 297 4
< MOVE D D
> REQ 1637150736 298 4
> VAMPIRE 1 1 18 0 3 3 0
> VAMPIRE 3 11 9 3 3 5 0
> VAMPIRE 2 15 13 2 3 3 0
> VAMPIRE 4 15 13 1 3 5 0
< RES 1637150736 298 4
< MOVE L L
> REQ 1637150736 299 4
> VAMPIRE 1 1 18 0 3 3 0
> VAMPIRE 3 13 9 3 3 5 0
> VAMPIRE 2 15 13 2 3 3 0
> VAMPIRE 4 15 11 1 3 5 0
< RES 1637150736 299 4
< MOVE L L
> REQ 1637150736 300 4
> VAMPIRE 1 1 18 0 3 3 0
> VAMPIRE 3 15 9 3 3 5 0
> VAMPIRE 2 15 13 2 3 3 0
> VAMPIRE 4 15 9 1 3 5 0
< RES 1637150736 300 4
< MOVE U U
> REQ 1637150736 301 4
> VAMPIRE 1 1 18 0 3 3 0
> VAMPIRE 3 13 9 3 3 5 0
> VAMPIRE 2 13 13 2 3 3 0
> VAMPIRE 4 13 9 1 3 5 0
< RES 1637150736 301 4
< MOVE L L
> REQ 1637150736 302 4
> VAMPIRE 1 1 18 0 3 3 0
> VAMPIRE 3 13 7 3 3 5 0
> VAMPIRE 2 11 13 2 3 3 0
> VAMPIRE 4 13 7 1 3 5 0
< RES 1637150736 302 4
< MOVE U U
> REQ 1637150736 303 4
> VAMPIRE 1 1 18 0 3 3 0
> VAMPIRE 3 11 7 3 3 5 0
> VAMPIRE 2 11 11 2 3 3 0
> VAMPIRE 4 11 7 1 3 5 0
< RES 1637150736 303 4
< MOVE L L
> REQ 1637150736 304 4
> VAMPIRE 1 1 18 0 3 3 0
> VAMPIRE 3 11 5 3 3 5 0
> VAMPIRE 2 11 9 2 3 3 0
> VAMPIRE 4 11 5 1 3 5 0
< RES 1637150736 304 4
> REQ 1637150736 305 4
> VAMPIRE 1 1 18 0 3 3 0
> VAMPIRE 3 11 5 3 3 5 0
> VAMPIRE 2 11 9 2 3 3 0
> VAMPIRE 4 11 5 1 3 5 0
< RES 1637150736 305 4
> REQ 1637150736 306 4
> VAMPIRE 1 1 18 0 3 3 0
> VAMPIRE 3 11 5 3 3 5 0
> VAMPIRE 2 11 9 2 3 3 0
> VAMPIRE 4 11 5 1 3 5 0
< RES 1637150736 306 4
> REQ 1637150736 307 4
> VAMPIRE 1 1 18 0 3 3 0
> VAMPIRE 3 11 5 3 3 5 0
> VAMPIRE 2 11 9 2 3 3 0
> VAMPIRE 4 11 5 1 3 5 0
< RES 1637150736 307 4
> REQ 1637150736 308 4
> VAMPIRE 1 1 18 0 3 3 0
> VAMPIRE 3 11 5 3 3 5 0
> VAMPIRE 2 11 9 2 3 3 0
> VAMPIRE 4 11 5 1 3 5 0
> POWERUP BATTERY -4 14 15
> POWERUP BATTERY -4 6 5
< RES 1637150736 308 4
< MOVE U U
> REQ 1637150736 309 4
> VAMPIRE 1 1 18 0 3 3 0
> VAMPIRE 3 9 5 3 3 5 0
> VAMPIRE 2 11 11 2 3 3 0
> VAMPIRE 4 9 5 1 3 5 0
> POWERUP BATTERY -3 14 15
> POWERUP BATTERY -3 6 5
< RES 1637150736 309 4
< MOVE U U
> REQ 1637150736 310 4
> VAMPIRE 1 1 18 0 3 3 0
> VAMPIRE 3 7 5 3 3 5 0
> VAMPIRE 2 11 13 2 3 3 0
> VAMPIRE 4 7 5 1 3 5 0
> POWERUP BATTERY -2 14 15
> POWERUP BATTERY -2 6 5
< RES 1637150736 310 4
< MOVE U
> REQ 1637150736 311 4
> VAMPIRE 1 1 18 0 3 3 0
> VAMPIRE 3 5 5 3 2 5 0
> VAMPIRE 2 11 15 2 3 3 0
> VAMPIRE 4 6 5 1 3 5 0
> GRENADE 3 7 5 5 5
> POWERUP BATTERY -1 14 15
> POWERUP BATTERY -1 6 5
< RES 1637150736 311 4
< MOVE U L
> REQ 1637150736 312 4
> VAMPIRE 1 1 18 0 3 3 0
> VAMPIRE 3 5 7 3 1 5 0
> VAMPIRE 2 13 15 2 3 3 0
> VAMPIRE 4 6 5 1 3 6 0
> GRENADE 3 7 5 4 5
> GRENADE 3 5 5 5 5
> POWERUP BATTERY 15 14 15
< RES 1637150736 312 4
> REQ 1637150736 313 4
> VAMPIRE 1 1 18 0 3 3 0
> VAMPIRE 3 3 7 3 1 5 0
> VAMPIRE 2 14 15 2 3 3 0
> VAMPIRE 4 6 5 1 3 6 0
> GRENADE 3 7 5 3 5
> GRENADE 3 5 5 4 5
> POWERUP BATTERY 14 14 15
< RES 1637150736 313 4
> REQ 1637150736 314 4
> VAMPIRE 1 1 18 0 3 3 0
> VAMPIRE 3 3 7 3 1 5 0
> VAMPIRE 2 13 15 2 3 4 0
> VAMPIRE 4 6 5 1 3 6 0
> GRENADE 3 7 5 2 5
> GRENADE 3 5 5 3 5
< RES 1637150736 314 4
> REQ 1637150736 315 4
> VAMPIRE 1 1 18 0 3 3 0
> VAMPIRE 3 3 9 3 1 5 0
> VAMPIRE 2 13 13 2 3 4 0
> VAMPIRE 4 6 5 1 3 6 0
> GRENADE 3 7 5 1 5
> GRENADE 3 5 5 2 5
< RES 1637150736 315 4
> END 698 Could_not_be_more_deaded
