> MESSAGE OK
> LEVEL 9
> GAMEID 1637256464
> TEST 1
> MAXTICK 1000
> GRENADERADIUS 2
> SIZE 21
> REQ 1637256464 0 1
> VAMPIRE 1 1 1 3 1 2 0
> VAMPIRE 4 1 19 3 1 2 0
> VAMPIRE 3 19 19 3 1 2 0
> VAMPIRE 2 19 1 3 1 2 0
> BAT1 4 1 6 1 8 1 10 1 12 1 14 1 16 1 1 4 19 4 6 5 8 5 10 5 12 5 14 5 1 6 5 6 15 6 19 6 1 8 5 8 15 8 19 8 10 9 1 10 5 10 9 10 11 10 15 10 19 10 10 11 1 12 5 12 15 12 19 12 1 14 5 14 15 14 19 14 6 15 8 15 10 15 12 15 14 15 1 16 19 16 4 19 6 19 8 19 10 19 12 19 14 19 16 19
> BAT2 4 3 6 3 8 3 10 3 12 3 14 3 16 3 3 4 17 4 3 6 17 6 8 7 10 7 12 7 3 8 7 8 13 8 17 8 3 10 7 10 13 10 17 10 3 12 7 12 13 12 17 12 8 13 10 13 12 13 3 14 17 14 3 16 17 16 4 17 6 17 8 17 10 17 12 17 14 17 16 17
< RES 1637256464 0 1
< MOVE D
> REQ 1637256464 1 1
> VAMPIRE 1 2 1 3 1 2 0
> VAMPIRE 4 3 19 3 1 2 0
> VAMPIRE 3 17 19 3 1 2 0
> VAMPIRE 2 17 1 3 1 2 0
> BAT1 4 1 6 1 8 1 10 1 12 1 14 1 16 1 1 4 19 4 6 5 8 5 10 5 12 5 14 5 1 6 5 6 15 6 19 6 1 8 5 8 15 8 19 8 10 9 1 10 5 10 9 10 11 10 15 10 19 10 10 11 1 12 5 12 15 12 19 12 1 14 5 14 15 14 19 14 6 15 8 15 10 15 12 15 14 15 1 16 19 16 4 19 6 19 8 19 10 19 12 19 14 19 16 19
> BAT2 4 3 6 3 8 3 10 3 12 3 14 3 16 3 3 4 17 4 3 6 17 6 8 7 10 7 12 7 3 8 7 8 13 8 17 8 3 10 7 10 13 10 17 10 3 12 7 12 13 12 17 12 8 13 10 13 12 13 3 14 17 14 3 16 17 16 4 17 6 17 8 17 10 17 12 17 14 17 16 17
< RES 1637256464 1 1
< GRENADE
< MOVE U R
> REQ 1637256464 2 1
> VAMPIRE 1 1 2 3 0 2 0
> VAMPIRE 4 3 17 3 1 2 0
> VAMPIRE 3 17 17 3 1 2 0
> VAMPIRE 2 17 3 3 1 2 0
> GRENADE 1 2 1 5 2
> BAT1 4 1 6 1 8 1 10 1 12 1 14 1 16 1 1 4 19 4 6 5 8 5 10 5 12 5 14 5 1 6 5 6 15 6 19 6 1 8 5 8 15 8 19 8 10 9 1 10 5 10 9 10 11 10 15 10 19 10 10 11 1 12 5 12 15 12 19 12 1 14 5 14 15 14 19 14 6 15 8 15 10 15 12 15 14 15 1 16 19 16 4 19 6 19 8 19 10 19 12 19 14 19 16 19
> BAT2 4 3 6 3 8 3 10 3 12 3 14 3 16 3 3 4 17 4 3 6 17 6 8 7 10 7 12 7 3 8 7 8 13 8 17 8 3 10 7 10 13 10 17 10 3 12 7 12 13 12 17 12 8 13 10 13 12 13 3 14 17 14 3 16 17 16 4 17 6 17 8 17 10 17 12 17 14 17 16 17
< RES 1637256464 2 1
< MOVE R
> REQ 1637256464 3 1
> VAMPIRE 1 1 3 3 0 2 0
> VAMPIRE 4 1 17 3 0 2 0
> VAMPIRE 3 19 17 3 0 2 0
> VAMPIRE 2 19 3 3 0 2 0
> GRENADE 1 2 1 4 2
> GRENADE 4 3 17 5 2
> GRENADE 3 17 17 5 2
> GRENADE 2 17 3 5 2
> BAT1 4 1 6 1 8 1 10 1 12 1 14 1 16 1 1 4 19 4 6 5 8 5 10 5 12 5 14 5 1 6 5 6 15 6 19 6 1 8 5 8 15 8 19 8 10 9 1 10 5 10 9 10 11 10 15 10 19 10 10 11 1 12 5 12 15 12 19 12 1 14 5 14 15 14 19 14 6 15 8 15 10 15 12 15 14 15 1 16 19 16 4 19 6 19 8 19 10 19 12 19 14 19 16 19
> BAT2 4 3 6 3 8 3 10 3 12 3 14 3 16 3 3 4 17 4 3 6 17 6 8 7 10 7 12 7 3 8 7 8 13 8 17 8 3 10 7 10 13 10 17 10 3 12 7 12 13 12 17 12 8 13 10 13 12 13 3 14 17 14 3 16 17 16 4 17 6 17 8 17 10 17 12 17 14 17 16 17
< RES 1637256464 3 1
> REQ 1637256464 4 1
> VAMPIRE 1 1 3 3 0 2 0
> VAMPIRE 4 1 18 3 0 2 0
> VAMPIRE 3 19 18 3 0 2 0
> VAMPIRE 2 19 2 3 0 2 0
> GRENADE 1 2 1 3 2
> GRENADE 4 3 17 4 2
> GRENADE 3 17 17 4 2
> GRENADE 2 17 3 4 2
> BAT1 4 1 6 1 8 1 10 1 12 1 14 1 16 1 1 4 19 4 6 5 8 5 10 5 12 5 14 5 1 6 5 6 15 6 19 6 1 8 5 8 15 8 19 8 10 9 1 10 5 10 9 10 11 10 15 10 19 10 10 11 1 12 5 12 15 12 19 12 1 14 5 14 15 14 19 14 6 15 8 15 10 15 12 15 14 15 1 16 19 16 4 19 6 19 8 19 10 19 12 19 14 19 16 19
> BAT2 4 3 6 3 8 3 10 3 12 3 14 3 16 3 3 4 17 4 3 6 17 6 8 7 10 7 12 7 3 8 7 8 13 8 17 8 3 10 7 10 13 10 17 10 3 12 7 12 13 12 17 12 8 13 10 13 12 13 3 14 17 14 3 16 17 16 4 17 6 17 8 17 10 17 12 17 14 17 16 17
< RES 1637256464 4 1
> REQ 1637256464 5 1
> VAMPIRE 1 1 3 3 0 2 0
> VAMPIRE 4 1 18 3 0 2 0
> VAMPIRE 3 19 18 3 0 2 0
> VAMPIRE 2 19 2 3 0 2 0
> GRENADE 1 2 1 2 2
> GRENADE 4 3 17 3 2
> GRENADE 3 17 17 3 2
> GRENADE 2 17 3 3 2
> BAT1 4 1 6 1 8 1 10 1 12 1 14 1 16 1 1 4 19 4 6 5 8 5 10 5 12 5 14 5 1 6 5 6 15 6 19 6 1 8 5 8 15 8 19 8 10 9 1 10 5 10 9 10 11 10 15 10 19 10 10 11 1 12 5 12 15 12 19 12 1 14 5 14 15 14 19 14 6 15 8 15 10 15 12 15 14 15 1 16 19 16 4 19 6 19 8 19 10 19 12 19 14 19 16 19
> BAT2 4 3 6 3 8 3 10 3 12 3 14 3 16 3 3 4 17 4 3 6 17 6 8 7 10 7 12 7 3 8 7 8 13 8 17 8 3 10 7 10 13 10 17 10 3 12 7 12 13 12 17 12 8 13 10 13 12 13 3 14 17 14 3 16 17 16 4 17 6 17 8 17 10 17 12 17 14 17 16 17
< RES 1637256464 5 1
> REQ 1637256464 6 1
> VAMPIRE 1 1 3 3 0 2 0
> VAMPIRE 4 1 18 3 0 2 0
> VAMPIRE 3 19 18 3 0 2 0
> VAMPIRE 2 19 2 3 0 2 0
> GRENADE 1 2 1 1 2
> GRENADE 4 3 17 2 2
> GRENADE 3 17 17 2 2
> GRENADE 2 17 3 2 2
> BAT1 4 1 6 1 8 1 10 1 12 1 14 1 16 1 1 4 19 4 6 5 8 5 10 5 12 5 14 5 1 6 5 6 15 6 19 6 1 8 5 8 15 8 19 8 10 9 1 10 5 10 9 10 11 10 15 10 19 10 10 11 1 12 5 12 15 12 19 12 1 14 5 14 15 14 19 14 6 15 8 15 10 15 12 15 14 15 1 16 19 16 4 19 6 19 8 19 10 19 12 19 14 19 16 19
> BAT2 4 3 6 3 8 3 10 3 12 3 14 3 16 3 3 4 17 4 3 6 17 6 8 7 10 7 12 7 3 8 7 8 13 8 17 8 3 10 7 10 13 10 17 10 3 12 7 12 13 12 17 12 8 13 10 13 12 13 3 14 17 14 3 16 17 16 4 17 6 17 8 17 10 17 12 17 14 17 16 17
< RES 1637256464 6 1
< MOVE D D
> REQ 1637256464 7 1
> VAMPIRE 1 3 3 3 1 2 0
> VAMPIRE 4 2 19 3 0 2 0
> VAMPIRE 3 18 19 3 0 2 0
> VAMPIRE 2 18 1 3 0 2 0
> GRENADE 4 3 17 1 2
> GRENADE 3 17 17 1 2
> GRENADE 2 17 3 1 2
> BAT1 6 1 8 1 10 1 12 1 14 1 16 1 1 4 19 4 6 5 8 5 10 5 12 5 14 5 1 6 5 6 15 6 19 6 1 8 5 8 15 8 19 8 10 9 1 10 5 10 9 10 11 10 15 10 19 10 10 11 1 12 5 12 15 12 19 12 1 14 5 14 15 14 19 14 6 15 8 15 10 15 12 15 14 15 1 16 19 16 4 19 6 19 8 19 10 19 12 19 14 19 16 19
> BAT2 4 3 6 3 8 3 10 3 12 3 14 3 16 3 3 4 17 4 3 6 17 6 8 7 10 7 12 7 3 8 7 8 13 8 17 8 3 10 7 10 13 10 17 10 3 12 7 12 13 12 17 12 8 13 10 13 12 13 3 14 17 14 3 16 17 16 4 17 6 17 8 17 10 17 12 17 14 17 16 17
< RES 1637256464 7 1
< GRENADE
< MOVE L L
> REQ 1637256464 8 1
> VAMPIRE 1 3 1 3 0 2 0
> VAMPIRE 4 3 19 3 1 2 0
> VAMPIRE 3 17 19 3 1 2 0
> VAMPIRE 2 17 1 3 1 2 0
> GRENADE 1 3 3 5 2
> BAT1 6 1 8 1 10 1 12 1 14 1 16 1 1 4 19 4 6 5 8 5 10 5 12 5 14 5 1 6 5 6 15 6 19 6 1 8 5 8 15 8 19 8 10 9 1 10 5 10 9 10 11 10 15 10 19 10 10 11 1 12 5 12 15 12 19 12 1 14 5 14 15 14 19 14 6 15 8 15 10 15 12 15 14 15 1 16 19 16 4 19 6 19 8 19 10 19 12 19 14 19 16 19 16 3 17 4 3 16 17 16 4 17 16 17
> BAT2 4 3 6 3 8 3 10 3 12 3 14 3 3 4 3 6 17 6 8 7 10 7 12 7 3 8 7 8 13 8 17 8 3 10 7 10 13 10 17 10 3 12 7 12 13 12 17 12 8 13 10 13 12 13 3 14 17 14 6 17 8 17 10 17 12 17 14 17
< RES 1637256464 8 1
< MOVE D D
> REQ 1637256464 9 1
> VAMPIRE 1 5 1 3 0 2 0
> VAMPIRE 4 3 17 3 1 2 0
> VAMPIRE 3 17 17 3 1 2 0
> VAMPIRE 2 17 3 3 0 2 0
> GRENADE 1 3 3 4 2
> GRENADE 2 17 1 5 2
> BAT1 6 1 8 1 10 1 12 1 14 1 16 1 1 4 19 4 6 5 8 5 10 5 12 5 14 5 1 6 5 6 15 6 19 6 1 8 5 8 15 8 19 8 10 9 1 10 5 10 9 10 11 10 15 10 19 10 10 11 1 12 5 12 15 12 19 12 1 14 5 14 15 14 19 14 6 15 8 15 10 15 12 15 14 15 1 16 19 16 4 19 6 19 8 19 10 19 12 19 14 19 16 19 16 3 17 4 3 16 17 16 4 17 16 17
> BAT2 4 3 6 3 8 3 10 3 12 3 14 3 3 4 3 6 17 6 8 7 10 7 12 7 3 8 7 8 13 8 17 8 3 10 7 10 13 10 17 10 3 12 7 12 13 12 17 12 8 13 10 13 12 13 3 14 17 14 6 17 8 17 10 17 12 17 14 17
< RES 1637256464 9 1
> REQ 1637256464 10 1
> VAMPIRE 1 5 1 3 0 2 0
> VAMPIRE 4 1 17 3 0 2 0
> VAMPIRE 3 19 17 3 0 2 0
> VAMPIRE 2 19 3 3 0 2 0
> GRENADE 1 3 3 3 2
> GRENADE 2 17 1 4 2
> GRENADE 4 3 17 5 2
> GRENADE 3 17 17 5 2
> BAT1 6 1 8 1 10 1 12 1 14 1 16 1 1 4 19 4 6 5 8 5 10 5 12 5 14 5 1 6 5 6 15 6 19 6 1 8 5 8 15 8 19 8 10 9 1 10 5 10 9 10 11 10 15 10 19 10 10 11 1 12 5 12 15 12 19 12 1 14 5 14 15 14 19 14 6 15 8 15 10 15 12 15 14 15 1 16 19 16 4 19 6 19 8 19 10 19 12 19 14 19 16 19 16 3 17 4 3 16 17 16 4 17 16 17
> BAT2 4 3 6 3 8 3 10 3 12 3 14 3 3 4 3 6 17 6 8 7 10 7 12 7 3 8 7 8 13 8 17 8 3 10 7 10 13 10 17 10 3 12 7 12 13 12 17 12 8 13 10 13 12 13 3 14 17 14 6 17 8 17 10 17 12 17 14 17
< RES 1637256464 10 1
> REQ 1637256464 11 1
> VAMPIRE 1 5 1 3 0 2 0
> VAMPIRE 4 1 18 3 0 2 0
> VAMPIRE 3 19 18 3 0 2 0
> VAMPIRE 2 19 3 3 0 2 0
> GRENADE 1 3 3 2 2
> GRENADE 2 17 1 3 2
> GRENADE 4 3 17 4 2
> GRENADE 3 17 17 4 2
> BAT1 6 1 8 1 10 1 12 1 14 1 16 1 1 4 19 4 6 5 8 5 10 5 12 5 14 5 1 6 5 6 15 6 19 6 1 8 5 8 15 8 19 8 10 9 1 10 5 10 9 10 11 10 15 10 19 10 10 11 1 12 5 12 15 12 19 12 1 14 5 14 15 14 19 14 6 15 8 15 10 15 12 15 14 15 1 16 19 16 4 19 6 19 8 19 10 19 12 19 14 19 16 19 16 3 17 4 3 16 17 16 4 17 16 17
> BAT2 4 3 6 3 8 3 10 3 12 3 14 3 3 4 3 6 17 6 8 7 10 7 12 7 3 8 7 8 13 8 17 8 3 10 7 10 13 10 17 10 3 12 7 12 13 12 17 12 8 13 10 13 12 13 3 14 17 14 6 17 8 17 10 17 12 17 14 17
< RES 1637256464 11 1
> REQ 1637256464 12 1
> VAMPIRE 1 5 1 3 0 2 0
> VAMPIRE 4 1 18 3 0 2 0
> VAMPIRE 3 19 18 3 0 2 0
> VAMPIRE 2 19 3 3 0 2 0
> GRENADE 1 3 3 1 2
> GRENADE 2 17 1 2 2
> GRENADE 4 3 17 3 2
> GRENADE 3 17 17 3 2
> BAT1 6 1 8 1 10 1 12 1 14 1 16 1 1 4 19 4 6 5 8 5 10 5 12 5 14 5 1 6 5 6 15 6 19 6 1 8 5 8 15 8 19 8 10 9 1 10 5 10 9 10 11 10 15 10 19 10 10 11 1 12 5 12 15 12 19 12 1 14 5 14 15 14 19 14 6 15 8 15 10 15 12 15 14 15 1 16 19 16 4 19 6 19 8 19 10 19 12 19 14 19 16 19 16 3 17 4 3 16 17 16 4 17 16 17
> BAT2 4 3 6 3 8 3 10 3 12 3 14 3 3 4 3 6 17 6 8 7 10 7 12 7 3 8 7 8 13 8 17 8 3 10 7 10 13 10 17 10 3 12 7 12 13 12 17 12 8 13 10 13 12 13 3 14 17 14 6 17 8 17 10 17 12 17 14 17
< RES 1637256464 12 1
< MOVE U
> REQ 1637256464 13 1
> VAMPIRE 1 4 1 3 1 2 0
> VAMPIRE 4 1 18 3 0 2 0
> VAMPIRE 3 19 18 3 0 2 0
> VAMPIRE 2 19 3 3 0 2 0
> GRENADE 2 17 1 1 2
> GRENADE 4 3 17 2 2
> GRENADE 3 17 17 2 2
> BAT1 6 1 8 1 10 1 12 1 14 1 16 1 1 4 19 4 6 5 8 5 10 5 12 5 14 5 1 6 5 6 15 6 19 6 1 8 5 8 15 8 19 8 10 9 1 10 5 10 9 10 11 10 15 10 19 10 10 11 1 12 5 12 15 12 19 12 1 14 5 14 15 14 19 14 6 15 8 15 10 15 12 15 14 15 1 16 19 16 4 19 6 19 8 19 10 19 12 19 14 19 16 19 4 3 16 3 3 4 17 4 3 16 17 16 4 17 16 17
> BAT2 6 3 8 3 10 3 12 3 14 3 3 6 17 6 8 7 10 7 12 7 3 8 7 8 13 8 17 8 3 10 7 10 13 10 17 10 3 12 7 12 13 12 17 12 8 13 10 13 12 13 3 14 17 14 6 17 8 17 10 17 12 17 14 17
< RES 1637256464 13 1
< GRENADE
< MOVE U R
> REQ 1637256464 14 1
> VAMPIRE 1 3 2 3 0 2 0
> VAMPIRE 4 2 19 3 0 2 0
> VAMPIRE 3 18 19 3 0 2 0
> VAMPIRE 2 17 3 3 1 2 0
> GRENADE 4 3 17 1 2
> GRENADE 3 17 17 1 2
> GRENADE 1 4 1 5 2
> BAT1 6 1 8 1 10 1 12 1 14 1 1 4 19 4 6 5 8 5 10 5 12 5 14 5 1 6 5 6 15 6 19 6 1 8 5 8 15 8 19 8 10 9 1 10 5 10 9 10 11 10 15 10 19 10 10 11 1 12 5 12 15 12 19 12 1 14 5 14 15 14 19 14 6 15 8 15 10 15 12 15 14 15 1 16 19 16 4 19 6 19 8 19 10 19 12 19 14 19 16 19 4 3 16 3 3 4 17 4 3 16 17 16 4 17 16 17
> BAT2 6 3 8 3 10 3 12 3 14 3 3 6 17 6 8 7 10 7 12 7 3 8 7 8 13 8 17 8 3 10 7 10 13 10 17 10 3 12 7 12 13 12 17 12 8 13 10 13 12 13 3 14 17 14 6 17 8 17 10 17 12 17 14 17
< RES 1637256464 14 1
< MOVE R
> REQ 1637256464 15 1
> VAMPIRE 1 3 3 3 0 2 0
> VAMPIRE 4 2 19 3 1 2 0
> VAMPIRE 3 18 19 3 1 2 0
> VAMPIRE 2 17 1 3 0 2 0
> GRENADE 1 4 1 4 2
> GRENADE 2 17 3 5 2
> BAT1 6 1 8 1 10 1 12 1 14 1 1 4 19 4 6 5 8 5 10 5 12 5 14 5 1 6 5 6 15 6 19 6 1 8 5 8 15 8 19 8 10 9 1 10 5 10 9 10 11 10 15 10 19 10 10 11 1 12 5 12 15 12 19 12 1 14 5 14 15 14 19 14 6 15 8 15 10 15 12 15 14 15 1 16 19 16 4 19 6 19 8 19 10 19 12 19 14 19 16 19 4 3 16 3 3 4 17 4
> BAT2 6 3 8 3 10 3 12 3 14 3 3 6 17 6 8 7 10 7 12 7 3 8 7 8 13 8 17 8 3 10 7 10 13 10 17 10 3 12 7 12 13 12 17 12 8 13 10 13 12 13 3 14 17 14 6 17 8 17 10 17 12 17 14 17
< RES 1637256464 15 1
> REQ 1637256464 16 1
> VAMPIRE 1 3 3 3 0 2 0
> VAMPIRE 4 3 18 3 0 2 0
> VAMPIRE 3 17 18 3 0 2 0
> VAMPIRE 2 15 1 3 0 2 0
> GRENADE 1 4 1 3 2
> GRENADE 2 17 3 4 2
> GRENADE 4 2 19 5 2
> GRENADE 3 18 19 5 2
> BAT1 6 1 8 1 10 1 12 1 14 1 1 4 19 4 6 5 8 5 10 5 12 5 14 5 1 6 5 6 15 6 19 6 1 8 5 8 15 8 19 8 10 9 1 10 5 10 9 10 11 10 15 10 19 10 10 11 1 12 5 12 15 12 19 12 1 14 5 14 15 14 19 14 6 15 8 15 10 15 12 15 14 15 1 16 19 16 4 19 6 19 8 19 10 19 12 19 14 19 16 19 4 3 16 3 3 4 17 4
> BAT2 6 3 8 3 10 3 12 3 14 3 3 6 17 6 8 7 10 7 12 7 3 8 7 8 13 8 17 8 3 10 7 10 13 10 17 10 3 12 7 12 13 12 17 12 8 13 10 13 12 13 3 14 17 14 6 17 8 17 10 17 12 17 14 17
< RES 1637256464 16 1
> REQ 1637256464 17 1
> VAMPIRE 1 3 3 3 0 2 0
> VAMPIRE 4 3 17 3 0 2 0
> VAMPIRE 3 17 17 3 0 2 0
> VAMPIRE 2 15 1 3 0 2 0
> GRENADE 1 4 1 2 2
> GRENADE 2 17 3 3 2
> GRENADE 4 2 19 4 2
> GRENADE 3 18 19 4 2
> BAT1 6 1 8 1 10 1 12 1 14 1 1 4 19 4 6 5 8 5 10 5 12 5 14 5 1 6 5 6 15 6 19 6 1 8 5 8 15 8 19 8 10 9 1 10 5 10 9 10 11 10 15 10 19 10 10 11 1 12 5 12 15 12 19 12 1 14 5 14 15 14 19 14 6 15 8 15 10 15 12 15 14 15 1 16 19 16 4 19 6 19 8 19 10 19 12 19 14 19 16 19 4 3 16 3 3 4 17 4
> BAT2 6 3 8 3 10 3 12 3 14 3 3 6 17 6 8 7 10 7 12 7 3 8 7 8 13 8 17 8 3 10 7 10 13 10 17 10 3 12 7 12 13 12 17 12 8 13 10 13 12 13 3 14 17 14 6 17 8 17 10 17 12 17 14 17
< RES 1637256464 17 1
< MOVE U U
> REQ 1637256464 18 1
> VAMPIRE 1 1 3 3 0 2 0
> VAMPIRE 4 3 17 3 0 2 0
> VAMPIRE 3 17 17 3 0 2 0
> VAMPIRE 2 15 1 3 0 2 0
> GRENADE 1 4 1 1 2
> GRENADE 2 17 3 2 2
> GRENADE 4 2 19 3 2
> GRENADE 3 18 19 3 2
> BAT1 6 1 8 1 10 1 12 1 14 1 1 4 19 4 6 5 8 5 10 5 12 5 14 5 1 6 5 6 15 6 19 6 1 8 5 8 15 8 19 8 10 9 1 10 5 10 9 10 11 10 15 10 19 10 10 11 1 12 5 12 15 12 19 12 1 14 5 14 15 14 19 14 6 15 8 15 10 15 12 15 14 15 1 16 19 16 4 19 6 19 8 19 10 19 12 19 14 19 16 19 4 3 16 3 3 4 17 4
> BAT2 6 3 8 3 10 3 12 3 14 3 3 6 17 6 8 7 10 7 12 7 3 8 7 8 13 8 17 8 3 10 7 10 13 10 17 10 3 12 7 12 13 12 17 12 8 13 10 13 12 13 3 14 17 14 6 17 8 17 10 17 12 17 14 17
< RES 1637256464 18 1
< MOVE D D
> REQ 1637256464 19 1
> VAMPIRE 1 3 3 3 1 2 0
> VAMPIRE 4 3 16 3 0 2 0
> VAMPIRE 3 15 17 3 0 2 0
> VAMPIRE 2 15 1 3 0 2 0
> GRENADE 2 17 3 1 2
> GRENADE 4 2 19 2 2
> GRENADE 3 18 19 2 2
> BAT1 8 1 10 1 12 1 14 1 1 4 19 4 6 5 8 5 10 5 12 5 14 5 1 6 5 6 15 6 19 6 1 8 5 8 15 8 19 8 10 9 1 10 5 10 9 10 11 10 15 10 19 10 10 11 1 12 5 12 15 12 19 12 1 14 5 14 15 14 19 14 6 15 8 15 10 15 12 15 14 15 1 16 19 16 4 19 6 19 8 19 10 19 12 19 14 19 16 19 4 3 16 3 3 4 17 4
> BAT2 6 3 8 3 10 3 12 3 14 3 3 6 17 6 8 7 10 7 12 7 3 8 7 8 13 8 17 8 3 10 7 10 13 10 17 10 3 12 7 12 13 12 17 12 8 13 10 13 12 13 3 14 17 14 6 17 8 17 10 17 12 17 14 17
< RES 1637256464 19 1
< GRENADE
< MOVE L L
> REQ 1637256464 20 1
> VAMPIRE 1 3 1 3 0 2 0
> VAMPIRE 4 2 15 3 0 2 0
> VAMPIRE 3 15 17 3 0 2 0
> VAMPIRE 2 15 1 3 1 2 0
> GRENADE 4 2 19 1 2
> GRENADE 3 18 19 1 2
> GRENADE 1 3 3 5 2
> BAT1 8 1 10 1 12 1 14 1 1 4 19 4 6 5 8 5 10 5 12 5 14 5 1 6 5 6 15 6 19 6 1 8 5 8 15 8 19 8 10 9 1 10 5 10 9 10 11 10 15 10 19 10 10 11 1 12 5 12 15 12 19 12 1 14 5 14 15 14 19 14 6 15 8 15 10 15 12 15 14 15 1 16 19 16 4 19 6 19 8 19 10 19 12 19 14 19 16 19 4 3 3 4
> BAT2 6 3 8 3 10 3 12 3 14 3 3 6 17 6 8 7 10 7 12 7 3 8 7 8 13 8 17 8 3 10 7 10 13 10 17 10 3 12 7 12 13 12 17 12 8 13 10 13 12 13 3 14 17 14 6 17 8 17 10 17 12 17 14 17
< RES 1637256464 20 1
< MOVE D D
> REQ 1637256464 21 1
> VAMPIRE 1 5 1 3 0 2 0
> VAMPIRE 4 1 15 3 1 2 0
> VAMPIRE 3 15 15 3 1 2 0
> VAMPIRE 2 15 3 3 0 2 0
> GRENADE 1 3 3 4 2
> GRENADE 2 15 1 5 2
> BAT1 8 1 10 1 12 1 14 1 1 4 19 4 6 5 8 5 10 5 12 5 14 5 1 6 5 6 15 6 19 6 1 8 5 8 15 8 19 8 10 9 1 10 5 10 9 10 11 10 15 10 19 10 10 11 1 12 5 12 15 12 19 12 1 14 5 14 15 14 19 14 6 15 8 15 10 15 12 15 14 15 1 16 19 16 6 19 8 19 10 19 12 19 14 19 4 3 3 4
> BAT2 6 3 8 3 10 3 12 3 14 3 3 6 17 6 8 7 10 7 12 7 3 8 7 8 13 8 17 8 3 10 7 10 13 10 17 10 3 12 7 12 13 12 17 12 8 13 10 13 12 13 3 14 17 14 6 17 8 17 10 17 12 17 14 17
< RES 1637256464 21 1
> REQ 1637256464 22 1
> VAMPIRE 1 5 1 3 0 2 0
> VAMPIRE 4 3 15 3 0 2 0
> VAMPIRE 3 17 15 3 0 2 0
> VAMPIRE 2 17 3 3 0 2 0
> GRENADE 1 3 3 3 2
> GRENADE 2 15 1 4 2
> GRENADE 4 1 15 5 2
> GRENADE 3 15 15 5 2
> BAT1 8 1 10 1 12 1 14 1 1 4 19 4 6 5 8 5 10 5 12 5 14 5 1 6 5 6 15 6 19 6 1 8 5 8 15 8 19 8 10 9 1 10 5 10 9 10 11 10 15 10 19 10 10 11 1 12 5 12 15 12 19 12 1 14 5 14 15 14 19 14 6 15 8 15 10 15 12 15 14 15 1 16 19 16 6 19 8 19 10 19 12 19 14 19 4 3 3 4
> BAT2 6 3 8 3 10 3 12 3 14 3 3 6 17 6 8 7 10 7 12 7 3 8 7 8 13 8 17 8 3 10 7 10 13 10 17 10 3 12 7 12 13 12 17 12 8 13 10 13 12 13 3 14 17 14 6 17 8 17 10 17 12 17 14 17
< RES 1637256464 22 1
> REQ 1637256464 23 1
> VAMPIRE 1 5 1 3 0 2 0
> VAMPIRE 4 3 17 3 0 2 0
> VAMPIRE 3 17 17 3 0 2 0
> VAMPIRE 2 17 3 3 0 2 0
> GRENADE 1 3 3 2 2
> GRENADE 2 15 1 3 2
> GRENADE 4 1 15 4 2
> GRENADE 3 15 15 4 2
> BAT1 8 1 10 1 12 1 14 1 1 4 19 4 6 5 8 5 10 5 12 5 14 5 1 6 5 6 15 6 19 6 1 8 5 8 15 8 19 8 10 9 1 10 5 10 9 10 11 10 15 10 19 10 10 11 1 12 5 12 15 12 19 12 1 14 5 14 15 14 19 14 6 15 8 15 10 15 12 15 14 15 1 16 19 16 6 19 8 19 10 19 12 19 14 19 4 3 3 4
> BAT2 6 3 8 3 10 3 12 3 14 3 3 6 17 6 8 7 10 7 12 7 3 8 7 8 13 8 17 8 3 10 7 10 13 10 17 10 3 12 7 12 13 12 17 12 8 13 10 13 12 13 3 14 17 14 6 17 8 17 10 17 12 17 14 17
< RES 1637256464 23 1
> REQ 1637256464 24 1
> VAMPIRE 1 5 1 3 0 2 0
> VAMPIRE 4 3 17 3 0 2 0
> VAMPIRE 3 17 17 3 0 2 0
> VAMPIRE 2 17 5 3 0 2 0
> GRENADE 1 3 3 1 2
> GRENADE 2 15 1 2 2
> GRENADE 4 1 15 3 2
> GRENADE 3 15 15 3 2
> BAT1 8 1 10 1 12 1 14 1 1 4 19 4 6 5 8 5 10 5 12 5 14 5 1 6 5 6 15 6 19 6 1 8 5 8 15 8 19 8 10 9 1 10 5 10 9 10 11 10 15 10 19 10 10 11 1 12 5 12 15 12 19 12 1 14 5 14 15 14 19 14 6 15 8 15 10 15 12 15 14 15 1 16 19 16 6 19 8 19 10 19 12 19 14 19 4 3 3 4
> BAT2 6 3 8 3 10 3 12 3 14 3 3 6 17 6 8 7 10 7 12 7 3 8 7 8 13 8 17 8 3 10 7 10 13 10 17 10 3 12 7 12 13 12 17 12 8 13 10 13 12 13 3 14 17 14 6 17 8 17 10 17 12 17 14 17
< RES 1637256464 24 1
< MOVE D
> REQ 1637256464 25 1
> VAMPIRE 1 6 1 3 1 2 0
> VAMPIRE 4 5 17 3 0 2 0
> VAMPIRE 3 17 16 3 0 2 0
> VAMPIRE 2 17 5 3 0 2 0
> GRENADE 2 15 1 1 2
> GRENADE 4 1 15 2 2
> GRENADE 3 15 15 2 2
> BAT1 8 1 10 1 12 1 14 1 1 4 19 4 6 5 8 5 10 5 12 5 14 5 1 6 5 6 15 6 19 6 1 8 5 8 15 8 19 8 10 9 1 10 5 10 9 10 11 10 15 10 19 10 10 11 1 12 5 12 15 12 19 12 1 14 5 14 15 14 19 14 6 15 8 15 10 15 12 15 14 15 1 16 19 16 6 19 8 19 10 19 12 19 14 19
> BAT2 6 3 8 3 10 3 12 3 14 3 3 6 17 6 8 7 10 7 12 7 3 8 7 8 13 8 17 8 3 10 7 10 13 10 17 10 3 12 7 12 13 12 17 12 8 13 10 13 12 13 3 14 17 14 6 17 8 17 10 17 12 17 14 17
< RES 1637256464 25 1
< GRENADE
< MOVE U R
> REQ 1637256464 26 1
> VAMPIRE 1 5 2 3 0 2 0
> VAMPIRE 4 5 17 3 0 2 0
> VAMPIRE 3 17 17 3 0 2 0
> VAMPIRE 2 15 5 3 1 2 0
> GRENADE 4 1 15 1 2
> GRENADE 3 15 15 1 2
> GRENADE 1 6 1 5 2
> BAT1 8 1 10 1 12 1 1 4 19 4 6 5 8 5 10 5 12 5 14 5 1 6 5 6 15 6 19 6 1 8 5 8 15 8 19 8 10 9 1 10 5 10 9 10 11 10 15 10 19 10 10 11 1 12 5 12 15 12 19 12 1 14 5 14 15 14 19 14 6 15 8 15 10 15 12 15 14 15 1 16 19 16 6 19 8 19 10 19 12 19 14 19
> BAT2 6 3 8 3 10 3 12 3 14 3 3 6 17 6 8 7 10 7 12 7 3 8 7 8 13 8 17 8 3 10 7 10 13 10 17 10 3 12 7 12 13 12 17 12 8 13 10 13 12 13 3 14 17 14 6 17 8 17 10 17 12 17 14 17
< RES 1637256464 26 1
< MOVE R
> REQ 1637256464 27 1
> VAMPIRE 1 5 3 3 0 2 0
> VAMPIRE 4 5 15 3 1 2 0
> VAMPIRE 3 16 17 3 1 2 0
> VAMPIRE 2 17 5 3 0 2 0
> GRENADE 1 6 1 4 2
> GRENADE 2 15 5 5 2
> BAT1 8 1 10 1 12 1 1 4 19 4 6 5 8 5 10 5 12 5 14 5 1 6 5 6 15 6 19 6 1 8 5 8 15 8 19 8 10 9 1 10 5 10 9 10 11 10 15 10 19 10 10 11 1 12 5 12 15 12 19 12 5 14 19 14 6 15 8 15 10 15 12 15 19 16 6 19 8 19 10 19 12 19 14 19
> BAT2 6 3 8 3 10 3 12 3 14 3 3 6 17 6 8 7 10 7 12 7 3 8 7 8 13 8 17 8 3 10 7 10 13 10 17 10 3 12 7 12 13 12 17 12 8 13 10 13 12 13 3 14 17 14 6 17 8 17 10 17 12 17 14 17
< RES 1637256464 27 1
< MOVE U U
> REQ 1637256464 28 1
> VAMPIRE 1 3 3 3 0 2 0
> VAMPIRE 4 3 15 3 0 2 0
> VAMPIRE 3 15 16 3 0 2 0
> VAMPIRE 2 17 3 3 0 2 0
> GRENADE 1 6 1 3 2
> GRENADE 2 15 5 4 2
> GRENADE 4 5 15 5 2
> GRENADE 3 16 17 5 2
> BAT1 8 1 10 1 12 1 1 4 19 4 6 5 8 5 10 5 12 5 14 5 1 6 5 6 15 6 19 6 1 8 5 8 15 8 19 8 10 9 1 10 5 10 9 10 11 10 15 10 19 10 10 11 1 12 5 12 15 12 19 12 5 14 19 14 6 15 8 15 10 15 12 15 19 16 6 19 8 19 10 19 12 19 14 19
> BAT2 6 3 8 3 10 3 12 3 14 3 3 6 17 6 8 7 10 7 12 7 3 8 7 8 13 8 17 8 3 10 7 10 13 10 17 10 3 12 7 12 13 12 17 12 8 13 10 13 12 13 3 14 17 14 6 17 8 17 10 17 12 17 14 17
< RES 1637256464 28 1
> REQ 1637256464 29 1
> VAMPIRE 1 3 3 3 0 2 0
> VAMPIRE 4 3 17 3 0 2 0
> VAMPIRE 3 15 15 3 0 2 0
> VAMPIRE 2 17 1 3 0 2 0
> GRENADE 1 6 1 2 2
> GRENADE 2 15 5 3 2
> GRENADE 4 5 15 4 2
> GRENADE 3 16 17 4 2
> BAT1 8 1 10 1 12 1 1 4 19 4 6 5 8 5 10 5 12 5 14 5 1 6 5 6 15 6 19 6 1 8 5 8 15 8 19 8 10 9 1 10 5 10 9 10 11 10 15 10 19 10 10 11 1 12 5 12 15 12 19 12 5 14 19 14 6 15 8 15 10 15 12 15 19 16 6 19 8 19 10 19 12 19 14 19
> BAT2 6 3 8 3 10 3 12 3 14 3 3 6 17 6 8 7 10 7 12 7 3 8 7 8 13 8 17 8 3 10 7 10 13 10 17 10 3 12 7 12 13 12 17 12 8 13 10 13 12 13 3 14 17 14 6 17 8 17 10 17 12 17 14 17
< RES 1637256464 29 1
< MOVE D D
> REQ 1637256464 30 1
> VAMPIRE 1 5 3 3 0 2 0
> VAMPIRE 4 1 17 3 0 2 0
> VAMPIRE 3 15 15 3 0 2 0
> VAMPIRE 2 15 1 3 0 2 0
> GRENADE 1 6 1 1 2
> GRENADE 2 15 5 2 2
> GRENADE 4 5 15 3 2
> GRENADE 3 16 17 3 2
> BAT1 8 1 10 1 12 1 1 4 19 4 6 5 8 5 10 5 12 5 14 5 1 6 5 6 15 6 19 6 1 8 5 8 15 8 19 8 10 9 1 10 5 10 9 10 11 10 15 10 19 10 10 11 1 12 5 12 15 12 19 12 5 14 19 14 6 15 8 15 10 15 12 15 19 16 6 19 8 19 10 19 12 19 14 19
> BAT2 6 3 8 3 10 3 12 3 14 3 3 6 17 6 8 7 10 7 12 7 3 8 7 8 13 8 17 8 3 10 7 10 13 10 17 10 3 12 7 12 13 12 17 12 8 13 10 13 12 13 3 14 17 14 6 17 8 17 10 17 12 17 14 17
< RES 1637256464 30 1
< MOVE R R
> REQ 1637256464 31 1
> VAMPIRE 1 5 5 3 1 2 0
> VAMPIRE 4 1 15 3 0 2 0
> VAMPIRE 3 13 15 3 0 2 0
> VAMPIRE 2 13 1 3 0 2 0
> GRENADE 2 15 5 1 2
> GRENADE 4 5 15 2 2
> GRENADE 3 16 17 2 2
> BAT1 10 1 12 1 1 4 19 4 6 5 8 5 10 5 12 5 14 5 1 6 5 6 15 6 19 6 1 8 5 8 15 8 19 8 10 9 1 10 5 10 9 10 11 10 15 10 19 10 10 11 1 12 5 12 15 12 19 12 5 14 19 14 6 15 8 15 10 15 12 15 19 16 6 19 8 19 10 19 12 19 14 19
> BAT2 6 3 8 3 10 3 12 3 14 3 3 6 17 6 8 7 10 7 12 7 3 8 7 8 13 8 17 8 3 10 7 10 13 10 17 10 3 12 7 12 13 12 17 12 8 13 10 13 12 13 3 14 17 14 6 17 8 17 10 17 12 17 14 17
< RES 1637256464 31 1
< GRENADE
< MOVE U U
> REQ 1637256464 32 1
> VAMPIRE 1 3 5 3 0 2 0
> VAMPIRE 4 1 13 3 0 2 0
> VAMPIRE 3 13 15 3 0 2 0
> VAMPIRE 2 13 3 3 1 2 0
> GRENADE 4 5 15 1 2
> GRENADE 3 16 17 1 2
> GRENADE 1 5 5 5 2
> BAT1 10 1 12 1 1 4 19 4 6 5 8 5 10 5 12 5 1 6 5 6 19 6 1 8 5 8 15 8 19 8 10 9 1 10 5 10 9 10 11 10 15 10 19 10 10 11 1 12 5 12 15 12 19 12 5 14 19 14 6 15 8 15 10 15 12 15 19 16 6 19 8 19 10 19 12 19 14 19
> BAT2 6 3 8 3 10 3 12 3 14 3 3 6 17 6 8 7 10 7 12 7 3 8 7 8 13 8 17 8 3 10 7 10 13 10 17 10 3 12 7 12 13 12 17 12 8 13 10 13 12 13 3 14 17 14 6 17 8 17 10 17 12 17 14 17
< RES 1637256464 32 1
< MOVE L L
> REQ 1637256464 33 1
> VAMPIRE 1 3 3 3 0 2 0
> VAMPIRE 4 3 13 3 1 2 0
> VAMPIRE 3 13 13 3 1 2 0
> VAMPIRE 2 13 5 3 0 2 0
> GRENADE 1 5 5 4 2
> GRENADE 2 13 3 5 2
> BAT1 10 1 12 1 1 4 19 4 6 5 8 5 10 5 12 5 1 6 5 6 19 6 1 8 5 8 15 8 19 8 10 9 1 10 5 10 9 10 11 10 15 10 19 10 10 11 1 12 5 12 15 12 19 12 19 14 8 15 10 15 12 15 19 16 6 19 8 19 10 19 12 19 14 19 14 17
> BAT2 6 3 8 3 10 3 12 3 14 3 3 6 17 6 8 7 10 7 12 7 3 8 7 8 13 8 17 8 3 10 7 10 13 10 17 10 3 12 7 12 13 12 17 12 8 13 10 13 12 13 3 14 17 14 6 17 8 17 10 17 12 17
< RES 1637256464 33 1
< MOVE L L
> REQ 1637256464 34 1
> VAMPIRE 1 3 1 3 0 2 0
> VAMPIRE 4 5 13 3 0 2 0
> VAMPIRE 3 15 13 3 0 2 0
> VAMPIRE 2 15 5 3 0 2 0
> GRENADE 1 5 5 3 2
> GRENADE 2 13 3 4 2
> GRENADE 4 3 13 5 2
> GRENADE 3 13 13 5 2
> BAT1 10 1 12 1 1 4 19 4 6 5 8 5 10 5 12 5 1 6 5 6 19 6 1 8 5 8 15 8 19 8 10 9 1 10 5 10 9 10 11 10 15 10 19 10 10 11 1 12 5 12 15 12 19 12 19 14 8 15 10 15 12 15 19 16 6 19 8 19 10 19 12 19 14 19 14 17
> BAT2 6 3 8 3 10 3 12 3 14 3 3 6 17 6 8 7 10 7 12 7 3 8 7 8 13 8 17 8 3 10 7 10 13 10 17 10 3 12 7 12 13 12 17 12 8 13 10 13 12 13 3 14 17 14 6 17 8 17 10 17 12 17
< RES 1637256464 34 1
< MOVE D D
> REQ 1637256464 35 1
> VAMPIRE 1 5 1 3 0 2 0
> VAMPIRE 4 5 15 3 0 2 0
> VAMPIRE 3 15 15 3 0 2 0
> VAMPIRE 2 15 5 3 0 2 0
> GRENADE 1 5 5 2 2
> GRENADE 2 13 3 3 2
> GRENADE 4 3 13 4 2
> GRENADE 3 13 13 4 2
> BAT1 10 1 12 1 1 4 19 4 6 5 8 5 10 5 12 5 1 6 5 6 19 6 1 8 5 8 15 8 19 8 10 9 1 10 5 10 9 10 11 10 15 10 19 10 10 11 1 12 5 12 15 12 19 12 19 14 8 15 10 15 12 15 19 16 6 19 8 19 10 19 12 19 14 19 14 17
> BAT2 6 3 8 3 10 3 12 3 14 3 3 6 17 6 8 7 10 7 12 7 3 8 7 8 13 8 17 8 3 10 7 10 13 10 17 10 3 12 7 12 13 12 17 12 8 13 10 13 12 13 3 14 17 14 6 17 8 17 10 17 12 17
< RES 1637256464 35 1
< MOVE D D
> REQ 1637256464 36 1
> VAMPIRE 1 7 1 3 0 2 0
> VAMPIRE 4 5 15 3 0 2 0
> VAMPIRE 3 15 15 3 0 2 0
> VAMPIRE 2 15 7 3 0 2 0
> GRENADE 1 5 5 1 2
> GRENADE 2 13 3 2 2
> GRENADE 4 3 13 3 2
> GRENADE 3 13 13 3 2
> BAT1 10 1 12 1 1 4 19 4 6 5 8 5 10 5 12 5 1 6 5 6 19 6 1 8 5 8 15 8 19 8 10 9 1 10 5 10 9 10 11 10 15 10 19 10 10 11 1 12 5 12 15 12 19 12 19 14 8 15 10 15 12 15 19 16 6 19 8 19 10 19 12 19 14 19 14 17
> BAT2 6 3 8 3 10 3 12 3 14 3 3 6 17 6 8 7 10 7 12 7 3 8 7 8 13 8 17 8 3 10 7 10 13 10 17 10 3 12 7 12 13 12 17 12 8 13 10 13 12 13 3 14 17 14 6 17 8 17 10 17 12 17
< RES 1637256464 36 1
< MOVE D
> REQ 1637256464 37 1
> VAMPIRE 1 8 1 3 1 2 0
> VAMPIRE 4 5 15 3 0 2 0
> VAMPIRE 3 15 15 3 0 2 0
> VAMPIRE 2 15 7 3 0 2 0
> GRENADE 2 13 3 1 2
> GRENADE 4 3 13 2 2
> GRENADE 3 13 13 2 2
> BAT1 10 1 12 1 1 4 19 4 8 5 10 5 12 5 1 6 19 6 1 8 5 8 15 8 19 8 10 9 1 10 5 10 9 10 11 10 15 10 19 10 10 11 1 12 5 12 15 12 19 12 19 14 8 15 10 15 12 15 19 16 6 19 8 19 10 19 12 19 14 19 14 17
> BAT2 6 3 8 3 10 3 12 3 14 3 3 6 17 6 8 7 10 7 12 7 3 8 7 8 13 8 17 8 3 10 7 10 13 10 17 10 3 12 7 12 13 12 17 12 8 13 10 13 12 13 3 14 17 14 6 17 8 17 10 17 12 17
< RES 1637256464 37 1
< GRENADE
< MOVE U R
> REQ 1637256464 38 1
> VAMPIRE 1 7 2 3 0 2 0
> VAMPIRE 4 5 15 3 0 2 0
> VAMPIRE 3 15 15 3 0 2 0
> VAMPIRE 2 13 7 3 1 2 0
> GRENADE 4 3 13 1 2
> GRENADE 3 13 13 1 2
> GRENADE 1 8 1 5 2
> BAT1 10 1 12 1 1 4 19 4 8 5 10 5 12 5 1 6 19 6 1 8 5 8 15 8 19 8 10 9 1 10 5 10 9 10 11 10 15 10 19 10 10 11 1 12 5 12 15 12 19 12 19 14 8 15 10 15 12 15 19 16 6 19 8 19 10 19 12 19 14 19 12 3 14 3 14 17
> BAT2 6 3 8 3 10 3 3 6 17 6 8 7 10 7 12 7 3 8 7 8 13 8 17 8 3 10 7 10 13 10 17 10 3 12 7 12 13 12 17 12 8 13 10 13 12 13 3 14 17 14 6 17 8 17 10 17 12 17
< RES 1637256464 38 1
< MOVE R
> REQ 1637256464 39 1
> VAMPIRE 1 7 3 3 0 2 0
> VAMPIRE 4 5 13 3 1 2 0
> VAMPIRE 3 13 15 3 1 2 0
> VAMPIRE 2 15 7 3 0 2 0
> GRENADE 1 8 1 4 2
> GRENADE 2 13 7 5 2
> BAT1 10 1 12 1 1 4 19 4 8 5 10 5 12 5 1 6 19 6 1 8 5 8 15 8 19 8 10 9 1 10 5 10 9 10 11 10 15 10 19 10 10 11 1 12 5 12 15 12 19 12 19 14 8 15 10 15 12 15 19 16 6 19 8 19 10 19 12 19 14 19 12 3 14 3 3 12 13 12 12 13 3 14 14 17
> BAT2 6 3 8 3 10 3 3 6 17 6 8 7 10 7 12 7 3 8 7 8 13 8 17 8 3 10 7 10 13 10 17 10 7 12 17 12 8 13 10 13 17 14 6 17 8 17 10 17 12 17
< RES 1637256464 39 1
< MOVE R R
> REQ 1637256464 40 1
> VAMPIRE 1 7 5 3 0 2 0
> VAMPIRE 4 3 13 3 1 2 0
> VAMPIRE 3 13 13 3 1 2 0
> VAMPIRE 2 15 5 3 0 2 0
> GRENADE 1 8 1 3 2
> GRENADE 2 13 7 4 2
> BAT1 10 1 12 1 1 4 19 4 8 5 10 5 12 5 1 6 19 6 1 8 5 8 15 8 19 8 10 9 1 10 5 10 9 10 11 10 15 10 19 10 10 11 1 12 5 12 15 12 19 12 19 14 8 15 10 15 12 15 19 16 6 19 8 19 10 19 12 19 14 19 12 3 14 3 3 12 13 12 12 13 3 14 14 17
> BAT2 6 3 8 3 10 3 3 6 17 6 8 7 10 7 12 7 3 8 7 8 13 8 17 8 3 10 7 10 13 10 17 10 7 12 17 12 8 13 10 13 17 14 6 17 8 17 10 17 12 17
< RES 1637256464 40 1
> REQ 1637256464 41 1
> VAMPIRE 1 7 5 3 0 2 0
> VAMPIRE 4 5 13 3 0 2 0
> VAMPIRE 3 15 13 3 0 2 0
> VAMPIRE 2 15 3 3 0 2 0
> GRENADE 1 8 1 2 2
> GRENADE 2 13 7 3 2
> GRENADE 4 3 13 5 2
> GRENADE 3 13 13 5 2
> BAT1 10 1 12 1 1 4 19 4 8 5 10 5 12 5 1 6 19 6 1 8 5 8 15 8 19 8 10 9 1 10 5 10 9 10 11 10 15 10 19 10 10 11 1 12 5 12 15 12 19 12 19 14 8 15 10 15 12 15 19 16 6 19 8 19 10 19 12 19 14 19 12 3 14 3 3 12 13 12 12 13 3 14 14 17
> BAT2 6 3 8 3 10 3 3 6 17 6 8 7 10 7 12 7 3 8 7 8 13 8 17 8 3 10 7 10 13 10 17 10 7 12 17 12 8 13 10 13 17 14 6 17 8 17 10 17 12 17
< RES 1637256464 41 1
> REQ 1637256464 42 1
> VAMPIRE 1 7 5 3 0 2 0
> VAMPIRE 4 5 15 3 0 2 0
> VAMPIRE 3 15 15 3 0 2 0
> VAMPIRE 2 15 1 3 0 2 0
> GRENADE 1 8 1 1 2
> GRENADE 2 13 7 2 2
> GRENADE 4 3 13 4 2
> GRENADE 3 13 13 4 2
> BAT1 10 1 12 1 1 4 19 4 8 5 10 5 12 5 1 6 19 6 1 8 5 8 15 8 19 8 10 9 1 10 5 10 9 10 11 10 15 10 19 10 10 11 1 12 5 12 15 12 19 12 19 14 8 15 10 15 12 15 19 16 6 19 8 19 10 19 12 19 14 19 12 3 14 3 3 12 13 12 12 13 3 14 14 17
> BAT2 6 3 8 3 10 3 3 6 17 6 8 7 10 7 12 7 3 8 7 8 13 8 17 8 3 10 7 10 13 10 17 10 7 12 17 12 8 13 10 13 17 14 6 17 8 17 10 17 12 17
< RES 1637256464 42 1
< MOVE L L
> REQ 1637256464 43 1
> VAMPIRE 1 7 3 3 1 2 0
> VAMPIRE 4 5 15 3 0 2 0
> VAMPIRE 3 15 15 3 0 2 0
> VAMPIRE 2 13 1 3 0 2 0
> GRENADE 2 13 7 1 2
> GRENADE 4 3 13 3 2
> GRENADE 3 13 13 3 2
> BAT1 12 1 1 4 19 4 8 5 10 5 12 5 1 6 19 6 1 8 5 8 15 8 19 8 10 9 1 10 5 10 9 10 11 10 15 10 19 10 10 11 1 12 5 12 15 12 19 12 19 14 8 15 10 15 12 15 19 16 6 19 8 19 10 19 12 19 14 19 12 3 14 3 3 12 13 12 12 13 3 14 14 17
> BAT2 6 3 8 3 10 3 3 6 17 6 8 7 10 7 12 7 3 8 7 8 13 8 17 8 3 10 7 10 13 10 17 10 7 12 17 12 8 13 10 13 17 14 6 17 8 17 10 17 12 17
< RES 1637256464 43 1
< GRENADE
< MOVE R R
> REQ 1637256464 44 1
> VAMPIRE 1 7 5 3 0 2 0
> VAMPIRE 4 5 15 3 0 2 0
> VAMPIRE 3 15 15 3 0 2 0
> VAMPIRE 2 13 3 3 1 2 0
> GRENADE 4 3 13 2 2
> GRENADE 3 13 13 2 2
> GRENADE 1 7 3 5 2
> BAT1 12 1 1 4 19 4 8 5 10 5 12 5 1 6 19 6 1 8 5 8 15 8 19 8 10 9 1 10 5 10 9 10 11 10 15 10 19 10 10 11 1 12 5 12 15 12 19 12 19 14 8 15 10 15 12 15 19 16 6 19 8 19 10 19 12 19 14 19 12 3 14 3 12 7 13 8 3 12 13 12 12 13 3 14 14 17
> BAT2 6 3 8 3 10 3 3 6 17 6 8 7 10 7 3 8 7 8 17 8 3 10 7 10 13 10 17 10 7 12 17 12 8 13 10 13 17 14 6 17 8 17 10 17 12 17
< RES 1637256464 44 1
< MOVE U U
> REQ 1637256464 45 1
> VAMPIRE 1 5 5 3 0 2 0
> VAMPIRE 4 5 15 3 0 2 0
> VAMPIRE 3 15 15 3 0 2 0
> VAMPIRE 2 13 5 3 0 2 0
> GRENADE 4 3 13 1 2
> GRENADE 3 13 13 1 2
> GRENADE 1 7 3 4 2
> GRENADE 2 13 3 5 2
> BAT1 12 1 1 4 19 4 8 5 10 5 12 5 1 6 19 6 1 8 5 8 15 8 19 8 10 9 1 10 5 10 9 10 11 10 15 10 19 10 10 11 1 12 5 12 15 12 19 12 19 14 8 15 10 15 12 15 19 16 6 19 8 19 10 19 12 19 14 19 12 3 14 3 12 7 13 8 3 12 13 12 12 13 3 14 14 17
> BAT2 6 3 8 3 10 3 3 6 17 6 8 7 10 7 3 8 7 8 17 8 3 10 7 10 13 10 17 10 7 12 17 12 8 13 10 13 17 14 6 17 8 17 10 17 12 17
< RES 1637256464 45 1
> REQ 1637256464 46 1
> VAMPIRE 1 5 5 3 0 2 0
> VAMPIRE 4 7 15 3 1 2 0
> VAMPIRE 3 13 15 3 1 2 0
> VAMPIRE 2 15 5 3 0 2 0
> GRENADE 1 7 3 3 2
> GRENADE 2 13 3 4 2
> BAT1 12 1 1 4 19 4 8 5 10 5 12 5 1 6 19 6 1 8 5 8 15 8 19 8 10 9 1 10 5 10 9 10 11 10 15 10 19 10 10 11 1 12 5 12 15 12 19 12 19 14 8 15 10 15 12 15 19 16 6 19 8 19 10 19 12 19 14 19 12 3 14 3 12 7 13 8 14 17
> BAT2 6 3 8 3 10 3 3 6 17 6 8 7 10 7 3 8 7 8 17 8 3 10 7 10 13 10 17 10 7 12 17 12 8 13 10 13 17 14 6 17 8 17 10 17 12 17
< RES 1637256464 46 1
< MOVE R R
> REQ 1637256464 47 1
> VAMPIRE 1 5 7 3 0 2 0
> VAMPIRE 4 7 13 3 1 2 0
> VAMPIRE 3 13 17 3 1 2 0
> VAMPIRE 2 15 5 3 0 2 0
> GRENADE 1 7 3 2 2
> GRENADE 2 13 3 3 2
> BAT1 12 1 1 4 19 4 8 5 10 5 12 5 1 6 19 6 1 8 5 8 15 8 19 8 10 9 1 10 5 10 9 10 11 10 15 10 19 10 10 11 1 12 5 12 15 12 19 12 19 14 8 15 10 15 12 15 19 16 6 19 8 19 10 19 12 19 14 19 12 3 14 3 12 7 13 8 14 17
> BAT2 6 3 8 3 10 3 3 6 17 6 8 7 10 7 3 8 7 8 17 8 3 10 7 10 13 10 17 10 7 12 17 12 8 13 10 13 17 14 6 17 8 17 10 17 12 17
< RES 1637256464 47 1
> REQ 1637256464 48 1
> VAMPIRE 1 5 7 3 0 2 0
> VAMPIRE 4 5 13 3 0 2 0
> VAMPIRE 3 13 15 3 0 2 0
> VAMPIRE 2 15 5 3 0 2 0
> GRENADE 1 7 3 1 2
> GRENADE 2 13 3 2 2
> GRENADE 4 7 13 5 2
> GRENADE 3 13 17 5 2
> BAT1 12 1 1 4 19 4 8 5 10 5 12 5 1 6 19 6 1 8 5 8 15 8 19 8 10 9 1 10 5 10 9 10 11 10 15 10 19 10 10 11 1 12 5 12 15 12 19 12 19 14 8 15 10 15 12 15 19 16 6 19 8 19 10 19 12 19 14 19 12 3 14 3 12 7 13 8 14 17
> BAT2 6 3 8 3 10 3 3 6 17 6 8 7 10 7 3 8 7 8 17 8 3 10 7 10 13 10 17 10 7 12 17 12 8 13 10 13 17 14 6 17 8 17 10 17 12 17
< RES 1637256464 48 1
< MOVE U U
> REQ 1637256464 49 1
> VAMPIRE 1 3 7 3 1 2 0
> VAMPIRE 4 3 13 3 0 2 0
> VAMPIRE 3 15 15 3 0 2 0
> VAMPIRE 2 15 7 3 0 2 0
> GRENADE 2 13 3 1 2
> GRENADE 4 7 13 4 2
> GRENADE 3 13 17 4 2
> BAT1 12 1 1 4 19 4 8 5 10 5 12 5 1 6 19 6 1 8 5 8 15 8 19 8 10 9 1 10 5 10 9 10 11 10 15 10 19 10 10 11 1 12 5 12 15 12 19 12 19 14 8 15 10 15 12 15 19 16 6 19 8 19 10 19 12 19 14 19 6 3 8 3 12 3 14 3 12 7 13 8 14 17
> BAT2 10 3 3 6 17 6 8 7 10 7 3 8 7 8 17 8 3 10 7 10 13 10 17 10 7 12 17 12 8 13 10 13 17 14 6 17 8 17 10 17 12 17
< RES 1637256464 49 1
< GRENADE
< MOVE D D
> REQ 1637256464 50 1
> VAMPIRE 1 5 7 3 0 2 0
> VAMPIRE 4 3 13 3 0 2 0
> VAMPIRE 3 15 13 3 0 2 0
> VAMPIRE 2 13 7 3 1 2 0
> GRENADE 4 7 13 3 2
> GRENADE 3 13 17 3 2
> GRENADE 1 3 7 5 2
> BAT1 12 1 1 4 19 4 8 5 10 5 12 5 1 6 19 6 1 8 5 8 15 8 19 8 10 9 1 10 5 10 9 10 11 10 15 10 19 10 10 11 1 12 5 12 15 12 19 12 19 14 8 15 10 15 12 15 19 16 6 19 8 19 10 19 12 19 14 19 6 3 8 3 12 7 13 8 14 17
> BAT2 10 3 3 6 17 6 8 7 10 7 3 8 7 8 17 8 3 10 7 10 13 10 17 10 7 12 17 12 8 13 10 13 17 14 6 17 8 17 10 17 12 17
< RES 1637256464 50 1
< MOVE L L
> REQ 1637256464 51 1
> VAMPIRE 1 5 5 3 0 2 0
> VAMPIRE 4 3 12 3 0 2 0
> VAMPIRE 3 13 13 3 0 2 0
> VAMPIRE 2 15 7 3 0 2 0
> GRENADE 4 7 13 2 2
> GRENADE 3 13 17 2 2
> GRENADE 1 3 7 4 2
> GRENADE 2 13 7 5 2
> BAT1 12 1 1 4 19 4 8 5 10 5 12 5 1 6 19 6 1 8 5 8 15 8 19 8 10 9 1 10 5 10 9 10 11 10 15 10 19 10 10 11 1 12 5 12 15 12 19 12 19 14 8 15 10 15 12 15 19 16 6 19 8 19 10 19 12 19 14 19 6 3 8 3 12 7 13 8 14 17
> BAT2 10 3 3 6 17 6 8 7 10 7 3 8 7 8 17 8 3 10 7 10 13 10 17 10 7 12 17 12 8 13 10 13 17 14 6 17 8 17 10 17 12 17
< RES 1637256464 51 1
> REQ 1637256464 52 1
> VAMPIRE 1 5 5 3 0 2 0
> VAMPIRE 4 2 11 3 0 2 0
> VAMPIRE 3 11 13 3 0 2 0
> VAMPIRE 2 15 5 3 0 2 0
> GRENADE 4 7 13 1 2
> GRENADE 3 13 17 1 2
> GRENADE 1 3 7 3 2
> GRENADE 2 13 7 4 2
> BAT1 12 1 1 4 19 4 8 5 10 5 12 5 1 6 19 6 1 8 5 8 15 8 19 8 10 9 1 10 5 10 9 10 11 10 15 10 19 10 10 11 1 12 5 12 15 12 19 12 19 14 8 15 10 15 12 15 19 16 6 19 8 19 10 19 12 19 14 19 6 3 8 3 12 7 13 8 14 17
> BAT2 10 3 3 6 17 6 8 7 10 7 3 8 7 8 17 8 3 10 7 10 13 10 17 10 7 12 17 12 8 13 10 13 17 14 6 17 8 17 10 17 12 17
< RES 1637256464 52 1
< MOVE D D
> REQ 1637256464 53 1
> VAMPIRE 1 7 5 3 0 2 0
> VAMPIRE 4 1 11 3 1 2 0
> VAMPIRE 3 11 11 3 1 2 0
> VAMPIRE 2 15 3 3 0 2 0
> GRENADE 1 3 7 2 2
> GRENADE 2 13 7 3 2
> BAT1 12 1 1 4 19 4 8 5 10 5 12 5 1 6 19 6 1 8 5 8 15 8 19 8 10 9 1 10 5 10 9 10 11 10 15 10 19 10 10 11 1 12 5 12 15 12 19 12 19 14 8 15 10 15 12 15 19 16 6 19 8 19 10 19 12 19 14 19 6 3 8 3 12 7 13 8 7 12 8 13 12 17
> BAT2 10 3 3 6 17 6 8 7 10 7 3 8 7 8 17 8 3 10 7 10 13 10 17 10 17 12 10 13 17 14 6 17 8 17 10 17
< RES 1637256464 53 1
> REQ 1637256464 54 1
> VAMPIRE 1 7 5 3 0 2 0
> VAMPIRE 4 3 11 3 0 2 0
> VAMPIRE 3 13 11 3 0 2 0
> VAMPIRE 2 13 3 3 0 2 0
> GRENADE 1 3 7 1 2
> GRENADE 2 13 7 2 2
> GRENADE 4 1 11 5 2
> GRENADE 3 11 11 5 2
> BAT1 12 1 1 4 19 4 8 5 10 5 12 5 1 6 19 6 1 8 5 8 15 8 19 8 10 9 1 10 5 10 9 10 11 10 15 10 19 10 10 11 1 12 5 12 15 12 19 12 19 14 8 15 10 15 12 15 19 16 6 19 8 19 10 19 12 19 14 19 6 3 8 3 12 7 13 8 7 12 8 13 12 17
> BAT2 10 3 3 6 17 6 8 7 10 7 3 8 7 8 17 8 3 10 7 10 13 10 17 10 17 12 10 13 17 14 6 17 8 17 10 17
< RES 1637256464 54 1
< MOVE L L
> REQ 1637256464 55 1
> VAMPIRE 1 7 3 3 1 2 0
> VAMPIRE 4 3 13 3 0 2 0
> VAMPIRE 3 13 13 3 0 2 0
> VAMPIRE 2 11 3 3 0 2 0
> GRENADE 2 13 7 1 2
> GRENADE 4 1 11 4 2
> GRENADE 3 11 11 4 2
> BAT1 12 1 1 4 19 4 8 5 10 5 12 5 1 6 19 6 1 8 5 8 15 8 19 8 10 9 1 10 5 10 9 10 11 10 15 10 19 10 10 11 1 12 5 12 15 12 19 12 19 14 8 15 10 15 12 15 19 16 6 19 8 19 10 19 12 19 14 19 6 3 8 3 3 6 12 7 3 8 13 8 7 12 8 13 12 17
> BAT2 10 3 17 6 8 7 10 7 7 8 17 8 3 10 7 10 13 10 17 10 17 12 10 13 17 14 6 17 8 17 10 17
< RES 1637256464 55 1
< GRENADE
< MOVE R R
> REQ 1637256464 56 1
> VAMPIRE 1 7 5 3 0 2 0
> VAMPIRE 4 3 13 3 0 2 0
> VAMPIRE 3 13 13 3 0 2 0
> VAMPIRE 2 11 5 3 1 2 0
> GRENADE 4 1 11 3 2
> GRENADE 3 11 11 3 2
> GRENADE 1 7 3 5 2
> BAT1 12 1 1 4 19 4 8 5 10 5 12 5 1 6 19 6 1 8 5 8 15 8 19 8 10 9 1 10 5 10 9 10 11 10 15 10 19 10 10 11 1 12 5 12 15 12 19 12 19 14 8 15 10 15 12 15 19 16 6 19 8 19 10 19 12 19 14 19 6 3 8 3 3 6 3 8 7 12 8 13 12 17
> BAT2 10 3 17 6 8 7 10 7 7 8 17 8 3 10 7 10 13 10 17 10 17 12 10 13 17 14 6 17 8 17 10 17
< RES 1637256464 56 1
< MOVE U U
> REQ 1637256464 57 1
> VAMPIRE 1 5 5 3 0 2 0
> VAMPIRE 4 3 12 3 0 2 0
> VAMPIRE 3 13 12 3 0 2 0
> VAMPIRE 2 11 3 3 0 2 0
> GRENADE 4 1 11 2 2
> GRENADE 3 11 11 2 2
> GRENADE 1 7 3 4 2
> GRENADE 2 11 5 5 2
> BAT1 12 1 1 4 19 4 8 5 10 5 12 5 1 6 19 6 1 8 5 8 15 8 19 8 10 9 1 10 5 10 9 10 11 10 15 10 19 10 10 11 1 12 5 12 15 12 19 12 19 14 8 15 10 15 12 15 19 16 6 19 8 19 10 19 12 19 14 19 6 3 8 3 3 6 3 8 7 12 8 13 12 17
> BAT2 10 3 17 6 8 7 10 7 7 8 17 8 3 10 7 10 13 10 17 10 17 12 10 13 17 14 6 17 8 17 10 17
< RES 1637256464 57 1
> REQ 1637256464 58 1
> VAMPIRE 1 5 5 3 0 2 0
> VAMPIRE 4 3 13 3 0 2 0
> VAMPIRE 3 13 13 3 0 2 0
> VAMPIRE 2 13 3 3 0 2 0
> GRENADE 4 1 11 1 2
> GRENADE 3 11 11 1 2
> GRENADE 1 7 3 3 2
> GRENADE 2 11 5 4 2
> BAT1 12 1 1 4 19 4 8 5 10 5 12 5 1 6 19 6 1 8 5 8 15 8 19 8 10 9 1 10 5 10 9 10 11 10 15 10 19 10 10 11 1 12 5 12 15 12 19 12 19 14 8 15 10 15 12 15 19 16 6 19 8 19 10 19 12 19 14 19 6 3 8 3 3 6 3 8 7 12 8 13 12 17
> BAT2 10 3 17 6 8 7 10 7 7 8 17 8 3 10 7 10 13 10 17 10 17 12 10 13 17 14 6 17 8 17 10 17
< RES 1637256464 58 1
> REQ 1637256464 59 1
> VAMPIRE 1 5 5 3 0 2 0
> VAMPIRE 4 5 13 3 1 2 0
> VAMPIRE 3 11 13 3 1 2 0
> VAMPIRE 2 13 3 3 0 2 0
> GRENADE 1 7 3 2 2
> GRENADE 2 11 5 3 2
> BAT1 12 1 1 4 19 4 8 5 10 5 12 5 1 6 19 6 1 8 5 8 15 8 19 8 10 9 5 10 9 10 15 10 19 10 5 12 15 12 19 12 19 14 8 15 10 15 12 15 19 16 6 19 8 19 10 19 12 19 14 19 6 3 8 3 3 6 3 8 7 12 8 13 12 17
> BAT2 10 3 17 6 8 7 10 7 7 8 17 8 3 10 7 10 13 10 17 10 17 12 10 13 17 14 6 17 8 17 10 17
< RES 1637256464 59 1
< MOVE R R
> REQ 1637256464 60 1
> VAMPIRE 1 5 7 3 0 2 0
> VAMPIRE 4 7 13 3 1 2 0
> VAMPIRE 3 11 15 3 1 2 0
> VAMPIRE 2 12 3 3 0 2 0
> GRENADE 1 7 3 1 2
> GRENADE 2 11 5 2 2
> BAT1 12 1 1 4 19 4 8 5 10 5 12 5 1 6 19 6 1 8 5 8 15 8 19 8 10 9 5 10 9 10 15 10 19 10 5 12 15 12 19 12 19 14 8 15 10 15 12 15 19 16 6 19 8 19 10 19 12 19 14 19 6 3 8 3 3 6 3 8 7 12 8 13 12 17
> BAT2 10 3 17 6 8 7 10 7 7 8 17 8 3 10 7 10 13 10 17 10 17 12 10 13 17 14 6 17 8 17 10 17
< RES 1637256464 60 1
< MOVE U U
> REQ 1637256464 61 1
> VAMPIRE 1 3 7 3 1 2 0
> VAMPIRE 4 5 13 3 0 2 0
> VAMPIRE 3 11 13 3 0 2 0
> VAMPIRE 2 13 3 3 0 2 0
> GRENADE 2 11 5 1 2
> GRENADE 4 7 13 5 2
> GRENADE 3 11 15 5 2
> BAT1 12 1 1 4 19 4 8 5 10 5 12 5 1 6 19 6 1 8 5 8 15 8 19 8 10 9 5 10 9 10 15 10 19 10 5 12 15 12 19 12 19 14 8 15 10 15 12 15 19 16 6 19 8 19 10 19 12 19 14 19 3 6 3 8 7 12 8 13 12 17
> BAT2 10 3 17 6 8 7 10 7 7 8 17 8 3 10 7 10 13 10 17 10 17 12 10 13 17 14 6 17 8 17 10 17
< RES 1637256464 61 1
< GRENADE
< MOVE D D
> REQ 1637256464 62 1
> VAMPIRE 1 5 7 3 0 2 0
> VAMPIRE 4 3 13 3 0 2 0
> VAMPIRE 3 13 13 3 0 2 0
> VAMPIRE 2 12 3 3 1 2 0
> GRENADE 4 7 13 4 2
> GRENADE 3 11 15 4 2
> GRENADE 1 3 7 5 2
> BAT1 12 1 1 4 19 4 8 5 1 6 19 6 1 8 5 8 15 8 19 8 10 9 5 10 9 10 15 10 19 10 5 12 15 12 19 12 19 14 8 15 10 15 12 15 19 16 6 19 8 19 10 19 12 19 14 19 3 6 3 8 7 12 8 13 12 17
> BAT2 10 3 17 6 8 7 10 7 7 8 17 8 3 10 7 10 13 10 17 10 17 12 10 13 17 14 6 17 8 17 10 17
< RES 1637256464 62 1
< MOVE L L
> REQ 1637256464 63 1
> VAMPIRE 1 5 5 3 0 2 0
> VAMPIRE 4 3 13 3 0 2 0
> VAMPIRE 3 13 13 3 0 2 0
> VAMPIRE 2 11 4 3 0 2 0
> GRENADE 4 7 13 3 2
> GRENADE 3 11 15 3 2
> GRENADE 1 3 7 4 2
> GRENADE 2 12 3 5 2
> BAT1 12 1 1 4 19 4 8 5 1 6 19 6 1 8 5 8 15 8 19 8 10 9 5 10 9 10 15 10 19 10 5 12 15 12 19 12 19 14 8 15 10 15 12 15 19 16 6 19 8 19 10 19 12 19 14 19 3 6 3 8 7 12 8 13 12 17
> BAT2 10 3 17 6 8 7 10 7 7 8 17 8 3 10 7 10 13 10 17 10 17 12 10 13 17 14 6 17 8 17 10 17
< RES 1637256464 63 1
> REQ 1637256464 64 1
> VAMPIRE 1 5 5 3 0 2 0
> VAMPIRE 4 3 13 3 0 2 0
> VAMPIRE 3 13 13 3 0 2 0
> VAMPIRE 2 11 5 3 0 2 0
> GRENADE 4 7 13 2 2
> GRENADE 3 11 15 2 2
> GRENADE 1 3 7 3 2
> GRENADE 2 12 3 4 2
> BAT1 12 1 1 4 19 4 8 5 1 6 19 6 1 8 5 8 15 8 19 8 10 9 5 10 9 10 15 10 19 10 5 12 15 12 19 12 19 14 8 15 10 15 12 15 19 16 6 19 8 19 10 19 12 19 14 19 3 6 3 8 7 12 8 13 12 17
> BAT2 10 3 17 6 8 7 10 7 7 8 17 8 3 10 7 10 13 10 17 10 17 12 10 13 17 14 6 17 8 17 10 17
< RES 1637256464 64 1
> REQ 1637256464 65 1
> VAMPIRE 1 5 5 3 0 2 0
> VAMPIRE 4 3 11 3 0 2 0
> VAMPIRE 3 13 11 3 0 2 0
> VAMPIRE 2 9 5 3 0 2 0
> GRENADE 4 7 13 1 2
> GRENADE 3 11 15 1 2
> GRENADE 1 3 7 2 2
> GRENADE 2 12 3 3 2
> BAT1 12 1 1 4 19 4 8 5 1 6 19 6 1 8 5 8 15 8 19 8 10 9 5 10 9 10 15 10 19 10 5 12 15 12 19 12 19 14 8 15 10 15 12 15 19 16 6 19 8 19 10 19 12 19 14 19 3 6 3 8 7 12 8 13 12 17
> BAT2 10 3 17 6 8 7 10 7 7 8 17 8 3 10 7 10 13 10 17 10 17 12 10 13 17 14 6 17 8 17 10 17
< RES 1637256464 65 1
< MOVE D D
> REQ 1637256464 66 1
> VAMPIRE 1 7 5 3 0 2 0
> VAMPIRE 4 5 11 3 1 2 0
> VAMPIRE 3 15 11 3 1 2 0
> VAMPIRE 2 9 3 3 0 2 0
> GRENADE 1 3 7 1 2
> GRENADE 2 12 3 2 2
> BAT1 12 1 1 4 19 4 8 5 1 6 19 6 1 8 5 8 15 8 19 8 10 9 5 10 9 10 15 10 19 10 5 12 15 12 19 12 19 14 8 15 19 16 6 19 8 19 10 19 12 19 14 19 3 6 3 8 12 17
> BAT2 10 3 17 6 8 7 10 7 7 8 17 8 3 10 7 10 13 10 17 10 17 12 10 13 17 14 6 17 8 17 10 17
< RES 1637256464 66 1
< MOVE R R
> REQ 1637256464 67 1
> VAMPIRE 1 7 7 3 1 2 0
> VAMPIRE 4 3 11 3 0 2 0
> VAMPIRE 3 13 11 3 0 2 0
> VAMPIRE 2 9 1 3 0 2 0
> GRENADE 2 12 3 1 2
> GRENADE 4 5 11 5 2
> GRENADE 3 15 11 5 2
> BAT1 12 1 1 4 19 4 8 5 1 6 19 6 1 8 5 8 15 8 19 8 10 9 5 10 9 10 15 10 19 10 5 12 15 12 19 12 19 14 8 15 19 16 6 19 8 19 10 19 12 19 14 19 12 17
> BAT2 10 3 17 6 8 7 10 7 7 8 17 8 3 10 7 10 13 10 17 10 17 12 10 13 17 14 6 17 8 17 10 17
< RES 1637256464 67 1
< GRENADE
< MOVE U U
> REQ 1637256464 68 1
> VAMPIRE 1 5 7 3 0 2 0
> VAMPIRE 4 3 13 3 0 2 0
> VAMPIRE 3 13 13 3 0 2 0
> VAMPIRE 2 10 1 3 1 2 0
> GRENADE 4 5 11 4 2
> GRENADE 3 15 11 4 2
> GRENADE 1 7 7 5 2
> BAT1 12 1 1 4 19 4 8 5 1 6 19 6 1 8 5 8 15 8 19 8 10 9 5 10 9 10 15 10 19 10 5 12 15 12 19 12 19 14 8 15 19 16 6 19 8 19 10 19 12 19 14 19 10 3 12 17
> BAT2 17 6 8 7 10 7 7 8 17 8 3 10 7 10 13 10 17 10 17 12 10 13 17 14 6 17 8 17 10 17
< RES 1637256464 68 1
< MOVE U U
> REQ 1637256464 69 1
> VAMPIRE 1 3 7 3 0 2 0
> VAMPIRE 4 3 13 3 0 2 0
> VAMPIRE 3 13 13 3 0 2 0
> VAMPIRE 2 9 2 3 0 2 0
> GRENADE 4 5 11 3 2
> GRENADE 3 15 11 3 2
> GRENADE 1 7 7 4 2
> GRENADE 2 10 1 5 2
> BAT1 12 1 1 4 19 4 8 5 1 6 19 6 1 8 5 8 15 8 19 8 10 9 5 10 9 10 15 10 19 10 5 12 15 12 19 12 19 14 8 15 19 16 6 19 8 19 10 19 12 19 14 19 10 3 12 17
> BAT2 17 6 8 7 10 7 7 8 17 8 3 10 7 10 13 10 17 10 17 12 10 13 17 14 6 17 8 17 10 17
< RES 1637256464 69 1
> REQ 1637256464 70 1
> VAMPIRE 1 3 7 3 0 2 0
> VAMPIRE 4 3 13 3 0 2 0
> VAMPIRE 3 13 15 3 0 2 0
> VAMPIRE 2 9 3 3 0 2 0
> GRENADE 4 5 11 2 2
> GRENADE 3 15 11 2 2
> GRENADE 1 7 7 3 2
> GRENADE 2 10 1 4 2
> BAT1 12 1 1 4 19 4 8 5 1 6 19 6 1 8 5 8 15 8 19 8 10 9 5 10 9 10 15 10 19 10 5 12 15 12 19 12 19 14 8 15 19 16 6 19 8 19 10 19 12 19 14 19 10 3 12 17
> BAT2 17 6 8 7 10 7 7 8 17 8 3 10 7 10 13 10 17 10 17 12 10 13 17 14 6 17 8 17 10 17
< RES 1637256464 70 1
< MOVE R R
> REQ 1637256464 71 1
> VAMPIRE 1 3 9 3 0 2 0
> VAMPIRE 4 3 13 3 0 2 0
> VAMPIRE 3 11 15 3 0 2 0
> VAMPIRE 2 7 3 3 0 2 0
> GRENADE 4 5 11 1 2
> GRENADE 3 15 11 1 2
> GRENADE 1 7 7 2 2
> GRENADE 2 10 1 3 2
> BAT1 12 1 1 4 19 4 8 5 1 6 19 6 1 8 5 8 15 8 19 8 10 9 5 10 9 10 15 10 19 10 5 12 15 12 19 12 19 14 8 15 19 16 6 19 8 19 10 19 12 19 14 19 10 3 12 17
> BAT2 17 6 8 7 10 7 7 8 17 8 3 10 7 10 13 10 17 10 17 12 10 13 17 14 6 17 8 17 10 17
< RES 1637256464 71 1
< MOVE D D
> REQ 1637256464 72 1
> VAMPIRE 1 5 9 3 0 2 0
> VAMPIRE 4 3 12 3 1 2 0
> VAMPIRE 3 11 17 3 1 2 0
> VAMPIRE 2 9 3 3 0 2 0
> GRENADE 1 7 7 1 2
> GRENADE 2 10 1 2 2
> BAT1 12 1 1 4 19 4 8 5 1 6 19 6 1 8 5 8 15 8 19 8 10 9 9 10 19 10 19 12 19 14 8 15 19 16 6 19 8 19 10 19 12 19 14 19 10 3 12 17
> BAT2 17 6 8 7 10 7 7 8 17 8 3 10 7 10 13 10 17 10 17 12 10 13 17 14 6 17 8 17 10 17
< RES 1637256464 72 1
< MOVE D D
> REQ 1637256464 73 1
> VAMPIRE 1 7 9 3 1 2 0
> VAMPIRE 4 4 13 3 0 2 0
> VAMPIRE 3 11 15 3 0 2 0
> VAMPIRE 2 9 5 3 0 2 0
> GRENADE 2 10 1 1 2
> GRENADE 4 3 12 5 2
> GRENADE 3 11 17 5 2
> BAT1 12 1 1 4 19 4 8 5 1 6 19 6 1 8 5 8 15 8 19 8 10 9 9 10 19 10 19 12 19 14 8 15 19 16 6 19 8 19 10 19 12 19 14 19 10 3 8 7 7 8 12 17
> BAT2 17 6 10 7 17 8 3 10 7 10 13 10 17 10 17 12 10 13 17 14 6 17 8 17 10 17
< RES 1637256464 73 1
< GRENADE
< MOVE U U
> REQ 1637256464 74 1
> VAMPIRE 1 5 9 3 0 2 0
> VAMPIRE 4 5 13 3 0 2 0
> VAMPIRE 3 13 15 3 0 2 0
> VAMPIRE 2 9 7 3 1 2 0
> GRENADE 4 3 12 4 2
> GRENADE 3 11 17 4 2
> GRENADE 1 7 9 5 2
> BAT1 1 4 19 4 8 5 1 6 19 6 1 8 5 8 15 8 19 8 10 9 9 10 19 10 19 12 19 14 8 15 19 16 6 19 8 19 10 19 12 19 14 19 10 3 8 7 7 8 12 17
> BAT2 17 6 10 7 17 8 3 10 7 10 13 10 17 10 17 12 10 13 17 14 6 17 8 17 10 17
< RES 1637256464 74 1
< MOVE R R
> REQ 1637256464 75 1
> VAMPIRE 1 5 11 3 0 2 0
> VAMPIRE 4 7 13 3 0 2 0
> VAMPIRE 3 13 15 3 0 2 0
> VAMPIRE 2 9 9 3 1 2 0
> GRENADE 4 3 12 3 2
> GRENADE 3 11 17 3 2
> GRENADE 1 7 9 4 2
> BAT1 1 4 19 4 8 5 1 6 19 6 1 8 5 8 15 8 19 8 10 9 9 10 19 10 19 12 19 14 8 15 19 16 6 19 8 19 10 19 12 19 14 19 10 3 8 7 7 8 12 17
> BAT2 17 6 10 7 17 8 3 10 7 10 13 10 17 10 17 12 10 13 17 14 6 17 8 17 10 17
< RES 1637256464 75 1
< MOVE R R
> REQ 1637256464 76 1
> VAMPIRE 1 5 13 3 0 2 0
> VAMPIRE 4 9 13 3 0 2 0
> VAMPIRE 3 15 15 3 0 2 0
> VAMPIRE 2 9 7 3 0 2 0
> GRENADE 4 3 12 2 2
> GRENADE 3 11 17 2 2
> GRENADE 1 7 9 3 2
> GRENADE 2 9 9 5 2
> BAT1 1 4 19 4 8 5 1 6 19 6 1 8 5 8 15 8 19 8 10 9 9 10 19 10 19 12 19 14 8 15 19 16 6 19 8 19 10 19 12 19 14 19 10 3 8 7 7 8 12 17
> BAT2 17 6 10 7 17 8 3 10 7 10 13 10 17 10 17 12 10 13 17 14 6 17 8 17 10 17
< RES 1637256464 76 1
< MOVE D D
> REQ 1637256464 77 1
> VAMPIRE 1 7 13 3 0 2 0
> VAMPIRE 4 9 15 3 0 2 0
> VAMPIRE 3 15 13 3 0 2 0
> VAMPIRE 2 9 5 3 0 2 0
> GRENADE 4 3 12 1 2
> GRENADE 3 11 17 1 2
> GRENADE 1 7 9 2 2
> GRENADE 2 9 9 4 2
> BAT1 1 4 19 4 8 5 1 6 19 6 1 8 5 8 15 8 19 8 10 9 9 10 19 10 19 12 19 14 8 15 19 16 6 19 8 19 10 19 12 19 14 19 10 3 8 7 7 8 12 17
> BAT2 17 6 10 7 17 8 3 10 7 10 13 10 17 10 17 12 10 13 17 14 6 17 8 17 10 17
< RES 1637256464 77 1
< MOVE R R
> REQ 1637256464 78 1
> VAMPIRE 1 7 15 3 0 2 0
> VAMPIRE 4 9 17 3 1 2 0
> VAMPIRE 3 17 13 3 1 2 0
> VAMPIRE 2 9 5 3 0 2 0
> GRENADE 1 7 9 1 2
> GRENADE 2 9 9 3 2
> BAT1 1 4 19 4 8 5 1 6 19 6 1 8 5 8 15 8 19 8 10 9 9 10 19 10 19 12 19 14 8 15 19 16 6 19 8 19 10 19 12 19 14 19 10 3 8 7 7 8 3 10 10 17
> BAT2 17 6 10 7 17 8 7 10 13 10 17 10 17 12 10 13 17 14 6 17 8 17
< RES 1637256464 78 1
< MOVE R R
> REQ 1637256464 79 1
> VAMPIRE 1 7 17 3 1 2 0
> VAMPIRE 4 9 15 3 0 2 0
> VAMPIRE 3 15 13 3 0 2 0
> VAMPIRE 2 9 7 3 1 2 0
> GRENADE 4 9 17 5 2
> GRENADE 3 17 13 5 2
> BAT1 1 4 19 4 8 5 1 6 19 6 1 8 5 8 15 8 19 8 19 10 19 12 19 14 8 15 19 16 6 19 8 19 10 19 12 19 14 19 10 3 8 7 3 10 7 10 10 17
> BAT2 17 6 10 7 17 8 13 10 17 10 17 12 10 13 17 14 6 17 8 17
< RES 1637256464 79 1
< GRENADE
< MOVE L L
> REQ 1637256464 80 1
> VAMPIRE 1 7 15 3 0 2 0
> VAMPIRE 4 11 15 3 0 2 0
> VAMPIRE 3 13 13 3 0 2 0
> VAMPIRE 2 9 9 3 0 2 0
> GRENADE 4 9 17 4 2
> GRENADE 3 17 13 4 2
> GRENADE 1 7 17 5 2
> GRENADE 2 9 7 5 2
> BAT1 1 4 19 4 8 5 1 6 19 6 1 8 5 8 15 8 19 8 19 10 19 12 19 14 8 15 19 16 6 19 8 19 10 19 12 19 14 19 10 3 8 7 3 10 7 10 10 17
> BAT2 17 6 10 7 17 8 13 10 17 10 17 12 10 13 17 14 6 17 8 17
< RES 1637256464 80 1
< MOVE U U
> REQ 1637256464 81 1
> VAMPIRE 1 5 15 3 0 2 0
> VAMPIRE 4 11 15 3 0 2 0
> VAMPIRE 3 13 13 3 0 2 0
> VAMPIRE 2 11 9 3 0 2 0
> GRENADE 4 9 17 3 2
> GRENADE 3 17 13 3 2
> GRENADE 1 7 17 4 2
> GRENADE 2 9 7 4 2
> BAT1 1 4 19 4 8 5 1 6 19 6 1 8 5 8 15 8 19 8 19 10 19 12 19 14 8 15 19 16 6 19 8 19 10 19 12 19 14 19 10 3 8 7 3 10 7 10 10 17
> BAT2 17 6 10 7 17 8 13 10 17 10 17 12 10 13 17 14 6 17 8 17
< RES 1637256464 81 1
> REQ 1637256464 82 1
> VAMPIRE 1 5 15 3 0 2 0
> VAMPIRE 4 11 16 3 0 2 0
> VAMPIRE 3 13 11 3 0 2 0
> VAMPIRE 2 11 11 3 0 2 0
> GRENADE 4 9 17 2 2
> GRENADE 3 17 13 2 2
> GRENADE 1 7 17 3 2
> GRENADE 2 9 7 3 2
> BAT1 1 4 19 4 8 5 1 6 19 6 1 8 5 8 15 8 19 8 19 10 19 12 19 14 8 15 19 16 6 19 8 19 10 19 12 19 14 19 10 3 8 7 3 10 7 10 10 17
> BAT2 17 6 10 7 17 8 13 10 17 10 17 12 10 13 17 14 6 17 8 17
< RES 1637256464 82 1
> REQ 1637256464 83 1
> VAMPIRE 1 5 15 3 0 2 0
> VAMPIRE 4 11 18 3 0 2 0
> VAMPIRE 3 15 11 3 0 2 0
> VAMPIRE 2 13 11 3 0 2 0
> GRENADE 4 9 17 1 2
> GRENADE 3 17 13 1 2
> GRENADE 1 7 17 2 2
> GRENADE 2 9 7 2 2
> BAT1 1 4 19 4 8 5 1 6 19 6 1 8 5 8 15 8 19 8 19 10 19 12 19 14 8 15 19 16 6 19 8 19 10 19 12 19 14 19 10 3 8 7 3 10 7 10 10 17
> BAT2 17 6 10 7 17 8 13 10 17 10 17 12 10 13 17 14 6 17 8 17
< RES 1637256464 83 1
> REQ 1637256464 84 1
> VAMPIRE 1 5 15 3 0 2 0
> VAMPIRE 4 11 19 3 1 2 0
> VAMPIRE 3 17 11 3 1 2 0
> VAMPIRE 2 15 11 3 0 2 0
> GRENADE 1 7 17 1 2
> GRENADE 2 9 7 1 2
> BAT1 1 4 19 4 8 5 1 6 19 6 1 8 5 8 15 8 19 8 19 10 19 12 19 14 8 15 19 16 6 19 8 19 10 19 12 19 14 19 10 3 8 7 3 10 7 10 17 12 17 14 8 17
> BAT2 17 6 10 7 17 8 13 10 17 10 10 13 6 17
< RES 1637256464 84 1
< MOVE D
> REQ 1637256464 85 1
> VAMPIRE 1 6 15 3 1 2 0
> VAMPIRE 4 11 17 3 0 2 0
> VAMPIRE 3 19 11 3 1 2 0
> VAMPIRE 2 17 11 3 1 2 0
> GRENADE 4 11 19 5 2
> BAT1 1 4 19 4 8 5 1 6 19 6 1 8 5 8 15 8 19 8 19 10 19 12 19 14 8 15 19 16 6 19 8 19 10 19 12 19 14 19 10 3 10 7 3 10 7 10 17 12 17 14 6 17
> BAT2 17 6 17 8 13 10 17 10 10 13
< RES 1637256464 85 1
< GRENADE
< MOVE D L
> REQ 1637256464 86 1
> VAMPIRE 1 7 14 3 0 2 0
> VAMPIRE 4 13 17 3 0 2 0
> VAMPIRE 3 19 11 3 1 2 0
> VAMPIRE 2 15 11 3 0 2 0
> GRENADE 4 11 19 4 2
> GRENADE 1 6 15 5 2
> GRENADE 2 17 11 5 2
> BAT1 1 4 19 4 8 5 1 6 19 6 1 8 5 8 15 8 19 8 19 10 19 12 19 14 8 15 19 16 6 19 8 19 10 19 12 19 14 19 10 3 10 7 3 10 7 10 17 12 17 14 6 17
> BAT2 17 6 17 8 13 10 17 10 10 13
< RES 1637256464 86 1
< MOVE L
> REQ 1637256464 87 1
> VAMPIRE 1 7 13 3 0 2 0
> VAMPIRE 4 13 17 3 0 2 0
> VAMPIRE 3 19 11 3 1 2 0
> VAMPIRE 2 15 13 3 0 2 0
> GRENADE 4 11 19 3 2
> GRENADE 1 6 15 4 2
> GRENADE 2 17 11 4 2
> BAT1 1 4 19 4 8 5 1 6 19 6 1 8 5 8 15 8 19 8 19 10 19 12 19 14 8 15 19 16 6 19 8 19 10 19 12 19 14 19 10 3 10 7 3 10 7 10 17 12 17 14 6 17
> BAT2 17 6 17 8 13 10 17 10 10 13
< RES 1637256464 87 1
< MOVE R
> REQ 1637256464 88 1
> VAMPIRE 1 7 14 3 0 2 0
> VAMPIRE 4 12 17 3 0 2 0
> VAMPIRE 3 19 11 3 1 2 0
> VAMPIRE 2 15 13 3 0 2 0
> GRENADE 4 11 19 2 2
> GRENADE 1 6 15 3 2
> GRENADE 2 17 11 3 2
> BAT1 1 4 19 4 8 5 1 6 19 6 1 8 5 8 15 8 19 8 19 10 19 12 19 14 8 15 19 16 6 19 8 19 10 19 12 19 14 19 10 3 10 7 3 10 7 10 17 12 17 14 6 17
> BAT2 17 6 17 8 13 10 17 10 10 13
< RES 1637256464 88 1
< MOVE R R
> REQ 1637256464 89 1
> VAMPIRE 1 7 16 3 0 2 0
> VAMPIRE 4 13 17 3 0 2 0
> VAMPIRE 3 18 11 3 1 2 0
> VAMPIRE 2 16 13 3 0 2 0
> GRENADE 4 11 19 1 2
> GRENADE 1 6 15 2 2
> GRENADE 2 17 11 2 2
> BAT1 1 4 19 4 8 5 1 6 19 6 1 8 5 8 15 8 19 8 19 10 19 12 19 14 8 15 19 16 6 19 8 19 10 19 12 19 14 19 10 3 10 7 3 10 7 10 17 12 17 14 6 17
> BAT2 17 6 17 8 13 10 17 10 10 13
< RES 1637256464 89 1
< MOVE R R
> REQ 1637256464 90 1
> VAMPIRE 1 7 18 3 0 2 0
> VAMPIRE 4 13 19 3 1 2 0
> VAMPIRE 3 18 11 3 1 2 0
> VAMPIRE 2 18 13 3 0 2 0
> GRENADE 1 6 15 1 2
> GRENADE 2 17 11 1 2
> BAT1 1 4 19 4 8 5 1 6 19 6 1 8 5 8 15 8 19 8 19 10 19 12 19 14 8 15 19 16 6 19 8 19 14 19 10 3 10 7 3 10 7 10 17 12 17 14 6 17
> BAT2 17 6 17 8 13 10 17 10 10 13
< RES 1637256464 90 1
< MOVE R
> REQ 1637256464 91 1
> VAMPIRE 1 7 19 3 1 2 0
> VAMPIRE 4 13 17 3 0 2 0
> VAMPIRE 3 18 11 2 1 2 0
> VAMPIRE 2 19 13 3 1 2 0
> GRENADE 4 13 19 5 2
> BAT1 1 4 19 4 8 5 1 6 19 6 1 8 5 8 15 8 19 8 19 10 19 12 19 14 19 16 6 19 8 19 14 19 10 3 10 7 3 10 7 10 17 10 17 14 6 17
> BAT2 17 6 17 8 13 10 10 13
< RES 1637256464 91 1
< GRENADE
< MOVE L L
> REQ 1637256464 92 1
> VAMPIRE 1 7 17 3 0 2 0
> VAMPIRE 4 15 17 3 0 2 0
> VAMPIRE 3 18 11 2 1 2 0
> VAMPIRE 2 17 13 3 0 2 0
> GRENADE 4 13 19 4 2
> GRENADE 1 7 19 5 2
> GRENADE 2 19 13 5 2
> BAT1 1 4 19 4 8 5 1 6 19 6 1 8 5 8 15 8 19 8 19 10 19 12 19 14 19 16 6 19 8 19 14 19 10 3 10 7 3 10 7 10 17 10 17 14 6 17
> BAT2 17 6 17 8 13 10 10 13
< RES 1637256464 92 1
< MOVE D D
> REQ 1637256464 93 1
> VAMPIRE 1 9 17 3 0 2 0
> VAMPIRE 4 15 17 3 0 2 0
> VAMPIRE 3 19 11 2 1 2 0
> VAMPIRE 2 15 13 3 0 2 0
> GRENADE 4 13 19 3 2
> GRENADE 1 7 19 4 2
> GRENADE 2 19 13 4 2
> BAT1 1 4 19 4 8 5 1 6 19 6 1 8 5 8 15 8 19 8 19 10 19 12 19 14 19 16 6 19 8 19 14 19 10 3 10 7 3 10 7 10 17 10 17 14 6 17
> BAT2 17 6 17 8 13 10 10 13
< RES 1637256464 93 1
> REQ 1637256464 94 1
> VAMPIRE 1 9 17 3 0 2 0
> VAMPIRE 4 15 17 3 0 2 0
> VAMPIRE 3 17 11 2 0 2 0
> VAMPIRE 2 15 13 3 0 2 0
> GRENADE 4 13 19 2 2
> GRENADE 1 7 19 3 2
> GRENADE 2 19 13 3 2
> GRENADE 3 19 11 5 2
> BAT1 1 4 19 4 8 5 1 6 19 6 1 8 5 8 15 8 19 8 19 10 19 12 19 14 19 16 6 19 8 19 14 19 10 3 10 7 3 10 7 10 17 10 17 14 6 17
> BAT2 17 6 17 8 13 10 10 13
< RES 1637256464 94 1
> REQ 1637256464 95 1
> VAMPIRE 1 9 17 3 0 2 0
> VAMPIRE 4 17 17 3 0 2 0
> VAMPIRE 3 16 11 2 0 2 0
> VAMPIRE 2 15 13 3 0 2 0
> GRENADE 4 13 19 1 2
> GRENADE 1 7 19 2 2
> GRENADE 2 19 13 2 2
> GRENADE 3 19 11 4 2
> BAT1 1 4 19 4 8 5 1 6 19 6 1 8 5 8 15 8 19 8 19 10 19 12 19 14 19 16 6 19 8 19 14 19 10 3 10 7 3 10 7 10 17 10 17 14 6 17
> BAT2 17 6 17 8 13 10 10 13
< RES 1637256464 95 1
> REQ 1637256464 96 1
> VAMPIRE 1 9 17 3 0 2 0
> VAMPIRE 4 17 16 3 1 2 0
> VAMPIRE 3 14 11 2 0 2 0
> VAMPIRE 2 16 13 3 0 2 0
> GRENADE 1 7 19 1 2
> GRENADE 2 19 13 1 2
> GRENADE 3 19 11 3 2
> BAT1 1 4 19 4 8 5 1 6 19 6 1 8 5 8 15 8 19 8 19 10 19 12 19 14 19 16 6 19 8 19 10 3 10 7 3 10 7 10 17 10 17 14 6 17
> BAT2 17 6 17 8 13 10 10 13
< RES 1637256464 96 1
< MOVE U
> REQ 1637256464 97 1
> VAMPIRE 1 8 17 3 1 2 0
> VAMPIRE 4 16 15 3 0 2 0
> VAMPIRE 3 15 11 2 0 2 0
> VAMPIRE 2 17 12 3 1 2 0
> GRENADE 3 19 11 2 2
> GRENADE 4 17 16 5 2
> BAT1 1 4 19 4 8 5 1 6 19 6 1 8 5 8 15 8 19 8 19 10 19 16 10 3 10 7 3 10 7 10 17 10 17 14 6 17
> BAT2 17 6 17 8 13 10 10 13
< RES 1637256464 97 1
< GRENADE
< MOVE U L
> REQ 1637256464 98 1
> VAMPIRE 1 7 16 3 0 2 0
> VAMPIRE 4 16 15 3 0 2 0
> VAMPIRE 3 15 9 2 0 2 0
> VAMPIRE 2 16 13 3 0 2 0
> GRENADE 3 19 11 1 2
> GRENADE 4 17 16 4 2
> GRENADE 1 8 17 5 2
> GRENADE 2 17 12 5 2
> BAT1 1 4 19 4 8 5 1 6 19 6 1 8 5 8 15 8 19 8 19 10 19 16 10 3 10 7 3 10 7 10 17 10 17 14 6 17
> BAT2 17 6 17 8 13 10 10 13
< RES 1637256464 98 1
< MOVE L
> REQ 1637256464 99 1
> VAMPIRE 1 7 15 3 0 2 0
> VAMPIRE 4 15 15 3 0 2 0
> VAMPIRE 3 17 9 2 1 2 0
> VAMPIRE 2 15 13 3 0 2 0
> GRENADE 4 17 16 3 2
> GRENADE 1 8 17 4 2
> GRENADE 2 17 12 4 2
> BAT1 1 4 19 4 8 5 1 6 19 6 1 8 5 8 15 8 19 8 19 16 10 3 10 7 3 10 7 10 17 10 17 14 6 17
> BAT2 17 6 17 8 13 10 10 13
< RES 1637256464 99 1
> REQ 1637256464 100 1
> VAMPIRE 1 7 15 3 0 2 0
> VAMPIRE 4 15 13 3 0 2 0
> VAMPIRE 3 15 9 2 0 2 0
> VAMPIRE 2 15 13 3 0 2 0
> GRENADE 4 17 16 2 2
> GRENADE 1 8 17 3 2
> GRENADE 2 17 12 3 2
> GRENADE 3 17 9 5 2
> BAT1 1 4 19 4 8 5 1 6 19 6 1 8 5 8 15 8 19 8 19 16 10 3 10 7 3 10 7 10 17 10 17 14 6 17
> BAT2 17 6 17 8 13 10 10 13
< RES 1637256464 100 1
> REQ 1637256464 101 1
> VAMPIRE 1 7 15 3 0 2 0
> VAMPIRE 4 15 11 3 0 2 0
> VAMPIRE 3 13 9 2 0 2 0
> VAMPIRE 2 15 13 3 0 2 0
> GRENADE 4 17 16 1 2
> GRENADE 1 8 17 2 2
> GRENADE 2 17 12 2 2
> GRENADE 3 17 9 4 2
> BAT1 1 4 19 4 8 5 1 6 19 6 1 8 5 8 15 8 19 8 19 16 10 3 10 7 3 10 7 10 17 10 17 14 6 17
> BAT2 17 6 17 8 13 10 10 13
< RES 1637256464 101 1
< MOVE L L
> REQ 1637256464 102 1
> VAMPIRE 1 7 13 3 0 2 0
> VAMPIRE 4 15 9 3 1 2 0
> VAMPIRE 3 13 7 2 0 2 0
> VAMPIRE 2 13 13 3 0 2 0
> GRENADE 1 8 17 1 2
> GRENADE 2 17 12 1 2
> GRENADE 3 17 9 3 2
> BAT1 1 4 19 4 8 5 1 6 19 6 1 8 5 8 15 8 19 8 19 16 10 3 10 7 3 10 7 10 17 10 6 17
> BAT2 17 6 17 8 13 10 10 13
< RES 1637256464 102 1
< MOVE D
> REQ 1637256464 103 1
> VAMPIRE 1 8 13 3 1 2 0
> VAMPIRE 4 15 11 3 0 2 0
> VAMPIRE 3 15 7 2 0 2 0
> VAMPIRE 2 12 13 3 1 2 0
> GRENADE 3 17 9 2 2
> GRENADE 4 15 9 5 2
> BAT1 1 4 19 4 8 5 1 6 19 6 1 8 5 8 15 8 19 8 19 16 10 3 10 7 3 10 7 10
> BAT2 17 6 17 8 13 10 10 13
< RES 1637256464 103 1
< GRENADE
< MOVE D L
> REQ 1637256464 104 1
> VAMPIRE 1 9 12 3 0 2 0
> VAMPIRE 4 13 11 3 0 2 0
> VAMPIRE 3 17 7 2 0 2 0
> VAMPIRE 2 11 12 3 0 2 0
> GRENADE 3 17 9 1 2
> GRENADE 4 15 9 4 2
> GRENADE 1 8 13 5 2
> GRENADE 2 12 13 5 2
> BAT1 1 4 19 4 8 5 1 6 19 6 1 8 5 8 15 8 19 8 19 16 10 3 10 7 3 10 7 10
> BAT2 17 6 17 8 13 10 10 13
< RES 1637256464 104 1
< MOVE L
> REQ 1637256464 105 1
> VAMPIRE 1 9 11 3 0 2 0
> VAMPIRE 4 13 12 3 1 2 0
> VAMPIRE 3 17 7 2 1 2 0
> VAMPIRE 2 11 11 3 0 2 0
> GRENADE 1 8 13 4 2
> GRENADE 2 12 13 4 2
> BAT1 1 4 19 4 8 5 1 6 19 6 1 8 5 8 19 8 19 16 10 3 10 7 17 8 3 10 7 10
> BAT2 17 6 13 10 10 13
< RES 1637256464 105 1
> REQ 1637256464 106 1
> VAMPIRE 1 9 11 3 0 2 0
> VAMPIRE 4 14 11 3 0 2 0
> VAMPIRE 3 15 7 2 0 2 0
> VAMPIRE 2 9 11 3 0 2 0
> GRENADE 1 8 13 3 2
> GRENADE 2 12 13 3 2
> GRENADE 4 13 12 5 2
> GRENADE 3 17 7 5 2
> BAT1 1 4 19 4 8 5 1 6 19 6 1 8 5 8 19 8 19 16 10 3 10 7 17 8 3 10 7 10
> BAT2 17 6 13 10 10 13
< RES 1637256464 106 1
> REQ 1637256464 107 1
> VAMPIRE 1 9 11 3 0 2 0
> VAMPIRE 4 15 11 3 0 2 0
> VAMPIRE 3 13 7 2 0 2 0
> VAMPIRE 2 9 9 3 0 2 0
> GRENADE 1 8 13 2 2
> GRENADE 2 12 13 2 2
> GRENADE 4 13 12 4 2
> GRENADE 3 17 7 4 2
> BAT1 1 4 19 4 8 5 1 6 19 6 1 8 5 8 19 8 19 16 10 3 10 7 17 8 3 10 7 10
> BAT2 17 6 13 10 10 13
< RES 1637256464 107 1
< MOVE U U
> REQ 1637256464 108 1
> VAMPIRE 1 7 11 3 0 2 0
> VAMPIRE 4 15 11 3 0 2 0
> VAMPIRE 3 13 7 2 0 2 0
> VAMPIRE 2 9 7 3 0 2 0
> GRENADE 1 8 13 1 2
> GRENADE 2 12 13 1 2
> GRENADE 4 13 12 3 2
> GRENADE 3 17 7 3 2
> BAT1 1 4 19 4 8 5 1 6 19 6 1 8 5 8 19 8 19 16 10 3 10 7 17 8 3 10 7 10
> BAT2 17 6 13 10 10 13
< RES 1637256464 108 1
< MOVE R
> REQ 1637256464 109 1
> VAMPIRE 1 7 12 3 1 2 0
> VAMPIRE 4 15 9 3 0 2 0
> VAMPIRE 3 13 5 2 0 2 0
> VAMPIRE 2 9 5 3 1 2 0
> GRENADE 4 13 12 2 2
> GRENADE 3 17 7 2 2
> BAT1 1 4 19 4 8 5 1 6 19 6 1 8 5 8 19 8 19 16 10 3 10 7 17 8 3 10 7 10
> BAT2 17 6 13 10
< RES 1637256464 109 1
< GRENADE
< MOVE L D
> REQ 1637256464 110 1
> VAMPIRE 1 8 11 3 0 2 0
> VAMPIRE 4 14 9 3 0 2 0
> VAMPIRE 3 13 3 2 0 2 0
> VAMPIRE 2 9 3 3 1 2 0
> GRENADE 4 13 12 1 2
> GRENADE 3 17 7 1 2
> GRENADE 1 7 12 5 2
> BAT1 1 4 19 4 8 5 1 6 19 6 1 8 5 8 19 8 19 16 10 3 10 7 17 8 3 10 7 10
> BAT2 17 6 13 10
< RES 1637256464 110 1
< MOVE D
> REQ 1637256464 111 1
> VAMPIRE 1 9 11 3 0 2 0
> VAMPIRE 4 13 8 3 1 2 0
> VAMPIRE 3 12 3 2 1 2 0
> VAMPIRE 2 7 3 3 0 2 0
> GRENADE 1 7 12 4 2
> GRENADE 2 9 3 5 2
> BAT1 1 4 19 4 8 5 1 6 19 6 1 8 5 8 19 8 19 16 10 3 17 6 10 7 3 10 7 10 13 10
< RES 1637256464 111 1
> REQ 1637256464 112 1
> VAMPIRE 1 9 11 3 0 2 0
> VAMPIRE 4 12 9 3 0 2 0
> VAMPIRE 3 11 4 2 0 2 0
> VAMPIRE 2 5 3 3 0 2 0
> GRENADE 1 7 12 3 2
> GRENADE 2 9 3 4 2
> GRENADE 4 13 8 5 2
> GRENADE 3 12 3 5 2
> BAT1 1 4 19 4 8 5 1 6 19 6 1 8 5 8 19 8 19 16 10 3 17 6 10 7 3 10 7 10 13 10
< RES 1637256464 112 1
< MOVE D D
> REQ 1637256464 113 1
> VAMPIRE 1 11 11 3 0 2 0
> VAMPIRE 4 12 9 3 0 2 0
> VAMPIRE 3 11 5 2 0 2 0
> VAMPIRE 2 3 3 3 0 2 0
> GRENADE 1 7 12 2 2
> GRENADE 2 9 3 3 2
> GRENADE 4 13 8 4 2
> GRENADE 3 12 3 4 2
> BAT1 1 4 19 4 8 5 1 6 19 6 1 8 5 8 19 8 19 16 10 3 17 6 10 7 3 10 7 10 13 10
< RES 1637256464 113 1
< MOVE L L
> REQ 1637256464 114 1
> VAMPIRE 1 11 9 3 0 2 0
> VAMPIRE 4 14 9 3 0 2 0
> VAMPIRE 3 13 5 2 0 2 0
> VAMPIRE 2 3 4 3 0 2 0
> GRENADE 1 7 12 1 2
> GRENADE 2 9 3 2 2
> GRENADE 4 13 8 3 2
> GRENADE 3 12 3 3 2
> BAT1 1 4 19 4 8 5 1 6 19 6 1 8 5 8 19 8 19 16 10 3 17 6 10 7 3 10 7 10 13 10
< RES 1637256464 114 1
< MOVE L L
> REQ 1637256464 115 1
> VAMPIRE 1 11 7 3 1 2 0
> VAMPIRE 4 16 9 3 0 2 0
> VAMPIRE 3 15 5 2 0 2 0
> VAMPIRE 2 2 5 3 0 2 0
> GRENADE 2 9 3 1 2
> GRENADE 4 13 8 2 2
> GRENADE 3 12 3 2 2
> BAT1 1 4 19 4 8 5 1 6 19 6 1 8 5 8 19 8 19 16 10 3 17 6 10 7 3 10 13 10
< RES 1637256464 115 1
< GRENADE
< MOVE R R
> REQ 1637256464 116 1
> VAMPIRE 1 11 9 3 0 2 0
> VAMPIRE 4 17 9 3 0 2 0
> VAMPIRE 3 17 5 2 0 2 0
> VAMPIRE 2 1 5 3 1 2 0
> GRENADE 4 13 8 1 2
> GRENADE 3 12 3 1 2
> GRENADE 1 11 7 5 2
> BAT1 1 4 19 4 8 5 1 6 19 6 1 8 5 8 19 8 19 16 17 6 10 7 3 10 13 10
< RES 1637256464 116 1
< MOVE U U
> REQ 1637256464 117 1
> VAMPIRE 1 9 9 3 0 2 0
> VAMPIRE 4 17 8 3 1 2 0
> VAMPIRE 3 19 5 2 1 2 0
> VAMPIRE 2 3 5 3 0 2 0
> GRENADE 1 11 7 4 2
> GRENADE 2 1 5 5 2
> BAT1 1 4 19 4 8 5 1 6 19 6 1 8 5 8 19 8 19 16 17 6 10 7 3 10
< RES 1637256464 117 1
> REQ 1637256464 118 1
> VAMPIRE 1 9 9 3 0 2 0
> VAMPIRE 4 16 7 3 0 2 0
> VAMPIRE 3 17 5 2 0 2 0
> VAMPIRE 2 5 5 3 0 2 0
> GRENADE 1 11 7 3 2
> GRENADE 2 1 5 4 2
> GRENADE 4 17 8 5 2
> GRENADE 3 19 5 5 2
> BAT1 1 4 19 4 8 5 1 6 19 6 1 8 5 8 19 8 19 16 17 6 10 7 3 10
< RES 1637256464 118 1
< MOVE U U
> REQ 1637256464 119 1
> VAMPIRE 1 7 9 3 0 2 0
> VAMPIRE 4 15 7 3 0 2 0
> VAMPIRE 3 17 3 2 0 2 0
> VAMPIRE 2 5 5 3 0 2 0
> GRENADE 1 11 7 2 2
> GRENADE 2 1 5 3 2
> GRENADE 4 17 8 4 2
> GRENADE 3 19 5 4 2
> BAT1 1 4 19 4 8 5 1 6 19 6 1 8 5 8 19 8 19 16 17 6 10 7 3 10
< RES 1637256464 119 1
< MOVE U U
> REQ 1637256464 120 1
> VAMPIRE 1 5 9 3 0 2 0
> VAMPIRE 4 15 9 3 0 2 0
> VAMPIRE 3 17 3 2 0 2 0
> VAMPIRE 2 5 5 3 0 2 0
> GRENADE 1 11 7 1 2
> GRENADE 2 1 5 2 2
> GRENADE 4 17 8 3 2
> GRENADE 3 19 5 3 2
> BAT1 1 4 19 4 8 5 1 6 19 6 1 8 5 8 19 8 19 16 17 6 10 7 3 10
< RES 1637256464 120 1
< MOVE R
> REQ 1637256464 121 1
> VAMPIRE 1 5 10 3 1 2 0
> VAMPIRE 4 16 9 3 0 2 0
> VAMPIRE 3 17 3 2 0 2 0
> VAMPIRE 2 5 5 3 0 2 0
> GRENADE 2 1 5 1 2
> GRENADE 4 17 8 2 2
> GRENADE 3 19 5 2 2
> BAT1 1 4 19 4 8 5 1 6 19 6 1 8 5 8 19 8 19 16 17 6 3 10
< RES 1637256464 121 1
< GRENADE
< MOVE L D
> REQ 1637256464 122 1
> VAMPIRE 1 6 9 3 0 2 0
> VAMPIRE 4 16 9 3 0 2 0
> VAMPIRE 3 17 4 2 0 2 0
> VAMPIRE 2 7 5 3 1 2 0
> GRENADE 4 17 8 1 2
> GRENADE 3 19 5 1 2
> GRENADE 1 5 10 5 2
> BAT1 19 4 8 5 19 6 1 8 5 8 19 8 19 16 17 6 3 10
< RES 1637256464 122 1
< MOVE D
> REQ 1637256464 123 1
> VAMPIRE 1 7 9 3 0 2 0
> VAMPIRE 4 18 9 3 1 2 0
> VAMPIRE 3 18 5 2 1 2 0
> VAMPIRE 2 7 3 3 0 2 0
> GRENADE 1 5 10 4 2
> GRENADE 2 7 5 5 2
> BAT1 8 5 1 8 5 8 19 8 19 16 3 10
< RES 1637256464 123 1
> REQ 1637256464 124 1
> VAMPIRE 1 7 9 3 0 2 0
> VAMPIRE 4 19 10 3 1 2 0
> VAMPIRE 3 19 6 2 1 2 0
> VAMPIRE 2 9 3 3 0 2 0
> GRENADE 1 5 10 3 2
> GRENADE 2 7 5 4 2
> BAT1 8 5 1 8 5 8 19 8 19 16 3 10
< RES 1637256464 124 1
< MOVE U
> REQ 1637256464 125 1
> VAMPIRE 1 6 9 3 0 2 0
> VAMPIRE 4 18 9 3 0 2 0
> VAMPIRE 3 18 7 2 0 2 0
> VAMPIRE 2 9 3 3 0 2 0
> GRENADE 1 5 10 2 2
> GRENADE 2 7 5 3 2
> GRENADE 4 19 10 5 2
> GRENADE 3 19 6 5 2
> BAT1 8 5 1 8 5 8 19 8 19 16 3 10
< RES 1637256464 125 1
> REQ 1637256464 126 1
> VAMPIRE 1 6 9 3 0 2 0
> VAMPIRE 4 19 9 3 0 2 0
> VAMPIRE 3 19 7 2 0 2 0
> VAMPIRE 2 9 3 3 0 2 0
> GRENADE 1 5 10 1 2
> GRENADE 2 7 5 2 2
> GRENADE 4 19 10 4 2
> GRENADE 3 19 6 4 2
> BAT1 8 5 1 8 5 8 19 8 19 16 3 10
< RES 1637256464 126 1
< MOVE U U
> REQ 1637256464 127 1
> VAMPIRE 1 4 9 3 1 2 0
> VAMPIRE 4 18 9 3 0 2 0
> VAMPIRE 3 18 7 2 0 2 0
> VAMPIRE 2 9 3 3 0 2 0
> GRENADE 2 7 5 1 2
> GRENADE 4 19 10 3 2
> GRENADE 3 19 6 3 2
> BAT1 8 5 1 8 19 8 19 16 3 10
< RES 1637256464 127 1
< MOVE U L
> REQ 1637256464 128 1
> VAMPIRE 1 3 8 3 1 2 0
> VAMPIRE 4 17 10 3 0 2 0
> VAMPIRE 3 19 7 2 0 2 0
> VAMPIRE 2 7 3 3 1 2 0
> GRENADE 4 19 10 2 2
> GRENADE 3 19 6 2 2
> BAT1 1 8 19 8 19 16 3 10
< RES 1637256464 128 1
< GRENADE
< MOVE R D
> REQ 1637256464 129 1
> VAMPIRE 1 4 9 3 0 2 0
> VAMPIRE 4 18 11 3 0 2 0
> VAMPIRE 3 18 7 2 0 2 0
> VAMPIRE 2 5 3 3 1 2 0
> GRENADE 4 19 10 1 2
> GRENADE 3 19 6 1 2
> GRENADE 1 3 8 5 2
> BAT1 1 8 19 8 19 16 3 10
< RES 1637256464 129 1
< MOVE D
> REQ 1637256464 130 1
> VAMPIRE 1 5 9 3 0 2 0
> VAMPIRE 4 19 12 3 1 2 0
> VAMPIRE 3 17 7 2 1 2 0
> VAMPIRE 2 3 3 3 1 2 0
> GRENADE 1 3 8 4 2
> BAT1 1 8 19 16 3 10
< RES 1637256464 130 1
< MOVE L L
> REQ 1637256464 131 1
> VAMPIRE 1 5 7 3 0 2 0
> VAMPIRE 4 19 14 3 1 2 0
> VAMPIRE 3 17 9 2 1 2 0
> VAMPIRE 2 3 5 3 1 2 0
> GRENADE 1 3 8 3 2
> BAT1 1 8 19 16 3 10
< RES 1637256464 131 1
< MOVE U
> REQ 1637256464 132 1
> VAMPIRE 1 4 7 3 0 2 0
> VAMPIRE 4 18 15 3 0 2 0
> VAMPIRE 3 17 11 2 1 2 0
> VAMPIRE 2 1 5 3 1 2 0
> GRENADE 1 3 8 2 2
> GRENADE 4 19 14 5 2
> BAT1 1 8 19 16 3 10
< RES 1637256464 132 1
> REQ 1637256464 133 1
> VAMPIRE 1 4 7 3 0 2 0
> VAMPIRE 4 18 15 3 0 2 0
> VAMPIRE 3 19 11 2 1 2 0
> VAMPIRE 2 1 7 3 1 2 0
> GRENADE 1 3 8 1 2
> GRENADE 4 19 14 4 2
> BAT1 1 8 19 16 3 10
< RES 1637256464 133 1
< MOVE U U
> REQ 1637256464 134 1
> VAMPIRE 1 2 7 3 1 2 0
> VAMPIRE 4 17 15 3 0 2 0
> VAMPIRE 3 19 12 2 1 2 0
> VAMPIRE 2 3 7 3 0 2 0
> GRENADE 4 19 14 3 2
> GRENADE 2 1 7 5 2
> BAT1 1 8 19 16
< RES 1637256464 134 1
< GRENADE
< MOVE D R
> REQ 1637256464 135 1
> VAMPIRE 1 3 8 3 0 2 0
> VAMPIRE 4 17 15 3 0 2 0
> VAMPIRE 3 18 11 2 0 2 0
> VAMPIRE 2 3 9 3 0 2 0
> GRENADE 4 19 14 2 2
> GRENADE 2 1 7 4 2
> GRENADE 1 2 7 5 2
> GRENADE 3 19 12 5 2
> BAT1 1 8 19 16
< RES 1637256464 135 1
< MOVE R
> REQ 1637256464 136 1
> VAMPIRE 1 3 9 3 0 2 0
> VAMPIRE 4 17 15 3 0 2 0
> VAMPIRE 3 18 11 2 0 2 0
> VAMPIRE 2 3 9 3 0 2 0
> GRENADE 4 19 14 1 2
> GRENADE 2 1 7 3 2
> GRENADE 1 2 7 4 2
> GRENADE 3 19 12 4 2
> BAT1 1 8 19 16
< RES 1637256464 136 1
> REQ 1637256464 137 1
> VAMPIRE 1 3 9 3 0 2 0
> VAMPIRE 4 15 15 3 1 2 0
> VAMPIRE 3 19 11 2 1 2 0
> VAMPIRE 2 3 9 3 0 2 0
> GRENADE 2 1 7 2 2
> GRENADE 1 2 7 3 2
> BAT1 1 8
< RES 1637256464 137 1
> REQ 1637256464 138 1
> VAMPIRE 1 3 9 3 0 2 0
> VAMPIRE 4 15 15 3 1 2 0
> VAMPIRE 3 17 11 2 1 2 0
> VAMPIRE 2 3 9 3 0 2 0
> GRENADE 2 1 7 1 2
> GRENADE 1 2 7 2 2
> BAT1 1 8
< RES 1637256464 138 1
> REQ 1637256464 139 1
> VAMPIRE 1 3 9 3 1 2 0
> VAMPIRE 4 15 15 3 1 2 0
> VAMPIRE 3 17 11 2 1 2 0
> VAMPIRE 2 3 9 3 1 2 0
< RES 1637256464 139 1
> REQ 1637256464 140 1
> VAMPIRE 1 3 9 3 1 2 0
> VAMPIRE 4 15 15 3 1 2 0
> VAMPIRE 3 17 11 2 1 2 0
> VAMPIRE 2 3 9 3 1 2 0
< RES 1637256464 140 1
> REQ 1637256464 141 1
> VAMPIRE 1 3 9 3 1 2 0
> VAMPIRE 4 15 15 3 1 2 0
> VAMPIRE 3 17 11 2 1 2 0
> VAMPIRE 2 3 9 3 1 2 0
< RES 1637256464 141 1
> REQ 1637256464 142 1
> VAMPIRE 1 3 9 3 1 2 0
> VAMPIRE 4 15 15 3 1 2 0
> VAMPIRE 3 17 11 2 1 2 0
> VAMPIRE 2 3 9 3 1 2 0
< RES 1637256464 142 1
> REQ 1637256464 143 1
> VAMPIRE 1 3 9 3 1 2 0
> VAMPIRE 4 15 15 3 1 2 0
> VAMPIRE 3 17 11 2 1 2 0
> VAMPIRE 2 3 9 3 1 2 0
< RES 1637256464 143 1
> REQ 1637256464 144 1
> VAMPIRE 1 3 9 3 1 2 0
> VAMPIRE 4 15 15 3 1 2 0
> VAMPIRE 3 17 11 2 1 2 0
> VAMPIRE 2 3 9 3 1 2 0
< RES 1637256464 144 1
> REQ 1637256464 145 1
> VAMPIRE 1 3 9 3 1 2 0
> VAMPIRE 4 15 15 3 1 2 0
> VAMPIRE 3 17 11 2 1 2 0
> VAMPIRE 2 3 9 3 1 2 0
< RES 1637256464 145 1
> REQ 1637256464 146 1
> VAMPIRE 1 3 9 3 1 2 0
> VAMPIRE 4 15 15 3 1 2 0
> VAMPIRE 3 17 11 2 1 2 0
> VAMPIRE 2 3 9 3 1 2 0
< RES 1637256464 146 1
> REQ 1637256464 147 1
> VAMPIRE 1 3 9 3 1 2 0
> VAMPIRE 4 15 15 3 1 2 0
> VAMPIRE 3 17 11 2 1 2 0
> VAMPIRE 2 3 9 3 1 2 0
< RES 1637256464 147 1
> REQ 1637256464 148 1
> VAMPIRE 1 3 9 3 1 2 0
> VAMPIRE 4 15 15 3 1 2 0
> VAMPIRE 3 17 11 2 1 2 0
> VAMPIRE 2 3 9 3 1 2 0
> POWERUP BATTERY -5 19 9
> POWERUP BATTERY -5 1 11
< RES 1637256464 148 1
< MOVE U U
> REQ 1637256464 149 1
> VAMPIRE 1 1 9 3 1 2 0
> VAMPIRE 4 17 15 3 1 2 0
> VAMPIRE 3 19 11 2 1 2 0
> VAMPIRE 2 1 9 3 1 2 0
> POWERUP BATTERY -4 19 9
> POWERUP BATTERY -4 1 11
< RES 1637256464 149 1
< MOVE R R
> REQ 1637256464 150 1
> VAMPIRE 1 1 11 3 1 2 0
> VAMPIRE 4 19 15 3 1 2 0
> VAMPIRE 3 19 9 2 1 2 0
> VAMPIRE 2 1 11 3 1 2 0
> POWERUP BATTERY -3 19 9
> POWERUP BATTERY -3 1 11
< RES 1637256464 150 1
> REQ 1637256464 151 1
> VAMPIRE 1 1 11 3 1 2 0
> VAMPIRE 4 19 13 3 1 2 0
> VAMPIRE 3 19 9 2 1 2 0
> VAMPIRE 2 1 11 3 1 2 0
> POWERUP BATTERY -2 19 9
> POWERUP BATTERY -2 1 11
< RES 1637256464 151 1
> REQ 1637256464 152 1
> VAMPIRE 1 1 11 3 1 2 0
> VAMPIRE 4 19 11 3 1 2 0
> VAMPIRE 3 19 9 2 1 2 0
> VAMPIRE 2 1 11 3 1 2 0
> POWERUP BATTERY -1 19 9
> POWERUP BATTERY -1 1 11
< RES 1637256464 152 1
< MOVE D D
> REQ 1637256464 153 1
> VAMPIRE 1 3 11 3 1 3 0
> VAMPIRE 4 17 11 3 1 2 0
> VAMPIRE 3 17 9 2 1 3 0
> VAMPIRE 2 3 11 3 1 3 0
< RES 1637256464 153 1
< MOVE D D
> REQ 1637256464 154 1
> VAMPIRE 1 5 11 3 1 3 0
> VAMPIRE 4 15 11 3 1 2 0
> VAMPIRE 3 15 9 2 1 3 0
> VAMPIRE 2 5 11 3 1 3 0
< RES 1637256464 154 1
< MOVE D D
> REQ 1637256464 155 1
> VAMPIRE 1 7 11 3 1 3 0
> VAMPIRE 4 15 11 3 1 2 0
> VAMPIRE 3 13 9 2 1 3 0
> VAMPIRE 2 7 11 3 1 3 0
< RES 1637256464 155 1
< MOVE L L
> REQ 1637256464 156 1
> VAMPIRE 1 7 9 3 1 3 0
> VAMPIRE 4 13 11 3 1 2 0
> VAMPIRE 3 11 9 2 1 3 0
> VAMPIRE 2 7 9 3 1 3 0
< RES 1637256464 156 1
< MOVE R R
> REQ 1637256464 157 1
> VAMPIRE 1 7 11 3 1 3 0
> VAMPIRE 4 13 9 3 1 2 0
> VAMPIRE 3 11 7 2 1 3 0
> VAMPIRE 2 7 11 3 1 3 0
< RES 1637256464 157 1
< MOVE R R
> REQ 1637256464 158 1
> VAMPIRE 1 7 13 3 1 3 0
> VAMPIRE 4 13 7 3 1 2 0
> VAMPIRE 3 11 9 2 1 3 0
> VAMPIRE 2 7 13 3 1 3 0
< RES 1637256464 158 1
< MOVE D D
> REQ 1637256464 159 1
> VAMPIRE 1 9 13 3 1 3 0
> VAMPIRE 4 15 7 3 1 2 0
> VAMPIRE 3 9 9 2 1 3 0
> VAMPIRE 2 9 13 3 1 3 0
< RES 1637256464 159 1
< MOVE D D
> REQ 1637256464 160 1
> VAMPIRE 1 11 13 3 1 3 0
> VAMPIRE 4 15 9 3 1 2 0
> VAMPIRE 3 7 9 2 1 3 0
> VAMPIRE 2 11 13 3 1 3 0
< RES 1637256464 160 1
< MOVE D D
> REQ 1637256464 161 1
> VAMPIRE 1 13 13 3 1 3 0
> VAMPIRE 4 13 9 3 1 2 0
> VAMPIRE 3 9 9 2 1 3 0
> VAMPIRE 2 13 13 3 1 3 0
< RES 1637256464 161 1
< MOVE U U
> REQ 1637256464 162 1
> VAMPIRE 1 11 13 3 1 3 0
> VAMPIRE 4 11 9 3 1 2 0
> VAMPIRE 3 9 11 2 1 3 0
> VAMPIRE 2 11 13 3 1 3 0
< RES 1637256464 162 1
< MOVE D D
> REQ 1637256464 163 1
> VAMPIRE 1 13 13 3 1 3 0
> VAMPIRE 4 9 9 3 1 2 0
> VAMPIRE 3 7 11 2 1 3 0
> VAMPIRE 2 13 13 3 1 3 0
< RES 1637256464 163 1
< MOVE L L
> REQ 1637256464 164 1
> VAMPIRE 1 13 11 3 1 3 0
> VAMPIRE 4 9 7 3 1 2 0
> VAMPIRE 3 9 11 2 1 3 0
> VAMPIRE 2 13 11 3 1 3 0
< RES 1637256464 164 1
< MOVE L L
> REQ 1637256464 165 1
> VAMPIRE 1 13 9 3 1 3 0
> VAMPIRE 4 11 7 3 1 2 0
> VAMPIRE 3 7 11 2 1 3 0
> VAMPIRE 2 13 9 3 1 3 0
< RES 1637256464 165 1
< MOVE R R
> REQ 1637256464 166 1
> VAMPIRE 1 13 11 3 1 3 0
> VAMPIRE 4 9 7 3 1 2 0
> VAMPIRE 3 9 11 2 1 3 0
> VAMPIRE 2 13 11 3 1 3 0
< RES 1637256464 166 1
< MOVE L L
> REQ 1637256464 167 1
> VAMPIRE 1 13 9 3 1 3 0
> VAMPIRE 4 11 7 3 1 2 0
> VAMPIRE 3 7 11 2 1 3 0
> VAMPIRE 2 13 9 3 1 3 0
< RES 1637256464 167 1
< MOVE R R
> REQ 1637256464 168 1
> VAMPIRE 1 13 11 3 1 3 0
> VAMPIRE 4 9 7 3 1 2 0
> VAMPIRE 3 9 11 2 1 3 0
> VAMPIRE 2 13 11 3 1 3 0
< RES 1637256464 168 1
< MOVE L L
> REQ 1637256464 169 1
> VAMPIRE 1 13 9 3 1 3 0
> VAMPIRE 4 11 7 3 1 2 0
> VAMPIRE 3 7 11 2 1 3 0
> VAMPIRE 2 13 9 3 1 3 0
< RES 1637256464 169 1
< MOVE R R
> REQ 1637256464 170 1
> VAMPIRE 1 13 11 3 1 3 0
> VAMPIRE 4 9 7 3 1 2 0
> VAMPIRE 3 9 11 2 1 3 0
> VAMPIRE 2 13 11 3 1 3 0
< RES 1637256464 170 1
< MOVE L L
> REQ 1637256464 171 1
> VAMPIRE 1 13 9 3 1 3 0
> VAMPIRE 4 11 7 3 1 2 0
> VAMPIRE 3 7 11 2 1 3 0
> VAMPIRE 2 13 9 3 1 3 0
< RES 1637256464 171 1
< MOVE R R
> REQ 1637256464 172 1
> VAMPIRE 1 13 11 3 1 3 0
> VAMPIRE 4 9 7 3 1 2 0
> VAMPIRE 3 9 11 2 1 3 0
> VAMPIRE 2 13 11 3 1 3 0
< RES 1637256464 172 1
< MOVE L L
> REQ 1637256464 173 1
> VAMPIRE 1 13 9 3 1 3 0
> VAMPIRE 4 11 7 3 1 2 0
> VAMPIRE 3 7 11 2 1 3 0
> VAMPIRE 2 13 9 3 1 3 0
> POWERUP GRENADE -4 14 13
> POWERUP GRENADE -4 6 7
< RES 1637256464 173 1
< MOVE R R
> REQ 1637256464 174 1
> VAMPIRE 1 13 11 3 1 3 0
> VAMPIRE 4 9 7 3 1 2 0
> VAMPIRE 3 7 9 2 1 3 0
> VAMPIRE 2 13 11 3 1 3 0
> POWERUP GRENADE -3 14 13
> POWERUP GRENADE -3 6 7
< RES 1637256464 174 1
< MOVE R R
> REQ 1637256464 175 1
> VAMPIRE 1 13 13 3 1 3 0
> VAMPIRE 4 7 7 3 1 2 0
> VAMPIRE 3 7 7 2 1 3 0
> VAMPIRE 2 13 13 3 1 3 0
> POWERUP GRENADE -2 14 13
> POWERUP GRENADE -2 6 7
< RES 1637256464 175 1
< MOVE D
> REQ 1637256464 176 1
> VAMPIRE 1 14 13 3 1 3 0
> VAMPIRE 4 6 7 3 1 2 0
> VAMPIRE 3 6 7 2 1 3 0
> VAMPIRE 2 14 13 3 1 3 0
> POWERUP GRENADE -1 14 13
> POWERUP GRENADE -1 6 7
< RES 1637256464 176 1
< MOVE U
> REQ 1637256464 177 1
> VAMPIRE 1 13 13 3 2 3 0
> VAMPIRE 4 5 7 3 2 2 0
> VAMPIRE 3 5 7 2 2 3 0
> VAMPIRE 2 13 13 3 2 3 0
< RES 1637256464 177 1
< MOVE L L
> REQ 1637256464 178 1
> VAMPIRE 1 13 11 3 2 3 0
> VAMPIRE 4 7 7 3 2 2 0
> VAMPIRE 3 7 7 2 2 3 0
> VAMPIRE 2 13 11 3 2 3 0
< RES 1637256464 178 1
< MOVE R R
> REQ 1637256464 179 1
> VAMPIRE 1 13 13 3 2 3 0
> VAMPIRE 4 7 9 3 2 2 0
> VAMPIRE 3 7 9 2 2 3 0
> VAMPIRE 2 13 13 3 2 3 0
< RES 1637256464 179 1
< MOVE L L
> REQ 1637256464 180 1
> VAMPIRE 1 13 11 3 2 3 0
> VAMPIRE 4 7 7 3 2 2 0
> VAMPIRE 3 9 9 2 2 3 0
> VAMPIRE 2 13 11 3 2 3 0
< RES 1637256464 180 1
< MOVE R R
> REQ 1637256464 181 1
> VAMPIRE 1 13 13 3 2 3 0
> VAMPIRE 4 5 7 3 2 2 0
> VAMPIRE 3 9 9 2 2 3 0
> VAMPIRE 2 13 13 3 2 3 0
< RES 1637256464 181 1
< MOVE U U
> REQ 1637256464 182 1
> VAMPIRE 1 11 13 3 2 3 0
> VAMPIRE 4 7 7 3 2 2 0
> VAMPIRE 3 9 11 2 2 3 0
> VAMPIRE 2 11 13 3 2 3 0
< RES 1637256464 182 1
< MOVE D D
> REQ 1637256464 183 1
> VAMPIRE 1 13 13 3 2 3 0
> VAMPIRE 4 9 7 3 2 2 0
> VAMPIRE 3 7 11 2 2 3 0
> VAMPIRE 2 13 13 3 2 3 0
< RES 1637256464 183 1
< MOVE L L
> REQ 1637256464 184 1
> VAMPIRE 1 13 11 3 2 3 0
> VAMPIRE 4 9 7 3 2 2 0
> VAMPIRE 3 9 11 2 2 3 0
> VAMPIRE 2 13 11 3 2 3 0
< RES 1637256464 184 1
< MOVE L L
> REQ 1637256464 185 1
> VAMPIRE 1 13 9 3 2 3 0
> VAMPIRE 4 11 7 3 2 2 0
> VAMPIRE 3 7 11 2 2 3 0
> VAMPIRE 2 13 9 3 2 3 0
< RES 1637256464 185 1
< MOVE R R
> REQ 1637256464 186 1
> VAMPIRE 1 13 11 3 2 3 0
> VAMPIRE 4 9 7 3 2 2 0
> VAMPIRE 3 9 11 2 2 3 0
> VAMPIRE 2 13 11 3 2 3 0
< RES 1637256464 186 1
< MOVE L L
> REQ 1637256464 187 1
> VAMPIRE 1 13 9 3 2 3 0
> VAMPIRE 4 11 7 3 2 2 0
> VAMPIRE 3 7 11 2 2 3 0
> VAMPIRE 2 13 9 3 2 3 0
< RES 1637256464 187 1
< MOVE R R
> REQ 1637256464 188 1
> VAMPIRE 1 13 11 3 2 3 0
> VAMPIRE 4 9 7 3 2 2 0
> VAMPIRE 3 9 11 2 2 3 0
> VAMPIRE 2 13 11 3 2 3 0
< RES 1637256464 188 1
< MOVE L L
> REQ 1637256464 189 1
> VAMPIRE 1 13 9 3 2 3 0
> VAMPIRE 4 11 7 3 2 2 0
> VAMPIRE 3 7 11 2 2 3 0
> VAMPIRE 2 13 9 3 2 3 0
< RES 1637256464 189 1
< MOVE R R
> REQ 1637256464 190 1
> VAMPIRE 1 13 11 3 2 3 0
> VAMPIRE 4 9 7 3 2 2 0
> VAMPIRE 3 9 11 2 2 3 0
> VAMPIRE 2 13 11 3 2 3 0
< RES 1637256464 190 1
< MOVE L L
> REQ 1637256464 191 1
> VAMPIRE 1 13 9 3 2 3 0
> VAMPIRE 4 11 7 3 2 2 0
> VAMPIRE 3 7 11 2 2 3 0
> VAMPIRE 2 13 9 3 2 3 0
< RES 1637256464 191 1
< MOVE R R
> REQ 1637256464 192 1
> VAMPIRE 1 13 11 3 2 3 0
> VAMPIRE 4 9 7 3 2 2 0
> VAMPIRE 3 9 11 2 2 3 0
> VAMPIRE 2 13 11 3 2 3 0
< RES 1637256464 192 1
< MOVE L L
> REQ 1637256464 193 1
> VAMPIRE 1 13 9 3 2 3 0
> VAMPIRE 4 11 7 3 2 2 0
> VAMPIRE 3 7 11 2 2 3 0
> VAMPIRE 2 13 9 3 2 3 0
< RES 1637256464 193 1
< MOVE R R
> REQ 1637256464 194 1
> VAMPIRE 1 13 11 3 2 3 0
> VAMPIRE 4 9 7 3 2 2 0
> VAMPIRE 3 9 11 2 2 3 0
> VAMPIRE 2 13 11 3 2 3 0
> POWERUP GRENADE -5 7 6
> POWERUP GRENADE -5 13 14
< RES 1637256464 194 1
< MOVE R R
> REQ 1637256464 195 1
> VAMPIRE 1 13 13 3 2 3 0
> VAMPIRE 4 7 7 3 2 2 0
> VAMPIRE 3 7 11 2 2 3 0
> VAMPIRE 2 13 13 3 2 3 0
> POWERUP GRENADE -4 7 6
> POWERUP GRENADE -4 13 14
< RES 1637256464 195 1
< GRENADE
< MOVE R R
> REQ 1637256464 196 1
> VAMPIRE 1 13 15 3 1 3 0
> VAMPIRE 4 7 6 3 2 2 0
> VAMPIRE 3 7 9 2 2 3 0
> VAMPIRE 2 13 15 3 1 3 0
> GRENADE 1 13 13 5 3
> GRENADE 2 13 13 5 3
> POWERUP GRENADE -3 7 6
> POWERUP GRENADE -3 13 14
< RES 1637256464 196 1
< MOVE U
> REQ 1637256464 197 1
> VAMPIRE 1 12 15 3 1 3 0
> VAMPIRE 4 7 6 3 2 2 0
> VAMPIRE 3 7 7 2 2 3 0
> VAMPIRE 2 13 15 3 1 3 0
> GRENADE 1 13 13 4 3
> GRENADE 2 13 13 4 3
> POWERUP GRENADE -2 7 6
> POWERUP GRENADE -2 13 14
< RES 1637256464 197 1
< MOVE D L
> REQ 1637256464 198 1
> VAMPIRE 1 13 14 3 1 3 0
> VAMPIRE 4 7 6 3 1 2 0
> VAMPIRE 3 7 7 2 1 3 0
> VAMPIRE 2 13 15 3 1 3 0
> GRENADE 1 13 13 3 3
> GRENADE 2 13 13 3 3
> GRENADE 4 7 6 5 2
> GRENADE 3 7 7 5 3
> POWERUP GRENADE -1 7 6
> POWERUP GRENADE -1 13 14
< RES 1637256464 198 1
< MOVE R U
> REQ 1637256464 199 1
> VAMPIRE 1 13 14 3 2 3 0
> VAMPIRE 4 6 5 3 2 2 0
> VAMPIRE 3 7 9 2 1 3 0
> VAMPIRE 2 11 15 3 0 3 0
> GRENADE 1 13 13 2 3
> GRENADE 2 13 13 2 3
> GRENADE 4 7 6 4 2
> GRENADE 3 7 7 4 3
> GRENADE 2 13 15 5 3
< RES 1637256464 199 1
> REQ 1637256464 200 1
> VAMPIRE 1 13 14 3 2 3 0
> VAMPIRE 4 5 5 3 2 2 0
> VAMPIRE 3 9 9 2 1 3 0
> VAMPIRE 2 11 17 3 0 3 0
> GRENADE 1 13 13 1 3
> GRENADE 2 13 13 1 3
> GRENADE 4 7 6 3 2
> GRENADE 3 7 7 3 3
> GRENADE 2 13 15 4 3
< RES 1637256464 200 1
> REQ 1637256464 201 1
> VAMPIRE 1 13 14 2 3 3 0
> VAMPIRE 4 5 5 3 2 2 0
> VAMPIRE 3 11 9 2 1 3 0
> VAMPIRE 2 11 15 3 2 3 0
> GRENADE 4 7 6 2 2
> GRENADE 3 7 7 2 3
< RES 1637256464 201 1
< MOVE L
> REQ 1637256464 202 1
> VAMPIRE 1 13 13 2 3 3 0
> VAMPIRE 4 5 5 3 2 2 0
> VAMPIRE 3 11 9 2 1 3 0
> VAMPIRE 2 11 13 3 2 3 0
> GRENADE 4 7 6 1 2
> GRENADE 3 7 7 1 3
< RES 1637256464 202 1
> REQ 1637256464 203 1
> VAMPIRE 1 13 13 2 3 3 0
> VAMPIRE 4 5 5 3 3 2 0
> VAMPIRE 3 11 9 2 2 3 0
> VAMPIRE 2 11 13 3 2 3 0
< RES 1637256464 203 1
> REQ 1637256464 204 1
> VAMPIRE 1 13 13 2 3 3 0
> VAMPIRE 4 5 7 3 3 2 0
> VAMPIRE 3 11 9 2 2 3 0
> VAMPIRE 2 11 13 3 2 3 0
< RES 1637256464 204 1
> REQ 1637256464 205 1
> VAMPIRE 1 13 13 2 3 3 0
> VAMPIRE 4 5 9 3 3 2 0
> VAMPIRE 3 11 9 2 2 3 0
> VAMPIRE 2 11 13 3 2 3 0
< RES 1637256464 205 1
> REQ 1637256464 206 1
> VAMPIRE 1 13 13 2 3 3 0
> VAMPIRE 4 7 9 3 3 2 0
> VAMPIRE 3 11 9 2 2 3 0
> VAMPIRE 2 11 13 3 2 3 0
< RES 1637256464 206 1
> REQ 1637256464 207 1
> VAMPIRE 1 13 13 2 3 3 0
> VAMPIRE 4 7 11 3 3 2 0
> VAMPIRE 3 11 9 2 2 3 0
> VAMPIRE 2 11 13 3 2 3 0
< RES 1637256464 207 1
> REQ 1637256464 208 1
> VAMPIRE 1 13 13 2 3 3 0
> VAMPIRE 4 7 11 3 3 2 0
> VAMPIRE 3 11 9 2 2 3 0
> VAMPIRE 2 11 13 3 2 3 0
< RES 1637256464 208 1
> REQ 1637256464 209 1
> VAMPIRE 1 13 13 2 3 3 0
> VAMPIRE 4 7 11 3 3 2 0
> VAMPIRE 3 11 9 2 2 3 0
> VAMPIRE 2 11 13 3 2 3 0
< RES 1637256464 209 1
> REQ 1637256464 210 1
> VAMPIRE 1 13 13 2 3 3 0
> VAMPIRE 4 7 11 3 3 2 0
> VAMPIRE 3 11 9 2 2 3 0
> VAMPIRE 2 11 13 3 2 3 0
< RES 1637256464 210 1
> REQ 1637256464 211 1
> VAMPIRE 1 13 13 2 3 3 0
> VAMPIRE 4 7 11 3 3 2 0
> VAMPIRE 3 11 9 2 2 3 0
> VAMPIRE 2 11 13 3 2 3 0
< RES 1637256464 211 1
> REQ 1637256464 212 1
> VAMPIRE 1 13 13 2 3 3 0
> VAMPIRE 4 7 11 3 3 2 0
> VAMPIRE 3 11 9 2 2 3 0
> VAMPIRE 2 11 13 3 2 3 0
< RES 1637256464 212 1
> REQ 1637256464 213 1
> VAMPIRE 1 13 13 2 3 3 0
> VAMPIRE 4 7 11 3 3 2 0
> VAMPIRE 3 11 9 2 2 3 0
> VAMPIRE 2 11 13 3 2 3 0
< RES 1637256464 213 1
> REQ 1637256464 214 1
> VAMPIRE 1 13 13 2 3 3 0
> VAMPIRE 4 7 11 3 3 2 0
> VAMPIRE 3 11 9 2 2 3 0
> VAMPIRE 2 11 13 3 2 3 0
< RES 1637256464 214 1
> REQ 1637256464 215 1
> VAMPIRE 1 13 13 2 3 3 0
> VAMPIRE 4 7 11 3 3 2 0
> VAMPIRE 3 11 9 2 2 3 0
> VAMPIRE 2 11 13 3 2 3 0
< RES 1637256464 215 1
> REQ 1637256464 216 1
> VAMPIRE 1 13 13 2 3 3 0
> VAMPIRE 4 7 11 3 3 2 0
> VAMPIRE 3 11 9 2 2 3 0
> VAMPIRE 2 11 13 3 2 3 0
< RES 1637256464 216 1
> REQ 1637256464 217 1
> VAMPIRE 1 13 13 2 3 3 0
> VAMPIRE 4 7 11 3 3 2 0
> VAMPIRE 3 11 9 2 2 3 0
> VAMPIRE 2 11 13 3 2 3 0
> POWERUP GRENADE -4 19 10
> POWERUP GRENADE -4 1 10
< RES 1637256464 217 1
< MOVE D D
> REQ 1637256464 218 1
> VAMPIRE 1 15 13 2 3 3 0
> VAMPIRE 4 5 11 3 3 2 0
> VAMPIRE 3 13 9 2 2 3 0
> VAMPIRE 2 11 11 3 2 3 0
> POWERUP GRENADE -3 19 10
> POWERUP GRENADE -3 1 10
< RES 1637256464 218 1
< MOVE D D
> REQ 1637256464 219 1
> VAMPIRE 1 17 13 2 3 3 0
> VAMPIRE 4 3 11 3 3 2 0
> VAMPIRE 3 15 9 2 2 3 0
> VAMPIRE 2 13 11 3 2 3 0
> POWERUP GRENADE -2 19 10
> POWERUP GRENADE -2 1 10
< RES 1637256464 219 1
< MOVE D D
> REQ 1637256464 220 1
> VAMPIRE 1 19 13 2 3 3 0
> VAMPIRE 4 1 11 3 3 2 0
> VAMPIRE 3 17 9 2 2 3 0
> VAMPIRE 2 15 11 3 2 3 0
> POWERUP GRENADE -1 19 10
> POWERUP GRENADE -1 1 10
< RES 1637256464 220 1
< MOVE L L
> REQ 1637256464 221 1
> VAMPIRE 1 19 11 2 3 3 0
> VAMPIRE 4 1 10 3 3 2 0
> VAMPIRE 3 19 9 2 2 3 0
> VAMPIRE 2 17 11 3 2 3 0
> POWERUP GRENADE 10 19 10
> POWERUP GRENADE 10 1 10
< RES 1637256464 221 1
< GRENADE
< MOVE L L
> REQ 1637256464 222 1
> VAMPIRE 1 19 10 2 2 3 0
> VAMPIRE 4 1 9 3 4 2 0
> VAMPIRE 3 19 10 2 1 3 0
> VAMPIRE 2 17 11 3 2 3 0
> GRENADE 1 19 11 5 3
> GRENADE 3 19 9 5 3
> POWERUP GRENADE 9 19 10
< RES 1637256464 222 1
> REQ 1637256464 223 1
> VAMPIRE 1 19 10 2 3 3 0
> VAMPIRE 4 3 9 3 4 2 0
> VAMPIRE 3 19 10 2 2 3 0
> VAMPIRE 2 15 11 3 2 3 0
> GRENADE 1 19 11 4 3
> GRENADE 3 19 9 4 3
< RES 1637256464 223 1
> REQ 1637256464 224 1
> VAMPIRE 1 19 10 2 3 3 0
> VAMPIRE 4 5 9 3 4 2 0
> VAMPIRE 3 19 10 2 2 3 0
> VAMPIRE 2 13 11 3 2 3 0
> GRENADE 1 19 11 3 3
> GRENADE 3 19 9 3 3
< RES 1637256464 224 1
> REQ 1637256464 225 1
> VAMPIRE 1 19 10 2 3 3 0
> VAMPIRE 4 7 9 3 4 2 0
> VAMPIRE 3 19 10 2 2 3 0
> VAMPIRE 2 11 11 3 2 3 0
> GRENADE 1 19 11 2 3
> GRENADE 3 19 9 2 3
< RES 1637256464 225 1
< GRENADE
> REQ 1637256464 226 1
> VAMPIRE 1 19 10 2 2 3 0
> VAMPIRE 4 7 9 3 4 2 0
> VAMPIRE 3 19 10 2 1 3 0
> VAMPIRE 2 11 11 3 2 3 0
> GRENADE 1 19 11 1 3
> GRENADE 3 19 9 1 3
> GRENADE 1 19 10 5 3
> GRENADE 3 19 10 5 3
< RES 1637256464 226 1
> REQ 1637256464 227 1
> VAMPIRE 1 19 10 1 4 3 0
> VAMPIRE 4 7 9 3 4 2 0
> VAMPIRE 3 19 10 1 3 3 0
> VAMPIRE 2 13 11 3 2 3 0
< RES 1637256464 227 1
< MOVE L
> REQ 1637256464 228 1
> VAMPIRE 1 19 9 1 4 3 0
> VAMPIRE 4 9 9 3 4 2 0
> VAMPIRE 3 19 9 1 3 3 0
> VAMPIRE 2 15 11 3 2 3 0
< RES 1637256464 228 1
< MOVE U U
> REQ 1637256464 229 1
> VAMPIRE 1 17 9 1 4 3 0
> VAMPIRE 4 11 9 3 4 2 0
> VAMPIRE 3 17 9 1 3 3 0
> VAMPIRE 2 15 11 3 2 3 0
< RES 1637256464 229 1
< MOVE U U
> REQ 1637256464 230 1
> VAMPIRE 1 15 9 1 4 3 0
> VAMPIRE 4 11 9 3 4 2 0
> VAMPIRE 3 15 9 1 3 3 0
> VAMPIRE 2 15 9 3 2 3 0
< RES 1637256464 230 1
< MOVE U U
> REQ 1637256464 231 1
> VAMPIRE 1 13 9 1 4 3 0
> VAMPIRE 4 9 9 3 4 2 0
> VAMPIRE 3 13 9 1 3 3 0
> VAMPIRE 2 13 9 3 2 3 0
< RES 1637256464 231 1
< MOVE U U
> REQ 1637256464 232 1
> VAMPIRE 1 11 9 1 4 3 0
> VAMPIRE 4 7 9 3 4 2 0
> VAMPIRE 3 11 9 1 3 3 0
> VAMPIRE 2 11 9 3 2 3 0
< RES 1637256464 232 1
< MOVE U U
> REQ 1637256464 233 1
> VAMPIRE 1 9 9 1 4 3 0
> VAMPIRE 4 5 9 3 4 2 0
> VAMPIRE 3 9 9 1 3 3 0
> VAMPIRE 2 9 9 3 2 3 0
< RES 1637256464 233 1
< MOVE R R
> REQ 1637256464 234 1
> VAMPIRE 1 9 11 1 4 3 0
> VAMPIRE 4 3 9 3 4 2 0
> VAMPIRE 3 9 11 1 3 3 0
> VAMPIRE 2 9 11 3 2 3 0
< RES 1637256464 234 1
< MOVE D D
> REQ 1637256464 235 1
> VAMPIRE 1 11 11 1 4 3 0
> VAMPIRE 4 5 9 3 4 2 0
> VAMPIRE 3 11 11 1 3 3 0
> VAMPIRE 2 11 11 3 2 3 0
< RES 1637256464 235 1
< MOVE U U
> REQ 1637256464 236 1
> VAMPIRE 1 9 11 1 4 3 0
> VAMPIRE 4 7 9 3 4 2 0
> VAMPIRE 3 9 11 1 3 3 0
> VAMPIRE 2 9 11 3 2 3 0
< RES 1637256464 236 1
< MOVE D D
> REQ 1637256464 237 1
> VAMPIRE 1 11 11 1 4 3 0
> VAMPIRE 4 5 9 3 4 2 0
> VAMPIRE 3 11 11 1 3 3 0
> VAMPIRE 2 11 11 3 2 3 0
< RES 1637256464 237 1
< MOVE U U
> REQ 1637256464 238 1
> VAMPIRE 1 9 11 1 4 3 0
> VAMPIRE 4 7 9 3 4 2 0
> VAMPIRE 3 9 11 1 3 3 0
> VAMPIRE 2 9 11 3 2 3 0
< RES 1637256464 238 1
< MOVE D D
> REQ 1637256464 239 1
> VAMPIRE 1 11 11 1 4 3 0
> VAMPIRE 4 5 9 3 4 2 0
> VAMPIRE 3 11 11 1 3 3 0
> VAMPIRE 2 11 11 3 2 3 0
< RES 1637256464 239 1
< MOVE U U
> REQ 1637256464 240 1
> VAMPIRE 1 9 11 1 4 3 0
> VAMPIRE 4 7 9 3 4 2 0
> VAMPIRE 3 9 11 1 3 3 0
> VAMPIRE 2 9 11 3 2 3 0
> POWERUP BATTERY -6 1 14
> POWERUP BATTERY -6 19 6
< RES 1637256464 240 1
< MOVE U U
> REQ 1637256464 241 1
> VAMPIRE 1 7 11 1 4 3 0
> VAMPIRE 4 5 9 3 4 2 0
> VAMPIRE 3 7 11 1 3 3 0
> VAMPIRE 2 7 11 3 2 3 0
> POWERUP BATTERY -5 1 14
> POWERUP BATTERY -5 19 6
< RES 1637256464 241 1
< MOVE U U
> REQ 1637256464 242 1
> VAMPIRE 1 5 11 1 4 3 0
> VAMPIRE 4 3 9 3 4 2 0
> VAMPIRE 3 5 11 1 3 3 0
> VAMPIRE 2 5 11 3 2 3 0
> POWERUP BATTERY -4 1 14
> POWERUP BATTERY -4 19 6
< RES 1637256464 242 1
< MOVE U U
> REQ 1637256464 243 1
> VAMPIRE 1 3 11 1 4 3 0
> VAMPIRE 4 1 9 3 4 2 0
> VAMPIRE 3 3 11 1 3 3 0
> VAMPIRE 2 3 11 3 2 3 0
> POWERUP BATTERY -3 1 14
> POWERUP BATTERY -3 19 6
< RES 1637256464 243 1
< MOVE U U
> REQ 1637256464 244 1
> VAMPIRE 1 1 11 1 4 3 0
> VAMPIRE 4 1 11 3 4 2 0
> VAMPIRE 3 1 11 1 3 3 0
> VAMPIRE 2 1 11 3 2 3 0
> POWERUP BATTERY -2 1 14
> POWERUP BATTERY -2 19 6
< RES 1637256464 244 1
< MOVE R R
> REQ 1637256464 245 1
> VAMPIRE 1 1 13 1 4 3 0
> VAMPIRE 4 1 13 3 4 2 0
> VAMPIRE 3 1 13 1 3 3 0
> VAMPIRE 2 1 13 3 2 3 0
> POWERUP BATTERY -1 1 14
> POWERUP BATTERY -1 19 6
< RES 1637256464 245 1
< MOVE R
> REQ 1637256464 246 1
> VAMPIRE 1 1 14 1 4 3 0
> VAMPIRE 4 1 15 3 3 2 0
> VAMPIRE 3 1 15 1 2 3 0
> VAMPIRE 2 1 15 3 1 3 0
> GRENADE 4 1 13 5 2
> GRENADE 3 1 13 5 3
> GRENADE 2 1 13 5 3
> POWERUP BATTERY 14 1 14
> POWERUP BATTERY 14 19 6
< RES 1637256464 246 1
< MOVE R D
> REQ 1637256464 247 1
> VAMPIRE 1 1 14 1 4 4 0
> VAMPIRE 4 3 15 3 2 2 0
> VAMPIRE 3 3 15 1 1 3 0
> VAMPIRE 2 3 15 3 0 3 0
> GRENADE 4 1 13 4 2
> GRENADE 3 1 13 4 3
> GRENADE 2 1 13 4 3
> GRENADE 4 1 15 5 2
> GRENADE 3 1 15 5 3
> GRENADE 2 1 15 5 3
> POWERUP BATTERY 13 19 6
< RES 1637256464 247 1
> REQ 1637256464 248 1
> VAMPIRE 1 1 14 1 4 4 0
> VAMPIRE 4 5 15 3 2 2 0
> VAMPIRE 3 5 15 1 1 3 0
> VAMPIRE 2 5 15 3 0 3 0
> GRENADE 4 1 13 3 2
> GRENADE 3 1 13 3 3
> GRENADE 2 1 13 3 3
> GRENADE 4 1 15 4 2
> GRENADE 3 1 15 4 3
> GRENADE 2 1 15 4 3
> POWERUP BATTERY 12 19 6
< RES 1637256464 248 1
> REQ 1637256464 249 1
> VAMPIRE 1 1 14 1 4 4 0
> VAMPIRE 4 7 15 3 2 2 0
> VAMPIRE 3 7 15 1 1 3 0
> VAMPIRE 2 7 15 3 0 3 0
> GRENADE 4 1 13 2 2
> GRENADE 3 1 13 2 3
> GRENADE 2 1 13 2 3
> GRENADE 4 1 15 3 2
> GRENADE 3 1 15 3 3
> GRENADE 2 1 15 3 3
> POWERUP BATTERY 11 19 6
< RES 1637256464 249 1
> REQ 1637256464 250 1
> VAMPIRE 1 1 14 1 4 4 0
> VAMPIRE 4 9 15 3 2 2 0
> VAMPIRE 3 9 15 1 1 3 0
> VAMPIRE 2 9 15 3 0 3 0
> GRENADE 4 1 13 1 2
> GRENADE 3 1 13 1 3
> GRENADE 2 1 13 1 3
> GRENADE 4 1 15 2 2
> GRENADE 3 1 15 2 3
> GRENADE 2 1 15 2 3
> POWERUP BATTERY 10 19 6
< RES 1637256464 250 1
> END 618 Could_not_be_more_deaded
