> MESSAGE OK
> LEVEL 8
> GAMEID 1637090718
> TEST 1
> MAXTICK 1200
> GRENADERADIUS 2
> SIZE 21
> REQ 1637090718 0 3
> VAMPIRE 1 1 1 3 1 2 0
> VAMPIRE 3 19 19 3 1 2 0
> VAMPIRE 2 19 1 3 1 2 0
> VAMPIRE 4 1 19 3 1 2 0
> BAT1 3 1 7 1 9 1 11 1 13 1 17 1 1 3 3 3 5 3 9 3 11 3 15 3 17 3 19 3 3 5 5 5 7 5 13 5 15 5 17 5 1 7 5 7 7 7 9 7 11 7 13 7 15 7 19 7 1 9 3 9 7 9 13 9 17 9 19 9 1 11 3 11 7 11 13 11 17 11 19 11 1 13 5 13 7 13 9 13 11 13 13 13 15 13 19 13 3 15 5 15 7 15 13 15 15 15 17 15 1 17 3 17 5 17 9 17 11 17 15 17 17 17 19 17 3 19 7 19 9 19 11 19 13 19 17 19
< RES 1637090718 0 3
< MOVE L
> REQ 1637090718 1 3
> VAMPIRE 1 2 1 3 1 2 0
> VAMPIRE 3 19 18 3 1 2 0
> VAMPIRE 2 18 1 3 1 2 0
> VAMPIRE 4 1 18 3 1 2 0
> BAT1 3 1 7 1 9 1 11 1 13 1 17 1 1 3 3 3 5 3 9 3 11 3 15 3 17 3 19 3 3 5 5 5 7 5 13 5 15 5 17 5 1 7 5 7 7 7 9 7 11 7 13 7 15 7 19 7 1 9 3 9 7 9 13 9 17 9 19 9 1 11 3 11 7 11 13 11 17 11 19 11 1 13 5 13 7 13 9 13 11 13 13 13 15 13 19 13 3 15 5 15 7 15 13 15 15 15 17 15 1 17 3 17 5 17 9 17 11 17 15 17 17 17 19 17 3 19 7 19 9 19 11 19 13 19 17 19
< RES 1637090718 1 3
< GRENADE
< MOVE R U
> REQ 1637090718 2 3
> VAMPIRE 1 1 2 3 0 2 0
> VAMPIRE 3 18 19 3 0 2 0
> VAMPIRE 2 19 2 3 0 2 0
> VAMPIRE 4 2 19 3 0 2 0
> GRENADE 1 2 1 5 2
> GRENADE 3 19 18 5 2
> GRENADE 2 18 1 5 2
> GRENADE 4 1 18 5 2
> BAT1 3 1 7 1 9 1 11 1 13 1 17 1 1 3 3 3 5 3 9 3 11 3 15 3 17 3 19 3 3 5 5 5 7 5 13 5 15 5 17 5 1 7 5 7 7 7 9 7 11 7 13 7 15 7 19 7 1 9 3 9 7 9 13 9 17 9 19 9 1 11 3 11 7 11 13 11 17 11 19 11 1 13 5 13 7 13 9 13 11 13 13 13 15 13 19 13 3 15 5 15 7 15 13 15 15 15 17 15 1 17 3 17 5 17 9 17 11 17 15 17 17 17 19 17 3 19 7 19 9 19 11 19 13 19 17 19
< RES 1637090718 2 3
> REQ 1637090718 3 3
> VAMPIRE 1 1 2 3 0 2 0
> VAMPIRE 3 18 19 3 0 2 0
> VAMPIRE 2 19 2 3 0 2 0
> VAMPIRE 4 2 19 3 0 2 0
> GRENADE 1 2 1 4 2
> GRENADE 3 19 18 4 2
> GRENADE 2 18 1 4 2
> GRENADE 4 1 18 4 2
> BAT1 3 1 7 1 9 1 11 1 13 1 17 1 1 3 3 3 5 3 9 3 11 3 15 3 17 3 19 3 3 5 5 5 7 5 13 5 15 5 17 5 1 7 5 7 7 7 9 7 11 7 13 7 15 7 19 7 1 9 3 9 7 9 13 9 17 9 19 9 1 11 3 11 7 11 13 11 17 11 19 11 1 13 5 13 7 13 9 13 11 13 13 13 15 13 19 13 3 15 5 15 7 15 13 15 15 15 17 15 1 17 3 17 5 17 9 17 11 17 15 17 17 17 19 17 3 19 7 19 9 19 11 19 13 19 17 19
< RES 1637090718 3 3
> REQ 1637090718 4 3
> VAMPIRE 1 1 2 3 0 2 0
> VAMPIRE 3 18 19 3 0 2 0
> VAMPIRE 2 19 2 3 0 2 0
> VAMPIRE 4 2 19 3 0 2 0
> GRENADE 1 2 1 3 2
> GRENADE 3 19 18 3 2
> GRENADE 2 18 1 3 2
> GRENADE 4 1 18 3 2
> BAT1 3 1 7 1 9 1 11 1 13 1 17 1 1 3 3 3 5 3 9 3 11 3 15 3 17 3 19 3 3 5 5 5 7 5 13 5 15 5 17 5 1 7 5 7 7 7 9 7 11 7 13 7 15 7 19 7 1 9 3 9 7 9 13 9 17 9 19 9 1 11 3 11 7 11 13 11 17 11 19 11 1 13 5 13 7 13 9 13 11 13 13 13 15 13 19 13 3 15 5 15 7 15 13 15 15 15 17 15 1 17 3 17 5 17 9 17 11 17 15 17 17 17 19 17 3 19 7 19 9 19 11 19 13 19 17 19
< RES 1637090718 4 3
> REQ 1637090718 5 3
> VAMPIRE 1 1 2 3 0 2 0
> VAMPIRE 3 18 19 3 0 2 0
> VAMPIRE 2 19 2 3 0 2 0
> VAMPIRE 4 2 19 3 0 2 0
> GRENADE 1 2 1 2 2
> GRENADE 3 19 18 2 2
> GRENADE 2 18 1 2 2
> GRENADE 4 1 18 2 2
> BAT1 3 1 7 1 9 1 11 1 13 1 17 1 1 3 3 3 5 3 9 3 11 3 15 3 17 3 19 3 3 5 5 5 7 5 13 5 15 5 17 5 1 7 5 7 7 7 9 7 11 7 13 7 15 7 19 7 1 9 3 9 7 9 13 9 17 9 19 9 1 11 3 11 7 11 13 11 17 11 19 11 1 13 5 13 7 13 9 13 11 13 13 13 15 13 19 13 3 15 5 15 7 15 13 15 15 15 17 15 1 17 3 17 5 17 9 17 11 17 15 17 17 17 19 17 3 19 7 19 9 19 11 19 13 19 17 19
< RES 1637090718 5 3
> REQ 1637090718 6 3
> VAMPIRE 1 1 2 3 0 2 0
> VAMPIRE 3 18 19 3 0 2 0
> VAMPIRE 2 19 2 3 0 2 0
> VAMPIRE 4 2 19 3 0 2 0
> GRENADE 1 2 1 1 2
> GRENADE 3 19 18 1 2
> GRENADE 2 18 1 1 2
> GRENADE 4 1 18 1 2
> BAT1 3 1 7 1 9 1 11 1 13 1 17 1 1 3 3 3 5 3 9 3 11 3 15 3 17 3 19 3 3 5 5 5 7 5 13 5 15 5 17 5 1 7 5 7 7 7 9 7 11 7 13 7 15 7 19 7 1 9 3 9 7 9 13 9 17 9 19 9 1 11 3 11 7 11 13 11 17 11 19 11 1 13 5 13 7 13 9 13 11 13 13 13 15 13 19 13 3 15 5 15 7 15 13 15 15 15 17 15 1 17 3 17 5 17 9 17 11 17 15 17 17 17 19 17 3 19 7 19 9 19 11 19 13 19 17 19
< RES 1637090718 6 3
> REQ 1637090718 7 3
> VAMPIRE 1 1 1 3 1 2 0
> VAMPIRE 3 18 19 3 1 2 0
> VAMPIRE 2 19 2 3 1 2 0
> VAMPIRE 4 2 19 3 1 2 0
> BAT1 7 1 9 1 11 1 13 1 1 3 3 3 5 3 9 3 11 3 15 3 17 3 19 3 3 5 5 5 7 5 13 5 15 5 17 5 1 7 5 7 7 7 9 7 11 7 13 7 15 7 19 7 1 9 3 9 7 9 13 9 17 9 19 9 1 11 3 11 7 11 13 11 17 11 19 11 1 13 5 13 7 13 9 13 11 13 13 13 15 13 19 13 3 15 5 15 7 15 13 15 15 15 17 15 3 17 5 17 9 17 11 17 15 17 17 17 3 19 7 19 9 19 11 19 13 19 17 19
< RES 1637090718 7 3
< GRENADE
< MOVE D L
> REQ 1637090718 8 3
> VAMPIRE 1 3 1 3 0 2 0
> VAMPIRE 3 19 18 3 0 2 0
> VAMPIRE 2 18 1 3 0 2 0
> VAMPIRE 4 1 18 3 0 2 0
> GRENADE 1 1 1 5 2
> GRENADE 3 18 19 5 2
> GRENADE 2 19 2 5 2
> GRENADE 4 2 19 5 2
> BAT1 7 1 9 1 11 1 13 1 1 3 3 3 5 3 9 3 11 3 15 3 17 3 19 3 3 5 5 5 7 5 13 5 15 5 17 5 1 7 5 7 7 7 9 7 11 7 13 7 15 7 19 7 1 9 3 9 7 9 13 9 17 9 19 9 1 11 3 11 7 11 13 11 17 11 19 11 1 13 5 13 7 13 9 13 11 13 13 13 15 13 19 13 3 15 5 15 7 15 13 15 15 15 17 15 3 17 5 17 9 17 11 17 15 17 17 17 3 19 7 19 9 19 11 19 13 19 17 19
< RES 1637090718 8 3
< MOVE L
> REQ 1637090718 9 3
> VAMPIRE 1 5 1 3 0 2 0
> VAMPIRE 3 19 17 3 0 2 0
> VAMPIRE 2 17 1 3 0 2 0
> VAMPIRE 4 1 17 3 0 2 0
> GRENADE 1 1 1 4 2
> GRENADE 3 18 19 4 2
> GRENADE 2 19 2 4 2
> GRENADE 4 2 19 4 2
> BAT1 7 1 9 1 11 1 13 1 1 3 3 3 5 3 9 3 11 3 15 3 17 3 19 3 3 5 5 5 7 5 13 5 15 5 17 5 1 7 5 7 7 7 9 7 11 7 13 7 15 7 19 7 1 9 3 9 7 9 13 9 17 9 19 9 1 11 3 11 7 11 13 11 17 11 19 11 1 13 5 13 7 13 9 13 11 13 13 13 15 13 19 13 3 15 5 15 7 15 13 15 15 15 17 15 3 17 5 17 9 17 11 17 15 17 17 17 3 19 7 19 9 19 11 19 13 19 17 19
< RES 1637090718 9 3
> REQ 1637090718 10 3
> VAMPIRE 1 5 1 3 0 2 0
> VAMPIRE 3 19 17 3 0 2 0
> VAMPIRE 2 17 1 3 0 2 0
> VAMPIRE 4 1 17 3 0 2 0
> GRENADE 1 1 1 3 2
> GRENADE 3 18 19 3 2
> GRENADE 2 19 2 3 2
> GRENADE 4 2 19 3 2
> BAT1 7 1 9 1 11 1 13 1 1 3 3 3 5 3 9 3 11 3 15 3 17 3 19 3 3 5 5 5 7 5 13 5 15 5 17 5 1 7 5 7 7 7 9 7 11 7 13 7 15 7 19 7 1 9 3 9 7 9 13 9 17 9 19 9 1 11 3 11 7 11 13 11 17 11 19 11 1 13 5 13 7 13 9 13 11 13 13 13 15 13 19 13 3 15 5 15 7 15 13 15 15 15 17 15 3 17 5 17 9 17 11 17 15 17 17 17 3 19 7 19 9 19 11 19 13 19 17 19
< RES 1637090718 10 3
> REQ 1637090718 11 3
> VAMPIRE 1 5 1 3 0 2 0
> VAMPIRE 3 19 17 3 0 2 0
> VAMPIRE 2 17 1 3 0 2 0
> VAMPIRE 4 1 17 3 0 2 0
> GRENADE 1 1 1 2 2
> GRENADE 3 18 19 2 2
> GRENADE 2 19 2 2 2
> GRENADE 4 2 19 2 2
> BAT1 7 1 9 1 11 1 13 1 1 3 3 3 5 3 9 3 11 3 15 3 17 3 19 3 3 5 5 5 7 5 13 5 15 5 17 5 1 7 5 7 7 7 9 7 11 7 13 7 15 7 19 7 1 9 3 9 7 9 13 9 17 9 19 9 1 11 3 11 7 11 13 11 17 11 19 11 1 13 5 13 7 13 9 13 11 13 13 13 15 13 19 13 3 15 5 15 7 15 13 15 15 15 17 15 3 17 5 17 9 17 11 17 15 17 17 17 3 19 7 19 9 19 11 19 13 19 17 19
< RES 1637090718 11 3
< MOVE L L
> REQ 1637090718 12 3
> VAMPIRE 1 5 1 3 0 2 0
> VAMPIRE 3 19 15 3 0 2 0
> VAMPIRE 2 15 1 3 0 2 0
> VAMPIRE 4 1 15 3 0 2 0
> GRENADE 1 1 1 1 2
> GRENADE 3 18 19 1 2
> GRENADE 2 19 2 1 2
> GRENADE 4 2 19 1 2
> BAT1 7 1 9 1 11 1 13 1 1 3 3 3 5 3 9 3 11 3 15 3 17 3 19 3 3 5 5 5 7 5 13 5 15 5 17 5 1 7 5 7 7 7 9 7 11 7 13 7 15 7 19 7 1 9 3 9 7 9 13 9 17 9 19 9 1 11 3 11 7 11 13 11 17 11 19 11 1 13 5 13 7 13 9 13 11 13 13 13 15 13 19 13 3 15 5 15 7 15 13 15 15 15 17 15 3 17 5 17 9 17 11 17 15 17 17 17 3 19 7 19 9 19 11 19 13 19 17 19
< RES 1637090718 12 3
< MOVE L
> REQ 1637090718 13 3
> VAMPIRE 1 5 1 3 1 2 0
> VAMPIRE 3 19 14 3 1 2 0
> VAMPIRE 2 14 1 3 1 2 0
> VAMPIRE 4 1 14 3 1 2 0
> BAT1 7 1 9 1 11 1 13 1 3 3 5 3 9 3 11 3 15 3 17 3 3 5 5 5 7 5 13 5 15 5 17 5 1 7 5 7 7 7 9 7 11 7 13 7 15 7 19 7 1 9 3 9 7 9 13 9 17 9 19 9 1 11 3 11 7 11 13 11 17 11 19 11 1 13 5 13 7 13 9 13 11 13 13 13 15 13 19 13 3 15 5 15 7 15 13 15 15 15 17 15 3 17 5 17 9 17 11 17 15 17 17 17 7 19 9 19 11 19 13 19
< RES 1637090718 13 3
< GRENADE
< MOVE R U
> REQ 1637090718 14 3
> VAMPIRE 1 3 1 3 0 2 0
> VAMPIRE 3 18 15 3 0 2 0
> VAMPIRE 2 15 2 3 0 2 0
> VAMPIRE 4 2 15 3 0 2 0
> GRENADE 1 5 1 5 2
> GRENADE 3 19 14 5 2
> GRENADE 2 14 1 5 2
> GRENADE 4 1 14 5 2
> BAT1 7 1 9 1 11 1 13 1 3 3 5 3 9 3 11 3 15 3 17 3 3 5 5 5 7 5 13 5 15 5 17 5 1 7 5 7 7 7 9 7 11 7 13 7 15 7 19 7 1 9 3 9 7 9 13 9 17 9 19 9 1 11 3 11 7 11 13 11 17 11 19 11 1 13 5 13 7 13 9 13 11 13 13 13 15 13 19 13 3 15 5 15 7 15 13 15 15 15 17 15 3 17 5 17 9 17 11 17 15 17 17 17 7 19 9 19 11 19 13 19
< RES 1637090718 14 3
> REQ 1637090718 15 3
> VAMPIRE 1 1 1 3 0 2 0
> VAMPIRE 3 18 15 3 0 2 0
> VAMPIRE 2 16 1 3 0 2 0
> VAMPIRE 4 2 15 3 0 2 0
> GRENADE 1 5 1 4 2
> GRENADE 3 19 14 4 2
> GRENADE 2 14 1 4 2
> GRENADE 4 1 14 4 2
> BAT1 7 1 9 1 11 1 13 1 3 3 5 3 9 3 11 3 15 3 17 3 3 5 5 5 7 5 13 5 15 5 17 5 1 7 5 7 7 7 9 7 11 7 13 7 15 7 19 7 1 9 3 9 7 9 13 9 17 9 19 9 1 11 3 11 7 11 13 11 17 11 19 11 1 13 5 13 7 13 9 13 11 13 13 13 15 13 19 13 3 15 5 15 7 15 13 15 15 15 17 15 3 17 5 17 9 17 11 17 15 17 17 17 7 19 9 19 11 19 13 19
< RES 1637090718 15 3
> REQ 1637090718 16 3
> VAMPIRE 1 1 3 3 0 2 0
> VAMPIRE 3 18 15 3 0 2 0
> VAMPIRE 2 17 1 3 0 2 0
> VAMPIRE 4 2 15 3 0 2 0
> GRENADE 1 5 1 3 2
> GRENADE 3 19 14 3 2
> GRENADE 2 14 1 3 2
> GRENADE 4 1 14 3 2
> BAT1 7 1 9 1 11 1 13 1 3 3 5 3 9 3 11 3 15 3 17 3 3 5 5 5 7 5 13 5 15 5 17 5 1 7 5 7 7 7 9 7 11 7 13 7 15 7 19 7 1 9 3 9 7 9 13 9 17 9 19 9 1 11 3 11 7 11 13 11 17 11 19 11 1 13 5 13 7 13 9 13 11 13 13 13 15 13 19 13 3 15 5 15 7 15 13 15 15 15 17 15 3 17 5 17 9 17 11 17 15 17 17 17 7 19 9 19 11 19 13 19
< RES 1637090718 16 3
> REQ 1637090718 17 3
> VAMPIRE 1 1 2 3 0 2 0
> VAMPIRE 3 18 15 3 0 2 0
> VAMPIRE 2 15 1 3 0 2 0
> VAMPIRE 4 2 15 3 0 2 0
> GRENADE 1 5 1 2 2
> GRENADE 3 19 14 2 2
> GRENADE 2 14 1 2 2
> GRENADE 4 1 14 2 2
> BAT1 7 1 9 1 11 1 13 1 3 3 5 3 9 3 11 3 15 3 17 3 3 5 5 5 7 5 13 5 15 5 17 5 1 7 5 7 7 7 9 7 11 7 13 7 15 7 19 7 1 9 3 9 7 9 13 9 17 9 19 9 1 11 3 11 7 11 13 11 17 11 19 11 1 13 5 13 7 13 9 13 11 13 13 13 15 13 19 13 3 15 5 15 7 15 13 15 15 15 17 15 3 17 5 17 9 17 11 17 15 17 17 17 7 19 9 19 11 19 13 19
< RES 1637090718 17 3
> REQ 1637090718 18 3
> VAMPIRE 1 2 1 3 0 2 0
> VAMPIRE 3 18 15 3 0 2 0
> VAMPIRE 2 15 2 3 0 2 0
> VAMPIRE 4 2 15 3 0 2 0
> GRENADE 1 5 1 1 2
> GRENADE 3 19 14 1 2
> GRENADE 2 14 1 1 2
> GRENADE 4 1 14 1 2
> BAT1 7 1 9 1 11 1 13 1 3 3 5 3 9 3 11 3 15 3 17 3 3 5 5 5 7 5 13 5 15 5 17 5 1 7 5 7 7 7 9 7 11 7 13 7 15 7 19 7 1 9 3 9 7 9 13 9 17 9 19 9 1 11 3 11 7 11 13 11 17 11 19 11 1 13 5 13 7 13 9 13 11 13 13 13 15 13 19 13 3 15 5 15 7 15 13 15 15 15 17 15 3 17 5 17 9 17 11 17 15 17 17 17 7 19 9 19 11 19 13 19
< RES 1637090718 18 3
> REQ 1637090718 19 3
> VAMPIRE 1 3 1 3 1 2 0
> VAMPIRE 3 18 15 3 1 2 0
> VAMPIRE 2 15 1 3 1 2 0
> VAMPIRE 4 2 15 3 1 2 0
> BAT1 9 1 11 1 3 3 9 3 11 3 15 3 17 3 3 5 5 5 7 5 13 5 15 5 17 5 1 7 5 7 7 7 9 7 11 7 13 7 15 7 19 7 1 9 3 9 7 9 13 9 17 9 19 9 1 11 3 11 7 11 13 11 17 11 19 11 5 13 7 13 9 13 11 13 13 13 15 13 3 15 5 15 7 15 13 15 15 15 17 15 3 17 5 17 9 17 11 17 15 17 17 17 7 19 9 19 11 19 13 19
< RES 1637090718 19 3
< MOVE D L
> REQ 1637090718 20 3
> VAMPIRE 1 5 1 3 0 2 0
> VAMPIRE 3 19 14 3 1 2 0
> VAMPIRE 2 13 1 3 1 2 0
> VAMPIRE 4 1 14 3 1 2 0
> GRENADE 1 3 1 5 2
> BAT1 9 1 11 1 3 3 9 3 11 3 15 3 17 3 3 5 5 5 7 5 13 5 15 5 17 5 1 7 5 7 7 7 9 7 11 7 13 7 15 7 19 7 1 9 3 9 7 9 13 9 17 9 19 9 1 11 3 11 7 11 13 11 17 11 19 11 5 13 7 13 9 13 11 13 13 13 15 13 3 15 5 15 7 15 13 15 15 15 17 15 3 17 5 17 9 17 11 17 15 17 17 17 7 19 9 19 11 19 13 19
< RES 1637090718 20 3
< MOVE L U
> REQ 1637090718 21 3
> VAMPIRE 1 5 3 3 0 2 0
> VAMPIRE 3 18 13 3 1 2 0
> VAMPIRE 2 13 3 3 1 2 0
> VAMPIRE 4 2 13 3 1 2 0
> GRENADE 1 3 1 4 2
> BAT1 9 1 11 1 3 3 9 3 11 3 15 3 17 3 3 5 5 5 7 5 13 5 15 5 17 5 1 7 5 7 7 7 9 7 11 7 13 7 15 7 19 7 1 9 3 9 7 9 13 9 17 9 19 9 1 11 3 11 7 11 13 11 17 11 19 11 5 13 7 13 9 13 11 13 13 13 15 13 3 15 5 15 7 15 13 15 15 15 17 15 3 17 5 17 9 17 11 17 15 17 17 17 7 19 9 19 11 19 13 19
< RES 1637090718 21 3
< MOVE U
> REQ 1637090718 22 3
> VAMPIRE 1 7 3 3 0 2 0
> VAMPIRE 3 17 13 3 1 2 0
> VAMPIRE 2 13 1 3 0 2 0
> VAMPIRE 4 3 13 3 1 2 0
> GRENADE 1 3 1 3 2
> GRENADE 2 13 3 5 2
> BAT1 9 1 11 1 3 3 9 3 11 3 15 3 17 3 3 5 5 5 7 5 13 5 15 5 17 5 1 7 5 7 7 7 9 7 11 7 13 7 15 7 19 7 1 9 3 9 7 9 13 9 17 9 19 9 1 11 3 11 7 11 13 11 17 11 19 11 5 13 7 13 9 13 11 13 13 13 15 13 3 15 5 15 7 15 13 15 15 15 17 15 3 17 5 17 9 17 11 17 15 17 17 17 7 19 9 19 11 19 13 19
< RES 1637090718 22 3
< GRENADE
< MOVE D D
> REQ 1637090718 23 3
> VAMPIRE 1 7 3 3 0 2 0
> VAMPIRE 3 19 13 3 0 2 0
> VAMPIRE 2 15 1 3 0 2 0
> VAMPIRE 4 1 13 3 0 2 0
> GRENADE 1 3 1 2 2
> GRENADE 2 13 3 4 2
> GRENADE 3 17 13 5 2
> GRENADE 4 3 13 5 2
> BAT1 9 1 11 1 3 3 9 3 11 3 15 3 17 3 3 5 5 5 7 5 13 5 15 5 17 5 1 7 5 7 7 7 9 7 11 7 13 7 15 7 19 7 1 9 3 9 7 9 13 9 17 9 19 9 1 11 3 11 7 11 13 11 17 11 19 11 5 13 7 13 9 13 11 13 13 13 15 13 3 15 5 15 7 15 13 15 15 15 17 15 3 17 5 17 9 17 11 17 15 17 17 17 7 19 9 19 11 19 13 19
< RES 1637090718 23 3
< MOVE R R
> REQ 1637090718 24 3
> VAMPIRE 1 7 3 3 0 2 0
> VAMPIRE 3 19 15 3 0 2 0
> VAMPIRE 2 15 1 3 0 2 0
> VAMPIRE 4 1 15 3 0 2 0
> GRENADE 1 3 1 1 2
> GRENADE 2 13 3 3 2
> GRENADE 3 17 13 4 2
> GRENADE 4 3 13 4 2
> BAT1 9 1 11 1 3 3 9 3 11 3 15 3 17 3 3 5 5 5 7 5 13 5 15 5 17 5 1 7 5 7 7 7 9 7 11 7 13 7 15 7 19 7 1 9 3 9 7 9 13 9 17 9 19 9 1 11 3 11 7 11 13 11 17 11 19 11 5 13 7 13 9 13 11 13 13 13 15 13 3 15 5 15 7 15 13 15 15 15 17 15 3 17 5 17 9 17 11 17 15 17 17 17 7 19 9 19 11 19 13 19
< RES 1637090718 24 3
> REQ 1637090718 25 3
> VAMPIRE 1 7 3 3 1 2 0
> VAMPIRE 3 19 15 3 0 2 0
> VAMPIRE 2 15 1 3 0 2 0
> VAMPIRE 4 1 15 3 0 2 0
> GRENADE 2 13 3 2 2
> GRENADE 3 17 13 3 2
> GRENADE 4 3 13 3 2
> BAT1 9 1 11 1 9 3 11 3 15 3 17 3 3 5 5 5 7 5 13 5 15 5 17 5 1 7 5 7 7 7 9 7 11 7 13 7 15 7 19 7 1 9 3 9 7 9 13 9 17 9 19 9 1 11 3 11 7 11 13 11 17 11 19 11 5 13 7 13 9 13 11 13 13 13 15 13 3 15 5 15 7 15 13 15 15 15 17 15 3 17 5 17 9 17 11 17 15 17 17 17 7 19 9 19 11 19 13 19
< RES 1637090718 25 3
> REQ 1637090718 26 3
> VAMPIRE 1 5 3 3 0 2 0
> VAMPIRE 3 19 15 3 0 2 0
> VAMPIRE 2 14 1 3 0 2 0
> VAMPIRE 4 1 15 3 0 2 0
> GRENADE 2 13 3 1 2
> GRENADE 3 17 13 2 2
> GRENADE 4 3 13 2 2
> GRENADE 1 7 3 5 2
> BAT1 9 1 11 1 9 3 11 3 15 3 17 3 3 5 5 5 7 5 13 5 15 5 17 5 1 7 5 7 7 7 9 7 11 7 13 7 15 7 19 7 1 9 3 9 7 9 13 9 17 9 19 9 1 11 3 11 7 11 13 11 17 11 19 11 5 13 7 13 9 13 11 13 13 13 15 13 3 15 5 15 7 15 13 15 15 15 17 15 3 17 5 17 9 17 11 17 15 17 17 17 7 19 9 19 11 19 13 19
< RES 1637090718 26 3
< MOVE L
> REQ 1637090718 27 3
> VAMPIRE 1 3 3 3 0 2 0
> VAMPIRE 3 19 14 3 0 2 0
> VAMPIRE 2 12 1 3 1 2 0
> VAMPIRE 4 1 14 3 0 2 0
> GRENADE 3 17 13 1 2
> GRENADE 4 3 13 1 2
> GRENADE 1 7 3 4 2
> BAT1 9 1 11 1 9 3 17 3 3 5 5 5 7 5 15 5 17 5 1 7 5 7 7 7 9 7 11 7 13 7 15 7 19 7 1 9 3 9 7 9 13 9 17 9 19 9 1 11 3 11 7 11 13 11 17 11 19 11 5 13 7 13 9 13 11 13 13 13 15 13 3 15 5 15 7 15 13 15 15 15 17 15 3 17 5 17 9 17 11 17 15 17 17 17 7 19 9 19 11 19 13 19
< RES 1637090718 27 3
< MOVE R
> REQ 1637090718 28 3
> VAMPIRE 1 3 1 3 0 2 0
> VAMPIRE 3 19 15 3 1 2 0
> VAMPIRE 2 13 2 3 0 2 0
> VAMPIRE 4 1 12 3 1 2 0
> GRENADE 1 7 3 3 2
> GRENADE 2 12 1 5 2
> BAT1 9 1 11 1 9 3 17 3 3 5 5 5 7 5 15 5 17 5 1 7 5 7 7 7 9 7 11 7 13 7 15 7 19 7 1 9 3 9 7 9 13 9 17 9 19 9 1 11 7 11 13 11 19 11 7 13 9 13 11 13 13 13 5 15 7 15 13 15 15 15 3 17 5 17 9 17 11 17 15 17 17 17 7 19 9 19 11 19 13 19
< RES 1637090718 28 3
< MOVE U U
> REQ 1637090718 29 3
> VAMPIRE 1 5 1 3 0 2 0
> VAMPIRE 3 17 15 3 1 2 0
> VAMPIRE 2 13 3 3 0 2 0
> VAMPIRE 4 2 13 3 0 2 0
> GRENADE 1 7 3 2 2
> GRENADE 2 12 1 4 2
> GRENADE 4 1 12 5 2
> BAT1 9 1 11 1 9 3 17 3 3 5 5 5 7 5 15 5 17 5 1 7 5 7 7 7 9 7 11 7 13 7 15 7 19 7 1 9 3 9 7 9 13 9 17 9 19 9 1 11 7 11 13 11 19 11 7 13 9 13 11 13 13 13 5 15 7 15 13 15 15 15 3 17 5 17 9 17 11 17 15 17 17 17 7 19 9 19 11 19 13 19
< RES 1637090718 29 3
< GRENADE
< MOVE L L
> REQ 1637090718 30 3
> VAMPIRE 1 3 1 3 0 2 0
> VAMPIRE 3 17 13 3 0 2 0
> VAMPIRE 2 11 3 3 0 2 0
> VAMPIRE 4 3 13 3 0 2 0
> GRENADE 1 7 3 1 2
> GRENADE 2 12 1 3 2
> GRENADE 4 1 12 4 2
> GRENADE 3 17 15 5 2
> BAT1 9 1 11 1 9 3 17 3 3 5 5 5 7 5 15 5 17 5 1 7 5 7 7 7 9 7 11 7 13 7 15 7 19 7 1 9 3 9 7 9 13 9 17 9 19 9 1 11 7 11 13 11 19 11 7 13 9 13 11 13 13 13 5 15 7 15 13 15 15 15 3 17 5 17 9 17 11 17 15 17 17 17 7 19 9 19 11 19 13 19
< RES 1637090718 30 3
< MOVE U U
> REQ 1637090718 31 3
> VAMPIRE 1 5 1 3 1 2 0
> VAMPIRE 3 15 13 3 0 2 0
> VAMPIRE 2 11 3 3 0 2 0
> VAMPIRE 4 5 13 3 0 2 0
> GRENADE 2 12 1 2 2
> GRENADE 4 1 12 3 2
> GRENADE 3 17 15 4 2
> BAT1 9 1 11 1 17 3 3 5 5 5 15 5 17 5 1 7 5 7 7 7 9 7 11 7 13 7 15 7 19 7 1 9 3 9 7 9 13 9 17 9 19 9 1 11 7 11 13 11 19 11 7 13 9 13 11 13 13 13 5 15 7 15 13 15 15 15 3 17 5 17 9 17 11 17 15 17 17 17 7 19 9 19 11 19 13 19
< RES 1637090718 31 3
> REQ 1637090718 32 3
> VAMPIRE 1 7 1 3 1 2 0
> VAMPIRE 3 15 13 3 0 2 0
> VAMPIRE 2 13 3 3 0 2 0
> VAMPIRE 4 5 12 3 0 2 0
> GRENADE 2 12 1 1 2
> GRENADE 4 1 12 2 2
> GRENADE 3 17 15 3 2
> BAT1 9 1 11 1 17 3 3 5 5 5 15 5 17 5 1 7 5 7 7 7 9 7 11 7 13 7 15 7 19 7 1 9 3 9 7 9 13 9 17 9 19 9 1 11 7 11 13 11 19 11 7 13 9 13 11 13 13 13 5 15 7 15 13 15 15 15 3 17 5 17 9 17 11 17 15 17 17 17 7 19 9 19 11 19 13 19
< RES 1637090718 32 3
< MOVE L
> REQ 1637090718 33 3
> VAMPIRE 1 7 3 3 0 2 0
> VAMPIRE 3 15 12 3 0 2 0
> VAMPIRE 2 13 5 3 1 2 0
> VAMPIRE 4 5 10 3 0 2 0
> GRENADE 4 1 12 1 2
> GRENADE 3 17 15 2 2
> GRENADE 1 7 1 5 2
> BAT1 9 1 17 3 3 5 5 5 15 5 17 5 1 7 5 7 7 7 9 7 11 7 13 7 15 7 19 7 1 9 3 9 7 9 13 9 17 9 19 9 1 11 7 11 13 11 19 11 7 13 9 13 11 13 13 13 5 15 7 15 13 15 15 15 3 17 5 17 9 17 11 17 15 17 17 17 7 19 9 19 11 19 13 19
< RES 1637090718 33 3
< MOVE L L
> REQ 1637090718 34 3
> VAMPIRE 1 5 3 3 0 2 0
> VAMPIRE 3 15 10 3 0 2 0
> VAMPIRE 2 11 5 3 0 2 0
> VAMPIRE 4 5 9 3 1 2 0
> GRENADE 3 17 15 1 2
> GRENADE 1 7 1 4 2
> GRENADE 2 13 5 5 2
> BAT1 9 1 17 3 3 5 5 5 15 5 17 5 1 7 5 7 7 7 9 7 11 7 13 7 15 7 19 7 1 9 3 9 7 9 13 9 17 9 19 9 7 11 13 11 19 11 7 13 9 13 11 13 13 13 5 15 7 15 13 15 15 15 3 17 5 17 9 17 11 17 15 17 17 17 7 19 9 19 11 19 13 19
< RES 1637090718 34 3
< MOVE L
> REQ 1637090718 35 3
> VAMPIRE 1 5 3 3 0 2 0
> VAMPIRE 3 15 9 3 1 2 0
> VAMPIRE 2 9 5 3 0 2 0
> VAMPIRE 4 5 11 3 0 2 0
> GRENADE 1 7 1 3 2
> GRENADE 2 13 5 4 2
> GRENADE 4 5 9 5 2
> BAT1 9 1 17 3 3 5 5 5 15 5 17 5 1 7 5 7 7 7 9 7 11 7 13 7 15 7 19 7 1 9 3 9 7 9 13 9 17 9 19 9 7 11 13 11 19 11 7 13 9 13 11 13 13 13 5 15 7 15 13 15 3 17 5 17 9 17 11 17 15 17 7 19 9 19 11 19 13 19
< RES 1637090718 35 3
< GRENADE
< MOVE R R
> REQ 1637090718 36 3
> VAMPIRE 1 6 3 3 0 2 0
> VAMPIRE 3 15 11 3 0 2 0
> VAMPIRE 2 7 5 3 0 2 0
> VAMPIRE 4 3 11 3 0 2 0
> GRENADE 1 7 1 2 2
> GRENADE 2 13 5 3 2
> GRENADE 4 5 9 4 2
> GRENADE 3 15 9 5 2
> BAT1 9 1 17 3 3 5 5 5 15 5 17 5 1 7 5 7 7 7 9 7 11 7 13 7 15 7 19 7 1 9 3 9 7 9 13 9 17 9 19 9 7 11 13 11 19 11 7 13 9 13 11 13 13 13 5 15 7 15 13 15 3 17 5 17 9 17 11 17 15 17 7 19 9 19 11 19 13 19
< RES 1637090718 36 3
< MOVE D D
> REQ 1637090718 37 3
> VAMPIRE 1 5 3 3 0 2 0
> VAMPIRE 3 17 11 3 0 2 0
> VAMPIRE 2 7 5 3 0 2 0
> VAMPIRE 4 3 11 3 0 2 0
> GRENADE 1 7 1 1 2
> GRENADE 2 13 5 2 2
> GRENADE 4 5 9 3 2
> GRENADE 3 15 9 4 2
> BAT1 9 1 17 3 3 5 5 5 15 5 17 5 1 7 5 7 7 7 9 7 11 7 13 7 15 7 19 7 1 9 3 9 7 9 13 9 17 9 19 9 7 11 13 11 19 11 7 13 9 13 11 13 13 13 5 15 7 15 13 15 3 17 5 17 9 17 11 17 15 17 7 19 9 19 11 19 13 19
< RES 1637090718 37 3
> REQ 1637090718 38 3
> VAMPIRE 1 7 3 3 1 2 0
> VAMPIRE 3 17 11 3 0 2 0
> VAMPIRE 2 7 5 3 0 2 0
> VAMPIRE 4 3 11 3 0 2 0
> GRENADE 2 13 5 1 2
> GRENADE 4 5 9 2 2
> GRENADE 3 15 9 3 2
> BAT1 17 3 3 5 5 5 15 5 17 5 1 7 5 7 7 7 9 7 11 7 13 7 15 7 19 7 1 9 3 9 7 9 13 9 17 9 19 9 7 11 13 11 19 11 7 13 9 13 11 13 13 13 5 15 7 15 13 15 3 17 5 17 9 17 11 17 15 17 7 19 9 19 11 19 13 19
< RES 1637090718 38 3
< MOVE R R
> REQ 1637090718 39 3
> VAMPIRE 1 7 5 3 1 2 0
> VAMPIRE 3 17 13 3 0 2 0
> VAMPIRE 2 7 5 3 1 2 0
> VAMPIRE 4 1 11 3 0 2 0
> GRENADE 4 5 9 1 2
> GRENADE 3 15 9 2 2
> BAT1 17 3 3 5 5 5 17 5 1 7 5 7 7 7 9 7 11 7 15 7 19 7 1 9 3 9 7 9 13 9 17 9 19 9 7 11 13 11 19 11 7 13 9 13 11 13 13 13 5 15 7 15 13 15 3 17 5 17 9 17 11 17 15 17 7 19 9 19 11 19 13 19
< RES 1637090718 39 3
< MOVE U U
> REQ 1637090718 40 3
> VAMPIRE 1 9 5 3 0 2 0
> VAMPIRE 3 15 13 3 0 2 0
> VAMPIRE 2 9 5 3 0 2 0
> VAMPIRE 4 1 10 3 1 2 0
> GRENADE 3 15 9 1 2
> GRENADE 1 7 5 5 2
> GRENADE 2 7 5 5 2
> BAT1 17 3 3 5 5 5 17 5 1 7 7 7 9 7 11 7 15 7 19 7 1 9 13 9 17 9 19 9 7 11 13 11 19 11 7 13 9 13 11 13 13 13 5 15 7 15 13 15 3 17 5 17 9 17 11 17 15 17 7 19 9 19 11 19 13 19
< RES 1637090718 40 3
< MOVE R R
> REQ 1637090718 41 3
> VAMPIRE 1 11 5 3 0 2 0
> VAMPIRE 3 15 15 3 1 2 0
> VAMPIRE 2 11 5 3 0 2 0
> VAMPIRE 4 2 11 3 0 2 0
> GRENADE 1 7 5 4 2
> GRENADE 2 7 5 4 2
> GRENADE 4 1 10 5 2
> BAT1 17 3 3 5 5 5 17 5 1 7 7 7 9 7 11 7 19 7 1 9 19 9 7 11 13 11 19 11 7 13 9 13 11 13 13 13 5 15 7 15 13 15 3 17 5 17 9 17 11 17 15 17 7 19 9 19 11 19 13 19
< RES 1637090718 41 3
< GRENADE
< MOVE L L
> REQ 1637090718 42 3
> VAMPIRE 1 11 5 3 0 2 0
> VAMPIRE 3 15 13 3 0 2 0
> VAMPIRE 2 11 5 3 0 2 0
> VAMPIRE 4 3 11 3 0 2 0
> GRENADE 1 7 5 3 2
> GRENADE 2 7 5 3 2
> GRENADE 4 1 10 4 2
> GRENADE 3 15 15 5 2
> BAT1 17 3 3 5 5 5 17 5 1 7 7 7 9 7 11 7 19 7 1 9 19 9 7 11 13 11 19 11 7 13 9 13 11 13 13 13 5 15 7 15 13 15 3 17 5 17 9 17 11 17 15 17 7 19 9 19 11 19 13 19
< RES 1637090718 42 3
< MOVE L L
> REQ 1637090718 43 3
> VAMPIRE 1 13 5 3 0 2 0
> VAMPIRE 3 15 11 3 0 2 0
> VAMPIRE 2 13 5 3 0 2 0
> VAMPIRE 4 5 11 3 0 2 0
> GRENADE 1 7 5 2 2
> GRENADE 2 7 5 2 2
> GRENADE 4 1 10 3 2
> GRENADE 3 15 15 4 2
> BAT1 17 3 3 5 5 5 17 5 1 7 7 7 9 7 11 7 19 7 1 9 19 9 7 11 13 11 19 11 7 13 9 13 11 13 13 13 5 15 7 15 13 15 3 17 5 17 9 17 11 17 15 17 7 19 9 19 11 19 13 19
< RES 1637090718 43 3
> REQ 1637090718 44 3
> VAMPIRE 1 11 5 3 0 2 0
> VAMPIRE 3 15 11 3 0 2 0
> VAMPIRE 2 11 5 3 0 2 0
> VAMPIRE 4 5 13 3 0 2 0
> GRENADE 1 7 5 1 2
> GRENADE 2 7 5 1 2
> GRENADE 4 1 10 2 2
> GRENADE 3 15 15 3 2
> BAT1 17 3 3 5 5 5 17 5 1 7 7 7 9 7 11 7 19 7 1 9 19 9 7 11 13 11 19 11 7 13 9 13 11 13 13 13 5 15 7 15 13 15 3 17 5 17 9 17 11 17 15 17 7 19 9 19 11 19 13 19
< RES 1637090718 44 3
< MOVE D D
> REQ 1637090718 45 3
> VAMPIRE 1 11 6 3 1 2 0
> VAMPIRE 3 17 11 3 0 2 0
> VAMPIRE 2 11 6 3 1 2 0
> VAMPIRE 4 5 13 3 0 2 0
> GRENADE 4 1 10 1 2
> GRENADE 3 15 15 2 2
> BAT1 17 3 3 5 17 5 1 7 9 7 11 7 19 7 1 9 19 9 7 11 13 11 19 11 7 13 9 13 11 13 13 13 5 15 7 15 13 15 3 17 5 17 9 17 11 17 15 17 7 19 9 19 11 19 13 19
< RES 1637090718 45 3
< MOVE L L
> REQ 1637090718 46 3
> VAMPIRE 1 10 5 3 0 2 0
> VAMPIRE 3 17 9 3 0 2 0
> VAMPIRE 2 10 5 3 0 2 0
> VAMPIRE 4 5 13 3 1 2 0
> GRENADE 3 15 15 1 2
> GRENADE 1 11 6 5 2
> GRENADE 2 11 6 5 2
> BAT1 17 3 3 5 17 5 1 7 9 7 11 7 19 7 19 9 7 11 13 11 19 11 7 13 9 13 11 13 13 13 5 15 7 15 13 15 3 17 5 17 9 17 11 17 15 17 7 19 9 19 11 19 13 19
< RES 1637090718 46 3
< MOVE L L
> REQ 1637090718 47 3
> VAMPIRE 1 9 5 3 0 2 0
> VAMPIRE 3 17 7 3 1 2 0
> VAMPIRE 2 9 5 3 0 2 0
> VAMPIRE 4 5 11 3 0 2 0
> GRENADE 1 11 6 4 2
> GRENADE 2 11 6 4 2
> GRENADE 4 5 13 5 2
> BAT1 17 3 3 5 17 5 1 7 9 7 11 7 19 7 19 9 7 11 13 11 19 11 7 13 9 13 11 13 13 13 5 15 7 15 3 17 5 17 9 17 11 17 7 19 9 19 11 19 13 19
< RES 1637090718 47 3
< GRENADE
< MOVE R R
> REQ 1637090718 48 3
> VAMPIRE 1 9 5 3 0 2 0
> VAMPIRE 3 17 9 3 0 2 0
> VAMPIRE 2 9 5 3 0 2 0
> VAMPIRE 4 5 9 3 0 2 0
> GRENADE 1 11 6 3 2
> GRENADE 2 11 6 3 2
> GRENADE 4 5 13 4 2
> GRENADE 3 17 7 5 2
> BAT1 17 3 3 5 17 5 1 7 9 7 11 7 19 7 19 9 7 11 13 11 19 11 7 13 9 13 11 13 13 13 5 15 7 15 3 17 5 17 9 17 11 17 7 19 9 19 11 19 13 19
< RES 1637090718 48 3
< MOVE R R
> REQ 1637090718 49 3
> VAMPIRE 1 9 5 3 0 2 0
> VAMPIRE 3 17 11 3 0 2 0
> VAMPIRE 2 9 5 3 0 2 0
> VAMPIRE 4 7 9 3 0 2 0
> GRENADE 1 11 6 2 2
> GRENADE 2 11 6 2 2
> GRENADE 4 5 13 3 2
> GRENADE 3 17 7 4 2
> BAT1 17 3 3 5 17 5 1 7 9 7 11 7 19 7 19 9 7 11 13 11 19 11 7 13 9 13 11 13 13 13 5 15 7 15 3 17 5 17 9 17 11 17 7 19 9 19 11 19 13 19
< RES 1637090718 49 3
> REQ 1637090718 50 3
> VAMPIRE 1 9 5 3 0 2 0
> VAMPIRE 3 17 11 3 0 2 0
> VAMPIRE 2 9 5 3 0 2 0
> VAMPIRE 4 7 9 3 0 2 0
> GRENADE 1 11 6 1 2
> GRENADE 2 11 6 1 2
> GRENADE 4 5 13 2 2
> GRENADE 3 17 7 3 2
> BAT1 17 3 3 5 17 5 1 7 9 7 11 7 19 7 19 9 7 11 13 11 19 11 7 13 9 13 11 13 13 13 5 15 7 15 3 17 5 17 9 17 11 17 7 19 9 19 11 19 13 19
< RES 1637090718 50 3
> REQ 1637090718 51 3
> VAMPIRE 1 9 6 3 1 2 0
> VAMPIRE 3 17 11 3 0 2 0
> VAMPIRE 2 9 6 3 1 2 0
> VAMPIRE 4 9 9 3 0 2 0
> GRENADE 4 5 13 1 2
> GRENADE 3 17 7 2 2
> BAT1 17 3 3 5 17 5 1 7 9 7 19 7 19 9 7 11 13 11 19 11 7 13 9 13 11 13 13 13 5 15 7 15 3 17 5 17 9 17 11 17 7 19 9 19 11 19 13 19
< RES 1637090718 51 3
> REQ 1637090718 52 3
> VAMPIRE 1 8 5 3 0 2 0
> VAMPIRE 3 17 11 3 0 2 0
> VAMPIRE 2 8 5 3 0 2 0
> VAMPIRE 4 9 11 3 1 2 0
> GRENADE 3 17 7 1 2
> GRENADE 1 9 6 5 2
> GRENADE 2 9 6 5 2
> BAT1 17 3 3 5 17 5 1 7 9 7 19 7 19 9 7 11 13 11 19 11 9 13 11 13 13 13 7 15 3 17 5 17 9 17 11 17 7 19 9 19 11 19 13 19
< RES 1637090718 52 3
< MOVE D
> REQ 1637090718 53 3
> VAMPIRE 1 7 5 3 0 2 0
> VAMPIRE 3 18 11 3 1 2 0
> VAMPIRE 2 7 5 3 0 2 0
> VAMPIRE 4 9 9 3 0 2 0
> GRENADE 1 9 6 4 2
> GRENADE 2 9 6 4 2
> GRENADE 4 9 11 5 2
> BAT1 17 3 3 5 1 7 9 7 19 9 7 11 13 11 19 11 9 13 11 13 13 13 7 15 3 17 5 17 9 17 11 17 7 19 9 19 11 19 13 19
< RES 1637090718 53 3
< GRENADE
< MOVE U L
> REQ 1637090718 54 3
> VAMPIRE 1 7 7 3 0 2 0
> VAMPIRE 3 17 10 3 0 2 0
> VAMPIRE 2 7 7 3 0 2 0
> VAMPIRE 4 7 9 3 0 2 0
> GRENADE 1 9 6 3 2
> GRENADE 2 9 6 3 2
> GRENADE 4 9 11 4 2
> GRENADE 3 18 11 5 2
> BAT1 17 3 3 5 1 7 9 7 19 9 7 11 13 11 19 11 9 13 11 13 13 13 7 15 3 17 5 17 9 17 11 17 7 19 9 19 11 19 13 19
< RES 1637090718 54 3
< MOVE L
> REQ 1637090718 55 3
> VAMPIRE 1 7 7 3 0 2 0
> VAMPIRE 3 17 9 3 0 2 0
> VAMPIRE 2 7 7 3 0 2 0
> VAMPIRE 4 7 9 3 0 2 0
> GRENADE 1 9 6 2 2
> GRENADE 2 9 6 2 2
> GRENADE 4 9 11 3 2
> GRENADE 3 18 11 4 2
> BAT1 17 3 3 5 1 7 9 7 19 9 7 11 13 11 19 11 9 13 11 13 13 13 7 15 3 17 5 17 9 17 11 17 7 19 9 19 11 19 13 19
< RES 1637090718 55 3
< MOVE U U
> REQ 1637090718 56 3
> VAMPIRE 1 5 7 3 0 2 0
> VAMPIRE 3 15 9 3 0 2 0
> VAMPIRE 2 5 7 3 0 2 0
> VAMPIRE 4 7 7 3 0 2 0
> GRENADE 1 9 6 1 2
> GRENADE 2 9 6 1 2
> GRENADE 4 9 11 2 2
> GRENADE 3 18 11 3 2
> BAT1 17 3 3 5 1 7 9 7 19 9 7 11 13 11 19 11 9 13 11 13 13 13 7 15 3 17 5 17 9 17 11 17 7 19 9 19 11 19 13 19
< RES 1637090718 56 3
< MOVE U U
> REQ 1637090718 57 3
> VAMPIRE 1 3 7 3 1 2 0
> VAMPIRE 3 13 9 3 0 2 0
> VAMPIRE 2 3 7 3 1 2 0
> VAMPIRE 4 5 7 3 0 2 0
> GRENADE 4 9 11 1 2
> GRENADE 3 18 11 2 2
> BAT1 17 3 3 5 1 7 19 9 7 11 13 11 19 11 9 13 11 13 13 13 7 15 3 17 5 17 9 17 11 17 7 19 9 19 11 19 13 19
< RES 1637090718 57 3
< MOVE U U
> REQ 1637090718 58 3
> VAMPIRE 1 5 7 3 0 2 0
> VAMPIRE 3 11 9 3 0 2 0
> VAMPIRE 2 5 7 3 0 2 0
> VAMPIRE 4 5 7 3 1 2 0
> GRENADE 3 18 11 1 2
> GRENADE 1 3 7 5 2
> GRENADE 2 3 7 5 2
> BAT1 17 3 3 5 1 7 19 9 13 11 19 11 11 13 13 13 7 15 3 17 5 17 9 17 11 17 7 19 9 19 11 19 13 19
< RES 1637090718 58 3
< MOVE R R
> REQ 1637090718 59 3
> VAMPIRE 1 5 5 3 0 2 0
> VAMPIRE 3 11 11 3 1 2 0
> VAMPIRE 2 5 5 3 0 2 0
> VAMPIRE 4 5 5 3 0 2 0
> GRENADE 1 3 7 4 2
> GRENADE 2 3 7 4 2
> GRENADE 4 5 7 5 2
> BAT1 17 3 3 5 1 7 19 9 13 11 11 13 13 13 7 15 3 17 5 17 9 17 11 17 7 19 9 19 11 19 13 19
< RES 1637090718 59 3
< GRENADE
< MOVE U U
> REQ 1637090718 60 3
> VAMPIRE 1 5 3 3 0 2 0
> VAMPIRE 3 9 11 3 0 2 0
> VAMPIRE 2 5 3 3 0 2 0
> VAMPIRE 4 5 3 3 0 2 0
> GRENADE 1 3 7 3 2
> GRENADE 2 3 7 3 2
> GRENADE 4 5 7 4 2
> GRENADE 3 11 11 5 2
> BAT1 17 3 3 5 1 7 19 9 13 11 11 13 13 13 7 15 3 17 5 17 9 17 11 17 7 19 9 19 11 19 13 19
< RES 1637090718 60 3
< MOVE R R
> REQ 1637090718 61 3
> VAMPIRE 1 3 3 3 0 2 0
> VAMPIRE 3 9 13 3 0 2 0
> VAMPIRE 2 3 3 3 0 2 0
> VAMPIRE 4 3 3 3 0 2 0
> GRENADE 1 3 7 2 2
> GRENADE 2 3 7 2 2
> GRENADE 4 5 7 3 2
> GRENADE 3 11 11 4 2
> BAT1 17 3 3 5 1 7 19 9 13 11 11 13 13 13 7 15 3 17 5 17 9 17 11 17 7 19 9 19 11 19 13 19
< RES 1637090718 61 3
> REQ 1637090718 62 3
> VAMPIRE 1 3 3 3 0 2 0
> VAMPIRE 3 9 13 3 0 2 0
> VAMPIRE 2 3 3 3 0 2 0
> VAMPIRE 4 3 3 3 0 2 0
> GRENADE 1 3 7 1 2
> GRENADE 2 3 7 1 2
> GRENADE 4 5 7 2 2
> GRENADE 3 11 11 3 2
> BAT1 17 3 3 5 1 7 19 9 13 11 11 13 13 13 7 15 3 17 5 17 9 17 11 17 7 19 9 19 11 19 13 19
< RES 1637090718 62 3
> REQ 1637090718 63 3
> VAMPIRE 1 5 3 3 1 2 0
> VAMPIRE 3 9 13 3 0 2 0
> VAMPIRE 2 5 3 3 1 2 0
> VAMPIRE 4 5 3 3 1 2 0
> GRENADE 3 11 11 2 2
> BAT1 17 3 19 9 13 11 11 13 13 13 7 15 3 17 5 17 9 17 11 17 7 19 9 19 11 19 13 19
< RES 1637090718 63 3
> REQ 1637090718 64 3
> VAMPIRE 1 7 3 3 1 2 0
> VAMPIRE 3 9 13 3 0 2 0
> VAMPIRE 2 7 3 3 1 2 0
> VAMPIRE 4 7 3 3 1 2 0
> GRENADE 3 11 11 1 2
> BAT1 17 3 19 9 13 11 11 13 13 13 7 15 3 17 5 17 9 17 11 17 7 19 9 19 11 19 13 19
< RES 1637090718 64 3
< MOVE R R
> REQ 1637090718 65 3
> VAMPIRE 1 9 3 3 1 2 0
> VAMPIRE 3 9 15 3 1 2 0
> VAMPIRE 2 9 3 3 1 2 0
> VAMPIRE 4 9 3 3 1 2 0
> BAT1 17 3 19 9 13 13 7 15 3 17 5 17 9 17 11 17 7 19 9 19 11 19 13 19
< RES 1637090718 65 3
< GRENADE
< MOVE D D
> REQ 1637090718 66 3
> VAMPIRE 1 11 3 3 1 2 0
> VAMPIRE 3 11 15 3 0 2 0
> VAMPIRE 2 11 3 3 1 2 0
> VAMPIRE 4 11 3 3 1 2 0
> GRENADE 3 9 15 5 2
> BAT1 17 3 19 9 13 13 7 15 3 17 5 17 9 17 11 17 7 19 9 19 11 19 13 19
< RES 1637090718 66 3
< MOVE D D
> REQ 1637090718 67 3
> VAMPIRE 1 13 3 3 1 2 0
> VAMPIRE 3 13 15 3 0 2 0
> VAMPIRE 2 13 3 3 1 2 0
> VAMPIRE 4 13 3 3 1 2 0
> GRENADE 3 9 15 4 2
> BAT1 17 3 19 9 13 13 7 15 3 17 5 17 9 17 11 17 7 19 9 19 11 19 13 19
< RES 1637090718 67 3
< MOVE R R
> REQ 1637090718 68 3
> VAMPIRE 1 15 3 3 1 2 0
> VAMPIRE 3 13 17 3 0 2 0
> VAMPIRE 2 15 3 3 1 2 0
> VAMPIRE 4 15 3 3 1 2 0
> GRENADE 3 9 15 3 2
> BAT1 17 3 19 9 13 13 7 15 3 17 5 17 9 17 11 17 7 19 9 19 11 19 13 19
< RES 1637090718 68 3
> REQ 1637090718 69 3
> VAMPIRE 1 15 5 3 0 2 0
> VAMPIRE 3 13 17 3 0 2 0
> VAMPIRE 2 15 5 3 0 2 0
> VAMPIRE 4 15 5 3 0 2 0
> GRENADE 3 9 15 2 2
> GRENADE 1 15 3 5 2
> GRENADE 2 15 3 5 2
> GRENADE 4 15 3 5 2
> BAT1 17 3 19 9 13 13 7 15 3 17 5 17 9 17 11 17 7 19 9 19 11 19 13 19
< RES 1637090718 69 3
> REQ 1637090718 70 3
> VAMPIRE 1 17 5 3 0 2 0
> VAMPIRE 3 13 17 3 0 2 0
> VAMPIRE 2 17 5 3 0 2 0
> VAMPIRE 4 17 5 3 0 2 0
> GRENADE 3 9 15 1 2
> GRENADE 1 15 3 4 2
> GRENADE 2 15 3 4 2
> GRENADE 4 15 3 4 2
> BAT1 17 3 19 9 13 13 7 15 3 17 5 17 9 17 11 17 7 19 9 19 11 19 13 19
< RES 1637090718 70 3
> REQ 1637090718 71 3
> VAMPIRE 1 17 5 3 0 2 0
> VAMPIRE 3 13 17 3 1 2 0
> VAMPIRE 2 17 5 3 0 2 0
> VAMPIRE 4 17 5 3 0 2 0
> GRENADE 1 15 3 3 2
> GRENADE 2 15 3 3 2
> GRENADE 4 15 3 3 2
> BAT1 17 3 19 9 13 13 3 17 5 17 11 17 7 19 9 19 11 19 13 19
< RES 1637090718 71 3
< GRENADE
< MOVE L L
> REQ 1637090718 72 3
> VAMPIRE 1 17 7 3 0 2 0
> VAMPIRE 3 13 15 3 0 2 0
> VAMPIRE 2 17 7 3 0 2 0
> VAMPIRE 4 17 7 3 0 2 0
> GRENADE 1 15 3 2 2
> GRENADE 2 15 3 2 2
> GRENADE 4 15 3 2 2
> GRENADE 3 13 17 5 2
> BAT1 17 3 19 9 13 13 3 17 5 17 11 17 7 19 9 19 11 19 13 19
< RES 1637090718 72 3
< MOVE U U
> REQ 1637090718 73 3
> VAMPIRE 1 17 9 3 0 2 0
> VAMPIRE 3 11 15 3 0 2 0
> VAMPIRE 2 17 9 3 0 2 0
> VAMPIRE 4 17 9 3 0 2 0
> GRENADE 1 15 3 1 2
> GRENADE 2 15 3 1 2
> GRENADE 4 15 3 1 2
> GRENADE 3 13 17 4 2
> BAT1 17 3 19 9 13 13 3 17 5 17 11 17 7 19 9 19 11 19 13 19
< RES 1637090718 73 3
> REQ 1637090718 74 3
> VAMPIRE 1 18 9 3 1 2 0
> VAMPIRE 3 11 15 3 0 2 0
> VAMPIRE 2 18 9 3 1 2 0
> VAMPIRE 4 18 9 3 1 2 0
> GRENADE 3 13 17 3 2
> BAT1 19 9 13 13 3 17 5 17 11 17 7 19 9 19 11 19 13 19
< RES 1637090718 74 3
< MOVE U U
> REQ 1637090718 75 3
> VAMPIRE 1 17 10 3 0 2 0
> VAMPIRE 3 9 15 3 0 2 0
> VAMPIRE 2 17 10 3 0 2 0
> VAMPIRE 4 17 10 3 0 2 0
> GRENADE 3 13 17 2 2
> GRENADE 1 18 9 5 2
> GRENADE 2 18 9 5 2
> GRENADE 4 18 9 5 2
> BAT1 19 9 13 13 3 17 5 17 11 17 7 19 9 19 11 19 13 19
< RES 1637090718 75 3
< MOVE U U
> REQ 1637090718 76 3
> VAMPIRE 1 17 11 3 0 2 0
> VAMPIRE 3 7 15 3 0 2 0
> VAMPIRE 2 17 11 3 0 2 0
> VAMPIRE 4 17 11 3 0 2 0
> GRENADE 3 13 17 1 2
> GRENADE 1 18 9 4 2
> GRENADE 2 18 9 4 2
> GRENADE 4 18 9 4 2
> BAT1 19 9 13 13 3 17 5 17 11 17 7 19 9 19 11 19 13 19
< RES 1637090718 76 3
< MOVE R R
> REQ 1637090718 77 3
> VAMPIRE 1 15 11 3 0 2 0
> VAMPIRE 3 7 17 3 1 2 0
> VAMPIRE 2 15 11 3 0 2 0
> VAMPIRE 4 15 11 3 0 2 0
> GRENADE 1 18 9 3 2
> GRENADE 2 18 9 3 2
> GRENADE 4 18 9 3 2
> BAT1 19 9 13 13 3 17 5 17 7 19 9 19 11 19
< RES 1637090718 77 3
< GRENADE
< MOVE D D
> REQ 1637090718 78 3
> VAMPIRE 1 13 11 3 0 2 0
> VAMPIRE 3 9 17 3 0 2 0
> VAMPIRE 2 13 11 3 0 2 0
> VAMPIRE 4 13 11 3 0 2 0
> GRENADE 1 18 9 2 2
> GRENADE 2 18 9 2 2
> GRENADE 4 18 9 2 2
> GRENADE 3 7 17 5 2
> BAT1 19 9 13 13 3 17 5 17 7 19 9 19 11 19
< RES 1637090718 78 3
< MOVE D D
> REQ 1637090718 79 3
> VAMPIRE 1 13 11 3 0 2 0
> VAMPIRE 3 11 17 3 0 2 0
> VAMPIRE 2 13 11 3 0 2 0
> VAMPIRE 4 13 11 3 0 2 0
> GRENADE 1 18 9 1 2
> GRENADE 2 18 9 1 2
> GRENADE 4 18 9 1 2
> GRENADE 3 7 17 4 2
> BAT1 19 9 13 13 3 17 5 17 7 19 9 19 11 19
< RES 1637090718 79 3
> REQ 1637090718 80 3
> VAMPIRE 1 13 12 3 1 2 0
> VAMPIRE 3 11 17 3 0 2 0
> VAMPIRE 2 13 12 3 1 2 0
> VAMPIRE 4 13 12 3 1 2 0
> GRENADE 3 7 17 3 2
> BAT1 13 13 3 17 5 17 7 19 9 19 11 19
< RES 1637090718 80 3
< MOVE D D
> REQ 1637090718 81 3
> VAMPIRE 1 12 11 3 0 2 0
> VAMPIRE 3 13 17 3 0 2 0
> VAMPIRE 2 12 11 3 0 2 0
> VAMPIRE 4 12 11 3 0 2 0
> GRENADE 3 7 17 2 2
> GRENADE 1 13 12 5 2
> GRENADE 2 13 12 5 2
> GRENADE 4 13 12 5 2
> BAT1 13 13 3 17 5 17 7 19 9 19 11 19
< RES 1637090718 81 3
< MOVE R R
> REQ 1637090718 82 3
> VAMPIRE 1 11 11 3 0 2 0
> VAMPIRE 3 13 19 3 0 2 0
> VAMPIRE 2 11 11 3 0 2 0
> VAMPIRE 4 11 11 3 0 2 0
> GRENADE 3 7 17 1 2
> GRENADE 1 13 12 4 2
> GRENADE 2 13 12 4 2
> GRENADE 4 13 12 4 2
> BAT1 13 13 3 17 5 17 7 19 9 19 11 19
< RES 1637090718 82 3
< MOVE U
> REQ 1637090718 83 3
> VAMPIRE 1 11 13 3 0 2 0
> VAMPIRE 3 12 19 3 1 2 0
> VAMPIRE 2 11 13 3 0 2 0
> VAMPIRE 4 11 13 3 0 2 0
> GRENADE 1 13 12 3 2
> GRENADE 2 13 12 3 2
> GRENADE 4 13 12 3 2
> BAT1 13 13 3 17 9 19 11 19
< RES 1637090718 83 3
< GRENADE
< MOVE D L
> REQ 1637090718 84 3
> VAMPIRE 1 9 13 3 0 2 0
> VAMPIRE 3 13 18 3 0 2 0
> VAMPIRE 2 9 13 3 0 2 0
> VAMPIRE 4 9 13 3 0 2 0
> GRENADE 1 13 12 2 2
> GRENADE 2 13 12 2 2
> GRENADE 4 13 12 2 2
> GRENADE 3 12 19 5 2
> BAT1 13 13 3 17 9 19 11 19
< RES 1637090718 84 3
< MOVE L
> REQ 1637090718 85 3
> VAMPIRE 1 9 15 3 0 2 0
> VAMPIRE 3 13 17 3 0 2 0
> VAMPIRE 2 9 15 3 0 2 0
> VAMPIRE 4 9 15 3 0 2 0
> GRENADE 1 13 12 1 2
> GRENADE 2 13 12 1 2
> GRENADE 4 13 12 1 2
> GRENADE 3 12 19 4 2
> BAT1 13 13 3 17 9 19 11 19
< RES 1637090718 85 3
< MOVE U U
> REQ 1637090718 86 3
> VAMPIRE 1 9 17 3 1 2 0
> VAMPIRE 3 11 17 3 0 2 0
> VAMPIRE 2 9 17 3 1 2 0
> VAMPIRE 4 9 17 3 1 2 0
> GRENADE 3 12 19 3 2
> BAT1 3 17 9 19 11 19
< RES 1637090718 86 3
> REQ 1637090718 87 3
> VAMPIRE 1 7 17 3 0 2 0
> VAMPIRE 3 11 17 3 0 2 0
> VAMPIRE 2 7 17 3 0 2 0
> VAMPIRE 4 7 17 3 0 2 0
> GRENADE 3 12 19 2 2
> GRENADE 1 9 17 5 2
> GRENADE 2 9 17 5 2
> GRENADE 4 9 17 5 2
> BAT1 3 17 9 19 11 19
< RES 1637090718 87 3
< MOVE D
> REQ 1637090718 88 3
> VAMPIRE 1 5 17 3 0 2 0
> VAMPIRE 3 12 17 3 0 2 0
> VAMPIRE 2 5 17 3 0 2 0
> VAMPIRE 4 5 17 3 0 2 0
> GRENADE 3 12 19 1 2
> GRENADE 1 9 17 4 2
> GRENADE 2 9 17 4 2
> GRENADE 4 9 17 4 2
> BAT1 3 17 9 19 11 19
< RES 1637090718 88 3
< MOVE U U
> REQ 1637090718 89 3
> VAMPIRE 1 5 17 3 0 2 0
> VAMPIRE 3 10 17 3 1 2 0
> VAMPIRE 2 5 17 3 0 2 0
> VAMPIRE 4 5 17 3 0 2 0
> GRENADE 1 9 17 3 2
> GRENADE 2 9 17 3 2
> GRENADE 4 9 17 3 2
> BAT1 3 17 9 19
< RES 1637090718 89 3
< GRENADE
< MOVE D L
> REQ 1637090718 90 3
> VAMPIRE 1 5 17 3 0 2 0
> VAMPIRE 3 11 16 3 0 2 0
> VAMPIRE 2 5 17 3 0 2 0
> VAMPIRE 4 5 17 3 0 2 0
> GRENADE 1 9 17 2 2
> GRENADE 2 9 17 2 2
> GRENADE 4 9 17 2 2
> GRENADE 3 10 17 5 2
> BAT1 3 17 9 19
< RES 1637090718 90 3
< MOVE L
> REQ 1637090718 91 3
> VAMPIRE 1 5 17 3 0 2 0
> VAMPIRE 3 11 15 3 0 2 0
> VAMPIRE 2 5 17 3 0 2 0
> VAMPIRE 4 5 17 3 0 2 0
> GRENADE 1 9 17 1 2
> GRENADE 2 9 17 1 2
> GRENADE 4 9 17 1 2
> GRENADE 3 10 17 4 2
> BAT1 3 17 9 19
< RES 1637090718 91 3
< MOVE U U
> REQ 1637090718 92 3
> VAMPIRE 1 5 17 3 1 2 0
> VAMPIRE 3 9 15 3 1 2 0
> VAMPIRE 2 5 17 3 1 2 0
> VAMPIRE 4 5 17 3 1 2 0
> BAT1 3 17
< RES 1637090718 92 3
< MOVE U U
> REQ 1637090718 93 3
> VAMPIRE 1 5 15 3 0 2 0
> VAMPIRE 3 7 15 3 1 2 0
> VAMPIRE 2 5 15 3 0 2 0
> VAMPIRE 4 5 15 3 0 2 0
> GRENADE 1 5 17 5 2
> GRENADE 2 5 17 5 2
> GRENADE 4 5 17 5 2
> BAT1 3 17
< RES 1637090718 93 3
< MOVE U U
> REQ 1637090718 94 3
> VAMPIRE 1 3 15 3 0 2 0
> VAMPIRE 3 5 15 3 1 2 0
> VAMPIRE 2 3 15 3 0 2 0
> VAMPIRE 4 3 15 3 0 2 0
> GRENADE 1 5 17 4 2
> GRENADE 2 5 17 4 2
> GRENADE 4 5 17 4 2
> BAT1 3 17
< RES 1637090718 94 3
< GRENADE
< MOVE U U
> REQ 1637090718 95 3
> VAMPIRE 1 3 15 3 0 2 0
> VAMPIRE 3 3 15 3 0 2 0
> VAMPIRE 2 3 15 3 0 2 0
> VAMPIRE 4 3 15 3 0 2 0
> GRENADE 1 5 17 3 2
> GRENADE 2 5 17 3 2
> GRENADE 4 5 17 3 2
> GRENADE 3 5 15 5 2
> BAT1 3 17
< RES 1637090718 95 3
< MOVE L L
> REQ 1637090718 96 3
> VAMPIRE 1 3 13 3 0 2 0
> VAMPIRE 3 3 13 3 0 2 0
> VAMPIRE 2 3 13 3 0 2 0
> VAMPIRE 4 3 13 3 0 2 0
> GRENADE 1 5 17 2 2
> GRENADE 2 5 17 2 2
> GRENADE 4 5 17 2 2
> GRENADE 3 5 15 4 2
> BAT1 3 17
< RES 1637090718 96 3
> REQ 1637090718 97 3
> VAMPIRE 1 3 13 3 0 2 0
> VAMPIRE 3 3 13 3 0 2 0
> VAMPIRE 2 3 13 3 0 2 0
> VAMPIRE 4 3 13 3 0 2 0
> GRENADE 1 5 17 1 2
> GRENADE 2 5 17 1 2
> GRENADE 4 5 17 1 2
> GRENADE 3 5 15 3 2
> BAT1 3 17
< RES 1637090718 97 3
> REQ 1637090718 98 3
> VAMPIRE 1 3 13 3 1 2 0
> VAMPIRE 3 3 13 3 1 2 0
> VAMPIRE 2 3 13 3 1 2 0
> VAMPIRE 4 3 13 3 1 2 0
< RES 1637090718 98 3
> REQ 1637090718 99 3
> VAMPIRE 1 3 13 3 1 2 0
> VAMPIRE 3 3 13 3 1 2 0
> VAMPIRE 2 3 13 3 1 2 0
> VAMPIRE 4 3 13 3 1 2 0
< RES 1637090718 99 3
> REQ 1637090718 100 3
> VAMPIRE 1 3 13 3 1 2 0
> VAMPIRE 3 3 13 3 1 2 0
> VAMPIRE 2 3 13 3 1 2 0
> VAMPIRE 4 3 13 3 1 2 0
< RES 1637090718 100 3
> REQ 1637090718 101 3
> VAMPIRE 1 3 13 3 1 2 0
> VAMPIRE 3 3 13 3 1 2 0
> VAMPIRE 2 3 13 3 1 2 0
> VAMPIRE 4 3 13 3 1 2 0
< RES 1637090718 101 3
> REQ 1637090718 102 3
> VAMPIRE 1 3 13 3 1 2 0
> VAMPIRE 3 3 13 3 1 2 0
> VAMPIRE 2 3 13 3 1 2 0
> VAMPIRE 4 3 13 3 1 2 0
< RES 1637090718 102 3
> REQ 1637090718 103 3
> VAMPIRE 1 3 13 3 1 2 0
> VAMPIRE 3 3 13 3 1 2 0
> VAMPIRE 2 3 13 3 1 2 0
> VAMPIRE 4 3 13 3 1 2 0
< RES 1637090718 103 3
> REQ 1637090718 104 3
> VAMPIRE 1 3 13 3 1 2 0
> VAMPIRE 3 3 13 3 1 2 0
> VAMPIRE 2 3 13 3 1 2 0
> VAMPIRE 4 3 13 3 1 2 0
< RES 1637090718 104 3
> REQ 1637090718 105 3
> VAMPIRE 1 3 13 3 1 2 0
> VAMPIRE 3 3 13 3 1 2 0
> VAMPIRE 2 3 13 3 1 2 0
> VAMPIRE 4 3 13 3 1 2 0
< RES 1637090718 105 3
> REQ 1637090718 106 3
> VAMPIRE 1 3 13 3 1 2 0
> VAMPIRE 3 3 13 3 1 2 0
> VAMPIRE 2 3 13 3 1 2 0
> VAMPIRE 4 3 13 3 1 2 0
< RES 1637090718 106 3
> REQ 1637090718 107 3
> VAMPIRE 1 3 13 3 1 2 0
> VAMPIRE 3 3 13 3 1 2 0
> VAMPIRE 2 3 13 3 1 2 0
> VAMPIRE 4 3 13 3 1 2 0
< RES 1637090718 107 3
> REQ 1637090718 108 3
> VAMPIRE 1 3 13 3 1 2 0
> VAMPIRE 3 3 13 3 1 2 0
> VAMPIRE 2 3 13 3 1 2 0
> VAMPIRE 4 3 13 3 1 2 0
< RES 1637090718 108 3
> REQ 1637090718 109 3
> VAMPIRE 1 3 13 3 1 2 0
> VAMPIRE 3 3 13 3 1 2 0
> VAMPIRE 2 3 13 3 1 2 0
> VAMPIRE 4 3 13 3 1 2 0
< RES 1637090718 109 3
> REQ 1637090718 110 3
> VAMPIRE 1 3 13 3 1 2 0
> VAMPIRE 3 3 13 3 1 2 0
> VAMPIRE 2 3 13 3 1 2 0
> VAMPIRE 4 3 13 3 1 2 0
< RES 1637090718 110 3
> REQ 1637090718 111 3
> VAMPIRE 1 3 13 3 1 2 0
> VAMPIRE 3 3 13 3 1 2 0
> VAMPIRE 2 3 13 3 1 2 0
> VAMPIRE 4 3 13 3 1 2 0
< RES 1637090718 111 3
> REQ 1637090718 112 3
> VAMPIRE 1 3 13 3 1 2 0
> VAMPIRE 3 3 13 3 1 2 0
> VAMPIRE 2 3 13 3 1 2 0
> VAMPIRE 4 3 13 3 1 2 0
< RES 1637090718 112 3
> REQ 1637090718 113 3
> VAMPIRE 1 3 13 3 1 2 0
> VAMPIRE 3 3 13 3 1 2 0
> VAMPIRE 2 3 13 3 1 2 0
> VAMPIRE 4 3 13 3 1 2 0
< RES 1637090718 113 3
> REQ 1637090718 114 3
> VAMPIRE 1 3 13 3 1 2 0
> VAMPIRE 3 3 13 3 1 2 0
> VAMPIRE 2 3 13 3 1 2 0
> VAMPIRE 4 3 13 3 1 2 0
< RES 1637090718 114 3
> REQ 1637090718 115 3
> VAMPIRE 1 3 13 3 1 2 0
> VAMPIRE 3 3 13 3 1 2 0
> VAMPIRE 2 3 13 3 1 2 0
> VAMPIRE 4 3 13 3 1 2 0
< RES 1637090718 115 3
> REQ 1637090718 116 3
> VAMPIRE 1 3 13 3 1 2 0
> VAMPIRE 3 3 13 3 1 2 0
> VAMPIRE 2 3 13 3 1 2 0
> VAMPIRE 4 3 13 3 1 2 0
< RES 1637090718 116 3
> REQ 1637090718 117 3
> VAMPIRE 1 3 13 3 1 2 0
> VAMPIRE 3 3 13 3 1 2 0
> VAMPIRE 2 3 13 3 1 2 0
> VAMPIRE 4 3 13 3 1 2 0
< RES 1637090718 117 3
> REQ 1637090718 118 3
> VAMPIRE 1 3 13 3 1 2 0
> VAMPIRE 3 3 13 3 1 2 0
> VAMPIRE 2 3 13 3 1 2 0
> VAMPIRE 4 3 13 3 1 2 0
< RES 1637090718 118 3
> REQ 1637090718 119 3
> VAMPIRE 1 3 13 3 1 2 0
> VAMPIRE 3 3 13 3 1 2 0
> VAMPIRE 2 3 13 3 1 2 0
> VAMPIRE 4 3 13 3 1 2 0
< RES 1637090718 119 3
> REQ 1637090718 120 3
> VAMPIRE 1 3 13 3 1 2 0
> VAMPIRE 3 3 13 3 1 2 0
> VAMPIRE 2 3 13 3 1 2 0
> VAMPIRE 4 3 13 3 1 2 0
< RES 1637090718 120 3
> REQ 1637090718 121 3
> VAMPIRE 1 3 13 3 1 2 0
> VAMPIRE 3 3 13 3 1 2 0
> VAMPIRE 2 3 13 3 1 2 0
> VAMPIRE 4 3 13 3 1 2 0
< RES 1637090718 121 3
> REQ 1637090718 122 3
> VAMPIRE 1 3 13 3 1 2 0
> VAMPIRE 3 3 13 3 1 2 0
> VAMPIRE 2 3 13 3 1 2 0
> VAMPIRE 4 3 13 3 1 2 0
< RES 1637090718 122 3
> REQ 1637090718 123 3
> VAMPIRE 1 3 13 3 1 2 0
> VAMPIRE 3 3 13 3 1 2 0
> VAMPIRE 2 3 13 3 1 2 0
> VAMPIRE 4 3 13 3 1 2 0
< RES 1637090718 123 3
> REQ 1637090718 124 3
> VAMPIRE 1 3 13 3 1 2 0
> VAMPIRE 3 3 13 3 1 2 0
> VAMPIRE 2 3 13 3 1 2 0
> VAMPIRE 4 3 13 3 1 2 0
< RES 1637090718 124 3
> REQ 1637090718 125 3
> VAMPIRE 1 3 13 3 1 2 0
> VAMPIRE 3 3 13 3 1 2 0
> VAMPIRE 2 3 13 3 1 2 0
> VAMPIRE 4 3 13 3 1 2 0
< RES 1637090718 125 3
> REQ 1637090718 126 3
> VAMPIRE 1 3 13 3 1 2 0
> VAMPIRE 3 3 13 3 1 2 0
> VAMPIRE 2 3 13 3 1 2 0
> VAMPIRE 4 3 13 3 1 2 0
< RES 1637090718 126 3
> REQ 1637090718 127 3
> VAMPIRE 1 3 13 3 1 2 0
> VAMPIRE 3 3 13 3 1 2 0
> VAMPIRE 2 3 13 3 1 2 0
> VAMPIRE 4 3 13 3 1 2 0
< RES 1637090718 127 3
> REQ 1637090718 128 3
> VAMPIRE 1 3 13 3 1 2 0
> VAMPIRE 3 3 13 3 1 2 0
> VAMPIRE 2 3 13 3 1 2 0
> VAMPIRE 4 3 13 3 1 2 0
< RES 1637090718 128 3
> REQ 1637090718 129 3
> VAMPIRE 1 3 13 3 1 2 0
> VAMPIRE 3 3 13 3 1 2 0
> VAMPIRE 2 3 13 3 1 2 0
> VAMPIRE 4 3 13 3 1 2 0
< RES 1637090718 129 3
> REQ 1637090718 130 3
> VAMPIRE 1 3 13 3 1 2 0
> VAMPIRE 3 3 13 3 1 2 0
> VAMPIRE 2 3 13 3 1 2 0
> VAMPIRE 4 3 13 3 1 2 0
< RES 1637090718 130 3
> REQ 1637090718 131 3
> VAMPIRE 1 3 13 3 1 2 0
> VAMPIRE 3 3 13 3 1 2 0
> VAMPIRE 2 3 13 3 1 2 0
> VAMPIRE 4 3 13 3 1 2 0
< RES 1637090718 131 3
> REQ 1637090718 132 3
> VAMPIRE 1 3 13 3 1 2 0
> VAMPIRE 3 3 13 3 1 2 0
> VAMPIRE 2 3 13 3 1 2 0
> VAMPIRE 4 3 13 3 1 2 0
< RES 1637090718 132 3
> REQ 1637090718 133 3
> VAMPIRE 1 3 13 3 1 2 0
> VAMPIRE 3 3 13 3 1 2 0
> VAMPIRE 2 3 13 3 1 2 0
> VAMPIRE 4 3 13 3 1 2 0
< RES 1637090718 133 3
> REQ 1637090718 134 3
> VAMPIRE 1 3 13 3 1 2 0
> VAMPIRE 3 3 13 3 1 2 0
> VAMPIRE 2 3 13 3 1 2 0
> VAMPIRE 4 3 13 3 1 2 0
< RES 1637090718 134 3
> REQ 1637090718 135 3
> VAMPIRE 1 3 13 3 1 2 0
> VAMPIRE 3 3 13 3 1 2 0
> VAMPIRE 2 3 13 3 1 2 0
> VAMPIRE 4 3 13 3 1 2 0
< RES 1637090718 135 3
> REQ 1637090718 136 3
> VAMPIRE 1 3 13 3 1 2 0
> VAMPIRE 3 3 13 3 1 2 0
> VAMPIRE 2 3 13 3 1 2 0
> VAMPIRE 4 3 13 3 1 2 0
< RES 1637090718 136 3
> REQ 1637090718 137 3
> VAMPIRE 1 3 13 3 1 2 0
> VAMPIRE 3 3 13 3 1 2 0
> VAMPIRE 2 3 13 3 1 2 0
> VAMPIRE 4 3 13 3 1 2 0
< RES 1637090718 137 3
> REQ 1637090718 138 3
> VAMPIRE 1 3 13 3 1 2 0
> VAMPIRE 3 3 13 3 1 2 0
> VAMPIRE 2 3 13 3 1 2 0
> VAMPIRE 4 3 13 3 1 2 0
< RES 1637090718 138 3
> REQ 1637090718 139 3
> VAMPIRE 1 3 13 3 1 2 0
> VAMPIRE 3 3 13 3 1 2 0
> VAMPIRE 2 3 13 3 1 2 0
> VAMPIRE 4 3 13 3 1 2 0
< RES 1637090718 139 3
> REQ 1637090718 140 3
> VAMPIRE 1 3 13 3 1 2 0
> VAMPIRE 3 3 13 3 1 2 0
> VAMPIRE 2 3 13 3 1 2 0
> VAMPIRE 4 3 13 3 1 2 0
< RES 1637090718 140 3
> REQ 1637090718 141 3
> VAMPIRE 1 3 13 3 1 2 0
> VAMPIRE 3 3 13 3 1 2 0
> VAMPIRE 2 3 13 3 1 2 0
> VAMPIRE 4 3 13 3 1 2 0
< RES 1637090718 141 3
> REQ 1637090718 142 3
> VAMPIRE 1 3 13 3 1 2 0
> VAMPIRE 3 3 13 3 1 2 0
> VAMPIRE 2 3 13 3 1 2 0
> VAMPIRE 4 3 13 3 1 2 0
< RES 1637090718 142 3
> REQ 1637090718 143 3
> VAMPIRE 1 3 13 3 1 2 0
> VAMPIRE 3 3 13 3 1 2 0
> VAMPIRE 2 3 13 3 1 2 0
> VAMPIRE 4 3 13 3 1 2 0
< RES 1637090718 143 3
> REQ 1637090718 144 3
> VAMPIRE 1 3 13 3 1 2 0
> VAMPIRE 3 3 13 3 1 2 0
> VAMPIRE 2 3 13 3 1 2 0
> VAMPIRE 4 3 13 3 1 2 0
< RES 1637090718 144 3
> REQ 1637090718 145 3
> VAMPIRE 1 3 13 3 1 2 0
> VAMPIRE 3 3 13 3 1 2 0
> VAMPIRE 2 3 13 3 1 2 0
> VAMPIRE 4 3 13 3 1 2 0
< RES 1637090718 145 3
> REQ 1637090718 146 3
> VAMPIRE 1 3 13 3 1 2 0
> VAMPIRE 3 3 13 3 1 2 0
> VAMPIRE 2 3 13 3 1 2 0
> VAMPIRE 4 3 13 3 1 2 0
< RES 1637090718 146 3
> REQ 1637090718 147 3
> VAMPIRE 1 3 13 3 1 2 0
> VAMPIRE 3 3 13 3 1 2 0
> VAMPIRE 2 3 13 3 1 2 0
> VAMPIRE 4 3 13 3 1 2 0
< RES 1637090718 147 3
> REQ 1637090718 148 3
> VAMPIRE 1 3 13 3 1 2 0
> VAMPIRE 3 3 13 3 1 2 0
> VAMPIRE 2 3 13 3 1 2 0
> VAMPIRE 4 3 13 3 1 2 0
> POWERUP GRENADE -4 1 13
> POWERUP GRENADE -4 19 7
< RES 1637090718 148 3
< MOVE U U
> REQ 1637090718 149 3
> VAMPIRE 1 1 13 3 1 2 0
> VAMPIRE 3 1 13 3 1 2 0
> VAMPIRE 2 1 13 3 1 2 0
> VAMPIRE 4 1 13 3 1 2 0
> POWERUP GRENADE -3 1 13
> POWERUP GRENADE -3 19 7
< RES 1637090718 149 3
> REQ 1637090718 150 3
> VAMPIRE 1 1 13 3 1 2 0
> VAMPIRE 3 1 13 3 1 2 0
> VAMPIRE 2 1 13 3 1 2 0
> VAMPIRE 4 1 13 3 1 2 0
> POWERUP GRENADE -2 1 13
> POWERUP GRENADE -2 19 7
< RES 1637090718 150 3
> REQ 1637090718 151 3
> VAMPIRE 1 1 13 3 1 2 0
> VAMPIRE 3 1 13 3 1 2 0
> VAMPIRE 2 1 13 3 1 2 0
> VAMPIRE 4 1 13 3 1 2 0
> POWERUP GRENADE -1 1 13
> POWERUP GRENADE -1 19 7
< RES 1637090718 151 3
< MOVE D D
> REQ 1637090718 152 3
> VAMPIRE 1 3 13 3 2 2 0
> VAMPIRE 3 3 13 3 2 2 0
> VAMPIRE 2 3 13 3 2 2 0
> VAMPIRE 4 3 13 3 2 2 0
> POWERUP GRENADE 18 19 7
< RES 1637090718 152 3
< MOVE D D
> REQ 1637090718 153 3
> VAMPIRE 1 5 13 3 2 2 0
> VAMPIRE 3 5 13 3 2 2 0
> VAMPIRE 2 5 13 3 2 2 0
> VAMPIRE 4 5 13 3 2 2 0
> POWERUP GRENADE 17 19 7
< RES 1637090718 153 3
< MOVE D D
> REQ 1637090718 154 3
> VAMPIRE 1 7 13 3 2 2 0
> VAMPIRE 3 7 13 3 2 2 0
> VAMPIRE 2 7 13 3 2 2 0
> VAMPIRE 4 7 13 3 2 2 0
> POWERUP GRENADE 16 19 7
< RES 1637090718 154 3
< MOVE D D
> REQ 1637090718 155 3
> VAMPIRE 1 9 13 3 2 2 0
> VAMPIRE 3 9 13 3 2 2 0
> VAMPIRE 2 9 13 3 2 2 0
> VAMPIRE 4 9 13 3 2 2 0
> POWERUP GRENADE 15 19 7
< RES 1637090718 155 3
< MOVE D D
> REQ 1637090718 156 3
> VAMPIRE 1 11 13 3 2 2 0
> VAMPIRE 3 11 13 3 2 2 0
> VAMPIRE 2 11 13 3 2 2 0
> VAMPIRE 4 11 13 3 2 2 0
> POWERUP GRENADE 14 19 7
< RES 1637090718 156 3
< MOVE D D
> REQ 1637090718 157 3
> VAMPIRE 1 13 13 3 2 2 0
> VAMPIRE 3 13 13 3 2 2 0
> VAMPIRE 2 13 13 3 2 2 0
> VAMPIRE 4 13 13 3 2 2 0
> POWERUP GRENADE 13 19 7
< RES 1637090718 157 3
< MOVE D D
> REQ 1637090718 158 3
> VAMPIRE 1 15 13 3 2 2 0
> VAMPIRE 3 15 13 3 2 2 0
> VAMPIRE 2 15 13 3 2 2 0
> VAMPIRE 4 15 13 3 2 2 0
> POWERUP GRENADE 12 19 7
< RES 1637090718 158 3
< MOVE D D
> REQ 1637090718 159 3
> VAMPIRE 1 17 13 3 2 2 0
> VAMPIRE 3 17 13 3 2 2 0
> VAMPIRE 2 17 13 3 2 2 0
> VAMPIRE 4 17 13 3 2 2 0
> POWERUP GRENADE 11 19 7
< RES 1637090718 159 3
< MOVE D D
> REQ 1637090718 160 3
> VAMPIRE 1 19 13 3 2 2 0
> VAMPIRE 3 19 13 3 2 2 0
> VAMPIRE 2 19 13 3 2 2 0
> VAMPIRE 4 19 13 3 2 2 0
> POWERUP GRENADE 10 19 7
< RES 1637090718 160 3
< MOVE L L
> REQ 1637090718 161 3
> VAMPIRE 1 19 11 3 2 2 0
> VAMPIRE 3 19 11 3 2 2 0
> VAMPIRE 2 19 11 3 2 2 0
> VAMPIRE 4 19 11 3 2 2 0
> POWERUP GRENADE 9 19 7
< RES 1637090718 161 3
< MOVE L L
> REQ 1637090718 162 3
> VAMPIRE 1 19 9 3 2 2 0
> VAMPIRE 3 19 9 3 2 2 0
> VAMPIRE 2 19 9 3 2 2 0
> VAMPIRE 4 19 9 3 2 2 0
> POWERUP GRENADE 8 19 7
< RES 1637090718 162 3
< MOVE L L
> REQ 1637090718 163 3
> VAMPIRE 1 19 7 3 2 2 0
> VAMPIRE 3 19 7 3 2 2 0
> VAMPIRE 2 19 7 3 2 2 0
> VAMPIRE 4 19 7 3 2 2 0
> POWERUP GRENADE 7 19 7
< RES 1637090718 163 3
< MOVE U U
> REQ 1637090718 164 3
> VAMPIRE 1 17 7 3 3 2 0
> VAMPIRE 3 17 7 3 3 2 0
> VAMPIRE 2 17 7 3 3 2 0
> VAMPIRE 4 17 7 3 3 2 0
< RES 1637090718 164 3
< MOVE R R
> REQ 1637090718 165 3
> VAMPIRE 1 17 9 3 3 2 0
> VAMPIRE 3 17 9 3 3 2 0
> VAMPIRE 2 17 9 3 3 2 0
> VAMPIRE 4 17 9 3 3 2 0
< RES 1637090718 165 3
< MOVE U U
> REQ 1637090718 166 3
> VAMPIRE 1 15 9 3 3 2 0
> VAMPIRE 3 15 9 3 3 2 0
> VAMPIRE 2 15 9 3 3 2 0
> VAMPIRE 4 15 9 3 3 2 0
< RES 1637090718 166 3
< MOVE U U
> REQ 1637090718 167 3
> VAMPIRE 1 13 9 3 3 2 0
> VAMPIRE 3 13 9 3 3 2 0
> VAMPIRE 2 13 9 3 3 2 0
> VAMPIRE 4 13 9 3 3 2 0
< RES 1637090718 167 3
< MOVE U U
> REQ 1637090718 168 3
> VAMPIRE 1 11 9 3 3 2 0
> VAMPIRE 3 11 9 3 3 2 0
> VAMPIRE 2 11 9 3 3 2 0
> VAMPIRE 4 11 9 3 3 2 0
< RES 1637090718 168 3
> REQ 1637090718 169 3
> VAMPIRE 1 11 9 3 3 2 0
> VAMPIRE 3 11 9 3 3 2 0
> VAMPIRE 2 11 9 3 3 2 0
> VAMPIRE 4 11 9 3 3 2 0
< RES 1637090718 169 3
> REQ 1637090718 170 3
> VAMPIRE 1 11 9 3 3 2 0
> VAMPIRE 3 11 9 3 3 2 0
> VAMPIRE 2 11 9 3 3 2 0
> VAMPIRE 4 11 9 3 3 2 0
< RES 1637090718 170 3
> REQ 1637090718 171 3
> VAMPIRE 1 11 9 3 3 2 0
> VAMPIRE 3 11 9 3 3 2 0
> VAMPIRE 2 11 9 3 3 2 0
> VAMPIRE 4 11 9 3 3 2 0
< RES 1637090718 171 3
> REQ 1637090718 172 3
> VAMPIRE 1 11 9 3 3 2 0
> VAMPIRE 3 11 9 3 3 2 0
> VAMPIRE 2 11 9 3 3 2 0
> VAMPIRE 4 11 9 3 3 2 0
< RES 1637090718 172 3
> REQ 1637090718 173 3
> VAMPIRE 1 11 9 3 3 2 0
> VAMPIRE 3 11 9 3 3 2 0
> VAMPIRE 2 11 9 3 3 2 0
> VAMPIRE 4 11 9 3 3 2 0
< RES 1637090718 173 3
> REQ 1637090718 174 3
> VAMPIRE 1 11 9 3 3 2 0
> VAMPIRE 3 11 9 3 3 2 0
> VAMPIRE 2 11 9 3 3 2 0
> VAMPIRE 4 11 9 3 3 2 0
< RES 1637090718 174 3
> REQ 1637090718 175 3
> VAMPIRE 1 11 9 3 3 2 0
> VAMPIRE 3 11 9 3 3 2 0
> VAMPIRE 2 11 9 3 3 2 0
> VAMPIRE 4 11 9 3 3 2 0
< RES 1637090718 175 3
> REQ 1637090718 176 3
> VAMPIRE 1 11 9 3 3 2 0
> VAMPIRE 3 11 9 3 3 2 0
> VAMPIRE 2 11 9 3 3 2 0
> VAMPIRE 4 11 9 3 3 2 0
< RES 1637090718 176 3
> REQ 1637090718 177 3
> VAMPIRE 1 11 9 3 3 2 0
> VAMPIRE 3 11 9 3 3 2 0
> VAMPIRE 2 11 9 3 3 2 0
> VAMPIRE 4 11 9 3 3 2 0
< RES 1637090718 177 3
> REQ 1637090718 178 3
> VAMPIRE 1 11 9 3 3 2 0
> VAMPIRE 3 11 9 3 3 2 0
> VAMPIRE 2 11 9 3 3 2 0
> VAMPIRE 4 11 9 3 3 2 0
> POWERUP BATTERY -8 3 2
> POWERUP BATTERY -8 17 18
< RES 1637090718 178 3
< MOVE U U
> REQ 1637090718 179 3
> VAMPIRE 1 9 9 3 3 2 0
> VAMPIRE 3 9 9 3 3 2 0
> VAMPIRE 2 9 9 3 3 2 0
> VAMPIRE 4 9 9 3 3 2 0
> POWERUP BATTERY -7 3 2
> POWERUP BATTERY -7 17 18
< RES 1637090718 179 3
< MOVE U U
> REQ 1637090718 180 3
> VAMPIRE 1 7 9 3 3 2 0
> VAMPIRE 3 7 9 3 3 2 0
> VAMPIRE 2 7 9 3 3 2 0
> VAMPIRE 4 7 9 3 3 2 0
> POWERUP BATTERY -6 3 2
> POWERUP BATTERY -6 17 18
< RES 1637090718 180 3
< MOVE U U
> REQ 1637090718 181 3
> VAMPIRE 1 5 9 3 3 2 0
> VAMPIRE 3 5 9 3 3 2 0
> VAMPIRE 2 5 9 3 3 2 0
> VAMPIRE 4 5 9 3 3 2 0
> POWERUP BATTERY -5 3 2
> POWERUP BATTERY -5 17 18
< RES 1637090718 181 3
< MOVE U U
> REQ 1637090718 182 3
> VAMPIRE 1 3 9 3 3 2 0
> VAMPIRE 3 3 9 3 3 2 0
> VAMPIRE 2 3 9 3 3 2 0
> VAMPIRE 4 3 9 3 3 2 0
> POWERUP BATTERY -4 3 2
> POWERUP BATTERY -4 17 18
< RES 1637090718 182 3
< MOVE L L
> REQ 1637090718 183 3
> VAMPIRE 1 3 7 3 3 2 0
> VAMPIRE 3 3 7 3 3 2 0
> VAMPIRE 2 3 7 3 3 2 0
> VAMPIRE 4 3 7 3 3 2 0
> POWERUP BATTERY -3 3 2
> POWERUP BATTERY -3 17 18
< RES 1637090718 183 3
< MOVE L L
> REQ 1637090718 184 3
> VAMPIRE 1 3 5 3 3 2 0
> VAMPIRE 3 3 5 3 3 2 0
> VAMPIRE 2 3 5 3 3 2 0
> VAMPIRE 4 3 5 3 3 2 0
> POWERUP BATTERY -2 3 2
> POWERUP BATTERY -2 17 18
< RES 1637090718 184 3
< MOVE L L
> REQ 1637090718 185 3
> VAMPIRE 1 3 3 3 3 2 0
> VAMPIRE 3 3 3 3 3 2 0
> VAMPIRE 2 3 3 3 3 2 0
> VAMPIRE 4 3 3 3 3 2 0
> POWERUP BATTERY -1 3 2
> POWERUP BATTERY -1 17 18
< RES 1637090718 185 3
< GRENADE
< MOVE L L
> REQ 1637090718 186 3
> VAMPIRE 1 3 1 3 2 2 0
> VAMPIRE 3 3 1 3 2 2 0
> VAMPIRE 2 3 1 3 2 2 0
> VAMPIRE 4 3 1 3 2 2 0
> GRENADE 1 3 3 5 2
> GRENADE 3 3 3 5 2
> GRENADE 2 3 3 5 2
> GRENADE 4 3 3 5 2
> POWERUP BATTERY 14 3 2
> POWERUP BATTERY 14 17 18
< RES 1637090718 186 3
< MOVE R
> REQ 1637090718 187 3
> VAMPIRE 1 3 2 3 2 2 0
> VAMPIRE 3 3 2 3 2 2 0
> VAMPIRE 2 3 2 3 2 2 0
> VAMPIRE 4 3 2 3 2 2 0
> GRENADE 1 3 3 4 2
> GRENADE 3 3 3 4 2
> GRENADE 2 3 3 4 2
> GRENADE 4 3 3 4 2
> POWERUP BATTERY 13 3 2
> POWERUP BATTERY 13 17 18
< RES 1637090718 187 3
< MOVE L D
> REQ 1637090718 188 3
> VAMPIRE 1 4 1 3 2 3 0
> VAMPIRE 3 4 1 3 2 3 0
> VAMPIRE 2 4 1 3 2 3 0
> VAMPIRE 4 4 1 3 2 3 0
> GRENADE 1 3 3 3 2
> GRENADE 3 3 3 3 2
> GRENADE 2 3 3 3 2
> GRENADE 4 3 3 3 2
> POWERUP BATTERY 12 17 18
< RES 1637090718 188 3
< MOVE D
> REQ 1637090718 189 3
> VAMPIRE 1 5 1 3 2 3 0
> VAMPIRE 3 5 1 3 2 3 0
> VAMPIRE 2 5 1 3 2 3 0
> VAMPIRE 4 5 1 3 2 3 0
> GRENADE 1 3 3 2 2
> GRENADE 3 3 3 2 2
> GRENADE 2 3 3 2 2
> GRENADE 4 3 3 2 2
> POWERUP BATTERY 11 17 18
< RES 1637090718 189 3
< MOVE D D
> REQ 1637090718 190 3
> VAMPIRE 1 7 1 3 2 3 0
> VAMPIRE 3 7 1 3 2 3 0
> VAMPIRE 2 7 1 3 2 3 0
> VAMPIRE 4 7 1 3 2 3 0
> GRENADE 1 3 3 1 2
> GRENADE 3 3 3 1 2
> GRENADE 2 3 3 1 2
> GRENADE 4 3 3 1 2
> POWERUP BATTERY 10 17 18
< RES 1637090718 190 3
< MOVE R R
> REQ 1637090718 191 3
> VAMPIRE 1 7 3 3 3 3 0
> VAMPIRE 3 7 3 3 3 3 0
> VAMPIRE 2 7 3 3 3 3 0
> VAMPIRE 4 7 3 3 3 3 0
> POWERUP BATTERY 9 17 18
< RES 1637090718 191 3
< MOVE R R
> REQ 1637090718 192 3
> VAMPIRE 1 7 5 3 3 3 0
> VAMPIRE 3 7 5 3 3 3 0
> VAMPIRE 2 7 5 3 3 3 0
> VAMPIRE 4 7 5 3 3 3 0
> POWERUP BATTERY 8 17 18
< RES 1637090718 192 3
< MOVE R R
> REQ 1637090718 193 3
> VAMPIRE 1 7 7 3 3 3 0
> VAMPIRE 3 7 7 3 3 3 0
> VAMPIRE 2 7 7 3 3 3 0
> VAMPIRE 4 7 7 3 3 3 0
> POWERUP BATTERY 7 17 18
< RES 1637090718 193 3
< MOVE R R
> REQ 1637090718 194 3
> VAMPIRE 1 7 9 3 3 3 0
> VAMPIRE 3 7 9 3 3 3 0
> VAMPIRE 2 7 9 3 3 3 0
> VAMPIRE 4 7 9 3 3 3 0
> POWERUP BATTERY 6 17 18
< RES 1637090718 194 3
< MOVE D D
> REQ 1637090718 195 3
> VAMPIRE 1 9 9 3 3 3 0
> VAMPIRE 3 9 9 3 3 3 0
> VAMPIRE 2 9 9 3 3 3 0
> VAMPIRE 4 9 9 3 3 3 0
> POWERUP BATTERY 5 17 18
< RES 1637090718 195 3
< MOVE R R
> REQ 1637090718 196 3
> VAMPIRE 1 9 11 3 3 3 0
> VAMPIRE 3 9 11 3 3 3 0
> VAMPIRE 2 9 11 3 3 3 0
> VAMPIRE 4 9 11 3 3 3 0
> POWERUP BATTERY 4 17 18
< RES 1637090718 196 3
< MOVE D D
> REQ 1637090718 197 3
> VAMPIRE 1 11 11 3 3 3 0
> VAMPIRE 3 11 11 3 3 3 0
> VAMPIRE 2 11 11 3 3 3 0
> VAMPIRE 4 11 11 3 3 3 0
> POWERUP BATTERY 3 17 18
< RES 1637090718 197 3
< MOVE U U
> REQ 1637090718 198 3
> VAMPIRE 1 9 11 3 3 3 0
> VAMPIRE 3 9 11 3 3 3 0
> VAMPIRE 2 9 11 3 3 3 0
> VAMPIRE 4 9 11 3 3 3 0
> POWERUP BATTERY 2 17 18
< RES 1637090718 198 3
< MOVE D D
> REQ 1637090718 199 3
> VAMPIRE 1 11 11 3 3 3 0
> VAMPIRE 3 11 11 3 3 3 0
> VAMPIRE 2 11 11 3 3 3 0
> VAMPIRE 4 11 11 3 3 3 0
> POWERUP BATTERY 1 17 18
< RES 1637090718 199 3
< MOVE U U
> REQ 1637090718 200 3
> VAMPIRE 1 9 11 3 3 3 0
> VAMPIRE 3 9 11 3 3 3 0
> VAMPIRE 2 9 11 3 3 3 0
> VAMPIRE 4 9 11 3 3 3 0
< RES 1637090718 200 3
< MOVE D D
> REQ 1637090718 201 3
> VAMPIRE 1 11 11 3 3 3 0
> VAMPIRE 3 11 11 3 3 3 0
> VAMPIRE 2 11 11 3 3 3 0
> VAMPIRE 4 11 11 3 3 3 0
< RES 1637090718 201 3
< MOVE U U
> REQ 1637090718 202 3
> VAMPIRE 1 9 11 3 3 3 0
> VAMPIRE 3 9 11 3 3 3 0
> VAMPIRE 2 9 11 3 3 3 0
> VAMPIRE 4 9 11 3 3 3 0
< RES 1637090718 202 3
< MOVE D D
> REQ 1637090718 203 3
> VAMPIRE 1 11 11 3 3 3 0
> VAMPIRE 3 11 11 3 3 3 0
> VAMPIRE 2 11 11 3 3 3 0
> VAMPIRE 4 11 11 3 3 3 0
< RES 1637090718 203 3
< MOVE U U
> REQ 1637090718 204 3
> VAMPIRE 1 9 11 3 3 3 0
> VAMPIRE 3 9 11 3 3 3 0
> VAMPIRE 2 9 11 3 3 3 0
> VAMPIRE 4 9 11 3 3 3 0
< RES 1637090718 204 3
< MOVE D D
> REQ 1637090718 205 3
> VAMPIRE 1 11 11 3 3 3 0
> VAMPIRE 3 11 11 3 3 3 0
> VAMPIRE 2 11 11 3 3 3 0
> VAMPIRE 4 11 11 3 3 3 0
< RES 1637090718 205 3
< MOVE U U
> REQ 1637090718 206 3
> VAMPIRE 1 9 11 3 3 3 0
> VAMPIRE 3 9 11 3 3 3 0
> VAMPIRE 2 9 11 3 3 3 0
> VAMPIRE 4 9 11 3 3 3 0
< RES 1637090718 206 3
< MOVE D D
> REQ 1637090718 207 3
> VAMPIRE 1 11 11 3 3 3 0
> VAMPIRE 3 11 11 3 3 3 0
> VAMPIRE 2 11 11 3 3 3 0
> VAMPIRE 4 11 11 3 3 3 0
< RES 1637090718 207 3
< MOVE U U
> REQ 1637090718 208 3
> VAMPIRE 1 9 11 3 3 3 0
> VAMPIRE 3 9 11 3 3 3 0
> VAMPIRE 2 9 11 3 3 3 0
> VAMPIRE 4 9 11 3 3 3 0
< RES 1637090718 208 3
< MOVE D D
> REQ 1637090718 209 3
> VAMPIRE 1 11 11 3 3 3 0
> VAMPIRE 3 11 11 3 3 3 0
> VAMPIRE 2 11 11 3 3 3 0
> VAMPIRE 4 11 11 3 3 3 0
< RES 1637090718 209 3
< MOVE U U
> REQ 1637090718 210 3
> VAMPIRE 1 9 11 3 3 3 0
> VAMPIRE 3 9 11 3 3 3 0
> VAMPIRE 2 9 11 3 3 3 0
> VAMPIRE 4 9 11 3 3 3 0
< RES 1637090718 210 3
< MOVE D D
> REQ 1637090718 211 3
> VAMPIRE 1 11 11 3 3 3 0
> VAMPIRE 3 11 11 3 3 3 0
> VAMPIRE 2 11 11 3 3 3 0
> VAMPIRE 4 11 11 3 3 3 0
< RES 1637090718 211 3
< MOVE U U
> REQ 1637090718 212 3
> VAMPIRE 1 9 11 3 3 3 0
> VAMPIRE 3 9 11 3 3 3 0
> VAMPIRE 2 9 11 3 3 3 0
> VAMPIRE 4 9 11 3 3 3 0
< RES 1637090718 212 3
< MOVE D D
> REQ 1637090718 213 3
> VAMPIRE 1 11 11 3 3 3 0
> VAMPIRE 3 11 11 3 3 3 0
> VAMPIRE 2 11 11 3 3 3 0
> VAMPIRE 4 11 11 3 3 3 0
< RES 1637090718 213 3
< MOVE U U
> REQ 1637090718 214 3
> VAMPIRE 1 9 11 3 3 3 0
> VAMPIRE 3 9 11 3 3 3 0
> VAMPIRE 2 9 11 3 3 3 0
> VAMPIRE 4 9 11 3 3 3 0
< RES 1637090718 214 3
< MOVE D D
> REQ 1637090718 215 3
> VAMPIRE 1 11 11 3 3 3 0
> VAMPIRE 3 11 11 3 3 3 0
> VAMPIRE 2 11 11 3 3 3 0
> VAMPIRE 4 11 11 3 3 3 0
< RES 1637090718 215 3
< MOVE U U
> REQ 1637090718 216 3
> VAMPIRE 1 9 11 3 3 3 0
> VAMPIRE 3 9 11 3 3 3 0
> VAMPIRE 2 9 11 3 3 3 0
> VAMPIRE 4 9 11 3 3 3 0
< RES 1637090718 216 3
< MOVE D D
> REQ 1637090718 217 3
> VAMPIRE 1 11 11 3 3 3 0
> VAMPIRE 3 11 11 3 3 3 0
> VAMPIRE 2 11 11 3 3 3 0
> VAMPIRE 4 11 11 3 3 3 0
> POWERUP BATTERY -7 1 4
> POWERUP BATTERY -7 19 16
< RES 1637090718 217 3
< MOVE R R
> REQ 1637090718 218 3
> VAMPIRE 1 11 13 3 3 3 0
> VAMPIRE 3 11 13 3 3 3 0
> VAMPIRE 2 11 13 3 3 3 0
> VAMPIRE 4 11 13 3 3 3 0
> POWERUP BATTERY -6 1 4
> POWERUP BATTERY -6 19 16
< RES 1637090718 218 3
< MOVE R R
> REQ 1637090718 219 3
> VAMPIRE 1 11 15 3 3 3 0
> VAMPIRE 3 11 15 3 3 3 0
> VAMPIRE 2 11 15 3 3 3 0
> VAMPIRE 4 11 15 3 3 3 0
> POWERUP BATTERY -5 1 4
> POWERUP BATTERY -5 19 16
< RES 1637090718 219 3
< MOVE D D
> REQ 1637090718 220 3
> VAMPIRE 1 13 15 3 3 3 0
> VAMPIRE 3 13 15 3 3 3 0
> VAMPIRE 2 13 15 3 3 3 0
> VAMPIRE 4 13 15 3 3 3 0
> POWERUP BATTERY -4 1 4
> POWERUP BATTERY -4 19 16
< RES 1637090718 220 3
< MOVE D D
> REQ 1637090718 221 3
> VAMPIRE 1 15 15 3 3 3 0
> VAMPIRE 3 15 15 3 3 3 0
> VAMPIRE 2 15 15 3 3 3 0
> VAMPIRE 4 15 15 3 3 3 0
> POWERUP BATTERY -3 1 4
> POWERUP BATTERY -3 19 16
< RES 1637090718 221 3
< MOVE D D
> REQ 1637090718 222 3
> VAMPIRE 1 17 15 3 3 3 0
> VAMPIRE 3 17 15 3 3 3 0
> VAMPIRE 2 17 15 3 3 3 0
> VAMPIRE 4 17 15 3 3 3 0
> POWERUP BATTERY -2 1 4
> POWERUP BATTERY -2 19 16
< RES 1637090718 222 3
< MOVE D D
> REQ 1637090718 223 3
> VAMPIRE 1 19 15 3 3 3 0
> VAMPIRE 3 19 15 3 3 3 0
> VAMPIRE 2 19 15 3 3 3 0
> VAMPIRE 4 19 15 3 3 3 0
> POWERUP BATTERY -1 1 4
> POWERUP BATTERY -1 19 16
< RES 1637090718 223 3
< MOVE R
> REQ 1637090718 224 3
> VAMPIRE 1 19 16 3 3 3 0
> VAMPIRE 3 19 16 3 3 3 0
> VAMPIRE 2 19 16 3 3 3 0
> VAMPIRE 4 19 17 3 2 3 0
> GRENADE 4 19 15 5 3
> POWERUP BATTERY 14 1 4
> POWERUP BATTERY 14 19 16
< RES 1637090718 224 3
< MOVE R U
> REQ 1637090718 225 3
> VAMPIRE 1 19 16 3 3 4 0
> VAMPIRE 3 19 16 3 3 4 0
> VAMPIRE 2 19 16 3 3 4 0
> VAMPIRE 4 17 17 3 1 3 0
> GRENADE 4 19 15 4 3
> GRENADE 4 19 17 5 3
> POWERUP BATTERY 13 1 4
< RES 1637090718 225 3
> REQ 1637090718 226 3
> VAMPIRE 1 19 16 3 3 4 0
> VAMPIRE 3 19 16 3 3 4 0
> VAMPIRE 2 19 16 3 3 4 0
> VAMPIRE 4 15 17 3 1 3 0
> GRENADE 4 19 15 3 3
> GRENADE 4 19 17 4 3
> POWERUP BATTERY 12 1 4
< RES 1637090718 226 3
> REQ 1637090718 227 3
> VAMPIRE 1 19 16 3 3 4 0
> VAMPIRE 3 19 16 3 3 4 0
> VAMPIRE 2 19 16 3 3 4 0
> VAMPIRE 4 13 17 3 1 3 0
> GRENADE 4 19 15 2 3
> GRENADE 4 19 17 3 3
> POWERUP BATTERY 11 1 4
< RES 1637090718 227 3
> REQ 1637090718 228 3
> VAMPIRE 1 19 16 3 3 4 0
> VAMPIRE 3 19 16 3 3 4 0
> VAMPIRE 2 19 16 3 3 4 0
> VAMPIRE 4 11 17 3 1 3 0
> GRENADE 4 19 15 1 3
> GRENADE 4 19 17 2 3
> POWERUP BATTERY 10 1 4
< RES 1637090718 228 3
> REQ 1637090718 229 3
> VAMPIRE 1 19 16 2 3 4 0
> VAMPIRE 3 19 16 2 3 4 0
> VAMPIRE 2 19 16 2 3 4 0
> VAMPIRE 4 13 17 3 3 3 0
> POWERUP BATTERY 9 1 4
< RES 1637090718 229 3
< MOVE L
> REQ 1637090718 230 3
> VAMPIRE 1 19 15 2 3 4 0
> VAMPIRE 3 19 15 2 3 4 0
> VAMPIRE 2 19 15 2 3 4 0
> VAMPIRE 4 15 17 3 3 3 0
> POWERUP BATTERY 8 1 4
< RES 1637090718 230 3
< MOVE U U
> REQ 1637090718 231 3
> VAMPIRE 1 17 15 2 3 4 0
> VAMPIRE 3 17 15 2 3 4 0
> VAMPIRE 2 17 15 2 3 4 0
> VAMPIRE 4 15 15 3 3 3 0
> POWERUP BATTERY 7 1 4
< RES 1637090718 231 3
< MOVE L L
> REQ 1637090718 232 3
> VAMPIRE 1 17 13 2 3 4 0
> VAMPIRE 3 17 13 2 3 4 0
> VAMPIRE 2 17 13 2 3 4 0
> VAMPIRE 4 15 15 3 3 3 0
> POWERUP BATTERY 6 1 4
< RES 1637090718 232 3
< MOVE U U
> REQ 1637090718 233 3
> VAMPIRE 1 15 13 2 3 4 0
> VAMPIRE 3 15 13 2 3 4 0
> VAMPIRE 2 15 13 2 3 4 0
> VAMPIRE 4 15 13 3 3 3 0
> POWERUP BATTERY 5 1 4
< RES 1637090718 233 3
< MOVE U U
> REQ 1637090718 234 3
> VAMPIRE 1 13 13 2 3 4 0
> VAMPIRE 3 13 13 2 3 4 0
> VAMPIRE 2 13 13 2 3 4 0
> VAMPIRE 4 13 13 3 3 3 0
> POWERUP BATTERY 4 1 4
< RES 1637090718 234 3
< MOVE U U
> REQ 1637090718 235 3
> VAMPIRE 1 11 13 2 3 4 0
> VAMPIRE 3 11 13 2 3 4 0
> VAMPIRE 2 11 13 2 3 4 0
> VAMPIRE 4 11 13 3 3 3 0
> POWERUP BATTERY 3 1 4
< RES 1637090718 235 3
< MOVE L L
> REQ 1637090718 236 3
> VAMPIRE 1 11 11 2 3 4 0
> VAMPIRE 3 11 11 2 3 4 0
> VAMPIRE 2 11 11 2 3 4 0
> VAMPIRE 4 11 11 3 3 3 0
> POWERUP BATTERY 2 1 4
< RES 1637090718 236 3
< MOVE U U
> REQ 1637090718 237 3
> VAMPIRE 1 9 11 2 3 4 0
> VAMPIRE 3 9 11 2 3 4 0
> VAMPIRE 2 9 11 2 3 4 0
> VAMPIRE 4 9 11 3 3 3 0
> POWERUP BATTERY 1 1 4
< RES 1637090718 237 3
< MOVE D D
> REQ 1637090718 238 3
> VAMPIRE 1 11 11 2 3 4 0
> VAMPIRE 3 11 11 2 3 4 0
> VAMPIRE 2 11 11 2 3 4 0
> VAMPIRE 4 11 11 3 3 3 0
< RES 1637090718 238 3
< MOVE U U
> REQ 1637090718 239 3
> VAMPIRE 1 9 11 2 3 4 0
> VAMPIRE 3 9 11 2 3 4 0
> VAMPIRE 2 9 11 2 3 4 0
> VAMPIRE 4 9 11 3 3 3 0
< RES 1637090718 239 3
< MOVE D D
> REQ 1637090718 240 3
> VAMPIRE 1 11 11 2 3 4 0
> VAMPIRE 3 11 11 2 3 4 0
> VAMPIRE 2 11 11 2 3 4 0
> VAMPIRE 4 11 11 3 3 3 0
< RES 1637090718 240 3
< MOVE U U
> REQ 1637090718 241 3
> VAMPIRE 1 9 11 2 3 4 0
> VAMPIRE 3 9 11 2 3 4 0
> VAMPIRE 2 9 11 2 3 4 0
> VAMPIRE 4 9 11 3 3 3 0
< RES 1637090718 241 3
< MOVE D D
> REQ 1637090718 242 3
> VAMPIRE 1 11 11 2 3 4 0
> VAMPIRE 3 11 11 2 3 4 0
> VAMPIRE 2 11 11 2 3 4 0
> VAMPIRE 4 11 11 3 3 3 0
< RES 1637090718 242 3
< MOVE U U
> REQ 1637090718 243 3
> VAMPIRE 1 9 11 2 3 4 0
> VAMPIRE 3 9 11 2 3 4 0
> VAMPIRE 2 9 11 2 3 4 0
> VAMPIRE 4 9 11 3 3 3 0
< RES 1637090718 243 3
< MOVE D D
> REQ 1637090718 244 3
> VAMPIRE 1 11 11 2 3 4 0
> VAMPIRE 3 11 11 2 3 4 0
> VAMPIRE 2 11 11 2 3 4 0
> VAMPIRE 4 11 11 3 3 3 0
< RES 1637090718 244 3
< MOVE U U
> REQ 1637090718 245 3
> VAMPIRE 1 9 11 2 3 4 0
> VAMPIRE 3 9 11 2 3 4 0
> VAMPIRE 2 9 11 2 3 4 0
> VAMPIRE 4 9 11 3 3 3 0
< RES 1637090718 245 3
< MOVE D D
> REQ 1637090718 246 3
> VAMPIRE 1 11 11 2 3 4 0
> VAMPIRE 3 11 11 2 3 4 0
> VAMPIRE 2 11 11 2 3 4 0
> VAMPIRE 4 11 11 3 3 3 0
< RES 1637090718 246 3
< MOVE U U
> REQ 1637090718 247 3
> VAMPIRE 1 9 11 2 3 4 0
> VAMPIRE 3 9 11 2 3 4 0
> VAMPIRE 2 9 11 2 3 4 0
> VAMPIRE 4 9 11 3 3 3 0
< RES 1637090718 247 3
< MOVE D D
> REQ 1637090718 248 3
> VAMPIRE 1 11 11 2 3 4 0
> VAMPIRE 3 11 11 2 3 4 0
> VAMPIRE 2 11 11 2 3 4 0
> VAMPIRE 4 11 11 3 3 3 0
< RES 1637090718 248 3
< MOVE U U
> REQ 1637090718 249 3
> VAMPIRE 1 9 11 2 3 4 0
> VAMPIRE 3 9 11 2 3 4 0
> VAMPIRE 2 9 11 2 3 4 0
> VAMPIRE 4 9 11 3 3 3 0
< RES 1637090718 249 3
< MOVE D D
> REQ 1637090718 250 3
> VAMPIRE 1 11 11 2 3 4 0
> VAMPIRE 3 11 11 2 3 4 0
> VAMPIRE 2 11 11 2 3 4 0
> VAMPIRE 4 11 11 3 3 3 0
< RES 1637090718 250 3
< MOVE U U
> REQ 1637090718 251 3
> VAMPIRE 1 9 11 2 3 4 0
> VAMPIRE 3 9 11 2 3 4 0
> VAMPIRE 2 9 11 2 3 4 0
> VAMPIRE 4 9 11 3 3 3 0
< RES 1637090718 251 3
< MOVE D D
> REQ 1637090718 252 3
> VAMPIRE 1 11 11 2 3 4 0
> VAMPIRE 3 11 11 2 3 4 0
> VAMPIRE 2 11 11 2 3 4 0
> VAMPIRE 4 11 11 3 3 3 0
< RES 1637090718 252 3
< MOVE U U
> REQ 1637090718 253 3
> VAMPIRE 1 9 11 2 3 4 0
> VAMPIRE 3 9 11 2 3 4 0
> VAMPIRE 2 9 11 2 3 4 0
> VAMPIRE 4 9 11 3 3 3 0
< RES 1637090718 253 3
< MOVE D D
> REQ 1637090718 254 3
> VAMPIRE 1 11 11 2 3 4 0
> VAMPIRE 3 11 11 2 3 4 0
> VAMPIRE 2 11 11 2 3 4 0
> VAMPIRE 4 11 11 3 3 3 0
< RES 1637090718 254 3
< MOVE U U
> REQ 1637090718 255 3
> VAMPIRE 1 9 11 2 3 4 0
> VAMPIRE 3 9 11 2 3 4 0
> VAMPIRE 2 9 11 2 3 4 0
> VAMPIRE 4 9 11 3 3 3 0
> POWERUP BATTERY -5 3 10
> POWERUP BATTERY -5 17 10
< RES 1637090718 255 3
< MOVE U U
> REQ 1637090718 256 3
> VAMPIRE 1 7 11 2 3 4 0
> VAMPIRE 3 7 11 2 3 4 0
> VAMPIRE 2 7 11 2 3 4 0
> VAMPIRE 4 7 11 3 3 3 0
> POWERUP BATTERY -4 3 10
> POWERUP BATTERY -4 17 10
< RES 1637090718 256 3
< MOVE U U
> REQ 1637090718 257 3
> VAMPIRE 1 5 11 2 3 4 0
> VAMPIRE 3 5 11 2 3 4 0
> VAMPIRE 2 5 11 2 3 4 0
> VAMPIRE 4 5 11 3 3 3 0
> POWERUP BATTERY -3 3 10
> POWERUP BATTERY -3 17 10
< RES 1637090718 257 3
< MOVE U U
> REQ 1637090718 258 3
> VAMPIRE 1 3 11 2 3 4 0
> VAMPIRE 3 3 11 2 3 4 0
> VAMPIRE 2 3 11 2 3 4 0
> VAMPIRE 4 3 11 3 3 3 0
> POWERUP BATTERY -2 3 10
> POWERUP BATTERY -2 17 10
< RES 1637090718 258 3
< MOVE L
> REQ 1637090718 259 3
> VAMPIRE 1 3 10 2 3 4 0
> VAMPIRE 3 3 10 2 3 4 0
> VAMPIRE 2 3 10 2 3 4 0
> VAMPIRE 4 3 9 3 2 3 0
> GRENADE 4 3 11 5 3
> POWERUP BATTERY -1 3 10
> POWERUP BATTERY -1 17 10
< RES 1637090718 259 3
< MOVE L D
> REQ 1637090718 260 3
> VAMPIRE 1 3 10 2 3 5 0
> VAMPIRE 3 3 10 2 3 5 0
> VAMPIRE 2 3 10 2 3 5 0
> VAMPIRE 4 5 9 3 1 3 0
> GRENADE 4 3 11 4 3
> GRENADE 4 3 9 5 3
> POWERUP BATTERY 17 17 10
< RES 1637090718 260 3
> REQ 1637090718 261 3
> VAMPIRE 1 3 10 2 3 5 0
> VAMPIRE 3 3 10 2 3 5 0
> VAMPIRE 2 3 10 2 3 5 0
> VAMPIRE 4 7 9 3 1 3 0
> GRENADE 4 3 11 3 3
> GRENADE 4 3 9 4 3
> POWERUP BATTERY 16 17 10
< RES 1637090718 261 3
> REQ 1637090718 262 3
> VAMPIRE 1 3 10 2 3 5 0
> VAMPIRE 3 3 10 2 3 5 0
> VAMPIRE 2 3 10 2 3 5 0
> VAMPIRE 4 9 9 3 1 3 0
> GRENADE 4 3 11 2 3
> GRENADE 4 3 9 3 3
> POWERUP BATTERY 15 17 10
< RES 1637090718 262 3
> REQ 1637090718 263 3
> VAMPIRE 1 3 10 2 3 5 0
> VAMPIRE 3 3 10 2 3 5 0
> VAMPIRE 2 3 10 2 3 5 0
> VAMPIRE 4 11 9 3 1 3 0
> GRENADE 4 3 11 1 3
> GRENADE 4 3 9 2 3
> POWERUP BATTERY 14 17 10
< RES 1637090718 263 3
> REQ 1637090718 264 3
> VAMPIRE 1 3 10 1 3 5 0
> VAMPIRE 3 3 10 1 3 5 0
> VAMPIRE 2 3 10 1 3 5 0
> VAMPIRE 4 13 9 3 3 3 0
> POWERUP BATTERY 13 17 10
< RES 1637090718 264 3
< MOVE L
> REQ 1637090718 265 3
> VAMPIRE 1 3 9 1 3 5 0
> VAMPIRE 3 3 9 1 3 5 0
> VAMPIRE 2 3 9 1 3 5 0
> VAMPIRE 4 15 9 3 3 3 0
> POWERUP BATTERY 12 17 10
< RES 1637090718 265 3
< MOVE D D
> REQ 1637090718 266 3
> VAMPIRE 1 5 9 1 3 5 0
> VAMPIRE 3 5 9 1 3 5 0
> VAMPIRE 2 5 9 1 3 5 0
> VAMPIRE 4 17 9 3 3 3 0
> POWERUP BATTERY 11 17 10
< RES 1637090718 266 3
< MOVE D D
> REQ 1637090718 267 3
> VAMPIRE 1 7 9 1 3 5 0
> VAMPIRE 3 7 9 1 3 5 0
> VAMPIRE 2 7 9 1 3 5 0
> VAMPIRE 4 17 10 3 3 3 0
> POWERUP BATTERY 10 17 10
< RES 1637090718 267 3
< MOVE R R
> REQ 1637090718 268 3
> VAMPIRE 1 7 11 1 3 5 0
> VAMPIRE 3 7 11 1 3 5 0
> VAMPIRE 2 7 11 1 3 5 0
> VAMPIRE 4 17 9 3 3 4 0
< RES 1637090718 268 3
< MOVE L L
> REQ 1637090718 269 3
> VAMPIRE 1 7 9 1 3 5 0
> VAMPIRE 3 7 9 1 3 5 0
> VAMPIRE 2 7 9 1 3 5 0
> VAMPIRE 4 15 9 3 3 4 0
< RES 1637090718 269 3
< MOVE R R
> REQ 1637090718 270 3
> VAMPIRE 1 7 11 1 3 5 0
> VAMPIRE 3 7 11 1 3 5 0
> VAMPIRE 2 7 11 1 3 5 0
> VAMPIRE 4 13 9 3 3 4 0
< RES 1637090718 270 3
< MOVE L L
> REQ 1637090718 271 3
> VAMPIRE 1 7 9 1 3 5 0
> VAMPIRE 3 7 9 1 3 5 0
> VAMPIRE 2 7 9 1 3 5 0
> VAMPIRE 4 11 9 3 3 4 0
< RES 1637090718 271 3
< MOVE R R
> REQ 1637090718 272 3
> VAMPIRE 1 7 11 1 3 5 0
> VAMPIRE 3 7 11 1 3 5 0
> VAMPIRE 2 7 11 1 3 5 0
> VAMPIRE 4 9 9 3 3 4 0
< RES 1637090718 272 3
< MOVE R R
> REQ 1637090718 273 3
> VAMPIRE 1 7 13 1 3 5 0
> VAMPIRE 3 7 13 1 3 5 0
> VAMPIRE 2 7 13 1 3 5 0
> VAMPIRE 4 9 11 3 3 4 0
< RES 1637090718 273 3
< MOVE D D
> REQ 1637090718 274 3
> VAMPIRE 1 9 13 1 3 5 0
> VAMPIRE 3 9 13 1 3 5 0
> VAMPIRE 2 9 13 1 3 5 0
> VAMPIRE 4 7 11 3 3 4 0
< RES 1637090718 274 3
< MOVE D D
> REQ 1637090718 275 3
> VAMPIRE 1 11 13 1 3 5 0
> VAMPIRE 3 11 13 1 3 5 0
> VAMPIRE 2 11 13 1 3 5 0
> VAMPIRE 4 9 11 3 3 4 0
< RES 1637090718 275 3
< MOVE D D
> REQ 1637090718 276 3
> VAMPIRE 1 13 13 1 3 5 0
> VAMPIRE 3 13 13 1 3 5 0
> VAMPIRE 2 13 13 1 3 5 0
> VAMPIRE 4 11 11 3 3 4 0
< RES 1637090718 276 3
< MOVE U U
> REQ 1637090718 277 3
> VAMPIRE 1 11 13 1 3 5 0
> VAMPIRE 3 11 13 1 3 5 0
> VAMPIRE 2 11 13 1 3 5 0
> VAMPIRE 4 11 13 3 3 4 0
< RES 1637090718 277 3
< MOVE L L
> REQ 1637090718 278 3
> VAMPIRE 1 11 11 1 3 5 0
> VAMPIRE 3 11 11 1 3 5 0
> VAMPIRE 2 11 11 1 3 5 0
> VAMPIRE 4 11 11 3 3 4 0
< RES 1637090718 278 3
< MOVE U U
> REQ 1637090718 279 3
> VAMPIRE 1 9 11 1 3 5 0
> VAMPIRE 3 9 11 1 3 5 0
> VAMPIRE 2 9 11 1 3 5 0
> VAMPIRE 4 9 11 3 3 4 0
> POWERUP GRENADE -7 13 17
> POWERUP GRENADE -7 7 3
< RES 1637090718 279 3
< MOVE R R
> REQ 1637090718 280 3
> VAMPIRE 1 9 13 1 3 5 0
> VAMPIRE 3 9 13 1 3 5 0
> VAMPIRE 2 9 13 1 3 5 0
> VAMPIRE 4 9 13 3 3 4 0
> POWERUP GRENADE -6 13 17
> POWERUP GRENADE -6 7 3
< RES 1637090718 280 3
< MOVE R R
> REQ 1637090718 281 3
> VAMPIRE 1 9 15 1 3 5 0
> VAMPIRE 3 9 15 1 3 5 0
> VAMPIRE 2 9 15 1 3 5 0
> VAMPIRE 4 9 15 3 3 4 0
> POWERUP GRENADE -5 13 17
> POWERUP GRENADE -5 7 3
< RES 1637090718 281 3
< MOVE R R
> REQ 1637090718 282 3
> VAMPIRE 1 9 17 1 3 5 0
> VAMPIRE 3 9 17 1 3 5 0
> VAMPIRE 2 9 17 1 3 5 0
> VAMPIRE 4 9 17 3 3 4 0
> POWERUP GRENADE -4 13 17
> POWERUP GRENADE -4 7 3
< RES 1637090718 282 3
< MOVE D D
> REQ 1637090718 283 3
> VAMPIRE 1 11 17 1 3 5 0
> VAMPIRE 3 11 17 1 3 5 0
> VAMPIRE 2 11 17 1 3 5 0
> VAMPIRE 4 11 17 3 3 4 0
> POWERUP GRENADE -3 13 17
> POWERUP GRENADE -3 7 3
< RES 1637090718 283 3
< MOVE D D
> REQ 1637090718 284 3
> VAMPIRE 1 13 17 1 3 5 0
> VAMPIRE 3 13 17 1 3 5 0
> VAMPIRE 2 13 17 1 3 5 0
> VAMPIRE 4 13 17 3 3 4 0
> POWERUP GRENADE -2 13 17
> POWERUP GRENADE -2 7 3
< RES 1637090718 284 3
> REQ 1637090718 285 3
> VAMPIRE 1 13 17 1 3 5 0
> VAMPIRE 3 13 17 1 3 5 0
> VAMPIRE 2 13 17 1 3 5 0
> VAMPIRE 4 13 17 3 3 4 0
> POWERUP GRENADE -1 13 17
> POWERUP GRENADE -1 7 3
< RES 1637090718 285 3
< MOVE U U
> REQ 1637090718 286 3
> VAMPIRE 1 11 17 1 4 5 0
> VAMPIRE 3 11 17 1 4 5 0
> VAMPIRE 2 11 17 1 4 5 0
> VAMPIRE 4 11 17 3 4 4 0
> POWERUP GRENADE 14 7 3
< RES 1637090718 286 3
< MOVE U U
> REQ 1637090718 287 3
> VAMPIRE 1 9 17 1 4 5 0
> VAMPIRE 3 9 17 1 4 5 0
> VAMPIRE 2 9 17 1 4 5 0
> VAMPIRE 4 9 17 3 4 4 0
> POWERUP GRENADE 13 7 3
< RES 1637090718 287 3
< MOVE U U
> REQ 1637090718 288 3
> VAMPIRE 1 7 17 1 4 5 0
> VAMPIRE 3 7 17 1 4 5 0
> VAMPIRE 2 7 17 1 4 5 0
> VAMPIRE 4 7 17 3 4 4 0
> POWERUP GRENADE 12 7 3
< RES 1637090718 288 3
< MOVE L L
> REQ 1637090718 289 3
> VAMPIRE 1 7 15 1 4 5 0
> VAMPIRE 3 7 15 1 4 5 0
> VAMPIRE 2 7 15 1 4 5 0
> VAMPIRE 4 7 15 3 4 4 0
> POWERUP GRENADE 11 7 3
< RES 1637090718 289 3
< MOVE L L
> REQ 1637090718 290 3
> VAMPIRE 1 7 13 1 4 5 0
> VAMPIRE 3 7 13 1 4 5 0
> VAMPIRE 2 7 13 1 4 5 0
> VAMPIRE 4 7 13 3 4 4 0
> POWERUP GRENADE 10 7 3
< RES 1637090718 290 3
< MOVE L L
> REQ 1637090718 291 3
> VAMPIRE 1 7 11 1 4 5 0
> VAMPIRE 3 7 11 1 4 5 0
> VAMPIRE 2 7 11 1 4 5 0
> VAMPIRE 4 7 11 3 4 4 0
> POWERUP GRENADE 9 7 3
< RES 1637090718 291 3
< MOVE L L
> REQ 1637090718 292 3
> VAMPIRE 1 7 9 1 4 5 0
> VAMPIRE 3 7 9 1 4 5 0
> VAMPIRE 2 7 9 1 4 5 0
> VAMPIRE 4 7 9 3 4 4 0
> POWERUP GRENADE 8 7 3
< RES 1637090718 292 3
< MOVE L L
> REQ 1637090718 293 3
> VAMPIRE 1 7 7 1 4 5 0
> VAMPIRE 3 7 7 1 4 5 0
> VAMPIRE 2 7 7 1 4 5 0
> VAMPIRE 4 7 7 3 4 4 0
> POWERUP GRENADE 7 7 3
< RES 1637090718 293 3
< MOVE L L
> REQ 1637090718 294 3
> VAMPIRE 1 7 5 1 4 5 0
> VAMPIRE 3 7 5 1 4 5 0
> VAMPIRE 2 7 5 1 4 5 0
> VAMPIRE 4 7 5 3 4 4 0
> POWERUP GRENADE 6 7 3
< RES 1637090718 294 3
< MOVE L L
> REQ 1637090718 295 3
> VAMPIRE 1 7 3 1 4 5 0
> VAMPIRE 3 7 3 1 4 5 0
> VAMPIRE 2 7 3 1 4 5 0
> VAMPIRE 4 7 3 3 4 4 0
> POWERUP GRENADE 5 7 3
< RES 1637090718 295 3
< MOVE R R
> REQ 1637090718 296 3
> VAMPIRE 1 7 5 1 5 5 0
> VAMPIRE 3 7 5 1 5 5 0
> VAMPIRE 2 7 5 1 5 5 0
> VAMPIRE 4 7 5 3 5 4 0
< RES 1637090718 296 3
< MOVE R R
> REQ 1637090718 297 3
> VAMPIRE 1 7 7 1 5 5 0
> VAMPIRE 3 7 7 1 5 5 0
> VAMPIRE 2 7 7 1 5 5 0
> VAMPIRE 4 7 7 3 5 4 0
< RES 1637090718 297 3
< MOVE R R
> REQ 1637090718 298 3
> VAMPIRE 1 7 9 1 5 5 0
> VAMPIRE 3 7 9 1 5 5 0
> VAMPIRE 2 7 9 1 5 5 0
> VAMPIRE 4 7 9 3 5 4 0
< RES 1637090718 298 3
< MOVE D D
> REQ 1637090718 299 3
> VAMPIRE 1 9 9 1 5 5 0
> VAMPIRE 3 9 9 1 5 5 0
> VAMPIRE 2 9 9 1 5 5 0
> VAMPIRE 4 9 9 3 5 4 0
< RES 1637090718 299 3
< MOVE R R
> REQ 1637090718 300 3
> VAMPIRE 1 9 11 1 5 5 0
> VAMPIRE 3 9 11 1 5 5 0
> VAMPIRE 2 9 11 1 5 5 0
> VAMPIRE 4 9 11 3 5 4 0
< RES 1637090718 300 3
< MOVE D D
> REQ 1637090718 301 3
> VAMPIRE 1 11 11 1 5 5 0
> VAMPIRE 3 11 11 1 5 5 0
> VAMPIRE 2 11 11 1 5 5 0
> VAMPIRE 4 11 11 3 5 4 0
< RES 1637090718 301 3
< MOVE U U
> REQ 1637090718 302 3
> VAMPIRE 1 9 11 1 5 5 0
> VAMPIRE 3 9 11 1 5 5 0
> VAMPIRE 2 9 11 1 5 5 0
> VAMPIRE 4 9 11 3 5 4 0
< RES 1637090718 302 3
< MOVE D D
> REQ 1637090718 303 3
> VAMPIRE 1 11 11 1 5 5 0
> VAMPIRE 3 11 11 1 5 5 0
> VAMPIRE 2 11 11 1 5 5 0
> VAMPIRE 4 11 11 3 5 4 0
< RES 1637090718 303 3
< MOVE U U
> REQ 1637090718 304 3
> VAMPIRE 1 9 11 1 5 5 0
> VAMPIRE 3 9 11 1 5 5 0
> VAMPIRE 2 9 11 1 5 5 0
> VAMPIRE 4 9 11 3 5 4 0
< RES 1637090718 304 3
< MOVE D D
> REQ 1637090718 305 3
> VAMPIRE 1 11 11 1 5 5 0
> VAMPIRE 3 11 11 1 5 5 0
> VAMPIRE 2 11 11 1 5 5 0
> VAMPIRE 4 11 11 3 5 4 0
< RES 1637090718 305 3
< MOVE U U
> REQ 1637090718 306 3
> VAMPIRE 1 9 11 1 5 5 0
> VAMPIRE 3 9 11 1 5 5 0
> VAMPIRE 2 9 11 1 5 5 0
> VAMPIRE 4 9 11 3 5 4 0
< RES 1637090718 306 3
< MOVE D D
> REQ 1637090718 307 3
> VAMPIRE 1 11 11 1 5 5 0
> VAMPIRE 3 11 11 1 5 5 0
> VAMPIRE 2 11 11 1 5 5 0
> VAMPIRE 4 11 11 3 5 4 0
< RES 1637090718 307 3
< MOVE U U
> REQ 1637090718 308 3
> VAMPIRE 1 9 11 1 5 5 0
> VAMPIRE 3 9 11 1 5 5 0
> VAMPIRE 2 9 11 1 5 5 0
> VAMPIRE 4 9 11 3 5 4 0
< RES 1637090718 308 3
< MOVE D D
> REQ 1637090718 309 3
> VAMPIRE 1 11 11 1 5 5 0
> VAMPIRE 3 11 11 1 5 5 0
> VAMPIRE 2 11 11 1 5 5 0
> VAMPIRE 4 11 11 3 5 4 0
< RES 1637090718 309 3
< MOVE U U
> REQ 1637090718 310 3
> VAMPIRE 1 9 11 1 5 5 0
> VAMPIRE 3 9 11 1 5 5 0
> VAMPIRE 2 9 11 1 5 5 0
> VAMPIRE 4 9 11 3 5 4 0
< RES 1637090718 310 3
< MOVE D D
> REQ 1637090718 311 3
> VAMPIRE 1 11 11 1 5 5 0
> VAMPIRE 3 11 11 1 5 5 0
> VAMPIRE 2 11 11 1 5 5 0
> VAMPIRE 4 11 11 3 5 4 0
< RES 1637090718 311 3
< MOVE U U
> REQ 1637090718 312 3
> VAMPIRE 1 9 11 1 5 5 0
> VAMPIRE 3 9 11 1 5 5 0
> VAMPIRE 2 9 11 1 5 5 0
> VAMPIRE 4 9 11 3 5 4 0
< RES 1637090718 312 3
< MOVE D D
> REQ 1637090718 313 3
> VAMPIRE 1 11 11 1 5 5 0
> VAMPIRE 3 11 11 1 5 5 0
> VAMPIRE 2 11 11 1 5 5 0
> VAMPIRE 4 11 11 3 5 4 0
< RES 1637090718 313 3
< MOVE U U
> REQ 1637090718 314 3
> VAMPIRE 1 9 11 1 5 5 0
> VAMPIRE 3 9 11 1 5 5 0
> VAMPIRE 2 9 11 1 5 5 0
> VAMPIRE 4 9 11 3 5 4 0
> POWERUP BATTERY -7 15 14
> POWERUP BATTERY -7 5 6
< RES 1637090718 314 3
< MOVE R R
> REQ 1637090718 315 3
> VAMPIRE 1 9 13 1 5 5 0
> VAMPIRE 3 9 13 1 5 5 0
> VAMPIRE 2 9 13 1 5 5 0
> VAMPIRE 4 9 13 3 5 4 0
> POWERUP BATTERY -6 15 14
> POWERUP BATTERY -6 5 6
< RES 1637090718 315 3
< MOVE D D
> REQ 1637090718 316 3
> VAMPIRE 1 11 13 1 5 5 0
> VAMPIRE 3 11 13 1 5 5 0
> VAMPIRE 2 11 13 1 5 5 0
> VAMPIRE 4 11 13 3 5 4 0
> POWERUP BATTERY -5 15 14
> POWERUP BATTERY -5 5 6
< RES 1637090718 316 3
< MOVE D D
> REQ 1637090718 317 3
> VAMPIRE 1 13 13 1 5 5 0
> VAMPIRE 3 13 13 1 5 5 0
> VAMPIRE 2 13 13 1 5 5 0
> VAMPIRE 4 13 13 3 5 4 0
> POWERUP BATTERY -4 15 14
> POWERUP BATTERY -4 5 6
< RES 1637090718 317 3
< MOVE D D
> REQ 1637090718 318 3
> VAMPIRE 1 15 13 1 5 5 0
> VAMPIRE 3 15 13 1 5 5 0
> VAMPIRE 2 15 13 1 5 5 0
> VAMPIRE 4 15 13 3 5 4 0
> POWERUP BATTERY -3 15 14
> POWERUP BATTERY -3 5 6
< RES 1637090718 318 3
< MOVE R
> REQ 1637090718 319 3
> VAMPIRE 1 15 14 1 5 5 0
> VAMPIRE 3 15 14 1 5 5 0
> VAMPIRE 2 15 14 1 5 5 0
> VAMPIRE 4 15 15 3 4 4 0
> GRENADE 4 15 13 5 4
> POWERUP BATTERY -2 15 14
> POWERUP BATTERY -2 5 6
< RES 1637090718 319 3
> REQ 1637090718 320 3
> VAMPIRE 1 15 14 1 5 5 0
> VAMPIRE 3 15 14 1 5 5 0
> VAMPIRE 2 15 14 1 5 5 0
> VAMPIRE 4 15 15 3 3 4 0
> GRENADE 4 15 13 4 4
> GRENADE 4 15 15 5 4
> POWERUP BATTERY -1 15 14
> POWERUP BATTERY -1 5 6
< RES 1637090718 320 3
> REQ 1637090718 321 3
> VAMPIRE 1 15 14 1 5 6 0
> VAMPIRE 3 15 14 1 5 6 0
> VAMPIRE 2 15 14 1 5 6 0
> VAMPIRE 4 13 15 3 3 4 0
> GRENADE 4 15 13 3 4
> GRENADE 4 15 15 4 4
> POWERUP BATTERY 18 5 6
< RES 1637090718 321 3
> REQ 1637090718 322 3
> VAMPIRE 1 15 14 1 5 6 0
> VAMPIRE 3 15 14 1 5 6 0
> VAMPIRE 2 15 14 1 5 6 0
> VAMPIRE 4 13 17 3 3 4 0
> GRENADE 4 15 13 2 4
> GRENADE 4 15 15 3 4
> POWERUP BATTERY 17 5 6
< RES 1637090718 322 3
> REQ 1637090718 323 3
> VAMPIRE 1 15 14 1 5 6 0
> VAMPIRE 3 15 14 1 5 6 0
> VAMPIRE 2 15 14 1 5 6 0
> VAMPIRE 4 11 17 3 3 4 0
> GRENADE 4 15 13 1 4
> GRENADE 4 15 15 2 4
> POWERUP BATTERY 16 5 6
< RES 1637090718 323 3
> END 690 Could_not_be_more_deaded
