> MESSAGE OK
> LEVEL 10
> GAMEID 1637330585
> TEST 1
> MAXTICK 800
> GRENADERADIUS 3
> SIZE 15
> REQ 1637330585 0 3
> VAMPIRE 1 1 1 3 1 3 0
> VAMPIRE 2 13 1 3 1 3 0
> VAMPIRE 3 13 13 3 1 3 0
> VAMPIRE 4 1 13 3 1 3 0
> BAT1 8 1 9 1 10 1 11 1 1 3 7 3 1 4 1 5 6 5 8 5 1 6 5 6 9 6 3 7 11 7 5 8 9 8 13 8 6 9 8 9 13 9 13 10 7 11 13 11 3 13 4 13 5 13 6 13
> BAT2 3 1 4 1 5 1 6 1 8 3 9 3 13 3 13 4 3 5 7 5 13 5 3 6 13 6 5 7 9 7 1 8 11 8 1 9 7 9 11 9 1 10 1 11 5 11 6 11 8 13 9 13 10 13 11 13
> BAT3 7 1 5 3 6 3 11 5 11 6 1 7 7 7 13 7 3 8 3 9 8 11 9 11 7 13
< RES 1637330585 0 3
> REQ 1637330585 1 3
> VAMPIRE 1 1 1 3 0 3 0
> VAMPIRE 2 13 1 3 0 3 0
> VAMPIRE 3 13 13 3 1 3 0
> VAMPIRE 4 1 13 3 1 3 0
> GRENADE 1 1 1 5 3
> GRENADE 2 13 1 5 3
> BAT1 8 1 9 1 10 1 11 1 1 3 7 3 1 4 1 5 6 5 8 5 1 6 5 6 9 6 3 7 11 7 5 8 9 8 13 8 6 9 8 9 13 9 13 10 7 11 13 11 3 13 4 13 5 13 6 13
> BAT2 3 1 4 1 5 1 6 1 8 3 9 3 13 3 13 4 3 5 7 5 13 5 3 6 13 6 5 7 9 7 1 8 11 8 1 9 7 9 11 9 1 10 1 11 5 11 6 11 8 13 9 13 10 13 11 13
> BAT3 7 1 5 3 6 3 11 5 11 6 1 7 7 7 13 7 3 8 3 9 8 11 9 11 7 13
< RES 1637330585 1 3
> REQ 1637330585 2 3
> VAMPIRE 1 1 1 3 0 3 0
> VAMPIRE 2 13 1 3 0 3 0
> VAMPIRE 3 13 13 3 1 3 0
> VAMPIRE 4 1 13 3 1 3 0
> GRENADE 1 1 1 4 3
> GRENADE 2 13 1 4 3
> BAT1 8 1 9 1 10 1 11 1 1 3 7 3 1 4 1 5 6 5 8 5 1 6 5 6 9 6 3 7 11 7 5 8 9 8 13 8 6 9 8 9 13 9 13 10 7 11 13 11 3 13 4 13 5 13 6 13
> BAT2 3 1 4 1 5 1 6 1 8 3 9 3 13 3 13 4 3 5 7 5 13 5 3 6 13 6 5 7 9 7 1 8 11 8 1 9 7 9 11 9 1 10 1 11 5 11 6 11 8 13 9 13 10 13 11 13
> BAT3 7 1 5 3 6 3 11 5 11 6 1 7 7 7 13 7 3 8 3 9 8 11 9 11 7 13
< RES 1637330585 2 3
> REQ 1637330585 3 3
> VAMPIRE 1 1 1 3 0 3 0
> VAMPIRE 2 13 1 3 0 3 0
> VAMPIRE 3 13 13 3 1 3 0
> VAMPIRE 4 1 13 3 1 3 0
> GRENADE 1 1 1 3 3
> GRENADE 2 13 1 3 3
> BAT1 8 1 9 1 10 1 11 1 1 3 7 3 1 4 1 5 6 5 8 5 1 6 5 6 9 6 3 7 11 7 5 8 9 8 13 8 6 9 8 9 13 9 13 10 7 11 13 11 3 13 4 13 5 13 6 13
> BAT2 3 1 4 1 5 1 6 1 8 3 9 3 13 3 13 4 3 5 7 5 13 5 3 6 13 6 5 7 9 7 1 8 11 8 1 9 7 9 11 9 1 10 1 11 5 11 6 11 8 13 9 13 10 13 11 13
> BAT3 7 1 5 3 6 3 11 5 11 6 1 7 7 7 13 7 3 8 3 9 8 11 9 11 7 13
< RES 1637330585 3 3
> REQ 1637330585 4 3
> VAMPIRE 1 2 1 3 0 3 0
> VAMPIRE 2 13 2 3 0 3 0
> VAMPIRE 3 13 13 3 1 3 0
> VAMPIRE 4 1 13 3 1 3 0
> GRENADE 1 1 2 2 3
> GRENADE 2 12 1 2 3
> BAT1 8 1 9 1 10 1 11 1 1 3 7 3 1 4 1 5 6 5 8 5 1 6 5 6 9 6 3 7 11 7 5 8 9 8 13 8 6 9 8 9 13 9 13 10 7 11 13 11 3 13 4 13 5 13 6 13
> BAT2 3 1 4 1 5 1 6 1 8 3 9 3 13 3 13 4 3 5 7 5 13 5 3 6 13 6 5 7 9 7 1 8 11 8 1 9 7 9 11 9 1 10 1 11 5 11 6 11 8 13 9 13 10 13 11 13
> BAT3 7 1 5 3 6 3 11 5 11 6 1 7 7 7 13 7 3 8 3 9 8 11 9 11 7 13
< RES 1637330585 4 3
> REQ 1637330585 5 3
> VAMPIRE 1 2 1 3 0 3 0
> VAMPIRE 2 13 2 3 0 3 0
> VAMPIRE 3 13 13 3 1 3 0
> VAMPIRE 4 1 13 3 1 3 0
> GRENADE 1 1 2 1 3
> GRENADE 2 12 1 1 3
> BAT1 8 1 9 1 10 1 11 1 1 3 7 3 1 4 1 5 6 5 8 5 1 6 5 6 9 6 3 7 11 7 5 8 9 8 13 8 6 9 8 9 13 9 13 10 7 11 13 11 3 13 4 13 5 13 6 13
> BAT2 3 1 4 1 5 1 6 1 8 3 9 3 13 3 13 4 3 5 7 5 13 5 3 6 13 6 5 7 9 7 1 8 11 8 1 9 7 9 11 9 1 10 1 11 5 11 6 11 8 13 9 13 10 13 11 13
> BAT3 7 1 5 3 6 3 11 5 11 6 1 7 7 7 13 7 3 8 3 9 8 11 9 11 7 13
< RES 1637330585 5 3
> REQ 1637330585 6 3
> VAMPIRE 1 1 1 3 1 3 0
> VAMPIRE 2 13 1 3 1 3 0
> VAMPIRE 3 13 13 3 1 3 0
> VAMPIRE 4 1 13 3 1 3 0
> BAT1 8 1 9 1 10 1 7 3 1 4 1 5 6 5 8 5 1 6 5 6 9 6 3 7 11 7 5 8 9 8 13 8 6 9 8 9 13 9 13 10 7 11 13 11 3 13 4 13 5 13 6 13
> BAT2 3 1 4 1 5 1 6 1 8 3 9 3 13 3 13 4 3 5 7 5 13 5 3 6 13 6 5 7 9 7 1 8 11 8 1 9 7 9 11 9 1 10 1 11 5 11 6 11 8 13 9 13 10 13 11 13
> BAT3 7 1 5 3 6 3 11 5 11 6 1 7 7 7 13 7 3 8 3 9 8 11 9 11 7 13
< RES 1637330585 6 3
> REQ 1637330585 7 3
> VAMPIRE 1 1 3 3 1 3 0
> VAMPIRE 2 11 1 3 1 3 0
> VAMPIRE 3 13 13 3 1 3 0
> VAMPIRE 4 1 13 3 1 3 0
> BAT1 8 1 9 1 10 1 7 3 1 4 1 5 6 5 8 5 1 6 5 6 9 6 3 7 11 7 5 8 9 8 13 8 6 9 8 9 13 9 13 10 7 11 13 11 3 13 4 13 5 13 6 13
> BAT2 3 1 4 1 5 1 6 1 8 3 9 3 13 3 13 4 3 5 7 5 13 5 3 6 13 6 5 7 9 7 1 8 11 8 1 9 7 9 11 9 1 10 1 11 5 11 6 11 8 13 9 13 10 13 11 13
> BAT3 7 1 5 3 6 3 11 5 11 6 1 7 7 7 13 7 3 8 3 9 8 11 9 11 7 13
< RES 1637330585 7 3
> REQ 1637330585 8 3
> VAMPIRE 1 3 3 3 1 3 0
> VAMPIRE 2 11 3 3 1 3 0
> VAMPIRE 3 13 13 3 1 3 0
> VAMPIRE 4 1 13 3 1 3 0
> BAT1 8 1 9 1 10 1 7 3 1 4 1 5 6 5 8 5 1 6 5 6 9 6 3 7 11 7 5 8 9 8 13 8 6 9 8 9 13 9 13 10 7 11 13 11 3 13 4 13 5 13 6 13
> BAT2 3 1 4 1 5 1 6 1 8 3 9 3 13 3 13 4 3 5 7 5 13 5 3 6 13 6 5 7 9 7 1 8 11 8 1 9 7 9 11 9 1 10 1 11 5 11 6 11 8 13 9 13 10 13 11 13
> BAT3 7 1 5 3 6 3 11 5 11 6 1 7 7 7 13 7 3 8 3 9 8 11 9 11 7 13
< RES 1637330585 8 3
> REQ 1637330585 9 3
> VAMPIRE 1 1 3 3 0 3 0
> VAMPIRE 2 11 1 3 0 3 0
> VAMPIRE 3 13 13 3 1 3 0
> VAMPIRE 4 1 13 3 1 3 0
> GRENADE 1 3 3 5 3
> GRENADE 2 11 3 5 3
> BAT1 8 1 9 1 10 1 7 3 1 4 1 5 6 5 8 5 1 6 5 6 9 6 3 7 11 7 5 8 9 8 13 8 6 9 8 9 13 9 13 10 7 11 13 11 3 13 4 13 5 13 6 13
> BAT2 3 1 4 1 5 1 6 1 8 3 9 3 13 3 13 4 3 5 7 5 13 5 3 6 13 6 5 7 9 7 1 8 11 8 1 9 7 9 11 9 1 10 1 11 5 11 6 11 8 13 9 13 10 13 11 13
> BAT3 7 1 5 3 6 3 11 5 11 6 1 7 7 7 13 7 3 8 3 9 8 11 9 11 7 13
< RES 1637330585 9 3
> REQ 1637330585 10 3
> VAMPIRE 1 1 2 3 0 3 0
> VAMPIRE 2 12 1 3 0 3 0
> VAMPIRE 3 13 13 3 1 3 0
> VAMPIRE 4 1 13 3 1 3 0
> GRENADE 1 3 3 4 3
> GRENADE 2 11 3 4 3
> BAT1 8 1 9 1 10 1 7 3 1 4 1 5 6 5 8 5 1 6 5 6 9 6 3 7 11 7 5 8 9 8 13 8 6 9 8 9 13 9 13 10 7 11 13 11 3 13 4 13 5 13 6 13
> BAT2 3 1 4 1 5 1 6 1 8 3 9 3 13 3 13 4 3 5 7 5 13 5 3 6 13 6 5 7 9 7 1 8 11 8 1 9 7 9 11 9 1 10 1 11 5 11 6 11 8 13 9 13 10 13 11 13
> BAT3 7 1 5 3 6 3 11 5 11 6 1 7 7 7 13 7 3 8 3 9 8 11 9 11 7 13
< RES 1637330585 10 3
> REQ 1637330585 11 3
> VAMPIRE 1 1 2 3 0 3 0
> VAMPIRE 2 12 1 3 0 3 0
> VAMPIRE 3 13 13 3 1 3 0
> VAMPIRE 4 1 13 3 1 3 0
> GRENADE 1 3 3 3 3
> GRENADE 2 11 3 3 3
> BAT1 8 1 9 1 10 1 7 3 1 4 1 5 6 5 8 5 1 6 5 6 9 6 3 7 11 7 5 8 9 8 13 8 6 9 8 9 13 9 13 10 7 11 13 11 3 13 4 13 5 13 6 13
> BAT2 3 1 4 1 5 1 6 1 8 3 9 3 13 3 13 4 3 5 7 5 13 5 3 6 13 6 5 7 9 7 1 8 11 8 1 9 7 9 11 9 1 10 1 11 5 11 6 11 8 13 9 13 10 13 11 13
> BAT3 7 1 5 3 6 3 11 5 11 6 1 7 7 7 13 7 3 8 3 9 8 11 9 11 7 13
< RES 1637330585 11 3
> REQ 1637330585 12 3
> VAMPIRE 1 1 2 3 0 3 0
> VAMPIRE 2 12 1 3 0 3 0
> VAMPIRE 3 13 13 3 1 3 0
> VAMPIRE 4 1 13 3 1 3 0
> GRENADE 1 3 3 2 3
> GRENADE 2 11 3 2 3
> BAT1 8 1 9 1 10 1 7 3 1 4 1 5 6 5 8 5 1 6 5 6 9 6 3 7 11 7 5 8 9 8 13 8 6 9 8 9 13 9 13 10 7 11 13 11 3 13 4 13 5 13 6 13
> BAT2 3 1 4 1 5 1 6 1 8 3 9 3 13 3 13 4 3 5 7 5 13 5 3 6 13 6 5 7 9 7 1 8 11 8 1 9 7 9 11 9 1 10 1 11 5 11 6 11 8 13 9 13 10 13 11 13
> BAT3 7 1 5 3 6 3 11 5 11 6 1 7 7 7 13 7 3 8 3 9 8 11 9 11 7 13
< RES 1637330585 12 3
> REQ 1637330585 13 3
> VAMPIRE 1 1 2 3 0 3 0
> VAMPIRE 2 12 1 3 0 3 0
> VAMPIRE 3 13 13 3 1 3 0
> VAMPIRE 4 1 13 3 1 3 0
> GRENADE 1 3 3 1 3
> GRENADE 2 11 3 1 3
> BAT1 8 1 9 1 10 1 7 3 1 4 1 5 6 5 8 5 1 6 5 6 9 6 3 7 11 7 5 8 9 8 13 8 6 9 8 9 13 9 13 10 7 11 13 11 3 13 4 13 5 13 6 13
> BAT2 3 1 4 1 5 1 6 1 8 3 9 3 13 3 13 4 3 5 7 5 13 5 3 6 13 6 5 7 9 7 1 8 11 8 1 9 7 9 11 9 1 10 1 11 5 11 6 11 8 13 9 13 10 13 11 13
> BAT3 7 1 5 3 6 3 11 5 11 6 1 7 7 7 13 7 3 8 3 9 8 11 9 11 7 13
< RES 1637330585 13 3
> REQ 1637330585 14 3
> VAMPIRE 1 2 3 3 1 3 0
> VAMPIRE 2 11 2 3 1 3 0
> VAMPIRE 3 13 13 3 1 3 0
> VAMPIRE 4 1 13 3 1 3 0
> BAT1 8 1 9 1 10 1 7 3 1 4 1 5 6 5 8 5 1 6 5 6 9 6 3 7 11 7 5 8 9 8 13 8 6 9 8 9 13 9 13 10 7 11 13 11 3 13 4 13 5 13 6 13 3 1 9 3 13 3 3 5
> BAT2 4 1 5 1 6 1 8 3 13 4 7 5 13 5 3 6 13 6 5 7 9 7 1 8 11 8 1 9 7 9 11 9 1 10 1 11 5 11 6 11 8 13 9 13 10 13 11 13 5 3 11 5
> BAT3 7 1 6 3 11 6 1 7 7 7 13 7 3 8 3 9 8 11 9 11 7 13
< RES 1637330585 14 3
> REQ 1637330585 15 3
> VAMPIRE 1 3 3 3 1 3 0
> VAMPIRE 2 10 3 3 1 3 0
> VAMPIRE 3 13 13 3 1 3 0
> VAMPIRE 4 1 13 3 1 3 0
> BAT1 8 1 9 1 10 1 7 3 1 4 1 5 6 5 8 5 1 6 5 6 9 6 3 7 11 7 5 8 9 8 13 8 6 9 8 9 13 9 13 10 7 11 13 11 3 13 4 13 5 13 6 13 3 1 9 3 13 3 3 5
> BAT2 4 1 5 1 6 1 8 3 13 4 7 5 13 5 3 6 13 6 5 7 9 7 1 8 11 8 1 9 7 9 11 9 1 10 1 11 5 11 6 11 8 13 9 13 10 13 11 13 5 3 11 5
> BAT3 7 1 6 3 11 6 1 7 7 7 13 7 3 8 3 9 8 11 9 11 7 13
< RES 1637330585 15 3
> REQ 1637330585 16 3
> VAMPIRE 1 1 3 3 0 3 0
> VAMPIRE 2 11 2 3 0 3 0
> VAMPIRE 3 13 13 3 1 3 0
> VAMPIRE 4 1 13 3 1 3 0
> GRENADE 1 3 3 5 3
> GRENADE 2 10 3 5 3
> BAT1 8 1 9 1 10 1 7 3 1 4 1 5 6 5 8 5 1 6 5 6 9 6 3 7 11 7 5 8 9 8 13 8 6 9 8 9 13 9 13 10 7 11 13 11 3 13 4 13 5 13 6 13 3 1 9 3 13 3 3 5
> BAT2 4 1 5 1 6 1 8 3 13 4 7 5 13 5 3 6 13 6 5 7 9 7 1 8 11 8 1 9 7 9 11 9 1 10 1 11 5 11 6 11 8 13 9 13 10 13 11 13 5 3 11 5
> BAT3 7 1 6 3 11 6 1 7 7 7 13 7 3 8 3 9 8 11 9 11 7 13
< RES 1637330585 16 3
> REQ 1637330585 17 3
> VAMPIRE 1 1 2 3 0 3 0
> VAMPIRE 2 11 1 3 0 3 0
> VAMPIRE 3 13 13 3 1 3 0
> VAMPIRE 4 1 13 3 1 3 0
> GRENADE 1 3 3 4 3
> GRENADE 2 10 3 4 3
> BAT1 8 1 9 1 10 1 7 3 1 4 1 5 6 5 8 5 1 6 5 6 9 6 3 7 11 7 5 8 9 8 13 8 6 9 8 9 13 9 13 10 7 11 13 11 3 13 4 13 5 13 6 13 3 1 9 3 13 3 3 5
> BAT2 4 1 5 1 6 1 8 3 13 4 7 5 13 5 3 6 13 6 5 7 9 7 1 8 11 8 1 9 7 9 11 9 1 10 1 11 5 11 6 11 8 13 9 13 10 13 11 13 5 3 11 5
> BAT3 7 1 6 3 11 6 1 7 7 7 13 7 3 8 3 9 8 11 9 11 7 13
< RES 1637330585 17 3
> REQ 1637330585 18 3
> VAMPIRE 1 1 2 3 0 3 0
> VAMPIRE 2 11 1 3 0 3 0
> VAMPIRE 3 13 13 3 1 3 0
> VAMPIRE 4 1 13 3 1 3 0
> GRENADE 1 3 3 3 3
> GRENADE 2 10 3 3 3
> BAT1 8 1 9 1 10 1 7 3 1 4 1 5 6 5 8 5 1 6 5 6 9 6 3 7 11 7 5 8 9 8 13 8 6 9 8 9 13 9 13 10 7 11 13 11 3 13 4 13 5 13 6 13 3 1 9 3 13 3 3 5
> BAT2 4 1 5 1 6 1 8 3 13 4 7 5 13 5 3 6 13 6 5 7 9 7 1 8 11 8 1 9 7 9 11 9 1 10 1 11 5 11 6 11 8 13 9 13 10 13 11 13 5 3 11 5
> BAT3 7 1 6 3 11 6 1 7 7 7 13 7 3 8 3 9 8 11 9 11 7 13
< RES 1637330585 18 3
> REQ 1637330585 19 3
> VAMPIRE 1 1 2 3 0 3 0
> VAMPIRE 2 11 1 3 0 3 0
> VAMPIRE 3 13 13 3 1 3 0
> VAMPIRE 4 1 13 3 1 3 0
> GRENADE 1 3 3 2 3
> GRENADE 2 10 3 2 3
> BAT1 8 1 9 1 10 1 7 3 1 4 1 5 6 5 8 5 1 6 5 6 9 6 3 7 11 7 5 8 9 8 13 8 6 9 8 9 13 9 13 10 7 11 13 11 3 13 4 13 5 13 6 13 3 1 9 3 13 3 3 5
> BAT2 4 1 5 1 6 1 8 3 13 4 7 5 13 5 3 6 13 6 5 7 9 7 1 8 11 8 1 9 7 9 11 9 1 10 1 11 5 11 6 11 8 13 9 13 10 13 11 13 5 3 11 5
> BAT3 7 1 6 3 11 6 1 7 7 7 13 7 3 8 3 9 8 11 9 11 7 13
< RES 1637330585 19 3
> REQ 1637330585 20 3
> VAMPIRE 1 1 2 3 0 3 0
> VAMPIRE 2 11 1 3 0 3 0
> VAMPIRE 3 13 13 3 1 3 0
> VAMPIRE 4 1 13 3 1 3 0
> GRENADE 1 3 3 1 3
> GRENADE 2 10 3 1 3
> BAT1 8 1 9 1 10 1 7 3 1 4 1 5 6 5 8 5 1 6 5 6 9 6 3 7 11 7 5 8 9 8 13 8 6 9 8 9 13 9 13 10 7 11 13 11 3 13 4 13 5 13 6 13 3 1 9 3 13 3 3 5
> BAT2 4 1 5 1 6 1 8 3 13 4 7 5 13 5 3 6 13 6 5 7 9 7 1 8 11 8 1 9 7 9 11 9 1 10 1 11 5 11 6 11 8 13 9 13 10 13 11 13 5 3 11 5
> BAT3 7 1 6 3 11 6 1 7 7 7 13 7 3 8 3 9 8 11 9 11 7 13
< RES 1637330585 20 3
> REQ 1637330585 21 3
> VAMPIRE 1 1 3 3 1 3 0
> VAMPIRE 2 11 3 3 1 3 0
> VAMPIRE 3 13 13 3 1 3 0
> VAMPIRE 4 1 13 3 1 3 0
> BAT1 8 1 9 1 10 1 7 3 1 4 1 5 6 5 8 5 1 6 5 6 9 6 3 7 11 7 5 8 9 8 13 8 6 9 8 9 13 9 13 10 7 11 13 11 3 13 4 13 5 13 6 13 5 3
> BAT2 4 1 5 1 6 1 8 3 13 4 7 5 13 5 3 6 13 6 5 7 9 7 1 8 11 8 1 9 7 9 11 9 1 10 1 11 5 11 6 11 8 13 9 13 10 13 11 13 11 5
> BAT3 7 1 6 3 11 6 1 7 7 7 13 7 3 8 3 9 8 11 9 11 7 13
< RES 1637330585 21 3
> REQ 1637330585 22 3
> VAMPIRE 1 3 3 3 1 3 0
> VAMPIRE 2 11 3 3 0 3 0
> VAMPIRE 3 13 13 3 1 3 0
> VAMPIRE 4 1 13 3 1 3 0
> GRENADE 2 11 3 5 3
> BAT1 8 1 9 1 10 1 7 3 1 4 1 5 6 5 8 5 1 6 5 6 9 6 3 7 11 7 5 8 9 8 13 8 6 9 8 9 13 9 13 10 7 11 13 11 3 13 4 13 5 13 6 13 5 3
> BAT2 4 1 5 1 6 1 8 3 13 4 7 5 13 5 3 6 13 6 5 7 9 7 1 8 11 8 1 9 7 9 11 9 1 10 1 11 5 11 6 11 8 13 9 13 10 13 11 13 11 5
> BAT3 7 1 6 3 11 6 1 7 7 7 13 7 3 8 3 9 8 11 9 11 7 13
< RES 1637330585 22 3
> REQ 1637330585 23 3
> VAMPIRE 1 3 3 3 0 3 0
> VAMPIRE 2 11 1 3 0 3 0
> VAMPIRE 3 13 13 3 1 3 0
> VAMPIRE 4 1 13 3 1 3 0
> GRENADE 2 9 3 4 3
> GRENADE 1 3 3 5 3
> BAT1 8 1 9 1 10 1 7 3 1 4 1 5 6 5 8 5 1 6 5 6 9 6 3 7 11 7 5 8 9 8 13 8 6 9 8 9 13 9 13 10 7 11 13 11 3 13 4 13 5 13 6 13 5 3
> BAT2 4 1 5 1 6 1 8 3 13 4 7 5 13 5 3 6 13 6 5 7 9 7 1 8 11 8 1 9 7 9 11 9 1 10 1 11 5 11 6 11 8 13 9 13 10 13 11 13 11 5
> BAT3 7 1 6 3 11 6 1 7 7 7 13 7 3 8 3 9 8 11 9 11 7 13
< RES 1637330585 23 3
> REQ 1637330585 24 3
> VAMPIRE 1 1 3 3 0 3 0
> VAMPIRE 2 11 1 3 0 3 0
> VAMPIRE 3 13 13 3 1 3 0
> VAMPIRE 4 1 13 3 1 3 0
> GRENADE 2 9 3 3 3
> GRENADE 1 3 5 4 3
> BAT1 8 1 9 1 10 1 7 3 1 4 1 5 6 5 8 5 1 6 5 6 9 6 3 7 11 7 5 8 9 8 13 8 6 9 8 9 13 9 13 10 7 11 13 11 3 13 4 13 5 13 6 13 5 3
> BAT2 4 1 5 1 6 1 8 3 13 4 7 5 13 5 3 6 13 6 5 7 9 7 1 8 11 8 1 9 7 9 11 9 1 10 1 11 5 11 6 11 8 13 9 13 10 13 11 13 11 5
> BAT3 7 1 6 3 11 6 1 7 7 7 13 7 3 8 3 9 8 11 9 11 7 13
< RES 1637330585 24 3
> REQ 1637330585 25 3
> VAMPIRE 1 1 3 3 0 3 0
> VAMPIRE 2 11 1 3 0 3 0
> VAMPIRE 3 13 13 3 1 3 0
> VAMPIRE 4 1 13 3 1 3 0
> GRENADE 2 9 3 2 3
> GRENADE 1 3 5 3 3
> BAT1 8 1 9 1 10 1 7 3 1 4 1 5 6 5 8 5 1 6 5 6 9 6 3 7 11 7 5 8 9 8 13 8 6 9 8 9 13 9 13 10 7 11 13 11 3 13 4 13 5 13 6 13 5 3
> BAT2 4 1 5 1 6 1 8 3 13 4 7 5 13 5 3 6 13 6 5 7 9 7 1 8 11 8 1 9 7 9 11 9 1 10 1 11 5 11 6 11 8 13 9 13 10 13 11 13 11 5
> BAT3 7 1 6 3 11 6 1 7 7 7 13 7 3 8 3 9 8 11 9 11 7 13
< RES 1637330585 25 3
> REQ 1637330585 26 3
> VAMPIRE 1 1 3 3 0 3 0
> VAMPIRE 2 11 1 3 0 3 0
> VAMPIRE 3 13 13 3 1 3 0
> VAMPIRE 4 1 13 3 1 3 0
> GRENADE 2 9 3 1 3
> GRENADE 1 3 5 2 3
> BAT1 8 1 9 1 10 1 7 3 1 4 1 5 6 5 8 5 1 6 5 6 9 6 3 7 11 7 5 8 9 8 13 8 6 9 8 9 13 9 13 10 7 11 13 11 3 13 4 13 5 13 6 13 5 3
> BAT2 4 1 5 1 6 1 8 3 13 4 7 5 13 5 3 6 13 6 5 7 9 7 1 8 11 8 1 9 7 9 11 9 1 10 1 11 5 11 6 11 8 13 9 13 10 13 11 13 11 5
> BAT3 7 1 6 3 11 6 1 7 7 7 13 7 3 8 3 9 8 11 9 11 7 13
< RES 1637330585 26 3
> REQ 1637330585 27 3
> VAMPIRE 1 1 3 3 0 3 0
> VAMPIRE 2 11 3 3 1 3 0
> VAMPIRE 3 13 13 3 1 3 0
> VAMPIRE 4 1 13 3 1 3 0
> GRENADE 1 3 5 1 3
> BAT1 8 1 10 1 7 3 1 4 1 5 6 5 8 5 1 6 5 6 3 7 11 7 5 8 9 8 13 8 6 9 8 9 13 9 13 10 7 11 13 11 3 13 4 13 5 13 6 13 8 3 5 3
> BAT2 4 1 5 1 6 1 13 4 7 5 13 5 3 6 13 6 5 7 9 7 1 8 11 8 1 9 7 9 11 9 1 10 1 11 5 11 6 11 8 13 9 13 10 13 11 13 11 5
> BAT3 7 1 6 3 11 6 1 7 7 7 13 7 3 8 3 9 8 11 9 11 7 13
< RES 1637330585 27 3
> REQ 1637330585 28 3
> VAMPIRE 1 1 1 3 1 3 0
> VAMPIRE 2 9 3 3 0 3 0
> VAMPIRE 3 13 13 3 1 3 0
> VAMPIRE 4 1 13 3 1 3 0
> GRENADE 2 11 3 5 3
> BAT1 8 1 10 1 7 3 1 4 8 5 1 6 5 6 3 7 11 7 5 8 9 8 13 8 6 9 8 9 13 9 13 10 7 11 13 11 3 13 4 13 5 13 6 13 8 3 3 6 5 3
> BAT2 4 1 5 1 6 1 13 4 7 5 13 5 13 6 5 7 9 7 1 8 11 8 1 9 7 9 11 9 1 10 1 11 5 11 6 11 8 13 9 13 10 13 11 13 11 5
> BAT3 7 1 6 3 11 6 1 7 7 7 13 7 3 8 3 9 8 11 9 11 7 13
< RES 1637330585 28 3
> REQ 1637330585 29 3
> VAMPIRE 1 3 1 3 0 3 0
> VAMPIRE 2 9 5 3 0 3 0
> VAMPIRE 3 13 13 3 1 3 0
> VAMPIRE 4 1 13 3 1 3 0
> GRENADE 2 11 3 4 3
> GRENADE 1 1 1 5 3
> BAT1 8 1 10 1 7 3 1 4 8 5 1 6 5 6 3 7 11 7 5 8 9 8 13 8 6 9 8 9 13 9 13 10 7 11 13 11 3 13 4 13 5 13 6 13 8 3 3 6 5 3
> BAT2 4 1 5 1 6 1 13 4 7 5 13 5 13 6 5 7 9 7 1 8 11 8 1 9 7 9 11 9 1 10 1 11 5 11 6 11 8 13 9 13 10 13 11 13 11 5
> BAT3 7 1 6 3 11 6 1 7 7 7 13 7 3 8 3 9 8 11 9 11 7 13
< RES 1637330585 29 3
> REQ 1637330585 30 3
> VAMPIRE 1 3 3 3 0 3 0
> VAMPIRE 2 9 5 3 0 3 0
> VAMPIRE 3 13 13 3 1 3 0
> VAMPIRE 4 1 13 3 1 3 0
> GRENADE 2 11 3 3 3
> GRENADE 1 1 1 4 3
> BAT1 8 1 10 1 7 3 1 4 8 5 1 6 5 6 3 7 11 7 5 8 9 8 13 8 6 9 8 9 13 9 13 10 7 11 13 11 3 13 4 13 5 13 6 13 8 3 3 6 5 3
> BAT2 4 1 5 1 6 1 13 4 7 5 13 5 13 6 5 7 9 7 1 8 11 8 1 9 7 9 11 9 1 10 1 11 5 11 6 11 8 13 9 13 10 13 11 13 11 5
> BAT3 7 1 6 3 11 6 1 7 7 7 13 7 3 8 3 9 8 11 9 11 7 13
< RES 1637330585 30 3
> REQ 1637330585 31 3
> VAMPIRE 1 3 3 3 0 3 0
> VAMPIRE 2 9 5 3 0 3 0
> VAMPIRE 3 13 13 3 1 3 0
> VAMPIRE 4 1 13 3 1 3 0
> GRENADE 2 11 3 2 3
> GRENADE 1 1 1 3 3
> BAT1 8 1 10 1 7 3 1 4 8 5 1 6 5 6 3 7 11 7 5 8 9 8 13 8 6 9 8 9 13 9 13 10 7 11 13 11 3 13 4 13 5 13 6 13 8 3 3 6 5 3
> BAT2 4 1 5 1 6 1 13 4 7 5 13 5 13 6 5 7 9 7 1 8 11 8 1 9 7 9 11 9 1 10 1 11 5 11 6 11 8 13 9 13 10 13 11 13 11 5
> BAT3 7 1 6 3 11 6 1 7 7 7 13 7 3 8 3 9 8 11 9 11 7 13
< RES 1637330585 31 3
> REQ 1637330585 32 3
> VAMPIRE 1 3 3 3 0 3 0
> VAMPIRE 2 9 5 3 0 3 0
> VAMPIRE 3 13 13 3 1 3 0
> VAMPIRE 4 1 13 3 1 3 0
> GRENADE 2 11 3 1 3
> GRENADE 1 1 1 2 3
> BAT1 8 1 10 1 7 3 1 4 8 5 1 6 5 6 3 7 11 7 5 8 9 8 13 8 6 9 8 9 13 9 13 10 7 11 13 11 3 13 4 13 5 13 6 13 8 3 3 6 5 3
> BAT2 4 1 5 1 6 1 13 4 7 5 13 5 13 6 5 7 9 7 1 8 11 8 1 9 7 9 11 9 1 10 1 11 5 11 6 11 8 13 9 13 10 13 11 13 11 5
> BAT3 7 1 6 3 11 6 1 7 7 7 13 7 3 8 3 9 8 11 9 11 7 13
< RES 1637330585 32 3
> REQ 1637330585 33 3
> VAMPIRE 1 3 5 3 0 3 0
> VAMPIRE 2 9 5 3 1 3 0
> VAMPIRE 3 13 13 3 1 3 0
> VAMPIRE 4 1 13 3 1 3 0
> GRENADE 1 1 1 1 3
> BAT1 8 1 10 1 7 3 1 4 8 5 1 6 5 6 3 7 11 7 5 8 9 8 13 8 6 9 8 9 13 9 13 10 7 11 13 11 3 13 4 13 5 13 6 13 3 6 5 3 11 5
> BAT2 4 1 5 1 6 1 13 4 7 5 13 5 13 6 5 7 9 7 1 8 11 8 1 9 7 9 11 9 1 10 1 11 5 11 6 11 8 13 9 13 10 13 11 13
> BAT3 7 1 6 3 11 6 1 7 7 7 13 7 3 8 3 9 8 11 9 11 7 13
< RES 1637330585 33 3
> REQ 1637330585 34 3
> VAMPIRE 1 5 5 3 1 3 0
> VAMPIRE 2 9 5 3 0 3 0
> VAMPIRE 3 13 13 3 1 3 0
> VAMPIRE 4 1 13 3 1 3 0
> GRENADE 2 9 5 5 3
> BAT1 8 1 10 1 7 3 8 5 1 6 5 6 3 7 11 7 5 8 9 8 13 8 6 9 8 9 13 9 13 10 7 11 13 11 3 13 4 13 5 13 6 13 4 1 3 6 5 3 11 5
> BAT2 5 1 6 1 13 4 7 5 13 5 13 6 5 7 9 7 1 8 11 8 1 9 7 9 11 9 1 10 1 11 5 11 6 11 8 13 9 13 10 13 11 13
> BAT3 7 1 6 3 11 6 1 7 7 7 13 7 3 8 3 9 8 11 9 11 7 13
< RES 1637330585 34 3
> REQ 1637330585 35 3
> VAMPIRE 1 3 5 3 0 3 0
> VAMPIRE 2 9 5 3 0 3 0
> VAMPIRE 3 13 13 3 1 3 0
> VAMPIRE 4 1 13 3 1 3 0
> GRENADE 2 9 9 4 3
> GRENADE 1 5 5 5 3
> BAT1 8 1 10 1 7 3 8 5 1 6 5 6 3 7 11 7 5 8 9 8 13 8 6 9 8 9 13 9 13 10 7 11 13 11 3 13 4 13 5 13 6 13 4 1 3 6 5 3 11 5
> BAT2 5 1 6 1 13 4 7 5 13 5 13 6 5 7 9 7 1 8 11 8 1 9 7 9 11 9 1 10 1 11 5 11 6 11 8 13 9 13 10 13 11 13
> BAT3 7 1 6 3 11 6 1 7 7 7 13 7 3 8 3 9 8 11 9 11 7 13
< RES 1637330585 35 3
> REQ 1637330585 36 3
> VAMPIRE 1 3 3 3 0 3 0
> VAMPIRE 2 9 3 3 0 3 0
> VAMPIRE 3 13 13 3 1 3 0
> VAMPIRE 4 1 13 3 1 3 0
> GRENADE 2 9 9 3 3
> GRENADE 1 5 5 4 3
> BAT1 8 1 10 1 7 3 8 5 1 6 5 6 3 7 11 7 5 8 9 8 13 8 6 9 8 9 13 9 13 10 7 11 13 11 3 13 4 13 5 13 6 13 4 1 3 6 5 3 11 5
> BAT2 5 1 6 1 13 4 7 5 13 5 13 6 5 7 9 7 1 8 11 8 1 9 7 9 11 9 1 10 1 11 5 11 6 11 8 13 9 13 10 13 11 13
> BAT3 7 1 6 3 11 6 1 7 7 7 13 7 3 8 3 9 8 11 9 11 7 13
< RES 1637330585 36 3
> REQ 1637330585 37 3
> VAMPIRE 1 3 3 3 0 3 0
> VAMPIRE 2 9 3 3 0 3 0
> VAMPIRE 3 13 13 3 1 3 0
> VAMPIRE 4 1 13 3 1 3 0
> GRENADE 2 9 9 2 3
> GRENADE 1 5 5 3 3
> BAT1 8 1 10 1 7 3 8 5 1 6 5 6 3 7 11 7 5 8 9 8 13 8 6 9 8 9 13 9 13 10 7 11 13 11 3 13 4 13 5 13 6 13 4 1 3 6 5 3 11 5
> BAT2 5 1 6 1 13 4 7 5 13 5 13 6 5 7 9 7 1 8 11 8 1 9 7 9 11 9 1 10 1 11 5 11 6 11 8 13 9 13 10 13 11 13
> BAT3 7 1 6 3 11 6 1 7 7 7 13 7 3 8 3 9 8 11 9 11 7 13
< RES 1637330585 37 3
> REQ 1637330585 38 3
> VAMPIRE 1 3 3 3 0 3 0
> VAMPIRE 2 9 5 3 0 3 0
> VAMPIRE 3 13 13 3 1 3 0
> VAMPIRE 4 1 13 3 1 3 0
> GRENADE 2 9 9 1 3
> GRENADE 1 5 5 2 3
> BAT1 8 1 10 1 7 3 8 5 1 6 5 6 3 7 11 7 5 8 9 8 13 8 6 9 8 9 13 9 13 10 7 11 13 11 3 13 4 13 5 13 6 13 4 1 3 6 5 3 11 5
> BAT2 5 1 6 1 13 4 7 5 13 5 13 6 5 7 9 7 1 8 11 8 1 9 7 9 11 9 1 10 1 11 5 11 6 11 8 13 9 13 10 13 11 13
> BAT3 7 1 6 3 11 6 1 7 7 7 13 7 3 8 3 9 8 11 9 11 7 13
< RES 1637330585 38 3
> REQ 1637330585 39 3
> VAMPIRE 1 3 3 3 0 3 0
> VAMPIRE 2 9 5 3 1 3 0
> VAMPIRE 3 13 13 3 1 3 0
> VAMPIRE 4 1 13 3 1 3 0
> GRENADE 1 5 5 1 3
> BAT1 8 1 10 1 7 3 8 5 1 6 5 6 3 7 11 7 5 8 13 8 6 9 13 9 13 10 7 11 13 11 3 13 4 13 5 13 6 13 4 1 3 6 11 9 5 3 11 5
> BAT2 5 1 6 1 13 4 7 5 13 5 13 6 5 7 9 7 1 8 11 8 1 9 7 9 1 10 1 11 5 11 6 11 8 13 9 13 10 13 11 13 9 11
> BAT3 7 1 6 3 11 6 1 7 7 7 13 7 3 8 3 9 8 11 7 13
< RES 1637330585 39 3
> REQ 1637330585 40 3
> VAMPIRE 1 3 3 3 1 3 0
> VAMPIRE 2 9 5 3 0 3 0
> VAMPIRE 3 13 13 3 1 3 0
> VAMPIRE 4 1 13 3 1 3 0
> GRENADE 2 9 5 5 3
> BAT1 8 1 10 1 7 3 8 5 1 6 3 7 11 7 5 8 13 8 6 9 13 9 13 10 7 11 13 11 3 13 4 13 5 13 6 13 4 1 7 5 3 6 11 9 11 5
> BAT2 5 1 6 1 13 4 13 5 13 6 5 7 9 7 1 8 11 8 1 9 7 9 1 10 1 11 5 11 6 11 8 13 9 13 10 13 11 13 9 11
> BAT3 7 1 6 3 11 6 1 7 7 7 13 7 3 8 3 9 8 11 7 13
< RES 1637330585 40 3
> REQ 1637330585 41 3
> VAMPIRE 1 3 3 3 0 3 0
> VAMPIRE 2 9 5 3 0 3 0
> VAMPIRE 3 13 13 3 1 3 0
> VAMPIRE 4 1 13 3 1 3 0
> GRENADE 2 9 9 4 3
> GRENADE 1 3 3 5 3
> BAT1 8 1 10 1 7 3 8 5 1 6 3 7 11 7 5 8 13 8 6 9 13 9 13 10 7 11 13 11 3 13 4 13 5 13 6 13 4 1 7 5 3 6 11 9 11 5
> BAT2 5 1 6 1 13 4 13 5 13 6 5 7 9 7 1 8 11 8 1 9 7 9 1 10 1 11 5 11 6 11 8 13 9 13 10 13 11 13 9 11
> BAT3 7 1 6 3 11 6 1 7 7 7 13 7 3 8 3 9 8 11 7 13
< RES 1637330585 41 3
> REQ 1637330585 42 3
> VAMPIRE 1 3 5 3 0 3 0
> VAMPIRE 2 9 3 3 0 3 0
> VAMPIRE 3 13 13 3 1 3 0
> VAMPIRE 4 1 13 3 1 3 0
> GRENADE 2 9 9 3 3
> GRENADE 1 5 3 4 3
> BAT1 8 1 10 1 7 3 8 5 1 6 3 7 11 7 5 8 13 8 6 9 13 9 13 10 7 11 13 11 3 13 4 13 5 13 6 13 4 1 7 5 3 6 11 9 11 5
> BAT2 5 1 6 1 13 4 13 5 13 6 5 7 9 7 1 8 11 8 1 9 7 9 1 10 1 11 5 11 6 11 8 13 9 13 10 13 11 13 9 11
> BAT3 7 1 6 3 11 6 1 7 7 7 13 7 3 8 3 9 8 11 7 13
< RES 1637330585 42 3
> REQ 1637330585 43 3
> VAMPIRE 1 3 5 3 0 3 0
> VAMPIRE 2 9 3 3 0 3 0
> VAMPIRE 3 13 13 3 1 3 0
> VAMPIRE 4 1 13 3 1 3 0
> GRENADE 2 9 9 2 3
> GRENADE 1 5 3 3 3
> BAT1 8 1 10 1 7 3 8 5 1 6 3 7 11 7 5 8 13 8 6 9 13 9 13 10 7 11 13 11 3 13 4 13 5 13 6 13 4 1 7 5 3 6 11 9 11 5
> BAT2 5 1 6 1 13 4 13 5 13 6 5 7 9 7 1 8 11 8 1 9 7 9 1 10 1 11 5 11 6 11 8 13 9 13 10 13 11 13 9 11
> BAT3 7 1 6 3 11 6 1 7 7 7 13 7 3 8 3 9 8 11 7 13
< RES 1637330585 43 3
> REQ 1637330585 44 3
> VAMPIRE 1 3 5 3 0 3 0
> VAMPIRE 2 9 5 3 0 3 0
> VAMPIRE 3 13 13 3 1 3 0
> VAMPIRE 4 1 13 3 1 3 0
> GRENADE 2 9 9 1 3
> GRENADE 1 5 3 2 3
> BAT1 8 1 10 1 7 3 8 5 1 6 3 7 11 7 5 8 13 8 6 9 13 9 13 10 7 11 13 11 3 13 4 13 5 13 6 13 4 1 7 5 3 6 11 9 11 5
> BAT2 5 1 6 1 13 4 13 5 13 6 5 7 9 7 1 8 11 8 1 9 7 9 1 10 1 11 5 11 6 11 8 13 9 13 10 13 11 13 9 11
> BAT3 7 1 6 3 11 6 1 7 7 7 13 7 3 8 3 9 8 11 7 13
< RES 1637330585 44 3
> REQ 1637330585 45 3
> VAMPIRE 1 3 5 3 0 3 0
> VAMPIRE 2 9 5 3 1 3 0
> VAMPIRE 3 13 13 3 1 3 0
> VAMPIRE 4 1 13 3 1 3 0
> GRENADE 1 5 3 1 3
> BAT1 8 1 10 1 7 3 8 5 1 6 3 7 11 7 5 8 13 8 6 9 13 9 13 10 7 11 13 11 3 13 4 13 5 13 6 13 4 1 7 5 3 6 9 7 7 9 11 5 9 11
> BAT2 5 1 6 1 13 4 13 5 13 6 5 7 1 8 11 8 1 9 1 10 1 11 5 11 6 11 8 13 9 13 10 13 11 13
> BAT3 7 1 6 3 11 6 1 7 7 7 13 7 3 8 3 9 8 11 7 13
< RES 1637330585 45 3
> REQ 1637330585 46 3
> VAMPIRE 1 5 5 3 1 3 0
> VAMPIRE 2 9 3 3 0 3 0
> VAMPIRE 3 13 13 3 1 3 0
> VAMPIRE 4 1 13 3 1 3 0
> GRENADE 2 9 5 5 3
> BAT1 8 1 10 1 7 3 8 5 1 6 3 7 11 7 5 8 13 8 6 9 13 9 13 10 7 11 13 11 3 13 4 13 5 13 6 13 4 1 5 1 7 5 3 6 9 7 7 9 11 5 9 11
> BAT2 6 1 13 4 13 5 13 6 5 7 1 8 11 8 1 9 1 10 1 11 5 11 6 11 8 13 9 13 10 13 11 13 6 3
> BAT3 7 1 11 6 1 7 7 7 13 7 3 8 3 9 8 11 7 13
< RES 1637330585 46 3
> REQ 1637330585 47 3
> VAMPIRE 1 5 5 3 0 3 0
> VAMPIRE 2 11 3 3 0 3 0
> VAMPIRE 3 13 13 3 1 3 0
> VAMPIRE 4 1 13 3 1 3 0
> GRENADE 2 9 5 4 3
> GRENADE 1 5 5 5 3
> BAT1 8 1 10 1 7 3 8 5 1 6 3 7 11 7 5 8 13 8 6 9 13 9 13 10 7 11 13 11 3 13 4 13 5 13 6 13 4 1 5 1 7 5 3 6 9 7 7 9 11 5 9 11
> BAT2 6 1 13 4 13 5 13 6 5 7 1 8 11 8 1 9 1 10 1 11 5 11 6 11 8 13 9 13 10 13 11 13 6 3
> BAT3 7 1 11 6 1 7 7 7 13 7 3 8 3 9 8 11 7 13
< RES 1637330585 47 3
> REQ 1637330585 48 3
> VAMPIRE 1 5 5 3 0 3 0
> VAMPIRE 2 11 3 3 0 3 0
> VAMPIRE 3 13 13 3 1 3 0
> VAMPIRE 4 1 13 3 1 3 0
> GRENADE 2 9 5 3 3
> GRENADE 1 5 9 4 3
> BAT1 8 1 10 1 7 3 8 5 1 6 3 7 11 7 5 8 13 8 6 9 13 9 13 10 7 11 13 11 3 13 4 13 5 13 6 13 4 1 5 1 7 5 3 6 9 7 7 9 11 5 9 11
> BAT2 6 1 13 4 13 5 13 6 5 7 1 8 11 8 1 9 1 10 1 11 5 11 6 11 8 13 9 13 10 13 11 13 6 3
> BAT3 7 1 11 6 1 7 7 7 13 7 3 8 3 9 8 11 7 13
< RES 1637330585 48 3
> REQ 1637330585 49 3
> VAMPIRE 1 5 5 3 0 3 0
> VAMPIRE 2 9 3 3 0 3 0
> VAMPIRE 3 13 13 3 1 3 0
> VAMPIRE 4 1 13 3 1 3 0
> GRENADE 2 9 5 2 3
> GRENADE 1 5 9 3 3
> BAT1 8 1 10 1 7 3 8 5 1 6 3 7 11 7 5 8 13 8 6 9 13 9 13 10 7 11 13 11 3 13 4 13 5 13 6 13 4 1 5 1 7 5 3 6 9 7 7 9 11 5 9 11
> BAT2 6 1 13 4 13 5 13 6 5 7 1 8 11 8 1 9 1 10 1 11 5 11 6 11 8 13 9 13 10 13 11 13 6 3
> BAT3 7 1 11 6 1 7 7 7 13 7 3 8 3 9 8 11 7 13
< RES 1637330585 49 3
> REQ 1637330585 50 3
> VAMPIRE 1 5 5 3 0 3 0
> VAMPIRE 2 11 3 3 0 3 0
> VAMPIRE 3 13 13 3 1 3 0
> VAMPIRE 4 1 13 3 1 3 0
> GRENADE 2 9 5 1 3
> GRENADE 1 5 9 2 3
> BAT1 8 1 10 1 7 3 8 5 1 6 3 7 11 7 5 8 13 8 6 9 13 9 13 10 7 11 13 11 3 13 4 13 5 13 6 13 4 1 5 1 7 5 3 6 9 7 7 9 11 5 9 11
> BAT2 6 1 13 4 13 5 13 6 5 7 1 8 11 8 1 9 1 10 1 11 5 11 6 11 8 13 9 13 10 13 11 13 6 3
> BAT3 7 1 11 6 1 7 7 7 13 7 3 8 3 9 8 11 7 13
< RES 1637330585 50 3
< MOVE L
> REQ 1637330585 51 3
> VAMPIRE 1 5 5 3 0 3 0
> VAMPIRE 2 9 3 3 1 3 0
> VAMPIRE 3 13 12 3 1 3 0
> VAMPIRE 4 1 13 3 1 3 0
> GRENADE 1 5 9 1 3
> BAT1 8 1 10 1 7 3 1 6 3 7 11 7 5 8 13 8 6 9 13 9 13 10 7 11 13 11 3 13 4 13 5 13 6 13 4 1 5 1 7 5 3 6 7 9 9 11
> BAT2 6 1 13 4 13 5 13 6 5 7 1 8 11 8 1 9 1 10 1 11 5 11 6 11 8 13 9 13 10 13 11 13 6 3
> BAT3 7 1 11 6 1 7 7 7 13 7 3 8 3 9 8 11 7 13
< RES 1637330585 51 3
< GRENADE
< MOVE R U
> REQ 1637330585 52 3
> VAMPIRE 1 5 5 3 1 3 0
> VAMPIRE 2 9 3 3 0 3 0
> VAMPIRE 3 12 13 3 0 3 0
> VAMPIRE 4 1 13 3 1 3 0
> GRENADE 2 9 3 5 3
> GRENADE 3 13 12 5 3
> BAT1 8 1 10 1 7 3 1 6 3 7 11 7 13 8 13 9 13 10 7 11 13 11 3 13 4 13 5 13 6 13 4 1 5 1 7 5 3 6 7 9 5 11 9 11
> BAT2 6 1 13 4 13 5 13 6 5 7 1 8 11 8 1 9 1 10 1 11 6 11 8 13 9 13 10 13 11 13 6 3 3 9
> BAT3 7 1 11 6 1 7 7 7 13 7 3 8 8 11 7 13
< RES 1637330585 52 3
> REQ 1637330585 53 3
> VAMPIRE 1 5 5 3 0 3 0
> VAMPIRE 2 9 3 3 0 3 0
> VAMPIRE 3 12 13 3 0 3 0
> VAMPIRE 4 1 13 3 1 3 0
> GRENADE 2 5 3 4 3
> GRENADE 3 13 12 4 3
> GRENADE 1 5 5 5 3
> BAT1 8 1 10 1 7 3 1 6 3 7 11 7 13 8 13 9 13 10 7 11 13 11 3 13 4 13 5 13 6 13 4 1 5 1 7 5 3 6 7 9 5 11 9 11
> BAT2 6 1 13 4 13 5 13 6 5 7 1 8 11 8 1 9 1 10 1 11 6 11 8 13 9 13 10 13 11 13 6 3 3 9
> BAT3 7 1 11 6 1 7 7 7 13 7 3 8 8 11 7 13
< RES 1637330585 53 3
> REQ 1637330585 54 3
> VAMPIRE 1 3 5 3 0 3 0
> VAMPIRE 2 9 3 3 0 3 0
> VAMPIRE 3 12 13 3 0 3 0
> VAMPIRE 4 1 13 3 1 3 0
> GRENADE 2 5 3 3 3
> GRENADE 3 13 12 3 3
> GRENADE 1 5 9 4 3
> BAT1 8 1 10 1 7 3 1 6 3 7 11 7 13 8 13 9 13 10 7 11 13 11 3 13 4 13 5 13 6 13 4 1 5 1 7 5 3 6 7 9 5 11 9 11
> BAT2 6 1 13 4 13 5 13 6 5 7 1 8 11 8 1 9 1 10 1 11 6 11 8 13 9 13 10 13 11 13 6 3 3 9
> BAT3 7 1 11 6 1 7 7 7 13 7 3 8 8 11 7 13
< RES 1637330585 54 3
> REQ 1637330585 55 3
> VAMPIRE 1 3 5 3 0 3 0
> VAMPIRE 2 9 3 3 0 3 0
> VAMPIRE 3 12 13 3 0 3 0
> VAMPIRE 4 1 13 3 1 3 0
> GRENADE 2 5 3 2 3
> GRENADE 3 13 12 2 3
> GRENADE 1 5 9 3 3
> BAT1 8 1 10 1 7 3 1 6 3 7 11 7 13 8 13 9 13 10 7 11 13 11 3 13 4 13 5 13 6 13 4 1 5 1 7 5 3 6 7 9 5 11 9 11
> BAT2 6 1 13 4 13 5 13 6 5 7 1 8 11 8 1 9 1 10 1 11 6 11 8 13 9 13 10 13 11 13 6 3 3 9
> BAT3 7 1 11 6 1 7 7 7 13 7 3 8 8 11 7 13
< RES 1637330585 55 3
> REQ 1637330585 56 3
> VAMPIRE 1 3 5 3 0 3 0
> VAMPIRE 2 9 2 3 0 3 0
> VAMPIRE 3 12 13 3 0 3 0
> VAMPIRE 4 1 13 3 1 3 0
> GRENADE 2 5 3 1 3
> GRENADE 3 13 12 1 3
> GRENADE 1 5 9 2 3
> BAT1 8 1 10 1 7 3 1 6 3 7 11 7 13 8 13 9 13 10 7 11 13 11 3 13 4 13 5 13 6 13 4 1 5 1 7 5 3 6 7 9 5 11 9 11
> BAT2 6 1 13 4 13 5 13 6 5 7 1 8 11 8 1 9 1 10 1 11 6 11 8 13 9 13 10 13 11 13 6 3 3 9
> BAT3 7 1 11 6 1 7 7 7 13 7 3 8 8 11 7 13
< RES 1637330585 56 3
< MOVE D
> REQ 1637330585 57 3
> VAMPIRE 1 5 5 3 0 3 0
> VAMPIRE 2 9 1 3 1 3 0
> VAMPIRE 3 13 13 3 1 3 0
> VAMPIRE 4 1 13 3 1 3 0
> GRENADE 1 5 9 1 3
> BAT1 8 1 10 1 7 3 1 6 3 7 11 7 13 8 13 9 13 10 7 11 3 13 4 13 5 13 6 13 4 1 7 5 3 6 7 9 5 11 6 3 9 11
> BAT2 6 1 13 4 13 5 13 6 5 7 1 8 11 8 1 9 1 10 1 11 6 11 8 13 9 13 10 13 11 13 3 9
> BAT3 7 1 11 6 1 7 7 7 13 7 3 8 8 11 7 13
< RES 1637330585 57 3
< GRENADE
< MOVE L L
> REQ 1637330585 58 3
> VAMPIRE 1 5 5 3 1 3 0
> VAMPIRE 2 9 3 3 0 3 0
> VAMPIRE 3 13 11 3 0 3 0
> VAMPIRE 4 1 13 3 1 3 0
> GRENADE 2 9 1 5 3
> GRENADE 3 13 13 5 3
> BAT1 8 1 10 1 7 3 1 6 3 7 11 7 13 8 13 9 13 10 7 11 3 13 4 13 5 13 6 13 4 1 7 5 3 6 5 7 6 3 3 9 9 11
> BAT2 6 1 13 4 13 5 13 6 1 8 11 8 1 9 1 10 1 11 6 11 8 13 9 13 10 13 11 13
> BAT3 7 1 11 6 1 7 7 7 13 7 3 8 8 11 7 13
< RES 1637330585 58 3
< MOVE U U
> REQ 1637330585 59 3
> VAMPIRE 1 3 5 3 0 3 0
> VAMPIRE 2 9 5 3 0 3 0
> VAMPIRE 3 11 11 3 0 3 0
> VAMPIRE 4 1 13 3 1 3 0
> GRENADE 2 9 1 4 3
> GRENADE 3 13 13 4 3
> GRENADE 1 5 5 5 3
> BAT1 8 1 10 1 7 3 1 6 3 7 11 7 13 8 13 9 13 10 7 11 3 13 4 13 5 13 6 13 4 1 7 5 3 6 5 7 6 3 3 9 9 11
> BAT2 6 1 13 4 13 5 13 6 1 8 11 8 1 9 1 10 1 11 6 11 8 13 9 13 10 13 11 13
> BAT3 7 1 11 6 1 7 7 7 13 7 3 8 8 11 7 13
< RES 1637330585 59 3
> REQ 1637330585 60 3
> VAMPIRE 1 3 3 3 0 3 0
> VAMPIRE 2 9 5 3 0 3 0
> VAMPIRE 3 11 11 3 0 3 0
> VAMPIRE 4 1 13 3 1 3 0
> GRENADE 2 9 1 3 3
> GRENADE 3 13 13 3 3
> GRENADE 1 5 5 4 3
> BAT1 8 1 10 1 7 3 1 6 3 7 11 7 13 8 13 9 13 10 7 11 3 13 4 13 5 13 6 13 4 1 7 5 3 6 5 7 6 3 3 9 9 11
> BAT2 6 1 13 4 13 5 13 6 1 8 11 8 1 9 1 10 1 11 6 11 8 13 9 13 10 13 11 13
> BAT3 7 1 11 6 1 7 7 7 13 7 3 8 8 11 7 13
< RES 1637330585 60 3
> REQ 1637330585 61 3
> VAMPIRE 1 3 3 3 0 3 0
> VAMPIRE 2 9 5 3 0 3 0
> VAMPIRE 3 11 11 3 0 3 0
> VAMPIRE 4 1 13 3 1 3 0
> GRENADE 2 9 1 2 3
> GRENADE 3 13 13 2 3
> GRENADE 1 5 5 3 3
> BAT1 8 1 10 1 7 3 1 6 3 7 11 7 13 8 13 9 13 10 7 11 3 13 4 13 5 13 6 13 4 1 7 5 3 6 5 7 6 3 3 9 9 11
> BAT2 6 1 13 4 13 5 13 6 1 8 11 8 1 9 1 10 1 11 6 11 8 13 9 13 10 13 11 13
> BAT3 7 1 11 6 1 7 7 7 13 7 3 8 8 11 7 13
< RES 1637330585 61 3
> REQ 1637330585 62 3
> VAMPIRE 1 3 3 3 0 3 0
> VAMPIRE 2 9 5 3 0 3 0
> VAMPIRE 3 11 11 3 0 3 0
> VAMPIRE 4 1 13 3 1 3 0
> GRENADE 2 9 1 1 3
> GRENADE 3 13 13 1 3
> GRENADE 1 5 5 2 3
> BAT1 8 1 10 1 7 3 1 6 3 7 11 7 13 8 13 9 13 10 7 11 3 13 4 13 5 13 6 13 4 1 7 5 3 6 5 7 6 3 3 9 9 11
> BAT2 6 1 13 4 13 5 13 6 1 8 11 8 1 9 1 10 1 11 6 11 8 13 9 13 10 13 11 13
> BAT3 7 1 11 6 1 7 7 7 13 7 3 8 8 11 7 13
< RES 1637330585 62 3
> REQ 1637330585 63 3
> VAMPIRE 1 3 3 3 0 3 0
> VAMPIRE 2 11 5 3 1 3 0
> VAMPIRE 3 11 11 3 1 3 0
> VAMPIRE 4 1 13 3 1 3 0
> GRENADE 1 5 5 1 3
> BAT1 7 3 1 6 3 7 11 7 13 8 13 9 7 11 3 13 4 13 5 13 6 13 4 1 7 5 3 6 5 7 11 13 6 3 3 9 9 11
> BAT2 6 1 13 4 13 5 13 6 1 8 11 8 1 9 1 10 1 11 6 11 8 13 9 13 10 13
> BAT3 7 1 11 6 1 7 7 7 13 7 3 8 8 11 7 13
< RES 1637330585 63 3
< GRENADE
< MOVE L L
> REQ 1637330585 64 3
> VAMPIRE 1 3 3 3 1 3 0
> VAMPIRE 2 9 5 3 0 3 0
> VAMPIRE 3 11 9 3 0 3 0
> VAMPIRE 4 1 13 3 1 3 0
> GRENADE 2 11 5 5 3
> GRENADE 3 11 11 5 3
> BAT1 7 3 1 6 3 7 11 7 13 8 13 9 7 11 3 13 4 13 5 13 6 13 4 1 3 6 11 13 6 3 3 9 9 11
> BAT2 6 1 13 4 13 5 13 6 1 8 11 8 1 9 1 10 1 11 6 11 8 13 9 13 10 13
> BAT3 7 1 11 6 1 7 7 7 13 7 3 8 8 11 7 13
< RES 1637330585 64 3
< MOVE U
> REQ 1637330585 65 3
> VAMPIRE 1 5 3 3 0 3 0
> VAMPIRE 2 9 3 3 0 3 0
> VAMPIRE 3 10 9 3 0 3 0
> VAMPIRE 4 1 13 3 1 3 0
> GRENADE 2 11 5 4 3
> GRENADE 3 11 11 4 3
> GRENADE 1 3 3 5 3
> BAT1 7 3 1 6 3 7 11 7 13 8 13 9 7 11 3 13 4 13 5 13 6 13 4 1 3 6 11 13 6 3 3 9 9 11
> BAT2 6 1 13 4 13 5 13 6 1 8 11 8 1 9 1 10 1 11 6 11 8 13 9 13 10 13
> BAT3 7 1 11 6 1 7 7 7 13 7 3 8 8 11 7 13
< RES 1637330585 65 3
< MOVE U
> REQ 1637330585 66 3
> VAMPIRE 1 5 5 3 0 3 0
> VAMPIRE 2 10 3 3 0 3 0
> VAMPIRE 3 9 9 3 0 3 0
> VAMPIRE 4 1 13 3 1 3 0
> GRENADE 2 11 5 3 3
> GRENADE 3 11 11 3 3
> GRENADE 1 3 3 4 3
> BAT1 7 3 1 6 3 7 11 7 13 8 13 9 7 11 3 13 4 13 5 13 6 13 4 1 3 6 11 13 6 3 3 9 9 11
> BAT2 6 1 13 4 13 5 13 6 1 8 11 8 1 9 1 10 1 11 6 11 8 13 9 13 10 13
> BAT3 7 1 11 6 1 7 7 7 13 7 3 8 8 11 7 13
< RES 1637330585 66 3
> REQ 1637330585 67 3
> VAMPIRE 1 5 7 3 0 3 0
> VAMPIRE 2 11 4 3 0 3 0
> VAMPIRE 3 9 9 3 0 3 0
> VAMPIRE 4 1 13 3 1 3 0
> GRENADE 2 11 5 2 3
> GRENADE 3 11 11 2 3
> GRENADE 1 3 3 3 3
> BAT1 7 3 1 6 3 7 11 7 13 8 13 9 7 11 3 13 4 13 5 13 6 13 4 1 3 6 11 13 6 3 3 9 9 11
> BAT2 6 1 13 4 13 5 13 6 1 8 11 8 1 9 1 10 1 11 6 11 8 13 9 13 10 13
> BAT3 7 1 11 6 1 7 7 7 13 7 3 8 8 11 7 13
< RES 1637330585 67 3
< MOVE L L
> REQ 1637330585 68 3
> VAMPIRE 1 5 9 3 0 3 0
> VAMPIRE 2 11 3 3 0 3 0
> VAMPIRE 3 9 7 3 0 3 0
> VAMPIRE 4 1 13 3 1 3 0
> GRENADE 2 11 9 1 3
> GRENADE 3 11 11 1 3
> GRENADE 1 3 3 2 3
> BAT1 7 3 1 6 3 7 11 7 13 8 13 9 7 11 3 13 4 13 5 13 6 13 4 1 3 6 11 13 6 3 3 9 9 11
> BAT2 6 1 13 4 13 5 13 6 1 8 11 8 1 9 1 10 1 11 6 11 8 13 9 13 10 13
> BAT3 7 1 11 6 1 7 7 7 13 7 3 8 8 11 7 13
< RES 1637330585 68 3
> REQ 1637330585 69 3
> VAMPIRE 1 5 11 3 0 3 0
> VAMPIRE 2 11 5 3 1 3 0
> VAMPIRE 3 9 7 3 1 3 0
> VAMPIRE 4 1 13 3 1 3 0
> GRENADE 1 3 3 1 3
> BAT1 7 3 1 6 3 7 11 7 13 8 7 11 3 13 4 13 5 13 6 13 4 1 3 6 11 8 6 3 3 9
> BAT2 6 1 13 4 13 5 13 6 1 8 1 9 1 10 1 11 6 11 8 13 9 13 10 13
> BAT3 7 1 11 6 1 7 7 7 13 7 3 8 8 11 7 13
< RES 1637330585 69 3
< GRENADE
> REQ 1637330585 70 3
> VAMPIRE 1 3 11 3 1 3 0
> VAMPIRE 2 11 3 3 0 3 0
> VAMPIRE 3 9 7 3 0 3 0
> VAMPIRE 4 1 13 3 1 3 0
> GRENADE 2 11 5 5 3
> GRENADE 3 9 7 5 3
> BAT1 7 3 1 6 3 7 11 7 13 8 7 11 3 13 4 13 5 13 6 13 4 1 11 8 3 9
> BAT2 6 1 13 4 13 5 13 6 1 8 1 9 1 10 1 11 6 11 8 13 9 13 10 13
> BAT3 7 1 11 6 1 7 7 7 13 7 3 8 8 11 7 13
< RES 1637330585 70 3
< THROW XU 4
> REQ 1637330585 71 3
> VAMPIRE 1 5 11 3 0 3 0
> VAMPIRE 2 10 3 3 0 3 0
> VAMPIRE 3 9 7 3 0 3 0
> VAMPIRE 4 1 13 3 1 3 0
> GRENADE 2 11 5 4 3
> GRENADE 3 5 7 4 3
> GRENADE 1 3 11 5 3
> BAT1 7 3 1 6 3 7 11 7 13 8 7 11 3 13 4 13 5 13 6 13 4 1 11 8 3 9
> BAT2 6 1 13 4 13 5 13 6 1 8 1 9 1 10 1 11 6 11 8 13 9 13 10 13
> BAT3 7 1 11 6 1 7 7 7 13 7 3 8 8 11 7 13
< RES 1637330585 71 3
> REQ 1637330585 72 3
> VAMPIRE 1 5 12 3 0 3 0
> VAMPIRE 2 10 3 3 0 3 0
> VAMPIRE 3 9 7 3 0 3 0
> VAMPIRE 4 1 13 3 1 3 0
> GRENADE 2 11 5 3 3
> GRENADE 3 5 7 3 3
> GRENADE 1 3 11 4 3
> BAT1 7 3 1 6 3 7 11 7 13 8 7 11 3 13 4 13 5 13 6 13 4 1 11 8 3 9
> BAT2 6 1 13 4 13 5 13 6 1 8 1 9 1 10 1 11 6 11 8 13 9 13 10 13
> BAT3 7 1 11 6 1 7 7 7 13 7 3 8 8 11 7 13
< RES 1637330585 72 3
> REQ 1637330585 73 3
> VAMPIRE 1 5 12 3 0 3 0
> VAMPIRE 2 10 3 3 0 3 0
> VAMPIRE 3 9 7 3 0 3 0
> VAMPIRE 4 1 13 3 0 3 0
> GRENADE 2 11 5 2 3
> GRENADE 3 5 7 2 3
> GRENADE 1 3 11 3 3
> GRENADE 4 1 13 5 3
> BAT1 7 3 1 6 3 7 11 7 13 8 7 11 3 13 4 13 5 13 6 13 4 1 11 8 3 9
> BAT2 6 1 13 4 13 5 13 6 1 8 1 9 1 10 1 11 6 11 8 13 9 13 10 13
> BAT3 7 1 11 6 1 7 7 7 13 7 3 8 8 11 7 13
< RES 1637330585 73 3
> REQ 1637330585 74 3
> VAMPIRE 1 5 12 3 0 3 0
> VAMPIRE 2 10 3 3 0 3 0
> VAMPIRE 3 9 7 3 0 3 0
> VAMPIRE 4 1 13 3 0 3 0
> GRENADE 2 11 5 1 3
> GRENADE 3 5 7 1 3
> GRENADE 1 3 11 2 3
> GRENADE 4 1 13 4 3
> BAT1 7 3 1 6 3 7 11 7 13 8 7 11 3 13 4 13 5 13 6 13 4 1 11 8 3 9
> BAT2 6 1 13 4 13 5 13 6 1 8 1 9 1 10 1 11 6 11 8 13 9 13 10 13
> BAT3 7 1 11 6 1 7 7 7 13 7 3 8 8 11 7 13
< RES 1637330585 74 3
< MOVE U
> REQ 1637330585 75 3
> VAMPIRE 1 5 10 3 0 3 0
> VAMPIRE 2 11 4 3 1 3 0
> VAMPIRE 3 8 7 3 1 3 0
> VAMPIRE 4 1 13 3 0 3 0
> GRENADE 1 3 11 1 3
> GRENADE 4 1 13 3 3
> BAT1 7 3 1 6 11 7 13 8 7 11 3 13 4 13 5 13 6 13 4 1 13 5 11 8 3 9
> BAT2 6 1 13 4 13 6 1 8 1 9 1 10 1 11 6 11 8 13 9 13 10 13 11 6 7 7
> BAT3 7 1 1 7 13 7 3 8 8 11 7 13
< RES 1637330585 75 3
< GRENADE
< MOVE D L
> REQ 1637330585 76 3
> VAMPIRE 1 5 11 3 1 3 0
> VAMPIRE 2 11 4 3 0 3 0
> VAMPIRE 3 9 6 3 0 3 0
> VAMPIRE 4 2 13 3 0 3 0
> GRENADE 4 1 13 2 3
> GRENADE 2 11 4 5 3
> GRENADE 3 8 7 5 3
> POWERUP BATTERY -7 7 11 7
> POWERUP BATTERY -7 7 3 7
> BAT1 7 3 1 6 11 7 13 8 7 11 4 13 5 13 6 13 4 1 13 5 11 8 1 11 6 11
> BAT2 6 1 13 4 13 6 1 8 1 9 1 10 8 13 9 13 10 13 11 6 7 7
> BAT3 7 1 1 7 13 7 3 8 8 11 7 13
< RES 1637330585 76 3
< MOVE L L
> REQ 1637330585 77 3
> VAMPIRE 1 5 9 3 0 3 0
> VAMPIRE 2 10 3 3 0 3 0
> VAMPIRE 3 9 4 3 0 3 0
> VAMPIRE 4 2 13 3 0 3 0
> GRENADE 4 1 13 1 3
> GRENADE 2 7 4 4 3
> GRENADE 3 8 7 4 3
> GRENADE 1 5 11 5 3
> POWERUP BATTERY -6 7 11 7
> POWERUP BATTERY -6 7 3 7
> BAT1 7 3 1 6 11 7 13 8 7 11 4 13 5 13 6 13 4 1 13 5 11 8 1 11 6 11
> BAT2 6 1 13 4 13 6 1 8 1 9 1 10 8 13 9 13 10 13 11 6 7 7
> BAT3 7 1 1 7 13 7 3 8 8 11 7 13
< RES 1637330585 77 3
< MOVE R
> REQ 1637330585 78 3
> VAMPIRE 1 5 7 3 0 3 0
> VAMPIRE 2 9 4 3 0 3 0
> VAMPIRE 3 9 5 3 0 3 0
> VAMPIRE 4 3 13 2 1 3 0
> GRENADE 2 7 4 3 3
> GRENADE 3 8 7 3 3
> GRENADE 1 5 11 4 3
> POWERUP BATTERY -5 7 11 7
> POWERUP BATTERY -5 7 3 7
> BAT1 7 3 1 6 11 7 13 8 7 11 5 13 6 13 4 1 13 5 11 8 6 11
> BAT2 6 1 13 4 13 6 1 8 1 9 1 10 8 13 9 13 10 13 11 6 7 7
> BAT3 7 1 1 7 13 7 3 8 8 11 7 13
< RES 1637330585 78 3
< MOVE L L
> REQ 1637330585 79 3
> VAMPIRE 1 5 5 3 0 3 0
> VAMPIRE 2 8 3 3 0 3 0
> VAMPIRE 3 9 3 3 0 3 0
> VAMPIRE 4 3 11 2 1 3 0
> GRENADE 2 7 4 2 3
> GRENADE 3 8 7 2 3
> GRENADE 1 5 11 3 3
> POWERUP BATTERY -4 7 11 7
> POWERUP BATTERY -4 7 3 7
> BAT1 7 3 1 6 11 7 13 8 7 11 5 13 6 13 4 1 13 5 11 8 6 11
> BAT2 6 1 13 4 13 6 1 8 1 9 1 10 8 13 9 13 10 13 11 6 7 7
> BAT3 7 1 1 7 13 7 3 8 8 11 7 13
< RES 1637330585 79 3
< MOVE D
> REQ 1637330585 80 3
> VAMPIRE 1 5 3 3 0 3 0
> VAMPIRE 2 9 3 3 0 3 0
> VAMPIRE 3 10 3 3 0 3 0
> VAMPIRE 4 3 9 2 1 3 0
> GRENADE 2 7 4 1 3
> GRENADE 3 8 7 1 3
> GRENADE 1 5 11 2 3
> POWERUP BATTERY -3 7 11 7
> POWERUP BATTERY -3 7 3 7
> BAT1 7 3 1 6 11 7 13 8 7 11 5 13 6 13 4 1 13 5 11 8 6 11
> BAT2 6 1 13 4 13 6 1 8 1 9 1 10 8 13 9 13 10 13 11 6 7 7
> BAT3 7 1 1 7 13 7 3 8 8 11 7 13
< RES 1637330585 80 3
< MOVE U U
> REQ 1637330585 81 3
> VAMPIRE 1 6 3 3 0 3 0
> VAMPIRE 2 8 3 3 1 3 0
> VAMPIRE 3 8 3 3 1 3 0
> VAMPIRE 4 3 9 2 0 3 0
> GRENADE 1 5 11 1 3
> GRENADE 4 3 9 5 3
> POWERUP BATTERY -2 7 11 7
> POWERUP BATTERY -2 7 3 7
> BAT1 1 6 13 8 7 11 5 13 6 13 4 1 13 5 11 8 6 11
> BAT2 6 1 13 4 13 6 1 8 1 9 1 10 8 13 9 13 10 13 11 6
> BAT3 7 1 1 7 13 7 3 8 8 11 7 13
< RES 1637330585 81 3
< MOVE U
> REQ 1637330585 82 3
> VAMPIRE 1 7 3 3 1 3 0
> VAMPIRE 2 8 3 3 0 3 0
> VAMPIRE 3 7 3 3 1 3 0
> VAMPIRE 4 5 9 2 0 3 0
> GRENADE 4 3 9 4 3
> GRENADE 2 8 3 5 3
> POWERUP BATTERY -1 7 11 7
> POWERUP BATTERY -1 7 3 7
> BAT1 1 6 13 8 7 11 6 13 4 1 13 5 11 8
> BAT2 6 1 13 4 13 6 1 8 1 9 1 10 8 13 9 13 10 13 11 6
> BAT3 7 1 1 7 13 7 3 8 8 11 7 13
< RES 1637330585 82 3
< GRENADE
> REQ 1637330585 83 3
> VAMPIRE 1 7 3 3 0 3 0
> VAMPIRE 2 9 3 3 0 3 0
> VAMPIRE 3 7 3 3 0 3 0
> VAMPIRE 4 7 9 2 0 3 0
> GRENADE 4 3 9 3 3
> GRENADE 2 8 1 4 3
> GRENADE 1 7 3 5 3
> GRENADE 3 7 3 5 3
> POWERUP BATTERY 17 7 11 7
> POWERUP BATTERY 17 7 3 7
> BAT1 1 6 13 8 7 11 6 13 4 1 13 5 11 8
> BAT2 6 1 13 4 13 6 1 8 1 9 1 10 8 13 9 13 10 13 11 6
> BAT3 7 1 1 7 13 7 3 8 8 11 7 13
< RES 1637330585 83 3
> REQ 1637330585 84 3
> VAMPIRE 1 7 3 3 0 3 0
> VAMPIRE 2 9 1 3 0 3 0
> VAMPIRE 3 7 3 3 0 3 0
> VAMPIRE 4 8 9 2 0 3 0
> GRENADE 4 3 9 2 3
> GRENADE 2 8 1 3 3
> GRENADE 1 7 3 4 3
> GRENADE 3 7 3 4 3
> POWERUP BATTERY 16 7 11 7
> POWERUP BATTERY 16 7 3 7
> BAT1 1 6 13 8 7 11 6 13 4 1 13 5 11 8
> BAT2 6 1 13 4 13 6 1 8 1 9 1 10 8 13 9 13 10 13 11 6
> BAT3 7 1 1 7 13 7 3 8 8 11 7 13
< RES 1637330585 84 3
> REQ 1637330585 85 3
> VAMPIRE 1 7 3 3 0 3 0
> VAMPIRE 2 11 1 3 0 3 0
> VAMPIRE 3 7 3 3 0 3 0
> VAMPIRE 4 7 10 2 0 3 0
> GRENADE 4 3 9 1 3
> GRENADE 2 5 1 2 3
> GRENADE 1 7 3 3 3
> GRENADE 3 7 3 3 3
> POWERUP BATTERY 15 7 11 7
> POWERUP BATTERY 15 7 3 7
> BAT1 1 6 13 8 7 11 6 13 4 1 13 5 11 8
> BAT2 6 1 13 4 13 6 1 8 1 9 1 10 8 13 9 13 10 13 11 6
> BAT3 7 1 1 7 13 7 3 8 8 11 7 13
< RES 1637330585 85 3
< THROW XD 4
< MOVE R
> REQ 1637330585 86 3
> VAMPIRE 1 7 4 3 0 3 0
> VAMPIRE 2 11 1 3 0 3 0
> VAMPIRE 3 7 4 3 0 3 0
> VAMPIRE 4 7 8 2 1 3 0
> GRENADE 2 5 1 1 3
> GRENADE 1 11 3 2 3
> GRENADE 3 11 3 2 3
> POWERUP BATTERY 14 7 11 7
> POWERUP BATTERY 14 7 3 7
> BAT1 1 6 13 8 7 11 6 13 4 1 13 5 11 8 1 9
> BAT2 6 1 13 4 13 6 1 8 1 10 8 13 9 13 10 13 11 6 3 8
> BAT3 7 1 1 7 13 7 8 11 7 13
< RES 1637330585 86 3
< MOVE L
> REQ 1637330585 87 3
> VAMPIRE 1 7 3 3 0 3 0
> VAMPIRE 2 9 1 3 1 3 0
> VAMPIRE 3 7 3 3 0 3 0
> VAMPIRE 4 7 8 2 0 3 0
> GRENADE 1 11 3 1 3
> GRENADE 3 11 3 1 3
> GRENADE 4 7 8 5 3
> POWERUP BATTERY 13 7 11 7
> POWERUP BATTERY 13 7 3 7
> BAT1 1 6 13 8 7 11 6 13 6 1 13 5 11 8 1 9
> BAT2 13 4 13 6 1 8 1 10 8 13 9 13 10 13 11 6 3 8
> BAT3 7 1 1 7 13 7 8 11 7 13
< RES 1637330585 87 3
> REQ 1637330585 88 3
> VAMPIRE 1 7 3 3 1 3 0
> VAMPIRE 2 9 3 3 0 3 0
> VAMPIRE 3 7 3 3 1 3 0
> VAMPIRE 4 7 6 2 0 3 0
> GRENADE 4 7 12 4 3
> GRENADE 2 9 1 5 3
> POWERUP BATTERY 12 7 11 7
> POWERUP BATTERY 12 7 3 7
> BAT1 1 6 13 8 7 11 6 13 6 1 13 5 11 8 1 9 11 6
> BAT2 13 4 13 6 1 8 1 10 8 13 9 13 10 13 3 8
> BAT3 7 1 1 7 13 7 8 11 7 13
< RES 1637330585 88 3
< GRENADE
> REQ 1637330585 89 3
> VAMPIRE 1 7 3 3 0 3 0
> VAMPIRE 2 9 3 3 0 3 0
> VAMPIRE 3 7 3 3 0 3 0
> VAMPIRE 4 7 4 2 0 3 0
> GRENADE 4 7 12 3 3
> GRENADE 2 9 1 4 3
> GRENADE 1 7 3 5 3
> GRENADE 3 7 3 5 3
> POWERUP BATTERY 11 7 11 7
> POWERUP BATTERY 11 7 3 7
> BAT1 1 6 13 8 7 11 6 13 6 1 13 5 11 8 1 9 11 6
> BAT2 13 4 13 6 1 8 1 10 8 13 9 13 10 13 3 8
> BAT3 7 1 1 7 13 7 8 11 7 13
< RES 1637330585 89 3
> REQ 1637330585 90 3
> VAMPIRE 1 7 3 3 0 3 0
> VAMPIRE 2 9 5 3 0 3 0
> VAMPIRE 3 7 3 3 0 3 0
> VAMPIRE 4 7 6 2 0 3 0
> GRENADE 4 7 12 2 3
> GRENADE 2 9 1 3 3
> GRENADE 1 7 3 4 3
> GRENADE 3 7 3 4 3
> POWERUP BATTERY 10 7 11 7
> POWERUP BATTERY 10 7 3 7
> BAT1 1 6 13 8 7 11 6 13 6 1 13 5 11 8 1 9 11 6
> BAT2 13 4 13 6 1 8 1 10 8 13 9 13 10 13 3 8
> BAT3 7 1 1 7 13 7 8 11 7 13
< RES 1637330585 90 3
> REQ 1637330585 91 3
> VAMPIRE 1 7 3 3 0 3 0
> VAMPIRE 2 9 7 3 0 3 0
> VAMPIRE 3 7 3 3 0 3 0
> VAMPIRE 4 7 8 2 0 3 0
> GRENADE 4 7 12 1 3
> GRENADE 2 9 1 2 3
> GRENADE 1 7 3 3 3
> GRENADE 3 7 3 3 3
> POWERUP BATTERY 9 7 11 7
> POWERUP BATTERY 9 7 3 7
> BAT1 1 6 13 8 7 11 6 13 6 1 13 5 11 8 1 9 11 6
> BAT2 13 4 13 6 1 8 1 10 8 13 9 13 10 13 3 8
> BAT3 7 1 1 7 13 7 8 11 7 13
< RES 1637330585 91 3
< MOVE U
> REQ 1637330585 92 3
> VAMPIRE 1 6 3 3 0 3 0
> VAMPIRE 2 7 7 3 0 3 0
> VAMPIRE 3 6 3 3 0 3 0
> VAMPIRE 4 7 10 2 1 3 0
> GRENADE 2 9 1 1 3
> GRENADE 1 7 3 2 3
> GRENADE 3 7 3 2 3
> POWERUP BATTERY 8 7 11 7
> POWERUP BATTERY 8 7 3 7
> BAT1 1 6 13 8 6 13 6 1 13 5 11 8 1 9 11 6
> BAT2 13 4 13 6 1 8 1 10 8 13 9 13 10 13 3 8 7 13
> BAT3 7 1 1 7 13 7 8 11
< RES 1637330585 92 3
< MOVE U R
> REQ 1637330585 93 3
> VAMPIRE 1 5 4 3 0 3 0
> VAMPIRE 2 7 9 3 1 3 0
> VAMPIRE 3 5 4 3 0 3 0
> VAMPIRE 4 7 11 2 1 3 0
> GRENADE 1 7 3 1 3
> GRENADE 3 7 3 1 3
> POWERUP BATTERY 7 7 11 7
> POWERUP BATTERY 7 7 3 7
> BAT1 1 6 13 8 6 13 6 1 13 5 11 8 1 9 11 6
> BAT2 13 4 13 6 1 8 1 10 8 13 9 13 10 13 7 1 3 8 7 13
> BAT3 1 7 13 7 8 11
< RES 1637330585 93 3
< MOVE L D
> REQ 1637330585 94 3
> VAMPIRE 1 6 3 3 1 3 0
> VAMPIRE 2 7 10 3 1 3 0
> VAMPIRE 3 6 3 3 1 3 0
> VAMPIRE 4 7 11 2 0 3 0
> GRENADE 4 7 11 5 3
> POWERUP BATTERY 6 7 11 7
> POWERUP BATTERY 6 7 3 7
> BAT1 1 6 13 8 6 13 6 1 13 5 11 8 1 9 7 1 11 6
> BAT2 13 4 13 6 1 8 1 10 8 13 9 13 10 13 3 8 7 13
> BAT3 1 7 13 7 8 11
< RES 1637330585 94 3
< MOVE D
> REQ 1637330585 95 3
> VAMPIRE 1 7 3 3 1 3 0
> VAMPIRE 2 7 8 3 0 3 0
> VAMPIRE 3 7 3 3 1 3 0
> VAMPIRE 4 7 11 2 0 3 0
> GRENADE 4 7 11 4 3
> GRENADE 2 7 10 5 3
> POWERUP BATTERY 5 7 11 7
> POWERUP BATTERY 5 7 3 7
> BAT1 1 6 13 8 6 13 6 1 13 5 11 8 1 9 7 1 11 6
> BAT2 13 4 13 6 1 8 1 10 8 13 9 13 10 13 3 8 7 13
> BAT3 1 7 13 7 8 11
< RES 1637330585 95 3
< GRENADE
> REQ 1637330585 96 3
> VAMPIRE 1 7 3 3 0 3 0
> VAMPIRE 2 7 6 3 0 3 0
> VAMPIRE 3 7 3 3 0 3 0
> VAMPIRE 4 7 11 2 0 3 0
> GRENADE 4 7 11 3 3
> GRENADE 2 7 10 4 3
> GRENADE 1 7 3 5 3
> GRENADE 3 7 3 5 3
> POWERUP BATTERY 4 7 11 7
> POWERUP BATTERY 4 7 3 7
> BAT1 1 6 13 8 6 13 6 1 13 5 11 8 1 9 7 1 11 6
> BAT2 13 4 13 6 1 8 1 10 8 13 9 13 10 13 3 8 7 13
> BAT3 1 7 13 7 8 11
< RES 1637330585 96 3
> REQ 1637330585 97 3
> VAMPIRE 1 7 3 3 0 3 0
> VAMPIRE 2 8 7 3 0 3 0
> VAMPIRE 3 7 3 3 0 3 0
> VAMPIRE 4 7 11 2 0 3 0
> GRENADE 4 11 11 2 3
> GRENADE 2 7 10 3 3
> GRENADE 1 7 3 4 3
> GRENADE 3 7 3 4 3
> POWERUP BATTERY 3 7 11 7
> POWERUP BATTERY 3 7 3 7
> BAT1 1 6 13 8 6 13 6 1 13 5 11 8 1 9 7 1 11 6
> BAT2 13 4 13 6 1 8 1 10 8 13 9 13 10 13 3 8 7 13
> BAT3 1 7 13 7 8 11
< RES 1637330585 97 3
> REQ 1637330585 98 3
> VAMPIRE 1 7 3 3 0 3 0
> VAMPIRE 2 9 8 3 0 3 0
> VAMPIRE 3 7 3 3 0 3 0
> VAMPIRE 4 7 11 2 0 3 0
> GRENADE 4 11 11 1 3
> GRENADE 2 7 10 2 3
> GRENADE 1 7 3 3 3
> GRENADE 3 7 3 3 3
> POWERUP BATTERY 2 7 11 7
> POWERUP BATTERY 2 7 3 7
> BAT1 1 6 13 8 6 13 6 1 13 5 11 8 1 9 7 1 11 6
> BAT2 13 4 13 6 1 8 1 10 8 13 9 13 10 13 3 8 7 13
> BAT3 1 7 13 7 8 11
< RES 1637330585 98 3
> REQ 1637330585 99 3
> VAMPIRE 1 7 3 3 0 3 0
> VAMPIRE 2 8 9 3 0 3 0
> VAMPIRE 3 7 3 3 0 3 0
> VAMPIRE 4 7 11 2 0 3 0
> GRENADE 2 7 10 1 3
> GRENADE 1 7 3 2 3
> GRENADE 3 7 3 2 3
> GRENADE 4 7 11 5 3
> POWERUP BATTERY 1 7 11 7
> POWERUP BATTERY 1 7 3 7
> BAT1 1 6 13 8 6 13 6 1 13 5 1 9 7 1 11 6
> BAT2 13 4 13 6 1 8 1 10 8 13 9 13 10 13 3 8 8 11 7 13
> BAT3 1 7 13 7
< RES 1637330585 99 3
< GRENADE
> REQ 1637330585 100 3
> VAMPIRE 1 7 3 3 0 3 0
> VAMPIRE 2 9 9 3 1 3 0
> VAMPIRE 3 7 3 3 0 3 0
> VAMPIRE 4 7 11 1 1 3 0
> GRENADE 1 7 3 1 3
> GRENADE 3 7 3 1 3
> POWERUP BATTERY 1 7 11 7
> POWERUP BATTERY 1 7 3 7
> BAT1 1 6 13 8 6 13 6 1 13 5 1 9 7 1 11 6 8 11 7 13
> BAT2 13 4 13 6 1 8 1 10 8 13 9 13 10 13 3 8
> BAT3 1 7 13 7
< RES 1637330585 100 3
< THROW XU 4
> REQ 1637330585 101 3
> VAMPIRE 1 7 3 2 1 3 0
> VAMPIRE 2 9 11 3 1 3 0
> VAMPIRE 3 7 3 2 1 3 0
> VAMPIRE 4 7 11 1 1 3 0
> POWERUP BATTERY 1 7 11 7
> POWERUP BATTERY 1 7 3 7
> BAT1 1 6 13 8 6 13 6 1 13 5 1 9 11 6 8 11 7 13
> BAT2 13 4 13 6 1 8 1 10 8 13 9 13 10 13 3 8
> BAT3 1 7 13 7
< RES 1637330585 101 3
< GRENADE
> REQ 1637330585 102 3
> VAMPIRE 1 7 3 2 1 3 0
> VAMPIRE 2 9 9 3 0 3 0
> VAMPIRE 3 7 3 2 1 3 0
> VAMPIRE 4 7 11 1 1 3 0
> GRENADE 2 9 11 5 3
> POWERUP BATTERY 1 7 11 7
> POWERUP BATTERY 1 7 3 7
> BAT1 1 6 13 8 6 13 6 1 13 5 1 9 11 6 8 11 7 13
> BAT2 13 4 13 6 1 8 1 10 8 13 9 13 10 13 3 8
> BAT3 1 7 13 7
< RES 1637330585 102 3
< GRENADE
> REQ 1637330585 103 3
> VAMPIRE 1 7 3 2 1 3 0
> VAMPIRE 2 7 9 3 0 3 0
> VAMPIRE 3 7 3 2 1 3 0
> VAMPIRE 4 7 11 1 0 3 0
> GRENADE 2 9 11 4 3
> GRENADE 4 7 11 5 3
> POWERUP SHOE -9 6 3 4
> POWERUP SHOE -9 8 11 4
> BAT1 1 6 13 8 6 13 6 1 13 5 1 9 11 6 8 11 7 13
> BAT2 13 4 13 6 1 8 1 10 8 13 9 13 10 13 3 8
> BAT3 1 7 13 7
< RES 1637330585 103 3
< MOVE U
> REQ 1637330585 104 3
> VAMPIRE 1 7 3 2 0 3 0
> VAMPIRE 2 7 7 3 0 3 0
> VAMPIRE 3 6 3 2 1 3 0
> VAMPIRE 4 7 9 1 0 3 0
> GRENADE 2 9 11 3 3
> GRENADE 4 7 11 4 3
> GRENADE 1 7 3 5 3
> POWERUP SHOE -8 6 3 4
> POWERUP SHOE -8 8 11 4
> BAT1 1 6 13 8 6 13 6 1 13 5 1 9 11 6 8 11 7 13
> BAT2 13 4 13 6 1 8 1 10 8 13 9 13 10 13 3 8
> BAT3 1 7 13 7
< RES 1637330585 104 3
> REQ 1637330585 105 3
> VAMPIRE 1 6 3 2 0 3 0
> VAMPIRE 2 5 7 3 0 3 0
> VAMPIRE 3 6 3 2 1 3 0
> VAMPIRE 4 6 9 1 0 3 0
> GRENADE 2 9 11 2 3
> GRENADE 4 7 11 3 3
> GRENADE 1 11 3 4 3
> POWERUP SHOE -7 6 3 4
> POWERUP SHOE -7 8 11 4
> BAT1 1 6 13 8 6 13 6 1 13 5 1 9 11 6 8 11 7 13
> BAT2 13 4 13 6 1 8 1 10 8 13 9 13 10 13 3 8
> BAT3 1 7 13 7
< RES 1637330585 105 3
< GRENADE
> REQ 1637330585 106 3
> VAMPIRE 1 6 3 2 0 3 0
> VAMPIRE 2 5 5 3 0 3 0
> VAMPIRE 3 6 3 2 0 3 0
> VAMPIRE 4 8 9 1 0 3 0
> GRENADE 2 9 11 1 3
> GRENADE 4 7 11 2 3
> GRENADE 1 11 3 3 3
> GRENADE 3 6 3 5 3
> POWERUP SHOE -6 6 3 4
> POWERUP SHOE -6 8 11 4
> BAT1 1 6 13 8 6 13 6 1 13 5 1 9 11 6 8 11 7 13
> BAT2 13 4 13 6 1 8 1 10 8 13 9 13 10 13 3 8
> BAT3 1 7 13 7
< RES 1637330585 106 3
< THROW XD 4
> REQ 1637330585 107 3
> VAMPIRE 1 6 3 2 0 3 0
> VAMPIRE 2 5 7 3 1 3 0
> VAMPIRE 3 6 3 2 0 3 0
> VAMPIRE 4 9 10 1 0 3 0
> GRENADE 4 7 11 1 3
> GRENADE 1 11 3 2 3
> GRENADE 3 10 3 4 3
> POWERUP SHOE -5 6 3 4
> POWERUP SHOE -5 8 11 4
> BAT1 1 6 13 8 6 13 6 1 13 5 1 9 9 13 11 6 7 13
> BAT2 13 4 13 6 1 8 1 10 8 13 10 13 3 8
> BAT3 1 7 13 7
< RES 1637330585 107 3
> REQ 1637330585 108 3
> VAMPIRE 1 6 3 2 0 3 0
> VAMPIRE 2 5 5 3 1 3 0
> VAMPIRE 3 6 3 2 0 3 0
> VAMPIRE 4 8 11 1 1 3 0
> GRENADE 1 11 3 1 3
> GRENADE 3 10 3 3 3
> POWERUP SHOE -4 6 3 4
> POWERUP SHOE -4 8 11 4
> BAT1 1 6 13 8 6 13 6 1 13 5 1 9 9 13 11 6
> BAT2 13 4 13 6 1 8 1 10 8 13 10 13 3 8
> BAT3 1 7 13 7
< RES 1637330585 108 3
> REQ 1637330585 109 3
> VAMPIRE 1 6 3 2 1 3 0
> VAMPIRE 2 5 3 3 1 3 0
> VAMPIRE 3 6 3 2 1 3 0
> VAMPIRE 4 8 11 1 1 3 0
> POWERUP SHOE -3 6 3 4
> POWERUP SHOE -3 8 11 4
> BAT1 1 6 13 8 6 13 6 1 13 5 1 9 9 13
> BAT2 13 4 13 6 1 8 1 10 8 13 10 13 3 8
> BAT3 1 7 13 7
< RES 1637330585 109 3
> REQ 1637330585 110 3
> VAMPIRE 1 6 3 2 0 3 0
> VAMPIRE 2 5 3 3 0 3 0
> VAMPIRE 3 6 3 2 1 3 0
> VAMPIRE 4 8 11 1 1 3 0
> GRENADE 1 6 3 5 3
> GRENADE 2 5 3 5 3
> POWERUP SHOE -2 6 3 4
> POWERUP SHOE -2 8 11 4
> BAT1 1 6 13 8 6 13 6 1 13 5 1 9 9 13
> BAT2 13 4 13 6 1 8 1 10 8 13 10 13 3 8
> BAT3 1 7 13 7
< RES 1637330585 110 3
> REQ 1637330585 111 3
> VAMPIRE 1 6 3 2 0 3 0
> VAMPIRE 2 5 4 3 0 3 0
> VAMPIRE 3 6 3 2 1 3 0
> VAMPIRE 4 8 11 1 1 3 0
> GRENADE 1 6 3 4 3
> GRENADE 2 5 3 4 3
> POWERUP SHOE -1 6 3 4
> POWERUP SHOE -1 8 11 4
> BAT1 1 6 13 8 6 13 6 1 13 5 1 9 9 13
> BAT2 13 4 13 6 1 8 1 10 8 13 10 13 3 8
> BAT3 1 7 13 7
< RES 1637330585 111 3
> REQ 1637330585 112 3
> VAMPIRE 1 6 3 2 0 3 0
> VAMPIRE 2 5 4 3 0 3 0
> VAMPIRE 3 6 3 2 1 3 0
> VAMPIRE 4 8 11 1 1 3 0
> GRENADE 1 6 3 3 3
> GRENADE 2 5 3 3 3
> POWERUP SHOE 18 6 3 4
> POWERUP SHOE 18 8 11 4
> BAT1 1 6 13 8 6 13 6 1 13 5 1 9 9 13
> BAT2 13 4 13 6 1 8 1 10 8 13 10 13 3 8
> BAT3 1 7 13 7
< RES 1637330585 112 3
> REQ 1637330585 113 3
> VAMPIRE 1 6 3 2 0 3 0
> VAMPIRE 2 5 4 3 0 3 0
> VAMPIRE 3 6 3 2 1 3 0
> VAMPIRE 4 8 11 1 1 3 0
> GRENADE 1 6 3 2 3
> GRENADE 2 5 3 2 3
> POWERUP SHOE 17 6 3 4
> POWERUP SHOE 17 8 11 4
> BAT1 1 6 13 8 6 13 6 1 13 5 1 9 9 13
> BAT2 13 4 13 6 1 8 1 10 8 13 10 13 3 8
> BAT3 1 7 13 7
< RES 1637330585 113 3
> REQ 1637330585 114 3
> VAMPIRE 1 7 2 2 0 3 0
> VAMPIRE 2 6 5 3 0 3 0
> VAMPIRE 3 6 3 2 1 3 0
> VAMPIRE 4 8 11 1 1 3 0
> GRENADE 1 6 3 1 3
> GRENADE 2 5 3 1 3
> POWERUP SHOE 16 6 3 4
> POWERUP SHOE 16 8 11 4
> BAT1 1 6 13 8 6 13 6 1 13 5 1 9 9 13
> BAT2 13 4 13 6 1 8 1 10 8 13 10 13 3 8
> BAT3 1 7 13 7
< RES 1637330585 114 3
< MOVE D
> REQ 1637330585 115 3
> VAMPIRE 1 7 1 2 1 3 0
> VAMPIRE 2 5 4 3 1 3 0
> VAMPIRE 3 7 3 1 1 3 30
> VAMPIRE 4 8 11 1 1 3 30
> BAT1 1 6 13 8 6 13 6 1 13 5 1 9 9 13
> BAT2 13 4 13 6 1 8 1 10 8 13 10 13 3 8
> BAT3 1 7 13 7
< RES 1637330585 115 3
< GRENADE
> REQ 1637330585 116 3
> VAMPIRE 1 9 1 2 0 3 0
> VAMPIRE 2 4 5 3 1 3 0
> VAMPIRE 3 7 3 1 1 3 29
> VAMPIRE 4 7 13 1 1 3 29
> GRENADE 1 7 1 5 3
> BAT1 1 6 13 8 6 13 6 1 13 5 1 9 9 13
> BAT2 13 4 13 6 1 8 1 10 8 13 10 13 3 8
> BAT3 1 7 13 7
< RES 1637330585 116 3
< GRENADE
< MOVE U U L
> REQ 1637330585 117 3
> VAMPIRE 1 11 1 2 0 3 0
> VAMPIRE 2 3 5 3 1 3 0
> VAMPIRE 3 5 2 1 1 3 28
> VAMPIRE 4 7 11 1 0 3 28
> GRENADE 1 7 1 4 3
> GRENADE 4 7 13 5 3
> BAT1 1 6 13 8 6 13 6 1 13 5 1 9 9 13
> BAT2 13 4 13 6 1 8 1 10 8 13 10 13 3 8
> BAT3 1 7 13 7
< RES 1637330585 117 3
< MOVE L U
> REQ 1637330585 118 3
> VAMPIRE 1 11 3 2 0 3 0
> VAMPIRE 2 3 5 3 0 3 0
> VAMPIRE 3 4 1 1 1 3 27
> VAMPIRE 4 7 9 1 0 3 27
> GRENADE 1 7 1 3 3
> GRENADE 4 7 13 4 3
> GRENADE 2 3 5 5 3
> BAT1 1 6 13 8 6 13 6 1 13 5 1 9 9 13
> BAT2 13 4 13 6 1 8 1 10 8 13 10 13 3 8
> BAT3 1 7 13 7
< RES 1637330585 118 3
< MOVE U R R
> REQ 1637330585 119 3
> VAMPIRE 1 11 5 2 0 3 0
> VAMPIRE 2 5 5 3 0 3 0
> VAMPIRE 3 3 3 1 1 3 26
> VAMPIRE 4 5 9 1 0 3 26
> GRENADE 1 7 1 2 3
> GRENADE 4 7 13 3 3
> GRENADE 2 3 9 4 3
> BAT1 1 6 13 8 6 13 6 1 13 5 1 9 9 13
> BAT2 13 4 13 6 1 8 1 10 8 13 10 13 3 8
> BAT3 1 7 13 7
< RES 1637330585 119 3
< MOVE U U
> REQ 1637330585 120 3
> VAMPIRE 1 11 5 2 0 3 0
> VAMPIRE 2 7 5 3 0 3 0
> VAMPIRE 3 1 3 1 1 3 25
> VAMPIRE 4 7 9 1 0 3 25
> GRENADE 1 7 1 1 3
> GRENADE 4 7 13 2 3
> GRENADE 2 3 9 3 3
> BAT1 1 6 13 8 6 13 6 1 13 5 1 9 9 13
> BAT2 13 4 13 6 1 8 1 10 8 13 10 13 3 8
> BAT3 1 7 13 7
< RES 1637330585 120 3
< GRENADE
< MOVE D D
> REQ 1637330585 121 3
> VAMPIRE 1 11 5 2 1 3 0
> VAMPIRE 2 5 5 3 0 3 0
> VAMPIRE 3 3 3 1 0 3 24
> VAMPIRE 4 5 8 1 0 3 24
> GRENADE 4 7 13 1 3
> GRENADE 2 3 9 2 3
> GRENADE 3 1 3 5 3
> BAT1 1 6 13 8 6 13 13 5 1 9 9 13
> BAT2 13 4 13 6 1 8 1 10 8 13 10 13 3 8
> BAT3 1 7 13 7
< RES 1637330585 121 3
< MOVE D D
> REQ 1637330585 122 3
> VAMPIRE 1 11 7 2 0 3 0
> VAMPIRE 2 3 5 3 0 3 0
> VAMPIRE 3 5 3 1 0 3 23
> VAMPIRE 4 3 7 1 1 3 23
> GRENADE 2 3 9 1 3
> GRENADE 3 1 3 4 3
> GRENADE 1 11 5 5 3
> BAT1 1 6 13 8 13 5 1 9 8 13 9 13
> BAT2 13 4 13 6 1 8 1 10 10 13 3 8
> BAT3 1 7 13 7
< RES 1637330585 122 3
< MOVE D D
> REQ 1637330585 123 3
> VAMPIRE 1 11 9 2 0 3 0
> VAMPIRE 2 3 6 3 1 3 0
> VAMPIRE 3 7 3 1 0 3 22
> VAMPIRE 4 5 7 1 0 3 22
> GRENADE 3 1 3 3 3
> GRENADE 1 11 5 4 3
> GRENADE 4 3 7 5 3
> BAT1 1 6 13 8 13 5 8 13 9 13 3 8
> BAT2 13 4 13 6 1 8 1 10 10 13
> BAT3 1 7 13 7
< RES 1637330585 123 3
< MOVE D D
> REQ 1637330585 124 3
> VAMPIRE 1 11 11 2 0 3 0
> VAMPIRE 2 2 5 3 0 3 0
> VAMPIRE 3 9 3 1 0 3 21
> VAMPIRE 4 5 9 1 0 3 21
> GRENADE 3 1 3 2 3
> GRENADE 1 11 5 3 3
> GRENADE 4 3 7 4 3
> GRENADE 2 3 6 5 3
> BAT1 1 6 13 8 13 5 8 13 9 13 3 8
> BAT2 13 4 13 6 1 8 1 10 10 13
> BAT3 1 7 13 7
< RES 1637330585 124 3
< MOVE U U
> REQ 1637330585 125 3
> VAMPIRE 1 9 11 2 0 3 0
> VAMPIRE 2 4 5 3 0 3 0
> VAMPIRE 3 7 3 1 0 3 20
> VAMPIRE 4 7 9 1 0 3 20
> GRENADE 3 1 3 1 3
> GRENADE 1 11 5 2 3
> GRENADE 4 3 7 3 3
> GRENADE 2 3 6 4 3
> BAT1 1 6 13 8 13 5 8 13 9 13 3 8
> BAT2 13 4 13 6 1 8 1 10 10 13
> BAT3 1 7 13 7
< RES 1637330585 125 3
< MOVE U U
> REQ 1637330585 126 3
> VAMPIRE 1 11 11 2 0 3 0
> VAMPIRE 2 2 5 3 0 3 0
> VAMPIRE 3 5 3 1 1 3 19
> VAMPIRE 4 7 11 1 0 3 19
> GRENADE 1 11 5 1 3
> GRENADE 4 3 7 2 3
> GRENADE 2 3 6 3 3
> BAT1 13 8 13 5 8 13 9 13 3 8
> BAT2 13 4 13 6 1 8 1 10 10 13
> BAT3 1 7 13 7
< RES 1637330585 126 3
< MOVE D D
> REQ 1637330585 127 3
> VAMPIRE 1 13 11 2 1 3 0
> VAMPIRE 2 1 5 3 0 3 0
> VAMPIRE 3 7 3 1 1 3 18
> VAMPIRE 4 7 11 1 0 3 18
> GRENADE 4 3 7 1 3
> GRENADE 2 3 6 2 3
> BAT1 13 8 8 13 9 13 3 8
> BAT2 13 4 13 6 1 8 1 10 10 13
> BAT3 1 7 13 7
< RES 1637330585 127 3
> REQ 1637330585 128 3
> VAMPIRE 1 13 11 2 0 3 0
> VAMPIRE 2 1 5 3 1 3 0
> VAMPIRE 3 7 3 1 1 3 17
> VAMPIRE 4 6 13 1 1 3 17
> GRENADE 1 13 11 5 3
> BAT1 13 8 8 13 9 13
> BAT2 13 4 13 6 1 8 1 10 10 13 1 7
> BAT3 13 7
< RES 1637330585 128 3
< MOVE R R
> REQ 1637330585 129 3
> VAMPIRE 1 13 10 2 0 3 0
> VAMPIRE 2 1 5 3 0 3 0
> VAMPIRE 3 7 5 1 1 3 16
> VAMPIRE 4 7 11 1 0 3 16
> GRENADE 1 13 9 4 3
> GRENADE 2 1 5 5 3
> GRENADE 4 6 13 5 3
> BAT1 13 8 8 13 9 13
> BAT2 13 4 13 6 1 8 1 10 10 13 1 7
> BAT3 13 7
< RES 1637330585 129 3
< MOVE U U U
> REQ 1637330585 130 3
> VAMPIRE 1 13 11 2 0 3 0
> VAMPIRE 2 3 5 3 0 3 0
> VAMPIRE 3 4 5 1 1 3 15
> VAMPIRE 4 5 11 1 0 3 15
> GRENADE 1 13 5 3 3
> GRENADE 2 1 9 4 3
> GRENADE 4 6 13 4 3
> BAT1 13 8 8 13 9 13
> BAT2 13 4 13 6 1 8 1 10 10 13 1 7
> BAT3 13 7
< RES 1637330585 130 3
< MOVE U R R
> REQ 1637330585 131 3
> VAMPIRE 1 11 11 2 0 3 0
> VAMPIRE 2 3 7 3 0 3 0
> VAMPIRE 3 3 7 1 1 3 14
> VAMPIRE 4 7 11 1 0 3 14
> GRENADE 1 13 5 2 3
> GRENADE 2 1 9 3 3
> GRENADE 4 6 13 3 3
> BAT1 13 8 8 13 9 13
> BAT2 13 4 13 6 1 8 1 10 10 13 1 7
> BAT3 13 7
< RES 1637330585 131 3
< GRENADE
< MOVE L L
> REQ 1637330585 132 3
> VAMPIRE 1 13 11 2 0 3 0
> VAMPIRE 2 5 7 3 0 3 0
> VAMPIRE 3 3 5 1 0 3 13
> VAMPIRE 4 9 11 1 0 3 13
> GRENADE 1 13 5 1 3
> GRENADE 2 1 9 2 3
> GRENADE 4 6 13 2 3
> GRENADE 3 3 7 5 3
> BAT1 13 8 8 13 9 13
> BAT2 13 4 13 6 1 8 1 10 10 13 1 7
> BAT3 13 7
< RES 1637330585 132 3
< MOVE D D
> REQ 1637330585 133 3
> VAMPIRE 1 13 9 2 1 3 0
> VAMPIRE 2 7 7 3 0 3 0
> VAMPIRE 3 5 5 1 0 3 12
> VAMPIRE 4 9 9 1 0 3 12
> GRENADE 2 1 9 1 3
> GRENADE 4 6 13 1 3
> GRENADE 3 3 7 4 3
> POWERUP SHOE -6 3 5 4
> POWERUP SHOE -6 11 9 4
> BAT1 13 8 13 4 13 6 8 13 9 13
> BAT2 1 8 1 10 10 13 1 7
> BAT3 13 7
< RES 1637330585 133 3
< MOVE U U
> REQ 1637330585 134 3
> VAMPIRE 1 11 9 2 0 3 0
> VAMPIRE 2 7 9 3 1 3 0
> VAMPIRE 3 3 5 1 0 3 11
> VAMPIRE 4 11 9 1 1 3 11
> GRENADE 3 3 7 3 3
> GRENADE 1 13 9 5 3
> POWERUP SHOE -5 3 5 4
> POWERUP SHOE -5 11 9 4
> BAT1 13 8 13 4 13 6 1 8 1 10 9 13
> BAT2 10 13 1 7
> BAT3 13 7
< RES 1637330585 134 3
< MOVE U
> REQ 1637330585 135 3
> VAMPIRE 1 11 9 2 0 3 0
> VAMPIRE 2 9 9 3 1 3 0
> VAMPIRE 3 2 5 1 0 3 10
> VAMPIRE 4 11 9 1 0 3 10
> GRENADE 3 3 7 2 3
> GRENADE 1 13 9 4 3
> GRENADE 4 11 9 5 3
> POWERUP SHOE -4 3 5 4
> POWERUP SHOE -4 11 9 4
> BAT1 13 8 13 4 13 6 1 8 1 10 9 13
> BAT2 10 13 1 7
> BAT3 13 7
< RES 1637330585 135 3
< MOVE U L L
> REQ 1637330585 136 3
> VAMPIRE 1 11 9 2 0 3 0
> VAMPIRE 2 7 9 3 0 3 0
> VAMPIRE 3 1 3 1 0 3 9
> VAMPIRE 4 11 9 1 0 3 9
> GRENADE 3 3 7 1 3
> GRENADE 1 13 9 3 3
> GRENADE 4 11 9 4 3
> GRENADE 2 9 9 5 3
> POWERUP SHOE -3 3 5 4
> POWERUP SHOE -3 11 9 4
> BAT1 13 8 13 4 13 6 1 8 1 10 9 13
> BAT2 10 13 1 7
> BAT3 13 7
< RES 1637330585 136 3
< MOVE R R
> REQ 1637330585 137 3
> VAMPIRE 1 11 8 2 0 3 0
> VAMPIRE 2 5 9 3 0 3 0
> VAMPIRE 3 1 5 1 1 3 8
> VAMPIRE 4 11 9 1 0 3 8
> GRENADE 1 13 9 2 3
> GRENADE 4 11 9 3 3
> GRENADE 2 9 9 4 3
> POWERUP SHOE -2 3 5 4
> POWERUP SHOE -2 11 9 4
> BAT1 13 8 13 4 13 6 1 8 1 10 9 13 1 7
> BAT2 10 13
> BAT3 13 7
< RES 1637330585 137 3
< GRENADE
< MOVE D D
> REQ 1637330585 138 3
> VAMPIRE 1 11 8 2 0 3 0
> VAMPIRE 2 3 9 3 0 3 0
> VAMPIRE 3 3 5 1 0 3 7
> VAMPIRE 4 11 8 1 0 3 7
> GRENADE 1 13 9 1 3
> GRENADE 4 11 13 2 3
> GRENADE 2 9 9 3 3
> GRENADE 3 1 5 5 3
> POWERUP SHOE -1 3 5 4
> POWERUP SHOE -1 11 9 4
> BAT1 13 8 13 4 13 6 1 8 1 10 9 13 1 7
> BAT2 10 13
> BAT3 13 7
< RES 1637330585 138 3
> REQ 1637330585 139 3
> VAMPIRE 1 10 7 2 1 3 0
> VAMPIRE 2 3 7 3 0 3 0
> VAMPIRE 3 3 5 1 0 3 6
> VAMPIRE 4 11 8 1 0 3 6
> GRENADE 4 11 13 1 3
> GRENADE 2 9 9 2 3
> GRENADE 3 1 5 4 3
> POWERUP SHOE 11 3 5 4
> POWERUP SHOE 11 11 9 4
> BAT1 13 4 13 6 1 8 1 10 9 13 1 7
> BAT2 10 13
> BAT3 13 7
< RES 1637330585 139 3
> REQ 1637330585 140 3
> VAMPIRE 1 11 8 2 0 3 0
> VAMPIRE 2 3 5 3 0 3 0
> VAMPIRE 3 3 5 1 0 3 5
> VAMPIRE 4 11 7 1 1 3 5
> GRENADE 2 9 9 1 3
> GRENADE 3 1 5 3 3
> GRENADE 1 10 7 5 3
> POWERUP SHOE 10 3 5 4
> POWERUP SHOE 10 11 9 4
> BAT1 13 4 13 6 1 8 1 10 9 13 10 13 1 7
> BAT3 13 7
< RES 1637330585 140 3
< MOVE R
> REQ 1637330585 141 3
> VAMPIRE 1 11 9 2 0 3 0
> VAMPIRE 2 4 5 3 1 3 0
> VAMPIRE 3 3 6 1 0 3 4
> VAMPIRE 4 11 9 1 0 3 4
> GRENADE 3 1 5 2 3
> GRENADE 1 10 7 4 3
> GRENADE 4 11 7 5 3
> POWERUP SHOE 9 3 5 4
> POWERUP SHOE 9 11 9 4
> BAT1 13 4 13 6 1 8 1 10 9 13 10 13 1 7
> BAT3 13 7
< RES 1637330585 141 3
> REQ 1637330585 142 3
> VAMPIRE 1 11 9 2 0 3 0
> VAMPIRE 2 5 5 3 1 3 0
> VAMPIRE 3 3 6 1 0 3 3
> VAMPIRE 4 11 9 1 0 3 3
> GRENADE 3 1 5 1 3
> GRENADE 1 10 7 3 3
> GRENADE 4 11 7 4 3
> POWERUP SHOE 8 3 5 4
> POWERUP SHOE 8 11 9 4
> BAT1 13 4 13 6 1 8 1 10 9 13 10 13 1 7
> BAT3 13 7
< RES 1637330585 142 3
< MOVE L
> REQ 1637330585 143 3
> VAMPIRE 1 12 9 2 0 3 0
> VAMPIRE 2 3 5 3 1 3 0
> VAMPIRE 3 3 5 1 1 3 2
> VAMPIRE 4 12 9 1 0 3 2
> GRENADE 1 10 7 2 3
> GRENADE 4 11 7 3 3
> POWERUP SHOE 7 3 5 4
> POWERUP SHOE 7 11 9 4
> BAT1 13 4 13 6 1 8 1 10 9 13 10 13
> BAT3 13 7
< RES 1637330585 143 3
< GRENADE
> REQ 1637330585 144 3
> VAMPIRE 1 12 9 2 0 3 0
> VAMPIRE 2 3 5 3 0 3 0
> VAMPIRE 3 3 5 1 0 3 1
> VAMPIRE 4 12 9 1 0 3 1
> GRENADE 1 10 7 1 3
> GRENADE 4 11 7 2 3
> GRENADE 2 3 5 5 3
> GRENADE 3 3 5 5 3
> POWERUP SHOE 6 3 5 4
> POWERUP SHOE 6 11 9 4
> BAT1 13 4 13 6 1 8 1 10 9 13 10 13
> BAT3 13 7
< RES 1637330585 144 3
< THROW XU 2
> REQ 1637330585 145 3
> VAMPIRE 1 13 9 2 1 3 0
> VAMPIRE 2 3 5 3 0 3 0
> VAMPIRE 3 3 5 1 0 3 0
> VAMPIRE 4 13 9 1 1 3 0
> GRENADE 2 1 5 4 3
> GRENADE 3 1 5 4 3
> POWERUP SHOE 5 3 5 4
> POWERUP SHOE 5 11 9 4
> BAT1 13 4 13 6 1 8 1 10 9 13 10 13
> BAT2 13 7
< RES 1637330585 145 3
> REQ 1637330585 146 3
> VAMPIRE 1 11 9 2 0 3 0
> VAMPIRE 2 3 5 3 0 3 0
> VAMPIRE 3 3 5 1 0 3 0
> VAMPIRE 4 11 9 1 0 3 0
> GRENADE 2 1 5 3 3
> GRENADE 3 1 5 3 3
> GRENADE 1 13 9 5 3
> GRENADE 4 13 9 5 3
> POWERUP SHOE 4 3 5 4
> POWERUP SHOE 4 11 9 4
> BAT1 13 4 13 6 1 8 1 10 9 13 10 13
> BAT2 13 7
< RES 1637330585 146 3
< MOVE R
> REQ 1637330585 147 3
> VAMPIRE 1 11 9 2 0 3 0
> VAMPIRE 2 3 6 3 0 3 30
> VAMPIRE 3 3 6 1 0 3 30
> VAMPIRE 4 11 9 1 0 3 0
> GRENADE 2 1 5 2 3
> GRENADE 3 1 5 2 3
> GRENADE 1 13 9 4 3
> GRENADE 4 13 9 4 3
> POWERUP SHOE 3 11 9 4
> BAT1 13 4 13 6 1 8 1 10 9 13 10 13
> BAT2 13 7
< RES 1637330585 147 3
< MOVE R R R
> REQ 1637330585 148 3
> VAMPIRE 1 11 9 2 0 3 0
> VAMPIRE 2 3 9 3 0 3 29
> VAMPIRE 3 3 9 1 0 3 29
> VAMPIRE 4 11 9 1 0 3 0
> GRENADE 2 1 5 1 3
> GRENADE 3 1 5 1 3
> GRENADE 1 13 9 3 3
> GRENADE 4 13 9 3 3
> POWERUP SHOE 2 11 9 4
> BAT1 13 4 13 6 1 8 1 10 9 13 10 13
> BAT2 13 7
< RES 1637330585 148 3
< MOVE U U
> REQ 1637330585 149 3
> VAMPIRE 1 11 9 2 0 3 0
> VAMPIRE 2 6 9 3 1 3 28
> VAMPIRE 3 1 9 1 1 3 28
> VAMPIRE 4 11 9 1 0 3 0
> GRENADE 1 13 9 2 3
> GRENADE 4 13 9 2 3
> POWERUP SHOE 1 11 9 4
> BAT1 13 4 13 6 1 10 9 13 10 13
> BAT2 13 7
< RES 1637330585 149 3
< GRENADE
< MOVE L L D
> REQ 1637330585 150 3
> VAMPIRE 1 11 8 2 0 3 0
> VAMPIRE 2 9 9 3 1 3 27
> VAMPIRE 3 2 7 1 0 3 27
> VAMPIRE 4 11 8 1 0 3 0
> GRENADE 1 13 9 1 3
> GRENADE 4 13 9 1 3
> GRENADE 3 1 9 5 3
> POWERUP SHOE 1 11 9 4
> BAT1 13 4 13 6 1 10 9 13 10 13
> BAT2 13 7
< RES 1637330585 150 3
< MOVE D L L
> REQ 1637330585 151 3
> VAMPIRE 1 10 7 2 1 3 0
> VAMPIRE 2 9 11 3 1 3 26
> VAMPIRE 3 3 5 1 0 3 26
> VAMPIRE 4 10 7 1 1 3 0
> GRENADE 3 1 9 4 3
> BAT1 13 4 13 6 1 10 9 13 10 13 13 7
< RES 1637330585 151 3
< MOVE D D
> REQ 1637330585 152 3
> VAMPIRE 1 11 6 2 0 3 0
> VAMPIRE 2 9 9 3 0 3 25
> VAMPIRE 3 5 5 1 0 3 25
> VAMPIRE 4 11 6 1 0 3 0
> GRENADE 3 1 9 3 3
> GRENADE 1 10 7 5 3
> GRENADE 2 9 11 5 3
> GRENADE 4 10 7 5 3
> BAT1 13 4 13 6 1 10 9 13 10 13 13 7
< RES 1637330585 152 3
< MOVE L L
> REQ 1637330585 153 3
> VAMPIRE 1 11 5 2 0 3 0
> VAMPIRE 2 11 9 3 0 3 24
> VAMPIRE 3 5 3 1 0 3 24
> VAMPIRE 4 11 5 1 0 3 0
> GRENADE 3 1 9 2 3
> GRENADE 1 10 7 4 3
> GRENADE 2 9 11 4 3
> GRENADE 4 10 7 4 3
> BAT1 13 4 13 6 1 10 9 13 10 13 13 7
< RES 1637330585 153 3
< MOVE R R
> REQ 1637330585 154 3
> VAMPIRE 1 9 5 2 0 3 0
> VAMPIRE 2 13 9 3 0 3 23
> VAMPIRE 3 5 5 1 0 3 23
> VAMPIRE 4 9 5 1 0 3 0
> GRENADE 3 1 9 1 3
> GRENADE 1 10 7 3 3
> GRENADE 2 9 11 3 3
> GRENADE 4 10 7 3 3
> POWERUP SHOE -7 1 3 5
> POWERUP SHOE -7 13 11 5
> BAT1 13 4 13 6 1 10 9 13 10 13 13 7
< RES 1637330585 154 3
< MOVE U U U
> REQ 1637330585 155 3
> VAMPIRE 1 7 5 2 0 3 0
> VAMPIRE 2 13 11 3 0 3 22
> VAMPIRE 3 2 5 1 1 3 22
> VAMPIRE 4 7 5 1 0 3 0
> GRENADE 1 10 7 2 3
> GRENADE 2 9 11 2 3
> GRENADE 4 10 7 2 3
> POWERUP SHOE -6 1 3 5
> POWERUP SHOE -6 13 11 5
> BAT1 13 4 13 6 9 13 10 13 13 7
< RES 1637330585 155 3
< MOVE U L L
> REQ 1637330585 156 3
> VAMPIRE 1 5 5 2 0 3 0
> VAMPIRE 2 13 11 3 0 3 21
> VAMPIRE 3 1 3 1 1 3 21
> VAMPIRE 4 5 5 1 0 3 0
> GRENADE 1 10 7 1 3
> GRENADE 2 9 11 1 3
> GRENADE 4 10 7 1 3
> POWERUP SHOE -5 1 3 5
> POWERUP SHOE -5 13 11 5
> BAT1 13 4 13 6 9 13 10 13 13 7
< RES 1637330585 156 3
> REQ 1637330585 157 3
> VAMPIRE 1 3 5 2 1 3 0
> VAMPIRE 2 13 11 3 1 3 20
> VAMPIRE 3 1 3 1 1 3 20
> VAMPIRE 4 3 5 1 1 3 0
> POWERUP SHOE -4 1 3 5
> POWERUP SHOE -4 13 11 5
> BAT1 13 4 13 6 10 13
< RES 1637330585 157 3
> REQ 1637330585 158 3
> VAMPIRE 1 1 5 2 1 3 0
> VAMPIRE 2 13 11 3 0 3 19
> VAMPIRE 3 1 3 1 1 3 19
> VAMPIRE 4 1 5 1 1 3 0
> GRENADE 2 13 11 5 3
> POWERUP SHOE -3 1 3 5
> POWERUP SHOE -3 13 11 5
> BAT1 13 4 13 6 10 13
< RES 1637330585 158 3
> REQ 1637330585 159 3
> VAMPIRE 1 1 5 2 0 3 0
> VAMPIRE 2 13 11 3 0 3 18
> VAMPIRE 3 1 3 1 1 3 18
> VAMPIRE 4 1 5 1 1 3 0
> GRENADE 2 13 7 4 3
> GRENADE 1 1 5 5 3
> POWERUP SHOE -2 1 3 5
> POWERUP SHOE -2 13 11 5
> BAT1 13 4 13 6 10 13
< RES 1637330585 159 3
> REQ 1637330585 160 3
> VAMPIRE 1 1 3 2 0 3 0
> VAMPIRE 2 13 11 3 0 3 17
> VAMPIRE 3 1 3 1 1 3 17
> VAMPIRE 4 3 5 1 1 3 0
> GRENADE 2 13 7 3 3
> GRENADE 1 1 5 4 3
> POWERUP SHOE -1 1 3 5
> POWERUP SHOE -1 13 11 5
> BAT1 13 4 13 6 10 13
< RES 1637330585 160 3
> REQ 1637330585 161 3
> VAMPIRE 1 2 3 2 0 3 0
> VAMPIRE 2 13 11 3 0 3 16
> VAMPIRE 3 1 3 1 1 3 16
> VAMPIRE 4 3 3 1 1 3 0
> GRENADE 2 13 7 2 3
> GRENADE 1 1 5 3 3
> POWERUP SHOE 19 1 3 5
> POWERUP SHOE 19 13 11 5
> BAT1 13 4 13 6 10 13
< RES 1637330585 161 3
< GRENADE
> REQ 1637330585 162 3
> VAMPIRE 1 2 3 2 0 3 0
> VAMPIRE 2 13 11 3 0 3 15
> VAMPIRE 3 1 3 1 0 3 15
> VAMPIRE 4 2 3 1 1 3 0
> GRENADE 2 13 7 1 3
> GRENADE 1 1 5 2 3
> GRENADE 3 1 3 5 3
> POWERUP SHOE 18 1 3 5
> POWERUP SHOE 18 13 11 5
> BAT1 13 4 13 6 10 13
< RES 1637330585 162 3
< THROW XR 4
< MOVE L L
> REQ 1637330585 163 3
> VAMPIRE 1 3 4 2 0 3 0
> VAMPIRE 2 13 11 3 1 3 14
> VAMPIRE 3 1 1 1 0 3 14
> VAMPIRE 4 3 4 1 0 3 0
> GRENADE 1 1 5 1 3
> GRENADE 3 1 7 4 3
> GRENADE 4 2 3 5 3
> POWERUP SHOE 17 1 3 5
> POWERUP SHOE 17 13 11 5
> BAT1 13 4 10 13
< RES 1637330585 163 3
< MOVE R R
> REQ 1637330585 164 3
> VAMPIRE 1 2 5 2 1 3 0
> VAMPIRE 2 13 11 3 0 3 13
> VAMPIRE 3 1 3 1 1 3 13
> VAMPIRE 4 2 5 1 0 3 0
> GRENADE 4 2 3 4 3
> GRENADE 2 13 11 5 3
> POWERUP SHOE 16 1 3 5
> POWERUP SHOE 16 13 11 5
> BAT1 13 4 10 13
< RES 1637330585 164 3
> REQ 1637330585 165 3
> VAMPIRE 1 1 4 2 1 3 0
> VAMPIRE 2 13 11 3 0 3 42
> VAMPIRE 3 1 3 1 1 3 12
> VAMPIRE 4 1 5 1 0 3 0
> GRENADE 4 2 3 3 3
> GRENADE 2 13 7 4 3
> POWERUP SHOE 15 1 3 5
> BAT1 13 4 10 13
< RES 1637330585 165 3
< GRENADE
> REQ 1637330585 166 3
> VAMPIRE 1 1 4 2 0 3 0
> VAMPIRE 2 11 11 3 0 3 41
> VAMPIRE 3 1 3 1 0 3 11
> VAMPIRE 4 1 5 1 0 3 0
> GRENADE 4 2 3 2 3
> GRENADE 2 13 7 3 3
> GRENADE 1 1 4 5 3
> GRENADE 3 1 3 5 3
> POWERUP SHOE 14 1 3 5
> BAT1 13 4 10 13
< RES 1637330585 166 3
< GRENADE
> REQ 1637330585 167 3
> VAMPIRE 1 2 5 2 0 3 0
> VAMPIRE 2 8 11 3 0 3 40
> VAMPIRE 3 1 3 1 0 3 10
> VAMPIRE 4 1 5 1 0 3 0
> GRENADE 4 2 3 1 3
> GRENADE 2 13 7 2 3
> GRENADE 1 1 4 4 3
> GRENADE 3 1 3 4 3
> POWERUP SHOE 13 1 3 5
> BAT1 13 4 10 13
< RES 1637330585 167 3
> END 306 Could_not_be_more_deaded
