> MESSAGE OK
> LEVEL 8
> GAMEID 1637247413
> TEST 1
> MAXTICK 1200
> GRENADERADIUS 2
> SIZE 21
> REQ 1637247413 0 3
> VAMPIRE 1 1 1 3 1 2 0
> VAMPIRE 3 19 19 3 1 2 0
> VAMPIRE 2 19 1 3 1 2 0
> VAMPIRE 4 1 19 3 1 2 0
> BAT1 3 1 7 1 9 1 11 1 13 1 17 1 1 3 3 3 5 3 9 3 11 3 15 3 17 3 19 3 3 5 5 5 7 5 13 5 15 5 17 5 1 7 5 7 7 7 9 7 11 7 13 7 15 7 19 7 1 9 3 9 7 9 13 9 17 9 19 9 1 11 3 11 7 11 13 11 17 11 19 11 1 13 5 13 7 13 9 13 11 13 13 13 15 13 19 13 3 15 5 15 7 15 13 15 15 15 17 15 1 17 3 17 5 17 9 17 11 17 15 17 17 17 19 17 3 19 7 19 9 19 11 19 13 19 17 19
< RES 1637247413 0 3
< MOVE U
> REQ 1637247413 1 3
> VAMPIRE 1 2 1 3 1 2 0
> VAMPIRE 3 18 19 3 1 2 0
> VAMPIRE 2 18 1 3 1 2 0
> VAMPIRE 4 2 19 3 1 2 0
> BAT1 3 1 7 1 9 1 11 1 13 1 17 1 1 3 3 3 5 3 9 3 11 3 15 3 17 3 19 3 3 5 5 5 7 5 13 5 15 5 17 5 1 7 5 7 7 7 9 7 11 7 13 7 15 7 19 7 1 9 3 9 7 9 13 9 17 9 19 9 1 11 3 11 7 11 13 11 17 11 19 11 1 13 5 13 7 13 9 13 11 13 13 13 15 13 19 13 3 15 5 15 7 15 13 15 15 15 17 15 1 17 3 17 5 17 9 17 11 17 15 17 17 17 19 17 3 19 7 19 9 19 11 19 13 19 17 19
< RES 1637247413 1 3
< GRENADE
< MOVE D L
> REQ 1637247413 2 3
> VAMPIRE 1 1 2 3 0 2 0
> VAMPIRE 3 19 18 3 0 2 0
> VAMPIRE 2 19 2 3 0 2 0
> VAMPIRE 4 1 18 3 0 2 0
> GRENADE 1 2 1 5 2
> GRENADE 3 18 19 5 2
> GRENADE 2 18 1 5 2
> GRENADE 4 2 19 5 2
> BAT1 3 1 7 1 9 1 11 1 13 1 17 1 1 3 3 3 5 3 9 3 11 3 15 3 17 3 19 3 3 5 5 5 7 5 13 5 15 5 17 5 1 7 5 7 7 7 9 7 11 7 13 7 15 7 19 7 1 9 3 9 7 9 13 9 17 9 19 9 1 11 3 11 7 11 13 11 17 11 19 11 1 13 5 13 7 13 9 13 11 13 13 13 15 13 19 13 3 15 5 15 7 15 13 15 15 15 17 15 1 17 3 17 5 17 9 17 11 17 15 17 17 17 19 17 3 19 7 19 9 19 11 19 13 19 17 19
< RES 1637247413 2 3
> REQ 1637247413 3 3
> VAMPIRE 1 1 2 3 0 2 0
> VAMPIRE 3 19 18 3 0 2 0
> VAMPIRE 2 19 2 3 0 2 0
> VAMPIRE 4 1 18 3 0 2 0
> GRENADE 1 2 1 4 2
> GRENADE 3 18 19 4 2
> GRENADE 2 18 1 4 2
> GRENADE 4 2 19 4 2
> BAT1 3 1 7 1 9 1 11 1 13 1 17 1 1 3 3 3 5 3 9 3 11 3 15 3 17 3 19 3 3 5 5 5 7 5 13 5 15 5 17 5 1 7 5 7 7 7 9 7 11 7 13 7 15 7 19 7 1 9 3 9 7 9 13 9 17 9 19 9 1 11 3 11 7 11 13 11 17 11 19 11 1 13 5 13 7 13 9 13 11 13 13 13 15 13 19 13 3 15 5 15 7 15 13 15 15 15 17 15 1 17 3 17 5 17 9 17 11 17 15 17 17 17 19 17 3 19 7 19 9 19 11 19 13 19 17 19
< RES 1637247413 3 3
> REQ 1637247413 4 3
> VAMPIRE 1 1 2 3 0 2 0
> VAMPIRE 3 19 18 3 0 2 0
> VAMPIRE 2 19 2 3 0 2 0
> VAMPIRE 4 1 18 3 0 2 0
> GRENADE 1 2 1 3 2
> GRENADE 3 18 19 3 2
> GRENADE 2 18 1 3 2
> GRENADE 4 2 19 3 2
> BAT1 3 1 7 1 9 1 11 1 13 1 17 1 1 3 3 3 5 3 9 3 11 3 15 3 17 3 19 3 3 5 5 5 7 5 13 5 15 5 17 5 1 7 5 7 7 7 9 7 11 7 13 7 15 7 19 7 1 9 3 9 7 9 13 9 17 9 19 9 1 11 3 11 7 11 13 11 17 11 19 11 1 13 5 13 7 13 9 13 11 13 13 13 15 13 19 13 3 15 5 15 7 15 13 15 15 15 17 15 1 17 3 17 5 17 9 17 11 17 15 17 17 17 19 17 3 19 7 19 9 19 11 19 13 19 17 19
< RES 1637247413 4 3
> REQ 1637247413 5 3
> VAMPIRE 1 1 2 3 0 2 0
> VAMPIRE 3 19 18 3 0 2 0
> VAMPIRE 2 19 2 3 0 2 0
> VAMPIRE 4 1 18 3 0 2 0
> GRENADE 1 2 1 2 2
> GRENADE 3 18 19 2 2
> GRENADE 2 18 1 2 2
> GRENADE 4 2 19 2 2
> BAT1 3 1 7 1 9 1 11 1 13 1 17 1 1 3 3 3 5 3 9 3 11 3 15 3 17 3 19 3 3 5 5 5 7 5 13 5 15 5 17 5 1 7 5 7 7 7 9 7 11 7 13 7 15 7 19 7 1 9 3 9 7 9 13 9 17 9 19 9 1 11 3 11 7 11 13 11 17 11 19 11 1 13 5 13 7 13 9 13 11 13 13 13 15 13 19 13 3 15 5 15 7 15 13 15 15 15 17 15 1 17 3 17 5 17 9 17 11 17 15 17 17 17 19 17 3 19 7 19 9 19 11 19 13 19 17 19
< RES 1637247413 5 3
> REQ 1637247413 6 3
> VAMPIRE 1 1 2 3 0 2 0
> VAMPIRE 3 19 18 3 0 2 0
> VAMPIRE 2 19 2 3 0 2 0
> VAMPIRE 4 1 18 3 0 2 0
> GRENADE 1 2 1 1 2
> GRENADE 3 18 19 1 2
> GRENADE 2 18 1 1 2
> GRENADE 4 2 19 1 2
> BAT1 3 1 7 1 9 1 11 1 13 1 17 1 1 3 3 3 5 3 9 3 11 3 15 3 17 3 19 3 3 5 5 5 7 5 13 5 15 5 17 5 1 7 5 7 7 7 9 7 11 7 13 7 15 7 19 7 1 9 3 9 7 9 13 9 17 9 19 9 1 11 3 11 7 11 13 11 17 11 19 11 1 13 5 13 7 13 9 13 11 13 13 13 15 13 19 13 3 15 5 15 7 15 13 15 15 15 17 15 1 17 3 17 5 17 9 17 11 17 15 17 17 17 19 17 3 19 7 19 9 19 11 19 13 19 17 19
< RES 1637247413 6 3
< MOVE R
> REQ 1637247413 7 3
> VAMPIRE 1 1 1 3 1 2 0
> VAMPIRE 3 19 19 3 1 2 0
> VAMPIRE 2 19 2 3 1 2 0
> VAMPIRE 4 1 19 3 1 2 0
> BAT1 7 1 9 1 11 1 13 1 1 3 3 3 5 3 9 3 11 3 15 3 17 3 19 3 3 5 5 5 7 5 13 5 15 5 17 5 1 7 5 7 7 7 9 7 11 7 13 7 15 7 19 7 1 9 3 9 7 9 13 9 17 9 19 9 1 11 3 11 7 11 13 11 17 11 19 11 1 13 5 13 7 13 9 13 11 13 13 13 15 13 19 13 3 15 5 15 7 15 13 15 15 15 17 15 1 17 3 17 5 17 9 17 11 17 15 17 17 17 19 17 7 19 9 19 11 19 13 19
< RES 1637247413 7 3
< MOVE U U
> REQ 1637247413 8 3
> VAMPIRE 1 3 1 3 0 2 0
> VAMPIRE 3 17 19 3 1 2 0
> VAMPIRE 2 18 1 3 0 2 0
> VAMPIRE 4 3 19 3 1 2 0
> GRENADE 1 1 1 5 2
> GRENADE 2 19 2 5 2
> BAT1 7 1 9 1 11 1 13 1 1 3 3 3 5 3 9 3 11 3 15 3 17 3 19 3 3 5 5 5 7 5 13 5 15 5 17 5 1 7 5 7 7 7 9 7 11 7 13 7 15 7 19 7 1 9 3 9 7 9 13 9 17 9 19 9 1 11 3 11 7 11 13 11 17 11 19 11 1 13 5 13 7 13 9 13 11 13 13 13 15 13 19 13 3 15 5 15 7 15 13 15 15 15 17 15 1 17 3 17 5 17 9 17 11 17 15 17 17 17 19 17 7 19 9 19 11 19 13 19
< RES 1637247413 8 3
< MOVE L
> REQ 1637247413 9 3
> VAMPIRE 1 5 1 3 0 2 0
> VAMPIRE 3 17 18 3 1 2 0
> VAMPIRE 2 17 1 3 0 2 0
> VAMPIRE 4 3 18 3 1 2 0
> GRENADE 1 1 1 4 2
> GRENADE 2 19 2 4 2
> BAT1 7 1 9 1 11 1 13 1 1 3 3 3 5 3 9 3 11 3 15 3 17 3 19 3 3 5 5 5 7 5 13 5 15 5 17 5 1 7 5 7 7 7 9 7 11 7 13 7 15 7 19 7 1 9 3 9 7 9 13 9 17 9 19 9 1 11 3 11 7 11 13 11 17 11 19 11 1 13 5 13 7 13 9 13 11 13 13 13 15 13 19 13 3 15 5 15 7 15 13 15 15 15 17 15 1 17 3 17 5 17 9 17 11 17 15 17 17 17 19 17 7 19 9 19 11 19 13 19
< RES 1637247413 9 3
< GRENADE
< MOVE R U
> REQ 1637247413 10 3
> VAMPIRE 1 5 1 3 0 2 0
> VAMPIRE 3 16 19 3 0 2 0
> VAMPIRE 2 17 1 3 0 2 0
> VAMPIRE 4 4 19 3 0 2 0
> GRENADE 1 1 1 3 2
> GRENADE 2 19 2 3 2
> GRENADE 3 17 18 5 2
> GRENADE 4 3 18 5 2
> BAT1 7 1 9 1 11 1 13 1 1 3 3 3 5 3 9 3 11 3 15 3 17 3 19 3 3 5 5 5 7 5 13 5 15 5 17 5 1 7 5 7 7 7 9 7 11 7 13 7 15 7 19 7 1 9 3 9 7 9 13 9 17 9 19 9 1 11 3 11 7 11 13 11 17 11 19 11 1 13 5 13 7 13 9 13 11 13 13 13 15 13 19 13 3 15 5 15 7 15 13 15 15 15 17 15 1 17 3 17 5 17 9 17 11 17 15 17 17 17 19 17 7 19 9 19 11 19 13 19
< RES 1637247413 10 3
< MOVE U
> REQ 1637247413 11 3
> VAMPIRE 1 5 1 3 0 2 0
> VAMPIRE 3 15 19 3 0 2 0
> VAMPIRE 2 17 1 3 0 2 0
> VAMPIRE 4 5 19 3 0 2 0
> GRENADE 1 1 1 2 2
> GRENADE 2 19 2 2 2
> GRENADE 3 17 18 4 2
> GRENADE 4 3 18 4 2
> BAT1 7 1 9 1 11 1 13 1 1 3 3 3 5 3 9 3 11 3 15 3 17 3 19 3 3 5 5 5 7 5 13 5 15 5 17 5 1 7 5 7 7 7 9 7 11 7 13 7 15 7 19 7 1 9 3 9 7 9 13 9 17 9 19 9 1 11 3 11 7 11 13 11 17 11 19 11 1 13 5 13 7 13 9 13 11 13 13 13 15 13 19 13 3 15 5 15 7 15 13 15 15 15 17 15 1 17 3 17 5 17 9 17 11 17 15 17 17 17 19 17 7 19 9 19 11 19 13 19
< RES 1637247413 11 3
> REQ 1637247413 12 3
> VAMPIRE 1 5 1 3 0 2 0
> VAMPIRE 3 15 19 3 0 2 0
> VAMPIRE 2 15 1 3 0 2 0
> VAMPIRE 4 5 19 3 0 2 0
> GRENADE 1 1 1 1 2
> GRENADE 2 19 2 1 2
> GRENADE 3 17 18 3 2
> GRENADE 4 3 18 3 2
> BAT1 7 1 9 1 11 1 13 1 1 3 3 3 5 3 9 3 11 3 15 3 17 3 19 3 3 5 5 5 7 5 13 5 15 5 17 5 1 7 5 7 7 7 9 7 11 7 13 7 15 7 19 7 1 9 3 9 7 9 13 9 17 9 19 9 1 11 3 11 7 11 13 11 17 11 19 11 1 13 5 13 7 13 9 13 11 13 13 13 15 13 19 13 3 15 5 15 7 15 13 15 15 15 17 15 1 17 3 17 5 17 9 17 11 17 15 17 17 17 19 17 7 19 9 19 11 19 13 19
< RES 1637247413 12 3
> REQ 1637247413 13 3
> VAMPIRE 1 5 1 3 1 2 0
> VAMPIRE 3 15 19 3 0 2 0
> VAMPIRE 2 14 1 3 1 2 0
> VAMPIRE 4 5 19 3 0 2 0
> GRENADE 3 17 18 2 2
> GRENADE 4 3 18 2 2
> BAT1 7 1 9 1 11 1 13 1 3 3 5 3 9 3 11 3 15 3 17 3 3 5 5 5 7 5 13 5 15 5 17 5 1 7 5 7 7 7 9 7 11 7 13 7 15 7 19 7 1 9 3 9 7 9 13 9 17 9 19 9 1 11 3 11 7 11 13 11 17 11 19 11 1 13 5 13 7 13 9 13 11 13 13 13 15 13 19 13 3 15 5 15 7 15 13 15 15 15 17 15 1 17 3 17 5 17 9 17 11 17 15 17 17 17 19 17 7 19 9 19 11 19 13 19
< RES 1637247413 13 3
> REQ 1637247413 14 3
> VAMPIRE 1 3 1 3 0 2 0
> VAMPIRE 3 15 19 3 0 2 0
> VAMPIRE 2 15 2 3 0 2 0
> VAMPIRE 4 5 19 3 0 2 0
> GRENADE 3 17 18 1 2
> GRENADE 4 3 18 1 2
> GRENADE 1 5 1 5 2
> GRENADE 2 14 1 5 2
> BAT1 7 1 9 1 11 1 13 1 3 3 5 3 9 3 11 3 15 3 17 3 3 5 5 5 7 5 13 5 15 5 17 5 1 7 5 7 7 7 9 7 11 7 13 7 15 7 19 7 1 9 3 9 7 9 13 9 17 9 19 9 1 11 3 11 7 11 13 11 17 11 19 11 1 13 5 13 7 13 9 13 11 13 13 13 15 13 19 13 3 15 5 15 7 15 13 15 15 15 17 15 1 17 3 17 5 17 9 17 11 17 15 17 17 17 19 17 7 19 9 19 11 19 13 19
< RES 1637247413 14 3
> REQ 1637247413 15 3
> VAMPIRE 1 1 1 3 0 2 0
> VAMPIRE 3 15 19 3 1 2 0
> VAMPIRE 2 16 1 3 0 2 0
> VAMPIRE 4 5 19 3 1 2 0
> GRENADE 1 5 1 4 2
> GRENADE 2 14 1 4 2
> BAT1 7 1 9 1 11 1 13 1 3 3 5 3 9 3 11 3 15 3 17 3 3 5 5 5 7 5 13 5 15 5 17 5 1 7 5 7 7 7 9 7 11 7 13 7 15 7 19 7 1 9 3 9 7 9 13 9 17 9 19 9 1 11 3 11 7 11 13 11 17 11 19 11 1 13 5 13 7 13 9 13 11 13 13 13 15 13 19 13 3 15 5 15 7 15 13 15 15 15 17 15 1 17 5 17 9 17 11 17 15 17 19 17 7 19 9 19 11 19 13 19
< RES 1637247413 15 3
< GRENADE
< MOVE D D
> REQ 1637247413 16 3
> VAMPIRE 1 1 3 3 0 2 0
> VAMPIRE 3 17 19 3 0 2 0
> VAMPIRE 2 17 1 3 0 2 0
> VAMPIRE 4 3 19 3 0 2 0
> GRENADE 1 5 1 3 2
> GRENADE 2 14 1 3 2
> GRENADE 3 15 19 5 2
> GRENADE 4 5 19 5 2
> BAT1 7 1 9 1 11 1 13 1 3 3 5 3 9 3 11 3 15 3 17 3 3 5 5 5 7 5 13 5 15 5 17 5 1 7 5 7 7 7 9 7 11 7 13 7 15 7 19 7 1 9 3 9 7 9 13 9 17 9 19 9 1 11 3 11 7 11 13 11 17 11 19 11 1 13 5 13 7 13 9 13 11 13 13 13 15 13 19 13 3 15 5 15 7 15 13 15 15 15 17 15 1 17 5 17 9 17 11 17 15 17 19 17 7 19 9 19 11 19 13 19
< RES 1637247413 16 3
< MOVE L L
> REQ 1637247413 17 3
> VAMPIRE 1 1 2 3 0 2 0
> VAMPIRE 3 17 17 3 0 2 0
> VAMPIRE 2 15 1 3 0 2 0
> VAMPIRE 4 3 17 3 0 2 0
> GRENADE 1 5 1 2 2
> GRENADE 2 14 1 2 2
> GRENADE 3 15 19 4 2
> GRENADE 4 5 19 4 2
> BAT1 7 1 9 1 11 1 13 1 3 3 5 3 9 3 11 3 15 3 17 3 3 5 5 5 7 5 13 5 15 5 17 5 1 7 5 7 7 7 9 7 11 7 13 7 15 7 19 7 1 9 3 9 7 9 13 9 17 9 19 9 1 11 3 11 7 11 13 11 17 11 19 11 1 13 5 13 7 13 9 13 11 13 13 13 15 13 19 13 3 15 5 15 7 15 13 15 15 15 17 15 1 17 5 17 9 17 11 17 15 17 19 17 7 19 9 19 11 19 13 19
< RES 1637247413 17 3
> REQ 1637247413 18 3
> VAMPIRE 1 2 1 3 0 2 0
> VAMPIRE 3 17 17 3 0 2 0
> VAMPIRE 2 15 2 3 0 2 0
> VAMPIRE 4 3 17 3 0 2 0
> GRENADE 1 5 1 1 2
> GRENADE 2 14 1 1 2
> GRENADE 3 15 19 3 2
> GRENADE 4 5 19 3 2
> BAT1 7 1 9 1 11 1 13 1 3 3 5 3 9 3 11 3 15 3 17 3 3 5 5 5 7 5 13 5 15 5 17 5 1 7 5 7 7 7 9 7 11 7 13 7 15 7 19 7 1 9 3 9 7 9 13 9 17 9 19 9 1 11 3 11 7 11 13 11 17 11 19 11 1 13 5 13 7 13 9 13 11 13 13 13 15 13 19 13 3 15 5 15 7 15 13 15 15 15 17 15 1 17 5 17 9 17 11 17 15 17 19 17 7 19 9 19 11 19 13 19
< RES 1637247413 18 3
> REQ 1637247413 19 3
> VAMPIRE 1 3 1 3 1 2 0
> VAMPIRE 3 17 17 3 0 2 0
> VAMPIRE 2 15 2 3 1 2 0
> VAMPIRE 4 3 17 3 0 2 0
> GRENADE 3 15 19 2 2
> GRENADE 4 5 19 2 2
> BAT1 9 1 11 1 3 3 9 3 11 3 15 3 17 3 3 5 5 5 7 5 13 5 15 5 17 5 1 7 5 7 7 7 9 7 11 7 13 7 15 7 19 7 1 9 3 9 7 9 13 9 17 9 19 9 1 11 3 11 7 11 13 11 17 11 19 11 1 13 5 13 7 13 9 13 11 13 13 13 15 13 19 13 3 15 5 15 7 15 13 15 15 15 17 15 1 17 5 17 9 17 11 17 15 17 19 17 7 19 9 19 11 19 13 19
< RES 1637247413 19 3
> REQ 1637247413 20 3
> VAMPIRE 1 5 1 3 0 2 0
> VAMPIRE 3 17 17 3 0 2 0
> VAMPIRE 2 14 1 3 1 2 0
> VAMPIRE 4 3 17 3 0 2 0
> GRENADE 3 15 19 1 2
> GRENADE 4 5 19 1 2
> GRENADE 1 3 1 5 2
> BAT1 9 1 11 1 3 3 9 3 11 3 15 3 17 3 3 5 5 5 7 5 13 5 15 5 17 5 1 7 5 7 7 7 9 7 11 7 13 7 15 7 19 7 1 9 3 9 7 9 13 9 17 9 19 9 1 11 3 11 7 11 13 11 17 11 19 11 1 13 5 13 7 13 9 13 11 13 13 13 15 13 19 13 3 15 5 15 7 15 13 15 15 15 17 15 1 17 5 17 9 17 11 17 15 17 19 17 7 19 9 19 11 19 13 19
< RES 1637247413 20 3
< MOVE L
> REQ 1637247413 21 3
> VAMPIRE 1 5 3 3 0 2 0
> VAMPIRE 3 17 16 3 1 2 0
> VAMPIRE 2 13 2 3 1 2 0
> VAMPIRE 4 3 16 3 1 2 0
> GRENADE 1 3 1 4 2
> BAT1 9 1 11 1 3 3 9 3 11 3 15 3 17 3 3 5 5 5 7 5 13 5 15 5 17 5 1 7 5 7 7 7 9 7 11 7 13 7 15 7 19 7 1 9 3 9 7 9 13 9 17 9 19 9 1 11 3 11 7 11 13 11 17 11 19 11 1 13 5 13 7 13 9 13 11 13 13 13 15 13 19 13 3 15 5 15 7 15 13 15 15 15 17 15 1 17 9 17 11 17 19 17 9 19 11 19
< RES 1637247413 21 3
< MOVE R
> REQ 1637247413 22 3
> VAMPIRE 1 7 3 3 0 2 0
> VAMPIRE 3 17 17 3 1 2 0
> VAMPIRE 2 13 3 3 1 2 0
> VAMPIRE 4 4 17 3 0 2 0
> GRENADE 1 3 1 3 2
> GRENADE 4 3 16 5 2
> BAT1 9 1 11 1 3 3 9 3 11 3 15 3 17 3 3 5 5 5 7 5 13 5 15 5 17 5 1 7 5 7 7 7 9 7 11 7 13 7 15 7 19 7 1 9 3 9 7 9 13 9 17 9 19 9 1 11 3 11 7 11 13 11 17 11 19 11 1 13 5 13 7 13 9 13 11 13 13 13 15 13 19 13 3 15 5 15 7 15 13 15 15 15 17 15 1 17 9 17 11 17 19 17 9 19 11 19
< RES 1637247413 22 3
< GRENADE
< MOVE U U
> REQ 1637247413 23 3
> VAMPIRE 1 7 3 3 0 2 0
> VAMPIRE 3 15 17 3 0 2 0
> VAMPIRE 2 13 1 3 0 2 0
> VAMPIRE 4 5 17 3 0 2 0
> GRENADE 1 3 1 2 2
> GRENADE 4 3 16 4 2
> GRENADE 3 17 17 5 2
> GRENADE 2 13 3 5 2
> BAT1 9 1 11 1 3 3 9 3 11 3 15 3 17 3 3 5 5 5 7 5 13 5 15 5 17 5 1 7 5 7 7 7 9 7 11 7 13 7 15 7 19 7 1 9 3 9 7 9 13 9 17 9 19 9 1 11 3 11 7 11 13 11 17 11 19 11 1 13 5 13 7 13 9 13 11 13 13 13 15 13 19 13 3 15 5 15 7 15 13 15 15 15 17 15 1 17 9 17 11 17 19 17 9 19 11 19
< RES 1637247413 23 3
< MOVE U U
> REQ 1637247413 24 3
> VAMPIRE 1 7 3 3 0 2 0
> VAMPIRE 3 13 17 3 0 2 0
> VAMPIRE 2 15 1 3 0 2 0
> VAMPIRE 4 5 17 3 0 2 0
> GRENADE 1 3 1 1 2
> GRENADE 4 3 16 3 2
> GRENADE 3 17 17 4 2
> GRENADE 2 13 3 4 2
> BAT1 9 1 11 1 3 3 9 3 11 3 15 3 17 3 3 5 5 5 7 5 13 5 15 5 17 5 1 7 5 7 7 7 9 7 11 7 13 7 15 7 19 7 1 9 3 9 7 9 13 9 17 9 19 9 1 11 3 11 7 11 13 11 17 11 19 11 1 13 5 13 7 13 9 13 11 13 13 13 15 13 19 13 3 15 5 15 7 15 13 15 15 15 17 15 1 17 9 17 11 17 19 17 9 19 11 19
< RES 1637247413 24 3
> REQ 1637247413 25 3
> VAMPIRE 1 7 3 3 1 2 0
> VAMPIRE 3 13 17 3 0 2 0
> VAMPIRE 2 15 1 3 0 2 0
> VAMPIRE 4 5 17 3 0 2 0
> GRENADE 4 3 16 2 2
> GRENADE 3 17 17 3 2
> GRENADE 2 13 3 3 2
> BAT1 9 1 11 1 9 3 11 3 15 3 17 3 3 5 5 5 7 5 13 5 15 5 17 5 1 7 5 7 7 7 9 7 11 7 13 7 15 7 19 7 1 9 3 9 7 9 13 9 17 9 19 9 1 11 3 11 7 11 13 11 17 11 19 11 1 13 5 13 7 13 9 13 11 13 13 13 15 13 19 13 3 15 5 15 7 15 13 15 15 15 17 15 1 17 9 17 11 17 19 17 9 19 11 19
< RES 1637247413 25 3
> REQ 1637247413 26 3
> VAMPIRE 1 5 3 3 0 2 0
> VAMPIRE 3 13 17 3 0 2 0
> VAMPIRE 2 15 1 3 0 2 0
> VAMPIRE 4 5 17 3 0 2 0
> GRENADE 4 3 16 1 2
> GRENADE 3 17 17 2 2
> GRENADE 2 13 3 2 2
> GRENADE 1 7 3 5 2
> BAT1 9 1 11 1 9 3 11 3 15 3 17 3 3 5 5 5 7 5 13 5 15 5 17 5 1 7 5 7 7 7 9 7 11 7 13 7 15 7 19 7 1 9 3 9 7 9 13 9 17 9 19 9 1 11 3 11 7 11 13 11 17 11 19 11 1 13 5 13 7 13 9 13 11 13 13 13 15 13 19 13 3 15 5 15 7 15 13 15 15 15 17 15 1 17 9 17 11 17 19 17 9 19 11 19
< RES 1637247413 26 3
> REQ 1637247413 27 3
> VAMPIRE 1 3 3 3 0 2 0
> VAMPIRE 3 13 17 3 0 2 0
> VAMPIRE 2 14 1 3 0 2 0
> VAMPIRE 4 7 17 3 1 2 0
> GRENADE 3 17 17 1 2
> GRENADE 2 13 3 1 2
> GRENADE 1 7 3 4 2
> BAT1 9 1 11 1 9 3 11 3 15 3 17 3 3 5 5 5 7 5 13 5 15 5 17 5 1 7 5 7 7 7 9 7 11 7 13 7 15 7 19 7 1 9 3 9 7 9 13 9 17 9 19 9 1 11 3 11 7 11 13 11 17 11 19 11 1 13 5 13 7 13 9 13 11 13 13 13 15 13 19 13 5 15 7 15 13 15 15 15 17 15 1 17 9 17 11 17 19 17 9 19 11 19
< RES 1637247413 27 3
< MOVE L
> REQ 1637247413 28 3
> VAMPIRE 1 3 1 3 0 2 0
> VAMPIRE 3 13 16 3 1 2 0
> VAMPIRE 2 12 1 3 1 2 0
> VAMPIRE 4 5 17 3 0 2 0
> GRENADE 1 7 3 3 2
> GRENADE 4 7 17 5 2
> BAT1 9 1 11 1 9 3 17 3 3 5 5 5 7 5 15 5 17 5 1 7 5 7 7 7 9 7 11 7 13 7 15 7 19 7 1 9 3 9 7 9 13 9 17 9 19 9 1 11 3 11 7 11 13 11 17 11 19 11 1 13 5 13 7 13 9 13 11 13 13 13 15 13 19 13 5 15 7 15 13 15 15 15 1 17 9 17 11 17 9 19 11 19
< RES 1637247413 28 3
< MOVE R
> REQ 1637247413 29 3
> VAMPIRE 1 5 1 3 0 2 0
> VAMPIRE 3 13 17 3 1 2 0
> VAMPIRE 2 13 2 3 0 2 0
> VAMPIRE 4 3 17 3 0 2 0
> GRENADE 1 7 3 2 2
> GRENADE 4 7 17 4 2
> GRENADE 2 12 1 5 2
> BAT1 9 1 11 1 9 3 17 3 3 5 5 5 7 5 15 5 17 5 1 7 5 7 7 7 9 7 11 7 13 7 15 7 19 7 1 9 3 9 7 9 13 9 17 9 19 9 1 11 3 11 7 11 13 11 17 11 19 11 1 13 5 13 7 13 9 13 11 13 13 13 15 13 19 13 5 15 7 15 13 15 15 15 1 17 9 17 11 17 9 19 11 19
< RES 1637247413 29 3
< GRENADE
< MOVE D D
> REQ 1637247413 30 3
> VAMPIRE 1 6 1 3 0 2 0
> VAMPIRE 3 15 17 3 0 2 0
> VAMPIRE 2 13 3 3 0 2 0
> VAMPIRE 4 3 17 3 0 2 0
> GRENADE 1 7 3 1 2
> GRENADE 4 7 17 3 2
> GRENADE 2 12 1 4 2
> GRENADE 3 13 17 5 2
> BAT1 9 1 11 1 9 3 17 3 3 5 5 5 7 5 15 5 17 5 1 7 5 7 7 7 9 7 11 7 13 7 15 7 19 7 1 9 3 9 7 9 13 9 17 9 19 9 1 11 3 11 7 11 13 11 17 11 19 11 1 13 5 13 7 13 9 13 11 13 13 13 15 13 19 13 5 15 7 15 13 15 15 15 1 17 9 17 11 17 9 19 11 19
< RES 1637247413 30 3
< MOVE D D
> REQ 1637247413 31 3
> VAMPIRE 1 7 1 3 1 2 0
> VAMPIRE 3 17 17 3 0 2 0
> VAMPIRE 2 11 3 3 0 2 0
> VAMPIRE 4 3 16 3 0 2 0
> GRENADE 4 7 17 2 2
> GRENADE 2 12 1 3 2
> GRENADE 3 13 17 4 2
> BAT1 9 1 11 1 17 3 3 5 5 5 15 5 17 5 1 7 5 7 7 7 9 7 11 7 13 7 15 7 19 7 1 9 3 9 7 9 13 9 17 9 19 9 1 11 3 11 7 11 13 11 17 11 19 11 1 13 5 13 7 13 9 13 11 13 13 13 15 13 19 13 5 15 7 15 13 15 15 15 1 17 9 17 11 17 9 19 11 19
< RES 1637247413 31 3
< MOVE L
> REQ 1637247413 32 3
> VAMPIRE 1 7 3 3 0 2 0
> VAMPIRE 3 17 16 3 0 2 0
> VAMPIRE 2 11 3 3 0 2 0
> VAMPIRE 4 3 14 3 0 2 0
> GRENADE 4 7 17 1 2
> GRENADE 2 12 1 2 2
> GRENADE 3 13 17 3 2
> GRENADE 1 7 1 5 2
> BAT1 9 1 11 1 17 3 3 5 5 5 15 5 17 5 1 7 5 7 7 7 9 7 11 7 13 7 15 7 19 7 1 9 3 9 7 9 13 9 17 9 19 9 1 11 3 11 7 11 13 11 17 11 19 11 1 13 5 13 7 13 9 13 11 13 13 13 15 13 19 13 5 15 7 15 13 15 15 15 1 17 9 17 11 17 9 19 11 19
< RES 1637247413 32 3
< MOVE L L
> REQ 1637247413 33 3
> VAMPIRE 1 5 3 3 0 2 0
> VAMPIRE 3 17 14 3 0 2 0
> VAMPIRE 2 13 3 3 0 2 0
> VAMPIRE 4 3 13 3 1 2 0
> GRENADE 2 12 1 1 2
> GRENADE 3 13 17 2 2
> GRENADE 1 7 1 4 2
> BAT1 9 1 11 1 17 3 3 5 5 5 15 5 17 5 1 7 5 7 7 7 9 7 11 7 13 7 15 7 19 7 1 9 3 9 7 9 13 9 17 9 19 9 1 11 3 11 7 11 13 11 17 11 19 11 1 13 5 13 7 13 9 13 11 13 13 13 15 13 19 13 5 15 13 15 15 15 1 17 11 17 9 19 11 19
< RES 1637247413 33 3
< MOVE L
> REQ 1637247413 34 3
> VAMPIRE 1 5 3 3 0 2 0
> VAMPIRE 3 17 13 3 0 2 0
> VAMPIRE 2 13 5 3 1 2 0
> VAMPIRE 4 3 15 3 0 2 0
> GRENADE 3 13 17 1 2
> GRENADE 1 7 1 3 2
> GRENADE 4 3 13 5 2
> BAT1 9 1 17 3 3 5 5 5 15 5 17 5 1 7 5 7 7 7 9 7 11 7 13 7 15 7 19 7 1 9 3 9 7 9 13 9 17 9 19 9 1 11 3 11 7 11 13 11 17 11 19 11 1 13 5 13 7 13 9 13 11 13 13 13 15 13 19 13 5 15 13 15 15 15 1 17 11 17 9 19 11 19
< RES 1637247413 34 3
> REQ 1637247413 35 3
> VAMPIRE 1 6 3 3 0 2 0
> VAMPIRE 3 17 13 3 1 2 0
> VAMPIRE 2 11 5 3 0 2 0
> VAMPIRE 4 3 17 3 0 2 0
> GRENADE 1 7 1 2 2
> GRENADE 4 3 13 4 2
> GRENADE 2 13 5 5 2
> BAT1 9 1 17 3 3 5 5 5 15 5 17 5 1 7 5 7 7 7 9 7 11 7 13 7 15 7 19 7 1 9 3 9 7 9 13 9 17 9 19 9 1 11 3 11 7 11 13 11 17 11 19 11 1 13 5 13 7 13 9 13 11 13 13 13 15 13 19 13 5 15 15 15 1 17 9 19 11 19
< RES 1637247413 35 3
< GRENADE
< MOVE R R
> REQ 1637247413 36 3
> VAMPIRE 1 5 3 3 0 2 0
> VAMPIRE 3 17 15 3 0 2 0
> VAMPIRE 2 9 5 3 0 2 0
> VAMPIRE 4 3 17 3 0 2 0
> GRENADE 1 7 1 1 2
> GRENADE 4 3 13 3 2
> GRENADE 2 13 5 4 2
> GRENADE 3 17 13 5 2
> BAT1 9 1 17 3 3 5 5 5 15 5 17 5 1 7 5 7 7 7 9 7 11 7 13 7 15 7 19 7 1 9 3 9 7 9 13 9 17 9 19 9 1 11 3 11 7 11 13 11 17 11 19 11 1 13 5 13 7 13 9 13 11 13 13 13 15 13 19 13 5 15 15 15 1 17 9 19 11 19
< RES 1637247413 36 3
< MOVE R R
> REQ 1637247413 37 3
> VAMPIRE 1 7 3 3 1 2 0
> VAMPIRE 3 17 17 3 0 2 0
> VAMPIRE 2 9 5 3 0 2 0
> VAMPIRE 4 5 17 3 0 2 0
> GRENADE 4 3 13 2 2
> GRENADE 2 13 5 3 2
> GRENADE 3 17 13 4 2
> BAT1 17 3 3 5 5 5 15 5 17 5 1 7 5 7 7 7 9 7 11 7 13 7 15 7 19 7 1 9 3 9 7 9 13 9 17 9 19 9 1 11 3 11 7 11 13 11 17 11 19 11 1 13 5 13 7 13 9 13 11 13 13 13 15 13 19 13 5 15 15 15 1 17 9 19 11 19
< RES 1637247413 37 3
< MOVE U U
> REQ 1637247413 38 3
> VAMPIRE 1 7 5 3 1 2 0
> VAMPIRE 3 15 17 3 0 2 0
> VAMPIRE 2 7 5 3 0 2 0
> VAMPIRE 4 7 17 3 0 2 0
> GRENADE 4 3 13 1 2
> GRENADE 2 13 5 2 2
> GRENADE 3 17 13 3 2
> BAT1 17 3 3 5 5 5 15 5 17 5 1 7 5 7 7 7 9 7 11 7 13 7 15 7 19 7 1 9 3 9 7 9 13 9 17 9 19 9 1 11 3 11 7 11 13 11 17 11 19 11 1 13 5 13 7 13 9 13 11 13 13 13 15 13 19 13 5 15 15 15 1 17 9 19 11 19
< RES 1637247413 38 3
> REQ 1637247413 39 3
> VAMPIRE 1 9 5 3 0 2 0
> VAMPIRE 3 15 17 3 0 2 0
> VAMPIRE 2 7 5 3 0 2 0
> VAMPIRE 4 7 15 3 1 2 0
> GRENADE 2 13 5 1 2
> GRENADE 3 17 13 2 2
> GRENADE 1 7 5 5 2
> BAT1 17 3 3 5 5 5 15 5 17 5 1 7 5 7 7 7 9 7 11 7 13 7 15 7 19 7 1 9 3 9 7 9 13 9 17 9 19 9 1 11 7 11 13 11 17 11 19 11 7 13 9 13 11 13 13 13 15 13 19 13 5 15 15 15 1 17 9 19 11 19
< RES 1637247413 39 3
< MOVE U U
> REQ 1637247413 40 3
> VAMPIRE 1 11 5 3 0 2 0
> VAMPIRE 3 13 17 3 0 2 0
> VAMPIRE 2 9 5 3 1 2 0
> VAMPIRE 4 9 15 3 0 2 0
> GRENADE 3 17 13 1 2
> GRENADE 1 7 5 4 2
> GRENADE 4 7 15 5 2
> BAT1 17 3 3 5 5 5 17 5 1 7 5 7 7 7 9 7 11 7 15 7 19 7 1 9 3 9 7 9 13 9 17 9 19 9 1 11 7 11 13 11 17 11 19 11 7 13 9 13 11 13 13 13 15 13 19 13 5 15 15 15 1 17 9 19 11 19
< RES 1637247413 40 3
< MOVE L L
> REQ 1637247413 41 3
> VAMPIRE 1 11 5 3 0 2 0
> VAMPIRE 3 13 15 3 1 2 0
> VAMPIRE 2 11 5 3 0 2 0
> VAMPIRE 4 10 15 3 0 2 0
> GRENADE 1 7 5 3 2
> GRENADE 4 7 15 4 2
> GRENADE 2 9 5 5 2
> BAT1 17 3 3 5 5 5 17 5 1 7 5 7 7 7 9 7 11 7 15 7 19 7 1 9 3 9 7 9 13 9 17 9 19 9 1 11 7 11 13 11 19 11 7 13 9 13 11 13 13 13 5 15 15 15 1 17 9 19 11 19
< RES 1637247413 41 3
< GRENADE
< MOVE U U
> REQ 1637247413 42 3
> VAMPIRE 1 12 5 3 0 2 0
> VAMPIRE 3 11 15 3 0 2 0
> VAMPIRE 2 12 5 3 0 2 0
> VAMPIRE 4 9 16 3 0 2 0
> GRENADE 1 7 5 2 2
> GRENADE 4 7 15 3 2
> GRENADE 2 9 5 4 2
> GRENADE 3 13 15 5 2
> BAT1 17 3 3 5 5 5 17 5 1 7 5 7 7 7 9 7 11 7 15 7 19 7 1 9 3 9 7 9 13 9 17 9 19 9 1 11 7 11 13 11 19 11 7 13 9 13 11 13 13 13 5 15 15 15 1 17 9 19 11 19
< RES 1637247413 42 3
< MOVE R R
> REQ 1637247413 43 3
> VAMPIRE 1 13 6 3 0 2 0
> VAMPIRE 3 11 17 3 0 2 0
> VAMPIRE 2 13 6 3 0 2 0
> VAMPIRE 4 8 17 3 0 2 0
> GRENADE 1 7 5 1 2
> GRENADE 4 7 15 2 2
> GRENADE 2 9 5 3 2
> GRENADE 3 13 15 4 2
> BAT1 17 3 3 5 5 5 17 5 1 7 5 7 7 7 9 7 11 7 15 7 19 7 1 9 3 9 7 9 13 9 17 9 19 9 1 11 7 11 13 11 19 11 7 13 9 13 11 13 13 13 5 15 15 15 1 17 9 19 11 19
< RES 1637247413 43 3
< MOVE U U
> REQ 1637247413 44 3
> VAMPIRE 1 13 7 3 1 2 0
> VAMPIRE 3 9 17 3 0 2 0
> VAMPIRE 2 13 7 3 1 2 0
> VAMPIRE 4 9 17 3 0 2 0
> GRENADE 4 7 15 1 2
> GRENADE 3 13 15 3 2
> BAT1 17 3 3 5 17 5 1 7 5 7 11 7 15 7 19 7 1 9 3 9 7 9 13 9 17 9 19 9 1 11 7 11 13 11 19 11 7 13 9 13 11 13 13 13 5 15 15 15 1 17 9 19 11 19
< RES 1637247413 44 3
< MOVE L L
> REQ 1637247413 45 3
> VAMPIRE 1 13 5 3 0 2 0
> VAMPIRE 3 9 15 3 0 2 0
> VAMPIRE 2 13 5 3 0 2 0
> VAMPIRE 4 9 17 3 1 2 0
> GRENADE 3 13 15 2 2
> GRENADE 1 13 7 5 2
> GRENADE 2 13 7 5 2
> BAT1 17 3 3 5 17 5 1 7 5 7 11 7 15 7 19 7 1 9 3 9 7 9 13 9 17 9 19 9 1 11 7 11 13 11 19 11 9 13 11 13 13 13 15 15 1 17 9 19 11 19
< RES 1637247413 45 3
< MOVE U U
> REQ 1637247413 46 3
> VAMPIRE 1 15 5 3 0 2 0
> VAMPIRE 3 7 15 3 0 2 0
> VAMPIRE 2 15 5 3 0 2 0
> VAMPIRE 4 7 17 3 0 2 0
> GRENADE 3 13 15 1 2
> GRENADE 1 13 7 4 2
> GRENADE 2 13 7 4 2
> GRENADE 4 9 17 5 2
> BAT1 17 3 3 5 17 5 1 7 5 7 11 7 15 7 19 7 1 9 3 9 7 9 13 9 17 9 19 9 1 11 7 11 13 11 19 11 9 13 11 13 13 13 15 15 1 17 9 19 11 19
< RES 1637247413 46 3
< MOVE L L
> REQ 1637247413 47 3
> VAMPIRE 1 15 5 3 0 2 0
> VAMPIRE 3 7 13 3 1 2 0
> VAMPIRE 2 15 5 3 0 2 0
> VAMPIRE 4 5 17 3 0 2 0
> GRENADE 1 13 7 3 2
> GRENADE 2 13 7 3 2
> GRENADE 4 9 17 4 2
> BAT1 17 3 3 5 17 5 1 7 5 7 11 7 15 7 19 7 1 9 3 9 7 9 13 9 17 9 19 9 1 11 7 11 13 11 19 11 9 13 11 13 1 17 9 19 11 19
< RES 1637247413 47 3
< GRENADE
< MOVE U U
> REQ 1637247413 48 3
> VAMPIRE 1 15 3 3 0 2 0
> VAMPIRE 3 5 13 3 0 2 0
> VAMPIRE 2 15 3 3 0 2 0
> VAMPIRE 4 3 17 3 0 2 0
> GRENADE 1 13 7 2 2
> GRENADE 2 13 7 2 2
> GRENADE 4 9 17 3 2
> GRENADE 3 7 13 5 2
> BAT1 17 3 3 5 17 5 1 7 5 7 11 7 15 7 19 7 1 9 3 9 7 9 13 9 17 9 19 9 1 11 7 11 13 11 19 11 9 13 11 13 1 17 9 19 11 19
< RES 1637247413 48 3
< MOVE L L
> REQ 1637247413 49 3
> VAMPIRE 1 15 1 3 0 2 0
> VAMPIRE 3 5 11 3 0 2 0
> VAMPIRE 2 15 1 3 0 2 0
> VAMPIRE 4 3 15 3 0 2 0
> GRENADE 1 13 7 1 2
> GRENADE 2 13 7 1 2
> GRENADE 4 9 17 2 2
> GRENADE 3 7 13 4 2
> BAT1 17 3 3 5 17 5 1 7 5 7 11 7 15 7 19 7 1 9 3 9 7 9 13 9 17 9 19 9 1 11 7 11 13 11 19 11 9 13 11 13 1 17 9 19 11 19
< RES 1637247413 49 3
< MOVE L L
> REQ 1637247413 50 3
> VAMPIRE 1 17 1 3 1 2 0
> VAMPIRE 3 5 9 3 0 2 0
> VAMPIRE 2 17 1 3 1 2 0
> VAMPIRE 4 3 13 3 0 2 0
> GRENADE 4 9 17 1 2
> GRENADE 3 7 13 3 2
> BAT1 17 3 3 5 17 5 1 7 5 7 19 7 1 9 3 9 7 9 17 9 19 9 1 11 7 11 13 11 19 11 9 13 11 13 1 17 9 19 11 19
< RES 1637247413 50 3
> REQ 1637247413 51 3
> VAMPIRE 1 15 1 3 0 2 0
> VAMPIRE 3 5 9 3 0 2 0
> VAMPIRE 2 15 1 3 0 2 0
> VAMPIRE 4 3 11 3 1 2 0
> GRENADE 3 7 13 2 2
> GRENADE 1 17 1 5 2
> GRENADE 2 17 1 5 2
> BAT1 17 3 3 5 17 5 1 7 5 7 19 7 1 9 3 9 7 9 17 9 19 9 1 11 7 11 13 11 19 11 9 13 11 13 1 17 11 19
< RES 1637247413 51 3
> REQ 1637247413 52 3
> VAMPIRE 1 15 3 3 0 2 0
> VAMPIRE 3 5 9 3 0 2 0
> VAMPIRE 2 15 3 3 0 2 0
> VAMPIRE 4 3 13 3 0 2 0
> GRENADE 3 7 13 1 2
> GRENADE 1 17 1 4 2
> GRENADE 2 17 1 4 2
> GRENADE 4 3 11 5 2
> BAT1 17 3 3 5 17 5 1 7 5 7 19 7 1 9 3 9 7 9 17 9 19 9 1 11 7 11 13 11 19 11 9 13 11 13 1 17 11 19
< RES 1637247413 52 3
> REQ 1637247413 53 3
> VAMPIRE 1 15 3 3 0 2 0
> VAMPIRE 3 5 9 3 1 2 0
> VAMPIRE 2 15 3 3 0 2 0
> VAMPIRE 4 3 15 3 0 2 0
> GRENADE 1 17 1 3 2
> GRENADE 2 17 1 3 2
> GRENADE 4 3 11 4 2
> BAT1 17 3 3 5 17 5 1 7 5 7 19 7 1 9 3 9 7 9 17 9 19 9 1 11 13 11 19 11 11 13 1 17 11 19
< RES 1637247413 53 3
< GRENADE
< MOVE R R
> REQ 1637247413 54 3
> VAMPIRE 1 15 3 3 0 2 0
> VAMPIRE 3 5 11 3 0 2 0
> VAMPIRE 2 15 3 3 0 2 0
> VAMPIRE 4 3 17 3 0 2 0
> GRENADE 1 17 1 2 2
> GRENADE 2 17 1 2 2
> GRENADE 4 3 11 3 2
> GRENADE 3 5 9 5 2
> BAT1 17 3 3 5 17 5 1 7 5 7 19 7 1 9 3 9 7 9 17 9 19 9 1 11 13 11 19 11 11 13 1 17 11 19
< RES 1637247413 54 3
< MOVE D D
> REQ 1637247413 55 3
> VAMPIRE 1 15 5 3 0 2 0
> VAMPIRE 3 7 11 3 0 2 0
> VAMPIRE 2 15 5 3 0 2 0
> VAMPIRE 4 3 17 3 0 2 0
> GRENADE 1 17 1 1 2
> GRENADE 2 17 1 1 2
> GRENADE 4 3 11 2 2
> GRENADE 3 5 9 4 2
> BAT1 17 3 3 5 17 5 1 7 5 7 19 7 1 9 3 9 7 9 17 9 19 9 1 11 13 11 19 11 11 13 1 17 11 19
< RES 1637247413 55 3
> REQ 1637247413 56 3
> VAMPIRE 1 16 5 3 1 2 0
> VAMPIRE 3 7 11 3 0 2 0
> VAMPIRE 2 16 5 3 1 2 0
> VAMPIRE 4 3 17 3 0 2 0
> GRENADE 4 3 11 1 2
> GRENADE 3 5 9 3 2
> BAT1 3 5 17 5 1 7 5 7 19 7 1 9 3 9 7 9 17 9 19 9 1 11 13 11 19 11 11 13 1 17 11 19
< RES 1637247413 56 3
> REQ 1637247413 57 3
> VAMPIRE 1 15 6 3 0 2 0
> VAMPIRE 3 7 11 3 0 2 0
> VAMPIRE 2 15 6 3 0 2 0
> VAMPIRE 4 2 17 3 1 2 0
> GRENADE 3 5 9 2 2
> GRENADE 1 16 5 5 2
> GRENADE 2 16 5 5 2
> BAT1 3 5 17 5 1 7 5 7 19 7 1 9 7 9 17 9 19 9 13 11 19 11 11 13 1 17 11 19
< RES 1637247413 57 3
< MOVE D D
> REQ 1637247413 58 3
> VAMPIRE 1 15 7 3 0 2 0
> VAMPIRE 3 9 11 3 0 2 0
> VAMPIRE 2 15 7 3 0 2 0
> VAMPIRE 4 3 16 3 0 2 0
> GRENADE 3 5 9 1 2
> GRENADE 1 16 5 4 2
> GRENADE 2 16 5 4 2
> GRENADE 4 2 17 5 2
> BAT1 3 5 17 5 1 7 5 7 19 7 1 9 7 9 17 9 19 9 13 11 19 11 11 13 1 17 11 19
< RES 1637247413 58 3
< MOVE D D
> REQ 1637247413 59 3
> VAMPIRE 1 15 9 3 0 2 0
> VAMPIRE 3 11 11 3 1 2 0
> VAMPIRE 2 15 9 3 0 2 0
> VAMPIRE 4 3 15 3 0 2 0
> GRENADE 1 16 5 3 2
> GRENADE 2 16 5 3 2
> GRENADE 4 2 17 4 2
> BAT1 3 5 17 5 1 7 19 7 1 9 17 9 19 9 13 11 19 11 11 13 1 17 11 19
< RES 1637247413 59 3
< GRENADE
< MOVE L L
> REQ 1637247413 60 3
> VAMPIRE 1 15 9 3 0 2 0
> VAMPIRE 3 11 9 3 0 2 0
> VAMPIRE 2 15 9 3 0 2 0
> VAMPIRE 4 3 13 3 0 2 0
> GRENADE 1 16 5 2 2
> GRENADE 2 16 5 2 2
> GRENADE 4 2 17 3 2
> GRENADE 3 11 11 5 2
> BAT1 3 5 17 5 1 7 19 7 1 9 17 9 19 9 13 11 19 11 11 13 1 17 11 19
< RES 1637247413 60 3
< MOVE D D
> REQ 1637247413 61 3
> VAMPIRE 1 15 11 3 0 2 0
> VAMPIRE 3 13 9 3 0 2 0
> VAMPIRE 2 15 11 3 0 2 0
> VAMPIRE 4 3 11 3 0 2 0
> GRENADE 1 16 5 1 2
> GRENADE 2 16 5 1 2
> GRENADE 4 2 17 2 2
> GRENADE 3 11 11 4 2
> BAT1 3 5 17 5 1 7 19 7 1 9 17 9 19 9 13 11 19 11 11 13 1 17 11 19
< RES 1637247413 61 3
> REQ 1637247413 62 3
> VAMPIRE 1 17 11 3 1 2 0
> VAMPIRE 3 13 9 3 0 2 0
> VAMPIRE 2 17 11 3 1 2 0
> VAMPIRE 4 3 9 3 0 2 0
> GRENADE 4 2 17 1 2
> GRENADE 3 11 11 3 2
> BAT1 3 5 1 7 19 7 1 9 17 9 19 9 13 11 19 11 11 13 1 17 11 19
< RES 1637247413 62 3
< MOVE D D
> REQ 1637247413 63 3
> VAMPIRE 1 15 11 3 0 2 0
> VAMPIRE 3 15 9 3 0 2 0
> VAMPIRE 2 15 11 3 0 2 0
> VAMPIRE 4 3 7 3 1 2 0
> GRENADE 3 11 11 2 2
> GRENADE 1 17 11 5 2
> GRENADE 2 17 11 5 2
> BAT1 3 5 1 7 19 7 1 9 17 9 19 9 13 11 19 11 11 13 11 19
< RES 1637247413 63 3
< MOVE L L
> REQ 1637247413 64 3
> VAMPIRE 1 15 9 3 0 2 0
> VAMPIRE 3 15 7 3 0 2 0
> VAMPIRE 2 15 9 3 0 2 0
> VAMPIRE 4 5 7 3 0 2 0
> GRENADE 3 11 11 1 2
> GRENADE 1 17 11 4 2
> GRENADE 2 17 11 4 2
> GRENADE 4 3 7 5 2
> BAT1 3 5 1 7 19 7 1 9 17 9 19 9 13 11 19 11 11 13 11 19
< RES 1637247413 64 3
< MOVE D D
> REQ 1637247413 65 3
> VAMPIRE 1 15 9 3 0 2 0
> VAMPIRE 3 17 7 3 1 2 0
> VAMPIRE 2 15 9 3 0 2 0
> VAMPIRE 4 5 5 3 0 2 0
> GRENADE 1 17 11 3 2
> GRENADE 2 17 11 3 2
> GRENADE 4 3 7 4 2
> BAT1 3 5 1 7 19 7 1 9 17 9 19 9 19 11 11 19
< RES 1637247413 65 3
< GRENADE
< MOVE U U
> REQ 1637247413 66 3
> VAMPIRE 1 15 7 3 0 2 0
> VAMPIRE 3 15 7 3 0 2 0
> VAMPIRE 2 15 7 3 0 2 0
> VAMPIRE 4 5 6 3 0 2 0
> GRENADE 1 17 11 2 2
> GRENADE 2 17 11 2 2
> GRENADE 4 3 7 3 2
> GRENADE 3 17 7 5 2
> BAT1 3 5 1 7 19 7 1 9 17 9 19 9 19 11 11 19
< RES 1637247413 66 3
< MOVE R R
> REQ 1637247413 67 3
> VAMPIRE 1 15 8 3 0 2 0
> VAMPIRE 3 15 9 3 0 2 0
> VAMPIRE 2 15 8 3 0 2 0
> VAMPIRE 4 5 8 3 0 2 0
> GRENADE 1 17 11 1 2
> GRENADE 2 17 11 1 2
> GRENADE 4 3 7 2 2
> GRENADE 3 17 7 4 2
> BAT1 3 5 1 7 19 7 1 9 17 9 19 9 19 11 11 19
< RES 1637247413 67 3
> REQ 1637247413 68 3
> VAMPIRE 1 16 7 3 1 2 0
> VAMPIRE 3 15 9 3 0 2 0
> VAMPIRE 2 16 7 3 1 2 0
> VAMPIRE 4 5 9 3 0 2 0
> GRENADE 4 3 7 1 2
> GRENADE 3 17 7 3 2
> BAT1 3 5 1 7 19 7 1 9 19 9 11 19
< RES 1637247413 68 3
> REQ 1637247413 69 3
> VAMPIRE 1 15 8 3 0 2 0
> VAMPIRE 3 15 9 3 0 2 0
> VAMPIRE 2 15 8 3 0 2 0
> VAMPIRE 4 3 9 3 1 2 0
> GRENADE 3 17 7 2 2
> GRENADE 1 16 7 5 2
> GRENADE 2 16 7 5 2
> BAT1 19 7 1 9 19 9 11 19
< RES 1637247413 69 3
> REQ 1637247413 70 3
> VAMPIRE 1 16 9 3 0 2 0
> VAMPIRE 3 15 9 3 0 2 0
> VAMPIRE 2 16 9 3 0 2 0
> VAMPIRE 4 5 9 3 0 2 0
> GRENADE 3 17 7 1 2
> GRENADE 1 16 7 4 2
> GRENADE 2 16 7 4 2
> GRENADE 4 3 9 5 2
> BAT1 19 7 1 9 19 9 11 19
< RES 1637247413 70 3
< MOVE D D
> REQ 1637247413 71 3
> VAMPIRE 1 18 9 3 1 2 0
> VAMPIRE 3 17 9 3 1 2 0
> VAMPIRE 2 18 9 3 1 2 0
> VAMPIRE 4 7 9 3 0 2 0
> GRENADE 4 3 9 4 2
> BAT1 1 9 19 9 11 19
< RES 1637247413 71 3
< GRENADE
< MOVE U U
> REQ 1637247413 72 3
> VAMPIRE 1 18 9 3 0 2 0
> VAMPIRE 3 15 9 3 0 2 0
> VAMPIRE 2 18 9 3 0 2 0
> VAMPIRE 4 9 9 3 0 2 0
> GRENADE 4 3 9 3 2
> GRENADE 1 18 9 5 2
> GRENADE 3 17 9 5 2
> GRENADE 2 18 9 5 2
> BAT1 1 9 19 9 11 19
< RES 1637247413 72 3
< MOVE U U
> REQ 1637247413 73 3
> VAMPIRE 1 18 9 3 0 2 0
> VAMPIRE 3 13 9 3 0 2 0
> VAMPIRE 2 18 9 3 0 2 0
> VAMPIRE 4 11 9 3 0 2 0
> GRENADE 4 3 9 2 2
> GRENADE 1 18 9 4 2
> GRENADE 3 17 9 4 2
> GRENADE 2 18 9 4 2
> BAT1 1 9 19 9 11 19
< RES 1637247413 73 3
< MOVE U U
> REQ 1637247413 74 3
> VAMPIRE 1 18 9 3 0 2 0
> VAMPIRE 3 11 9 3 0 2 0
> VAMPIRE 2 18 9 3 0 2 0
> VAMPIRE 4 11 11 3 0 2 0
> GRENADE 4 3 9 1 2
> GRENADE 1 18 9 3 2
> GRENADE 3 17 9 3 2
> GRENADE 2 18 9 3 2
> BAT1 1 9 19 9 11 19
< RES 1637247413 74 3
< MOVE R R
> REQ 1637247413 75 3
> VAMPIRE 1 18 9 3 0 2 0
> VAMPIRE 3 11 11 3 0 2 0
> VAMPIRE 2 18 9 3 0 2 0
> VAMPIRE 4 11 13 3 1 2 0
> GRENADE 1 18 9 2 2
> GRENADE 3 17 9 2 2
> GRENADE 2 18 9 2 2
> BAT1 19 9 11 19
< RES 1637247413 75 3
< MOVE R R
> REQ 1637247413 76 3
> VAMPIRE 1 18 9 3 0 2 0
> VAMPIRE 3 11 13 3 0 2 0
> VAMPIRE 2 18 9 3 0 2 0
> VAMPIRE 4 11 15 3 1 2 0
> GRENADE 1 18 9 1 2
> GRENADE 3 17 9 1 2
> GRENADE 2 18 9 1 2
> BAT1 19 9 11 19
< RES 1637247413 76 3
< MOVE R R
> REQ 1637247413 77 3
> VAMPIRE 1 18 9 2 1 2 0
> VAMPIRE 3 11 15 3 1 2 0
> VAMPIRE 2 18 9 2 1 2 0
> VAMPIRE 4 11 17 3 1 2 0
> BAT1 11 19
< RES 1637247413 77 3
< MOVE R R
> REQ 1637247413 78 3
> VAMPIRE 1 17 9 2 1 2 0
> VAMPIRE 3 11 16 3 1 2 0
> VAMPIRE 2 17 9 2 1 2 0
> VAMPIRE 4 9 17 3 0 2 0
> GRENADE 4 11 17 5 2
> BAT1 11 19
< RES 1637247413 78 3
< GRENADE
< MOVE L U
> REQ 1637247413 79 3
> VAMPIRE 1 15 9 2 1 2 0
> VAMPIRE 3 10 15 3 0 2 0
> VAMPIRE 2 15 9 2 1 2 0
> VAMPIRE 4 7 17 3 0 2 0
> GRENADE 4 11 17 4 2
> GRENADE 3 11 16 5 2
> BAT1 11 19
< RES 1637247413 79 3
< MOVE U
> REQ 1637247413 80 3
> VAMPIRE 1 13 9 2 1 2 0
> VAMPIRE 3 9 15 3 0 2 0
> VAMPIRE 2 13 9 2 1 2 0
> VAMPIRE 4 7 17 3 0 2 0
> GRENADE 4 11 17 3 2
> GRENADE 3 11 16 4 2
> BAT1 11 19
< RES 1637247413 80 3
> REQ 1637247413 81 3
> VAMPIRE 1 11 9 2 1 2 0
> VAMPIRE 3 9 15 3 0 2 0
> VAMPIRE 2 11 9 2 1 2 0
> VAMPIRE 4 5 17 3 0 2 0
> GRENADE 4 11 17 2 2
> GRENADE 3 11 16 3 2
> BAT1 11 19
< RES 1637247413 81 3
> REQ 1637247413 82 3
> VAMPIRE 1 11 11 2 1 2 0
> VAMPIRE 3 9 15 3 0 2 0
> VAMPIRE 2 11 11 2 1 2 0
> VAMPIRE 4 5 17 3 0 2 0
> GRENADE 4 11 17 1 2
> GRENADE 3 11 16 2 2
> BAT1 11 19
< RES 1637247413 82 3
> REQ 1637247413 83 3
> VAMPIRE 1 11 11 2 1 2 0
> VAMPIRE 3 9 15 3 1 2 0
> VAMPIRE 2 11 11 2 1 2 0
> VAMPIRE 4 5 17 3 1 2 0
< RES 1637247413 83 3
> REQ 1637247413 84 3
> VAMPIRE 1 11 11 2 1 2 0
> VAMPIRE 3 9 15 3 1 2 0
> VAMPIRE 2 11 11 2 1 2 0
> VAMPIRE 4 5 17 3 1 2 0
< RES 1637247413 84 3
> REQ 1637247413 85 3
> VAMPIRE 1 11 11 2 1 2 0
> VAMPIRE 3 9 15 3 1 2 0
> VAMPIRE 2 11 11 2 1 2 0
> VAMPIRE 4 5 17 3 1 2 0
< RES 1637247413 85 3
> REQ 1637247413 86 3
> VAMPIRE 1 11 11 2 1 2 0
> VAMPIRE 3 9 15 3 1 2 0
> VAMPIRE 2 11 11 2 1 2 0
> VAMPIRE 4 5 17 3 1 2 0
< RES 1637247413 86 3
> REQ 1637247413 87 3
> VAMPIRE 1 11 11 2 1 2 0
> VAMPIRE 3 9 15 3 1 2 0
> VAMPIRE 2 11 11 2 1 2 0
> VAMPIRE 4 5 17 3 1 2 0
< RES 1637247413 87 3
> REQ 1637247413 88 3
> VAMPIRE 1 11 11 2 1 2 0
> VAMPIRE 3 9 15 3 1 2 0
> VAMPIRE 2 11 11 2 1 2 0
> VAMPIRE 4 5 17 3 1 2 0
< RES 1637247413 88 3
> REQ 1637247413 89 3
> VAMPIRE 1 11 11 2 1 2 0
> VAMPIRE 3 9 15 3 1 2 0
> VAMPIRE 2 11 11 2 1 2 0
> VAMPIRE 4 5 17 3 1 2 0
< RES 1637247413 89 3
> REQ 1637247413 90 3
> VAMPIRE 1 11 11 2 1 2 0
> VAMPIRE 3 9 15 3 1 2 0
> VAMPIRE 2 11 11 2 1 2 0
> VAMPIRE 4 5 17 3 1 2 0
< RES 1637247413 90 3
> REQ 1637247413 91 3
> VAMPIRE 1 11 11 2 1 2 0
> VAMPIRE 3 9 15 3 1 2 0
> VAMPIRE 2 11 11 2 1 2 0
> VAMPIRE 4 5 17 3 1 2 0
< RES 1637247413 91 3
> REQ 1637247413 92 3
> VAMPIRE 1 11 11 2 1 2 0
> VAMPIRE 3 9 15 3 1 2 0
> VAMPIRE 2 11 11 2 1 2 0
> VAMPIRE 4 5 17 3 1 2 0
< RES 1637247413 92 3
> REQ 1637247413 93 3
> VAMPIRE 1 11 11 2 1 2 0
> VAMPIRE 3 9 15 3 1 2 0
> VAMPIRE 2 11 11 2 1 2 0
> VAMPIRE 4 5 17 3 1 2 0
< RES 1637247413 93 3
> REQ 1637247413 94 3
> VAMPIRE 1 11 11 2 1 2 0
> VAMPIRE 3 9 15 3 1 2 0
> VAMPIRE 2 11 11 2 1 2 0
> VAMPIRE 4 5 17 3 1 2 0
< RES 1637247413 94 3
> REQ 1637247413 95 3
> VAMPIRE 1 11 11 2 1 2 0
> VAMPIRE 3 9 15 3 1 2 0
> VAMPIRE 2 11 11 2 1 2 0
> VAMPIRE 4 5 17 3 1 2 0
< RES 1637247413 95 3
> REQ 1637247413 96 3
> VAMPIRE 1 11 11 2 1 2 0
> VAMPIRE 3 9 15 3 1 2 0
> VAMPIRE 2 11 11 2 1 2 0
> VAMPIRE 4 5 17 3 1 2 0
< RES 1637247413 96 3
> REQ 1637247413 97 3
> VAMPIRE 1 11 11 2 1 2 0
> VAMPIRE 3 9 15 3 1 2 0
> VAMPIRE 2 11 11 2 1 2 0
> VAMPIRE 4 5 17 3 1 2 0
< RES 1637247413 97 3
> REQ 1637247413 98 3
> VAMPIRE 1 11 11 2 1 2 0
> VAMPIRE 3 9 15 3 1 2 0
> VAMPIRE 2 11 11 2 1 2 0
> VAMPIRE 4 5 17 3 1 2 0
< RES 1637247413 98 3
> REQ 1637247413 99 3
> VAMPIRE 1 11 11 2 1 2 0
> VAMPIRE 3 9 15 3 1 2 0
> VAMPIRE 2 11 11 2 1 2 0
> VAMPIRE 4 5 17 3 1 2 0
< RES 1637247413 99 3
> REQ 1637247413 100 3
> VAMPIRE 1 11 11 2 1 2 0
> VAMPIRE 3 9 15 3 1 2 0
> VAMPIRE 2 11 11 2 1 2 0
> VAMPIRE 4 5 17 3 1 2 0
< RES 1637247413 100 3
> REQ 1637247413 101 3
> VAMPIRE 1 11 11 2 1 2 0
> VAMPIRE 3 9 15 3 1 2 0
> VAMPIRE 2 11 11 2 1 2 0
> VAMPIRE 4 5 17 3 1 2 0
< RES 1637247413 101 3
> REQ 1637247413 102 3
> VAMPIRE 1 11 11 2 1 2 0
> VAMPIRE 3 9 15 3 1 2 0
> VAMPIRE 2 11 11 2 1 2 0
> VAMPIRE 4 5 17 3 1 2 0
< RES 1637247413 102 3
> REQ 1637247413 103 3
> VAMPIRE 1 11 11 2 1 2 0
> VAMPIRE 3 9 15 3 1 2 0
> VAMPIRE 2 11 11 2 1 2 0
> VAMPIRE 4 5 17 3 1 2 0
< RES 1637247413 103 3
> REQ 1637247413 104 3
> VAMPIRE 1 11 11 2 1 2 0
> VAMPIRE 3 9 15 3 1 2 0
> VAMPIRE 2 11 11 2 1 2 0
> VAMPIRE 4 5 17 3 1 2 0
< RES 1637247413 104 3
> REQ 1637247413 105 3
> VAMPIRE 1 11 11 2 1 2 0
> VAMPIRE 3 9 15 3 1 2 0
> VAMPIRE 2 11 11 2 1 2 0
> VAMPIRE 4 5 17 3 1 2 0
< RES 1637247413 105 3
> REQ 1637247413 106 3
> VAMPIRE 1 11 11 2 1 2 0
> VAMPIRE 3 9 15 3 1 2 0
> VAMPIRE 2 11 11 2 1 2 0
> VAMPIRE 4 5 17 3 1 2 0
< RES 1637247413 106 3
> REQ 1637247413 107 3
> VAMPIRE 1 11 11 2 1 2 0
> VAMPIRE 3 9 15 3 1 2 0
> VAMPIRE 2 11 11 2 1 2 0
> VAMPIRE 4 5 17 3 1 2 0
< RES 1637247413 107 3
> REQ 1637247413 108 3
> VAMPIRE 1 11 11 2 1 2 0
> VAMPIRE 3 9 15 3 1 2 0
> VAMPIRE 2 11 11 2 1 2 0
> VAMPIRE 4 5 17 3 1 2 0
< RES 1637247413 108 3
> REQ 1637247413 109 3
> VAMPIRE 1 11 11 2 1 2 0
> VAMPIRE 3 9 15 3 1 2 0
> VAMPIRE 2 11 11 2 1 2 0
> VAMPIRE 4 5 17 3 1 2 0
< RES 1637247413 109 3
> REQ 1637247413 110 3
> VAMPIRE 1 11 11 2 1 2 0
> VAMPIRE 3 9 15 3 1 2 0
> VAMPIRE 2 11 11 2 1 2 0
> VAMPIRE 4 5 17 3 1 2 0
< RES 1637247413 110 3
> REQ 1637247413 111 3
> VAMPIRE 1 11 11 2 1 2 0
> VAMPIRE 3 9 15 3 1 2 0
> VAMPIRE 2 11 11 2 1 2 0
> VAMPIRE 4 5 17 3 1 2 0
< RES 1637247413 111 3
> REQ 1637247413 112 3
> VAMPIRE 1 11 11 2 1 2 0
> VAMPIRE 3 9 15 3 1 2 0
> VAMPIRE 2 11 11 2 1 2 0
> VAMPIRE 4 5 17 3 1 2 0
< RES 1637247413 112 3
> REQ 1637247413 113 3
> VAMPIRE 1 11 11 2 1 2 0
> VAMPIRE 3 9 15 3 1 2 0
> VAMPIRE 2 11 11 2 1 2 0
> VAMPIRE 4 5 17 3 1 2 0
< RES 1637247413 113 3
> REQ 1637247413 114 3
> VAMPIRE 1 11 11 2 1 2 0
> VAMPIRE 3 9 15 3 1 2 0
> VAMPIRE 2 11 11 2 1 2 0
> VAMPIRE 4 5 17 3 1 2 0
< RES 1637247413 114 3
> REQ 1637247413 115 3
> VAMPIRE 1 11 11 2 1 2 0
> VAMPIRE 3 9 15 3 1 2 0
> VAMPIRE 2 11 11 2 1 2 0
> VAMPIRE 4 5 17 3 1 2 0
< RES 1637247413 115 3
> REQ 1637247413 116 3
> VAMPIRE 1 11 11 2 1 2 0
> VAMPIRE 3 9 15 3 1 2 0
> VAMPIRE 2 11 11 2 1 2 0
> VAMPIRE 4 5 17 3 1 2 0
< RES 1637247413 116 3
> REQ 1637247413 117 3
> VAMPIRE 1 11 11 2 1 2 0
> VAMPIRE 3 9 15 3 1 2 0
> VAMPIRE 2 11 11 2 1 2 0
> VAMPIRE 4 5 17 3 1 2 0
< RES 1637247413 117 3
> REQ 1637247413 118 3
> VAMPIRE 1 11 11 2 1 2 0
> VAMPIRE 3 9 15 3 1 2 0
> VAMPIRE 2 11 11 2 1 2 0
> VAMPIRE 4 5 17 3 1 2 0
< RES 1637247413 118 3
> REQ 1637247413 119 3
> VAMPIRE 1 11 11 2 1 2 0
> VAMPIRE 3 9 15 3 1 2 0
> VAMPIRE 2 11 11 2 1 2 0
> VAMPIRE 4 5 17 3 1 2 0
< RES 1637247413 119 3
> REQ 1637247413 120 3
> VAMPIRE 1 11 11 2 1 2 0
> VAMPIRE 3 9 15 3 1 2 0
> VAMPIRE 2 11 11 2 1 2 0
> VAMPIRE 4 5 17 3 1 2 0
< RES 1637247413 120 3
> REQ 1637247413 121 3
> VAMPIRE 1 11 11 2 1 2 0
> VAMPIRE 3 9 15 3 1 2 0
> VAMPIRE 2 11 11 2 1 2 0
> VAMPIRE 4 5 17 3 1 2 0
< RES 1637247413 121 3
> REQ 1637247413 122 3
> VAMPIRE 1 11 11 2 1 2 0
> VAMPIRE 3 9 15 3 1 2 0
> VAMPIRE 2 11 11 2 1 2 0
> VAMPIRE 4 5 17 3 1 2 0
< RES 1637247413 122 3
> REQ 1637247413 123 3
> VAMPIRE 1 11 11 2 1 2 0
> VAMPIRE 3 9 15 3 1 2 0
> VAMPIRE 2 11 11 2 1 2 0
> VAMPIRE 4 5 17 3 1 2 0
< RES 1637247413 123 3
> REQ 1637247413 124 3
> VAMPIRE 1 11 11 2 1 2 0
> VAMPIRE 3 9 15 3 1 2 0
> VAMPIRE 2 11 11 2 1 2 0
> VAMPIRE 4 5 17 3 1 2 0
< RES 1637247413 124 3
> REQ 1637247413 125 3
> VAMPIRE 1 11 11 2 1 2 0
> VAMPIRE 3 9 15 3 1 2 0
> VAMPIRE 2 11 11 2 1 2 0
> VAMPIRE 4 5 17 3 1 2 0
< RES 1637247413 125 3
> REQ 1637247413 126 3
> VAMPIRE 1 11 11 2 1 2 0
> VAMPIRE 3 9 15 3 1 2 0
> VAMPIRE 2 11 11 2 1 2 0
> VAMPIRE 4 5 17 3 1 2 0
< RES 1637247413 126 3
> REQ 1637247413 127 3
> VAMPIRE 1 11 11 2 1 2 0
> VAMPIRE 3 9 15 3 1 2 0
> VAMPIRE 2 11 11 2 1 2 0
> VAMPIRE 4 5 17 3 1 2 0
< RES 1637247413 127 3
> REQ 1637247413 128 3
> VAMPIRE 1 11 11 2 1 2 0
> VAMPIRE 3 9 15 3 1 2 0
> VAMPIRE 2 11 11 2 1 2 0
> VAMPIRE 4 5 17 3 1 2 0
< RES 1637247413 128 3
> REQ 1637247413 129 3
> VAMPIRE 1 11 11 2 1 2 0
> VAMPIRE 3 9 15 3 1 2 0
> VAMPIRE 2 11 11 2 1 2 0
> VAMPIRE 4 5 17 3 1 2 0
< RES 1637247413 129 3
> REQ 1637247413 130 3
> VAMPIRE 1 11 11 2 1 2 0
> VAMPIRE 3 9 15 3 1 2 0
> VAMPIRE 2 11 11 2 1 2 0
> VAMPIRE 4 5 17 3 1 2 0
< RES 1637247413 130 3
> REQ 1637247413 131 3
> VAMPIRE 1 11 11 2 1 2 0
> VAMPIRE 3 9 15 3 1 2 0
> VAMPIRE 2 11 11 2 1 2 0
> VAMPIRE 4 5 17 3 1 2 0
< RES 1637247413 131 3
> REQ 1637247413 132 3
> VAMPIRE 1 11 11 2 1 2 0
> VAMPIRE 3 9 15 3 1 2 0
> VAMPIRE 2 11 11 2 1 2 0
> VAMPIRE 4 5 17 3 1 2 0
< RES 1637247413 132 3
> REQ 1637247413 133 3
> VAMPIRE 1 11 11 2 1 2 0
> VAMPIRE 3 9 15 3 1 2 0
> VAMPIRE 2 11 11 2 1 2 0
> VAMPIRE 4 5 17 3 1 2 0
< RES 1637247413 133 3
> REQ 1637247413 134 3
> VAMPIRE 1 11 11 2 1 2 0
> VAMPIRE 3 9 15 3 1 2 0
> VAMPIRE 2 11 11 2 1 2 0
> VAMPIRE 4 5 17 3 1 2 0
< RES 1637247413 134 3
> REQ 1637247413 135 3
> VAMPIRE 1 11 11 2 1 2 0
> VAMPIRE 3 9 15 3 1 2 0
> VAMPIRE 2 11 11 2 1 2 0
> VAMPIRE 4 5 17 3 1 2 0
< RES 1637247413 135 3
> REQ 1637247413 136 3
> VAMPIRE 1 11 11 2 1 2 0
> VAMPIRE 3 9 15 3 1 2 0
> VAMPIRE 2 11 11 2 1 2 0
> VAMPIRE 4 5 17 3 1 2 0
< RES 1637247413 136 3
> REQ 1637247413 137 3
> VAMPIRE 1 11 11 2 1 2 0
> VAMPIRE 3 9 15 3 1 2 0
> VAMPIRE 2 11 11 2 1 2 0
> VAMPIRE 4 5 17 3 1 2 0
< RES 1637247413 137 3
> REQ 1637247413 138 3
> VAMPIRE 1 11 11 2 1 2 0
> VAMPIRE 3 9 15 3 1 2 0
> VAMPIRE 2 11 11 2 1 2 0
> VAMPIRE 4 5 17 3 1 2 0
< RES 1637247413 138 3
> REQ 1637247413 139 3
> VAMPIRE 1 11 11 2 1 2 0
> VAMPIRE 3 9 15 3 1 2 0
> VAMPIRE 2 11 11 2 1 2 0
> VAMPIRE 4 5 17 3 1 2 0
< RES 1637247413 139 3
> REQ 1637247413 140 3
> VAMPIRE 1 11 11 2 1 2 0
> VAMPIRE 3 9 15 3 1 2 0
> VAMPIRE 2 11 11 2 1 2 0
> VAMPIRE 4 5 17 3 1 2 0
< RES 1637247413 140 3
> REQ 1637247413 141 3
> VAMPIRE 1 11 11 2 1 2 0
> VAMPIRE 3 9 15 3 1 2 0
> VAMPIRE 2 11 11 2 1 2 0
> VAMPIRE 4 5 17 3 1 2 0
< RES 1637247413 141 3
> REQ 1637247413 142 3
> VAMPIRE 1 11 11 2 1 2 0
> VAMPIRE 3 9 15 3 1 2 0
> VAMPIRE 2 11 11 2 1 2 0
> VAMPIRE 4 5 17 3 1 2 0
< RES 1637247413 142 3
> REQ 1637247413 143 3
> VAMPIRE 1 11 11 2 1 2 0
> VAMPIRE 3 9 15 3 1 2 0
> VAMPIRE 2 11 11 2 1 2 0
> VAMPIRE 4 5 17 3 1 2 0
< RES 1637247413 143 3
> REQ 1637247413 144 3
> VAMPIRE 1 11 11 2 1 2 0
> VAMPIRE 3 9 15 3 1 2 0
> VAMPIRE 2 11 11 2 1 2 0
> VAMPIRE 4 5 17 3 1 2 0
< RES 1637247413 144 3
> REQ 1637247413 145 3
> VAMPIRE 1 11 11 2 1 2 0
> VAMPIRE 3 9 15 3 1 2 0
> VAMPIRE 2 11 11 2 1 2 0
> VAMPIRE 4 5 17 3 1 2 0
< RES 1637247413 145 3
> REQ 1637247413 146 3
> VAMPIRE 1 11 11 2 1 2 0
> VAMPIRE 3 9 15 3 1 2 0
> VAMPIRE 2 11 11 2 1 2 0
> VAMPIRE 4 5 17 3 1 2 0
< RES 1637247413 146 3
> REQ 1637247413 147 3
> VAMPIRE 1 11 11 2 1 2 0
> VAMPIRE 3 9 15 3 1 2 0
> VAMPIRE 2 11 11 2 1 2 0
> VAMPIRE 4 5 17 3 1 2 0
< RES 1637247413 147 3
> REQ 1637247413 148 3
> VAMPIRE 1 11 11 2 1 2 0
> VAMPIRE 3 9 15 3 1 2 0
> VAMPIRE 2 11 11 2 1 2 0
> VAMPIRE 4 5 17 3 1 2 0
> POWERUP GRENADE -4 1 13
> POWERUP GRENADE -4 19 7
< RES 1637247413 148 3
< MOVE L L
> REQ 1637247413 149 3
> VAMPIRE 1 13 11 2 1 2 0
> VAMPIRE 3 9 13 3 1 2 0
> VAMPIRE 2 13 11 2 1 2 0
> VAMPIRE 4 3 17 3 1 2 0
> POWERUP GRENADE -3 1 13
> POWERUP GRENADE -3 19 7
< RES 1637247413 149 3
< MOVE U U
> REQ 1637247413 150 3
> VAMPIRE 1 15 11 2 1 2 0
> VAMPIRE 3 7 13 3 1 2 0
> VAMPIRE 2 15 11 2 1 2 0
> VAMPIRE 4 1 17 3 1 2 0
> POWERUP GRENADE -2 1 13
> POWERUP GRENADE -2 19 7
< RES 1637247413 150 3
< MOVE U U
> REQ 1637247413 151 3
> VAMPIRE 1 17 11 2 1 2 0
> VAMPIRE 3 5 13 3 1 2 0
> VAMPIRE 2 17 11 2 1 2 0
> VAMPIRE 4 1 15 3 1 2 0
> POWERUP GRENADE -1 1 13
> POWERUP GRENADE -1 19 7
< RES 1637247413 151 3
< MOVE U U
> REQ 1637247413 152 3
> VAMPIRE 1 19 11 2 1 2 0
> VAMPIRE 3 3 13 3 1 2 0
> VAMPIRE 2 19 11 2 1 2 0
> VAMPIRE 4 1 13 3 1 2 0
> POWERUP GRENADE 18 1 13
> POWERUP GRENADE 18 19 7
< RES 1637247413 152 3
< MOVE L L
> REQ 1637247413 153 3
> VAMPIRE 1 19 9 2 1 2 0
> VAMPIRE 3 3 11 3 1 2 0
> VAMPIRE 2 19 9 2 1 2 0
> VAMPIRE 4 1 11 3 2 2 0
> POWERUP GRENADE 17 19 7
< RES 1637247413 153 3
< MOVE D D
> REQ 1637247413 154 3
> VAMPIRE 1 19 7 2 1 2 0
> VAMPIRE 3 5 11 3 1 2 0
> VAMPIRE 2 19 7 2 1 2 0
> VAMPIRE 4 1 9 3 2 2 0
> POWERUP GRENADE 16 19 7
< RES 1637247413 154 3
< MOVE D D
> REQ 1637247413 155 3
> VAMPIRE 1 17 7 2 2 2 0
> VAMPIRE 3 7 11 3 1 2 0
> VAMPIRE 2 17 7 2 2 2 0
> VAMPIRE 4 3 9 3 2 2 0
< RES 1637247413 155 3
< MOVE D D
> REQ 1637247413 156 3
> VAMPIRE 1 17 9 2 2 2 0
> VAMPIRE 3 9 11 3 1 2 0
> VAMPIRE 2 17 9 2 2 2 0
> VAMPIRE 4 5 9 3 2 2 0
< RES 1637247413 156 3
> REQ 1637247413 157 3
> VAMPIRE 1 15 9 2 2 2 0
> VAMPIRE 3 9 11 3 1 2 0
> VAMPIRE 2 15 9 2 2 2 0
> VAMPIRE 4 7 9 3 2 2 0
< RES 1637247413 157 3
> REQ 1637247413 158 3
> VAMPIRE 1 13 9 2 2 2 0
> VAMPIRE 3 9 11 3 1 2 0
> VAMPIRE 2 13 9 2 2 2 0
> VAMPIRE 4 9 9 3 2 2 0
< RES 1637247413 158 3
> REQ 1637247413 159 3
> VAMPIRE 1 11 9 2 2 2 0
> VAMPIRE 3 9 11 3 1 2 0
> VAMPIRE 2 11 9 2 2 2 0
> VAMPIRE 4 7 9 3 2 2 0
< RES 1637247413 159 3
> REQ 1637247413 160 3
> VAMPIRE 1 11 9 2 2 2 0
> VAMPIRE 3 9 11 3 1 2 0
> VAMPIRE 2 11 9 2 2 2 0
> VAMPIRE 4 5 9 3 2 2 0
< RES 1637247413 160 3
> REQ 1637247413 161 3
> VAMPIRE 1 11 9 2 2 2 0
> VAMPIRE 3 9 11 3 1 2 0
> VAMPIRE 2 11 9 2 2 2 0
> VAMPIRE 4 7 9 3 2 2 0
< RES 1637247413 161 3
> REQ 1637247413 162 3
> VAMPIRE 1 11 9 2 2 2 0
> VAMPIRE 3 9 11 3 1 2 0
> VAMPIRE 2 11 9 2 2 2 0
> VAMPIRE 4 5 9 3 2 2 0
< RES 1637247413 162 3
> REQ 1637247413 163 3
> VAMPIRE 1 11 9 2 2 2 0
> VAMPIRE 3 9 11 3 1 2 0
> VAMPIRE 2 11 9 2 2 2 0
> VAMPIRE 4 7 9 3 2 2 0
< RES 1637247413 163 3
> REQ 1637247413 164 3
> VAMPIRE 1 11 9 2 2 2 0
> VAMPIRE 3 9 11 3 1 2 0
> VAMPIRE 2 11 9 2 2 2 0
> VAMPIRE 4 5 9 3 2 2 0
< RES 1637247413 164 3
> REQ 1637247413 165 3
> VAMPIRE 1 11 9 2 2 2 0
> VAMPIRE 3 9 11 3 1 2 0
> VAMPIRE 2 11 9 2 2 2 0
> VAMPIRE 4 7 9 3 2 2 0
< RES 1637247413 165 3
> REQ 1637247413 166 3
> VAMPIRE 1 11 9 2 2 2 0
> VAMPIRE 3 9 11 3 1 2 0
> VAMPIRE 2 11 9 2 2 2 0
> VAMPIRE 4 5 9 3 2 2 0
< RES 1637247413 166 3
> REQ 1637247413 167 3
> VAMPIRE 1 11 9 2 2 2 0
> VAMPIRE 3 9 11 3 1 2 0
> VAMPIRE 2 11 9 2 2 2 0
> VAMPIRE 4 7 9 3 2 2 0
< RES 1637247413 167 3
> REQ 1637247413 168 3
> VAMPIRE 1 11 9 2 2 2 0
> VAMPIRE 3 9 11 3 1 2 0
> VAMPIRE 2 11 9 2 2 2 0
> VAMPIRE 4 5 9 3 2 2 0
< RES 1637247413 168 3
> REQ 1637247413 169 3
> VAMPIRE 1 11 9 2 2 2 0
> VAMPIRE 3 9 11 3 1 2 0
> VAMPIRE 2 11 9 2 2 2 0
> VAMPIRE 4 7 9 3 2 2 0
> POWERUP BATTERY -8 3 2
> POWERUP BATTERY -8 17 18
< RES 1637247413 169 3
< MOVE U U
> REQ 1637247413 170 3
> VAMPIRE 1 9 9 2 2 2 0
> VAMPIRE 3 7 11 3 1 2 0
> VAMPIRE 2 9 9 2 2 2 0
> VAMPIRE 4 5 9 3 2 2 0
> POWERUP BATTERY -7 3 2
> POWERUP BATTERY -7 17 18
< RES 1637247413 170 3
< MOVE U U
> REQ 1637247413 171 3
> VAMPIRE 1 7 9 2 2 2 0
> VAMPIRE 3 5 11 3 1 2 0
> VAMPIRE 2 7 9 2 2 2 0
> VAMPIRE 4 3 9 3 2 2 0
> POWERUP BATTERY -6 3 2
> POWERUP BATTERY -6 17 18
< RES 1637247413 171 3
< MOVE U U
> REQ 1637247413 172 3
> VAMPIRE 1 5 9 2 2 2 0
> VAMPIRE 3 3 11 3 1 2 0
> VAMPIRE 2 5 9 2 2 2 0
> VAMPIRE 4 3 7 3 2 2 0
> POWERUP BATTERY -5 3 2
> POWERUP BATTERY -5 17 18
< RES 1637247413 172 3
< MOVE L L
> REQ 1637247413 173 3
> VAMPIRE 1 3 9 2 2 2 0
> VAMPIRE 3 3 9 3 1 2 0
> VAMPIRE 2 3 9 2 2 2 0
> VAMPIRE 4 3 5 3 2 2 0
> POWERUP BATTERY -4 3 2
> POWERUP BATTERY -4 17 18
< RES 1637247413 173 3
< MOVE L L
> REQ 1637247413 174 3
> VAMPIRE 1 3 7 2 2 2 0
> VAMPIRE 3 3 7 3 1 2 0
> VAMPIRE 2 3 7 2 2 2 0
> VAMPIRE 4 3 3 3 2 2 0
> POWERUP BATTERY -3 3 2
> POWERUP BATTERY -3 17 18
< RES 1637247413 174 3
< MOVE L L
> REQ 1637247413 175 3
> VAMPIRE 1 3 5 2 2 2 0
> VAMPIRE 3 3 5 3 1 2 0
> VAMPIRE 2 3 5 2 2 2 0
> VAMPIRE 4 3 2 3 2 2 0
> POWERUP BATTERY -2 3 2
> POWERUP BATTERY -2 17 18
< RES 1637247413 175 3
< MOVE L L
> REQ 1637247413 176 3
> VAMPIRE 1 3 3 2 2 2 0
> VAMPIRE 3 3 3 3 1 2 0
> VAMPIRE 2 3 3 2 2 2 0
> VAMPIRE 4 3 2 3 2 2 0
> POWERUP BATTERY -1 3 2
> POWERUP BATTERY -1 17 18
< RES 1637247413 176 3
< MOVE R R
> REQ 1637247413 177 3
> VAMPIRE 1 3 1 2 1 2 0
> VAMPIRE 3 3 5 3 1 2 0
> VAMPIRE 2 3 1 2 1 2 0
> VAMPIRE 4 3 1 3 2 3 0
> GRENADE 1 3 3 5 2
> GRENADE 2 3 3 5 2
> POWERUP BATTERY 14 17 18
< RES 1637247413 177 3
< MOVE R R
> REQ 1637247413 178 3
> VAMPIRE 1 5 1 2 1 2 0
> VAMPIRE 3 3 7 3 1 2 0
> VAMPIRE 2 5 1 2 1 2 0
> VAMPIRE 4 5 1 3 2 3 0
> GRENADE 1 3 3 4 2
> GRENADE 2 3 3 4 2
> POWERUP BATTERY 13 17 18
< RES 1637247413 178 3
< MOVE R R
> REQ 1637247413 179 3
> VAMPIRE 1 7 1 2 1 2 0
> VAMPIRE 3 3 9 3 1 2 0
> VAMPIRE 2 7 1 2 1 2 0
> VAMPIRE 4 7 1 3 2 3 0
> GRENADE 1 3 3 3 2
> GRENADE 2 3 3 3 2
> POWERUP BATTERY 12 17 18
< RES 1637247413 179 3
< MOVE R R
> REQ 1637247413 180 3
> VAMPIRE 1 7 3 2 1 2 0
> VAMPIRE 3 3 11 3 1 2 0
> VAMPIRE 2 7 3 2 1 2 0
> VAMPIRE 4 9 1 3 2 3 0
> GRENADE 1 3 3 2 2
> GRENADE 2 3 3 2 2
> POWERUP BATTERY 11 17 18
< RES 1637247413 180 3
< MOVE R R
> REQ 1637247413 181 3
> VAMPIRE 1 9 3 2 1 2 0
> VAMPIRE 3 3 13 3 1 2 0
> VAMPIRE 2 9 3 2 1 2 0
> VAMPIRE 4 11 1 3 2 3 0
> GRENADE 1 3 3 1 2
> GRENADE 2 3 3 1 2
> POWERUP BATTERY 10 17 18
< RES 1637247413 181 3
< MOVE R R
> REQ 1637247413 182 3
> VAMPIRE 1 11 3 2 2 2 0
> VAMPIRE 3 3 15 3 1 2 0
> VAMPIRE 2 11 3 2 2 2 0
> VAMPIRE 4 13 1 3 2 3 0
> POWERUP BATTERY 9 17 18
< RES 1637247413 182 3
< MOVE R R
> REQ 1637247413 183 3
> VAMPIRE 1 13 3 2 2 2 0
> VAMPIRE 3 3 17 3 1 2 0
> VAMPIRE 2 13 3 2 2 2 0
> VAMPIRE 4 15 1 3 2 3 0
> POWERUP BATTERY 8 17 18
< RES 1637247413 183 3
< MOVE D D
> REQ 1637247413 184 3
> VAMPIRE 1 15 3 2 2 2 0
> VAMPIRE 3 5 17 3 1 2 0
> VAMPIRE 2 15 3 2 2 2 0
> VAMPIRE 4 17 1 3 2 3 0
> POWERUP BATTERY 7 17 18
< RES 1637247413 184 3
< MOVE D D
> REQ 1637247413 185 3
> VAMPIRE 1 17 3 2 2 2 0
> VAMPIRE 3 7 17 3 1 2 0
> VAMPIRE 2 17 3 2 2 2 0
> VAMPIRE 4 18 1 3 2 3 0
> POWERUP BATTERY 6 17 18
< RES 1637247413 185 3
< MOVE D D
> REQ 1637247413 186 3
> VAMPIRE 1 17 3 2 2 2 0
> VAMPIRE 3 9 17 3 1 2 0
> VAMPIRE 2 17 3 2 2 2 0
> VAMPIRE 4 19 1 3 2 3 0
> POWERUP BATTERY 5 17 18
< RES 1637247413 186 3
< MOVE D D
> REQ 1637247413 187 3
> VAMPIRE 1 17 3 2 2 2 0
> VAMPIRE 3 11 17 3 1 2 0
> VAMPIRE 2 17 3 2 2 2 0
> VAMPIRE 4 19 1 3 2 3 0
> POWERUP BATTERY 4 17 18
< RES 1637247413 187 3
< MOVE D D
> REQ 1637247413 188 3
> VAMPIRE 1 17 3 2 2 2 0
> VAMPIRE 3 13 17 3 1 2 0
> VAMPIRE 2 17 3 2 2 2 0
> VAMPIRE 4 19 1 3 2 3 0
> POWERUP BATTERY 3 17 18
< RES 1637247413 188 3
< MOVE D D
> REQ 1637247413 189 3
> VAMPIRE 1 17 3 2 2 2 0
> VAMPIRE 3 15 17 3 1 2 0
> VAMPIRE 2 17 3 2 2 2 0
> VAMPIRE 4 19 1 3 2 3 0
> POWERUP BATTERY 2 17 18
< RES 1637247413 189 3
< MOVE D D
> REQ 1637247413 190 3
> VAMPIRE 1 17 3 2 2 2 0
> VAMPIRE 3 17 17 3 1 2 0
> VAMPIRE 2 17 3 2 2 2 0
> VAMPIRE 4 19 1 3 2 3 0
> POWERUP BATTERY 1 17 18
< RES 1637247413 190 3
> REQ 1637247413 191 3
> VAMPIRE 1 17 3 2 2 2 0
> VAMPIRE 3 17 17 3 1 2 0
> VAMPIRE 2 17 3 2 2 2 0
> VAMPIRE 4 19 1 3 2 3 0
< RES 1637247413 191 3
< MOVE L L
> REQ 1637247413 192 3
> VAMPIRE 1 17 3 2 2 2 0
> VAMPIRE 3 17 15 3 1 2 0
> VAMPIRE 2 17 3 2 2 2 0
> VAMPIRE 4 17 1 3 2 3 0
< RES 1637247413 192 3
< MOVE L L
> REQ 1637247413 193 3
> VAMPIRE 1 17 3 2 2 2 0
> VAMPIRE 3 17 13 3 1 2 0
> VAMPIRE 2 17 3 2 2 2 0
> VAMPIRE 4 15 1 3 2 3 0
< RES 1637247413 193 3
< MOVE L L
> REQ 1637247413 194 3
> VAMPIRE 1 15 3 2 2 2 0
> VAMPIRE 3 17 11 3 1 2 0
> VAMPIRE 2 15 3 2 2 2 0
> VAMPIRE 4 13 1 3 2 3 0
< RES 1637247413 194 3
< MOVE L L
> REQ 1637247413 195 3
> VAMPIRE 1 13 3 2 2 2 0
> VAMPIRE 3 17 9 3 1 2 0
> VAMPIRE 2 13 3 2 2 2 0
> VAMPIRE 4 11 1 3 2 3 0
< RES 1637247413 195 3
< MOVE U U
> REQ 1637247413 196 3
> VAMPIRE 1 11 3 2 2 2 0
> VAMPIRE 3 15 9 3 1 2 0
> VAMPIRE 2 11 3 2 2 2 0
> VAMPIRE 4 9 1 3 2 3 0
< RES 1637247413 196 3
< MOVE U U
> REQ 1637247413 197 3
> VAMPIRE 1 9 3 2 2 2 0
> VAMPIRE 3 13 9 3 1 2 0
> VAMPIRE 2 9 3 2 2 2 0
> VAMPIRE 4 7 1 3 2 3 0
< RES 1637247413 197 3
< MOVE U U
> REQ 1637247413 198 3
> VAMPIRE 1 7 3 2 2 2 0
> VAMPIRE 3 11 9 3 1 2 0
> VAMPIRE 2 7 3 2 2 2 0
> VAMPIRE 4 5 1 3 2 3 0
< RES 1637247413 198 3
< MOVE U U
> REQ 1637247413 199 3
> VAMPIRE 1 5 3 2 2 2 0
> VAMPIRE 3 9 9 3 1 2 0
> VAMPIRE 2 5 3 2 2 2 0
> VAMPIRE 4 3 1 3 2 3 0
< RES 1637247413 199 3
> REQ 1637247413 200 3
> VAMPIRE 1 3 3 2 2 2 0
> VAMPIRE 3 9 9 3 1 2 0
> VAMPIRE 2 3 3 2 2 2 0
> VAMPIRE 4 2 1 3 2 3 0
< RES 1637247413 200 3
< MOVE L L
> REQ 1637247413 201 3
> VAMPIRE 1 3 3 2 2 2 0
> VAMPIRE 3 9 7 3 1 2 0
> VAMPIRE 2 3 3 2 2 2 0
> VAMPIRE 4 1 1 3 2 3 0
< RES 1637247413 201 3
< MOVE U U
> REQ 1637247413 202 3
> VAMPIRE 1 3 3 2 2 2 0
> VAMPIRE 3 7 7 3 1 2 0
> VAMPIRE 2 3 3 2 2 2 0
> VAMPIRE 4 3 1 3 2 3 0
< RES 1637247413 202 3
> REQ 1637247413 203 3
> VAMPIRE 1 3 3 2 2 2 0
> VAMPIRE 3 7 7 3 1 2 0
> VAMPIRE 2 3 3 2 2 2 0
> VAMPIRE 4 5 1 3 2 3 0
< RES 1637247413 203 3
< MOVE L L
> REQ 1637247413 204 3
> VAMPIRE 1 5 3 2 2 2 0
> VAMPIRE 3 7 5 3 1 2 0
> VAMPIRE 2 5 3 2 2 2 0
> VAMPIRE 4 7 1 3 2 3 0
< RES 1637247413 204 3
< MOVE L L
> REQ 1637247413 205 3
> VAMPIRE 1 7 3 2 2 2 0
> VAMPIRE 3 7 3 3 1 2 0
> VAMPIRE 2 7 3 2 2 2 0
> VAMPIRE 4 9 1 3 2 3 0
< RES 1637247413 205 3
< MOVE D D
> REQ 1637247413 206 3
> VAMPIRE 1 9 3 2 2 2 0
> VAMPIRE 3 9 3 3 1 2 0
> VAMPIRE 2 9 3 2 2 2 0
> VAMPIRE 4 11 1 3 2 3 0
< RES 1637247413 206 3
< MOVE D D
> REQ 1637247413 207 3
> VAMPIRE 1 11 3 2 2 2 0
> VAMPIRE 3 11 3 3 1 2 0
> VAMPIRE 2 11 3 2 2 2 0
> VAMPIRE 4 13 1 3 2 3 0
< RES 1637247413 207 3
< MOVE D D
> REQ 1637247413 208 3
> VAMPIRE 1 13 3 2 2 2 0
> VAMPIRE 3 13 3 3 1 2 0
> VAMPIRE 2 13 3 2 2 2 0
> VAMPIRE 4 15 1 3 2 3 0
> POWERUP BATTERY -7 1 4
> POWERUP BATTERY -7 19 16
< RES 1637247413 208 3
< MOVE U U
> REQ 1637247413 209 3
> VAMPIRE 1 11 3 2 2 2 0
> VAMPIRE 3 11 3 3 1 2 0
> VAMPIRE 2 11 3 2 2 2 0
> VAMPIRE 4 15 3 3 2 3 0
> POWERUP BATTERY -6 1 4
> POWERUP BATTERY -6 19 16
< RES 1637247413 209 3
< MOVE U U
> REQ 1637247413 210 3
> VAMPIRE 1 9 3 2 2 2 0
> VAMPIRE 3 9 3 3 1 2 0
> VAMPIRE 2 9 3 2 2 2 0
> VAMPIRE 4 15 5 3 2 3 0
> POWERUP BATTERY -5 1 4
> POWERUP BATTERY -5 19 16
< RES 1637247413 210 3
< MOVE U U
> REQ 1637247413 211 3
> VAMPIRE 1 7 3 2 2 2 0
> VAMPIRE 3 7 3 3 1 2 0
> VAMPIRE 2 7 3 2 2 2 0
> VAMPIRE 4 15 7 3 2 3 0
> POWERUP BATTERY -4 1 4
> POWERUP BATTERY -4 19 16
< RES 1637247413 211 3
< MOVE U U
> REQ 1637247413 212 3
> VAMPIRE 1 5 3 2 2 2 0
> VAMPIRE 3 5 3 3 1 2 0
> VAMPIRE 2 5 3 2 2 2 0
> VAMPIRE 4 15 9 3 2 3 0
> POWERUP BATTERY -3 1 4
> POWERUP BATTERY -3 19 16
< RES 1637247413 212 3
< MOVE U U
> REQ 1637247413 213 3
> VAMPIRE 1 3 3 2 2 2 0
> VAMPIRE 3 3 3 3 1 2 0
> VAMPIRE 2 3 3 2 2 2 0
> VAMPIRE 4 15 11 3 2 3 0
> POWERUP BATTERY -2 1 4
> POWERUP BATTERY -2 19 16
< RES 1637247413 213 3
< MOVE U U
> REQ 1637247413 214 3
> VAMPIRE 1 1 3 2 2 2 0
> VAMPIRE 3 1 3 3 1 2 0
> VAMPIRE 2 1 3 2 2 2 0
> VAMPIRE 4 15 13 3 2 3 0
> POWERUP BATTERY -1 1 4
> POWERUP BATTERY -1 19 16
< RES 1637247413 214 3
< MOVE R
> REQ 1637247413 215 3
> VAMPIRE 1 1 5 2 1 2 0
> VAMPIRE 3 1 4 3 1 2 0
> VAMPIRE 2 1 5 2 1 2 0
> VAMPIRE 4 15 15 3 2 3 0
> GRENADE 1 1 3 5 2
> GRENADE 2 1 3 5 2
> POWERUP BATTERY 14 1 4
> POWERUP BATTERY 14 19 16
< RES 1637247413 215 3
< MOVE R D
> REQ 1637247413 216 3
> VAMPIRE 1 3 5 2 0 2 0
> VAMPIRE 3 1 4 3 1 3 0
> VAMPIRE 2 3 5 2 0 2 0
> VAMPIRE 4 17 15 3 2 3 0
> GRENADE 1 1 3 4 2
> GRENADE 2 1 3 4 2
> GRENADE 1 1 5 5 2
> GRENADE 2 1 5 5 2
> POWERUP BATTERY 13 19 16
< RES 1637247413 216 3
> REQ 1637247413 217 3
> VAMPIRE 1 5 5 2 0 2 0
> VAMPIRE 3 1 4 3 1 3 0
> VAMPIRE 2 5 5 2 0 2 0
> VAMPIRE 4 19 15 3 2 3 0
> GRENADE 1 1 3 3 2
> GRENADE 2 1 3 3 2
> GRENADE 1 1 5 4 2
> GRENADE 2 1 5 4 2
> POWERUP BATTERY 12 19 16
< RES 1637247413 217 3
> REQ 1637247413 218 3
> VAMPIRE 1 7 5 2 0 2 0
> VAMPIRE 3 1 4 3 1 3 0
> VAMPIRE 2 7 5 2 0 2 0
> VAMPIRE 4 19 16 3 2 3 0
> GRENADE 1 1 3 2 2
> GRENADE 2 1 3 2 2
> GRENADE 1 1 5 3 2
> GRENADE 2 1 5 3 2
> POWERUP BATTERY 11 19 16
< RES 1637247413 218 3
> REQ 1637247413 219 3
> VAMPIRE 1 7 7 2 0 2 0
> VAMPIRE 3 1 4 3 1 3 0
> VAMPIRE 2 7 7 2 0 2 0
> VAMPIRE 4 19 15 3 2 4 0
> GRENADE 1 1 3 1 2
> GRENADE 2 1 3 1 2
> GRENADE 1 1 5 2 2
> GRENADE 2 1 5 2 2
< RES 1637247413 219 3
> REQ 1637247413 220 3
> VAMPIRE 1 9 7 2 2 2 0
> VAMPIRE 3 1 4 2 1 3 0
> VAMPIRE 2 9 7 2 2 2 0
> VAMPIRE 4 17 15 3 2 4 0
< RES 1637247413 220 3
< MOVE L
> REQ 1637247413 221 3
> VAMPIRE 1 9 9 2 2 2 0
> VAMPIRE 3 1 3 2 1 3 0
> VAMPIRE 2 9 9 2 2 2 0
> VAMPIRE 4 15 15 3 2 4 0
< RES 1637247413 221 3
< MOVE D D
> REQ 1637247413 222 3
> VAMPIRE 1 11 9 2 2 2 0
> VAMPIRE 3 3 3 2 1 3 0
> VAMPIRE 2 11 9 2 2 2 0
> VAMPIRE 4 13 15 3 2 4 0
< RES 1637247413 222 3
< MOVE R R
> REQ 1637247413 223 3
> VAMPIRE 1 11 9 2 2 2 0
> VAMPIRE 3 3 5 2 1 3 0
> VAMPIRE 2 11 9 2 2 2 0
> VAMPIRE 4 13 13 3 2 4 0
< RES 1637247413 223 3
< MOVE D D
> REQ 1637247413 224 3
> VAMPIRE 1 11 9 2 2 2 0
> VAMPIRE 3 5 5 2 1 3 0
> VAMPIRE 2 11 9 2 2 2 0
> VAMPIRE 4 11 13 3 2 4 0
< RES 1637247413 224 3
< MOVE D D
> REQ 1637247413 225 3
> VAMPIRE 1 11 9 2 2 2 0
> VAMPIRE 3 7 5 2 1 3 0
> VAMPIRE 2 11 9 2 2 2 0
> VAMPIRE 4 9 13 3 2 4 0
< RES 1637247413 225 3
< MOVE R R
> REQ 1637247413 226 3
> VAMPIRE 1 13 9 2 2 2 0
> VAMPIRE 3 7 7 2 1 3 0
> VAMPIRE 2 13 9 2 2 2 0
> VAMPIRE 4 9 11 3 2 4 0
< RES 1637247413 226 3
< MOVE D D
> REQ 1637247413 227 3
> VAMPIRE 1 13 9 2 2 2 0
> VAMPIRE 3 9 7 2 1 3 0
> VAMPIRE 2 13 9 2 2 2 0
> VAMPIRE 4 9 11 3 2 4 0
< RES 1637247413 227 3
< MOVE R R
> REQ 1637247413 228 3
> VAMPIRE 1 13 9 2 2 2 0
> VAMPIRE 3 9 9 2 1 3 0
> VAMPIRE 2 13 9 2 2 2 0
> VAMPIRE 4 9 11 3 2 4 0
< RES 1637247413 228 3
> REQ 1637247413 229 3
> VAMPIRE 1 13 9 2 2 2 0
> VAMPIRE 3 9 9 2 1 3 0
> VAMPIRE 2 13 9 2 2 2 0
> VAMPIRE 4 9 11 3 2 4 0
< RES 1637247413 229 3
> REQ 1637247413 230 3
> VAMPIRE 1 13 9 2 2 2 0
> VAMPIRE 3 9 9 2 1 3 0
> VAMPIRE 2 13 9 2 2 2 0
> VAMPIRE 4 9 11 3 2 4 0
< RES 1637247413 230 3
> REQ 1637247413 231 3
> VAMPIRE 1 13 9 2 2 2 0
> VAMPIRE 3 9 9 2 1 3 0
> VAMPIRE 2 13 9 2 2 2 0
> VAMPIRE 4 9 11 3 2 4 0
< RES 1637247413 231 3
> REQ 1637247413 232 3
> VAMPIRE 1 13 9 2 2 2 0
> VAMPIRE 3 9 9 2 1 3 0
> VAMPIRE 2 13 9 2 2 2 0
> VAMPIRE 4 9 11 3 2 4 0
< RES 1637247413 232 3
> REQ 1637247413 233 3
> VAMPIRE 1 13 9 2 2 2 0
> VAMPIRE 3 9 9 2 1 3 0
> VAMPIRE 2 13 9 2 2 2 0
> VAMPIRE 4 9 11 3 2 4 0
< RES 1637247413 233 3
> REQ 1637247413 234 3
> VAMPIRE 1 13 9 2 2 2 0
> VAMPIRE 3 9 9 2 1 3 0
> VAMPIRE 2 13 9 2 2 2 0
> VAMPIRE 4 9 11 3 2 4 0
< RES 1637247413 234 3
> REQ 1637247413 235 3
> VAMPIRE 1 13 9 2 2 2 0
> VAMPIRE 3 9 9 2 1 3 0
> VAMPIRE 2 13 9 2 2 2 0
> VAMPIRE 4 9 11 3 2 4 0
< RES 1637247413 235 3
> REQ 1637247413 236 3
> VAMPIRE 1 13 9 2 2 2 0
> VAMPIRE 3 9 9 2 1 3 0
> VAMPIRE 2 13 9 2 2 2 0
> VAMPIRE 4 9 11 3 2 4 0
> POWERUP BATTERY -5 3 10
> POWERUP BATTERY -5 17 10
< RES 1637247413 236 3
< MOVE U U
> REQ 1637247413 237 3
> VAMPIRE 1 15 9 2 2 2 0
> VAMPIRE 3 7 9 2 1 3 0
> VAMPIRE 2 15 9 2 2 2 0
> VAMPIRE 4 7 11 3 2 4 0
> POWERUP BATTERY -4 3 10
> POWERUP BATTERY -4 17 10
< RES 1637247413 237 3
< MOVE U U
> REQ 1637247413 238 3
> VAMPIRE 1 17 9 2 2 2 0
> VAMPIRE 3 5 9 2 1 3 0
> VAMPIRE 2 17 9 2 2 2 0
> VAMPIRE 4 5 11 3 2 4 0
> POWERUP BATTERY -3 3 10
> POWERUP BATTERY -3 17 10
< RES 1637247413 238 3
< MOVE U U
> REQ 1637247413 239 3
> VAMPIRE 1 17 10 2 2 2 0
> VAMPIRE 3 3 9 2 1 3 0
> VAMPIRE 2 17 10 2 2 2 0
> VAMPIRE 4 3 11 3 2 4 0
> POWERUP BATTERY -2 3 10
> POWERUP BATTERY -2 17 10
< RES 1637247413 239 3
< MOVE R
> REQ 1637247413 240 3
> VAMPIRE 1 17 10 2 2 2 0
> VAMPIRE 3 3 10 2 1 3 0
> VAMPIRE 2 17 10 2 2 2 0
> VAMPIRE 4 3 9 3 1 4 0
> GRENADE 4 3 11 5 4
> POWERUP BATTERY -1 3 10
> POWERUP BATTERY -1 17 10
< RES 1637247413 240 3
< MOVE L D
> REQ 1637247413 241 3
> VAMPIRE 1 17 9 2 2 3 0
> VAMPIRE 3 3 10 2 1 4 0
> VAMPIRE 2 17 9 2 2 3 0
> VAMPIRE 4 5 9 3 0 4 0
> GRENADE 4 3 11 4 4
> GRENADE 4 3 9 5 4
< RES 1637247413 241 3
> REQ 1637247413 242 3
> VAMPIRE 1 15 9 2 2 3 0
> VAMPIRE 3 3 10 2 1 4 0
> VAMPIRE 2 15 9 2 2 3 0
> VAMPIRE 4 5 7 3 0 4 0
> GRENADE 4 3 11 3 4
> GRENADE 4 3 9 4 4
< RES 1637247413 242 3
> REQ 1637247413 243 3
> VAMPIRE 1 13 9 2 2 3 0
> VAMPIRE 3 3 10 2 1 4 0
> VAMPIRE 2 13 9 2 2 3 0
> VAMPIRE 4 7 7 3 0 4 0
> GRENADE 4 3 11 2 4
> GRENADE 4 3 9 3 4
< RES 1637247413 243 3
> REQ 1637247413 244 3
> VAMPIRE 1 13 11 2 2 3 0
> VAMPIRE 3 3 10 2 1 4 0
> VAMPIRE 2 13 11 2 2 3 0
> VAMPIRE 4 9 7 3 0 4 0
> GRENADE 4 3 11 1 4
> GRENADE 4 3 9 2 4
< RES 1637247413 244 3
> REQ 1637247413 245 3
> VAMPIRE 1 15 11 2 2 3 0
> VAMPIRE 3 3 10 1 1 4 0
> VAMPIRE 2 15 11 2 2 3 0
> VAMPIRE 4 11 7 3 2 4 0
< RES 1637247413 245 3
< MOVE L
> REQ 1637247413 246 3
> VAMPIRE 1 13 11 2 2 3 0
> VAMPIRE 3 3 9 1 1 4 0
> VAMPIRE 2 13 11 2 2 3 0
> VAMPIRE 4 11 9 3 2 4 0
< RES 1637247413 246 3
< MOVE D D
> REQ 1637247413 247 3
> VAMPIRE 1 13 13 2 2 3 0
> VAMPIRE 3 5 9 1 1 4 0
> VAMPIRE 2 13 13 2 2 3 0
> VAMPIRE 4 9 9 3 2 4 0
< RES 1637247413 247 3
< MOVE D D
> REQ 1637247413 248 3
> VAMPIRE 1 13 11 2 2 3 0
> VAMPIRE 3 7 9 1 1 4 0
> VAMPIRE 2 13 11 2 2 3 0
> VAMPIRE 4 11 9 3 2 4 0
< RES 1637247413 248 3
< MOVE D D
> REQ 1637247413 249 3
> VAMPIRE 1 15 11 2 2 3 0
> VAMPIRE 3 9 9 1 1 4 0
> VAMPIRE 2 15 11 2 2 3 0
> VAMPIRE 4 11 7 3 2 4 0
< RES 1637247413 249 3
< MOVE L L
> REQ 1637247413 250 3
> VAMPIRE 1 13 11 2 2 3 0
> VAMPIRE 3 9 7 1 1 4 0
> VAMPIRE 2 13 11 2 2 3 0
> VAMPIRE 4 9 7 3 2 4 0
< RES 1637247413 250 3
< MOVE U U
> REQ 1637247413 251 3
> VAMPIRE 1 13 13 2 2 3 0
> VAMPIRE 3 7 7 1 1 4 0
> VAMPIRE 2 13 13 2 2 3 0
> VAMPIRE 4 7 7 3 2 4 0
< RES 1637247413 251 3
< MOVE R R
> REQ 1637247413 252 3
> VAMPIRE 1 11 13 2 2 3 0
> VAMPIRE 3 7 9 1 1 4 0
> VAMPIRE 2 11 13 2 2 3 0
> VAMPIRE 4 7 9 3 2 4 0
> POWERUP GRENADE -7 13 17
> POWERUP GRENADE -7 7 3
< RES 1637247413 252 3
< MOVE L L
> REQ 1637247413 253 3
> VAMPIRE 1 11 15 2 2 3 0
> VAMPIRE 3 7 7 1 1 4 0
> VAMPIRE 2 11 15 2 2 3 0
> VAMPIRE 4 7 7 3 2 4 0
> POWERUP GRENADE -6 13 17
> POWERUP GRENADE -6 7 3
< RES 1637247413 253 3
< MOVE L L
> REQ 1637247413 254 3
> VAMPIRE 1 11 17 2 2 3 0
> VAMPIRE 3 7 5 1 1 4 0
> VAMPIRE 2 11 17 2 2 3 0
> VAMPIRE 4 7 5 3 2 4 0
> POWERUP GRENADE -5 13 17
> POWERUP GRENADE -5 7 3
< RES 1637247413 254 3
< MOVE L L
> REQ 1637247413 255 3
> VAMPIRE 1 13 17 2 2 3 0
> VAMPIRE 3 7 3 1 1 4 0
> VAMPIRE 2 13 17 2 2 3 0
> VAMPIRE 4 7 3 3 2 4 0
> POWERUP GRENADE -4 13 17
> POWERUP GRENADE -4 7 3
< RES 1637247413 255 3
> REQ 1637247413 256 3
> VAMPIRE 1 13 17 2 2 3 0
> VAMPIRE 3 7 3 1 1 4 0
> VAMPIRE 2 13 17 2 2 3 0
> VAMPIRE 4 7 3 3 2 4 0
> POWERUP GRENADE -3 13 17
> POWERUP GRENADE -3 7 3
< RES 1637247413 256 3
> REQ 1637247413 257 3
> VAMPIRE 1 13 17 2 2 3 0
> VAMPIRE 3 7 3 1 1 4 0
> VAMPIRE 2 13 17 2 2 3 0
> VAMPIRE 4 7 3 3 2 4 0
> POWERUP GRENADE -2 13 17
> POWERUP GRENADE -2 7 3
< RES 1637247413 257 3
> REQ 1637247413 258 3
> VAMPIRE 1 13 17 2 2 3 0
> VAMPIRE 3 7 3 1 1 4 0
> VAMPIRE 2 13 17 2 2 3 0
> VAMPIRE 4 7 3 3 2 4 0
> POWERUP GRENADE -1 13 17
> POWERUP GRENADE -1 7 3
< RES 1637247413 258 3
< MOVE R R
> REQ 1637247413 259 3
> VAMPIRE 1 13 15 2 3 3 0
> VAMPIRE 3 7 5 1 2 4 0
> VAMPIRE 2 13 15 2 3 3 0
> VAMPIRE 4 7 5 3 3 4 0
< RES 1637247413 259 3
< MOVE D D
> REQ 1637247413 260 3
> VAMPIRE 1 11 15 2 3 3 0
> VAMPIRE 3 9 5 1 2 4 0
> VAMPIRE 2 11 15 2 3 3 0
> VAMPIRE 4 9 5 3 3 4 0
< RES 1637247413 260 3
< MOVE R R
> REQ 1637247413 261 3
> VAMPIRE 1 11 13 2 3 3 0
> VAMPIRE 3 9 7 1 2 4 0
> VAMPIRE 2 11 13 2 3 3 0
> VAMPIRE 4 9 7 3 3 4 0
< RES 1637247413 261 3
< MOVE D D
> REQ 1637247413 262 3
> VAMPIRE 1 9 13 2 3 3 0
> VAMPIRE 3 11 7 1 2 4 0
> VAMPIRE 2 9 13 2 3 3 0
> VAMPIRE 4 11 7 3 3 4 0
< RES 1637247413 262 3
< MOVE U U
> REQ 1637247413 263 3
> VAMPIRE 1 11 13 2 3 3 0
> VAMPIRE 3 9 7 1 2 4 0
> VAMPIRE 2 11 13 2 3 3 0
> VAMPIRE 4 9 7 3 3 4 0
< RES 1637247413 263 3
< MOVE D D
> REQ 1637247413 264 3
> VAMPIRE 1 9 13 2 3 3 0
> VAMPIRE 3 11 7 1 2 4 0
> VAMPIRE 2 9 13 2 3 3 0
> VAMPIRE 4 11 7 3 3 4 0
< RES 1637247413 264 3
< MOVE U U
> REQ 1637247413 265 3
> VAMPIRE 1 11 13 2 3 3 0
> VAMPIRE 3 9 7 1 2 4 0
> VAMPIRE 2 11 13 2 3 3 0
> VAMPIRE 4 9 7 3 3 4 0
< RES 1637247413 265 3
< MOVE D D
> REQ 1637247413 266 3
> VAMPIRE 1 9 13 2 3 3 0
> VAMPIRE 3 11 7 1 2 4 0
> VAMPIRE 2 9 13 2 3 3 0
> VAMPIRE 4 11 7 3 3 4 0
< RES 1637247413 266 3
< MOVE U U
> REQ 1637247413 267 3
> VAMPIRE 1 11 13 2 3 3 0
> VAMPIRE 3 9 7 1 2 4 0
> VAMPIRE 2 11 13 2 3 3 0
> VAMPIRE 4 9 7 3 3 4 0
< RES 1637247413 267 3
< MOVE D D
> REQ 1637247413 268 3
> VAMPIRE 1 9 13 2 3 3 0
> VAMPIRE 3 11 7 1 2 4 0
> VAMPIRE 2 9 13 2 3 3 0
> VAMPIRE 4 11 7 3 3 4 0
< RES 1637247413 268 3
< MOVE U U
> REQ 1637247413 269 3
> VAMPIRE 1 11 13 2 3 3 0
> VAMPIRE 3 9 7 1 2 4 0
> VAMPIRE 2 11 13 2 3 3 0
> VAMPIRE 4 9 7 3 3 4 0
< RES 1637247413 269 3
< MOVE D D
> REQ 1637247413 270 3
> VAMPIRE 1 9 13 2 3 3 0
> VAMPIRE 3 11 7 1 2 4 0
> VAMPIRE 2 9 13 2 3 3 0
> VAMPIRE 4 11 7 3 3 4 0
< RES 1637247413 270 3
< MOVE U U
> REQ 1637247413 271 3
> VAMPIRE 1 11 13 2 3 3 0
> VAMPIRE 3 9 7 1 2 4 0
> VAMPIRE 2 11 13 2 3 3 0
> VAMPIRE 4 9 7 3 3 4 0
< RES 1637247413 271 3
< MOVE D D
> REQ 1637247413 272 3
> VAMPIRE 1 9 13 2 3 3 0
> VAMPIRE 3 11 7 1 2 4 0
> VAMPIRE 2 9 13 2 3 3 0
> VAMPIRE 4 11 7 3 3 4 0
< RES 1637247413 272 3
< MOVE U U
> REQ 1637247413 273 3
> VAMPIRE 1 11 13 2 3 3 0
> VAMPIRE 3 9 7 1 2 4 0
> VAMPIRE 2 11 13 2 3 3 0
> VAMPIRE 4 9 7 3 3 4 0
< RES 1637247413 273 3
< MOVE D D
> REQ 1637247413 274 3
> VAMPIRE 1 9 13 2 3 3 0
> VAMPIRE 3 11 7 1 2 4 0
> VAMPIRE 2 9 13 2 3 3 0
> VAMPIRE 4 11 7 3 3 4 0
< RES 1637247413 274 3
< MOVE U U
> REQ 1637247413 275 3
> VAMPIRE 1 11 13 2 3 3 0
> VAMPIRE 3 9 7 1 2 4 0
> VAMPIRE 2 11 13 2 3 3 0
> VAMPIRE 4 9 7 3 3 4 0
< RES 1637247413 275 3
< MOVE D D
> REQ 1637247413 276 3
> VAMPIRE 1 9 13 2 3 3 0
> VAMPIRE 3 11 7 1 2 4 0
> VAMPIRE 2 9 13 2 3 3 0
> VAMPIRE 4 11 7 3 3 4 0
< RES 1637247413 276 3
< MOVE U U
> REQ 1637247413 277 3
> VAMPIRE 1 11 13 2 3 3 0
> VAMPIRE 3 9 7 1 2 4 0
> VAMPIRE 2 11 13 2 3 3 0
> VAMPIRE 4 9 7 3 3 4 0
> POWERUP BATTERY -7 15 14
> POWERUP BATTERY -7 5 6
< RES 1637247413 277 3
< MOVE U U
> REQ 1637247413 278 3
> VAMPIRE 1 13 13 2 3 3 0
> VAMPIRE 3 7 7 1 2 4 0
> VAMPIRE 2 13 13 2 3 3 0
> VAMPIRE 4 7 7 3 3 4 0
> POWERUP BATTERY -6 15 14
> POWERUP BATTERY -6 5 6
< RES 1637247413 278 3
< MOVE U U
> REQ 1637247413 279 3
> VAMPIRE 1 15 13 2 3 3 0
> VAMPIRE 3 5 7 1 2 4 0
> VAMPIRE 2 15 13 2 3 3 0
> VAMPIRE 4 5 7 3 3 4 0
> POWERUP BATTERY -5 15 14
> POWERUP BATTERY -5 5 6
< RES 1637247413 279 3
< GRENADE
< MOVE L L
> REQ 1637247413 280 3
> VAMPIRE 1 15 14 2 3 3 0
> VAMPIRE 3 5 5 1 1 4 0
> VAMPIRE 2 15 14 2 3 3 0
> VAMPIRE 4 5 5 3 2 4 0
> GRENADE 3 5 7 5 4
> GRENADE 4 5 7 5 4
> POWERUP BATTERY -4 15 14
> POWERUP BATTERY -4 5 6
< RES 1637247413 280 3
< MOVE R
> REQ 1637247413 281 3
> VAMPIRE 1 15 14 2 3 3 0
> VAMPIRE 3 5 6 1 1 4 0
> VAMPIRE 2 15 14 2 3 3 0
> VAMPIRE 4 5 5 3 2 4 0
> GRENADE 3 5 7 4 4
> GRENADE 4 5 7 4 4
> POWERUP BATTERY -3 15 14
> POWERUP BATTERY -3 5 6
< RES 1637247413 281 3
< GRENADE
> REQ 1637247413 282 3
> VAMPIRE 1 15 14 2 3 3 0
> VAMPIRE 3 5 6 1 0 4 0
> VAMPIRE 2 15 14 2 3 3 0
> VAMPIRE 4 5 5 3 1 4 0
> GRENADE 3 5 7 3 4
> GRENADE 4 5 7 3 4
> GRENADE 3 5 6 5 4
> GRENADE 4 5 5 5 4
> POWERUP BATTERY -2 15 14
> POWERUP BATTERY -2 5 6
< RES 1637247413 282 3
> REQ 1637247413 283 3
> VAMPIRE 1 15 14 2 3 3 0
> VAMPIRE 3 5 6 1 0 4 0
> VAMPIRE 2 15 14 2 3 3 0
> VAMPIRE 4 7 5 3 1 4 0
> GRENADE 3 5 7 2 4
> GRENADE 4 5 7 2 4
> GRENADE 3 5 6 4 4
> GRENADE 4 5 5 4 4
> POWERUP BATTERY -1 15 14
> POWERUP BATTERY -1 5 6
< RES 1637247413 283 3
< GRENADE
> REQ 1637247413 284 3
> VAMPIRE 1 15 13 2 3 4 0
> VAMPIRE 3 5 6 1 0 5 0
> VAMPIRE 2 15 13 2 3 4 0
> VAMPIRE 4 7 3 3 1 4 0
> GRENADE 3 5 7 1 4
> GRENADE 4 5 7 1 4
> GRENADE 3 5 6 3 4
> GRENADE 4 5 5 3 4
< RES 1637247413 284 3
> END 394 Could_not_be_more_deaded
