> MESSAGE OK
> LEVEL 9
> GAMEID 1637139332
> TEST 1
> MAXTICK 1000
> GRENADERADIUS 2
> SIZE 21
> REQ 1637139332 0 2
> VAMPIRE 1 1 1 3 1 2 0
> VAMPIRE 4 1 19 3 1 2 0
> VAMPIRE 3 19 19 3 1 2 0
> VAMPIRE 2 19 1 3 1 2 0
> BAT1 4 1 6 1 8 1 10 1 12 1 14 1 16 1 1 4 19 4 6 5 8 5 10 5 12 5 14 5 1 6 5 6 15 6 19 6 1 8 5 8 15 8 19 8 10 9 1 10 5 10 9 10 11 10 15 10 19 10 10 11 1 12 5 12 15 12 19 12 1 14 5 14 15 14 19 14 6 15 8 15 10 15 12 15 14 15 1 16 19 16 4 19 6 19 8 19 10 19 12 19 14 19 16 19
> BAT2 4 3 6 3 8 3 10 3 12 3 14 3 16 3 3 4 17 4 3 6 17 6 8 7 10 7 12 7 3 8 7 8 13 8 17 8 3 10 7 10 13 10 17 10 3 12 7 12 13 12 17 12 8 13 10 13 12 13 3 14 17 14 3 16 17 16 4 17 6 17 8 17 10 17 12 17 14 17 16 17
< RES 1637139332 0 2
< MOVE U U
> REQ 1637139332 1 2
> VAMPIRE 1 2 1 3 1 2 0
> VAMPIRE 4 3 19 3 1 2 0
> VAMPIRE 3 19 17 3 1 2 0
> VAMPIRE 2 17 1 3 1 2 0
> BAT1 4 1 6 1 8 1 10 1 12 1 14 1 16 1 1 4 19 4 6 5 8 5 10 5 12 5 14 5 1 6 5 6 15 6 19 6 1 8 5 8 15 8 19 8 10 9 1 10 5 10 9 10 11 10 15 10 19 10 10 11 1 12 5 12 15 12 19 12 1 14 5 14 15 14 19 14 6 15 8 15 10 15 12 15 14 15 1 16 19 16 4 19 6 19 8 19 10 19 12 19 14 19 16 19
> BAT2 4 3 6 3 8 3 10 3 12 3 14 3 16 3 3 4 17 4 3 6 17 6 8 7 10 7 12 7 3 8 7 8 13 8 17 8 3 10 7 10 13 10 17 10 3 12 7 12 13 12 17 12 8 13 10 13 12 13 3 14 17 14 3 16 17 16 4 17 6 17 8 17 10 17 12 17 14 17 16 17
< RES 1637139332 1 2
< GRENADE
< MOVE R R
> REQ 1637139332 2 2
> VAMPIRE 1 1 2 3 0 2 0
> VAMPIRE 4 3 17 3 1 2 0
> VAMPIRE 3 17 17 3 0 2 0
> VAMPIRE 2 17 3 3 0 2 0
> GRENADE 1 2 1 5 2
> GRENADE 3 19 17 5 2
> GRENADE 2 17 1 5 2
> BAT1 4 1 6 1 8 1 10 1 12 1 14 1 16 1 1 4 19 4 6 5 8 5 10 5 12 5 14 5 1 6 5 6 15 6 19 6 1 8 5 8 15 8 19 8 10 9 1 10 5 10 9 10 11 10 15 10 19 10 10 11 1 12 5 12 15 12 19 12 1 14 5 14 15 14 19 14 6 15 8 15 10 15 12 15 14 15 1 16 19 16 4 19 6 19 8 19 10 19 12 19 14 19 16 19
> BAT2 4 3 6 3 8 3 10 3 12 3 14 3 16 3 3 4 17 4 3 6 17 6 8 7 10 7 12 7 3 8 7 8 13 8 17 8 3 10 7 10 13 10 17 10 3 12 7 12 13 12 17 12 8 13 10 13 12 13 3 14 17 14 3 16 17 16 4 17 6 17 8 17 10 17 12 17 14 17 16 17
< RES 1637139332 2 2
< MOVE D D
> REQ 1637139332 3 2
> VAMPIRE 1 1 3 3 0 2 0
> VAMPIRE 4 1 17 3 0 2 0
> VAMPIRE 3 17 19 3 0 2 0
> VAMPIRE 2 19 3 3 0 2 0
> GRENADE 1 2 1 4 2
> GRENADE 3 19 17 4 2
> GRENADE 2 17 1 4 2
> GRENADE 4 3 17 5 2
> BAT1 4 1 6 1 8 1 10 1 12 1 14 1 16 1 1 4 19 4 6 5 8 5 10 5 12 5 14 5 1 6 5 6 15 6 19 6 1 8 5 8 15 8 19 8 10 9 1 10 5 10 9 10 11 10 15 10 19 10 10 11 1 12 5 12 15 12 19 12 1 14 5 14 15 14 19 14 6 15 8 15 10 15 12 15 14 15 1 16 19 16 4 19 6 19 8 19 10 19 12 19 14 19 16 19
> BAT2 4 3 6 3 8 3 10 3 12 3 14 3 16 3 3 4 17 4 3 6 17 6 8 7 10 7 12 7 3 8 7 8 13 8 17 8 3 10 7 10 13 10 17 10 3 12 7 12 13 12 17 12 8 13 10 13 12 13 3 14 17 14 3 16 17 16 4 17 6 17 8 17 10 17 12 17 14 17 16 17
< RES 1637139332 3 2
> REQ 1637139332 4 2
> VAMPIRE 1 1 3 3 0 2 0
> VAMPIRE 4 1 18 3 0 2 0
> VAMPIRE 3 17 19 3 0 2 0
> VAMPIRE 2 19 3 3 0 2 0
> GRENADE 1 2 1 3 2
> GRENADE 3 19 17 3 2
> GRENADE 2 17 1 3 2
> GRENADE 4 3 17 4 2
> BAT1 4 1 6 1 8 1 10 1 12 1 14 1 16 1 1 4 19 4 6 5 8 5 10 5 12 5 14 5 1 6 5 6 15 6 19 6 1 8 5 8 15 8 19 8 10 9 1 10 5 10 9 10 11 10 15 10 19 10 10 11 1 12 5 12 15 12 19 12 1 14 5 14 15 14 19 14 6 15 8 15 10 15 12 15 14 15 1 16 19 16 4 19 6 19 8 19 10 19 12 19 14 19 16 19
> BAT2 4 3 6 3 8 3 10 3 12 3 14 3 16 3 3 4 17 4 3 6 17 6 8 7 10 7 12 7 3 8 7 8 13 8 17 8 3 10 7 10 13 10 17 10 3 12 7 12 13 12 17 12 8 13 10 13 12 13 3 14 17 14 3 16 17 16 4 17 6 17 8 17 10 17 12 17 14 17 16 17
< RES 1637139332 4 2
> REQ 1637139332 5 2
> VAMPIRE 1 1 3 3 0 2 0
> VAMPIRE 4 1 18 3 0 2 0
> VAMPIRE 3 17 19 3 0 2 0
> VAMPIRE 2 19 3 3 0 2 0
> GRENADE 1 2 1 2 2
> GRENADE 3 19 17 2 2
> GRENADE 2 17 1 2 2
> GRENADE 4 3 17 3 2
> BAT1 4 1 6 1 8 1 10 1 12 1 14 1 16 1 1 4 19 4 6 5 8 5 10 5 12 5 14 5 1 6 5 6 15 6 19 6 1 8 5 8 15 8 19 8 10 9 1 10 5 10 9 10 11 10 15 10 19 10 10 11 1 12 5 12 15 12 19 12 1 14 5 14 15 14 19 14 6 15 8 15 10 15 12 15 14 15 1 16 19 16 4 19 6 19 8 19 10 19 12 19 14 19 16 19
> BAT2 4 3 6 3 8 3 10 3 12 3 14 3 16 3 3 4 17 4 3 6 17 6 8 7 10 7 12 7 3 8 7 8 13 8 17 8 3 10 7 10 13 10 17 10 3 12 7 12 13 12 17 12 8 13 10 13 12 13 3 14 17 14 3 16 17 16 4 17 6 17 8 17 10 17 12 17 14 17 16 17
< RES 1637139332 5 2
> REQ 1637139332 6 2
> VAMPIRE 1 1 3 3 0 2 0
> VAMPIRE 4 1 18 3 0 2 0
> VAMPIRE 3 17 19 3 0 2 0
> VAMPIRE 2 19 3 3 0 2 0
> GRENADE 1 2 1 1 2
> GRENADE 3 19 17 1 2
> GRENADE 2 17 1 1 2
> GRENADE 4 3 17 2 2
> BAT1 4 1 6 1 8 1 10 1 12 1 14 1 16 1 1 4 19 4 6 5 8 5 10 5 12 5 14 5 1 6 5 6 15 6 19 6 1 8 5 8 15 8 19 8 10 9 1 10 5 10 9 10 11 10 15 10 19 10 10 11 1 12 5 12 15 12 19 12 1 14 5 14 15 14 19 14 6 15 8 15 10 15 12 15 14 15 1 16 19 16 4 19 6 19 8 19 10 19 12 19 14 19 16 19
> BAT2 4 3 6 3 8 3 10 3 12 3 14 3 16 3 3 4 17 4 3 6 17 6 8 7 10 7 12 7 3 8 7 8 13 8 17 8 3 10 7 10 13 10 17 10 3 12 7 12 13 12 17 12 8 13 10 13 12 13 3 14 17 14 3 16 17 16 4 17 6 17 8 17 10 17 12 17 14 17 16 17
< RES 1637139332 6 2
< MOVE U U
> REQ 1637139332 7 2
> VAMPIRE 1 3 3 3 1 2 0
> VAMPIRE 4 2 19 3 0 2 0
> VAMPIRE 3 17 17 3 1 2 0
> VAMPIRE 2 17 3 3 1 2 0
> GRENADE 4 3 17 1 2
> BAT1 6 1 8 1 10 1 12 1 14 1 1 4 19 4 6 5 8 5 10 5 12 5 14 5 1 6 5 6 15 6 19 6 1 8 5 8 15 8 19 8 10 9 1 10 5 10 9 10 11 10 15 10 19 10 10 11 1 12 5 12 15 12 19 12 1 14 5 14 15 14 19 14 6 15 8 15 10 15 12 15 14 15 1 16 4 19 6 19 8 19 10 19 12 19 14 19 16 19
> BAT2 4 3 6 3 8 3 10 3 12 3 14 3 16 3 3 4 17 4 3 6 17 6 8 7 10 7 12 7 3 8 7 8 13 8 17 8 3 10 7 10 13 10 17 10 3 12 7 12 13 12 17 12 8 13 10 13 12 13 3 14 17 14 3 16 17 16 4 17 6 17 8 17 10 17 12 17 14 17 16 17
< RES 1637139332 7 2
< GRENADE
< MOVE L L
> REQ 1637139332 8 2
> VAMPIRE 1 3 1 3 0 2 0
> VAMPIRE 4 3 19 3 1 2 0
> VAMPIRE 3 19 17 3 0 2 0
> VAMPIRE 2 17 1 3 0 2 0
> GRENADE 1 3 3 5 2
> GRENADE 3 17 17 5 2
> GRENADE 2 17 3 5 2
> BAT1 6 1 8 1 10 1 12 1 14 1 1 4 19 4 6 5 8 5 10 5 12 5 14 5 1 6 5 6 15 6 19 6 1 8 5 8 15 8 19 8 10 9 1 10 5 10 9 10 11 10 15 10 19 10 10 11 1 12 5 12 15 12 19 12 1 14 5 14 15 14 19 14 6 15 8 15 10 15 12 15 14 15 1 16 4 19 6 19 8 19 10 19 12 19 14 19 16 19 3 16 4 17
> BAT2 4 3 6 3 8 3 10 3 12 3 14 3 16 3 3 4 17 4 3 6 17 6 8 7 10 7 12 7 3 8 7 8 13 8 17 8 3 10 7 10 13 10 17 10 3 12 7 12 13 12 17 12 8 13 10 13 12 13 3 14 17 14 17 16 6 17 8 17 10 17 12 17 14 17 16 17
< RES 1637139332 8 2
< MOVE U U
> REQ 1637139332 9 2
> VAMPIRE 1 5 1 3 0 2 0
> VAMPIRE 4 3 17 3 1 2 0
> VAMPIRE 3 19 15 3 0 2 0
> VAMPIRE 2 15 1 3 0 2 0
> GRENADE 1 3 3 4 2
> GRENADE 3 17 17 4 2
> GRENADE 2 17 3 4 2
> BAT1 6 1 8 1 10 1 12 1 14 1 1 4 19 4 6 5 8 5 10 5 12 5 14 5 1 6 5 6 15 6 19 6 1 8 5 8 15 8 19 8 10 9 1 10 5 10 9 10 11 10 15 10 19 10 10 11 1 12 5 12 15 12 19 12 1 14 5 14 15 14 19 14 6 15 8 15 10 15 12 15 14 15 1 16 4 19 6 19 8 19 10 19 12 19 14 19 16 19 3 16 4 17
> BAT2 4 3 6 3 8 3 10 3 12 3 14 3 16 3 3 4 17 4 3 6 17 6 8 7 10 7 12 7 3 8 7 8 13 8 17 8 3 10 7 10 13 10 17 10 3 12 7 12 13 12 17 12 8 13 10 13 12 13 3 14 17 14 17 16 6 17 8 17 10 17 12 17 14 17 16 17
< RES 1637139332 9 2
> REQ 1637139332 10 2
> VAMPIRE 1 5 1 3 0 2 0
> VAMPIRE 4 1 17 3 0 2 0
> VAMPIRE 3 19 15 3 0 2 0
> VAMPIRE 2 15 1 3 0 2 0
> GRENADE 1 3 3 3 2
> GRENADE 3 17 17 3 2
> GRENADE 2 17 3 3 2
> GRENADE 4 3 17 5 2
> BAT1 6 1 8 1 10 1 12 1 14 1 1 4 19 4 6 5 8 5 10 5 12 5 14 5 1 6 5 6 15 6 19 6 1 8 5 8 15 8 19 8 10 9 1 10 5 10 9 10 11 10 15 10 19 10 10 11 1 12 5 12 15 12 19 12 1 14 5 14 15 14 19 14 6 15 8 15 10 15 12 15 14 15 1 16 4 19 6 19 8 19 10 19 12 19 14 19 16 19 3 16 4 17
> BAT2 4 3 6 3 8 3 10 3 12 3 14 3 16 3 3 4 17 4 3 6 17 6 8 7 10 7 12 7 3 8 7 8 13 8 17 8 3 10 7 10 13 10 17 10 3 12 7 12 13 12 17 12 8 13 10 13 12 13 3 14 17 14 17 16 6 17 8 17 10 17 12 17 14 17 16 17
< RES 1637139332 10 2
< MOVE R R
> REQ 1637139332 11 2
> VAMPIRE 1 5 1 3 0 2 0
> VAMPIRE 4 1 18 3 0 2 0
> VAMPIRE 3 19 15 3 0 2 0
> VAMPIRE 2 15 3 3 0 2 0
> GRENADE 1 3 3 2 2
> GRENADE 3 17 17 2 2
> GRENADE 2 17 3 2 2
> GRENADE 4 3 17 4 2
> BAT1 6 1 8 1 10 1 12 1 14 1 1 4 19 4 6 5 8 5 10 5 12 5 14 5 1 6 5 6 15 6 19 6 1 8 5 8 15 8 19 8 10 9 1 10 5 10 9 10 11 10 15 10 19 10 10 11 1 12 5 12 15 12 19 12 1 14 5 14 15 14 19 14 6 15 8 15 10 15 12 15 14 15 1 16 4 19 6 19 8 19 10 19 12 19 14 19 16 19 3 16 4 17
> BAT2 4 3 6 3 8 3 10 3 12 3 14 3 16 3 3 4 17 4 3 6 17 6 8 7 10 7 12 7 3 8 7 8 13 8 17 8 3 10 7 10 13 10 17 10 3 12 7 12 13 12 17 12 8 13 10 13 12 13 3 14 17 14 17 16 6 17 8 17 10 17 12 17 14 17 16 17
< RES 1637139332 11 2
> REQ 1637139332 12 2
> VAMPIRE 1 5 1 3 0 2 0
> VAMPIRE 4 1 18 3 0 2 0
> VAMPIRE 3 17 15 3 0 2 0
> VAMPIRE 2 15 3 3 0 2 0
> GRENADE 1 3 3 1 2
> GRENADE 3 17 17 1 2
> GRENADE 2 17 3 1 2
> GRENADE 4 3 17 3 2
> BAT1 6 1 8 1 10 1 12 1 14 1 1 4 19 4 6 5 8 5 10 5 12 5 14 5 1 6 5 6 15 6 19 6 1 8 5 8 15 8 19 8 10 9 1 10 5 10 9 10 11 10 15 10 19 10 10 11 1 12 5 12 15 12 19 12 1 14 5 14 15 14 19 14 6 15 8 15 10 15 12 15 14 15 1 16 4 19 6 19 8 19 10 19 12 19 14 19 16 19 3 16 4 17
> BAT2 4 3 6 3 8 3 10 3 12 3 14 3 16 3 3 4 17 4 3 6 17 6 8 7 10 7 12 7 3 8 7 8 13 8 17 8 3 10 7 10 13 10 17 10 3 12 7 12 13 12 17 12 8 13 10 13 12 13 3 14 17 14 17 16 6 17 8 17 10 17 12 17 14 17 16 17
< RES 1637139332 12 2
> REQ 1637139332 13 2
> VAMPIRE 1 4 1 3 1 2 0
> VAMPIRE 4 1 18 3 0 2 0
> VAMPIRE 3 16 15 3 1 2 0
> VAMPIRE 2 15 3 3 1 2 0
> GRENADE 4 3 17 2 2
> BAT1 6 1 8 1 10 1 12 1 14 1 1 4 19 4 6 5 8 5 10 5 12 5 14 5 1 6 5 6 15 6 19 6 1 8 5 8 15 8 19 8 10 9 1 10 5 10 9 10 11 10 15 10 19 10 10 11 1 12 5 12 15 12 19 12 1 14 5 14 15 14 19 14 6 15 8 15 10 15 12 15 14 15 1 16 4 19 6 19 8 19 10 19 12 19 14 19 16 19 4 3 16 3 3 4 17 4 3 16 17 16 4 17 16 17
> BAT2 6 3 8 3 10 3 12 3 14 3 3 6 17 6 8 7 10 7 12 7 3 8 7 8 13 8 17 8 3 10 7 10 13 10 17 10 3 12 7 12 13 12 17 12 8 13 10 13 12 13 3 14 17 14 6 17 8 17 10 17 12 17 14 17
< RES 1637139332 13 2
< GRENADE
< MOVE L L
> REQ 1637139332 14 2
> VAMPIRE 1 3 2 3 0 2 0
> VAMPIRE 4 2 19 3 0 2 0
> VAMPIRE 3 15 16 3 0 2 0
> VAMPIRE 2 15 1 3 0 2 0
> GRENADE 4 3 17 1 2
> GRENADE 1 4 1 5 2
> GRENADE 3 16 15 5 2
> GRENADE 2 15 3 5 2
> BAT1 6 1 8 1 10 1 12 1 14 1 1 4 19 4 6 5 8 5 10 5 12 5 14 5 1 6 5 6 15 6 19 6 1 8 5 8 15 8 19 8 10 9 1 10 5 10 9 10 11 10 15 10 19 10 10 11 1 12 5 12 15 12 19 12 1 14 5 14 15 14 19 14 6 15 8 15 10 15 12 15 14 15 1 16 4 19 6 19 8 19 10 19 12 19 14 19 16 19 4 3 16 3 3 4 17 4 3 16 17 16 4 17 16 17
> BAT2 6 3 8 3 10 3 12 3 14 3 3 6 17 6 8 7 10 7 12 7 3 8 7 8 13 8 17 8 3 10 7 10 13 10 17 10 3 12 7 12 13 12 17 12 8 13 10 13 12 13 3 14 17 14 6 17 8 17 10 17 12 17 14 17
< RES 1637139332 14 2
< MOVE D D
> REQ 1637139332 15 2
> VAMPIRE 1 3 3 3 0 2 0
> VAMPIRE 4 2 19 3 1 2 0
> VAMPIRE 3 15 17 3 0 2 0
> VAMPIRE 2 17 1 3 0 2 0
> GRENADE 1 4 1 4 2
> GRENADE 3 16 15 4 2
> GRENADE 2 15 3 4 2
> BAT1 6 1 8 1 10 1 12 1 14 1 1 4 19 4 6 5 8 5 10 5 12 5 14 5 1 6 5 6 15 6 19 6 1 8 5 8 15 8 19 8 10 9 1 10 5 10 9 10 11 10 15 10 19 10 10 11 1 12 5 12 15 12 19 12 1 14 5 14 15 14 19 14 6 15 8 15 10 15 12 15 14 15 1 16 4 19 6 19 8 19 10 19 12 19 14 19 16 19 4 3 16 3 3 4 17 4 17 16 16 17
> BAT2 6 3 8 3 10 3 12 3 14 3 3 6 17 6 8 7 10 7 12 7 3 8 7 8 13 8 17 8 3 10 7 10 13 10 17 10 3 12 7 12 13 12 17 12 8 13 10 13 12 13 3 14 17 14 6 17 8 17 10 17 12 17 14 17
< RES 1637139332 15 2
> REQ 1637139332 16 2
> VAMPIRE 1 3 3 3 0 2 0
> VAMPIRE 4 3 18 3 0 2 0
> VAMPIRE 3 15 17 3 0 2 0
> VAMPIRE 2 17 1 3 0 2 0
> GRENADE 1 4 1 3 2
> GRENADE 3 16 15 3 2
> GRENADE 2 15 3 3 2
> GRENADE 4 2 19 5 2
> BAT1 6 1 8 1 10 1 12 1 14 1 1 4 19 4 6 5 8 5 10 5 12 5 14 5 1 6 5 6 15 6 19 6 1 8 5 8 15 8 19 8 10 9 1 10 5 10 9 10 11 10 15 10 19 10 10 11 1 12 5 12 15 12 19 12 1 14 5 14 15 14 19 14 6 15 8 15 10 15 12 15 14 15 1 16 4 19 6 19 8 19 10 19 12 19 14 19 16 19 4 3 16 3 3 4 17 4 17 16 16 17
> BAT2 6 3 8 3 10 3 12 3 14 3 3 6 17 6 8 7 10 7 12 7 3 8 7 8 13 8 17 8 3 10 7 10 13 10 17 10 3 12 7 12 13 12 17 12 8 13 10 13 12 13 3 14 17 14 6 17 8 17 10 17 12 17 14 17
< RES 1637139332 16 2
> REQ 1637139332 17 2
> VAMPIRE 1 3 3 3 0 2 0
> VAMPIRE 4 3 17 3 0 2 0
> VAMPIRE 3 15 17 3 0 2 0
> VAMPIRE 2 17 1 3 0 2 0
> GRENADE 1 4 1 2 2
> GRENADE 3 16 15 2 2
> GRENADE 2 15 3 2 2
> GRENADE 4 2 19 4 2
> BAT1 6 1 8 1 10 1 12 1 14 1 1 4 19 4 6 5 8 5 10 5 12 5 14 5 1 6 5 6 15 6 19 6 1 8 5 8 15 8 19 8 10 9 1 10 5 10 9 10 11 10 15 10 19 10 10 11 1 12 5 12 15 12 19 12 1 14 5 14 15 14 19 14 6 15 8 15 10 15 12 15 14 15 1 16 4 19 6 19 8 19 10 19 12 19 14 19 16 19 4 3 16 3 3 4 17 4 17 16 16 17
> BAT2 6 3 8 3 10 3 12 3 14 3 3 6 17 6 8 7 10 7 12 7 3 8 7 8 13 8 17 8 3 10 7 10 13 10 17 10 3 12 7 12 13 12 17 12 8 13 10 13 12 13 3 14 17 14 6 17 8 17 10 17 12 17 14 17
< RES 1637139332 17 2
> REQ 1637139332 18 2
> VAMPIRE 1 1 3 3 0 2 0
> VAMPIRE 4 3 17 3 0 2 0
> VAMPIRE 3 15 17 3 0 2 0
> VAMPIRE 2 17 1 3 0 2 0
> GRENADE 1 4 1 1 2
> GRENADE 3 16 15 1 2
> GRENADE 2 15 3 1 2
> GRENADE 4 2 19 3 2
> BAT1 6 1 8 1 10 1 12 1 14 1 1 4 19 4 6 5 8 5 10 5 12 5 14 5 1 6 5 6 15 6 19 6 1 8 5 8 15 8 19 8 10 9 1 10 5 10 9 10 11 10 15 10 19 10 10 11 1 12 5 12 15 12 19 12 1 14 5 14 15 14 19 14 6 15 8 15 10 15 12 15 14 15 1 16 4 19 6 19 8 19 10 19 12 19 14 19 16 19 4 3 16 3 3 4 17 4 17 16 16 17
> BAT2 6 3 8 3 10 3 12 3 14 3 3 6 17 6 8 7 10 7 12 7 3 8 7 8 13 8 17 8 3 10 7 10 13 10 17 10 3 12 7 12 13 12 17 12 8 13 10 13 12 13 3 14 17 14 6 17 8 17 10 17 12 17 14 17
< RES 1637139332 18 2
< MOVE U U
> REQ 1637139332 19 2
> VAMPIRE 1 3 3 3 1 2 0
> VAMPIRE 4 3 16 3 0 2 0
> VAMPIRE 3 15 17 3 1 2 0
> VAMPIRE 2 15 1 3 1 2 0
> GRENADE 4 2 19 2 2
> BAT1 8 1 10 1 12 1 14 1 1 4 19 4 6 5 8 5 10 5 12 5 14 5 1 6 5 6 15 6 19 6 1 8 5 8 15 8 19 8 10 9 1 10 5 10 9 10 11 10 15 10 19 10 10 11 1 12 5 12 15 12 19 12 1 14 5 14 15 14 19 14 6 15 8 15 10 15 12 15 1 16 4 19 6 19 8 19 10 19 12 19 14 19 16 19 4 3 14 3 3 4 17 4 17 16 16 17
> BAT2 6 3 8 3 10 3 12 3 3 6 17 6 8 7 10 7 12 7 3 8 7 8 13 8 17 8 3 10 7 10 13 10 17 10 3 12 7 12 13 12 17 12 8 13 10 13 12 13 3 14 17 14 6 17 8 17 10 17 12 17 14 17
< RES 1637139332 19 2
< GRENADE
< MOVE R R
> REQ 1637139332 20 2
> VAMPIRE 1 3 1 3 0 2 0
> VAMPIRE 4 2 15 3 0 2 0
> VAMPIRE 3 15 15 3 0 2 0
> VAMPIRE 2 15 3 3 0 2 0
> GRENADE 4 2 19 1 2
> GRENADE 1 3 3 5 2
> GRENADE 3 15 17 5 2
> GRENADE 2 15 1 5 2
> BAT1 8 1 10 1 12 1 14 1 1 4 19 4 6 5 8 5 10 5 12 5 14 5 1 6 5 6 15 6 19 6 1 8 5 8 15 8 19 8 10 9 1 10 5 10 9 10 11 10 15 10 19 10 10 11 1 12 5 12 15 12 19 12 1 14 5 14 15 14 19 14 6 15 8 15 10 15 12 15 1 16 4 19 6 19 8 19 10 19 12 19 14 19 16 19 4 3 14 3 3 4 17 4 17 16 16 17
> BAT2 6 3 8 3 10 3 12 3 3 6 17 6 8 7 10 7 12 7 3 8 7 8 13 8 17 8 3 10 7 10 13 10 17 10 3 12 7 12 13 12 17 12 8 13 10 13 12 13 3 14 17 14 6 17 8 17 10 17 12 17 14 17
< RES 1637139332 20 2
< MOVE D D
> REQ 1637139332 21 2
> VAMPIRE 1 5 1 3 0 2 0
> VAMPIRE 4 1 15 3 1 2 0
> VAMPIRE 3 13 15 3 0 2 0
> VAMPIRE 2 17 3 3 0 2 0
> GRENADE 1 3 3 4 2
> GRENADE 3 15 17 4 2
> GRENADE 2 15 1 4 2
> BAT1 8 1 10 1 12 1 14 1 1 4 19 4 6 5 8 5 10 5 12 5 14 5 1 6 5 6 15 6 19 6 1 8 5 8 15 8 19 8 10 9 1 10 5 10 9 10 11 10 15 10 19 10 10 11 1 12 5 12 15 12 19 12 1 14 5 14 15 14 19 14 6 15 8 15 10 15 12 15 1 16 6 19 8 19 10 19 12 19 14 19 16 19 4 3 14 3 3 4 17 4 17 16 16 17
> BAT2 6 3 8 3 10 3 12 3 3 6 17 6 8 7 10 7 12 7 3 8 7 8 13 8 17 8 3 10 7 10 13 10 17 10 3 12 7 12 13 12 17 12 8 13 10 13 12 13 3 14 17 14 6 17 8 17 10 17 12 17 14 17
< RES 1637139332 21 2
> REQ 1637139332 22 2
> VAMPIRE 1 5 1 3 0 2 0
> VAMPIRE 4 3 15 3 0 2 0
> VAMPIRE 3 13 15 3 0 2 0
> VAMPIRE 2 17 3 3 0 2 0
> GRENADE 1 3 3 3 2
> GRENADE 3 15 17 3 2
> GRENADE 2 15 1 3 2
> GRENADE 4 1 15 5 2
> BAT1 8 1 10 1 12 1 14 1 1 4 19 4 6 5 8 5 10 5 12 5 14 5 1 6 5 6 15 6 19 6 1 8 5 8 15 8 19 8 10 9 1 10 5 10 9 10 11 10 15 10 19 10 10 11 1 12 5 12 15 12 19 12 1 14 5 14 15 14 19 14 6 15 8 15 10 15 12 15 1 16 6 19 8 19 10 19 12 19 14 19 16 19 4 3 14 3 3 4 17 4 17 16 16 17
> BAT2 6 3 8 3 10 3 12 3 3 6 17 6 8 7 10 7 12 7 3 8 7 8 13 8 17 8 3 10 7 10 13 10 17 10 3 12 7 12 13 12 17 12 8 13 10 13 12 13 3 14 17 14 6 17 8 17 10 17 12 17 14 17
< RES 1637139332 22 2
> REQ 1637139332 23 2
> VAMPIRE 1 5 1 3 0 2 0
> VAMPIRE 4 3 17 3 0 2 0
> VAMPIRE 3 13 15 3 0 2 0
> VAMPIRE 2 17 3 3 0 2 0
> GRENADE 1 3 3 2 2
> GRENADE 3 15 17 2 2
> GRENADE 2 15 1 2 2
> GRENADE 4 1 15 4 2
> BAT1 8 1 10 1 12 1 14 1 1 4 19 4 6 5 8 5 10 5 12 5 14 5 1 6 5 6 15 6 19 6 1 8 5 8 15 8 19 8 10 9 1 10 5 10 9 10 11 10 15 10 19 10 10 11 1 12 5 12 15 12 19 12 1 14 5 14 15 14 19 14 6 15 8 15 10 15 12 15 1 16 6 19 8 19 10 19 12 19 14 19 16 19 4 3 14 3 3 4 17 4 17 16 16 17
> BAT2 6 3 8 3 10 3 12 3 3 6 17 6 8 7 10 7 12 7 3 8 7 8 13 8 17 8 3 10 7 10 13 10 17 10 3 12 7 12 13 12 17 12 8 13 10 13 12 13 3 14 17 14 6 17 8 17 10 17 12 17 14 17
< RES 1637139332 23 2
> REQ 1637139332 24 2
> VAMPIRE 1 5 1 3 0 2 0
> VAMPIRE 4 3 17 3 0 2 0
> VAMPIRE 3 13 13 3 0 2 0
> VAMPIRE 2 17 3 3 0 2 0
> GRENADE 1 3 3 1 2
> GRENADE 3 15 17 1 2
> GRENADE 2 15 1 1 2
> GRENADE 4 1 15 3 2
> BAT1 8 1 10 1 12 1 14 1 1 4 19 4 6 5 8 5 10 5 12 5 14 5 1 6 5 6 15 6 19 6 1 8 5 8 15 8 19 8 10 9 1 10 5 10 9 10 11 10 15 10 19 10 10 11 1 12 5 12 15 12 19 12 1 14 5 14 15 14 19 14 6 15 8 15 10 15 12 15 1 16 6 19 8 19 10 19 12 19 14 19 16 19 4 3 14 3 3 4 17 4 17 16 16 17
> BAT2 6 3 8 3 10 3 12 3 3 6 17 6 8 7 10 7 12 7 3 8 7 8 13 8 17 8 3 10 7 10 13 10 17 10 3 12 7 12 13 12 17 12 8 13 10 13 12 13 3 14 17 14 6 17 8 17 10 17 12 17 14 17
< RES 1637139332 24 2
< MOVE U U
> REQ 1637139332 25 2
> VAMPIRE 1 6 1 3 1 2 0
> VAMPIRE 4 5 17 3 0 2 0
> VAMPIRE 3 13 13 3 1 2 0
> VAMPIRE 2 15 3 3 1 2 0
> GRENADE 4 1 15 2 2
> BAT1 8 1 10 1 12 1 1 4 19 4 6 5 8 5 10 5 12 5 14 5 1 6 5 6 15 6 19 6 1 8 5 8 15 8 19 8 10 9 1 10 5 10 9 10 11 10 15 10 19 10 10 11 1 12 5 12 15 12 19 12 1 14 5 14 15 14 19 14 6 15 8 15 10 15 12 15 1 16 6 19 8 19 10 19 12 19 14 19 16 19 14 3 17 4 17 16 14 17
> BAT2 6 3 8 3 10 3 12 3 3 6 17 6 8 7 10 7 12 7 3 8 7 8 13 8 17 8 3 10 7 10 13 10 17 10 3 12 7 12 13 12 17 12 8 13 10 13 12 13 3 14 17 14 6 17 8 17 10 17 12 17
< RES 1637139332 25 2
< MOVE R R
> REQ 1637139332 26 2
> VAMPIRE 1 5 2 3 0 2 0
> VAMPIRE 4 5 17 3 0 2 0
> VAMPIRE 3 13 15 3 0 2 0
> VAMPIRE 2 15 5 3 1 2 0
> GRENADE 4 1 15 1 2
> GRENADE 1 6 1 5 2
> GRENADE 3 13 13 5 2
> BAT1 8 1 10 1 12 1 1 4 19 4 6 5 8 5 10 5 12 5 14 5 1 6 5 6 15 6 19 6 1 8 5 8 15 8 19 8 10 9 1 10 5 10 9 10 11 10 15 10 19 10 10 11 1 12 5 12 15 12 19 12 1 14 5 14 15 14 19 14 6 15 8 15 10 15 12 15 1 16 6 19 8 19 10 19 12 19 14 19 16 19 14 3 17 4 17 16 14 17
> BAT2 6 3 8 3 10 3 12 3 3 6 17 6 8 7 10 7 12 7 3 8 7 8 13 8 17 8 3 10 7 10 13 10 17 10 3 12 7 12 13 12 17 12 8 13 10 13 12 13 3 14 17 14 6 17 8 17 10 17 12 17
< RES 1637139332 26 2
< GRENADE
< MOVE L L
> REQ 1637139332 27 2
> VAMPIRE 1 5 3 3 0 2 0
> VAMPIRE 4 5 15 3 1 2 0
> VAMPIRE 3 15 15 3 0 2 0
> VAMPIRE 2 15 3 3 0 2 0
> GRENADE 1 6 1 4 2
> GRENADE 3 13 13 4 2
> GRENADE 2 15 5 5 2
> BAT1 8 1 10 1 12 1 1 4 19 4 6 5 8 5 10 5 12 5 14 5 1 6 5 6 15 6 19 6 1 8 5 8 15 8 19 8 10 9 1 10 5 10 9 10 11 10 15 10 19 10 10 11 1 12 5 12 15 12 19 12 5 14 15 14 19 14 6 15 8 15 10 15 12 15 6 19 8 19 10 19 12 19 14 19 16 19 14 3 17 4 17 16 14 17
> BAT2 6 3 8 3 10 3 12 3 3 6 17 6 8 7 10 7 12 7 3 8 7 8 13 8 17 8 3 10 7 10 13 10 17 10 3 12 7 12 13 12 17 12 8 13 10 13 12 13 3 14 17 14 6 17 8 17 10 17 12 17
< RES 1637139332 27 2
< MOVE D D
> REQ 1637139332 28 2
> VAMPIRE 1 3 3 3 0 2 0
> VAMPIRE 4 3 15 3 0 2 0
> VAMPIRE 3 15 15 3 0 2 0
> VAMPIRE 2 17 3 3 0 2 0
> GRENADE 1 6 1 3 2
> GRENADE 3 13 13 3 2
> GRENADE 2 15 5 4 2
> GRENADE 4 5 15 5 2
> BAT1 8 1 10 1 12 1 1 4 19 4 6 5 8 5 10 5 12 5 14 5 1 6 5 6 15 6 19 6 1 8 5 8 15 8 19 8 10 9 1 10 5 10 9 10 11 10 15 10 19 10 10 11 1 12 5 12 15 12 19 12 5 14 15 14 19 14 6 15 8 15 10 15 12 15 6 19 8 19 10 19 12 19 14 19 16 19 14 3 17 4 17 16 14 17
> BAT2 6 3 8 3 10 3 12 3 3 6 17 6 8 7 10 7 12 7 3 8 7 8 13 8 17 8 3 10 7 10 13 10 17 10 3 12 7 12 13 12 17 12 8 13 10 13 12 13 3 14 17 14 6 17 8 17 10 17 12 17
< RES 1637139332 28 2
> REQ 1637139332 29 2
> VAMPIRE 1 3 3 3 0 2 0
> VAMPIRE 4 3 17 3 0 2 0
> VAMPIRE 3 15 15 3 0 2 0
> VAMPIRE 2 17 3 3 0 2 0
> GRENADE 1 6 1 2 2
> GRENADE 3 13 13 2 2
> GRENADE 2 15 5 3 2
> GRENADE 4 5 15 4 2
> BAT1 8 1 10 1 12 1 1 4 19 4 6 5 8 5 10 5 12 5 14 5 1 6 5 6 15 6 19 6 1 8 5 8 15 8 19 8 10 9 1 10 5 10 9 10 11 10 15 10 19 10 10 11 1 12 5 12 15 12 19 12 5 14 15 14 19 14 6 15 8 15 10 15 12 15 6 19 8 19 10 19 12 19 14 19 16 19 14 3 17 4 17 16 14 17
> BAT2 6 3 8 3 10 3 12 3 3 6 17 6 8 7 10 7 12 7 3 8 7 8 13 8 17 8 3 10 7 10 13 10 17 10 3 12 7 12 13 12 17 12 8 13 10 13 12 13 3 14 17 14 6 17 8 17 10 17 12 17
< RES 1637139332 29 2
< MOVE L L
> REQ 1637139332 30 2
> VAMPIRE 1 5 3 3 0 2 0
> VAMPIRE 4 1 17 3 0 2 0
> VAMPIRE 3 15 15 3 0 2 0
> VAMPIRE 2 17 1 3 0 2 0
> GRENADE 1 6 1 1 2
> GRENADE 3 13 13 1 2
> GRENADE 2 15 5 2 2
> GRENADE 4 5 15 3 2
> BAT1 8 1 10 1 12 1 1 4 19 4 6 5 8 5 10 5 12 5 14 5 1 6 5 6 15 6 19 6 1 8 5 8 15 8 19 8 10 9 1 10 5 10 9 10 11 10 15 10 19 10 10 11 1 12 5 12 15 12 19 12 5 14 15 14 19 14 6 15 8 15 10 15 12 15 6 19 8 19 10 19 12 19 14 19 16 19 14 3 17 4 17 16 14 17
> BAT2 6 3 8 3 10 3 12 3 3 6 17 6 8 7 10 7 12 7 3 8 7 8 13 8 17 8 3 10 7 10 13 10 17 10 3 12 7 12 13 12 17 12 8 13 10 13 12 13 3 14 17 14 6 17 8 17 10 17 12 17
< RES 1637139332 30 2
< MOVE U U
> REQ 1637139332 31 2
> VAMPIRE 1 5 5 3 1 2 0
> VAMPIRE 4 1 15 3 0 2 0
> VAMPIRE 3 13 15 3 1 2 0
> VAMPIRE 2 15 1 3 0 2 0
> GRENADE 2 15 5 1 2
> GRENADE 4 5 15 2 2
> BAT1 10 1 12 1 1 4 19 4 6 5 8 5 10 5 12 5 14 5 1 6 5 6 15 6 19 6 1 8 5 8 15 8 19 8 10 9 1 10 5 10 9 10 11 10 15 10 19 10 10 11 1 12 5 12 15 12 19 12 5 14 15 14 19 14 6 15 8 15 10 15 12 15 6 19 8 19 10 19 12 19 14 19 16 19 14 3 17 4 13 12 12 13 17 16 14 17
> BAT2 6 3 8 3 10 3 12 3 3 6 17 6 8 7 10 7 12 7 3 8 7 8 13 8 17 8 3 10 7 10 13 10 17 10 3 12 7 12 17 12 8 13 10 13 3 14 17 14 6 17 8 17 10 17 12 17
< RES 1637139332 31 2
< MOVE U U
> REQ 1637139332 32 2
> VAMPIRE 1 3 5 3 0 2 0
> VAMPIRE 4 1 13 3 0 2 0
> VAMPIRE 3 13 13 3 1 2 0
> VAMPIRE 2 13 1 3 1 2 0
> GRENADE 4 5 15 1 2
> GRENADE 1 5 5 5 2
> BAT1 10 1 12 1 1 4 19 4 6 5 8 5 10 5 12 5 1 6 5 6 19 6 1 8 5 8 15 8 19 8 10 9 1 10 5 10 9 10 11 10 15 10 19 10 10 11 1 12 5 12 15 12 19 12 5 14 15 14 19 14 6 15 8 15 10 15 12 15 6 19 8 19 10 19 12 19 14 19 16 19 14 3 17 4 13 12 12 13 17 16 14 17
> BAT2 6 3 8 3 10 3 12 3 3 6 17 6 8 7 10 7 12 7 3 8 7 8 13 8 17 8 3 10 7 10 13 10 17 10 3 12 7 12 17 12 8 13 10 13 3 14 17 14 6 17 8 17 10 17 12 17
< RES 1637139332 32 2
< GRENADE
< MOVE D D
> REQ 1637139332 33 2
> VAMPIRE 1 3 3 3 0 2 0
> VAMPIRE 4 3 13 3 1 2 0
> VAMPIRE 3 13 15 3 0 2 0
> VAMPIRE 2 15 1 3 0 2 0
> GRENADE 1 5 5 4 2
> GRENADE 3 13 13 5 2
> GRENADE 2 13 1 5 2
> BAT1 10 1 12 1 1 4 19 4 6 5 8 5 10 5 12 5 1 6 5 6 19 6 1 8 5 8 15 8 19 8 10 9 1 10 5 10 9 10 11 10 15 10 19 10 10 11 1 12 5 12 15 12 19 12 15 14 19 14 8 15 10 15 12 15 6 19 8 19 10 19 12 19 14 19 16 19 14 3 17 4 13 12 12 13 17 16 14 17
> BAT2 6 3 8 3 10 3 12 3 3 6 17 6 8 7 10 7 12 7 3 8 7 8 13 8 17 8 3 10 7 10 13 10 17 10 3 12 7 12 17 12 8 13 10 13 3 14 17 14 6 17 8 17 10 17 12 17
< RES 1637139332 33 2
< MOVE R R
> REQ 1637139332 34 2
> VAMPIRE 1 3 1 3 0 2 0
> VAMPIRE 4 5 13 3 0 2 0
> VAMPIRE 3 15 15 3 0 2 0
> VAMPIRE 2 15 3 3 0 2 0
> GRENADE 1 5 5 3 2
> GRENADE 3 13 13 4 2
> GRENADE 2 13 1 4 2
> GRENADE 4 3 13 5 2
> BAT1 10 1 12 1 1 4 19 4 6 5 8 5 10 5 12 5 1 6 5 6 19 6 1 8 5 8 15 8 19 8 10 9 1 10 5 10 9 10 11 10 15 10 19 10 10 11 1 12 5 12 15 12 19 12 15 14 19 14 8 15 10 15 12 15 6 19 8 19 10 19 12 19 14 19 16 19 14 3 17 4 13 12 12 13 17 16 14 17
> BAT2 6 3 8 3 10 3 12 3 3 6 17 6 8 7 10 7 12 7 3 8 7 8 13 8 17 8 3 10 7 10 13 10 17 10 3 12 7 12 17 12 8 13 10 13 3 14 17 14 6 17 8 17 10 17 12 17
< RES 1637139332 34 2
< MOVE R R
> REQ 1637139332 35 2
> VAMPIRE 1 5 1 3 0 2 0
> VAMPIRE 4 5 15 3 0 2 0
> VAMPIRE 3 15 15 3 0 2 0
> VAMPIRE 2 15 5 3 0 2 0
> GRENADE 1 5 5 2 2
> GRENADE 3 13 13 3 2
> GRENADE 2 13 1 3 2
> GRENADE 4 3 13 4 2
> BAT1 10 1 12 1 1 4 19 4 6 5 8 5 10 5 12 5 1 6 5 6 19 6 1 8 5 8 15 8 19 8 10 9 1 10 5 10 9 10 11 10 15 10 19 10 10 11 1 12 5 12 15 12 19 12 15 14 19 14 8 15 10 15 12 15 6 19 8 19 10 19 12 19 14 19 16 19 14 3 17 4 13 12 12 13 17 16 14 17
> BAT2 6 3 8 3 10 3 12 3 3 6 17 6 8 7 10 7 12 7 3 8 7 8 13 8 17 8 3 10 7 10 13 10 17 10 3 12 7 12 17 12 8 13 10 13 3 14 17 14 6 17 8 17 10 17 12 17
< RES 1637139332 35 2
< MOVE U U
> REQ 1637139332 36 2
> VAMPIRE 1 7 1 3 0 2 0
> VAMPIRE 4 5 15 3 0 2 0
> VAMPIRE 3 15 15 3 0 2 0
> VAMPIRE 2 13 5 3 0 2 0
> GRENADE 1 5 5 1 2
> GRENADE 3 13 13 2 2
> GRENADE 2 13 1 2 2
> GRENADE 4 3 13 3 2
> BAT1 10 1 12 1 1 4 19 4 6 5 8 5 10 5 12 5 1 6 5 6 19 6 1 8 5 8 15 8 19 8 10 9 1 10 5 10 9 10 11 10 15 10 19 10 10 11 1 12 5 12 15 12 19 12 15 14 19 14 8 15 10 15 12 15 6 19 8 19 10 19 12 19 14 19 16 19 14 3 17 4 13 12 12 13 17 16 14 17
> BAT2 6 3 8 3 10 3 12 3 3 6 17 6 8 7 10 7 12 7 3 8 7 8 13 8 17 8 3 10 7 10 13 10 17 10 3 12 7 12 17 12 8 13 10 13 3 14 17 14 6 17 8 17 10 17 12 17
< RES 1637139332 36 2
> REQ 1637139332 37 2
> VAMPIRE 1 8 1 3 1 2 0
> VAMPIRE 4 5 15 3 0 2 0
> VAMPIRE 3 15 15 3 0 2 0
> VAMPIRE 2 13 5 3 0 2 0
> GRENADE 3 13 13 1 2
> GRENADE 2 13 1 1 2
> GRENADE 4 3 13 2 2
> BAT1 10 1 12 1 1 4 19 4 8 5 10 5 12 5 1 6 19 6 1 8 5 8 15 8 19 8 10 9 1 10 5 10 9 10 11 10 15 10 19 10 10 11 1 12 5 12 15 12 19 12 15 14 19 14 8 15 10 15 12 15 6 19 8 19 10 19 12 19 14 19 16 19 14 3 17 4 13 12 12 13 17 16 14 17
> BAT2 6 3 8 3 10 3 12 3 3 6 17 6 8 7 10 7 12 7 3 8 7 8 13 8 17 8 3 10 7 10 13 10 17 10 3 12 7 12 17 12 8 13 10 13 3 14 17 14 6 17 8 17 10 17 12 17
< RES 1637139332 37 2
< MOVE L L
> REQ 1637139332 38 2
> VAMPIRE 1 7 2 3 0 2 0
> VAMPIRE 4 5 15 3 0 2 0
> VAMPIRE 3 17 15 3 1 2 0
> VAMPIRE 2 13 3 3 1 2 0
> GRENADE 4 3 13 1 2
> GRENADE 1 8 1 5 2
> BAT1 10 1 1 4 19 4 8 5 10 5 12 5 1 6 19 6 1 8 5 8 15 8 19 8 10 9 1 10 5 10 9 10 11 10 15 10 19 10 10 11 1 12 5 12 15 12 19 12 15 14 19 14 8 15 10 15 12 15 6 19 8 19 10 19 12 19 14 19 16 19 14 3 17 4 17 16 14 17
> BAT2 6 3 8 3 10 3 12 3 3 6 17 6 8 7 10 7 12 7 3 8 7 8 13 8 17 8 3 10 7 10 13 10 17 10 3 12 7 12 17 12 8 13 10 13 3 14 17 14 6 17 8 17 10 17 12 17
< RES 1637139332 38 2
< GRENADE
< MOVE R R
> REQ 1637139332 39 2
> VAMPIRE 1 7 3 3 0 2 0
> VAMPIRE 4 5 13 3 1 2 0
> VAMPIRE 3 15 15 3 0 2 0
> VAMPIRE 2 13 5 3 0 2 0
> GRENADE 1 8 1 4 2
> GRENADE 3 17 15 5 2
> GRENADE 2 13 3 5 2
> BAT1 10 1 1 4 19 4 8 5 10 5 12 5 1 6 19 6 1 8 5 8 15 8 19 8 10 9 1 10 5 10 9 10 11 10 15 10 19 10 10 11 1 12 5 12 15 12 19 12 15 14 19 14 8 15 10 15 12 15 6 19 8 19 10 19 12 19 14 19 16 19 14 3 17 4 3 12 3 14 17 16 14 17
> BAT2 6 3 8 3 10 3 12 3 3 6 17 6 8 7 10 7 12 7 3 8 7 8 13 8 17 8 3 10 7 10 13 10 17 10 7 12 17 12 8 13 10 13 17 14 6 17 8 17 10 17 12 17
< RES 1637139332 39 2
< MOVE D D
> REQ 1637139332 40 2
> VAMPIRE 1 7 5 3 0 2 0
> VAMPIRE 4 3 13 3 1 2 0
> VAMPIRE 3 13 15 3 0 2 0
> VAMPIRE 2 15 5 3 0 2 0
> GRENADE 1 8 1 3 2
> GRENADE 3 17 15 4 2
> GRENADE 2 13 3 4 2
> BAT1 10 1 1 4 19 4 8 5 10 5 12 5 1 6 19 6 1 8 5 8 15 8 19 8 10 9 1 10 5 10 9 10 11 10 15 10 19 10 10 11 1 12 5 12 15 12 19 12 15 14 19 14 8 15 10 15 12 15 6 19 8 19 10 19 12 19 14 19 16 19 14 3 17 4 3 12 3 14 17 16 14 17
> BAT2 6 3 8 3 10 3 12 3 3 6 17 6 8 7 10 7 12 7 3 8 7 8 13 8 17 8 3 10 7 10 13 10 17 10 7 12 17 12 8 13 10 13 17 14 6 17 8 17 10 17 12 17
< RES 1637139332 40 2
> REQ 1637139332 41 2
> VAMPIRE 1 7 5 3 0 2 0
> VAMPIRE 4 5 13 3 0 2 0
> VAMPIRE 3 13 13 3 0 2 0
> VAMPIRE 2 15 5 3 0 2 0
> GRENADE 1 8 1 2 2
> GRENADE 3 17 15 3 2
> GRENADE 2 13 3 3 2
> GRENADE 4 3 13 5 2
> BAT1 10 1 1 4 19 4 8 5 10 5 12 5 1 6 19 6 1 8 5 8 15 8 19 8 10 9 1 10 5 10 9 10 11 10 15 10 19 10 10 11 1 12 5 12 15 12 19 12 15 14 19 14 8 15 10 15 12 15 6 19 8 19 10 19 12 19 14 19 16 19 14 3 17 4 3 12 3 14 17 16 14 17
> BAT2 6 3 8 3 10 3 12 3 3 6 17 6 8 7 10 7 12 7 3 8 7 8 13 8 17 8 3 10 7 10 13 10 17 10 7 12 17 12 8 13 10 13 17 14 6 17 8 17 10 17 12 17
< RES 1637139332 41 2
> REQ 1637139332 42 2
> VAMPIRE 1 7 5 3 0 2 0
> VAMPIRE 4 5 15 3 0 2 0
> VAMPIRE 3 11 13 3 0 2 0
> VAMPIRE 2 15 5 3 0 2 0
> GRENADE 1 8 1 1 2
> GRENADE 3 17 15 2 2
> GRENADE 2 13 3 2 2
> GRENADE 4 3 13 4 2
> BAT1 10 1 1 4 19 4 8 5 10 5 12 5 1 6 19 6 1 8 5 8 15 8 19 8 10 9 1 10 5 10 9 10 11 10 15 10 19 10 10 11 1 12 5 12 15 12 19 12 15 14 19 14 8 15 10 15 12 15 6 19 8 19 10 19 12 19 14 19 16 19 14 3 17 4 3 12 3 14 17 16 14 17
> BAT2 6 3 8 3 10 3 12 3 3 6 17 6 8 7 10 7 12 7 3 8 7 8 13 8 17 8 3 10 7 10 13 10 17 10 7 12 17 12 8 13 10 13 17 14 6 17 8 17 10 17 12 17
< RES 1637139332 42 2
< MOVE R R
> REQ 1637139332 43 2
> VAMPIRE 1 7 3 3 1 2 0
> VAMPIRE 4 5 15 3 0 2 0
> VAMPIRE 3 11 13 3 0 2 0
> VAMPIRE 2 15 7 3 0 2 0
> GRENADE 3 17 15 1 2
> GRENADE 2 13 3 1 2
> GRENADE 4 3 13 3 2
> BAT1 1 4 19 4 8 5 10 5 12 5 1 6 19 6 1 8 5 8 15 8 19 8 10 9 1 10 5 10 9 10 11 10 15 10 19 10 10 11 1 12 5 12 15 12 19 12 15 14 19 14 8 15 10 15 12 15 6 19 8 19 10 19 12 19 14 19 16 19 14 3 17 4 3 12 3 14 17 16 14 17
> BAT2 6 3 8 3 10 3 12 3 3 6 17 6 8 7 10 7 12 7 3 8 7 8 13 8 17 8 3 10 7 10 13 10 17 10 7 12 17 12 8 13 10 13 17 14 6 17 8 17 10 17 12 17
< RES 1637139332 43 2
< MOVE U U
> REQ 1637139332 44 2
> VAMPIRE 1 7 5 3 0 2 0
> VAMPIRE 4 5 15 3 0 2 0
> VAMPIRE 3 11 11 3 1 2 0
> VAMPIRE 2 13 7 3 1 2 0
> GRENADE 4 3 13 2 2
> GRENADE 1 7 3 5 2
> BAT1 1 4 19 4 8 5 10 5 12 5 1 6 19 6 1 8 5 8 15 8 19 8 10 9 1 10 5 10 9 10 11 10 15 10 19 10 10 11 1 12 5 12 15 12 19 12 15 14 19 14 8 15 10 15 12 15 6 19 8 19 10 19 12 19 14 19 16 19 12 3 17 4 3 12 3 14 17 14 14 17
> BAT2 6 3 8 3 10 3 3 6 17 6 8 7 10 7 12 7 3 8 7 8 13 8 17 8 3 10 7 10 13 10 17 10 7 12 17 12 8 13 10 13 6 17 8 17 10 17 12 17
< RES 1637139332 44 2
< GRENADE
< MOVE D D
> REQ 1637139332 45 2
> VAMPIRE 1 5 5 3 0 2 0
> VAMPIRE 4 5 15 3 0 2 0
> VAMPIRE 3 13 11 3 0 2 0
> VAMPIRE 2 15 7 3 0 2 0
> GRENADE 4 3 13 1 2
> GRENADE 1 7 3 4 2
> GRENADE 3 11 11 5 2
> GRENADE 2 13 7 5 2
> BAT1 1 4 19 4 8 5 10 5 12 5 1 6 19 6 1 8 5 8 15 8 19 8 10 9 1 10 5 10 9 10 11 10 15 10 19 10 10 11 1 12 5 12 15 12 19 12 15 14 19 14 8 15 10 15 12 15 6 19 8 19 10 19 12 19 14 19 16 19 12 3 17 4 3 12 3 14 17 14 14 17
> BAT2 6 3 8 3 10 3 3 6 17 6 8 7 10 7 12 7 3 8 7 8 13 8 17 8 3 10 7 10 13 10 17 10 7 12 17 12 8 13 10 13 6 17 8 17 10 17 12 17
< RES 1637139332 45 2
< MOVE L L
> REQ 1637139332 46 2
> VAMPIRE 1 5 5 3 0 2 0
> VAMPIRE 4 7 15 3 1 2 0
> VAMPIRE 3 13 13 3 0 2 0
> VAMPIRE 2 15 5 3 0 2 0
> GRENADE 1 7 3 3 2
> GRENADE 3 11 11 4 2
> GRENADE 2 13 7 4 2
> BAT1 1 4 19 4 8 5 10 5 12 5 1 6 19 6 1 8 5 8 15 8 19 8 10 9 1 10 5 10 9 10 11 10 15 10 19 10 10 11 1 12 5 12 15 12 19 12 15 14 19 14 8 15 10 15 12 15 6 19 8 19 10 19 12 19 14 19 16 19 12 3 17 4 17 14 14 17
> BAT2 6 3 8 3 10 3 3 6 17 6 8 7 10 7 12 7 3 8 7 8 13 8 17 8 3 10 7 10 13 10 17 10 7 12 17 12 8 13 10 13 6 17 8 17 10 17 12 17
< RES 1637139332 46 2
> REQ 1637139332 47 2
> VAMPIRE 1 5 5 3 0 2 0
> VAMPIRE 4 7 13 3 1 2 0
> VAMPIRE 3 13 13 3 0 2 0
> VAMPIRE 2 15 5 3 0 2 0
> GRENADE 1 7 3 2 2
> GRENADE 3 11 11 3 2
> GRENADE 2 13 7 3 2
> BAT1 1 4 19 4 8 5 10 5 12 5 1 6 19 6 1 8 5 8 15 8 19 8 10 9 1 10 5 10 9 10 11 10 15 10 19 10 10 11 1 12 5 12 15 12 19 12 15 14 19 14 8 15 10 15 12 15 6 19 8 19 10 19 12 19 14 19 16 19 12 3 17 4 17 14 14 17
> BAT2 6 3 8 3 10 3 3 6 17 6 8 7 10 7 12 7 3 8 7 8 13 8 17 8 3 10 7 10 13 10 17 10 7 12 17 12 8 13 10 13 6 17 8 17 10 17 12 17
< RES 1637139332 47 2
< MOVE D D
> REQ 1637139332 48 2
> VAMPIRE 1 5 7 3 0 2 0
> VAMPIRE 4 5 13 3 0 2 0
> VAMPIRE 3 13 12 3 0 2 0
> VAMPIRE 2 17 5 3 0 2 0
> GRENADE 1 7 3 1 2
> GRENADE 3 11 11 2 2
> GRENADE 2 13 7 2 2
> GRENADE 4 7 13 5 2
> BAT1 1 4 19 4 8 5 10 5 12 5 1 6 19 6 1 8 5 8 15 8 19 8 10 9 1 10 5 10 9 10 11 10 15 10 19 10 10 11 1 12 5 12 15 12 19 12 15 14 19 14 8 15 10 15 12 15 6 19 8 19 10 19 12 19 14 19 16 19 12 3 17 4 17 14 14 17
> BAT2 6 3 8 3 10 3 3 6 17 6 8 7 10 7 12 7 3 8 7 8 13 8 17 8 3 10 7 10 13 10 17 10 7 12 17 12 8 13 10 13 6 17 8 17 10 17 12 17
< RES 1637139332 48 2
> REQ 1637139332 49 2
> VAMPIRE 1 3 7 3 1 2 0
> VAMPIRE 4 3 13 3 0 2 0
> VAMPIRE 3 14 13 3 0 2 0
> VAMPIRE 2 17 5 3 0 2 0
> GRENADE 3 11 11 1 2
> GRENADE 2 13 7 1 2
> GRENADE 4 7 13 4 2
> BAT1 1 4 19 4 8 5 10 5 12 5 1 6 19 6 1 8 5 8 15 8 19 8 10 9 1 10 5 10 9 10 11 10 15 10 19 10 10 11 1 12 5 12 15 12 19 12 15 14 19 14 8 15 10 15 12 15 6 19 8 19 10 19 12 19 14 19 16 19 6 3 8 3 12 3 17 4 17 14 14 17
> BAT2 10 3 3 6 17 6 8 7 10 7 12 7 3 8 7 8 13 8 17 8 3 10 7 10 13 10 17 10 7 12 17 12 8 13 10 13 6 17 8 17 10 17 12 17
< RES 1637139332 49 2
> REQ 1637139332 50 2
> VAMPIRE 1 5 7 3 0 2 0
> VAMPIRE 4 3 13 3 0 2 0
> VAMPIRE 3 15 13 3 1 2 0
> VAMPIRE 2 17 5 3 1 2 0
> GRENADE 4 7 13 3 2
> GRENADE 1 3 7 5 2
> BAT1 1 4 19 4 8 5 10 5 12 5 1 6 19 6 1 8 5 8 15 8 19 8 10 9 1 10 5 10 9 10 15 10 19 10 1 12 5 12 15 12 19 12 15 14 19 14 8 15 10 15 12 15 6 19 8 19 10 19 12 19 14 19 16 19 6 3 8 3 12 3 17 4 12 7 13 8 17 14 14 17
> BAT2 10 3 3 6 17 6 8 7 10 7 3 8 7 8 17 8 3 10 7 10 13 10 17 10 7 12 17 12 8 13 10 13 6 17 8 17 10 17 12 17
< RES 1637139332 50 2
< GRENADE
< MOVE U U
> REQ 1637139332 51 2
> VAMPIRE 1 5 5 3 0 2 0
> VAMPIRE 4 3 13 3 0 2 0
> VAMPIRE 3 13 13 3 0 2 0
> VAMPIRE 2 15 5 3 0 2 0
> GRENADE 4 7 13 2 2
> GRENADE 1 3 7 4 2
> GRENADE 3 15 13 5 2
> GRENADE 2 17 5 5 2
> BAT1 1 4 19 4 8 5 10 5 12 5 1 6 19 6 1 8 5 8 15 8 19 8 10 9 1 10 5 10 9 10 15 10 19 10 1 12 5 12 15 12 19 12 15 14 19 14 8 15 10 15 12 15 6 19 8 19 10 19 12 19 14 19 16 19 6 3 8 3 12 3 17 4 12 7 13 8 17 14 14 17
> BAT2 10 3 3 6 17 6 8 7 10 7 3 8 7 8 17 8 3 10 7 10 13 10 17 10 7 12 17 12 8 13 10 13 6 17 8 17 10 17 12 17
< RES 1637139332 51 2
< MOVE L L
> REQ 1637139332 52 2
> VAMPIRE 1 5 5 3 0 2 0
> VAMPIRE 4 3 11 3 0 2 0
> VAMPIRE 3 11 13 3 0 2 0
> VAMPIRE 2 15 3 3 0 2 0
> GRENADE 4 7 13 1 2
> GRENADE 1 3 7 3 2
> GRENADE 3 15 13 4 2
> GRENADE 2 17 5 4 2
> BAT1 1 4 19 4 8 5 10 5 12 5 1 6 19 6 1 8 5 8 15 8 19 8 10 9 1 10 5 10 9 10 15 10 19 10 1 12 5 12 15 12 19 12 15 14 19 14 8 15 10 15 12 15 6 19 8 19 10 19 12 19 14 19 16 19 6 3 8 3 12 3 17 4 12 7 13 8 17 14 14 17
> BAT2 10 3 3 6 17 6 8 7 10 7 3 8 7 8 17 8 3 10 7 10 13 10 17 10 7 12 17 12 8 13 10 13 6 17 8 17 10 17 12 17
< RES 1637139332 52 2
> REQ 1637139332 53 2
> VAMPIRE 1 5 5 3 0 2 0
> VAMPIRE 4 5 11 3 1 2 0
> VAMPIRE 3 11 11 3 0 2 0
> VAMPIRE 2 15 3 3 0 2 0
> GRENADE 1 3 7 2 2
> GRENADE 3 15 13 3 2
> GRENADE 2 17 5 3 2
> BAT1 1 4 19 4 8 5 10 5 12 5 1 6 19 6 1 8 5 8 15 8 19 8 10 9 1 10 5 10 9 10 15 10 19 10 1 12 5 12 15 12 19 12 15 14 19 14 8 15 10 15 12 15 6 19 8 19 10 19 12 19 14 19 16 19 6 3 8 3 12 3 17 4 12 7 13 8 7 12 8 13 17 14 14 17
> BAT2 10 3 3 6 17 6 8 7 10 7 3 8 7 8 17 8 3 10 7 10 13 10 17 10 17 12 10 13 6 17 8 17 10 17 12 17
< RES 1637139332 53 2
< MOVE U U
> REQ 1637139332 54 2
> VAMPIRE 1 7 5 3 0 2 0
> VAMPIRE 4 3 11 3 0 2 0
> VAMPIRE 3 11 11 3 0 2 0
> VAMPIRE 2 13 3 3 0 2 0
> GRENADE 1 3 7 1 2
> GRENADE 3 15 13 2 2
> GRENADE 2 17 5 2 2
> GRENADE 4 5 11 5 2
> BAT1 1 4 19 4 8 5 10 5 12 5 1 6 19 6 1 8 5 8 15 8 19 8 10 9 1 10 5 10 9 10 15 10 19 10 1 12 5 12 15 12 19 12 15 14 19 14 8 15 10 15 12 15 6 19 8 19 10 19 12 19 14 19 16 19 6 3 8 3 12 3 17 4 12 7 13 8 7 12 8 13 17 14 14 17
> BAT2 10 3 3 6 17 6 8 7 10 7 3 8 7 8 17 8 3 10 7 10 13 10 17 10 17 12 10 13 6 17 8 17 10 17 12 17
< RES 1637139332 54 2
< MOVE R R
> REQ 1637139332 55 2
> VAMPIRE 1 7 3 3 1 2 0
> VAMPIRE 4 3 13 3 0 2 0
> VAMPIRE 3 9 11 3 0 2 0
> VAMPIRE 2 13 5 3 0 2 0
> GRENADE 3 15 13 1 2
> GRENADE 2 17 5 1 2
> GRENADE 4 5 11 4 2
> BAT1 1 4 19 4 8 5 10 5 12 5 1 6 19 6 1 8 5 8 15 8 19 8 10 9 1 10 5 10 9 10 15 10 19 10 1 12 5 12 15 12 19 12 15 14 19 14 8 15 10 15 12 15 6 19 8 19 10 19 12 19 14 19 16 19 6 3 8 3 12 3 17 4 3 6 12 7 3 8 13 8 7 12 8 13 17 14 14 17
> BAT2 10 3 17 6 8 7 10 7 7 8 17 8 3 10 7 10 13 10 17 10 17 12 10 13 6 17 8 17 10 17 12 17
< RES 1637139332 55 2
< MOVE R R
> REQ 1637139332 56 2
> VAMPIRE 1 7 5 3 0 2 0
> VAMPIRE 4 3 13 3 0 2 0
> VAMPIRE 3 7 11 3 1 2 0
> VAMPIRE 2 13 7 3 1 2 0
> GRENADE 4 5 11 3 2
> GRENADE 1 7 3 5 2
> BAT1 1 4 19 4 8 5 10 5 12 5 1 6 19 6 1 8 5 8 15 8 19 8 10 9 1 10 5 10 9 10 15 10 19 10 1 12 5 12 19 12 19 14 8 15 10 15 12 15 6 19 8 19 10 19 12 19 14 19 16 19 6 3 8 3 12 3 3 6 17 6 12 7 3 8 13 8 7 12 8 13 17 14 14 17
> BAT2 10 3 8 7 10 7 7 8 17 8 3 10 7 10 13 10 17 10 17 12 10 13 6 17 8 17 10 17 12 17
< RES 1637139332 56 2
< GRENADE
< MOVE D D
> REQ 1637139332 57 2
> VAMPIRE 1 5 5 3 0 2 0
> VAMPIRE 4 3 12 3 0 2 0
> VAMPIRE 3 9 11 3 0 2 0
> VAMPIRE 2 15 7 3 0 2 0
> GRENADE 4 5 11 2 2
> GRENADE 1 7 3 4 2
> GRENADE 3 7 11 5 2
> GRENADE 2 13 7 5 2
> BAT1 1 4 19 4 8 5 10 5 12 5 1 6 19 6 1 8 5 8 15 8 19 8 10 9 1 10 5 10 9 10 15 10 19 10 1 12 5 12 19 12 19 14 8 15 10 15 12 15 6 19 8 19 10 19 12 19 14 19 16 19 6 3 8 3 12 3 3 6 17 6 12 7 3 8 13 8 7 12 8 13 17 14 14 17
> BAT2 10 3 8 7 10 7 7 8 17 8 3 10 7 10 13 10 17 10 17 12 10 13 6 17 8 17 10 17 12 17
< RES 1637139332 57 2
< MOVE L L
> REQ 1637139332 58 2
> VAMPIRE 1 3 5 3 0 2 0
> VAMPIRE 4 3 13 3 0 2 0
> VAMPIRE 3 9 13 3 0 2 0
> VAMPIRE 2 15 5 3 0 2 0
> GRENADE 4 5 11 1 2
> GRENADE 1 7 3 3 2
> GRENADE 3 7 11 4 2
> GRENADE 2 13 7 4 2
> BAT1 1 4 19 4 8 5 10 5 12 5 1 6 19 6 1 8 5 8 15 8 19 8 10 9 1 10 5 10 9 10 15 10 19 10 1 12 5 12 19 12 19 14 8 15 10 15 12 15 6 19 8 19 10 19 12 19 14 19 16 19 6 3 8 3 12 3 3 6 17 6 12 7 3 8 13 8 7 12 8 13 17 14 14 17
> BAT2 10 3 8 7 10 7 7 8 17 8 3 10 7 10 13 10 17 10 17 12 10 13 6 17 8 17 10 17 12 17
< RES 1637139332 58 2
> REQ 1637139332 59 2
> VAMPIRE 1 3 3 3 0 2 0
> VAMPIRE 4 3 12 3 1 2 0
> VAMPIRE 3 9 13 3 1 2 0
> VAMPIRE 2 15 5 3 0 2 0
> GRENADE 1 7 3 2 2
> GRENADE 2 13 7 3 2
> BAT1 1 4 19 4 8 5 10 5 12 5 1 6 19 6 1 8 5 8 15 8 19 8 10 9 1 10 9 10 15 10 19 10 1 12 19 12 19 14 8 15 10 15 12 15 6 19 8 19 10 19 12 19 14 19 16 19 6 3 8 3 12 3 3 6 17 6 12 7 3 8 13 8 7 10 8 13 17 14 14 17
> BAT2 10 3 8 7 10 7 7 8 17 8 3 10 13 10 17 10 17 12 10 13 6 17 8 17 10 17 12 17
< RES 1637139332 59 2
< MOVE R
> REQ 1637139332 60 2
> VAMPIRE 1 1 3 3 0 2 0
> VAMPIRE 4 4 11 3 0 2 0
> VAMPIRE 3 9 11 3 0 2 0
> VAMPIRE 2 15 6 3 0 2 0
> GRENADE 1 7 3 1 2
> GRENADE 2 13 7 2 2
> GRENADE 4 3 12 5 2
> GRENADE 3 9 13 5 2
> BAT1 1 4 19 4 8 5 10 5 12 5 1 6 19 6 1 8 5 8 15 8 19 8 10 9 1 10 9 10 15 10 19 10 1 12 19 12 19 14 8 15 10 15 12 15 6 19 8 19 10 19 12 19 14 19 16 19 6 3 8 3 12 3 3 6 17 6 12 7 3 8 13 8 7 10 8 13 17 14 14 17
> BAT2 10 3 8 7 10 7 7 8 17 8 3 10 13 10 17 10 17 12 10 13 6 17 8 17 10 17 12 17
< RES 1637139332 60 2
< MOVE L
> REQ 1637139332 61 2
> VAMPIRE 1 1 2 3 1 2 0
> VAMPIRE 4 5 11 3 0 2 0
> VAMPIRE 3 11 11 3 0 2 0
> VAMPIRE 2 15 5 3 0 2 0
> GRENADE 2 13 7 1 2
> GRENADE 4 3 12 4 2
> GRENADE 3 9 13 4 2
> BAT1 1 4 19 4 8 5 10 5 12 5 1 6 19 6 1 8 5 8 15 8 19 8 10 9 1 10 9 10 15 10 19 10 1 12 19 12 19 14 8 15 10 15 12 15 6 19 8 19 10 19 12 19 14 19 16 19 12 3 3 6 17 6 12 7 3 8 13 8 7 10 8 13 17 14 14 17
> BAT2 10 3 8 7 10 7 7 8 17 8 3 10 13 10 17 10 17 12 10 13 6 17 8 17 10 17 12 17
< RES 1637139332 61 2
< MOVE R R
> REQ 1637139332 62 2
> VAMPIRE 1 2 3 3 0 2 0
> VAMPIRE 4 5 11 3 0 2 0
> VAMPIRE 3 11 11 3 0 2 0
> VAMPIRE 2 15 7 3 1 2 0
> GRENADE 4 3 12 3 2
> GRENADE 3 9 13 3 2
> GRENADE 1 1 2 5 2
> BAT1 1 4 19 4 8 5 10 5 12 5 1 6 19 6 1 8 5 8 15 8 19 8 10 9 1 10 9 10 15 10 19 10 1 12 19 12 19 14 8 15 10 15 12 15 6 19 8 19 10 19 12 19 14 19 16 19 12 3 3 6 17 6 3 8 7 10 8 13 17 14 14 17
> BAT2 10 3 8 7 10 7 7 8 17 8 3 10 13 10 17 10 17 12 10 13 6 17 8 17 10 17 12 17
< RES 1637139332 62 2
< MOVE D D
> REQ 1637139332 63 2
> VAMPIRE 1 3 3 3 0 2 0
> VAMPIRE 4 5 11 3 0 2 0
> VAMPIRE 3 11 11 3 0 2 0
> VAMPIRE 2 17 7 3 1 2 0
> GRENADE 4 3 12 2 2
> GRENADE 3 9 13 2 2
> GRENADE 1 1 2 4 2
> BAT1 1 4 19 4 8 5 10 5 12 5 1 6 19 6 1 8 5 8 15 8 19 8 10 9 1 10 9 10 15 10 19 10 1 12 19 12 19 14 8 15 10 15 12 15 6 19 8 19 10 19 12 19 14 19 16 19 12 3 3 6 17 6 3 8 7 10 8 13 17 14 14 17
> BAT2 10 3 8 7 10 7 7 8 17 8 3 10 13 10 17 10 17 12 10 13 6 17 8 17 10 17 12 17
< RES 1637139332 63 2
< GRENADE
< MOVE U U
> REQ 1637139332 64 2
> VAMPIRE 1 5 3 3 0 2 0
> VAMPIRE 4 5 9 3 0 2 0
> VAMPIRE 3 11 13 3 0 2 0
> VAMPIRE 2 15 7 3 0 2 0
> GRENADE 4 3 12 1 2
> GRENADE 3 9 13 1 2
> GRENADE 1 1 2 3 2
> GRENADE 2 17 7 5 2
> BAT1 1 4 19 4 8 5 10 5 12 5 1 6 19 6 1 8 5 8 15 8 19 8 10 9 1 10 9 10 15 10 19 10 1 12 19 12 19 14 8 15 10 15 12 15 6 19 8 19 10 19 12 19 14 19 16 19 12 3 3 6 17 6 3 8 7 10 8 13 17 14 14 17
> BAT2 10 3 8 7 10 7 7 8 17 8 3 10 13 10 17 10 17 12 10 13 6 17 8 17 10 17 12 17
< RES 1637139332 64 2
< MOVE L L
> REQ 1637139332 65 2
> VAMPIRE 1 7 3 3 0 2 0
> VAMPIRE 4 3 9 3 1 2 0
> VAMPIRE 3 11 15 3 1 2 0
> VAMPIRE 2 15 5 3 0 2 0
> GRENADE 1 1 2 2 2
> GRENADE 2 17 7 4 2
> BAT1 1 4 19 4 8 5 10 5 12 5 1 6 19 6 1 8 5 8 15 8 19 8 10 9 1 10 9 10 15 10 19 10 1 12 19 12 19 14 8 15 10 15 12 15 6 19 8 19 10 19 12 19 14 19 16 19 12 3 3 6 17 6 3 8 3 10 7 10 10 13 17 14 14 17
> BAT2 10 3 8 7 10 7 7 8 17 8 13 10 17 10 17 12 6 17 8 17 10 17 12 17
< RES 1637139332 65 2
< MOVE L L
> REQ 1637139332 66 2
> VAMPIRE 1 7 5 3 0 2 0
> VAMPIRE 4 5 9 3 0 2 0
> VAMPIRE 3 11 13 3 0 2 0
> VAMPIRE 2 15 3 3 0 2 0
> GRENADE 1 1 2 1 2
> GRENADE 2 17 7 3 2
> GRENADE 4 3 9 5 2
> GRENADE 3 11 15 5 2
> BAT1 1 4 19 4 8 5 10 5 12 5 1 6 19 6 1 8 5 8 15 8 19 8 10 9 1 10 9 10 15 10 19 10 1 12 19 12 19 14 8 15 10 15 12 15 6 19 8 19 10 19 12 19 14 19 16 19 12 3 3 6 17 6 3 8 3 10 7 10 10 13 17 14 14 17
> BAT2 10 3 8 7 10 7 7 8 17 8 13 10 17 10 17 12 6 17 8 17 10 17 12 17
< RES 1637139332 66 2
< MOVE D D
> REQ 1637139332 67 2
> VAMPIRE 1 7 7 3 1 2 0
> VAMPIRE 4 5 11 3 0 2 0
> VAMPIRE 3 13 13 3 0 2 0
> VAMPIRE 2 17 3 3 0 2 0
> GRENADE 2 17 7 2 2
> GRENADE 4 3 9 4 2
> GRENADE 3 11 15 4 2
> BAT1 19 4 8 5 10 5 12 5 1 6 19 6 1 8 5 8 15 8 19 8 10 9 1 10 9 10 15 10 19 10 1 12 19 12 19 14 8 15 10 15 12 15 6 19 8 19 10 19 12 19 14 19 16 19 12 3 3 6 17 6 3 8 3 10 7 10 10 13 17 14 14 17
> BAT2 10 3 8 7 10 7 7 8 17 8 13 10 17 10 17 12 6 17 8 17 10 17 12 17
< RES 1637139332 67 2
< MOVE D D
> REQ 1637139332 68 2
> VAMPIRE 1 5 7 3 0 2 0
> VAMPIRE 4 5 13 3 0 2 0
> VAMPIRE 3 13 13 3 0 2 0
> VAMPIRE 2 19 3 3 0 2 0
> GRENADE 2 17 7 1 2
> GRENADE 4 3 9 3 2
> GRENADE 3 11 15 3 2
> GRENADE 1 7 7 5 2
> BAT1 19 4 8 5 10 5 12 5 1 6 19 6 1 8 5 8 15 8 19 8 10 9 1 10 9 10 15 10 19 10 1 12 19 12 19 14 8 15 10 15 12 15 6 19 8 19 10 19 12 19 14 19 16 19 12 3 3 6 17 6 3 8 3 10 7 10 10 13 17 14 14 17
> BAT2 10 3 8 7 10 7 7 8 17 8 13 10 17 10 17 12 6 17 8 17 10 17 12 17
< RES 1637139332 68 2
< MOVE L
> REQ 1637139332 69 2
> VAMPIRE 1 5 5 3 0 2 0
> VAMPIRE 4 7 13 3 0 2 0
> VAMPIRE 3 13 13 3 0 2 0
> VAMPIRE 2 19 2 3 1 2 0
> GRENADE 4 3 9 2 2
> GRENADE 3 11 15 2 2
> GRENADE 1 7 7 4 2
> BAT1 19 4 8 5 10 5 12 5 1 6 19 6 1 8 5 8 15 8 19 8 10 9 1 10 9 10 15 10 19 10 1 12 19 12 19 14 8 15 10 15 12 15 6 19 8 19 10 19 12 19 14 19 16 19 12 3 3 6 3 8 17 8 3 10 7 10 10 13 17 14 14 17
> BAT2 10 3 8 7 10 7 7 8 13 10 17 10 17 12 6 17 8 17 10 17 12 17
< RES 1637139332 69 2
< GRENADE
< MOVE R U
> REQ 1637139332 70 2
> VAMPIRE 1 5 3 3 0 2 0
> VAMPIRE 4 7 15 3 0 2 0
> VAMPIRE 3 15 13 3 0 2 0
> VAMPIRE 2 18 3 3 0 2 0
> GRENADE 4 3 9 1 2
> GRENADE 3 11 15 1 2
> GRENADE 1 7 7 3 2
> GRENADE 2 19 2 5 2
> BAT1 19 4 8 5 10 5 12 5 1 6 19 6 1 8 5 8 15 8 19 8 10 9 1 10 9 10 15 10 19 10 1 12 19 12 19 14 8 15 10 15 12 15 6 19 8 19 10 19 12 19 14 19 16 19 12 3 3 6 3 8 17 8 3 10 7 10 10 13 17 14 14 17
> BAT2 10 3 8 7 10 7 7 8 13 10 17 10 17 12 6 17 8 17 10 17 12 17
< RES 1637139332 70 2
< MOVE U
> REQ 1637139332 71 2
> VAMPIRE 1 7 3 3 0 2 0
> VAMPIRE 4 7 17 3 1 2 0
> VAMPIRE 3 17 13 3 1 2 0
> VAMPIRE 2 17 3 3 0 2 0
> GRENADE 1 7 7 2 2
> GRENADE 2 19 2 4 2
> BAT1 19 4 8 5 10 5 12 5 1 6 19 6 1 8 5 8 15 8 19 8 10 9 1 10 9 10 15 10 19 10 1 12 19 12 19 14 8 15 6 19 8 19 10 19 12 19 14 19 16 19 12 3 3 6 17 8 7 10 10 13 17 14 14 17
> BAT2 10 3 8 7 10 7 7 8 13 10 17 10 17 12 6 17 8 17 10 17 12 17
< RES 1637139332 71 2
< MOVE R R
> REQ 1637139332 72 2
> VAMPIRE 1 9 3 3 0 2 0
> VAMPIRE 4 7 15 3 0 2 0
> VAMPIRE 3 15 13 3 0 2 0
> VAMPIRE 2 17 5 3 0 2 0
> GRENADE 1 7 7 1 2
> GRENADE 2 19 2 3 2
> GRENADE 4 7 17 5 2
> GRENADE 3 17 13 5 2
> BAT1 19 4 8 5 10 5 12 5 1 6 19 6 1 8 5 8 15 8 19 8 10 9 1 10 9 10 15 10 19 10 1 12 19 12 19 14 8 15 6 19 8 19 10 19 12 19 14 19 16 19 12 3 3 6 17 8 7 10 10 13 17 14 14 17
> BAT2 10 3 8 7 10 7 7 8 13 10 17 10 17 12 6 17 8 17 10 17 12 17
< RES 1637139332 72 2
< MOVE R
> REQ 1637139332 73 2
> VAMPIRE 1 9 5 3 1 2 0
> VAMPIRE 4 5 15 3 0 2 0
> VAMPIRE 3 13 13 3 0 2 0
> VAMPIRE 2 17 6 3 0 2 0
> GRENADE 2 19 2 2 2
> GRENADE 4 7 17 4 2
> GRENADE 3 17 13 4 2
> BAT1 19 4 8 5 10 5 12 5 1 6 19 6 1 8 5 8 15 8 19 8 10 9 1 10 9 10 15 10 19 10 1 12 19 12 19 14 8 15 6 19 8 19 10 19 12 19 14 19 16 19 12 3 3 6 8 7 7 8 17 8 7 10 10 13 17 14 14 17
> BAT2 10 3 10 7 13 10 17 10 17 12 6 17 8 17 10 17 12 17
< RES 1637139332 73 2
< MOVE R D
> REQ 1637139332 74 2
> VAMPIRE 1 9 3 3 0 2 0
> VAMPIRE 4 5 13 3 0 2 0
> VAMPIRE 3 13 13 3 0 2 0
> VAMPIRE 2 18 7 3 0 2 0
> GRENADE 2 19 2 1 2
> GRENADE 4 7 17 3 2
> GRENADE 3 17 13 3 2
> GRENADE 1 9 5 5 2
> BAT1 19 4 8 5 10 5 12 5 1 6 19 6 1 8 5 8 15 8 19 8 10 9 1 10 9 10 15 10 19 10 1 12 19 12 19 14 8 15 6 19 8 19 10 19 12 19 14 19 16 19 12 3 3 6 8 7 7 8 17 8 7 10 10 13 17 14 14 17
> BAT2 10 3 10 7 13 10 17 10 17 12 6 17 8 17 10 17 12 17
< RES 1637139332 74 2
< MOVE D
> REQ 1637139332 75 2
> VAMPIRE 1 7 3 3 0 2 0
> VAMPIRE 4 5 11 3 0 2 0
> VAMPIRE 3 13 13 3 0 2 0
> VAMPIRE 2 19 7 3 1 2 0
> GRENADE 4 7 17 2 2
> GRENADE 3 17 13 2 2
> GRENADE 1 9 5 4 2
> BAT1 8 5 10 5 12 5 1 6 19 6 1 8 5 8 15 8 19 8 10 9 1 10 9 10 15 10 19 10 1 12 19 12 19 14 8 15 6 19 8 19 10 19 12 19 14 19 16 19 12 3 3 6 8 7 7 8 17 8 7 10 10 13 17 14 14 17
> BAT2 10 3 10 7 13 10 17 10 17 12 6 17 8 17 10 17 12 17
< RES 1637139332 75 2
< GRENADE
< MOVE U U
> REQ 1637139332 76 2
> VAMPIRE 1 7 1 3 0 2 0
> VAMPIRE 4 5 9 3 0 2 0
> VAMPIRE 3 13 15 3 0 2 0
> VAMPIRE 2 17 7 3 0 2 0
> GRENADE 4 7 17 1 2
> GRENADE 3 17 13 1 2
> GRENADE 1 9 5 3 2
> GRENADE 2 19 7 5 2
> BAT1 8 5 10 5 12 5 1 6 19 6 1 8 5 8 15 8 19 8 10 9 1 10 9 10 15 10 19 10 1 12 19 12 19 14 8 15 6 19 8 19 10 19 12 19 14 19 16 19 12 3 3 6 8 7 7 8 17 8 7 10 10 13 17 14 14 17
> BAT2 10 3 10 7 13 10 17 10 17 12 6 17 8 17 10 17 12 17
< RES 1637139332 76 2
< MOVE L L
> REQ 1637139332 77 2
> VAMPIRE 1 9 1 3 0 2 0
> VAMPIRE 4 7 9 3 1 2 0
> VAMPIRE 3 13 17 3 1 2 0
> VAMPIRE 2 17 5 3 0 2 0
> GRENADE 1 9 5 2 2
> GRENADE 2 19 7 4 2
> BAT1 8 5 10 5 12 5 1 6 19 6 1 8 5 8 15 8 19 8 10 9 1 10 9 10 15 10 19 10 1 12 19 12 19 14 8 15 6 19 8 19 10 19 12 19 14 19 16 19 12 3 3 6 8 7 7 8 17 8 7 10 17 12 10 13 6 17 8 17 14 17
> BAT2 10 3 10 7 13 10 17 10 10 17 12 17
< RES 1637139332 77 2
> REQ 1637139332 78 2
> VAMPIRE 1 11 1 3 0 2 0
> VAMPIRE 4 5 9 3 0 2 0
> VAMPIRE 3 13 15 3 0 2 0
> VAMPIRE 2 17 5 3 0 2 0
> GRENADE 1 9 5 1 2
> GRENADE 2 19 7 3 2
> GRENADE 4 7 9 5 2
> GRENADE 3 13 17 5 2
> BAT1 8 5 10 5 12 5 1 6 19 6 1 8 5 8 15 8 19 8 10 9 1 10 9 10 15 10 19 10 1 12 19 12 19 14 8 15 6 19 8 19 10 19 12 19 14 19 16 19 12 3 3 6 8 7 7 8 17 8 7 10 17 12 10 13 6 17 8 17 14 17
> BAT2 10 3 10 7 13 10 17 10 10 17 12 17
< RES 1637139332 78 2
> REQ 1637139332 79 2
> VAMPIRE 1 11 3 3 1 2 0
> VAMPIRE 4 3 9 3 0 2 0
> VAMPIRE 3 11 15 3 0 2 0
> VAMPIRE 2 17 5 3 0 2 0
> GRENADE 2 19 7 2 2
> GRENADE 4 7 9 4 2
> GRENADE 3 13 17 4 2
> BAT1 12 5 1 6 19 6 1 8 5 8 15 8 19 8 10 9 1 10 9 10 15 10 19 10 1 12 19 12 19 14 8 15 6 19 8 19 10 19 12 19 14 19 16 19 12 3 3 6 8 7 7 8 17 8 7 10 17 12 10 13 6 17 8 17 14 17
> BAT2 10 3 10 7 13 10 17 10 10 17 12 17
< RES 1637139332 79 2
< MOVE U U
> REQ 1637139332 80 2
> VAMPIRE 1 11 5 3 0 2 0
> VAMPIRE 4 3 9 3 0 2 0
> VAMPIRE 3 11 15 3 0 2 0
> VAMPIRE 2 15 5 3 0 2 0
> GRENADE 2 19 7 1 2
> GRENADE 4 7 9 3 2
> GRENADE 3 13 17 3 2
> GRENADE 1 11 3 5 2
> BAT1 12 5 1 6 19 6 1 8 5 8 15 8 19 8 10 9 1 10 9 10 15 10 19 10 1 12 19 12 19 14 8 15 6 19 8 19 10 19 12 19 14 19 16 19 12 3 3 6 8 7 7 8 17 8 7 10 17 12 10 13 6 17 8 17 14 17
> BAT2 10 3 10 7 13 10 17 10 10 17 12 17
< RES 1637139332 80 2
< MOVE U U
> REQ 1637139332 81 2
> VAMPIRE 1 9 5 3 0 2 0
> VAMPIRE 4 2 9 3 0 2 0
> VAMPIRE 3 11 15 3 0 2 0
> VAMPIRE 2 13 5 3 1 2 0
> GRENADE 4 7 9 2 2
> GRENADE 3 13 17 2 2
> GRENADE 1 11 3 4 2
> BAT1 12 5 1 6 1 8 5 8 15 8 10 9 1 10 9 10 15 10 19 10 1 12 19 12 19 14 8 15 6 19 8 19 10 19 12 19 14 19 16 19 12 3 3 6 8 7 7 8 17 8 7 10 17 12 10 13 6 17 8 17 14 17
> BAT2 10 3 10 7 13 10 17 10 10 17 12 17
< RES 1637139332 81 2
< MOVE L L
> REQ 1637139332 82 2
> VAMPIRE 1 9 5 3 0 2 0
> VAMPIRE 4 2 9 3 0 2 0
> VAMPIRE 3 11 17 3 0 2 0
> VAMPIRE 2 13 3 3 1 2 0
> GRENADE 4 7 9 1 2
> GRENADE 3 13 17 1 2
> GRENADE 1 11 3 3 2
> BAT1 12 5 1 6 1 8 5 8 15 8 10 9 1 10 9 10 15 10 19 10 1 12 19 12 19 14 8 15 6 19 8 19 10 19 12 19 14 19 16 19 12 3 3 6 8 7 7 8 17 8 7 10 17 12 10 13 6 17 8 17 14 17
> BAT2 10 3 10 7 13 10 17 10 10 17 12 17
< RES 1637139332 82 2
< GRENADE
< MOVE D D
> REQ 1637139332 83 2
> VAMPIRE 1 9 5 3 0 2 0
> VAMPIRE 4 1 9 3 1 2 0
> VAMPIRE 3 11 17 3 1 2 0
> VAMPIRE 2 15 3 3 0 2 0
> GRENADE 1 11 3 2 2
> GRENADE 2 13 3 5 2
> BAT1 12 5 1 6 1 8 5 8 15 8 10 9 1 10 9 10 15 10 19 10 1 12 19 12 19 14 8 15 6 19 8 19 10 19 12 19 14 19 16 19 12 3 3 6 8 7 17 8 17 12 10 13 6 17 8 17 12 17
> BAT2 10 3 10 7 13 10 17 10 10 17
< RES 1637139332 83 2
< MOVE R R
> REQ 1637139332 84 2
> VAMPIRE 1 9 5 3 0 2 0
> VAMPIRE 4 3 9 3 0 2 0
> VAMPIRE 3 11 15 3 0 2 0
> VAMPIRE 2 15 5 3 0 2 0
> GRENADE 1 11 3 1 2
> GRENADE 2 13 3 4 2
> GRENADE 4 1 9 5 2
> GRENADE 3 11 17 5 2
> BAT1 12 5 1 6 1 8 5 8 15 8 10 9 1 10 9 10 15 10 19 10 1 12 19 12 19 14 8 15 6 19 8 19 10 19 12 19 14 19 16 19 12 3 3 6 8 7 17 8 17 12 10 13 6 17 8 17 12 17
> BAT2 10 3 10 7 13 10 17 10 10 17
< RES 1637139332 84 2
> REQ 1637139332 85 2
> VAMPIRE 1 9 7 3 1 2 0
> VAMPIRE 4 3 11 3 0 2 0
> VAMPIRE 3 13 15 3 0 2 0
> VAMPIRE 2 15 5 3 0 2 0
> GRENADE 2 13 3 3 2
> GRENADE 4 1 9 4 2
> GRENADE 3 11 17 4 2
> BAT1 12 5 1 6 1 8 5 8 15 8 10 9 1 10 9 10 15 10 19 10 1 12 19 12 19 14 8 15 6 19 8 19 10 19 12 19 14 19 16 19 10 3 3 6 8 7 17 8 17 12 10 13 6 17 8 17 12 17
> BAT2 10 7 13 10 17 10 10 17
< RES 1637139332 85 2
> REQ 1637139332 86 2
> VAMPIRE 1 9 5 3 0 2 0
> VAMPIRE 4 5 11 3 0 2 0
> VAMPIRE 3 13 13 3 0 2 0
> VAMPIRE 2 15 5 3 0 2 0
> GRENADE 2 13 3 2 2
> GRENADE 4 1 9 3 2
> GRENADE 3 11 17 3 2
> GRENADE 1 9 7 5 2
> BAT1 12 5 1 6 1 8 5 8 15 8 10 9 1 10 9 10 15 10 19 10 1 12 19 12 19 14 8 15 6 19 8 19 10 19 12 19 14 19 16 19 10 3 3 6 8 7 17 8 17 12 10 13 6 17 8 17 12 17
> BAT2 10 7 13 10 17 10 10 17
< RES 1637139332 86 2
> REQ 1637139332 87 2
> VAMPIRE 1 7 5 3 0 2 0
> VAMPIRE 4 5 11 3 0 2 0
> VAMPIRE 3 15 13 3 0 2 0
> VAMPIRE 2 15 5 3 0 2 0
> GRENADE 2 13 3 1 2
> GRENADE 4 1 9 2 2
> GRENADE 3 11 17 2 2
> GRENADE 1 9 7 4 2
> BAT1 12 5 1 6 1 8 5 8 15 8 10 9 1 10 9 10 15 10 19 10 1 12 19 12 19 14 8 15 6 19 8 19 10 19 12 19 14 19 16 19 10 3 3 6 8 7 17 8 17 12 10 13 6 17 8 17 12 17
> BAT2 10 7 13 10 17 10 10 17
< RES 1637139332 87 2
< MOVE U
> REQ 1637139332 88 2
> VAMPIRE 1 7 5 3 0 2 0
> VAMPIRE 4 5 11 3 0 2 0
> VAMPIRE 3 15 11 3 0 2 0
> VAMPIRE 2 14 5 3 1 2 0
> GRENADE 4 1 9 1 2
> GRENADE 3 11 17 1 2
> GRENADE 1 9 7 3 2
> BAT1 12 5 1 6 1 8 5 8 15 8 10 9 1 10 9 10 15 10 19 10 1 12 19 12 19 14 8 15 6 19 8 19 10 19 12 19 14 19 16 19 10 3 3 6 8 7 17 8 17 12 10 13 6 17 8 17 12 17
> BAT2 10 7 13 10 17 10 10 17
< RES 1637139332 88 2
< GRENADE
< MOVE U L
> REQ 1637139332 89 2
> VAMPIRE 1 7 5 3 0 2 0
> VAMPIRE 4 5 10 3 1 2 0
> VAMPIRE 3 17 11 3 1 2 0
> VAMPIRE 2 13 4 3 0 2 0
> GRENADE 1 9 7 2 2
> GRENADE 2 14 5 5 2
> BAT1 12 5 1 6 5 8 15 8 10 9 9 10 15 10 19 10 1 12 19 12 19 14 8 15 6 19 8 19 10 19 12 19 14 19 16 19 10 3 3 6 8 7 17 8 17 12 10 13 6 17 8 17 10 17
> BAT2 10 7 13 10 17 10
< RES 1637139332 89 2
< MOVE L
> REQ 1637139332 90 2
> VAMPIRE 1 7 3 3 0 2 0
> VAMPIRE 4 4 9 3 0 2 0
> VAMPIRE 3 15 11 3 0 2 0
> VAMPIRE 2 13 3 3 0 2 0
> GRENADE 1 9 7 1 2
> GRENADE 2 14 5 4 2
> GRENADE 4 5 10 5 2
> GRENADE 3 17 11 5 2
> BAT1 12 5 1 6 5 8 15 8 10 9 9 10 15 10 19 10 1 12 19 12 19 14 8 15 6 19 8 19 10 19 12 19 14 19 16 19 10 3 3 6 8 7 17 8 17 12 10 13 6 17 8 17 10 17
> BAT2 10 7 13 10 17 10
< RES 1637139332 90 2
> REQ 1637139332 91 2
> VAMPIRE 1 8 3 3 1 2 0
> VAMPIRE 4 3 9 3 0 2 0
> VAMPIRE 3 15 13 3 0 2 0
> VAMPIRE 2 13 3 3 0 2 0
> GRENADE 2 14 5 3 2
> GRENADE 4 5 10 4 2
> GRENADE 3 17 11 4 2
> BAT1 12 5 1 6 5 8 15 8 10 9 9 10 15 10 19 10 1 12 19 12 19 14 8 15 6 19 8 19 10 19 12 19 14 19 16 19 10 3 3 6 10 7 17 8 17 12 10 13 6 17 8 17 10 17
> BAT2 13 10 17 10
< RES 1637139332 91 2
> REQ 1637139332 92 2
> VAMPIRE 1 9 4 3 0 2 0
> VAMPIRE 4 4 9 3 0 2 0
> VAMPIRE 3 15 13 3 0 2 0
> VAMPIRE 2 13 3 3 0 2 0
> GRENADE 2 14 5 2 2
> GRENADE 4 5 10 3 2
> GRENADE 3 17 11 3 2
> GRENADE 1 8 3 5 2
> BAT1 12 5 1 6 5 8 15 8 10 9 9 10 15 10 19 10 1 12 19 12 19 14 8 15 6 19 8 19 10 19 12 19 14 19 16 19 10 3 3 6 10 7 17 8 17 12 10 13 6 17 8 17 10 17
> BAT2 13 10 17 10
< RES 1637139332 92 2
> REQ 1637139332 93 2
> VAMPIRE 1 9 5 3 0 2 0
> VAMPIRE 4 6 9 3 0 2 0
> VAMPIRE 3 16 13 3 0 2 0
> VAMPIRE 2 13 3 3 0 2 0
> GRENADE 2 14 5 1 2
> GRENADE 4 5 10 2 2
> GRENADE 3 17 11 2 2
> GRENADE 1 8 3 4 2
> BAT1 12 5 1 6 5 8 15 8 10 9 9 10 15 10 19 10 1 12 19 12 19 14 8 15 6 19 8 19 10 19 12 19 14 19 16 19 10 3 3 6 10 7 17 8 17 12 10 13 6 17 8 17 10 17
> BAT2 13 10 17 10
< RES 1637139332 93 2
< MOVE U
> REQ 1637139332 94 2
> VAMPIRE 1 9 5 3 0 2 0
> VAMPIRE 4 7 9 3 0 2 0
> VAMPIRE 3 18 13 3 0 2 0
> VAMPIRE 2 12 3 3 1 2 0
> GRENADE 4 5 10 1 2
> GRENADE 3 17 11 1 2
> GRENADE 1 8 3 3 2
> BAT1 1 6 5 8 15 8 10 9 9 10 15 10 19 10 1 12 19 12 19 14 8 15 6 19 8 19 10 19 12 19 14 19 16 19 10 3 3 6 10 7 17 8 17 12 10 13 6 17 8 17 10 17
> BAT2 13 10 17 10
< RES 1637139332 94 2
< MOVE U R
> REQ 1637139332 95 2
> VAMPIRE 1 9 5 3 0 2 0
> VAMPIRE 4 9 9 3 1 2 0
> VAMPIRE 3 19 13 3 1 2 0
> VAMPIRE 2 11 4 3 1 2 0
> GRENADE 1 8 3 2 2
> BAT1 1 6 15 8 10 9 9 10 15 10 19 10 1 12 19 12 19 14 8 15 6 19 8 19 10 19 12 19 14 19 16 19 10 3 3 6 10 7 17 8 17 10 10 13 6 17 8 17 10 17
> BAT2 13 10
< RES 1637139332 95 2
< MOVE R R
> REQ 1637139332 96 2
> VAMPIRE 1 9 7 3 0 2 0
> VAMPIRE 4 7 9 3 0 2 0
> VAMPIRE 3 17 13 3 0 2 0
> VAMPIRE 2 11 6 3 1 2 0
> GRENADE 1 8 3 1 2
> GRENADE 4 9 9 5 2
> GRENADE 3 19 13 5 2
> BAT1 1 6 15 8 10 9 9 10 15 10 19 10 1 12 19 12 19 14 8 15 6 19 8 19 10 19 12 19 14 19 16 19 10 3 3 6 10 7 17 8 17 10 10 13 6 17 8 17 10 17
> BAT2 13 10
< RES 1637139332 96 2
< MOVE R D
> REQ 1637139332 97 2
> VAMPIRE 1 9 7 3 1 2 0
> VAMPIRE 4 7 7 3 0 2 0
> VAMPIRE 3 15 13 3 0 2 0
> VAMPIRE 2 12 7 3 1 2 0
> GRENADE 4 9 9 4 2
> GRENADE 3 19 13 4 2
> BAT1 1 6 15 8 10 9 9 10 15 10 19 10 1 12 19 12 19 14 8 15 6 19 8 19 10 19 12 19 14 19 16 19 3 6 10 7 17 8 17 10 10 13 6 17 8 17 10 17
> BAT2 13 10
< RES 1637139332 97 2
< GRENADE
< MOVE U L
> REQ 1637139332 98 2
> VAMPIRE 1 7 7 3 0 2 0
> VAMPIRE 4 7 7 3 0 2 0
> VAMPIRE 3 15 15 3 0 2 0
> VAMPIRE 2 11 6 3 0 2 0
> GRENADE 4 9 9 3 2
> GRENADE 3 19 13 3 2
> GRENADE 1 9 7 5 2
> GRENADE 2 12 7 5 2
> BAT1 1 6 15 8 10 9 9 10 15 10 19 10 1 12 19 12 19 14 8 15 6 19 8 19 10 19 12 19 14 19 16 19 3 6 10 7 17 8 17 10 10 13 6 17 8 17 10 17
> BAT2 13 10
< RES 1637139332 98 2
< MOVE L
> REQ 1637139332 99 2
> VAMPIRE 1 5 7 3 0 2 0
> VAMPIRE 4 5 7 3 0 2 0
> VAMPIRE 3 15 16 3 0 2 0
> VAMPIRE 2 11 5 3 0 2 0
> GRENADE 4 9 9 2 2
> GRENADE 3 19 13 2 2
> GRENADE 1 9 7 4 2
> GRENADE 2 12 7 4 2
> BAT1 1 6 15 8 10 9 9 10 15 10 19 10 1 12 19 12 19 14 8 15 6 19 8 19 10 19 12 19 14 19 16 19 3 6 10 7 17 8 17 10 10 13 6 17 8 17 10 17
> BAT2 13 10
< RES 1637139332 99 2
> REQ 1637139332 100 2
> VAMPIRE 1 3 7 3 0 2 0
> VAMPIRE 4 3 7 3 0 2 0
> VAMPIRE 3 15 18 3 0 2 0
> VAMPIRE 2 11 5 3 0 2 0
> GRENADE 4 9 9 1 2
> GRENADE 3 19 13 1 2
> GRENADE 1 9 7 3 2
> GRENADE 2 12 7 3 2
> BAT1 1 6 15 8 10 9 9 10 15 10 19 10 1 12 19 12 19 14 8 15 6 19 8 19 10 19 12 19 14 19 16 19 3 6 10 7 17 8 17 10 10 13 6 17 8 17 10 17
> BAT2 13 10
< RES 1637139332 100 2
< MOVE D D
> REQ 1637139332 101 2
> VAMPIRE 1 3 8 3 1 2 0
> VAMPIRE 4 3 8 3 1 2 0
> VAMPIRE 3 15 19 3 1 2 0
> VAMPIRE 2 13 5 3 0 2 0
> GRENADE 2 12 7 2 2
> BAT1 1 6 15 8 15 10 19 10 1 12 8 15 6 19 8 19 10 19 12 19 14 19 16 19 3 6 17 8 17 10 10 13 6 17 8 17 10 17
> BAT2 13 10
< RES 1637139332 101 2
< MOVE D D
> REQ 1637139332 102 2
> VAMPIRE 1 4 7 3 0 2 0
> VAMPIRE 4 4 7 3 0 2 0
> VAMPIRE 3 15 17 3 0 2 0
> VAMPIRE 2 15 5 3 0 2 0
> GRENADE 2 12 7 1 2
> GRENADE 1 3 8 5 2
> GRENADE 4 3 8 5 2
> GRENADE 3 15 19 5 2
> BAT1 1 6 15 8 15 10 19 10 1 12 8 15 6 19 8 19 10 19 12 19 14 19 16 19 3 6 17 8 17 10 10 13 6 17 8 17 10 17
> BAT2 13 10
< RES 1637139332 102 2
< MOVE R
> REQ 1637139332 103 2
> VAMPIRE 1 5 7 3 0 2 0
> VAMPIRE 4 5 7 3 0 2 0
> VAMPIRE 3 13 17 3 0 2 0
> VAMPIRE 2 15 6 3 1 2 0
> GRENADE 1 3 8 4 2
> GRENADE 4 3 8 4 2
> GRENADE 3 15 19 4 2
> BAT1 1 6 15 8 15 10 19 10 1 12 8 15 6 19 8 19 10 19 12 19 14 19 16 19 3 6 17 8 17 10 10 13 6 17 8 17 10 17
> BAT2 13 10
< RES 1637139332 103 2
< GRENADE
< MOVE R U
> REQ 1637139332 104 2
> VAMPIRE 1 5 7 3 0 2 0
> VAMPIRE 4 5 5 3 0 2 0
> VAMPIRE 3 13 15 3 0 2 0
> VAMPIRE 2 14 7 3 0 2 0
> GRENADE 1 3 8 3 2
> GRENADE 4 3 8 3 2
> GRENADE 3 15 19 3 2
> GRENADE 2 15 6 5 2
> BAT1 1 6 15 8 15 10 19 10 1 12 8 15 6 19 8 19 10 19 12 19 14 19 16 19 3 6 17 8 17 10 10 13 6 17 8 17 10 17
> BAT2 13 10
< RES 1637139332 104 2
< MOVE U
> REQ 1637139332 105 2
> VAMPIRE 1 5 5 3 0 2 0
> VAMPIRE 4 3 5 3 0 2 0
> VAMPIRE 3 11 15 3 0 2 0
> VAMPIRE 2 13 7 3 0 2 0
> GRENADE 1 3 8 2 2
> GRENADE 4 3 8 2 2
> GRENADE 3 15 19 2 2
> GRENADE 2 15 6 4 2
> BAT1 1 6 15 8 15 10 19 10 1 12 8 15 6 19 8 19 10 19 12 19 14 19 16 19 3 6 17 8 17 10 10 13 6 17 8 17 10 17
> BAT2 13 10
< RES 1637139332 105 2
> REQ 1637139332 106 2
> VAMPIRE 1 3 5 3 0 2 0
> VAMPIRE 4 1 5 3 0 2 0
> VAMPIRE 3 9 15 3 0 2 0
> VAMPIRE 2 13 7 3 0 2 0
> GRENADE 1 3 8 1 2
> GRENADE 4 3 8 1 2
> GRENADE 3 15 19 1 2
> GRENADE 2 15 6 3 2
> BAT1 1 6 15 8 15 10 19 10 1 12 8 15 6 19 8 19 10 19 12 19 14 19 16 19 3 6 17 8 17 10 10 13 6 17 8 17 10 17
> BAT2 13 10
< RES 1637139332 106 2
< MOVE R R
> REQ 1637139332 107 2
> VAMPIRE 1 1 5 3 1 2 0
> VAMPIRE 4 1 4 3 1 2 0
> VAMPIRE 3 9 17 3 1 2 0
> VAMPIRE 2 13 9 3 0 2 0
> GRENADE 2 15 6 2 2
> BAT1 1 6 15 8 15 10 19 10 1 12 8 15 6 19 8 19 10 19 12 19 17 8 17 10 10 13 6 17 8 17 10 17
> BAT2 13 10
< RES 1637139332 107 2
< MOVE D D
> REQ 1637139332 108 2
> VAMPIRE 1 3 5 3 0 2 0
> VAMPIRE 4 1 4 3 0 2 0
> VAMPIRE 3 9 15 3 0 2 0
> VAMPIRE 2 15 9 3 0 2 0
> GRENADE 2 15 6 1 2
> GRENADE 1 1 5 5 2
> GRENADE 4 1 4 5 2
> GRENADE 3 9 17 5 2
> BAT1 1 6 15 8 15 10 19 10 1 12 8 15 6 19 8 19 10 19 12 19 17 8 17 10 10 13 6 17 8 17 10 17
> BAT2 13 10
< RES 1637139332 108 2
< MOVE D D
> REQ 1637139332 109 2
> VAMPIRE 1 3 7 3 0 2 0
> VAMPIRE 4 2 3 3 0 2 0
> VAMPIRE 3 11 15 3 0 2 0
> VAMPIRE 2 17 9 3 1 2 0
> GRENADE 1 1 5 4 2
> GRENADE 4 1 4 4 2
> GRENADE 3 9 17 4 2
> BAT1 1 6 15 10 19 10 1 12 8 15 6 19 8 19 10 19 12 19 17 8 17 10 10 13 6 17 8 17 10 17
> BAT2 13 10
< RES 1637139332 109 2
< GRENADE
< MOVE U U
> REQ 1637139332 110 2
> VAMPIRE 1 3 7 3 0 2 0
> VAMPIRE 4 3 3 3 0 2 0
> VAMPIRE 3 11 15 3 0 2 0
> VAMPIRE 2 15 9 3 0 2 0
> GRENADE 1 1 5 3 2
> GRENADE 4 1 4 3 2
> GRENADE 3 9 17 3 2
> GRENADE 2 17 9 5 2
> BAT1 1 6 15 10 19 10 1 12 8 15 6 19 8 19 10 19 12 19 17 8 17 10 10 13 6 17 8 17 10 17
> BAT2 13 10
< RES 1637139332 110 2
< MOVE L L
> REQ 1637139332 111 2
> VAMPIRE 1 3 9 3 0 2 0
> VAMPIRE 4 3 3 3 0 2 0
> VAMPIRE 3 11 16 3 0 2 0
> VAMPIRE 2 15 7 3 0 2 0
> GRENADE 1 1 5 2 2
> GRENADE 4 1 4 2 2
> GRENADE 3 9 17 2 2
> GRENADE 2 17 9 4 2
> BAT1 1 6 15 10 19 10 1 12 8 15 6 19 8 19 10 19 12 19 17 8 17 10 10 13 6 17 8 17 10 17
> BAT2 13 10
< RES 1637139332 111 2
> REQ 1637139332 112 2
> VAMPIRE 1 1 9 3 0 2 0
> VAMPIRE 4 3 3 3 0 2 0
> VAMPIRE 3 11 18 3 0 2 0
> VAMPIRE 2 15 7 3 0 2 0
> GRENADE 1 1 5 1 2
> GRENADE 4 1 4 1 2
> GRENADE 3 9 17 1 2
> GRENADE 2 17 9 3 2
> BAT1 1 6 15 10 19 10 1 12 8 15 6 19 8 19 10 19 12 19 17 8 17 10 10 13 6 17 8 17 10 17
> BAT2 13 10
< RES 1637139332 112 2
> REQ 1637139332 113 2
> VAMPIRE 1 1 10 3 1 2 0
> VAMPIRE 4 3 5 3 1 2 0
> VAMPIRE 3 11 19 3 1 2 0
> VAMPIRE 2 15 7 3 0 2 0
> GRENADE 2 17 9 2 2
> BAT1 15 10 19 10 1 12 8 15 6 19 8 19 10 19 12 19 17 8 17 10 10 13 6 17
> BAT2 13 10
< RES 1637139332 113 2
> REQ 1637139332 114 2
> VAMPIRE 1 2 11 3 0 2 0
> VAMPIRE 4 3 7 3 1 2 0
> VAMPIRE 3 11 17 3 0 2 0
> VAMPIRE 2 15 7 3 0 2 0
> GRENADE 2 17 9 1 2
> GRENADE 1 1 10 5 2
> GRENADE 3 11 19 5 2
> BAT1 15 10 19 10 1 12 8 15 6 19 8 19 10 19 12 19 17 8 17 10 10 13 6 17
> BAT2 13 10
< RES 1637139332 114 2
< MOVE R
> REQ 1637139332 115 2
> VAMPIRE 1 3 11 3 0 2 0
> VAMPIRE 4 1 7 3 1 2 0
> VAMPIRE 3 9 17 3 0 2 0
> VAMPIRE 2 15 8 3 1 2 0
> GRENADE 1 1 10 4 2
> GRENADE 3 11 19 4 2
> BAT1 15 10 19 10 1 12 8 15 6 19 8 19 10 19 12 19 10 13 6 17
> BAT2 13 10
< RES 1637139332 115 2
< GRENADE
< MOVE R D
> REQ 1637139332 116 2
> VAMPIRE 1 3 13 3 0 2 0
> VAMPIRE 4 1 8 3 1 2 0
> VAMPIRE 3 9 17 3 0 2 0
> VAMPIRE 2 16 9 3 0 2 0
> GRENADE 1 1 10 3 2
> GRENADE 3 11 19 3 2
> GRENADE 2 15 8 5 2
> BAT1 15 10 19 10 1 12 8 15 6 19 8 19 10 19 12 19 10 13 6 17
> BAT2 13 10
< RES 1637139332 116 2
< MOVE D
> REQ 1637139332 117 2
> VAMPIRE 1 5 13 3 0 2 0
> VAMPIRE 4 2 9 3 0 2 0
> VAMPIRE 3 8 17 3 0 2 0
> VAMPIRE 2 17 9 3 0 2 0
> GRENADE 1 1 10 2 2
> GRENADE 3 11 19 2 2
> GRENADE 2 15 8 4 2
> GRENADE 4 1 8 5 2
> BAT1 15 10 19 10 1 12 8 15 6 19 8 19 10 19 12 19 10 13 6 17
> BAT2 13 10
< RES 1637139332 117 2
< MOVE R R
> REQ 1637139332 118 2
> VAMPIRE 1 7 13 3 0 2 0
> VAMPIRE 4 3 9 3 0 2 0
> VAMPIRE 3 7 18 3 0 2 0
> VAMPIRE 2 17 11 3 0 2 0
> GRENADE 1 1 10 1 2
> GRENADE 3 11 19 1 2
> GRENADE 2 15 8 3 2
> GRENADE 4 1 8 4 2
> BAT1 15 10 19 10 1 12 8 15 6 19 8 19 10 19 12 19 10 13 6 17
> BAT2 13 10
< RES 1637139332 118 2
> REQ 1637139332 119 2
> VAMPIRE 1 8 13 3 1 2 0
> VAMPIRE 4 5 9 3 1 2 0
> VAMPIRE 3 7 19 3 1 2 0
> VAMPIRE 2 17 11 3 0 2 0
> GRENADE 2 15 8 2 2
> BAT1 15 10 19 10 8 15 6 19 8 19 10 13 6 17
> BAT2 13 10
< RES 1637139332 119 2
< MOVE D D
> REQ 1637139332 120 2
> VAMPIRE 1 9 12 3 0 2 0
> VAMPIRE 4 7 9 3 1 2 0
> VAMPIRE 3 7 17 3 0 2 0
> VAMPIRE 2 19 11 3 0 2 0
> GRENADE 2 15 8 1 2
> GRENADE 1 8 13 5 2
> GRENADE 3 7 19 5 2
> BAT1 15 10 19 10 8 15 6 19 8 19 10 13 6 17
> BAT2 13 10
< RES 1637139332 120 2
< MOVE R
> REQ 1637139332 121 2
> VAMPIRE 1 9 11 3 0 2 0
> VAMPIRE 4 7 11 3 1 2 0
> VAMPIRE 3 9 17 3 0 2 0
> VAMPIRE 2 19 12 3 1 2 0
> GRENADE 1 8 13 4 2
> GRENADE 3 7 19 4 2
> BAT1 19 10 8 15 6 19 8 19 10 13 6 17
> BAT2 13 10
< RES 1637139332 121 2
< GRENADE
< MOVE L U
> REQ 1637139332 122 2
> VAMPIRE 1 9 11 3 0 2 0
> VAMPIRE 4 7 13 3 1 2 0
> VAMPIRE 3 9 17 3 0 2 0
> VAMPIRE 2 18 11 3 0 2 0
> GRENADE 1 8 13 3 2
> GRENADE 3 7 19 3 2
> GRENADE 2 19 12 5 2
> BAT1 19 10 8 15 6 19 8 19 10 13 6 17
> BAT2 13 10
< RES 1637139332 122 2
< MOVE U
> REQ 1637139332 123 2
> VAMPIRE 1 11 11 3 0 2 0
> VAMPIRE 4 5 13 3 0 2 0
> VAMPIRE 3 9 17 3 0 2 0
> VAMPIRE 2 17 11 3 0 2 0
> GRENADE 1 8 13 2 2
> GRENADE 3 7 19 2 2
> GRENADE 2 19 12 4 2
> GRENADE 4 7 13 5 2
> BAT1 19 10 8 15 6 19 8 19 10 13 6 17
> BAT2 13 10
< RES 1637139332 123 2
< MOVE U U
> REQ 1637139332 124 2
> VAMPIRE 1 13 11 3 0 2 0
> VAMPIRE 4 5 15 3 0 2 0
> VAMPIRE 3 9 17 3 0 2 0
> VAMPIRE 2 15 11 3 0 2 0
> GRENADE 1 8 13 1 2
> GRENADE 3 7 19 1 2
> GRENADE 2 19 12 3 2
> GRENADE 4 7 13 4 2
> BAT1 19 10 8 15 6 19 8 19 10 13 6 17
> BAT2 13 10
< RES 1637139332 124 2
< MOVE R R
> REQ 1637139332 125 2
> VAMPIRE 1 13 12 3 1 2 0
> VAMPIRE 4 6 15 3 1 2 0
> VAMPIRE 3 9 15 3 1 2 0
> VAMPIRE 2 15 13 3 0 2 0
> GRENADE 2 19 12 2 2
> BAT1 19 10 8 15 6 17
> BAT2 13 10
< RES 1637139332 125 2
< MOVE U U
> REQ 1637139332 126 2
> VAMPIRE 1 12 11 3 0 2 0
> VAMPIRE 4 7 14 3 0 2 0
> VAMPIRE 3 9 13 3 0 2 0
> VAMPIRE 2 13 13 3 0 2 0
> GRENADE 2 19 12 1 2
> GRENADE 1 13 12 5 2
> GRENADE 4 6 15 5 2
> GRENADE 3 9 15 5 2
> BAT1 19 10 8 15 6 17
> BAT2 13 10
< RES 1637139332 126 2
< MOVE R
> REQ 1637139332 127 2
> VAMPIRE 1 11 11 3 0 2 0
> VAMPIRE 4 7 13 3 0 2 0
> VAMPIRE 3 7 13 3 0 2 0
> VAMPIRE 2 13 14 3 1 2 0
> GRENADE 1 13 12 4 2
> GRENADE 4 6 15 4 2
> GRENADE 3 9 15 4 2
> BAT1 8 15 6 17
> BAT2 13 10
< RES 1637139332 127 2
< GRENADE
< MOVE L U
> REQ 1637139332 128 2
> VAMPIRE 1 11 11 3 0 2 0
> VAMPIRE 4 7 11 3 0 2 0
> VAMPIRE 3 7 13 3 0 2 0
> VAMPIRE 2 12 13 3 0 2 0
> GRENADE 1 13 12 3 2
> GRENADE 4 6 15 3 2
> GRENADE 3 9 15 3 2
> GRENADE 2 13 14 5 2
> BAT1 8 15 6 17
> BAT2 13 10
< RES 1637139332 128 2
< MOVE U
> REQ 1637139332 129 2
> VAMPIRE 1 11 11 3 0 2 0
> VAMPIRE 4 9 11 3 0 2 0
> VAMPIRE 3 7 14 3 0 2 0
> VAMPIRE 2 11 13 3 0 2 0
> GRENADE 1 13 12 2 2
> GRENADE 4 6 15 2 2
> GRENADE 3 9 15 2 2
> GRENADE 2 13 14 4 2
> BAT1 8 15 6 17
> BAT2 13 10
< RES 1637139332 129 2
< MOVE L L
> REQ 1637139332 130 2
> VAMPIRE 1 11 9 3 0 2 0
> VAMPIRE 4 11 11 3 0 2 0
> VAMPIRE 3 7 13 3 0 2 0
> VAMPIRE 2 11 11 3 0 2 0
> GRENADE 1 13 12 1 2
> GRENADE 4 6 15 1 2
> GRENADE 3 9 15 1 2
> GRENADE 2 13 14 3 2
> BAT1 8 15 6 17
> BAT2 13 10
< RES 1637139332 130 2
< MOVE D D
> REQ 1637139332 131 2
> VAMPIRE 1 13 9 3 1 2 0
> VAMPIRE 4 13 11 3 1 2 0
> VAMPIRE 3 7 15 3 1 2 0
> VAMPIRE 2 13 11 3 1 2 0
> BAT1 13 10 6 17
< RES 1637139332 131 2
< GRENADE
< MOVE U U
> REQ 1637139332 132 2
> VAMPIRE 1 11 9 3 0 2 0
> VAMPIRE 4 11 11 3 0 2 0
> VAMPIRE 3 7 17 3 1 2 0
> VAMPIRE 2 11 11 3 0 2 0
> GRENADE 1 13 9 5 2
> GRENADE 4 13 11 5 2
> GRENADE 2 13 11 5 2
> BAT1 13 10 6 17
< RES 1637139332 132 2
< MOVE U U
> REQ 1637139332 133 2
> VAMPIRE 1 9 9 3 0 2 0
> VAMPIRE 4 9 11 3 0 2 0
> VAMPIRE 3 7 15 3 0 2 0
> VAMPIRE 2 9 11 3 0 2 0
> GRENADE 1 13 9 4 2
> GRENADE 4 13 11 4 2
> GRENADE 2 13 11 4 2
> GRENADE 3 7 17 5 2
> BAT1 13 10 6 17
< RES 1637139332 133 2
< MOVE U U
> REQ 1637139332 134 2
> VAMPIRE 1 9 9 3 0 2 0
> VAMPIRE 4 7 11 3 0 2 0
> VAMPIRE 3 5 15 3 0 2 0
> VAMPIRE 2 7 11 3 0 2 0
> GRENADE 1 13 9 3 2
> GRENADE 4 13 11 3 2
> GRENADE 2 13 11 3 2
> GRENADE 3 7 17 4 2
> BAT1 13 10 6 17
< RES 1637139332 134 2
< MOVE R R
> REQ 1637139332 135 2
> VAMPIRE 1 9 9 3 0 2 0
> VAMPIRE 4 7 13 3 0 2 0
> VAMPIRE 3 5 15 3 0 2 0
> VAMPIRE 2 7 13 3 0 2 0
> GRENADE 1 13 9 2 2
> GRENADE 4 13 11 2 2
> GRENADE 2 13 11 2 2
> GRENADE 3 7 17 3 2
> BAT1 13 10 6 17
< RES 1637139332 135 2
< MOVE U U
> REQ 1637139332 136 2
> VAMPIRE 1 9 11 3 0 2 0
> VAMPIRE 4 5 13 3 0 2 0
> VAMPIRE 3 5 15 3 0 2 0
> VAMPIRE 2 5 13 3 0 2 0
> GRENADE 1 13 9 1 2
> GRENADE 4 13 11 1 2
> GRENADE 2 13 11 1 2
> GRENADE 3 7 17 2 2
> BAT1 13 10 6 17
< RES 1637139332 136 2
< MOVE R R
> REQ 1637139332 137 2
> VAMPIRE 1 7 11 3 1 2 0
> VAMPIRE 4 5 15 3 1 2 0
> VAMPIRE 3 5 15 3 0 2 0
> VAMPIRE 2 5 15 3 1 2 0
> GRENADE 3 7 17 1 2
> BAT1 6 17
< RES 1637139332 137 2
> REQ 1637139332 138 2
> VAMPIRE 1 7 11 3 1 2 0
> VAMPIRE 4 5 15 3 1 2 0
> VAMPIRE 3 5 15 3 1 2 0
> VAMPIRE 2 5 15 3 1 2 0
< RES 1637139332 138 2
> REQ 1637139332 139 2
> VAMPIRE 1 7 11 3 1 2 0
> VAMPIRE 4 5 15 3 1 2 0
> VAMPIRE 3 5 15 3 1 2 0
> VAMPIRE 2 5 15 3 1 2 0
< RES 1637139332 139 2
> REQ 1637139332 140 2
> VAMPIRE 1 7 11 3 1 2 0
> VAMPIRE 4 5 15 3 1 2 0
> VAMPIRE 3 5 15 3 1 2 0
> VAMPIRE 2 5 15 3 1 2 0
< RES 1637139332 140 2
> REQ 1637139332 141 2
> VAMPIRE 1 7 11 3 1 2 0
> VAMPIRE 4 5 15 3 1 2 0
> VAMPIRE 3 5 15 3 1 2 0
> VAMPIRE 2 5 15 3 1 2 0
< RES 1637139332 141 2
> REQ 1637139332 142 2
> VAMPIRE 1 7 11 3 1 2 0
> VAMPIRE 4 5 15 3 1 2 0
> VAMPIRE 3 5 15 3 1 2 0
> VAMPIRE 2 5 15 3 1 2 0
< RES 1637139332 142 2
> REQ 1637139332 143 2
> VAMPIRE 1 7 11 3 1 2 0
> VAMPIRE 4 5 15 3 1 2 0
> VAMPIRE 3 5 15 3 1 2 0
> VAMPIRE 2 5 15 3 1 2 0
< RES 1637139332 143 2
> REQ 1637139332 144 2
> VAMPIRE 1 7 11 3 1 2 0
> VAMPIRE 4 5 15 3 1 2 0
> VAMPIRE 3 5 15 3 1 2 0
> VAMPIRE 2 5 15 3 1 2 0
< RES 1637139332 144 2
> REQ 1637139332 145 2
> VAMPIRE 1 7 11 3 1 2 0
> VAMPIRE 4 5 15 3 1 2 0
> VAMPIRE 3 5 15 3 1 2 0
> VAMPIRE 2 5 15 3 1 2 0
< RES 1637139332 145 2
> REQ 1637139332 146 2
> VAMPIRE 1 7 11 3 1 2 0
> VAMPIRE 4 5 15 3 1 2 0
> VAMPIRE 3 5 15 3 1 2 0
> VAMPIRE 2 5 15 3 1 2 0
< RES 1637139332 146 2
> REQ 1637139332 147 2
> VAMPIRE 1 7 11 3 1 2 0
> VAMPIRE 4 5 15 3 1 2 0
> VAMPIRE 3 5 15 3 1 2 0
> VAMPIRE 2 5 15 3 1 2 0
< RES 1637139332 147 2
> REQ 1637139332 148 2
> VAMPIRE 1 7 11 3 1 2 0
> VAMPIRE 4 5 15 3 1 2 0
> VAMPIRE 3 5 15 3 1 2 0
> VAMPIRE 2 5 15 3 1 2 0
> POWERUP GRENADE -7 8 1
> POWERUP GRENADE -7 12 19
< RES 1637139332 148 2
< MOVE R R
> REQ 1637139332 149 2
> VAMPIRE 1 7 9 3 1 2 0
> VAMPIRE 4 5 17 3 1 2 0
> VAMPIRE 3 5 17 3 1 2 0
> VAMPIRE 2 5 17 3 1 2 0
> POWERUP GRENADE -6 8 1
> POWERUP GRENADE -6 12 19
< RES 1637139332 149 2
< MOVE R R
> REQ 1637139332 150 2
> VAMPIRE 1 7 7 3 1 2 0
> VAMPIRE 4 5 19 3 1 2 0
> VAMPIRE 3 5 19 3 1 2 0
> VAMPIRE 2 5 19 3 1 2 0
> POWERUP GRENADE -5 8 1
> POWERUP GRENADE -5 12 19
< RES 1637139332 150 2
< MOVE D D
> REQ 1637139332 151 2
> VAMPIRE 1 7 5 3 1 2 0
> VAMPIRE 4 7 19 3 1 2 0
> VAMPIRE 3 7 19 3 1 2 0
> VAMPIRE 2 7 19 3 1 2 0
> POWERUP GRENADE -4 8 1
> POWERUP GRENADE -4 12 19
< RES 1637139332 151 2
< MOVE D D
> REQ 1637139332 152 2
> VAMPIRE 1 7 3 3 1 2 0
> VAMPIRE 4 9 19 3 1 2 0
> VAMPIRE 3 9 19 3 1 2 0
> VAMPIRE 2 9 19 3 1 2 0
> POWERUP GRENADE -3 8 1
> POWERUP GRENADE -3 12 19
< RES 1637139332 152 2
< MOVE D D
> REQ 1637139332 153 2
> VAMPIRE 1 7 1 3 1 2 0
> VAMPIRE 4 11 19 3 1 2 0
> VAMPIRE 3 11 19 3 1 2 0
> VAMPIRE 2 11 19 3 1 2 0
> POWERUP GRENADE -2 8 1
> POWERUP GRENADE -2 12 19
< RES 1637139332 153 2
< MOVE D
> REQ 1637139332 154 2
> VAMPIRE 1 8 1 3 1 2 0
> VAMPIRE 4 12 19 3 1 2 0
> VAMPIRE 3 12 19 3 1 2 0
> VAMPIRE 2 12 19 3 1 2 0
> POWERUP GRENADE -1 8 1
> POWERUP GRENADE -1 12 19
< RES 1637139332 154 2
< MOVE U
> REQ 1637139332 155 2
> VAMPIRE 1 7 1 3 2 2 0
> VAMPIRE 4 11 19 3 2 2 0
> VAMPIRE 3 11 19 3 2 2 0
> VAMPIRE 2 11 19 3 2 2 0
< RES 1637139332 155 2
< MOVE L L
> REQ 1637139332 156 2
> VAMPIRE 1 9 1 3 2 2 0
> VAMPIRE 4 11 17 3 2 2 0
> VAMPIRE 3 11 17 3 2 2 0
> VAMPIRE 2 11 17 3 2 2 0
< RES 1637139332 156 2
< MOVE L L
> REQ 1637139332 157 2
> VAMPIRE 1 9 3 3 2 2 0
> VAMPIRE 4 11 15 3 2 2 0
> VAMPIRE 3 11 15 3 2 2 0
> VAMPIRE 2 11 15 3 2 2 0
< RES 1637139332 157 2
< MOVE L L
> REQ 1637139332 158 2
> VAMPIRE 1 9 5 3 2 2 0
> VAMPIRE 4 11 13 3 2 2 0
> VAMPIRE 3 11 13 3 2 2 0
> VAMPIRE 2 11 13 3 2 2 0
< RES 1637139332 158 2
< MOVE L L
> REQ 1637139332 159 2
> VAMPIRE 1 9 7 3 2 2 0
> VAMPIRE 4 11 11 3 2 2 0
> VAMPIRE 3 11 11 3 2 2 0
> VAMPIRE 2 11 11 3 2 2 0
< RES 1637139332 159 2
> REQ 1637139332 160 2
> VAMPIRE 1 9 9 3 2 2 0
> VAMPIRE 4 11 11 3 2 2 0
> VAMPIRE 3 11 11 3 2 2 0
> VAMPIRE 2 11 11 3 2 2 0
< RES 1637139332 160 2
> REQ 1637139332 161 2
> VAMPIRE 1 9 9 3 2 2 0
> VAMPIRE 4 11 11 3 2 2 0
> VAMPIRE 3 11 11 3 2 2 0
> VAMPIRE 2 11 11 3 2 2 0
< RES 1637139332 161 2
> REQ 1637139332 162 2
> VAMPIRE 1 9 9 3 2 2 0
> VAMPIRE 4 11 11 3 2 2 0
> VAMPIRE 3 11 11 3 2 2 0
> VAMPIRE 2 11 11 3 2 2 0
< RES 1637139332 162 2
> REQ 1637139332 163 2
> VAMPIRE 1 9 9 3 2 2 0
> VAMPIRE 4 11 11 3 2 2 0
> VAMPIRE 3 11 11 3 2 2 0
> VAMPIRE 2 11 11 3 2 2 0
< RES 1637139332 163 2
> REQ 1637139332 164 2
> VAMPIRE 1 9 9 3 2 2 0
> VAMPIRE 4 11 11 3 2 2 0
> VAMPIRE 3 11 11 3 2 2 0
> VAMPIRE 2 11 11 3 2 2 0
< RES 1637139332 164 2
> REQ 1637139332 165 2
> VAMPIRE 1 9 9 3 2 2 0
> VAMPIRE 4 11 11 3 2 2 0
> VAMPIRE 3 11 11 3 2 2 0
> VAMPIRE 2 11 11 3 2 2 0
< RES 1637139332 165 2
> REQ 1637139332 166 2
> VAMPIRE 1 9 9 3 2 2 0
> VAMPIRE 4 11 11 3 2 2 0
> VAMPIRE 3 11 11 3 2 2 0
> VAMPIRE 2 11 11 3 2 2 0
< RES 1637139332 166 2
> REQ 1637139332 167 2
> VAMPIRE 1 9 9 3 2 2 0
> VAMPIRE 4 11 11 3 2 2 0
> VAMPIRE 3 11 11 3 2 2 0
> VAMPIRE 2 11 11 3 2 2 0
< RES 1637139332 167 2
> REQ 1637139332 168 2
> VAMPIRE 1 9 9 3 2 2 0
> VAMPIRE 4 11 11 3 2 2 0
> VAMPIRE 3 11 11 3 2 2 0
> VAMPIRE 2 11 11 3 2 2 0
< RES 1637139332 168 2
> REQ 1637139332 169 2
> VAMPIRE 1 9 9 3 2 2 0
> VAMPIRE 4 11 11 3 2 2 0
> VAMPIRE 3 11 11 3 2 2 0
> VAMPIRE 2 11 11 3 2 2 0
< RES 1637139332 169 2
> REQ 1637139332 170 2
> VAMPIRE 1 9 9 3 2 2 0
> VAMPIRE 4 11 11 3 2 2 0
> VAMPIRE 3 11 11 3 2 2 0
> VAMPIRE 2 11 11 3 2 2 0
< RES 1637139332 170 2
> REQ 1637139332 171 2
> VAMPIRE 1 9 9 3 2 2 0
> VAMPIRE 4 11 11 3 2 2 0
> VAMPIRE 3 11 11 3 2 2 0
> VAMPIRE 2 11 11 3 2 2 0
> POWERUP GRENADE -8 14 15
> POWERUP GRENADE -8 6 5
< RES 1637139332 171 2
< MOVE R R
> REQ 1637139332 172 2
> VAMPIRE 1 7 9 3 2 2 0
> VAMPIRE 4 11 13 3 2 2 0
> VAMPIRE 3 11 13 3 2 2 0
> VAMPIRE 2 11 13 3 2 2 0
> POWERUP GRENADE -7 14 15
> POWERUP GRENADE -7 6 5
< RES 1637139332 172 2
< MOVE R R
> REQ 1637139332 173 2
> VAMPIRE 1 7 7 3 2 2 0
> VAMPIRE 4 11 15 3 2 2 0
> VAMPIRE 3 11 15 3 2 2 0
> VAMPIRE 2 11 15 3 2 2 0
> POWERUP GRENADE -6 14 15
> POWERUP GRENADE -6 6 5
< RES 1637139332 173 2
< MOVE D D
> REQ 1637139332 174 2
> VAMPIRE 1 7 5 3 2 2 0
> VAMPIRE 4 13 15 3 2 2 0
> VAMPIRE 3 13 15 3 2 2 0
> VAMPIRE 2 13 15 3 2 2 0
> POWERUP GRENADE -5 14 15
> POWERUP GRENADE -5 6 5
< RES 1637139332 174 2
< GRENADE
< MOVE D D
> REQ 1637139332 175 2
> VAMPIRE 1 6 5 3 2 2 0
> VAMPIRE 4 15 15 3 1 2 0
> VAMPIRE 3 15 15 3 1 2 0
> VAMPIRE 2 15 15 3 1 2 0
> GRENADE 4 13 15 5 2
> GRENADE 3 13 15 5 2
> GRENADE 2 13 15 5 2
> POWERUP GRENADE -4 14 15
> POWERUP GRENADE -4 6 5
< RES 1637139332 175 2
< MOVE U
> REQ 1637139332 176 2
> VAMPIRE 1 6 5 3 2 2 0
> VAMPIRE 4 14 15 3 1 2 0
> VAMPIRE 3 14 15 3 1 2 0
> VAMPIRE 2 14 15 3 1 2 0
> GRENADE 4 13 15 4 2
> GRENADE 3 13 15 4 2
> GRENADE 2 13 15 4 2
> POWERUP GRENADE -3 14 15
> POWERUP GRENADE -3 6 5
< RES 1637139332 176 2
< MOVE D
> REQ 1637139332 177 2
> VAMPIRE 1 6 5 3 2 2 0
> VAMPIRE 4 15 15 3 1 2 0
> VAMPIRE 3 15 15 3 1 2 0
> VAMPIRE 2 15 15 3 1 2 0
> GRENADE 4 13 15 3 2
> GRENADE 3 13 15 3 2
> GRENADE 2 13 15 3 2
> POWERUP GRENADE -2 14 15
> POWERUP GRENADE -2 6 5
< RES 1637139332 177 2
< MOVE U
> REQ 1637139332 178 2
> VAMPIRE 1 6 5 3 2 2 0
> VAMPIRE 4 14 15 3 1 2 0
> VAMPIRE 3 14 15 3 1 2 0
> VAMPIRE 2 14 15 3 1 2 0
> GRENADE 4 13 15 2 2
> GRENADE 3 13 15 2 2
> GRENADE 2 13 15 2 2
> POWERUP GRENADE -1 14 15
> POWERUP GRENADE -1 6 5
< RES 1637139332 178 2
< MOVE D D
> REQ 1637139332 179 2
> VAMPIRE 1 5 5 3 3 2 0
> VAMPIRE 4 16 15 3 2 2 0
> VAMPIRE 3 16 15 3 2 2 0
> VAMPIRE 2 16 15 3 2 2 0
> GRENADE 4 13 15 1 2
> GRENADE 3 13 15 1 2
> GRENADE 2 13 15 1 2
< RES 1637139332 179 2
< MOVE U
> REQ 1637139332 180 2
> VAMPIRE 1 5 7 3 3 2 0
> VAMPIRE 4 15 15 3 3 2 0
> VAMPIRE 3 15 15 3 3 2 0
> VAMPIRE 2 15 15 3 3 2 0
< RES 1637139332 180 2
< MOVE U U
> REQ 1637139332 181 2
> VAMPIRE 1 5 9 3 3 2 0
> VAMPIRE 4 13 15 3 3 2 0
> VAMPIRE 3 13 15 3 3 2 0
> VAMPIRE 2 13 15 3 3 2 0
< RES 1637139332 181 2
< MOVE U U
> REQ 1637139332 182 2
> VAMPIRE 1 7 9 3 3 2 0
> VAMPIRE 4 11 15 3 3 2 0
> VAMPIRE 3 11 15 3 3 2 0
> VAMPIRE 2 11 15 3 3 2 0
< RES 1637139332 182 2
< MOVE L L
> REQ 1637139332 183 2
> VAMPIRE 1 9 9 3 3 2 0
> VAMPIRE 4 11 13 3 3 2 0
> VAMPIRE 3 11 13 3 3 2 0
> VAMPIRE 2 11 13 3 3 2 0
< RES 1637139332 183 2
< MOVE L L
> REQ 1637139332 184 2
> VAMPIRE 1 9 9 3 3 2 0
> VAMPIRE 4 11 11 3 3 2 0
> VAMPIRE 3 11 11 3 3 2 0
> VAMPIRE 2 11 11 3 3 2 0
< RES 1637139332 184 2
> REQ 1637139332 185 2
> VAMPIRE 1 9 9 3 3 2 0
> VAMPIRE 4 11 11 3 3 2 0
> VAMPIRE 3 11 11 3 3 2 0
> VAMPIRE 2 11 11 3 3 2 0
< RES 1637139332 185 2
> REQ 1637139332 186 2
> VAMPIRE 1 9 9 3 3 2 0
> VAMPIRE 4 11 11 3 3 2 0
> VAMPIRE 3 11 11 3 3 2 0
> VAMPIRE 2 11 11 3 3 2 0
< RES 1637139332 186 2
> REQ 1637139332 187 2
> VAMPIRE 1 9 9 3 3 2 0
> VAMPIRE 4 11 11 3 3 2 0
> VAMPIRE 3 11 11 3 3 2 0
> VAMPIRE 2 11 11 3 3 2 0
< RES 1637139332 187 2
> REQ 1637139332 188 2
> VAMPIRE 1 9 9 3 3 2 0
> VAMPIRE 4 11 11 3 3 2 0
> VAMPIRE 3 11 11 3 3 2 0
> VAMPIRE 2 11 11 3 3 2 0
< RES 1637139332 188 2
> REQ 1637139332 189 2
> VAMPIRE 1 9 9 3 3 2 0
> VAMPIRE 4 11 11 3 3 2 0
> VAMPIRE 3 11 11 3 3 2 0
> VAMPIRE 2 11 11 3 3 2 0
< RES 1637139332 189 2
> REQ 1637139332 190 2
> VAMPIRE 1 9 9 3 3 2 0
> VAMPIRE 4 11 11 3 3 2 0
> VAMPIRE 3 11 11 3 3 2 0
> VAMPIRE 2 11 11 3 3 2 0
< RES 1637139332 190 2
> REQ 1637139332 191 2
> VAMPIRE 1 9 9 3 3 2 0
> VAMPIRE 4 11 11 3 3 2 0
> VAMPIRE 3 11 11 3 3 2 0
> VAMPIRE 2 11 11 3 3 2 0
< RES 1637139332 191 2
> REQ 1637139332 192 2
> VAMPIRE 1 9 9 3 3 2 0
> VAMPIRE 4 11 11 3 3 2 0
> VAMPIRE 3 11 11 3 3 2 0
> VAMPIRE 2 11 11 3 3 2 0
< RES 1637139332 192 2
> REQ 1637139332 193 2
> VAMPIRE 1 9 9 3 3 2 0
> VAMPIRE 4 11 11 3 3 2 0
> VAMPIRE 3 11 11 3 3 2 0
> VAMPIRE 2 11 11 3 3 2 0
> POWERUP TOMATO -6 15 14
> POWERUP TOMATO -6 5 6
< RES 1637139332 193 2
< MOVE R R
> REQ 1637139332 194 2
> VAMPIRE 1 7 9 3 3 2 0
> VAMPIRE 4 11 13 3 3 2 0
> VAMPIRE 3 11 13 3 3 2 0
> VAMPIRE 2 11 13 3 3 2 0
> POWERUP TOMATO -5 15 14
> POWERUP TOMATO -5 5 6
< RES 1637139332 194 2
< MOVE D D
> REQ 1637139332 195 2
> VAMPIRE 1 5 9 3 3 2 0
> VAMPIRE 4 13 13 3 3 2 0
> VAMPIRE 3 13 13 3 3 2 0
> VAMPIRE 2 13 13 3 3 2 0
> POWERUP TOMATO -4 15 14
> POWERUP TOMATO -4 5 6
< RES 1637139332 195 2
< MOVE D D
> REQ 1637139332 196 2
> VAMPIRE 1 5 7 3 3 2 0
> VAMPIRE 4 15 13 3 3 2 0
> VAMPIRE 3 15 13 3 3 2 0
> VAMPIRE 2 15 13 3 3 2 0
> POWERUP TOMATO -3 15 14
> POWERUP TOMATO -3 5 6
< RES 1637139332 196 2
< MOVE R
> REQ 1637139332 197 2
> VAMPIRE 1 5 6 3 3 2 0
> VAMPIRE 4 15 15 3 2 2 0
> VAMPIRE 3 15 14 3 3 2 0
> VAMPIRE 2 15 14 3 3 2 0
> GRENADE 4 15 13 5 2
> POWERUP TOMATO -2 15 14
> POWERUP TOMATO -2 5 6
< RES 1637139332 197 2
> REQ 1637139332 198 2
> VAMPIRE 1 5 6 3 3 2 0
> VAMPIRE 4 15 15 3 1 2 0
> VAMPIRE 3 15 14 3 3 2 0
> VAMPIRE 2 15 14 3 3 2 0
> GRENADE 4 15 13 4 2
> GRENADE 4 15 15 5 2
> POWERUP TOMATO -1 15 14
> POWERUP TOMATO -1 5 6
< RES 1637139332 198 2
> REQ 1637139332 199 2
> VAMPIRE 1 5 5 3 3 2 0
> VAMPIRE 4 13 15 3 1 2 0
> VAMPIRE 3 15 14 3 3 2 0
> VAMPIRE 2 15 14 3 3 2 0
> GRENADE 4 15 13 3 2
> GRENADE 4 15 15 4 2
< RES 1637139332 199 2
> REQ 1637139332 200 2
> VAMPIRE 1 5 7 3 3 2 0
> VAMPIRE 4 11 15 3 1 2 0
> VAMPIRE 3 15 14 3 3 2 0
> VAMPIRE 2 15 14 3 3 2 0
> GRENADE 4 15 13 2 2
> GRENADE 4 15 15 3 2
< RES 1637139332 200 2
> REQ 1637139332 201 2
> VAMPIRE 1 5 9 3 3 2 0
> VAMPIRE 4 11 13 3 1 2 0
> VAMPIRE 3 15 14 3 3 2 0
> VAMPIRE 2 15 14 3 3 2 0
> GRENADE 4 15 13 1 2
> GRENADE 4 15 15 2 2
< RES 1637139332 201 2
> REQ 1637139332 202 2
> VAMPIRE 1 7 9 3 3 2 0
> VAMPIRE 4 11 11 3 3 2 0
> VAMPIRE 3 15 14 2 3 2 0
> VAMPIRE 2 15 14 2 3 2 0
< RES 1637139332 202 2
< MOVE L
> REQ 1637139332 203 2
> VAMPIRE 1 9 9 3 3 2 0
> VAMPIRE 4 11 11 3 3 2 0
> VAMPIRE 3 15 13 2 3 2 0
> VAMPIRE 2 15 13 2 3 2 0
< RES 1637139332 203 2
< MOVE L L
> REQ 1637139332 204 2
> VAMPIRE 1 9 9 3 3 2 0
> VAMPIRE 4 11 11 3 3 2 0
> VAMPIRE 3 15 11 2 3 2 0
> VAMPIRE 2 15 11 2 3 2 0
< RES 1637139332 204 2
< MOVE U U
> REQ 1637139332 205 2
> VAMPIRE 1 9 9 3 3 2 0
> VAMPIRE 4 11 11 3 3 2 0
> VAMPIRE 3 13 11 2 3 2 0
> VAMPIRE 2 13 11 2 3 2 0
< RES 1637139332 205 2
< MOVE U U
> REQ 1637139332 206 2
> VAMPIRE 1 9 9 3 3 2 0
> VAMPIRE 4 11 11 3 3 2 0
> VAMPIRE 3 13 11 2 3 2 0
> VAMPIRE 2 11 11 2 3 2 0
< RES 1637139332 206 2
> REQ 1637139332 207 2
> VAMPIRE 1 9 9 3 3 2 0
> VAMPIRE 4 11 11 3 3 2 0
> VAMPIRE 3 13 11 2 3 2 0
> VAMPIRE 2 11 11 2 3 2 0
< RES 1637139332 207 2
> REQ 1637139332 208 2
> VAMPIRE 1 9 9 3 3 2 0
> VAMPIRE 4 11 11 3 3 2 0
> VAMPIRE 3 13 11 2 3 2 0
> VAMPIRE 2 11 11 2 3 2 0
< RES 1637139332 208 2
> REQ 1637139332 209 2
> VAMPIRE 1 9 9 3 3 2 0
> VAMPIRE 4 11 11 3 3 2 0
> VAMPIRE 3 13 11 2 3 2 0
> VAMPIRE 2 11 11 2 3 2 0
< RES 1637139332 209 2
> REQ 1637139332 210 2
> VAMPIRE 1 9 9 3 3 2 0
> VAMPIRE 4 11 11 3 3 2 0
> VAMPIRE 3 13 11 2 3 2 0
> VAMPIRE 2 11 11 2 3 2 0
< RES 1637139332 210 2
> REQ 1637139332 211 2
> VAMPIRE 1 9 9 3 3 2 0
> VAMPIRE 4 11 11 3 3 2 0
> VAMPIRE 3 13 11 2 3 2 0
> VAMPIRE 2 11 11 2 3 2 0
< RES 1637139332 211 2
> REQ 1637139332 212 2
> VAMPIRE 1 9 9 3 3 2 0
> VAMPIRE 4 11 11 3 3 2 0
> VAMPIRE 3 13 11 2 3 2 0
> VAMPIRE 2 11 11 2 3 2 0
> POWERUP GRENADE -8 19 7
> POWERUP GRENADE -8 1 13
< RES 1637139332 212 2
< MOVE D D
> REQ 1637139332 213 2
> VAMPIRE 1 11 9 3 3 2 0
> VAMPIRE 4 11 9 3 3 2 0
> VAMPIRE 3 15 11 2 3 2 0
> VAMPIRE 2 13 11 2 3 2 0
> POWERUP GRENADE -7 19 7
> POWERUP GRENADE -7 1 13
< RES 1637139332 213 2
< MOVE L
> REQ 1637139332 214 2
> VAMPIRE 1 13 9 3 3 2 0
> VAMPIRE 4 13 9 3 3 2 0
> VAMPIRE 3 17 11 2 3 2 0
> VAMPIRE 2 13 10 2 3 2 0
> POWERUP GRENADE -6 19 7
> POWERUP GRENADE -6 1 13
< RES 1637139332 214 2
< MOVE R
> REQ 1637139332 215 2
> VAMPIRE 1 13 11 3 2 2 0
> VAMPIRE 4 13 11 3 2 2 0
> VAMPIRE 3 19 11 2 3 2 0
> VAMPIRE 2 13 11 2 3 2 0
> GRENADE 1 13 9 5 2
> GRENADE 4 13 9 5 2
> POWERUP GRENADE -5 19 7
> POWERUP GRENADE -5 1 13
< RES 1637139332 215 2
< MOVE D D
> REQ 1637139332 216 2
> VAMPIRE 1 15 11 3 2 2 0
> VAMPIRE 4 15 11 3 2 2 0
> VAMPIRE 3 19 9 2 3 2 0
> VAMPIRE 2 15 11 2 3 2 0
> GRENADE 1 13 9 4 2
> GRENADE 4 13 9 4 2
> POWERUP GRENADE -4 19 7
> POWERUP GRENADE -4 1 13
< RES 1637139332 216 2
< MOVE D D
> REQ 1637139332 217 2
> VAMPIRE 1 17 11 3 2 2 0
> VAMPIRE 4 17 11 3 2 2 0
> VAMPIRE 3 19 7 2 3 2 0
> VAMPIRE 2 17 11 2 3 2 0
> GRENADE 1 13 9 3 2
> GRENADE 4 13 9 3 2
> POWERUP GRENADE -3 19 7
> POWERUP GRENADE -3 1 13
< RES 1637139332 217 2
< MOVE D D
> REQ 1637139332 218 2
> VAMPIRE 1 19 11 3 2 2 0
> VAMPIRE 4 19 11 3 2 2 0
> VAMPIRE 3 19 7 2 3 2 0
> VAMPIRE 2 19 11 2 3 2 0
> GRENADE 1 13 9 2 2
> GRENADE 4 13 9 2 2
> POWERUP GRENADE -2 19 7
> POWERUP GRENADE -2 1 13
< RES 1637139332 218 2
< MOVE L L
> REQ 1637139332 219 2
> VAMPIRE 1 19 9 3 2 2 0
> VAMPIRE 4 19 9 3 2 2 0
> VAMPIRE 3 19 7 2 3 2 0
> VAMPIRE 2 19 9 2 3 2 0
> GRENADE 1 13 9 1 2
> GRENADE 4 13 9 1 2
> POWERUP GRENADE -1 19 7
> POWERUP GRENADE -1 1 13
< RES 1637139332 219 2
< MOVE U U
> REQ 1637139332 220 2
> VAMPIRE 1 17 9 3 3 2 0
> VAMPIRE 4 17 9 3 3 2 0
> VAMPIRE 3 17 7 2 4 2 0
> VAMPIRE 2 17 9 2 3 2 0
> POWERUP GRENADE 12 1 13
< RES 1637139332 220 2
< MOVE U U
> REQ 1637139332 221 2
> VAMPIRE 1 15 9 3 3 2 0
> VAMPIRE 4 15 9 3 3 2 0
> VAMPIRE 3 15 7 2 4 2 0
> VAMPIRE 2 15 9 2 3 2 0
> POWERUP GRENADE 11 1 13
< RES 1637139332 221 2
< MOVE U U
> REQ 1637139332 222 2
> VAMPIRE 1 13 9 3 3 2 0
> VAMPIRE 4 13 9 3 3 2 0
> VAMPIRE 3 13 7 2 4 2 0
> VAMPIRE 2 13 9 2 3 2 0
> POWERUP GRENADE 10 1 13
< RES 1637139332 222 2
< MOVE U U
> REQ 1637139332 223 2
> VAMPIRE 1 11 9 3 3 2 0
> VAMPIRE 4 11 9 3 3 2 0
> VAMPIRE 3 11 7 2 4 2 0
> VAMPIRE 2 11 9 2 3 2 0
> POWERUP GRENADE 9 1 13
< RES 1637139332 223 2
< MOVE U U
> REQ 1637139332 224 2
> VAMPIRE 1 9 9 3 3 2 0
> VAMPIRE 4 9 9 3 3 2 0
> VAMPIRE 3 11 7 2 4 2 0
> VAMPIRE 2 9 9 2 3 2 0
> POWERUP GRENADE 8 1 13
< RES 1637139332 224 2
< MOVE U U
> REQ 1637139332 225 2
> VAMPIRE 1 7 9 3 3 2 0
> VAMPIRE 4 7 9 3 3 2 0
> VAMPIRE 3 11 9 2 4 2 0
> VAMPIRE 2 7 9 2 3 2 0
> POWERUP GRENADE 7 1 13
< RES 1637139332 225 2
< MOVE U U
> REQ 1637139332 226 2
> VAMPIRE 1 5 9 3 3 2 0
> VAMPIRE 4 5 9 3 3 2 0
> VAMPIRE 3 11 9 2 4 2 0
> VAMPIRE 2 5 9 2 3 2 0
> POWERUP GRENADE 6 1 13
< RES 1637139332 226 2
< MOVE U U
> REQ 1637139332 227 2
> VAMPIRE 1 3 9 3 3 2 0
> VAMPIRE 4 3 9 3 3 2 0
> VAMPIRE 3 11 9 2 4 2 0
> VAMPIRE 2 3 9 2 3 2 0
> POWERUP GRENADE 5 1 13
< RES 1637139332 227 2
< MOVE U U
> REQ 1637139332 228 2
> VAMPIRE 1 1 9 3 3 2 0
> VAMPIRE 4 1 9 3 3 2 0
> VAMPIRE 3 11 9 2 4 2 0
> VAMPIRE 2 1 9 2 3 2 0
> POWERUP GRENADE 4 1 13
< RES 1637139332 228 2
< MOVE R R
> REQ 1637139332 229 2
> VAMPIRE 1 1 11 3 3 2 0
> VAMPIRE 4 1 11 3 3 2 0
> VAMPIRE 3 11 9 2 4 2 0
> VAMPIRE 2 1 11 2 3 2 0
> POWERUP GRENADE 3 1 13
< RES 1637139332 229 2
< MOVE R R
> REQ 1637139332 230 2
> VAMPIRE 1 1 13 3 3 2 0
> VAMPIRE 4 1 13 3 3 2 0
> VAMPIRE 3 11 9 2 4 2 0
> VAMPIRE 2 1 13 2 3 2 0
> POWERUP GRENADE 2 1 13
< RES 1637139332 230 2
< MOVE D D
> REQ 1637139332 231 2
> VAMPIRE 1 3 13 3 4 2 0
> VAMPIRE 4 3 13 3 4 2 0
> VAMPIRE 3 11 9 2 4 2 0
> VAMPIRE 2 3 13 2 4 2 0
< RES 1637139332 231 2
< MOVE L L
> REQ 1637139332 232 2
> VAMPIRE 1 3 11 3 4 2 0
> VAMPIRE 4 3 11 3 4 2 0
> VAMPIRE 3 11 9 2 4 2 0
> VAMPIRE 2 3 11 2 4 2 0
< RES 1637139332 232 2
< MOVE D D
> REQ 1637139332 233 2
> VAMPIRE 1 5 11 3 4 2 0
> VAMPIRE 4 5 11 3 4 2 0
> VAMPIRE 3 11 9 2 4 2 0
> VAMPIRE 2 5 11 2 4 2 0
< RES 1637139332 233 2
< MOVE D D
> REQ 1637139332 234 2
> VAMPIRE 1 7 11 3 4 2 0
> VAMPIRE 4 7 11 3 4 2 0
> VAMPIRE 3 11 9 2 4 2 0
> VAMPIRE 2 7 11 2 4 2 0
< RES 1637139332 234 2
< MOVE D D
> REQ 1637139332 235 2
> VAMPIRE 1 9 11 3 4 2 0
> VAMPIRE 4 9 11 3 4 2 0
> VAMPIRE 3 11 9 2 4 2 0
> VAMPIRE 2 9 11 2 4 2 0
< RES 1637139332 235 2
> REQ 1637139332 236 2
> VAMPIRE 1 9 11 3 4 2 0
> VAMPIRE 4 9 11 3 4 2 0
> VAMPIRE 3 11 9 2 4 2 0
> VAMPIRE 2 9 11 2 4 2 0
< RES 1637139332 236 2
> REQ 1637139332 237 2
> VAMPIRE 1 9 11 3 4 2 0
> VAMPIRE 4 9 11 3 4 2 0
> VAMPIRE 3 11 9 2 4 2 0
> VAMPIRE 2 9 11 2 4 2 0
< RES 1637139332 237 2
> REQ 1637139332 238 2
> VAMPIRE 1 9 11 3 4 2 0
> VAMPIRE 4 9 11 3 4 2 0
> VAMPIRE 3 11 9 2 4 2 0
> VAMPIRE 2 9 11 2 4 2 0
< RES 1637139332 238 2
> REQ 1637139332 239 2
> VAMPIRE 1 9 11 3 4 2 0
> VAMPIRE 4 9 11 3 4 2 0
> VAMPIRE 3 11 9 2 4 2 0
> VAMPIRE 2 9 11 2 4 2 0
< RES 1637139332 239 2
> REQ 1637139332 240 2
> VAMPIRE 1 9 11 3 4 2 0
> VAMPIRE 4 9 11 3 4 2 0
> VAMPIRE 3 11 9 2 4 2 0
> VAMPIRE 2 9 11 2 4 2 0
< RES 1637139332 240 2
> REQ 1637139332 241 2
> VAMPIRE 1 9 11 3 4 2 0
> VAMPIRE 4 9 11 3 4 2 0
> VAMPIRE 3 11 9 2 4 2 0
> VAMPIRE 2 9 11 2 4 2 0
< RES 1637139332 241 2
> REQ 1637139332 242 2
> VAMPIRE 1 9 11 3 4 2 0
> VAMPIRE 4 9 11 3 4 2 0
> VAMPIRE 3 11 9 2 4 2 0
> VAMPIRE 2 9 11 2 4 2 0
< RES 1637139332 242 2
> REQ 1637139332 243 2
> VAMPIRE 1 9 11 3 4 2 0
> VAMPIRE 4 9 11 3 4 2 0
> VAMPIRE 3 11 9 2 4 2 0
> VAMPIRE 2 9 11 2 4 2 0
< RES 1637139332 243 2
> REQ 1637139332 244 2
> VAMPIRE 1 9 11 3 4 2 0
> VAMPIRE 4 9 11 3 4 2 0
> VAMPIRE 3 11 9 2 4 2 0
> VAMPIRE 2 9 11 2 4 2 0
< RES 1637139332 244 2
> REQ 1637139332 245 2
> VAMPIRE 1 9 11 3 4 2 0
> VAMPIRE 4 9 11 3 4 2 0
> VAMPIRE 3 11 9 2 4 2 0
> VAMPIRE 2 9 11 2 4 2 0
< RES 1637139332 245 2
> REQ 1637139332 246 2
> VAMPIRE 1 9 11 3 4 2 0
> VAMPIRE 4 9 11 3 4 2 0
> VAMPIRE 3 11 9 2 4 2 0
> VAMPIRE 2 9 11 2 4 2 0
> POWERUP BATTERY -8 12 7
> POWERUP BATTERY -8 8 13
< RES 1637139332 246 2
< MOVE R R
> REQ 1637139332 247 2
> VAMPIRE 1 9 13 3 4 2 0
> VAMPIRE 4 9 13 3 4 2 0
> VAMPIRE 3 11 7 2 4 2 0
> VAMPIRE 2 9 13 2 4 2 0
> POWERUP BATTERY -7 12 7
> POWERUP BATTERY -7 8 13
< RES 1637139332 247 2
< MOVE U
> REQ 1637139332 248 2
> VAMPIRE 1 8 13 3 4 2 0
> VAMPIRE 4 7 13 3 3 2 0
> VAMPIRE 3 12 7 2 4 2 0
> VAMPIRE 2 8 13 2 4 2 0
> GRENADE 4 9 13 5 2
> POWERUP BATTERY -6 12 7
> POWERUP BATTERY -6 8 13
< RES 1637139332 248 2
> REQ 1637139332 249 2
> VAMPIRE 1 8 13 3 4 2 0
> VAMPIRE 4 7 11 3 2 2 0
> VAMPIRE 3 12 7 2 4 2 0
> VAMPIRE 2 8 13 2 4 2 0
> GRENADE 4 9 13 4 2
> GRENADE 4 7 13 5 2
> POWERUP BATTERY -5 12 7
> POWERUP BATTERY -5 8 13
< RES 1637139332 249 2
> REQ 1637139332 250 2
> VAMPIRE 1 8 13 3 4 2 0
> VAMPIRE 4 9 11 3 2 2 0
> VAMPIRE 3 12 7 2 4 2 0
> VAMPIRE 2 8 13 2 4 2 0
> GRENADE 4 9 13 3 2
> GRENADE 4 7 13 4 2
> POWERUP BATTERY -4 12 7
> POWERUP BATTERY -4 8 13
< RES 1637139332 250 2
> REQ 1637139332 251 2
> VAMPIRE 1 8 13 3 4 2 0
> VAMPIRE 4 11 11 3 2 2 0
> VAMPIRE 3 12 7 2 4 2 0
> VAMPIRE 2 8 13 2 4 2 0
> GRENADE 4 9 13 2 2
> GRENADE 4 7 13 3 2
> POWERUP BATTERY -3 12 7
> POWERUP BATTERY -3 8 13
< RES 1637139332 251 2
> REQ 1637139332 252 2
> VAMPIRE 1 8 13 3 4 2 0
> VAMPIRE 4 11 9 3 2 2 0
> VAMPIRE 3 12 7 2 4 2 0
> VAMPIRE 2 8 13 2 4 2 0
> GRENADE 4 9 13 1 2
> GRENADE 4 7 13 2 2
> POWERUP BATTERY -2 12 7
> POWERUP BATTERY -2 8 13
< RES 1637139332 252 2
> REQ 1637139332 253 2
> VAMPIRE 1 8 13 2 4 2 0
> VAMPIRE 4 11 7 3 4 2 0
> VAMPIRE 3 12 7 2 4 2 0
> VAMPIRE 2 8 13 1 4 2 0
> POWERUP BATTERY -1 12 7
> POWERUP BATTERY -1 8 13
< RES 1637139332 253 2
< MOVE U
> REQ 1637139332 254 2
> VAMPIRE 1 7 13 2 4 3 0
> VAMPIRE 4 13 7 3 3 2 0
> VAMPIRE 3 13 7 2 4 3 0
> VAMPIRE 2 7 13 1 4 3 0
> GRENADE 4 11 7 5 2
< RES 1637139332 254 2
< MOVE L L
> REQ 1637139332 255 2
> VAMPIRE 1 7 11 2 4 3 0
> VAMPIRE 4 13 9 3 3 2 0
> VAMPIRE 3 13 9 2 4 3 0
> VAMPIRE 2 7 11 1 4 3 0
> GRENADE 4 11 7 4 2
< RES 1637139332 255 2
< MOVE L L
> REQ 1637139332 256 2
> VAMPIRE 1 5 11 2 4 3 0
> VAMPIRE 4 13 11 3 3 2 0
> VAMPIRE 3 13 9 2 4 3 0
> VAMPIRE 2 7 9 1 4 3 0
> GRENADE 4 11 7 3 2
< RES 1637139332 256 2
< MOVE D D
> REQ 1637139332 257 2
> VAMPIRE 1 7 11 2 4 3 0
> VAMPIRE 4 13 11 3 3 2 0
> VAMPIRE 3 13 9 2 4 3 0
> VAMPIRE 2 9 9 1 4 3 0
> GRENADE 4 11 7 2 2
< RES 1637139332 257 2
< MOVE U U
> REQ 1637139332 258 2
> VAMPIRE 1 7 9 2 4 3 0
> VAMPIRE 4 13 11 3 3 2 0
> VAMPIRE 3 13 9 2 4 3 0
> VAMPIRE 2 7 9 1 4 3 0
> GRENADE 4 11 7 1 2
< RES 1637139332 258 2
< MOVE R R
> REQ 1637139332 259 2
> VAMPIRE 1 7 11 2 4 3 0
> VAMPIRE 4 13 11 3 4 2 0
> VAMPIRE 3 11 9 2 4 3 0
> VAMPIRE 2 7 11 1 4 3 0
< RES 1637139332 259 2
< MOVE R R
> REQ 1637139332 260 2
> VAMPIRE 1 7 13 2 4 3 0
> VAMPIRE 4 13 9 3 4 2 0
> VAMPIRE 3 11 9 2 4 3 0
> VAMPIRE 2 7 13 1 4 3 0
< RES 1637139332 260 2
< MOVE D D
> REQ 1637139332 261 2
> VAMPIRE 1 5 13 2 4 3 0
> VAMPIRE 4 13 9 3 4 2 0
> VAMPIRE 3 9 9 2 4 3 0
> VAMPIRE 2 9 13 1 4 3 0
< RES 1637139332 261 2
< MOVE L L
> REQ 1637139332 262 2
> VAMPIRE 1 5 11 2 4 3 0
> VAMPIRE 4 13 11 3 4 2 0
> VAMPIRE 3 7 9 2 4 3 0
> VAMPIRE 2 9 11 1 4 3 0
< RES 1637139332 262 2
< MOVE L L
> REQ 1637139332 263 2
> VAMPIRE 1 5 9 2 4 3 0
> VAMPIRE 4 11 11 3 4 2 0
> VAMPIRE 3 9 9 2 4 3 0
> VAMPIRE 2 9 9 1 4 3 0
< RES 1637139332 263 2
< MOVE D D
> REQ 1637139332 264 2
> VAMPIRE 1 7 9 2 4 3 0
> VAMPIRE 4 11 9 3 4 2 0
> VAMPIRE 3 11 9 2 4 3 0
> VAMPIRE 2 11 9 1 4 3 0
< RES 1637139332 264 2
< MOVE D D
> REQ 1637139332 265 2
> VAMPIRE 1 9 9 2 4 3 0
> VAMPIRE 4 13 9 3 4 2 0
> VAMPIRE 3 13 9 2 4 3 0
> VAMPIRE 2 13 9 1 4 3 0
< RES 1637139332 265 2
< MOVE R R
> REQ 1637139332 266 2
> VAMPIRE 1 11 9 2 4 3 0
> VAMPIRE 4 13 11 3 4 2 0
> VAMPIRE 3 13 11 2 4 3 0
> VAMPIRE 2 13 11 1 4 3 0
< RES 1637139332 266 2
< MOVE R R
> REQ 1637139332 267 2
> VAMPIRE 1 11 11 2 4 3 0
> VAMPIRE 4 13 13 3 4 2 0
> VAMPIRE 3 13 13 2 4 3 0
> VAMPIRE 2 13 13 1 4 3 0
< RES 1637139332 267 2
< MOVE U U
> REQ 1637139332 268 2
> VAMPIRE 1 11 13 2 4 3 0
> VAMPIRE 4 11 13 3 4 2 0
> VAMPIRE 3 11 13 2 4 3 0
> VAMPIRE 2 11 13 1 4 3 0
> POWERUP GRENADE -6 4 19
> POWERUP GRENADE -6 16 1
< RES 1637139332 268 2
< MOVE U U
> REQ 1637139332 269 2
> VAMPIRE 1 9 13 2 4 3 0
> VAMPIRE 4 9 13 3 4 2 0
> VAMPIRE 3 9 13 2 4 3 0
> VAMPIRE 2 9 13 1 4 3 0
> POWERUP GRENADE -5 4 19
> POWERUP GRENADE -5 16 1
< RES 1637139332 269 2
< MOVE U U
> REQ 1637139332 270 2
> VAMPIRE 1 7 13 2 4 3 0
> VAMPIRE 4 7 13 3 4 2 0
> VAMPIRE 3 7 13 2 4 3 0
> VAMPIRE 2 7 13 1 4 3 0
> POWERUP GRENADE -4 4 19
> POWERUP GRENADE -4 16 1
< RES 1637139332 270 2
< MOVE U U
> REQ 1637139332 271 2
> VAMPIRE 1 5 13 2 4 3 0
> VAMPIRE 4 5 13 3 4 2 0
> VAMPIRE 3 5 13 2 4 3 0
> VAMPIRE 2 5 13 1 4 3 0
> POWERUP GRENADE -3 4 19
> POWERUP GRENADE -3 16 1
< RES 1637139332 271 2
< MOVE R R
> REQ 1637139332 272 2
> VAMPIRE 1 5 15 2 4 3 0
> VAMPIRE 4 5 15 3 4 2 0
> VAMPIRE 3 5 15 2 4 3 0
> VAMPIRE 2 5 15 1 4 3 0
> POWERUP GRENADE -2 4 19
> POWERUP GRENADE -2 16 1
< RES 1637139332 272 2
< MOVE R R
> REQ 1637139332 273 2
> VAMPIRE 1 5 17 2 4 3 0
> VAMPIRE 4 5 17 3 4 2 0
> VAMPIRE 3 5 17 2 4 3 0
> VAMPIRE 2 5 17 1 4 3 0
> POWERUP GRENADE -1 4 19
> POWERUP GRENADE -1 16 1
< RES 1637139332 273 2
< MOVE R R
> REQ 1637139332 274 2
> VAMPIRE 1 5 19 2 4 3 0
> VAMPIRE 4 5 19 3 4 2 0
> VAMPIRE 3 5 19 2 4 3 0
> VAMPIRE 2 5 19 1 4 3 0
> POWERUP GRENADE 12 4 19
> POWERUP GRENADE 12 16 1
< RES 1637139332 274 2
< MOVE U
> REQ 1637139332 275 2
> VAMPIRE 1 4 19 2 4 3 0
> VAMPIRE 4 3 19 3 3 2 0
> VAMPIRE 3 4 19 2 4 3 0
> VAMPIRE 2 4 19 1 4 3 0
> GRENADE 4 5 19 5 2
> POWERUP GRENADE 11 4 19
> POWERUP GRENADE 11 16 1
< RES 1637139332 275 2
< MOVE U L
> REQ 1637139332 276 2
> VAMPIRE 1 4 19 2 5 3 0
> VAMPIRE 4 3 17 3 2 2 0
> VAMPIRE 3 4 19 2 5 3 0
> VAMPIRE 2 4 19 1 5 3 0
> GRENADE 4 5 19 4 2
> GRENADE 4 3 19 5 2
> POWERUP GRENADE 10 16 1
< RES 1637139332 276 2
> REQ 1637139332 277 2
> VAMPIRE 1 4 19 2 5 3 0
> VAMPIRE 4 3 15 3 2 2 0
> VAMPIRE 3 4 19 2 5 3 0
> VAMPIRE 2 4 19 1 5 3 0
> GRENADE 4 5 19 3 2
> GRENADE 4 3 19 4 2
> POWERUP GRENADE 9 16 1
< RES 1637139332 277 2
> REQ 1637139332 278 2
> VAMPIRE 1 4 19 2 5 3 0
> VAMPIRE 4 3 13 3 2 2 0
> VAMPIRE 3 4 19 2 5 3 0
> VAMPIRE 2 4 19 1 5 3 0
> GRENADE 4 5 19 2 2
> GRENADE 4 3 19 3 2
> POWERUP GRENADE 8 16 1
< RES 1637139332 278 2
> REQ 1637139332 279 2
> VAMPIRE 1 4 19 2 5 3 0
> VAMPIRE 4 3 11 3 2 2 0
> VAMPIRE 3 4 19 2 5 3 0
> VAMPIRE 2 4 19 1 5 3 0
> GRENADE 4 5 19 1 2
> GRENADE 4 3 19 2 2
> POWERUP GRENADE 7 16 1
< RES 1637139332 279 2
> END 636 Could_not_be_more_deaded
