> MESSAGE OK
> LEVEL 10
> GAMEID 1637177157
> TEST 1
> MAXTICK 800
> GRENADERADIUS 3
> SIZE 15
> REQ 1637177157 0 3
> VAMPIRE 1 1 1 3 1 3 0
> VAMPIRE 2 13 1 3 1 3 0
> VAMPIRE 3 13 13 3 1 3 0
> VAMPIRE 4 1 13 3 1 3 0
> BAT1 8 1 9 1 10 1 11 1 1 3 7 3 1 4 1 5 6 5 8 5 1 6 5 6 9 6 3 7 11 7 5 8 9 8 13 8 6 9 8 9 13 9 13 10 7 11 13 11 3 13 4 13 5 13 6 13
> BAT2 3 1 4 1 5 1 6 1 8 3 9 3 13 3 13 4 3 5 7 5 13 5 3 6 13 6 5 7 9 7 1 8 11 8 1 9 7 9 11 9 1 10 1 11 5 11 6 11 8 13 9 13 10 13 11 13
> BAT3 7 1 5 3 6 3 11 5 11 6 1 7 7 7 13 7 3 8 3 9 8 11 9 11 7 13
< RES 1637177157 0 3
< MOVE L
> REQ 1637177157 1 3
> VAMPIRE 1 1 2 3 1 3 0
> VAMPIRE 2 12 1 3 1 3 0
> VAMPIRE 3 13 12 3 1 3 0
> VAMPIRE 4 2 13 3 1 3 0
> BAT1 8 1 9 1 10 1 11 1 1 3 7 3 1 4 1 5 6 5 8 5 1 6 5 6 9 6 3 7 11 7 5 8 9 8 13 8 6 9 8 9 13 9 13 10 7 11 13 11 3 13 4 13 5 13 6 13
> BAT2 3 1 4 1 5 1 6 1 8 3 9 3 13 3 13 4 3 5 7 5 13 5 3 6 13 6 5 7 9 7 1 8 11 8 1 9 7 9 11 9 1 10 1 11 5 11 6 11 8 13 9 13 10 13 11 13
> BAT3 7 1 5 3 6 3 11 5 11 6 1 7 7 7 13 7 3 8 3 9 8 11 9 11 7 13
< RES 1637177157 1 3
< GRENADE
< MOVE R U
> REQ 1637177157 2 3
> VAMPIRE 1 2 1 3 0 3 0
> VAMPIRE 2 13 2 3 0 3 0
> VAMPIRE 3 12 13 3 0 3 0
> VAMPIRE 4 1 12 3 0 3 0
> GRENADE 1 1 2 5 3
> GRENADE 2 12 1 5 3
> GRENADE 3 13 12 5 3
> GRENADE 4 2 13 5 3
> BAT1 8 1 9 1 10 1 11 1 1 3 7 3 1 4 1 5 6 5 8 5 1 6 5 6 9 6 3 7 11 7 5 8 9 8 13 8 6 9 8 9 13 9 13 10 7 11 13 11 3 13 4 13 5 13 6 13
> BAT2 3 1 4 1 5 1 6 1 8 3 9 3 13 3 13 4 3 5 7 5 13 5 3 6 13 6 5 7 9 7 1 8 11 8 1 9 7 9 11 9 1 10 1 11 5 11 6 11 8 13 9 13 10 13 11 13
> BAT3 7 1 5 3 6 3 11 5 11 6 1 7 7 7 13 7 3 8 3 9 8 11 9 11 7 13
< RES 1637177157 2 3
> REQ 1637177157 3 3
> VAMPIRE 1 2 1 3 0 3 0
> VAMPIRE 2 13 2 3 0 3 0
> VAMPIRE 3 12 13 3 0 3 0
> VAMPIRE 4 1 12 3 0 3 0
> GRENADE 1 1 2 4 3
> GRENADE 2 12 1 4 3
> GRENADE 3 13 12 4 3
> GRENADE 4 2 13 4 3
> BAT1 8 1 9 1 10 1 11 1 1 3 7 3 1 4 1 5 6 5 8 5 1 6 5 6 9 6 3 7 11 7 5 8 9 8 13 8 6 9 8 9 13 9 13 10 7 11 13 11 3 13 4 13 5 13 6 13
> BAT2 3 1 4 1 5 1 6 1 8 3 9 3 13 3 13 4 3 5 7 5 13 5 3 6 13 6 5 7 9 7 1 8 11 8 1 9 7 9 11 9 1 10 1 11 5 11 6 11 8 13 9 13 10 13 11 13
> BAT3 7 1 5 3 6 3 11 5 11 6 1 7 7 7 13 7 3 8 3 9 8 11 9 11 7 13
< RES 1637177157 3 3
> REQ 1637177157 4 3
> VAMPIRE 1 2 1 3 0 3 0
> VAMPIRE 2 13 2 3 0 3 0
> VAMPIRE 3 12 13 3 0 3 0
> VAMPIRE 4 1 12 3 0 3 0
> GRENADE 1 1 2 3 3
> GRENADE 2 12 1 3 3
> GRENADE 3 13 12 3 3
> GRENADE 4 2 13 3 3
> BAT1 8 1 9 1 10 1 11 1 1 3 7 3 1 4 1 5 6 5 8 5 1 6 5 6 9 6 3 7 11 7 5 8 9 8 13 8 6 9 8 9 13 9 13 10 7 11 13 11 3 13 4 13 5 13 6 13
> BAT2 3 1 4 1 5 1 6 1 8 3 9 3 13 3 13 4 3 5 7 5 13 5 3 6 13 6 5 7 9 7 1 8 11 8 1 9 7 9 11 9 1 10 1 11 5 11 6 11 8 13 9 13 10 13 11 13
> BAT3 7 1 5 3 6 3 11 5 11 6 1 7 7 7 13 7 3 8 3 9 8 11 9 11 7 13
< RES 1637177157 4 3
> REQ 1637177157 5 3
> VAMPIRE 1 2 1 3 0 3 0
> VAMPIRE 2 13 2 3 0 3 0
> VAMPIRE 3 12 13 3 0 3 0
> VAMPIRE 4 1 12 3 0 3 0
> GRENADE 1 1 2 2 3
> GRENADE 2 12 1 2 3
> GRENADE 3 13 12 2 3
> GRENADE 4 2 13 2 3
> BAT1 8 1 9 1 10 1 11 1 1 3 7 3 1 4 1 5 6 5 8 5 1 6 5 6 9 6 3 7 11 7 5 8 9 8 13 8 6 9 8 9 13 9 13 10 7 11 13 11 3 13 4 13 5 13 6 13
> BAT2 3 1 4 1 5 1 6 1 8 3 9 3 13 3 13 4 3 5 7 5 13 5 3 6 13 6 5 7 9 7 1 8 11 8 1 9 7 9 11 9 1 10 1 11 5 11 6 11 8 13 9 13 10 13 11 13
> BAT3 7 1 5 3 6 3 11 5 11 6 1 7 7 7 13 7 3 8 3 9 8 11 9 11 7 13
< RES 1637177157 5 3
> REQ 1637177157 6 3
> VAMPIRE 1 2 1 3 0 3 0
> VAMPIRE 2 13 2 3 0 3 0
> VAMPIRE 3 12 13 3 0 3 0
> VAMPIRE 4 1 12 3 0 3 0
> GRENADE 1 1 2 1 3
> GRENADE 2 12 1 1 3
> GRENADE 3 13 12 1 3
> GRENADE 4 2 13 1 3
> BAT1 8 1 9 1 10 1 11 1 1 3 7 3 1 4 1 5 6 5 8 5 1 6 5 6 9 6 3 7 11 7 5 8 9 8 13 8 6 9 8 9 13 9 13 10 7 11 13 11 3 13 4 13 5 13 6 13
> BAT2 3 1 4 1 5 1 6 1 8 3 9 3 13 3 13 4 3 5 7 5 13 5 3 6 13 6 5 7 9 7 1 8 11 8 1 9 7 9 11 9 1 10 1 11 5 11 6 11 8 13 9 13 10 13 11 13
> BAT3 7 1 5 3 6 3 11 5 11 6 1 7 7 7 13 7 3 8 3 9 8 11 9 11 7 13
< RES 1637177157 6 3
< MOVE D
> REQ 1637177157 7 3
> VAMPIRE 1 1 1 3 1 3 0
> VAMPIRE 2 13 1 3 1 3 0
> VAMPIRE 3 13 13 3 1 3 0
> VAMPIRE 4 1 12 3 1 3 0
> BAT1 8 1 9 1 10 1 7 3 1 4 1 5 6 5 8 5 1 6 5 6 9 6 3 7 11 7 5 8 9 8 13 8 6 9 8 9 13 9 13 10 7 11 4 13 5 13 6 13
> BAT2 3 1 4 1 5 1 6 1 8 3 9 3 13 3 13 4 3 5 7 5 13 5 3 6 13 6 5 7 9 7 1 8 11 8 1 9 7 9 11 9 1 10 1 11 5 11 6 11 8 13 9 13 10 13 11 13
> BAT3 7 1 5 3 6 3 11 5 11 6 1 7 7 7 13 7 3 8 3 9 8 11 9 11 7 13
< RES 1637177157 7 3
< GRENADE
< MOVE L L
> REQ 1637177157 8 3
> VAMPIRE 1 1 3 3 0 3 0
> VAMPIRE 2 11 1 3 0 3 0
> VAMPIRE 3 13 11 3 0 3 0
> VAMPIRE 4 2 13 3 1 3 0
> GRENADE 1 1 1 5 3
> GRENADE 2 13 1 5 3
> GRENADE 3 13 13 5 3
> BAT1 8 1 9 1 10 1 7 3 1 4 1 5 6 5 8 5 1 6 5 6 9 6 3 7 11 7 5 8 9 8 13 8 6 9 8 9 13 9 13 10 7 11 4 13 5 13 6 13
> BAT2 3 1 4 1 5 1 6 1 8 3 9 3 13 3 13 4 3 5 7 5 13 5 3 6 13 6 5 7 9 7 1 8 11 8 1 9 7 9 11 9 1 10 1 11 5 11 6 11 8 13 9 13 10 13 11 13
> BAT3 7 1 5 3 6 3 11 5 11 6 1 7 7 7 13 7 3 8 3 9 8 11 9 11 7 13
< RES 1637177157 8 3
< MOVE U U
> REQ 1637177157 9 3
> VAMPIRE 1 3 3 3 0 3 0
> VAMPIRE 2 11 3 3 0 3 0
> VAMPIRE 3 11 11 3 0 3 0
> VAMPIRE 4 3 12 3 1 3 0
> GRENADE 1 1 1 4 3
> GRENADE 2 13 1 4 3
> GRENADE 3 13 13 4 3
> BAT1 8 1 9 1 10 1 7 3 1 4 1 5 6 5 8 5 1 6 5 6 9 6 3 7 11 7 5 8 9 8 13 8 6 9 8 9 13 9 13 10 7 11 4 13 5 13 6 13
> BAT2 3 1 4 1 5 1 6 1 8 3 9 3 13 3 13 4 3 5 7 5 13 5 3 6 13 6 5 7 9 7 1 8 11 8 1 9 7 9 11 9 1 10 1 11 5 11 6 11 8 13 9 13 10 13 11 13
> BAT3 7 1 5 3 6 3 11 5 11 6 1 7 7 7 13 7 3 8 3 9 8 11 9 11 7 13
< RES 1637177157 9 3
> REQ 1637177157 10 3
> VAMPIRE 1 3 3 3 0 3 0
> VAMPIRE 2 11 3 3 0 3 0
> VAMPIRE 3 11 11 3 0 3 0
> VAMPIRE 4 3 11 3 1 3 0
> GRENADE 1 1 1 3 3
> GRENADE 2 13 1 3 3
> GRENADE 3 13 13 3 3
> BAT1 8 1 9 1 10 1 7 3 1 4 1 5 6 5 8 5 1 6 5 6 9 6 3 7 11 7 5 8 9 8 13 8 6 9 8 9 13 9 13 10 7 11 4 13 5 13 6 13
> BAT2 3 1 4 1 5 1 6 1 8 3 9 3 13 3 13 4 3 5 7 5 13 5 3 6 13 6 5 7 9 7 1 8 11 8 1 9 7 9 11 9 1 10 1 11 5 11 6 11 8 13 9 13 10 13 11 13
> BAT3 7 1 5 3 6 3 11 5 11 6 1 7 7 7 13 7 3 8 3 9 8 11 9 11 7 13
< RES 1637177157 10 3
> REQ 1637177157 11 3
> VAMPIRE 1 3 3 3 0 3 0
> VAMPIRE 2 11 3 3 0 3 0
> VAMPIRE 3 11 11 3 0 3 0
> VAMPIRE 4 3 13 3 0 3 0
> GRENADE 1 1 1 2 3
> GRENADE 2 13 1 2 3
> GRENADE 3 13 13 2 3
> GRENADE 4 3 11 5 3
> BAT1 8 1 9 1 10 1 7 3 1 4 1 5 6 5 8 5 1 6 5 6 9 6 3 7 11 7 5 8 9 8 13 8 6 9 8 9 13 9 13 10 7 11 4 13 5 13 6 13
> BAT2 3 1 4 1 5 1 6 1 8 3 9 3 13 3 13 4 3 5 7 5 13 5 3 6 13 6 5 7 9 7 1 8 11 8 1 9 7 9 11 9 1 10 1 11 5 11 6 11 8 13 9 13 10 13 11 13
> BAT3 7 1 5 3 6 3 11 5 11 6 1 7 7 7 13 7 3 8 3 9 8 11 9 11 7 13
< RES 1637177157 11 3
> REQ 1637177157 12 3
> VAMPIRE 1 3 3 3 0 3 0
> VAMPIRE 2 11 3 3 0 3 0
> VAMPIRE 3 11 11 3 0 3 0
> VAMPIRE 4 2 13 3 0 3 0
> GRENADE 1 1 1 1 3
> GRENADE 2 13 1 1 3
> GRENADE 3 13 13 1 3
> GRENADE 4 3 11 4 3
> BAT1 8 1 9 1 10 1 7 3 1 4 1 5 6 5 8 5 1 6 5 6 9 6 3 7 11 7 5 8 9 8 13 8 6 9 8 9 13 9 13 10 7 11 4 13 5 13 6 13
> BAT2 3 1 4 1 5 1 6 1 8 3 9 3 13 3 13 4 3 5 7 5 13 5 3 6 13 6 5 7 9 7 1 8 11 8 1 9 7 9 11 9 1 10 1 11 5 11 6 11 8 13 9 13 10 13 11 13
> BAT3 7 1 5 3 6 3 11 5 11 6 1 7 7 7 13 7 3 8 3 9 8 11 9 11 7 13
< RES 1637177157 12 3
< MOVE L
> REQ 1637177157 13 3
> VAMPIRE 1 3 3 3 1 3 0
> VAMPIRE 2 11 3 3 1 3 0
> VAMPIRE 3 11 10 3 1 3 0
> VAMPIRE 4 2 13 3 0 3 0
> GRENADE 4 3 11 3 3
> BAT1 8 1 9 1 7 3 1 5 6 5 8 5 1 6 5 6 9 6 3 7 11 7 5 8 9 8 13 8 6 9 8 9 13 9 7 11 4 13 5 13 6 13 3 1 13 3 11 13
> BAT2 4 1 5 1 6 1 8 3 9 3 13 4 3 5 7 5 13 5 3 6 13 6 5 7 9 7 1 8 11 8 1 9 7 9 11 9 1 10 1 11 5 11 6 11 8 13 9 13 10 13
> BAT3 7 1 5 3 6 3 11 5 11 6 1 7 7 7 13 7 3 8 3 9 8 11 9 11 7 13
< RES 1637177157 13 3
< GRENADE
< MOVE R D
> REQ 1637177157 14 3
> VAMPIRE 1 1 3 3 0 3 0
> VAMPIRE 2 11 1 3 0 3 0
> VAMPIRE 3 12 11 3 0 3 0
> VAMPIRE 4 2 13 3 0 3 0
> GRENADE 4 3 11 2 3
> GRENADE 1 3 3 5 3
> GRENADE 2 11 3 5 3
> GRENADE 3 11 10 5 3
> BAT1 8 1 9 1 7 3 1 5 6 5 8 5 1 6 5 6 9 6 3 7 11 7 5 8 9 8 13 8 6 9 8 9 13 9 7 11 4 13 5 13 6 13 3 1 13 3 11 13
> BAT2 4 1 5 1 6 1 8 3 9 3 13 4 3 5 7 5 13 5 3 6 13 6 5 7 9 7 1 8 11 8 1 9 7 9 11 9 1 10 1 11 5 11 6 11 8 13 9 13 10 13
> BAT3 7 1 5 3 6 3 11 5 11 6 1 7 7 7 13 7 3 8 3 9 8 11 9 11 7 13
< RES 1637177157 14 3
< MOVE D
> REQ 1637177157 15 3
> VAMPIRE 1 1 1 3 0 3 0
> VAMPIRE 2 13 1 3 0 3 0
> VAMPIRE 3 13 11 3 0 3 0
> VAMPIRE 4 2 13 3 0 3 0
> GRENADE 4 3 11 1 3
> GRENADE 1 3 3 4 3
> GRENADE 2 11 3 4 3
> GRENADE 3 11 10 4 3
> BAT1 8 1 9 1 7 3 1 5 6 5 8 5 1 6 5 6 9 6 3 7 11 7 5 8 9 8 13 8 6 9 8 9 13 9 7 11 4 13 5 13 6 13 3 1 13 3 11 13
> BAT2 4 1 5 1 6 1 8 3 9 3 13 4 3 5 7 5 13 5 3 6 13 6 5 7 9 7 1 8 11 8 1 9 7 9 11 9 1 10 1 11 5 11 6 11 8 13 9 13 10 13
> BAT3 7 1 5 3 6 3 11 5 11 6 1 7 7 7 13 7 3 8 3 9 8 11 9 11 7 13
< RES 1637177157 15 3
> REQ 1637177157 16 3
> VAMPIRE 1 1 1 3 0 3 0
> VAMPIRE 2 13 1 3 0 3 0
> VAMPIRE 3 13 11 3 0 3 0
> VAMPIRE 4 3 12 3 1 3 0
> GRENADE 1 3 3 3 3
> GRENADE 2 11 3 3 3
> GRENADE 3 11 10 3 3
> BAT1 8 1 9 1 7 3 1 5 6 5 8 5 1 6 5 6 9 6 3 7 11 7 5 8 9 8 13 8 6 9 8 9 13 9 7 11 4 13 5 13 6 13 3 1 13 3 1 11 5 11 11 13
> BAT2 4 1 5 1 6 1 8 3 9 3 13 4 3 5 7 5 13 5 3 6 13 6 5 7 9 7 1 8 11 8 1 9 7 9 11 9 1 10 6 11 8 13 9 13 10 13 3 9
> BAT3 7 1 5 3 6 3 11 5 11 6 1 7 7 7 13 7 3 8 8 11 9 11 7 13
< RES 1637177157 16 3
> REQ 1637177157 17 3
> VAMPIRE 1 1 1 3 0 3 0
> VAMPIRE 2 13 1 3 0 3 0
> VAMPIRE 3 13 11 3 0 3 0
> VAMPIRE 4 3 11 3 1 3 0
> GRENADE 1 3 3 2 3
> GRENADE 2 11 3 2 3
> GRENADE 3 11 10 2 3
> BAT1 8 1 9 1 7 3 1 5 6 5 8 5 1 6 5 6 9 6 3 7 11 7 5 8 9 8 13 8 6 9 8 9 13 9 7 11 4 13 5 13 6 13 3 1 13 3 1 11 5 11 11 13
> BAT2 4 1 5 1 6 1 8 3 9 3 13 4 3 5 7 5 13 5 3 6 13 6 5 7 9 7 1 8 11 8 1 9 7 9 11 9 1 10 6 11 8 13 9 13 10 13 3 9
> BAT3 7 1 5 3 6 3 11 5 11 6 1 7 7 7 13 7 3 8 8 11 9 11 7 13
< RES 1637177157 17 3
> REQ 1637177157 18 3
> VAMPIRE 1 1 1 3 0 3 0
> VAMPIRE 2 12 1 3 0 3 0
> VAMPIRE 3 13 11 3 0 3 0
> VAMPIRE 4 3 13 3 0 3 0
> GRENADE 1 3 3 1 3
> GRENADE 2 11 3 1 3
> GRENADE 3 11 10 1 3
> GRENADE 4 3 11 5 3
> BAT1 8 1 9 1 7 3 1 5 6 5 8 5 1 6 5 6 9 6 3 7 11 7 5 8 9 8 13 8 6 9 8 9 13 9 7 11 4 13 5 13 6 13 3 1 13 3 1 11 5 11 11 13
> BAT2 4 1 5 1 6 1 8 3 9 3 13 4 3 5 7 5 13 5 3 6 13 6 5 7 9 7 1 8 11 8 1 9 7 9 11 9 1 10 6 11 8 13 9 13 10 13 3 9
> BAT3 7 1 5 3 6 3 11 5 11 6 1 7 7 7 13 7 3 8 8 11 9 11 7 13
< RES 1637177157 18 3
< MOVE L
> REQ 1637177157 19 3
> VAMPIRE 1 2 1 3 1 3 0
> VAMPIRE 2 10 1 3 1 3 0
> VAMPIRE 3 13 10 3 1 3 0
> VAMPIRE 4 2 13 3 0 3 0
> GRENADE 4 3 11 4 3
> BAT1 8 1 9 1 7 3 1 5 6 5 8 5 1 6 5 6 9 6 3 7 11 7 5 8 9 8 13 8 6 9 8 9 13 9 7 11 4 13 5 13 6 13 9 3 3 5 11 9 1 11 5 11
> BAT2 4 1 5 1 6 1 8 3 13 4 7 5 13 5 3 6 13 6 5 7 9 7 1 8 11 8 1 9 7 9 1 10 6 11 8 13 9 13 10 13 5 3 11 5 3 9
> BAT3 7 1 6 3 11 6 1 7 7 7 13 7 3 8 8 11 9 11 7 13
< RES 1637177157 19 3
< MOVE R U
> REQ 1637177157 20 3
> VAMPIRE 1 1 2 3 1 3 0
> VAMPIRE 2 11 2 3 0 3 0
> VAMPIRE 3 12 11 3 1 3 0
> VAMPIRE 4 2 13 3 0 3 0
> GRENADE 4 3 11 3 3
> GRENADE 2 10 1 5 3
> BAT1 8 1 9 1 7 3 1 5 6 5 8 5 1 6 5 6 9 6 3 7 11 7 5 8 9 8 13 8 6 9 8 9 13 9 7 11 4 13 5 13 6 13 9 3 3 5 11 9 1 11 5 11
> BAT2 4 1 5 1 6 1 8 3 13 4 7 5 13 5 3 6 13 6 5 7 9 7 1 8 11 8 1 9 7 9 1 10 6 11 8 13 9 13 10 13 5 3 11 5 3 9
> BAT3 7 1 6 3 11 6 1 7 7 7 13 7 3 8 8 11 9 11 7 13
< RES 1637177157 20 3
< MOVE U L
> REQ 1637177157 21 3
> VAMPIRE 1 2 3 3 0 3 0
> VAMPIRE 2 11 3 3 0 3 0
> VAMPIRE 3 11 10 3 1 3 0
> VAMPIRE 4 2 13 3 0 3 0
> GRENADE 4 3 11 2 3
> GRENADE 2 10 1 4 3
> GRENADE 1 1 2 5 3
> BAT1 8 1 9 1 7 3 1 5 6 5 8 5 1 6 5 6 9 6 3 7 11 7 5 8 9 8 13 8 6 9 8 9 13 9 7 11 4 13 5 13 6 13 9 3 3 5 11 9 1 11 5 11
> BAT2 4 1 5 1 6 1 8 3 13 4 7 5 13 5 3 6 13 6 5 7 9 7 1 8 11 8 1 9 7 9 1 10 6 11 8 13 9 13 10 13 5 3 11 5 3 9
> BAT3 7 1 6 3 11 6 1 7 7 7 13 7 3 8 8 11 9 11 7 13
< RES 1637177157 21 3
< GRENADE
< MOVE R D
> REQ 1637177157 22 3
> VAMPIRE 1 3 3 3 0 3 0
> VAMPIRE 2 11 3 3 0 3 0
> VAMPIRE 3 12 11 3 0 3 0
> VAMPIRE 4 2 13 3 0 3 0
> GRENADE 4 3 11 1 3
> GRENADE 2 10 1 3 3
> GRENADE 1 1 2 4 3
> GRENADE 3 11 10 5 3
> BAT1 8 1 9 1 7 3 1 5 6 5 8 5 1 6 5 6 9 6 3 7 11 7 5 8 9 8 13 8 6 9 8 9 13 9 7 11 4 13 5 13 6 13 9 3 3 5 11 9 1 11 5 11
> BAT2 4 1 5 1 6 1 8 3 13 4 7 5 13 5 3 6 13 6 5 7 9 7 1 8 11 8 1 9 7 9 1 10 6 11 8 13 9 13 10 13 5 3 11 5 3 9
> BAT3 7 1 6 3 11 6 1 7 7 7 13 7 3 8 8 11 9 11 7 13
< RES 1637177157 22 3
< MOVE D
> REQ 1637177157 23 3
> VAMPIRE 1 3 3 3 0 3 0
> VAMPIRE 2 11 3 3 0 3 0
> VAMPIRE 3 13 11 3 0 3 0
> VAMPIRE 4 3 13 3 1 3 0
> GRENADE 2 10 1 2 3
> GRENADE 1 1 2 3 3
> GRENADE 3 11 10 4 3
> BAT1 8 1 9 1 7 3 1 5 6 5 8 5 1 6 5 6 9 6 3 7 11 7 5 8 9 8 13 8 6 9 8 9 13 9 7 11 4 13 5 13 6 13 9 3 3 5 11 9 3 9
> BAT2 4 1 5 1 6 1 8 3 13 4 7 5 13 5 3 6 13 6 5 7 9 7 1 8 11 8 1 9 7 9 1 10 6 11 8 13 9 13 10 13 5 3 11 5
> BAT3 7 1 6 3 11 6 1 7 7 7 13 7 3 8 8 11 9 11 7 13
< RES 1637177157 23 3
> REQ 1637177157 24 3
> VAMPIRE 1 3 3 3 0 3 0
> VAMPIRE 2 11 3 3 0 3 0
> VAMPIRE 3 13 11 3 0 3 0
> VAMPIRE 4 3 11 3 1 3 0
> GRENADE 2 10 1 1 3
> GRENADE 1 1 2 2 3
> GRENADE 3 11 10 3 3
> BAT1 8 1 9 1 7 3 1 5 6 5 8 5 1 6 5 6 9 6 3 7 11 7 5 8 9 8 13 8 6 9 8 9 13 9 7 11 4 13 5 13 6 13 9 3 3 5 11 9 3 9
> BAT2 4 1 5 1 6 1 8 3 13 4 7 5 13 5 3 6 13 6 5 7 9 7 1 8 11 8 1 9 7 9 1 10 6 11 8 13 9 13 10 13 5 3 11 5
> BAT3 7 1 6 3 11 6 1 7 7 7 13 7 3 8 8 11 9 11 7 13
< RES 1637177157 24 3
> REQ 1637177157 25 3
> VAMPIRE 1 3 3 3 0 3 0
> VAMPIRE 2 11 3 3 1 3 0
> VAMPIRE 3 13 11 3 0 3 0
> VAMPIRE 4 5 11 3 0 3 0
> GRENADE 1 1 2 1 3
> GRENADE 3 11 10 2 3
> GRENADE 4 3 11 5 3
> BAT1 8 1 7 3 1 5 6 5 8 5 1 6 5 6 9 6 3 7 11 7 5 8 9 8 13 8 6 9 8 9 13 9 7 11 4 13 5 13 6 13 9 3 3 5 11 9 3 9
> BAT2 4 1 5 1 6 1 8 3 13 4 7 5 13 5 3 6 13 6 5 7 9 7 1 8 11 8 1 9 7 9 1 10 6 11 8 13 9 13 10 13 5 3 11 5
> BAT3 7 1 6 3 11 6 1 7 7 7 13 7 3 8 8 11 9 11 7 13
< RES 1637177157 25 3
> REQ 1637177157 26 3
> VAMPIRE 1 3 2 3 1 3 0
> VAMPIRE 2 11 1 3 0 3 0
> VAMPIRE 3 13 11 3 0 3 0
> VAMPIRE 4 5 9 3 0 3 0
> GRENADE 3 11 10 1 3
> GRENADE 4 3 11 4 3
> GRENADE 2 11 3 5 3
> BAT1 8 1 7 3 6 5 8 5 1 6 5 6 9 6 3 7 11 7 5 8 9 8 13 8 6 9 8 9 13 9 7 11 4 13 5 13 6 13 9 3 3 5 11 9 3 9
> BAT2 4 1 5 1 6 1 8 3 13 4 7 5 13 5 3 6 13 6 5 7 9 7 1 8 11 8 1 9 7 9 1 10 6 11 8 13 9 13 10 13 5 3 11 5
> BAT3 7 1 6 3 11 6 1 7 7 7 13 7 3 8 8 11 9 11 7 13
< RES 1637177157 26 3
< MOVE U U
> REQ 1637177157 27 3
> VAMPIRE 1 2 3 3 0 3 0
> VAMPIRE 2 9 1 3 0 3 0
> VAMPIRE 3 11 11 3 1 3 0
> VAMPIRE 4 5 9 3 0 3 0
> GRENADE 4 3 11 3 3
> GRENADE 2 11 3 4 3
> GRENADE 1 3 2 5 3
> BAT1 8 1 7 3 6 5 8 5 1 6 5 6 9 6 3 7 11 7 5 8 9 8 13 8 6 9 8 9 13 9 7 11 4 13 5 13 6 13 9 3 3 5 3 9
> BAT2 4 1 5 1 6 1 8 3 13 4 7 5 13 5 3 6 13 6 5 7 9 7 1 8 11 8 1 9 7 9 1 10 6 11 8 13 9 13 10 13 5 3 11 5
> BAT3 7 1 6 3 11 6 1 7 7 7 13 7 3 8 8 11 9 11 7 13
< RES 1637177157 27 3
< MOVE L L
> REQ 1637177157 28 3
> VAMPIRE 1 1 3 3 0 3 0
> VAMPIRE 2 9 1 3 0 3 0
> VAMPIRE 3 11 9 3 1 3 0
> VAMPIRE 4 5 9 3 0 3 0
> GRENADE 4 3 11 2 3
> GRENADE 2 11 3 3 3
> GRENADE 1 3 2 4 3
> BAT1 8 1 7 3 6 5 8 5 1 6 5 6 9 6 3 7 11 7 5 8 9 8 13 8 6 9 8 9 13 9 7 11 4 13 5 13 6 13 9 3 3 5 3 9
> BAT2 4 1 5 1 6 1 8 3 13 4 7 5 13 5 3 6 13 6 5 7 9 7 1 8 11 8 1 9 7 9 1 10 6 11 8 13 9 13 10 13 5 3 11 5
> BAT3 7 1 6 3 11 6 1 7 7 7 13 7 3 8 8 11 9 11 7 13
< RES 1637177157 28 3
< GRENADE
< MOVE R R
> REQ 1637177157 29 3
> VAMPIRE 1 1 3 3 0 3 0
> VAMPIRE 2 9 1 3 0 3 0
> VAMPIRE 3 11 11 3 0 3 0
> VAMPIRE 4 5 9 3 0 3 0
> GRENADE 4 3 11 1 3
> GRENADE 2 11 3 2 3
> GRENADE 1 3 2 3 3
> GRENADE 3 11 9 5 3
> BAT1 8 1 7 3 6 5 8 5 1 6 5 6 9 6 3 7 11 7 5 8 9 8 13 8 6 9 8 9 13 9 7 11 4 13 5 13 6 13 9 3 3 5 3 9
> BAT2 4 1 5 1 6 1 8 3 13 4 7 5 13 5 3 6 13 6 5 7 9 7 1 8 11 8 1 9 7 9 1 10 6 11 8 13 9 13 10 13 5 3 11 5
> BAT3 7 1 6 3 11 6 1 7 7 7 13 7 3 8 8 11 9 11 7 13
< RES 1637177157 29 3
< MOVE D D
> REQ 1637177157 30 3
> VAMPIRE 1 1 3 3 0 3 0
> VAMPIRE 2 9 1 3 0 3 0
> VAMPIRE 3 13 11 3 0 3 0
> VAMPIRE 4 5 9 3 1 3 0
> GRENADE 2 11 3 1 3
> GRENADE 1 3 2 2 3
> GRENADE 3 11 9 4 3
> BAT1 8 1 7 3 6 5 8 5 1 6 5 6 9 6 3 7 11 7 5 8 9 8 13 8 6 9 8 9 13 9 7 11 4 13 5 13 6 13 9 3 3 5 6 11
> BAT2 4 1 5 1 6 1 8 3 13 4 7 5 13 5 3 6 13 6 5 7 9 7 1 8 11 8 1 9 7 9 1 10 8 13 9 13 10 13 5 3 11 5
> BAT3 7 1 6 3 11 6 1 7 7 7 13 7 3 8 8 11 9 11 7 13
< RES 1637177157 30 3
> REQ 1637177157 31 3
> VAMPIRE 1 1 3 3 0 3 0
> VAMPIRE 2 10 1 3 1 3 0
> VAMPIRE 3 13 11 3 0 3 0
> VAMPIRE 4 3 9 3 1 3 0
> GRENADE 1 3 2 1 3
> GRENADE 3 11 9 3 3
> BAT1 8 1 7 3 6 5 8 5 1 6 5 6 9 6 3 7 11 7 5 8 9 8 13 8 6 9 8 9 13 9 7 11 4 13 5 13 6 13 3 5 6 11 11 5
> BAT2 4 1 5 1 6 1 8 3 13 4 7 5 13 5 3 6 13 6 5 7 9 7 1 8 11 8 1 9 7 9 1 10 8 13 9 13 10 13 5 3
> BAT3 7 1 6 3 11 6 1 7 7 7 13 7 3 8 8 11 9 11 7 13
< RES 1637177157 31 3
> REQ 1637177157 32 3
> VAMPIRE 1 3 3 3 1 3 0
> VAMPIRE 2 9 1 3 1 3 0
> VAMPIRE 3 13 11 3 0 3 0
> VAMPIRE 4 3 11 3 0 3 0
> GRENADE 3 11 9 2 3
> GRENADE 4 3 9 5 3
> BAT1 8 1 7 3 6 5 8 5 1 6 5 6 9 6 3 7 11 7 5 8 9 8 13 8 6 9 8 9 13 9 7 11 4 13 5 13 6 13 6 11 11 5
> BAT2 4 1 5 1 6 1 8 3 13 4 7 5 13 5 3 6 13 6 5 7 9 7 1 8 11 8 1 9 7 9 1 10 8 13 9 13 10 13 5 3
> BAT3 7 1 6 3 11 6 1 7 7 7 13 7 3 8 8 11 9 11 7 13
< RES 1637177157 32 3
> REQ 1637177157 33 3
> VAMPIRE 1 3 5 3 0 3 0
> VAMPIRE 2 10 1 3 1 3 0
> VAMPIRE 3 13 11 3 0 3 0
> VAMPIRE 4 5 11 3 0 3 0
> GRENADE 3 11 9 1 3
> GRENADE 4 3 9 4 3
> GRENADE 1 3 3 5 3
> BAT1 8 1 7 3 6 5 8 5 1 6 5 6 9 6 3 7 11 7 5 8 9 8 13 8 6 9 8 9 13 9 7 11 4 13 5 13 6 13 6 11 11 5
> BAT2 4 1 5 1 6 1 8 3 13 4 7 5 13 5 3 6 13 6 5 7 9 7 1 8 11 8 1 9 7 9 1 10 8 13 9 13 10 13 5 3
> BAT3 7 1 6 3 11 6 1 7 7 7 13 7 3 8 8 11 9 11 7 13
< RES 1637177157 33 3
< MOVE U U
> REQ 1637177157 34 3
> VAMPIRE 1 5 5 3 0 3 0
> VAMPIRE 2 9 1 3 1 3 0
> VAMPIRE 3 11 11 3 1 3 0
> VAMPIRE 4 5 11 3 0 3 0
> GRENADE 4 3 9 3 3
> GRENADE 1 3 3 4 3
> BAT1 8 1 7 3 6 5 8 5 1 6 5 6 9 6 3 7 11 7 5 8 9 8 13 8 6 9 7 11 4 13 5 13 6 13 11 8 6 11 11 5
> BAT2 4 1 5 1 6 1 8 3 13 4 7 5 13 5 3 6 13 6 5 7 9 7 1 8 1 9 7 9 1 10 8 13 9 13 10 13 5 3
> BAT3 7 1 6 3 11 6 1 7 7 7 13 7 3 8 8 11 9 11 7 13
< RES 1637177157 34 3
< GRENADE
< MOVE L L
> REQ 1637177157 35 3
> VAMPIRE 1 5 5 3 0 3 0
> VAMPIRE 2 10 1 3 1 3 0
> VAMPIRE 3 11 9 3 0 3 0
> VAMPIRE 4 5 11 3 0 3 0
> GRENADE 4 3 9 2 3
> GRENADE 1 3 3 3 3
> GRENADE 3 11 11 5 3
> BAT1 8 1 7 3 6 5 8 5 1 6 5 6 9 6 3 7 11 7 5 8 9 8 13 8 6 9 7 11 4 13 5 13 6 13 11 8 6 11 11 5
> BAT2 4 1 5 1 6 1 8 3 13 4 7 5 13 5 3 6 13 6 5 7 9 7 1 8 1 9 7 9 1 10 8 13 9 13 10 13 5 3
> BAT3 7 1 6 3 11 6 1 7 7 7 13 7 3 8 8 11 9 11 7 13
< RES 1637177157 35 3
< MOVE U U
> REQ 1637177157 36 3
> VAMPIRE 1 5 5 3 0 3 0
> VAMPIRE 2 9 1 3 1 3 0
> VAMPIRE 3 9 9 3 0 3 0
> VAMPIRE 4 5 11 3 0 3 0
> GRENADE 4 3 9 1 3
> GRENADE 1 3 3 2 3
> GRENADE 3 11 11 4 3
> BAT1 8 1 7 3 6 5 8 5 1 6 5 6 9 6 3 7 11 7 5 8 9 8 13 8 6 9 7 11 4 13 5 13 6 13 11 8 6 11 11 5
> BAT2 4 1 5 1 6 1 8 3 13 4 7 5 13 5 3 6 13 6 5 7 9 7 1 8 1 9 7 9 1 10 8 13 9 13 10 13 5 3
> BAT3 7 1 6 3 11 6 1 7 7 7 13 7 3 8 8 11 9 11 7 13
< RES 1637177157 36 3
> REQ 1637177157 37 3
> VAMPIRE 1 5 5 3 0 3 0
> VAMPIRE 2 10 1 3 1 3 0
> VAMPIRE 3 9 9 3 0 3 0
> VAMPIRE 4 5 11 3 1 3 0
> GRENADE 1 3 3 1 3
> GRENADE 3 11 11 3 3
> BAT1 8 1 7 3 6 5 8 5 1 6 5 6 9 6 3 7 11 7 5 8 9 8 13 8 7 11 4 13 5 13 6 13 11 8 1 9 6 11 11 5
> BAT2 4 1 5 1 6 1 8 3 13 4 7 5 13 5 3 6 13 6 5 7 9 7 1 8 7 9 1 10 8 13 9 13 10 13 5 3 3 8
> BAT3 7 1 6 3 11 6 1 7 7 7 13 7 8 11 9 11 7 13
< RES 1637177157 37 3
> REQ 1637177157 38 3
> VAMPIRE 1 5 5 3 1 3 0
> VAMPIRE 2 9 1 3 1 3 0
> VAMPIRE 3 9 9 3 0 3 0
> VAMPIRE 4 3 11 3 0 3 0
> GRENADE 3 11 11 2 3
> GRENADE 4 5 11 5 3
> BAT1 8 1 7 3 6 5 8 5 1 6 5 6 9 6 3 7 11 7 5 8 9 8 13 8 7 11 4 13 5 13 6 13 3 6 11 8 1 9 6 11 5 3 11 5
> BAT2 4 1 5 1 6 1 8 3 13 4 7 5 13 5 13 6 5 7 9 7 1 8 7 9 1 10 8 13 9 13 10 13 3 8
> BAT3 7 1 6 3 11 6 1 7 7 7 13 7 8 11 9 11 7 13
< RES 1637177157 38 3
> REQ 1637177157 39 3
> VAMPIRE 1 3 5 3 0 3 0
> VAMPIRE 2 10 1 3 1 3 0
> VAMPIRE 3 9 9 3 0 3 0
> VAMPIRE 4 3 9 3 0 3 0
> GRENADE 3 11 11 1 3
> GRENADE 4 5 11 4 3
> GRENADE 1 5 5 5 3
> BAT1 8 1 7 3 6 5 8 5 1 6 5 6 9 6 3 7 11 7 5 8 9 8 13 8 7 11 4 13 5 13 6 13 3 6 11 8 1 9 6 11 5 3 11 5
> BAT2 4 1 5 1 6 1 8 3 13 4 7 5 13 5 13 6 5 7 9 7 1 8 7 9 1 10 8 13 9 13 10 13 3 8
> BAT3 7 1 6 3 11 6 1 7 7 7 13 7 8 11 9 11 7 13
< RES 1637177157 39 3
> REQ 1637177157 40 3
> VAMPIRE 1 3 3 3 0 3 0
> VAMPIRE 2 9 1 3 1 3 0
> VAMPIRE 3 9 9 3 1 3 0
> VAMPIRE 4 3 9 3 0 3 0
> GRENADE 4 5 11 3 3
> GRENADE 1 5 5 4 3
> BAT1 8 1 7 3 6 5 8 5 1 6 5 6 9 6 3 7 11 7 5 8 9 8 13 8 7 11 4 13 5 13 6 13 3 6 1 9 6 11 5 3 11 5
> BAT2 4 1 5 1 6 1 8 3 13 4 7 5 13 5 13 6 5 7 9 7 1 8 7 9 1 10 8 13 9 13 10 13 3 8 9 11
> BAT3 7 1 6 3 11 6 1 7 7 7 13 7 8 11 7 13
< RES 1637177157 40 3
< GRENADE
< MOVE D D
> REQ 1637177157 41 3
> VAMPIRE 1 3 3 3 0 3 0
> VAMPIRE 2 10 1 3 1 3 0
> VAMPIRE 3 11 9 3 0 3 0
> VAMPIRE 4 3 9 3 0 3 0
> GRENADE 4 5 11 2 3
> GRENADE 1 5 5 3 3
> GRENADE 3 9 9 5 3
> BAT1 8 1 7 3 6 5 8 5 1 6 5 6 9 6 3 7 11 7 5 8 9 8 13 8 7 11 4 13 5 13 6 13 3 6 1 9 6 11 5 3 11 5
> BAT2 4 1 5 1 6 1 8 3 13 4 7 5 13 5 13 6 5 7 9 7 1 8 7 9 1 10 8 13 9 13 10 13 3 8 9 11
> BAT3 7 1 6 3 11 6 1 7 7 7 13 7 8 11 7 13
< RES 1637177157 41 3
< MOVE R R
> REQ 1637177157 42 3
> VAMPIRE 1 3 3 3 0 3 0
> VAMPIRE 2 9 1 3 1 3 0
> VAMPIRE 3 11 11 3 0 3 0
> VAMPIRE 4 3 9 3 0 3 0
> GRENADE 4 5 11 1 3
> GRENADE 1 5 5 2 3
> GRENADE 3 9 9 4 3
> BAT1 8 1 7 3 6 5 8 5 1 6 5 6 9 6 3 7 11 7 5 8 9 8 13 8 7 11 4 13 5 13 6 13 3 6 1 9 6 11 5 3 11 5
> BAT2 4 1 5 1 6 1 8 3 13 4 7 5 13 5 13 6 5 7 9 7 1 8 7 9 1 10 8 13 9 13 10 13 3 8 9 11
> BAT3 7 1 6 3 11 6 1 7 7 7 13 7 8 11 7 13
< RES 1637177157 42 3
> REQ 1637177157 43 3
> VAMPIRE 1 3 3 3 0 3 0
> VAMPIRE 2 10 1 3 1 3 0
> VAMPIRE 3 11 11 3 0 3 0
> VAMPIRE 4 3 9 3 1 3 0
> GRENADE 1 5 5 1 3
> GRENADE 3 9 9 3 3
> BAT1 8 1 7 3 6 5 8 5 1 6 5 6 9 6 3 7 11 7 9 8 13 8 7 11 4 13 6 13 3 6 1 9 5 3 11 5
> BAT2 4 1 5 1 6 1 8 3 13 4 7 5 13 5 13 6 5 7 9 7 1 8 7 9 1 10 8 13 9 13 10 13 3 8 9 11
> BAT3 7 1 6 3 11 6 1 7 7 7 13 7 8 11 7 13
< RES 1637177157 43 3
> REQ 1637177157 44 3
> VAMPIRE 1 3 3 3 1 3 0
> VAMPIRE 2 9 1 3 1 3 0
> VAMPIRE 3 11 11 3 0 3 0
> VAMPIRE 4 5 9 3 1 3 0
> GRENADE 3 9 9 2 3
> BAT1 8 1 7 3 8 5 1 6 9 6 3 7 11 7 9 8 13 8 7 11 4 13 6 13 3 6 1 9 11 5
> BAT2 4 1 5 1 6 1 8 3 13 4 7 5 13 5 13 6 5 7 9 7 1 8 7 9 1 10 8 13 9 13 10 13 3 8 9 11
> BAT3 7 1 6 3 11 6 1 7 7 7 13 7 8 11 7 13
< RES 1637177157 44 3
< MOVE L
> REQ 1637177157 45 3
> VAMPIRE 1 5 3 3 0 3 0
> VAMPIRE 2 10 1 3 1 3 0
> VAMPIRE 3 11 10 3 0 3 0
> VAMPIRE 4 5 11 3 0 3 0
> GRENADE 3 9 9 1 3
> GRENADE 1 3 3 5 3
> GRENADE 4 5 9 5 3
> BAT1 8 1 7 3 8 5 1 6 9 6 3 7 11 7 9 8 13 8 7 11 4 13 6 13 3 6 1 9 11 5
> BAT2 4 1 5 1 6 1 8 3 13 4 7 5 13 5 13 6 5 7 9 7 1 8 7 9 1 10 8 13 9 13 10 13 3 8 9 11
> BAT3 7 1 6 3 11 6 1 7 7 7 13 7 8 11 7 13
< RES 1637177157 45 3
< MOVE L U
> REQ 1637177157 46 3
> VAMPIRE 1 5 5 3 0 3 0
> VAMPIRE 2 9 1 3 1 3 0
> VAMPIRE 3 10 9 3 1 3 0
> VAMPIRE 4 3 11 3 0 3 0
> GRENADE 1 3 3 4 3
> GRENADE 4 5 9 4 3
> BAT1 8 1 7 3 8 5 1 6 9 6 3 7 11 7 13 8 7 11 4 13 6 13 3 6 1 9 7 9 11 5 9 11
> BAT2 4 1 5 1 6 1 8 3 13 4 7 5 13 5 13 6 5 7 9 7 1 8 1 10 8 13 9 13 10 13 3 8
> BAT3 7 1 6 3 11 6 1 7 7 7 13 7 8 11 7 13
< RES 1637177157 46 3
< MOVE U
> REQ 1637177157 47 3
> VAMPIRE 1 5 5 3 0 3 0
> VAMPIRE 2 10 1 3 1 3 0
> VAMPIRE 3 9 9 3 1 3 0
> VAMPIRE 4 3 11 3 0 3 0
> GRENADE 1 3 3 3 3
> GRENADE 4 5 9 3 3
> BAT1 8 1 7 3 8 5 1 6 9 6 3 7 11 7 13 8 7 11 4 13 6 13 3 6 1 9 7 9 11 5 9 11
> BAT2 4 1 5 1 6 1 8 3 13 4 7 5 13 5 13 6 5 7 9 7 1 8 1 10 8 13 9 13 10 13 3 8
> BAT3 7 1 6 3 11 6 1 7 7 7 13 7 8 11 7 13
< RES 1637177157 47 3
< GRENADE
< MOVE D D
> REQ 1637177157 48 3
> VAMPIRE 1 5 5 3 0 3 0
> VAMPIRE 2 9 1 3 1 3 0
> VAMPIRE 3 11 9 3 0 3 0
> VAMPIRE 4 3 11 3 0 3 0
> GRENADE 1 3 3 2 3
> GRENADE 4 5 9 2 3
> GRENADE 3 9 9 5 3
> BAT1 8 1 7 3 8 5 1 6 9 6 3 7 11 7 13 8 7 11 4 13 6 13 3 6 1 9 7 9 11 5 9 11
> BAT2 4 1 5 1 6 1 8 3 13 4 7 5 13 5 13 6 5 7 9 7 1 8 1 10 8 13 9 13 10 13 3 8
> BAT3 7 1 6 3 11 6 1 7 7 7 13 7 8 11 7 13
< RES 1637177157 48 3
< MOVE R R
> REQ 1637177157 49 3
> VAMPIRE 1 5 5 3 0 3 0
> VAMPIRE 2 10 1 3 1 3 0
> VAMPIRE 3 11 11 3 0 3 0
> VAMPIRE 4 3 11 3 0 3 0
> GRENADE 1 3 3 1 3
> GRENADE 4 5 9 1 3
> GRENADE 3 9 9 4 3
> BAT1 8 1 7 3 8 5 1 6 9 6 3 7 11 7 13 8 7 11 4 13 6 13 3 6 1 9 7 9 11 5 9 11
> BAT2 4 1 5 1 6 1 8 3 13 4 7 5 13 5 13 6 5 7 9 7 1 8 1 10 8 13 9 13 10 13 3 8
> BAT3 7 1 6 3 11 6 1 7 7 7 13 7 8 11 7 13
< RES 1637177157 49 3
> REQ 1637177157 50 3
> VAMPIRE 1 5 3 3 1 3 0
> VAMPIRE 2 9 1 3 1 3 0
> VAMPIRE 3 11 11 3 0 3 0
> VAMPIRE 4 3 9 3 1 3 0
> GRENADE 3 9 9 3 3
> BAT1 8 1 7 3 8 5 1 6 9 6 3 7 11 7 13 8 7 11 4 13 6 13 5 7 1 9 11 5 9 11
> BAT2 4 1 5 1 6 1 8 3 13 4 7 5 13 5 13 6 9 7 1 8 1 10 8 13 9 13 10 13 6 3 3 8
> BAT3 7 1 11 6 1 7 7 7 13 7 8 11 7 13
< RES 1637177157 50 3
> REQ 1637177157 51 3
> VAMPIRE 1 5 5 3 0 3 0
> VAMPIRE 2 10 1 3 1 3 0
> VAMPIRE 3 11 11 3 0 3 0
> VAMPIRE 4 5 9 3 0 3 0
> GRENADE 3 9 9 2 3
> GRENADE 1 5 3 5 3
> GRENADE 4 3 9 5 3
> BAT1 8 1 7 3 8 5 1 6 9 6 3 7 11 7 13 8 7 11 4 13 6 13 5 7 1 9 11 5 9 11
> BAT2 4 1 5 1 6 1 8 3 13 4 7 5 13 5 13 6 9 7 1 8 1 10 8 13 9 13 10 13 6 3 3 8
> BAT3 7 1 11 6 1 7 7 7 13 7 8 11 7 13
< RES 1637177157 51 3
> REQ 1637177157 52 3
> VAMPIRE 1 3 5 3 0 3 0
> VAMPIRE 2 9 1 3 1 3 0
> VAMPIRE 3 11 11 3 0 3 0
> VAMPIRE 4 5 11 3 0 3 0
> GRENADE 3 9 9 1 3
> GRENADE 1 5 3 4 3
> GRENADE 4 3 9 4 3
> BAT1 8 1 7 3 8 5 1 6 9 6 3 7 11 7 13 8 7 11 4 13 6 13 5 7 1 9 11 5 9 11
> BAT2 4 1 5 1 6 1 8 3 13 4 7 5 13 5 13 6 9 7 1 8 1 10 8 13 9 13 10 13 6 3 3 8
> BAT3 7 1 11 6 1 7 7 7 13 7 8 11 7 13
< RES 1637177157 52 3
< MOVE U
> REQ 1637177157 53 3
> VAMPIRE 1 3 5 3 0 3 0
> VAMPIRE 2 10 1 3 1 3 0
> VAMPIRE 3 10 11 3 1 3 0
> VAMPIRE 4 5 9 3 0 3 0
> GRENADE 1 5 3 3 3
> GRENADE 4 3 9 3 3
> BAT1 8 1 7 3 8 5 1 6 9 6 3 7 11 7 13 8 7 11 4 13 6 13 5 7 9 7 1 9 11 5
> BAT2 4 1 5 1 6 1 8 3 13 4 7 5 13 5 13 6 1 8 1 10 8 13 9 13 10 13 6 3 3 8
> BAT3 7 1 11 6 1 7 7 7 13 7 8 11 7 13
< RES 1637177157 53 3
< MOVE U L
> REQ 1637177157 54 3
> VAMPIRE 1 3 5 3 0 3 0
> VAMPIRE 2 9 1 3 1 3 0
> VAMPIRE 3 9 10 3 1 3 0
> VAMPIRE 4 7 9 3 0 3 0
> GRENADE 1 5 3 2 3
> GRENADE 4 3 9 2 3
> BAT1 8 1 7 3 8 5 1 6 9 6 3 7 11 7 13 8 7 11 4 13 6 13 5 7 9 7 1 9 11 5
> BAT2 4 1 5 1 6 1 8 3 13 4 7 5 13 5 13 6 1 8 1 10 8 13 9 13 10 13 6 3 3 8
> BAT3 7 1 11 6 1 7 7 7 13 7 8 11 7 13
< RES 1637177157 54 3
< GRENADE
< MOVE L U
> REQ 1637177157 55 3
> VAMPIRE 1 4 5 3 0 3 0
> VAMPIRE 2 9 3 3 0 3 0
> VAMPIRE 3 8 9 3 0 3 0
> VAMPIRE 4 7 9 3 0 3 0
> GRENADE 1 5 3 1 3
> GRENADE 4 3 9 1 3
> GRENADE 2 9 1 5 3
> GRENADE 3 9 10 5 3
> BAT1 8 1 7 3 8 5 1 6 9 6 3 7 11 7 13 8 7 11 4 13 6 13 5 7 9 7 1 9 11 5
> BAT2 4 1 5 1 6 1 8 3 13 4 7 5 13 5 13 6 1 8 1 10 8 13 9 13 10 13 6 3 3 8
> BAT3 7 1 11 6 1 7 7 7 13 7 8 11 7 13
< RES 1637177157 55 3
< MOVE U
> REQ 1637177157 56 3
> VAMPIRE 1 5 4 3 1 3 0
> VAMPIRE 2 9 5 3 0 3 0
> VAMPIRE 3 7 9 3 0 3 0
> VAMPIRE 4 7 8 3 1 3 0
> GRENADE 2 9 1 4 3
> GRENADE 3 9 10 4 3
> BAT1 8 1 7 3 8 5 1 6 9 6 3 7 11 7 13 8 7 11 4 13 6 13 5 1 5 7 9 7 6 3 11 5 3 8
> BAT2 4 1 6 1 8 3 13 4 7 5 13 5 13 6 1 8 1 10 8 13 9 13 10 13
> BAT3 7 1 11 6 1 7 7 7 13 7 8 11 7 13
< RES 1637177157 56 3
> REQ 1637177157 57 3
> VAMPIRE 1 4 3 3 0 3 0
> VAMPIRE 2 9 5 3 0 3 0
> VAMPIRE 3 7 9 3 0 3 0
> VAMPIRE 4 6 9 3 0 3 0
> GRENADE 2 9 1 3 3
> GRENADE 3 9 10 3 3
> GRENADE 1 5 4 5 3
> GRENADE 4 7 8 5 3
> BAT1 8 1 7 3 8 5 1 6 9 6 3 7 11 7 13 8 7 11 4 13 6 13 5 1 5 7 9 7 6 3 11 5 3 8
> BAT2 4 1 6 1 8 3 13 4 7 5 13 5 13 6 1 8 1 10 8 13 9 13 10 13
> BAT3 7 1 11 6 1 7 7 7 13 7 8 11 7 13
< RES 1637177157 57 3
< MOVE D
> REQ 1637177157 58 3
> VAMPIRE 1 3 3 3 0 3 0
> VAMPIRE 2 9 5 3 0 3 0
> VAMPIRE 3 8 9 3 0 3 0
> VAMPIRE 4 5 9 3 0 3 0
> GRENADE 2 9 1 2 3
> GRENADE 3 9 10 2 3
> GRENADE 1 5 4 4 3
> GRENADE 4 7 8 4 3
> BAT1 8 1 7 3 8 5 1 6 9 6 3 7 11 7 13 8 7 11 4 13 6 13 5 1 5 7 9 7 6 3 11 5 3 8
> BAT2 4 1 6 1 8 3 13 4 7 5 13 5 13 6 1 8 1 10 8 13 9 13 10 13
> BAT3 7 1 11 6 1 7 7 7 13 7 8 11 7 13
< RES 1637177157 58 3
> REQ 1637177157 59 3
> VAMPIRE 1 3 5 3 0 3 0
> VAMPIRE 2 9 5 3 0 3 0
> VAMPIRE 3 8 9 3 0 3 0
> VAMPIRE 4 6 9 3 0 3 0
> GRENADE 2 9 1 1 3
> GRENADE 3 9 10 1 3
> GRENADE 1 5 4 3 3
> GRENADE 4 7 8 3 3
> BAT1 8 1 7 3 8 5 1 6 9 6 3 7 11 7 13 8 7 11 4 13 6 13 5 1 5 7 9 7 6 3 11 5 3 8
> BAT2 4 1 6 1 8 3 13 4 7 5 13 5 13 6 1 8 1 10 8 13 9 13 10 13
> BAT3 7 1 11 6 1 7 7 7 13 7 8 11 7 13
< RES 1637177157 59 3
< MOVE D L
> REQ 1637177157 60 3
> VAMPIRE 1 3 3 3 0 3 0
> VAMPIRE 2 9 5 3 1 3 0
> VAMPIRE 3 9 8 3 1 3 0
> VAMPIRE 4 8 9 3 0 3 0
> GRENADE 1 5 4 2 3
> GRENADE 4 7 8 2 3
> BAT1 7 3 8 5 1 6 9 6 3 7 11 7 13 8 7 11 4 13 6 13 5 1 5 7 9 13 6 3 11 5 3 8
> BAT2 4 1 6 1 8 3 13 4 7 5 13 5 13 6 1 8 1 10 8 13 10 13
> BAT3 7 1 11 6 1 7 7 7 13 7 8 11 7 13
< RES 1637177157 60 3
< MOVE L U
> REQ 1637177157 61 3
> VAMPIRE 1 1 3 3 0 3 0
> VAMPIRE 2 9 3 3 0 3 0
> VAMPIRE 3 8 7 3 1 3 0
> VAMPIRE 4 9 8 3 0 3 0
> GRENADE 1 5 4 1 3
> GRENADE 4 7 8 1 3
> GRENADE 2 9 5 5 3
> BAT1 7 3 8 5 1 6 9 6 3 7 11 7 13 8 7 11 4 13 6 13 5 1 5 7 9 13 6 3 11 5 3 8
> BAT2 4 1 6 1 8 3 13 4 7 5 13 5 13 6 1 8 1 10 8 13 10 13
> BAT3 7 1 11 6 1 7 7 7 13 7 8 11 7 13
< RES 1637177157 61 3
< GRENADE
< MOVE D R
> REQ 1637177157 62 3
> VAMPIRE 1 3 3 3 1 3 0
> VAMPIRE 2 11 3 3 0 3 0
> VAMPIRE 3 9 8 3 0 3 0
> VAMPIRE 4 9 7 3 1 3 0
> GRENADE 2 9 5 4 3
> GRENADE 3 8 7 5 3
> BAT1 7 3 8 5 1 6 9 6 3 7 11 7 13 8 4 13 6 13 9 13 6 3 11 5 3 8
> BAT2 4 1 6 1 8 3 13 4 7 5 13 5 13 6 1 8 1 10 8 13 10 13 7 7
> BAT3 7 1 11 6 1 7 13 7 8 11 7 13
< RES 1637177157 62 3
< MOVE R
> REQ 1637177157 63 3
> VAMPIRE 1 3 5 3 0 3 0
> VAMPIRE 2 11 3 3 0 3 0
> VAMPIRE 3 9 9 3 0 3 0
> VAMPIRE 4 9 9 3 0 3 0
> GRENADE 2 9 5 3 3
> GRENADE 3 8 7 4 3
> GRENADE 1 3 3 5 3
> GRENADE 4 9 7 5 3
> BAT1 7 3 8 5 1 6 9 6 3 7 11 7 13 8 4 13 6 13 9 13 6 3 11 5 3 8
> BAT2 4 1 6 1 8 3 13 4 7 5 13 5 13 6 1 8 1 10 8 13 10 13 7 7
> BAT3 7 1 11 6 1 7 13 7 8 11 7 13
< RES 1637177157 63 3
< MOVE U U
> REQ 1637177157 64 3
> VAMPIRE 1 5 5 3 0 3 0
> VAMPIRE 2 11 3 3 0 3 0
> VAMPIRE 3 7 9 3 0 3 0
> VAMPIRE 4 7 9 3 0 3 0
> GRENADE 2 9 5 2 3
> GRENADE 3 8 7 3 3
> GRENADE 1 3 3 4 3
> GRENADE 4 9 7 4 3
> BAT1 7 3 8 5 1 6 9 6 3 7 11 7 13 8 4 13 6 13 9 13 6 3 11 5 3 8
> BAT2 4 1 6 1 8 3 13 4 7 5 13 5 13 6 1 8 1 10 8 13 10 13 7 7
> BAT3 7 1 11 6 1 7 13 7 8 11 7 13
< RES 1637177157 64 3
> REQ 1637177157 65 3
> VAMPIRE 1 5 7 3 0 3 0
> VAMPIRE 2 11 3 3 0 3 0
> VAMPIRE 3 7 9 3 0 3 0
> VAMPIRE 4 7 9 3 0 3 0
> GRENADE 2 9 5 1 3
> GRENADE 3 8 7 2 3
> GRENADE 1 3 3 3 3
> GRENADE 4 9 7 3 3
> BAT1 7 3 8 5 1 6 9 6 3 7 11 7 13 8 4 13 6 13 9 13 6 3 11 5 3 8
> BAT2 4 1 6 1 8 3 13 4 7 5 13 5 13 6 1 8 1 10 8 13 10 13 7 7
> BAT3 7 1 11 6 1 7 13 7 8 11 7 13
< RES 1637177157 65 3
> REQ 1637177157 66 3
> VAMPIRE 1 5 9 3 0 3 0
> VAMPIRE 2 11 3 3 1 3 0
> VAMPIRE 3 7 9 3 0 3 0
> VAMPIRE 4 7 9 3 0 3 0
> GRENADE 3 8 7 1 3
> GRENADE 1 3 3 2 3
> GRENADE 4 9 7 2 3
> BAT1 7 3 1 6 3 7 11 7 13 8 4 13 6 13 9 13 6 3 3 8
> BAT2 4 1 6 1 8 3 13 4 7 5 13 5 13 6 1 8 1 10 8 13 10 13 7 7
> BAT3 7 1 11 6 1 7 13 7 8 11 7 13
< RES 1637177157 66 3
< MOVE R
> REQ 1637177157 67 3
> VAMPIRE 1 7 9 3 0 3 0
> VAMPIRE 2 9 3 3 0 3 0
> VAMPIRE 3 7 10 3 1 3 0
> VAMPIRE 4 7 11 3 1 3 0
> GRENADE 1 3 3 1 3
> GRENADE 2 11 3 5 3
> BAT1 7 3 1 6 3 7 13 8 4 13 6 13 9 13 6 3 7 7 3 8
> BAT2 4 1 6 1 8 3 13 4 7 5 13 5 13 6 1 8 1 10 8 13 10 13
> BAT3 7 1 11 6 1 7 13 7 8 11 7 13
< RES 1637177157 67 3
< GRENADE
< MOVE L D
> REQ 1637177157 68 3
> VAMPIRE 1 7 9 3 1 3 0
> VAMPIRE 2 9 5 3 0 3 0
> VAMPIRE 3 8 9 3 0 3 0
> VAMPIRE 4 7 11 3 0 3 0
> GRENADE 2 11 3 4 3
> GRENADE 3 7 10 5 3
> GRENADE 4 7 11 5 3
> BAT1 7 3 1 6 3 7 13 8 4 13 6 13 9 13 7 7 3 8
> BAT2 4 1 6 1 8 3 13 4 7 5 13 5 13 6 1 8 1 10 8 13 10 13
> BAT3 7 1 11 6 1 7 13 7 8 11 7 13
< RES 1637177157 68 3
< MOVE D
> REQ 1637177157 69 3
> VAMPIRE 1 5 9 3 0 3 0
> VAMPIRE 2 9 5 3 0 3 0
> VAMPIRE 3 9 9 3 0 3 0
> VAMPIRE 4 5 11 3 0 3 0
> GRENADE 2 11 3 3 3
> GRENADE 3 7 10 4 3
> GRENADE 4 7 11 4 3
> GRENADE 1 7 9 5 3
> BAT1 7 3 1 6 3 7 13 8 4 13 6 13 9 13 7 7 3 8
> BAT2 4 1 6 1 8 3 13 4 7 5 13 5 13 6 1 8 1 10 8 13 10 13
> BAT3 7 1 11 6 1 7 13 7 8 11 7 13
< RES 1637177157 69 3
< MOVE L L
> REQ 1637177157 70 3
> VAMPIRE 1 3 9 3 0 3 0
> VAMPIRE 2 9 5 3 0 3 0
> VAMPIRE 3 9 7 3 0 3 0
> VAMPIRE 4 3 11 3 0 3 0
> GRENADE 2 11 3 2 3
> GRENADE 3 7 10 3 3
> GRENADE 4 7 11 3 3
> GRENADE 1 7 9 4 3
> BAT1 7 3 1 6 3 7 13 8 4 13 6 13 9 13 7 7 3 8
> BAT2 4 1 6 1 8 3 13 4 7 5 13 5 13 6 1 8 1 10 8 13 10 13
> BAT3 7 1 11 6 1 7 13 7 8 11 7 13
< RES 1637177157 70 3
> REQ 1637177157 71 3
> VAMPIRE 1 2 9 3 0 3 0
> VAMPIRE 2 9 5 3 0 3 0
> VAMPIRE 3 9 7 3 0 3 0
> VAMPIRE 4 1 11 3 0 3 0
> GRENADE 2 11 3 1 3
> GRENADE 3 7 10 2 3
> GRENADE 4 7 11 2 3
> GRENADE 1 7 9 3 3
> BAT1 7 3 1 6 3 7 13 8 4 13 6 13 9 13 7 7 3 8
> BAT2 4 1 6 1 8 3 13 4 7 5 13 5 13 6 1 8 1 10 8 13 10 13
> BAT3 7 1 11 6 1 7 13 7 8 11 7 13
< RES 1637177157 71 3
< MOVE L L
> REQ 1637177157 72 3
> VAMPIRE 1 2 9 3 0 3 0
> VAMPIRE 2 10 5 3 1 3 0
> VAMPIRE 3 9 5 3 0 3 0
> VAMPIRE 4 1 11 3 0 3 0
> GRENADE 3 7 10 1 3
> GRENADE 4 7 11 1 3
> GRENADE 1 7 9 2 3
> BAT1 7 3 1 6 3 7 13 8 4 13 6 13 8 3 9 13 7 7 3 8
> BAT2 4 1 6 1 13 4 7 5 13 5 13 6 1 8 1 10 8 13 10 13 11 6
> BAT3 7 1 1 7 13 7 8 11 7 13
< RES 1637177157 72 3
< MOVE D
> REQ 1637177157 73 3
> VAMPIRE 1 3 9 3 1 3 0
> VAMPIRE 2 9 6 3 0 3 0
> VAMPIRE 3 9 5 3 1 3 0
> VAMPIRE 4 1 13 3 1 3 0
> GRENADE 2 10 5 5 3
> BAT1 7 3 1 6 3 7 13 8 4 13 6 13 8 3 9 13 3 8
> BAT2 4 1 6 1 13 4 7 5 13 5 13 6 1 8 1 10 8 13 10 13 11 6 8 11 7 13
> BAT3 7 1 1 7 13 7
< RES 1637177157 73 3
< GRENADE
< MOVE R R
> REQ 1637177157 74 3
> VAMPIRE 1 1 9 3 1 3 0
> VAMPIRE 2 9 7 3 0 3 0
> VAMPIRE 3 9 7 3 0 3 0
> VAMPIRE 4 3 13 3 0 3 0
> GRENADE 2 10 5 4 3
> GRENADE 3 9 5 5 3
> GRENADE 4 1 13 5 3
> BAT1 7 3 1 6 3 7 13 8 4 13 6 13 8 3 9 13 3 8
> BAT2 4 1 6 1 13 4 7 5 13 5 13 6 1 8 1 10 8 13 10 13 11 6 8 11 7 13
> BAT3 7 1 1 7 13 7
< RES 1637177157 74 3
< MOVE U U
> REQ 1637177157 75 3
> VAMPIRE 1 3 9 3 0 3 0
> VAMPIRE 2 7 7 3 0 3 0
> VAMPIRE 3 7 7 3 0 3 0
> VAMPIRE 4 3 11 3 0 3 0
> GRENADE 2 10 5 3 3
> GRENADE 3 9 5 4 3
> GRENADE 4 1 13 4 3
> GRENADE 1 1 9 5 3
> BAT1 7 3 1 6 3 7 13 8 4 13 6 13 8 3 9 13 3 8
> BAT2 4 1 6 1 13 4 7 5 13 5 13 6 1 8 1 10 8 13 10 13 11 6 8 11 7 13
> BAT3 7 1 1 7 13 7
< RES 1637177157 75 3
> REQ 1637177157 76 3
> VAMPIRE 1 5 9 3 0 3 0
> VAMPIRE 2 7 7 3 0 3 0
> VAMPIRE 3 7 7 3 0 3 0
> VAMPIRE 4 3 11 3 0 3 0
> GRENADE 2 10 5 2 3
> GRENADE 3 9 5 3 3
> GRENADE 4 1 13 3 3
> GRENADE 1 1 9 4 3
> POWERUP SHOE -9 10 9
> POWERUP SHOE -9 4 5
> BAT1 7 3 1 6 3 7 13 8 4 13 6 13 8 3 9 13 3 8
> BAT2 4 1 6 1 13 4 7 5 13 5 13 6 1 8 1 10 8 13 10 13 11 6 8 11 7 13
> BAT3 7 1 1 7 13 7
< RES 1637177157 76 3
< MOVE R R
> REQ 1637177157 77 3
> VAMPIRE 1 7 9 3 0 3 0
> VAMPIRE 2 7 9 3 0 3 0
> VAMPIRE 3 7 9 3 0 3 0
> VAMPIRE 4 5 11 3 0 3 0
> GRENADE 2 10 5 1 3
> GRENADE 3 9 5 2 3
> GRENADE 4 1 13 2 3
> GRENADE 1 1 9 3 3
> POWERUP SHOE -8 10 9
> POWERUP SHOE -8 4 5
> BAT1 7 3 1 6 3 7 13 8 4 13 6 13 8 3 9 13 3 8
> BAT2 4 1 6 1 13 4 7 5 13 5 13 6 1 8 1 10 8 13 10 13 11 6 8 11 7 13
> BAT3 7 1 1 7 13 7
< RES 1637177157 77 3
< MOVE R
> REQ 1637177157 78 3
> VAMPIRE 1 9 9 3 0 3 0
> VAMPIRE 2 7 10 3 1 3 0
> VAMPIRE 3 7 10 3 1 3 0
> VAMPIRE 4 6 11 3 0 3 0
> GRENADE 4 1 13 1 3
> GRENADE 1 1 9 2 3
> POWERUP SHOE -7 10 9
> POWERUP SHOE -7 4 5
> BAT1 7 3 1 6 3 7 13 8 4 13 6 13 8 3 7 5 13 5 9 13 3 8
> BAT2 4 1 6 1 13 4 13 6 1 8 1 10 8 13 10 13 11 6 8 11 7 13
> BAT3 7 1 1 7 13 7
< RES 1637177157 78 3
< GRENADE
< MOVE L D
> REQ 1637177157 79 3
> VAMPIRE 1 10 9 3 0 3 0
> VAMPIRE 2 8 9 3 0 3 0
> VAMPIRE 3 8 9 3 0 3 0
> VAMPIRE 4 7 11 3 1 3 0
> GRENADE 1 1 9 1 3
> GRENADE 2 7 10 5 3
> GRENADE 3 7 10 5 3
> POWERUP SHOE -6 10 9
> POWERUP SHOE -6 4 5
> BAT1 7 3 1 6 3 7 13 8 6 13 8 3 7 5 13 5 1 10 9 13 3 8
> BAT2 4 1 6 1 13 4 13 6 1 8 8 13 10 13 11 6 8 11 7 13
> BAT3 7 1 1 7 13 7
< RES 1637177157 79 3
< MOVE D D
> REQ 1637177157 80 3
> VAMPIRE 1 11 8 3 1 3 0
> VAMPIRE 2 10 9 3 0 3 0
> VAMPIRE 3 10 9 3 0 3 0
> VAMPIRE 4 5 11 3 0 3 0
> GRENADE 2 7 10 4 3
> GRENADE 3 7 10 4 3
> GRENADE 4 7 11 5 3
> POWERUP SHOE -5 10 9
> POWERUP SHOE -5 4 5
> BAT1 7 3 1 6 3 7 13 8 6 13 8 3 7 5 13 5 1 8 9 13 3 8
> BAT2 4 1 6 1 13 4 13 6 8 13 10 13 11 6 8 11 7 13
> BAT3 7 1 1 7 13 7
< RES 1637177157 80 3
> REQ 1637177157 81 3
> VAMPIRE 1 10 9 3 0 3 0
> VAMPIRE 2 10 9 3 0 3 0
> VAMPIRE 3 10 9 3 0 3 0
> VAMPIRE 4 5 9 3 0 3 0
> GRENADE 2 7 10 3 3
> GRENADE 3 7 10 3 3
> GRENADE 4 7 11 4 3
> GRENADE 1 11 8 5 3
> POWERUP SHOE -4 10 9
> POWERUP SHOE -4 4 5
> BAT1 7 3 1 6 3 7 13 8 6 13 8 3 7 5 13 5 1 8 9 13 3 8
> BAT2 4 1 6 1 13 4 13 6 8 13 10 13 11 6 8 11 7 13
> BAT3 7 1 1 7 13 7
< RES 1637177157 81 3
> REQ 1637177157 82 3
> VAMPIRE 1 10 9 3 0 3 0
> VAMPIRE 2 10 9 3 0 3 0
> VAMPIRE 3 10 9 3 0 3 0
> VAMPIRE 4 5 7 3 0 3 0
> GRENADE 2 7 10 2 3
> GRENADE 3 7 10 2 3
> GRENADE 4 7 11 3 3
> GRENADE 1 11 8 4 3
> POWERUP SHOE -3 10 9
> POWERUP SHOE -3 4 5
> BAT1 7 3 1 6 3 7 13 8 6 13 8 3 7 5 13 5 1 8 9 13 3 8
> BAT2 4 1 6 1 13 4 13 6 8 13 10 13 11 6 8 11 7 13
> BAT3 7 1 1 7 13 7
< RES 1637177157 82 3
> REQ 1637177157 83 3
> VAMPIRE 1 10 9 3 0 3 0
> VAMPIRE 2 10 9 3 0 3 0
> VAMPIRE 3 10 9 3 0 3 0
> VAMPIRE 4 5 5 3 0 3 0
> GRENADE 2 7 10 1 3
> GRENADE 3 7 10 1 3
> GRENADE 4 7 11 2 3
> GRENADE 1 11 8 3 3
> POWERUP SHOE -2 10 9
> POWERUP SHOE -2 4 5
> BAT1 7 3 1 6 3 7 13 8 6 13 8 3 7 5 13 5 1 8 9 13 3 8
> BAT2 4 1 6 1 13 4 13 6 8 13 10 13 11 6 8 11 7 13
> BAT3 7 1 1 7 13 7
< RES 1637177157 83 3
> REQ 1637177157 84 3
> VAMPIRE 1 10 9 3 0 3 0
> VAMPIRE 2 10 9 3 1 3 0
> VAMPIRE 3 10 9 3 1 3 0
> VAMPIRE 4 4 5 3 1 3 0
> GRENADE 1 11 8 2 3
> POWERUP SHOE -1 10 9
> POWERUP SHOE -1 4 5
> BAT1 7 3 1 6 3 7 13 8 6 13 8 3 7 5 13 5 1 8 9 13 3 8 8 11 7 13
> BAT2 4 1 6 1 13 4 13 6 8 13 10 13 11 6
> BAT3 7 1 1 7 13 7
< RES 1637177157 84 3
< MOVE U
> REQ 1637177157 85 3
> VAMPIRE 1 9 9 3 0 3 30
> VAMPIRE 2 9 9 3 1 3 30
> VAMPIRE 3 9 9 3 1 3 30
> VAMPIRE 4 5 4 3 1 3 30
> GRENADE 1 11 8 1 3
> BAT1 7 3 1 6 3 7 13 8 6 13 8 3 7 5 13 5 1 8 9 13 3 8 8 11 7 13
> BAT2 4 1 6 1 13 4 13 6 8 13 10 13 11 6
> BAT3 7 1 1 7 13 7
< RES 1637177157 85 3
< MOVE R R
> REQ 1637177157 86 3
> VAMPIRE 1 9 11 3 1 3 29
> VAMPIRE 2 9 11 3 1 3 29
> VAMPIRE 3 9 11 3 1 3 29
> VAMPIRE 4 5 1 3 1 3 29
> BAT1 7 3 1 6 3 7 13 8 6 13 8 3 7 5 13 5 1 8 9 13 11 6 3 8 8 11 7 13
> BAT2 4 1 6 1 13 4 13 6 8 13 10 13
> BAT3 7 1 1 7 13 7
< RES 1637177157 86 3
< GRENADE
< MOVE L L U
> REQ 1637177157 87 3
> VAMPIRE 1 8 9 3 0 3 28
> VAMPIRE 2 8 9 3 0 3 28
> VAMPIRE 3 8 9 3 0 3 28
> VAMPIRE 4 4 3 3 0 3 28
> GRENADE 1 9 11 5 3
> GRENADE 2 9 11 5 3
> GRENADE 3 9 11 5 3
> GRENADE 4 5 1 5 3
> BAT1 7 3 1 6 3 7 13 8 6 13 8 3 7 5 13 5 1 8 9 13 11 6 3 8 8 11 7 13
> BAT2 4 1 6 1 13 4 13 6 8 13 10 13
> BAT3 7 1 1 7 13 7
< RES 1637177157 87 3
< MOVE U L L
> REQ 1637177157 88 3
> VAMPIRE 1 7 7 3 0 3 27
> VAMPIRE 2 7 7 3 0 3 27
> VAMPIRE 3 7 7 3 0 3 27
> VAMPIRE 4 3 5 3 0 3 27
> GRENADE 1 9 11 4 3
> GRENADE 2 9 11 4 3
> GRENADE 3 9 11 4 3
> GRENADE 4 5 1 4 3
> BAT1 7 3 1 6 3 7 13 8 6 13 8 3 7 5 13 5 1 8 9 13 11 6 3 8 8 11 7 13
> BAT2 4 1 6 1 13 4 13 6 8 13 10 13
> BAT3 7 1 1 7 13 7
< RES 1637177157 88 3
> REQ 1637177157 89 3
> VAMPIRE 1 7 7 3 0 3 26
> VAMPIRE 2 7 7 3 0 3 26
> VAMPIRE 3 7 7 3 0 3 26
> VAMPIRE 4 3 5 3 0 3 26
> GRENADE 1 9 11 3 3
> GRENADE 2 9 11 3 3
> GRENADE 3 9 11 3 3
> GRENADE 4 5 1 3 3
> BAT1 7 3 1 6 3 7 13 8 6 13 8 3 7 5 13 5 1 8 9 13 11 6 3 8 8 11 7 13
> BAT2 4 1 6 1 13 4 13 6 8 13 10 13
> BAT3 7 1 1 7 13 7
< RES 1637177157 89 3
> REQ 1637177157 90 3
> VAMPIRE 1 7 7 3 0 3 25
> VAMPIRE 2 7 7 3 0 3 25
> VAMPIRE 3 7 7 3 0 3 25
> VAMPIRE 4 3 5 3 0 3 25
> GRENADE 1 9 11 2 3
> GRENADE 2 9 11 2 3
> GRENADE 3 9 11 2 3
> GRENADE 4 5 1 2 3
> BAT1 7 3 1 6 3 7 13 8 6 13 8 3 7 5 13 5 1 8 9 13 11 6 3 8 8 11 7 13
> BAT2 4 1 6 1 13 4 13 6 8 13 10 13
> BAT3 7 1 1 7 13 7
< RES 1637177157 90 3
< MOVE D D
> REQ 1637177157 91 3
> VAMPIRE 1 9 7 3 0 3 24
> VAMPIRE 2 9 7 3 0 3 24
> VAMPIRE 3 9 7 3 0 3 24
> VAMPIRE 4 3 3 3 0 3 24
> GRENADE 1 9 11 1 3
> GRENADE 2 9 11 1 3
> GRENADE 3 9 11 1 3
> GRENADE 4 5 1 1 3
> BAT1 7 3 1 6 3 7 13 8 6 13 8 3 7 5 13 5 1 8 9 13 11 6 3 8 8 11 7 13
> BAT2 4 1 6 1 13 4 13 6 8 13 10 13
> BAT3 7 1 1 7 13 7
< RES 1637177157 91 3
< MOVE L L D
> REQ 1637177157 92 3
> VAMPIRE 1 10 5 3 1 3 23
> VAMPIRE 2 10 5 3 1 3 23
> VAMPIRE 3 10 5 3 1 3 23
> VAMPIRE 4 4 3 3 1 3 23
> BAT1 7 3 1 6 3 7 13 8 6 13 4 1 6 1 8 3 7 5 13 5 1 8 11 6 3 8 7 13
> BAT2 13 4 13 6 8 13 10 13
> BAT3 7 1 1 7 13 7
< RES 1637177157 92 3
< GRENADE
< MOVE U R R
> REQ 1637177157 93 3
> VAMPIRE 1 9 7 3 0 3 22
> VAMPIRE 2 9 7 3 0 3 22
> VAMPIRE 3 9 7 3 0 3 22
> VAMPIRE 4 5 1 3 1 3 22
> GRENADE 1 10 5 5 3
> GRENADE 2 10 5 5 3
> GRENADE 3 10 5 5 3
> BAT1 7 3 1 6 3 7 13 8 6 13 4 1 6 1 8 3 7 5 13 5 1 8 11 6 3 8 7 13
> BAT2 13 4 13 6 8 13 10 13
> BAT3 7 1 1 7 13 7
< RES 1637177157 93 3
< MOVE U U
> REQ 1637177157 94 3
> VAMPIRE 1 7 7 3 0 3 21
> VAMPIRE 2 7 7 3 0 3 21
> VAMPIRE 3 7 7 3 0 3 21
> VAMPIRE 4 4 3 3 0 3 21
> GRENADE 1 10 5 4 3
> GRENADE 2 10 5 4 3
> GRENADE 3 10 5 4 3
> GRENADE 4 5 1 5 3
> BAT1 7 3 1 6 3 7 13 8 6 13 4 1 6 1 8 3 7 5 13 5 1 8 11 6 3 8 7 13
> BAT2 13 4 13 6 8 13 10 13
> BAT3 7 1 1 7 13 7
< RES 1637177157 94 3
> REQ 1637177157 95 3
> VAMPIRE 1 7 7 3 0 3 20
> VAMPIRE 2 7 7 3 0 3 20
> VAMPIRE 3 7 7 3 0 3 20
> VAMPIRE 4 3 5 3 0 3 20
> GRENADE 1 10 5 3 3
> GRENADE 2 10 5 3 3
> GRENADE 3 10 5 3 3
> GRENADE 4 5 1 4 3
> BAT1 7 3 1 6 3 7 13 8 6 13 4 1 6 1 8 3 7 5 13 5 1 8 11 6 3 8 7 13
> BAT2 13 4 13 6 8 13 10 13
> BAT3 7 1 1 7 13 7
< RES 1637177157 95 3
> REQ 1637177157 96 3
> VAMPIRE 1 7 7 3 0 3 19
> VAMPIRE 2 7 7 3 0 3 19
> VAMPIRE 3 7 7 3 0 3 19
> VAMPIRE 4 3 5 3 0 3 19
> GRENADE 1 10 5 2 3
> GRENADE 2 10 5 2 3
> GRENADE 3 10 5 2 3
> GRENADE 4 5 1 3 3
> BAT1 7 3 1 6 3 7 13 8 6 13 4 1 6 1 8 3 7 5 13 5 1 8 11 6 3 8 7 13
> BAT2 13 4 13 6 8 13 10 13
> BAT3 7 1 1 7 13 7
< RES 1637177157 96 3
< MOVE D D
> REQ 1637177157 97 3
> VAMPIRE 1 9 7 3 0 3 18
> VAMPIRE 2 9 7 3 0 3 18
> VAMPIRE 3 9 7 3 0 3 18
> VAMPIRE 4 3 5 3 0 3 18
> GRENADE 1 10 5 1 3
> GRENADE 2 10 5 1 3
> GRENADE 3 10 5 1 3
> GRENADE 4 5 1 2 3
> BAT1 7 3 1 6 3 7 13 8 6 13 4 1 6 1 8 3 7 5 13 5 1 8 11 6 3 8 7 13
> BAT2 13 4 13 6 8 13 10 13
> BAT3 7 1 1 7 13 7
< RES 1637177157 97 3
< MOVE D D
> REQ 1637177157 98 3
> VAMPIRE 1 11 7 3 1 3 17
> VAMPIRE 2 11 7 3 1 3 17
> VAMPIRE 3 11 7 3 1 3 17
> VAMPIRE 4 3 3 3 0 3 17
> GRENADE 4 5 1 1 3
> BAT1 7 3 1 6 3 7 13 8 6 13 4 1 6 1 8 3 1 8 11 6 3 8 7 13
> BAT2 13 4 13 6 8 13 10 13
> BAT3 7 1 1 7 13 7
< RES 1637177157 98 3
< GRENADE
< MOVE U U L
> REQ 1637177157 99 3
> VAMPIRE 1 9 6 3 0 3 16
> VAMPIRE 2 9 6 3 0 3 16
> VAMPIRE 3 9 6 3 0 3 16
> VAMPIRE 4 1 3 3 1 3 16
> GRENADE 1 11 7 5 3
> GRENADE 2 11 7 5 3
> GRENADE 3 11 7 5 3
> BAT1 7 3 1 6 3 7 13 8 6 13 8 3 1 8 11 6 3 8 7 13
> BAT2 13 4 13 6 8 13 10 13
> BAT3 7 1 1 7 13 7
< RES 1637177157 99 3
< MOVE L U U
> REQ 1637177157 100 3
> VAMPIRE 1 7 5 3 0 3 15
> VAMPIRE 2 7 5 3 0 3 15
> VAMPIRE 3 7 5 3 0 3 15
> VAMPIRE 4 2 5 3 0 3 15
> GRENADE 1 11 7 4 3
> GRENADE 2 11 7 4 3
> GRENADE 3 11 7 4 3
> GRENADE 4 1 3 5 3
> BAT1 7 3 1 6 3 7 13 8 6 13 8 3 1 8 11 6 3 8 7 13
> BAT2 13 4 13 6 8 13 10 13
> BAT3 7 1 1 7 13 7
< RES 1637177157 100 3
> REQ 1637177157 101 3
> VAMPIRE 1 7 5 3 0 3 14
> VAMPIRE 2 7 5 3 0 3 14
> VAMPIRE 3 7 5 3 0 3 14
> VAMPIRE 4 3 5 3 0 3 14
> GRENADE 1 11 7 3 3
> GRENADE 2 11 7 3 3
> GRENADE 3 11 7 3 3
> GRENADE 4 1 3 4 3
> BAT1 7 3 1 6 3 7 13 8 6 13 8 3 1 8 11 6 3 8 7 13
> BAT2 13 4 13 6 8 13 10 13
> BAT3 7 1 1 7 13 7
< RES 1637177157 101 3
> REQ 1637177157 102 3
> VAMPIRE 1 7 5 3 0 3 13
> VAMPIRE 2 7 5 3 0 3 13
> VAMPIRE 3 7 5 3 0 3 13
> VAMPIRE 4 3 5 3 0 3 13
> GRENADE 1 11 7 2 3
> GRENADE 2 11 7 2 3
> GRENADE 3 11 7 2 3
> GRENADE 4 1 3 3 3
> BAT1 7 3 1 6 3 7 13 8 6 13 8 3 1 8 11 6 3 8 7 13
> BAT2 13 4 13 6 8 13 10 13
> BAT3 7 1 1 7 13 7
< RES 1637177157 102 3
< MOVE U U
> REQ 1637177157 103 3
> VAMPIRE 1 5 5 3 0 3 12
> VAMPIRE 2 5 5 3 0 3 12
> VAMPIRE 3 5 5 3 0 3 12
> VAMPIRE 4 3 5 3 0 3 12
> GRENADE 1 11 7 1 3
> GRENADE 2 11 7 1 3
> GRENADE 3 11 7 1 3
> GRENADE 4 1 3 2 3
> POWERUP TOMATO -5 7 13
> POWERUP TOMATO -5 7 1
> BAT1 7 3 1 6 3 7 13 8 6 13 8 3 1 8 11 6 3 8 7 13
> BAT2 13 4 13 6 8 13 10 13
> BAT3 7 1 1 7 13 7
< RES 1637177157 103 3
< MOVE R R
> REQ 1637177157 104 3
> VAMPIRE 1 5 7 3 1 3 11
> VAMPIRE 2 5 7 3 1 3 11
> VAMPIRE 3 5 7 3 1 3 11
> VAMPIRE 4 3 5 3 0 3 11
> GRENADE 4 1 3 1 3
> POWERUP TOMATO -4 7 13
> POWERUP TOMATO -4 7 1
> BAT1 7 3 1 6 3 7 13 8 6 13 8 3 1 8 3 8 7 13
> BAT2 13 4 13 6 8 13 10 13 13 7
> BAT3 7 1 1 7
< RES 1637177157 104 3
< GRENADE
< MOVE R R R
> REQ 1637177157 105 3
> VAMPIRE 1 5 10 3 0 3 10
> VAMPIRE 2 5 10 3 0 3 10
> VAMPIRE 3 5 10 3 0 3 10
> VAMPIRE 4 4 3 3 1 3 10
> GRENADE 1 5 7 5 3
> GRENADE 2 5 7 5 3
> GRENADE 3 5 7 5 3
> POWERUP TOMATO -3 7 13
> POWERUP TOMATO -3 7 1
> BAT1 7 3 3 7 13 8 6 13 8 3 1 8 3 8 7 13
> BAT2 13 4 13 6 8 13 10 13 13 7
> BAT3 7 1 1 7
< RES 1637177157 105 3
< MOVE R D
> REQ 1637177157 106 3
> VAMPIRE 1 6 11 3 0 3 9
> VAMPIRE 2 6 11 3 0 3 9
> VAMPIRE 3 6 11 3 0 3 9
> VAMPIRE 4 3 5 3 0 3 9
> GRENADE 1 5 7 4 3
> GRENADE 2 5 7 4 3
> GRENADE 3 5 7 4 3
> GRENADE 4 4 3 5 3
> POWERUP TOMATO -2 7 13
> POWERUP TOMATO -2 7 1
> BAT1 7 3 3 7 13 8 6 13 8 3 1 8 3 8 7 13
> BAT2 13 4 13 6 8 13 10 13 13 7
> BAT3 7 1 1 7
< RES 1637177157 106 3
< MOVE D R
> REQ 1637177157 107 3
> VAMPIRE 1 7 12 3 0 3 8
> VAMPIRE 2 7 12 3 0 3 8
> VAMPIRE 3 7 12 3 0 3 8
> VAMPIRE 4 3 5 3 0 3 8
> GRENADE 1 5 7 3 3
> GRENADE 2 5 7 3 3
> GRENADE 3 5 7 3 3
> GRENADE 4 4 3 4 3
> POWERUP TOMATO -1 7 13
> POWERUP TOMATO -1 7 1
> BAT1 7 3 3 7 13 8 6 13 8 3 1 8 3 8 7 13
> BAT2 13 4 13 6 8 13 10 13 13 7
> BAT3 7 1 1 7
< RES 1637177157 107 3
< MOVE L
> REQ 1637177157 108 3
> VAMPIRE 1 7 11 3 0 3 7
> VAMPIRE 2 7 11 3 0 3 7
> VAMPIRE 3 7 11 3 0 3 7
> VAMPIRE 4 3 5 3 0 3 7
> GRENADE 1 5 7 2 3
> GRENADE 2 5 7 2 3
> GRENADE 3 5 7 2 3
> GRENADE 4 4 3 3 3
> POWERUP TOMATO 15 7 13
> POWERUP TOMATO 15 7 1
> BAT1 7 3 3 7 13 8 6 13 8 3 1 8 3 8 7 13
> BAT2 13 4 13 6 8 13 10 13 13 7
> BAT3 7 1 1 7
< RES 1637177157 108 3
< MOVE U U
> REQ 1637177157 109 3
> VAMPIRE 1 5 11 3 0 3 6
> VAMPIRE 2 5 11 3 0 3 6
> VAMPIRE 3 5 11 3 0 3 6
> VAMPIRE 4 3 5 3 0 3 6
> GRENADE 1 5 7 1 3
> GRENADE 2 5 7 1 3
> GRENADE 3 5 7 1 3
> GRENADE 4 4 3 2 3
> POWERUP TOMATO 14 7 13
> POWERUP TOMATO 14 7 1
> BAT1 7 3 3 7 13 8 6 13 8 3 1 8 3 8 7 13
> BAT2 13 4 13 6 8 13 10 13 13 7
> BAT3 7 1 1 7
< RES 1637177157 109 3
< MOVE D D R
> REQ 1637177157 110 3
> VAMPIRE 1 7 12 3 1 3 5
> VAMPIRE 2 7 12 3 1 3 5
> VAMPIRE 3 7 12 3 1 3 5
> VAMPIRE 4 5 5 3 0 3 5
> GRENADE 4 4 3 1 3
> POWERUP TOMATO 13 7 13
> POWERUP TOMATO 13 7 1
> BAT1 7 3 13 8 6 13 8 3 1 8 3 8 7 13
> BAT2 13 4 13 6 8 13 10 13 13 7
> BAT3 7 1 1 7
< RES 1637177157 110 3
< GRENADE
< MOVE L U U
> REQ 1637177157 111 3
> VAMPIRE 1 5 11 3 0 3 4
> VAMPIRE 2 5 11 3 0 3 4
> VAMPIRE 3 5 11 3 0 3 4
> VAMPIRE 4 5 3 3 1 3 4
> GRENADE 1 7 12 5 3
> GRENADE 2 7 12 5 3
> GRENADE 3 7 12 5 3
> POWERUP TOMATO 12 7 13
> POWERUP TOMATO 12 7 1
> BAT1 13 8 6 13 8 3 1 8 3 8 7 13
> BAT2 13 4 13 6 8 13 10 13 13 7
> BAT3 7 1 1 7
< RES 1637177157 111 3
> REQ 1637177157 112 3
> VAMPIRE 1 5 11 3 0 3 3
> VAMPIRE 2 5 11 3 0 3 3
> VAMPIRE 3 5 11 3 0 3 3
> VAMPIRE 4 5 6 3 0 3 3
> GRENADE 1 7 12 4 3
> GRENADE 2 7 12 4 3
> GRENADE 3 7 12 4 3
> GRENADE 4 5 3 5 3
> POWERUP TOMATO 11 7 13
> POWERUP TOMATO 11 7 1
> BAT1 13 8 6 13 8 3 1 8 3 8 7 13
> BAT2 13 4 13 6 8 13 10 13 13 7
> BAT3 7 1 1 7
< RES 1637177157 112 3
> REQ 1637177157 113 3
> VAMPIRE 1 5 11 3 0 3 2
> VAMPIRE 2 5 11 3 0 3 2
> VAMPIRE 3 5 11 3 0 3 2
> VAMPIRE 4 5 9 3 0 3 2
> GRENADE 1 7 12 3 3
> GRENADE 2 7 12 3 3
> GRENADE 3 7 12 3 3
> GRENADE 4 5 3 4 3
> POWERUP TOMATO 10 7 13
> POWERUP TOMATO 10 7 1
> BAT1 13 8 6 13 8 3 1 8 3 8 7 13
> BAT2 13 4 13 6 8 13 10 13 13 7
> BAT3 7 1 1 7
< RES 1637177157 113 3
< MOVE L L
> REQ 1637177157 114 3
> VAMPIRE 1 5 9 3 0 3 1
> VAMPIRE 2 5 9 3 0 3 1
> VAMPIRE 3 5 9 3 0 3 1
> VAMPIRE 4 6 11 3 0 3 1
> GRENADE 1 7 12 2 3
> GRENADE 2 7 12 2 3
> GRENADE 3 7 12 2 3
> GRENADE 4 5 3 3 3
> POWERUP TOMATO 9 7 13
> POWERUP TOMATO 9 7 1
> BAT1 13 8 6 13 8 3 1 8 3 8 7 13
> BAT2 13 4 13 6 8 13 10 13 13 7
> BAT3 7 1 1 7
< RES 1637177157 114 3
< MOVE R R
> REQ 1637177157 115 3
> VAMPIRE 1 5 11 3 0 3 0
> VAMPIRE 2 5 11 3 0 3 0
> VAMPIRE 3 5 11 3 0 3 0
> VAMPIRE 4 5 11 3 0 3 0
> GRENADE 1 7 12 1 3
> GRENADE 2 7 12 1 3
> GRENADE 3 7 12 1 3
> GRENADE 4 5 3 2 3
> POWERUP TOMATO 8 7 13
> POWERUP TOMATO 8 7 1
> BAT1 13 8 6 13 8 3 1 8 3 8 7 13
> BAT2 13 4 13 6 8 13 10 13 13 7
> BAT3 7 1 1 7
< RES 1637177157 115 3
< MOVE D D
> REQ 1637177157 116 3
> VAMPIRE 1 7 11 3 1 3 0
> VAMPIRE 2 7 11 3 1 3 0
> VAMPIRE 3 7 11 3 1 3 0
> VAMPIRE 4 7 11 3 0 3 0
> GRENADE 4 5 3 1 3
> POWERUP TOMATO 7 7 13
> POWERUP TOMATO 7 7 1
> BAT1 13 8 6 13 8 3 1 8 3 8
> BAT2 13 4 13 6 8 13 10 13 13 7
> BAT3 7 1 1 7
< RES 1637177157 116 3
< MOVE R R
> REQ 1637177157 117 3
> VAMPIRE 1 7 13 3 1 3 0
> VAMPIRE 2 7 13 3 1 3 0
> VAMPIRE 3 7 13 3 1 3 0
> VAMPIRE 4 7 13 3 1 3 0
> POWERUP TOMATO 6 7 13
> POWERUP TOMATO 6 7 1
> BAT1 13 8 6 13 1 8 3 8
> BAT2 13 4 13 6 8 13 10 13 13 7
> BAT3 7 1 1 7
< RES 1637177157 117 3
< GRENADE
< MOVE L L
> REQ 1637177157 118 3
> VAMPIRE 1 7 11 3 0 3 0
> VAMPIRE 2 7 11 3 0 3 0
> VAMPIRE 3 7 11 3 0 3 0
> VAMPIRE 4 7 11 3 0 3 0
> GRENADE 1 7 13 5 3
> GRENADE 2 7 13 5 3
> GRENADE 3 7 13 5 3
> GRENADE 4 7 13 5 3
> POWERUP TOMATO 5 7 1
> BAT1 13 8 6 13 1 8 3 8
> BAT2 13 4 13 6 8 13 10 13 13 7
> BAT3 7 1 1 7
< RES 1637177157 118 3
< MOVE D D
> REQ 1637177157 119 3
> VAMPIRE 1 9 11 3 0 3 0
> VAMPIRE 2 9 11 3 0 3 0
> VAMPIRE 3 9 11 3 0 3 0
> VAMPIRE 4 9 11 3 0 3 0
> GRENADE 1 7 13 4 3
> GRENADE 2 7 13 4 3
> GRENADE 3 7 13 4 3
> GRENADE 4 7 13 4 3
> POWERUP TOMATO 4 7 1
> BAT1 13 8 6 13 1 8 3 8
> BAT2 13 4 13 6 8 13 10 13 13 7
> BAT3 7 1 1 7
< RES 1637177157 119 3
< MOVE D D
> REQ 1637177157 120 3
> VAMPIRE 1 11 11 3 0 3 0
> VAMPIRE 2 11 11 3 0 3 0
> VAMPIRE 3 11 11 3 0 3 0
> VAMPIRE 4 11 11 3 0 3 0
> GRENADE 1 7 13 3 3
> GRENADE 2 7 13 3 3
> GRENADE 3 7 13 3 3
> GRENADE 4 7 13 3 3
> POWERUP TOMATO 3 7 1
> BAT1 13 8 6 13 1 8 3 8
> BAT2 13 4 13 6 8 13 10 13 13 7
> BAT3 7 1 1 7
< RES 1637177157 120 3
< MOVE U
> REQ 1637177157 121 3
> VAMPIRE 1 10 11 3 0 3 0
> VAMPIRE 2 10 11 3 0 3 0
> VAMPIRE 3 10 11 3 0 3 0
> VAMPIRE 4 10 11 3 0 3 0
> GRENADE 1 7 13 2 3
> GRENADE 2 7 13 2 3
> GRENADE 3 7 13 2 3
> GRENADE 4 7 13 2 3
> POWERUP TOMATO 2 7 1
> BAT1 13 8 6 13 1 8 3 8
> BAT2 13 4 13 6 8 13 10 13 13 7
> BAT3 7 1 1 7
< RES 1637177157 121 3
< MOVE U R
> REQ 1637177157 122 3
> VAMPIRE 1 9 12 3 0 3 0
> VAMPIRE 2 9 12 3 0 3 0
> VAMPIRE 3 9 12 3 0 3 0
> VAMPIRE 4 9 12 3 0 3 0
> GRENADE 1 7 13 1 3
> GRENADE 2 7 13 1 3
> GRENADE 3 7 13 1 3
> GRENADE 4 7 13 1 3
> POWERUP TOMATO 1 7 1
> BAT1 13 8 6 13 1 8 3 8
> BAT2 13 4 13 6 8 13 10 13 13 7
> BAT3 7 1 1 7
< RES 1637177157 122 3
< MOVE R
> REQ 1637177157 123 3
> VAMPIRE 1 9 13 3 1 3 0
> VAMPIRE 2 9 13 3 1 3 0
> VAMPIRE 3 9 13 3 1 3 0
> VAMPIRE 4 9 13 3 1 3 0
> BAT1 13 8 1 8 8 13 3 8
> BAT2 13 4 13 6 10 13 13 7
> BAT3 7 1 1 7
< RES 1637177157 123 3
< GRENADE
< MOVE L L
> REQ 1637177157 124 3
> VAMPIRE 1 9 11 3 0 3 0
> VAMPIRE 2 9 11 3 0 3 0
> VAMPIRE 3 9 11 3 0 3 0
> VAMPIRE 4 9 11 3 0 3 0
> GRENADE 1 9 13 5 3
> GRENADE 2 9 13 5 3
> GRENADE 3 9 13 5 3
> GRENADE 4 9 13 5 3
> BAT1 13 8 1 8 8 13 3 8
> BAT2 13 4 13 6 10 13 13 7
> BAT3 7 1 1 7
< RES 1637177157 124 3
< MOVE D D
> REQ 1637177157 125 3
> VAMPIRE 1 11 11 3 0 3 0
> VAMPIRE 2 11 11 3 0 3 0
> VAMPIRE 3 11 11 3 0 3 0
> VAMPIRE 4 11 11 3 0 3 0
> GRENADE 1 9 13 4 3
> GRENADE 2 9 13 4 3
> GRENADE 3 9 13 4 3
> GRENADE 4 9 13 4 3
> BAT1 13 8 1 8 8 13 3 8
> BAT2 13 4 13 6 10 13 13 7
> BAT3 7 1 1 7
< RES 1637177157 125 3
> REQ 1637177157 126 3
> VAMPIRE 1 11 11 3 0 3 0
> VAMPIRE 2 11 11 3 0 3 0
> VAMPIRE 3 11 11 3 0 3 0
> VAMPIRE 4 11 9 3 0 3 0
> GRENADE 1 9 13 3 3
> GRENADE 2 9 13 3 3
> GRENADE 3 9 13 3 3
> GRENADE 4 9 13 3 3
> BAT1 13 8 1 8 8 13 3 8
> BAT2 13 4 13 6 10 13 13 7
> BAT3 7 1 1 7
< RES 1637177157 126 3
> REQ 1637177157 127 3
> VAMPIRE 1 11 11 3 0 3 0
> VAMPIRE 2 11 11 3 0 3 0
> VAMPIRE 3 11 11 3 0 3 0
> VAMPIRE 4 11 7 3 0 3 0
> GRENADE 1 9 13 2 3
> GRENADE 2 9 13 2 3
> GRENADE 3 9 13 2 3
> GRENADE 4 9 13 2 3
> BAT1 13 8 1 8 8 13 3 8
> BAT2 13 4 13 6 10 13 13 7
> BAT3 7 1 1 7
< RES 1637177157 127 3
< MOVE D D
> REQ 1637177157 128 3
> VAMPIRE 1 13 11 3 0 3 0
> VAMPIRE 2 13 11 3 0 3 0
> VAMPIRE 3 13 11 3 0 3 0
> VAMPIRE 4 11 6 3 0 3 0
> GRENADE 1 9 13 1 3
> GRENADE 2 9 13 1 3
> GRENADE 3 9 13 1 3
> GRENADE 4 9 13 1 3
> BAT1 13 8 1 8 8 13 3 8
> BAT2 13 4 13 6 10 13 13 7
> BAT3 7 1 1 7
< RES 1637177157 128 3
< MOVE L L
> REQ 1637177157 129 3
> VAMPIRE 1 13 9 3 1 3 0
> VAMPIRE 2 13 9 3 1 3 0
> VAMPIRE 3 13 9 3 1 3 0
> VAMPIRE 4 12 5 3 1 3 0
> BAT1 13 8 1 8 10 13 3 8
> BAT2 13 4 13 6 13 7
> BAT3 7 1 1 7
< RES 1637177157 129 3
< GRENADE
< MOVE U U
> REQ 1637177157 130 3
> VAMPIRE 1 11 9 3 0 3 0
> VAMPIRE 2 11 9 3 0 3 0
> VAMPIRE 3 11 9 3 0 3 0
> VAMPIRE 4 13 5 3 1 3 0
> GRENADE 1 13 9 5 3
> GRENADE 2 13 9 5 3
> GRENADE 3 13 9 5 3
> BAT1 13 8 1 8 10 13 3 8
> BAT2 13 4 13 6 13 7
> BAT3 7 1 1 7
< RES 1637177157 130 3
< MOVE L L
> REQ 1637177157 131 3
> VAMPIRE 1 11 7 3 0 3 0
> VAMPIRE 2 11 7 3 0 3 0
> VAMPIRE 3 11 7 3 0 3 0
> VAMPIRE 4 11 5 3 0 3 0
> GRENADE 1 13 9 4 3
> GRENADE 2 13 9 4 3
> GRENADE 3 13 9 4 3
> GRENADE 4 13 5 5 3
> BAT1 13 8 1 8 10 13 3 8
> BAT2 13 4 13 6 13 7
> BAT3 7 1 1 7
< RES 1637177157 131 3
< MOVE U U
> REQ 1637177157 132 3
> VAMPIRE 1 9 7 3 0 3 0
> VAMPIRE 2 9 7 3 0 3 0
> VAMPIRE 3 9 7 3 0 3 0
> VAMPIRE 4 11 7 3 0 3 0
> GRENADE 1 13 9 3 3
> GRENADE 2 13 9 3 3
> GRENADE 3 13 9 3 3
> GRENADE 4 13 5 4 3
> BAT1 13 8 1 8 10 13 3 8
> BAT2 13 4 13 6 13 7
> BAT3 7 1 1 7
< RES 1637177157 132 3
< MOVE U U
> REQ 1637177157 133 3
> VAMPIRE 1 7 7 3 0 3 0
> VAMPIRE 2 7 7 3 0 3 0
> VAMPIRE 3 7 7 3 0 3 0
> VAMPIRE 4 9 7 3 0 3 0
> GRENADE 1 13 9 2 3
> GRENADE 2 13 9 2 3
> GRENADE 3 13 9 2 3
> GRENADE 4 13 5 3 3
> BAT1 13 8 1 8 10 13 3 8
> BAT2 13 4 13 6 13 7
> BAT3 7 1 1 7
< RES 1637177157 133 3
< MOVE U U
> REQ 1637177157 134 3
> VAMPIRE 1 5 7 3 0 3 0
> VAMPIRE 2 5 7 3 0 3 0
> VAMPIRE 3 5 7 3 0 3 0
> VAMPIRE 4 7 7 3 0 3 0
> GRENADE 1 13 9 1 3
> GRENADE 2 13 9 1 3
> GRENADE 3 13 9 1 3
> GRENADE 4 13 5 2 3
> POWERUP TOMATO -5 4 5
> POWERUP TOMATO -5 10 9
> BAT1 13 8 1 8 10 13 3 8
> BAT2 13 4 13 6 13 7
> BAT3 7 1 1 7
< RES 1637177157 134 3
< MOVE U U
> REQ 1637177157 135 3
> VAMPIRE 1 3 7 3 1 3 0
> VAMPIRE 2 3 7 3 1 3 0
> VAMPIRE 3 3 7 3 1 3 0
> VAMPIRE 4 5 7 3 0 3 0
> GRENADE 4 13 5 1 3
> POWERUP TOMATO -4 4 5
> POWERUP TOMATO -4 10 9
> BAT1 1 8 10 13 3 8
> BAT2 13 4 13 6 13 7
> BAT3 7 1 1 7
< RES 1637177157 135 3
< GRENADE
< MOVE L L
> REQ 1637177157 136 3
> VAMPIRE 1 3 5 3 0 3 0
> VAMPIRE 2 3 5 3 0 3 0
> VAMPIRE 3 3 5 3 0 3 0
> VAMPIRE 4 5 5 3 1 3 0
> GRENADE 1 3 7 5 3
> GRENADE 2 3 7 5 3
> GRENADE 3 3 7 5 3
> POWERUP TOMATO -3 4 5
> POWERUP TOMATO -3 10 9
> BAT1 13 4 13 6 1 8 10 13 3 8
> BAT2 13 7
> BAT3 7 1 1 7
< RES 1637177157 136 3
< MOVE D
> REQ 1637177157 137 3
> VAMPIRE 1 4 5 3 0 3 0
> VAMPIRE 2 4 5 3 0 3 0
> VAMPIRE 3 4 5 3 0 3 0
> VAMPIRE 4 4 5 3 1 3 0
> GRENADE 1 3 7 4 3
> GRENADE 2 3 7 4 3
> GRENADE 3 3 7 4 3
> POWERUP TOMATO -2 4 5
> POWERUP TOMATO -2 10 9
> BAT1 13 4 13 6 1 8 10 13 3 8
> BAT2 13 7
> BAT3 7 1 1 7
< RES 1637177157 137 3
> REQ 1637177157 138 3
> VAMPIRE 1 4 5 3 0 3 0
> VAMPIRE 2 4 5 3 0 3 0
> VAMPIRE 3 4 5 3 0 3 0
> VAMPIRE 4 4 5 3 1 3 0
> GRENADE 1 3 7 3 3
> GRENADE 2 3 7 3 3
> GRENADE 3 3 7 3 3
> POWERUP TOMATO -1 4 5
> POWERUP TOMATO -1 10 9
> BAT1 13 4 13 6 1 8 10 13 3 8
> BAT2 13 7
> BAT3 7 1 1 7
< RES 1637177157 138 3
< MOVE D R
> REQ 1637177157 139 3
> VAMPIRE 1 5 6 3 0 3 0
> VAMPIRE 2 5 6 3 0 3 0
> VAMPIRE 3 5 6 3 0 3 0
> VAMPIRE 4 5 6 3 1 3 0
> GRENADE 1 3 7 2 3
> GRENADE 2 3 7 2 3
> GRENADE 3 3 7 2 3
> POWERUP TOMATO 14 10 9
> BAT1 13 4 13 6 1 8 10 13 3 8
> BAT2 13 7
> BAT3 7 1 1 7
< RES 1637177157 139 3
> REQ 1637177157 140 3
> VAMPIRE 1 5 6 3 0 3 0
> VAMPIRE 2 5 6 3 0 3 0
> VAMPIRE 3 5 6 3 0 3 0
> VAMPIRE 4 5 6 3 1 3 0
> GRENADE 1 3 7 1 3
> GRENADE 2 3 7 1 3
> GRENADE 3 3 7 1 3
> POWERUP TOMATO 13 10 9
> BAT1 13 4 13 6 1 8 10 13 3 8
> BAT2 13 7
> BAT3 7 1 1 7
< RES 1637177157 140 3
< MOVE R U
> REQ 1637177157 141 3
> VAMPIRE 1 4 7 3 1 3 0
> VAMPIRE 2 4 7 3 1 3 0
> VAMPIRE 3 4 7 3 1 3 0
> VAMPIRE 4 4 7 3 1 3 0
> POWERUP TOMATO 12 10 9
> BAT1 13 4 13 6 1 8 10 13
> BAT2 1 7 13 7
> BAT3 7 1
< RES 1637177157 141 3
< GRENADE
< MOVE D R
> REQ 1637177157 142 3
> VAMPIRE 1 5 8 3 0 3 0
> VAMPIRE 2 5 8 3 0 3 0
> VAMPIRE 3 5 8 3 0 3 0
> VAMPIRE 4 5 8 3 0 3 0
> GRENADE 1 4 7 5 3
> GRENADE 2 4 7 5 3
> GRENADE 3 4 7 5 3
> GRENADE 4 4 7 5 3
> POWERUP TOMATO 11 10 9
> BAT1 13 4 13 6 1 8 10 13
> BAT2 1 7 13 7
> BAT3 7 1
< RES 1637177157 142 3
< MOVE R D
> REQ 1637177157 143 3
> VAMPIRE 1 6 9 3 0 3 0
> VAMPIRE 2 6 9 3 0 3 0
> VAMPIRE 3 6 9 3 0 3 0
> VAMPIRE 4 6 9 3 0 3 0
> GRENADE 1 4 7 4 3
> GRENADE 2 4 7 4 3
> GRENADE 3 4 7 4 3
> GRENADE 4 4 7 4 3
> POWERUP TOMATO 10 10 9
> BAT1 13 4 13 6 1 8 10 13
> BAT2 1 7 13 7
> BAT3 7 1
< RES 1637177157 143 3
< MOVE D D
> REQ 1637177157 144 3
> VAMPIRE 1 8 9 3 0 3 0
> VAMPIRE 2 8 9 3 0 3 0
> VAMPIRE 3 8 9 3 0 3 0
> VAMPIRE 4 8 9 3 0 3 0
> GRENADE 1 4 7 3 3
> GRENADE 2 4 7 3 3
> GRENADE 3 4 7 3 3
> GRENADE 4 4 7 3 3
> POWERUP TOMATO 9 10 9
> BAT1 13 4 13 6 1 8 10 13
> BAT2 1 7 13 7
> BAT3 7 1
< RES 1637177157 144 3
< MOVE D D
> REQ 1637177157 145 3
> VAMPIRE 1 10 9 3 0 3 0
> VAMPIRE 2 10 9 3 0 3 0
> VAMPIRE 3 10 9 3 0 3 0
> VAMPIRE 4 10 9 3 0 3 0
> GRENADE 1 4 7 2 3
> GRENADE 2 4 7 2 3
> GRENADE 3 4 7 2 3
> GRENADE 4 4 7 2 3
> POWERUP TOMATO 8 10 9
> BAT1 13 4 13 6 1 8 10 13
> BAT2 1 7 13 7
> BAT3 7 1
< RES 1637177157 145 3
< MOVE D L
> REQ 1637177157 146 3
> VAMPIRE 1 11 8 3 0 3 0
> VAMPIRE 2 11 8 3 0 3 0
> VAMPIRE 3 11 8 3 0 3 0
> VAMPIRE 4 11 8 3 0 3 0
> GRENADE 1 4 7 1 3
> GRENADE 2 4 7 1 3
> GRENADE 3 4 7 1 3
> GRENADE 4 4 7 1 3
> BAT1 13 4 13 6 1 8 10 13
> BAT2 1 7 13 7
> BAT3 7 1
< RES 1637177157 146 3
< MOVE L
> REQ 1637177157 147 3
> VAMPIRE 1 10 7 3 1 3 0
> VAMPIRE 2 11 7 3 1 3 0
> VAMPIRE 3 11 7 3 1 3 0
> VAMPIRE 4 10 7 3 1 3 0
> BAT1 13 4 13 6 1 8 10 13 1 7
> BAT2 13 7
> BAT3 7 1
< RES 1637177157 147 3
< GRENADE
< MOVE U U
> REQ 1637177157 148 3
> VAMPIRE 1 9 6 3 0 3 0
> VAMPIRE 2 11 7 3 0 3 0
> VAMPIRE 3 11 7 3 0 3 0
> VAMPIRE 4 9 6 3 0 3 0
> GRENADE 1 10 7 5 3
> GRENADE 2 11 7 5 3
> GRENADE 3 11 7 5 3
> GRENADE 4 10 7 5 3
> BAT1 13 4 13 6 1 8 10 13 1 7
> BAT2 13 7
> BAT3 7 1
< RES 1637177157 148 3
< MOVE R R
> REQ 1637177157 149 3
> VAMPIRE 1 9 5 3 0 3 0
> VAMPIRE 2 11 9 3 0 3 0
> VAMPIRE 3 11 9 3 0 3 0
> VAMPIRE 4 9 5 3 0 3 0
> GRENADE 1 10 7 4 3
> GRENADE 2 11 7 4 3
> GRENADE 3 11 7 4 3
> GRENADE 4 10 7 4 3
> BAT1 13 4 13 6 1 8 10 13 1 7
> BAT2 13 7
> BAT3 7 1
< RES 1637177157 149 3
< MOVE U U
> REQ 1637177157 150 3
> VAMPIRE 1 9 3 3 0 3 0
> VAMPIRE 2 9 9 3 0 3 0
> VAMPIRE 3 9 9 3 0 3 0
> VAMPIRE 4 9 5 3 0 3 0
> GRENADE 1 10 7 3 3
> GRENADE 2 11 7 3 3
> GRENADE 3 11 7 3 3
> GRENADE 4 10 7 3 3
> BAT1 13 4 13 6 1 8 10 13 1 7
> BAT2 13 7
> BAT3 7 1
< RES 1637177157 150 3
< MOVE U U
> REQ 1637177157 151 3
> VAMPIRE 1 11 3 3 0 3 0
> VAMPIRE 2 7 9 3 0 3 0
> VAMPIRE 3 7 9 3 0 3 0
> VAMPIRE 4 10 5 3 0 3 0
> GRENADE 1 10 7 2 3
> GRENADE 2 11 7 2 3
> GRENADE 3 11 7 2 3
> GRENADE 4 10 7 2 3
> BAT1 13 4 13 6 1 8 10 13 1 7
> BAT2 13 7
> BAT3 7 1
< RES 1637177157 151 3
< MOVE R R
> REQ 1637177157 152 3
> VAMPIRE 1 13 3 3 0 3 0
> VAMPIRE 2 7 11 3 0 3 0
> VAMPIRE 3 7 11 3 0 3 0
> VAMPIRE 4 10 5 3 0 3 0
> GRENADE 1 10 7 1 3
> GRENADE 2 11 7 1 3
> GRENADE 3 11 7 1 3
> GRENADE 4 10 7 1 3
> BAT1 13 4 13 6 1 8 10 13 1 7
> BAT2 13 7
> BAT3 7 1
< RES 1637177157 152 3
< MOVE R R
> REQ 1637177157 153 3
> VAMPIRE 1 13 2 3 1 3 0
> VAMPIRE 2 7 13 3 1 3 0
> VAMPIRE 3 7 13 3 1 3 0
> VAMPIRE 4 10 5 3 1 3 0
> BAT1 13 4 13 6 1 8 10 13 1 7 13 7
> BAT3 7 1
< RES 1637177157 153 3
< GRENADE
< MOVE L L
> REQ 1637177157 154 3
> VAMPIRE 1 13 1 3 1 3 0
> VAMPIRE 2 7 11 3 0 3 0
> VAMPIRE 3 7 11 3 0 3 0
> VAMPIRE 4 12 5 3 1 3 0
> GRENADE 2 7 13 5 3
> GRENADE 3 7 13 5 3
> BAT1 13 4 13 6 1 8 10 13 1 7 13 7
> BAT3 7 1
< RES 1637177157 154 3
< MOVE L L
> REQ 1637177157 155 3
> VAMPIRE 1 11 1 3 0 3 0
> VAMPIRE 2 7 9 3 0 3 0
> VAMPIRE 3 7 9 3 0 3 0
> VAMPIRE 4 13 5 3 1 3 0
> GRENADE 2 7 13 4 3
> GRENADE 3 7 13 4 3
> GRENADE 1 13 1 5 3
> BAT1 13 4 13 6 1 8 10 13 1 7 13 7
> BAT3 7 1
< RES 1637177157 155 3
< MOVE L L
> REQ 1637177157 156 3
> VAMPIRE 1 11 3 3 0 3 0
> VAMPIRE 2 7 7 3 0 3 0
> VAMPIRE 3 7 7 3 0 3 0
> VAMPIRE 4 11 5 3 0 3 0
> GRENADE 2 7 13 3 3
> GRENADE 3 7 13 3 3
> GRENADE 1 13 1 4 3
> GRENADE 4 13 5 5 3
> BAT1 13 4 13 6 1 8 10 13 1 7 13 7
> BAT3 7 1
< RES 1637177157 156 3
> REQ 1637177157 157 3
> VAMPIRE 1 9 3 3 0 3 0
> VAMPIRE 2 7 7 3 0 3 0
> VAMPIRE 3 7 7 3 0 3 0
> VAMPIRE 4 11 7 3 0 3 0
> GRENADE 2 7 13 2 3
> GRENADE 3 7 13 2 3
> GRENADE 1 13 1 3 3
> GRENADE 4 13 5 4 3
> BAT1 13 4 13 6 1 8 10 13 1 7 13 7
> BAT3 7 1
< RES 1637177157 157 3
< MOVE U U
> REQ 1637177157 158 3
> VAMPIRE 1 7 3 3 0 3 0
> VAMPIRE 2 5 7 3 0 3 0
> VAMPIRE 3 5 7 3 0 3 0
> VAMPIRE 4 11 7 3 0 3 0
> GRENADE 2 7 13 1 3
> GRENADE 3 7 13 1 3
> GRENADE 1 13 1 2 3
> GRENADE 4 13 5 3 3
> BAT1 13 4 13 6 1 8 10 13 1 7 13 7
> BAT3 7 1
< RES 1637177157 158 3
< MOVE U
> REQ 1637177157 159 3
> VAMPIRE 1 7 3 3 0 3 0
> VAMPIRE 2 4 7 3 1 3 0
> VAMPIRE 3 4 7 3 1 3 0
> VAMPIRE 4 11 7 3 0 3 0
> GRENADE 1 13 1 1 3
> GRENADE 4 13 5 2 3
> BAT1 13 4 13 6 1 8 1 7 13 7
> BAT3 7 1
< RES 1637177157 159 3
< GRENADE
< MOVE U R
> REQ 1637177157 160 3
> VAMPIRE 1 7 4 3 1 3 0
> VAMPIRE 2 3 8 3 0 3 0
> VAMPIRE 3 3 8 3 0 3 0
> VAMPIRE 4 11 7 3 0 3 0
> GRENADE 4 13 5 1 3
> GRENADE 2 4 7 5 3
> GRENADE 3 4 7 5 3
> BAT1 13 6 1 8 1 7 13 7
> BAT3 7 1
< RES 1637177157 160 3
< MOVE R
> REQ 1637177157 161 3
> VAMPIRE 1 8 5 3 0 3 0
> VAMPIRE 2 3 9 3 0 3 0
> VAMPIRE 3 3 9 3 0 3 0
> VAMPIRE 4 11 7 3 1 3 0
> GRENADE 2 4 7 4 3
> GRENADE 3 4 7 4 3
> GRENADE 1 7 4 5 3
> BAT1 1 8 1 7 13 7
> BAT3 7 1
< RES 1637177157 161 3
< MOVE D D
> REQ 1637177157 162 3
> VAMPIRE 1 9 5 3 0 3 0
> VAMPIRE 2 5 9 3 0 3 0
> VAMPIRE 3 5 9 3 0 3 0
> VAMPIRE 4 9 7 3 0 3 0
> GRENADE 2 4 7 3 3
> GRENADE 3 4 7 3 3
> GRENADE 1 7 4 4 3
> GRENADE 4 11 7 5 3
> BAT1 1 8 1 7 13 7
> BAT3 7 1
< RES 1637177157 162 3
< MOVE U U
> REQ 1637177157 163 3
> VAMPIRE 1 9 3 3 0 3 0
> VAMPIRE 2 3 9 3 0 3 0
> VAMPIRE 3 3 9 3 0 3 0
> VAMPIRE 4 9 5 3 0 3 0
> GRENADE 2 4 7 2 3
> GRENADE 3 4 7 2 3
> GRENADE 1 7 4 3 3
> GRENADE 4 11 7 4 3
> BAT1 1 8 1 7 13 7
> BAT3 7 1
< RES 1637177157 163 3
< MOVE U U
> REQ 1637177157 164 3
> VAMPIRE 1 9 3 3 0 3 0
> VAMPIRE 2 1 9 3 0 3 0
> VAMPIRE 3 1 9 3 0 3 0
> VAMPIRE 4 9 3 3 0 3 0
> GRENADE 2 4 7 1 3
> GRENADE 3 4 7 1 3
> GRENADE 1 7 4 2 3
> GRENADE 4 11 7 3 3
> BAT1 1 8 1 7 13 7
> BAT3 7 1
< RES 1637177157 164 3
< MOVE R
> REQ 1637177157 165 3
> VAMPIRE 1 9 1 3 0 3 0
> VAMPIRE 2 1 10 3 1 3 0
> VAMPIRE 3 1 10 3 1 3 0
> VAMPIRE 4 9 3 3 0 3 0
> GRENADE 1 7 4 1 3
> GRENADE 4 11 7 2 3
> BAT1 1 8 13 7
> BAT3 7 1
< RES 1637177157 165 3
< GRENADE
< MOVE L D
> REQ 1637177157 166 3
> VAMPIRE 1 10 1 3 1 3 0
> VAMPIRE 2 2 11 3 0 3 0
> VAMPIRE 3 2 9 3 0 3 0
> VAMPIRE 4 7 3 3 0 3 0
> GRENADE 4 11 7 1 3
> GRENADE 2 1 10 5 3
> GRENADE 3 1 10 5 3
> POWERUP SHOE -4 11 2
> POWERUP SHOE -4 3 12
> BAT1 1 8 13 7
> BAT2 7 1
< RES 1637177157 166 3
< MOVE D R
> REQ 1637177157 167 3
> VAMPIRE 1 11 2 3 0 3 0
> VAMPIRE 2 3 12 3 0 3 0
> VAMPIRE 3 3 10 3 0 3 0
> VAMPIRE 4 9 3 3 1 3 0
> GRENADE 2 1 10 4 3
> GRENADE 3 1 10 4 3
> GRENADE 1 10 1 5 3
> POWERUP SHOE -3 11 2
> POWERUP SHOE -3 3 12
> BAT1 1 8
> BAT2 7 1
< RES 1637177157 167 3
< MOVE R R
> REQ 1637177157 168 3
> VAMPIRE 1 11 2 3 0 3 0
> VAMPIRE 2 3 12 3 0 3 0
> VAMPIRE 3 3 12 3 0 3 0
> VAMPIRE 4 11 3 3 1 3 0
> GRENADE 2 1 10 3 3
> GRENADE 3 1 10 3 3
> GRENADE 1 10 1 4 3
> POWERUP SHOE -2 11 2
> POWERUP SHOE -2 3 12
> BAT1 1 8
> BAT2 7 1
< RES 1637177157 168 3
> REQ 1637177157 169 3
> VAMPIRE 1 11 1 3 0 3 0
> VAMPIRE 2 3 12 3 0 3 0
> VAMPIRE 3 3 12 3 0 3 0
> VAMPIRE 4 11 2 3 1 3 0
> GRENADE 2 1 10 2 3
> GRENADE 3 1 10 2 3
> GRENADE 1 10 1 3 3
> POWERUP SHOE -1 11 2
> POWERUP SHOE -1 3 12
> BAT1 1 8
> BAT2 7 1
< RES 1637177157 169 3
< MOVE L
> REQ 1637177157 170 3
> VAMPIRE 1 11 3 3 0 3 0
> VAMPIRE 2 3 11 3 0 3 30
> VAMPIRE 3 3 11 3 0 3 30
> VAMPIRE 4 10 3 3 1 3 30
> GRENADE 2 1 10 1 3
> GRENADE 3 1 10 1 3
> GRENADE 1 10 1 2 3
> BAT1 1 8
> BAT2 7 1
< RES 1637177157 170 3
< MOVE D D
> REQ 1637177157 171 3
> VAMPIRE 1 9 3 3 0 3 0
> VAMPIRE 2 5 11 3 1 3 29
> VAMPIRE 3 5 11 3 1 3 29
> VAMPIRE 4 7 3 3 1 3 29
> GRENADE 1 10 1 1 3
> BAT2 7 1
< RES 1637177157 171 3
< MOVE D D
> REQ 1637177157 172 3
> VAMPIRE 1 9 1 3 1 3 0
> VAMPIRE 2 7 11 3 1 3 28
> VAMPIRE 3 7 11 3 1 3 28
> VAMPIRE 4 7 5 3 0 3 28
> GRENADE 4 7 3 5 3
> BAT1 7 1
< RES 1637177157 172 3
< MOVE L L
> REQ 1637177157 173 3
> VAMPIRE 1 9 3 3 1 3 0
> VAMPIRE 2 7 9 3 1 3 27
> VAMPIRE 3 7 9 3 1 3 27
> VAMPIRE 4 7 7 3 0 3 27
> GRENADE 4 7 3 4 3
> BAT1 7 1
< RES 1637177157 173 3
< MOVE L L L
> REQ 1637177157 174 3
> VAMPIRE 1 9 5 3 0 3 0
> VAMPIRE 2 7 6 3 1 3 26
> VAMPIRE 3 7 6 3 1 3 26
> VAMPIRE 4 7 7 3 0 3 26
> GRENADE 4 7 3 3 3
> GRENADE 1 9 3 5 3
> BAT1 7 1
< RES 1637177157 174 3
< GRENADE
< MOVE L U U
> REQ 1637177157 175 3
> VAMPIRE 1 11 5 3 0 3 0
> VAMPIRE 2 5 5 3 0 3 25
> VAMPIRE 3 5 5 3 0 3 25
> VAMPIRE 4 7 9 3 0 3 25
> GRENADE 4 7 3 2 3
> GRENADE 1 9 3 4 3
> GRENADE 2 7 6 5 3
> GRENADE 3 7 6 5 3
> BAT1 7 1
< RES 1637177157 175 3
< MOVE U U
> REQ 1637177157 176 3
> VAMPIRE 1 11 7 3 0 3 0
> VAMPIRE 2 3 5 3 0 3 24
> VAMPIRE 3 3 5 3 0 3 24
> VAMPIRE 4 5 9 3 0 3 24
> GRENADE 4 7 3 1 3
> GRENADE 1 9 3 3 3
> GRENADE 2 7 6 4 3
> GRENADE 3 7 6 4 3
> BAT1 7 1
< RES 1637177157 176 3
< MOVE D D
> REQ 1637177157 177 3
> VAMPIRE 1 11 7 3 1 3 0
> VAMPIRE 2 5 5 3 1 3 23
> VAMPIRE 3 5 5 3 1 3 23
> VAMPIRE 4 5 9 3 1 3 23
< RES 1637177157 177 3
< MOVE D D
> REQ 1637177157 178 3
> VAMPIRE 1 11 7 3 1 3 0
> VAMPIRE 2 7 5 3 1 3 22
> VAMPIRE 3 7 5 3 1 3 22
> VAMPIRE 4 5 9 3 1 3 22
< RES 1637177157 178 3
< MOVE L L
> REQ 1637177157 179 3
> VAMPIRE 1 11 7 3 1 3 0
> VAMPIRE 2 7 3 3 1 3 21
> VAMPIRE 3 7 3 3 1 3 21
> VAMPIRE 4 7 9 3 1 3 21
< RES 1637177157 179 3
< MOVE U U
> REQ 1637177157 180 3
> VAMPIRE 1 11 9 3 1 3 0
> VAMPIRE 2 5 3 3 1 3 20
> VAMPIRE 3 5 3 3 1 3 20
> VAMPIRE 4 7 7 3 1 3 20
< RES 1637177157 180 3
< MOVE D D
> REQ 1637177157 181 3
> VAMPIRE 1 11 7 3 1 3 0
> VAMPIRE 2 7 3 3 1 3 19
> VAMPIRE 3 7 3 3 1 3 19
> VAMPIRE 4 5 7 3 1 3 19
< RES 1637177157 181 3
< MOVE D D
> REQ 1637177157 182 3
> VAMPIRE 1 11 7 3 1 3 0
> VAMPIRE 2 9 3 3 1 3 18
> VAMPIRE 3 9 3 3 1 3 18
> VAMPIRE 4 7 7 3 1 3 18
> POWERUP BATTERY -8 10 3
> POWERUP BATTERY -8 4 11
< RES 1637177157 182 3
< MOVE D
> REQ 1637177157 183 3
> VAMPIRE 1 11 5 3 1 3 0
> VAMPIRE 2 10 3 3 1 3 17
> VAMPIRE 3 10 3 3 1 3 17
> VAMPIRE 4 9 6 3 1 3 17
> POWERUP BATTERY -7 10 3
> POWERUP BATTERY -7 4 11
< RES 1637177157 183 3
> REQ 1637177157 184 3
> VAMPIRE 1 11 3 3 1 3 0
> VAMPIRE 2 10 3 3 1 3 16
> VAMPIRE 3 10 3 3 1 3 16
> VAMPIRE 4 9 3 3 1 3 16
> POWERUP BATTERY -6 10 3
> POWERUP BATTERY -6 4 11
< RES 1637177157 184 3
> REQ 1637177157 185 3
> VAMPIRE 1 12 3 3 1 3 0
> VAMPIRE 2 10 3 3 1 3 15
> VAMPIRE 3 10 3 3 1 3 15
> VAMPIRE 4 10 3 3 1 3 15
> POWERUP BATTERY -5 10 3
> POWERUP BATTERY -5 4 11
< RES 1637177157 185 3
< GRENADE
> REQ 1637177157 186 3
> VAMPIRE 1 11 3 3 1 3 0
> VAMPIRE 2 10 3 3 0 3 14
> VAMPIRE 3 10 3 3 0 3 14
> VAMPIRE 4 10 3 3 0 3 14
> GRENADE 2 10 3 5 3
> GRENADE 3 10 3 5 3
> GRENADE 4 10 3 5 3
> POWERUP BATTERY -4 10 3
> POWERUP BATTERY -4 4 11
< RES 1637177157 186 3
> REQ 1637177157 187 3
> VAMPIRE 1 11 5 3 1 3 0
> VAMPIRE 2 10 3 3 0 3 13
> VAMPIRE 3 10 3 3 0 3 13
> VAMPIRE 4 10 3 3 0 3 13
> GRENADE 2 10 3 4 3
> GRENADE 3 10 3 4 3
> GRENADE 4 10 3 4 3
> POWERUP BATTERY -3 10 3
> POWERUP BATTERY -3 4 11
< RES 1637177157 187 3
> REQ 1637177157 188 3
> VAMPIRE 1 11 7 3 1 3 0
> VAMPIRE 2 10 3 3 0 3 12
> VAMPIRE 3 10 3 3 0 3 12
> VAMPIRE 4 10 3 3 0 3 12
> GRENADE 2 10 3 3 3
> GRENADE 3 10 3 3 3
> GRENADE 4 10 3 3 3
> POWERUP BATTERY -2 10 3
> POWERUP BATTERY -2 4 11
< RES 1637177157 188 3
> REQ 1637177157 189 3
> VAMPIRE 1 9 7 3 1 3 0
> VAMPIRE 2 10 3 3 0 3 11
> VAMPIRE 3 10 3 3 0 3 11
> VAMPIRE 4 10 3 3 0 3 11
> GRENADE 2 10 3 2 3
> GRENADE 3 10 3 2 3
> GRENADE 4 10 3 2 3
> POWERUP BATTERY -1 10 3
> POWERUP BATTERY -1 4 11
< RES 1637177157 189 3
< MOVE U R R
> REQ 1637177157 190 3
> VAMPIRE 1 7 7 3 1 3 0
> VAMPIRE 2 9 5 3 0 4 10
> VAMPIRE 3 9 5 3 0 4 10
> VAMPIRE 4 9 5 3 0 4 10
> GRENADE 2 10 3 1 3
> GRENADE 3 10 3 1 3
> GRENADE 4 10 3 1 3
> POWERUP BATTERY 13 4 11
< RES 1637177157 190 3
< MOVE U U U
> REQ 1637177157 191 3
> VAMPIRE 1 5 7 3 1 3 0
> VAMPIRE 2 6 5 3 1 4 9
> VAMPIRE 3 6 5 3 1 4 9
> VAMPIRE 4 6 5 3 1 4 9
> POWERUP BATTERY 12 4 11
< RES 1637177157 191 3
< MOVE U R R
> REQ 1637177157 192 3
> VAMPIRE 1 5 9 3 1 3 0
> VAMPIRE 2 5 7 3 1 4 8
> VAMPIRE 3 5 7 3 1 4 8
> VAMPIRE 4 5 7 3 1 4 8
> POWERUP BATTERY 11 4 11
< RES 1637177157 192 3
< MOVE R R R
> REQ 1637177157 193 3
> VAMPIRE 1 5 11 3 1 3 0
> VAMPIRE 2 5 10 3 1 4 7
> VAMPIRE 3 5 10 3 1 4 7
> VAMPIRE 4 5 10 3 1 4 7
> POWERUP BATTERY 10 4 11
< RES 1637177157 193 3
< MOVE R U
> REQ 1637177157 194 3
> VAMPIRE 1 4 11 3 1 3 0
> VAMPIRE 2 4 11 3 1 4 6
> VAMPIRE 3 4 11 3 1 4 6
> VAMPIRE 4 4 11 3 1 4 6
> POWERUP BATTERY 9 4 11
< RES 1637177157 194 3
< MOVE D L L
> REQ 1637177157 195 3
> VAMPIRE 1 3 11 3 1 4 0
> VAMPIRE 2 5 9 3 1 5 5
> VAMPIRE 3 5 9 3 1 5 5
> VAMPIRE 4 5 9 3 1 5 5
< RES 1637177157 195 3
< MOVE D D
> REQ 1637177157 196 3
> VAMPIRE 1 5 11 3 1 4 0
> VAMPIRE 2 7 9 3 1 5 4
> VAMPIRE 3 7 9 3 1 5 4
> VAMPIRE 4 7 9 3 1 5 4
< RES 1637177157 196 3
< MOVE L L
> REQ 1637177157 197 3
> VAMPIRE 1 5 9 3 1 4 0
> VAMPIRE 2 7 7 3 1 5 3
> VAMPIRE 3 7 7 3 1 5 3
> VAMPIRE 4 7 7 3 1 5 3
< RES 1637177157 197 3
< MOVE D D
> REQ 1637177157 198 3
> VAMPIRE 1 5 9 3 1 4 0
> VAMPIRE 2 9 7 3 1 5 2
> VAMPIRE 3 9 7 3 1 5 2
> VAMPIRE 4 9 7 3 1 5 2
< RES 1637177157 198 3
< MOVE L L
> REQ 1637177157 199 3
> VAMPIRE 1 5 7 3 1 4 0
> VAMPIRE 2 9 5 3 1 5 1
> VAMPIRE 3 9 5 3 1 5 1
> VAMPIRE 4 9 5 3 1 5 1
< RES 1637177157 199 3
< MOVE R R
> REQ 1637177157 200 3
> VAMPIRE 1 5 5 3 1 4 0
> VAMPIRE 2 9 7 3 1 5 0
> VAMPIRE 3 9 7 3 1 5 0
> VAMPIRE 4 9 7 3 1 5 0
< RES 1637177157 200 3
> REQ 1637177157 201 3
> VAMPIRE 1 5 7 3 1 4 0
> VAMPIRE 2 9 7 3 1 5 0
> VAMPIRE 3 9 7 3 1 5 0
> VAMPIRE 4 9 7 3 1 5 0
< RES 1637177157 201 3
< MOVE D D
> REQ 1637177157 202 3
> VAMPIRE 1 7 7 3 1 4 0
> VAMPIRE 2 11 7 3 1 5 0
> VAMPIRE 3 11 7 3 1 5 0
> VAMPIRE 4 11 7 3 1 5 0
< RES 1637177157 202 3
> REQ 1637177157 203 3
> VAMPIRE 1 9 7 3 1 4 0
> VAMPIRE 2 11 7 3 1 5 0
> VAMPIRE 3 11 7 3 1 5 0
> VAMPIRE 4 11 7 3 1 5 0
< RES 1637177157 203 3
> REQ 1637177157 204 3
> VAMPIRE 1 9 7 3 1 4 0
> VAMPIRE 2 11 7 3 1 5 0
> VAMPIRE 3 11 7 3 1 5 0
> VAMPIRE 4 11 7 3 1 5 0
< RES 1637177157 204 3
> REQ 1637177157 205 3
> VAMPIRE 1 9 7 3 1 4 0
> VAMPIRE 2 11 7 3 1 5 0
> VAMPIRE 3 11 7 3 1 5 0
> VAMPIRE 4 11 7 3 1 5 0
< RES 1637177157 205 3
> REQ 1637177157 206 3
> VAMPIRE 1 9 7 3 1 4 0
> VAMPIRE 2 11 7 3 1 5 0
> VAMPIRE 3 11 7 3 1 5 0
> VAMPIRE 4 11 7 3 1 5 0
< RES 1637177157 206 3
> REQ 1637177157 207 3
> VAMPIRE 1 9 7 3 1 4 0
> VAMPIRE 2 11 7 3 1 5 0
> VAMPIRE 3 11 7 3 1 5 0
> VAMPIRE 4 11 7 3 1 5 0
< RES 1637177157 207 3
> REQ 1637177157 208 3
> VAMPIRE 1 9 7 3 1 4 0
> VAMPIRE 2 11 7 3 1 5 0
> VAMPIRE 3 11 7 3 1 5 0
> VAMPIRE 4 11 7 3 1 5 0
> POWERUP GRENADE -7 3 7
> POWERUP GRENADE -7 11 7
< RES 1637177157 208 3
> REQ 1637177157 209 3
> VAMPIRE 1 9 7 3 1 4 0
> VAMPIRE 2 11 7 3 1 5 0
> VAMPIRE 3 11 7 3 1 5 0
> VAMPIRE 4 11 7 3 1 5 0
> POWERUP GRENADE -6 3 7
> POWERUP GRENADE -6 11 7
< RES 1637177157 209 3
> REQ 1637177157 210 3
> VAMPIRE 1 9 7 3 1 4 0
> VAMPIRE 2 11 7 3 1 5 0
> VAMPIRE 3 11 7 3 1 5 0
> VAMPIRE 4 11 7 3 1 5 0
> POWERUP GRENADE -5 3 7
> POWERUP GRENADE -5 11 7
< RES 1637177157 210 3
< GRENADE
> REQ 1637177157 211 3
> VAMPIRE 1 9 7 3 1 4 0
> VAMPIRE 2 11 7 3 0 5 0
> VAMPIRE 3 11 7 3 0 5 0
> VAMPIRE 4 11 7 3 0 5 0
> GRENADE 2 11 7 5 5
> GRENADE 3 11 7 5 5
> GRENADE 4 11 7 5 5
> POWERUP GRENADE -4 3 7
> POWERUP GRENADE -4 11 7
< RES 1637177157 211 3
> REQ 1637177157 212 3
> VAMPIRE 1 7 7 3 1 4 0
> VAMPIRE 2 11 7 3 0 5 0
> VAMPIRE 3 11 7 3 0 5 0
> VAMPIRE 4 11 7 3 0 5 0
> GRENADE 2 11 7 4 5
> GRENADE 3 11 7 4 5
> GRENADE 4 11 7 4 5
> POWERUP GRENADE -3 3 7
> POWERUP GRENADE -3 11 7
< RES 1637177157 212 3
> REQ 1637177157 213 3
> VAMPIRE 1 5 7 3 1 4 0
> VAMPIRE 2 11 7 3 0 5 0
> VAMPIRE 3 11 7 3 0 5 0
> VAMPIRE 4 11 7 3 0 5 0
> GRENADE 2 11 7 3 5
> GRENADE 3 11 7 3 5
> GRENADE 4 11 7 3 5
> POWERUP GRENADE -2 3 7
> POWERUP GRENADE -2 11 7
< RES 1637177157 213 3
< MOVE U
> REQ 1637177157 214 3
> VAMPIRE 1 3 7 3 1 4 0
> VAMPIRE 2 10 7 3 0 5 0
> VAMPIRE 3 10 7 3 0 5 0
> VAMPIRE 4 10 7 3 0 5 0
> GRENADE 2 11 7 2 5
> GRENADE 3 11 7 2 5
> GRENADE 4 11 7 2 5
> POWERUP GRENADE -1 3 7
> POWERUP GRENADE -1 11 7
< RES 1637177157 214 3
< MOVE U L
> REQ 1637177157 215 3
> VAMPIRE 1 5 7 3 2 4 0
> VAMPIRE 2 9 6 3 0 5 0
> VAMPIRE 3 9 6 3 0 5 0
> VAMPIRE 4 9 6 3 0 5 0
> GRENADE 2 11 7 1 5
> GRENADE 3 11 7 1 5
> GRENADE 4 11 7 1 5
> POWERUP GRENADE 20 11 7
< RES 1637177157 215 3
< MOVE R D
> REQ 1637177157 216 3
> VAMPIRE 1 7 7 3 2 4 0
> VAMPIRE 2 10 7 3 1 5 0
> VAMPIRE 3 10 7 3 1 5 0
> VAMPIRE 4 10 7 3 1 5 0
> POWERUP GRENADE 19 11 7
< RES 1637177157 216 3
< MOVE D
> REQ 1637177157 217 3
> VAMPIRE 1 9 7 3 2 4 0
> VAMPIRE 2 11 7 3 1 5 0
> VAMPIRE 3 11 7 3 1 5 0
> VAMPIRE 4 11 7 3 1 5 0
> POWERUP GRENADE 18 11 7
< RES 1637177157 217 3
> REQ 1637177157 218 3
> VAMPIRE 1 9 7 3 2 4 0
> VAMPIRE 2 11 7 3 2 5 0
> VAMPIRE 3 11 7 3 2 5 0
> VAMPIRE 4 11 7 3 2 5 0
< RES 1637177157 218 3
> REQ 1637177157 219 3
> VAMPIRE 1 9 7 3 2 4 0
> VAMPIRE 2 11 7 3 2 5 0
> VAMPIRE 3 11 7 3 2 5 0
> VAMPIRE 4 11 7 3 2 5 0
< RES 1637177157 219 3
> REQ 1637177157 220 3
> VAMPIRE 1 9 7 3 2 4 0
> VAMPIRE 2 11 7 3 2 5 0
> VAMPIRE 3 11 7 3 2 5 0
> VAMPIRE 4 11 7 3 2 5 0
< RES 1637177157 220 3
> REQ 1637177157 221 3
> VAMPIRE 1 9 7 3 2 4 0
> VAMPIRE 2 11 7 3 2 5 0
> VAMPIRE 3 11 7 3 2 5 0
> VAMPIRE 4 11 7 3 2 5 0
< RES 1637177157 221 3
> REQ 1637177157 222 3
> VAMPIRE 1 9 7 3 2 4 0
> VAMPIRE 2 11 7 3 2 5 0
> VAMPIRE 3 11 7 3 2 5 0
> VAMPIRE 4 11 7 3 2 5 0
< RES 1637177157 222 3
> REQ 1637177157 223 3
> VAMPIRE 1 9 7 3 2 4 0
> VAMPIRE 2 11 7 3 2 5 0
> VAMPIRE 3 11 7 3 2 5 0
> VAMPIRE 4 11 7 3 2 5 0
< RES 1637177157 223 3
> REQ 1637177157 224 3
> VAMPIRE 1 9 7 3 2 4 0
> VAMPIRE 2 11 7 3 2 5 0
> VAMPIRE 3 11 7 3 2 5 0
> VAMPIRE 4 11 7 3 2 5 0
< RES 1637177157 224 3
> REQ 1637177157 225 3
> VAMPIRE 1 9 7 3 2 4 0
> VAMPIRE 2 11 7 3 2 5 0
> VAMPIRE 3 11 7 3 2 5 0
> VAMPIRE 4 11 7 3 2 5 0
< RES 1637177157 225 3
> REQ 1637177157 226 3
> VAMPIRE 1 9 7 3 2 4 0
> VAMPIRE 2 11 7 3 2 5 0
> VAMPIRE 3 11 7 3 2 5 0
> VAMPIRE 4 11 7 3 2 5 0
< RES 1637177157 226 3
> REQ 1637177157 227 3
> VAMPIRE 1 9 7 3 2 4 0
> VAMPIRE 2 11 7 3 2 5 0
> VAMPIRE 3 11 7 3 2 5 0
> VAMPIRE 4 11 7 3 2 5 0
< RES 1637177157 227 3
> REQ 1637177157 228 3
> VAMPIRE 1 9 7 3 2 4 0
> VAMPIRE 2 11 7 3 2 5 0
> VAMPIRE 3 11 7 3 2 5 0
> VAMPIRE 4 11 7 3 2 5 0
< RES 1637177157 228 3
> REQ 1637177157 229 3
> VAMPIRE 1 9 7 3 2 4 0
> VAMPIRE 2 11 7 3 2 5 0
> VAMPIRE 3 11 7 3 2 5 0
> VAMPIRE 4 11 7 3 2 5 0
< RES 1637177157 229 3
> REQ 1637177157 230 3
> VAMPIRE 1 9 7 3 2 4 0
> VAMPIRE 2 11 7 3 2 5 0
> VAMPIRE 3 11 7 3 2 5 0
> VAMPIRE 4 11 7 3 2 5 0
< RES 1637177157 230 3
> REQ 1637177157 231 3
> VAMPIRE 1 9 7 3 2 4 0
> VAMPIRE 2 11 7 3 2 5 0
> VAMPIRE 3 11 7 3 2 5 0
> VAMPIRE 4 11 7 3 2 5 0
< RES 1637177157 231 3
> REQ 1637177157 232 3
> VAMPIRE 1 9 7 3 2 4 0
> VAMPIRE 2 11 7 3 2 5 0
> VAMPIRE 3 11 7 3 2 5 0
> VAMPIRE 4 11 7 3 2 5 0
< RES 1637177157 232 3
> REQ 1637177157 233 3
> VAMPIRE 1 9 7 3 2 4 0
> VAMPIRE 2 11 7 3 2 5 0
> VAMPIRE 3 11 7 3 2 5 0
> VAMPIRE 4 11 7 3 2 5 0
< RES 1637177157 233 3
> REQ 1637177157 234 3
> VAMPIRE 1 9 7 3 2 4 0
> VAMPIRE 2 11 7 3 2 5 0
> VAMPIRE 3 11 7 3 2 5 0
> VAMPIRE 4 11 7 3 2 5 0
< RES 1637177157 234 3
> REQ 1637177157 235 3
> VAMPIRE 1 9 7 3 2 4 0
> VAMPIRE 2 11 7 3 2 5 0
> VAMPIRE 3 11 7 3 2 5 0
> VAMPIRE 4 11 7 3 2 5 0
< RES 1637177157 235 3
> REQ 1637177157 236 3
> VAMPIRE 1 9 7 3 2 4 0
> VAMPIRE 2 11 7 3 2 5 0
> VAMPIRE 3 11 7 3 2 5 0
> VAMPIRE 4 11 7 3 2 5 0
< RES 1637177157 236 3
> REQ 1637177157 237 3
> VAMPIRE 1 9 7 3 2 4 0
> VAMPIRE 2 11 7 3 2 5 0
> VAMPIRE 3 11 7 3 2 5 0
> VAMPIRE 4 11 7 3 2 5 0
> POWERUP BATTERY -5 11 6
> POWERUP BATTERY -5 3 8
< RES 1637177157 237 3
< GRENADE
< MOVE L L
> REQ 1637177157 238 3
> VAMPIRE 1 7 7 3 2 4 0
> VAMPIRE 2 11 5 3 1 5 0
> VAMPIRE 3 11 5 3 1 5 0
> VAMPIRE 4 11 5 3 1 5 0
> GRENADE 2 11 7 5 5
> GRENADE 3 11 7 5 5
> GRENADE 4 11 7 5 5
> POWERUP BATTERY -4 11 6
> POWERUP BATTERY -4 3 8
< RES 1637177157 238 3
< MOVE R
> REQ 1637177157 239 3
> VAMPIRE 1 5 7 3 2 4 0
> VAMPIRE 2 11 6 3 1 5 0
> VAMPIRE 3 11 6 3 1 5 0
> VAMPIRE 4 11 6 3 1 5 0
> GRENADE 2 11 7 4 5
> GRENADE 3 11 7 4 5
> GRENADE 4 11 7 4 5
> POWERUP BATTERY -3 11 6
> POWERUP BATTERY -3 3 8
< RES 1637177157 239 3
< MOVE L
> REQ 1637177157 240 3
> VAMPIRE 1 3 7 3 2 4 0
> VAMPIRE 2 11 5 3 1 5 0
> VAMPIRE 3 11 5 3 1 5 0
> VAMPIRE 4 11 5 3 1 5 0
> GRENADE 2 11 7 3 5
> GRENADE 3 11 7 3 5
> GRENADE 4 11 7 3 5
> POWERUP BATTERY -2 11 6
> POWERUP BATTERY -2 3 8
< RES 1637177157 240 3
< MOVE R
> REQ 1637177157 241 3
> VAMPIRE 1 3 8 3 2 4 0
> VAMPIRE 2 11 6 3 1 5 0
> VAMPIRE 3 11 6 3 1 5 0
> VAMPIRE 4 11 6 3 1 5 0
> GRENADE 2 11 7 2 5
> GRENADE 3 11 7 2 5
> GRENADE 4 11 7 2 5
> POWERUP BATTERY -1 11 6
> POWERUP BATTERY -1 3 8
< RES 1637177157 241 3
< GRENADE
> REQ 1637177157 242 3
> VAMPIRE 1 3 7 3 2 5 0
> VAMPIRE 2 11 6 3 0 6 0
> VAMPIRE 3 11 6 3 0 6 0
> VAMPIRE 4 11 6 3 0 6 0
> GRENADE 2 11 7 1 5
> GRENADE 3 11 7 1 5
> GRENADE 4 11 7 1 5
> GRENADE 2 11 6 5 6
> GRENADE 3 11 6 5 6
> GRENADE 4 11 6 5 6
< RES 1637177157 242 3
< MOVE L
> REQ 1637177157 243 3
> VAMPIRE 1 5 7 3 2 5 0
> VAMPIRE 2 11 5 2 2 6 0
> VAMPIRE 3 11 5 2 2 6 0
> VAMPIRE 4 11 5 2 2 6 0
< RES 1637177157 243 3
< MOVE R R
> REQ 1637177157 244 3
> VAMPIRE 1 7 7 3 2 5 0
> VAMPIRE 2 11 7 2 2 6 0
> VAMPIRE 3 11 7 2 2 6 0
> VAMPIRE 4 11 7 2 2 6 0
< RES 1637177157 244 3
> REQ 1637177157 245 3
> VAMPIRE 1 9 7 3 2 5 0
> VAMPIRE 2 11 7 2 2 6 0
> VAMPIRE 3 11 7 2 2 6 0
> VAMPIRE 4 11 7 2 2 6 0
< RES 1637177157 245 3
> REQ 1637177157 246 3
> VAMPIRE 1 9 7 3 2 5 0
> VAMPIRE 2 11 7 2 2 6 0
> VAMPIRE 3 11 7 2 2 6 0
> VAMPIRE 4 11 7 2 2 6 0
< RES 1637177157 246 3
> REQ 1637177157 247 3
> VAMPIRE 1 9 7 3 2 5 0
> VAMPIRE 2 11 7 2 2 6 0
> VAMPIRE 3 11 7 2 2 6 0
> VAMPIRE 4 11 7 2 2 6 0
< RES 1637177157 247 3
> REQ 1637177157 248 3
> VAMPIRE 1 9 7 3 2 5 0
> VAMPIRE 2 11 7 2 2 6 0
> VAMPIRE 3 11 7 2 2 6 0
> VAMPIRE 4 11 7 2 2 6 0
< RES 1637177157 248 3
> REQ 1637177157 249 3
> VAMPIRE 1 9 7 3 2 5 0
> VAMPIRE 2 11 7 2 2 6 0
> VAMPIRE 3 11 7 2 2 6 0
> VAMPIRE 4 11 7 2 2 6 0
< RES 1637177157 249 3
> REQ 1637177157 250 3
> VAMPIRE 1 9 7 3 2 5 0
> VAMPIRE 2 11 7 2 2 6 0
> VAMPIRE 3 11 7 2 2 6 0
> VAMPIRE 4 11 7 2 2 6 0
< RES 1637177157 250 3
> REQ 1637177157 251 3
> VAMPIRE 1 9 7 3 2 5 0
> VAMPIRE 2 11 7 2 2 6 0
> VAMPIRE 3 11 7 2 2 6 0
> VAMPIRE 4 11 7 2 2 6 0
< RES 1637177157 251 3
> REQ 1637177157 252 3
> VAMPIRE 1 9 7 3 2 5 0
> VAMPIRE 2 11 7 2 2 6 0
> VAMPIRE 3 11 7 2 2 6 0
> VAMPIRE 4 11 7 2 2 6 0
< RES 1637177157 252 3
> REQ 1637177157 253 3
> VAMPIRE 1 9 7 3 2 5 0
> VAMPIRE 2 11 7 2 2 6 0
> VAMPIRE 3 11 7 2 2 6 0
> VAMPIRE 4 11 7 2 2 6 0
< RES 1637177157 253 3
> REQ 1637177157 254 3
> VAMPIRE 1 9 7 3 2 5 0
> VAMPIRE 2 11 7 2 2 6 0
> VAMPIRE 3 11 7 2 2 6 0
> VAMPIRE 4 11 7 2 2 6 0
< RES 1637177157 254 3
> REQ 1637177157 255 3
> VAMPIRE 1 9 7 3 2 5 0
> VAMPIRE 2 11 7 2 2 6 0
> VAMPIRE 3 11 7 2 2 6 0
> VAMPIRE 4 11 7 2 2 6 0
> POWERUP SHOE -6 13 13
> POWERUP SHOE -6 1 1
< RES 1637177157 255 3
< MOVE R R
> REQ 1637177157 256 3
> VAMPIRE 1 7 7 3 2 5 0
> VAMPIRE 2 11 9 2 2 6 0
> VAMPIRE 3 11 9 2 2 6 0
> VAMPIRE 4 11 9 2 2 6 0
> POWERUP SHOE -5 13 13
> POWERUP SHOE -5 1 1
< RES 1637177157 256 3
< MOVE R R
> REQ 1637177157 257 3
> VAMPIRE 1 5 7 3 2 5 0
> VAMPIRE 2 11 11 2 2 6 0
> VAMPIRE 3 11 11 2 2 6 0
> VAMPIRE 4 11 11 2 2 6 0
> POWERUP SHOE -4 13 13
> POWERUP SHOE -4 1 1
< RES 1637177157 257 3
< MOVE R R
> REQ 1637177157 258 3
> VAMPIRE 1 3 7 3 2 5 0
> VAMPIRE 2 11 13 2 2 6 0
> VAMPIRE 3 11 13 2 2 6 0
> VAMPIRE 4 11 13 2 2 6 0
> POWERUP SHOE -3 13 13
> POWERUP SHOE -3 1 1
< RES 1637177157 258 3
< MOVE D D
> REQ 1637177157 259 3
> VAMPIRE 1 1 7 3 2 5 0
> VAMPIRE 2 13 13 2 2 6 0
> VAMPIRE 3 13 13 2 2 6 0
> VAMPIRE 4 13 13 2 2 6 0
> POWERUP SHOE -2 13 13
> POWERUP SHOE -2 1 1
< RES 1637177157 259 3
> REQ 1637177157 260 3
> VAMPIRE 1 1 5 3 2 5 0
> VAMPIRE 2 13 13 2 2 6 0
> VAMPIRE 3 13 13 2 2 6 0
> VAMPIRE 4 13 13 2 2 6 0
> POWERUP SHOE -1 13 13
> POWERUP SHOE -1 1 1
< RES 1637177157 260 3
< MOVE U U
> REQ 1637177157 261 3
> VAMPIRE 1 1 3 3 2 5 0
> VAMPIRE 2 11 13 2 2 6 30
> VAMPIRE 3 11 13 2 2 6 30
> VAMPIRE 4 11 13 2 2 6 30
> POWERUP SHOE 17 1 1
< RES 1637177157 261 3
< MOVE L L
> REQ 1637177157 262 3
> VAMPIRE 1 1 1 3 2 5 0
> VAMPIRE 2 11 11 2 2 6 29
> VAMPIRE 3 11 11 2 2 6 29
> VAMPIRE 4 11 11 2 2 6 29
> POWERUP SHOE 16 1 1
< RES 1637177157 262 3
< MOVE U U
> REQ 1637177157 263 3
> VAMPIRE 1 3 1 3 2 5 30
> VAMPIRE 2 9 11 2 2 6 28
> VAMPIRE 3 9 11 2 2 6 28
> VAMPIRE 4 9 11 2 2 6 28
< RES 1637177157 263 3
< MOVE L L
> REQ 1637177157 264 3
> VAMPIRE 1 3 3 3 2 5 29
> VAMPIRE 2 9 9 2 2 6 27
> VAMPIRE 3 9 9 2 2 6 27
> VAMPIRE 4 9 9 2 2 6 27
< RES 1637177157 264 3
> REQ 1637177157 265 3
> VAMPIRE 1 3 5 3 2 5 28
> VAMPIRE 2 9 9 2 2 6 26
> VAMPIRE 3 9 9 2 2 6 26
> VAMPIRE 4 9 9 2 2 6 26
< RES 1637177157 265 3
< MOVE D D
> REQ 1637177157 266 3
> VAMPIRE 1 5 5 3 2 5 27
> VAMPIRE 2 11 9 2 2 6 25
> VAMPIRE 3 11 9 2 2 6 25
> VAMPIRE 4 11 9 2 2 6 25
< RES 1637177157 266 3
> REQ 1637177157 267 3
> VAMPIRE 1 5 7 3 2 5 26
> VAMPIRE 2 11 9 2 2 6 24
> VAMPIRE 3 11 9 2 2 6 24
> VAMPIRE 4 11 9 2 2 6 24
< RES 1637177157 267 3
< MOVE L L
> REQ 1637177157 268 3
> VAMPIRE 1 7 7 3 2 5 25
> VAMPIRE 2 11 7 2 2 6 23
> VAMPIRE 3 11 7 2 2 6 23
> VAMPIRE 4 11 7 2 2 6 23
< RES 1637177157 268 3
< MOVE R R
> REQ 1637177157 269 3
> VAMPIRE 1 7 7 3 2 5 24
> VAMPIRE 2 11 9 2 2 6 22
> VAMPIRE 3 11 9 2 2 6 22
> VAMPIRE 4 11 9 2 2 6 22
< RES 1637177157 269 3
> REQ 1637177157 270 3
> VAMPIRE 1 7 9 3 2 5 23
> VAMPIRE 2 11 9 2 2 6 21
> VAMPIRE 3 11 9 2 2 6 21
> VAMPIRE 4 11 9 2 2 6 21
< RES 1637177157 270 3
< MOVE L L
> REQ 1637177157 271 3
> VAMPIRE 1 7 9 3 2 5 22
> VAMPIRE 2 11 7 2 2 6 20
> VAMPIRE 3 11 7 2 2 6 20
> VAMPIRE 4 11 7 2 2 6 20
< RES 1637177157 271 3
< MOVE L L
> REQ 1637177157 272 3
> VAMPIRE 1 7 7 3 2 5 21
> VAMPIRE 2 11 5 2 2 6 19
> VAMPIRE 3 11 5 2 2 6 19
> VAMPIRE 4 11 5 2 2 6 19
< RES 1637177157 272 3
> REQ 1637177157 273 3
> VAMPIRE 1 7 5 3 2 5 20
> VAMPIRE 2 11 5 2 2 6 18
> VAMPIRE 3 11 5 2 2 6 18
> VAMPIRE 4 11 5 2 2 6 18
< RES 1637177157 273 3
< MOVE R R
> REQ 1637177157 274 3
> VAMPIRE 1 7 5 3 2 5 19
> VAMPIRE 2 11 7 2 2 6 17
> VAMPIRE 3 11 7 2 2 6 17
> VAMPIRE 4 11 7 2 2 6 17
< RES 1637177157 274 3
< MOVE R R
> REQ 1637177157 275 3
> VAMPIRE 1 7 7 3 2 5 18
> VAMPIRE 2 11 9 2 2 6 16
> VAMPIRE 3 11 9 2 2 6 16
> VAMPIRE 4 11 9 2 2 6 16
< RES 1637177157 275 3
> REQ 1637177157 276 3
> VAMPIRE 1 7 9 3 2 5 17
> VAMPIRE 2 11 9 2 2 6 15
> VAMPIRE 3 11 9 2 2 6 15
> VAMPIRE 4 11 9 2 2 6 15
< RES 1637177157 276 3
< MOVE L L
> REQ 1637177157 277 3
> VAMPIRE 1 7 9 3 2 5 16
> VAMPIRE 2 11 7 2 2 6 14
> VAMPIRE 3 11 7 2 2 6 14
> VAMPIRE 4 11 7 2 2 6 14
< RES 1637177157 277 3
< MOVE L L
> REQ 1637177157 278 3
> VAMPIRE 1 7 7 3 2 5 15
> VAMPIRE 2 11 5 2 2 6 13
> VAMPIRE 3 11 5 2 2 6 13
> VAMPIRE 4 11 5 2 2 6 13
< RES 1637177157 278 3
> REQ 1637177157 279 3
> VAMPIRE 1 7 5 3 2 5 14
> VAMPIRE 2 11 5 2 2 6 12
> VAMPIRE 3 11 5 2 2 6 12
> VAMPIRE 4 11 5 2 2 6 12
< RES 1637177157 279 3
< MOVE R R
> REQ 1637177157 280 3
> VAMPIRE 1 7 5 3 2 5 13
> VAMPIRE 2 11 7 2 2 6 11
> VAMPIRE 3 11 7 2 2 6 11
> VAMPIRE 4 11 7 2 2 6 11
< RES 1637177157 280 3
< MOVE R R
> REQ 1637177157 281 3
> VAMPIRE 1 7 7 3 2 5 12
> VAMPIRE 2 11 9 2 2 6 10
> VAMPIRE 3 11 9 2 2 6 10
> VAMPIRE 4 11 9 2 2 6 10
> POWERUP GRENADE -4 6 1
> POWERUP GRENADE -4 8 13
< RES 1637177157 281 3
< MOVE U U R
> REQ 1637177157 282 3
> VAMPIRE 1 7 4 3 2 5 11
> VAMPIRE 2 9 10 2 2 6 9
> VAMPIRE 3 9 10 2 2 6 9
> VAMPIRE 4 9 10 2 2 6 9
> POWERUP GRENADE -3 6 1
> POWERUP GRENADE -3 8 13
< RES 1637177157 282 3
< MOVE R R R
> REQ 1637177157 283 3
> VAMPIRE 1 7 1 3 2 5 10
> VAMPIRE 2 9 13 2 2 6 8
> VAMPIRE 3 9 13 2 2 6 8
> VAMPIRE 4 9 13 2 2 6 8
> POWERUP GRENADE -2 6 1
> POWERUP GRENADE -2 8 13
< RES 1637177157 283 3
< MOVE U
> REQ 1637177157 284 3
> VAMPIRE 1 6 1 3 2 5 9
> VAMPIRE 2 8 13 2 2 6 7
> VAMPIRE 3 8 13 2 2 6 7
> VAMPIRE 4 7 13 2 1 6 7
> GRENADE 4 9 13 5 6
> POWERUP GRENADE -1 6 1
> POWERUP GRENADE -1 8 13
< RES 1637177157 284 3
< MOVE U L L
> REQ 1637177157 285 3
> VAMPIRE 1 7 3 3 3 5 8
> VAMPIRE 2 8 13 2 3 6 6
> VAMPIRE 3 8 13 2 3 6 6
> VAMPIRE 4 7 11 2 0 6 6
> GRENADE 4 9 13 4 6
> GRENADE 4 7 13 5 6
< RES 1637177157 285 3
> REQ 1637177157 286 3
> VAMPIRE 1 7 5 3 3 5 7
> VAMPIRE 2 8 13 2 3 6 5
> VAMPIRE 3 8 13 2 3 6 5
> VAMPIRE 4 5 11 2 0 6 5
> GRENADE 4 9 13 3 6
> GRENADE 4 7 13 4 6
< RES 1637177157 286 3
> REQ 1637177157 287 3
> VAMPIRE 1 7 5 3 3 5 6
> VAMPIRE 2 8 13 2 3 6 4
> VAMPIRE 3 8 13 2 3 6 4
> VAMPIRE 4 5 9 2 0 6 4
> GRENADE 4 9 13 2 6
> GRENADE 4 7 13 3 6
< RES 1637177157 287 3
> REQ 1637177157 288 3
> VAMPIRE 1 5 5 3 3 5 5
> VAMPIRE 2 8 13 2 3 6 3
> VAMPIRE 3 8 13 2 3 6 3
> VAMPIRE 4 5 9 2 0 6 3
> GRENADE 4 9 13 1 6
> GRENADE 4 7 13 2 6
< RES 1637177157 288 3
> REQ 1637177157 289 3
> VAMPIRE 1 5 7 3 3 5 4
> VAMPIRE 2 8 13 1 3 6 2
> VAMPIRE 3 8 13 1 3 6 2
> VAMPIRE 4 5 9 2 2 6 2
< RES 1637177157 289 3
< MOVE D L L
> REQ 1637177157 290 3
> VAMPIRE 1 5 7 3 3 5 3
> VAMPIRE 2 9 11 1 3 6 1
> VAMPIRE 3 9 11 1 3 6 1
> VAMPIRE 4 7 9 2 2 6 1
< RES 1637177157 290 3
< MOVE L L
> REQ 1637177157 291 3
> VAMPIRE 1 7 7 3 3 5 2
> VAMPIRE 2 9 9 1 3 6 0
> VAMPIRE 3 9 9 1 3 6 0
> VAMPIRE 4 9 9 2 2 6 0
< RES 1637177157 291 3
> REQ 1637177157 292 3
> VAMPIRE 1 7 7 3 3 5 1
> VAMPIRE 2 9 9 1 3 6 0
> VAMPIRE 3 9 9 1 3 6 0
> VAMPIRE 4 9 9 2 2 6 0
< RES 1637177157 292 3
< MOVE R R
> REQ 1637177157 293 3
> VAMPIRE 1 7 7 3 3 5 0
> VAMPIRE 2 9 11 1 3 6 0
> VAMPIRE 3 9 11 1 3 6 0
> VAMPIRE 4 9 11 2 2 6 0
< RES 1637177157 293 3
< MOVE U U
> REQ 1637177157 294 3
> VAMPIRE 1 7 7 3 3 5 0
> VAMPIRE 2 7 11 1 3 6 0
> VAMPIRE 3 7 11 1 3 6 0
> VAMPIRE 4 7 11 2 2 6 0
< RES 1637177157 294 3
> REQ 1637177157 295 3
> VAMPIRE 1 7 9 3 3 5 0
> VAMPIRE 2 7 11 1 3 6 0
> VAMPIRE 3 7 11 1 3 6 0
> VAMPIRE 4 7 11 2 2 6 0
< RES 1637177157 295 3
> REQ 1637177157 296 3
> VAMPIRE 1 7 9 3 3 5 0
> VAMPIRE 2 7 11 1 3 6 0
> VAMPIRE 3 7 11 1 3 6 0
> VAMPIRE 4 7 11 2 2 6 0
< RES 1637177157 296 3
> REQ 1637177157 297 3
> VAMPIRE 1 7 9 3 3 5 0
> VAMPIRE 2 7 11 1 3 6 0
> VAMPIRE 3 7 11 1 3 6 0
> VAMPIRE 4 7 11 2 2 6 0
< RES 1637177157 297 3
> REQ 1637177157 298 3
> VAMPIRE 1 7 9 3 3 5 0
> VAMPIRE 2 7 11 1 3 6 0
> VAMPIRE 3 7 11 1 3 6 0
> VAMPIRE 4 7 11 2 2 6 0
> POWERUP TOMATO -4 2 3
> POWERUP TOMATO -4 12 11
< RES 1637177157 298 3
< MOVE D D
> REQ 1637177157 299 3
> VAMPIRE 1 5 9 3 3 5 0
> VAMPIRE 2 9 11 1 3 6 0
> VAMPIRE 3 9 11 1 3 6 0
> VAMPIRE 4 9 11 2 2 6 0
> POWERUP TOMATO -3 2 3
> POWERUP TOMATO -3 12 11
< RES 1637177157 299 3
< MOVE D D
> REQ 1637177157 300 3
> VAMPIRE 1 3 9 3 3 5 0
> VAMPIRE 2 11 11 1 3 6 0
> VAMPIRE 3 11 11 1 3 6 0
> VAMPIRE 4 11 11 2 2 6 0
> POWERUP TOMATO -2 2 3
> POWERUP TOMATO -2 12 11
< RES 1637177157 300 3
< MOVE D
> REQ 1637177157 301 3
> VAMPIRE 1 3 7 3 3 5 0
> VAMPIRE 2 12 11 1 3 6 0
> VAMPIRE 3 12 11 1 3 6 0
> VAMPIRE 4 13 11 2 1 6 0
> GRENADE 4 11 11 5 6
> POWERUP TOMATO -1 2 3
> POWERUP TOMATO -1 12 11
< RES 1637177157 301 3
< MOVE D L
> REQ 1637177157 302 3
> VAMPIRE 1 3 5 3 3 5 0
> VAMPIRE 2 12 11 2 3 6 0
> VAMPIRE 3 12 11 2 3 6 0
> VAMPIRE 4 13 9 2 0 6 0
> GRENADE 4 11 11 4 6
> GRENADE 4 13 11 5 6
> POWERUP TOMATO 18 2 3
< RES 1637177157 302 3
> REQ 1637177157 303 3
> VAMPIRE 1 3 3 3 3 5 0
> VAMPIRE 2 12 11 2 3 6 0
> VAMPIRE 3 12 11 2 3 6 0
> VAMPIRE 4 12 9 2 0 6 0
> GRENADE 4 11 11 3 6
> GRENADE 4 13 11 4 6
> POWERUP TOMATO 17 2 3
< RES 1637177157 303 3
> REQ 1637177157 304 3
> VAMPIRE 1 2 3 3 3 5 0
> VAMPIRE 2 12 11 2 3 6 0
> VAMPIRE 3 12 11 2 3 6 0
> VAMPIRE 4 10 9 2 0 6 0
> GRENADE 4 11 11 2 6
> GRENADE 4 13 11 3 6
> POWERUP TOMATO 16 2 3
< RES 1637177157 304 3
> REQ 1637177157 305 3
> VAMPIRE 1 3 3 3 3 5 0
> VAMPIRE 2 12 11 2 3 6 0
> VAMPIRE 3 12 11 2 3 6 0
> VAMPIRE 4 9 9 2 0 6 0
> GRENADE 4 11 11 1 6
> GRENADE 4 13 11 2 6
< RES 1637177157 305 3
> REQ 1637177157 306 3
> VAMPIRE 1 3 5 3 3 5 0
> VAMPIRE 2 12 11 1 3 6 0
> VAMPIRE 3 12 11 1 3 6 0
> VAMPIRE 4 9 7 2 2 6 0
< RES 1637177157 306 3
< MOVE U
> REQ 1637177157 307 3
> VAMPIRE 1 5 5 3 3 5 0
> VAMPIRE 2 11 11 1 3 6 0
> VAMPIRE 3 11 11 1 3 6 0
> VAMPIRE 4 7 7 2 2 6 0
< RES 1637177157 307 3
< MOVE U U
> REQ 1637177157 308 3
> VAMPIRE 1 5 7 3 3 5 0
> VAMPIRE 2 9 11 1 3 6 0
> VAMPIRE 3 9 11 1 3 6 0
> VAMPIRE 4 7 9 2 2 6 0
< RES 1637177157 308 3
< MOVE L L
> REQ 1637177157 309 3
> VAMPIRE 1 7 7 3 3 5 0
> VAMPIRE 2 9 9 1 3 6 0
> VAMPIRE 3 9 9 1 3 6 0
> VAMPIRE 4 7 7 2 2 6 0
< RES 1637177157 309 3
< MOVE R R
> REQ 1637177157 310 3
> VAMPIRE 1 5 7 3 3 5 0
> VAMPIRE 2 9 11 1 3 6 0
> VAMPIRE 3 9 11 1 3 6 0
> VAMPIRE 4 5 7 2 2 6 0
< RES 1637177157 310 3
< MOVE L L
> REQ 1637177157 311 3
> VAMPIRE 1 5 5 3 3 5 0
> VAMPIRE 2 9 9 1 3 6 0
> VAMPIRE 3 9 9 1 3 6 0
> VAMPIRE 4 5 5 2 2 6 0
< RES 1637177157 311 3
< MOVE U U
> REQ 1637177157 312 3
> VAMPIRE 1 5 7 3 3 5 0
> VAMPIRE 2 7 9 1 3 6 0
> VAMPIRE 3 7 9 1 3 6 0
> VAMPIRE 4 5 7 2 2 6 0
< RES 1637177157 312 3
< MOVE D D
> REQ 1637177157 313 3
> VAMPIRE 1 5 5 3 3 5 0
> VAMPIRE 2 9 9 1 3 6 0
> VAMPIRE 3 9 9 1 3 6 0
> VAMPIRE 4 5 5 2 2 6 0
< RES 1637177157 313 3
< MOVE U U
> REQ 1637177157 314 3
> VAMPIRE 1 5 7 3 3 5 0
> VAMPIRE 2 7 9 1 3 6 0
> VAMPIRE 3 7 9 1 3 6 0
> VAMPIRE 4 5 7 2 2 6 0
< RES 1637177157 314 3
< MOVE D D
> REQ 1637177157 315 3
> VAMPIRE 1 5 5 3 3 5 0
> VAMPIRE 2 9 9 1 3 6 0
> VAMPIRE 3 9 9 1 3 6 0
> VAMPIRE 4 5 5 2 2 6 0
< RES 1637177157 315 3
< MOVE U U
> REQ 1637177157 316 3
> VAMPIRE 1 5 7 3 3 5 0
> VAMPIRE 2 7 9 1 3 6 0
> VAMPIRE 3 7 9 1 3 6 0
> VAMPIRE 4 5 7 2 2 6 0
< RES 1637177157 316 3
< MOVE D D
> REQ 1637177157 317 3
> VAMPIRE 1 5 5 3 3 5 0
> VAMPIRE 2 9 9 1 3 6 0
> VAMPIRE 3 9 9 1 3 6 0
> VAMPIRE 4 5 5 2 2 6 0
< RES 1637177157 317 3
< MOVE U U
> REQ 1637177157 318 3
> VAMPIRE 1 5 7 3 3 5 0
> VAMPIRE 2 7 9 1 3 6 0
> VAMPIRE 3 7 9 1 3 6 0
> VAMPIRE 4 5 7 2 2 6 0
< RES 1637177157 318 3
< MOVE D D
> REQ 1637177157 319 3
> VAMPIRE 1 5 5 3 3 5 0
> VAMPIRE 2 9 9 1 3 6 0
> VAMPIRE 3 9 9 1 3 6 0
> VAMPIRE 4 5 5 2 2 6 0
< RES 1637177157 319 3
< MOVE U U
> REQ 1637177157 320 3
> VAMPIRE 1 5 7 3 3 5 0
> VAMPIRE 2 7 9 1 3 6 0
> VAMPIRE 3 7 9 1 3 6 0
> VAMPIRE 4 5 7 2 2 6 0
< RES 1637177157 320 3
< MOVE D D
> REQ 1637177157 321 3
> VAMPIRE 1 5 5 3 3 5 0
> VAMPIRE 2 9 9 1 3 6 0
> VAMPIRE 3 9 9 1 3 6 0
> VAMPIRE 4 5 5 2 2 6 0
< RES 1637177157 321 3
< MOVE U U
> REQ 1637177157 322 3
> VAMPIRE 1 5 7 3 3 5 0
> VAMPIRE 2 7 9 1 3 6 0
> VAMPIRE 3 7 9 1 3 6 0
> VAMPIRE 4 5 7 2 2 6 0
< RES 1637177157 322 3
< MOVE D D
> REQ 1637177157 323 3
> VAMPIRE 1 5 5 3 3 5 0
> VAMPIRE 2 9 9 1 3 6 0
> VAMPIRE 3 9 9 1 3 6 0
> VAMPIRE 4 5 5 2 2 6 0
< RES 1637177157 323 3
< MOVE U U
> REQ 1637177157 324 3
> VAMPIRE 1 5 7 3 3 5 0
> VAMPIRE 2 7 9 1 3 6 0
> VAMPIRE 3 7 9 1 3 6 0
> VAMPIRE 4 5 7 2 2 6 0
< RES 1637177157 324 3
< MOVE D D
> REQ 1637177157 325 3
> VAMPIRE 1 5 5 3 3 5 0
> VAMPIRE 2 9 9 1 3 6 0
> VAMPIRE 3 9 9 1 3 6 0
> VAMPIRE 4 5 5 2 2 6 0
> POWERUP GRENADE -7 13 2
> POWERUP GRENADE -7 1 12
< RES 1637177157 325 3
< MOVE D D
> REQ 1637177157 326 3
> VAMPIRE 1 7 5 3 3 5 0
> VAMPIRE 2 11 9 1 3 6 0
> VAMPIRE 3 11 9 1 3 6 0
> VAMPIRE 4 7 5 2 2 6 0
> POWERUP GRENADE -6 13 2
> POWERUP GRENADE -6 1 12
< RES 1637177157 326 3
< MOVE D D
> REQ 1637177157 327 3
> VAMPIRE 1 9 5 3 3 5 0
> VAMPIRE 2 13 9 1 3 6 0
> VAMPIRE 3 13 9 1 3 6 0
> VAMPIRE 4 9 5 2 2 6 0
> POWERUP GRENADE -5 13 2
> POWERUP GRENADE -5 1 12
< RES 1637177157 327 3
< MOVE L L
> REQ 1637177157 328 3
> VAMPIRE 1 11 5 3 3 5 0
> VAMPIRE 2 13 7 1 3 6 0
> VAMPIRE 3 13 7 1 3 6 0
> VAMPIRE 4 11 5 2 2 6 0
> POWERUP GRENADE -4 13 2
> POWERUP GRENADE -4 1 12
< RES 1637177157 328 3
< MOVE L L
> REQ 1637177157 329 3
> VAMPIRE 1 13 5 3 3 5 0
> VAMPIRE 2 13 5 1 3 6 0
> VAMPIRE 3 13 5 1 3 6 0
> VAMPIRE 4 13 5 2 2 6 0
> POWERUP GRENADE -3 13 2
> POWERUP GRENADE -3 1 12
< RES 1637177157 329 3
< MOVE L L
> REQ 1637177157 330 3
> VAMPIRE 1 13 3 3 3 5 0
> VAMPIRE 2 13 3 1 3 6 0
> VAMPIRE 3 13 3 1 3 6 0
> VAMPIRE 4 13 3 2 2 6 0
> POWERUP GRENADE -2 13 2
> POWERUP GRENADE -2 1 12
< RES 1637177157 330 3
< MOVE L
> REQ 1637177157 331 3
> VAMPIRE 1 13 2 3 3 5 0
> VAMPIRE 2 13 2 1 3 6 0
> VAMPIRE 3 13 2 1 3 6 0
> VAMPIRE 4 13 1 2 1 6 0
> GRENADE 4 13 3 5 6
> POWERUP GRENADE -1 13 2
> POWERUP GRENADE -1 1 12
< RES 1637177157 331 3
< GRENADE
< MOVE L U
> REQ 1637177157 332 3
> VAMPIRE 1 13 2 3 3 5 0
> VAMPIRE 2 13 2 1 3 6 0
> VAMPIRE 3 13 2 1 3 6 0
> VAMPIRE 4 11 1 2 0 6 0
> GRENADE 4 13 3 4 6
> GRENADE 1 13 2 5 5
> GRENADE 2 13 2 5 6
> GRENADE 3 13 2 5 6
> GRENADE 4 13 1 5 6
> POWERUP GRENADE 17 1 12
< RES 1637177157 332 3
> REQ 1637177157 333 3
> VAMPIRE 1 13 2 3 3 5 0
> VAMPIRE 2 13 2 1 3 6 0
> VAMPIRE 3 13 2 1 3 6 0
> VAMPIRE 4 11 2 2 0 6 0
> GRENADE 4 13 3 3 6
> GRENADE 1 13 2 4 5
> GRENADE 2 13 2 4 6
> GRENADE 3 13 2 4 6
> GRENADE 4 13 1 4 6
> POWERUP GRENADE 16 1 12
< RES 1637177157 333 3
> REQ 1637177157 334 3
> VAMPIRE 1 13 2 3 3 5 0
> VAMPIRE 2 13 2 1 3 6 0
> VAMPIRE 3 13 2 1 3 6 0
> VAMPIRE 4 11 4 2 0 6 0
> GRENADE 4 13 3 2 6
> GRENADE 1 13 2 3 5
> GRENADE 2 13 2 3 6
> GRENADE 3 13 2 3 6
> GRENADE 4 13 1 3 6
> POWERUP GRENADE 15 1 12
< RES 1637177157 334 3
< GRENADE
> REQ 1637177157 335 3
> VAMPIRE 1 13 2 3 2 5 0
> VAMPIRE 2 13 2 1 2 6 0
> VAMPIRE 3 13 2 1 2 6 0
> VAMPIRE 4 10 5 2 0 6 0
> GRENADE 4 13 3 1 6
> GRENADE 1 13 2 2 5
> GRENADE 2 13 2 2 6
> GRENADE 3 13 2 2 6
> GRENADE 4 13 1 2 6
> GRENADE 1 13 2 5 5
> GRENADE 2 13 2 5 6
> GRENADE 3 13 2 5 6
> POWERUP GRENADE 14 1 12
< RES 1637177157 335 3
> END 995 Could_not_be_more_deaded
