> MESSAGE OK
> LEVEL 8
> GAMEID 1637329221
> TEST 1
> MAXTICK 1200
> GRENADERADIUS 2
> SIZE 21
> REQ 1637329221 0 4
> VAMPIRE 1 1 1 3 1 2 0
> VAMPIRE 3 19 19 3 1 2 0
> VAMPIRE 2 19 1 3 1 2 0
> VAMPIRE 4 1 19 3 1 2 0
> BAT1 3 1 7 1 9 1 11 1 13 1 17 1 1 3 3 3 5 3 9 3 11 3 15 3 17 3 19 3 3 5 5 5 7 5 13 5 15 5 17 5 1 7 5 7 7 7 9 7 11 7 13 7 15 7 19 7 1 9 3 9 7 9 13 9 17 9 19 9 1 11 3 11 7 11 13 11 17 11 19 11 1 13 5 13 7 13 9 13 11 13 13 13 15 13 19 13 3 15 5 15 7 15 13 15 15 15 17 15 1 17 3 17 5 17 9 17 11 17 15 17 17 17 19 17 3 19 7 19 9 19 11 19 13 19 17 19
< RES 1637329221 0 4
> REQ 1637329221 1 4
> VAMPIRE 1 1 1 3 0 2 0
> VAMPIRE 3 19 18 3 1 2 0
> VAMPIRE 2 18 1 3 1 2 0
> VAMPIRE 4 1 19 3 1 2 0
> GRENADE 1 1 1 5 2
> BAT1 3 1 7 1 9 1 11 1 13 1 17 1 1 3 3 3 5 3 9 3 11 3 15 3 17 3 19 3 3 5 5 5 7 5 13 5 15 5 17 5 1 7 5 7 7 7 9 7 11 7 13 7 15 7 19 7 1 9 3 9 7 9 13 9 17 9 19 9 1 11 3 11 7 11 13 11 17 11 19 11 1 13 5 13 7 13 9 13 11 13 13 13 15 13 19 13 3 15 5 15 7 15 13 15 15 15 17 15 1 17 3 17 5 17 9 17 11 17 15 17 17 17 19 17 3 19 7 19 9 19 11 19 13 19 17 19
< RES 1637329221 1 4
> REQ 1637329221 2 4
> VAMPIRE 1 1 1 3 0 2 0
> VAMPIRE 3 19 18 3 0 2 0
> VAMPIRE 2 18 1 3 0 2 0
> VAMPIRE 4 1 19 3 1 2 0
> GRENADE 1 1 1 4 2
> GRENADE 3 19 18 5 2
> GRENADE 2 18 1 5 2
> BAT1 3 1 7 1 9 1 11 1 13 1 17 1 1 3 3 3 5 3 9 3 11 3 15 3 17 3 19 3 3 5 5 5 7 5 13 5 15 5 17 5 1 7 5 7 7 7 9 7 11 7 13 7 15 7 19 7 1 9 3 9 7 9 13 9 17 9 19 9 1 11 3 11 7 11 13 11 17 11 19 11 1 13 5 13 7 13 9 13 11 13 13 13 15 13 19 13 3 15 5 15 7 15 13 15 15 15 17 15 1 17 3 17 5 17 9 17 11 17 15 17 17 17 19 17 3 19 7 19 9 19 11 19 13 19 17 19
< RES 1637329221 2 4
> REQ 1637329221 3 4
> VAMPIRE 1 1 1 3 0 2 0
> VAMPIRE 3 19 19 3 0 2 0
> VAMPIRE 2 19 1 3 0 2 0
> VAMPIRE 4 1 19 3 1 2 0
> GRENADE 1 1 1 3 2
> GRENADE 3 19 15 4 2
> GRENADE 2 15 1 4 2
> BAT1 3 1 7 1 9 1 11 1 13 1 17 1 1 3 3 3 5 3 9 3 11 3 15 3 17 3 19 3 3 5 5 5 7 5 13 5 15 5 17 5 1 7 5 7 7 7 9 7 11 7 13 7 15 7 19 7 1 9 3 9 7 9 13 9 17 9 19 9 1 11 3 11 7 11 13 11 17 11 19 11 1 13 5 13 7 13 9 13 11 13 13 13 15 13 19 13 3 15 5 15 7 15 13 15 15 15 17 15 1 17 3 17 5 17 9 17 11 17 15 17 17 17 19 17 3 19 7 19 9 19 11 19 13 19 17 19
< RES 1637329221 3 4
< GRENADE
> REQ 1637329221 4 4
> VAMPIRE 1 1 1 3 0 2 0
> VAMPIRE 3 19 19 3 0 2 0
> VAMPIRE 2 19 1 3 0 2 0
> VAMPIRE 4 1 19 3 0 2 0
> GRENADE 1 1 1 2 2
> GRENADE 3 19 15 3 2
> GRENADE 2 15 1 3 2
> GRENADE 4 1 19 5 2
> BAT1 3 1 7 1 9 1 11 1 13 1 17 1 1 3 3 3 5 3 9 3 11 3 15 3 17 3 19 3 3 5 5 5 7 5 13 5 15 5 17 5 1 7 5 7 7 7 9 7 11 7 13 7 15 7 19 7 1 9 3 9 7 9 13 9 17 9 19 9 1 11 3 11 7 11 13 11 17 11 19 11 1 13 5 13 7 13 9 13 11 13 13 13 15 13 19 13 3 15 5 15 7 15 13 15 15 15 17 15 1 17 3 17 5 17 9 17 11 17 15 17 17 17 19 17 3 19 7 19 9 19 11 19 13 19 17 19
< RES 1637329221 4 4
> REQ 1637329221 5 4
> VAMPIRE 1 1 1 3 0 2 0
> VAMPIRE 3 19 19 3 0 2 0
> VAMPIRE 2 19 1 3 0 2 0
> VAMPIRE 4 1 19 3 0 2 0
> GRENADE 1 1 1 1 2
> GRENADE 3 19 15 2 2
> GRENADE 2 15 1 2 2
> GRENADE 4 1 19 4 2
> BAT1 3 1 7 1 9 1 11 1 13 1 17 1 1 3 3 3 5 3 9 3 11 3 15 3 17 3 19 3 3 5 5 5 7 5 13 5 15 5 17 5 1 7 5 7 7 7 9 7 11 7 13 7 15 7 19 7 1 9 3 9 7 9 13 9 17 9 19 9 1 11 3 11 7 11 13 11 17 11 19 11 1 13 5 13 7 13 9 13 11 13 13 13 15 13 19 13 3 15 5 15 7 15 13 15 15 15 17 15 1 17 3 17 5 17 9 17 11 17 15 17 17 17 19 17 3 19 7 19 9 19 11 19 13 19 17 19
< RES 1637329221 5 4
> REQ 1637329221 6 4
> VAMPIRE 1 1 1 2 1 2 0
> VAMPIRE 3 19 19 3 0 2 0
> VAMPIRE 2 19 1 3 0 2 0
> VAMPIRE 4 1 19 3 0 2 0
> GRENADE 3 19 15 1 2
> GRENADE 2 15 1 1 2
> GRENADE 4 1 19 3 2
> BAT1 7 1 9 1 11 1 13 1 17 1 3 3 5 3 9 3 11 3 15 3 17 3 19 3 3 5 5 5 7 5 13 5 15 5 17 5 1 7 5 7 7 7 9 7 11 7 13 7 15 7 19 7 1 9 3 9 7 9 13 9 17 9 19 9 1 11 3 11 7 11 13 11 17 11 19 11 1 13 5 13 7 13 9 13 11 13 13 13 15 13 19 13 3 15 5 15 7 15 13 15 15 15 17 15 1 17 3 17 5 17 9 17 11 17 15 17 17 17 19 17 3 19 7 19 9 19 11 19 13 19 17 19
< RES 1637329221 6 4
> REQ 1637329221 7 4
> VAMPIRE 1 3 1 2 1 2 0
> VAMPIRE 3 18 19 3 1 2 0
> VAMPIRE 2 19 2 3 1 2 0
> VAMPIRE 4 1 19 3 0 2 0
> GRENADE 4 1 19 2 2
> BAT1 7 1 9 1 11 1 3 3 5 3 9 3 11 3 17 3 19 3 3 5 5 5 7 5 13 5 15 5 17 5 1 7 5 7 7 7 9 7 11 7 13 7 15 7 19 7 1 9 3 9 7 9 13 9 17 9 19 9 1 11 3 11 7 11 13 11 17 11 19 11 1 13 5 13 7 13 9 13 11 13 13 13 15 13 3 15 5 15 7 15 13 15 15 15 1 17 3 17 5 17 9 17 11 17 15 17 17 17 3 19 7 19 9 19 11 19 13 19 17 19
< RES 1637329221 7 4
> REQ 1637329221 8 4
> VAMPIRE 1 3 1 2 1 2 0
> VAMPIRE 3 18 19 3 0 2 0
> VAMPIRE 2 19 2 3 0 2 0
> VAMPIRE 4 1 19 3 0 2 0
> GRENADE 4 1 19 1 2
> GRENADE 3 18 19 5 2
> GRENADE 2 19 2 5 2
> BAT1 7 1 9 1 11 1 3 3 5 3 9 3 11 3 17 3 19 3 3 5 5 5 7 5 13 5 15 5 17 5 1 7 5 7 7 7 9 7 11 7 13 7 15 7 19 7 1 9 3 9 7 9 13 9 17 9 19 9 1 11 3 11 7 11 13 11 17 11 19 11 1 13 5 13 7 13 9 13 11 13 13 13 15 13 3 15 5 15 7 15 13 15 15 15 1 17 3 17 5 17 9 17 11 17 15 17 17 17 3 19 7 19 9 19 11 19 13 19 17 19
< RES 1637329221 8 4
< MOVE D
> REQ 1637329221 9 4
> VAMPIRE 1 3 1 2 0 2 0
> VAMPIRE 3 19 19 3 0 2 0
> VAMPIRE 2 19 1 3 0 2 0
> VAMPIRE 4 2 19 2 1 2 0
> GRENADE 3 15 19 4 2
> GRENADE 2 19 5 4 2
> GRENADE 1 3 1 5 2
> BAT1 7 1 9 1 11 1 3 3 5 3 9 3 11 3 17 3 19 3 3 5 5 5 7 5 13 5 15 5 17 5 1 7 5 7 7 7 9 7 11 7 13 7 15 7 19 7 1 9 3 9 7 9 13 9 17 9 19 9 1 11 3 11 7 11 13 11 17 11 19 11 1 13 5 13 7 13 9 13 11 13 13 13 15 13 3 15 5 15 7 15 13 15 15 15 3 17 5 17 9 17 11 17 15 17 17 17 7 19 9 19 11 19 13 19 17 19
< RES 1637329221 9 4
< MOVE D L
> REQ 1637329221 10 4
> VAMPIRE 1 3 1 2 0 2 0
> VAMPIRE 3 19 17 3 0 2 0
> VAMPIRE 2 17 1 3 0 2 0
> VAMPIRE 4 3 18 2 1 2 0
> GRENADE 3 15 19 3 2
> GRENADE 2 19 5 3 2
> GRENADE 1 3 4 4 2
> BAT1 7 1 9 1 11 1 3 3 5 3 9 3 11 3 17 3 19 3 3 5 5 5 7 5 13 5 15 5 17 5 1 7 5 7 7 7 9 7 11 7 13 7 15 7 19 7 1 9 3 9 7 9 13 9 17 9 19 9 1 11 3 11 7 11 13 11 17 11 19 11 1 13 5 13 7 13 9 13 11 13 13 13 15 13 3 15 5 15 7 15 13 15 15 15 3 17 5 17 9 17 11 17 15 17 17 17 7 19 9 19 11 19 13 19 17 19
< RES 1637329221 10 4
< GRENADE
> REQ 1637329221 11 4
> VAMPIRE 1 3 1 2 0 2 0
> VAMPIRE 3 19 15 3 0 2 0
> VAMPIRE 2 15 1 3 0 2 0
> VAMPIRE 4 3 18 2 1 2 0
> GRENADE 3 15 19 2 2
> GRENADE 2 19 5 2 2
> GRENADE 1 3 4 3 2
> BAT1 7 1 9 1 11 1 3 3 5 3 9 3 11 3 17 3 19 3 3 5 5 5 7 5 13 5 15 5 17 5 1 7 5 7 7 7 9 7 11 7 13 7 15 7 19 7 1 9 3 9 7 9 13 9 17 9 19 9 1 11 3 11 7 11 13 11 17 11 19 11 1 13 5 13 7 13 9 13 11 13 13 13 15 13 3 15 5 15 7 15 13 15 15 15 3 17 5 17 9 17 11 17 15 17 17 17 7 19 9 19 11 19 13 19 17 19
< RES 1637329221 11 4
< GRENADE
> REQ 1637329221 12 4
> VAMPIRE 1 3 1 2 0 2 0
> VAMPIRE 3 17 15 3 0 2 0
> VAMPIRE 2 15 3 3 0 2 0
> VAMPIRE 4 3 18 2 0 2 0
> GRENADE 3 15 19 1 2
> GRENADE 2 19 5 1 2
> GRENADE 1 3 4 2 2
> GRENADE 4 3 18 5 2
> BAT1 7 1 9 1 11 1 3 3 5 3 9 3 11 3 17 3 19 3 3 5 5 5 7 5 13 5 15 5 17 5 1 7 5 7 7 7 9 7 11 7 13 7 15 7 19 7 1 9 3 9 7 9 13 9 17 9 19 9 1 11 3 11 7 11 13 11 17 11 19 11 1 13 5 13 7 13 9 13 11 13 13 13 15 13 3 15 5 15 7 15 13 15 15 15 3 17 5 17 9 17 11 17 15 17 17 17 7 19 9 19 11 19 13 19 17 19
< RES 1637329221 12 4
< THROW XL 2
< MOVE R
> REQ 1637329221 13 4
> VAMPIRE 1 5 1 2 0 2 0
> VAMPIRE 3 17 15 3 1 2 0
> VAMPIRE 2 15 3 3 1 2 0
> VAMPIRE 4 3 19 2 0 2 0
> GRENADE 1 3 4 1 2
> GRENADE 4 3 16 4 2
> BAT1 7 1 9 1 11 1 3 3 5 3 9 3 11 3 17 3 3 5 5 5 7 5 13 5 15 5 1 7 5 7 7 7 9 7 11 7 13 7 15 7 1 9 3 9 7 9 13 9 17 9 19 9 1 11 3 11 7 11 13 11 17 11 19 11 1 13 5 13 7 13 9 13 11 13 13 13 15 13 3 15 5 15 7 15 13 15 15 15 3 17 5 17 9 17 11 17 17 17 7 19 9 19 11 19
< RES 1637329221 13 4
> REQ 1637329221 14 4
> VAMPIRE 1 5 1 2 1 2 0
> VAMPIRE 3 17 15 3 0 2 0
> VAMPIRE 2 15 3 3 0 2 0
> VAMPIRE 4 3 19 2 0 2 0
> GRENADE 4 3 16 3 2
> GRENADE 3 17 15 5 2
> GRENADE 2 15 3 5 2
> BAT1 7 1 9 1 11 1 5 3 9 3 11 3 17 3 5 5 7 5 13 5 15 5 1 7 5 7 7 7 9 7 11 7 13 7 15 7 1 9 3 9 7 9 13 9 17 9 19 9 1 11 3 11 7 11 13 11 17 11 19 11 1 13 5 13 7 13 9 13 11 13 13 13 15 13 3 15 5 15 7 15 13 15 15 15 3 17 5 17 9 17 11 17 17 17 7 19 9 19 11 19
< RES 1637329221 14 4
> REQ 1637329221 15 4
> VAMPIRE 1 3 1 2 0 2 0
> VAMPIRE 3 17 15 3 0 2 0
> VAMPIRE 2 15 3 3 0 2 0
> VAMPIRE 4 3 19 2 0 2 0
> GRENADE 4 3 16 2 2
> GRENADE 3 14 15 4 2
> GRENADE 2 15 6 4 2
> GRENADE 1 5 1 5 2
> BAT1 7 1 9 1 11 1 5 3 9 3 11 3 17 3 5 5 7 5 13 5 15 5 1 7 5 7 7 7 9 7 11 7 13 7 15 7 1 9 3 9 7 9 13 9 17 9 19 9 1 11 3 11 7 11 13 11 17 11 19 11 1 13 5 13 7 13 9 13 11 13 13 13 15 13 3 15 5 15 7 15 13 15 15 15 3 17 5 17 9 17 11 17 17 17 7 19 9 19 11 19
< RES 1637329221 15 4
> REQ 1637329221 16 4
> VAMPIRE 1 3 3 2 0 2 0
> VAMPIRE 3 17 15 3 0 2 0
> VAMPIRE 2 15 3 3 0 2 0
> VAMPIRE 4 3 19 2 0 2 0
> GRENADE 4 3 16 1 2
> GRENADE 3 14 15 3 2
> GRENADE 2 15 6 3 2
> GRENADE 1 5 1 4 2
> BAT1 7 1 9 1 11 1 5 3 9 3 11 3 17 3 5 5 7 5 13 5 15 5 1 7 5 7 7 7 9 7 11 7 13 7 15 7 1 9 3 9 7 9 13 9 17 9 19 9 1 11 3 11 7 11 13 11 17 11 19 11 1 13 5 13 7 13 9 13 11 13 13 13 15 13 3 15 5 15 7 15 13 15 15 15 3 17 5 17 9 17 11 17 17 17 7 19 9 19 11 19
< RES 1637329221 16 4
< MOVE D D
> REQ 1637329221 17 4
> VAMPIRE 1 3 3 2 0 2 0
> VAMPIRE 3 17 15 3 0 2 0
> VAMPIRE 2 13 3 3 0 2 0
> VAMPIRE 4 5 19 2 1 2 0
> GRENADE 3 14 15 2 2
> GRENADE 2 15 6 2 2
> GRENADE 1 5 1 3 2
> BAT1 7 1 9 1 11 1 5 3 9 3 11 3 17 3 5 5 7 5 13 5 15 5 1 7 5 7 7 7 9 7 11 7 13 7 15 7 1 9 3 9 7 9 13 9 17 9 19 9 1 11 3 11 7 11 13 11 17 11 19 11 1 13 5 13 7 13 9 13 11 13 13 13 15 13 5 15 7 15 13 15 15 15 5 17 9 17 11 17 17 17 7 19 9 19 11 19
< RES 1637329221 17 4
< GRENADE
< MOVE U U
> REQ 1637329221 18 4
> VAMPIRE 1 3 3 2 0 2 0
> VAMPIRE 3 17 13 3 0 2 0
> VAMPIRE 2 13 3 3 0 2 0
> VAMPIRE 4 3 19 2 0 2 0
> GRENADE 3 14 15 1 2
> GRENADE 2 15 6 1 2
> GRENADE 1 5 1 2 2
> GRENADE 4 5 19 5 2
> BAT1 7 1 9 1 11 1 5 3 9 3 11 3 17 3 5 5 7 5 13 5 15 5 1 7 5 7 7 7 9 7 11 7 13 7 15 7 1 9 3 9 7 9 13 9 17 9 19 9 1 11 3 11 7 11 13 11 17 11 19 11 1 13 5 13 7 13 9 13 11 13 13 13 15 13 5 15 7 15 13 15 15 15 5 17 9 17 11 17 17 17 7 19 9 19 11 19
< RES 1637329221 18 4
< MOVE L L
> REQ 1637329221 19 4
> VAMPIRE 1 3 5 2 0 2 0
> VAMPIRE 3 17 12 3 1 2 0
> VAMPIRE 2 13 3 3 1 2 0
> VAMPIRE 4 3 17 2 0 2 0
> GRENADE 1 5 1 1 2
> GRENADE 4 5 19 4 2
> BAT1 7 1 9 1 11 1 5 3 9 3 11 3 17 3 5 5 7 5 13 5 1 7 5 7 7 7 9 7 11 7 13 7 1 9 3 9 7 9 13 9 17 9 19 9 1 11 3 11 7 11 13 11 17 11 19 11 1 13 5 13 7 13 9 13 11 13 13 13 15 13 5 15 7 15 5 17 9 17 11 17 17 17 7 19 9 19 11 19
< RES 1637329221 19 4
> REQ 1637329221 20 4
> VAMPIRE 1 3 7 2 1 2 0
> VAMPIRE 3 18 13 3 0 2 0
> VAMPIRE 2 13 3 3 0 2 0
> VAMPIRE 4 3 17 2 0 2 0
> GRENADE 4 5 19 3 2
> GRENADE 3 17 12 5 2
> GRENADE 2 13 3 5 2
> BAT1 9 1 11 1 9 3 11 3 17 3 5 5 7 5 13 5 1 7 5 7 7 7 9 7 11 7 13 7 1 9 3 9 7 9 13 9 17 9 19 9 1 11 3 11 7 11 13 11 17 11 19 11 1 13 5 13 7 13 9 13 11 13 13 13 15 13 5 15 7 15 5 17 9 17 11 17 17 17 7 19 9 19 11 19
< RES 1637329221 20 4
> REQ 1637329221 21 4
> VAMPIRE 1 3 5 2 0 2 0
> VAMPIRE 3 17 13 3 0 2 0
> VAMPIRE 2 13 3 3 0 2 0
> VAMPIRE 4 3 17 2 0 2 0
> GRENADE 4 5 19 2 2
> GRENADE 3 17 12 4 2
> GRENADE 2 10 3 4 2
> GRENADE 1 3 7 5 2
> BAT1 9 1 11 1 9 3 11 3 17 3 5 5 7 5 13 5 1 7 5 7 7 7 9 7 11 7 13 7 1 9 3 9 7 9 13 9 17 9 19 9 1 11 3 11 7 11 13 11 17 11 19 11 1 13 5 13 7 13 9 13 11 13 13 13 15 13 5 15 7 15 5 17 9 17 11 17 17 17 7 19 9 19 11 19
< RES 1637329221 21 4
< MOVE L L
> REQ 1637329221 22 4
> VAMPIRE 1 3 3 2 0 2 0
> VAMPIRE 3 17 13 3 0 2 0
> VAMPIRE 2 13 3 3 0 2 0
> VAMPIRE 4 3 15 2 0 2 0
> GRENADE 4 5 19 1 2
> GRENADE 3 17 10 3 2
> GRENADE 2 10 3 3 2
> GRENADE 1 3 7 4 2
> BAT1 9 1 11 1 9 3 11 3 17 3 5 5 7 5 13 5 1 7 5 7 7 7 9 7 11 7 13 7 1 9 3 9 7 9 13 9 17 9 19 9 1 11 3 11 7 11 13 11 17 11 19 11 1 13 5 13 7 13 9 13 11 13 13 13 15 13 5 15 7 15 5 17 9 17 11 17 17 17 7 19 9 19 11 19
< RES 1637329221 22 4
< MOVE L L
> REQ 1637329221 23 4
> VAMPIRE 1 5 3 2 0 2 0
> VAMPIRE 3 17 13 3 0 2 0
> VAMPIRE 2 13 3 3 0 2 0
> VAMPIRE 4 3 13 2 1 2 0
> GRENADE 3 17 10 2 2
> GRENADE 2 10 3 2 2
> GRENADE 1 3 7 3 2
> BAT1 9 1 11 1 9 3 11 3 17 3 5 5 7 5 13 5 1 7 5 7 7 7 9 7 11 7 13 7 1 9 3 9 7 9 13 9 17 9 19 9 1 11 3 11 7 11 13 11 17 11 19 11 1 13 5 13 7 13 9 13 11 13 13 13 15 13 5 15 7 15 9 17 11 17 17 17 9 19 11 19
< RES 1637329221 23 4
< GRENADE
< MOVE R R
> REQ 1637329221 24 4
> VAMPIRE 1 5 3 2 0 2 0
> VAMPIRE 3 17 13 3 0 2 0
> VAMPIRE 2 13 1 3 0 2 0
> VAMPIRE 4 3 15 2 0 2 0
> GRENADE 3 17 10 1 2
> GRENADE 2 10 3 1 2
> GRENADE 1 3 7 2 2
> GRENADE 4 3 13 5 2
> BAT1 9 1 11 1 9 3 11 3 17 3 5 5 7 5 13 5 1 7 5 7 7 7 9 7 11 7 13 7 1 9 3 9 7 9 13 9 17 9 19 9 1 11 3 11 7 11 13 11 17 11 19 11 1 13 5 13 7 13 9 13 11 13 13 13 15 13 5 15 7 15 9 17 11 17 17 17 9 19 11 19
< RES 1637329221 24 4
< MOVE R R
> REQ 1637329221 25 4
> VAMPIRE 1 7 3 2 0 2 0
> VAMPIRE 3 17 13 3 1 2 0
> VAMPIRE 2 13 3 3 1 2 0
> VAMPIRE 4 3 17 2 0 2 0
> GRENADE 1 3 7 1 2
> GRENADE 4 3 13 4 2
> BAT1 9 1 11 1 17 3 5 5 7 5 13 5 1 7 5 7 7 7 9 7 11 7 13 7 1 9 3 9 7 9 13 9 19 9 1 11 3 11 7 11 13 11 19 11 1 13 5 13 7 13 9 13 11 13 13 13 15 13 5 15 7 15 9 17 11 17 17 17 9 19 11 19
< RES 1637329221 25 4
< MOVE D D
> REQ 1637329221 26 4
> VAMPIRE 1 7 1 2 1 2 0
> VAMPIRE 3 17 13 3 0 2 0
> VAMPIRE 2 13 3 3 0 2 0
> VAMPIRE 4 5 17 2 0 2 0
> GRENADE 4 3 13 3 2
> GRENADE 3 17 13 5 2
> GRENADE 2 13 3 5 2
> BAT1 9 1 11 1 17 3 5 5 7 5 13 5 7 7 9 7 11 7 13 7 1 9 7 9 13 9 19 9 1 11 3 11 7 11 13 11 19 11 1 13 5 13 7 13 9 13 11 13 13 13 15 13 5 15 7 15 9 17 11 17 17 17 9 19 11 19
< RES 1637329221 26 4
> REQ 1637329221 27 4
> VAMPIRE 1 7 3 2 0 2 0
> VAMPIRE 3 17 13 3 0 2 0
> VAMPIRE 2 13 3 3 0 2 0
> VAMPIRE 4 5 17 2 0 2 0
> GRENADE 4 3 13 2 2
> GRENADE 3 14 13 4 2
> GRENADE 2 13 6 4 2
> GRENADE 1 7 1 5 2
> BAT1 9 1 11 1 17 3 5 5 7 5 13 5 7 7 9 7 11 7 13 7 1 9 7 9 13 9 19 9 1 11 3 11 7 11 13 11 19 11 1 13 5 13 7 13 9 13 11 13 13 13 15 13 5 15 7 15 9 17 11 17 17 17 9 19 11 19
< RES 1637329221 27 4
< MOVE D D
> REQ 1637329221 28 4
> VAMPIRE 1 5 3 2 0 2 0
> VAMPIRE 3 17 13 3 0 2 0
> VAMPIRE 2 13 3 3 0 2 0
> VAMPIRE 4 7 17 2 0 2 0
> GRENADE 4 3 13 1 2
> GRENADE 3 14 13 3 2
> GRENADE 2 13 6 3 2
> GRENADE 1 7 1 4 2
> BAT1 9 1 11 1 17 3 5 5 7 5 13 5 7 7 9 7 11 7 13 7 1 9 7 9 13 9 19 9 1 11 3 11 7 11 13 11 19 11 1 13 5 13 7 13 9 13 11 13 13 13 15 13 5 15 7 15 9 17 11 17 17 17 9 19 11 19
< RES 1637329221 28 4
> REQ 1637329221 29 4
> VAMPIRE 1 5 2 2 0 2 0
> VAMPIRE 3 17 13 3 0 2 0
> VAMPIRE 2 13 3 3 0 2 0
> VAMPIRE 4 7 17 2 1 2 0
> GRENADE 3 14 13 2 2
> GRENADE 2 13 6 2 2
> GRENADE 1 7 1 3 2
> BAT1 9 1 11 1 17 3 5 5 7 5 13 5 7 7 9 7 11 7 13 7 1 9 7 9 13 9 19 9 1 11 7 11 13 11 19 11 7 13 9 13 11 13 13 13 15 13 5 15 7 15 9 17 11 17 17 17 9 19 11 19
< RES 1637329221 29 4
< GRENADE
> REQ 1637329221 30 4
> VAMPIRE 1 6 1 2 0 2 0
> VAMPIRE 3 17 11 3 0 2 0
> VAMPIRE 2 13 1 3 0 2 0
> VAMPIRE 4 7 17 2 0 2 0
> GRENADE 3 14 13 1 2
> GRENADE 2 13 6 1 2
> GRENADE 1 7 1 2 2
> GRENADE 4 7 17 5 2
> BAT1 9 1 11 1 17 3 5 5 7 5 13 5 7 7 9 7 11 7 13 7 1 9 7 9 13 9 19 9 1 11 7 11 13 11 19 11 7 13 9 13 11 13 13 13 15 13 5 15 7 15 9 17 11 17 17 17 9 19 11 19
< RES 1637329221 30 4
< THROW XD 3
> REQ 1637329221 31 4
> VAMPIRE 1 6 1 2 0 2 0
> VAMPIRE 3 18 11 3 1 2 0
> VAMPIRE 2 12 1 3 1 2 0
> VAMPIRE 4 7 17 2 0 2 0
> GRENADE 1 7 1 1 2
> GRENADE 4 10 17 4 2
> BAT1 9 1 11 1 17 3 5 5 7 5 7 7 9 7 11 7 1 9 7 9 13 9 19 9 1 11 7 11 13 11 19 11 7 13 9 13 11 13 5 15 7 15 9 17 11 17 17 17 9 19 11 19
< RES 1637329221 31 4
> REQ 1637329221 32 4
> VAMPIRE 1 5 1 1 1 2 0
> VAMPIRE 3 17 10 3 0 2 0
> VAMPIRE 2 13 2 3 0 2 0
> VAMPIRE 4 7 17 2 0 2 0
> GRENADE 4 10 17 3 2
> GRENADE 3 18 11 5 2
> GRENADE 2 12 1 5 2
> BAT1 11 1 17 3 5 5 7 5 7 7 9 7 11 7 1 9 7 9 13 9 19 9 1 11 7 11 13 11 19 11 7 13 9 13 11 13 5 15 7 15 9 17 11 17 17 17 9 19 11 19
< RES 1637329221 32 4
> REQ 1637329221 33 4
> VAMPIRE 1 5 3 1 1 2 0
> VAMPIRE 3 17 9 3 0 2 0
> VAMPIRE 2 13 1 3 0 2 0
> VAMPIRE 4 7 17 2 0 2 0
> GRENADE 4 10 17 2 2
> GRENADE 3 18 11 4 2
> GRENADE 2 12 1 4 2
> BAT1 11 1 17 3 5 5 7 5 7 7 9 7 11 7 1 9 7 9 13 9 19 9 1 11 7 11 13 11 19 11 7 13 9 13 11 13 5 15 7 15 9 17 11 17 17 17 9 19 11 19
< RES 1637329221 33 4
> REQ 1637329221 34 4
> VAMPIRE 1 7 3 1 1 2 0
> VAMPIRE 3 17 9 3 0 2 0
> VAMPIRE 2 13 3 3 0 2 0
> VAMPIRE 4 7 17 2 0 2 0
> GRENADE 4 10 17 1 2
> GRENADE 3 18 11 3 2
> GRENADE 2 9 1 3 2
> BAT1 11 1 17 3 5 5 7 5 7 7 9 7 11 7 1 9 7 9 13 9 19 9 1 11 7 11 13 11 19 11 7 13 9 13 11 13 5 15 7 15 9 17 11 17 17 17 9 19 11 19
< RES 1637329221 34 4
> REQ 1637329221 35 4
> VAMPIRE 1 7 3 1 0 2 0
> VAMPIRE 3 15 9 3 0 2 0
> VAMPIRE 2 13 5 3 0 2 0
> VAMPIRE 4 7 17 2 1 2 0
> GRENADE 3 18 11 2 2
> GRENADE 2 9 1 2 2
> GRENADE 1 7 3 5 2
> BAT1 11 1 17 3 5 5 7 5 7 7 9 7 11 7 1 9 7 9 13 9 19 9 1 11 7 11 13 11 19 11 7 13 9 13 11 13 5 15 7 15 17 17 9 19 11 19
< RES 1637329221 35 4
< GRENADE
> REQ 1637329221 36 4
> VAMPIRE 1 7 3 1 0 2 0
> VAMPIRE 3 15 7 3 0 2 0
> VAMPIRE 2 11 5 3 0 2 0
> VAMPIRE 4 7 17 2 0 2 0
> GRENADE 3 18 11 1 2
> GRENADE 2 9 1 1 2
> GRENADE 1 7 6 4 2
> GRENADE 4 7 17 5 2
> BAT1 11 1 17 3 5 5 7 5 7 7 9 7 11 7 1 9 7 9 13 9 19 9 1 11 7 11 13 11 19 11 7 13 9 13 11 13 5 15 7 15 17 17 9 19 11 19
< RES 1637329221 36 4
< THROW XL 3
> REQ 1637329221 37 4
> VAMPIRE 1 7 3 1 0 2 0
> VAMPIRE 3 13 7 3 1 2 0
> VAMPIRE 2 9 5 3 1 2 0
> VAMPIRE 4 7 17 2 0 2 0
> GRENADE 1 7 6 3 2
> GRENADE 4 7 14 4 2
> BAT1 17 3 5 5 7 5 7 7 9 7 11 7 1 9 7 9 13 9 19 9 1 11 7 11 13 11 7 13 9 13 11 13 5 15 7 15 17 17 9 19 11 19
< RES 1637329221 37 4
> REQ 1637329221 38 4
> VAMPIRE 1 5 3 1 0 2 0
> VAMPIRE 3 13 7 3 0 2 0
> VAMPIRE 2 11 5 3 0 2 0
> VAMPIRE 4 7 17 2 0 2 0
> GRENADE 1 7 6 2 2
> GRENADE 4 7 14 3 2
> GRENADE 3 13 7 5 2
> GRENADE 2 9 5 5 2
> BAT1 17 3 5 5 7 5 7 7 9 7 11 7 1 9 7 9 13 9 19 9 1 11 7 11 13 11 7 13 9 13 11 13 5 15 7 15 17 17 9 19 11 19
< RES 1637329221 38 4
> REQ 1637329221 39 4
> VAMPIRE 1 5 3 1 0 2 0
> VAMPIRE 3 13 7 3 0 2 0
> VAMPIRE 2 11 3 3 0 2 0
> VAMPIRE 4 7 17 2 0 2 0
> GRENADE 1 7 6 1 2
> GRENADE 4 7 14 2 2
> GRENADE 3 13 10 4 2
> GRENADE 2 9 5 4 2
> BAT1 17 3 5 5 7 5 7 7 9 7 11 7 1 9 7 9 13 9 19 9 1 11 7 11 13 11 7 13 9 13 11 13 5 15 7 15 17 17 9 19 11 19
< RES 1637329221 39 4
< MOVE U U
> REQ 1637329221 40 4
> VAMPIRE 1 5 4 1 1 2 0
> VAMPIRE 3 13 7 3 0 2 0
> VAMPIRE 2 13 3 3 0 2 0
> VAMPIRE 4 5 17 2 0 2 0
> GRENADE 4 7 14 1 2
> GRENADE 3 13 10 3 2
> GRENADE 2 9 5 3 2
> BAT1 17 3 5 5 9 7 11 7 1 9 7 9 13 9 19 9 1 11 7 11 13 11 7 13 9 13 11 13 5 15 7 15 17 17 9 19 11 19
< RES 1637329221 40 4
< MOVE L
> REQ 1637329221 41 4
> VAMPIRE 1 4 3 1 0 2 0
> VAMPIRE 3 15 7 3 0 2 0
> VAMPIRE 2 15 3 3 0 2 0
> VAMPIRE 4 5 16 2 1 2 0
> GRENADE 3 13 10 2 2
> GRENADE 2 9 5 2 2
> GRENADE 1 5 4 5 2
> BAT1 17 3 5 5 9 7 11 7 1 9 7 9 13 9 19 9 1 11 7 11 13 11 9 13 11 13 5 15 17 17 9 19 11 19
< RES 1637329221 41 4
< GRENADE
< MOVE R U
> REQ 1637329221 42 4
> VAMPIRE 1 3 3 1 0 2 0
> VAMPIRE 3 13 7 3 0 2 0
> VAMPIRE 2 15 1 3 0 2 0
> VAMPIRE 4 4 17 2 0 2 0
> GRENADE 3 13 10 1 2
> GRENADE 2 9 5 1 2
> GRENADE 1 5 4 4 2
> GRENADE 4 5 16 5 2
> BAT1 17 3 5 5 9 7 11 7 1 9 7 9 13 9 19 9 1 11 7 11 13 11 9 13 11 13 5 15 17 17 9 19 11 19
< RES 1637329221 42 4
< MOVE U
> REQ 1637329221 43 4
> VAMPIRE 1 3 5 1 0 2 0
> VAMPIRE 3 12 7 3 1 2 0
> VAMPIRE 2 17 1 3 1 2 0
> VAMPIRE 4 3 17 2 0 2 0
> GRENADE 1 5 4 3 2
> GRENADE 4 5 16 4 2
> BAT1 17 3 5 5 11 7 1 9 7 9 19 9 1 11 7 11 9 13 11 13 5 15 17 17 9 19 11 19
< RES 1637329221 43 4
< MOVE L L
> REQ 1637329221 44 4
> VAMPIRE 1 3 7 1 0 2 0
> VAMPIRE 3 13 6 3 0 2 0
> VAMPIRE 2 15 1 3 0 2 0
> VAMPIRE 4 3 15 2 0 2 0
> GRENADE 1 5 4 2 2
> GRENADE 4 5 16 3 2
> GRENADE 3 12 7 5 2
> GRENADE 2 17 1 5 2
> BAT1 17 3 5 5 11 7 1 9 7 9 19 9 1 11 7 11 9 13 11 13 5 15 17 17 9 19 11 19
< RES 1637329221 44 4
< MOVE L L
> REQ 1637329221 45 4
> VAMPIRE 1 3 9 1 0 2 0
> VAMPIRE 3 13 7 3 0 2 0
> VAMPIRE 2 15 3 3 0 2 0
> VAMPIRE 4 3 13 2 0 2 0
> GRENADE 1 5 4 1 2
> GRENADE 4 5 16 2 2
> GRENADE 3 12 7 4 2
> GRENADE 2 17 1 4 2
> BAT1 17 3 5 5 11 7 1 9 7 9 19 9 1 11 7 11 9 13 11 13 5 15 17 17 9 19 11 19
< RES 1637329221 45 4
< MOVE D D
> REQ 1637329221 46 4
> VAMPIRE 1 2 9 1 1 2 0
> VAMPIRE 3 13 7 3 0 2 0
> VAMPIRE 2 15 3 3 0 2 0
> VAMPIRE 4 5 13 2 0 2 0
> GRENADE 4 5 16 1 2
> GRENADE 3 9 7 3 2
> GRENADE 2 17 1 3 2
> BAT1 17 3 11 7 1 9 7 9 19 9 1 11 7 11 9 13 11 13 5 15 17 17 9 19 11 19
< RES 1637329221 46 4
< MOVE D D
> REQ 1637329221 47 4
> VAMPIRE 1 3 10 1 0 2 0
> VAMPIRE 3 13 9 3 0 2 0
> VAMPIRE 2 15 3 3 0 2 0
> VAMPIRE 4 7 13 2 1 2 0
> GRENADE 3 9 7 2 2
> GRENADE 2 17 1 2 2
> GRENADE 1 2 9 5 2
> BAT1 17 3 11 7 1 9 7 9 19 9 1 11 7 11 9 13 11 13 17 17 9 19 11 19
< RES 1637329221 47 4
< GRENADE
> REQ 1637329221 48 4
> VAMPIRE 1 3 11 1 0 2 0
> VAMPIRE 3 11 9 3 0 2 0
> VAMPIRE 2 15 3 3 0 2 0
> VAMPIRE 4 7 13 2 0 2 0
> GRENADE 3 9 7 1 2
> GRENADE 2 17 1 1 2
> GRENADE 1 2 9 4 2
> GRENADE 4 7 13 5 2
> BAT1 17 3 11 7 1 9 7 9 19 9 1 11 7 11 9 13 11 13 17 17 9 19 11 19
< RES 1637329221 48 4
< THROW XD 3
> REQ 1637329221 49 4
> VAMPIRE 1 3 11 1 0 2 0
> VAMPIRE 3 9 9 3 1 2 0
> VAMPIRE 2 15 5 3 1 2 0
> VAMPIRE 4 7 13 2 0 2 0
> GRENADE 1 2 9 3 2
> GRENADE 4 10 13 4 2
> BAT1 1 9 7 9 19 9 1 11 7 11 9 13 11 13 17 17 9 19 11 19
< RES 1637329221 49 4
> REQ 1637329221 50 4
> VAMPIRE 1 3 11 1 0 2 0
> VAMPIRE 3 9 11 3 1 2 0
> VAMPIRE 2 17 5 3 1 2 0
> VAMPIRE 4 7 13 2 0 2 0
> GRENADE 1 2 9 2 2
> GRENADE 4 10 13 3 2
> BAT1 1 9 7 9 19 9 1 11 7 11 9 13 11 13 17 17 9 19 11 19
< RES 1637329221 50 4
> REQ 1637329221 51 4
> VAMPIRE 1 3 11 1 0 2 0
> VAMPIRE 3 9 9 3 0 2 0
> VAMPIRE 2 17 7 3 1 2 0
> VAMPIRE 4 7 13 2 0 2 0
> GRENADE 1 2 9 1 2
> GRENADE 4 10 13 2 2
> GRENADE 3 9 11 5 2
> BAT1 1 9 7 9 19 9 1 11 7 11 9 13 11 13 17 17 9 19 11 19
< RES 1637329221 51 4
> REQ 1637329221 52 4
> VAMPIRE 1 2 11 1 1 2 0
> VAMPIRE 3 9 7 3 0 2 0
> VAMPIRE 2 17 9 3 1 2 0
> VAMPIRE 4 7 13 2 0 2 0
> GRENADE 4 10 13 1 2
> GRENADE 3 9 11 4 2
> BAT1 7 9 19 9 1 11 7 11 9 13 11 13 17 17 9 19 11 19
< RES 1637329221 52 4
> REQ 1637329221 53 4
> VAMPIRE 1 2 11 1 0 2 0
> VAMPIRE 3 7 7 3 0 2 0
> VAMPIRE 2 17 9 3 0 2 0
> VAMPIRE 4 7 13 2 1 2 0
> GRENADE 3 9 11 3 2
> GRENADE 1 2 11 5 2
> GRENADE 2 17 9 5 2
> BAT1 7 9 19 9 1 11 7 11 17 17 9 19 11 19
< RES 1637329221 53 4
< GRENADE
> REQ 1637329221 54 4
> VAMPIRE 1 3 10 1 0 2 0
> VAMPIRE 3 7 7 3 0 2 0
> VAMPIRE 2 17 11 3 0 2 0
> VAMPIRE 4 7 13 2 0 2 0
> GRENADE 3 9 11 2 2
> GRENADE 1 2 11 4 2
> GRENADE 2 18 9 4 2
> GRENADE 4 7 13 5 2
> BAT1 7 9 19 9 1 11 7 11 17 17 9 19 11 19
< RES 1637329221 54 4
< THROW XL 3
< MOVE U U
> REQ 1637329221 55 4
> VAMPIRE 1 3 9 1 0 2 0
> VAMPIRE 3 7 7 3 0 2 0
> VAMPIRE 2 17 13 3 0 2 0
> VAMPIRE 4 5 13 2 0 2 0
> GRENADE 3 9 11 1 2
> GRENADE 1 2 11 3 2
> GRENADE 2 18 9 3 2
> GRENADE 4 7 10 4 2
> BAT1 7 9 19 9 1 11 7 11 17 17 9 19 11 19
< RES 1637329221 55 4
< MOVE D D
> REQ 1637329221 56 4
> VAMPIRE 1 3 9 1 0 2 0
> VAMPIRE 3 7 7 3 1 2 0
> VAMPIRE 2 17 15 3 0 2 0
> VAMPIRE 4 7 13 2 0 2 0
> GRENADE 1 2 11 2 2
> GRENADE 2 18 9 2 2
> GRENADE 4 7 10 3 2
> BAT1 7 9 19 9 1 11 17 17 9 19 11 19
< RES 1637329221 56 4
< MOVE L L
> REQ 1637329221 57 4
> VAMPIRE 1 3 9 1 0 2 0
> VAMPIRE 3 9 7 3 0 2 0
> VAMPIRE 2 17 15 3 0 2 0
> VAMPIRE 4 7 11 2 0 2 0
> GRENADE 1 2 11 1 2
> GRENADE 2 18 9 1 2
> GRENADE 4 7 10 2 2
> GRENADE 3 7 7 5 2
> BAT1 7 9 19 9 1 11 17 17 9 19 11 19
< RES 1637329221 57 4
< THROW L 3
> REQ 1637329221 58 4
> VAMPIRE 1 5 9 1 1 2 0
> VAMPIRE 3 9 9 3 0 2 0
> VAMPIRE 2 17 16 3 1 2 0
> VAMPIRE 4 7 11 2 0 2 0
> GRENADE 4 7 7 1 2
> GRENADE 3 7 7 4 2
> BAT1 7 9 17 17 9 19 11 19
< RES 1637329221 58 4
< MOVE R R
> REQ 1637329221 59 4
> VAMPIRE 1 5 9 1 1 2 0
> VAMPIRE 3 9 9 3 1 2 0
> VAMPIRE 2 16 15 3 0 2 0
> VAMPIRE 4 7 13 2 1 2 0
> GRENADE 2 17 16 5 2
> BAT1 17 17 9 19 11 19
< RES 1637329221 59 4
< MOVE D D
> REQ 1637329221 60 4
> VAMPIRE 1 5 11 1 1 2 0
> VAMPIRE 3 9 11 3 1 2 0
> VAMPIRE 2 15 15 3 0 2 0
> VAMPIRE 4 9 13 2 1 2 0
> GRENADE 2 17 16 4 2
> BAT1 17 17 9 19 11 19
< RES 1637329221 60 4
< MOVE R R
> REQ 1637329221 61 4
> VAMPIRE 1 5 13 1 1 2 0
> VAMPIRE 3 11 11 3 1 2 0
> VAMPIRE 2 15 17 3 0 2 0
> VAMPIRE 4 9 15 2 1 2 0
> GRENADE 2 17 16 3 2
> BAT1 17 17 9 19 11 19
< RES 1637329221 61 4
< MOVE R R
> REQ 1637329221 62 4
> VAMPIRE 1 7 13 1 1 2 0
> VAMPIRE 3 11 13 3 1 2 0
> VAMPIRE 2 15 17 3 0 2 0
> VAMPIRE 4 9 17 2 1 2 0
> GRENADE 2 17 16 2 2
> BAT1 17 17 9 19 11 19
< RES 1637329221 62 4
< GRENADE
< MOVE D D
> REQ 1637329221 63 4
> VAMPIRE 1 7 15 1 1 2 0
> VAMPIRE 3 11 15 3 1 2 0
> VAMPIRE 2 13 17 3 0 2 0
> VAMPIRE 4 11 17 2 0 2 0
> GRENADE 2 17 16 1 2
> GRENADE 4 9 17 5 2
> BAT1 17 17 9 19 11 19
< RES 1637329221 63 4
> REQ 1637329221 64 4
> VAMPIRE 1 7 17 1 1 2 0
> VAMPIRE 3 11 17 3 1 2 0
> VAMPIRE 2 11 17 3 1 2 0
> VAMPIRE 4 11 17 2 0 2 0
> GRENADE 4 9 17 4 2
> BAT1 9 19 11 19
< RES 1637329221 64 4
< MOVE D D
> REQ 1637329221 65 4
> VAMPIRE 1 7 19 1 1 2 0
> VAMPIRE 3 11 15 3 0 2 0
> VAMPIRE 2 11 15 3 0 2 0
> VAMPIRE 4 13 17 2 0 2 0
> GRENADE 4 9 17 3 2
> GRENADE 3 11 17 5 2
> GRENADE 2 11 17 5 2
> BAT1 9 19 11 19
< RES 1637329221 65 4
< MOVE D D
> REQ 1637329221 66 4
> VAMPIRE 1 7 19 1 0 2 0
> VAMPIRE 3 11 13 3 0 2 0
> VAMPIRE 2 11 13 3 0 2 0
> VAMPIRE 4 15 17 2 0 2 0
> GRENADE 4 9 17 2 2
> GRENADE 3 11 17 4 2
> GRENADE 2 11 17 4 2
> GRENADE 1 7 19 5 2
> BAT1 9 19 11 19
< RES 1637329221 66 4
> REQ 1637329221 67 4
> VAMPIRE 1 7 19 1 0 2 0
> VAMPIRE 3 11 13 3 0 2 0
> VAMPIRE 2 11 13 3 0 2 0
> VAMPIRE 4 15 17 2 0 2 0
> GRENADE 4 9 17 1 2
> GRENADE 3 11 17 3 2
> GRENADE 2 11 17 3 2
> GRENADE 1 10 19 4 2
> BAT1 9 19 11 19
< RES 1637329221 67 4
> REQ 1637329221 68 4
> VAMPIRE 1 7 17 1 0 2 0
> VAMPIRE 3 11 13 3 1 2 0
> VAMPIRE 2 11 13 3 1 2 0
> VAMPIRE 4 15 17 2 1 2 0
> GRENADE 1 10 19 3 2
< RES 1637329221 68 4
> REQ 1637329221 69 4
> VAMPIRE 1 7 17 1 0 2 0
> VAMPIRE 3 11 13 3 1 2 0
> VAMPIRE 2 11 13 3 1 2 0
> VAMPIRE 4 15 17 2 1 2 0
> GRENADE 1 10 19 2 2
< RES 1637329221 69 4
> REQ 1637329221 70 4
> VAMPIRE 1 7 17 1 0 2 0
> VAMPIRE 3 11 13 3 1 2 0
> VAMPIRE 2 11 13 3 1 2 0
> VAMPIRE 4 15 17 2 1 2 0
> GRENADE 1 10 19 1 2
< RES 1637329221 70 4
> REQ 1637329221 71 4
> VAMPIRE 1 7 17 1 1 2 0
> VAMPIRE 3 11 13 3 1 2 0
> VAMPIRE 2 11 13 3 1 2 0
> VAMPIRE 4 15 17 2 1 2 0
< RES 1637329221 71 4
> REQ 1637329221 72 4
> VAMPIRE 1 7 17 1 1 2 0
> VAMPIRE 3 11 13 3 1 2 0
> VAMPIRE 2 11 13 3 1 2 0
> VAMPIRE 4 15 17 2 1 2 0
< RES 1637329221 72 4
> REQ 1637329221 73 4
> VAMPIRE 1 7 17 1 1 2 0
> VAMPIRE 3 11 13 3 1 2 0
> VAMPIRE 2 11 13 3 1 2 0
> VAMPIRE 4 15 17 2 1 2 0
< RES 1637329221 73 4
> REQ 1637329221 74 4
> VAMPIRE 1 7 17 1 1 2 0
> VAMPIRE 3 11 13 3 1 2 0
> VAMPIRE 2 11 13 3 1 2 0
> VAMPIRE 4 15 17 2 1 2 0
< RES 1637329221 74 4
> REQ 1637329221 75 4
> VAMPIRE 1 7 17 1 1 2 0
> VAMPIRE 3 11 13 3 1 2 0
> VAMPIRE 2 11 13 3 1 2 0
> VAMPIRE 4 15 17 2 1 2 0
< RES 1637329221 75 4
> REQ 1637329221 76 4
> VAMPIRE 1 7 17 1 1 2 0
> VAMPIRE 3 11 13 3 1 2 0
> VAMPIRE 2 11 13 3 1 2 0
> VAMPIRE 4 15 17 2 1 2 0
< RES 1637329221 76 4
> REQ 1637329221 77 4
> VAMPIRE 1 7 17 1 1 2 0
> VAMPIRE 3 11 13 3 1 2 0
> VAMPIRE 2 11 13 3 1 2 0
> VAMPIRE 4 15 17 2 1 2 0
< RES 1637329221 77 4
> REQ 1637329221 78 4
> VAMPIRE 1 7 17 1 1 2 0
> VAMPIRE 3 11 13 3 1 2 0
> VAMPIRE 2 11 13 3 1 2 0
> VAMPIRE 4 15 17 2 1 2 0
< RES 1637329221 78 4
> REQ 1637329221 79 4
> VAMPIRE 1 7 17 1 1 2 0
> VAMPIRE 3 11 13 3 1 2 0
> VAMPIRE 2 11 13 3 1 2 0
> VAMPIRE 4 15 17 2 1 2 0
< RES 1637329221 79 4
> REQ 1637329221 80 4
> VAMPIRE 1 7 17 1 1 2 0
> VAMPIRE 3 11 13 3 1 2 0
> VAMPIRE 2 11 13 3 1 2 0
> VAMPIRE 4 15 17 2 1 2 0
< RES 1637329221 80 4
> REQ 1637329221 81 4
> VAMPIRE 1 7 17 1 1 2 0
> VAMPIRE 3 11 13 3 1 2 0
> VAMPIRE 2 11 13 3 1 2 0
> VAMPIRE 4 15 17 2 1 2 0
< RES 1637329221 81 4
> REQ 1637329221 82 4
> VAMPIRE 1 7 17 1 1 2 0
> VAMPIRE 3 11 13 3 1 2 0
> VAMPIRE 2 11 13 3 1 2 0
> VAMPIRE 4 15 17 2 1 2 0
< RES 1637329221 82 4
> REQ 1637329221 83 4
> VAMPIRE 1 7 17 1 1 2 0
> VAMPIRE 3 11 13 3 1 2 0
> VAMPIRE 2 11 13 3 1 2 0
> VAMPIRE 4 15 17 2 1 2 0
< RES 1637329221 83 4
> REQ 1637329221 84 4
> VAMPIRE 1 7 17 1 1 2 0
> VAMPIRE 3 11 13 3 1 2 0
> VAMPIRE 2 11 13 3 1 2 0
> VAMPIRE 4 15 17 2 1 2 0
< RES 1637329221 84 4
> REQ 1637329221 85 4
> VAMPIRE 1 7 17 1 1 2 0
> VAMPIRE 3 11 13 3 1 2 0
> VAMPIRE 2 11 13 3 1 2 0
> VAMPIRE 4 15 17 2 1 2 0
< RES 1637329221 85 4
> REQ 1637329221 86 4
> VAMPIRE 1 7 17 1 1 2 0
> VAMPIRE 3 11 13 3 1 2 0
> VAMPIRE 2 11 13 3 1 2 0
> VAMPIRE 4 15 17 2 1 2 0
< RES 1637329221 86 4
> REQ 1637329221 87 4
> VAMPIRE 1 7 17 1 1 2 0
> VAMPIRE 3 11 13 3 1 2 0
> VAMPIRE 2 11 13 3 1 2 0
> VAMPIRE 4 15 17 2 1 2 0
< RES 1637329221 87 4
> REQ 1637329221 88 4
> VAMPIRE 1 7 17 1 1 2 0
> VAMPIRE 3 11 13 3 1 2 0
> VAMPIRE 2 11 13 3 1 2 0
> VAMPIRE 4 15 17 2 1 2 0
< RES 1637329221 88 4
> REQ 1637329221 89 4
> VAMPIRE 1 7 17 1 1 2 0
> VAMPIRE 3 11 13 3 1 2 0
> VAMPIRE 2 11 13 3 1 2 0
> VAMPIRE 4 15 17 2 1 2 0
< RES 1637329221 89 4
> REQ 1637329221 90 4
> VAMPIRE 1 7 17 1 1 2 0
> VAMPIRE 3 11 13 3 1 2 0
> VAMPIRE 2 11 13 3 1 2 0
> VAMPIRE 4 15 17 2 1 2 0
< RES 1637329221 90 4
> REQ 1637329221 91 4
> VAMPIRE 1 7 17 1 1 2 0
> VAMPIRE 3 11 13 3 1 2 0
> VAMPIRE 2 11 13 3 1 2 0
> VAMPIRE 4 15 17 2 1 2 0
< RES 1637329221 91 4
> REQ 1637329221 92 4
> VAMPIRE 1 7 17 1 1 2 0
> VAMPIRE 3 11 13 3 1 2 0
> VAMPIRE 2 11 13 3 1 2 0
> VAMPIRE 4 15 17 2 1 2 0
< RES 1637329221 92 4
> REQ 1637329221 93 4
> VAMPIRE 1 7 17 1 1 2 0
> VAMPIRE 3 11 13 3 1 2 0
> VAMPIRE 2 11 13 3 1 2 0
> VAMPIRE 4 15 17 2 1 2 0
< RES 1637329221 93 4
> REQ 1637329221 94 4
> VAMPIRE 1 7 17 1 1 2 0
> VAMPIRE 3 11 13 3 1 2 0
> VAMPIRE 2 11 13 3 1 2 0
> VAMPIRE 4 15 17 2 1 2 0
< RES 1637329221 94 4
> REQ 1637329221 95 4
> VAMPIRE 1 7 17 1 1 2 0
> VAMPIRE 3 11 13 3 1 2 0
> VAMPIRE 2 11 13 3 1 2 0
> VAMPIRE 4 15 17 2 1 2 0
< RES 1637329221 95 4
> REQ 1637329221 96 4
> VAMPIRE 1 7 17 1 1 2 0
> VAMPIRE 3 11 13 3 1 2 0
> VAMPIRE 2 11 13 3 1 2 0
> VAMPIRE 4 15 17 2 1 2 0
< RES 1637329221 96 4
> REQ 1637329221 97 4
> VAMPIRE 1 7 17 1 1 2 0
> VAMPIRE 3 11 13 3 1 2 0
> VAMPIRE 2 11 13 3 1 2 0
> VAMPIRE 4 15 17 2 1 2 0
< RES 1637329221 97 4
> REQ 1637329221 98 4
> VAMPIRE 1 7 17 1 1 2 0
> VAMPIRE 3 11 13 3 1 2 0
> VAMPIRE 2 11 13 3 1 2 0
> VAMPIRE 4 15 17 2 1 2 0
< RES 1637329221 98 4
> REQ 1637329221 99 4
> VAMPIRE 1 7 17 1 1 2 0
> VAMPIRE 3 11 13 3 1 2 0
> VAMPIRE 2 11 13 3 1 2 0
> VAMPIRE 4 15 17 2 1 2 0
< RES 1637329221 99 4
> REQ 1637329221 100 4
> VAMPIRE 1 7 17 1 1 2 0
> VAMPIRE 3 11 13 3 1 2 0
> VAMPIRE 2 11 13 3 1 2 0
> VAMPIRE 4 15 17 2 1 2 0
< RES 1637329221 100 4
> REQ 1637329221 101 4
> VAMPIRE 1 7 17 1 1 2 0
> VAMPIRE 3 11 13 3 1 2 0
> VAMPIRE 2 11 13 3 1 2 0
> VAMPIRE 4 15 17 2 1 2 0
< RES 1637329221 101 4
> REQ 1637329221 102 4
> VAMPIRE 1 7 17 1 1 2 0
> VAMPIRE 3 11 13 3 1 2 0
> VAMPIRE 2 11 13 3 1 2 0
> VAMPIRE 4 15 17 2 1 2 0
< RES 1637329221 102 4
> REQ 1637329221 103 4
> VAMPIRE 1 7 17 1 1 2 0
> VAMPIRE 3 11 13 3 1 2 0
> VAMPIRE 2 11 13 3 1 2 0
> VAMPIRE 4 15 17 2 1 2 0
< RES 1637329221 103 4
> REQ 1637329221 104 4
> VAMPIRE 1 7 17 1 1 2 0
> VAMPIRE 3 11 13 3 1 2 0
> VAMPIRE 2 11 13 3 1 2 0
> VAMPIRE 4 15 17 2 1 2 0
< RES 1637329221 104 4
> REQ 1637329221 105 4
> VAMPIRE 1 7 17 1 1 2 0
> VAMPIRE 3 11 13 3 1 2 0
> VAMPIRE 2 11 13 3 1 2 0
> VAMPIRE 4 15 17 2 1 2 0
< RES 1637329221 105 4
> REQ 1637329221 106 4
> VAMPIRE 1 7 17 1 1 2 0
> VAMPIRE 3 11 13 3 1 2 0
> VAMPIRE 2 11 13 3 1 2 0
> VAMPIRE 4 15 17 2 1 2 0
< RES 1637329221 106 4
> REQ 1637329221 107 4
> VAMPIRE 1 7 17 1 1 2 0
> VAMPIRE 3 11 13 3 1 2 0
> VAMPIRE 2 11 13 3 1 2 0
> VAMPIRE 4 15 17 2 1 2 0
< RES 1637329221 107 4
> REQ 1637329221 108 4
> VAMPIRE 1 7 17 1 1 2 0
> VAMPIRE 3 11 13 3 1 2 0
> VAMPIRE 2 11 13 3 1 2 0
> VAMPIRE 4 15 17 2 1 2 0
< RES 1637329221 108 4
> REQ 1637329221 109 4
> VAMPIRE 1 7 17 1 1 2 0
> VAMPIRE 3 11 13 3 1 2 0
> VAMPIRE 2 11 13 3 1 2 0
> VAMPIRE 4 15 17 2 1 2 0
< RES 1637329221 109 4
> REQ 1637329221 110 4
> VAMPIRE 1 7 17 1 1 2 0
> VAMPIRE 3 11 13 3 1 2 0
> VAMPIRE 2 11 13 3 1 2 0
> VAMPIRE 4 15 17 2 1 2 0
< RES 1637329221 110 4
> REQ 1637329221 111 4
> VAMPIRE 1 7 17 1 1 2 0
> VAMPIRE 3 11 13 3 1 2 0
> VAMPIRE 2 11 13 3 1 2 0
> VAMPIRE 4 15 17 2 1 2 0
< RES 1637329221 111 4
> REQ 1637329221 112 4
> VAMPIRE 1 7 17 1 1 2 0
> VAMPIRE 3 11 13 3 1 2 0
> VAMPIRE 2 11 13 3 1 2 0
> VAMPIRE 4 15 17 2 1 2 0
< RES 1637329221 112 4
> REQ 1637329221 113 4
> VAMPIRE 1 7 17 1 1 2 0
> VAMPIRE 3 11 13 3 1 2 0
> VAMPIRE 2 11 13 3 1 2 0
> VAMPIRE 4 15 17 2 1 2 0
< RES 1637329221 113 4
> REQ 1637329221 114 4
> VAMPIRE 1 7 17 1 1 2 0
> VAMPIRE 3 11 13 3 1 2 0
> VAMPIRE 2 11 13 3 1 2 0
> VAMPIRE 4 15 17 2 1 2 0
< RES 1637329221 114 4
> REQ 1637329221 115 4
> VAMPIRE 1 7 17 1 1 2 0
> VAMPIRE 3 11 13 3 1 2 0
> VAMPIRE 2 11 13 3 1 2 0
> VAMPIRE 4 15 17 2 1 2 0
< RES 1637329221 115 4
> REQ 1637329221 116 4
> VAMPIRE 1 7 17 1 1 2 0
> VAMPIRE 3 11 13 3 1 2 0
> VAMPIRE 2 11 13 3 1 2 0
> VAMPIRE 4 15 17 2 1 2 0
< RES 1637329221 116 4
> REQ 1637329221 117 4
> VAMPIRE 1 7 17 1 1 2 0
> VAMPIRE 3 11 13 3 1 2 0
> VAMPIRE 2 11 13 3 1 2 0
> VAMPIRE 4 15 17 2 1 2 0
< RES 1637329221 117 4
> REQ 1637329221 118 4
> VAMPIRE 1 7 17 1 1 2 0
> VAMPIRE 3 11 13 3 1 2 0
> VAMPIRE 2 11 13 3 1 2 0
> VAMPIRE 4 15 17 2 1 2 0
< RES 1637329221 118 4
> REQ 1637329221 119 4
> VAMPIRE 1 7 17 1 1 2 0
> VAMPIRE 3 11 13 3 1 2 0
> VAMPIRE 2 11 13 3 1 2 0
> VAMPIRE 4 15 17 2 1 2 0
< RES 1637329221 119 4
> REQ 1637329221 120 4
> VAMPIRE 1 7 17 1 1 2 0
> VAMPIRE 3 11 13 3 1 2 0
> VAMPIRE 2 11 13 3 1 2 0
> VAMPIRE 4 15 17 2 1 2 0
< RES 1637329221 120 4
> REQ 1637329221 121 4
> VAMPIRE 1 7 17 1 1 2 0
> VAMPIRE 3 11 13 3 1 2 0
> VAMPIRE 2 11 13 3 1 2 0
> VAMPIRE 4 15 17 2 1 2 0
< RES 1637329221 121 4
> REQ 1637329221 122 4
> VAMPIRE 1 7 17 1 1 2 0
> VAMPIRE 3 11 13 3 1 2 0
> VAMPIRE 2 11 13 3 1 2 0
> VAMPIRE 4 15 17 2 1 2 0
< RES 1637329221 122 4
> REQ 1637329221 123 4
> VAMPIRE 1 7 17 1 1 2 0
> VAMPIRE 3 11 13 3 1 2 0
> VAMPIRE 2 11 13 3 1 2 0
> VAMPIRE 4 15 17 2 1 2 0
< RES 1637329221 123 4
> REQ 1637329221 124 4
> VAMPIRE 1 7 17 1 1 2 0
> VAMPIRE 3 11 13 3 1 2 0
> VAMPIRE 2 11 13 3 1 2 0
> VAMPIRE 4 15 17 2 1 2 0
< RES 1637329221 124 4
> REQ 1637329221 125 4
> VAMPIRE 1 7 17 1 1 2 0
> VAMPIRE 3 11 13 3 1 2 0
> VAMPIRE 2 11 13 3 1 2 0
> VAMPIRE 4 15 17 2 1 2 0
< RES 1637329221 125 4
> REQ 1637329221 126 4
> VAMPIRE 1 7 17 1 1 2 0
> VAMPIRE 3 11 13 3 1 2 0
> VAMPIRE 2 11 13 3 1 2 0
> VAMPIRE 4 15 17 2 1 2 0
< RES 1637329221 126 4
> REQ 1637329221 127 4
> VAMPIRE 1 7 17 1 1 2 0
> VAMPIRE 3 11 13 3 1 2 0
> VAMPIRE 2 11 13 3 1 2 0
> VAMPIRE 4 15 17 2 1 2 0
< RES 1637329221 127 4
> REQ 1637329221 128 4
> VAMPIRE 1 7 17 1 1 2 0
> VAMPIRE 3 11 13 3 1 2 0
> VAMPIRE 2 11 13 3 1 2 0
> VAMPIRE 4 15 17 2 1 2 0
< RES 1637329221 128 4
> REQ 1637329221 129 4
> VAMPIRE 1 7 17 1 1 2 0
> VAMPIRE 3 11 13 3 1 2 0
> VAMPIRE 2 11 13 3 1 2 0
> VAMPIRE 4 15 17 2 1 2 0
< RES 1637329221 129 4
> REQ 1637329221 130 4
> VAMPIRE 1 7 17 1 1 2 0
> VAMPIRE 3 11 13 3 1 2 0
> VAMPIRE 2 11 13 3 1 2 0
> VAMPIRE 4 15 17 2 1 2 0
< RES 1637329221 130 4
> REQ 1637329221 131 4
> VAMPIRE 1 7 17 1 1 2 0
> VAMPIRE 3 11 13 3 1 2 0
> VAMPIRE 2 11 13 3 1 2 0
> VAMPIRE 4 15 17 2 1 2 0
< RES 1637329221 131 4
> REQ 1637329221 132 4
> VAMPIRE 1 7 17 1 1 2 0
> VAMPIRE 3 11 13 3 1 2 0
> VAMPIRE 2 11 13 3 1 2 0
> VAMPIRE 4 15 17 2 1 2 0
< RES 1637329221 132 4
> REQ 1637329221 133 4
> VAMPIRE 1 7 17 1 1 2 0
> VAMPIRE 3 11 13 3 1 2 0
> VAMPIRE 2 11 13 3 1 2 0
> VAMPIRE 4 15 17 2 1 2 0
< RES 1637329221 133 4
> REQ 1637329221 134 4
> VAMPIRE 1 7 17 1 1 2 0
> VAMPIRE 3 11 13 3 1 2 0
> VAMPIRE 2 11 13 3 1 2 0
> VAMPIRE 4 15 17 2 1 2 0
< RES 1637329221 134 4
> REQ 1637329221 135 4
> VAMPIRE 1 7 17 1 1 2 0
> VAMPIRE 3 11 13 3 1 2 0
> VAMPIRE 2 11 13 3 1 2 0
> VAMPIRE 4 15 17 2 1 2 0
< RES 1637329221 135 4
> REQ 1637329221 136 4
> VAMPIRE 1 7 17 1 1 2 0
> VAMPIRE 3 11 13 3 1 2 0
> VAMPIRE 2 11 13 3 1 2 0
> VAMPIRE 4 15 17 2 1 2 0
< RES 1637329221 136 4
> REQ 1637329221 137 4
> VAMPIRE 1 7 17 1 1 2 0
> VAMPIRE 3 11 13 3 1 2 0
> VAMPIRE 2 11 13 3 1 2 0
> VAMPIRE 4 15 17 2 1 2 0
< RES 1637329221 137 4
> REQ 1637329221 138 4
> VAMPIRE 1 7 17 1 1 2 0
> VAMPIRE 3 11 13 3 1 2 0
> VAMPIRE 2 11 13 3 1 2 0
> VAMPIRE 4 15 17 2 1 2 0
< RES 1637329221 138 4
> REQ 1637329221 139 4
> VAMPIRE 1 7 17 1 1 2 0
> VAMPIRE 3 11 13 3 1 2 0
> VAMPIRE 2 11 13 3 1 2 0
> VAMPIRE 4 15 17 2 1 2 0
< RES 1637329221 139 4
> REQ 1637329221 140 4
> VAMPIRE 1 7 17 1 1 2 0
> VAMPIRE 3 11 13 3 1 2 0
> VAMPIRE 2 11 13 3 1 2 0
> VAMPIRE 4 15 17 2 1 2 0
< RES 1637329221 140 4
> REQ 1637329221 141 4
> VAMPIRE 1 7 17 1 1 2 0
> VAMPIRE 3 11 13 3 1 2 0
> VAMPIRE 2 11 13 3 1 2 0
> VAMPIRE 4 15 17 2 1 2 0
< RES 1637329221 141 4
> REQ 1637329221 142 4
> VAMPIRE 1 7 17 1 1 2 0
> VAMPIRE 3 11 13 3 1 2 0
> VAMPIRE 2 11 13 3 1 2 0
> VAMPIRE 4 15 17 2 1 2 0
< RES 1637329221 142 4
> REQ 1637329221 143 4
> VAMPIRE 1 7 17 1 1 2 0
> VAMPIRE 3 11 13 3 1 2 0
> VAMPIRE 2 11 13 3 1 2 0
> VAMPIRE 4 15 17 2 1 2 0
< RES 1637329221 143 4
> REQ 1637329221 144 4
> VAMPIRE 1 7 17 1 1 2 0
> VAMPIRE 3 11 13 3 1 2 0
> VAMPIRE 2 11 13 3 1 2 0
> VAMPIRE 4 15 17 2 1 2 0
< RES 1637329221 144 4
> REQ 1637329221 145 4
> VAMPIRE 1 7 17 1 1 2 0
> VAMPIRE 3 11 13 3 1 2 0
> VAMPIRE 2 11 13 3 1 2 0
> VAMPIRE 4 15 17 2 1 2 0
< RES 1637329221 145 4
> REQ 1637329221 146 4
> VAMPIRE 1 7 17 1 1 2 0
> VAMPIRE 3 11 13 3 1 2 0
> VAMPIRE 2 11 13 3 1 2 0
> VAMPIRE 4 15 17 2 1 2 0
< RES 1637329221 146 4
> REQ 1637329221 147 4
> VAMPIRE 1 7 17 1 1 2 0
> VAMPIRE 3 11 13 3 1 2 0
> VAMPIRE 2 11 13 3 1 2 0
> VAMPIRE 4 15 17 2 1 2 0
< RES 1637329221 147 4
> REQ 1637329221 148 4
> VAMPIRE 1 7 17 1 1 2 0
> VAMPIRE 3 11 13 3 1 2 0
> VAMPIRE 2 11 13 3 1 2 0
> VAMPIRE 4 15 17 2 1 2 0
> POWERUP GRENADE -9 1 14 5
> POWERUP GRENADE -9 19 6 5
< RES 1637329221 148 4
< MOVE D D
> REQ 1637329221 149 4
> VAMPIRE 1 5 17 1 1 2 0
> VAMPIRE 3 9 13 3 1 2 0
> VAMPIRE 2 9 13 3 1 2 0
> VAMPIRE 4 17 17 2 1 2 0
> POWERUP GRENADE -8 1 14 5
> POWERUP GRENADE -8 19 6 5
< RES 1637329221 149 4
< MOVE D D
> REQ 1637329221 150 4
> VAMPIRE 1 3 17 1 1 2 0
> VAMPIRE 3 7 13 3 1 2 0
> VAMPIRE 2 7 13 3 1 2 0
> VAMPIRE 4 19 17 2 1 2 0
> POWERUP GRENADE -7 1 14 5
> POWERUP GRENADE -7 19 6 5
< RES 1637329221 150 4
< MOVE L L
> REQ 1637329221 151 4
> VAMPIRE 1 1 17 1 1 2 0
> VAMPIRE 3 5 13 3 1 2 0
> VAMPIRE 2 5 13 3 1 2 0
> VAMPIRE 4 19 15 2 1 2 0
> POWERUP GRENADE -6 1 14 5
> POWERUP GRENADE -6 19 6 5
< RES 1637329221 151 4
< MOVE L L
> REQ 1637329221 152 4
> VAMPIRE 1 1 15 1 1 2 0
> VAMPIRE 3 3 13 3 1 2 0
> VAMPIRE 2 3 13 3 1 2 0
> VAMPIRE 4 19 13 2 1 2 0
> POWERUP GRENADE -5 1 14 5
> POWERUP GRENADE -5 19 6 5
< RES 1637329221 152 4
< MOVE L L
> REQ 1637329221 153 4
> VAMPIRE 1 1 14 1 1 2 0
> VAMPIRE 3 1 13 3 1 2 0
> VAMPIRE 2 1 13 3 1 2 0
> VAMPIRE 4 19 11 2 1 2 0
> POWERUP GRENADE -4 1 14 5
> POWERUP GRENADE -4 19 6 5
< RES 1637329221 153 4
< MOVE L L
> REQ 1637329221 154 4
> VAMPIRE 1 1 14 1 0 2 0
> VAMPIRE 3 1 13 3 1 2 0
> VAMPIRE 2 1 13 3 1 2 0
> VAMPIRE 4 19 9 2 1 2 0
> GRENADE 1 1 14 5 2
> POWERUP GRENADE -3 1 14 5
> POWERUP GRENADE -3 19 6 5
< RES 1637329221 154 4
< MOVE L L
> REQ 1637329221 155 4
> VAMPIRE 1 1 15 1 0 2 0
> VAMPIRE 3 3 13 3 1 2 0
> VAMPIRE 2 3 13 3 1 2 0
> VAMPIRE 4 19 7 2 1 2 0
> GRENADE 1 1 11 4 2
> POWERUP GRENADE -2 1 14 5
> POWERUP GRENADE -2 19 6 5
< RES 1637329221 155 4
< MOVE L
> REQ 1637329221 156 4
> VAMPIRE 1 1 14 1 0 2 0
> VAMPIRE 3 1 13 3 1 2 0
> VAMPIRE 2 1 13 3 1 2 0
> VAMPIRE 4 19 6 2 1 2 0
> GRENADE 1 1 11 3 2
> POWERUP GRENADE -1 1 14 5
> POWERUP GRENADE -1 19 6 5
< RES 1637329221 156 4
> REQ 1637329221 157 4
> VAMPIRE 1 1 15 1 0 2 0
> VAMPIRE 3 1 14 3 1 2 0
> VAMPIRE 2 1 14 3 1 2 0
> VAMPIRE 4 19 6 2 1 2 0
> GRENADE 1 1 11 2 2
> POWERUP GRENADE 18 1 14 5
> POWERUP GRENADE 18 19 6 5
< RES 1637329221 157 4
> REQ 1637329221 158 4
> VAMPIRE 1 1 14 1 0 2 0
> VAMPIRE 3 1 14 3 1 2 0
> VAMPIRE 2 1 14 3 1 2 0
> VAMPIRE 4 19 6 2 1 2 0
> GRENADE 1 1 11 1 2
> POWERUP GRENADE 17 1 14 5
> POWERUP GRENADE 17 19 6 5
< RES 1637329221 158 4
> REQ 1637329221 159 4
> VAMPIRE 1 1 14 1 1 2 0
> VAMPIRE 3 1 14 3 1 2 0
> VAMPIRE 2 1 14 3 1 2 0
> VAMPIRE 4 19 6 2 1 2 0
> POWERUP GRENADE 16 1 14 5
> POWERUP GRENADE 16 19 6 5
< RES 1637329221 159 4
> REQ 1637329221 160 4
> VAMPIRE 1 1 14 1 1 2 0
> VAMPIRE 3 1 14 3 1 2 0
> VAMPIRE 2 1 14 3 1 2 0
> VAMPIRE 4 19 6 2 1 2 0
> POWERUP GRENADE 15 1 14 5
> POWERUP GRENADE 15 19 6 5
< RES 1637329221 160 4
> REQ 1637329221 161 4
> VAMPIRE 1 1 14 1 1 2 0
> VAMPIRE 3 1 14 3 1 2 0
> VAMPIRE 2 1 14 3 1 2 0
> VAMPIRE 4 19 6 2 2 2 0
> POWERUP GRENADE 14 1 14 5
< RES 1637329221 161 4
< MOVE R U
> REQ 1637329221 162 4
> VAMPIRE 1 1 14 1 1 2 0
> VAMPIRE 3 1 14 3 2 2 0
> VAMPIRE 2 1 14 3 2 2 0
> VAMPIRE 4 18 7 2 2 2 0
< RES 1637329221 162 4
< MOVE U
> REQ 1637329221 163 4
> VAMPIRE 1 2 13 1 1 2 0
> VAMPIRE 3 2 13 3 2 2 0
> VAMPIRE 2 2 13 3 2 2 0
> VAMPIRE 4 17 7 2 2 2 0
< RES 1637329221 163 4
< MOVE R R
> REQ 1637329221 164 4
> VAMPIRE 1 1 12 1 1 2 0
> VAMPIRE 3 1 12 3 2 2 0
> VAMPIRE 2 1 12 3 2 2 0
> VAMPIRE 4 17 9 2 2 2 0
< RES 1637329221 164 4
< MOVE U U
> REQ 1637329221 165 4
> VAMPIRE 1 2 11 1 1 2 0
> VAMPIRE 3 2 11 3 2 2 0
> VAMPIRE 2 2 11 3 2 2 0
> VAMPIRE 4 15 9 2 2 2 0
< RES 1637329221 165 4
< MOVE U U
> REQ 1637329221 166 4
> VAMPIRE 1 1 10 1 1 2 0
> VAMPIRE 3 1 10 3 2 2 0
> VAMPIRE 2 1 10 3 2 2 0
> VAMPIRE 4 13 9 2 2 2 0
< RES 1637329221 166 4
< MOVE U U
> REQ 1637329221 167 4
> VAMPIRE 1 2 9 1 1 2 0
> VAMPIRE 3 2 9 3 2 2 0
> VAMPIRE 2 2 9 3 2 2 0
> VAMPIRE 4 11 9 2 2 2 0
< RES 1637329221 167 4
> REQ 1637329221 168 4
> VAMPIRE 1 1 8 1 1 2 0
> VAMPIRE 3 1 8 3 1 2 0
> VAMPIRE 2 1 8 3 2 2 0
> VAMPIRE 4 11 9 2 2 2 0
> GRENADE 3 2 9 5 2
< RES 1637329221 168 4
> REQ 1637329221 169 4
> VAMPIRE 1 2 7 1 1 2 0
> VAMPIRE 3 2 7 3 1 2 0
> VAMPIRE 2 2 7 3 2 2 0
> VAMPIRE 4 11 9 2 2 2 0
> GRENADE 3 2 9 4 2
< RES 1637329221 169 4
> REQ 1637329221 170 4
> VAMPIRE 1 1 6 1 1 2 0
> VAMPIRE 3 1 6 3 1 2 0
> VAMPIRE 2 1 6 3 2 2 0
> VAMPIRE 4 11 9 2 2 2 0
> GRENADE 3 2 9 3 2
< RES 1637329221 170 4
> REQ 1637329221 171 4
> VAMPIRE 1 2 5 1 1 2 0
> VAMPIRE 3 1 6 3 0 2 0
> VAMPIRE 2 2 5 3 2 2 0
> VAMPIRE 4 11 9 2 2 2 0
> GRENADE 3 2 9 2 2
> GRENADE 3 1 6 5 2
< RES 1637329221 171 4
> REQ 1637329221 172 4
> VAMPIRE 1 4 5 1 1 2 0
> VAMPIRE 3 1 6 3 0 2 0
> VAMPIRE 2 3 5 3 2 2 0
> VAMPIRE 4 11 9 2 2 2 0
> GRENADE 3 2 9 1 2
> GRENADE 3 1 9 4 2
< RES 1637329221 172 4
> REQ 1637329221 173 4
> VAMPIRE 1 6 5 1 1 2 0
> VAMPIRE 3 1 4 3 2 2 0
> VAMPIRE 2 5 5 3 1 2 0
> VAMPIRE 4 11 9 2 2 2 0
> GRENADE 2 3 5 5 2
< RES 1637329221 173 4
> REQ 1637329221 174 4
> VAMPIRE 1 8 5 1 1 2 0
> VAMPIRE 3 1 3 3 2 2 0
> VAMPIRE 2 5 7 3 0 2 0
> VAMPIRE 4 11 9 2 2 2 0
> GRENADE 2 3 5 4 2
> GRENADE 2 5 5 5 2
< RES 1637329221 174 4
> REQ 1637329221 175 4
> VAMPIRE 1 9 5 1 1 2 0
> VAMPIRE 3 1 3 3 2 2 0
> VAMPIRE 2 5 9 3 0 2 0
> VAMPIRE 4 11 9 2 2 2 0
> GRENADE 2 3 5 3 2
> GRENADE 2 5 5 4 2
< RES 1637329221 175 4
> REQ 1637329221 176 4
> VAMPIRE 1 9 7 1 1 2 0
> VAMPIRE 3 1 3 3 2 2 0
> VAMPIRE 2 7 9 3 0 2 0
> VAMPIRE 4 11 9 2 2 2 0
> GRENADE 2 3 5 2 2
> GRENADE 2 5 5 3 2
< RES 1637329221 176 4
> REQ 1637329221 177 4
> VAMPIRE 1 9 9 1 1 2 0
> VAMPIRE 3 1 3 3 2 2 0
> VAMPIRE 2 9 9 3 0 2 0
> VAMPIRE 4 11 9 2 2 2 0
> GRENADE 2 3 5 1 2
> GRENADE 2 5 5 2 2
< RES 1637329221 177 4
> REQ 1637329221 178 4
> VAMPIRE 1 9 9 1 1 2 0
> VAMPIRE 3 3 3 3 2 2 0
> VAMPIRE 2 9 9 3 2 2 0
> VAMPIRE 4 11 9 2 2 2 0
< RES 1637329221 178 4
> REQ 1637329221 179 4
> VAMPIRE 1 9 9 1 1 2 0
> VAMPIRE 3 3 5 3 2 2 0
> VAMPIRE 2 9 9 3 2 2 0
> VAMPIRE 4 11 9 2 2 2 0
< RES 1637329221 179 4
> REQ 1637329221 180 4
> VAMPIRE 1 9 9 1 1 2 0
> VAMPIRE 3 3 7 3 2 2 0
> VAMPIRE 2 9 9 3 2 2 0
> VAMPIRE 4 11 9 2 2 2 0
< RES 1637329221 180 4
> REQ 1637329221 181 4
> VAMPIRE 1 9 9 1 1 2 0
> VAMPIRE 3 3 9 3 2 2 0
> VAMPIRE 2 9 9 3 2 2 0
> VAMPIRE 4 11 9 2 2 2 0
< RES 1637329221 181 4
> REQ 1637329221 182 4
> VAMPIRE 1 9 9 1 1 2 0
> VAMPIRE 3 5 9 3 2 2 0
> VAMPIRE 2 9 9 3 2 2 0
> VAMPIRE 4 11 9 2 2 2 0
< RES 1637329221 182 4
> REQ 1637329221 183 4
> VAMPIRE 1 9 9 1 1 2 0
> VAMPIRE 3 7 9 3 2 2 0
> VAMPIRE 2 9 9 3 2 2 0
> VAMPIRE 4 11 9 2 2 2 0
> POWERUP SHOE -7 18 7 7
> POWERUP SHOE -7 2 13 7
< RES 1637329221 183 4
< MOVE D D
> REQ 1637329221 184 4
> VAMPIRE 1 9 7 1 0 2 0
> VAMPIRE 3 5 9 3 2 2 0
> VAMPIRE 2 9 7 3 1 2 0
> VAMPIRE 4 13 9 2 2 2 0
> GRENADE 1 9 9 5 2
> GRENADE 2 9 9 5 2
> POWERUP SHOE -6 18 7 7
> POWERUP SHOE -6 2 13 7
< RES 1637329221 184 4
< MOVE D D
> REQ 1637329221 185 4
> VAMPIRE 1 11 7 1 0 2 0
> VAMPIRE 3 3 9 3 2 2 0
> VAMPIRE 2 11 7 3 0 2 0
> VAMPIRE 4 15 9 2 2 2 0
> GRENADE 1 9 9 4 2
> GRENADE 2 9 9 4 2
> GRENADE 2 9 7 5 2
> POWERUP SHOE -5 18 7 7
> POWERUP SHOE -5 2 13 7
< RES 1637329221 185 4
< MOVE D D
> REQ 1637329221 186 4
> VAMPIRE 1 13 7 1 0 2 0
> VAMPIRE 3 3 11 3 2 2 0
> VAMPIRE 2 13 7 3 0 2 0
> VAMPIRE 4 17 9 2 2 2 0
> GRENADE 1 9 9 3 2
> GRENADE 2 9 9 3 2
> GRENADE 2 9 7 4 2
> POWERUP SHOE -4 18 7 7
> POWERUP SHOE -4 2 13 7
< RES 1637329221 186 4
< MOVE L L
> REQ 1637329221 187 4
> VAMPIRE 1 15 7 1 0 2 0
> VAMPIRE 3 3 13 3 2 2 0
> VAMPIRE 2 15 7 3 0 2 0
> VAMPIRE 4 17 7 2 2 2 0
> GRENADE 1 9 9 2 2
> GRENADE 2 9 9 2 2
> GRENADE 2 9 7 3 2
> POWERUP SHOE -3 18 7 7
> POWERUP SHOE -3 2 13 7
< RES 1637329221 187 4
< MOVE D
> REQ 1637329221 188 4
> VAMPIRE 1 17 7 1 0 2 0
> VAMPIRE 3 2 13 3 2 2 0
> VAMPIRE 2 17 7 3 0 2 0
> VAMPIRE 4 18 7 2 2 2 0
> GRENADE 1 9 9 1 2
> GRENADE 2 9 9 1 2
> GRENADE 2 9 7 2 2
> POWERUP SHOE -2 18 7 7
> POWERUP SHOE -2 2 13 7
< RES 1637329221 188 4
> REQ 1637329221 189 4
> VAMPIRE 1 18 7 1 1 2 0
> VAMPIRE 3 2 13 3 2 2 0
> VAMPIRE 2 18 7 3 2 2 0
> VAMPIRE 4 18 7 2 2 2 0
> POWERUP SHOE -1 18 7 7
> POWERUP SHOE -1 2 13 7
< RES 1637329221 189 4
> REQ 1637329221 190 4
> VAMPIRE 1 18 7 1 1 2 0
> VAMPIRE 3 2 13 3 2 2 0
> VAMPIRE 2 18 7 3 2 2 0
> VAMPIRE 4 18 7 2 2 2 0
> POWERUP SHOE 11 18 7 7
> POWERUP SHOE 11 2 13 7
< RES 1637329221 190 4
> REQ 1637329221 191 4
> VAMPIRE 1 18 7 1 1 2 0
> VAMPIRE 3 2 13 3 2 2 0
> VAMPIRE 2 18 7 3 2 2 0
> VAMPIRE 4 18 7 2 2 2 0
> POWERUP SHOE 10 18 7 7
> POWERUP SHOE 10 2 13 7
< RES 1637329221 191 4
> REQ 1637329221 192 4
> VAMPIRE 1 18 7 1 1 2 0
> VAMPIRE 3 2 13 3 2 2 0
> VAMPIRE 2 18 7 3 2 2 0
> VAMPIRE 4 18 7 2 2 2 0
> POWERUP SHOE 9 18 7 7
> POWERUP SHOE 9 2 13 7
< RES 1637329221 192 4
> REQ 1637329221 193 4
> VAMPIRE 1 18 7 1 1 2 0
> VAMPIRE 3 2 13 3 2 2 0
> VAMPIRE 2 18 7 3 2 2 0
> VAMPIRE 4 18 7 2 2 2 0
> POWERUP SHOE 8 18 7 7
> POWERUP SHOE 8 2 13 7
< RES 1637329221 193 4
> REQ 1637329221 194 4
> VAMPIRE 1 18 7 1 1 2 0
> VAMPIRE 3 2 13 3 2 2 0
> VAMPIRE 2 18 7 3 2 2 0
> VAMPIRE 4 18 7 2 2 2 0
> POWERUP SHOE 7 18 7 7
> POWERUP SHOE 7 2 13 7
< RES 1637329221 194 4
> REQ 1637329221 195 4
> VAMPIRE 1 18 7 1 1 2 0
> VAMPIRE 3 2 13 3 2 2 0
> VAMPIRE 2 18 7 3 2 2 0
> VAMPIRE 4 18 7 2 2 2 0
> POWERUP SHOE 6 18 7 7
> POWERUP SHOE 6 2 13 7
< RES 1637329221 195 4
> REQ 1637329221 196 4
> VAMPIRE 1 18 7 1 1 2 42
> VAMPIRE 3 2 13 3 2 2 42
> VAMPIRE 2 18 7 3 2 2 42
> VAMPIRE 4 18 7 2 2 2 42
< RES 1637329221 196 4
< GRENADE
< MOVE U U U
> REQ 1637329221 197 4
> VAMPIRE 1 15 7 1 0 2 41
> VAMPIRE 3 5 13 3 2 2 41
> VAMPIRE 2 15 7 3 1 2 41
> VAMPIRE 4 15 7 2 1 2 41
> GRENADE 1 18 7 5 2
> GRENADE 2 18 7 5 2
> GRENADE 4 18 7 5 2
< RES 1637329221 197 4
< GRENADE
> REQ 1637329221 198 4
> VAMPIRE 1 15 9 1 0 2 40
> VAMPIRE 3 5 11 3 2 2 40
> VAMPIRE 2 15 7 3 0 2 40
> VAMPIRE 4 15 7 2 0 2 40
> GRENADE 1 18 7 4 2
> GRENADE 2 18 7 4 2
> GRENADE 4 18 7 4 2
> GRENADE 2 15 7 5 2
> GRENADE 4 15 7 5 2
< RES 1637329221 198 4
> REQ 1637329221 199 4
> VAMPIRE 1 15 11 1 0 2 39
> VAMPIRE 3 5 9 3 2 2 39
> VAMPIRE 2 15 7 3 0 2 39
> VAMPIRE 4 15 7 2 0 2 39
> GRENADE 1 18 7 3 2
> GRENADE 2 18 7 3 2
> GRENADE 4 18 7 3 2
> GRENADE 2 15 7 4 2
> GRENADE 4 15 7 4 2
< RES 1637329221 199 4
< THROW XD 3
< MOVE L L U
> REQ 1637329221 200 4
> VAMPIRE 1 15 13 1 0 2 38
> VAMPIRE 3 5 9 3 2 2 38
> VAMPIRE 2 14 5 3 0 2 38
> VAMPIRE 4 14 5 2 0 2 38
> GRENADE 1 18 7 2 2
> GRENADE 2 18 7 2 2
> GRENADE 4 18 7 2 2
> GRENADE 2 18 7 3 2
> GRENADE 4 18 7 3 2
< RES 1637329221 200 4
< MOVE U U U
> REQ 1637329221 201 4
> VAMPIRE 1 13 13 1 0 2 37
> VAMPIRE 3 5 11 3 2 2 37
> VAMPIRE 2 11 5 3 0 2 37
> VAMPIRE 4 11 5 2 0 2 37
> GRENADE 1 18 7 1 2
> GRENADE 2 18 7 1 2
> GRENADE 4 18 7 1 2
> GRENADE 2 18 7 2 2
> GRENADE 4 18 7 2 2
< RES 1637329221 201 4
< MOVE U U
> REQ 1637329221 202 4
> VAMPIRE 1 13 13 1 1 2 36
> VAMPIRE 3 5 13 3 2 2 36
> VAMPIRE 2 9 5 3 2 2 36
> VAMPIRE 4 9 5 2 2 2 36
< RES 1637329221 202 4
< MOVE D D
> REQ 1637329221 203 4
> VAMPIRE 1 13 13 1 1 2 35
> VAMPIRE 3 5 13 3 2 2 35
> VAMPIRE 2 11 5 3 2 2 35
> VAMPIRE 4 11 5 2 2 2 35
< RES 1637329221 203 4
< MOVE U U
> REQ 1637329221 204 4
> VAMPIRE 1 13 13 1 1 2 34
> VAMPIRE 3 5 13 3 2 2 34
> VAMPIRE 2 9 5 3 2 2 34
> VAMPIRE 4 9 5 2 2 2 34
< RES 1637329221 204 4
< MOVE D D
> REQ 1637329221 205 4
> VAMPIRE 1 13 13 1 1 2 33
> VAMPIRE 3 5 13 3 2 2 33
> VAMPIRE 2 11 5 3 2 2 33
> VAMPIRE 4 11 5 2 2 2 33
< RES 1637329221 205 4
< MOVE U U
> REQ 1637329221 206 4
> VAMPIRE 1 13 13 1 1 2 32
> VAMPIRE 3 5 13 3 2 2 32
> VAMPIRE 2 9 5 3 2 2 32
> VAMPIRE 4 9 5 2 2 2 32
> POWERUP SHOE -6 9 3 6
> POWERUP SHOE -6 11 17 6
< RES 1637329221 206 4
< MOVE L L
> REQ 1637329221 207 4
> VAMPIRE 1 11 14 1 1 2 31
> VAMPIRE 3 5 16 3 2 2 31
> VAMPIRE 2 9 3 3 2 2 31
> VAMPIRE 4 9 3 2 2 2 31
> POWERUP SHOE -5 9 3 6
> POWERUP SHOE -5 11 17 6
< RES 1637329221 207 4
> REQ 1637329221 208 4
> VAMPIRE 1 11 17 1 1 2 30
> VAMPIRE 3 7 17 3 2 2 30
> VAMPIRE 2 9 3 3 2 2 30
> VAMPIRE 4 9 3 2 2 2 30
> POWERUP SHOE -4 9 3 6
> POWERUP SHOE -4 11 17 6
< RES 1637329221 208 4
> REQ 1637329221 209 4
> VAMPIRE 1 11 17 1 1 2 29
> VAMPIRE 3 10 17 3 2 2 29
> VAMPIRE 2 9 3 3 2 2 29
> VAMPIRE 4 9 3 2 2 2 29
> POWERUP SHOE -3 9 3 6
> POWERUP SHOE -3 11 17 6
< RES 1637329221 209 4
> REQ 1637329221 210 4
> VAMPIRE 1 11 17 1 1 2 28
> VAMPIRE 3 11 17 3 2 2 28
> VAMPIRE 2 9 3 3 2 2 28
> VAMPIRE 4 9 3 2 2 2 28
> POWERUP SHOE -2 9 3 6
> POWERUP SHOE -2 11 17 6
< RES 1637329221 210 4
> REQ 1637329221 211 4
> VAMPIRE 1 11 17 1 1 2 27
> VAMPIRE 3 11 17 3 2 2 27
> VAMPIRE 2 9 3 3 2 2 27
> VAMPIRE 4 9 3 2 2 2 27
> POWERUP SHOE -1 9 3 6
> POWERUP SHOE -1 11 17 6
< RES 1637329221 211 4
> REQ 1637329221 212 4
> VAMPIRE 1 11 17 1 1 2 26
> VAMPIRE 3 11 17 3 2 2 26
> VAMPIRE 2 9 3 3 2 2 26
> VAMPIRE 4 9 3 2 2 2 26
> POWERUP SHOE 14 9 3 6
> POWERUP SHOE 14 11 17 6
< RES 1637329221 212 4
> REQ 1637329221 213 4
> VAMPIRE 1 11 17 1 1 2 25
> VAMPIRE 3 11 17 3 2 2 25
> VAMPIRE 2 9 3 3 2 2 25
> VAMPIRE 4 9 3 2 2 2 25
> POWERUP SHOE 13 9 3 6
> POWERUP SHOE 13 11 17 6
< RES 1637329221 213 4
> REQ 1637329221 214 4
> VAMPIRE 1 11 17 1 1 2 24
> VAMPIRE 3 11 17 3 2 2 24
> VAMPIRE 2 9 3 3 2 2 24
> VAMPIRE 4 9 3 2 2 2 24
> POWERUP SHOE 12 9 3 6
> POWERUP SHOE 12 11 17 6
< RES 1637329221 214 4
> REQ 1637329221 215 4
> VAMPIRE 1 11 17 1 1 2 23
> VAMPIRE 3 11 17 3 2 2 23
> VAMPIRE 2 9 3 3 2 2 23
> VAMPIRE 4 9 3 2 2 2 23
> POWERUP SHOE 11 9 3 6
> POWERUP SHOE 11 11 17 6
< RES 1637329221 215 4
> REQ 1637329221 216 4
> VAMPIRE 1 11 17 1 1 2 22
> VAMPIRE 3 11 17 3 2 2 22
> VAMPIRE 2 9 3 3 2 2 22
> VAMPIRE 4 9 3 2 2 2 22
> POWERUP SHOE 10 9 3 6
> POWERUP SHOE 10 11 17 6
< RES 1637329221 216 4
> REQ 1637329221 217 4
> VAMPIRE 1 11 17 1 1 2 63
> VAMPIRE 3 11 17 3 2 2 63
> VAMPIRE 2 9 3 3 2 2 63
> VAMPIRE 4 9 3 2 2 2 63
< RES 1637329221 217 4
< MOVE R R
> REQ 1637329221 218 4
> VAMPIRE 1 11 15 1 1 2 62
> VAMPIRE 3 11 15 3 2 2 62
> VAMPIRE 2 9 5 3 2 2 62
> VAMPIRE 4 9 5 2 2 2 62
< RES 1637329221 218 4
< MOVE D D
> REQ 1637329221 219 4
> VAMPIRE 1 9 15 1 1 2 61
> VAMPIRE 3 9 15 3 2 2 61
> VAMPIRE 2 11 5 3 2 2 61
> VAMPIRE 4 11 5 2 2 2 61
< RES 1637329221 219 4
< MOVE U U
> REQ 1637329221 220 4
> VAMPIRE 1 11 15 1 1 2 60
> VAMPIRE 3 11 15 3 2 2 60
> VAMPIRE 2 9 5 3 2 2 60
> VAMPIRE 4 9 5 2 2 2 60
< RES 1637329221 220 4
< MOVE D D
> REQ 1637329221 221 4
> VAMPIRE 1 9 15 1 1 2 59
> VAMPIRE 3 9 15 3 2 2 59
> VAMPIRE 2 11 5 3 2 2 59
> VAMPIRE 4 11 5 2 2 2 59
< RES 1637329221 221 4
< MOVE U U
> REQ 1637329221 222 4
> VAMPIRE 1 11 15 1 1 2 58
> VAMPIRE 3 11 15 3 2 2 58
> VAMPIRE 2 9 5 3 2 2 58
> VAMPIRE 4 9 5 2 2 2 58
< RES 1637329221 222 4
< MOVE D D
> REQ 1637329221 223 4
> VAMPIRE 1 9 15 1 1 2 57
> VAMPIRE 3 9 15 3 2 2 57
> VAMPIRE 2 11 5 3 2 2 57
> VAMPIRE 4 11 5 2 2 2 57
< RES 1637329221 223 4
< MOVE U U
> REQ 1637329221 224 4
> VAMPIRE 1 11 15 1 1 2 56
> VAMPIRE 3 11 15 3 2 2 56
> VAMPIRE 2 9 5 3 2 2 56
> VAMPIRE 4 9 5 2 2 2 56
< RES 1637329221 224 4
< MOVE D D
> REQ 1637329221 225 4
> VAMPIRE 1 9 15 1 1 2 55
> VAMPIRE 3 9 15 3 2 2 55
> VAMPIRE 2 11 5 3 2 2 55
> VAMPIRE 4 11 5 2 2 2 55
< RES 1637329221 225 4
< MOVE U U
> REQ 1637329221 226 4
> VAMPIRE 1 11 15 1 1 2 54
> VAMPIRE 3 11 15 3 2 2 54
> VAMPIRE 2 9 5 3 2 2 54
> VAMPIRE 4 9 5 2 2 2 54
< RES 1637329221 226 4
< MOVE D D
> REQ 1637329221 227 4
> VAMPIRE 1 9 15 1 1 2 53
> VAMPIRE 3 9 15 3 2 2 53
> VAMPIRE 2 11 5 3 2 2 53
> VAMPIRE 4 11 5 2 2 2 53
< RES 1637329221 227 4
< MOVE U U
> REQ 1637329221 228 4
> VAMPIRE 1 11 15 1 1 2 52
> VAMPIRE 3 11 15 3 2 2 52
> VAMPIRE 2 9 5 3 2 2 52
> VAMPIRE 4 9 5 2 2 2 52
< RES 1637329221 228 4
< MOVE D D
> REQ 1637329221 229 4
> VAMPIRE 1 9 15 1 1 2 51
> VAMPIRE 3 9 15 3 2 2 51
> VAMPIRE 2 11 5 3 2 2 51
> VAMPIRE 4 11 5 2 2 2 51
< RES 1637329221 229 4
< MOVE U U
> REQ 1637329221 230 4
> VAMPIRE 1 11 15 1 1 2 50
> VAMPIRE 3 11 15 3 2 2 50
> VAMPIRE 2 9 5 3 2 2 50
> VAMPIRE 4 9 5 2 2 2 50
< RES 1637329221 230 4
< MOVE D D
> REQ 1637329221 231 4
> VAMPIRE 1 9 15 1 1 2 49
> VAMPIRE 3 9 15 3 2 2 49
> VAMPIRE 2 11 5 3 2 2 49
> VAMPIRE 4 11 5 2 2 2 49
< RES 1637329221 231 4
< MOVE U U
> REQ 1637329221 232 4
> VAMPIRE 1 11 15 1 1 2 48
> VAMPIRE 3 11 15 3 2 2 48
> VAMPIRE 2 9 5 3 2 2 48
> VAMPIRE 4 9 5 2 2 2 48
< RES 1637329221 232 4
< MOVE D D
> REQ 1637329221 233 4
> VAMPIRE 1 9 15 1 1 2 47
> VAMPIRE 3 9 15 3 2 2 47
> VAMPIRE 2 11 5 3 2 2 47
> VAMPIRE 4 11 5 2 2 2 47
< RES 1637329221 233 4
< MOVE U U
> REQ 1637329221 234 4
> VAMPIRE 1 11 15 1 1 2 46
> VAMPIRE 3 11 15 3 2 2 46
> VAMPIRE 2 9 5 3 2 2 46
> VAMPIRE 4 9 5 2 2 2 46
< RES 1637329221 234 4
< MOVE D D
> REQ 1637329221 235 4
> VAMPIRE 1 9 15 1 1 2 45
> VAMPIRE 3 9 15 3 2 2 45
> VAMPIRE 2 11 5 3 2 2 45
> VAMPIRE 4 11 5 2 2 2 45
< RES 1637329221 235 4
< MOVE U U
> REQ 1637329221 236 4
> VAMPIRE 1 11 15 1 1 2 44
> VAMPIRE 3 11 15 3 2 2 44
> VAMPIRE 2 9 5 3 2 2 44
> VAMPIRE 4 9 5 2 2 2 44
< RES 1637329221 236 4
< MOVE D D
> REQ 1637329221 237 4
> VAMPIRE 1 9 15 1 1 2 43
> VAMPIRE 3 9 15 3 2 2 43
> VAMPIRE 2 11 5 3 2 2 43
> VAMPIRE 4 11 5 2 2 2 43
< RES 1637329221 237 4
< MOVE U U
> REQ 1637329221 238 4
> VAMPIRE 1 11 15 1 1 2 42
> VAMPIRE 3 11 15 3 2 2 42
> VAMPIRE 2 9 5 3 2 2 42
> VAMPIRE 4 9 5 2 2 2 42
< RES 1637329221 238 4
< MOVE D D
> REQ 1637329221 239 4
> VAMPIRE 1 9 15 1 1 2 41
> VAMPIRE 3 9 15 3 2 2 41
> VAMPIRE 2 11 5 3 2 2 41
> VAMPIRE 4 11 5 2 2 2 41
< RES 1637329221 239 4
< MOVE U U
> REQ 1637329221 240 4
> VAMPIRE 1 11 15 1 1 2 40
> VAMPIRE 3 11 15 3 2 2 40
> VAMPIRE 2 9 5 3 2 2 40
> VAMPIRE 4 9 5 2 2 2 40
> POWERUP BATTERY -9 13 18 4
> POWERUP BATTERY -9 7 2 4
< RES 1637329221 240 4
< MOVE U U L
> REQ 1637329221 241 4
> VAMPIRE 1 12 17 1 1 2 39
> VAMPIRE 3 12 17 3 2 2 39
> VAMPIRE 2 7 4 3 2 2 39
> VAMPIRE 4 7 4 2 2 2 39
> POWERUP BATTERY -8 13 18 4
> POWERUP BATTERY -8 7 2 4
< RES 1637329221 241 4
< MOVE L L
> REQ 1637329221 242 4
> VAMPIRE 1 13 18 1 1 2 38
> VAMPIRE 3 13 18 3 2 2 38
> VAMPIRE 2 7 2 3 2 2 38
> VAMPIRE 4 7 2 2 2 2 38
> POWERUP BATTERY -7 13 18 4
> POWERUP BATTERY -7 7 2 4
< RES 1637329221 242 4
> REQ 1637329221 243 4
> VAMPIRE 1 13 18 1 1 2 37
> VAMPIRE 3 13 18 3 2 2 37
> VAMPIRE 2 7 2 3 2 2 37
> VAMPIRE 4 7 2 2 2 2 37
> POWERUP BATTERY -6 13 18 4
> POWERUP BATTERY -6 7 2 4
< RES 1637329221 243 4
> REQ 1637329221 244 4
> VAMPIRE 1 13 18 1 1 2 36
> VAMPIRE 3 13 18 3 2 2 36
> VAMPIRE 2 7 2 3 2 2 36
> VAMPIRE 4 7 2 2 2 2 36
> POWERUP BATTERY -5 13 18 4
> POWERUP BATTERY -5 7 2 4
< RES 1637329221 244 4
> REQ 1637329221 245 4
> VAMPIRE 1 13 18 1 1 2 35
> VAMPIRE 3 13 18 3 2 2 35
> VAMPIRE 2 7 2 3 2 2 35
> VAMPIRE 4 7 2 2 2 2 35
> POWERUP BATTERY -4 13 18 4
> POWERUP BATTERY -4 7 2 4
< RES 1637329221 245 4
> REQ 1637329221 246 4
> VAMPIRE 1 13 18 1 1 2 34
> VAMPIRE 3 13 18 3 2 2 34
> VAMPIRE 2 7 2 3 2 2 34
> VAMPIRE 4 7 2 2 2 2 34
> POWERUP BATTERY -3 13 18 4
> POWERUP BATTERY -3 7 2 4
< RES 1637329221 246 4
> REQ 1637329221 247 4
> VAMPIRE 1 13 18 1 1 2 33
> VAMPIRE 3 13 18 3 2 2 33
> VAMPIRE 2 7 2 3 2 2 33
> VAMPIRE 4 7 2 2 2 2 33
> POWERUP BATTERY -2 13 18 4
> POWERUP BATTERY -2 7 2 4
< RES 1637329221 247 4
> REQ 1637329221 248 4
> VAMPIRE 1 13 18 1 1 2 32
> VAMPIRE 3 13 18 3 2 2 32
> VAMPIRE 2 7 2 3 2 2 32
> VAMPIRE 4 7 2 2 2 2 32
> POWERUP BATTERY -1 13 18 4
> POWERUP BATTERY -1 7 2 4
< RES 1637329221 248 4
> REQ 1637329221 249 4
> VAMPIRE 1 13 18 1 1 2 31
> VAMPIRE 3 13 18 3 2 2 31
> VAMPIRE 2 7 2 3 2 2 31
> VAMPIRE 4 7 2 2 2 2 31
> POWERUP BATTERY 20 13 18 4
> POWERUP BATTERY 20 7 2 4
< RES 1637329221 249 4
> REQ 1637329221 250 4
> VAMPIRE 1 13 18 1 1 2 30
> VAMPIRE 3 13 18 3 2 2 30
> VAMPIRE 2 7 2 3 2 2 30
> VAMPIRE 4 7 2 2 2 2 30
> POWERUP BATTERY 19 13 18 4
> POWERUP BATTERY 19 7 2 4
< RES 1637329221 250 4
> REQ 1637329221 251 4
> VAMPIRE 1 13 18 1 1 2 29
> VAMPIRE 3 13 18 3 2 2 29
> VAMPIRE 2 7 2 3 2 2 29
> VAMPIRE 4 7 2 2 2 2 29
> POWERUP BATTERY 18 13 18 4
> POWERUP BATTERY 18 7 2 4
< RES 1637329221 251 4
> REQ 1637329221 252 4
> VAMPIRE 1 13 18 1 1 3 28
> VAMPIRE 3 13 18 3 2 3 28
> VAMPIRE 2 7 2 3 2 3 28
> VAMPIRE 4 7 2 2 2 3 28
< RES 1637329221 252 4
< MOVE R R R
> REQ 1637329221 253 4
> VAMPIRE 1 13 15 1 1 3 27
> VAMPIRE 3 13 15 3 2 3 27
> VAMPIRE 2 7 5 3 2 3 27
> VAMPIRE 4 7 5 2 2 3 27
< RES 1637329221 253 4
< MOVE D D
> REQ 1637329221 254 4
> VAMPIRE 1 11 15 1 1 3 26
> VAMPIRE 3 11 15 3 2 3 26
> VAMPIRE 2 9 5 3 2 3 26
> VAMPIRE 4 9 5 2 2 3 26
< RES 1637329221 254 4
< MOVE D D
> REQ 1637329221 255 4
> VAMPIRE 1 9 15 1 1 3 25
> VAMPIRE 3 9 15 3 2 3 25
> VAMPIRE 2 11 5 3 2 3 25
> VAMPIRE 4 11 5 2 2 3 25
< RES 1637329221 255 4
< MOVE U U
> REQ 1637329221 256 4
> VAMPIRE 1 11 15 1 1 3 24
> VAMPIRE 3 11 15 3 2 3 24
> VAMPIRE 2 9 5 3 2 3 24
> VAMPIRE 4 9 5 2 2 3 24
< RES 1637329221 256 4
< MOVE D D
> REQ 1637329221 257 4
> VAMPIRE 1 9 15 1 1 3 23
> VAMPIRE 3 9 15 3 2 3 23
> VAMPIRE 2 11 5 3 2 3 23
> VAMPIRE 4 11 5 2 2 3 23
< RES 1637329221 257 4
< MOVE U U
> REQ 1637329221 258 4
> VAMPIRE 1 11 15 1 1 3 22
> VAMPIRE 3 11 15 3 2 3 22
> VAMPIRE 2 9 5 3 2 3 22
> VAMPIRE 4 9 5 2 2 3 22
< RES 1637329221 258 4
< MOVE D D
> REQ 1637329221 259 4
> VAMPIRE 1 9 15 1 1 3 21
> VAMPIRE 3 9 15 3 2 3 21
> VAMPIRE 2 11 5 3 2 3 21
> VAMPIRE 4 11 5 2 2 3 21
< RES 1637329221 259 4
< MOVE U U
> REQ 1637329221 260 4
> VAMPIRE 1 11 15 1 1 3 20
> VAMPIRE 3 11 15 3 2 3 20
> VAMPIRE 2 9 5 3 2 3 20
> VAMPIRE 4 9 5 2 2 3 20
< RES 1637329221 260 4
< MOVE D D
> REQ 1637329221 261 4
> VAMPIRE 1 9 15 1 1 3 19
> VAMPIRE 3 9 15 3 2 3 19
> VAMPIRE 2 11 5 3 2 3 19
> VAMPIRE 4 11 5 2 2 3 19
< RES 1637329221 261 4
< MOVE U U
> REQ 1637329221 262 4
> VAMPIRE 1 11 15 1 1 3 18
> VAMPIRE 3 11 15 3 2 3 18
> VAMPIRE 2 9 5 3 2 3 18
> VAMPIRE 4 9 5 2 2 3 18
< RES 1637329221 262 4
< MOVE D D
> REQ 1637329221 263 4
> VAMPIRE 1 9 15 1 1 3 17
> VAMPIRE 3 9 15 3 2 3 17
> VAMPIRE 2 11 5 3 2 3 17
> VAMPIRE 4 11 5 2 2 3 17
< RES 1637329221 263 4
< MOVE U U
> REQ 1637329221 264 4
> VAMPIRE 1 11 15 1 1 3 16
> VAMPIRE 3 11 15 3 2 3 16
> VAMPIRE 2 9 5 3 2 3 16
> VAMPIRE 4 9 5 2 2 3 16
< RES 1637329221 264 4
< MOVE D D
> REQ 1637329221 265 4
> VAMPIRE 1 9 15 1 1 3 15
> VAMPIRE 3 9 15 3 2 3 15
> VAMPIRE 2 11 5 3 2 3 15
> VAMPIRE 4 11 5 2 2 3 15
< RES 1637329221 265 4
< MOVE U U
> REQ 1637329221 266 4
> VAMPIRE 1 11 15 1 1 3 14
> VAMPIRE 3 11 15 3 2 3 14
> VAMPIRE 2 9 5 3 2 3 14
> VAMPIRE 4 9 5 2 2 3 14
< RES 1637329221 266 4
< MOVE D D
> REQ 1637329221 267 4
> VAMPIRE 1 9 15 1 1 3 13
> VAMPIRE 3 9 15 3 2 3 13
> VAMPIRE 2 11 5 3 2 3 13
> VAMPIRE 4 11 5 2 2 3 13
< RES 1637329221 267 4
< MOVE U U
> REQ 1637329221 268 4
> VAMPIRE 1 11 15 1 1 3 12
> VAMPIRE 3 11 15 3 2 3 12
> VAMPIRE 2 9 5 3 2 3 12
> VAMPIRE 4 9 5 2 2 3 12
< RES 1637329221 268 4
< MOVE D D
> REQ 1637329221 269 4
> VAMPIRE 1 9 15 1 1 3 11
> VAMPIRE 3 9 15 3 2 3 11
> VAMPIRE 2 11 5 3 2 3 11
> VAMPIRE 4 11 5 2 2 3 11
< RES 1637329221 269 4
< MOVE U U
> REQ 1637329221 270 4
> VAMPIRE 1 11 15 1 1 3 10
> VAMPIRE 3 11 15 3 2 3 10
> VAMPIRE 2 9 5 3 2 3 10
> VAMPIRE 4 9 5 2 2 3 10
< RES 1637329221 270 4
< MOVE D D
> REQ 1637329221 271 4
> VAMPIRE 1 9 15 1 1 3 9
> VAMPIRE 3 9 15 3 2 3 9
> VAMPIRE 2 11 5 3 2 3 9
> VAMPIRE 4 11 5 2 2 3 9
> POWERUP GRENADE -9 8 9 6
> POWERUP GRENADE -9 12 11 6
< RES 1637329221 271 4
< MOVE U U R
> REQ 1637329221 272 4
> VAMPIRE 1 9 12 1 1 3 8
> VAMPIRE 3 9 12 3 2 3 8
> VAMPIRE 2 9 6 3 2 3 8
> VAMPIRE 4 9 6 2 2 3 8
> POWERUP GRENADE -8 8 9 6
> POWERUP GRENADE -8 12 11 6
< RES 1637329221 272 4
< MOVE R R R
> REQ 1637329221 273 4
> VAMPIRE 1 9 9 1 1 3 7
> VAMPIRE 3 9 9 3 2 3 7
> VAMPIRE 2 9 9 3 2 3 7
> VAMPIRE 4 9 9 2 2 3 7
> POWERUP GRENADE -7 8 9 6
> POWERUP GRENADE -7 12 11 6
< RES 1637329221 273 4
< GRENADE
< MOVE U U
> REQ 1637329221 274 4
> VAMPIRE 1 8 9 1 1 3 6
> VAMPIRE 3 7 9 3 1 3 6
> VAMPIRE 2 7 9 3 1 3 6
> VAMPIRE 4 7 9 2 1 3 6
> GRENADE 3 9 9 5 3
> GRENADE 2 9 9 5 3
> GRENADE 4 9 9 5 3
> POWERUP GRENADE -6 8 9 6
> POWERUP GRENADE -6 12 11 6
< RES 1637329221 274 4
< GRENADE
> REQ 1637329221 275 4
> VAMPIRE 1 8 9 1 0 3 5
> VAMPIRE 3 7 9 3 0 3 5
> VAMPIRE 2 7 9 3 0 3 5
> VAMPIRE 4 7 9 2 0 3 5
> GRENADE 3 9 9 4 3
> GRENADE 2 9 9 4 3
> GRENADE 4 9 9 4 3
> GRENADE 1 8 9 5 3
> GRENADE 3 7 9 5 3
> GRENADE 2 7 9 5 3
> GRENADE 4 7 9 5 3
> POWERUP GRENADE -5 8 9 6
> POWERUP GRENADE -5 12 11 6
< RES 1637329221 275 4
< MOVE R R D
> REQ 1637329221 276 4
> VAMPIRE 1 8 9 1 0 3 4
> VAMPIRE 3 8 11 3 0 3 4
> VAMPIRE 2 8 11 3 0 3 4
> VAMPIRE 4 8 11 2 0 3 4
> GRENADE 3 9 9 3 3
> GRENADE 2 9 9 3 3
> GRENADE 4 9 9 3 3
> GRENADE 1 8 9 4 3
> GRENADE 3 7 9 4 3
> GRENADE 2 7 9 4 3
> GRENADE 4 7 9 4 3
> POWERUP GRENADE -4 8 9 6
> POWERUP GRENADE -4 12 11 6
< RES 1637329221 276 4
< MOVE D D D
> REQ 1637329221 277 4
> VAMPIRE 1 8 9 1 0 3 3
> VAMPIRE 3 11 11 3 0 3 3
> VAMPIRE 2 11 11 3 0 3 3
> VAMPIRE 4 11 11 2 0 3 3
> GRENADE 3 9 9 2 3
> GRENADE 2 9 9 2 3
> GRENADE 4 9 9 2 3
> GRENADE 1 8 11 3 3
> GRENADE 3 7 9 3 3
> GRENADE 2 7 9 3 3
> GRENADE 4 7 9 3 3
> POWERUP GRENADE -3 8 9 6
> POWERUP GRENADE -3 12 11 6
< RES 1637329221 277 4
< MOVE D
> REQ 1637329221 278 4
> VAMPIRE 1 8 9 1 0 3 2
> VAMPIRE 3 12 11 3 0 3 2
> VAMPIRE 2 12 11 3 0 3 2
> VAMPIRE 4 12 11 2 0 3 2
> GRENADE 3 9 9 1 3
> GRENADE 2 9 9 1 3
> GRENADE 4 9 9 1 3
> GRENADE 1 8 11 2 3
> GRENADE 3 7 9 2 3
> GRENADE 2 7 9 2 3
> GRENADE 4 7 9 2 3
> POWERUP GRENADE -2 8 9 6
> POWERUP GRENADE -2 12 11 6
< RES 1637329221 278 4
> REQ 1637329221 279 4
> VAMPIRE 1 8 9 0 0 3 1
> VAMPIRE 3 12 11 3 2 3 1
> VAMPIRE 2 12 11 3 2 3 1
> VAMPIRE 4 12 11 2 2 3 1
> GRENADE 1 8 11 1 3
> POWERUP GRENADE -1 8 9 6
> POWERUP GRENADE -1 12 11 6
< RES 1637329221 279 4
> REQ 1637329221 280 4
> VAMPIRE 1 8 9 0 1 3 1
> VAMPIRE 3 12 11 3 2 3 0
> VAMPIRE 2 12 11 3 2 3 0
> VAMPIRE 4 12 11 2 2 3 0
> POWERUP GRENADE 13 8 9 6
> POWERUP GRENADE 13 12 11 6
< RES 1637329221 280 4
> REQ 1637329221 281 4
> VAMPIRE 1 8 9 0 1 3 1
> VAMPIRE 3 12 11 3 2 3 0
> VAMPIRE 2 12 11 3 2 3 0
> VAMPIRE 4 12 11 2 2 3 0
> POWERUP GRENADE 12 8 9 6
> POWERUP GRENADE 12 12 11 6
< RES 1637329221 281 4
> REQ 1637329221 282 4
> VAMPIRE 1 8 9 0 1 3 1
> VAMPIRE 3 12 11 3 2 3 0
> VAMPIRE 2 12 11 3 2 3 0
> VAMPIRE 4 12 11 2 2 3 0
> POWERUP GRENADE 11 8 9 6
> POWERUP GRENADE 11 12 11 6
< RES 1637329221 282 4
> REQ 1637329221 283 4
> VAMPIRE 1 8 9 0 1 3 1
> VAMPIRE 3 12 11 3 2 3 0
> VAMPIRE 2 12 11 3 2 3 0
> VAMPIRE 4 12 11 2 2 3 0
> POWERUP GRENADE 10 8 9 6
> POWERUP GRENADE 10 12 11 6
< RES 1637329221 283 4
> REQ 1637329221 284 4
> VAMPIRE 1 8 9 0 1 3 1
> VAMPIRE 3 12 11 3 2 3 0
> VAMPIRE 2 12 11 3 2 3 0
> VAMPIRE 4 12 11 2 2 3 0
> POWERUP GRENADE 9 8 9 6
> POWERUP GRENADE 9 12 11 6
< RES 1637329221 284 4
> REQ 1637329221 285 4
> VAMPIRE 1 8 9 0 1 3 1
> VAMPIRE 3 12 11 3 3 3 0
> VAMPIRE 2 12 11 3 3 3 0
> VAMPIRE 4 12 11 2 3 3 0
> POWERUP GRENADE 8 8 9 6
< RES 1637329221 285 4
< MOVE U U
> REQ 1637329221 286 4
> VAMPIRE 1 8 9 0 1 3 1
> VAMPIRE 3 10 11 3 3 3 0
> VAMPIRE 2 10 11 3 3 3 0
> VAMPIRE 4 10 11 2 3 3 0
> POWERUP GRENADE 7 8 9 6
< RES 1637329221 286 4
< MOVE U L
> REQ 1637329221 287 4
> VAMPIRE 1 8 9 0 1 3 1
> VAMPIRE 3 9 10 3 3 3 0
> VAMPIRE 2 9 10 3 3 3 0
> VAMPIRE 4 9 10 2 3 3 0
> POWERUP GRENADE 6 8 9 6
< RES 1637329221 287 4
< MOVE L U
> REQ 1637329221 288 4
> VAMPIRE 1 8 9 0 1 3 1
> VAMPIRE 3 8 9 3 3 3 0
> VAMPIRE 2 8 9 3 3 3 0
> VAMPIRE 4 8 9 2 3 3 0
> POWERUP GRENADE 5 8 9 6
< RES 1637329221 288 4
> REQ 1637329221 289 4
> VAMPIRE 1 8 9 0 1 3 1
> VAMPIRE 3 8 9 3 3 3 0
> VAMPIRE 2 8 9 3 3 3 0
> VAMPIRE 4 8 9 2 3 3 0
> POWERUP GRENADE 4 8 9 6
< RES 1637329221 289 4
> REQ 1637329221 290 4
> VAMPIRE 1 8 9 0 1 3 1
> VAMPIRE 3 8 9 3 3 3 0
> VAMPIRE 2 8 9 3 3 3 0
> VAMPIRE 4 8 9 2 3 3 0
> POWERUP GRENADE 3 8 9 6
< RES 1637329221 290 4
> REQ 1637329221 291 4
> VAMPIRE 1 8 9 0 1 3 1
> VAMPIRE 3 8 9 3 3 3 0
> VAMPIRE 2 8 9 3 3 3 0
> VAMPIRE 4 8 9 2 3 3 0
> POWERUP GRENADE 2 8 9 6
< RES 1637329221 291 4
> REQ 1637329221 292 4
> VAMPIRE 1 8 9 0 1 3 1
> VAMPIRE 3 8 9 3 3 3 0
> VAMPIRE 2 8 9 3 3 3 0
> VAMPIRE 4 8 9 2 3 3 0
> POWERUP GRENADE 1 8 9 6
< RES 1637329221 292 4
> REQ 1637329221 293 4
> VAMPIRE 1 8 9 0 1 3 1
> VAMPIRE 3 8 9 3 3 3 0
> VAMPIRE 2 8 9 3 3 3 0
> VAMPIRE 4 8 9 2 3 3 0
> POWERUP GRENADE 1 8 9 6
< RES 1637329221 293 4
> REQ 1637329221 294 4
> VAMPIRE 1 8 9 0 1 3 1
> VAMPIRE 3 8 9 3 3 3 0
> VAMPIRE 2 8 9 3 3 3 0
> VAMPIRE 4 8 9 2 3 3 0
> POWERUP GRENADE -4 13 19 7
> POWERUP GRENADE -4 7 1 7
< RES 1637329221 294 4
< GRENADE
< MOVE U L
> REQ 1637329221 295 4
> VAMPIRE 1 8 9 0 1 3 1
> VAMPIRE 3 7 8 3 2 3 0
> VAMPIRE 2 7 8 3 2 3 0
> VAMPIRE 4 7 8 2 2 3 0
> GRENADE 3 8 9 5 3
> GRENADE 2 8 9 5 3
> GRENADE 4 8 9 5 3
> POWERUP GRENADE -3 13 19 7
> POWERUP GRENADE -3 7 1 7
< RES 1637329221 295 4
< MOVE L L
> REQ 1637329221 296 4
> VAMPIRE 1 8 9 0 1 3 1
> VAMPIRE 3 7 6 3 2 3 0
> VAMPIRE 2 7 6 3 2 3 0
> VAMPIRE 4 7 6 2 2 3 0
> GRENADE 3 8 9 4 3
> GRENADE 2 8 9 4 3
> GRENADE 4 8 9 4 3
> POWERUP GRENADE -2 13 19 7
> POWERUP GRENADE -2 7 1 7
< RES 1637329221 296 4
< MOVE L L
> REQ 1637329221 297 4
> VAMPIRE 1 8 9 0 1 3 1
> VAMPIRE 3 7 4 3 2 3 0
> VAMPIRE 2 7 4 3 2 3 0
> VAMPIRE 4 7 4 2 2 3 0
> GRENADE 3 8 9 3 3
> GRENADE 2 8 9 3 3
> GRENADE 4 8 9 3 3
> POWERUP GRENADE -1 13 19 7
> POWERUP GRENADE -1 7 1 7
< RES 1637329221 297 4
< MOVE L L
> REQ 1637329221 298 4
> VAMPIRE 1 8 9 0 1 3 1
> VAMPIRE 3 7 2 3 2 3 0
> VAMPIRE 2 7 2 3 2 3 0
> VAMPIRE 4 7 2 2 2 3 0
> GRENADE 3 8 9 2 3
> GRENADE 2 8 9 2 3
> GRENADE 4 8 9 2 3
> POWERUP GRENADE 18 13 19 7
> POWERUP GRENADE 18 7 1 7
< RES 1637329221 298 4
< MOVE L
> REQ 1637329221 299 4
> VAMPIRE 1 8 9 0 1 3 1
> VAMPIRE 3 7 1 3 2 3 0
> VAMPIRE 2 7 1 3 2 3 0
> VAMPIRE 4 7 1 2 2 3 0
> GRENADE 3 8 9 1 3
> GRENADE 2 8 9 1 3
> GRENADE 4 8 9 1 3
> POWERUP GRENADE 17 13 19 7
> POWERUP GRENADE 17 7 1 7
< RES 1637329221 299 4
> REQ 1637329221 300 4
> VAMPIRE 1 8 9 0 1 3 1
> VAMPIRE 3 7 1 3 3 3 0
> VAMPIRE 2 7 1 3 3 3 0
> VAMPIRE 4 7 1 2 3 3 0
> POWERUP GRENADE 16 13 19 7
> POWERUP GRENADE 16 7 1 7
< RES 1637329221 300 4
> REQ 1637329221 301 4
> VAMPIRE 1 8 9 0 1 3 1
> VAMPIRE 3 7 1 3 3 3 0
> VAMPIRE 2 7 1 3 3 3 0
> VAMPIRE 4 7 1 2 3 3 0
> POWERUP GRENADE 15 13 19 7
> POWERUP GRENADE 15 7 1 7
< RES 1637329221 301 4
> REQ 1637329221 302 4
> VAMPIRE 1 8 9 0 1 3 1
> VAMPIRE 3 7 1 3 3 3 0
> VAMPIRE 2 7 1 3 3 3 0
> VAMPIRE 4 7 1 2 3 3 0
> POWERUP GRENADE 14 13 19 7
> POWERUP GRENADE 14 7 1 7
< RES 1637329221 302 4
> REQ 1637329221 303 4
> VAMPIRE 1 8 9 0 1 3 1
> VAMPIRE 3 7 1 3 3 3 0
> VAMPIRE 2 7 1 3 3 3 0
> VAMPIRE 4 7 1 2 3 3 0
> POWERUP GRENADE 13 13 19 7
> POWERUP GRENADE 13 7 1 7
< RES 1637329221 303 4
> REQ 1637329221 304 4
> VAMPIRE 1 8 9 0 1 3 1
> VAMPIRE 3 7 1 3 3 3 0
> VAMPIRE 2 7 1 3 3 3 0
> VAMPIRE 4 7 1 2 3 3 0
> POWERUP GRENADE 12 13 19 7
> POWERUP GRENADE 12 7 1 7
< RES 1637329221 304 4
> REQ 1637329221 305 4
> VAMPIRE 1 8 9 0 1 3 1
> VAMPIRE 3 7 1 3 3 3 0
> VAMPIRE 2 7 1 3 3 3 0
> VAMPIRE 4 7 1 2 3 3 0
> POWERUP GRENADE 11 13 19 7
> POWERUP GRENADE 11 7 1 7
< RES 1637329221 305 4
> REQ 1637329221 306 4
> VAMPIRE 1 8 9 0 1 3 1
> VAMPIRE 3 7 1 3 4 3 0
> VAMPIRE 2 7 1 3 4 3 0
> VAMPIRE 4 7 1 2 4 3 0
> POWERUP GRENADE 10 13 19 7
< RES 1637329221 306 4
< MOVE R R
> REQ 1637329221 307 4
> VAMPIRE 1 8 9 0 1 3 1
> VAMPIRE 3 7 3 3 4 3 0
> VAMPIRE 2 7 3 3 4 3 0
> VAMPIRE 4 7 3 2 4 3 0
> POWERUP GRENADE 9 13 19 7
< RES 1637329221 307 4
< MOVE R R
> REQ 1637329221 308 4
> VAMPIRE 1 8 9 0 1 3 1
> VAMPIRE 3 7 5 3 4 3 0
> VAMPIRE 2 7 5 3 4 3 0
> VAMPIRE 4 7 5 2 4 3 0
> POWERUP GRENADE 8 13 19 7
< RES 1637329221 308 4
< MOVE R R
> REQ 1637329221 309 4
> VAMPIRE 1 8 9 0 1 3 1
> VAMPIRE 3 7 7 3 4 3 0
> VAMPIRE 2 7 7 3 4 3 0
> VAMPIRE 4 7 7 2 4 3 0
> POWERUP GRENADE 7 13 19 7
< RES 1637329221 309 4
< MOVE D D
> REQ 1637329221 310 4
> VAMPIRE 1 8 9 0 1 3 1
> VAMPIRE 3 9 7 3 4 3 0
> VAMPIRE 2 9 7 3 4 3 0
> VAMPIRE 4 9 7 2 4 3 0
> POWERUP GRENADE 6 13 19 7
< RES 1637329221 310 4
< MOVE R R
> REQ 1637329221 311 4
> VAMPIRE 1 8 9 0 1 3 1
> VAMPIRE 3 9 9 3 4 3 0
> VAMPIRE 2 9 9 3 4 3 0
> VAMPIRE 4 9 9 2 4 3 0
> POWERUP GRENADE 5 13 19 7
< RES 1637329221 311 4
< GRENADE
< MOVE U U
> REQ 1637329221 312 4
> VAMPIRE 1 8 9 0 1 3 1
> VAMPIRE 3 7 9 3 3 3 0
> VAMPIRE 2 7 9 3 3 3 0
> VAMPIRE 4 7 9 2 3 3 0
> GRENADE 3 9 9 5 3
> GRENADE 2 9 9 5 3
> GRENADE 4 9 9 5 3
> POWERUP GRENADE 4 13 19 7
< RES 1637329221 312 4
< GRENADE
< MOVE R R
> REQ 1637329221 313 4
> VAMPIRE 1 8 9 0 1 3 1
> VAMPIRE 3 7 11 3 2 3 0
> VAMPIRE 2 7 11 3 2 3 0
> VAMPIRE 4 7 11 2 2 3 0
> GRENADE 3 9 9 4 3
> GRENADE 2 9 9 4 3
> GRENADE 4 9 9 4 3
> GRENADE 3 7 9 5 3
> GRENADE 2 7 9 5 3
> GRENADE 4 7 9 5 3
> POWERUP GRENADE 3 13 19 7
< RES 1637329221 313 4
< GRENADE
< MOVE D D
> REQ 1637329221 314 4
> VAMPIRE 1 8 9 0 1 3 1
> VAMPIRE 3 9 11 3 1 3 0
> VAMPIRE 2 7 13 3 1 3 0
> VAMPIRE 4 9 11 2 1 3 0
> GRENADE 3 9 9 3 3
> GRENADE 2 9 9 3 3
> GRENADE 4 9 9 3 3
> GRENADE 3 7 9 4 3
> GRENADE 2 7 9 4 3
> GRENADE 4 7 9 4 3
> GRENADE 3 7 11 5 3
> GRENADE 2 7 11 5 3
> GRENADE 4 7 11 5 3
> POWERUP GRENADE 2 13 19 7
< RES 1637329221 314 4
< GRENADE
< MOVE D D
> REQ 1637329221 315 4
> VAMPIRE 1 8 9 0 1 3 1
> VAMPIRE 3 11 11 3 0 3 0
> VAMPIRE 2 5 13 3 1 3 0
> VAMPIRE 4 11 11 2 0 3 0
> GRENADE 3 9 9 2 3
> GRENADE 2 9 9 2 3
> GRENADE 4 9 9 2 3
> GRENADE 3 7 9 3 3
> GRENADE 2 7 9 3 3
> GRENADE 4 7 9 3 3
> GRENADE 3 7 11 4 3
> GRENADE 2 7 11 4 3
> GRENADE 4 7 11 4 3
> GRENADE 3 9 11 5 3
> GRENADE 4 9 11 5 3
> POWERUP GRENADE 1 13 19 7
< RES 1637329221 315 4
< MOVE R R
> REQ 1637329221 316 4
> VAMPIRE 1 8 9 0 1 3 1
> VAMPIRE 3 11 13 3 0 3 0
> VAMPIRE 2 5 13 3 1 3 0
> VAMPIRE 4 11 13 2 0 3 0
> GRENADE 3 9 9 1 3
> GRENADE 2 9 9 1 3
> GRENADE 4 9 9 1 3
> GRENADE 3 7 9 2 3
> GRENADE 2 7 9 2 3
> GRENADE 4 7 9 2 3
> GRENADE 3 7 11 3 3
> GRENADE 2 7 11 3 3
> GRENADE 4 7 11 3 3
> GRENADE 3 9 11 4 3
> GRENADE 4 9 11 4 3
< RES 1637329221 316 4
< MOVE D D
> REQ 1637329221 317 4
> VAMPIRE 1 8 9 0 1 3 1
> VAMPIRE 3 13 13 3 4 3 0
> VAMPIRE 2 5 13 3 4 3 0
> VAMPIRE 4 13 13 2 4 3 0
< RES 1637329221 317 4
< MOVE L L
> REQ 1637329221 318 4
> VAMPIRE 1 8 9 0 1 3 1
> VAMPIRE 3 13 11 3 4 3 0
> VAMPIRE 2 7 13 3 4 3 0
> VAMPIRE 4 13 11 2 4 3 0
< RES 1637329221 318 4
< MOVE U U
> REQ 1637329221 319 4
> VAMPIRE 1 8 9 0 1 3 1
> VAMPIRE 3 11 11 3 4 3 0
> VAMPIRE 2 9 13 3 4 3 0
> VAMPIRE 4 11 11 2 4 3 0
< RES 1637329221 319 4
< MOVE L L
> REQ 1637329221 320 4
> VAMPIRE 1 8 9 0 1 3 1
> VAMPIRE 3 11 9 3 4 3 0
> VAMPIRE 2 7 13 3 4 3 0
> VAMPIRE 4 11 9 2 4 3 0
< RES 1637329221 320 4
< MOVE R R
> REQ 1637329221 321 4
> VAMPIRE 1 8 9 0 1 3 1
> VAMPIRE 3 11 11 3 4 3 0
> VAMPIRE 2 9 13 3 4 3 0
> VAMPIRE 4 11 11 2 4 3 0
< RES 1637329221 321 4
< MOVE L L
> REQ 1637329221 322 4
> VAMPIRE 1 8 9 0 1 3 1
> VAMPIRE 3 11 9 3 4 3 0
> VAMPIRE 2 7 13 3 4 3 0
> VAMPIRE 4 11 9 2 4 3 0
< RES 1637329221 322 4
< MOVE R R
> REQ 1637329221 323 4
> VAMPIRE 1 8 9 0 1 3 1
> VAMPIRE 3 11 11 3 4 3 0
> VAMPIRE 2 9 13 3 4 3 0
> VAMPIRE 4 11 11 2 4 3 0
< RES 1637329221 323 4
< MOVE L L
> REQ 1637329221 324 4
> VAMPIRE 1 8 9 0 1 3 1
> VAMPIRE 3 11 9 3 4 3 0
> VAMPIRE 2 7 13 3 4 3 0
> VAMPIRE 4 11 9 2 4 3 0
< RES 1637329221 324 4
< MOVE R R
> REQ 1637329221 325 4
> VAMPIRE 1 8 9 0 1 3 1
> VAMPIRE 3 11 11 3 4 3 0
> VAMPIRE 2 9 13 3 4 3 0
> VAMPIRE 4 11 11 2 4 3 0
< RES 1637329221 325 4
< MOVE L L
> REQ 1637329221 326 4
> VAMPIRE 1 8 9 0 1 3 1
> VAMPIRE 3 11 9 3 4 3 0
> VAMPIRE 2 7 13 3 4 3 0
> VAMPIRE 4 11 9 2 4 3 0
< RES 1637329221 326 4
< MOVE R R
> REQ 1637329221 327 4
> VAMPIRE 1 8 9 0 1 3 1
> VAMPIRE 3 11 11 3 4 3 0
> VAMPIRE 2 9 13 3 4 3 0
> VAMPIRE 4 11 11 2 4 3 0
> POWERUP SHOE -9 4 9 6
> POWERUP SHOE -9 16 11 6
< RES 1637329221 327 4
< MOVE D D
> REQ 1637329221 328 4
> VAMPIRE 1 8 9 0 1 3 1
> VAMPIRE 3 13 11 3 4 3 0
> VAMPIRE 2 7 13 3 4 3 0
> VAMPIRE 4 13 11 2 4 3 0
> POWERUP SHOE -8 4 9 6
> POWERUP SHOE -8 16 11 6
< RES 1637329221 328 4
< MOVE D D
> REQ 1637329221 329 4
> VAMPIRE 1 8 9 0 1 3 1
> VAMPIRE 3 15 11 3 4 3 0
> VAMPIRE 2 5 13 3 4 3 0
> VAMPIRE 4 15 11 2 4 3 0
> POWERUP SHOE -7 4 9 6
> POWERUP SHOE -7 16 11 6
< RES 1637329221 329 4
< MOVE D
> REQ 1637329221 330 4
> VAMPIRE 1 8 9 0 1 3 1
> VAMPIRE 3 16 11 3 4 3 0
> VAMPIRE 2 5 11 3 4 3 0
> VAMPIRE 4 16 11 2 4 3 0
> POWERUP SHOE -6 4 9 6
> POWERUP SHOE -6 16 11 6
< RES 1637329221 330 4
> REQ 1637329221 331 4
> VAMPIRE 1 8 9 0 1 3 1
> VAMPIRE 3 16 11 3 4 3 0
> VAMPIRE 2 5 9 3 4 3 0
> VAMPIRE 4 16 11 2 4 3 0
> POWERUP SHOE -5 4 9 6
> POWERUP SHOE -5 16 11 6
< RES 1637329221 331 4
> REQ 1637329221 332 4
> VAMPIRE 1 8 9 0 1 3 1
> VAMPIRE 3 16 11 3 4 3 0
> VAMPIRE 2 4 9 3 4 3 0
> VAMPIRE 4 16 11 2 4 3 0
> POWERUP SHOE -4 4 9 6
> POWERUP SHOE -4 16 11 6
< RES 1637329221 332 4
> REQ 1637329221 333 4
> VAMPIRE 1 8 9 0 1 3 1
> VAMPIRE 3 16 11 3 4 3 0
> VAMPIRE 2 4 9 3 4 3 0
> VAMPIRE 4 16 11 2 4 3 0
> POWERUP SHOE -3 4 9 6
> POWERUP SHOE -3 16 11 6
< RES 1637329221 333 4
> REQ 1637329221 334 4
> VAMPIRE 1 8 9 0 1 3 1
> VAMPIRE 3 16 11 3 4 3 0
> VAMPIRE 2 4 9 3 4 3 0
> VAMPIRE 4 16 11 2 4 3 0
> POWERUP SHOE -2 4 9 6
> POWERUP SHOE -2 16 11 6
< RES 1637329221 334 4
> REQ 1637329221 335 4
> VAMPIRE 1 8 9 0 1 3 1
> VAMPIRE 3 16 11 3 4 3 0
> VAMPIRE 2 4 9 3 4 3 0
> VAMPIRE 4 16 11 2 4 3 0
> POWERUP SHOE -1 4 9 6
> POWERUP SHOE -1 16 11 6
< RES 1637329221 335 4
> REQ 1637329221 336 4
> VAMPIRE 1 8 9 0 1 3 1
> VAMPIRE 3 16 11 3 4 3 0
> VAMPIRE 2 4 9 3 4 3 0
> VAMPIRE 4 16 11 2 4 3 0
> POWERUP SHOE 14 4 9 6
> POWERUP SHOE 14 16 11 6
< RES 1637329221 336 4
> REQ 1637329221 337 4
> VAMPIRE 1 8 9 0 1 3 1
> VAMPIRE 3 16 11 3 4 3 0
> VAMPIRE 2 4 9 3 4 3 0
> VAMPIRE 4 16 11 2 4 3 0
> POWERUP SHOE 13 4 9 6
> POWERUP SHOE 13 16 11 6
< RES 1637329221 337 4
> REQ 1637329221 338 4
> VAMPIRE 1 8 9 0 1 3 1
> VAMPIRE 3 16 11 3 4 3 0
> VAMPIRE 2 4 9 3 4 3 0
> VAMPIRE 4 16 11 2 4 3 0
> POWERUP SHOE 12 4 9 6
> POWERUP SHOE 12 16 11 6
< RES 1637329221 338 4
> REQ 1637329221 339 4
> VAMPIRE 1 8 9 0 1 3 1
> VAMPIRE 3 16 11 3 4 3 0
> VAMPIRE 2 4 9 3 4 3 0
> VAMPIRE 4 16 11 2 4 3 0
> POWERUP SHOE 11 4 9 6
> POWERUP SHOE 11 16 11 6
< RES 1637329221 339 4
> REQ 1637329221 340 4
> VAMPIRE 1 8 9 0 1 3 1
> VAMPIRE 3 16 11 3 4 3 0
> VAMPIRE 2 4 9 3 4 3 0
> VAMPIRE 4 16 11 2 4 3 0
> POWERUP SHOE 10 4 9 6
> POWERUP SHOE 10 16 11 6
< RES 1637329221 340 4
> REQ 1637329221 341 4
> VAMPIRE 1 8 9 0 1 3 1
> VAMPIRE 3 16 11 3 4 3 42
> VAMPIRE 2 4 9 3 4 3 42
> VAMPIRE 4 16 11 2 4 3 42
< RES 1637329221 341 4
< MOVE U U U
> REQ 1637329221 342 4
> VAMPIRE 1 8 9 0 1 3 1
> VAMPIRE 3 13 11 3 4 3 41
> VAMPIRE 2 5 11 3 4 3 41
> VAMPIRE 4 13 11 2 4 3 41
< RES 1637329221 342 4
< MOVE D D
> REQ 1637329221 343 4
> VAMPIRE 1 8 9 0 1 3 1
> VAMPIRE 3 15 11 3 4 3 40
> VAMPIRE 2 3 11 3 4 3 40
> VAMPIRE 4 15 11 2 4 3 40
< RES 1637329221 343 4
< MOVE L L
> REQ 1637329221 344 4
> VAMPIRE 1 8 9 0 1 3 1
> VAMPIRE 3 15 9 3 4 3 39
> VAMPIRE 2 5 11 3 4 3 39
> VAMPIRE 4 15 9 2 4 3 39
< RES 1637329221 344 4
< MOVE R R
> REQ 1637329221 345 4
> VAMPIRE 1 8 9 0 1 3 1
> VAMPIRE 3 15 11 3 4 3 38
> VAMPIRE 2 5 11 3 4 3 38
> VAMPIRE 4 15 11 2 4 3 38
< RES 1637329221 345 4
< MOVE L L
> REQ 1637329221 346 4
> VAMPIRE 1 8 9 0 1 3 1
> VAMPIRE 3 15 9 3 4 3 37
> VAMPIRE 2 5 11 3 4 3 37
> VAMPIRE 4 15 9 2 4 3 37
< RES 1637329221 346 4
< MOVE R R
> REQ 1637329221 347 4
> VAMPIRE 1 8 9 0 1 3 1
> VAMPIRE 3 15 11 3 4 3 36
> VAMPIRE 2 5 11 3 4 3 36
> VAMPIRE 4 15 11 2 4 3 36
< RES 1637329221 347 4
< MOVE L L
> REQ 1637329221 348 4
> VAMPIRE 1 8 9 0 1 3 1
> VAMPIRE 3 15 9 3 4 3 35
> VAMPIRE 2 5 11 3 4 3 35
> VAMPIRE 4 15 9 2 4 3 35
< RES 1637329221 348 4
< MOVE R R
> REQ 1637329221 349 4
> VAMPIRE 1 8 9 0 1 3 1
> VAMPIRE 3 15 11 3 4 3 34
> VAMPIRE 2 5 11 3 4 3 34
> VAMPIRE 4 15 11 2 4 3 34
< RES 1637329221 349 4
< MOVE L L
> REQ 1637329221 350 4
> VAMPIRE 1 8 9 0 1 3 1
> VAMPIRE 3 15 9 3 4 3 33
> VAMPIRE 2 5 11 3 4 3 33
> VAMPIRE 4 15 9 2 4 3 33
< RES 1637329221 350 4
< MOVE R R
> REQ 1637329221 351 4
> VAMPIRE 1 8 9 0 1 3 1
> VAMPIRE 3 15 11 3 4 3 32
> VAMPIRE 2 5 11 3 4 3 32
> VAMPIRE 4 15 11 2 4 3 32
< RES 1637329221 351 4
< MOVE L L
> REQ 1637329221 352 4
> VAMPIRE 1 8 9 0 1 3 1
> VAMPIRE 3 15 9 3 4 3 31
> VAMPIRE 2 5 11 3 4 3 31
> VAMPIRE 4 15 9 2 4 3 31
< RES 1637329221 352 4
< MOVE R R
> REQ 1637329221 353 4
> VAMPIRE 1 8 9 0 1 3 1
> VAMPIRE 3 15 11 3 4 3 30
> VAMPIRE 2 5 11 3 4 3 30
> VAMPIRE 4 15 11 2 4 3 30
< RES 1637329221 353 4
< MOVE L L
> REQ 1637329221 354 4
> VAMPIRE 1 8 9 0 1 3 1
> VAMPIRE 3 15 9 3 4 3 29
> VAMPIRE 2 5 11 3 4 3 29
> VAMPIRE 4 15 9 2 4 3 29
< RES 1637329221 354 4
< MOVE R R
> REQ 1637329221 355 4
> VAMPIRE 1 8 9 0 1 3 1
> VAMPIRE 3 15 11 3 4 3 28
> VAMPIRE 2 5 11 3 4 3 28
> VAMPIRE 4 15 11 2 4 3 28
< RES 1637329221 355 4
< MOVE L L
> REQ 1637329221 356 4
> VAMPIRE 1 8 9 0 1 3 1
> VAMPIRE 3 15 9 3 4 3 27
> VAMPIRE 2 5 11 3 4 3 27
> VAMPIRE 4 15 9 2 4 3 27
> POWERUP TOMATO -4 17 15 5
> POWERUP TOMATO -4 3 5 5
< RES 1637329221 356 4
< MOVE R R R
> REQ 1637329221 357 4
> VAMPIRE 1 8 9 0 1 3 1
> VAMPIRE 3 15 12 3 4 3 26
> VAMPIRE 2 3 10 3 4 3 26
> VAMPIRE 4 15 12 2 4 3 26
> POWERUP TOMATO -3 17 15 5
> POWERUP TOMATO -3 3 5 5
< RES 1637329221 357 4
< MOVE R R R
> REQ 1637329221 358 4
> VAMPIRE 1 8 9 0 1 3 1
> VAMPIRE 3 15 15 3 4 3 25
> VAMPIRE 2 3 7 3 4 3 25
> VAMPIRE 4 15 15 2 4 3 25
> POWERUP TOMATO -2 17 15 5
> POWERUP TOMATO -2 3 5 5
< RES 1637329221 358 4
< MOVE D D
> REQ 1637329221 359 4
> VAMPIRE 1 8 9 0 1 3 1
> VAMPIRE 3 17 15 3 4 3 24
> VAMPIRE 2 3 5 3 4 3 24
> VAMPIRE 4 17 15 2 4 3 24
> POWERUP TOMATO -1 17 15 5
> POWERUP TOMATO -1 3 5 5
< RES 1637329221 359 4
< GRENADE
> REQ 1637329221 360 4
> VAMPIRE 1 8 9 0 1 3 1
> VAMPIRE 3 17 15 3 4 3 23
> VAMPIRE 2 3 5 3 4 3 23
> VAMPIRE 4 17 15 2 3 3 23
> GRENADE 4 17 15 5 3
> POWERUP TOMATO 14 17 15 5
> POWERUP TOMATO 14 3 5 5
< RES 1637329221 360 4
< MOVE U
> REQ 1637329221 361 4
> VAMPIRE 1 8 9 0 1 3 1
> VAMPIRE 3 17 15 3 4 3 22
> VAMPIRE 2 3 5 3 4 3 22
> VAMPIRE 4 16 15 2 3 3 22
> GRENADE 4 17 15 4 3
> POWERUP TOMATO 13 17 15 5
> POWERUP TOMATO 13 3 5 5
< RES 1637329221 361 4
< THROW D 2
< MOVE U
> REQ 1637329221 362 4
> VAMPIRE 1 8 9 0 1 3 1
> VAMPIRE 3 17 15 3 4 3 21
> VAMPIRE 2 3 5 3 4 3 21
> VAMPIRE 4 15 15 2 3 3 21
> GRENADE 4 19 15 3 3
> POWERUP TOMATO 12 17 15 5
> POWERUP TOMATO 12 3 5 5
< RES 1637329221 362 4
> REQ 1637329221 363 4
> VAMPIRE 1 8 9 0 1 3 1
> VAMPIRE 3 17 15 3 4 3 20
> VAMPIRE 2 3 5 3 4 3 20
> VAMPIRE 4 15 15 2 3 3 20
> GRENADE 4 19 15 2 3
> POWERUP TOMATO 11 17 15 5
> POWERUP TOMATO 11 3 5 5
< RES 1637329221 363 4
< MOVE L L D
> REQ 1637329221 364 4
> VAMPIRE 1 8 9 0 1 3 1
> VAMPIRE 3 16 13 3 3 3 19
> VAMPIRE 2 3 5 3 4 3 19
> VAMPIRE 4 16 13 2 3 3 19
> GRENADE 4 19 15 1 3
> GRENADE 3 17 15 5 3
< RES 1637329221 364 4
< MOVE U U U
> REQ 1637329221 365 4
> VAMPIRE 1 8 9 0 1 3 1
> VAMPIRE 3 13 13 3 4 3 18
> VAMPIRE 2 3 7 3 4 3 18
> VAMPIRE 4 13 13 2 4 3 18
< RES 1637329221 365 4
< MOVE L L
> REQ 1637329221 366 4
> VAMPIRE 1 8 9 0 1 3 1
> VAMPIRE 3 13 11 3 4 3 17
> VAMPIRE 2 3 9 3 4 3 17
> VAMPIRE 4 13 11 2 4 3 17
< RES 1637329221 366 4
< MOVE D D
> REQ 1637329221 367 4
> VAMPIRE 1 8 9 0 1 3 1
> VAMPIRE 3 15 11 3 4 3 16
> VAMPIRE 2 3 11 3 4 3 16
> VAMPIRE 4 15 11 2 4 3 16
< RES 1637329221 367 4
< MOVE L L
> REQ 1637329221 368 4
> VAMPIRE 1 8 9 0 1 3 1
> VAMPIRE 3 15 9 3 4 3 15
> VAMPIRE 2 5 11 3 4 3 15
> VAMPIRE 4 15 9 2 4 3 15
< RES 1637329221 368 4
< MOVE R R
> REQ 1637329221 369 4
> VAMPIRE 1 8 9 0 1 3 1
> VAMPIRE 3 15 11 3 4 3 14
> VAMPIRE 2 5 11 3 4 3 14
> VAMPIRE 4 15 11 2 4 3 14
< RES 1637329221 369 4
< MOVE L L
> REQ 1637329221 370 4
> VAMPIRE 1 8 9 0 1 3 1
> VAMPIRE 3 15 9 3 4 3 13
> VAMPIRE 2 5 11 3 4 3 13
> VAMPIRE 4 15 9 2 4 3 13
< RES 1637329221 370 4
< MOVE R R
> REQ 1637329221 371 4
> VAMPIRE 1 8 9 0 1 3 1
> VAMPIRE 3 15 11 3 4 3 12
> VAMPIRE 2 5 11 3 4 3 12
> VAMPIRE 4 15 11 2 4 3 12
< RES 1637329221 371 4
< MOVE L L
> REQ 1637329221 372 4
> VAMPIRE 1 8 9 0 1 3 1
> VAMPIRE 3 15 9 3 4 3 11
> VAMPIRE 2 5 11 3 4 3 11
> VAMPIRE 4 15 9 2 4 3 11
< RES 1637329221 372 4
< MOVE R R
> REQ 1637329221 373 4
> VAMPIRE 1 8 9 0 1 3 1
> VAMPIRE 3 15 11 3 4 3 10
> VAMPIRE 2 5 11 3 4 3 10
> VAMPIRE 4 15 11 2 4 3 10
< RES 1637329221 373 4
< MOVE L L
> REQ 1637329221 374 4
> VAMPIRE 1 8 9 0 1 3 1
> VAMPIRE 3 15 9 3 4 3 9
> VAMPIRE 2 5 11 3 4 3 9
> VAMPIRE 4 15 9 2 4 3 9
< RES 1637329221 374 4
< MOVE R R
> REQ 1637329221 375 4
> VAMPIRE 1 8 9 0 1 3 1
> VAMPIRE 3 15 11 3 4 3 8
> VAMPIRE 2 5 11 3 4 3 8
> VAMPIRE 4 15 11 2 4 3 8
< RES 1637329221 375 4
< MOVE L L
> REQ 1637329221 376 4
> VAMPIRE 1 8 9 0 1 3 1
> VAMPIRE 3 15 9 3 4 3 7
> VAMPIRE 2 5 11 3 4 3 7
> VAMPIRE 4 15 9 2 4 3 7
< RES 1637329221 376 4
< MOVE R R
> REQ 1637329221 377 4
> VAMPIRE 1 8 9 0 1 3 1
> VAMPIRE 3 15 11 3 4 3 6
> VAMPIRE 2 5 11 3 4 3 6
> VAMPIRE 4 15 11 2 4 3 6
< RES 1637329221 377 4
< MOVE U U
> REQ 1637329221 378 4
> VAMPIRE 1 8 9 0 1 3 1
> VAMPIRE 3 13 11 3 4 3 5
> VAMPIRE 2 5 11 3 4 3 5
> VAMPIRE 4 13 11 2 4 3 5
< RES 1637329221 378 4
< MOVE L L
> REQ 1637329221 379 4
> VAMPIRE 1 8 9 0 1 3 1
> VAMPIRE 3 13 9 3 4 3 4
> VAMPIRE 2 5 11 3 4 3 4
> VAMPIRE 4 13 9 2 4 3 4
< RES 1637329221 379 4
< MOVE R R
> REQ 1637329221 380 4
> VAMPIRE 1 8 9 0 1 3 1
> VAMPIRE 3 13 11 3 4 3 3
> VAMPIRE 2 5 11 3 4 3 3
> VAMPIRE 4 13 11 2 4 3 3
< RES 1637329221 380 4
< MOVE L L
> REQ 1637329221 381 4
> VAMPIRE 1 8 9 0 1 3 1
> VAMPIRE 3 13 9 3 4 3 2
> VAMPIRE 2 5 11 3 4 3 2
> VAMPIRE 4 13 9 2 4 3 2
> POWERUP BATTERY -7 3 12 5
> POWERUP BATTERY -7 17 8 5
< RES 1637329221 381 4
< MOVE D D D
> REQ 1637329221 382 4
> VAMPIRE 1 8 9 0 1 3 1
> VAMPIRE 3 16 9 3 4 3 1
> VAMPIRE 2 3 12 3 4 3 1
> VAMPIRE 4 16 9 2 4 3 1
> POWERUP BATTERY -6 3 12 5
> POWERUP BATTERY -6 17 8 5
< RES 1637329221 382 4
< MOVE D L
> REQ 1637329221 383 4
> VAMPIRE 1 8 9 0 1 3 1
> VAMPIRE 3 17 8 3 4 3 0
> VAMPIRE 2 3 12 3 4 3 0
> VAMPIRE 4 17 8 2 4 3 0
> POWERUP BATTERY -5 3 12 5
> POWERUP BATTERY -5 17 8 5
< RES 1637329221 383 4
> REQ 1637329221 384 4
> VAMPIRE 1 8 9 0 1 3 1
> VAMPIRE 3 17 8 3 4 3 0
> VAMPIRE 2 3 12 3 4 3 0
> VAMPIRE 4 17 8 2 4 3 0
> POWERUP BATTERY -4 3 12 5
> POWERUP BATTERY -4 17 8 5
< RES 1637329221 384 4
> REQ 1637329221 385 4
> VAMPIRE 1 8 9 0 1 3 1
> VAMPIRE 3 17 8 3 4 3 0
> VAMPIRE 2 3 12 3 4 3 0
> VAMPIRE 4 17 8 2 4 3 0
> POWERUP BATTERY -3 3 12 5
> POWERUP BATTERY -3 17 8 5
< RES 1637329221 385 4
> REQ 1637329221 386 4
> VAMPIRE 1 8 9 0 1 3 1
> VAMPIRE 3 17 8 3 4 3 0
> VAMPIRE 2 3 12 3 4 3 0
> VAMPIRE 4 17 8 2 4 3 0
> POWERUP BATTERY -2 3 12 5
> POWERUP BATTERY -2 17 8 5
< RES 1637329221 386 4
> REQ 1637329221 387 4
> VAMPIRE 1 8 9 0 1 3 1
> VAMPIRE 3 17 8 3 4 3 0
> VAMPIRE 2 3 12 3 4 3 0
> VAMPIRE 4 17 8 2 4 3 0
> POWERUP BATTERY -1 3 12 5
> POWERUP BATTERY -1 17 8 5
< RES 1637329221 387 4
> REQ 1637329221 388 4
> VAMPIRE 1 8 9 0 1 3 1
> VAMPIRE 3 17 8 3 4 3 0
> VAMPIRE 2 3 12 3 4 3 0
> VAMPIRE 4 17 8 2 4 3 0
> POWERUP BATTERY 14 3 12 5
> POWERUP BATTERY 14 17 8 5
< RES 1637329221 388 4
> REQ 1637329221 389 4
> VAMPIRE 1 8 9 0 1 3 1
> VAMPIRE 3 17 8 3 4 3 0
> VAMPIRE 2 3 12 3 4 3 0
> VAMPIRE 4 17 8 2 4 3 0
> POWERUP BATTERY 13 3 12 5
> POWERUP BATTERY 13 17 8 5
< RES 1637329221 389 4
> REQ 1637329221 390 4
> VAMPIRE 1 8 9 0 1 3 1
> VAMPIRE 3 17 8 3 4 3 0
> VAMPIRE 2 3 12 3 4 3 0
> VAMPIRE 4 17 8 2 4 3 0
> POWERUP BATTERY 12 3 12 5
> POWERUP BATTERY 12 17 8 5
< RES 1637329221 390 4
> REQ 1637329221 391 4
> VAMPIRE 1 8 9 0 1 3 1
> VAMPIRE 3 17 8 3 4 3 0
> VAMPIRE 2 3 12 3 4 3 0
> VAMPIRE 4 17 8 2 4 3 0
> POWERUP BATTERY 11 3 12 5
> POWERUP BATTERY 11 17 8 5
< RES 1637329221 391 4
> REQ 1637329221 392 4
> VAMPIRE 1 8 9 0 1 3 1
> VAMPIRE 3 17 8 3 4 4 0
> VAMPIRE 2 3 12 3 4 4 0
> VAMPIRE 4 17 8 2 4 4 0
< RES 1637329221 392 4
< MOVE L
> REQ 1637329221 393 4
> VAMPIRE 1 8 9 0 1 3 1
> VAMPIRE 3 17 7 3 4 4 0
> VAMPIRE 2 3 11 3 4 4 0
> VAMPIRE 4 17 7 2 4 4 0
< RES 1637329221 393 4
< MOVE U U
> REQ 1637329221 394 4
> VAMPIRE 1 8 9 0 1 3 1
> VAMPIRE 3 15 7 3 4 4 0
> VAMPIRE 2 5 11 3 4 4 0
> VAMPIRE 4 15 7 2 4 4 0
< RES 1637329221 394 4
< MOVE U U
> REQ 1637329221 395 4
> VAMPIRE 1 8 9 0 1 3 1
> VAMPIRE 3 13 7 3 4 4 0
> VAMPIRE 2 7 11 3 4 4 0
> VAMPIRE 4 13 7 2 4 4 0
< RES 1637329221 395 4
< MOVE R R
> REQ 1637329221 396 4
> VAMPIRE 1 8 9 0 1 3 1
> VAMPIRE 3 13 9 3 4 4 0
> VAMPIRE 2 9 11 3 4 4 0
> VAMPIRE 4 13 9 2 4 4 0
< RES 1637329221 396 4
< MOVE U U
> REQ 1637329221 397 4
> VAMPIRE 1 8 9 0 1 3 1
> VAMPIRE 3 11 9 3 4 4 0
> VAMPIRE 2 9 13 3 4 4 0
> VAMPIRE 4 11 9 2 4 4 0
< RES 1637329221 397 4
< MOVE R R
> REQ 1637329221 398 4
> VAMPIRE 1 8 9 0 1 3 1
> VAMPIRE 3 11 11 3 4 4 0
> VAMPIRE 2 11 13 3 4 4 0
> VAMPIRE 4 11 11 2 4 4 0
< RES 1637329221 398 4
< MOVE L L
> REQ 1637329221 399 4
> VAMPIRE 1 8 9 0 1 3 1
> VAMPIRE 3 11 9 3 4 4 0
> VAMPIRE 2 9 13 3 4 4 0
> VAMPIRE 4 11 9 2 4 4 0
< RES 1637329221 399 4
< MOVE R R
> REQ 1637329221 400 4
> VAMPIRE 1 8 9 0 1 3 1
> VAMPIRE 3 11 11 3 4 4 0
> VAMPIRE 2 11 13 3 4 4 0
> VAMPIRE 4 11 11 2 4 4 0
< RES 1637329221 400 4
< MOVE L L
> REQ 1637329221 401 4
> VAMPIRE 1 8 9 0 1 3 1
> VAMPIRE 3 11 9 3 4 4 0
> VAMPIRE 2 9 13 3 4 4 0
> VAMPIRE 4 11 9 2 4 4 0
< RES 1637329221 401 4
< MOVE R R
> REQ 1637329221 402 4
> VAMPIRE 1 8 9 0 1 3 1
> VAMPIRE 3 11 11 3 4 4 0
> VAMPIRE 2 11 13 3 4 4 0
> VAMPIRE 4 11 11 2 4 4 0
< RES 1637329221 402 4
< MOVE L L
> REQ 1637329221 403 4
> VAMPIRE 1 8 9 0 1 3 1
> VAMPIRE 3 11 9 3 4 4 0
> VAMPIRE 2 9 13 3 4 4 0
> VAMPIRE 4 11 9 2 4 4 0
< RES 1637329221 403 4
< MOVE R R
> REQ 1637329221 404 4
> VAMPIRE 1 8 9 0 1 3 1
> VAMPIRE 3 11 11 3 4 4 0
> VAMPIRE 2 11 13 3 4 4 0
> VAMPIRE 4 11 11 2 4 4 0
< RES 1637329221 404 4
< MOVE L L
> REQ 1637329221 405 4
> VAMPIRE 1 8 9 0 1 3 1
> VAMPIRE 3 11 9 3 4 4 0
> VAMPIRE 2 9 13 3 4 4 0
> VAMPIRE 4 11 9 2 4 4 0
< RES 1637329221 405 4
< MOVE R R
> REQ 1637329221 406 4
> VAMPIRE 1 8 9 0 1 3 1
> VAMPIRE 3 11 11 3 4 4 0
> VAMPIRE 2 11 13 3 4 4 0
> VAMPIRE 4 11 11 2 4 4 0
< RES 1637329221 406 4
< MOVE L L
> REQ 1637329221 407 4
> VAMPIRE 1 8 9 0 1 3 1
> VAMPIRE 3 11 9 3 4 4 0
> VAMPIRE 2 9 13 3 4 4 0
> VAMPIRE 4 11 9 2 4 4 0
< RES 1637329221 407 4
< MOVE R R
> REQ 1637329221 408 4
> VAMPIRE 1 8 9 0 1 3 1
> VAMPIRE 3 11 11 3 4 4 0
> VAMPIRE 2 11 13 3 4 4 0
> VAMPIRE 4 11 11 2 4 4 0
< RES 1637329221 408 4
< MOVE L L
> REQ 1637329221 409 4
> VAMPIRE 1 8 9 0 1 3 1
> VAMPIRE 3 11 9 3 4 4 0
> VAMPIRE 2 9 13 3 4 4 0
> VAMPIRE 4 11 9 2 4 4 0
< RES 1637329221 409 4
< MOVE R R
> REQ 1637329221 410 4
> VAMPIRE 1 8 9 0 1 3 1
> VAMPIRE 3 11 11 3 4 4 0
> VAMPIRE 2 11 13 3 4 4 0
> VAMPIRE 4 11 11 2 4 4 0
< RES 1637329221 410 4
< MOVE L L
> REQ 1637329221 411 4
> VAMPIRE 1 8 9 0 1 3 1
> VAMPIRE 3 11 9 3 4 4 0
> VAMPIRE 2 9 13 3 4 4 0
> VAMPIRE 4 11 9 2 4 4 0
< RES 1637329221 411 4
< MOVE R R
> REQ 1637329221 412 4
> VAMPIRE 1 8 9 0 1 3 1
> VAMPIRE 3 11 11 3 4 4 0
> VAMPIRE 2 11 13 3 4 4 0
> VAMPIRE 4 11 11 2 4 4 0
> POWERUP BATTERY -5 18 9 4
> POWERUP BATTERY -5 2 11 4
< RES 1637329221 412 4
< MOVE D D
> REQ 1637329221 413 4
> VAMPIRE 1 8 9 0 1 3 1
> VAMPIRE 3 13 11 3 4 4 0
> VAMPIRE 2 13 13 3 4 4 0
> VAMPIRE 4 13 11 2 4 4 0
> POWERUP BATTERY -4 18 9 4
> POWERUP BATTERY -4 2 11 4
< RES 1637329221 413 4
< MOVE D D
> REQ 1637329221 414 4
> VAMPIRE 1 8 9 0 1 3 1
> VAMPIRE 3 15 11 3 4 4 0
> VAMPIRE 2 15 13 3 4 4 0
> VAMPIRE 4 15 11 2 4 4 0
> POWERUP BATTERY -3 18 9 4
> POWERUP BATTERY -3 2 11 4
< RES 1637329221 414 4
< MOVE D D
> REQ 1637329221 415 4
> VAMPIRE 1 8 9 0 1 3 1
> VAMPIRE 3 17 11 3 4 4 0
> VAMPIRE 2 17 13 3 4 4 0
> VAMPIRE 4 17 11 2 4 4 0
> POWERUP BATTERY -2 18 9 4
> POWERUP BATTERY -2 2 11 4
< RES 1637329221 415 4
< MOVE L L
> REQ 1637329221 416 4
> VAMPIRE 1 8 9 0 1 3 1
> VAMPIRE 3 17 9 3 4 4 0
> VAMPIRE 2 19 13 3 4 4 0
> VAMPIRE 4 17 9 2 4 4 0
> POWERUP BATTERY -1 18 9 4
> POWERUP BATTERY -1 2 11 4
< RES 1637329221 416 4
< GRENADE
< MOVE D D
> REQ 1637329221 417 4
> VAMPIRE 1 8 9 0 1 3 1
> VAMPIRE 3 19 9 3 3 4 0
> VAMPIRE 2 19 11 3 4 4 0
> VAMPIRE 4 19 9 2 3 4 0
> GRENADE 3 17 9 5 4
> GRENADE 4 17 9 5 4
> POWERUP BATTERY 13 18 9 4
> POWERUP BATTERY 13 2 11 4
< RES 1637329221 417 4
< MOVE U
> REQ 1637329221 418 4
> VAMPIRE 1 8 9 0 1 3 1
> VAMPIRE 3 18 9 3 3 4 0
> VAMPIRE 2 19 11 3 4 4 0
> VAMPIRE 4 18 9 2 3 4 0
> GRENADE 3 17 9 4 4
> GRENADE 4 17 9 4 4
> POWERUP BATTERY 12 18 9 4
> POWERUP BATTERY 12 2 11 4
< RES 1637329221 418 4
< MOVE D
> REQ 1637329221 419 4
> VAMPIRE 1 8 9 0 1 3 1
> VAMPIRE 3 19 9 3 3 4 0
> VAMPIRE 2 19 9 3 4 4 0
> VAMPIRE 4 19 9 2 3 4 0
> GRENADE 3 17 9 3 4
> GRENADE 4 17 9 3 4
> POWERUP BATTERY 11 18 9 4
> POWERUP BATTERY 11 2 11 4
< RES 1637329221 419 4
< MOVE U
> REQ 1637329221 420 4
> VAMPIRE 1 8 9 0 1 3 1
> VAMPIRE 3 19 9 3 3 4 0
> VAMPIRE 2 19 9 3 3 4 0
> VAMPIRE 4 18 9 2 3 4 0
> GRENADE 3 17 9 2 4
> GRENADE 4 17 9 2 4
> GRENADE 2 19 9 5 4
> POWERUP BATTERY 10 18 9 4
> POWERUP BATTERY 10 2 11 4
< RES 1637329221 420 4
< GRENADE
> REQ 1637329221 421 4
> VAMPIRE 1 8 9 0 1 3 1
> VAMPIRE 3 19 9 3 2 4 0
> VAMPIRE 2 19 10 3 3 4 0
> VAMPIRE 4 18 9 2 2 4 0
> GRENADE 3 17 9 1 4
> GRENADE 4 17 9 1 4
> GRENADE 2 16 9 4 4
> GRENADE 3 19 9 5 4
> GRENADE 4 18 9 5 4
> POWERUP BATTERY 9 18 9 4
> POWERUP BATTERY 9 2 11 4
< RES 1637329221 421 4
< THROW U 3
> REQ 1637329221 422 4
> VAMPIRE 1 8 9 0 1 3 1
> VAMPIRE 3 19 9 2 4 4 0
> VAMPIRE 2 19 11 2 4 4 0
> VAMPIRE 4 18 9 1 4 4 0
> POWERUP BATTERY 8 18 9 4
> POWERUP BATTERY 8 2 11 4
< RES 1637329221 422 4
< MOVE U
> REQ 1637329221 423 4
> VAMPIRE 1 8 9 0 1 3 1
> VAMPIRE 3 17 9 2 4 4 0
> VAMPIRE 2 17 11 2 4 4 0
> VAMPIRE 4 17 9 1 4 4 0
> POWERUP BATTERY 7 18 9 4
> POWERUP BATTERY 7 2 11 4
< RES 1637329221 423 4
< GRENADE
< MOVE D D
> REQ 1637329221 424 4
> VAMPIRE 1 8 9 0 1 3 1
> VAMPIRE 3 19 9 2 4 4 0
> VAMPIRE 2 19 11 2 4 4 0
> VAMPIRE 4 19 9 1 4 4 0
> POWERUP BATTERY 6 18 9 4
> POWERUP BATTERY 6 2 11 4
< RES 1637329221 424 4
< GRENADE
< MOVE U U
> REQ 1637329221 425 4
> VAMPIRE 1 8 9 0 1 3 1
> VAMPIRE 3 17 9 2 3 4 0
> VAMPIRE 2 17 11 2 4 4 0
> VAMPIRE 4 17 9 1 3 4 0
> GRENADE 3 19 9 5 4
> GRENADE 4 19 9 5 4
> POWERUP BATTERY 5 18 9 4
> POWERUP BATTERY 5 2 11 4
< RES 1637329221 425 4
< MOVE D
> REQ 1637329221 426 4
> VAMPIRE 1 8 9 0 1 3 1
> VAMPIRE 3 18 9 2 3 4 0
> VAMPIRE 2 17 11 2 4 4 0
> VAMPIRE 4 18 9 1 3 4 0
> GRENADE 3 19 9 4 4
> GRENADE 4 19 9 4 4
> POWERUP BATTERY 4 18 9 4
> POWERUP BATTERY 4 2 11 4
< RES 1637329221 426 4
< GRENADE
> REQ 1637329221 427 4
> VAMPIRE 1 8 9 0 1 3 1
> VAMPIRE 3 18 9 2 2 4 0
> VAMPIRE 2 17 9 2 4 4 0
> VAMPIRE 4 18 9 1 2 4 0
> GRENADE 3 19 9 3 4
> GRENADE 4 19 9 3 4
> GRENADE 3 18 9 5 4
> GRENADE 4 18 9 5 4
> POWERUP BATTERY 3 18 9 4
> POWERUP BATTERY 3 2 11 4
< RES 1637329221 427 4
< GRENADE
> REQ 1637329221 428 4
> VAMPIRE 1 8 9 0 1 3 1
> VAMPIRE 3 18 9 2 1 4 0
> VAMPIRE 2 15 9 2 3 4 0
> VAMPIRE 4 18 9 1 1 4 0
> GRENADE 3 19 9 2 4
> GRENADE 4 19 9 2 4
> GRENADE 3 18 9 4 4
> GRENADE 4 18 9 4 4
> GRENADE 3 18 9 5 4
> GRENADE 2 17 9 5 4
> GRENADE 4 18 9 5 4
> POWERUP BATTERY 2 18 9 4
> POWERUP BATTERY 2 2 11 4
< RES 1637329221 428 4
< GRENADE
> REQ 1637329221 429 4
> VAMPIRE 1 8 9 0 1 3 1
> VAMPIRE 3 18 9 2 0 4 0
> VAMPIRE 2 15 11 2 3 4 0
> VAMPIRE 4 18 9 1 0 4 0
> GRENADE 3 19 9 1 4
> GRENADE 4 19 9 1 4
> GRENADE 3 18 9 3 4
> GRENADE 4 18 9 3 4
> GRENADE 3 18 9 4 4
> GRENADE 2 17 9 4 4
> GRENADE 4 18 9 4 4
> GRENADE 3 18 9 5 4
> GRENADE 4 18 9 5 4
> POWERUP BATTERY 1 18 9 4
> POWERUP BATTERY 1 2 11 4
< RES 1637329221 429 4
> END 562 Could_not_be_more_deaded
