> MESSAGE OK
> LEVEL 10
> GAMEID 1637161958
> TEST 1
> MAXTICK 800
> GRENADERADIUS 3
> SIZE 15
> REQ 1637161958 0 3
> VAMPIRE 1 1 1 3 1 3 0
> VAMPIRE 2 13 1 3 1 3 0
> VAMPIRE 3 13 13 3 1 3 0
> VAMPIRE 4 1 13 3 1 3 0
> BAT1 8 1 9 1 10 1 11 1 1 3 7 3 1 4 1 5 6 5 8 5 1 6 5 6 9 6 3 7 11 7 5 8 9 8 13 8 6 9 8 9 13 9 13 10 7 11 13 11 3 13 4 13 5 13 6 13
> BAT2 3 1 4 1 5 1 6 1 8 3 9 3 13 3 13 4 3 5 7 5 13 5 3 6 13 6 5 7 9 7 1 8 11 8 1 9 7 9 11 9 1 10 1 11 5 11 6 11 8 13 9 13 10 13 11 13
> BAT3 7 1 5 3 6 3 11 5 11 6 1 7 7 7 13 7 3 8 3 9 8 11 9 11 7 13
< RES 1637161958 0 3
< MOVE L
> REQ 1637161958 1 3
> VAMPIRE 1 1 2 3 1 3 0
> VAMPIRE 2 12 1 3 1 3 0
> VAMPIRE 3 13 12 3 1 3 0
> VAMPIRE 4 2 13 3 1 3 0
> BAT1 8 1 9 1 10 1 11 1 1 3 7 3 1 4 1 5 6 5 8 5 1 6 5 6 9 6 3 7 11 7 5 8 9 8 13 8 6 9 8 9 13 9 13 10 7 11 13 11 3 13 4 13 5 13 6 13
> BAT2 3 1 4 1 5 1 6 1 8 3 9 3 13 3 13 4 3 5 7 5 13 5 3 6 13 6 5 7 9 7 1 8 11 8 1 9 7 9 11 9 1 10 1 11 5 11 6 11 8 13 9 13 10 13 11 13
> BAT3 7 1 5 3 6 3 11 5 11 6 1 7 7 7 13 7 3 8 3 9 8 11 9 11 7 13
< RES 1637161958 1 3
< GRENADE
< MOVE R U
> REQ 1637161958 2 3
> VAMPIRE 1 2 1 3 0 3 0
> VAMPIRE 2 13 2 3 0 3 0
> VAMPIRE 3 12 13 3 0 3 0
> VAMPIRE 4 1 12 3 0 3 0
> GRENADE 1 1 2 5 3
> GRENADE 2 12 1 5 3
> GRENADE 3 13 12 5 3
> GRENADE 4 2 13 5 3
> BAT1 8 1 9 1 10 1 11 1 1 3 7 3 1 4 1 5 6 5 8 5 1 6 5 6 9 6 3 7 11 7 5 8 9 8 13 8 6 9 8 9 13 9 13 10 7 11 13 11 3 13 4 13 5 13 6 13
> BAT2 3 1 4 1 5 1 6 1 8 3 9 3 13 3 13 4 3 5 7 5 13 5 3 6 13 6 5 7 9 7 1 8 11 8 1 9 7 9 11 9 1 10 1 11 5 11 6 11 8 13 9 13 10 13 11 13
> BAT3 7 1 5 3 6 3 11 5 11 6 1 7 7 7 13 7 3 8 3 9 8 11 9 11 7 13
< RES 1637161958 2 3
> REQ 1637161958 3 3
> VAMPIRE 1 2 1 3 0 3 0
> VAMPIRE 2 13 2 3 0 3 0
> VAMPIRE 3 12 13 3 0 3 0
> VAMPIRE 4 1 12 3 0 3 0
> GRENADE 1 1 2 4 3
> GRENADE 2 12 1 4 3
> GRENADE 3 13 12 4 3
> GRENADE 4 2 13 4 3
> BAT1 8 1 9 1 10 1 11 1 1 3 7 3 1 4 1 5 6 5 8 5 1 6 5 6 9 6 3 7 11 7 5 8 9 8 13 8 6 9 8 9 13 9 13 10 7 11 13 11 3 13 4 13 5 13 6 13
> BAT2 3 1 4 1 5 1 6 1 8 3 9 3 13 3 13 4 3 5 7 5 13 5 3 6 13 6 5 7 9 7 1 8 11 8 1 9 7 9 11 9 1 10 1 11 5 11 6 11 8 13 9 13 10 13 11 13
> BAT3 7 1 5 3 6 3 11 5 11 6 1 7 7 7 13 7 3 8 3 9 8 11 9 11 7 13
< RES 1637161958 3 3
> REQ 1637161958 4 3
> VAMPIRE 1 2 1 3 0 3 0
> VAMPIRE 2 13 2 3 0 3 0
> VAMPIRE 3 12 13 3 0 3 0
> VAMPIRE 4 1 12 3 0 3 0
> GRENADE 1 1 2 3 3
> GRENADE 2 12 1 3 3
> GRENADE 3 13 12 3 3
> GRENADE 4 2 13 3 3
> BAT1 8 1 9 1 10 1 11 1 1 3 7 3 1 4 1 5 6 5 8 5 1 6 5 6 9 6 3 7 11 7 5 8 9 8 13 8 6 9 8 9 13 9 13 10 7 11 13 11 3 13 4 13 5 13 6 13
> BAT2 3 1 4 1 5 1 6 1 8 3 9 3 13 3 13 4 3 5 7 5 13 5 3 6 13 6 5 7 9 7 1 8 11 8 1 9 7 9 11 9 1 10 1 11 5 11 6 11 8 13 9 13 10 13 11 13
> BAT3 7 1 5 3 6 3 11 5 11 6 1 7 7 7 13 7 3 8 3 9 8 11 9 11 7 13
< RES 1637161958 4 3
> REQ 1637161958 5 3
> VAMPIRE 1 2 1 3 0 3 0
> VAMPIRE 2 13 2 3 0 3 0
> VAMPIRE 3 12 13 3 0 3 0
> VAMPIRE 4 1 12 3 0 3 0
> GRENADE 1 1 2 2 3
> GRENADE 2 12 1 2 3
> GRENADE 3 13 12 2 3
> GRENADE 4 2 13 2 3
> BAT1 8 1 9 1 10 1 11 1 1 3 7 3 1 4 1 5 6 5 8 5 1 6 5 6 9 6 3 7 11 7 5 8 9 8 13 8 6 9 8 9 13 9 13 10 7 11 13 11 3 13 4 13 5 13 6 13
> BAT2 3 1 4 1 5 1 6 1 8 3 9 3 13 3 13 4 3 5 7 5 13 5 3 6 13 6 5 7 9 7 1 8 11 8 1 9 7 9 11 9 1 10 1 11 5 11 6 11 8 13 9 13 10 13 11 13
> BAT3 7 1 5 3 6 3 11 5 11 6 1 7 7 7 13 7 3 8 3 9 8 11 9 11 7 13
< RES 1637161958 5 3
> REQ 1637161958 6 3
> VAMPIRE 1 2 1 3 0 3 0
> VAMPIRE 2 13 2 3 0 3 0
> VAMPIRE 3 12 13 3 0 3 0
> VAMPIRE 4 1 12 3 0 3 0
> GRENADE 1 1 2 1 3
> GRENADE 2 12 1 1 3
> GRENADE 3 13 12 1 3
> GRENADE 4 2 13 1 3
> BAT1 8 1 9 1 10 1 11 1 1 3 7 3 1 4 1 5 6 5 8 5 1 6 5 6 9 6 3 7 11 7 5 8 9 8 13 8 6 9 8 9 13 9 13 10 7 11 13 11 3 13 4 13 5 13 6 13
> BAT2 3 1 4 1 5 1 6 1 8 3 9 3 13 3 13 4 3 5 7 5 13 5 3 6 13 6 5 7 9 7 1 8 11 8 1 9 7 9 11 9 1 10 1 11 5 11 6 11 8 13 9 13 10 13 11 13
> BAT3 7 1 5 3 6 3 11 5 11 6 1 7 7 7 13 7 3 8 3 9 8 11 9 11 7 13
< RES 1637161958 6 3
< MOVE D
> REQ 1637161958 7 3
> VAMPIRE 1 1 1 3 1 3 0
> VAMPIRE 2 13 1 3 1 3 0
> VAMPIRE 3 13 13 3 1 3 0
> VAMPIRE 4 1 12 3 1 3 0
> BAT1 8 1 9 1 10 1 7 3 1 4 1 5 6 5 8 5 1 6 5 6 9 6 3 7 11 7 5 8 9 8 13 8 6 9 8 9 13 9 13 10 7 11 4 13 5 13 6 13
> BAT2 3 1 4 1 5 1 6 1 8 3 9 3 13 3 13 4 3 5 7 5 13 5 3 6 13 6 5 7 9 7 1 8 11 8 1 9 7 9 11 9 1 10 1 11 5 11 6 11 8 13 9 13 10 13 11 13
> BAT3 7 1 5 3 6 3 11 5 11 6 1 7 7 7 13 7 3 8 3 9 8 11 9 11 7 13
< RES 1637161958 7 3
< GRENADE
< MOVE L L
> REQ 1637161958 8 3
> VAMPIRE 1 1 3 3 0 3 0
> VAMPIRE 2 11 1 3 0 3 0
> VAMPIRE 3 13 11 3 0 3 0
> VAMPIRE 4 2 13 3 1 3 0
> GRENADE 1 1 1 5 3
> GRENADE 2 13 1 5 3
> GRENADE 3 13 13 5 3
> BAT1 8 1 9 1 10 1 7 3 1 4 1 5 6 5 8 5 1 6 5 6 9 6 3 7 11 7 5 8 9 8 13 8 6 9 8 9 13 9 13 10 7 11 4 13 5 13 6 13
> BAT2 3 1 4 1 5 1 6 1 8 3 9 3 13 3 13 4 3 5 7 5 13 5 3 6 13 6 5 7 9 7 1 8 11 8 1 9 7 9 11 9 1 10 1 11 5 11 6 11 8 13 9 13 10 13 11 13
> BAT3 7 1 5 3 6 3 11 5 11 6 1 7 7 7 13 7 3 8 3 9 8 11 9 11 7 13
< RES 1637161958 8 3
< MOVE U U
> REQ 1637161958 9 3
> VAMPIRE 1 3 3 3 0 3 0
> VAMPIRE 2 11 3 3 0 3 0
> VAMPIRE 3 11 11 3 0 3 0
> VAMPIRE 4 3 12 3 1 3 0
> GRENADE 1 1 1 4 3
> GRENADE 2 13 1 4 3
> GRENADE 3 13 13 4 3
> BAT1 8 1 9 1 10 1 7 3 1 4 1 5 6 5 8 5 1 6 5 6 9 6 3 7 11 7 5 8 9 8 13 8 6 9 8 9 13 9 13 10 7 11 4 13 5 13 6 13
> BAT2 3 1 4 1 5 1 6 1 8 3 9 3 13 3 13 4 3 5 7 5 13 5 3 6 13 6 5 7 9 7 1 8 11 8 1 9 7 9 11 9 1 10 1 11 5 11 6 11 8 13 9 13 10 13 11 13
> BAT3 7 1 5 3 6 3 11 5 11 6 1 7 7 7 13 7 3 8 3 9 8 11 9 11 7 13
< RES 1637161958 9 3
> REQ 1637161958 10 3
> VAMPIRE 1 3 3 3 0 3 0
> VAMPIRE 2 11 3 3 0 3 0
> VAMPIRE 3 11 11 3 0 3 0
> VAMPIRE 4 3 11 3 1 3 0
> GRENADE 1 1 1 3 3
> GRENADE 2 13 1 3 3
> GRENADE 3 13 13 3 3
> BAT1 8 1 9 1 10 1 7 3 1 4 1 5 6 5 8 5 1 6 5 6 9 6 3 7 11 7 5 8 9 8 13 8 6 9 8 9 13 9 13 10 7 11 4 13 5 13 6 13
> BAT2 3 1 4 1 5 1 6 1 8 3 9 3 13 3 13 4 3 5 7 5 13 5 3 6 13 6 5 7 9 7 1 8 11 8 1 9 7 9 11 9 1 10 1 11 5 11 6 11 8 13 9 13 10 13 11 13
> BAT3 7 1 5 3 6 3 11 5 11 6 1 7 7 7 13 7 3 8 3 9 8 11 9 11 7 13
< RES 1637161958 10 3
> REQ 1637161958 11 3
> VAMPIRE 1 3 3 3 0 3 0
> VAMPIRE 2 11 3 3 0 3 0
> VAMPIRE 3 11 11 3 0 3 0
> VAMPIRE 4 3 13 3 0 3 0
> GRENADE 1 1 1 2 3
> GRENADE 2 13 1 2 3
> GRENADE 3 13 13 2 3
> GRENADE 4 3 11 5 3
> BAT1 8 1 9 1 10 1 7 3 1 4 1 5 6 5 8 5 1 6 5 6 9 6 3 7 11 7 5 8 9 8 13 8 6 9 8 9 13 9 13 10 7 11 4 13 5 13 6 13
> BAT2 3 1 4 1 5 1 6 1 8 3 9 3 13 3 13 4 3 5 7 5 13 5 3 6 13 6 5 7 9 7 1 8 11 8 1 9 7 9 11 9 1 10 1 11 5 11 6 11 8 13 9 13 10 13 11 13
> BAT3 7 1 5 3 6 3 11 5 11 6 1 7 7 7 13 7 3 8 3 9 8 11 9 11 7 13
< RES 1637161958 11 3
> REQ 1637161958 12 3
> VAMPIRE 1 3 3 3 0 3 0
> VAMPIRE 2 11 3 3 0 3 0
> VAMPIRE 3 11 11 3 0 3 0
> VAMPIRE 4 2 13 3 0 3 0
> GRENADE 1 1 1 1 3
> GRENADE 2 13 1 1 3
> GRENADE 3 13 13 1 3
> GRENADE 4 3 11 4 3
> BAT1 8 1 9 1 10 1 7 3 1 4 1 5 6 5 8 5 1 6 5 6 9 6 3 7 11 7 5 8 9 8 13 8 6 9 8 9 13 9 13 10 7 11 4 13 5 13 6 13
> BAT2 3 1 4 1 5 1 6 1 8 3 9 3 13 3 13 4 3 5 7 5 13 5 3 6 13 6 5 7 9 7 1 8 11 8 1 9 7 9 11 9 1 10 1 11 5 11 6 11 8 13 9 13 10 13 11 13
> BAT3 7 1 5 3 6 3 11 5 11 6 1 7 7 7 13 7 3 8 3 9 8 11 9 11 7 13
< RES 1637161958 12 3
< MOVE L
> REQ 1637161958 13 3
> VAMPIRE 1 3 3 3 1 3 0
> VAMPIRE 2 11 3 3 1 3 0
> VAMPIRE 3 11 10 3 1 3 0
> VAMPIRE 4 2 13 3 0 3 0
> GRENADE 4 3 11 3 3
> BAT1 8 1 9 1 7 3 1 5 6 5 8 5 1 6 5 6 9 6 3 7 11 7 5 8 9 8 13 8 6 9 8 9 13 9 7 11 4 13 5 13 6 13 3 1 13 3 11 13
> BAT2 4 1 5 1 6 1 8 3 9 3 13 4 3 5 7 5 13 5 3 6 13 6 5 7 9 7 1 8 11 8 1 9 7 9 11 9 1 10 1 11 5 11 6 11 8 13 9 13 10 13
> BAT3 7 1 5 3 6 3 11 5 11 6 1 7 7 7 13 7 3 8 3 9 8 11 9 11 7 13
< RES 1637161958 13 3
< GRENADE
< MOVE R D
> REQ 1637161958 14 3
> VAMPIRE 1 1 3 3 0 3 0
> VAMPIRE 2 11 1 3 0 3 0
> VAMPIRE 3 12 11 3 0 3 0
> VAMPIRE 4 2 13 3 0 3 0
> GRENADE 4 3 11 2 3
> GRENADE 1 3 3 5 3
> GRENADE 2 11 3 5 3
> GRENADE 3 11 10 5 3
> BAT1 8 1 9 1 7 3 1 5 6 5 8 5 1 6 5 6 9 6 3 7 11 7 5 8 9 8 13 8 6 9 8 9 13 9 7 11 4 13 5 13 6 13 3 1 13 3 11 13
> BAT2 4 1 5 1 6 1 8 3 9 3 13 4 3 5 7 5 13 5 3 6 13 6 5 7 9 7 1 8 11 8 1 9 7 9 11 9 1 10 1 11 5 11 6 11 8 13 9 13 10 13
> BAT3 7 1 5 3 6 3 11 5 11 6 1 7 7 7 13 7 3 8 3 9 8 11 9 11 7 13
< RES 1637161958 14 3
< MOVE D
> REQ 1637161958 15 3
> VAMPIRE 1 1 1 3 0 3 0
> VAMPIRE 2 13 1 3 0 3 0
> VAMPIRE 3 13 11 3 0 3 0
> VAMPIRE 4 2 13 3 0 3 0
> GRENADE 4 3 11 1 3
> GRENADE 1 3 3 4 3
> GRENADE 2 11 3 4 3
> GRENADE 3 11 10 4 3
> BAT1 8 1 9 1 7 3 1 5 6 5 8 5 1 6 5 6 9 6 3 7 11 7 5 8 9 8 13 8 6 9 8 9 13 9 7 11 4 13 5 13 6 13 3 1 13 3 11 13
> BAT2 4 1 5 1 6 1 8 3 9 3 13 4 3 5 7 5 13 5 3 6 13 6 5 7 9 7 1 8 11 8 1 9 7 9 11 9 1 10 1 11 5 11 6 11 8 13 9 13 10 13
> BAT3 7 1 5 3 6 3 11 5 11 6 1 7 7 7 13 7 3 8 3 9 8 11 9 11 7 13
< RES 1637161958 15 3
> REQ 1637161958 16 3
> VAMPIRE 1 1 1 3 0 3 0
> VAMPIRE 2 13 1 3 0 3 0
> VAMPIRE 3 13 11 3 0 3 0
> VAMPIRE 4 3 12 3 1 3 0
> GRENADE 1 3 3 3 3
> GRENADE 2 11 3 3 3
> GRENADE 3 11 10 3 3
> BAT1 8 1 9 1 7 3 1 5 6 5 8 5 1 6 5 6 9 6 3 7 11 7 5 8 9 8 13 8 6 9 8 9 13 9 7 11 4 13 5 13 6 13 3 1 13 3 1 11 5 11 11 13
> BAT2 4 1 5 1 6 1 8 3 9 3 13 4 3 5 7 5 13 5 3 6 13 6 5 7 9 7 1 8 11 8 1 9 7 9 11 9 1 10 6 11 8 13 9 13 10 13 3 9
> BAT3 7 1 5 3 6 3 11 5 11 6 1 7 7 7 13 7 3 8 8 11 9 11 7 13
< RES 1637161958 16 3
> REQ 1637161958 17 3
> VAMPIRE 1 1 1 3 0 3 0
> VAMPIRE 2 13 1 3 0 3 0
> VAMPIRE 3 13 11 3 0 3 0
> VAMPIRE 4 3 11 3 1 3 0
> GRENADE 1 3 3 2 3
> GRENADE 2 11 3 2 3
> GRENADE 3 11 10 2 3
> BAT1 8 1 9 1 7 3 1 5 6 5 8 5 1 6 5 6 9 6 3 7 11 7 5 8 9 8 13 8 6 9 8 9 13 9 7 11 4 13 5 13 6 13 3 1 13 3 1 11 5 11 11 13
> BAT2 4 1 5 1 6 1 8 3 9 3 13 4 3 5 7 5 13 5 3 6 13 6 5 7 9 7 1 8 11 8 1 9 7 9 11 9 1 10 6 11 8 13 9 13 10 13 3 9
> BAT3 7 1 5 3 6 3 11 5 11 6 1 7 7 7 13 7 3 8 8 11 9 11 7 13
< RES 1637161958 17 3
> REQ 1637161958 18 3
> VAMPIRE 1 1 1 3 0 3 0
> VAMPIRE 2 12 1 3 0 3 0
> VAMPIRE 3 13 11 3 0 3 0
> VAMPIRE 4 3 13 3 0 3 0
> GRENADE 1 3 3 1 3
> GRENADE 2 11 3 1 3
> GRENADE 3 11 10 1 3
> GRENADE 4 3 11 5 3
> BAT1 8 1 9 1 7 3 1 5 6 5 8 5 1 6 5 6 9 6 3 7 11 7 5 8 9 8 13 8 6 9 8 9 13 9 7 11 4 13 5 13 6 13 3 1 13 3 1 11 5 11 11 13
> BAT2 4 1 5 1 6 1 8 3 9 3 13 4 3 5 7 5 13 5 3 6 13 6 5 7 9 7 1 8 11 8 1 9 7 9 11 9 1 10 6 11 8 13 9 13 10 13 3 9
> BAT3 7 1 5 3 6 3 11 5 11 6 1 7 7 7 13 7 3 8 8 11 9 11 7 13
< RES 1637161958 18 3
< MOVE L
> REQ 1637161958 19 3
> VAMPIRE 1 2 1 3 1 3 0
> VAMPIRE 2 10 1 3 1 3 0
> VAMPIRE 3 13 10 3 1 3 0
> VAMPIRE 4 2 13 3 0 3 0
> GRENADE 4 3 11 4 3
> BAT1 8 1 9 1 7 3 1 5 6 5 8 5 1 6 5 6 9 6 3 7 11 7 5 8 9 8 13 8 6 9 8 9 13 9 7 11 4 13 5 13 6 13 9 3 3 5 11 9 1 11 5 11
> BAT2 4 1 5 1 6 1 8 3 13 4 7 5 13 5 3 6 13 6 5 7 9 7 1 8 11 8 1 9 7 9 1 10 6 11 8 13 9 13 10 13 5 3 11 5 3 9
> BAT3 7 1 6 3 11 6 1 7 7 7 13 7 3 8 8 11 9 11 7 13
< RES 1637161958 19 3
< MOVE R U
> REQ 1637161958 20 3
> VAMPIRE 1 1 2 3 1 3 0
> VAMPIRE 2 11 2 3 0 3 0
> VAMPIRE 3 12 11 3 1 3 0
> VAMPIRE 4 2 13 3 0 3 0
> GRENADE 4 3 11 3 3
> GRENADE 2 10 1 5 3
> BAT1 8 1 9 1 7 3 1 5 6 5 8 5 1 6 5 6 9 6 3 7 11 7 5 8 9 8 13 8 6 9 8 9 13 9 7 11 4 13 5 13 6 13 9 3 3 5 11 9 1 11 5 11
> BAT2 4 1 5 1 6 1 8 3 13 4 7 5 13 5 3 6 13 6 5 7 9 7 1 8 11 8 1 9 7 9 1 10 6 11 8 13 9 13 10 13 5 3 11 5 3 9
> BAT3 7 1 6 3 11 6 1 7 7 7 13 7 3 8 8 11 9 11 7 13
< RES 1637161958 20 3
< MOVE U L
> REQ 1637161958 21 3
> VAMPIRE 1 2 3 3 0 3 0
> VAMPIRE 2 11 3 3 0 3 0
> VAMPIRE 3 11 10 3 1 3 0
> VAMPIRE 4 2 13 3 0 3 0
> GRENADE 4 3 11 2 3
> GRENADE 2 10 1 4 3
> GRENADE 1 1 2 5 3
> BAT1 8 1 9 1 7 3 1 5 6 5 8 5 1 6 5 6 9 6 3 7 11 7 5 8 9 8 13 8 6 9 8 9 13 9 7 11 4 13 5 13 6 13 9 3 3 5 11 9 1 11 5 11
> BAT2 4 1 5 1 6 1 8 3 13 4 7 5 13 5 3 6 13 6 5 7 9 7 1 8 11 8 1 9 7 9 1 10 6 11 8 13 9 13 10 13 5 3 11 5 3 9
> BAT3 7 1 6 3 11 6 1 7 7 7 13 7 3 8 8 11 9 11 7 13
< RES 1637161958 21 3
< GRENADE
< MOVE R D
> REQ 1637161958 22 3
> VAMPIRE 1 3 3 3 0 3 0
> VAMPIRE 2 11 3 3 0 3 0
> VAMPIRE 3 12 11 3 0 3 0
> VAMPIRE 4 2 13 3 0 3 0
> GRENADE 4 3 11 1 3
> GRENADE 2 10 1 3 3
> GRENADE 1 1 2 4 3
> GRENADE 3 11 10 5 3
> BAT1 8 1 9 1 7 3 1 5 6 5 8 5 1 6 5 6 9 6 3 7 11 7 5 8 9 8 13 8 6 9 8 9 13 9 7 11 4 13 5 13 6 13 9 3 3 5 11 9 1 11 5 11
> BAT2 4 1 5 1 6 1 8 3 13 4 7 5 13 5 3 6 13 6 5 7 9 7 1 8 11 8 1 9 7 9 1 10 6 11 8 13 9 13 10 13 5 3 11 5 3 9
> BAT3 7 1 6 3 11 6 1 7 7 7 13 7 3 8 8 11 9 11 7 13
< RES 1637161958 22 3
< MOVE D
> REQ 1637161958 23 3
> VAMPIRE 1 3 3 3 0 3 0
> VAMPIRE 2 11 3 3 0 3 0
> VAMPIRE 3 13 11 3 0 3 0
> VAMPIRE 4 3 13 3 1 3 0
> GRENADE 2 10 1 2 3
> GRENADE 1 1 2 3 3
> GRENADE 3 11 10 4 3
> BAT1 8 1 9 1 7 3 1 5 6 5 8 5 1 6 5 6 9 6 3 7 11 7 5 8 9 8 13 8 6 9 8 9 13 9 7 11 4 13 5 13 6 13 9 3 3 5 11 9 3 9
> BAT2 4 1 5 1 6 1 8 3 13 4 7 5 13 5 3 6 13 6 5 7 9 7 1 8 11 8 1 9 7 9 1 10 6 11 8 13 9 13 10 13 5 3 11 5
> BAT3 7 1 6 3 11 6 1 7 7 7 13 7 3 8 8 11 9 11 7 13
< RES 1637161958 23 3
> REQ 1637161958 24 3
> VAMPIRE 1 3 3 3 0 3 0
> VAMPIRE 2 11 3 3 0 3 0
> VAMPIRE 3 13 11 3 0 3 0
> VAMPIRE 4 3 11 3 1 3 0
> GRENADE 2 10 1 1 3
> GRENADE 1 1 2 2 3
> GRENADE 3 11 10 3 3
> BAT1 8 1 9 1 7 3 1 5 6 5 8 5 1 6 5 6 9 6 3 7 11 7 5 8 9 8 13 8 6 9 8 9 13 9 7 11 4 13 5 13 6 13 9 3 3 5 11 9 3 9
> BAT2 4 1 5 1 6 1 8 3 13 4 7 5 13 5 3 6 13 6 5 7 9 7 1 8 11 8 1 9 7 9 1 10 6 11 8 13 9 13 10 13 5 3 11 5
> BAT3 7 1 6 3 11 6 1 7 7 7 13 7 3 8 8 11 9 11 7 13
< RES 1637161958 24 3
> REQ 1637161958 25 3
> VAMPIRE 1 3 3 3 0 3 0
> VAMPIRE 2 11 3 3 1 3 0
> VAMPIRE 3 13 11 3 0 3 0
> VAMPIRE 4 5 11 3 0 3 0
> GRENADE 1 1 2 1 3
> GRENADE 3 11 10 2 3
> GRENADE 4 3 11 5 3
> BAT1 8 1 7 3 1 5 6 5 8 5 1 6 5 6 9 6 3 7 11 7 5 8 9 8 13 8 6 9 8 9 13 9 7 11 4 13 5 13 6 13 9 3 3 5 11 9 3 9
> BAT2 4 1 5 1 6 1 8 3 13 4 7 5 13 5 3 6 13 6 5 7 9 7 1 8 11 8 1 9 7 9 1 10 6 11 8 13 9 13 10 13 5 3 11 5
> BAT3 7 1 6 3 11 6 1 7 7 7 13 7 3 8 8 11 9 11 7 13
< RES 1637161958 25 3
> REQ 1637161958 26 3
> VAMPIRE 1 3 2 3 1 3 0
> VAMPIRE 2 11 1 3 0 3 0
> VAMPIRE 3 13 11 3 0 3 0
> VAMPIRE 4 5 9 3 0 3 0
> GRENADE 3 11 10 1 3
> GRENADE 4 3 11 4 3
> GRENADE 2 11 3 5 3
> BAT1 8 1 7 3 6 5 8 5 1 6 5 6 9 6 3 7 11 7 5 8 9 8 13 8 6 9 8 9 13 9 7 11 4 13 5 13 6 13 9 3 3 5 11 9 3 9
> BAT2 4 1 5 1 6 1 8 3 13 4 7 5 13 5 3 6 13 6 5 7 9 7 1 8 11 8 1 9 7 9 1 10 6 11 8 13 9 13 10 13 5 3 11 5
> BAT3 7 1 6 3 11 6 1 7 7 7 13 7 3 8 8 11 9 11 7 13
< RES 1637161958 26 3
< MOVE U U
> REQ 1637161958 27 3
> VAMPIRE 1 2 3 3 0 3 0
> VAMPIRE 2 9 1 3 0 3 0
> VAMPIRE 3 11 11 3 1 3 0
> VAMPIRE 4 5 9 3 0 3 0
> GRENADE 4 3 11 3 3
> GRENADE 2 11 3 4 3
> GRENADE 1 3 2 5 3
> BAT1 8 1 7 3 6 5 8 5 1 6 5 6 9 6 3 7 11 7 5 8 9 8 13 8 6 9 8 9 13 9 7 11 4 13 5 13 6 13 9 3 3 5 3 9
> BAT2 4 1 5 1 6 1 8 3 13 4 7 5 13 5 3 6 13 6 5 7 9 7 1 8 11 8 1 9 7 9 1 10 6 11 8 13 9 13 10 13 5 3 11 5
> BAT3 7 1 6 3 11 6 1 7 7 7 13 7 3 8 8 11 9 11 7 13
< RES 1637161958 27 3
< MOVE L L
> REQ 1637161958 28 3
> VAMPIRE 1 1 3 3 0 3 0
> VAMPIRE 2 9 1 3 0 3 0
> VAMPIRE 3 11 9 3 1 3 0
> VAMPIRE 4 5 9 3 0 3 0
> GRENADE 4 3 11 2 3
> GRENADE 2 11 3 3 3
> GRENADE 1 3 2 4 3
> BAT1 8 1 7 3 6 5 8 5 1 6 5 6 9 6 3 7 11 7 5 8 9 8 13 8 6 9 8 9 13 9 7 11 4 13 5 13 6 13 9 3 3 5 3 9
> BAT2 4 1 5 1 6 1 8 3 13 4 7 5 13 5 3 6 13 6 5 7 9 7 1 8 11 8 1 9 7 9 1 10 6 11 8 13 9 13 10 13 5 3 11 5
> BAT3 7 1 6 3 11 6 1 7 7 7 13 7 3 8 8 11 9 11 7 13
< RES 1637161958 28 3
< GRENADE
< MOVE R R
> REQ 1637161958 29 3
> VAMPIRE 1 1 3 3 0 3 0
> VAMPIRE 2 9 1 3 0 3 0
> VAMPIRE 3 11 11 3 0 3 0
> VAMPIRE 4 5 9 3 0 3 0
> GRENADE 4 3 11 1 3
> GRENADE 2 11 3 2 3
> GRENADE 1 3 2 3 3
> GRENADE 3 11 9 5 3
> BAT1 8 1 7 3 6 5 8 5 1 6 5 6 9 6 3 7 11 7 5 8 9 8 13 8 6 9 8 9 13 9 7 11 4 13 5 13 6 13 9 3 3 5 3 9
> BAT2 4 1 5 1 6 1 8 3 13 4 7 5 13 5 3 6 13 6 5 7 9 7 1 8 11 8 1 9 7 9 1 10 6 11 8 13 9 13 10 13 5 3 11 5
> BAT3 7 1 6 3 11 6 1 7 7 7 13 7 3 8 8 11 9 11 7 13
< RES 1637161958 29 3
< MOVE D D
> REQ 1637161958 30 3
> VAMPIRE 1 1 3 3 0 3 0
> VAMPIRE 2 9 1 3 0 3 0
> VAMPIRE 3 13 11 3 0 3 0
> VAMPIRE 4 5 9 3 1 3 0
> GRENADE 2 11 3 1 3
> GRENADE 1 3 2 2 3
> GRENADE 3 11 9 4 3
> BAT1 8 1 7 3 6 5 8 5 1 6 5 6 9 6 3 7 11 7 5 8 9 8 13 8 6 9 8 9 13 9 7 11 4 13 5 13 6 13 9 3 3 5 6 11
> BAT2 4 1 5 1 6 1 8 3 13 4 7 5 13 5 3 6 13 6 5 7 9 7 1 8 11 8 1 9 7 9 1 10 8 13 9 13 10 13 5 3 11 5
> BAT3 7 1 6 3 11 6 1 7 7 7 13 7 3 8 8 11 9 11 7 13
< RES 1637161958 30 3
> REQ 1637161958 31 3
> VAMPIRE 1 1 3 3 0 3 0
> VAMPIRE 2 10 1 3 1 3 0
> VAMPIRE 3 13 11 3 0 3 0
> VAMPIRE 4 3 9 3 1 3 0
> GRENADE 1 3 2 1 3
> GRENADE 3 11 9 3 3
> BAT1 8 1 7 3 6 5 8 5 1 6 5 6 9 6 3 7 11 7 5 8 9 8 13 8 6 9 8 9 13 9 7 11 4 13 5 13 6 13 3 5 6 11 11 5
> BAT2 4 1 5 1 6 1 8 3 13 4 7 5 13 5 3 6 13 6 5 7 9 7 1 8 11 8 1 9 7 9 1 10 8 13 9 13 10 13 5 3
> BAT3 7 1 6 3 11 6 1 7 7 7 13 7 3 8 8 11 9 11 7 13
< RES 1637161958 31 3
> REQ 1637161958 32 3
> VAMPIRE 1 3 3 3 1 3 0
> VAMPIRE 2 9 1 3 1 3 0
> VAMPIRE 3 13 11 3 0 3 0
> VAMPIRE 4 3 11 3 0 3 0
> GRENADE 3 11 9 2 3
> GRENADE 4 3 9 5 3
> BAT1 8 1 7 3 6 5 8 5 1 6 5 6 9 6 3 7 11 7 5 8 9 8 13 8 6 9 8 9 13 9 7 11 4 13 5 13 6 13 6 11 11 5
> BAT2 4 1 5 1 6 1 8 3 13 4 7 5 13 5 3 6 13 6 5 7 9 7 1 8 11 8 1 9 7 9 1 10 8 13 9 13 10 13 5 3
> BAT3 7 1 6 3 11 6 1 7 7 7 13 7 3 8 8 11 9 11 7 13
< RES 1637161958 32 3
> REQ 1637161958 33 3
> VAMPIRE 1 3 5 3 0 3 0
> VAMPIRE 2 10 1 3 1 3 0
> VAMPIRE 3 13 11 3 0 3 0
> VAMPIRE 4 5 11 3 0 3 0
> GRENADE 3 11 9 1 3
> GRENADE 4 3 9 4 3
> GRENADE 1 3 3 5 3
> BAT1 8 1 7 3 6 5 8 5 1 6 5 6 9 6 3 7 11 7 5 8 9 8 13 8 6 9 8 9 13 9 7 11 4 13 5 13 6 13 6 11 11 5
> BAT2 4 1 5 1 6 1 8 3 13 4 7 5 13 5 3 6 13 6 5 7 9 7 1 8 11 8 1 9 7 9 1 10 8 13 9 13 10 13 5 3
> BAT3 7 1 6 3 11 6 1 7 7 7 13 7 3 8 8 11 9 11 7 13
< RES 1637161958 33 3
< MOVE U U
> REQ 1637161958 34 3
> VAMPIRE 1 5 5 3 0 3 0
> VAMPIRE 2 9 1 3 1 3 0
> VAMPIRE 3 11 11 3 1 3 0
> VAMPIRE 4 5 11 3 0 3 0
> GRENADE 4 3 9 3 3
> GRENADE 1 3 3 4 3
> BAT1 8 1 7 3 6 5 8 5 1 6 5 6 9 6 3 7 11 7 5 8 9 8 13 8 6 9 7 11 4 13 5 13 6 13 11 8 6 11 11 5
> BAT2 4 1 5 1 6 1 8 3 13 4 7 5 13 5 3 6 13 6 5 7 9 7 1 8 1 9 7 9 1 10 8 13 9 13 10 13 5 3
> BAT3 7 1 6 3 11 6 1 7 7 7 13 7 3 8 8 11 9 11 7 13
< RES 1637161958 34 3
< GRENADE
< MOVE L L
> REQ 1637161958 35 3
> VAMPIRE 1 5 5 3 0 3 0
> VAMPIRE 2 10 1 3 1 3 0
> VAMPIRE 3 11 9 3 0 3 0
> VAMPIRE 4 5 11 3 0 3 0
> GRENADE 4 3 9 2 3
> GRENADE 1 3 3 3 3
> GRENADE 3 11 11 5 3
> BAT1 8 1 7 3 6 5 8 5 1 6 5 6 9 6 3 7 11 7 5 8 9 8 13 8 6 9 7 11 4 13 5 13 6 13 11 8 6 11 11 5
> BAT2 4 1 5 1 6 1 8 3 13 4 7 5 13 5 3 6 13 6 5 7 9 7 1 8 1 9 7 9 1 10 8 13 9 13 10 13 5 3
> BAT3 7 1 6 3 11 6 1 7 7 7 13 7 3 8 8 11 9 11 7 13
< RES 1637161958 35 3
< MOVE U U
> REQ 1637161958 36 3
> VAMPIRE 1 5 5 3 0 3 0
> VAMPIRE 2 9 1 3 1 3 0
> VAMPIRE 3 9 9 3 0 3 0
> VAMPIRE 4 5 11 3 0 3 0
> GRENADE 4 3 9 1 3
> GRENADE 1 3 3 2 3
> GRENADE 3 11 11 4 3
> BAT1 8 1 7 3 6 5 8 5 1 6 5 6 9 6 3 7 11 7 5 8 9 8 13 8 6 9 7 11 4 13 5 13 6 13 11 8 6 11 11 5
> BAT2 4 1 5 1 6 1 8 3 13 4 7 5 13 5 3 6 13 6 5 7 9 7 1 8 1 9 7 9 1 10 8 13 9 13 10 13 5 3
> BAT3 7 1 6 3 11 6 1 7 7 7 13 7 3 8 8 11 9 11 7 13
< RES 1637161958 36 3
> REQ 1637161958 37 3
> VAMPIRE 1 5 5 3 0 3 0
> VAMPIRE 2 10 1 3 1 3 0
> VAMPIRE 3 9 9 3 0 3 0
> VAMPIRE 4 5 11 3 1 3 0
> GRENADE 1 3 3 1 3
> GRENADE 3 11 11 3 3
> BAT1 8 1 7 3 6 5 8 5 1 6 5 6 9 6 3 7 11 7 5 8 9 8 13 8 7 11 4 13 5 13 6 13 11 8 1 9 6 11 11 5
> BAT2 4 1 5 1 6 1 8 3 13 4 7 5 13 5 3 6 13 6 5 7 9 7 1 8 7 9 1 10 8 13 9 13 10 13 5 3 3 8
> BAT3 7 1 6 3 11 6 1 7 7 7 13 7 8 11 9 11 7 13
< RES 1637161958 37 3
> REQ 1637161958 38 3
> VAMPIRE 1 5 5 3 1 3 0
> VAMPIRE 2 9 1 3 1 3 0
> VAMPIRE 3 9 9 3 0 3 0
> VAMPIRE 4 3 11 3 0 3 0
> GRENADE 3 11 11 2 3
> GRENADE 4 5 11 5 3
> BAT1 8 1 7 3 6 5 8 5 1 6 5 6 9 6 3 7 11 7 5 8 9 8 13 8 7 11 4 13 5 13 6 13 3 6 11 8 1 9 6 11 5 3 11 5
> BAT2 4 1 5 1 6 1 8 3 13 4 7 5 13 5 13 6 5 7 9 7 1 8 7 9 1 10 8 13 9 13 10 13 3 8
> BAT3 7 1 6 3 11 6 1 7 7 7 13 7 8 11 9 11 7 13
< RES 1637161958 38 3
> REQ 1637161958 39 3
> VAMPIRE 1 3 5 3 0 3 0
> VAMPIRE 2 10 1 3 1 3 0
> VAMPIRE 3 9 9 3 0 3 0
> VAMPIRE 4 3 9 3 0 3 0
> GRENADE 3 11 11 1 3
> GRENADE 4 5 11 4 3
> GRENADE 1 5 5 5 3
> BAT1 8 1 7 3 6 5 8 5 1 6 5 6 9 6 3 7 11 7 5 8 9 8 13 8 7 11 4 13 5 13 6 13 3 6 11 8 1 9 6 11 5 3 11 5
> BAT2 4 1 5 1 6 1 8 3 13 4 7 5 13 5 13 6 5 7 9 7 1 8 7 9 1 10 8 13 9 13 10 13 3 8
> BAT3 7 1 6 3 11 6 1 7 7 7 13 7 8 11 9 11 7 13
< RES 1637161958 39 3
> REQ 1637161958 40 3
> VAMPIRE 1 3 3 3 0 3 0
> VAMPIRE 2 9 1 3 1 3 0
> VAMPIRE 3 9 9 3 1 3 0
> VAMPIRE 4 3 9 3 0 3 0
> GRENADE 4 5 11 3 3
> GRENADE 1 5 5 4 3
> BAT1 8 1 7 3 6 5 8 5 1 6 5 6 9 6 3 7 11 7 5 8 9 8 13 8 7 11 4 13 5 13 6 13 3 6 1 9 6 11 5 3 11 5
> BAT2 4 1 5 1 6 1 8 3 13 4 7 5 13 5 13 6 5 7 9 7 1 8 7 9 1 10 8 13 9 13 10 13 3 8 9 11
> BAT3 7 1 6 3 11 6 1 7 7 7 13 7 8 11 7 13
< RES 1637161958 40 3
< GRENADE
< MOVE D D
> REQ 1637161958 41 3
> VAMPIRE 1 3 3 3 0 3 0
> VAMPIRE 2 10 1 3 1 3 0
> VAMPIRE 3 11 9 3 0 3 0
> VAMPIRE 4 3 9 3 0 3 0
> GRENADE 4 5 11 2 3
> GRENADE 1 5 5 3 3
> GRENADE 3 9 9 5 3
> BAT1 8 1 7 3 6 5 8 5 1 6 5 6 9 6 3 7 11 7 5 8 9 8 13 8 7 11 4 13 5 13 6 13 3 6 1 9 6 11 5 3 11 5
> BAT2 4 1 5 1 6 1 8 3 13 4 7 5 13 5 13 6 5 7 9 7 1 8 7 9 1 10 8 13 9 13 10 13 3 8 9 11
> BAT3 7 1 6 3 11 6 1 7 7 7 13 7 8 11 7 13
< RES 1637161958 41 3
< MOVE R R
> REQ 1637161958 42 3
> VAMPIRE 1 3 3 3 0 3 0
> VAMPIRE 2 9 1 3 1 3 0
> VAMPIRE 3 11 11 3 0 3 0
> VAMPIRE 4 3 9 3 0 3 0
> GRENADE 4 5 11 1 3
> GRENADE 1 5 5 2 3
> GRENADE 3 9 9 4 3
> BAT1 8 1 7 3 6 5 8 5 1 6 5 6 9 6 3 7 11 7 5 8 9 8 13 8 7 11 4 13 5 13 6 13 3 6 1 9 6 11 5 3 11 5
> BAT2 4 1 5 1 6 1 8 3 13 4 7 5 13 5 13 6 5 7 9 7 1 8 7 9 1 10 8 13 9 13 10 13 3 8 9 11
> BAT3 7 1 6 3 11 6 1 7 7 7 13 7 8 11 7 13
< RES 1637161958 42 3
> REQ 1637161958 43 3
> VAMPIRE 1 3 3 3 0 3 0
> VAMPIRE 2 10 1 3 1 3 0
> VAMPIRE 3 11 11 3 0 3 0
> VAMPIRE 4 3 9 3 1 3 0
> GRENADE 1 5 5 1 3
> GRENADE 3 9 9 3 3
> BAT1 8 1 7 3 6 5 8 5 1 6 5 6 9 6 3 7 11 7 9 8 13 8 7 11 4 13 6 13 3 6 1 9 5 3 11 5
> BAT2 4 1 5 1 6 1 8 3 13 4 7 5 13 5 13 6 5 7 9 7 1 8 7 9 1 10 8 13 9 13 10 13 3 8 9 11
> BAT3 7 1 6 3 11 6 1 7 7 7 13 7 8 11 7 13
< RES 1637161958 43 3
> REQ 1637161958 44 3
> VAMPIRE 1 3 3 3 1 3 0
> VAMPIRE 2 9 1 3 1 3 0
> VAMPIRE 3 11 11 3 0 3 0
> VAMPIRE 4 5 9 3 1 3 0
> GRENADE 3 9 9 2 3
> BAT1 8 1 7 3 8 5 1 6 9 6 3 7 11 7 9 8 13 8 7 11 4 13 6 13 3 6 1 9 11 5
> BAT2 4 1 5 1 6 1 8 3 13 4 7 5 13 5 13 6 5 7 9 7 1 8 7 9 1 10 8 13 9 13 10 13 3 8 9 11
> BAT3 7 1 6 3 11 6 1 7 7 7 13 7 8 11 7 13
< RES 1637161958 44 3
< MOVE L
> REQ 1637161958 45 3
> VAMPIRE 1 5 3 3 0 3 0
> VAMPIRE 2 10 1 3 1 3 0
> VAMPIRE 3 11 10 3 0 3 0
> VAMPIRE 4 5 11 3 0 3 0
> GRENADE 3 9 9 1 3
> GRENADE 1 3 3 5 3
> GRENADE 4 5 9 5 3
> BAT1 8 1 7 3 8 5 1 6 9 6 3 7 11 7 9 8 13 8 7 11 4 13 6 13 3 6 1 9 11 5
> BAT2 4 1 5 1 6 1 8 3 13 4 7 5 13 5 13 6 5 7 9 7 1 8 7 9 1 10 8 13 9 13 10 13 3 8 9 11
> BAT3 7 1 6 3 11 6 1 7 7 7 13 7 8 11 7 13
< RES 1637161958 45 3
< MOVE L U
> REQ 1637161958 46 3
> VAMPIRE 1 5 5 3 0 3 0
> VAMPIRE 2 9 1 3 1 3 0
> VAMPIRE 3 10 9 3 1 3 0
> VAMPIRE 4 3 11 3 0 3 0
> GRENADE 1 3 3 4 3
> GRENADE 4 5 9 4 3
> BAT1 8 1 7 3 8 5 1 6 9 6 3 7 11 7 13 8 7 11 4 13 6 13 3 6 1 9 7 9 11 5 9 11
> BAT2 4 1 5 1 6 1 8 3 13 4 7 5 13 5 13 6 5 7 9 7 1 8 1 10 8 13 9 13 10 13 3 8
> BAT3 7 1 6 3 11 6 1 7 7 7 13 7 8 11 7 13
< RES 1637161958 46 3
< MOVE U
> REQ 1637161958 47 3
> VAMPIRE 1 5 5 3 0 3 0
> VAMPIRE 2 10 1 3 1 3 0
> VAMPIRE 3 9 9 3 1 3 0
> VAMPIRE 4 3 11 3 0 3 0
> GRENADE 1 3 3 3 3
> GRENADE 4 5 9 3 3
> BAT1 8 1 7 3 8 5 1 6 9 6 3 7 11 7 13 8 7 11 4 13 6 13 3 6 1 9 7 9 11 5 9 11
> BAT2 4 1 5 1 6 1 8 3 13 4 7 5 13 5 13 6 5 7 9 7 1 8 1 10 8 13 9 13 10 13 3 8
> BAT3 7 1 6 3 11 6 1 7 7 7 13 7 8 11 7 13
< RES 1637161958 47 3
< GRENADE
< MOVE D D
> REQ 1637161958 48 3
> VAMPIRE 1 5 5 3 0 3 0
> VAMPIRE 2 9 1 3 1 3 0
> VAMPIRE 3 11 9 3 0 3 0
> VAMPIRE 4 3 11 3 0 3 0
> GRENADE 1 3 3 2 3
> GRENADE 4 5 9 2 3
> GRENADE 3 9 9 5 3
> BAT1 8 1 7 3 8 5 1 6 9 6 3 7 11 7 13 8 7 11 4 13 6 13 3 6 1 9 7 9 11 5 9 11
> BAT2 4 1 5 1 6 1 8 3 13 4 7 5 13 5 13 6 5 7 9 7 1 8 1 10 8 13 9 13 10 13 3 8
> BAT3 7 1 6 3 11 6 1 7 7 7 13 7 8 11 7 13
< RES 1637161958 48 3
< MOVE R R
> REQ 1637161958 49 3
> VAMPIRE 1 5 5 3 0 3 0
> VAMPIRE 2 10 1 3 1 3 0
> VAMPIRE 3 11 11 3 0 3 0
> VAMPIRE 4 3 11 3 0 3 0
> GRENADE 1 3 3 1 3
> GRENADE 4 5 9 1 3
> GRENADE 3 9 9 4 3
> BAT1 8 1 7 3 8 5 1 6 9 6 3 7 11 7 13 8 7 11 4 13 6 13 3 6 1 9 7 9 11 5 9 11
> BAT2 4 1 5 1 6 1 8 3 13 4 7 5 13 5 13 6 5 7 9 7 1 8 1 10 8 13 9 13 10 13 3 8
> BAT3 7 1 6 3 11 6 1 7 7 7 13 7 8 11 7 13
< RES 1637161958 49 3
> REQ 1637161958 50 3
> VAMPIRE 1 5 3 3 1 3 0
> VAMPIRE 2 9 1 3 1 3 0
> VAMPIRE 3 11 11 3 0 3 0
> VAMPIRE 4 3 9 3 1 3 0
> GRENADE 3 9 9 3 3
> BAT1 8 1 7 3 8 5 1 6 9 6 3 7 11 7 13 8 7 11 4 13 6 13 5 7 1 9 11 5 9 11
> BAT2 4 1 5 1 6 1 8 3 13 4 7 5 13 5 13 6 9 7 1 8 1 10 8 13 9 13 10 13 6 3 3 8
> BAT3 7 1 11 6 1 7 7 7 13 7 8 11 7 13
< RES 1637161958 50 3
> REQ 1637161958 51 3
> VAMPIRE 1 5 5 3 0 3 0
> VAMPIRE 2 10 1 3 1 3 0
> VAMPIRE 3 11 11 3 0 3 0
> VAMPIRE 4 5 9 3 0 3 0
> GRENADE 3 9 9 2 3
> GRENADE 1 5 3 5 3
> GRENADE 4 3 9 5 3
> BAT1 8 1 7 3 8 5 1 6 9 6 3 7 11 7 13 8 7 11 4 13 6 13 5 7 1 9 11 5 9 11
> BAT2 4 1 5 1 6 1 8 3 13 4 7 5 13 5 13 6 9 7 1 8 1 10 8 13 9 13 10 13 6 3 3 8
> BAT3 7 1 11 6 1 7 7 7 13 7 8 11 7 13
< RES 1637161958 51 3
> REQ 1637161958 52 3
> VAMPIRE 1 3 5 3 0 3 0
> VAMPIRE 2 9 1 3 1 3 0
> VAMPIRE 3 11 11 3 0 3 0
> VAMPIRE 4 5 11 3 0 3 0
> GRENADE 3 9 9 1 3
> GRENADE 1 5 3 4 3
> GRENADE 4 3 9 4 3
> BAT1 8 1 7 3 8 5 1 6 9 6 3 7 11 7 13 8 7 11 4 13 6 13 5 7 1 9 11 5 9 11
> BAT2 4 1 5 1 6 1 8 3 13 4 7 5 13 5 13 6 9 7 1 8 1 10 8 13 9 13 10 13 6 3 3 8
> BAT3 7 1 11 6 1 7 7 7 13 7 8 11 7 13
< RES 1637161958 52 3
< MOVE U
> REQ 1637161958 53 3
> VAMPIRE 1 3 5 3 0 3 0
> VAMPIRE 2 10 1 3 1 3 0
> VAMPIRE 3 10 11 3 1 3 0
> VAMPIRE 4 5 9 3 0 3 0
> GRENADE 1 5 3 3 3
> GRENADE 4 3 9 3 3
> BAT1 8 1 7 3 8 5 1 6 9 6 3 7 11 7 13 8 7 11 4 13 6 13 5 7 9 7 1 9 11 5
> BAT2 4 1 5 1 6 1 8 3 13 4 7 5 13 5 13 6 1 8 1 10 8 13 9 13 10 13 6 3 3 8
> BAT3 7 1 11 6 1 7 7 7 13 7 8 11 7 13
< RES 1637161958 53 3
< MOVE U L
> REQ 1637161958 54 3
> VAMPIRE 1 3 5 3 0 3 0
> VAMPIRE 2 9 1 3 1 3 0
> VAMPIRE 3 9 10 3 1 3 0
> VAMPIRE 4 7 9 3 0 3 0
> GRENADE 1 5 3 2 3
> GRENADE 4 3 9 2 3
> BAT1 8 1 7 3 8 5 1 6 9 6 3 7 11 7 13 8 7 11 4 13 6 13 5 7 9 7 1 9 11 5
> BAT2 4 1 5 1 6 1 8 3 13 4 7 5 13 5 13 6 1 8 1 10 8 13 9 13 10 13 6 3 3 8
> BAT3 7 1 11 6 1 7 7 7 13 7 8 11 7 13
< RES 1637161958 54 3
< GRENADE
< MOVE L U
> REQ 1637161958 55 3
> VAMPIRE 1 4 5 3 0 3 0
> VAMPIRE 2 9 3 3 0 3 0
> VAMPIRE 3 8 9 3 0 3 0
> VAMPIRE 4 7 9 3 0 3 0
> GRENADE 1 5 3 1 3
> GRENADE 4 3 9 1 3
> GRENADE 2 9 1 5 3
> GRENADE 3 9 10 5 3
> BAT1 8 1 7 3 8 5 1 6 9 6 3 7 11 7 13 8 7 11 4 13 6 13 5 7 9 7 1 9 11 5
> BAT2 4 1 5 1 6 1 8 3 13 4 7 5 13 5 13 6 1 8 1 10 8 13 9 13 10 13 6 3 3 8
> BAT3 7 1 11 6 1 7 7 7 13 7 8 11 7 13
< RES 1637161958 55 3
< MOVE U
> REQ 1637161958 56 3
> VAMPIRE 1 5 4 3 1 3 0
> VAMPIRE 2 9 5 3 0 3 0
> VAMPIRE 3 7 9 3 0 3 0
> VAMPIRE 4 7 8 3 1 3 0
> GRENADE 2 9 1 4 3
> GRENADE 3 9 10 4 3
> BAT1 8 1 7 3 8 5 1 6 9 6 3 7 11 7 13 8 7 11 4 13 6 13 5 1 5 7 9 7 6 3 11 5 3 8
> BAT2 4 1 6 1 8 3 13 4 7 5 13 5 13 6 1 8 1 10 8 13 9 13 10 13
> BAT3 7 1 11 6 1 7 7 7 13 7 8 11 7 13
< RES 1637161958 56 3
> REQ 1637161958 57 3
> VAMPIRE 1 4 3 3 0 3 0
> VAMPIRE 2 9 5 3 0 3 0
> VAMPIRE 3 7 9 3 0 3 0
> VAMPIRE 4 6 9 3 0 3 0
> GRENADE 2 9 1 3 3
> GRENADE 3 9 10 3 3
> GRENADE 1 5 4 5 3
> GRENADE 4 7 8 5 3
> BAT1 8 1 7 3 8 5 1 6 9 6 3 7 11 7 13 8 7 11 4 13 6 13 5 1 5 7 9 7 6 3 11 5 3 8
> BAT2 4 1 6 1 8 3 13 4 7 5 13 5 13 6 1 8 1 10 8 13 9 13 10 13
> BAT3 7 1 11 6 1 7 7 7 13 7 8 11 7 13
< RES 1637161958 57 3
< MOVE D
> REQ 1637161958 58 3
> VAMPIRE 1 3 3 3 0 3 0
> VAMPIRE 2 9 5 3 0 3 0
> VAMPIRE 3 8 9 3 0 3 0
> VAMPIRE 4 5 9 3 0 3 0
> GRENADE 2 9 1 2 3
> GRENADE 3 9 10 2 3
> GRENADE 1 5 4 4 3
> GRENADE 4 7 8 4 3
> BAT1 8 1 7 3 8 5 1 6 9 6 3 7 11 7 13 8 7 11 4 13 6 13 5 1 5 7 9 7 6 3 11 5 3 8
> BAT2 4 1 6 1 8 3 13 4 7 5 13 5 13 6 1 8 1 10 8 13 9 13 10 13
> BAT3 7 1 11 6 1 7 7 7 13 7 8 11 7 13
< RES 1637161958 58 3
> REQ 1637161958 59 3
> VAMPIRE 1 3 5 3 0 3 0
> VAMPIRE 2 9 5 3 0 3 0
> VAMPIRE 3 8 9 3 0 3 0
> VAMPIRE 4 6 9 3 0 3 0
> GRENADE 2 9 1 1 3
> GRENADE 3 9 10 1 3
> GRENADE 1 5 4 3 3
> GRENADE 4 7 8 3 3
> BAT1 8 1 7 3 8 5 1 6 9 6 3 7 11 7 13 8 7 11 4 13 6 13 5 1 5 7 9 7 6 3 11 5 3 8
> BAT2 4 1 6 1 8 3 13 4 7 5 13 5 13 6 1 8 1 10 8 13 9 13 10 13
> BAT3 7 1 11 6 1 7 7 7 13 7 8 11 7 13
< RES 1637161958 59 3
< MOVE D L
> REQ 1637161958 60 3
> VAMPIRE 1 3 3 3 0 3 0
> VAMPIRE 2 9 5 3 1 3 0
> VAMPIRE 3 9 8 3 1 3 0
> VAMPIRE 4 8 9 3 0 3 0
> GRENADE 1 5 4 2 3
> GRENADE 4 7 8 2 3
> BAT1 7 3 8 5 1 6 9 6 3 7 11 7 13 8 7 11 4 13 6 13 5 1 5 7 9 13 6 3 11 5 3 8
> BAT2 4 1 6 1 8 3 13 4 7 5 13 5 13 6 1 8 1 10 8 13 10 13
> BAT3 7 1 11 6 1 7 7 7 13 7 8 11 7 13
< RES 1637161958 60 3
< MOVE L U
> REQ 1637161958 61 3
> VAMPIRE 1 1 3 3 0 3 0
> VAMPIRE 2 9 3 3 0 3 0
> VAMPIRE 3 8 7 3 1 3 0
> VAMPIRE 4 9 8 3 0 3 0
> GRENADE 1 5 4 1 3
> GRENADE 4 7 8 1 3
> GRENADE 2 9 5 5 3
> BAT1 7 3 8 5 1 6 9 6 3 7 11 7 13 8 7 11 4 13 6 13 5 1 5 7 9 13 6 3 11 5 3 8
> BAT2 4 1 6 1 8 3 13 4 7 5 13 5 13 6 1 8 1 10 8 13 10 13
> BAT3 7 1 11 6 1 7 7 7 13 7 8 11 7 13
< RES 1637161958 61 3
< GRENADE
< MOVE D R
> REQ 1637161958 62 3
> VAMPIRE 1 3 3 3 1 3 0
> VAMPIRE 2 11 3 3 0 3 0
> VAMPIRE 3 9 8 3 0 3 0
> VAMPIRE 4 9 7 3 1 3 0
> GRENADE 2 9 5 4 3
> GRENADE 3 8 7 5 3
> BAT1 7 3 8 5 1 6 9 6 3 7 11 7 13 8 4 13 6 13 9 13 6 3 11 5 3 8
> BAT2 4 1 6 1 8 3 13 4 7 5 13 5 13 6 1 8 1 10 8 13 10 13 7 7
> BAT3 7 1 11 6 1 7 13 7 8 11 7 13
< RES 1637161958 62 3
< MOVE R
> REQ 1637161958 63 3
> VAMPIRE 1 3 5 3 0 3 0
> VAMPIRE 2 11 3 3 0 3 0
> VAMPIRE 3 9 9 3 0 3 0
> VAMPIRE 4 9 9 3 0 3 0
> GRENADE 2 9 5 3 3
> GRENADE 3 8 7 4 3
> GRENADE 1 3 3 5 3
> GRENADE 4 9 7 5 3
> BAT1 7 3 8 5 1 6 9 6 3 7 11 7 13 8 4 13 6 13 9 13 6 3 11 5 3 8
> BAT2 4 1 6 1 8 3 13 4 7 5 13 5 13 6 1 8 1 10 8 13 10 13 7 7
> BAT3 7 1 11 6 1 7 13 7 8 11 7 13
< RES 1637161958 63 3
< MOVE U U
> REQ 1637161958 64 3
> VAMPIRE 1 5 5 3 0 3 0
> VAMPIRE 2 11 3 3 0 3 0
> VAMPIRE 3 7 9 3 0 3 0
> VAMPIRE 4 7 9 3 0 3 0
> GRENADE 2 9 5 2 3
> GRENADE 3 8 7 3 3
> GRENADE 1 3 3 4 3
> GRENADE 4 9 7 4 3
> BAT1 7 3 8 5 1 6 9 6 3 7 11 7 13 8 4 13 6 13 9 13 6 3 11 5 3 8
> BAT2 4 1 6 1 8 3 13 4 7 5 13 5 13 6 1 8 1 10 8 13 10 13 7 7
> BAT3 7 1 11 6 1 7 13 7 8 11 7 13
< RES 1637161958 64 3
> REQ 1637161958 65 3
> VAMPIRE 1 5 7 3 0 3 0
> VAMPIRE 2 11 3 3 0 3 0
> VAMPIRE 3 7 9 3 0 3 0
> VAMPIRE 4 7 9 3 0 3 0
> GRENADE 2 9 5 1 3
> GRENADE 3 8 7 2 3
> GRENADE 1 3 3 3 3
> GRENADE 4 9 7 3 3
> BAT1 7 3 8 5 1 6 9 6 3 7 11 7 13 8 4 13 6 13 9 13 6 3 11 5 3 8
> BAT2 4 1 6 1 8 3 13 4 7 5 13 5 13 6 1 8 1 10 8 13 10 13 7 7
> BAT3 7 1 11 6 1 7 13 7 8 11 7 13
< RES 1637161958 65 3
> REQ 1637161958 66 3
> VAMPIRE 1 5 9 3 0 3 0
> VAMPIRE 2 11 3 3 1 3 0
> VAMPIRE 3 7 9 3 0 3 0
> VAMPIRE 4 7 9 3 0 3 0
> GRENADE 3 8 7 1 3
> GRENADE 1 3 3 2 3
> GRENADE 4 9 7 2 3
> BAT1 7 3 1 6 3 7 11 7 13 8 4 13 6 13 9 13 6 3 3 8
> BAT2 4 1 6 1 8 3 13 4 7 5 13 5 13 6 1 8 1 10 8 13 10 13 7 7
> BAT3 7 1 11 6 1 7 13 7 8 11 7 13
< RES 1637161958 66 3
< MOVE R
> REQ 1637161958 67 3
> VAMPIRE 1 7 9 3 0 3 0
> VAMPIRE 2 9 3 3 0 3 0
> VAMPIRE 3 7 10 3 1 3 0
> VAMPIRE 4 7 11 3 1 3 0
> GRENADE 1 3 3 1 3
> GRENADE 2 11 3 5 3
> BAT1 7 3 1 6 3 7 13 8 4 13 6 13 9 13 6 3 7 7 3 8
> BAT2 4 1 6 1 8 3 13 4 7 5 13 5 13 6 1 8 1 10 8 13 10 13
> BAT3 7 1 11 6 1 7 13 7 8 11 7 13
< RES 1637161958 67 3
< GRENADE
< MOVE L D
> REQ 1637161958 68 3
> VAMPIRE 1 7 9 3 1 3 0
> VAMPIRE 2 9 5 3 0 3 0
> VAMPIRE 3 8 9 3 0 3 0
> VAMPIRE 4 7 11 3 0 3 0
> GRENADE 2 11 3 4 3
> GRENADE 3 7 10 5 3
> GRENADE 4 7 11 5 3
> BAT1 7 3 1 6 3 7 13 8 4 13 6 13 9 13 7 7 3 8
> BAT2 4 1 6 1 8 3 13 4 7 5 13 5 13 6 1 8 1 10 8 13 10 13
> BAT3 7 1 11 6 1 7 13 7 8 11 7 13
< RES 1637161958 68 3
< MOVE D
> REQ 1637161958 69 3
> VAMPIRE 1 5 9 3 0 3 0
> VAMPIRE 2 9 5 3 0 3 0
> VAMPIRE 3 9 9 3 0 3 0
> VAMPIRE 4 5 11 3 0 3 0
> GRENADE 2 11 3 3 3
> GRENADE 3 7 10 4 3
> GRENADE 4 7 11 4 3
> GRENADE 1 7 9 5 3
> BAT1 7 3 1 6 3 7 13 8 4 13 6 13 9 13 7 7 3 8
> BAT2 4 1 6 1 8 3 13 4 7 5 13 5 13 6 1 8 1 10 8 13 10 13
> BAT3 7 1 11 6 1 7 13 7 8 11 7 13
< RES 1637161958 69 3
< MOVE L L
> REQ 1637161958 70 3
> VAMPIRE 1 3 9 3 0 3 0
> VAMPIRE 2 9 5 3 0 3 0
> VAMPIRE 3 9 7 3 0 3 0
> VAMPIRE 4 5 10 3 0 3 0
> GRENADE 2 11 3 2 3
> GRENADE 3 7 10 3 3
> GRENADE 4 7 11 3 3
> GRENADE 1 7 9 4 3
> BAT1 7 3 1 6 3 7 13 8 4 13 6 13 9 13 7 7 3 8
> BAT2 4 1 6 1 8 3 13 4 7 5 13 5 13 6 1 8 1 10 8 13 10 13
> BAT3 7 1 11 6 1 7 13 7 8 11 7 13
< RES 1637161958 70 3
> REQ 1637161958 71 3
> VAMPIRE 1 2 9 3 0 3 0
> VAMPIRE 2 9 5 3 0 3 0
> VAMPIRE 3 9 7 3 0 3 0
> VAMPIRE 4 5 12 3 0 3 0
> GRENADE 2 11 3 1 3
> GRENADE 3 7 10 2 3
> GRENADE 4 7 11 2 3
> GRENADE 1 7 9 3 3
> BAT1 7 3 1 6 3 7 13 8 4 13 6 13 9 13 7 7 3 8
> BAT2 4 1 6 1 8 3 13 4 7 5 13 5 13 6 1 8 1 10 8 13 10 13
> BAT3 7 1 11 6 1 7 13 7 8 11 7 13
< RES 1637161958 71 3
< MOVE L L
> REQ 1637161958 72 3
> VAMPIRE 1 2 9 3 0 3 0
> VAMPIRE 2 10 5 3 1 3 0
> VAMPIRE 3 9 5 3 0 3 0
> VAMPIRE 4 5 12 3 0 3 0
> GRENADE 3 7 10 1 3
> GRENADE 4 7 11 1 3
> GRENADE 1 7 9 2 3
> BAT1 7 3 1 6 3 7 13 8 4 13 6 13 8 3 9 13 7 7 3 8
> BAT2 4 1 6 1 13 4 7 5 13 5 13 6 1 8 1 10 8 13 10 13 11 6
> BAT3 7 1 1 7 13 7 8 11 7 13
< RES 1637161958 72 3
< MOVE D
> REQ 1637161958 73 3
> VAMPIRE 1 3 9 3 1 3 0
> VAMPIRE 2 9 6 3 0 3 0
> VAMPIRE 3 9 5 3 1 3 0
> VAMPIRE 4 5 13 3 1 3 0
> GRENADE 2 10 5 5 3
> BAT1 7 3 1 6 3 7 13 8 4 13 6 13 8 3 9 13 3 8
> BAT2 4 1 6 1 13 4 7 5 13 5 13 6 1 8 1 10 8 13 10 13 11 6 8 11 7 13
> BAT3 7 1 1 7 13 7
< RES 1637161958 73 3
< GRENADE
< MOVE R R
> REQ 1637161958 74 3
> VAMPIRE 1 1 9 3 1 3 0
> VAMPIRE 2 9 7 3 0 3 0
> VAMPIRE 3 9 7 3 0 3 0
> VAMPIRE 4 5 11 3 0 3 0
> GRENADE 2 10 5 4 3
> GRENADE 3 9 5 5 3
> GRENADE 4 5 13 5 3
> BAT1 7 3 1 6 3 7 13 8 4 13 6 13 8 3 9 13 3 8
> BAT2 4 1 6 1 13 4 7 5 13 5 13 6 1 8 1 10 8 13 10 13 11 6 8 11 7 13
> BAT3 7 1 1 7 13 7
< RES 1637161958 74 3
< MOVE U U
> REQ 1637161958 75 3
> VAMPIRE 1 3 9 3 0 3 0
> VAMPIRE 2 7 7 3 0 3 0
> VAMPIRE 3 7 7 3 0 3 0
> VAMPIRE 4 5 9 3 0 3 0
> GRENADE 2 10 5 3 3
> GRENADE 3 9 5 4 3
> GRENADE 4 5 13 4 3
> GRENADE 1 1 9 5 3
> BAT1 7 3 1 6 3 7 13 8 4 13 6 13 8 3 9 13 3 8
> BAT2 4 1 6 1 13 4 7 5 13 5 13 6 1 8 1 10 8 13 10 13 11 6 8 11 7 13
> BAT3 7 1 1 7 13 7
< RES 1637161958 75 3
> REQ 1637161958 76 3
> VAMPIRE 1 5 9 3 0 3 0
> VAMPIRE 2 7 7 3 0 3 0
> VAMPIRE 3 7 7 3 0 3 0
> VAMPIRE 4 5 7 3 0 3 0
> GRENADE 2 10 5 2 3
> GRENADE 3 9 5 3 3
> GRENADE 4 5 13 3 3
> GRENADE 1 1 9 4 3
> POWERUP TOMATO -8 10 5
> POWERUP TOMATO -8 4 9
> BAT1 7 3 1 6 3 7 13 8 4 13 6 13 8 3 9 13 3 8
> BAT2 4 1 6 1 13 4 7 5 13 5 13 6 1 8 1 10 8 13 10 13 11 6 8 11 7 13
> BAT3 7 1 1 7 13 7
< RES 1637161958 76 3
< MOVE D
> REQ 1637161958 77 3
> VAMPIRE 1 5 9 3 0 3 0
> VAMPIRE 2 8 7 3 0 3 0
> VAMPIRE 3 8 7 3 0 3 0
> VAMPIRE 4 7 7 3 0 3 0
> GRENADE 2 10 5 1 3
> GRENADE 3 9 5 2 3
> GRENADE 4 5 13 2 3
> GRENADE 1 1 9 3 3
> POWERUP TOMATO -7 10 5
> POWERUP TOMATO -7 4 9
> BAT1 7 3 1 6 3 7 13 8 4 13 6 13 8 3 9 13 3 8
> BAT2 4 1 6 1 13 4 7 5 13 5 13 6 1 8 1 10 8 13 10 13 11 6 8 11 7 13
> BAT3 7 1 1 7 13 7
< RES 1637161958 77 3
< MOVE U
> REQ 1637161958 78 3
> VAMPIRE 1 5 9 3 0 3 0
> VAMPIRE 2 7 7 3 1 3 0
> VAMPIRE 3 7 7 3 1 3 0
> VAMPIRE 4 9 7 3 0 3 0
> GRENADE 4 5 13 1 3
> GRENADE 1 1 9 2 3
> POWERUP TOMATO -6 10 5
> POWERUP TOMATO -6 4 9
> BAT1 7 3 1 6 3 7 13 8 4 13 6 13 8 3 7 5 13 5 9 13 3 8
> BAT2 4 1 6 1 13 4 13 6 1 8 1 10 8 13 10 13 11 6 8 11 7 13
> BAT3 7 1 1 7 13 7
< RES 1637161958 78 3
< GRENADE
< MOVE D D
> REQ 1637161958 79 3
> VAMPIRE 1 5 8 3 0 3 0
> VAMPIRE 2 9 7 3 0 3 0
> VAMPIRE 3 9 7 3 0 3 0
> VAMPIRE 4 9 5 3 1 3 0
> GRENADE 1 1 9 1 3
> GRENADE 2 7 7 5 3
> GRENADE 3 7 7 5 3
> POWERUP TOMATO -5 10 5
> POWERUP TOMATO -5 4 9
> BAT1 7 3 1 6 3 7 13 8 8 3 7 5 13 5 9 13 3 8
> BAT2 4 1 6 1 13 4 13 6 1 8 1 10 8 13 10 13 11 6 8 11 7 13
> BAT3 7 1 1 7 13 7
< RES 1637161958 79 3
< MOVE L L
> REQ 1637161958 80 3
> VAMPIRE 1 5 7 3 1 3 0
> VAMPIRE 2 10 7 3 0 3 0
> VAMPIRE 3 9 5 3 0 3 0
> VAMPIRE 4 11 5 3 1 3 0
> GRENADE 2 7 7 4 3
> GRENADE 3 7 7 4 3
> POWERUP TOMATO -4 10 5
> POWERUP TOMATO -4 4 9
> BAT1 7 3 1 6 3 7 13 8 8 3 7 5 13 5 1 8 1 10 9 13 3 8
> BAT2 4 1 6 1 13 4 13 6 8 13 10 13 11 6 8 11 7 13
> BAT3 7 1 1 7 13 7
< RES 1637161958 80 3
< MOVE D
> REQ 1637161958 81 3
> VAMPIRE 1 5 9 3 0 3 0
> VAMPIRE 2 9 6 3 0 3 0
> VAMPIRE 3 10 5 3 0 3 0
> VAMPIRE 4 9 5 3 0 3 0
> GRENADE 2 7 7 3 3
> GRENADE 3 7 7 3 3
> GRENADE 1 5 7 5 3
> GRENADE 4 11 5 5 3
> POWERUP TOMATO -3 10 5
> POWERUP TOMATO -3 4 9
> BAT1 7 3 1 6 3 7 13 8 8 3 7 5 13 5 1 8 1 10 9 13 3 8
> BAT2 4 1 6 1 13 4 13 6 8 13 10 13 11 6 8 11 7 13
> BAT3 7 1 1 7 13 7
< RES 1637161958 81 3
> REQ 1637161958 82 3
> VAMPIRE 1 4 9 3 0 3 0
> VAMPIRE 2 10 5 3 0 3 0
> VAMPIRE 3 10 5 3 0 3 0
> VAMPIRE 4 10 5 3 0 3 0
> GRENADE 2 7 7 2 3
> GRENADE 3 7 7 2 3
> GRENADE 1 5 7 4 3
> GRENADE 4 11 5 4 3
> POWERUP TOMATO -2 10 5
> POWERUP TOMATO -2 4 9
> BAT1 7 3 1 6 3 7 13 8 8 3 7 5 13 5 1 8 1 10 9 13 3 8
> BAT2 4 1 6 1 13 4 13 6 8 13 10 13 11 6 8 11 7 13
> BAT3 7 1 1 7 13 7
< RES 1637161958 82 3
> REQ 1637161958 83 3
> VAMPIRE 1 4 9 3 0 3 0
> VAMPIRE 2 10 5 3 0 3 0
> VAMPIRE 3 10 5 3 0 3 0
> VAMPIRE 4 10 5 3 0 3 0
> GRENADE 2 7 7 1 3
> GRENADE 3 7 7 1 3
> GRENADE 1 5 7 3 3
> GRENADE 4 11 5 3 3
> POWERUP TOMATO -1 10 5
> POWERUP TOMATO -1 4 9
> BAT1 7 3 1 6 3 7 13 8 8 3 7 5 13 5 1 8 1 10 9 13 3 8
> BAT2 4 1 6 1 13 4 13 6 8 13 10 13 11 6 8 11 7 13
> BAT3 7 1 1 7 13 7
< RES 1637161958 83 3
< MOVE U U
> REQ 1637161958 84 3
> VAMPIRE 1 2 9 3 1 3 0
> VAMPIRE 2 8 5 3 1 3 0
> VAMPIRE 3 8 5 3 1 3 0
> VAMPIRE 4 9 6 3 0 3 0
> GRENADE 4 11 5 2 3
> BAT1 7 3 1 6 13 8 8 3 13 5 1 8 1 10 9 13 3 8
> BAT2 4 1 6 1 13 4 13 6 8 13 10 13 11 6 8 11 7 13
> BAT3 7 1 1 7 13 7
< RES 1637161958 84 3
< GRENADE
< MOVE U R
> REQ 1637161958 85 3
> VAMPIRE 1 1 9 3 1 3 0
> VAMPIRE 2 7 6 3 0 3 0
> VAMPIRE 3 7 6 3 0 3 0
> VAMPIRE 4 9 7 3 0 3 0
> GRENADE 4 11 5 1 3
> GRENADE 2 8 5 5 3
> GRENADE 3 8 5 5 3
> BAT1 7 3 1 6 13 8 8 3 13 5 1 8 1 10 9 13 3 8
> BAT2 4 1 6 1 13 4 13 6 8 13 10 13 11 6 8 11 7 13
> BAT3 7 1 1 7 13 7
< RES 1637161958 85 3
> REQ 1637161958 86 3
> VAMPIRE 1 3 9 3 0 3 0
> VAMPIRE 2 7 6 3 1 3 0
> VAMPIRE 3 7 6 3 1 3 0
> VAMPIRE 4 11 7 3 1 3 0
> GRENADE 1 1 9 5 3
> BAT1 7 3 1 6 13 8 8 3 1 8 1 10 9 13 11 6 3 8
> BAT2 4 1 6 1 13 4 13 6 8 13 10 13 8 11 7 13
> BAT3 7 1 1 7 13 7
< RES 1637161958 86 3
< GRENADE
< MOVE L U
> REQ 1637161958 87 3
> VAMPIRE 1 5 9 3 0 3 0
> VAMPIRE 2 6 5 3 0 3 0
> VAMPIRE 3 6 5 3 0 3 0
> VAMPIRE 4 9 7 3 0 3 0
> GRENADE 1 1 9 4 3
> GRENADE 2 7 6 5 3
> GRENADE 3 7 6 5 3
> GRENADE 4 11 7 5 3
> BAT1 7 3 1 6 13 8 8 3 1 8 1 10 9 13 11 6 3 8
> BAT2 4 1 6 1 13 4 13 6 8 13 10 13 8 11 7 13
> BAT3 7 1 1 7 13 7
< RES 1637161958 87 3
< MOVE U
> REQ 1637161958 88 3
> VAMPIRE 1 5 7 3 0 3 0
> VAMPIRE 2 5 5 3 0 3 0
> VAMPIRE 3 5 5 3 0 3 0
> VAMPIRE 4 9 5 3 0 3 0
> GRENADE 1 1 9 3 3
> GRENADE 2 7 6 4 3
> GRENADE 3 7 6 4 3
> GRENADE 4 11 7 4 3
> BAT1 7 3 1 6 13 8 8 3 1 8 1 10 9 13 11 6 3 8
> BAT2 4 1 6 1 13 4 13 6 8 13 10 13 8 11 7 13
> BAT3 7 1 1 7 13 7
< RES 1637161958 88 3
< MOVE L L
> REQ 1637161958 89 3
> VAMPIRE 1 5 7 3 0 3 0
> VAMPIRE 2 5 3 3 0 3 0
> VAMPIRE 3 5 3 3 0 3 0
> VAMPIRE 4 9 6 3 0 3 0
> GRENADE 1 1 9 2 3
> GRENADE 2 7 6 3 3
> GRENADE 3 7 6 3 3
> GRENADE 4 11 7 3 3
> BAT1 7 3 1 6 13 8 8 3 1 8 1 10 9 13 11 6 3 8
> BAT2 4 1 6 1 13 4 13 6 8 13 10 13 8 11 7 13
> BAT3 7 1 1 7 13 7
< RES 1637161958 89 3
< MOVE U U
> REQ 1637161958 90 3
> VAMPIRE 1 5 7 3 0 3 0
> VAMPIRE 2 3 3 3 0 3 0
> VAMPIRE 3 3 3 3 0 3 0
> VAMPIRE 4 9 8 3 0 3 0
> GRENADE 1 1 9 1 3
> GRENADE 2 7 6 2 3
> GRENADE 3 7 6 2 3
> GRENADE 4 11 7 2 3
> BAT1 7 3 1 6 13 8 8 3 1 8 1 10 9 13 11 6 3 8
> BAT2 4 1 6 1 13 4 13 6 8 13 10 13 8 11 7 13
> BAT3 7 1 1 7 13 7
< RES 1637161958 90 3
< MOVE R R
> REQ 1637161958 91 3
> VAMPIRE 1 3 7 3 1 3 0
> VAMPIRE 2 3 5 3 0 3 0
> VAMPIRE 3 3 5 3 0 3 0
> VAMPIRE 4 9 9 3 0 3 0
> GRENADE 2 7 6 1 3
> GRENADE 3 7 6 1 3
> GRENADE 4 11 7 1 3
> BAT1 7 3 1 6 13 8 8 3 9 13 11 6 3 8
> BAT2 4 1 6 1 13 4 13 6 8 13 10 13 8 11 7 13
> BAT3 7 1 1 7 13 7
< RES 1637161958 91 3
< MOVE R R
> REQ 1637161958 92 3
> VAMPIRE 1 5 7 3 0 3 0
> VAMPIRE 2 3 5 3 1 3 0
> VAMPIRE 3 3 6 3 1 3 0
> VAMPIRE 4 9 11 3 1 3 0
> GRENADE 1 3 7 5 3
> BAT1 1 6 13 8 8 3 9 13 3 8
> BAT2 4 1 6 1 13 4 13 6 8 13 10 13 13 7 8 11 7 13
> BAT3 7 1 1 7
< RES 1637161958 92 3
< GRENADE
< MOVE L D
> REQ 1637161958 93 3
> VAMPIRE 1 7 7 3 0 3 0
> VAMPIRE 2 3 3 3 0 3 0
> VAMPIRE 3 3 6 3 0 3 0
> VAMPIRE 4 11 11 3 0 3 0
> GRENADE 1 3 7 4 3
> GRENADE 2 3 5 5 3
> GRENADE 3 3 6 5 3
> GRENADE 4 9 11 5 3
> BAT1 1 6 13 8 8 3 9 13 3 8
> BAT2 4 1 6 1 13 4 13 6 8 13 10 13 13 7 8 11 7 13
> BAT3 7 1 1 7
< RES 1637161958 93 3
> REQ 1637161958 94 3
> VAMPIRE 1 7 5 3 0 3 0
> VAMPIRE 2 5 3 3 0 3 0
> VAMPIRE 3 3 6 3 0 3 0
> VAMPIRE 4 11 9 3 0 3 0
> GRENADE 1 3 7 3 3
> GRENADE 2 3 5 4 3
> GRENADE 3 3 6 4 3
> GRENADE 4 9 11 4 3
> BAT1 1 6 13 8 8 3 9 13 3 8
> BAT2 4 1 6 1 13 4 13 6 8 13 10 13 13 7 8 11 7 13
> BAT3 7 1 1 7
< RES 1637161958 94 3
> REQ 1637161958 95 3
> VAMPIRE 1 7 5 3 0 3 0
> VAMPIRE 2 5 3 3 0 3 0
> VAMPIRE 3 3 6 3 0 3 0
> VAMPIRE 4 10 9 3 0 3 0
> GRENADE 1 3 7 2 3
> GRENADE 2 3 5 3 3
> GRENADE 3 3 6 3 3
> GRENADE 4 9 11 3 3
> BAT1 1 6 13 8 8 3 9 13 3 8
> BAT2 4 1 6 1 13 4 13 6 8 13 10 13 13 7 8 11 7 13
> BAT3 7 1 1 7
< RES 1637161958 95 3
> REQ 1637161958 96 3
> VAMPIRE 1 7 5 3 0 3 0
> VAMPIRE 2 5 3 3 0 3 0
> VAMPIRE 3 3 6 3 0 3 0
> VAMPIRE 4 8 9 3 0 3 0
> GRENADE 1 3 7 1 3
> GRENADE 2 3 5 2 3
> GRENADE 3 3 6 2 3
> GRENADE 4 9 11 2 3
> BAT1 1 6 13 8 8 3 9 13 3 8
> BAT2 4 1 6 1 13 4 13 6 8 13 10 13 13 7 8 11 7 13
> BAT3 7 1 1 7
< RES 1637161958 96 3
> REQ 1637161958 97 3
> VAMPIRE 1 7 3 3 1 3 0
> VAMPIRE 2 5 1 3 1 3 0
> VAMPIRE 3 3 6 2 1 3 0
> VAMPIRE 4 7 9 3 0 3 0
> GRENADE 4 9 11 1 3
> BAT1 1 6 13 8 8 3 9 13
> BAT2 4 1 6 1 13 4 13 6 8 13 10 13 1 7 13 7 8 11 7 13
> BAT3 7 1
< RES 1637161958 97 3
< MOVE L
> REQ 1637161958 98 3
> VAMPIRE 1 5 3 3 0 3 0
> VAMPIRE 2 5 3 3 0 3 0
> VAMPIRE 3 3 5 2 1 3 0
> VAMPIRE 4 7 11 3 1 3 0
> GRENADE 1 7 3 5 3
> GRENADE 2 5 1 5 3
> BAT1 1 6 13 8 8 3 8 11
> BAT2 4 1 6 1 13 4 13 6 8 13 10 13 1 7 13 7 7 13
> BAT3 7 1
< RES 1637161958 98 3
< MOVE D D
> REQ 1637161958 99 3
> VAMPIRE 1 3 3 3 0 3 0
> VAMPIRE 2 3 3 3 0 3 0
> VAMPIRE 3 5 5 2 1 3 0
> VAMPIRE 4 7 9 3 0 3 0
> GRENADE 1 7 3 4 3
> GRENADE 2 5 1 4 3
> GRENADE 4 7 11 5 3
> BAT1 1 6 13 8 8 3 8 11
> BAT2 4 1 6 1 13 4 13 6 8 13 10 13 1 7 13 7 7 13
> BAT3 7 1
< RES 1637161958 99 3
< MOVE L L
> REQ 1637161958 100 3
> VAMPIRE 1 3 3 3 0 3 0
> VAMPIRE 2 3 3 3 0 3 0
> VAMPIRE 3 5 3 2 1 3 0
> VAMPIRE 4 9 9 3 0 3 0
> GRENADE 1 7 3 3 3
> GRENADE 2 5 1 3 3
> GRENADE 4 7 11 4 3
> BAT1 1 6 13 8 8 3 8 11
> BAT2 4 1 6 1 13 4 13 6 8 13 10 13 1 7 13 7 7 13
> BAT3 7 1
< RES 1637161958 100 3
< GRENADE
< MOVE U U
> REQ 1637161958 101 3
> VAMPIRE 1 3 3 3 0 3 0
> VAMPIRE 2 3 3 3 0 3 0
> VAMPIRE 3 3 3 2 0 3 0
> VAMPIRE 4 9 9 3 0 3 0
> GRENADE 1 7 3 2 3
> GRENADE 2 5 1 2 3
> GRENADE 4 7 11 3 3
> GRENADE 3 5 3 5 3
> BAT1 1 6 13 8 8 3 8 11
> BAT2 4 1 6 1 13 4 13 6 8 13 10 13 1 7 13 7 7 13
> BAT3 7 1
< RES 1637161958 101 3
< MOVE R R
> REQ 1637161958 102 3
> VAMPIRE 1 3 5 3 0 3 0
> VAMPIRE 2 3 5 3 0 3 0
> VAMPIRE 3 3 5 2 0 3 0
> VAMPIRE 4 9 10 3 0 3 0
> GRENADE 1 7 3 1 3
> GRENADE 2 5 1 1 3
> GRENADE 4 7 11 2 3
> GRENADE 3 5 3 4 3
> BAT1 1 6 13 8 8 3 8 11
> BAT2 4 1 6 1 13 4 13 6 8 13 10 13 1 7 13 7 7 13
> BAT3 7 1
< RES 1637161958 102 3
< MOVE R R
> REQ 1637161958 103 3
> VAMPIRE 1 3 7 3 1 3 0
> VAMPIRE 2 3 7 3 1 3 0
> VAMPIRE 3 3 7 2 1 3 0
> VAMPIRE 4 9 12 3 0 3 0
> GRENADE 4 7 11 1 3
> BAT1 1 6 13 8 4 1 6 1 8 11
> BAT2 13 4 13 6 8 13 10 13 7 1 1 7 13 7 7 13
< RES 1637161958 103 3
< GRENADE
< MOVE L L
> REQ 1637161958 104 3
> VAMPIRE 1 3 5 3 0 3 0
> VAMPIRE 2 3 5 3 0 3 0
> VAMPIRE 3 3 5 2 0 3 0
> VAMPIRE 4 9 13 3 1 3 0
> GRENADE 1 3 7 5 3
> GRENADE 2 3 7 5 3
> GRENADE 3 3 7 5 3
> POWERUP BATTERY -7 7 9
> POWERUP BATTERY -7 7 5
> BAT1 1 6 13 8 4 1 6 1 7 13
> BAT2 13 4 13 6 8 13 10 13 7 1 1 7 13 7
< RES 1637161958 104 3
< MOVE D D
> REQ 1637161958 105 3
> VAMPIRE 1 5 5 3 0 3 0
> VAMPIRE 2 5 5 3 0 3 0
> VAMPIRE 3 5 5 2 0 3 0
> VAMPIRE 4 9 11 3 0 3 0
> GRENADE 1 3 7 4 3
> GRENADE 2 3 7 4 3
> GRENADE 3 3 7 4 3
> GRENADE 4 9 13 5 3
> POWERUP BATTERY -6 7 9
> POWERUP BATTERY -6 7 5
> BAT1 1 6 13 8 4 1 6 1 7 13
> BAT2 13 4 13 6 8 13 10 13 7 1 1 7 13 7
< RES 1637161958 105 3
< MOVE D D
> REQ 1637161958 106 3
> VAMPIRE 1 7 5 3 0 3 0
> VAMPIRE 2 7 5 3 0 3 0
> VAMPIRE 3 7 5 2 0 3 0
> VAMPIRE 4 7 11 3 0 3 0
> GRENADE 1 3 7 3 3
> GRENADE 2 3 7 3 3
> GRENADE 3 3 7 3 3
> GRENADE 4 9 13 4 3
> POWERUP BATTERY -5 7 9
> POWERUP BATTERY -5 7 5
> BAT1 1 6 13 8 4 1 6 1 7 13
> BAT2 13 4 13 6 8 13 10 13 7 1 1 7 13 7
< RES 1637161958 106 3
> REQ 1637161958 107 3
> VAMPIRE 1 7 5 3 0 3 0
> VAMPIRE 2 7 5 3 0 3 0
> VAMPIRE 3 7 5 2 0 3 0
> VAMPIRE 4 7 9 3 0 3 0
> GRENADE 1 3 7 2 3
> GRENADE 2 3 7 2 3
> GRENADE 3 3 7 2 3
> GRENADE 4 9 13 3 3
> POWERUP BATTERY -4 7 9
> POWERUP BATTERY -4 7 5
> BAT1 1 6 13 8 4 1 6 1 7 13
> BAT2 13 4 13 6 8 13 10 13 7 1 1 7 13 7
< RES 1637161958 107 3
> REQ 1637161958 108 3
> VAMPIRE 1 7 5 3 0 3 0
> VAMPIRE 2 7 5 3 0 3 0
> VAMPIRE 3 7 5 2 0 3 0
> VAMPIRE 4 7 9 3 0 3 0
> GRENADE 1 3 7 1 3
> GRENADE 2 3 7 1 3
> GRENADE 3 3 7 1 3
> GRENADE 4 9 13 2 3
> POWERUP BATTERY -3 7 9
> POWERUP BATTERY -3 7 5
> BAT1 1 6 13 8 4 1 6 1 7 13
> BAT2 13 4 13 6 8 13 10 13 7 1 1 7 13 7
< RES 1637161958 108 3
> REQ 1637161958 109 3
> VAMPIRE 1 7 5 3 1 3 0
> VAMPIRE 2 7 5 3 1 3 0
> VAMPIRE 3 7 5 2 1 3 0
> VAMPIRE 4 7 9 3 0 3 0
> GRENADE 4 9 13 1 3
> POWERUP BATTERY -2 7 9
> POWERUP BATTERY -2 7 5
> BAT1 1 6 13 8 4 1 6 1 1 7 7 13
> BAT2 13 4 13 6 8 13 10 13 7 1 13 7
< RES 1637161958 109 3
> REQ 1637161958 110 3
> VAMPIRE 1 7 5 3 1 3 0
> VAMPIRE 2 7 5 3 1 3 0
> VAMPIRE 3 7 5 2 1 3 0
> VAMPIRE 4 7 9 3 1 3 0
> POWERUP BATTERY -1 7 9
> POWERUP BATTERY -1 7 5
> BAT1 1 6 13 8 4 1 6 1 8 13 10 13 1 7 7 13
> BAT2 13 4 13 6 7 1 13 7
< RES 1637161958 110 3
< MOVE L
> REQ 1637161958 111 3
> VAMPIRE 1 7 4 3 1 4 0
> VAMPIRE 2 7 4 3 1 4 0
> VAMPIRE 3 7 4 2 1 4 0
> VAMPIRE 4 7 11 3 0 4 0
> GRENADE 4 7 9 5 4
> BAT1 1 6 13 8 4 1 6 1 8 13 10 13 1 7 7 13
> BAT2 13 4 13 6 7 1 13 7
< RES 1637161958 111 3
< MOVE R
> REQ 1637161958 112 3
> VAMPIRE 1 7 5 3 1 4 0
> VAMPIRE 2 7 5 3 1 4 0
> VAMPIRE 3 7 5 2 1 4 0
> VAMPIRE 4 9 11 3 0 4 0
> GRENADE 4 7 9 4 4
> BAT1 1 6 13 8 4 1 6 1 8 13 10 13 1 7 7 13
> BAT2 13 4 13 6 7 1 13 7
< RES 1637161958 112 3
< GRENADE
< MOVE L L
> REQ 1637161958 113 3
> VAMPIRE 1 7 3 3 0 4 0
> VAMPIRE 2 7 3 3 0 4 0
> VAMPIRE 3 7 3 2 0 4 0
> VAMPIRE 4 11 11 3 0 4 0
> GRENADE 4 7 9 3 4
> GRENADE 1 7 5 5 4
> GRENADE 2 7 5 5 4
> GRENADE 3 7 5 5 4
> BAT1 1 6 13 8 4 1 6 1 8 13 10 13 1 7 7 13
> BAT2 13 4 13 6 7 1 13 7
< RES 1637161958 113 3
< MOVE U
> REQ 1637161958 114 3
> VAMPIRE 1 6 3 3 0 4 0
> VAMPIRE 2 6 3 3 0 4 0
> VAMPIRE 3 6 3 2 0 4 0
> VAMPIRE 4 10 11 3 0 4 0
> GRENADE 4 7 9 2 4
> GRENADE 1 7 5 4 4
> GRENADE 2 7 5 4 4
> GRENADE 3 7 5 4 4
> BAT1 1 6 13 8 4 1 6 1 8 13 10 13 1 7 7 13
> BAT2 13 4 13 6 7 1 13 7
< RES 1637161958 114 3
< MOVE U L
> REQ 1637161958 115 3
> VAMPIRE 1 5 2 3 0 4 0
> VAMPIRE 2 5 2 3 0 4 0
> VAMPIRE 3 5 2 2 0 4 0
> VAMPIRE 4 9 12 3 0 4 0
> GRENADE 4 7 9 1 4
> GRENADE 1 7 5 3 4
> GRENADE 2 7 5 3 4
> GRENADE 3 7 5 3 4
> BAT1 1 6 13 8 4 1 6 1 8 13 10 13 1 7 7 13
> BAT2 13 4 13 6 7 1 13 7
< RES 1637161958 115 3
< MOVE L
> REQ 1637161958 116 3
> VAMPIRE 1 5 1 3 1 4 0
> VAMPIRE 2 5 1 3 1 4 0
> VAMPIRE 3 5 1 2 1 4 0
> VAMPIRE 4 9 13 3 1 4 0
> BAT1 1 6 13 8 4 1 6 1 8 13 10 13 7 1 1 7
> BAT2 13 4 13 6 13 7
< RES 1637161958 116 3
< GRENADE
< MOVE R R
> REQ 1637161958 117 3
> VAMPIRE 1 5 3 3 0 4 0
> VAMPIRE 2 5 3 3 0 4 0
> VAMPIRE 3 5 3 2 0 4 0
> VAMPIRE 4 9 11 3 0 4 0
> GRENADE 1 5 1 5 4
> GRENADE 2 5 1 5 4
> GRENADE 3 5 1 5 4
> GRENADE 4 9 13 5 4
> BAT1 1 6 13 8 4 1 6 1 8 13 10 13 7 1 1 7
> BAT2 13 4 13 6 13 7
< RES 1637161958 117 3
< MOVE D D
> REQ 1637161958 118 3
> VAMPIRE 1 7 3 3 0 4 0
> VAMPIRE 2 7 3 3 0 4 0
> VAMPIRE 3 7 3 2 0 4 0
> VAMPIRE 4 11 11 3 0 4 0
> GRENADE 1 5 1 4 4
> GRENADE 2 5 1 4 4
> GRENADE 3 5 1 4 4
> GRENADE 4 9 13 4 4
> BAT1 1 6 13 8 4 1 6 1 8 13 10 13 7 1 1 7
> BAT2 13 4 13 6 13 7
< RES 1637161958 118 3
> REQ 1637161958 119 3
> VAMPIRE 1 7 3 3 0 4 0
> VAMPIRE 2 7 3 3 0 4 0
> VAMPIRE 3 7 3 2 0 4 0
> VAMPIRE 4 11 9 3 0 4 0
> GRENADE 1 5 1 3 4
> GRENADE 2 5 1 3 4
> GRENADE 3 5 1 3 4
> GRENADE 4 9 13 3 4
> BAT1 1 6 13 8 4 1 6 1 8 13 10 13 7 1 1 7
> BAT2 13 4 13 6 13 7
< RES 1637161958 119 3
< MOVE D D
> REQ 1637161958 120 3
> VAMPIRE 1 9 3 3 0 4 0
> VAMPIRE 2 9 3 3 0 4 0
> VAMPIRE 3 9 3 2 0 4 0
> VAMPIRE 4 11 7 3 0 4 0
> GRENADE 1 5 1 2 4
> GRENADE 2 5 1 2 4
> GRENADE 3 5 1 2 4
> GRENADE 4 9 13 2 4
> BAT1 1 6 13 8 4 1 6 1 8 13 10 13 7 1 1 7
> BAT2 13 4 13 6 13 7
< RES 1637161958 120 3
< MOVE L L
> REQ 1637161958 121 3
> VAMPIRE 1 9 1 3 0 4 0
> VAMPIRE 2 9 1 3 0 4 0
> VAMPIRE 3 9 1 2 0 4 0
> VAMPIRE 4 11 6 3 0 4 0
> GRENADE 1 5 1 1 4
> GRENADE 2 5 1 1 4
> GRENADE 3 5 1 1 4
> GRENADE 4 9 13 1 4
> BAT1 1 6 13 8 4 1 6 1 8 13 10 13 7 1 1 7
> BAT2 13 4 13 6 13 7
< RES 1637161958 121 3
< MOVE D
> REQ 1637161958 122 3
> VAMPIRE 1 10 1 3 1 4 0
> VAMPIRE 2 10 1 3 1 4 0
> VAMPIRE 3 10 1 2 1 4 0
> VAMPIRE 4 12 5 3 1 4 0
> BAT1 1 6 13 8 7 1 1 7
> BAT2 13 4 13 6 13 7
< RES 1637161958 122 3
< GRENADE
< MOVE U R
> REQ 1637161958 123 3
> VAMPIRE 1 9 2 3 0 4 0
> VAMPIRE 2 9 2 3 0 4 0
> VAMPIRE 3 9 2 2 0 4 0
> VAMPIRE 4 13 5 3 1 4 0
> GRENADE 1 10 1 5 4
> GRENADE 2 10 1 5 4
> GRENADE 3 10 1 5 4
> BAT1 1 6 13 8 7 1 1 7
> BAT2 13 4 13 6 13 7
< RES 1637161958 123 3
< MOVE R
> REQ 1637161958 124 3
> VAMPIRE 1 9 3 3 0 4 0
> VAMPIRE 2 9 3 3 0 4 0
> VAMPIRE 3 9 3 2 0 4 0
> VAMPIRE 4 11 5 3 0 4 0
> GRENADE 1 10 1 4 4
> GRENADE 2 10 1 4 4
> GRENADE 3 10 1 4 4
> GRENADE 4 13 5 5 4
> BAT1 1 6 13 8 7 1 1 7
> BAT2 13 4 13 6 13 7
< RES 1637161958 124 3
< MOVE D D
> REQ 1637161958 125 3
> VAMPIRE 1 11 3 3 0 4 0
> VAMPIRE 2 11 3 3 0 4 0
> VAMPIRE 3 11 3 2 0 4 0
> VAMPIRE 4 11 7 3 0 4 0
> GRENADE 1 10 1 3 4
> GRENADE 2 10 1 3 4
> GRENADE 3 10 1 3 4
> GRENADE 4 13 5 4 4
> BAT1 1 6 13 8 7 1 1 7
> BAT2 13 4 13 6 13 7
< RES 1637161958 125 3
> REQ 1637161958 126 3
> VAMPIRE 1 11 3 3 0 4 0
> VAMPIRE 2 11 3 3 0 4 0
> VAMPIRE 3 11 3 2 0 4 0
> VAMPIRE 4 11 7 3 0 4 0
> GRENADE 1 10 1 2 4
> GRENADE 2 10 1 2 4
> GRENADE 3 10 1 2 4
> GRENADE 4 13 5 3 4
> POWERUP GRENADE -7 10 1
> POWERUP GRENADE -7 4 13
> BAT1 1 6 13 8 7 1 1 7
> BAT2 13 4 13 6 13 7
< RES 1637161958 126 3
< MOVE U
> REQ 1637161958 127 3
> VAMPIRE 1 10 3 3 0 4 0
> VAMPIRE 2 10 3 3 0 4 0
> VAMPIRE 3 10 3 2 0 4 0
> VAMPIRE 4 11 5 3 0 4 0
> GRENADE 1 10 1 1 4
> GRENADE 2 10 1 1 4
> GRENADE 3 10 1 1 4
> GRENADE 4 13 5 2 4
> POWERUP GRENADE -6 10 1
> POWERUP GRENADE -6 4 13
> BAT1 1 6 13 8 7 1 1 7
> BAT2 13 4 13 6 13 7
< RES 1637161958 127 3
< MOVE U L
> REQ 1637161958 128 3
> VAMPIRE 1 9 2 3 1 4 0
> VAMPIRE 2 9 2 3 1 4 0
> VAMPIRE 3 9 2 2 1 4 0
> VAMPIRE 4 11 3 3 0 4 0
> GRENADE 4 13 5 1 4
> POWERUP GRENADE -5 10 1
> POWERUP GRENADE -5 4 13
> BAT1 1 6 13 8 1 7
> BAT2 13 4 13 6 13 7
< RES 1637161958 128 3
< MOVE L D
> REQ 1637161958 129 3
> VAMPIRE 1 10 1 3 1 4 0
> VAMPIRE 2 10 1 3 1 4 0
> VAMPIRE 3 10 1 2 1 4 0
> VAMPIRE 4 11 1 3 1 4 0
> POWERUP GRENADE -4 10 1
> POWERUP GRENADE -4 4 13
> BAT1 1 6 13 8 13 4 13 6 1 7
> BAT2 13 7
< RES 1637161958 129 3
< GRENADE
> REQ 1637161958 130 3
> VAMPIRE 1 10 1 3 0 4 0
> VAMPIRE 2 10 1 3 0 4 0
> VAMPIRE 3 10 1 2 0 4 0
> VAMPIRE 4 11 1 3 1 4 0
> GRENADE 1 10 1 5 4
> GRENADE 2 10 1 5 4
> GRENADE 3 10 1 5 4
> POWERUP GRENADE -3 10 1
> POWERUP GRENADE -3 4 13
> BAT1 1 6 13 8 13 4 13 6 1 7
> BAT2 13 7
< RES 1637161958 130 3
> REQ 1637161958 131 3
> VAMPIRE 1 9 2 3 0 4 0
> VAMPIRE 2 10 1 3 0 4 0
> VAMPIRE 3 10 1 2 0 4 0
> VAMPIRE 4 11 3 3 1 4 0
> GRENADE 1 10 1 4 4
> GRENADE 2 10 1 4 4
> GRENADE 3 10 1 4 4
> POWERUP GRENADE -2 10 1
> POWERUP GRENADE -2 4 13
> BAT1 1 6 13 8 13 4 13 6 1 7
> BAT2 13 7
< RES 1637161958 131 3
> REQ 1637161958 132 3
> VAMPIRE 1 8 3 3 0 4 0
> VAMPIRE 2 10 1 3 0 4 0
> VAMPIRE 3 10 1 2 0 4 0
> VAMPIRE 4 13 3 3 1 4 0
> GRENADE 1 10 1 3 4
> GRENADE 2 10 1 3 4
> GRENADE 3 10 1 3 4
> POWERUP GRENADE -1 10 1
> POWERUP GRENADE -1 4 13
> BAT1 1 6 13 8 13 4 13 6 1 7
> BAT2 13 7
< RES 1637161958 132 3
< MOVE D R
> REQ 1637161958 133 3
> VAMPIRE 1 9 4 3 0 4 0
> VAMPIRE 2 11 2 3 1 4 0
> VAMPIRE 3 11 2 2 1 4 0
> VAMPIRE 4 11 3 3 0 4 0
> GRENADE 1 10 1 2 4
> GRENADE 2 10 1 2 4
> GRENADE 3 10 1 2 4
> GRENADE 4 13 3 5 4
> POWERUP GRENADE 18 4 13
> BAT1 1 6 13 8 13 4 13 6 1 7
> BAT2 13 7
< RES 1637161958 133 3
< MOVE R U
> REQ 1637161958 134 3
> VAMPIRE 1 8 5 3 0 4 0
> VAMPIRE 2 10 3 3 1 4 0
> VAMPIRE 3 10 3 2 1 4 0
> VAMPIRE 4 11 5 3 0 4 0
> GRENADE 1 10 1 1 4
> GRENADE 2 10 1 1 4
> GRENADE 3 10 1 1 4
> GRENADE 4 13 3 4 4
> POWERUP GRENADE 17 4 13
> BAT1 1 6 13 8 13 4 13 6 1 7
> BAT2 13 7
< RES 1637161958 134 3
< GRENADE
< MOVE D R
> REQ 1637161958 135 3
> VAMPIRE 1 6 5 3 1 4 0
> VAMPIRE 2 11 4 3 1 4 0
> VAMPIRE 3 11 4 2 1 4 0
> VAMPIRE 4 11 7 3 0 4 0
> GRENADE 4 13 3 3 4
> GRENADE 2 10 3 5 4
> GRENADE 3 10 3 5 4
> POWERUP GRENADE 16 4 13
> BAT1 1 6 13 8 13 4 13 6 1 7
> BAT2 13 7
< RES 1637161958 135 3
< MOVE R R
> REQ 1637161958 136 3
> VAMPIRE 1 5 6 3 1 4 0
> VAMPIRE 2 11 6 3 1 4 0
> VAMPIRE 3 11 6 2 1 4 0
> VAMPIRE 4 11 5 3 0 4 0
> GRENADE 4 13 3 2 4
> GRENADE 2 10 3 4 4
> GRENADE 3 10 3 4 4
> POWERUP GRENADE 15 4 13
> BAT1 1 6 13 8 13 4 13 6 1 7
> BAT2 13 7
< RES 1637161958 136 3
< MOVE R
> REQ 1637161958 137 3
> VAMPIRE 1 4 7 3 1 4 0
> VAMPIRE 2 11 7 3 1 4 0
> VAMPIRE 3 11 7 2 1 4 0
> VAMPIRE 4 11 7 3 0 4 0
> GRENADE 4 13 3 1 4
> GRENADE 2 10 3 3 4
> GRENADE 3 10 3 3 4
> POWERUP GRENADE 14 4 13
> BAT1 1 6 13 8 13 4 13 6 1 7
> BAT2 13 7
< RES 1637161958 137 3
< GRENADE
< MOVE L L
> REQ 1637161958 138 3
> VAMPIRE 1 3 8 3 0 4 0
> VAMPIRE 2 11 5 3 1 4 0
> VAMPIRE 3 11 5 2 1 4 0
> VAMPIRE 4 10 7 3 1 4 0
> GRENADE 1 4 7 5 4
> GRENADE 2 11 7 5 4
> GRENADE 3 11 7 5 4
> POWERUP GRENADE 13 4 13
> BAT1 1 6 13 8 13 6 1 7
> BAT2 13 7
< RES 1637161958 138 3
< MOVE D D
> REQ 1637161958 139 3
> VAMPIRE 1 3 10 3 0 4 0
> VAMPIRE 2 13 5 3 1 4 0
> VAMPIRE 3 13 5 2 1 4 0
> VAMPIRE 4 8 7 3 1 4 0
> GRENADE 1 4 7 4 4
> GRENADE 2 11 7 4 4
> GRENADE 3 11 7 4 4
> POWERUP GRENADE 12 4 13
> BAT1 1 6 13 8 13 6 1 7
> BAT2 13 7
< RES 1637161958 139 3
< GRENADE
< MOVE U U
> REQ 1637161958 140 3
> VAMPIRE 1 3 12 3 0 4 0
> VAMPIRE 2 11 5 3 0 4 0
> VAMPIRE 3 11 5 2 0 4 0
> VAMPIRE 4 9 6 3 0 4 0
> GRENADE 1 4 7 3 4
> GRENADE 2 11 7 3 4
> GRENADE 3 11 7 3 4
> GRENADE 2 13 5 5 4
> GRENADE 3 13 5 5 4
> GRENADE 4 8 7 5 4
> POWERUP GRENADE 11 4 13
> BAT1 1 6 13 8 13 6 1 7
> BAT2 13 7
< RES 1637161958 140 3
< MOVE U U
> REQ 1637161958 141 3
> VAMPIRE 1 4 13 3 0 4 0
> VAMPIRE 2 9 5 3 0 4 0
> VAMPIRE 3 9 5 2 0 4 0
> VAMPIRE 4 9 6 3 0 4 0
> GRENADE 1 4 7 2 4
> GRENADE 2 11 7 2 4
> GRENADE 3 11 7 2 4
> GRENADE 2 13 5 4 4
> GRENADE 3 13 5 4 4
> GRENADE 4 8 7 4 4
> POWERUP GRENADE 10 4 13
> BAT1 1 6 13 8 13 6 1 7
> BAT2 13 7
< RES 1637161958 141 3
< MOVE R
> REQ 1637161958 142 3
> VAMPIRE 1 2 13 3 1 4 0
> VAMPIRE 2 9 6 3 0 4 0
> VAMPIRE 3 9 6 2 0 4 0
> VAMPIRE 4 9 6 3 0 4 0
> GRENADE 1 4 7 1 4
> GRENADE 2 11 7 1 4
> GRENADE 3 11 7 1 4
> GRENADE 2 13 5 3 4
> GRENADE 3 13 5 3 4
> GRENADE 4 8 7 3 4
> BAT1 1 6 13 8 13 6 1 7
> BAT2 13 7
< RES 1637161958 142 3
< MOVE R D
> REQ 1637161958 143 3
> VAMPIRE 1 1 12 3 2 4 0
> VAMPIRE 2 10 7 3 1 4 0
> VAMPIRE 3 10 7 2 1 4 0
> VAMPIRE 4 9 7 3 1 4 0
> GRENADE 2 13 5 2 4
> GRENADE 3 13 5 2 4
> BAT1 1 6 13 8 13 6 13 7
< RES 1637161958 143 3
< GRENADE
< MOVE D R
> REQ 1637161958 144 3
> VAMPIRE 1 1 10 3 2 4 0
> VAMPIRE 2 11 8 3 0 4 0
> VAMPIRE 3 11 8 2 0 4 0
> VAMPIRE 4 9 7 3 0 4 0
> GRENADE 2 13 5 1 4
> GRENADE 3 13 5 1 4
> GRENADE 2 10 7 5 4
> GRENADE 3 10 7 5 4
> GRENADE 4 9 7 5 4
> BAT1 1 6 13 8 13 6 13 7
< RES 1637161958 144 3
< MOVE R D
> REQ 1637161958 145 3
> VAMPIRE 1 1 8 3 1 4 0
> VAMPIRE 2 12 9 3 1 4 0
> VAMPIRE 3 12 9 2 1 4 0
> VAMPIRE 4 9 9 3 0 4 0
> GRENADE 2 10 7 4 4
> GRENADE 3 10 7 4 4
> GRENADE 4 9 7 4 4
> GRENADE 1 1 10 5 4
> BAT1 1 6 13 8 13 7
< RES 1637161958 145 3
< MOVE D R
> REQ 1637161958 146 3
> VAMPIRE 1 2 7 3 0 4 0
> VAMPIRE 2 11 9 3 1 4 0
> VAMPIRE 3 13 10 2 1 4 0
> VAMPIRE 4 11 9 3 0 4 0
> GRENADE 2 10 7 3 4
> GRENADE 3 10 7 3 4
> GRENADE 4 9 7 3 4
> GRENADE 1 1 10 4 4
> GRENADE 1 1 8 5 4
> BAT1 1 6 13 8 13 7
< RES 1637161958 146 3
< GRENADE
< MOVE L U
> REQ 1637161958 147 3
> VAMPIRE 1 3 7 3 0 4 0
> VAMPIRE 2 13 9 3 1 4 0
> VAMPIRE 3 12 9 2 0 4 0
> VAMPIRE 4 11 11 3 0 4 0
> GRENADE 2 10 7 2 4
> GRENADE 3 10 7 2 4
> GRENADE 4 9 7 2 4
> GRENADE 1 1 10 3 4
> GRENADE 1 1 8 4 4
> GRENADE 3 13 10 5 4
> BAT1 1 6 13 8 13 7
< RES 1637161958 147 3
< MOVE U
> REQ 1637161958 148 3
> VAMPIRE 1 3 7 3 0 4 0
> VAMPIRE 2 11 9 3 0 4 0
> VAMPIRE 3 11 9 2 0 4 0
> VAMPIRE 4 12 11 3 0 4 0
> GRENADE 2 10 7 1 4
> GRENADE 3 10 7 1 4
> GRENADE 4 9 7 1 4
> GRENADE 1 1 10 2 4
> GRENADE 1 1 8 3 4
> GRENADE 3 13 10 4 4
> GRENADE 2 13 9 5 4
> BAT1 1 6 13 8 13 7
< RES 1637161958 148 3
< MOVE L L
> REQ 1637161958 149 3
> VAMPIRE 1 3 7 3 0 4 0
> VAMPIRE 2 11 7 3 1 4 0
> VAMPIRE 3 11 7 2 1 4 0
> VAMPIRE 4 13 12 3 1 4 0
> GRENADE 1 1 10 1 4
> GRENADE 1 1 8 2 4
> GRENADE 3 13 10 3 4
> GRENADE 2 13 9 4 4
> BAT1 1 6 13 8
< RES 1637161958 149 3
< MOVE L L
> REQ 1637161958 150 3
> VAMPIRE 1 5 7 3 2 4 0
> VAMPIRE 2 11 5 3 1 4 0
> VAMPIRE 3 11 5 2 1 4 0
> VAMPIRE 4 12 11 3 0 4 0
> GRENADE 3 13 10 2 4
> GRENADE 2 13 9 3 4
> GRENADE 4 13 12 5 4
> BAT1 13 8
< RES 1637161958 150 3
< MOVE U U
> REQ 1637161958 151 3
> VAMPIRE 1 7 7 3 2 4 0
> VAMPIRE 2 9 5 3 1 4 0
> VAMPIRE 3 9 5 2 1 4 0
> VAMPIRE 4 11 11 3 0 4 0
> GRENADE 3 13 10 1 4
> GRENADE 2 13 9 2 4
> GRENADE 4 13 12 4 4
> BAT1 13 8
< RES 1637161958 151 3
< MOVE L L
> REQ 1637161958 152 3
> VAMPIRE 1 7 7 3 2 4 0
> VAMPIRE 2 9 3 3 2 4 0
> VAMPIRE 3 9 3 2 2 4 0
> VAMPIRE 4 11 11 3 1 4 0
< RES 1637161958 152 3
> REQ 1637161958 153 3
> VAMPIRE 1 7 7 3 2 4 0
> VAMPIRE 2 9 3 3 2 4 0
> VAMPIRE 3 9 3 2 2 4 0
> VAMPIRE 4 11 11 3 1 4 0
< RES 1637161958 153 3
> REQ 1637161958 154 3
> VAMPIRE 1 7 7 3 2 4 0
> VAMPIRE 2 9 3 3 2 4 0
> VAMPIRE 3 9 3 2 2 4 0
> VAMPIRE 4 11 11 3 1 4 0
< RES 1637161958 154 3
> REQ 1637161958 155 3
> VAMPIRE 1 7 7 3 2 4 0
> VAMPIRE 2 9 3 3 2 4 0
> VAMPIRE 3 9 3 2 2 4 0
> VAMPIRE 4 11 11 3 1 4 0
< RES 1637161958 155 3
> REQ 1637161958 156 3
> VAMPIRE 1 7 7 3 2 4 0
> VAMPIRE 2 9 3 3 2 4 0
> VAMPIRE 3 9 3 2 2 4 0
> VAMPIRE 4 11 11 3 1 4 0
< RES 1637161958 156 3
> REQ 1637161958 157 3
> VAMPIRE 1 7 7 3 2 4 0
> VAMPIRE 2 9 3 3 2 4 0
> VAMPIRE 3 9 3 2 2 4 0
> VAMPIRE 4 11 11 3 1 4 0
< RES 1637161958 157 3
> REQ 1637161958 158 3
> VAMPIRE 1 7 7 3 2 4 0
> VAMPIRE 2 9 3 3 2 4 0
> VAMPIRE 3 9 3 2 2 4 0
> VAMPIRE 4 11 11 3 1 4 0
< RES 1637161958 158 3
> REQ 1637161958 159 3
> VAMPIRE 1 7 7 3 2 4 0
> VAMPIRE 2 9 3 3 2 4 0
> VAMPIRE 3 9 3 2 2 4 0
> VAMPIRE 4 11 11 3 1 4 0
< RES 1637161958 159 3
> REQ 1637161958 160 3
> VAMPIRE 1 7 7 3 2 4 0
> VAMPIRE 2 9 3 3 2 4 0
> VAMPIRE 3 9 3 2 2 4 0
> VAMPIRE 4 11 11 3 1 4 0
< RES 1637161958 160 3
> REQ 1637161958 161 3
> VAMPIRE 1 7 7 3 2 4 0
> VAMPIRE 2 9 3 3 2 4 0
> VAMPIRE 3 9 3 2 2 4 0
> VAMPIRE 4 11 11 3 1 4 0
< RES 1637161958 161 3
> REQ 1637161958 162 3
> VAMPIRE 1 7 7 3 2 4 0
> VAMPIRE 2 9 3 3 2 4 0
> VAMPIRE 3 9 3 2 2 4 0
> VAMPIRE 4 11 11 3 1 4 0
< RES 1637161958 162 3
> REQ 1637161958 163 3
> VAMPIRE 1 7 7 3 2 4 0
> VAMPIRE 2 9 3 3 2 4 0
> VAMPIRE 3 9 3 2 2 4 0
> VAMPIRE 4 11 11 3 1 4 0
> POWERUP SHOE -5 5 7
> POWERUP SHOE -5 9 7
< RES 1637161958 163 3
< MOVE R R
> REQ 1637161958 164 3
> VAMPIRE 1 5 7 3 2 4 0
> VAMPIRE 2 9 5 3 2 4 0
> VAMPIRE 3 9 5 2 2 4 0
> VAMPIRE 4 9 11 3 1 4 0
> POWERUP SHOE -4 5 7
> POWERUP SHOE -4 9 7
< RES 1637161958 164 3
< MOVE R R
> REQ 1637161958 165 3
> VAMPIRE 1 5 7 3 2 4 0
> VAMPIRE 2 9 7 3 2 4 0
> VAMPIRE 3 9 7 2 2 4 0
> VAMPIRE 4 9 9 3 1 4 0
> POWERUP SHOE -3 5 7
> POWERUP SHOE -3 9 7
< RES 1637161958 165 3
< GRENADE
> REQ 1637161958 166 3
> VAMPIRE 1 5 7 3 2 4 0
> VAMPIRE 2 9 7 3 1 4 0
> VAMPIRE 3 9 7 2 1 4 0
> VAMPIRE 4 7 9 3 1 4 0
> GRENADE 2 9 7 5 4
> GRENADE 3 9 7 5 4
> POWERUP SHOE -2 5 7
> POWERUP SHOE -2 9 7
< RES 1637161958 166 3
> REQ 1637161958 167 3
> VAMPIRE 1 5 7 3 2 4 0
> VAMPIRE 2 9 7 3 1 4 0
> VAMPIRE 3 9 7 2 1 4 0
> VAMPIRE 4 5 9 3 1 4 0
> GRENADE 2 9 7 4 4
> GRENADE 3 9 7 4 4
> POWERUP SHOE -1 5 7
> POWERUP SHOE -1 9 7
< RES 1637161958 167 3
< MOVE D D
> REQ 1637161958 168 3
> VAMPIRE 1 3 7 3 2 4 30
> VAMPIRE 2 11 7 3 1 4 30
> VAMPIRE 3 11 7 2 1 4 30
> VAMPIRE 4 7 9 3 1 4 0
> GRENADE 2 9 7 3 4
> GRENADE 3 9 7 3 4
< RES 1637161958 168 3
< MOVE L L
> REQ 1637161958 169 3
> VAMPIRE 1 3 7 3 2 4 29
> VAMPIRE 2 11 5 3 1 4 29
> VAMPIRE 3 11 5 2 1 4 29
> VAMPIRE 4 7 11 3 1 4 0
> GRENADE 2 9 7 2 4
> GRENADE 3 9 7 2 4
< RES 1637161958 169 3
> REQ 1637161958 170 3
> VAMPIRE 1 3 9 3 2 4 28
> VAMPIRE 2 11 5 3 1 4 28
> VAMPIRE 3 11 5 2 1 4 28
> VAMPIRE 4 7 11 3 1 4 0
> GRENADE 2 9 7 1 4
> GRENADE 3 9 7 1 4
< RES 1637161958 170 3
< MOVE U U
> REQ 1637161958 171 3
> VAMPIRE 1 5 9 3 2 4 27
> VAMPIRE 2 9 5 3 2 4 27
> VAMPIRE 3 9 5 2 2 4 27
> VAMPIRE 4 9 11 3 1 4 0
< RES 1637161958 171 3
> REQ 1637161958 172 3
> VAMPIRE 1 5 7 3 2 4 26
> VAMPIRE 2 9 5 3 2 4 26
> VAMPIRE 3 9 5 2 2 4 26
> VAMPIRE 4 9 9 3 1 4 0
< RES 1637161958 172 3
> REQ 1637161958 173 3
> VAMPIRE 1 5 5 3 2 4 25
> VAMPIRE 2 9 5 3 2 4 25
> VAMPIRE 3 9 5 2 2 4 25
> VAMPIRE 4 9 11 3 1 4 0
< RES 1637161958 173 3
< MOVE U U
> REQ 1637161958 174 3
> VAMPIRE 1 5 7 3 2 4 24
> VAMPIRE 2 7 5 3 2 4 24
> VAMPIRE 3 7 5 2 2 4 24
> VAMPIRE 4 7 11 3 1 4 0
< RES 1637161958 174 3
< MOVE D D
> REQ 1637161958 175 3
> VAMPIRE 1 5 9 3 2 4 23
> VAMPIRE 2 9 5 3 2 4 23
> VAMPIRE 3 9 5 2 2 4 23
> VAMPIRE 4 7 11 3 1 4 0
< RES 1637161958 175 3
> REQ 1637161958 176 3
> VAMPIRE 1 5 7 3 2 4 22
> VAMPIRE 2 9 5 3 2 4 22
> VAMPIRE 3 9 5 2 2 4 22
> VAMPIRE 4 9 11 3 1 4 0
< RES 1637161958 176 3
> REQ 1637161958 177 3
> VAMPIRE 1 5 7 3 2 4 21
> VAMPIRE 2 9 5 3 2 4 21
> VAMPIRE 3 9 5 2 2 4 21
> VAMPIRE 4 7 11 3 1 4 0
< RES 1637161958 177 3
> REQ 1637161958 178 3
> VAMPIRE 1 5 7 3 2 4 20
> VAMPIRE 2 9 5 3 2 4 20
> VAMPIRE 3 9 5 2 2 4 20
> VAMPIRE 4 7 11 3 1 4 0
< RES 1637161958 178 3
> REQ 1637161958 179 3
> VAMPIRE 1 5 7 3 2 4 19
> VAMPIRE 2 9 5 3 2 4 19
> VAMPIRE 3 9 5 2 2 4 19
> VAMPIRE 4 7 11 3 1 4 0
> POWERUP SHOE -8 8 13
> POWERUP SHOE -8 6 1
< RES 1637161958 179 3
< MOVE R R R
> REQ 1637161958 180 3
> VAMPIRE 1 5 10 3 2 4 18
> VAMPIRE 2 9 8 3 2 4 18
> VAMPIRE 3 9 8 2 2 4 18
> VAMPIRE 4 7 13 3 1 4 0
> POWERUP SHOE -7 8 13
> POWERUP SHOE -7 6 1
< RES 1637161958 180 3
< MOVE R R R
> REQ 1637161958 181 3
> VAMPIRE 1 5 13 3 2 4 17
> VAMPIRE 2 9 11 3 2 4 17
> VAMPIRE 3 9 11 2 2 4 17
> VAMPIRE 4 8 13 3 1 4 0
> POWERUP SHOE -6 8 13
> POWERUP SHOE -6 6 1
< RES 1637161958 181 3
< MOVE R R U
> REQ 1637161958 182 3
> VAMPIRE 1 8 13 3 2 4 16
> VAMPIRE 2 8 13 3 2 4 16
> VAMPIRE 3 8 13 2 2 4 16
> VAMPIRE 4 8 13 3 1 4 0
> POWERUP SHOE -5 8 13
> POWERUP SHOE -5 6 1
< RES 1637161958 182 3
> REQ 1637161958 183 3
> VAMPIRE 1 8 13 3 2 4 15
> VAMPIRE 2 8 13 3 2 4 15
> VAMPIRE 3 8 13 2 2 4 15
> VAMPIRE 4 8 13 3 1 4 0
> POWERUP SHOE -4 8 13
> POWERUP SHOE -4 6 1
< RES 1637161958 183 3
> REQ 1637161958 184 3
> VAMPIRE 1 8 13 3 2 4 14
> VAMPIRE 2 8 13 3 2 4 14
> VAMPIRE 3 8 13 2 2 4 14
> VAMPIRE 4 8 13 3 1 4 0
> POWERUP SHOE -3 8 13
> POWERUP SHOE -3 6 1
< RES 1637161958 184 3
> REQ 1637161958 185 3
> VAMPIRE 1 8 13 3 2 4 13
> VAMPIRE 2 8 13 3 2 4 13
> VAMPIRE 3 8 13 2 2 4 13
> VAMPIRE 4 8 13 3 1 4 0
> POWERUP SHOE -2 8 13
> POWERUP SHOE -2 6 1
< RES 1637161958 185 3
> REQ 1637161958 186 3
> VAMPIRE 1 8 13 3 2 4 12
> VAMPIRE 2 8 13 3 2 4 12
> VAMPIRE 3 8 13 2 2 4 12
> VAMPIRE 4 8 13 3 1 4 0
> POWERUP SHOE -1 8 13
> POWERUP SHOE -1 6 1
< RES 1637161958 186 3
< MOVE U L L
> REQ 1637161958 187 3
> VAMPIRE 1 7 11 3 2 4 41
> VAMPIRE 2 7 11 3 2 4 41
> VAMPIRE 3 7 11 2 2 4 41
> VAMPIRE 4 7 13 3 1 4 30
> POWERUP SHOE 11 6 1
< RES 1637161958 187 3
< MOVE L L L
> REQ 1637161958 188 3
> VAMPIRE 1 7 8 3 2 4 40
> VAMPIRE 2 7 8 3 2 4 40
> VAMPIRE 3 7 8 2 2 4 40
> VAMPIRE 4 7 13 3 1 4 29
> POWERUP SHOE 10 6 1
< RES 1637161958 188 3
< MOVE L L L
> REQ 1637161958 189 3
> VAMPIRE 1 7 5 3 2 4 39
> VAMPIRE 2 7 5 3 2 4 39
> VAMPIRE 3 7 5 2 2 4 39
> VAMPIRE 4 7 11 3 1 4 28
> POWERUP SHOE 9 6 1
< RES 1637161958 189 3
< MOVE L L L
> REQ 1637161958 190 3
> VAMPIRE 1 7 2 3 2 4 38
> VAMPIRE 2 7 2 3 2 4 38
> VAMPIRE 3 7 2 2 2 4 38
> VAMPIRE 4 7 9 3 1 4 27
> POWERUP SHOE 8 6 1
< RES 1637161958 190 3
< MOVE L U
> REQ 1637161958 191 3
> VAMPIRE 1 6 1 3 2 4 37
> VAMPIRE 2 6 1 3 2 4 37
> VAMPIRE 3 6 1 2 2 4 37
> VAMPIRE 4 7 7 3 1 4 26
> POWERUP SHOE 7 6 1
< RES 1637161958 191 3
< MOVE U R R
> REQ 1637161958 192 3
> VAMPIRE 1 5 3 3 2 4 66
> VAMPIRE 2 5 3 3 2 4 66
> VAMPIRE 3 5 3 2 2 4 66
> VAMPIRE 4 7 5 3 1 4 25
< RES 1637161958 192 3
< MOVE R R
> REQ 1637161958 193 3
> VAMPIRE 1 5 5 3 2 4 65
> VAMPIRE 2 5 5 3 2 4 65
> VAMPIRE 3 5 5 2 2 4 65
> VAMPIRE 4 7 5 3 1 4 24
< RES 1637161958 193 3
> REQ 1637161958 194 3
> VAMPIRE 1 5 7 3 2 4 64
> VAMPIRE 2 5 5 3 2 4 64
> VAMPIRE 3 5 5 2 2 4 64
> VAMPIRE 4 7 7 3 1 4 23
< RES 1637161958 194 3
< MOVE D D
> REQ 1637161958 195 3
> VAMPIRE 1 5 9 3 2 4 63
> VAMPIRE 2 7 5 3 2 4 63
> VAMPIRE 3 7 5 2 2 4 63
> VAMPIRE 4 9 7 3 1 4 22
< RES 1637161958 195 3
< MOVE L L
> REQ 1637161958 196 3
> VAMPIRE 1 7 9 3 2 4 62
> VAMPIRE 2 7 3 3 2 4 62
> VAMPIRE 3 7 3 2 2 4 62
> VAMPIRE 4 9 5 3 1 4 21
< RES 1637161958 196 3
< MOVE U U
> REQ 1637161958 197 3
> VAMPIRE 1 9 9 3 2 4 61
> VAMPIRE 2 5 3 3 2 4 61
> VAMPIRE 3 5 3 2 2 4 61
> VAMPIRE 4 9 7 3 1 4 20
< RES 1637161958 197 3
< MOVE R R
> REQ 1637161958 198 3
> VAMPIRE 1 9 9 3 2 4 60
> VAMPIRE 2 5 5 3 2 4 60
> VAMPIRE 3 5 5 2 2 4 60
> VAMPIRE 4 9 9 3 1 4 19
< RES 1637161958 198 3
> REQ 1637161958 199 3
> VAMPIRE 1 7 9 3 2 4 59
> VAMPIRE 2 5 5 3 2 4 59
> VAMPIRE 3 5 5 2 2 4 59
> VAMPIRE 4 9 9 3 1 4 18
< RES 1637161958 199 3
> REQ 1637161958 200 3
> VAMPIRE 1 7 9 3 2 4 58
> VAMPIRE 2 5 5 3 2 4 58
> VAMPIRE 3 5 5 2 2 4 58
> VAMPIRE 4 9 9 3 1 4 17
< RES 1637161958 200 3
> REQ 1637161958 201 3
> VAMPIRE 1 7 9 3 2 4 57
> VAMPIRE 2 5 5 3 2 4 57
> VAMPIRE 3 5 5 2 2 4 57
> VAMPIRE 4 9 9 3 1 4 16
< RES 1637161958 201 3
> REQ 1637161958 202 3
> VAMPIRE 1 7 9 3 2 4 56
> VAMPIRE 2 5 5 3 2 4 56
> VAMPIRE 3 5 5 2 2 4 56
> VAMPIRE 4 9 9 3 1 4 15
< RES 1637161958 202 3
> REQ 1637161958 203 3
> VAMPIRE 1 7 9 3 2 4 55
> VAMPIRE 2 5 5 3 2 4 55
> VAMPIRE 3 5 5 2 2 4 55
> VAMPIRE 4 9 9 3 1 4 14
< RES 1637161958 203 3
> REQ 1637161958 204 3
> VAMPIRE 1 7 9 3 2 4 54
> VAMPIRE 2 5 5 3 2 4 54
> VAMPIRE 3 5 5 2 2 4 54
> VAMPIRE 4 9 9 3 1 4 13
< RES 1637161958 204 3
> REQ 1637161958 205 3
> VAMPIRE 1 7 9 3 2 4 53
> VAMPIRE 2 5 5 3 2 4 53
> VAMPIRE 3 5 5 2 2 4 53
> VAMPIRE 4 9 9 3 1 4 12
< RES 1637161958 205 3
> REQ 1637161958 206 3
> VAMPIRE 1 7 9 3 2 4 52
> VAMPIRE 2 5 5 3 2 4 52
> VAMPIRE 3 5 5 2 2 4 52
> VAMPIRE 4 9 9 3 1 4 11
< RES 1637161958 206 3
> REQ 1637161958 207 3
> VAMPIRE 1 7 9 3 2 4 51
> VAMPIRE 2 5 5 3 2 4 51
> VAMPIRE 3 5 5 2 2 4 51
> VAMPIRE 4 9 9 3 1 4 10
< RES 1637161958 207 3
> REQ 1637161958 208 3
> VAMPIRE 1 7 9 3 2 4 50
> VAMPIRE 2 5 5 3 2 4 50
> VAMPIRE 3 5 5 2 2 4 50
> VAMPIRE 4 9 9 3 1 4 9
< RES 1637161958 208 3
> REQ 1637161958 209 3
> VAMPIRE 1 7 9 3 2 4 49
> VAMPIRE 2 5 5 3 2 4 49
> VAMPIRE 3 5 5 2 2 4 49
> VAMPIRE 4 9 9 3 1 4 8
> POWERUP SHOE -4 9 4
> POWERUP SHOE -4 5 10
< RES 1637161958 209 3
< MOVE D D D
> REQ 1637161958 210 3
> VAMPIRE 1 5 10 3 2 4 48
> VAMPIRE 2 8 5 3 2 4 48
> VAMPIRE 3 8 5 2 2 4 48
> VAMPIRE 4 9 6 3 1 4 7
> POWERUP SHOE -3 9 4
> POWERUP SHOE -3 5 10
< RES 1637161958 210 3
< MOVE D L
> REQ 1637161958 211 3
> VAMPIRE 1 5 10 3 2 4 47
> VAMPIRE 2 9 4 3 2 4 47
> VAMPIRE 3 9 4 2 2 4 47
> VAMPIRE 4 9 4 3 1 4 6
> POWERUP SHOE -2 9 4
> POWERUP SHOE -2 5 10
< RES 1637161958 211 3
> REQ 1637161958 212 3
> VAMPIRE 1 5 10 3 2 4 46
> VAMPIRE 2 9 4 3 2 4 46
> VAMPIRE 3 9 4 2 2 4 46
> VAMPIRE 4 9 4 3 1 4 5
> POWERUP SHOE -1 9 4
> POWERUP SHOE -1 5 10
< RES 1637161958 212 3
< MOVE R
> REQ 1637161958 213 3
> VAMPIRE 1 7 9 3 2 4 75
> VAMPIRE 2 9 5 3 2 4 75
> VAMPIRE 3 9 5 2 2 4 75
> VAMPIRE 4 9 5 3 1 4 34
< RES 1637161958 213 3
> REQ 1637161958 214 3
> VAMPIRE 1 7 7 3 2 4 74
> VAMPIRE 2 9 5 3 2 4 74
> VAMPIRE 3 9 5 2 2 4 74
> VAMPIRE 4 9 5 3 1 4 33
< RES 1637161958 214 3
> REQ 1637161958 215 3
> VAMPIRE 1 7 7 3 2 4 73
> VAMPIRE 2 9 5 3 2 4 73
> VAMPIRE 3 9 5 2 2 4 73
> VAMPIRE 4 9 5 3 1 4 32
< RES 1637161958 215 3
> REQ 1637161958 216 3
> VAMPIRE 1 7 7 3 2 4 72
> VAMPIRE 2 9 5 3 2 4 72
> VAMPIRE 3 9 5 2 2 4 72
> VAMPIRE 4 9 5 3 1 4 31
< RES 1637161958 216 3
> REQ 1637161958 217 3
> VAMPIRE 1 7 7 3 2 4 71
> VAMPIRE 2 9 5 3 2 4 71
> VAMPIRE 3 9 5 2 2 4 71
> VAMPIRE 4 9 5 3 1 4 30
< RES 1637161958 217 3
> REQ 1637161958 218 3
> VAMPIRE 1 7 7 3 2 4 70
> VAMPIRE 2 9 5 3 2 4 70
> VAMPIRE 3 9 5 2 2 4 70
> VAMPIRE 4 9 5 3 1 4 29
< RES 1637161958 218 3
> REQ 1637161958 219 3
> VAMPIRE 1 7 7 3 2 4 69
> VAMPIRE 2 9 5 3 2 4 69
> VAMPIRE 3 9 5 2 2 4 69
> VAMPIRE 4 9 5 3 1 4 28
< RES 1637161958 219 3
> REQ 1637161958 220 3
> VAMPIRE 1 7 7 3 2 4 68
> VAMPIRE 2 9 5 3 2 4 68
> VAMPIRE 3 9 5 2 2 4 68
> VAMPIRE 4 9 5 3 1 4 27
< RES 1637161958 220 3
> REQ 1637161958 221 3
> VAMPIRE 1 7 7 3 2 4 67
> VAMPIRE 2 9 5 3 2 4 67
> VAMPIRE 3 9 5 2 2 4 67
> VAMPIRE 4 9 5 3 1 4 26
< RES 1637161958 221 3
> REQ 1637161958 222 3
> VAMPIRE 1 7 7 3 2 4 66
> VAMPIRE 2 9 5 3 2 4 66
> VAMPIRE 3 9 5 2 2 4 66
> VAMPIRE 4 9 5 3 1 4 25
< RES 1637161958 222 3
> REQ 1637161958 223 3
> VAMPIRE 1 7 7 3 2 4 65
> VAMPIRE 2 9 5 3 2 4 65
> VAMPIRE 3 9 5 2 2 4 65
> VAMPIRE 4 9 5 3 1 4 24
< RES 1637161958 223 3
> REQ 1637161958 224 3
> VAMPIRE 1 7 7 3 2 4 64
> VAMPIRE 2 9 5 3 2 4 64
> VAMPIRE 3 9 5 2 2 4 64
> VAMPIRE 4 9 5 3 1 4 23
< RES 1637161958 224 3
> REQ 1637161958 225 3
> VAMPIRE 1 7 7 3 2 4 63
> VAMPIRE 2 9 5 3 2 4 63
> VAMPIRE 3 9 5 2 2 4 63
> VAMPIRE 4 9 5 3 1 4 22
< RES 1637161958 225 3
> REQ 1637161958 226 3
> VAMPIRE 1 7 7 3 2 4 62
> VAMPIRE 2 9 5 3 2 4 62
> VAMPIRE 3 9 5 2 2 4 62
> VAMPIRE 4 9 5 3 1 4 21
< RES 1637161958 226 3
> REQ 1637161958 227 3
> VAMPIRE 1 7 7 3 2 4 61
> VAMPIRE 2 9 5 3 2 4 61
> VAMPIRE 3 9 5 2 2 4 61
> VAMPIRE 4 9 5 3 1 4 20
< RES 1637161958 227 3
> REQ 1637161958 228 3
> VAMPIRE 1 7 7 3 2 4 60
> VAMPIRE 2 9 5 3 2 4 60
> VAMPIRE 3 9 5 2 2 4 60
> VAMPIRE 4 9 5 3 1 4 19
< RES 1637161958 228 3
> REQ 1637161958 229 3
> VAMPIRE 1 7 7 3 2 4 59
> VAMPIRE 2 9 5 3 2 4 59
> VAMPIRE 3 9 5 2 2 4 59
> VAMPIRE 4 9 5 3 1 4 18
< RES 1637161958 229 3
> REQ 1637161958 230 3
> VAMPIRE 1 7 7 3 2 4 58
> VAMPIRE 2 9 5 3 2 4 58
> VAMPIRE 3 9 5 2 2 4 58
> VAMPIRE 4 9 5 3 1 4 17
< RES 1637161958 230 3
> REQ 1637161958 231 3
> VAMPIRE 1 7 7 3 2 4 57
> VAMPIRE 2 9 5 3 2 4 57
> VAMPIRE 3 9 5 2 2 4 57
> VAMPIRE 4 9 5 3 1 4 16
< RES 1637161958 231 3
> REQ 1637161958 232 3
> VAMPIRE 1 7 7 3 2 4 56
> VAMPIRE 2 9 5 3 2 4 56
> VAMPIRE 3 9 5 2 2 4 56
> VAMPIRE 4 9 5 3 1 4 15
< RES 1637161958 232 3
> REQ 1637161958 233 3
> VAMPIRE 1 7 7 3 2 4 55
> VAMPIRE 2 9 5 3 2 4 55
> VAMPIRE 3 9 5 2 2 4 55
> VAMPIRE 4 9 5 3 1 4 14
< RES 1637161958 233 3
> REQ 1637161958 234 3
> VAMPIRE 1 7 7 3 2 4 54
> VAMPIRE 2 9 5 3 2 4 54
> VAMPIRE 3 9 5 2 2 4 54
> VAMPIRE 4 9 5 3 1 4 13
> POWERUP GRENADE -7 5 4
> POWERUP GRENADE -7 9 10
< RES 1637161958 234 3
< MOVE U U U
> REQ 1637161958 235 3
> VAMPIRE 1 5 6 3 2 4 53
> VAMPIRE 2 6 5 3 2 4 53
> VAMPIRE 3 6 5 2 2 4 53
> VAMPIRE 4 6 5 3 1 4 12
> POWERUP GRENADE -6 5 4
> POWERUP GRENADE -6 9 10
< RES 1637161958 235 3
< MOVE D L
> REQ 1637161958 236 3
> VAMPIRE 1 5 4 3 2 4 52
> VAMPIRE 2 5 4 3 2 4 52
> VAMPIRE 3 7 4 2 2 4 52
> VAMPIRE 4 5 4 3 1 4 11
> POWERUP GRENADE -5 5 4
> POWERUP GRENADE -5 9 10
< RES 1637161958 236 3
< MOVE R R R
> REQ 1637161958 237 3
> VAMPIRE 1 5 4 3 2 4 51
> VAMPIRE 2 5 4 3 2 4 51
> VAMPIRE 3 7 7 2 2 4 51
> VAMPIRE 4 5 4 3 1 4 10
> POWERUP GRENADE -4 5 4
> POWERUP GRENADE -4 9 10
< RES 1637161958 237 3
< MOVE R R D
> REQ 1637161958 238 3
> VAMPIRE 1 5 4 3 2 4 50
> VAMPIRE 2 5 4 3 2 4 50
> VAMPIRE 3 8 9 2 2 4 50
> VAMPIRE 4 5 4 3 1 4 9
> POWERUP GRENADE -3 5 4
> POWERUP GRENADE -3 9 10
< RES 1637161958 238 3
< MOVE D R
> REQ 1637161958 239 3
> VAMPIRE 1 5 4 3 2 4 49
> VAMPIRE 2 5 4 3 2 4 49
> VAMPIRE 3 9 10 2 2 4 49
> VAMPIRE 4 5 4 3 1 4 8
> POWERUP GRENADE -2 5 4
> POWERUP GRENADE -2 9 10
< RES 1637161958 239 3
> REQ 1637161958 240 3
> VAMPIRE 1 5 4 3 2 4 48
> VAMPIRE 2 5 4 3 2 4 48
> VAMPIRE 3 9 10 2 2 4 48
> VAMPIRE 4 5 4 3 1 4 7
> POWERUP GRENADE -1 5 4
> POWERUP GRENADE -1 9 10
< RES 1637161958 240 3
< MOVE L U U
> REQ 1637161958 241 3
> VAMPIRE 1 5 7 3 3 4 47
> VAMPIRE 2 5 5 3 3 4 47
> VAMPIRE 3 7 9 2 3 4 47
> VAMPIRE 4 5 5 3 2 4 6
< RES 1637161958 241 3
< MOVE L L
> REQ 1637161958 242 3
> VAMPIRE 1 7 7 3 3 4 46
> VAMPIRE 2 5 7 3 3 4 46
> VAMPIRE 3 7 7 2 3 4 46
> VAMPIRE 4 7 5 3 2 4 5
< RES 1637161958 242 3
< MOVE R R
> REQ 1637161958 243 3
> VAMPIRE 1 7 9 3 3 4 45
> VAMPIRE 2 5 9 3 3 4 45
> VAMPIRE 3 7 9 2 3 4 45
> VAMPIRE 4 9 5 3 2 4 4
< RES 1637161958 243 3
< MOVE U U
> REQ 1637161958 244 3
> VAMPIRE 1 5 9 3 3 4 44
> VAMPIRE 2 5 9 3 3 4 44
> VAMPIRE 3 5 9 2 3 4 44
> VAMPIRE 4 7 5 3 2 4 3
< RES 1637161958 244 3
> REQ 1637161958 245 3
> VAMPIRE 1 7 9 3 3 4 43
> VAMPIRE 2 5 9 3 3 4 43
> VAMPIRE 3 5 9 2 3 4 43
> VAMPIRE 4 7 7 3 2 4 2
< RES 1637161958 245 3
< MOVE L L
> REQ 1637161958 246 3
> VAMPIRE 1 9 9 3 3 4 42
> VAMPIRE 2 5 7 3 3 4 42
> VAMPIRE 3 5 7 2 3 4 42
> VAMPIRE 4 7 5 3 2 4 1
< RES 1637161958 246 3
< MOVE U U
> REQ 1637161958 247 3
> VAMPIRE 1 9 7 3 3 4 41
> VAMPIRE 2 3 7 3 3 4 41
> VAMPIRE 3 3 7 2 3 4 41
> VAMPIRE 4 7 3 3 2 4 0
< RES 1637161958 247 3
< MOVE R R
> REQ 1637161958 248 3
> VAMPIRE 1 9 5 3 3 4 40
> VAMPIRE 2 3 9 3 3 4 40
> VAMPIRE 3 3 9 2 3 4 40
> VAMPIRE 4 9 3 3 2 4 0
< RES 1637161958 248 3
< MOVE D D
> REQ 1637161958 249 3
> VAMPIRE 1 9 5 3 3 4 39
> VAMPIRE 2 5 9 3 3 4 39
> VAMPIRE 3 5 9 2 3 4 39
> VAMPIRE 4 7 3 3 2 4 0
< RES 1637161958 249 3
> REQ 1637161958 250 3
> VAMPIRE 1 9 7 3 3 4 38
> VAMPIRE 2 5 9 3 3 4 38
> VAMPIRE 3 5 9 2 3 4 38
> VAMPIRE 4 5 3 3 2 4 0
< RES 1637161958 250 3
> REQ 1637161958 251 3
> VAMPIRE 1 9 7 3 3 4 37
> VAMPIRE 2 5 9 3 3 4 37
> VAMPIRE 3 5 9 2 3 4 37
> VAMPIRE 4 7 3 3 2 4 0
< RES 1637161958 251 3
> REQ 1637161958 252 3
> VAMPIRE 1 9 7 3 3 4 36
> VAMPIRE 2 5 9 3 3 4 36
> VAMPIRE 3 5 9 2 3 4 36
> VAMPIRE 4 7 3 3 2 4 0
< RES 1637161958 252 3
> REQ 1637161958 253 3
> VAMPIRE 1 9 7 3 3 4 35
> VAMPIRE 2 5 9 3 3 4 35
> VAMPIRE 3 5 9 2 3 4 35
> VAMPIRE 4 7 3 3 2 4 0
< RES 1637161958 253 3
> REQ 1637161958 254 3
> VAMPIRE 1 9 7 3 3 4 34
> VAMPIRE 2 5 9 3 3 4 34
> VAMPIRE 3 5 9 2 3 4 34
> VAMPIRE 4 7 3 3 2 4 0
> POWERUP GRENADE -7 13 12
> POWERUP GRENADE -7 1 2
< RES 1637161958 254 3
< MOVE U U U
> REQ 1637161958 255 3
> VAMPIRE 1 9 10 3 3 4 33
> VAMPIRE 2 2 9 3 3 4 33
> VAMPIRE 3 2 9 2 3 4 33
> VAMPIRE 4 5 3 3 2 4 0
> POWERUP GRENADE -6 13 12
> POWERUP GRENADE -6 1 2
< RES 1637161958 255 3
< MOVE U L L
> REQ 1637161958 256 3
> VAMPIRE 1 11 11 3 3 4 32
> VAMPIRE 2 1 7 3 3 4 32
> VAMPIRE 3 1 7 2 3 4 32
> VAMPIRE 4 3 3 3 2 4 0
> POWERUP GRENADE -5 13 12
> POWERUP GRENADE -5 1 2
< RES 1637161958 256 3
< MOVE L L L
> REQ 1637161958 257 3
> VAMPIRE 1 13 12 3 3 4 31
> VAMPIRE 2 1 4 3 3 4 31
> VAMPIRE 3 1 4 2 3 4 31
> VAMPIRE 4 1 3 3 2 4 0
> POWERUP GRENADE -4 13 12
> POWERUP GRENADE -4 1 2
< RES 1637161958 257 3
< MOVE R
> REQ 1637161958 258 3
> VAMPIRE 1 13 12 3 3 4 30
> VAMPIRE 2 1 5 3 3 4 30
> VAMPIRE 3 1 5 2 3 4 30
> VAMPIRE 4 1 5 3 1 4 0
> GRENADE 4 1 3 5 4
> POWERUP GRENADE -3 13 12
> POWERUP GRENADE -3 1 2
< RES 1637161958 258 3
< MOVE D D L
> REQ 1637161958 259 3
> VAMPIRE 1 13 12 3 3 4 29
> VAMPIRE 2 3 4 3 3 4 29
> VAMPIRE 3 3 4 2 3 4 29
> VAMPIRE 4 1 4 3 1 4 0
> GRENADE 4 1 3 4 4
> POWERUP GRENADE -2 13 12
> POWERUP GRENADE -2 1 2
< RES 1637161958 259 3
< MOVE L L L
> REQ 1637161958 260 3
> VAMPIRE 1 13 12 3 3 4 28
> VAMPIRE 2 3 1 3 3 4 28
> VAMPIRE 3 3 1 2 3 4 28
> VAMPIRE 4 1 4 3 1 4 0
> GRENADE 4 1 3 3 4
> POWERUP GRENADE -1 13 12
> POWERUP GRENADE -1 1 2
< RES 1637161958 260 3
< MOVE U U R
> REQ 1637161958 261 3
> VAMPIRE 1 11 11 3 4 4 27
> VAMPIRE 2 1 2 3 3 4 27
> VAMPIRE 3 1 2 2 3 4 27
> VAMPIRE 4 2 5 3 1 4 0
> GRENADE 4 1 3 2 4
> POWERUP GRENADE 16 1 2
< RES 1637161958 261 3
> REQ 1637161958 262 3
> VAMPIRE 1 11 9 3 4 4 26
> VAMPIRE 2 1 2 3 4 4 26
> VAMPIRE 3 1 2 2 4 4 26
> VAMPIRE 4 3 5 3 1 4 0
> GRENADE 4 1 3 1 4
< RES 1637161958 262 3
> REQ 1637161958 263 3
> VAMPIRE 1 9 9 3 4 4 25
> VAMPIRE 2 1 2 2 4 4 25
> VAMPIRE 3 1 2 1 4 4 25
> VAMPIRE 4 3 7 3 2 4 0
< RES 1637161958 263 3
< MOVE R D D
> REQ 1637161958 264 3
> VAMPIRE 1 7 9 3 4 4 24
> VAMPIRE 2 3 3 2 4 4 24
> VAMPIRE 3 3 3 1 4 4 24
> VAMPIRE 4 3 9 3 2 4 0
< RES 1637161958 264 3
< MOVE D D
> REQ 1637161958 265 3
> VAMPIRE 1 7 7 3 4 4 23
> VAMPIRE 2 5 3 2 4 4 23
> VAMPIRE 3 5 3 1 4 4 23
> VAMPIRE 4 3 9 3 2 4 0
< RES 1637161958 265 3
< MOVE D D
> REQ 1637161958 266 3
> VAMPIRE 1 7 5 3 4 4 22
> VAMPIRE 2 7 3 2 4 4 22
> VAMPIRE 3 7 3 1 4 4 22
> VAMPIRE 4 3 9 3 2 4 0
< RES 1637161958 266 3
< MOVE R R
> REQ 1637161958 267 3
> VAMPIRE 1 7 7 3 4 4 21
> VAMPIRE 2 7 5 2 4 4 21
> VAMPIRE 3 7 5 1 4 4 21
> VAMPIRE 4 5 9 3 2 4 0
< RES 1637161958 267 3
< MOVE D D
> REQ 1637161958 268 3
> VAMPIRE 1 7 7 3 4 4 20
> VAMPIRE 2 9 5 2 4 4 20
> VAMPIRE 3 9 5 1 4 4 20
> VAMPIRE 4 5 11 3 2 4 0
< RES 1637161958 268 3
> REQ 1637161958 269 3
> VAMPIRE 1 7 9 3 4 4 19
> VAMPIRE 2 9 5 2 4 4 19
> VAMPIRE 3 9 5 1 4 4 19
> VAMPIRE 4 7 11 3 2 4 0
< RES 1637161958 269 3
< MOVE U U
> REQ 1637161958 270 3
> VAMPIRE 1 5 9 3 4 4 18
> VAMPIRE 2 7 5 2 4 4 18
> VAMPIRE 3 7 5 1 4 4 18
> VAMPIRE 4 5 11 3 2 4 0
< RES 1637161958 270 3
< MOVE D D
> REQ 1637161958 271 3
> VAMPIRE 1 7 9 3 4 4 17
> VAMPIRE 2 9 5 2 4 4 17
> VAMPIRE 3 9 5 1 4 4 17
> VAMPIRE 4 7 11 3 2 4 0
< RES 1637161958 271 3
< MOVE U U
> REQ 1637161958 272 3
> VAMPIRE 1 5 9 3 4 4 16
> VAMPIRE 2 7 5 2 4 4 16
> VAMPIRE 3 7 5 1 4 4 16
> VAMPIRE 4 5 11 3 2 4 0
< RES 1637161958 272 3
< MOVE D D
> REQ 1637161958 273 3
> VAMPIRE 1 7 9 3 4 4 15
> VAMPIRE 2 9 5 2 4 4 15
> VAMPIRE 3 9 5 1 4 4 15
> VAMPIRE 4 7 11 3 2 4 0
< RES 1637161958 273 3
< MOVE U U
> REQ 1637161958 274 3
> VAMPIRE 1 5 9 3 4 4 14
> VAMPIRE 2 7 5 2 4 4 14
> VAMPIRE 3 7 5 1 4 4 14
> VAMPIRE 4 5 11 3 2 4 0
< RES 1637161958 274 3
< MOVE D D
> REQ 1637161958 275 3
> VAMPIRE 1 7 9 3 4 4 13
> VAMPIRE 2 9 5 2 4 4 13
> VAMPIRE 3 9 5 1 4 4 13
> VAMPIRE 4 7 11 3 2 4 0
< RES 1637161958 275 3
< MOVE U U
> REQ 1637161958 276 3
> VAMPIRE 1 5 9 3 4 4 12
> VAMPIRE 2 7 5 2 4 4 12
> VAMPIRE 3 7 5 1 4 4 12
> VAMPIRE 4 5 11 3 2 4 0
< RES 1637161958 276 3
< MOVE D D
> REQ 1637161958 277 3
> VAMPIRE 1 7 9 3 4 4 11
> VAMPIRE 2 9 5 2 4 4 11
> VAMPIRE 3 9 5 1 4 4 11
> VAMPIRE 4 7 11 3 2 4 0
< RES 1637161958 277 3
< MOVE U U
> REQ 1637161958 278 3
> VAMPIRE 1 5 9 3 4 4 10
> VAMPIRE 2 7 5 2 4 4 10
> VAMPIRE 3 7 5 1 4 4 10
> VAMPIRE 4 5 11 3 2 4 0
< RES 1637161958 278 3
< MOVE D D
> REQ 1637161958 279 3
> VAMPIRE 1 7 9 3 4 4 9
> VAMPIRE 2 9 5 2 4 4 9
> VAMPIRE 3 9 5 1 4 4 9
> VAMPIRE 4 7 11 3 2 4 0
< RES 1637161958 279 3
< MOVE U U
> REQ 1637161958 280 3
> VAMPIRE 1 5 9 3 4 4 8
> VAMPIRE 2 7 5 2 4 4 8
> VAMPIRE 3 7 5 1 4 4 8
> VAMPIRE 4 5 11 3 2 4 0
< RES 1637161958 280 3
< MOVE D D
> REQ 1637161958 281 3
> VAMPIRE 1 7 9 3 4 4 7
> VAMPIRE 2 9 5 2 4 4 7
> VAMPIRE 3 9 5 1 4 4 7
> VAMPIRE 4 7 11 3 2 4 0
< RES 1637161958 281 3
< MOVE U U
> REQ 1637161958 282 3
> VAMPIRE 1 5 9 3 4 4 6
> VAMPIRE 2 7 5 2 4 4 6
> VAMPIRE 3 7 5 1 4 4 6
> VAMPIRE 4 5 11 3 2 4 0
< RES 1637161958 282 3
< MOVE D D
> REQ 1637161958 283 3
> VAMPIRE 1 7 9 3 4 4 5
> VAMPIRE 2 9 5 2 4 4 5
> VAMPIRE 3 9 5 1 4 4 5
> VAMPIRE 4 7 11 3 2 4 0
> POWERUP GRENADE -9 1 4
> POWERUP GRENADE -9 13 10
< RES 1637161958 283 3
< MOVE U U U
> REQ 1637161958 284 3
> VAMPIRE 1 10 9 3 4 4 4
> VAMPIRE 2 6 5 2 4 4 4
> VAMPIRE 3 6 5 1 4 4 4
> VAMPIRE 4 9 11 3 2 4 0
> POWERUP GRENADE -8 1 4
> POWERUP GRENADE -8 13 10
< RES 1637161958 284 3
< MOVE U U U
> REQ 1637161958 285 3
> VAMPIRE 1 13 9 3 4 4 3
> VAMPIRE 2 3 5 2 4 4 3
> VAMPIRE 3 3 5 1 4 4 3
> VAMPIRE 4 11 11 3 2 4 0
> POWERUP GRENADE -7 1 4
> POWERUP GRENADE -7 13 10
< RES 1637161958 285 3
< MOVE U U L
> REQ 1637161958 286 3
> VAMPIRE 1 13 10 3 4 4 2
> VAMPIRE 2 1 4 2 4 4 2
> VAMPIRE 3 1 4 1 4 4 2
> VAMPIRE 4 13 11 3 2 4 0
> POWERUP GRENADE -6 1 4
> POWERUP GRENADE -6 13 10
< RES 1637161958 286 3
> REQ 1637161958 287 3
> VAMPIRE 1 13 10 3 3 4 1
> VAMPIRE 2 1 4 2 4 4 1
> VAMPIRE 3 1 4 1 4 4 1
> VAMPIRE 4 13 11 3 1 4 0
> GRENADE 1 13 10 5 4
> GRENADE 4 13 11 5 4
> POWERUP GRENADE -5 1 4
> POWERUP GRENADE -5 13 10
< RES 1637161958 287 3
> REQ 1637161958 288 3
> VAMPIRE 1 13 10 3 2 4 0
> VAMPIRE 2 1 4 2 4 4 0
> VAMPIRE 3 1 4 1 4 4 0
> VAMPIRE 4 11 11 3 1 4 0
> GRENADE 1 13 10 4 4
> GRENADE 4 13 11 4 4
> GRENADE 1 13 10 5 4
> POWERUP GRENADE -4 1 4
> POWERUP GRENADE -4 13 10
< RES 1637161958 288 3
> REQ 1637161958 289 3
> VAMPIRE 1 13 10 3 1 4 0
> VAMPIRE 2 1 4 2 4 4 0
> VAMPIRE 3 1 4 1 4 4 0
> VAMPIRE 4 11 9 3 1 4 0
> GRENADE 1 13 10 3 4
> GRENADE 4 13 11 3 4
> GRENADE 1 13 10 4 4
> GRENADE 1 13 10 5 4
> POWERUP GRENADE -3 1 4
> POWERUP GRENADE -3 13 10
< RES 1637161958 289 3
> REQ 1637161958 290 3
> VAMPIRE 1 13 10 3 0 4 0
> VAMPIRE 2 1 4 2 4 4 0
> VAMPIRE 3 1 4 1 4 4 0
> VAMPIRE 4 9 9 3 1 4 0
> GRENADE 1 13 10 2 4
> GRENADE 4 13 11 2 4
> GRENADE 1 13 10 3 4
> GRENADE 1 13 10 4 4
> GRENADE 1 13 10 5 4
> POWERUP GRENADE -2 1 4
> POWERUP GRENADE -2 13 10
< RES 1637161958 290 3
> REQ 1637161958 291 3
> VAMPIRE 1 12 9 3 0 4 0
> VAMPIRE 2 1 4 2 4 4 0
> VAMPIRE 3 1 4 1 4 4 0
> VAMPIRE 4 10 9 3 1 4 0
> GRENADE 1 13 10 1 4
> GRENADE 4 13 11 1 4
> GRENADE 1 13 10 2 4
> GRENADE 1 13 10 3 4
> GRENADE 1 13 10 4 4
> POWERUP GRENADE -1 1 4
> POWERUP GRENADE -1 13 10
< RES 1637161958 291 3
< MOVE L
> REQ 1637161958 292 3
> VAMPIRE 1 12 9 3 4 4 0
> VAMPIRE 2 1 3 2 5 4 0
> VAMPIRE 3 1 3 1 5 4 0
> VAMPIRE 4 12 9 3 2 4 0
> POWERUP GRENADE 16 13 10
< RES 1637161958 292 3
< MOVE D D
> REQ 1637161958 293 3
> VAMPIRE 1 13 10 3 4 4 0
> VAMPIRE 2 3 3 2 5 4 0
> VAMPIRE 3 3 3 1 5 4 0
> VAMPIRE 4 13 10 3 2 4 0
> POWERUP GRENADE 15 13 10
< RES 1637161958 293 3
< MOVE R R
> REQ 1637161958 294 3
> VAMPIRE 1 13 9 3 5 4 0
> VAMPIRE 2 3 5 2 5 4 0
> VAMPIRE 3 3 5 1 5 4 0
> VAMPIRE 4 13 9 3 3 4 0
< RES 1637161958 294 3
< MOVE D D
> REQ 1637161958 295 3
> VAMPIRE 1 11 9 3 5 4 0
> VAMPIRE 2 5 5 2 5 4 0
> VAMPIRE 3 5 5 1 5 4 0
> VAMPIRE 4 11 9 3 3 4 0
< RES 1637161958 295 3
< MOVE R R
> REQ 1637161958 296 3
> VAMPIRE 1 9 9 3 5 4 0
> VAMPIRE 2 5 7 2 5 4 0
> VAMPIRE 3 5 7 1 5 4 0
> VAMPIRE 4 9 9 3 3 4 0
< RES 1637161958 296 3
< MOVE L L
> REQ 1637161958 297 3
> VAMPIRE 1 9 7 3 5 4 0
> VAMPIRE 2 5 5 2 5 4 0
> VAMPIRE 3 5 5 1 5 4 0
> VAMPIRE 4 9 7 3 3 4 0
< RES 1637161958 297 3
< MOVE R R
> REQ 1637161958 298 3
> VAMPIRE 1 9 9 3 5 4 0
> VAMPIRE 2 5 7 2 5 4 0
> VAMPIRE 3 5 7 1 5 4 0
> VAMPIRE 4 9 9 3 3 4 0
< RES 1637161958 298 3
< MOVE L L
> REQ 1637161958 299 3
> VAMPIRE 1 9 7 3 5 4 0
> VAMPIRE 2 5 5 2 5 4 0
> VAMPIRE 3 5 5 1 5 4 0
> VAMPIRE 4 9 7 3 3 4 0
< RES 1637161958 299 3
< MOVE R R
> REQ 1637161958 300 3
> VAMPIRE 1 9 9 3 5 4 0
> VAMPIRE 2 5 7 2 5 4 0
> VAMPIRE 3 5 7 1 5 4 0
> VAMPIRE 4 9 9 3 3 4 0
< RES 1637161958 300 3
< MOVE L L
> REQ 1637161958 301 3
> VAMPIRE 1 9 7 3 5 4 0
> VAMPIRE 2 5 5 2 5 4 0
> VAMPIRE 3 5 5 1 5 4 0
> VAMPIRE 4 9 7 3 3 4 0
< RES 1637161958 301 3
< MOVE R R
> REQ 1637161958 302 3
> VAMPIRE 1 9 9 3 5 4 0
> VAMPIRE 2 5 7 2 5 4 0
> VAMPIRE 3 5 7 1 5 4 0
> VAMPIRE 4 9 9 3 3 4 0
< RES 1637161958 302 3
< MOVE L L
> REQ 1637161958 303 3
> VAMPIRE 1 9 7 3 5 4 0
> VAMPIRE 2 5 5 2 5 4 0
> VAMPIRE 3 5 5 1 5 4 0
> VAMPIRE 4 9 7 3 3 4 0
< RES 1637161958 303 3
< MOVE R R
> REQ 1637161958 304 3
> VAMPIRE 1 9 9 3 5 4 0
> VAMPIRE 2 5 7 2 5 4 0
> VAMPIRE 3 5 7 1 5 4 0
> VAMPIRE 4 9 9 3 3 4 0
< RES 1637161958 304 3
< MOVE L L
> REQ 1637161958 305 3
> VAMPIRE 1 9 7 3 5 4 0
> VAMPIRE 2 5 5 2 5 4 0
> VAMPIRE 3 5 5 1 5 4 0
> VAMPIRE 4 9 7 3 3 4 0
< RES 1637161958 305 3
< MOVE R R
> REQ 1637161958 306 3
> VAMPIRE 1 9 9 3 5 4 0
> VAMPIRE 2 5 7 2 5 4 0
> VAMPIRE 3 5 7 1 5 4 0
> VAMPIRE 4 9 9 3 3 4 0
< RES 1637161958 306 3
< MOVE L L
> REQ 1637161958 307 3
> VAMPIRE 1 9 7 3 5 4 0
> VAMPIRE 2 5 5 2 5 4 0
> VAMPIRE 3 5 5 1 5 4 0
> VAMPIRE 4 9 7 3 3 4 0
< RES 1637161958 307 3
< MOVE R R
> REQ 1637161958 308 3
> VAMPIRE 1 9 9 3 5 4 0
> VAMPIRE 2 5 7 2 5 4 0
> VAMPIRE 3 5 7 1 5 4 0
> VAMPIRE 4 9 9 3 3 4 0
< RES 1637161958 308 3
< MOVE L L
> REQ 1637161958 309 3
> VAMPIRE 1 9 7 3 5 4 0
> VAMPIRE 2 5 5 2 5 4 0
> VAMPIRE 3 5 5 1 5 4 0
> VAMPIRE 4 9 7 3 3 4 0
> POWERUP BATTERY -8 9 1
> POWERUP BATTERY -8 5 13
< RES 1637161958 309 3
< MOVE R R
> REQ 1637161958 310 3
> VAMPIRE 1 9 5 3 5 4 0
> VAMPIRE 2 5 7 2 5 4 0
> VAMPIRE 3 5 7 1 5 4 0
> VAMPIRE 4 9 5 3 3 4 0
> POWERUP BATTERY -7 9 1
> POWERUP BATTERY -7 5 13
< RES 1637161958 310 3
< MOVE R R
> REQ 1637161958 311 3
> VAMPIRE 1 9 3 3 5 4 0
> VAMPIRE 2 5 9 2 5 4 0
> VAMPIRE 3 5 9 1 5 4 0
> VAMPIRE 4 9 3 3 3 4 0
> POWERUP BATTERY -6 9 1
> POWERUP BATTERY -6 5 13
< RES 1637161958 311 3
< MOVE R R
> REQ 1637161958 312 3
> VAMPIRE 1 9 1 3 5 4 0
> VAMPIRE 2 5 11 2 5 4 0
> VAMPIRE 3 5 11 1 5 4 0
> VAMPIRE 4 9 1 3 3 4 0
> POWERUP BATTERY -5 9 1
> POWERUP BATTERY -5 5 13
< RES 1637161958 312 3
< MOVE R R
> REQ 1637161958 313 3
> VAMPIRE 1 9 1 3 5 4 0
> VAMPIRE 2 5 13 2 5 4 0
> VAMPIRE 3 5 13 1 5 4 0
> VAMPIRE 4 9 1 3 3 4 0
> POWERUP BATTERY -4 9 1
> POWERUP BATTERY -4 5 13
< RES 1637161958 313 3
> REQ 1637161958 314 3
> VAMPIRE 1 9 1 3 5 4 0
> VAMPIRE 2 5 13 2 5 4 0
> VAMPIRE 3 5 13 1 5 4 0
> VAMPIRE 4 9 1 3 3 4 0
> POWERUP BATTERY -3 9 1
> POWERUP BATTERY -3 5 13
< RES 1637161958 314 3
> REQ 1637161958 315 3
> VAMPIRE 1 9 1 3 5 4 0
> VAMPIRE 2 5 13 2 5 4 0
> VAMPIRE 3 5 13 1 5 4 0
> VAMPIRE 4 9 1 3 3 4 0
> POWERUP BATTERY -2 9 1
> POWERUP BATTERY -2 5 13
< RES 1637161958 315 3
> REQ 1637161958 316 3
> VAMPIRE 1 9 1 3 5 4 0
> VAMPIRE 2 5 13 2 5 4 0
> VAMPIRE 3 5 13 1 5 4 0
> VAMPIRE 4 9 1 3 3 4 0
> POWERUP BATTERY -1 9 1
> POWERUP BATTERY -1 5 13
< RES 1637161958 316 3
< MOVE L L
> REQ 1637161958 317 3
> VAMPIRE 1 9 3 3 5 5 0
> VAMPIRE 2 5 11 2 5 5 0
> VAMPIRE 3 5 11 1 5 5 0
> VAMPIRE 4 9 3 3 3 5 0
< RES 1637161958 317 3
< MOVE L L
> REQ 1637161958 318 3
> VAMPIRE 1 9 5 3 5 5 0
> VAMPIRE 2 5 9 2 5 5 0
> VAMPIRE 3 5 9 1 5 5 0
> VAMPIRE 4 9 5 3 3 5 0
< RES 1637161958 318 3
> REQ 1637161958 319 3
> VAMPIRE 1 7 5 3 5 5 0
> VAMPIRE 2 5 9 2 5 5 0
> VAMPIRE 3 5 9 1 5 5 0
> VAMPIRE 4 9 5 3 3 5 0
< RES 1637161958 319 3
< MOVE D D
> REQ 1637161958 320 3
> VAMPIRE 1 7 5 3 5 5 0
> VAMPIRE 2 7 9 2 5 5 0
> VAMPIRE 3 7 9 1 5 5 0
> VAMPIRE 4 9 7 3 3 5 0
< RES 1637161958 320 3
< MOVE R R
> REQ 1637161958 321 3
> VAMPIRE 1 9 5 3 5 5 0
> VAMPIRE 2 7 11 2 5 5 0
> VAMPIRE 3 7 11 1 5 5 0
> VAMPIRE 4 11 7 3 3 5 0
< RES 1637161958 321 3
< MOVE U U
> REQ 1637161958 322 3
> VAMPIRE 1 9 7 3 5 5 0
> VAMPIRE 2 5 11 2 5 5 0
> VAMPIRE 3 5 11 1 5 5 0
> VAMPIRE 4 11 7 3 3 5 0
< RES 1637161958 322 3
< MOVE L L
> REQ 1637161958 323 3
> VAMPIRE 1 7 7 3 5 5 0
> VAMPIRE 2 5 9 2 5 5 0
> VAMPIRE 3 5 9 1 5 5 0
> VAMPIRE 4 9 7 3 3 5 0
< RES 1637161958 323 3
< MOVE L L
> REQ 1637161958 324 3
> VAMPIRE 1 7 5 3 5 5 0
> VAMPIRE 2 5 7 2 5 5 0
> VAMPIRE 3 5 7 1 5 5 0
> VAMPIRE 4 9 7 3 3 5 0
< RES 1637161958 324 3
< MOVE U U
> REQ 1637161958 325 3
> VAMPIRE 1 7 3 3 5 5 0
> VAMPIRE 2 3 7 2 5 5 0
> VAMPIRE 3 3 7 1 5 5 0
> VAMPIRE 4 9 5 3 3 5 0
< RES 1637161958 325 3
< MOVE R R
> REQ 1637161958 326 3
> VAMPIRE 1 7 5 3 5 5 0
> VAMPIRE 2 3 9 2 5 5 0
> VAMPIRE 3 3 9 1 5 5 0
> VAMPIRE 4 7 5 3 3 5 0
< RES 1637161958 326 3
< MOVE D D
> REQ 1637161958 327 3
> VAMPIRE 1 9 5 3 5 5 0
> VAMPIRE 2 5 9 2 5 5 0
> VAMPIRE 3 5 9 1 5 5 0
> VAMPIRE 4 9 5 3 3 5 0
< RES 1637161958 327 3
> REQ 1637161958 328 3
> VAMPIRE 1 7 5 3 5 5 0
> VAMPIRE 2 5 9 2 5 5 0
> VAMPIRE 3 5 9 1 5 5 0
> VAMPIRE 4 9 5 3 3 5 0
< RES 1637161958 328 3
< MOVE D D
> REQ 1637161958 329 3
> VAMPIRE 1 7 5 3 5 5 0
> VAMPIRE 2 7 9 2 5 5 0
> VAMPIRE 3 7 9 1 5 5 0
> VAMPIRE 4 9 7 3 3 5 0
< RES 1637161958 329 3
< MOVE R R
> REQ 1637161958 330 3
> VAMPIRE 1 9 5 3 5 5 0
> VAMPIRE 2 7 11 2 5 5 0
> VAMPIRE 3 7 11 1 5 5 0
> VAMPIRE 4 11 7 3 3 5 0
< RES 1637161958 330 3
< MOVE U U
> REQ 1637161958 331 3
> VAMPIRE 1 9 7 3 5 5 0
> VAMPIRE 2 5 11 2 5 5 0
> VAMPIRE 3 5 11 1 5 5 0
> VAMPIRE 4 11 7 3 3 5 0
< RES 1637161958 331 3
< MOVE L L
> REQ 1637161958 332 3
> VAMPIRE 1 7 7 3 5 5 0
> VAMPIRE 2 5 9 2 5 5 0
> VAMPIRE 3 5 9 1 5 5 0
> VAMPIRE 4 9 7 3 3 5 0
< RES 1637161958 332 3
< MOVE L L
> REQ 1637161958 333 3
> VAMPIRE 1 7 5 3 5 5 0
> VAMPIRE 2 5 7 2 5 5 0
> VAMPIRE 3 5 7 1 5 5 0
> VAMPIRE 4 9 7 3 3 5 0
< RES 1637161958 333 3
< MOVE U U
> REQ 1637161958 334 3
> VAMPIRE 1 7 3 3 5 5 0
> VAMPIRE 2 3 7 2 5 5 0
> VAMPIRE 3 3 7 1 5 5 0
> VAMPIRE 4 9 5 3 3 5 0
< RES 1637161958 334 3
< MOVE R R
> REQ 1637161958 335 3
> VAMPIRE 1 7 5 3 5 5 0
> VAMPIRE 2 3 9 2 5 5 0
> VAMPIRE 3 3 9 1 5 5 0
> VAMPIRE 4 7 5 3 3 5 0
< RES 1637161958 335 3
< MOVE D D
> REQ 1637161958 336 3
> VAMPIRE 1 9 5 3 5 5 0
> VAMPIRE 2 5 9 2 5 5 0
> VAMPIRE 3 5 9 1 5 5 0
> VAMPIRE 4 9 5 3 3 5 0
< RES 1637161958 336 3
> REQ 1637161958 337 3
> VAMPIRE 1 7 5 3 5 5 0
> VAMPIRE 2 5 9 2 5 5 0
> VAMPIRE 3 5 9 1 5 5 0
> VAMPIRE 4 9 5 3 3 5 0
< RES 1637161958 337 3
< MOVE D D
> REQ 1637161958 338 3
> VAMPIRE 1 7 5 3 5 5 0
> VAMPIRE 2 7 9 2 5 5 0
> VAMPIRE 3 7 9 1 5 5 0
> VAMPIRE 4 9 7 3 3 5 0
> POWERUP SHOE -9 2 1
> POWERUP SHOE -9 12 13
< RES 1637161958 338 3
< MOVE R R
> REQ 1637161958 339 3
> VAMPIRE 1 5 5 3 5 5 0
> VAMPIRE 2 7 11 2 5 5 0
> VAMPIRE 3 7 11 1 5 5 0
> VAMPIRE 4 9 9 3 3 5 0
> POWERUP SHOE -8 2 1
> POWERUP SHOE -8 12 13
< RES 1637161958 339 3
< MOVE R R
> REQ 1637161958 340 3
> VAMPIRE 1 3 5 3 5 5 0
> VAMPIRE 2 7 13 2 5 5 0
> VAMPIRE 3 7 13 1 5 5 0
> VAMPIRE 4 9 11 3 3 5 0
> POWERUP SHOE -7 2 1
> POWERUP SHOE -7 12 13
< RES 1637161958 340 3
< MOVE D D
> REQ 1637161958 341 3
> VAMPIRE 1 3 3 3 5 5 0
> VAMPIRE 2 9 13 2 5 5 0
> VAMPIRE 3 9 13 1 5 5 0
> VAMPIRE 4 9 13 3 3 5 0
> POWERUP SHOE -6 2 1
> POWERUP SHOE -6 12 13
< RES 1637161958 341 3
< MOVE D D
> REQ 1637161958 342 3
> VAMPIRE 1 3 1 3 5 5 0
> VAMPIRE 2 11 13 2 5 5 0
> VAMPIRE 3 11 13 1 5 5 0
> VAMPIRE 4 11 13 3 3 5 0
> POWERUP SHOE -5 2 1
> POWERUP SHOE -5 12 13
< RES 1637161958 342 3
< MOVE D
> REQ 1637161958 343 3
> VAMPIRE 1 2 1 3 5 5 0
> VAMPIRE 2 12 13 2 5 5 0
> VAMPIRE 3 12 13 1 5 5 0
> VAMPIRE 4 13 13 3 2 5 0
> GRENADE 4 11 13 5 5
> POWERUP SHOE -4 2 1
> POWERUP SHOE -4 12 13
< RES 1637161958 343 3
< GRENADE
< MOVE D L
> REQ 1637161958 344 3
> VAMPIRE 1 2 1 3 5 5 0
> VAMPIRE 2 12 13 2 4 5 0
> VAMPIRE 3 12 13 1 4 5 0
> VAMPIRE 4 13 11 3 1 5 0
> GRENADE 4 11 13 4 5
> GRENADE 2 12 13 5 5
> GRENADE 3 12 13 5 5
> GRENADE 4 13 13 5 5
> POWERUP SHOE -3 2 1
> POWERUP SHOE -3 12 13
< RES 1637161958 344 3
> REQ 1637161958 345 3
> VAMPIRE 1 2 1 3 5 5 0
> VAMPIRE 2 12 13 2 4 5 0
> VAMPIRE 3 12 13 1 4 5 0
> VAMPIRE 4 12 11 3 1 5 0
> GRENADE 4 11 13 3 5
> GRENADE 2 12 13 4 5
> GRENADE 3 12 13 4 5
> GRENADE 4 13 13 4 5
> POWERUP SHOE -2 2 1
> POWERUP SHOE -2 12 13
< RES 1637161958 345 3
> REQ 1637161958 346 3
> VAMPIRE 1 2 1 3 5 5 0
> VAMPIRE 2 12 13 2 4 5 0
> VAMPIRE 3 12 13 1 4 5 0
> VAMPIRE 4 10 11 3 1 5 0
> GRENADE 4 11 13 2 5
> GRENADE 2 12 13 3 5
> GRENADE 3 12 13 3 5
> GRENADE 4 13 13 3 5
> POWERUP SHOE -1 2 1
> POWERUP SHOE -1 12 13
< RES 1637161958 346 3
< GRENADE
> REQ 1637161958 347 3
> VAMPIRE 1 3 1 3 5 5 30
> VAMPIRE 2 12 13 2 3 5 30
> VAMPIRE 3 12 13 1 3 5 30
> VAMPIRE 4 9 11 3 1 5 0
> GRENADE 4 11 13 1 5
> GRENADE 2 12 13 2 5
> GRENADE 3 12 13 2 5
> GRENADE 4 13 13 2 5
> GRENADE 2 12 13 5 5
> GRENADE 3 12 13 5 5
< RES 1637161958 347 3
> END 872 Could_not_be_more_deaded
