> MESSAGE OK
> LEVEL 10
> GAMEID 1637330498
> TEST 1
> MAXTICK 800
> GRENADERADIUS 3
> SIZE 15
> REQ 1637330498 0 1
> VAMPIRE 1 1 1 3 1 3 0
> VAMPIRE 2 13 1 3 1 3 0
> VAMPIRE 3 13 13 3 1 3 0
> VAMPIRE 4 1 13 3 1 3 0
> BAT1 8 1 9 1 10 1 11 1 1 3 7 3 1 4 1 5 6 5 8 5 1 6 5 6 9 6 3 7 11 7 5 8 9 8 13 8 6 9 8 9 13 9 13 10 7 11 13 11 3 13 4 13 5 13 6 13
> BAT2 3 1 4 1 5 1 6 1 8 3 9 3 13 3 13 4 3 5 7 5 13 5 3 6 13 6 5 7 9 7 1 8 11 8 1 9 7 9 11 9 1 10 1 11 5 11 6 11 8 13 9 13 10 13 11 13
> BAT3 7 1 5 3 6 3 11 5 11 6 1 7 7 7 13 7 3 8 3 9 8 11 9 11 7 13
< RES 1637330498 0 1
< GRENADE
> REQ 1637330498 1 1
> VAMPIRE 1 1 1 3 0 3 0
> VAMPIRE 2 13 1 3 0 3 0
> VAMPIRE 3 13 13 3 1 3 0
> VAMPIRE 4 1 13 3 1 3 0
> GRENADE 1 1 1 5 3
> GRENADE 2 13 1 5 3
> BAT1 8 1 9 1 10 1 11 1 1 3 7 3 1 4 1 5 6 5 8 5 1 6 5 6 9 6 3 7 11 7 5 8 9 8 13 8 6 9 8 9 13 9 13 10 7 11 13 11 3 13 4 13 5 13 6 13
> BAT2 3 1 4 1 5 1 6 1 8 3 9 3 13 3 13 4 3 5 7 5 13 5 3 6 13 6 5 7 9 7 1 8 11 8 1 9 7 9 11 9 1 10 1 11 5 11 6 11 8 13 9 13 10 13 11 13
> BAT3 7 1 5 3 6 3 11 5 11 6 1 7 7 7 13 7 3 8 3 9 8 11 9 11 7 13
< RES 1637330498 1 1
> REQ 1637330498 2 1
> VAMPIRE 1 1 1 3 0 3 0
> VAMPIRE 2 13 1 3 0 3 0
> VAMPIRE 3 13 13 3 1 3 0
> VAMPIRE 4 1 13 3 1 3 0
> GRENADE 1 1 1 4 3
> GRENADE 2 13 1 4 3
> BAT1 8 1 9 1 10 1 11 1 1 3 7 3 1 4 1 5 6 5 8 5 1 6 5 6 9 6 3 7 11 7 5 8 9 8 13 8 6 9 8 9 13 9 13 10 7 11 13 11 3 13 4 13 5 13 6 13
> BAT2 3 1 4 1 5 1 6 1 8 3 9 3 13 3 13 4 3 5 7 5 13 5 3 6 13 6 5 7 9 7 1 8 11 8 1 9 7 9 11 9 1 10 1 11 5 11 6 11 8 13 9 13 10 13 11 13
> BAT3 7 1 5 3 6 3 11 5 11 6 1 7 7 7 13 7 3 8 3 9 8 11 9 11 7 13
< RES 1637330498 2 1
> REQ 1637330498 3 1
> VAMPIRE 1 1 1 3 0 3 0
> VAMPIRE 2 13 1 3 0 3 0
> VAMPIRE 3 13 13 3 1 3 0
> VAMPIRE 4 1 13 3 1 3 0
> GRENADE 1 1 1 3 3
> GRENADE 2 13 1 3 3
> BAT1 8 1 9 1 10 1 11 1 1 3 7 3 1 4 1 5 6 5 8 5 1 6 5 6 9 6 3 7 11 7 5 8 9 8 13 8 6 9 8 9 13 9 13 10 7 11 13 11 3 13 4 13 5 13 6 13
> BAT2 3 1 4 1 5 1 6 1 8 3 9 3 13 3 13 4 3 5 7 5 13 5 3 6 13 6 5 7 9 7 1 8 11 8 1 9 7 9 11 9 1 10 1 11 5 11 6 11 8 13 9 13 10 13 11 13
> BAT3 7 1 5 3 6 3 11 5 11 6 1 7 7 7 13 7 3 8 3 9 8 11 9 11 7 13
< RES 1637330498 3 1
< THROW XR 1
< MOVE D
> REQ 1637330498 4 1
> VAMPIRE 1 2 1 3 0 3 0
> VAMPIRE 2 13 2 3 0 3 0
> VAMPIRE 3 13 13 3 1 3 0
> VAMPIRE 4 1 13 3 1 3 0
> GRENADE 1 1 2 2 3
> GRENADE 2 12 1 2 3
> BAT1 8 1 9 1 10 1 11 1 1 3 7 3 1 4 1 5 6 5 8 5 1 6 5 6 9 6 3 7 11 7 5 8 9 8 13 8 6 9 8 9 13 9 13 10 7 11 13 11 3 13 4 13 5 13 6 13
> BAT2 3 1 4 1 5 1 6 1 8 3 9 3 13 3 13 4 3 5 7 5 13 5 3 6 13 6 5 7 9 7 1 8 11 8 1 9 7 9 11 9 1 10 1 11 5 11 6 11 8 13 9 13 10 13 11 13
> BAT3 7 1 5 3 6 3 11 5 11 6 1 7 7 7 13 7 3 8 3 9 8 11 9 11 7 13
< RES 1637330498 4 1
> REQ 1637330498 5 1
> VAMPIRE 1 2 1 3 0 3 0
> VAMPIRE 2 13 2 3 0 3 0
> VAMPIRE 3 13 13 3 1 3 0
> VAMPIRE 4 1 13 3 1 3 0
> GRENADE 1 1 2 1 3
> GRENADE 2 12 1 1 3
> BAT1 8 1 9 1 10 1 11 1 1 3 7 3 1 4 1 5 6 5 8 5 1 6 5 6 9 6 3 7 11 7 5 8 9 8 13 8 6 9 8 9 13 9 13 10 7 11 13 11 3 13 4 13 5 13 6 13
> BAT2 3 1 4 1 5 1 6 1 8 3 9 3 13 3 13 4 3 5 7 5 13 5 3 6 13 6 5 7 9 7 1 8 11 8 1 9 7 9 11 9 1 10 1 11 5 11 6 11 8 13 9 13 10 13 11 13
> BAT3 7 1 5 3 6 3 11 5 11 6 1 7 7 7 13 7 3 8 3 9 8 11 9 11 7 13
< RES 1637330498 5 1
< MOVE U
> REQ 1637330498 6 1
> VAMPIRE 1 1 1 3 1 3 0
> VAMPIRE 2 13 1 3 1 3 0
> VAMPIRE 3 13 13 3 1 3 0
> VAMPIRE 4 1 13 3 1 3 0
> BAT1 8 1 9 1 10 1 7 3 1 4 1 5 6 5 8 5 1 6 5 6 9 6 3 7 11 7 5 8 9 8 13 8 6 9 8 9 13 9 13 10 7 11 13 11 3 13 4 13 5 13 6 13
> BAT2 3 1 4 1 5 1 6 1 8 3 9 3 13 3 13 4 3 5 7 5 13 5 3 6 13 6 5 7 9 7 1 8 11 8 1 9 7 9 11 9 1 10 1 11 5 11 6 11 8 13 9 13 10 13 11 13
> BAT3 7 1 5 3 6 3 11 5 11 6 1 7 7 7 13 7 3 8 3 9 8 11 9 11 7 13
< RES 1637330498 6 1
< MOVE R R
> REQ 1637330498 7 1
> VAMPIRE 1 1 3 3 1 3 0
> VAMPIRE 2 11 1 3 1 3 0
> VAMPIRE 3 13 13 3 1 3 0
> VAMPIRE 4 1 13 3 1 3 0
> BAT1 8 1 9 1 10 1 7 3 1 4 1 5 6 5 8 5 1 6 5 6 9 6 3 7 11 7 5 8 9 8 13 8 6 9 8 9 13 9 13 10 7 11 13 11 3 13 4 13 5 13 6 13
> BAT2 3 1 4 1 5 1 6 1 8 3 9 3 13 3 13 4 3 5 7 5 13 5 3 6 13 6 5 7 9 7 1 8 11 8 1 9 7 9 11 9 1 10 1 11 5 11 6 11 8 13 9 13 10 13 11 13
> BAT3 7 1 5 3 6 3 11 5 11 6 1 7 7 7 13 7 3 8 3 9 8 11 9 11 7 13
< RES 1637330498 7 1
< MOVE D D
> REQ 1637330498 8 1
> VAMPIRE 1 3 3 3 1 3 0
> VAMPIRE 2 11 3 3 1 3 0
> VAMPIRE 3 13 13 3 1 3 0
> VAMPIRE 4 1 13 3 1 3 0
> BAT1 8 1 9 1 10 1 7 3 1 4 1 5 6 5 8 5 1 6 5 6 9 6 3 7 11 7 5 8 9 8 13 8 6 9 8 9 13 9 13 10 7 11 13 11 3 13 4 13 5 13 6 13
> BAT2 3 1 4 1 5 1 6 1 8 3 9 3 13 3 13 4 3 5 7 5 13 5 3 6 13 6 5 7 9 7 1 8 11 8 1 9 7 9 11 9 1 10 1 11 5 11 6 11 8 13 9 13 10 13 11 13
> BAT3 7 1 5 3 6 3 11 5 11 6 1 7 7 7 13 7 3 8 3 9 8 11 9 11 7 13
< RES 1637330498 8 1
< GRENADE
< MOVE U U
> REQ 1637330498 9 1
> VAMPIRE 1 1 3 3 0 3 0
> VAMPIRE 2 11 1 3 0 3 0
> VAMPIRE 3 13 13 3 1 3 0
> VAMPIRE 4 1 13 3 1 3 0
> GRENADE 1 3 3 5 3
> GRENADE 2 11 3 5 3
> BAT1 8 1 9 1 10 1 7 3 1 4 1 5 6 5 8 5 1 6 5 6 9 6 3 7 11 7 5 8 9 8 13 8 6 9 8 9 13 9 13 10 7 11 13 11 3 13 4 13 5 13 6 13
> BAT2 3 1 4 1 5 1 6 1 8 3 9 3 13 3 13 4 3 5 7 5 13 5 3 6 13 6 5 7 9 7 1 8 11 8 1 9 7 9 11 9 1 10 1 11 5 11 6 11 8 13 9 13 10 13 11 13
> BAT3 7 1 5 3 6 3 11 5 11 6 1 7 7 7 13 7 3 8 3 9 8 11 9 11 7 13
< RES 1637330498 9 1
< MOVE L
> REQ 1637330498 10 1
> VAMPIRE 1 1 2 3 0 3 0
> VAMPIRE 2 12 1 3 0 3 0
> VAMPIRE 3 13 13 3 1 3 0
> VAMPIRE 4 1 13 3 1 3 0
> GRENADE 1 3 3 4 3
> GRENADE 2 11 3 4 3
> BAT1 8 1 9 1 10 1 7 3 1 4 1 5 6 5 8 5 1 6 5 6 9 6 3 7 11 7 5 8 9 8 13 8 6 9 8 9 13 9 13 10 7 11 13 11 3 13 4 13 5 13 6 13
> BAT2 3 1 4 1 5 1 6 1 8 3 9 3 13 3 13 4 3 5 7 5 13 5 3 6 13 6 5 7 9 7 1 8 11 8 1 9 7 9 11 9 1 10 1 11 5 11 6 11 8 13 9 13 10 13 11 13
> BAT3 7 1 5 3 6 3 11 5 11 6 1 7 7 7 13 7 3 8 3 9 8 11 9 11 7 13
< RES 1637330498 10 1
> REQ 1637330498 11 1
> VAMPIRE 1 1 2 3 0 3 0
> VAMPIRE 2 12 1 3 0 3 0
> VAMPIRE 3 13 13 3 1 3 0
> VAMPIRE 4 1 13 3 1 3 0
> GRENADE 1 3 3 3 3
> GRENADE 2 11 3 3 3
> BAT1 8 1 9 1 10 1 7 3 1 4 1 5 6 5 8 5 1 6 5 6 9 6 3 7 11 7 5 8 9 8 13 8 6 9 8 9 13 9 13 10 7 11 13 11 3 13 4 13 5 13 6 13
> BAT2 3 1 4 1 5 1 6 1 8 3 9 3 13 3 13 4 3 5 7 5 13 5 3 6 13 6 5 7 9 7 1 8 11 8 1 9 7 9 11 9 1 10 1 11 5 11 6 11 8 13 9 13 10 13 11 13
> BAT3 7 1 5 3 6 3 11 5 11 6 1 7 7 7 13 7 3 8 3 9 8 11 9 11 7 13
< RES 1637330498 11 1
> REQ 1637330498 12 1
> VAMPIRE 1 1 2 3 0 3 0
> VAMPIRE 2 12 1 3 0 3 0
> VAMPIRE 3 13 13 3 1 3 0
> VAMPIRE 4 1 13 3 1 3 0
> GRENADE 1 3 3 2 3
> GRENADE 2 11 3 2 3
> BAT1 8 1 9 1 10 1 7 3 1 4 1 5 6 5 8 5 1 6 5 6 9 6 3 7 11 7 5 8 9 8 13 8 6 9 8 9 13 9 13 10 7 11 13 11 3 13 4 13 5 13 6 13
> BAT2 3 1 4 1 5 1 6 1 8 3 9 3 13 3 13 4 3 5 7 5 13 5 3 6 13 6 5 7 9 7 1 8 11 8 1 9 7 9 11 9 1 10 1 11 5 11 6 11 8 13 9 13 10 13 11 13
> BAT3 7 1 5 3 6 3 11 5 11 6 1 7 7 7 13 7 3 8 3 9 8 11 9 11 7 13
< RES 1637330498 12 1
> REQ 1637330498 13 1
> VAMPIRE 1 1 2 3 0 3 0
> VAMPIRE 2 12 1 3 0 3 0
> VAMPIRE 3 13 13 3 1 3 0
> VAMPIRE 4 1 13 3 1 3 0
> GRENADE 1 3 3 1 3
> GRENADE 2 11 3 1 3
> BAT1 8 1 9 1 10 1 7 3 1 4 1 5 6 5 8 5 1 6 5 6 9 6 3 7 11 7 5 8 9 8 13 8 6 9 8 9 13 9 13 10 7 11 13 11 3 13 4 13 5 13 6 13
> BAT2 3 1 4 1 5 1 6 1 8 3 9 3 13 3 13 4 3 5 7 5 13 5 3 6 13 6 5 7 9 7 1 8 11 8 1 9 7 9 11 9 1 10 1 11 5 11 6 11 8 13 9 13 10 13 11 13
> BAT3 7 1 5 3 6 3 11 5 11 6 1 7 7 7 13 7 3 8 3 9 8 11 9 11 7 13
< RES 1637330498 13 1
< MOVE R D
> REQ 1637330498 14 1
> VAMPIRE 1 2 3 3 1 3 0
> VAMPIRE 2 11 2 3 1 3 0
> VAMPIRE 3 13 13 3 1 3 0
> VAMPIRE 4 1 13 3 1 3 0
> BAT1 8 1 9 1 10 1 7 3 1 4 1 5 6 5 8 5 1 6 5 6 9 6 3 7 11 7 5 8 9 8 13 8 6 9 8 9 13 9 13 10 7 11 13 11 3 13 4 13 5 13 6 13 3 1 9 3 13 3 3 5
> BAT2 4 1 5 1 6 1 8 3 13 4 7 5 13 5 3 6 13 6 5 7 9 7 1 8 11 8 1 9 7 9 11 9 1 10 1 11 5 11 6 11 8 13 9 13 10 13 11 13 5 3 11 5
> BAT3 7 1 6 3 11 6 1 7 7 7 13 7 3 8 3 9 8 11 9 11 7 13
< RES 1637330498 14 1
< MOVE D
> REQ 1637330498 15 1
> VAMPIRE 1 3 3 3 1 3 0
> VAMPIRE 2 10 3 3 1 3 0
> VAMPIRE 3 13 13 3 1 3 0
> VAMPIRE 4 1 13 3 1 3 0
> BAT1 8 1 9 1 10 1 7 3 1 4 1 5 6 5 8 5 1 6 5 6 9 6 3 7 11 7 5 8 9 8 13 8 6 9 8 9 13 9 13 10 7 11 13 11 3 13 4 13 5 13 6 13 3 1 9 3 13 3 3 5
> BAT2 4 1 5 1 6 1 8 3 13 4 7 5 13 5 3 6 13 6 5 7 9 7 1 8 11 8 1 9 7 9 11 9 1 10 1 11 5 11 6 11 8 13 9 13 10 13 11 13 5 3 11 5
> BAT3 7 1 6 3 11 6 1 7 7 7 13 7 3 8 3 9 8 11 9 11 7 13
< RES 1637330498 15 1
< GRENADE
< MOVE U U
> REQ 1637330498 16 1
> VAMPIRE 1 1 3 3 0 3 0
> VAMPIRE 2 11 2 3 0 3 0
> VAMPIRE 3 13 13 3 1 3 0
> VAMPIRE 4 1 13 3 1 3 0
> GRENADE 1 3 3 5 3
> GRENADE 2 10 3 5 3
> BAT1 8 1 9 1 10 1 7 3 1 4 1 5 6 5 8 5 1 6 5 6 9 6 3 7 11 7 5 8 9 8 13 8 6 9 8 9 13 9 13 10 7 11 13 11 3 13 4 13 5 13 6 13 3 1 9 3 13 3 3 5
> BAT2 4 1 5 1 6 1 8 3 13 4 7 5 13 5 3 6 13 6 5 7 9 7 1 8 11 8 1 9 7 9 11 9 1 10 1 11 5 11 6 11 8 13 9 13 10 13 11 13 5 3 11 5
> BAT3 7 1 6 3 11 6 1 7 7 7 13 7 3 8 3 9 8 11 9 11 7 13
< RES 1637330498 16 1
< MOVE L
> REQ 1637330498 17 1
> VAMPIRE 1 1 2 3 0 3 0
> VAMPIRE 2 11 1 3 0 3 0
> VAMPIRE 3 13 13 3 1 3 0
> VAMPIRE 4 1 13 3 1 3 0
> GRENADE 1 3 3 4 3
> GRENADE 2 10 3 4 3
> BAT1 8 1 9 1 10 1 7 3 1 4 1 5 6 5 8 5 1 6 5 6 9 6 3 7 11 7 5 8 9 8 13 8 6 9 8 9 13 9 13 10 7 11 13 11 3 13 4 13 5 13 6 13 3 1 9 3 13 3 3 5
> BAT2 4 1 5 1 6 1 8 3 13 4 7 5 13 5 3 6 13 6 5 7 9 7 1 8 11 8 1 9 7 9 11 9 1 10 1 11 5 11 6 11 8 13 9 13 10 13 11 13 5 3 11 5
> BAT3 7 1 6 3 11 6 1 7 7 7 13 7 3 8 3 9 8 11 9 11 7 13
< RES 1637330498 17 1
> REQ 1637330498 18 1
> VAMPIRE 1 1 2 3 0 3 0
> VAMPIRE 2 11 1 3 0 3 0
> VAMPIRE 3 13 13 3 1 3 0
> VAMPIRE 4 1 13 3 1 3 0
> GRENADE 1 3 3 3 3
> GRENADE 2 10 3 3 3
> BAT1 8 1 9 1 10 1 7 3 1 4 1 5 6 5 8 5 1 6 5 6 9 6 3 7 11 7 5 8 9 8 13 8 6 9 8 9 13 9 13 10 7 11 13 11 3 13 4 13 5 13 6 13 3 1 9 3 13 3 3 5
> BAT2 4 1 5 1 6 1 8 3 13 4 7 5 13 5 3 6 13 6 5 7 9 7 1 8 11 8 1 9 7 9 11 9 1 10 1 11 5 11 6 11 8 13 9 13 10 13 11 13 5 3 11 5
> BAT3 7 1 6 3 11 6 1 7 7 7 13 7 3 8 3 9 8 11 9 11 7 13
< RES 1637330498 18 1
> REQ 1637330498 19 1
> VAMPIRE 1 1 2 3 0 3 0
> VAMPIRE 2 11 1 3 0 3 0
> VAMPIRE 3 13 13 3 1 3 0
> VAMPIRE 4 1 13 3 1 3 0
> GRENADE 1 3 3 2 3
> GRENADE 2 10 3 2 3
> BAT1 8 1 9 1 10 1 7 3 1 4 1 5 6 5 8 5 1 6 5 6 9 6 3 7 11 7 5 8 9 8 13 8 6 9 8 9 13 9 13 10 7 11 13 11 3 13 4 13 5 13 6 13 3 1 9 3 13 3 3 5
> BAT2 4 1 5 1 6 1 8 3 13 4 7 5 13 5 3 6 13 6 5 7 9 7 1 8 11 8 1 9 7 9 11 9 1 10 1 11 5 11 6 11 8 13 9 13 10 13 11 13 5 3 11 5
> BAT3 7 1 6 3 11 6 1 7 7 7 13 7 3 8 3 9 8 11 9 11 7 13
< RES 1637330498 19 1
> REQ 1637330498 20 1
> VAMPIRE 1 1 2 3 0 3 0
> VAMPIRE 2 11 1 3 0 3 0
> VAMPIRE 3 13 13 3 1 3 0
> VAMPIRE 4 1 13 3 1 3 0
> GRENADE 1 3 3 1 3
> GRENADE 2 10 3 1 3
> BAT1 8 1 9 1 10 1 7 3 1 4 1 5 6 5 8 5 1 6 5 6 9 6 3 7 11 7 5 8 9 8 13 8 6 9 8 9 13 9 13 10 7 11 13 11 3 13 4 13 5 13 6 13 3 1 9 3 13 3 3 5
> BAT2 4 1 5 1 6 1 8 3 13 4 7 5 13 5 3 6 13 6 5 7 9 7 1 8 11 8 1 9 7 9 11 9 1 10 1 11 5 11 6 11 8 13 9 13 10 13 11 13 5 3 11 5
> BAT3 7 1 6 3 11 6 1 7 7 7 13 7 3 8 3 9 8 11 9 11 7 13
< RES 1637330498 20 1
< MOVE R
> REQ 1637330498 21 1
> VAMPIRE 1 1 3 3 1 3 0
> VAMPIRE 2 11 3 3 1 3 0
> VAMPIRE 3 13 13 3 1 3 0
> VAMPIRE 4 1 13 3 1 3 0
> BAT1 8 1 9 1 10 1 7 3 1 4 1 5 6 5 8 5 1 6 5 6 9 6 3 7 11 7 5 8 9 8 13 8 6 9 8 9 13 9 13 10 7 11 13 11 3 13 4 13 5 13 6 13 5 3
> BAT2 4 1 5 1 6 1 8 3 13 4 7 5 13 5 3 6 13 6 5 7 9 7 1 8 11 8 1 9 7 9 11 9 1 10 1 11 5 11 6 11 8 13 9 13 10 13 11 13 11 5
> BAT3 7 1 6 3 11 6 1 7 7 7 13 7 3 8 3 9 8 11 9 11 7 13
< RES 1637330498 21 1
< MOVE D D
> REQ 1637330498 22 1
> VAMPIRE 1 3 3 3 1 3 0
> VAMPIRE 2 11 3 3 0 3 0
> VAMPIRE 3 13 13 3 1 3 0
> VAMPIRE 4 1 13 3 1 3 0
> GRENADE 2 11 3 5 3
> BAT1 8 1 9 1 10 1 7 3 1 4 1 5 6 5 8 5 1 6 5 6 9 6 3 7 11 7 5 8 9 8 13 8 6 9 8 9 13 9 13 10 7 11 13 11 3 13 4 13 5 13 6 13 5 3
> BAT2 4 1 5 1 6 1 8 3 13 4 7 5 13 5 3 6 13 6 5 7 9 7 1 8 11 8 1 9 7 9 11 9 1 10 1 11 5 11 6 11 8 13 9 13 10 13 11 13 11 5
> BAT3 7 1 6 3 11 6 1 7 7 7 13 7 3 8 3 9 8 11 9 11 7 13
< RES 1637330498 22 1
< GRENADE
> REQ 1637330498 23 1
> VAMPIRE 1 3 3 3 0 3 0
> VAMPIRE 2 11 1 3 0 3 0
> VAMPIRE 3 13 13 3 1 3 0
> VAMPIRE 4 1 13 3 1 3 0
> GRENADE 2 9 3 4 3
> GRENADE 1 3 3 5 3
> BAT1 8 1 9 1 10 1 7 3 1 4 1 5 6 5 8 5 1 6 5 6 9 6 3 7 11 7 5 8 9 8 13 8 6 9 8 9 13 9 13 10 7 11 13 11 3 13 4 13 5 13 6 13 5 3
> BAT2 4 1 5 1 6 1 8 3 13 4 7 5 13 5 3 6 13 6 5 7 9 7 1 8 11 8 1 9 7 9 11 9 1 10 1 11 5 11 6 11 8 13 9 13 10 13 11 13 11 5
> BAT3 7 1 6 3 11 6 1 7 7 7 13 7 3 8 3 9 8 11 9 11 7 13
< RES 1637330498 23 1
< THROW XR 2
< MOVE U U
> REQ 1637330498 24 1
> VAMPIRE 1 1 3 3 0 3 0
> VAMPIRE 2 11 1 3 0 3 0
> VAMPIRE 3 13 13 3 1 3 0
> VAMPIRE 4 1 13 3 1 3 0
> GRENADE 2 9 3 3 3
> GRENADE 1 3 5 4 3
> BAT1 8 1 9 1 10 1 7 3 1 4 1 5 6 5 8 5 1 6 5 6 9 6 3 7 11 7 5 8 9 8 13 8 6 9 8 9 13 9 13 10 7 11 13 11 3 13 4 13 5 13 6 13 5 3
> BAT2 4 1 5 1 6 1 8 3 13 4 7 5 13 5 3 6 13 6 5 7 9 7 1 8 11 8 1 9 7 9 11 9 1 10 1 11 5 11 6 11 8 13 9 13 10 13 11 13 11 5
> BAT3 7 1 6 3 11 6 1 7 7 7 13 7 3 8 3 9 8 11 9 11 7 13
< RES 1637330498 24 1
> REQ 1637330498 25 1
> VAMPIRE 1 1 3 3 0 3 0
> VAMPIRE 2 11 1 3 0 3 0
> VAMPIRE 3 13 13 3 1 3 0
> VAMPIRE 4 1 13 3 1 3 0
> GRENADE 2 9 3 2 3
> GRENADE 1 3 5 3 3
> BAT1 8 1 9 1 10 1 7 3 1 4 1 5 6 5 8 5 1 6 5 6 9 6 3 7 11 7 5 8 9 8 13 8 6 9 8 9 13 9 13 10 7 11 13 11 3 13 4 13 5 13 6 13 5 3
> BAT2 4 1 5 1 6 1 8 3 13 4 7 5 13 5 3 6 13 6 5 7 9 7 1 8 11 8 1 9 7 9 11 9 1 10 1 11 5 11 6 11 8 13 9 13 10 13 11 13 11 5
> BAT3 7 1 6 3 11 6 1 7 7 7 13 7 3 8 3 9 8 11 9 11 7 13
< RES 1637330498 25 1
> REQ 1637330498 26 1
> VAMPIRE 1 1 3 3 0 3 0
> VAMPIRE 2 11 1 3 0 3 0
> VAMPIRE 3 13 13 3 1 3 0
> VAMPIRE 4 1 13 3 1 3 0
> GRENADE 2 9 3 1 3
> GRENADE 1 3 5 2 3
> BAT1 8 1 9 1 10 1 7 3 1 4 1 5 6 5 8 5 1 6 5 6 9 6 3 7 11 7 5 8 9 8 13 8 6 9 8 9 13 9 13 10 7 11 13 11 3 13 4 13 5 13 6 13 5 3
> BAT2 4 1 5 1 6 1 8 3 13 4 7 5 13 5 3 6 13 6 5 7 9 7 1 8 11 8 1 9 7 9 11 9 1 10 1 11 5 11 6 11 8 13 9 13 10 13 11 13 11 5
> BAT3 7 1 6 3 11 6 1 7 7 7 13 7 3 8 3 9 8 11 9 11 7 13
< RES 1637330498 26 1
> REQ 1637330498 27 1
> VAMPIRE 1 1 3 3 0 3 0
> VAMPIRE 2 11 3 3 1 3 0
> VAMPIRE 3 13 13 3 1 3 0
> VAMPIRE 4 1 13 3 1 3 0
> GRENADE 1 3 5 1 3
> BAT1 8 1 10 1 7 3 1 4 1 5 6 5 8 5 1 6 5 6 3 7 11 7 5 8 9 8 13 8 6 9 8 9 13 9 13 10 7 11 13 11 3 13 4 13 5 13 6 13 8 3 5 3
> BAT2 4 1 5 1 6 1 13 4 7 5 13 5 3 6 13 6 5 7 9 7 1 8 11 8 1 9 7 9 11 9 1 10 1 11 5 11 6 11 8 13 9 13 10 13 11 13 11 5
> BAT3 7 1 6 3 11 6 1 7 7 7 13 7 3 8 3 9 8 11 9 11 7 13
< RES 1637330498 27 1
< MOVE L L
> REQ 1637330498 28 1
> VAMPIRE 1 1 1 3 1 3 0
> VAMPIRE 2 9 3 3 0 3 0
> VAMPIRE 3 13 13 3 1 3 0
> VAMPIRE 4 1 13 3 1 3 0
> GRENADE 2 11 3 5 3
> BAT1 8 1 10 1 7 3 1 4 8 5 1 6 5 6 3 7 11 7 5 8 9 8 13 8 6 9 8 9 13 9 13 10 7 11 13 11 3 13 4 13 5 13 6 13 8 3 3 6 5 3
> BAT2 4 1 5 1 6 1 13 4 7 5 13 5 13 6 5 7 9 7 1 8 11 8 1 9 7 9 11 9 1 10 1 11 5 11 6 11 8 13 9 13 10 13 11 13 11 5
> BAT3 7 1 6 3 11 6 1 7 7 7 13 7 3 8 3 9 8 11 9 11 7 13
< RES 1637330498 28 1
< GRENADE
< MOVE D D
> REQ 1637330498 29 1
> VAMPIRE 1 3 1 3 0 3 0
> VAMPIRE 2 9 5 3 0 3 0
> VAMPIRE 3 13 13 3 1 3 0
> VAMPIRE 4 1 13 3 1 3 0
> GRENADE 2 11 3 4 3
> GRENADE 1 1 1 5 3
> BAT1 8 1 10 1 7 3 1 4 8 5 1 6 5 6 3 7 11 7 5 8 9 8 13 8 6 9 8 9 13 9 13 10 7 11 13 11 3 13 4 13 5 13 6 13 8 3 3 6 5 3
> BAT2 4 1 5 1 6 1 13 4 7 5 13 5 13 6 5 7 9 7 1 8 11 8 1 9 7 9 11 9 1 10 1 11 5 11 6 11 8 13 9 13 10 13 11 13 11 5
> BAT3 7 1 6 3 11 6 1 7 7 7 13 7 3 8 3 9 8 11 9 11 7 13
< RES 1637330498 29 1
< MOVE R R
> REQ 1637330498 30 1
> VAMPIRE 1 3 3 3 0 3 0
> VAMPIRE 2 9 5 3 0 3 0
> VAMPIRE 3 13 13 3 1 3 0
> VAMPIRE 4 1 13 3 1 3 0
> GRENADE 2 11 3 3 3
> GRENADE 1 1 1 4 3
> BAT1 8 1 10 1 7 3 1 4 8 5 1 6 5 6 3 7 11 7 5 8 9 8 13 8 6 9 8 9 13 9 13 10 7 11 13 11 3 13 4 13 5 13 6 13 8 3 3 6 5 3
> BAT2 4 1 5 1 6 1 13 4 7 5 13 5 13 6 5 7 9 7 1 8 11 8 1 9 7 9 11 9 1 10 1 11 5 11 6 11 8 13 9 13 10 13 11 13 11 5
> BAT3 7 1 6 3 11 6 1 7 7 7 13 7 3 8 3 9 8 11 9 11 7 13
< RES 1637330498 30 1
> REQ 1637330498 31 1
> VAMPIRE 1 3 3 3 0 3 0
> VAMPIRE 2 9 5 3 0 3 0
> VAMPIRE 3 13 13 3 1 3 0
> VAMPIRE 4 1 13 3 1 3 0
> GRENADE 2 11 3 2 3
> GRENADE 1 1 1 3 3
> BAT1 8 1 10 1 7 3 1 4 8 5 1 6 5 6 3 7 11 7 5 8 9 8 13 8 6 9 8 9 13 9 13 10 7 11 13 11 3 13 4 13 5 13 6 13 8 3 3 6 5 3
> BAT2 4 1 5 1 6 1 13 4 7 5 13 5 13 6 5 7 9 7 1 8 11 8 1 9 7 9 11 9 1 10 1 11 5 11 6 11 8 13 9 13 10 13 11 13 11 5
> BAT3 7 1 6 3 11 6 1 7 7 7 13 7 3 8 3 9 8 11 9 11 7 13
< RES 1637330498 31 1
> REQ 1637330498 32 1
> VAMPIRE 1 3 3 3 0 3 0
> VAMPIRE 2 9 5 3 0 3 0
> VAMPIRE 3 13 13 3 1 3 0
> VAMPIRE 4 1 13 3 1 3 0
> GRENADE 2 11 3 1 3
> GRENADE 1 1 1 2 3
> BAT1 8 1 10 1 7 3 1 4 8 5 1 6 5 6 3 7 11 7 5 8 9 8 13 8 6 9 8 9 13 9 13 10 7 11 13 11 3 13 4 13 5 13 6 13 8 3 3 6 5 3
> BAT2 4 1 5 1 6 1 13 4 7 5 13 5 13 6 5 7 9 7 1 8 11 8 1 9 7 9 11 9 1 10 1 11 5 11 6 11 8 13 9 13 10 13 11 13 11 5
> BAT3 7 1 6 3 11 6 1 7 7 7 13 7 3 8 3 9 8 11 9 11 7 13
< RES 1637330498 32 1
< MOVE R R
> REQ 1637330498 33 1
> VAMPIRE 1 3 5 3 0 3 0
> VAMPIRE 2 9 5 3 1 3 0
> VAMPIRE 3 13 13 3 1 3 0
> VAMPIRE 4 1 13 3 1 3 0
> GRENADE 1 1 1 1 3
> BAT1 8 1 10 1 7 3 1 4 8 5 1 6 5 6 3 7 11 7 5 8 9 8 13 8 6 9 8 9 13 9 13 10 7 11 13 11 3 13 4 13 5 13 6 13 3 6 5 3 11 5
> BAT2 4 1 5 1 6 1 13 4 7 5 13 5 13 6 5 7 9 7 1 8 11 8 1 9 7 9 11 9 1 10 1 11 5 11 6 11 8 13 9 13 10 13 11 13
> BAT3 7 1 6 3 11 6 1 7 7 7 13 7 3 8 3 9 8 11 9 11 7 13
< RES 1637330498 33 1
< MOVE D D
> REQ 1637330498 34 1
> VAMPIRE 1 5 5 3 1 3 0
> VAMPIRE 2 9 5 3 0 3 0
> VAMPIRE 3 13 13 3 1 3 0
> VAMPIRE 4 1 13 3 1 3 0
> GRENADE 2 9 5 5 3
> BAT1 8 1 10 1 7 3 8 5 1 6 5 6 3 7 11 7 5 8 9 8 13 8 6 9 8 9 13 9 13 10 7 11 13 11 3 13 4 13 5 13 6 13 4 1 3 6 5 3 11 5
> BAT2 5 1 6 1 13 4 7 5 13 5 13 6 5 7 9 7 1 8 11 8 1 9 7 9 11 9 1 10 1 11 5 11 6 11 8 13 9 13 10 13 11 13
> BAT3 7 1 6 3 11 6 1 7 7 7 13 7 3 8 3 9 8 11 9 11 7 13
< RES 1637330498 34 1
< GRENADE
< MOVE U U
> REQ 1637330498 35 1
> VAMPIRE 1 3 5 3 0 3 0
> VAMPIRE 2 9 5 3 0 3 0
> VAMPIRE 3 13 13 3 1 3 0
> VAMPIRE 4 1 13 3 1 3 0
> GRENADE 2 9 9 4 3
> GRENADE 1 5 5 5 3
> BAT1 8 1 10 1 7 3 8 5 1 6 5 6 3 7 11 7 5 8 9 8 13 8 6 9 8 9 13 9 13 10 7 11 13 11 3 13 4 13 5 13 6 13 4 1 3 6 5 3 11 5
> BAT2 5 1 6 1 13 4 7 5 13 5 13 6 5 7 9 7 1 8 11 8 1 9 7 9 11 9 1 10 1 11 5 11 6 11 8 13 9 13 10 13 11 13
> BAT3 7 1 6 3 11 6 1 7 7 7 13 7 3 8 3 9 8 11 9 11 7 13
< RES 1637330498 35 1
< MOVE L L
> REQ 1637330498 36 1
> VAMPIRE 1 3 3 3 0 3 0
> VAMPIRE 2 9 3 3 0 3 0
> VAMPIRE 3 13 13 3 1 3 0
> VAMPIRE 4 1 13 3 1 3 0
> GRENADE 2 9 9 3 3
> GRENADE 1 5 5 4 3
> BAT1 8 1 10 1 7 3 8 5 1 6 5 6 3 7 11 7 5 8 9 8 13 8 6 9 8 9 13 9 13 10 7 11 13 11 3 13 4 13 5 13 6 13 4 1 3 6 5 3 11 5
> BAT2 5 1 6 1 13 4 7 5 13 5 13 6 5 7 9 7 1 8 11 8 1 9 7 9 11 9 1 10 1 11 5 11 6 11 8 13 9 13 10 13 11 13
> BAT3 7 1 6 3 11 6 1 7 7 7 13 7 3 8 3 9 8 11 9 11 7 13
< RES 1637330498 36 1
> REQ 1637330498 37 1
> VAMPIRE 1 3 3 3 0 3 0
> VAMPIRE 2 9 3 3 0 3 0
> VAMPIRE 3 13 13 3 1 3 0
> VAMPIRE 4 1 13 3 1 3 0
> GRENADE 2 9 9 2 3
> GRENADE 1 5 5 3 3
> BAT1 8 1 10 1 7 3 8 5 1 6 5 6 3 7 11 7 5 8 9 8 13 8 6 9 8 9 13 9 13 10 7 11 13 11 3 13 4 13 5 13 6 13 4 1 3 6 5 3 11 5
> BAT2 5 1 6 1 13 4 7 5 13 5 13 6 5 7 9 7 1 8 11 8 1 9 7 9 11 9 1 10 1 11 5 11 6 11 8 13 9 13 10 13 11 13
> BAT3 7 1 6 3 11 6 1 7 7 7 13 7 3 8 3 9 8 11 9 11 7 13
< RES 1637330498 37 1
> REQ 1637330498 38 1
> VAMPIRE 1 3 3 3 0 3 0
> VAMPIRE 2 9 5 3 0 3 0
> VAMPIRE 3 13 13 3 1 3 0
> VAMPIRE 4 1 13 3 1 3 0
> GRENADE 2 9 9 1 3
> GRENADE 1 5 5 2 3
> BAT1 8 1 10 1 7 3 8 5 1 6 5 6 3 7 11 7 5 8 9 8 13 8 6 9 8 9 13 9 13 10 7 11 13 11 3 13 4 13 5 13 6 13 4 1 3 6 5 3 11 5
> BAT2 5 1 6 1 13 4 7 5 13 5 13 6 5 7 9 7 1 8 11 8 1 9 7 9 11 9 1 10 1 11 5 11 6 11 8 13 9 13 10 13 11 13
> BAT3 7 1 6 3 11 6 1 7 7 7 13 7 3 8 3 9 8 11 9 11 7 13
< RES 1637330498 38 1
> REQ 1637330498 39 1
> VAMPIRE 1 3 3 3 0 3 0
> VAMPIRE 2 9 5 3 1 3 0
> VAMPIRE 3 13 13 3 1 3 0
> VAMPIRE 4 1 13 3 1 3 0
> GRENADE 1 5 5 1 3
> BAT1 8 1 10 1 7 3 8 5 1 6 5 6 3 7 11 7 5 8 13 8 6 9 13 9 13 10 7 11 13 11 3 13 4 13 5 13 6 13 4 1 3 6 11 9 5 3 11 5
> BAT2 5 1 6 1 13 4 7 5 13 5 13 6 5 7 9 7 1 8 11 8 1 9 7 9 1 10 1 11 5 11 6 11 8 13 9 13 10 13 11 13 9 11
> BAT3 7 1 6 3 11 6 1 7 7 7 13 7 3 8 3 9 8 11 7 13
< RES 1637330498 39 1
> REQ 1637330498 40 1
> VAMPIRE 1 3 3 3 1 3 0
> VAMPIRE 2 9 5 3 0 3 0
> VAMPIRE 3 13 13 3 1 3 0
> VAMPIRE 4 1 13 3 1 3 0
> GRENADE 2 9 5 5 3
> BAT1 8 1 10 1 7 3 8 5 1 6 3 7 11 7 5 8 13 8 6 9 13 9 13 10 7 11 13 11 3 13 4 13 5 13 6 13 4 1 7 5 3 6 11 9 11 5
> BAT2 5 1 6 1 13 4 13 5 13 6 5 7 9 7 1 8 11 8 1 9 7 9 1 10 1 11 5 11 6 11 8 13 9 13 10 13 11 13 9 11
> BAT3 7 1 6 3 11 6 1 7 7 7 13 7 3 8 3 9 8 11 7 13
< RES 1637330498 40 1
< GRENADE
> REQ 1637330498 41 1
> VAMPIRE 1 3 3 3 0 3 0
> VAMPIRE 2 9 5 3 0 3 0
> VAMPIRE 3 13 13 3 1 3 0
> VAMPIRE 4 1 13 3 1 3 0
> GRENADE 2 9 9 4 3
> GRENADE 1 3 3 5 3
> BAT1 8 1 10 1 7 3 8 5 1 6 3 7 11 7 5 8 13 8 6 9 13 9 13 10 7 11 13 11 3 13 4 13 5 13 6 13 4 1 7 5 3 6 11 9 11 5
> BAT2 5 1 6 1 13 4 13 5 13 6 5 7 9 7 1 8 11 8 1 9 7 9 1 10 1 11 5 11 6 11 8 13 9 13 10 13 11 13 9 11
> BAT3 7 1 6 3 11 6 1 7 7 7 13 7 3 8 3 9 8 11 7 13
< RES 1637330498 41 1
< THROW XD 2
< MOVE R R
> REQ 1637330498 42 1
> VAMPIRE 1 3 5 3 0 3 0
> VAMPIRE 2 9 3 3 0 3 0
> VAMPIRE 3 13 13 3 1 3 0
> VAMPIRE 4 1 13 3 1 3 0
> GRENADE 2 9 9 3 3
> GRENADE 1 5 3 4 3
> BAT1 8 1 10 1 7 3 8 5 1 6 3 7 11 7 5 8 13 8 6 9 13 9 13 10 7 11 13 11 3 13 4 13 5 13 6 13 4 1 7 5 3 6 11 9 11 5
> BAT2 5 1 6 1 13 4 13 5 13 6 5 7 9 7 1 8 11 8 1 9 7 9 1 10 1 11 5 11 6 11 8 13 9 13 10 13 11 13 9 11
> BAT3 7 1 6 3 11 6 1 7 7 7 13 7 3 8 3 9 8 11 7 13
< RES 1637330498 42 1
> REQ 1637330498 43 1
> VAMPIRE 1 3 5 3 0 3 0
> VAMPIRE 2 9 3 3 0 3 0
> VAMPIRE 3 13 13 3 1 3 0
> VAMPIRE 4 1 13 3 1 3 0
> GRENADE 2 9 9 2 3
> GRENADE 1 5 3 3 3
> BAT1 8 1 10 1 7 3 8 5 1 6 3 7 11 7 5 8 13 8 6 9 13 9 13 10 7 11 13 11 3 13 4 13 5 13 6 13 4 1 7 5 3 6 11 9 11 5
> BAT2 5 1 6 1 13 4 13 5 13 6 5 7 9 7 1 8 11 8 1 9 7 9 1 10 1 11 5 11 6 11 8 13 9 13 10 13 11 13 9 11
> BAT3 7 1 6 3 11 6 1 7 7 7 13 7 3 8 3 9 8 11 7 13
< RES 1637330498 43 1
> REQ 1637330498 44 1
> VAMPIRE 1 3 5 3 0 3 0
> VAMPIRE 2 9 5 3 0 3 0
> VAMPIRE 3 13 13 3 1 3 0
> VAMPIRE 4 1 13 3 1 3 0
> GRENADE 2 9 9 1 3
> GRENADE 1 5 3 2 3
> BAT1 8 1 10 1 7 3 8 5 1 6 3 7 11 7 5 8 13 8 6 9 13 9 13 10 7 11 13 11 3 13 4 13 5 13 6 13 4 1 7 5 3 6 11 9 11 5
> BAT2 5 1 6 1 13 4 13 5 13 6 5 7 9 7 1 8 11 8 1 9 7 9 1 10 1 11 5 11 6 11 8 13 9 13 10 13 11 13 9 11
> BAT3 7 1 6 3 11 6 1 7 7 7 13 7 3 8 3 9 8 11 7 13
< RES 1637330498 44 1
> REQ 1637330498 45 1
> VAMPIRE 1 3 5 3 0 3 0
> VAMPIRE 2 9 5 3 1 3 0
> VAMPIRE 3 13 13 3 1 3 0
> VAMPIRE 4 1 13 3 1 3 0
> GRENADE 1 5 3 1 3
> BAT1 8 1 10 1 7 3 8 5 1 6 3 7 11 7 5 8 13 8 6 9 13 9 13 10 7 11 13 11 3 13 4 13 5 13 6 13 4 1 7 5 3 6 9 7 7 9 11 5 9 11
> BAT2 5 1 6 1 13 4 13 5 13 6 5 7 1 8 11 8 1 9 1 10 1 11 5 11 6 11 8 13 9 13 10 13 11 13
> BAT3 7 1 6 3 11 6 1 7 7 7 13 7 3 8 3 9 8 11 7 13
< RES 1637330498 45 1
< MOVE D D
> REQ 1637330498 46 1
> VAMPIRE 1 5 5 3 1 3 0
> VAMPIRE 2 9 3 3 0 3 0
> VAMPIRE 3 13 13 3 1 3 0
> VAMPIRE 4 1 13 3 1 3 0
> GRENADE 2 9 5 5 3
> BAT1 8 1 10 1 7 3 8 5 1 6 3 7 11 7 5 8 13 8 6 9 13 9 13 10 7 11 13 11 3 13 4 13 5 13 6 13 4 1 5 1 7 5 3 6 9 7 7 9 11 5 9 11
> BAT2 6 1 13 4 13 5 13 6 5 7 1 8 11 8 1 9 1 10 1 11 5 11 6 11 8 13 9 13 10 13 11 13 6 3
> BAT3 7 1 11 6 1 7 7 7 13 7 3 8 3 9 8 11 7 13
< RES 1637330498 46 1
< GRENADE
> REQ 1637330498 47 1
> VAMPIRE 1 5 5 3 0 3 0
> VAMPIRE 2 11 3 3 0 3 0
> VAMPIRE 3 13 13 3 1 3 0
> VAMPIRE 4 1 13 3 1 3 0
> GRENADE 2 9 5 4 3
> GRENADE 1 5 5 5 3
> BAT1 8 1 10 1 7 3 8 5 1 6 3 7 11 7 5 8 13 8 6 9 13 9 13 10 7 11 13 11 3 13 4 13 5 13 6 13 4 1 5 1 7 5 3 6 9 7 7 9 11 5 9 11
> BAT2 6 1 13 4 13 5 13 6 5 7 1 8 11 8 1 9 1 10 1 11 5 11 6 11 8 13 9 13 10 13 11 13 6 3
> BAT3 7 1 11 6 1 7 7 7 13 7 3 8 3 9 8 11 7 13
< RES 1637330498 47 1
< THROW XR 4
> REQ 1637330498 48 1
> VAMPIRE 1 5 5 3 0 3 0
> VAMPIRE 2 11 3 3 0 3 0
> VAMPIRE 3 13 13 3 1 3 0
> VAMPIRE 4 1 13 3 1 3 0
> GRENADE 2 9 5 3 3
> GRENADE 1 5 9 4 3
> BAT1 8 1 10 1 7 3 8 5 1 6 3 7 11 7 5 8 13 8 6 9 13 9 13 10 7 11 13 11 3 13 4 13 5 13 6 13 4 1 5 1 7 5 3 6 9 7 7 9 11 5 9 11
> BAT2 6 1 13 4 13 5 13 6 5 7 1 8 11 8 1 9 1 10 1 11 5 11 6 11 8 13 9 13 10 13 11 13 6 3
> BAT3 7 1 11 6 1 7 7 7 13 7 3 8 3 9 8 11 7 13
< RES 1637330498 48 1
> REQ 1637330498 49 1
> VAMPIRE 1 5 5 3 0 3 0
> VAMPIRE 2 9 3 3 0 3 0
> VAMPIRE 3 13 13 3 1 3 0
> VAMPIRE 4 1 13 3 1 3 0
> GRENADE 2 9 5 2 3
> GRENADE 1 5 9 3 3
> BAT1 8 1 10 1 7 3 8 5 1 6 3 7 11 7 5 8 13 8 6 9 13 9 13 10 7 11 13 11 3 13 4 13 5 13 6 13 4 1 5 1 7 5 3 6 9 7 7 9 11 5 9 11
> BAT2 6 1 13 4 13 5 13 6 5 7 1 8 11 8 1 9 1 10 1 11 5 11 6 11 8 13 9 13 10 13 11 13 6 3
> BAT3 7 1 11 6 1 7 7 7 13 7 3 8 3 9 8 11 7 13
< RES 1637330498 49 1
> REQ 1637330498 50 1
> VAMPIRE 1 5 5 3 0 3 0
> VAMPIRE 2 11 3 3 0 3 0
> VAMPIRE 3 13 13 3 1 3 0
> VAMPIRE 4 1 13 3 1 3 0
> GRENADE 2 9 5 1 3
> GRENADE 1 5 9 2 3
> BAT1 8 1 10 1 7 3 8 5 1 6 3 7 11 7 5 8 13 8 6 9 13 9 13 10 7 11 13 11 3 13 4 13 5 13 6 13 4 1 5 1 7 5 3 6 9 7 7 9 11 5 9 11
> BAT2 6 1 13 4 13 5 13 6 5 7 1 8 11 8 1 9 1 10 1 11 5 11 6 11 8 13 9 13 10 13 11 13 6 3
> BAT3 7 1 11 6 1 7 7 7 13 7 3 8 3 9 8 11 7 13
< RES 1637330498 50 1
> REQ 1637330498 51 1
> VAMPIRE 1 5 5 3 0 3 0
> VAMPIRE 2 9 3 3 1 3 0
> VAMPIRE 3 13 12 3 1 3 0
> VAMPIRE 4 1 13 3 1 3 0
> GRENADE 1 5 9 1 3
> BAT1 8 1 10 1 7 3 1 6 3 7 11 7 5 8 13 8 6 9 13 9 13 10 7 11 13 11 3 13 4 13 5 13 6 13 4 1 5 1 7 5 3 6 7 9 9 11
> BAT2 6 1 13 4 13 5 13 6 5 7 1 8 11 8 1 9 1 10 1 11 5 11 6 11 8 13 9 13 10 13 11 13 6 3
> BAT3 7 1 11 6 1 7 7 7 13 7 3 8 3 9 8 11 7 13
< RES 1637330498 51 1
> REQ 1637330498 52 1
> VAMPIRE 1 5 5 3 1 3 0
> VAMPIRE 2 9 3 3 0 3 0
> VAMPIRE 3 12 13 3 0 3 0
> VAMPIRE 4 1 13 3 1 3 0
> GRENADE 2 9 3 5 3
> GRENADE 3 13 12 5 3
> BAT1 8 1 10 1 7 3 1 6 3 7 11 7 13 8 13 9 13 10 7 11 13 11 3 13 4 13 5 13 6 13 4 1 5 1 7 5 3 6 7 9 5 11 9 11
> BAT2 6 1 13 4 13 5 13 6 5 7 1 8 11 8 1 9 1 10 1 11 6 11 8 13 9 13 10 13 11 13 6 3 3 9
> BAT3 7 1 11 6 1 7 7 7 13 7 3 8 8 11 7 13
< RES 1637330498 52 1
< GRENADE
> REQ 1637330498 53 1
> VAMPIRE 1 5 5 3 0 3 0
> VAMPIRE 2 9 3 3 0 3 0
> VAMPIRE 3 12 13 3 0 3 0
> VAMPIRE 4 1 13 3 1 3 0
> GRENADE 2 5 3 4 3
> GRENADE 3 13 12 4 3
> GRENADE 1 5 5 5 3
> BAT1 8 1 10 1 7 3 1 6 3 7 11 7 13 8 13 9 13 10 7 11 13 11 3 13 4 13 5 13 6 13 4 1 5 1 7 5 3 6 7 9 5 11 9 11
> BAT2 6 1 13 4 13 5 13 6 5 7 1 8 11 8 1 9 1 10 1 11 6 11 8 13 9 13 10 13 11 13 6 3 3 9
> BAT3 7 1 11 6 1 7 7 7 13 7 3 8 8 11 7 13
< RES 1637330498 53 1
< THROW XR 4
< MOVE U U
> REQ 1637330498 54 1
> VAMPIRE 1 3 5 3 0 3 0
> VAMPIRE 2 9 3 3 0 3 0
> VAMPIRE 3 12 13 3 0 3 0
> VAMPIRE 4 1 13 3 1 3 0
> GRENADE 2 5 3 3 3
> GRENADE 3 13 12 3 3
> GRENADE 1 5 9 4 3
> BAT1 8 1 10 1 7 3 1 6 3 7 11 7 13 8 13 9 13 10 7 11 13 11 3 13 4 13 5 13 6 13 4 1 5 1 7 5 3 6 7 9 5 11 9 11
> BAT2 6 1 13 4 13 5 13 6 5 7 1 8 11 8 1 9 1 10 1 11 6 11 8 13 9 13 10 13 11 13 6 3 3 9
> BAT3 7 1 11 6 1 7 7 7 13 7 3 8 8 11 7 13
< RES 1637330498 54 1
> REQ 1637330498 55 1
> VAMPIRE 1 3 5 3 0 3 0
> VAMPIRE 2 9 3 3 0 3 0
> VAMPIRE 3 12 13 3 0 3 0
> VAMPIRE 4 1 13 3 1 3 0
> GRENADE 2 5 3 2 3
> GRENADE 3 13 12 2 3
> GRENADE 1 5 9 3 3
> BAT1 8 1 10 1 7 3 1 6 3 7 11 7 13 8 13 9 13 10 7 11 13 11 3 13 4 13 5 13 6 13 4 1 5 1 7 5 3 6 7 9 5 11 9 11
> BAT2 6 1 13 4 13 5 13 6 5 7 1 8 11 8 1 9 1 10 1 11 6 11 8 13 9 13 10 13 11 13 6 3 3 9
> BAT3 7 1 11 6 1 7 7 7 13 7 3 8 8 11 7 13
< RES 1637330498 55 1
> REQ 1637330498 56 1
> VAMPIRE 1 3 5 3 0 3 0
> VAMPIRE 2 9 2 3 0 3 0
> VAMPIRE 3 12 13 3 0 3 0
> VAMPIRE 4 1 13 3 1 3 0
> GRENADE 2 5 3 1 3
> GRENADE 3 13 12 1 3
> GRENADE 1 5 9 2 3
> BAT1 8 1 10 1 7 3 1 6 3 7 11 7 13 8 13 9 13 10 7 11 13 11 3 13 4 13 5 13 6 13 4 1 5 1 7 5 3 6 7 9 5 11 9 11
> BAT2 6 1 13 4 13 5 13 6 5 7 1 8 11 8 1 9 1 10 1 11 6 11 8 13 9 13 10 13 11 13 6 3 3 9
> BAT3 7 1 11 6 1 7 7 7 13 7 3 8 8 11 7 13
< RES 1637330498 56 1
< MOVE D D
> REQ 1637330498 57 1
> VAMPIRE 1 5 5 3 0 3 0
> VAMPIRE 2 9 1 3 1 3 0
> VAMPIRE 3 13 13 3 1 3 0
> VAMPIRE 4 1 13 3 1 3 0
> GRENADE 1 5 9 1 3
> BAT1 8 1 10 1 7 3 1 6 3 7 11 7 13 8 13 9 13 10 7 11 3 13 4 13 5 13 6 13 4 1 7 5 3 6 7 9 5 11 6 3 9 11
> BAT2 6 1 13 4 13 5 13 6 5 7 1 8 11 8 1 9 1 10 1 11 6 11 8 13 9 13 10 13 11 13 3 9
> BAT3 7 1 11 6 1 7 7 7 13 7 3 8 8 11 7 13
< RES 1637330498 57 1
> REQ 1637330498 58 1
> VAMPIRE 1 5 5 3 1 3 0
> VAMPIRE 2 9 3 3 0 3 0
> VAMPIRE 3 13 11 3 0 3 0
> VAMPIRE 4 1 13 3 1 3 0
> GRENADE 2 9 1 5 3
> GRENADE 3 13 13 5 3
> BAT1 8 1 10 1 7 3 1 6 3 7 11 7 13 8 13 9 13 10 7 11 3 13 4 13 5 13 6 13 4 1 7 5 3 6 5 7 6 3 3 9 9 11
> BAT2 6 1 13 4 13 5 13 6 1 8 11 8 1 9 1 10 1 11 6 11 8 13 9 13 10 13 11 13
> BAT3 7 1 11 6 1 7 7 7 13 7 3 8 8 11 7 13
< RES 1637330498 58 1
< GRENADE
< MOVE U U
> REQ 1637330498 59 1
> VAMPIRE 1 3 5 3 0 3 0
> VAMPIRE 2 9 5 3 0 3 0
> VAMPIRE 3 11 11 3 0 3 0
> VAMPIRE 4 1 13 3 1 3 0
> GRENADE 2 9 1 4 3
> GRENADE 3 13 13 4 3
> GRENADE 1 5 5 5 3
> BAT1 8 1 10 1 7 3 1 6 3 7 11 7 13 8 13 9 13 10 7 11 3 13 4 13 5 13 6 13 4 1 7 5 3 6 5 7 6 3 3 9 9 11
> BAT2 6 1 13 4 13 5 13 6 1 8 11 8 1 9 1 10 1 11 6 11 8 13 9 13 10 13 11 13
> BAT3 7 1 11 6 1 7 7 7 13 7 3 8 8 11 7 13
< RES 1637330498 59 1
< MOVE L L
> REQ 1637330498 60 1
> VAMPIRE 1 3 3 3 0 3 0
> VAMPIRE 2 9 5 3 0 3 0
> VAMPIRE 3 11 11 3 0 3 0
> VAMPIRE 4 1 13 3 1 3 0
> GRENADE 2 9 1 3 3
> GRENADE 3 13 13 3 3
> GRENADE 1 5 5 4 3
> BAT1 8 1 10 1 7 3 1 6 3 7 11 7 13 8 13 9 13 10 7 11 3 13 4 13 5 13 6 13 4 1 7 5 3 6 5 7 6 3 3 9 9 11
> BAT2 6 1 13 4 13 5 13 6 1 8 11 8 1 9 1 10 1 11 6 11 8 13 9 13 10 13 11 13
> BAT3 7 1 11 6 1 7 7 7 13 7 3 8 8 11 7 13
< RES 1637330498 60 1
> REQ 1637330498 61 1
> VAMPIRE 1 3 3 3 0 3 0
> VAMPIRE 2 9 5 3 0 3 0
> VAMPIRE 3 11 11 3 0 3 0
> VAMPIRE 4 1 13 3 1 3 0
> GRENADE 2 9 1 2 3
> GRENADE 3 13 13 2 3
> GRENADE 1 5 5 3 3
> BAT1 8 1 10 1 7 3 1 6 3 7 11 7 13 8 13 9 13 10 7 11 3 13 4 13 5 13 6 13 4 1 7 5 3 6 5 7 6 3 3 9 9 11
> BAT2 6 1 13 4 13 5 13 6 1 8 11 8 1 9 1 10 1 11 6 11 8 13 9 13 10 13 11 13
> BAT3 7 1 11 6 1 7 7 7 13 7 3 8 8 11 7 13
< RES 1637330498 61 1
> REQ 1637330498 62 1
> VAMPIRE 1 3 3 3 0 3 0
> VAMPIRE 2 9 5 3 0 3 0
> VAMPIRE 3 11 11 3 0 3 0
> VAMPIRE 4 1 13 3 1 3 0
> GRENADE 2 9 1 1 3
> GRENADE 3 13 13 1 3
> GRENADE 1 5 5 2 3
> BAT1 8 1 10 1 7 3 1 6 3 7 11 7 13 8 13 9 13 10 7 11 3 13 4 13 5 13 6 13 4 1 7 5 3 6 5 7 6 3 3 9 9 11
> BAT2 6 1 13 4 13 5 13 6 1 8 11 8 1 9 1 10 1 11 6 11 8 13 9 13 10 13 11 13
> BAT3 7 1 11 6 1 7 7 7 13 7 3 8 8 11 7 13
< RES 1637330498 62 1
> REQ 1637330498 63 1
> VAMPIRE 1 3 3 3 0 3 0
> VAMPIRE 2 11 5 3 1 3 0
> VAMPIRE 3 11 11 3 1 3 0
> VAMPIRE 4 1 13 3 1 3 0
> GRENADE 1 5 5 1 3
> BAT1 7 3 1 6 3 7 11 7 13 8 13 9 7 11 3 13 4 13 5 13 6 13 4 1 7 5 3 6 5 7 11 13 6 3 3 9 9 11
> BAT2 6 1 13 4 13 5 13 6 1 8 11 8 1 9 1 10 1 11 6 11 8 13 9 13 10 13
> BAT3 7 1 11 6 1 7 7 7 13 7 3 8 8 11 7 13
< RES 1637330498 63 1
> REQ 1637330498 64 1
> VAMPIRE 1 3 3 3 1 3 0
> VAMPIRE 2 9 5 3 0 3 0
> VAMPIRE 3 11 9 3 0 3 0
> VAMPIRE 4 1 13 3 1 3 0
> GRENADE 2 11 5 5 3
> GRENADE 3 11 11 5 3
> BAT1 7 3 1 6 3 7 11 7 13 8 13 9 7 11 3 13 4 13 5 13 6 13 4 1 3 6 11 13 6 3 3 9 9 11
> BAT2 6 1 13 4 13 5 13 6 1 8 11 8 1 9 1 10 1 11 6 11 8 13 9 13 10 13
> BAT3 7 1 11 6 1 7 7 7 13 7 3 8 8 11 7 13
< RES 1637330498 64 1
< GRENADE
< MOVE D D
> REQ 1637330498 65 1
> VAMPIRE 1 5 3 3 0 3 0
> VAMPIRE 2 9 3 3 0 3 0
> VAMPIRE 3 10 9 3 0 3 0
> VAMPIRE 4 1 13 3 1 3 0
> GRENADE 2 11 5 4 3
> GRENADE 3 11 11 4 3
> GRENADE 1 3 3 5 3
> BAT1 7 3 1 6 3 7 11 7 13 8 13 9 7 11 3 13 4 13 5 13 6 13 4 1 3 6 11 13 6 3 3 9 9 11
> BAT2 6 1 13 4 13 5 13 6 1 8 11 8 1 9 1 10 1 11 6 11 8 13 9 13 10 13
> BAT3 7 1 11 6 1 7 7 7 13 7 3 8 8 11 7 13
< RES 1637330498 65 1
< MOVE R R
> REQ 1637330498 66 1
> VAMPIRE 1 5 5 3 0 3 0
> VAMPIRE 2 10 3 3 0 3 0
> VAMPIRE 3 9 9 3 0 3 0
> VAMPIRE 4 1 13 3 1 3 0
> GRENADE 2 11 5 3 3
> GRENADE 3 11 11 3 3
> GRENADE 1 3 3 4 3
> BAT1 7 3 1 6 3 7 11 7 13 8 13 9 7 11 3 13 4 13 5 13 6 13 4 1 3 6 11 13 6 3 3 9 9 11
> BAT2 6 1 13 4 13 5 13 6 1 8 11 8 1 9 1 10 1 11 6 11 8 13 9 13 10 13
> BAT3 7 1 11 6 1 7 7 7 13 7 3 8 8 11 7 13
< RES 1637330498 66 1
< MOVE R R
> REQ 1637330498 67 1
> VAMPIRE 1 5 7 3 0 3 0
> VAMPIRE 2 11 4 3 0 3 0
> VAMPIRE 3 9 9 3 0 3 0
> VAMPIRE 4 1 13 3 1 3 0
> GRENADE 2 11 5 2 3
> GRENADE 3 11 11 2 3
> GRENADE 1 3 3 3 3
> BAT1 7 3 1 6 3 7 11 7 13 8 13 9 7 11 3 13 4 13 5 13 6 13 4 1 3 6 11 13 6 3 3 9 9 11
> BAT2 6 1 13 4 13 5 13 6 1 8 11 8 1 9 1 10 1 11 6 11 8 13 9 13 10 13
> BAT3 7 1 11 6 1 7 7 7 13 7 3 8 8 11 7 13
< RES 1637330498 67 1
< MOVE R R
> REQ 1637330498 68 1
> VAMPIRE 1 5 9 3 0 3 0
> VAMPIRE 2 11 3 3 0 3 0
> VAMPIRE 3 8 9 3 0 3 0
> VAMPIRE 4 1 13 3 1 3 0
> GRENADE 2 11 9 1 3
> GRENADE 3 11 11 1 3
> GRENADE 1 3 3 2 3
> BAT1 7 3 1 6 3 7 11 7 13 8 13 9 7 11 3 13 4 13 5 13 6 13 4 1 3 6 11 13 6 3 3 9 9 11
> BAT2 6 1 13 4 13 5 13 6 1 8 11 8 1 9 1 10 1 11 6 11 8 13 9 13 10 13
> BAT3 7 1 11 6 1 7 7 7 13 7 3 8 8 11 7 13
< RES 1637330498 68 1
< MOVE R R
> REQ 1637330498 69 1
> VAMPIRE 1 5 11 3 0 3 0
> VAMPIRE 2 11 5 3 1 3 0
> VAMPIRE 3 7 9 2 1 3 0
> VAMPIRE 4 1 13 3 1 3 0
> GRENADE 1 3 3 1 3
> BAT1 7 3 1 6 3 7 11 7 13 8 7 11 3 13 4 13 5 13 6 13 4 1 3 6 11 8 6 3 3 9
> BAT2 6 1 13 4 13 5 13 6 1 8 1 9 1 10 1 11 6 11 8 13 9 13 10 13
> BAT3 7 1 11 6 1 7 7 7 13 7 3 8 8 11 7 13
< RES 1637330498 69 1
< MOVE U U
> REQ 1637330498 70 1
> VAMPIRE 1 3 11 3 1 3 0
> VAMPIRE 2 9 5 3 0 3 0
> VAMPIRE 3 9 9 2 1 3 0
> VAMPIRE 4 1 13 3 1 3 0
> GRENADE 2 11 5 5 3
> BAT1 7 3 1 6 3 7 11 7 13 8 7 11 3 13 4 13 5 13 6 13 4 1 11 8 3 9
> BAT2 6 1 13 4 13 5 13 6 1 8 1 9 1 10 1 11 6 11 8 13 9 13 10 13
> BAT3 7 1 11 6 1 7 7 7 13 7 3 8 8 11 7 13
< RES 1637330498 70 1
< GRENADE
< MOVE D D
> REQ 1637330498 71 1
> VAMPIRE 1 5 11 3 0 3 0
> VAMPIRE 2 7 5 3 0 3 0
> VAMPIRE 3 7 9 2 1 3 0
> VAMPIRE 4 1 13 3 1 3 0
> GRENADE 2 11 5 4 3
> GRENADE 1 3 11 5 3
> BAT1 7 3 1 6 3 7 11 7 13 8 7 11 3 13 4 13 5 13 6 13 4 1 11 8 3 9
> BAT2 6 1 13 4 13 5 13 6 1 8 1 9 1 10 1 11 6 11 8 13 9 13 10 13
> BAT3 7 1 11 6 1 7 7 7 13 7 3 8 8 11 7 13
< RES 1637330498 71 1
< MOVE L
> REQ 1637330498 72 1
> VAMPIRE 1 5 10 3 0 3 0
> VAMPIRE 2 7 5 3 0 3 0
> VAMPIRE 3 9 9 2 0 3 0
> VAMPIRE 4 1 13 3 1 3 0
> GRENADE 2 11 5 3 3
> GRENADE 1 3 11 4 3
> GRENADE 3 7 9 5 3
> BAT1 7 3 1 6 3 7 11 7 13 8 7 11 3 13 4 13 5 13 6 13 4 1 11 8 3 9
> BAT2 6 1 13 4 13 5 13 6 1 8 1 9 1 10 1 11 6 11 8 13 9 13 10 13
> BAT3 7 1 11 6 1 7 7 7 13 7 3 8 8 11 7 13
< RES 1637330498 72 1
< MOVE L L
> REQ 1637330498 73 1
> VAMPIRE 1 5 8 3 0 3 0
> VAMPIRE 2 7 5 3 0 3 0
> VAMPIRE 3 9 7 2 0 3 0
> VAMPIRE 4 1 13 3 0 3 0
> GRENADE 2 11 5 2 3
> GRENADE 1 3 11 3 3
> GRENADE 3 7 9 4 3
> GRENADE 4 1 13 5 3
> BAT1 7 3 1 6 3 7 11 7 13 8 7 11 3 13 4 13 5 13 6 13 4 1 11 8 3 9
> BAT2 6 1 13 4 13 5 13 6 1 8 1 9 1 10 1 11 6 11 8 13 9 13 10 13
> BAT3 7 1 11 6 1 7 7 7 13 7 3 8 8 11 7 13
< RES 1637330498 73 1
> REQ 1637330498 74 1
> VAMPIRE 1 5 8 3 0 3 0
> VAMPIRE 2 7 5 3 0 3 0
> VAMPIRE 3 9 7 2 0 3 0
> VAMPIRE 4 1 13 3 0 3 0
> GRENADE 2 11 5 1 3
> GRENADE 1 3 11 2 3
> GRENADE 3 7 9 3 3
> GRENADE 4 1 13 4 3
> BAT1 7 3 1 6 3 7 11 7 13 8 7 11 3 13 4 13 5 13 6 13 4 1 11 8 3 9
> BAT2 6 1 13 4 13 5 13 6 1 8 1 9 1 10 1 11 6 11 8 13 9 13 10 13
> BAT3 7 1 11 6 1 7 7 7 13 7 3 8 8 11 7 13
< RES 1637330498 74 1
> REQ 1637330498 75 1
> VAMPIRE 1 5 8 3 0 3 0
> VAMPIRE 2 7 4 3 1 3 0
> VAMPIRE 3 9 7 2 0 3 0
> VAMPIRE 4 1 13 3 0 3 0
> GRENADE 1 3 11 1 3
> GRENADE 3 7 9 2 3
> GRENADE 4 1 13 3 3
> BAT1 7 3 1 6 3 7 11 7 13 8 7 11 3 13 4 13 5 13 6 13 4 1 13 5 11 8 3 9
> BAT2 6 1 13 4 13 6 1 8 1 9 1 10 1 11 6 11 8 13 9 13 10 13 11 6
> BAT3 7 1 1 7 7 7 13 7 3 8 8 11 7 13
< RES 1637330498 75 1
< MOVE L
> REQ 1637330498 76 1
> VAMPIRE 1 5 7 3 1 3 0
> VAMPIRE 2 8 5 3 0 3 0
> VAMPIRE 3 9 7 2 0 3 0
> VAMPIRE 4 2 13 3 0 3 0
> GRENADE 3 7 9 1 3
> GRENADE 4 1 13 2 3
> GRENADE 2 7 4 5 3
> POWERUP GRENADE -5 9 13 7
> POWERUP GRENADE -5 5 1 7
> BAT1 7 3 1 6 3 7 11 7 13 8 7 11 4 13 5 13 6 13 4 1 13 5 11 8 1 11 6 11
> BAT2 6 1 13 4 13 6 1 8 1 9 1 10 8 13 9 13 10 13 11 6
> BAT3 7 1 1 7 7 7 13 7 3 8 8 11 7 13
< RES 1637330498 76 1
< GRENADE
< MOVE L L
> REQ 1637330498 77 1
> VAMPIRE 1 5 5 3 0 3 0
> VAMPIRE 2 6 5 3 0 3 0
> VAMPIRE 3 8 7 2 1 3 0
> VAMPIRE 4 3 12 3 0 3 0
> GRENADE 4 1 13 1 3
> GRENADE 2 7 4 4 3
> GRENADE 1 5 7 5 3
> POWERUP GRENADE -4 9 13 7
> POWERUP GRENADE -4 5 1 7
> BAT1 7 3 1 6 3 7 11 7 13 8 4 13 5 13 6 13 4 1 13 5 11 8 1 11 6 11
> BAT2 6 1 13 4 13 6 1 8 1 9 1 10 8 13 9 13 10 13 11 6 7 7
> BAT3 7 1 1 7 13 7 3 8 8 11 7 13
< RES 1637330498 77 1
< MOVE L L
> REQ 1637330498 78 1
> VAMPIRE 1 5 3 3 0 3 0
> VAMPIRE 2 5 4 3 0 3 0
> VAMPIRE 3 9 6 2 0 3 0
> VAMPIRE 4 3 11 3 1 3 0
> GRENADE 2 7 4 3 3
> GRENADE 1 5 7 4 3
> GRENADE 3 8 7 5 3
> POWERUP GRENADE -3 9 13 7
> POWERUP GRENADE -3 5 1 7
> BAT1 7 3 1 6 3 7 11 7 13 8 5 13 6 13 4 1 13 5 11 8 6 11
> BAT2 6 1 13 4 13 6 1 8 1 9 1 10 8 13 9 13 10 13 11 6 7 7
> BAT3 7 1 1 7 13 7 3 8 8 11 7 13
< RES 1637330498 78 1
< MOVE L L
> REQ 1637330498 79 1
> VAMPIRE 1 5 1 3 0 3 0
> VAMPIRE 2 5 2 3 0 3 0
> VAMPIRE 3 9 4 2 0 3 0
> VAMPIRE 4 3 11 3 0 3 0
> GRENADE 2 7 4 2 3
> GRENADE 1 5 7 3 3
> GRENADE 3 8 7 4 3
> GRENADE 4 3 11 5 3
> POWERUP GRENADE -2 9 13 7
> POWERUP GRENADE -2 5 1 7
> BAT1 7 3 1 6 3 7 11 7 13 8 5 13 6 13 4 1 13 5 11 8 6 11
> BAT2 6 1 13 4 13 6 1 8 1 9 1 10 8 13 9 13 10 13 11 6 7 7
> BAT3 7 1 1 7 13 7 3 8 8 11 7 13
< RES 1637330498 79 1
> REQ 1637330498 80 1
> VAMPIRE 1 5 1 3 0 3 0
> VAMPIRE 2 5 1 3 0 3 0
> VAMPIRE 3 8 3 2 0 3 0
> VAMPIRE 4 3 9 3 0 3 0
> GRENADE 2 7 4 1 3
> GRENADE 1 5 7 2 3
> GRENADE 3 8 7 3 3
> GRENADE 4 7 11 4 3
> POWERUP GRENADE -1 9 13 7
> POWERUP GRENADE -1 5 1 7
> BAT1 7 3 1 6 3 7 11 7 13 8 5 13 6 13 4 1 13 5 11 8 6 11
> BAT2 6 1 13 4 13 6 1 8 1 9 1 10 8 13 9 13 10 13 11 6 7 7
> BAT3 7 1 1 7 13 7 3 8 8 11 7 13
< RES 1637330498 80 1
> REQ 1637330498 81 1
> VAMPIRE 1 5 1 3 0 3 0
> VAMPIRE 2 5 1 3 1 3 0
> VAMPIRE 3 9 3 2 0 3 0
> VAMPIRE 4 4 9 3 0 3 0
> GRENADE 1 5 7 1 3
> GRENADE 3 8 7 2 3
> GRENADE 4 7 11 3 3
> POWERUP GRENADE 13 9 13 7
> POWERUP GRENADE 13 5 1 7
> BAT1 1 6 3 7 11 7 13 8 5 13 6 13 4 1 13 5 11 8 6 11 7 7
> BAT2 6 1 13 4 13 6 1 8 1 9 1 10 8 13 9 13 10 13 11 6
> BAT3 7 1 1 7 13 7 3 8 8 11 7 13
< RES 1637330498 81 1
< MOVE R
> REQ 1637330498 82 1
> VAMPIRE 1 5 2 3 1 3 0
> VAMPIRE 2 5 1 3 0 3 0
> VAMPIRE 3 7 3 2 0 3 0
> VAMPIRE 4 5 8 3 0 3 0
> GRENADE 3 8 7 1 3
> GRENADE 4 7 11 2 3
> GRENADE 2 5 1 5 3
> POWERUP GRENADE 12 9 13 7
> POWERUP GRENADE 12 5 1 7
> BAT1 1 6 11 7 13 8 5 13 6 13 4 1 13 5 11 8 6 11
> BAT2 6 1 13 4 13 6 1 8 1 9 1 10 8 13 9 13 10 13 11 6
> BAT3 7 1 1 7 13 7 3 8 8 11 7 13
< RES 1637330498 82 1
< GRENADE
< MOVE R U
> REQ 1637330498 83 1
> VAMPIRE 1 4 3 3 0 3 0
> VAMPIRE 2 5 1 3 0 3 0
> VAMPIRE 3 5 3 2 1 3 0
> VAMPIRE 4 5 9 3 0 3 0
> GRENADE 4 7 11 1 3
> GRENADE 2 5 1 4 3
> GRENADE 1 5 2 5 3
> POWERUP GRENADE 11 9 13 7
> POWERUP GRENADE 11 5 1 7
> BAT1 1 6 13 8 5 13 6 13 4 1 13 5 11 8 6 11
> BAT2 6 1 13 4 13 6 1 8 1 9 1 10 8 13 9 13 10 13 11 6
> BAT3 7 1 1 7 13 7 3 8 8 11 7 13
< RES 1637330498 83 1
< MOVE U
> REQ 1637330498 84 1
> VAMPIRE 1 3 3 3 0 3 0
> VAMPIRE 2 5 1 3 0 3 0
> VAMPIRE 3 7 3 2 0 3 0
> VAMPIRE 4 5 11 3 1 3 0
> GRENADE 2 5 1 3 3
> GRENADE 1 5 2 4 3
> GRENADE 3 5 3 5 3
> POWERUP GRENADE 10 9 13 7
> POWERUP GRENADE 10 5 1 7
> BAT1 1 6 13 8 5 13 6 13 4 1 13 5 11 8
> BAT2 6 1 13 4 13 6 1 8 1 9 1 10 8 13 9 13 10 13 11 6 8 11 7 13
> BAT3 7 1 1 7 13 7 3 8
< RES 1637330498 84 1
< MOVE R
> REQ 1637330498 85 1
> VAMPIRE 1 3 4 3 0 3 0
> VAMPIRE 2 5 1 3 0 3 0
> VAMPIRE 3 6 3 2 0 3 0
> VAMPIRE 4 5 9 3 0 3 0
> GRENADE 2 5 1 2 3
> GRENADE 1 5 2 3 3
> GRENADE 3 5 3 4 3
> GRENADE 4 5 11 5 3
> POWERUP GRENADE 9 9 13 7
> POWERUP GRENADE 9 5 1 7
> BAT1 1 6 13 8 5 13 6 13 4 1 13 5 11 8
> BAT2 6 1 13 4 13 6 1 8 1 9 1 10 8 13 9 13 10 13 11 6 8 11 7 13
> BAT3 7 1 1 7 13 7 3 8
< RES 1637330498 85 1
< MOVE R D
> REQ 1637330498 86 1
> VAMPIRE 1 4 5 3 0 3 0
> VAMPIRE 2 5 1 3 0 3 0
> VAMPIRE 3 7 3 2 0 3 0
> VAMPIRE 4 5 7 3 0 3 0
> GRENADE 2 5 1 1 3
> GRENADE 1 5 2 2 3
> GRENADE 3 1 3 3 3
> GRENADE 4 5 11 4 3
> POWERUP GRENADE 8 9 13 7
> POWERUP GRENADE 8 5 1 7
> BAT1 1 6 13 8 5 13 6 13 4 1 13 5 11 8
> BAT2 6 1 13 4 13 6 1 8 1 9 1 10 8 13 9 13 10 13 11 6 8 11 7 13
> BAT3 7 1 1 7 13 7 3 8
< RES 1637330498 86 1
< MOVE U L
> REQ 1637330498 87 1
> VAMPIRE 1 3 4 3 1 3 0
> VAMPIRE 2 5 1 2 2 3 0
> VAMPIRE 3 5 3 2 0 3 0
> VAMPIRE 4 5 5 3 0 3 0
> GRENADE 3 1 3 2 3
> GRENADE 4 5 11 3 3
> POWERUP GRENADE 7 9 13 7
> BAT1 1 6 13 8 5 13 6 13 6 1 13 5 11 8
> BAT2 13 4 13 6 1 8 1 9 1 10 8 13 9 13 10 13 11 6 8 11 7 13
> BAT3 7 1 1 7 13 7 3 8
< RES 1637330498 87 1
< GRENADE
> REQ 1637330498 88 1
> VAMPIRE 1 3 4 3 0 3 0
> VAMPIRE 2 5 1 2 2 3 0
> VAMPIRE 3 5 1 2 0 3 0
> VAMPIRE 4 7 5 3 0 3 0
> GRENADE 3 1 3 1 3
> GRENADE 4 5 11 2 3
> GRENADE 1 3 4 5 3
> POWERUP GRENADE 6 9 13 7
> BAT1 1 6 13 8 5 13 6 13 6 1 13 5 11 8
> BAT2 13 4 13 6 1 8 1 9 1 10 8 13 9 13 10 13 11 6 8 11 7 13
> BAT3 7 1 1 7 13 7 3 8
< RES 1637330498 88 1
< THROW XL 3
< MOVE L U
> REQ 1637330498 89 1
> VAMPIRE 1 2 3 3 0 3 0
> VAMPIRE 2 5 3 2 2 3 0
> VAMPIRE 3 4 1 2 1 3 0
> VAMPIRE 4 9 5 3 0 3 0
> GRENADE 4 5 11 1 3
> GRENADE 1 3 1 4 3
> POWERUP GRENADE 5 9 13 7
> BAT1 13 8 5 13 6 13 6 1 13 5 11 8
> BAT2 13 4 13 6 1 8 1 9 1 10 8 13 9 13 10 13 11 6 8 11 7 13
> BAT3 7 1 1 7 13 7 3 8
< RES 1637330498 89 1
< MOVE U L
> REQ 1637330498 90 1
> VAMPIRE 1 1 2 3 0 3 0
> VAMPIRE 2 5 3 2 1 3 0
> VAMPIRE 3 5 1 2 1 3 0
> VAMPIRE 4 10 5 3 1 3 0
> GRENADE 1 3 1 3 3
> GRENADE 2 5 3 5 3
> POWERUP GRENADE 4 9 13 7
> BAT1 13 8 6 13 6 1 13 5 11 8 8 11
> BAT2 13 4 13 6 1 8 1 9 1 10 8 13 9 13 10 13 11 6 7 13
> BAT3 7 1 1 7 13 7 3 8
< RES 1637330498 90 1
< MOVE R R
> REQ 1637330498 91 1
> VAMPIRE 1 1 4 3 0 3 0
> VAMPIRE 2 7 3 2 1 3 0
> VAMPIRE 3 5 1 2 0 3 0
> VAMPIRE 4 11 5 3 1 3 0
> GRENADE 1 3 1 2 3
> GRENADE 2 5 1 4 3
> GRENADE 3 5 1 5 3
> POWERUP GRENADE 3 9 13 7
> BAT1 13 8 6 13 6 1 13 5 11 8 8 11
> BAT2 13 4 13 6 1 8 1 9 1 10 8 13 9 13 10 13 11 6 7 13
> BAT3 7 1 1 7 13 7 3 8
< RES 1637330498 91 1
< MOVE R
> REQ 1637330498 92 1
> VAMPIRE 1 1 5 3 0 3 0
> VAMPIRE 2 7 3 2 0 3 0
> VAMPIRE 3 5 2 2 0 3 0
> VAMPIRE 4 9 5 3 0 3 0
> GRENADE 1 3 1 1 3
> GRENADE 2 5 1 3 3
> GRENADE 3 9 1 4 3
> GRENADE 2 7 3 5 3
> GRENADE 4 11 5 5 3
> POWERUP GRENADE 2 9 13 7
> BAT1 13 8 6 13 6 1 13 5 11 8 8 11
> BAT2 13 4 13 6 1 8 1 9 1 10 8 13 9 13 10 13 11 6 7 13
> BAT3 7 1 1 7 13 7 3 8
< RES 1637330498 92 1
< MOVE D D
> REQ 1637330498 93 1
> VAMPIRE 1 3 5 3 1 3 0
> VAMPIRE 2 7 4 2 1 3 0
> VAMPIRE 3 5 3 1 0 3 0
> VAMPIRE 4 9 7 3 0 3 0
> GRENADE 3 9 1 3 3
> GRENADE 2 11 3 4 3
> GRENADE 4 11 5 4 3
> POWERUP GRENADE 1 9 13 7
> BAT1 13 8 6 13 13 5 11 8 8 11
> BAT2 13 4 13 6 1 8 1 9 1 10 8 13 9 13 10 13 11 6 7 13
> BAT3 7 1 1 7 13 7 3 8
< RES 1637330498 93 1
< MOVE R R
> REQ 1637330498 94 1
> VAMPIRE 1 3 7 3 1 3 0
> VAMPIRE 2 7 4 2 0 3 0
> VAMPIRE 3 5 1 1 0 3 0
> VAMPIRE 4 7 7 3 0 3 0
> GRENADE 3 9 1 2 3
> GRENADE 2 11 3 3 3
> GRENADE 4 11 5 3 3
> GRENADE 2 7 4 5 3
> BAT1 13 8 6 13 13 5 11 8 8 11
> BAT2 13 4 13 6 1 8 1 9 1 10 8 13 9 13 10 13 11 6 7 13
> BAT3 7 1 1 7 13 7 3 8
< RES 1637330498 94 1
< GRENADE
< MOVE L L
> REQ 1637330498 95 1
> VAMPIRE 1 3 5 3 0 3 0
> VAMPIRE 2 6 3 2 0 3 0
> VAMPIRE 3 5 1 1 0 3 0
> VAMPIRE 4 9 7 3 0 3 0
> GRENADE 3 9 1 1 3
> GRENADE 2 11 3 2 3
> GRENADE 4 11 5 2 3
> GRENADE 2 7 4 4 3
> GRENADE 1 3 7 5 3
> BAT1 13 8 6 13 13 5 11 8 8 11
> BAT2 13 4 13 6 1 8 1 9 1 10 8 13 9 13 10 13 11 6 7 13
> BAT3 7 1 1 7 13 7 3 8
< RES 1637330498 95 1
< MOVE U U
> REQ 1637330498 96 1
> VAMPIRE 1 1 5 3 0 3 0
> VAMPIRE 2 4 3 2 0 3 0
> VAMPIRE 3 4 1 1 1 3 0
> VAMPIRE 4 9 7 3 0 3 0
> GRENADE 2 11 3 1 3
> GRENADE 4 11 5 1 3
> GRENADE 2 7 4 3 3
> GRENADE 1 3 7 4 3
> BAT1 13 8 6 13 13 5 11 8 8 11
> BAT2 13 4 13 6 1 8 1 9 1 10 8 13 9 13 10 13 7 1 11 6 7 13
> BAT3 1 7 13 7 3 8
< RES 1637330498 96 1
> REQ 1637330498 97 1
> VAMPIRE 1 1 5 3 0 3 0
> VAMPIRE 2 3 4 2 1 3 0
> VAMPIRE 3 5 2 1 0 3 0
> VAMPIRE 4 11 7 3 1 3 0
> GRENADE 2 7 4 2 3
> GRENADE 1 3 7 3 3
> GRENADE 3 4 1 5 3
> BAT1 13 8 6 13 11 8 11 6 8 11
> BAT2 13 4 13 6 1 8 1 9 1 10 8 13 9 13 10 13 7 1 7 13
> BAT3 1 7 13 7 3 8
< RES 1637330498 97 1
< MOVE L
> REQ 1637330498 98 1
> VAMPIRE 1 1 4 3 0 3 0
> VAMPIRE 2 2 5 2 0 3 0
> VAMPIRE 3 5 3 1 0 3 0
> VAMPIRE 4 9 7 3 0 3 0
> GRENADE 2 7 4 1 3
> GRENADE 1 3 7 2 3
> GRENADE 3 4 1 4 3
> GRENADE 2 3 4 5 3
> GRENADE 4 11 7 5 3
> BAT1 13 8 6 13 11 8 11 6 8 11
> BAT2 13 4 13 6 1 8 1 9 1 10 8 13 9 13 10 13 7 1 7 13
> BAT3 1 7 13 7 3 8
< RES 1637330498 98 1
< MOVE L D
> REQ 1637330498 99 1
> VAMPIRE 1 2 3 3 0 3 0
> VAMPIRE 2 1 5 2 1 3 0
> VAMPIRE 3 7 3 1 0 3 0
> VAMPIRE 4 9 9 3 0 3 0
> GRENADE 1 3 7 1 3
> GRENADE 3 4 1 3 3
> GRENADE 2 3 4 4 3
> GRENADE 4 11 7 4 3
> POWERUP GRENADE -6 1 7 4
> POWERUP GRENADE -6 13 7 4
> BAT1 13 8 6 13 11 8 7 1 11 6 8 11
> BAT2 13 4 13 6 1 8 1 9 1 10 8 13 9 13 10 13 7 13
> BAT3 1 7 13 7 3 8
< RES 1637330498 99 1
< MOVE U R
> REQ 1637330498 100 1
> VAMPIRE 1 1 4 3 1 3 0
> VAMPIRE 2 3 5 2 1 3 0
> VAMPIRE 3 7 5 1 0 3 0
> VAMPIRE 4 7 9 3 0 3 0
> GRENADE 3 4 1 2 3
> GRENADE 4 11 7 3 3
> GRENADE 2 1 5 5 3
> POWERUP GRENADE -5 1 7 4
> POWERUP GRENADE -5 13 7 4
> BAT1 13 8 6 13 11 8 7 1 11 6 8 11
> BAT2 13 4 13 6 1 8 1 9 1 10 8 13 9 13 10 13 1 7 3 8 7 13
> BAT3 13 7
< RES 1637330498 100 1
< GRENADE
< MOVE L L
> REQ 1637330498 101 1
> VAMPIRE 1 1 2 3 0 3 0
> VAMPIRE 2 3 5 2 0 3 0
> VAMPIRE 3 9 5 1 0 3 0
> VAMPIRE 4 9 9 3 0 3 0
> GRENADE 3 4 1 1 3
> GRENADE 4 11 7 2 3
> GRENADE 2 1 5 4 3
> GRENADE 1 1 4 5 3
> GRENADE 2 3 5 5 3
> POWERUP GRENADE -4 1 7 4
> POWERUP GRENADE -4 13 7 4
> BAT1 13 8 6 13 11 8 7 1 11 6 8 11
> BAT2 13 4 13 6 1 8 1 9 1 10 8 13 9 13 10 13 1 7 3 8 7 13
> BAT3 13 7
< RES 1637330498 101 1
< MOVE L D
> REQ 1637330498 102 1
> VAMPIRE 1 2 1 3 0 3 0
> VAMPIRE 2 5 5 2 0 3 0
> VAMPIRE 3 11 5 1 1 3 0
> VAMPIRE 4 7 9 3 0 3 0
> GRENADE 4 11 7 1 3
> GRENADE 2 1 5 3 3
> GRENADE 1 1 4 4 3
> GRENADE 2 3 9 4 3
> POWERUP GRENADE -3 1 7 4
> POWERUP GRENADE -3 13 7 4
> BAT1 13 8 6 13 11 8 11 6 8 11
> BAT2 13 4 13 6 1 8 1 9 1 10 8 13 9 13 10 13 1 7 3 8 7 13
> BAT3 13 7
< RES 1637330498 102 1
< MOVE D R
> REQ 1637330498 103 1
> VAMPIRE 1 3 2 3 0 3 0
> VAMPIRE 2 5 7 2 0 3 0
> VAMPIRE 3 11 5 1 0 3 0
> VAMPIRE 4 7 11 3 1 3 0
> GRENADE 2 1 5 2 3
> GRENADE 1 1 4 3 3
> GRENADE 2 3 9 3 3
> GRENADE 3 11 5 5 3
> POWERUP GRENADE -2 1 7 4
> POWERUP GRENADE -2 13 7 4
> BAT1 13 8 6 13 8 11
> BAT2 13 4 13 6 1 8 1 9 1 10 8 13 9 13 10 13 1 7 13 7 3 8 7 13
< RES 1637330498 103 1
< MOVE R R
> REQ 1637330498 104 1
> VAMPIRE 1 3 4 3 0 3 0
> VAMPIRE 2 3 7 2 0 3 0
> VAMPIRE 3 11 7 1 0 3 0
> VAMPIRE 4 7 9 3 0 3 0
> GRENADE 2 1 5 1 3
> GRENADE 1 1 4 2 3
> GRENADE 2 3 9 2 3
> GRENADE 3 13 5 4 3
> GRENADE 4 7 11 5 3
> POWERUP GRENADE -1 1 7 4
> POWERUP GRENADE -1 13 7 4
> BAT1 13 8 6 13 8 11
> BAT2 13 4 13 6 1 8 1 9 1 10 8 13 9 13 10 13 1 7 13 7 3 8 7 13
< RES 1637330498 104 1
< MOVE R
> REQ 1637330498 105 1
> VAMPIRE 1 3 5 3 1 3 0
> VAMPIRE 2 3 7 2 1 3 0
> VAMPIRE 3 11 6 1 0 3 0
> VAMPIRE 4 9 9 3 0 3 0
> GRENADE 2 3 9 1 3
> GRENADE 3 13 5 3 3
> GRENADE 4 7 11 4 3
> POWERUP GRENADE 14 1 7 4
> POWERUP GRENADE 14 13 7 4
> BAT1 13 8 6 13 1 7 8 11
> BAT2 13 4 13 6 1 8 1 9 1 10 8 13 9 13 10 13 13 7 3 8 7 13
< RES 1637330498 105 1
< GRENADE
> REQ 1637330498 106 1
> VAMPIRE 1 3 5 3 0 3 0
> VAMPIRE 2 5 7 2 1 3 0
> VAMPIRE 3 12 7 1 0 3 0
> VAMPIRE 4 11 9 3 0 3 0
> GRENADE 3 13 5 2 3
> GRENADE 4 7 11 3 3
> GRENADE 1 3 5 5 3
> GRENADE 2 3 7 5 3
> POWERUP GRENADE 13 1 7 4
> POWERUP GRENADE 13 13 7 4
> BAT1 13 8 6 13 1 9 1 7 3 8 8 11
> BAT2 13 4 13 6 1 8 1 10 8 13 9 13 10 13 13 7 7 13
< RES 1637330498 106 1
< THROW XR 4
< MOVE D D
> REQ 1637330498 107 1
> VAMPIRE 1 5 5 3 0 3 0
> VAMPIRE 2 5 7 2 0 3 0
> VAMPIRE 3 11 6 1 0 3 0
> VAMPIRE 4 11 9 3 0 3 0
> GRENADE 3 13 5 1 3
> GRENADE 4 7 11 2 3
> GRENADE 1 3 9 4 3
> GRENADE 2 3 7 4 3
> GRENADE 2 5 7 5 3
> POWERUP GRENADE 12 1 7 4
> POWERUP GRENADE 12 13 7 4
> BAT1 13 8 6 13 1 9 1 7 3 8 8 11
> BAT2 13 4 13 6 1 8 1 10 8 13 9 13 10 13 13 7 7 13
< RES 1637330498 107 1
< MOVE U U
> REQ 1637330498 108 1
> VAMPIRE 1 3 5 3 0 3 0
> VAMPIRE 2 7 7 2 0 3 0
> VAMPIRE 3 10 7 1 1 3 0
> VAMPIRE 4 9 9 3 0 3 0
> GRENADE 4 7 11 1 3
> GRENADE 1 3 9 3 3
> GRENADE 2 3 7 3 3
> GRENADE 2 5 11 4 3
> POWERUP GRENADE 11 1 7 4
> POWERUP GRENADE 11 13 7 4
> BAT1 13 8 6 13 13 4 13 6 1 9 1 7 3 8 8 11
> BAT2 1 8 1 10 8 13 9 13 10 13 13 7 7 13
< RES 1637330498 108 1
< MOVE U
> REQ 1637330498 109 1
> VAMPIRE 1 2 5 3 0 3 0
> VAMPIRE 2 7 8 2 1 3 0
> VAMPIRE 3 9 6 1 0 3 0
> VAMPIRE 4 9 10 3 1 3 0
> GRENADE 1 3 9 2 3
> GRENADE 2 3 7 2 3
> GRENADE 3 10 7 5 3
> POWERUP GRENADE 10 1 7 4
> POWERUP GRENADE 10 13 7 4
> BAT1 13 8 6 13 13 4 13 6 1 9 1 7 3 8 7 13
> BAT2 1 8 1 10 8 13 9 13 10 13 13 7
< RES 1637330498 109 1
< MOVE U R
> REQ 1637330498 110 1
> VAMPIRE 1 1 6 3 0 3 0
> VAMPIRE 2 7 7 2 1 3 0
> VAMPIRE 3 8 7 1 0 3 0
> VAMPIRE 4 8 9 3 0 3 0
> GRENADE 1 3 9 1 3
> GRENADE 2 3 7 1 3
> GRENADE 3 10 7 4 3
> GRENADE 4 9 10 5 3
> POWERUP GRENADE 9 1 7 4
> POWERUP GRENADE 9 13 7 4
> BAT1 13 8 6 13 13 4 13 6 1 9 1 7 3 8 7 13
> BAT2 1 8 1 10 8 13 9 13 10 13 13 7
< RES 1637330498 110 1
> REQ 1637330498 111 1
> VAMPIRE 1 1 6 3 1 3 0
> VAMPIRE 2 5 7 2 1 3 0
> VAMPIRE 3 8 7 1 0 3 0
> VAMPIRE 4 6 9 3 0 3 0
> GRENADE 3 10 7 3 3
> GRENADE 4 9 10 4 3
> GRENADE 2 7 7 5 3
> POWERUP GRENADE 8 1 7 4
> POWERUP GRENADE 8 13 7 4
> BAT1 13 8 6 13 13 4 13 6 7 13
> BAT2 1 8 1 10 8 13 9 13 10 13 13 7
< RES 1637330498 111 1
< GRENADE
> REQ 1637330498 112 1
> VAMPIRE 1 1 6 3 0 3 0
> VAMPIRE 2 3 7 2 0 3 0
> VAMPIRE 3 9 8 1 0 3 0
> VAMPIRE 4 4 9 3 0 3 0
> GRENADE 3 10 7 2 3
> GRENADE 4 9 10 3 3
> GRENADE 2 7 7 4 3
> GRENADE 1 1 6 5 3
> GRENADE 2 5 7 5 3
> POWERUP GRENADE 7 1 7 4
> POWERUP GRENADE 7 13 7 4
> BAT1 13 8 6 13 13 4 13 6 7 13
> BAT2 1 8 1 10 8 13 9 13 10 13 13 7
< RES 1637330498 112 1
< THROW XR 3
< MOVE R
> REQ 1637330498 113 1
> VAMPIRE 1 1 7 3 0 3 0
> VAMPIRE 2 3 9 2 0 3 0
> VAMPIRE 3 8 9 1 0 3 0
> VAMPIRE 4 2 9 3 0 3 0
> GRENADE 3 10 7 1 3
> GRENADE 4 9 10 2 3
> GRENADE 2 7 7 3 3
> GRENADE 1 1 9 4 3
> GRENADE 2 5 7 4 3
> POWERUP GRENADE 6 1 7 4
> POWERUP GRENADE 6 13 7 4
> BAT1 13 8 6 13 13 4 13 6 7 13
> BAT2 1 8 1 10 8 13 9 13 10 13 13 7
< RES 1637330498 113 1
> REQ 1637330498 114 1
> VAMPIRE 1 1 7 3 0 3 0
> VAMPIRE 2 3 7 2 2 3 0
> VAMPIRE 3 6 9 1 1 3 0
> VAMPIRE 4 3 9 3 0 3 0
> GRENADE 4 9 10 1 3
> GRENADE 1 1 9 3 3
> POWERUP GRENADE 5 1 7 4
> POWERUP GRENADE 5 13 7 4
> BAT1 13 8 6 13 13 4 13 6 13 7 7 13
> BAT2 1 8 1 10 8 13 9 13 10 13
< RES 1637330498 114 1
> REQ 1637330498 115 1
> VAMPIRE 1 1 7 3 0 3 0
> VAMPIRE 2 1 7 2 1 3 0
> VAMPIRE 3 4 9 1 1 3 0
> VAMPIRE 4 3 8 3 1 3 0
> GRENADE 1 1 9 2 3
> GRENADE 2 3 7 5 3
> POWERUP GRENADE 4 1 7 4
> POWERUP GRENADE 4 13 7 4
> BAT1 13 8 6 13 13 4 13 6 9 13 13 7 7 13
> BAT2 1 8 1 10 8 13 10 13
< RES 1637330498 115 1
> REQ 1637330498 116 1
> VAMPIRE 1 1 7 3 0 3 0
> VAMPIRE 2 1 7 2 0 3 0
> VAMPIRE 3 5 8 1 0 3 0
> VAMPIRE 4 3 8 3 1 3 0
> GRENADE 1 1 9 1 3
> GRENADE 2 3 7 4 3
> GRENADE 2 1 7 5 3
> GRENADE 3 4 9 5 3
> POWERUP GRENADE 3 1 7 4
> POWERUP GRENADE 3 13 7 4
> BAT1 13 8 6 13 13 4 13 6 9 13 13 7 7 13
> BAT2 1 8 1 10 8 13 10 13
< RES 1637330498 116 1
> REQ 1637330498 117 1
> VAMPIRE 1 1 7 3 2 3 0
> VAMPIRE 2 1 7 2 0 3 0
> VAMPIRE 3 6 7 1 1 3 0
> VAMPIRE 4 3 9 3 1 3 0
> GRENADE 2 3 7 3 3
> GRENADE 2 1 7 4 3
> POWERUP GRENADE 2 13 7 4
> BAT1 13 8 6 13 13 4 13 6 1 8 1 10 9 13 13 7 7 13
> BAT2 8 13 10 13
< RES 1637330498 117 1
< GRENADE
< MOVE L L
> REQ 1637330498 118 1
> VAMPIRE 1 1 5 3 1 3 0
> VAMPIRE 2 1 7 2 0 3 0
> VAMPIRE 3 6 7 1 0 3 0
> VAMPIRE 4 3 9 3 0 3 0
> GRENADE 2 3 7 2 3
> GRENADE 2 1 7 3 3
> GRENADE 1 1 7 5 3
> GRENADE 3 6 7 5 3
> GRENADE 4 3 9 5 3
> POWERUP GRENADE 1 13 7 4
> BAT1 13 8 6 13 13 4 13 6 1 8 1 10 9 13 13 7 7 13
> BAT2 8 13 10 13
< RES 1637330498 118 1
< GRENADE
> REQ 1637330498 119 1
> VAMPIRE 1 1 5 3 0 3 0
> VAMPIRE 2 1 7 2 0 3 0
> VAMPIRE 3 6 7 1 0 3 0
> VAMPIRE 4 3 11 3 0 3 0
> GRENADE 2 3 7 1 3
> GRENADE 2 1 7 2 3
> GRENADE 1 1 7 4 3
> GRENADE 3 6 7 4 3
> GRENADE 4 1 9 4 3
> GRENADE 1 1 5 5 3
> BAT1 13 8 6 13 13 4 13 6 1 8 1 10 9 13 13 7 7 13
> BAT2 8 13 10 13
< RES 1637330498 119 1
< MOVE D
> REQ 1637330498 120 1
> VAMPIRE 1 2 5 2 2 3 0
> VAMPIRE 2 1 7 1 2 3 0
> VAMPIRE 4 5 11 3 0 3 0
> GRENADE 4 1 9 3 3
> BAT1 13 8 6 13 13 4 13 6 1 10 9 13 13 7 7 13
> BAT2 8 13 10 13
< RES 1637330498 120 1
< MOVE U R
> REQ 1637330498 121 1
> VAMPIRE 1 1 6 2 2 3 0
> VAMPIRE 2 3 7 1 2 3 0
> VAMPIRE 4 7 11 3 0 3 0
> GRENADE 4 1 9 2 3
> BAT1 13 8 6 13 13 4 13 6 1 10 9 13 13 7 7 13
> BAT2 8 13 10 13
< RES 1637330498 121 1
< GRENADE
< MOVE L D
> REQ 1637330498 122 1
> VAMPIRE 1 2 5 2 2 3 0
> VAMPIRE 2 5 7 1 2 3 0
> VAMPIRE 4 7 11 3 0 3 0
> GRENADE 4 1 9 1 3
> BAT1 13 8 6 13 13 4 13 6 1 10 9 13 13 7 7 13
> BAT2 8 13 10 13
< RES 1637330498 122 1
< MOVE U
> REQ 1637330498 123 1
> VAMPIRE 1 1 5 2 2 3 0
> VAMPIRE 2 5 9 1 2 3 0
> VAMPIRE 4 9 11 3 1 3 0
> BAT1 13 8 6 13 13 4 13 6 9 13 13 7 7 13
> BAT2 8 13 10 13
< RES 1637330498 123 1
< MOVE D D
> REQ 1637330498 124 1
> VAMPIRE 1 3 5 2 2 3 0
> VAMPIRE 2 7 9 1 2 3 0
> VAMPIRE 4 11 11 3 0 3 0
> GRENADE 4 9 11 5 3
> BAT1 13 8 6 13 13 4 13 6 9 13 13 7 7 13
> BAT2 8 13 10 13
< RES 1637330498 124 1
< MOVE D D
> REQ 1637330498 125 1
> VAMPIRE 1 5 5 2 2 3 0
> VAMPIRE 2 7 11 1 2 3 0
> VAMPIRE 4 11 10 3 0 3 0
> GRENADE 4 9 11 4 3
> BAT1 13 8 6 13 13 4 13 6 9 13 13 7 7 13
> BAT2 8 13 10 13
< RES 1637330498 125 1
< MOVE D D
> REQ 1637330498 126 1
> VAMPIRE 1 7 5 2 2 3 0
> VAMPIRE 2 5 11 1 1 3 0
> VAMPIRE 4 11 9 3 0 3 0
> GRENADE 4 9 11 3 3
> GRENADE 2 7 11 5 3
> BAT1 13 8 6 13 13 4 13 6 9 13 13 7 7 13
> BAT2 8 13 10 13
< RES 1637330498 126 1
< MOVE D D
> REQ 1637330498 127 1
> VAMPIRE 1 9 5 2 2 3 0
> VAMPIRE 2 5 13 1 1 3 0
> VAMPIRE 4 11 7 3 0 3 0
> GRENADE 4 9 11 2 3
> GRENADE 2 7 11 4 3
> BAT1 13 8 6 13 13 4 13 6 9 13 13 7 7 13
> BAT2 8 13 10 13
< RES 1637330498 127 1
< GRENADE
> REQ 1637330498 128 1
> VAMPIRE 1 9 5 2 1 3 0
> VAMPIRE 2 5 13 1 0 3 0
> VAMPIRE 4 11 5 3 0 3 0
> GRENADE 4 9 11 1 3
> GRENADE 2 7 11 3 3
> GRENADE 1 9 5 5 3
> GRENADE 2 5 13 5 3
> POWERUP GRENADE -4 7 13 5
> POWERUP GRENADE -4 7 1 5
> BAT1 13 8 6 13 13 4 13 6 9 13 13 7 7 13
> BAT2 8 13 10 13
< RES 1637330498 128 1
< THROW XD 4
< MOVE U U
> REQ 1637330498 129 1
> VAMPIRE 1 7 5 2 1 3 0
> VAMPIRE 2 5 13 1 1 3 0
> VAMPIRE 4 11 3 3 1 3 0
> GRENADE 1 13 5 4 3
> GRENADE 2 5 13 4 3
> POWERUP GRENADE -3 7 13 5
> POWERUP GRENADE -3 7 1 5
> BAT1 13 8 6 13 13 4 13 6 13 7
> BAT2 8 13 10 13
< RES 1637330498 129 1
< MOVE L L
> REQ 1637330498 130 1
> VAMPIRE 1 7 3 2 1 3 0
> VAMPIRE 2 5 11 1 1 3 0
> VAMPIRE 4 9 3 3 1 3 0
> GRENADE 1 13 5 3 3
> GRENADE 2 9 13 3 3
> POWERUP GRENADE -2 7 13 5
> POWERUP GRENADE -2 7 1 5
> BAT1 13 8 6 13 13 4 13 6 13 7
> BAT2 8 13 10 13
< RES 1637330498 130 1
< MOVE L L
> REQ 1637330498 131 1
> VAMPIRE 1 7 1 2 1 3 0
> VAMPIRE 2 7 11 1 1 3 0
> VAMPIRE 4 7 3 3 1 3 0
> GRENADE 1 13 5 2 3
> GRENADE 2 9 13 2 3
> POWERUP GRENADE -1 7 13 5
> POWERUP GRENADE -1 7 1 5
> BAT1 13 8 6 13 13 4 13 6 13 7
> BAT2 8 13 10 13
< RES 1637330498 131 1
> REQ 1637330498 132 1
> VAMPIRE 1 7 1 2 1 3 0
> VAMPIRE 2 7 13 1 1 3 0
> VAMPIRE 4 7 1 3 1 3 0
> GRENADE 1 13 5 1 3
> GRENADE 2 9 13 1 3
> POWERUP GRENADE 11 7 13 5
> POWERUP GRENADE 11 7 1 5
> BAT1 13 8 6 13 13 4 13 6 13 7
> BAT2 8 13 10 13
< RES 1637330498 132 1
> REQ 1637330498 133 1
> VAMPIRE 1 7 1 2 2 3 0
> VAMPIRE 2 7 13 1 1 3 0
> VAMPIRE 4 7 1 3 1 3 0
> GRENADE 2 7 13 5 3
> POWERUP GRENADE 10 7 13 5
> POWERUP GRENADE 10 7 1 5
> BAT1 13 8 6 13 8 13 10 13 13 7
< RES 1637330498 133 1
> REQ 1637330498 134 1
> VAMPIRE 1 7 1 2 2 3 0
> VAMPIRE 2 7 13 1 1 3 0
> VAMPIRE 4 7 1 3 1 3 0
> GRENADE 2 11 13 4 3
> POWERUP GRENADE 9 7 13 5
> POWERUP GRENADE 9 7 1 5
> BAT1 13 8 6 13 8 13 10 13 13 7
< RES 1637330498 134 1
> REQ 1637330498 135 1
> VAMPIRE 1 7 1 2 2 3 0
> VAMPIRE 2 7 13 1 0 3 0
> VAMPIRE 4 7 1 3 1 3 0
> GRENADE 2 11 13 3 3
> GRENADE 2 7 13 5 3
> POWERUP GRENADE 8 7 13 5
> POWERUP GRENADE 8 7 1 5
> BAT1 13 8 6 13 8 13 10 13 13 7
< RES 1637330498 135 1
> REQ 1637330498 136 1
> VAMPIRE 1 7 1 2 3 3 0
> VAMPIRE 2 7 13 1 0 3 0
> VAMPIRE 4 7 1 3 1 3 0
> GRENADE 2 11 13 2 3
> GRENADE 2 7 13 4 3
> POWERUP GRENADE 7 7 13 5
> BAT1 13 8 6 13 8 13 10 13 13 7
< RES 1637330498 136 1
< MOVE R R
> REQ 1637330498 137 1
> VAMPIRE 1 7 3 2 3 3 0
> VAMPIRE 2 7 13 1 1 3 0
> VAMPIRE 4 7 3 3 1 3 0
> GRENADE 2 11 13 1 3
> GRENADE 2 7 13 3 3
> BAT1 13 8 6 13 8 13 10 13 13 7
< RES 1637330498 137 1
< MOVE R R
> REQ 1637330498 138 1
> VAMPIRE 1 7 5 2 3 3 0
> VAMPIRE 2 7 11 1 2 3 0
> VAMPIRE 4 9 3 3 1 3 0
> GRENADE 2 7 13 2 3
> BAT1 13 8 6 13 8 13 13 7
< RES 1637330498 138 1
< MOVE R R
> REQ 1637330498 139 1
> VAMPIRE 1 7 7 2 3 3 0
> VAMPIRE 2 5 11 1 2 3 0
> VAMPIRE 4 9 5 3 1 3 0
> GRENADE 2 7 13 1 3
> BAT1 13 8 6 13 8 13 13 7
< RES 1637330498 139 1
< GRENADE
> REQ 1637330498 140 1
> VAMPIRE 1 7 7 2 2 3 0
> VAMPIRE 2 7 11 1 3 3 0
> VAMPIRE 4 9 5 3 0 3 0
> GRENADE 1 7 7 5 3
> GRENADE 4 9 5 5 3
> BAT1 13 8 13 7
< RES 1637330498 140 1
< THROW XD 4
< MOVE U U
> REQ 1637330498 141 1
> VAMPIRE 1 5 7 2 2 3 0
> VAMPIRE 2 9 11 1 3 3 0
> VAMPIRE 4 9 3 3 0 3 0
> GRENADE 1 11 7 4 3
> GRENADE 4 13 5 4 3
> BAT1 13 8 13 7
< RES 1637330498 141 1
< MOVE D D
> REQ 1637330498 142 1
> VAMPIRE 1 7 7 2 2 3 0
> VAMPIRE 2 11 11 1 3 3 0
> VAMPIRE 4 11 3 3 0 3 0
> GRENADE 1 11 7 3 3
> GRENADE 4 13 5 3 3
> BAT1 13 8 13 7
< RES 1637330498 142 1
> REQ 1637330498 143 1
> VAMPIRE 1 7 7 2 2 3 0
> VAMPIRE 2 13 11 1 3 3 0
> VAMPIRE 4 11 3 3 0 3 0
> GRENADE 1 11 7 2 3
> GRENADE 4 13 5 2 3
> BAT1 13 8 13 7
< RES 1637330498 143 1
> REQ 1637330498 144 1
> VAMPIRE 1 7 7 2 2 3 0
> VAMPIRE 2 11 11 1 2 3 0
> VAMPIRE 4 11 3 3 0 3 0
> GRENADE 1 11 7 1 3
> GRENADE 4 13 5 1 3
> GRENADE 2 13 11 5 3
> BAT1 13 8 13 7
< RES 1637330498 144 1
> REQ 1637330498 145 1
> VAMPIRE 1 7 7 2 3 3 0
> VAMPIRE 2 9 11 1 2 3 0
> VAMPIRE 4 11 5 3 1 3 0
> GRENADE 2 13 11 4 3
> BAT1 13 8
< RES 1637330498 145 1
> REQ 1637330498 146 1
> VAMPIRE 1 7 7 2 3 3 0
> VAMPIRE 2 7 11 1 2 3 0
> VAMPIRE 4 13 5 3 1 3 0
> GRENADE 2 13 11 3 3
> BAT1 13 8
< RES 1637330498 146 1
> REQ 1637330498 147 1
> VAMPIRE 1 7 7 2 3 3 0
> VAMPIRE 2 7 9 1 2 3 0
> VAMPIRE 4 11 5 3 0 3 0
> GRENADE 2 13 11 2 3
> GRENADE 4 13 5 5 3
> BAT1 13 8
< RES 1637330498 147 1
> REQ 1637330498 148 1
> VAMPIRE 1 7 7 2 3 3 0
> VAMPIRE 2 7 9 1 2 3 0
> VAMPIRE 4 11 3 3 0 3 0
> GRENADE 2 13 11 1 3
> GRENADE 4 13 5 4 3
> BAT1 13 8
< RES 1637330498 148 1
> REQ 1637330498 149 1
> VAMPIRE 1 7 7 2 3 3 0
> VAMPIRE 2 7 9 1 3 3 0
> VAMPIRE 4 11 3 3 0 3 0
> GRENADE 4 13 5 3 3
> POWERUP SHOE -4 11 2 6
> POWERUP SHOE -4 3 12 6
< RES 1637330498 149 1
< MOVE D D
> REQ 1637330498 150 1
> VAMPIRE 1 9 7 2 3 3 0
> VAMPIRE 2 5 9 1 3 3 0
> VAMPIRE 4 11 2 3 0 3 0
> GRENADE 4 13 5 2 3
> POWERUP SHOE -3 11 2 6
> POWERUP SHOE -3 3 12 6
< RES 1637330498 150 1
< MOVE L L
> REQ 1637330498 151 1
> VAMPIRE 1 9 5 2 3 3 0
> VAMPIRE 2 3 9 1 3 3 0
> VAMPIRE 4 11 2 3 0 3 0
> GRENADE 4 13 5 1 3
> POWERUP SHOE -2 11 2 6
> POWERUP SHOE -2 3 12 6
< RES 1637330498 151 1
< MOVE D D
> REQ 1637330498 152 1
> VAMPIRE 1 11 5 2 3 3 0
> VAMPIRE 2 3 11 1 3 3 0
> VAMPIRE 4 11 2 3 1 3 0
> POWERUP SHOE -1 11 2 6
> POWERUP SHOE -1 3 12 6
< RES 1637330498 152 1
< MOVE L L
> REQ 1637330498 153 1
> VAMPIRE 1 11 3 2 3 3 0
> VAMPIRE 2 3 12 1 3 3 0
> VAMPIRE 4 11 2 3 1 3 0
> POWERUP SHOE 15 11 2 6
> POWERUP SHOE 15 3 12 6
< RES 1637330498 153 1
< GRENADE
< MOVE L L
> REQ 1637330498 154 1
> VAMPIRE 1 11 1 2 2 3 0
> VAMPIRE 2 3 12 1 3 3 0
> VAMPIRE 4 11 1 3 1 3 0
> GRENADE 1 11 3 5 3
> POWERUP SHOE 14 11 2 6
> POWERUP SHOE 14 3 12 6
< RES 1637330498 154 1
< GRENADE
> REQ 1637330498 155 1
> VAMPIRE 1 11 1 2 1 3 0
> VAMPIRE 2 3 12 1 3 3 0
> VAMPIRE 4 11 2 3 1 3 0
> GRENADE 1 11 3 4 3
> GRENADE 1 11 1 5 3
> POWERUP SHOE 13 11 2 6
> POWERUP SHOE 13 3 12 6
< RES 1637330498 155 1
< GRENADE
> REQ 1637330498 156 1
> VAMPIRE 1 11 1 2 0 3 0
> VAMPIRE 2 3 12 1 3 3 0
> VAMPIRE 4 11 2 3 1 3 0
> GRENADE 1 11 3 3 3
> GRENADE 1 11 1 4 3
> GRENADE 1 11 1 5 3
> POWERUP SHOE 12 11 2 6
> POWERUP SHOE 12 3 12 6
< RES 1637330498 156 1
< THROW XR 4
< MOVE U
> REQ 1637330498 157 1
> VAMPIRE 1 10 1 2 0 3 0
> VAMPIRE 2 3 12 1 3 3 0
> VAMPIRE 4 11 2 3 1 3 0
> GRENADE 1 11 3 2 3
> GRENADE 1 11 5 3 3
> GRENADE 1 11 5 4 3
> POWERUP SHOE 11 11 2 6
> POWERUP SHOE 11 3 12 6
< RES 1637330498 157 1
< MOVE U R
> REQ 1637330498 158 1
> VAMPIRE 1 9 2 2 0 3 0
> VAMPIRE 2 3 12 1 3 3 0
> VAMPIRE 4 10 1 3 1 3 0
> GRENADE 1 11 3 1 3
> GRENADE 1 11 5 2 3
> GRENADE 1 11 5 3 3
> POWERUP SHOE 10 11 2 6
> POWERUP SHOE 10 3 12 6
< RES 1637330498 158 1
< MOVE R D
> REQ 1637330498 159 1
> VAMPIRE 1 10 3 2 3 3 0
> VAMPIRE 2 3 12 1 3 3 30
> VAMPIRE 4 11 2 3 1 3 0
> POWERUP SHOE 9 11 2 6
< RES 1637330498 159 1
< MOVE D L
> REQ 1637330498 160 1
> VAMPIRE 1 11 2 2 3 3 0
> VAMPIRE 2 5 11 1 3 3 29
> VAMPIRE 4 11 2 3 1 3 0
> POWERUP SHOE 8 11 2 6
< RES 1637330498 160 1
> REQ 1637330498 161 1
> VAMPIRE 1 11 2 2 3 3 0
> VAMPIRE 2 8 11 1 3 3 28
> VAMPIRE 4 11 2 3 1 3 0
> POWERUP SHOE 7 11 2 6
< RES 1637330498 161 1
> REQ 1637330498 162 1
> VAMPIRE 1 11 2 2 3 3 0
> VAMPIRE 2 11 11 1 3 3 27
> VAMPIRE 4 11 2 3 1 3 0
> POWERUP SHOE 6 11 2 6
< RES 1637330498 162 1
> REQ 1637330498 163 1
> VAMPIRE 1 11 2 2 3 3 0
> VAMPIRE 2 11 8 1 3 3 26
> VAMPIRE 4 11 2 3 1 3 0
> POWERUP SHOE 5 11 2 6
< RES 1637330498 163 1
> REQ 1637330498 164 1
> VAMPIRE 1 11 2 2 3 3 0
> VAMPIRE 2 11 5 1 3 3 25
> VAMPIRE 4 11 2 3 1 3 0
> POWERUP SHOE 4 11 2 6
< RES 1637330498 164 1
< GRENADE
> REQ 1637330498 165 1
> VAMPIRE 1 11 2 2 2 3 0
> VAMPIRE 2 11 3 1 2 3 24
> VAMPIRE 4 11 2 3 1 3 30
> GRENADE 1 11 2 5 3
> GRENADE 2 11 5 5 3
< RES 1637330498 165 1
< GRENADE
< MOVE L U
> REQ 1637330498 166 1
> VAMPIRE 1 10 1 2 1 3 0
> VAMPIRE 2 9 4 1 1 3 23
> VAMPIRE 4 9 1 3 1 3 29
> GRENADE 1 11 2 4 3
> GRENADE 2 11 5 4 3
> GRENADE 1 11 2 5 3
> GRENADE 2 11 3 5 3
< RES 1637330498 166 1
< GRENADE
> REQ 1637330498 167 1
> VAMPIRE 1 10 1 2 0 3 0
> VAMPIRE 2 9 7 1 1 3 22
> VAMPIRE 4 7 1 3 1 3 28
> GRENADE 1 11 2 3 3
> GRENADE 2 11 5 3 3
> GRENADE 1 11 2 4 3
> GRENADE 2 11 3 4 3
> GRENADE 1 10 1 5 3
< RES 1637330498 167 1
> REQ 1637330498 168 1
> VAMPIRE 1 10 1 2 0 3 0
> VAMPIRE 2 9 9 1 1 3 21
> VAMPIRE 4 5 1 3 1 3 27
> GRENADE 1 11 2 2 3
> GRENADE 2 11 5 2 3
> GRENADE 1 11 2 3 3
> GRENADE 2 11 3 3 3
> GRENADE 1 10 1 4 3
< RES 1637330498 168 1
< THROW XR 4
< MOVE U
> REQ 1637330498 169 1
> VAMPIRE 1 9 1 2 0 3 0
> VAMPIRE 2 7 9 1 1 3 20
> VAMPIRE 4 5 3 3 1 3 26
> GRENADE 1 11 2 1 3
> GRENADE 2 11 5 1 3
> GRENADE 1 11 2 2 3
> GRENADE 2 11 3 2 3
> GRENADE 1 10 5 3 3
< RES 1637330498 169 1
< MOVE U U
> REQ 1637330498 170 1
> VAMPIRE 1 7 1 2 3 3 0
> VAMPIRE 2 9 9 1 3 3 19
> VAMPIRE 4 5 3 3 1 3 25
< RES 1637330498 170 1
< MOVE R R
> REQ 1637330498 171 1
> VAMPIRE 1 7 3 2 3 3 0
> VAMPIRE 2 9 9 1 3 3 18
> VAMPIRE 4 5 3 3 1 3 24
< RES 1637330498 171 1
< MOVE R R
> REQ 1637330498 172 1
> VAMPIRE 1 7 5 2 3 3 0
> VAMPIRE 2 9 9 1 3 3 17
> VAMPIRE 4 5 3 3 1 3 23
< RES 1637330498 172 1
< MOVE D D
> REQ 1637330498 173 1
> VAMPIRE 1 9 5 2 3 3 0
> VAMPIRE 2 9 9 1 3 3 16
> VAMPIRE 4 5 3 3 1 3 22
< RES 1637330498 173 1
> REQ 1637330498 174 1
> VAMPIRE 1 9 5 2 3 3 0
> VAMPIRE 2 9 9 1 3 3 15
> VAMPIRE 4 5 3 3 1 3 21
< RES 1637330498 174 1
> REQ 1637330498 175 1
> VAMPIRE 1 9 5 2 3 3 0
> VAMPIRE 2 9 9 1 3 3 14
> VAMPIRE 4 5 3 3 1 3 20
< RES 1637330498 175 1
> REQ 1637330498 176 1
> VAMPIRE 1 9 5 2 3 3 0
> VAMPIRE 2 9 9 1 3 3 13
> VAMPIRE 4 5 3 3 1 3 19
< RES 1637330498 176 1
> REQ 1637330498 177 1
> VAMPIRE 1 9 5 2 3 3 0
> VAMPIRE 2 9 9 1 3 3 12
> VAMPIRE 4 5 3 3 1 3 18
< RES 1637330498 177 1
> REQ 1637330498 178 1
> VAMPIRE 1 9 5 2 3 3 0
> VAMPIRE 2 9 9 1 3 3 11
> VAMPIRE 4 5 3 3 1 3 17
< RES 1637330498 178 1
> REQ 1637330498 179 1
> VAMPIRE 1 9 5 2 3 3 0
> VAMPIRE 2 9 9 1 3 3 10
> VAMPIRE 4 5 3 3 1 3 16
> POWERUP GRENADE -5 4 7 4
> POWERUP GRENADE -5 10 7 4
< RES 1637330498 179 1
< MOVE R R
> REQ 1637330498 180 1
> VAMPIRE 1 9 7 2 3 3 0
> VAMPIRE 2 10 7 1 3 3 9
> VAMPIRE 4 5 6 3 1 3 15
> POWERUP GRENADE -4 4 7 4
> POWERUP GRENADE -4 10 7 4
< RES 1637330498 180 1
< GRENADE
< MOVE D D
> REQ 1637330498 181 1
> VAMPIRE 1 9 7 2 2 3 0
> VAMPIRE 2 10 7 1 2 3 8
> VAMPIRE 4 4 7 3 1 3 14
> GRENADE 1 9 7 5 3
> GRENADE 2 10 7 5 3
> POWERUP GRENADE -3 4 7 4
> POWERUP GRENADE -3 10 7 4
< RES 1637330498 181 1
< GRENADE
< MOVE U U
> REQ 1637330498 182 1
> VAMPIRE 1 7 7 2 1 3 0
> VAMPIRE 2 10 7 1 1 3 7
> VAMPIRE 4 4 7 3 1 3 13
> GRENADE 1 9 7 4 3
> GRENADE 2 10 7 4 3
> GRENADE 1 9 7 5 3
> GRENADE 2 10 7 5 3
> POWERUP GRENADE -2 4 7 4
> POWERUP GRENADE -2 10 7 4
< RES 1637330498 182 1
< GRENADE
< MOVE U U
> REQ 1637330498 183 1
> VAMPIRE 1 7 7 2 0 3 0
> VAMPIRE 2 10 7 1 1 3 6
> VAMPIRE 4 4 7 3 1 3 12
> GRENADE 1 9 7 3 3
> GRENADE 2 6 7 3 3
> GRENADE 1 9 7 4 3
> GRENADE 2 6 7 4 3
> GRENADE 1 7 7 5 3
> POWERUP GRENADE -1 4 7 4
> POWERUP GRENADE -1 10 7 4
< RES 1637330498 183 1
< MOVE R R
> REQ 1637330498 184 1
> VAMPIRE 1 7 9 2 0 3 0
> VAMPIRE 2 10 7 1 0 3 5
> VAMPIRE 4 4 7 3 1 3 11
> GRENADE 1 9 7 2 3
> GRENADE 2 6 7 2 3
> GRENADE 1 9 7 3 3
> GRENADE 2 6 7 3 3
> GRENADE 1 7 7 4 3
> GRENADE 2 10 7 5 3
> POWERUP GRENADE 11 4 7 4
> POWERUP GRENADE 11 10 7 4
< RES 1637330498 184 1
< MOVE U U
> REQ 1637330498 185 1
> VAMPIRE 1 5 9 2 0 3 0
> VAMPIRE 2 11 6 1 0 3 4
> VAMPIRE 4 2 7 3 1 3 10
> GRENADE 1 9 7 1 3
> GRENADE 2 6 7 1 3
> GRENADE 1 9 7 2 3
> GRENADE 2 6 7 2 3
> GRENADE 1 7 7 3 3
> GRENADE 2 6 7 4 3
> POWERUP GRENADE 10 4 7 4
> POWERUP GRENADE 10 10 7 4
< RES 1637330498 185 1
< MOVE L L
> REQ 1637330498 186 1
> VAMPIRE 1 5 7 2 3 3 0
> VAMPIRE 2 9 5 1 3 3 3
> VAMPIRE 4 2 7 3 1 3 9
> POWERUP GRENADE 9 4 7 4
> POWERUP GRENADE 9 10 7 4
< RES 1637330498 186 1
< MOVE U
> REQ 1637330498 187 1
> VAMPIRE 1 4 7 2 3 3 0
> VAMPIRE 2 10 7 1 3 3 2
> VAMPIRE 4 4 7 3 1 3 8
> POWERUP GRENADE 8 4 7 4
> POWERUP GRENADE 8 10 7 4
< RES 1637330498 187 1
> REQ 1637330498 188 1
> VAMPIRE 1 4 7 2 3 3 0
> VAMPIRE 2 10 7 1 3 3 1
> VAMPIRE 4 4 7 3 1 3 7
> POWERUP GRENADE 7 4 7 4
> POWERUP GRENADE 7 10 7 4
< RES 1637330498 188 1
> REQ 1637330498 189 1
> VAMPIRE 1 4 7 2 3 3 0
> VAMPIRE 2 10 7 1 3 3 0
> VAMPIRE 4 4 7 3 1 3 6
> POWERUP GRENADE 6 4 7 4
> POWERUP GRENADE 6 10 7 4
< RES 1637330498 189 1
> REQ 1637330498 190 1
> VAMPIRE 1 4 7 2 3 3 0
> VAMPIRE 2 10 7 1 3 3 0
> VAMPIRE 4 4 7 3 1 3 5
> POWERUP GRENADE 5 4 7 4
> POWERUP GRENADE 5 10 7 4
< RES 1637330498 190 1
> REQ 1637330498 191 1
> VAMPIRE 1 4 7 2 4 3 0
> VAMPIRE 2 10 7 1 4 3 0
> VAMPIRE 4 4 7 3 2 3 4
< RES 1637330498 191 1
> REQ 1637330498 192 1
> VAMPIRE 1 4 7 2 4 3 0
> VAMPIRE 2 11 7 1 4 3 0
> VAMPIRE 4 7 7 3 2 3 3
< RES 1637330498 192 1
< MOVE U
> REQ 1637330498 193 1
> VAMPIRE 1 3 7 2 4 3 0
> VAMPIRE 2 11 7 1 4 3 0
> VAMPIRE 4 7 7 3 2 3 2
< RES 1637330498 193 1
> REQ 1637330498 194 1
> VAMPIRE 1 3 7 2 4 3 0
> VAMPIRE 2 11 7 1 4 3 0
> VAMPIRE 4 7 7 3 2 3 1
< RES 1637330498 194 1
> REQ 1637330498 195 1
> VAMPIRE 1 3 7 2 4 3 0
> VAMPIRE 2 11 7 1 4 3 0
> VAMPIRE 4 7 7 3 2 3 0
< RES 1637330498 195 1
< MOVE D D
> REQ 1637330498 196 1
> VAMPIRE 1 5 7 2 4 3 0
> VAMPIRE 2 9 7 1 4 3 0
> VAMPIRE 4 7 7 3 2 3 0
< RES 1637330498 196 1
< MOVE U U
> REQ 1637330498 197 1
> VAMPIRE 1 3 7 2 4 3 0
> VAMPIRE 2 11 7 1 4 3 0
> VAMPIRE 4 7 7 3 2 3 0
< RES 1637330498 197 1
< MOVE D D
> REQ 1637330498 198 1
> VAMPIRE 1 5 7 2 4 3 0
> VAMPIRE 2 9 7 1 4 3 0
> VAMPIRE 4 7 7 3 2 3 0
< RES 1637330498 198 1
< MOVE U U
> REQ 1637330498 199 1
> VAMPIRE 1 3 7 2 4 3 0
> VAMPIRE 2 11 7 1 4 3 0
> VAMPIRE 4 7 7 3 2 3 0
< RES 1637330498 199 1
< MOVE D D
> REQ 1637330498 200 1
> VAMPIRE 1 5 7 2 4 3 0
> VAMPIRE 2 9 7 1 4 3 0
> VAMPIRE 4 7 7 3 2 3 0
< RES 1637330498 200 1
< MOVE U U
> REQ 1637330498 201 1
> VAMPIRE 1 3 7 2 4 3 0
> VAMPIRE 2 11 7 1 4 3 0
> VAMPIRE 4 7 7 3 2 3 0
< RES 1637330498 201 1
< MOVE D D
> REQ 1637330498 202 1
> VAMPIRE 1 5 7 2 4 3 0
> VAMPIRE 2 9 7 1 4 3 0
> VAMPIRE 4 7 7 3 2 3 0
< RES 1637330498 202 1
< MOVE U U
> REQ 1637330498 203 1
> VAMPIRE 1 3 7 2 4 3 0
> VAMPIRE 2 11 7 1 4 3 0
> VAMPIRE 4 7 7 3 2 3 0
< RES 1637330498 203 1
< MOVE D D
> REQ 1637330498 204 1
> VAMPIRE 1 5 7 2 4 3 0
> VAMPIRE 2 9 7 1 4 3 0
> VAMPIRE 4 7 7 3 2 3 0
< RES 1637330498 204 1
< MOVE U U
> REQ 1637330498 205 1
> VAMPIRE 1 3 7 2 4 3 0
> VAMPIRE 2 11 7 1 4 3 0
> VAMPIRE 4 7 7 3 2 3 0
< RES 1637330498 205 1
< MOVE D D
> REQ 1637330498 206 1
> VAMPIRE 1 5 7 2 4 3 0
> VAMPIRE 2 9 7 1 4 3 0
> VAMPIRE 4 7 7 3 2 3 0
< RES 1637330498 206 1
< MOVE U U
> REQ 1637330498 207 1
> VAMPIRE 1 3 7 2 4 3 0
> VAMPIRE 2 11 7 1 4 3 0
> VAMPIRE 4 7 7 3 2 3 0
< RES 1637330498 207 1
< MOVE D D
> REQ 1637330498 208 1
> VAMPIRE 1 5 7 2 4 3 0
> VAMPIRE 2 9 7 1 4 3 0
> VAMPIRE 4 7 7 3 2 3 0
< RES 1637330498 208 1
< MOVE U U
> REQ 1637330498 209 1
> VAMPIRE 1 3 7 2 4 3 0
> VAMPIRE 2 11 7 1 4 3 0
> VAMPIRE 4 7 7 3 2 3 0
> POWERUP SHOE -4 3 12 7
> POWERUP SHOE -4 11 2 7
< RES 1637330498 209 1
< MOVE R R
> REQ 1637330498 210 1
> VAMPIRE 1 3 9 2 4 3 0
> VAMPIRE 2 11 5 1 4 3 0
> VAMPIRE 4 5 7 3 2 3 0
> POWERUP SHOE -3 3 12 7
> POWERUP SHOE -3 11 2 7
< RES 1637330498 210 1
< MOVE R R
> REQ 1637330498 211 1
> VAMPIRE 1 3 11 2 4 3 0
> VAMPIRE 2 11 3 1 4 3 0
> VAMPIRE 4 3 7 3 2 3 0
> POWERUP SHOE -2 3 12 7
> POWERUP SHOE -2 11 2 7
< RES 1637330498 211 1
< MOVE R
> REQ 1637330498 212 1
> VAMPIRE 1 3 12 2 4 3 0
> VAMPIRE 2 11 2 1 4 3 0
> VAMPIRE 4 3 9 3 2 3 0
> POWERUP SHOE -1 3 12 7
> POWERUP SHOE -1 11 2 7
< RES 1637330498 212 1
> REQ 1637330498 213 1
> VAMPIRE 1 3 12 2 4 3 0
> VAMPIRE 2 11 2 1 4 3 0
> VAMPIRE 4 3 11 3 2 3 0
> POWERUP SHOE 16 3 12 7
> POWERUP SHOE 16 11 2 7
< RES 1637330498 213 1
> REQ 1637330498 214 1
> VAMPIRE 1 3 12 2 4 3 0
> VAMPIRE 2 11 2 1 4 3 0
> VAMPIRE 4 3 13 3 1 3 0
> GRENADE 4 3 11 5 3
> POWERUP SHOE 15 3 12 7
> POWERUP SHOE 15 11 2 7
< RES 1637330498 214 1
> REQ 1637330498 215 1
> VAMPIRE 1 3 12 2 4 3 0
> VAMPIRE 2 11 2 1 4 3 0
> VAMPIRE 4 3 13 3 0 3 0
> GRENADE 4 3 11 4 3
> GRENADE 4 3 13 5 3
> POWERUP SHOE 14 3 12 7
> POWERUP SHOE 14 11 2 7
< RES 1637330498 215 1
> REQ 1637330498 216 1
> VAMPIRE 1 3 12 2 4 3 0
> VAMPIRE 2 11 2 1 4 3 0
> VAMPIRE 4 3 13 3 0 3 0
> GRENADE 4 3 11 3 3
> GRENADE 4 3 13 4 3
> POWERUP SHOE 13 3 12 7
> POWERUP SHOE 13 11 2 7
< RES 1637330498 216 1
> REQ 1637330498 217 1
> VAMPIRE 1 3 12 2 4 3 0
> VAMPIRE 2 11 2 1 4 3 0
> VAMPIRE 4 3 13 3 0 3 0
> GRENADE 4 3 11 2 3
> GRENADE 4 3 13 3 3
> POWERUP SHOE 12 3 12 7
> POWERUP SHOE 12 11 2 7
< RES 1637330498 217 1
> REQ 1637330498 218 1
> VAMPIRE 1 3 12 2 4 3 0
> VAMPIRE 2 11 2 1 4 3 0
> VAMPIRE 4 2 13 3 0 3 0
> GRENADE 4 3 11 1 3
> GRENADE 4 1 13 2 3
> POWERUP SHOE 11 3 12 7
> POWERUP SHOE 11 11 2 7
< RES 1637330498 218 1
> REQ 1637330498 219 1
> VAMPIRE 1 3 12 1 4 3 30
> VAMPIRE 2 11 2 1 4 3 30
> VAMPIRE 4 3 12 3 1 3 0
> GRENADE 4 1 13 1 3
< RES 1637330498 219 1
< MOVE L D D
> REQ 1637330498 220 1
> VAMPIRE 1 5 11 1 4 3 29
> VAMPIRE 2 9 3 1 4 3 29
> VAMPIRE 4 3 11 3 2 3 0
< RES 1637330498 220 1
< MOVE L L
> REQ 1637330498 221 1
> VAMPIRE 1 5 9 1 4 3 28
> VAMPIRE 2 9 5 1 4 3 28
> VAMPIRE 4 3 9 3 2 3 0
< RES 1637330498 221 1
< MOVE R R
> REQ 1637330498 222 1
> VAMPIRE 1 5 11 1 4 3 27
> VAMPIRE 2 9 3 1 4 3 27
> VAMPIRE 4 3 7 3 2 3 0
< RES 1637330498 222 1
< MOVE L L
> REQ 1637330498 223 1
> VAMPIRE 1 5 9 1 4 3 26
> VAMPIRE 2 9 5 1 4 3 26
> VAMPIRE 4 3 7 3 2 3 0
< RES 1637330498 223 1
< MOVE R R
> REQ 1637330498 224 1
> VAMPIRE 1 5 11 1 4 3 25
> VAMPIRE 2 9 3 1 4 3 25
> VAMPIRE 4 3 5 3 2 3 0
< RES 1637330498 224 1
< MOVE L L
> REQ 1637330498 225 1
> VAMPIRE 1 5 9 1 4 3 24
> VAMPIRE 2 9 5 1 4 3 24
> VAMPIRE 4 3 7 3 2 3 0
< RES 1637330498 225 1
< MOVE R R
> REQ 1637330498 226 1
> VAMPIRE 1 5 11 1 4 3 23
> VAMPIRE 2 9 3 1 4 3 23
> VAMPIRE 4 3 5 3 2 3 0
< RES 1637330498 226 1
< MOVE L L
> REQ 1637330498 227 1
> VAMPIRE 1 5 9 1 4 3 22
> VAMPIRE 2 9 5 1 4 3 22
> VAMPIRE 4 3 7 3 2 3 0
< RES 1637330498 227 1
< MOVE R R
> REQ 1637330498 228 1
> VAMPIRE 1 5 11 1 4 3 21
> VAMPIRE 2 9 3 1 4 3 21
> VAMPIRE 4 3 5 3 2 3 0
< RES 1637330498 228 1
< MOVE L L
> REQ 1637330498 229 1
> VAMPIRE 1 5 9 1 4 3 20
> VAMPIRE 2 9 5 1 4 3 20
> VAMPIRE 4 3 7 3 2 3 0
< RES 1637330498 229 1
< MOVE R R
> REQ 1637330498 230 1
> VAMPIRE 1 5 11 1 4 3 19
> VAMPIRE 2 9 3 1 4 3 19
> VAMPIRE 4 3 5 3 2 3 0
< RES 1637330498 230 1
< MOVE L L
> REQ 1637330498 231 1
> VAMPIRE 1 5 9 1 4 3 18
> VAMPIRE 2 9 5 1 4 3 18
> VAMPIRE 4 3 7 3 2 3 0
< RES 1637330498 231 1
< MOVE R R
> REQ 1637330498 232 1
> VAMPIRE 1 5 11 1 4 3 17
> VAMPIRE 2 9 3 1 4 3 17
> VAMPIRE 4 3 5 3 2 3 0
< RES 1637330498 232 1
< MOVE L L
> REQ 1637330498 233 1
> VAMPIRE 1 5 9 1 4 3 16
> VAMPIRE 2 9 5 1 4 3 16
> VAMPIRE 4 3 7 3 2 3 0
< RES 1637330498 233 1
< MOVE R R
> REQ 1637330498 234 1
> VAMPIRE 1 5 11 1 4 3 15
> VAMPIRE 2 9 3 1 4 3 15
> VAMPIRE 4 3 5 3 2 3 0
< RES 1637330498 234 1
< MOVE L L
> REQ 1637330498 235 1
> VAMPIRE 1 5 9 1 4 3 14
> VAMPIRE 2 9 5 1 4 3 14
> VAMPIRE 4 3 7 3 2 3 0
< RES 1637330498 235 1
< MOVE R R
> REQ 1637330498 236 1
> VAMPIRE 1 5 11 1 4 3 13
> VAMPIRE 2 9 3 1 4 3 13
> VAMPIRE 4 3 5 3 2 3 0
> POWERUP SHOE -4 8 11 7
> POWERUP SHOE -4 6 3 7
< RES 1637330498 236 1
< MOVE D D D
> REQ 1637330498 237 1
> VAMPIRE 1 8 11 1 4 3 12
> VAMPIRE 2 6 3 1 4 3 12
> VAMPIRE 4 5 5 3 2 3 0
> POWERUP SHOE -3 8 11 7
> POWERUP SHOE -3 6 3 7
< RES 1637330498 237 1
> REQ 1637330498 238 1
> VAMPIRE 1 8 11 1 4 3 11
> VAMPIRE 2 6 3 1 4 3 11
> VAMPIRE 4 5 3 3 2 3 0
> POWERUP SHOE -2 8 11 7
> POWERUP SHOE -2 6 3 7
< RES 1637330498 238 1
> REQ 1637330498 239 1
> VAMPIRE 1 8 11 1 4 3 10
> VAMPIRE 2 6 3 1 3 3 10
> VAMPIRE 4 5 3 3 1 3 0
> GRENADE 2 6 3 5 3
> GRENADE 4 5 3 5 3
> POWERUP SHOE -1 8 11 7
> POWERUP SHOE -1 6 3 7
< RES 1637330498 239 1
> REQ 1637330498 240 1
> VAMPIRE 1 8 11 1 4 3 9
> VAMPIRE 2 7 3 1 3 3 9
> VAMPIRE 4 5 5 3 0 3 0
> GRENADE 2 2 3 4 3
> GRENADE 4 5 3 4 3
> GRENADE 4 5 3 5 3
> POWERUP SHOE 10 8 11 7
> POWERUP SHOE 10 6 3 7
< RES 1637330498 240 1
> REQ 1637330498 241 1
> VAMPIRE 1 8 11 1 4 3 8
> VAMPIRE 2 6 3 1 3 3 8
> VAMPIRE 4 5 4 3 0 3 0
> GRENADE 2 2 3 3 3
> GRENADE 4 5 3 3 3
> GRENADE 4 5 3 4 3
> POWERUP SHOE 9 8 11 7
> POWERUP SHOE 9 6 3 7
< RES 1637330498 241 1
> REQ 1637330498 242 1
> VAMPIRE 1 8 11 1 4 3 7
> VAMPIRE 2 6 3 1 3 3 7
> VAMPIRE 4 6 5 3 0 3 0
> GRENADE 2 2 3 2 3
> GRENADE 4 5 3 2 3
> GRENADE 4 5 3 3 3
> POWERUP SHOE 8 8 11 7
> POWERUP SHOE 8 6 3 7
< RES 1637330498 242 1
> REQ 1637330498 243 1
> VAMPIRE 1 8 11 1 4 3 6
> VAMPIRE 2 7 2 1 3 3 6
> VAMPIRE 4 7 4 3 0 3 0
> GRENADE 2 2 3 1 3
> GRENADE 4 5 3 1 3
> GRENADE 4 5 3 2 3
> POWERUP SHOE 7 8 11 7
> POWERUP SHOE 7 6 3 7
< RES 1637330498 243 1
> REQ 1637330498 244 1
> VAMPIRE 1 8 11 1 4 3 5
> VAMPIRE 2 7 2 1 4 3 5
> VAMPIRE 4 7 4 3 2 3 0
> POWERUP SHOE 6 8 11 7
> POWERUP SHOE 6 6 3 7
< RES 1637330498 244 1
> REQ 1637330498 245 1
> VAMPIRE 1 8 11 1 4 3 4
> VAMPIRE 2 6 3 1 3 3 4
> VAMPIRE 4 6 3 3 2 3 0
> GRENADE 2 7 2 5 3
> POWERUP SHOE 5 8 11 7
> POWERUP SHOE 5 6 3 7
< RES 1637330498 245 1
> REQ 1637330498 246 1
> VAMPIRE 1 8 11 1 4 3 33
> VAMPIRE 2 6 3 1 3 3 3
> VAMPIRE 4 6 3 3 2 3 0
> GRENADE 2 7 2 4 3
> POWERUP SHOE 4 6 3 7
< RES 1637330498 246 1
< MOVE U U U
> REQ 1637330498 247 1
> VAMPIRE 1 5 11 1 4 3 32
> VAMPIRE 2 6 3 1 3 3 2
> VAMPIRE 4 6 3 3 2 3 0
> GRENADE 2 7 2 3 3
> POWERUP SHOE 3 6 3 7
< RES 1637330498 247 1
< MOVE L L L
> REQ 1637330498 248 1
> VAMPIRE 1 5 8 1 4 3 31
> VAMPIRE 2 6 3 1 3 3 1
> VAMPIRE 4 6 3 3 2 3 0
> GRENADE 2 7 2 2 3
> POWERUP SHOE 2 6 3 7
< RES 1637330498 248 1
< MOVE L L L
> REQ 1637330498 249 1
> VAMPIRE 1 5 5 1 4 3 30
> VAMPIRE 2 6 3 1 3 3 0
> VAMPIRE 4 6 3 3 2 3 0
> GRENADE 2 7 2 1 3
> POWERUP SHOE 1 6 3 7
< RES 1637330498 249 1
> REQ 1637330498 250 1
> VAMPIRE 1 5 5 1 4 3 29
> VAMPIRE 2 6 3 1 4 3 0
> VAMPIRE 4 6 3 3 2 3 0
> POWERUP SHOE 1 6 3 7
< RES 1637330498 250 1
> REQ 1637330498 251 1
> VAMPIRE 1 5 5 1 4 3 28
> VAMPIRE 2 6 3 1 4 3 0
> VAMPIRE 4 6 3 3 2 3 0
> POWERUP SHOE 1 6 3 7
< RES 1637330498 251 1
> REQ 1637330498 252 1
> VAMPIRE 1 5 5 1 4 3 27
> VAMPIRE 2 6 3 1 4 3 0
> VAMPIRE 4 6 3 3 2 3 0
> POWERUP SHOE 1 6 3 7
< RES 1637330498 252 1
> REQ 1637330498 253 1
> VAMPIRE 1 5 5 1 4 3 26
> VAMPIRE 2 6 3 1 4 3 0
> VAMPIRE 4 6 3 3 2 3 0
> POWERUP SHOE 1 6 3 7
< RES 1637330498 253 1
> REQ 1637330498 254 1
> VAMPIRE 1 5 5 1 4 3 25
> VAMPIRE 2 6 3 1 4 3 0
> VAMPIRE 4 6 3 3 2 3 0
> POWERUP SHOE 1 6 3 7
< RES 1637330498 254 1
> REQ 1637330498 255 1
> VAMPIRE 1 5 5 1 4 3 24
> VAMPIRE 2 6 3 1 4 3 0
> VAMPIRE 4 6 3 3 2 3 0
> POWERUP SHOE 1 6 3 7
< RES 1637330498 255 1
> REQ 1637330498 256 1
> VAMPIRE 1 5 5 1 4 3 23
> VAMPIRE 2 6 3 1 4 3 0
> VAMPIRE 4 6 3 3 2 3 0
> POWERUP SHOE 1 6 3 7
< RES 1637330498 256 1
> REQ 1637330498 257 1
> VAMPIRE 1 5 5 1 4 3 22
> VAMPIRE 2 6 3 1 4 3 0
> VAMPIRE 4 6 3 3 2 3 0
> POWERUP SHOE 1 6 3 7
< RES 1637330498 257 1
> REQ 1637330498 258 1
> VAMPIRE 1 5 5 1 4 3 21
> VAMPIRE 2 6 3 1 4 3 0
> VAMPIRE 4 6 3 3 2 3 0
> POWERUP SHOE 1 6 3 7
< RES 1637330498 258 1
> REQ 1637330498 259 1
> VAMPIRE 1 5 5 1 4 3 20
> VAMPIRE 2 6 3 1 4 3 0
> VAMPIRE 4 6 3 3 2 3 0
> POWERUP SHOE 1 6 3 7
< RES 1637330498 259 1
> REQ 1637330498 260 1
> VAMPIRE 1 5 5 1 4 3 19
> VAMPIRE 2 6 3 1 4 3 0
> VAMPIRE 4 6 3 3 2 3 0
> POWERUP SHOE 1 6 3 7
< RES 1637330498 260 1
> REQ 1637330498 261 1
> VAMPIRE 1 5 5 1 4 3 18
> VAMPIRE 2 6 3 1 4 3 0
> VAMPIRE 4 6 3 3 2 3 0
> POWERUP SHOE 1 6 3 7
< RES 1637330498 261 1
> REQ 1637330498 262 1
> VAMPIRE 1 5 5 1 4 3 17
> VAMPIRE 2 6 3 1 4 3 0
> VAMPIRE 4 6 3 3 2 3 0
> POWERUP SHOE 1 6 3 7
< RES 1637330498 262 1
> REQ 1637330498 263 1
> VAMPIRE 1 5 5 1 4 3 16
> VAMPIRE 2 6 3 1 4 3 0
> VAMPIRE 4 6 3 3 2 3 0
> POWERUP SHOE 1 6 3 7
< RES 1637330498 263 1
> REQ 1637330498 264 1
> VAMPIRE 1 5 5 1 4 3 15
> VAMPIRE 2 6 3 1 4 3 0
> VAMPIRE 4 6 3 3 2 3 0
> POWERUP BATTERY -9 5 3 6
> POWERUP BATTERY -9 9 11 6
< RES 1637330498 264 1
< MOVE L L
> REQ 1637330498 265 1
> VAMPIRE 1 5 3 1 4 3 14
> VAMPIRE 2 5 3 1 4 3 0
> VAMPIRE 4 5 3 3 2 3 0
> POWERUP BATTERY -8 5 3 6
> POWERUP BATTERY -8 9 11 6
< RES 1637330498 265 1
< GRENADE
> REQ 1637330498 266 1
> VAMPIRE 1 5 3 1 3 3 13
> VAMPIRE 2 5 3 1 3 3 0
> VAMPIRE 4 5 3 3 2 3 0
> GRENADE 1 5 3 5 3
> GRENADE 2 5 3 5 3
> POWERUP BATTERY -7 5 3 6
> POWERUP BATTERY -7 9 11 6
< RES 1637330498 266 1
< GRENADE
> REQ 1637330498 267 1
> VAMPIRE 1 5 3 1 2 3 12
> VAMPIRE 2 5 3 1 2 3 0
> VAMPIRE 4 5 3 3 2 3 0
> GRENADE 1 5 3 4 3
> GRENADE 2 5 3 4 3
> GRENADE 1 5 3 5 3
> GRENADE 2 5 3 5 3
> POWERUP BATTERY -6 5 3 6
> POWERUP BATTERY -6 9 11 6
< RES 1637330498 267 1
< GRENADE
> REQ 1637330498 268 1
> VAMPIRE 1 5 3 1 1 3 11
> VAMPIRE 2 5 3 1 1 3 0
> VAMPIRE 4 5 3 3 2 3 0
> GRENADE 1 5 3 3 3
> GRENADE 2 5 3 3 3
> GRENADE 1 5 3 4 3
> GRENADE 2 5 3 4 3
> GRENADE 1 5 3 5 3
> GRENADE 2 5 3 5 3
> POWERUP BATTERY -5 5 3 6
> POWERUP BATTERY -5 9 11 6
< RES 1637330498 268 1
< GRENADE
> REQ 1637330498 269 1
> VAMPIRE 1 5 3 1 0 3 10
> VAMPIRE 2 3 3 1 0 3 0
> VAMPIRE 4 4 3 3 2 3 0
> GRENADE 1 5 3 2 3
> GRENADE 2 5 3 2 3
> GRENADE 1 5 3 3 3
> GRENADE 2 5 3 3 3
> GRENADE 1 5 3 4 3
> GRENADE 2 5 3 4 3
> GRENADE 1 5 3 5 3
> GRENADE 2 5 3 5 3
> POWERUP BATTERY -4 5 3 6
> POWERUP BATTERY -4 9 11 6
< RES 1637330498 269 1
< MOVE L L U
> REQ 1637330498 270 1
> VAMPIRE 1 4 1 1 0 3 9
> VAMPIRE 2 3 1 1 0 3 0
> VAMPIRE 4 3 4 3 1 3 0
> GRENADE 1 5 3 1 3
> GRENADE 2 5 3 1 3
> GRENADE 1 5 3 2 3
> GRENADE 2 5 3 2 3
> GRENADE 1 5 3 3 3
> GRENADE 2 5 3 3 3
> GRENADE 1 5 3 4 3
> GRENADE 2 5 3 4 3
> GRENADE 4 4 3 5 3
> POWERUP BATTERY -3 5 3 6
> POWERUP BATTERY -3 9 11 6
< RES 1637330498 270 1
< MOVE D R
> REQ 1637330498 271 1
> VAMPIRE 1 5 2 1 4 3 8
> VAMPIRE 2 3 3 1 4 3 0
> VAMPIRE 4 3 3 3 2 3 0
> POWERUP BATTERY -2 5 3 6
> POWERUP BATTERY -2 9 11 6
< RES 1637330498 271 1
< MOVE R
> REQ 1637330498 272 1
> VAMPIRE 1 5 3 1 4 3 7
> VAMPIRE 2 5 3 1 4 3 0
> VAMPIRE 4 5 3 3 2 3 0
> POWERUP BATTERY -1 5 3 6
> POWERUP BATTERY -1 9 11 6
< RES 1637330498 272 1
< GRENADE
> REQ 1637330498 273 1
> VAMPIRE 1 5 3 1 3 3 6
> VAMPIRE 2 5 3 1 3 3 0
> VAMPIRE 4 5 3 3 2 3 0
> GRENADE 1 5 3 5 3
> GRENADE 2 5 3 5 3
> POWERUP BATTERY 11 5 3 6
> POWERUP BATTERY 11 9 11 6
< RES 1637330498 273 1
< GRENADE
> REQ 1637330498 274 1
> VAMPIRE 1 5 3 1 2 3 5
> VAMPIRE 2 5 3 1 2 3 0
> VAMPIRE 4 5 3 3 2 3 0
> GRENADE 1 5 3 4 3
> GRENADE 2 5 3 4 3
> GRENADE 1 5 3 5 3
> GRENADE 2 5 3 5 3
> POWERUP BATTERY 10 5 3 6
> POWERUP BATTERY 10 9 11 6
< RES 1637330498 274 1
< GRENADE
> REQ 1637330498 275 1
> VAMPIRE 1 5 3 1 1 3 4
> VAMPIRE 2 5 3 1 1 3 0
> VAMPIRE 4 5 3 3 1 3 0
> GRENADE 1 5 3 3 3
> GRENADE 2 5 3 3 3
> GRENADE 1 5 3 4 3
> GRENADE 2 5 3 4 3
> GRENADE 1 5 3 5 3
> GRENADE 2 5 3 5 3
> GRENADE 4 5 3 5 3
> POWERUP BATTERY 9 5 3 6
> POWERUP BATTERY 9 9 11 6
< RES 1637330498 275 1
< GRENADE
> REQ 1637330498 276 1
> VAMPIRE 1 5 3 1 0 3 3
> VAMPIRE 2 3 3 1 0 3 0
> VAMPIRE 4 4 3 3 1 3 0
> GRENADE 1 5 3 2 3
> GRENADE 2 5 3 2 3
> GRENADE 1 5 3 3 3
> GRENADE 2 5 3 3 3
> GRENADE 1 5 3 4 3
> GRENADE 2 5 3 4 3
> GRENADE 4 5 3 4 3
> GRENADE 1 5 3 5 3
> GRENADE 2 5 3 5 3
> POWERUP BATTERY 8 5 3 6
> POWERUP BATTERY 8 9 11 6
< RES 1637330498 276 1
< MOVE L L U
> REQ 1637330498 277 1
> VAMPIRE 1 4 1 1 0 3 2
> VAMPIRE 2 3 1 1 0 3 0
> VAMPIRE 4 3 4 3 0 3 0
> GRENADE 1 5 3 1 3
> GRENADE 2 5 3 1 3
> GRENADE 1 5 3 2 3
> GRENADE 2 5 3 2 3
> GRENADE 1 5 3 3 3
> GRENADE 2 5 3 3 3
> GRENADE 4 5 3 3 3
> GRENADE 1 5 3 4 3
> GRENADE 2 5 3 4 3
> GRENADE 4 4 3 5 3
> POWERUP BATTERY 7 5 3 6
> POWERUP BATTERY 7 9 11 6
< RES 1637330498 277 1
< MOVE U R R
> REQ 1637330498 278 1
> VAMPIRE 1 3 3 1 4 3 1
> VAMPIRE 2 3 3 1 4 3 0
> VAMPIRE 4 3 3 3 2 3 0
> POWERUP BATTERY 6 5 3 6
> POWERUP BATTERY 6 9 11 6
< RES 1637330498 278 1
< GRENADE
< MOVE D D
> REQ 1637330498 279 1
> VAMPIRE 1 5 3 1 3 3 0
> VAMPIRE 2 5 3 1 3 3 0
> VAMPIRE 4 5 3 3 2 3 0
> GRENADE 1 3 3 5 3
> GRENADE 2 3 3 5 3
> POWERUP BATTERY 5 5 3 6
> POWERUP BATTERY 5 9 11 6
< RES 1637330498 279 1
< GRENADE
> REQ 1637330498 280 1
> VAMPIRE 1 5 3 1 2 3 0
> VAMPIRE 2 5 3 1 2 3 0
> VAMPIRE 4 5 3 3 2 3 0
> GRENADE 1 3 3 4 3
> GRENADE 2 3 3 4 3
> GRENADE 1 5 3 5 3
> GRENADE 2 5 3 5 3
> POWERUP BATTERY 4 5 3 6
> POWERUP BATTERY 4 9 11 6
< RES 1637330498 280 1
< GRENADE
> REQ 1637330498 281 1
> VAMPIRE 1 5 3 1 1 3 0
> VAMPIRE 2 5 3 1 1 3 0
> VAMPIRE 4 5 3 3 2 3 0
> GRENADE 1 3 3 3 3
> GRENADE 2 3 3 3 3
> GRENADE 1 5 3 4 3
> GRENADE 2 5 3 4 3
> GRENADE 1 5 3 5 3
> GRENADE 2 5 3 5 3
> POWERUP BATTERY 3 5 3 6
> POWERUP BATTERY 3 9 11 6
< RES 1637330498 281 1
< GRENADE
< MOVE D D
> REQ 1637330498 282 1
> VAMPIRE 1 7 3 1 0 3 0
> VAMPIRE 2 7 3 1 0 3 0
> VAMPIRE 4 6 3 3 2 3 0
> GRENADE 1 3 3 2 3
> GRENADE 2 3 3 2 3
> GRENADE 1 5 3 3 3
> GRENADE 2 5 3 3 3
> GRENADE 1 5 3 4 3
> GRENADE 2 5 3 4 3
> GRENADE 1 5 3 5 3
> GRENADE 2 5 3 5 3
> POWERUP BATTERY 2 5 3 6
> POWERUP BATTERY 2 9 11 6
< RES 1637330498 282 1
< MOVE R R
> REQ 1637330498 283 1
> VAMPIRE 1 7 5 1 0 3 0
> VAMPIRE 2 7 5 1 0 3 0
> VAMPIRE 4 7 4 3 1 3 0
> GRENADE 1 3 3 1 3
> GRENADE 2 3 3 1 3
> GRENADE 1 5 3 2 3
> GRENADE 2 5 3 2 3
> GRENADE 1 5 3 3 3
> GRENADE 2 5 3 3 3
> GRENADE 1 5 3 4 3
> GRENADE 2 5 3 4 3
> GRENADE 4 6 3 5 3
> POWERUP BATTERY 1 5 3 6
> POWERUP BATTERY 1 9 11 6
< RES 1637330498 283 1
> REQ 1637330498 284 1
> VAMPIRE 1 7 5 1 4 3 0
> VAMPIRE 2 7 5 1 4 3 0
> VAMPIRE 4 7 3 3 2 3 0
< RES 1637330498 284 1
< GRENADE
< MOVE R R
> REQ 1637330498 285 1
> VAMPIRE 1 7 7 1 3 3 0
> VAMPIRE 2 7 7 1 3 3 0
> VAMPIRE 4 7 3 3 2 3 0
> GRENADE 1 7 5 5 3
> GRENADE 2 7 5 5 3
< RES 1637330498 285 1
< GRENADE
> REQ 1637330498 286 1
> VAMPIRE 1 7 7 1 2 3 0
> VAMPIRE 2 7 7 1 2 3 0
> VAMPIRE 4 7 3 3 2 3 0
> GRENADE 1 7 5 4 3
> GRENADE 2 7 5 4 3
> GRENADE 1 7 7 5 3
> GRENADE 2 7 7 5 3
< RES 1637330498 286 1
< GRENADE
< MOVE U U
> REQ 1637330498 287 1
> VAMPIRE 1 5 7 1 1 3 0
> VAMPIRE 2 5 7 1 1 3 0
> VAMPIRE 4 5 3 3 2 3 0
> GRENADE 1 7 5 3 3
> GRENADE 2 7 5 3 3
> GRENADE 1 7 7 4 3
> GRENADE 2 7 7 4 3
> GRENADE 1 7 7 5 3
> GRENADE 2 7 7 5 3
< RES 1637330498 287 1
< GRENADE
> REQ 1637330498 288 1
> VAMPIRE 1 5 7 1 0 3 0
> VAMPIRE 2 5 7 1 0 3 0
> VAMPIRE 4 3 3 3 2 3 0
> GRENADE 1 7 5 2 3
> GRENADE 2 7 5 2 3
> GRENADE 1 7 7 3 3
> GRENADE 2 7 7 3 3
> GRENADE 1 7 7 4 3
> GRENADE 2 7 7 4 3
> GRENADE 1 5 7 5 3
> GRENADE 2 5 7 5 3
< RES 1637330498 288 1
< GRENADE
> REQ 1637330498 289 1
> VAMPIRE 1 5 7 1 0 3 0
> VAMPIRE 2 5 7 1 0 3 0
> VAMPIRE 4 3 5 3 2 3 0
> GRENADE 1 7 5 1 3
> GRENADE 2 7 5 1 3
> GRENADE 1 7 7 2 3
> GRENADE 2 7 7 2 3
> GRENADE 1 7 7 3 3
> GRENADE 2 7 7 3 3
> GRENADE 1 5 7 4 3
> GRENADE 2 5 7 4 3
< RES 1637330498 289 1
> END 810 Could_not_be_more_deaded
