> MESSAGE OK
> LEVEL 10
> GAMEID 1637330498
> TEST 1
> MAXTICK 800
> GRENADERADIUS 3
> SIZE 15
> REQ 1637330498 0 2
> VAMPIRE 1 1 1 3 1 3 0
> VAMPIRE 2 13 1 3 1 3 0
> VAMPIRE 3 13 13 3 1 3 0
> VAMPIRE 4 1 13 3 1 3 0
> BAT1 8 1 9 1 10 1 11 1 1 3 7 3 1 4 1 5 6 5 8 5 1 6 5 6 9 6 3 7 11 7 5 8 9 8 13 8 6 9 8 9 13 9 13 10 7 11 13 11 3 13 4 13 5 13 6 13
> BAT2 3 1 4 1 5 1 6 1 8 3 9 3 13 3 13 4 3 5 7 5 13 5 3 6 13 6 5 7 9 7 1 8 11 8 1 9 7 9 11 9 1 10 1 11 5 11 6 11 8 13 9 13 10 13 11 13
> BAT3 7 1 5 3 6 3 11 5 11 6 1 7 7 7 13 7 3 8 3 9 8 11 9 11 7 13
< RES 1637330498 0 2
< GRENADE
> REQ 1637330498 1 2
> VAMPIRE 1 1 1 3 0 3 0
> VAMPIRE 2 13 1 3 0 3 0
> VAMPIRE 3 13 13 3 1 3 0
> VAMPIRE 4 1 13 3 1 3 0
> GRENADE 1 1 1 5 3
> GRENADE 2 13 1 5 3
> BAT1 8 1 9 1 10 1 11 1 1 3 7 3 1 4 1 5 6 5 8 5 1 6 5 6 9 6 3 7 11 7 5 8 9 8 13 8 6 9 8 9 13 9 13 10 7 11 13 11 3 13 4 13 5 13 6 13
> BAT2 3 1 4 1 5 1 6 1 8 3 9 3 13 3 13 4 3 5 7 5 13 5 3 6 13 6 5 7 9 7 1 8 11 8 1 9 7 9 11 9 1 10 1 11 5 11 6 11 8 13 9 13 10 13 11 13
> BAT3 7 1 5 3 6 3 11 5 11 6 1 7 7 7 13 7 3 8 3 9 8 11 9 11 7 13
< RES 1637330498 1 2
> REQ 1637330498 2 2
> VAMPIRE 1 1 1 3 0 3 0
> VAMPIRE 2 13 1 3 0 3 0
> VAMPIRE 3 13 13 3 1 3 0
> VAMPIRE 4 1 13 3 1 3 0
> GRENADE 1 1 1 4 3
> GRENADE 2 13 1 4 3
> BAT1 8 1 9 1 10 1 11 1 1 3 7 3 1 4 1 5 6 5 8 5 1 6 5 6 9 6 3 7 11 7 5 8 9 8 13 8 6 9 8 9 13 9 13 10 7 11 13 11 3 13 4 13 5 13 6 13
> BAT2 3 1 4 1 5 1 6 1 8 3 9 3 13 3 13 4 3 5 7 5 13 5 3 6 13 6 5 7 9 7 1 8 11 8 1 9 7 9 11 9 1 10 1 11 5 11 6 11 8 13 9 13 10 13 11 13
> BAT3 7 1 5 3 6 3 11 5 11 6 1 7 7 7 13 7 3 8 3 9 8 11 9 11 7 13
< RES 1637330498 2 2
> REQ 1637330498 3 2
> VAMPIRE 1 1 1 3 0 3 0
> VAMPIRE 2 13 1 3 0 3 0
> VAMPIRE 3 13 13 3 1 3 0
> VAMPIRE 4 1 13 3 1 3 0
> GRENADE 1 1 1 3 3
> GRENADE 2 13 1 3 3
> BAT1 8 1 9 1 10 1 11 1 1 3 7 3 1 4 1 5 6 5 8 5 1 6 5 6 9 6 3 7 11 7 5 8 9 8 13 8 6 9 8 9 13 9 13 10 7 11 13 11 3 13 4 13 5 13 6 13
> BAT2 3 1 4 1 5 1 6 1 8 3 9 3 13 3 13 4 3 5 7 5 13 5 3 6 13 6 5 7 9 7 1 8 11 8 1 9 7 9 11 9 1 10 1 11 5 11 6 11 8 13 9 13 10 13 11 13
> BAT3 7 1 5 3 6 3 11 5 11 6 1 7 7 7 13 7 3 8 3 9 8 11 9 11 7 13
< RES 1637330498 3 2
< THROW XU 1
< MOVE R
> REQ 1637330498 4 2
> VAMPIRE 1 2 1 3 0 3 0
> VAMPIRE 2 13 2 3 0 3 0
> VAMPIRE 3 13 13 3 1 3 0
> VAMPIRE 4 1 13 3 1 3 0
> GRENADE 1 1 2 2 3
> GRENADE 2 12 1 2 3
> BAT1 8 1 9 1 10 1 11 1 1 3 7 3 1 4 1 5 6 5 8 5 1 6 5 6 9 6 3 7 11 7 5 8 9 8 13 8 6 9 8 9 13 9 13 10 7 11 13 11 3 13 4 13 5 13 6 13
> BAT2 3 1 4 1 5 1 6 1 8 3 9 3 13 3 13 4 3 5 7 5 13 5 3 6 13 6 5 7 9 7 1 8 11 8 1 9 7 9 11 9 1 10 1 11 5 11 6 11 8 13 9 13 10 13 11 13
> BAT3 7 1 5 3 6 3 11 5 11 6 1 7 7 7 13 7 3 8 3 9 8 11 9 11 7 13
< RES 1637330498 4 2
> REQ 1637330498 5 2
> VAMPIRE 1 2 1 3 0 3 0
> VAMPIRE 2 13 2 3 0 3 0
> VAMPIRE 3 13 13 3 1 3 0
> VAMPIRE 4 1 13 3 1 3 0
> GRENADE 1 1 2 1 3
> GRENADE 2 12 1 1 3
> BAT1 8 1 9 1 10 1 11 1 1 3 7 3 1 4 1 5 6 5 8 5 1 6 5 6 9 6 3 7 11 7 5 8 9 8 13 8 6 9 8 9 13 9 13 10 7 11 13 11 3 13 4 13 5 13 6 13
> BAT2 3 1 4 1 5 1 6 1 8 3 9 3 13 3 13 4 3 5 7 5 13 5 3 6 13 6 5 7 9 7 1 8 11 8 1 9 7 9 11 9 1 10 1 11 5 11 6 11 8 13 9 13 10 13 11 13
> BAT3 7 1 5 3 6 3 11 5 11 6 1 7 7 7 13 7 3 8 3 9 8 11 9 11 7 13
< RES 1637330498 5 2
< MOVE L
> REQ 1637330498 6 2
> VAMPIRE 1 1 1 3 1 3 0
> VAMPIRE 2 13 1 3 1 3 0
> VAMPIRE 3 13 13 3 1 3 0
> VAMPIRE 4 1 13 3 1 3 0
> BAT1 8 1 9 1 10 1 7 3 1 4 1 5 6 5 8 5 1 6 5 6 9 6 3 7 11 7 5 8 9 8 13 8 6 9 8 9 13 9 13 10 7 11 13 11 3 13 4 13 5 13 6 13
> BAT2 3 1 4 1 5 1 6 1 8 3 9 3 13 3 13 4 3 5 7 5 13 5 3 6 13 6 5 7 9 7 1 8 11 8 1 9 7 9 11 9 1 10 1 11 5 11 6 11 8 13 9 13 10 13 11 13
> BAT3 7 1 5 3 6 3 11 5 11 6 1 7 7 7 13 7 3 8 3 9 8 11 9 11 7 13
< RES 1637330498 6 2
< MOVE U U
> REQ 1637330498 7 2
> VAMPIRE 1 1 3 3 1 3 0
> VAMPIRE 2 11 1 3 1 3 0
> VAMPIRE 3 13 13 3 1 3 0
> VAMPIRE 4 1 13 3 1 3 0
> BAT1 8 1 9 1 10 1 7 3 1 4 1 5 6 5 8 5 1 6 5 6 9 6 3 7 11 7 5 8 9 8 13 8 6 9 8 9 13 9 13 10 7 11 13 11 3 13 4 13 5 13 6 13
> BAT2 3 1 4 1 5 1 6 1 8 3 9 3 13 3 13 4 3 5 7 5 13 5 3 6 13 6 5 7 9 7 1 8 11 8 1 9 7 9 11 9 1 10 1 11 5 11 6 11 8 13 9 13 10 13 11 13
> BAT3 7 1 5 3 6 3 11 5 11 6 1 7 7 7 13 7 3 8 3 9 8 11 9 11 7 13
< RES 1637330498 7 2
< MOVE R R
> REQ 1637330498 8 2
> VAMPIRE 1 3 3 3 1 3 0
> VAMPIRE 2 11 3 3 1 3 0
> VAMPIRE 3 13 13 3 1 3 0
> VAMPIRE 4 1 13 3 1 3 0
> BAT1 8 1 9 1 10 1 7 3 1 4 1 5 6 5 8 5 1 6 5 6 9 6 3 7 11 7 5 8 9 8 13 8 6 9 8 9 13 9 13 10 7 11 13 11 3 13 4 13 5 13 6 13
> BAT2 3 1 4 1 5 1 6 1 8 3 9 3 13 3 13 4 3 5 7 5 13 5 3 6 13 6 5 7 9 7 1 8 11 8 1 9 7 9 11 9 1 10 1 11 5 11 6 11 8 13 9 13 10 13 11 13
> BAT3 7 1 5 3 6 3 11 5 11 6 1 7 7 7 13 7 3 8 3 9 8 11 9 11 7 13
< RES 1637330498 8 2
< GRENADE
< MOVE L L
> REQ 1637330498 9 2
> VAMPIRE 1 1 3 3 0 3 0
> VAMPIRE 2 11 1 3 0 3 0
> VAMPIRE 3 13 13 3 1 3 0
> VAMPIRE 4 1 13 3 1 3 0
> GRENADE 1 3 3 5 3
> GRENADE 2 11 3 5 3
> BAT1 8 1 9 1 10 1 7 3 1 4 1 5 6 5 8 5 1 6 5 6 9 6 3 7 11 7 5 8 9 8 13 8 6 9 8 9 13 9 13 10 7 11 13 11 3 13 4 13 5 13 6 13
> BAT2 3 1 4 1 5 1 6 1 8 3 9 3 13 3 13 4 3 5 7 5 13 5 3 6 13 6 5 7 9 7 1 8 11 8 1 9 7 9 11 9 1 10 1 11 5 11 6 11 8 13 9 13 10 13 11 13
> BAT3 7 1 5 3 6 3 11 5 11 6 1 7 7 7 13 7 3 8 3 9 8 11 9 11 7 13
< RES 1637330498 9 2
< MOVE D
> REQ 1637330498 10 2
> VAMPIRE 1 1 2 3 0 3 0
> VAMPIRE 2 12 1 3 0 3 0
> VAMPIRE 3 13 13 3 1 3 0
> VAMPIRE 4 1 13 3 1 3 0
> GRENADE 1 3 3 4 3
> GRENADE 2 11 3 4 3
> BAT1 8 1 9 1 10 1 7 3 1 4 1 5 6 5 8 5 1 6 5 6 9 6 3 7 11 7 5 8 9 8 13 8 6 9 8 9 13 9 13 10 7 11 13 11 3 13 4 13 5 13 6 13
> BAT2 3 1 4 1 5 1 6 1 8 3 9 3 13 3 13 4 3 5 7 5 13 5 3 6 13 6 5 7 9 7 1 8 11 8 1 9 7 9 11 9 1 10 1 11 5 11 6 11 8 13 9 13 10 13 11 13
> BAT3 7 1 5 3 6 3 11 5 11 6 1 7 7 7 13 7 3 8 3 9 8 11 9 11 7 13
< RES 1637330498 10 2
> REQ 1637330498 11 2
> VAMPIRE 1 1 2 3 0 3 0
> VAMPIRE 2 12 1 3 0 3 0
> VAMPIRE 3 13 13 3 1 3 0
> VAMPIRE 4 1 13 3 1 3 0
> GRENADE 1 3 3 3 3
> GRENADE 2 11 3 3 3
> BAT1 8 1 9 1 10 1 7 3 1 4 1 5 6 5 8 5 1 6 5 6 9 6 3 7 11 7 5 8 9 8 13 8 6 9 8 9 13 9 13 10 7 11 13 11 3 13 4 13 5 13 6 13
> BAT2 3 1 4 1 5 1 6 1 8 3 9 3 13 3 13 4 3 5 7 5 13 5 3 6 13 6 5 7 9 7 1 8 11 8 1 9 7 9 11 9 1 10 1 11 5 11 6 11 8 13 9 13 10 13 11 13
> BAT3 7 1 5 3 6 3 11 5 11 6 1 7 7 7 13 7 3 8 3 9 8 11 9 11 7 13
< RES 1637330498 11 2
> REQ 1637330498 12 2
> VAMPIRE 1 1 2 3 0 3 0
> VAMPIRE 2 12 1 3 0 3 0
> VAMPIRE 3 13 13 3 1 3 0
> VAMPIRE 4 1 13 3 1 3 0
> GRENADE 1 3 3 2 3
> GRENADE 2 11 3 2 3
> BAT1 8 1 9 1 10 1 7 3 1 4 1 5 6 5 8 5 1 6 5 6 9 6 3 7 11 7 5 8 9 8 13 8 6 9 8 9 13 9 13 10 7 11 13 11 3 13 4 13 5 13 6 13
> BAT2 3 1 4 1 5 1 6 1 8 3 9 3 13 3 13 4 3 5 7 5 13 5 3 6 13 6 5 7 9 7 1 8 11 8 1 9 7 9 11 9 1 10 1 11 5 11 6 11 8 13 9 13 10 13 11 13
> BAT3 7 1 5 3 6 3 11 5 11 6 1 7 7 7 13 7 3 8 3 9 8 11 9 11 7 13
< RES 1637330498 12 2
> REQ 1637330498 13 2
> VAMPIRE 1 1 2 3 0 3 0
> VAMPIRE 2 12 1 3 0 3 0
> VAMPIRE 3 13 13 3 1 3 0
> VAMPIRE 4 1 13 3 1 3 0
> GRENADE 1 3 3 1 3
> GRENADE 2 11 3 1 3
> BAT1 8 1 9 1 10 1 7 3 1 4 1 5 6 5 8 5 1 6 5 6 9 6 3 7 11 7 5 8 9 8 13 8 6 9 8 9 13 9 13 10 7 11 13 11 3 13 4 13 5 13 6 13
> BAT2 3 1 4 1 5 1 6 1 8 3 9 3 13 3 13 4 3 5 7 5 13 5 3 6 13 6 5 7 9 7 1 8 11 8 1 9 7 9 11 9 1 10 1 11 5 11 6 11 8 13 9 13 10 13 11 13
> BAT3 7 1 5 3 6 3 11 5 11 6 1 7 7 7 13 7 3 8 3 9 8 11 9 11 7 13
< RES 1637330498 13 2
< MOVE U R
> REQ 1637330498 14 2
> VAMPIRE 1 2 3 3 1 3 0
> VAMPIRE 2 11 2 3 1 3 0
> VAMPIRE 3 13 13 3 1 3 0
> VAMPIRE 4 1 13 3 1 3 0
> BAT1 8 1 9 1 10 1 7 3 1 4 1 5 6 5 8 5 1 6 5 6 9 6 3 7 11 7 5 8 9 8 13 8 6 9 8 9 13 9 13 10 7 11 13 11 3 13 4 13 5 13 6 13 3 1 9 3 13 3 3 5
> BAT2 4 1 5 1 6 1 8 3 13 4 7 5 13 5 3 6 13 6 5 7 9 7 1 8 11 8 1 9 7 9 11 9 1 10 1 11 5 11 6 11 8 13 9 13 10 13 11 13 5 3 11 5
> BAT3 7 1 6 3 11 6 1 7 7 7 13 7 3 8 3 9 8 11 9 11 7 13
< RES 1637330498 14 2
< MOVE R U
> REQ 1637330498 15 2
> VAMPIRE 1 3 3 3 1 3 0
> VAMPIRE 2 10 3 3 1 3 0
> VAMPIRE 3 13 13 3 1 3 0
> VAMPIRE 4 1 13 3 1 3 0
> BAT1 8 1 9 1 10 1 7 3 1 4 1 5 6 5 8 5 1 6 5 6 9 6 3 7 11 7 5 8 9 8 13 8 6 9 8 9 13 9 13 10 7 11 13 11 3 13 4 13 5 13 6 13 3 1 9 3 13 3 3 5
> BAT2 4 1 5 1 6 1 8 3 13 4 7 5 13 5 3 6 13 6 5 7 9 7 1 8 11 8 1 9 7 9 11 9 1 10 1 11 5 11 6 11 8 13 9 13 10 13 11 13 5 3 11 5
> BAT3 7 1 6 3 11 6 1 7 7 7 13 7 3 8 3 9 8 11 9 11 7 13
< RES 1637330498 15 2
< GRENADE
< MOVE D L
> REQ 1637330498 16 2
> VAMPIRE 1 1 3 3 0 3 0
> VAMPIRE 2 11 2 3 0 3 0
> VAMPIRE 3 13 13 3 1 3 0
> VAMPIRE 4 1 13 3 1 3 0
> GRENADE 1 3 3 5 3
> GRENADE 2 10 3 5 3
> BAT1 8 1 9 1 10 1 7 3 1 4 1 5 6 5 8 5 1 6 5 6 9 6 3 7 11 7 5 8 9 8 13 8 6 9 8 9 13 9 13 10 7 11 13 11 3 13 4 13 5 13 6 13 3 1 9 3 13 3 3 5
> BAT2 4 1 5 1 6 1 8 3 13 4 7 5 13 5 3 6 13 6 5 7 9 7 1 8 11 8 1 9 7 9 11 9 1 10 1 11 5 11 6 11 8 13 9 13 10 13 11 13 5 3 11 5
> BAT3 7 1 6 3 11 6 1 7 7 7 13 7 3 8 3 9 8 11 9 11 7 13
< RES 1637330498 16 2
< MOVE L
> REQ 1637330498 17 2
> VAMPIRE 1 1 2 3 0 3 0
> VAMPIRE 2 11 1 3 0 3 0
> VAMPIRE 3 13 13 3 1 3 0
> VAMPIRE 4 1 13 3 1 3 0
> GRENADE 1 3 3 4 3
> GRENADE 2 10 3 4 3
> BAT1 8 1 9 1 10 1 7 3 1 4 1 5 6 5 8 5 1 6 5 6 9 6 3 7 11 7 5 8 9 8 13 8 6 9 8 9 13 9 13 10 7 11 13 11 3 13 4 13 5 13 6 13 3 1 9 3 13 3 3 5
> BAT2 4 1 5 1 6 1 8 3 13 4 7 5 13 5 3 6 13 6 5 7 9 7 1 8 11 8 1 9 7 9 11 9 1 10 1 11 5 11 6 11 8 13 9 13 10 13 11 13 5 3 11 5
> BAT3 7 1 6 3 11 6 1 7 7 7 13 7 3 8 3 9 8 11 9 11 7 13
< RES 1637330498 17 2
> REQ 1637330498 18 2
> VAMPIRE 1 1 2 3 0 3 0
> VAMPIRE 2 11 1 3 0 3 0
> VAMPIRE 3 13 13 3 1 3 0
> VAMPIRE 4 1 13 3 1 3 0
> GRENADE 1 3 3 3 3
> GRENADE 2 10 3 3 3
> BAT1 8 1 9 1 10 1 7 3 1 4 1 5 6 5 8 5 1 6 5 6 9 6 3 7 11 7 5 8 9 8 13 8 6 9 8 9 13 9 13 10 7 11 13 11 3 13 4 13 5 13 6 13 3 1 9 3 13 3 3 5
> BAT2 4 1 5 1 6 1 8 3 13 4 7 5 13 5 3 6 13 6 5 7 9 7 1 8 11 8 1 9 7 9 11 9 1 10 1 11 5 11 6 11 8 13 9 13 10 13 11 13 5 3 11 5
> BAT3 7 1 6 3 11 6 1 7 7 7 13 7 3 8 3 9 8 11 9 11 7 13
< RES 1637330498 18 2
> REQ 1637330498 19 2
> VAMPIRE 1 1 2 3 0 3 0
> VAMPIRE 2 11 1 3 0 3 0
> VAMPIRE 3 13 13 3 1 3 0
> VAMPIRE 4 1 13 3 1 3 0
> GRENADE 1 3 3 2 3
> GRENADE 2 10 3 2 3
> BAT1 8 1 9 1 10 1 7 3 1 4 1 5 6 5 8 5 1 6 5 6 9 6 3 7 11 7 5 8 9 8 13 8 6 9 8 9 13 9 13 10 7 11 13 11 3 13 4 13 5 13 6 13 3 1 9 3 13 3 3 5
> BAT2 4 1 5 1 6 1 8 3 13 4 7 5 13 5 3 6 13 6 5 7 9 7 1 8 11 8 1 9 7 9 11 9 1 10 1 11 5 11 6 11 8 13 9 13 10 13 11 13 5 3 11 5
> BAT3 7 1 6 3 11 6 1 7 7 7 13 7 3 8 3 9 8 11 9 11 7 13
< RES 1637330498 19 2
> REQ 1637330498 20 2
> VAMPIRE 1 1 2 3 0 3 0
> VAMPIRE 2 11 1 3 0 3 0
> VAMPIRE 3 13 13 3 1 3 0
> VAMPIRE 4 1 13 3 1 3 0
> GRENADE 1 3 3 1 3
> GRENADE 2 10 3 1 3
> BAT1 8 1 9 1 10 1 7 3 1 4 1 5 6 5 8 5 1 6 5 6 9 6 3 7 11 7 5 8 9 8 13 8 6 9 8 9 13 9 13 10 7 11 13 11 3 13 4 13 5 13 6 13 3 1 9 3 13 3 3 5
> BAT2 4 1 5 1 6 1 8 3 13 4 7 5 13 5 3 6 13 6 5 7 9 7 1 8 11 8 1 9 7 9 11 9 1 10 1 11 5 11 6 11 8 13 9 13 10 13 11 13 5 3 11 5
> BAT3 7 1 6 3 11 6 1 7 7 7 13 7 3 8 3 9 8 11 9 11 7 13
< RES 1637330498 20 2
< MOVE R R
> REQ 1637330498 21 2
> VAMPIRE 1 1 3 3 1 3 0
> VAMPIRE 2 11 3 3 1 3 0
> VAMPIRE 3 13 13 3 1 3 0
> VAMPIRE 4 1 13 3 1 3 0
> BAT1 8 1 9 1 10 1 7 3 1 4 1 5 6 5 8 5 1 6 5 6 9 6 3 7 11 7 5 8 9 8 13 8 6 9 8 9 13 9 13 10 7 11 13 11 3 13 4 13 5 13 6 13 5 3
> BAT2 4 1 5 1 6 1 8 3 13 4 7 5 13 5 3 6 13 6 5 7 9 7 1 8 11 8 1 9 7 9 11 9 1 10 1 11 5 11 6 11 8 13 9 13 10 13 11 13 11 5
> BAT3 7 1 6 3 11 6 1 7 7 7 13 7 3 8 3 9 8 11 9 11 7 13
< RES 1637330498 21 2
< GRENADE
> REQ 1637330498 22 2
> VAMPIRE 1 3 3 3 1 3 0
> VAMPIRE 2 11 3 3 0 3 0
> VAMPIRE 3 13 13 3 1 3 0
> VAMPIRE 4 1 13 3 1 3 0
> GRENADE 2 11 3 5 3
> BAT1 8 1 9 1 10 1 7 3 1 4 1 5 6 5 8 5 1 6 5 6 9 6 3 7 11 7 5 8 9 8 13 8 6 9 8 9 13 9 13 10 7 11 13 11 3 13 4 13 5 13 6 13 5 3
> BAT2 4 1 5 1 6 1 8 3 13 4 7 5 13 5 3 6 13 6 5 7 9 7 1 8 11 8 1 9 7 9 11 9 1 10 1 11 5 11 6 11 8 13 9 13 10 13 11 13 11 5
> BAT3 7 1 6 3 11 6 1 7 7 7 13 7 3 8 3 9 8 11 9 11 7 13
< RES 1637330498 22 2
< THROW XU 2
< MOVE L L
> REQ 1637330498 23 2
> VAMPIRE 1 3 3 3 0 3 0
> VAMPIRE 2 11 1 3 0 3 0
> VAMPIRE 3 13 13 3 1 3 0
> VAMPIRE 4 1 13 3 1 3 0
> GRENADE 2 9 3 4 3
> GRENADE 1 3 3 5 3
> BAT1 8 1 9 1 10 1 7 3 1 4 1 5 6 5 8 5 1 6 5 6 9 6 3 7 11 7 5 8 9 8 13 8 6 9 8 9 13 9 13 10 7 11 13 11 3 13 4 13 5 13 6 13 5 3
> BAT2 4 1 5 1 6 1 8 3 13 4 7 5 13 5 3 6 13 6 5 7 9 7 1 8 11 8 1 9 7 9 11 9 1 10 1 11 5 11 6 11 8 13 9 13 10 13 11 13 11 5
> BAT3 7 1 6 3 11 6 1 7 7 7 13 7 3 8 3 9 8 11 9 11 7 13
< RES 1637330498 23 2
> REQ 1637330498 24 2
> VAMPIRE 1 1 3 3 0 3 0
> VAMPIRE 2 11 1 3 0 3 0
> VAMPIRE 3 13 13 3 1 3 0
> VAMPIRE 4 1 13 3 1 3 0
> GRENADE 2 9 3 3 3
> GRENADE 1 3 5 4 3
> BAT1 8 1 9 1 10 1 7 3 1 4 1 5 6 5 8 5 1 6 5 6 9 6 3 7 11 7 5 8 9 8 13 8 6 9 8 9 13 9 13 10 7 11 13 11 3 13 4 13 5 13 6 13 5 3
> BAT2 4 1 5 1 6 1 8 3 13 4 7 5 13 5 3 6 13 6 5 7 9 7 1 8 11 8 1 9 7 9 11 9 1 10 1 11 5 11 6 11 8 13 9 13 10 13 11 13 11 5
> BAT3 7 1 6 3 11 6 1 7 7 7 13 7 3 8 3 9 8 11 9 11 7 13
< RES 1637330498 24 2
> REQ 1637330498 25 2
> VAMPIRE 1 1 3 3 0 3 0
> VAMPIRE 2 11 1 3 0 3 0
> VAMPIRE 3 13 13 3 1 3 0
> VAMPIRE 4 1 13 3 1 3 0
> GRENADE 2 9 3 2 3
> GRENADE 1 3 5 3 3
> BAT1 8 1 9 1 10 1 7 3 1 4 1 5 6 5 8 5 1 6 5 6 9 6 3 7 11 7 5 8 9 8 13 8 6 9 8 9 13 9 13 10 7 11 13 11 3 13 4 13 5 13 6 13 5 3
> BAT2 4 1 5 1 6 1 8 3 13 4 7 5 13 5 3 6 13 6 5 7 9 7 1 8 11 8 1 9 7 9 11 9 1 10 1 11 5 11 6 11 8 13 9 13 10 13 11 13 11 5
> BAT3 7 1 6 3 11 6 1 7 7 7 13 7 3 8 3 9 8 11 9 11 7 13
< RES 1637330498 25 2
> REQ 1637330498 26 2
> VAMPIRE 1 1 3 3 0 3 0
> VAMPIRE 2 11 1 3 0 3 0
> VAMPIRE 3 13 13 3 1 3 0
> VAMPIRE 4 1 13 3 1 3 0
> GRENADE 2 9 3 1 3
> GRENADE 1 3 5 2 3
> BAT1 8 1 9 1 10 1 7 3 1 4 1 5 6 5 8 5 1 6 5 6 9 6 3 7 11 7 5 8 9 8 13 8 6 9 8 9 13 9 13 10 7 11 13 11 3 13 4 13 5 13 6 13 5 3
> BAT2 4 1 5 1 6 1 8 3 13 4 7 5 13 5 3 6 13 6 5 7 9 7 1 8 11 8 1 9 7 9 11 9 1 10 1 11 5 11 6 11 8 13 9 13 10 13 11 13 11 5
> BAT3 7 1 6 3 11 6 1 7 7 7 13 7 3 8 3 9 8 11 9 11 7 13
< RES 1637330498 26 2
< MOVE R R
> REQ 1637330498 27 2
> VAMPIRE 1 1 3 3 0 3 0
> VAMPIRE 2 11 3 3 1 3 0
> VAMPIRE 3 13 13 3 1 3 0
> VAMPIRE 4 1 13 3 1 3 0
> GRENADE 1 3 5 1 3
> BAT1 8 1 10 1 7 3 1 4 1 5 6 5 8 5 1 6 5 6 3 7 11 7 5 8 9 8 13 8 6 9 8 9 13 9 13 10 7 11 13 11 3 13 4 13 5 13 6 13 8 3 5 3
> BAT2 4 1 5 1 6 1 13 4 7 5 13 5 3 6 13 6 5 7 9 7 1 8 11 8 1 9 7 9 11 9 1 10 1 11 5 11 6 11 8 13 9 13 10 13 11 13 11 5
> BAT3 7 1 6 3 11 6 1 7 7 7 13 7 3 8 3 9 8 11 9 11 7 13
< RES 1637330498 27 2
< GRENADE
< MOVE U U
> REQ 1637330498 28 2
> VAMPIRE 1 1 1 3 1 3 0
> VAMPIRE 2 9 3 3 0 3 0
> VAMPIRE 3 13 13 3 1 3 0
> VAMPIRE 4 1 13 3 1 3 0
> GRENADE 2 11 3 5 3
> BAT1 8 1 10 1 7 3 1 4 8 5 1 6 5 6 3 7 11 7 5 8 9 8 13 8 6 9 8 9 13 9 13 10 7 11 13 11 3 13 4 13 5 13 6 13 8 3 3 6 5 3
> BAT2 4 1 5 1 6 1 13 4 7 5 13 5 13 6 5 7 9 7 1 8 11 8 1 9 7 9 11 9 1 10 1 11 5 11 6 11 8 13 9 13 10 13 11 13 11 5
> BAT3 7 1 6 3 11 6 1 7 7 7 13 7 3 8 3 9 8 11 9 11 7 13
< RES 1637330498 28 2
< MOVE R R
> REQ 1637330498 29 2
> VAMPIRE 1 3 1 3 0 3 0
> VAMPIRE 2 9 5 3 0 3 0
> VAMPIRE 3 13 13 3 1 3 0
> VAMPIRE 4 1 13 3 1 3 0
> GRENADE 2 11 3 4 3
> GRENADE 1 1 1 5 3
> BAT1 8 1 10 1 7 3 1 4 8 5 1 6 5 6 3 7 11 7 5 8 9 8 13 8 6 9 8 9 13 9 13 10 7 11 13 11 3 13 4 13 5 13 6 13 8 3 3 6 5 3
> BAT2 4 1 5 1 6 1 13 4 7 5 13 5 13 6 5 7 9 7 1 8 11 8 1 9 7 9 11 9 1 10 1 11 5 11 6 11 8 13 9 13 10 13 11 13 11 5
> BAT3 7 1 6 3 11 6 1 7 7 7 13 7 3 8 3 9 8 11 9 11 7 13
< RES 1637330498 29 2
> REQ 1637330498 30 2
> VAMPIRE 1 3 3 3 0 3 0
> VAMPIRE 2 9 5 3 0 3 0
> VAMPIRE 3 13 13 3 1 3 0
> VAMPIRE 4 1 13 3 1 3 0
> GRENADE 2 11 3 3 3
> GRENADE 1 1 1 4 3
> BAT1 8 1 10 1 7 3 1 4 8 5 1 6 5 6 3 7 11 7 5 8 9 8 13 8 6 9 8 9 13 9 13 10 7 11 13 11 3 13 4 13 5 13 6 13 8 3 3 6 5 3
> BAT2 4 1 5 1 6 1 13 4 7 5 13 5 13 6 5 7 9 7 1 8 11 8 1 9 7 9 11 9 1 10 1 11 5 11 6 11 8 13 9 13 10 13 11 13 11 5
> BAT3 7 1 6 3 11 6 1 7 7 7 13 7 3 8 3 9 8 11 9 11 7 13
< RES 1637330498 30 2
> REQ 1637330498 31 2
> VAMPIRE 1 3 3 3 0 3 0
> VAMPIRE 2 9 5 3 0 3 0
> VAMPIRE 3 13 13 3 1 3 0
> VAMPIRE 4 1 13 3 1 3 0
> GRENADE 2 11 3 2 3
> GRENADE 1 1 1 3 3
> BAT1 8 1 10 1 7 3 1 4 8 5 1 6 5 6 3 7 11 7 5 8 9 8 13 8 6 9 8 9 13 9 13 10 7 11 13 11 3 13 4 13 5 13 6 13 8 3 3 6 5 3
> BAT2 4 1 5 1 6 1 13 4 7 5 13 5 13 6 5 7 9 7 1 8 11 8 1 9 7 9 11 9 1 10 1 11 5 11 6 11 8 13 9 13 10 13 11 13 11 5
> BAT3 7 1 6 3 11 6 1 7 7 7 13 7 3 8 3 9 8 11 9 11 7 13
< RES 1637330498 31 2
> REQ 1637330498 32 2
> VAMPIRE 1 3 3 3 0 3 0
> VAMPIRE 2 9 5 3 0 3 0
> VAMPIRE 3 13 13 3 1 3 0
> VAMPIRE 4 1 13 3 1 3 0
> GRENADE 2 11 3 1 3
> GRENADE 1 1 1 2 3
> BAT1 8 1 10 1 7 3 1 4 8 5 1 6 5 6 3 7 11 7 5 8 9 8 13 8 6 9 8 9 13 9 13 10 7 11 13 11 3 13 4 13 5 13 6 13 8 3 3 6 5 3
> BAT2 4 1 5 1 6 1 13 4 7 5 13 5 13 6 5 7 9 7 1 8 11 8 1 9 7 9 11 9 1 10 1 11 5 11 6 11 8 13 9 13 10 13 11 13 11 5
> BAT3 7 1 6 3 11 6 1 7 7 7 13 7 3 8 3 9 8 11 9 11 7 13
< RES 1637330498 32 2
> REQ 1637330498 33 2
> VAMPIRE 1 3 5 3 0 3 0
> VAMPIRE 2 9 5 3 1 3 0
> VAMPIRE 3 13 13 3 1 3 0
> VAMPIRE 4 1 13 3 1 3 0
> GRENADE 1 1 1 1 3
> BAT1 8 1 10 1 7 3 1 4 8 5 1 6 5 6 3 7 11 7 5 8 9 8 13 8 6 9 8 9 13 9 13 10 7 11 13 11 3 13 4 13 5 13 6 13 3 6 5 3 11 5
> BAT2 4 1 5 1 6 1 13 4 7 5 13 5 13 6 5 7 9 7 1 8 11 8 1 9 7 9 11 9 1 10 1 11 5 11 6 11 8 13 9 13 10 13 11 13
> BAT3 7 1 6 3 11 6 1 7 7 7 13 7 3 8 3 9 8 11 9 11 7 13
< RES 1637330498 33 2
< GRENADE
> REQ 1637330498 34 2
> VAMPIRE 1 5 5 3 1 3 0
> VAMPIRE 2 9 5 3 0 3 0
> VAMPIRE 3 13 13 3 1 3 0
> VAMPIRE 4 1 13 3 1 3 0
> GRENADE 2 9 5 5 3
> BAT1 8 1 10 1 7 3 8 5 1 6 5 6 3 7 11 7 5 8 9 8 13 8 6 9 8 9 13 9 13 10 7 11 13 11 3 13 4 13 5 13 6 13 4 1 3 6 5 3 11 5
> BAT2 5 1 6 1 13 4 7 5 13 5 13 6 5 7 9 7 1 8 11 8 1 9 7 9 11 9 1 10 1 11 5 11 6 11 8 13 9 13 10 13 11 13
> BAT3 7 1 6 3 11 6 1 7 7 7 13 7 3 8 3 9 8 11 9 11 7 13
< RES 1637330498 34 2
< THROW XR 4
> REQ 1637330498 35 2
> VAMPIRE 1 3 5 3 0 3 0
> VAMPIRE 2 9 5 3 0 3 0
> VAMPIRE 3 13 13 3 1 3 0
> VAMPIRE 4 1 13 3 1 3 0
> GRENADE 2 9 9 4 3
> GRENADE 1 5 5 5 3
> BAT1 8 1 10 1 7 3 8 5 1 6 5 6 3 7 11 7 5 8 9 8 13 8 6 9 8 9 13 9 13 10 7 11 13 11 3 13 4 13 5 13 6 13 4 1 3 6 5 3 11 5
> BAT2 5 1 6 1 13 4 7 5 13 5 13 6 5 7 9 7 1 8 11 8 1 9 7 9 11 9 1 10 1 11 5 11 6 11 8 13 9 13 10 13 11 13
> BAT3 7 1 6 3 11 6 1 7 7 7 13 7 3 8 3 9 8 11 9 11 7 13
< RES 1637330498 35 2
< MOVE L L
> REQ 1637330498 36 2
> VAMPIRE 1 3 3 3 0 3 0
> VAMPIRE 2 9 3 3 0 3 0
> VAMPIRE 3 13 13 3 1 3 0
> VAMPIRE 4 1 13 3 1 3 0
> GRENADE 2 9 9 3 3
> GRENADE 1 5 5 4 3
> BAT1 8 1 10 1 7 3 8 5 1 6 5 6 3 7 11 7 5 8 9 8 13 8 6 9 8 9 13 9 13 10 7 11 13 11 3 13 4 13 5 13 6 13 4 1 3 6 5 3 11 5
> BAT2 5 1 6 1 13 4 7 5 13 5 13 6 5 7 9 7 1 8 11 8 1 9 7 9 11 9 1 10 1 11 5 11 6 11 8 13 9 13 10 13 11 13
> BAT3 7 1 6 3 11 6 1 7 7 7 13 7 3 8 3 9 8 11 9 11 7 13
< RES 1637330498 36 2
> REQ 1637330498 37 2
> VAMPIRE 1 3 3 3 0 3 0
> VAMPIRE 2 9 3 3 0 3 0
> VAMPIRE 3 13 13 3 1 3 0
> VAMPIRE 4 1 13 3 1 3 0
> GRENADE 2 9 9 2 3
> GRENADE 1 5 5 3 3
> BAT1 8 1 10 1 7 3 8 5 1 6 5 6 3 7 11 7 5 8 9 8 13 8 6 9 8 9 13 9 13 10 7 11 13 11 3 13 4 13 5 13 6 13 4 1 3 6 5 3 11 5
> BAT2 5 1 6 1 13 4 7 5 13 5 13 6 5 7 9 7 1 8 11 8 1 9 7 9 11 9 1 10 1 11 5 11 6 11 8 13 9 13 10 13 11 13
> BAT3 7 1 6 3 11 6 1 7 7 7 13 7 3 8 3 9 8 11 9 11 7 13
< RES 1637330498 37 2
< MOVE R R
> REQ 1637330498 38 2
> VAMPIRE 1 3 3 3 0 3 0
> VAMPIRE 2 9 5 3 0 3 0
> VAMPIRE 3 13 13 3 1 3 0
> VAMPIRE 4 1 13 3 1 3 0
> GRENADE 2 9 9 1 3
> GRENADE 1 5 5 2 3
> BAT1 8 1 10 1 7 3 8 5 1 6 5 6 3 7 11 7 5 8 9 8 13 8 6 9 8 9 13 9 13 10 7 11 13 11 3 13 4 13 5 13 6 13 4 1 3 6 5 3 11 5
> BAT2 5 1 6 1 13 4 7 5 13 5 13 6 5 7 9 7 1 8 11 8 1 9 7 9 11 9 1 10 1 11 5 11 6 11 8 13 9 13 10 13 11 13
> BAT3 7 1 6 3 11 6 1 7 7 7 13 7 3 8 3 9 8 11 9 11 7 13
< RES 1637330498 38 2
> REQ 1637330498 39 2
> VAMPIRE 1 3 3 3 0 3 0
> VAMPIRE 2 9 5 3 1 3 0
> VAMPIRE 3 13 13 3 1 3 0
> VAMPIRE 4 1 13 3 1 3 0
> GRENADE 1 5 5 1 3
> BAT1 8 1 10 1 7 3 8 5 1 6 5 6 3 7 11 7 5 8 13 8 6 9 13 9 13 10 7 11 13 11 3 13 4 13 5 13 6 13 4 1 3 6 11 9 5 3 11 5
> BAT2 5 1 6 1 13 4 7 5 13 5 13 6 5 7 9 7 1 8 11 8 1 9 7 9 1 10 1 11 5 11 6 11 8 13 9 13 10 13 11 13 9 11
> BAT3 7 1 6 3 11 6 1 7 7 7 13 7 3 8 3 9 8 11 7 13
< RES 1637330498 39 2
< GRENADE
> REQ 1637330498 40 2
> VAMPIRE 1 3 3 3 1 3 0
> VAMPIRE 2 9 5 3 0 3 0
> VAMPIRE 3 13 13 3 1 3 0
> VAMPIRE 4 1 13 3 1 3 0
> GRENADE 2 9 5 5 3
> BAT1 8 1 10 1 7 3 8 5 1 6 3 7 11 7 5 8 13 8 6 9 13 9 13 10 7 11 13 11 3 13 4 13 5 13 6 13 4 1 7 5 3 6 11 9 11 5
> BAT2 5 1 6 1 13 4 13 5 13 6 5 7 9 7 1 8 11 8 1 9 7 9 1 10 1 11 5 11 6 11 8 13 9 13 10 13 11 13 9 11
> BAT3 7 1 6 3 11 6 1 7 7 7 13 7 3 8 3 9 8 11 7 13
< RES 1637330498 40 2
< THROW XR 4
> REQ 1637330498 41 2
> VAMPIRE 1 3 3 3 0 3 0
> VAMPIRE 2 9 5 3 0 3 0
> VAMPIRE 3 13 13 3 1 3 0
> VAMPIRE 4 1 13 3 1 3 0
> GRENADE 2 9 9 4 3
> GRENADE 1 3 3 5 3
> BAT1 8 1 10 1 7 3 8 5 1 6 3 7 11 7 5 8 13 8 6 9 13 9 13 10 7 11 13 11 3 13 4 13 5 13 6 13 4 1 7 5 3 6 11 9 11 5
> BAT2 5 1 6 1 13 4 13 5 13 6 5 7 9 7 1 8 11 8 1 9 7 9 1 10 1 11 5 11 6 11 8 13 9 13 10 13 11 13 9 11
> BAT3 7 1 6 3 11 6 1 7 7 7 13 7 3 8 3 9 8 11 7 13
< RES 1637330498 41 2
< MOVE L L
> REQ 1637330498 42 2
> VAMPIRE 1 3 5 3 0 3 0
> VAMPIRE 2 9 3 3 0 3 0
> VAMPIRE 3 13 13 3 1 3 0
> VAMPIRE 4 1 13 3 1 3 0
> GRENADE 2 9 9 3 3
> GRENADE 1 5 3 4 3
> BAT1 8 1 10 1 7 3 8 5 1 6 3 7 11 7 5 8 13 8 6 9 13 9 13 10 7 11 13 11 3 13 4 13 5 13 6 13 4 1 7 5 3 6 11 9 11 5
> BAT2 5 1 6 1 13 4 13 5 13 6 5 7 9 7 1 8 11 8 1 9 7 9 1 10 1 11 5 11 6 11 8 13 9 13 10 13 11 13 9 11
> BAT3 7 1 6 3 11 6 1 7 7 7 13 7 3 8 3 9 8 11 7 13
< RES 1637330498 42 2
> REQ 1637330498 43 2
> VAMPIRE 1 3 5 3 0 3 0
> VAMPIRE 2 9 3 3 0 3 0
> VAMPIRE 3 13 13 3 1 3 0
> VAMPIRE 4 1 13 3 1 3 0
> GRENADE 2 9 9 2 3
> GRENADE 1 5 3 3 3
> BAT1 8 1 10 1 7 3 8 5 1 6 3 7 11 7 5 8 13 8 6 9 13 9 13 10 7 11 13 11 3 13 4 13 5 13 6 13 4 1 7 5 3 6 11 9 11 5
> BAT2 5 1 6 1 13 4 13 5 13 6 5 7 9 7 1 8 11 8 1 9 7 9 1 10 1 11 5 11 6 11 8 13 9 13 10 13 11 13 9 11
> BAT3 7 1 6 3 11 6 1 7 7 7 13 7 3 8 3 9 8 11 7 13
< RES 1637330498 43 2
< MOVE R R
> REQ 1637330498 44 2
> VAMPIRE 1 3 5 3 0 3 0
> VAMPIRE 2 9 5 3 0 3 0
> VAMPIRE 3 13 13 3 1 3 0
> VAMPIRE 4 1 13 3 1 3 0
> GRENADE 2 9 9 1 3
> GRENADE 1 5 3 2 3
> BAT1 8 1 10 1 7 3 8 5 1 6 3 7 11 7 5 8 13 8 6 9 13 9 13 10 7 11 13 11 3 13 4 13 5 13 6 13 4 1 7 5 3 6 11 9 11 5
> BAT2 5 1 6 1 13 4 13 5 13 6 5 7 9 7 1 8 11 8 1 9 7 9 1 10 1 11 5 11 6 11 8 13 9 13 10 13 11 13 9 11
> BAT3 7 1 6 3 11 6 1 7 7 7 13 7 3 8 3 9 8 11 7 13
< RES 1637330498 44 2
> REQ 1637330498 45 2
> VAMPIRE 1 3 5 3 0 3 0
> VAMPIRE 2 9 5 3 1 3 0
> VAMPIRE 3 13 13 3 1 3 0
> VAMPIRE 4 1 13 3 1 3 0
> GRENADE 1 5 3 1 3
> BAT1 8 1 10 1 7 3 8 5 1 6 3 7 11 7 5 8 13 8 6 9 13 9 13 10 7 11 13 11 3 13 4 13 5 13 6 13 4 1 7 5 3 6 9 7 7 9 11 5 9 11
> BAT2 5 1 6 1 13 4 13 5 13 6 5 7 1 8 11 8 1 9 1 10 1 11 5 11 6 11 8 13 9 13 10 13 11 13
> BAT3 7 1 6 3 11 6 1 7 7 7 13 7 3 8 3 9 8 11 7 13
< RES 1637330498 45 2
< GRENADE
< MOVE L L
> REQ 1637330498 46 2
> VAMPIRE 1 5 5 3 1 3 0
> VAMPIRE 2 9 3 3 0 3 0
> VAMPIRE 3 13 13 3 1 3 0
> VAMPIRE 4 1 13 3 1 3 0
> GRENADE 2 9 5 5 3
> BAT1 8 1 10 1 7 3 8 5 1 6 3 7 11 7 5 8 13 8 6 9 13 9 13 10 7 11 13 11 3 13 4 13 5 13 6 13 4 1 5 1 7 5 3 6 9 7 7 9 11 5 9 11
> BAT2 6 1 13 4 13 5 13 6 5 7 1 8 11 8 1 9 1 10 1 11 5 11 6 11 8 13 9 13 10 13 11 13 6 3
> BAT3 7 1 11 6 1 7 7 7 13 7 3 8 3 9 8 11 7 13
< RES 1637330498 46 2
< MOVE D D
> REQ 1637330498 47 2
> VAMPIRE 1 5 5 3 0 3 0
> VAMPIRE 2 11 3 3 0 3 0
> VAMPIRE 3 13 13 3 1 3 0
> VAMPIRE 4 1 13 3 1 3 0
> GRENADE 2 9 5 4 3
> GRENADE 1 5 5 5 3
> BAT1 8 1 10 1 7 3 8 5 1 6 3 7 11 7 5 8 13 8 6 9 13 9 13 10 7 11 13 11 3 13 4 13 5 13 6 13 4 1 5 1 7 5 3 6 9 7 7 9 11 5 9 11
> BAT2 6 1 13 4 13 5 13 6 5 7 1 8 11 8 1 9 1 10 1 11 5 11 6 11 8 13 9 13 10 13 11 13 6 3
> BAT3 7 1 11 6 1 7 7 7 13 7 3 8 3 9 8 11 7 13
< RES 1637330498 47 2
> REQ 1637330498 48 2
> VAMPIRE 1 5 5 3 0 3 0
> VAMPIRE 2 11 3 3 0 3 0
> VAMPIRE 3 13 13 3 1 3 0
> VAMPIRE 4 1 13 3 1 3 0
> GRENADE 2 9 5 3 3
> GRENADE 1 5 9 4 3
> BAT1 8 1 10 1 7 3 8 5 1 6 3 7 11 7 5 8 13 8 6 9 13 9 13 10 7 11 13 11 3 13 4 13 5 13 6 13 4 1 5 1 7 5 3 6 9 7 7 9 11 5 9 11
> BAT2 6 1 13 4 13 5 13 6 5 7 1 8 11 8 1 9 1 10 1 11 5 11 6 11 8 13 9 13 10 13 11 13 6 3
> BAT3 7 1 11 6 1 7 7 7 13 7 3 8 3 9 8 11 7 13
< RES 1637330498 48 2
< MOVE U U
> REQ 1637330498 49 2
> VAMPIRE 1 5 5 3 0 3 0
> VAMPIRE 2 9 3 3 0 3 0
> VAMPIRE 3 13 13 3 1 3 0
> VAMPIRE 4 1 13 3 1 3 0
> GRENADE 2 9 5 2 3
> GRENADE 1 5 9 3 3
> BAT1 8 1 10 1 7 3 8 5 1 6 3 7 11 7 5 8 13 8 6 9 13 9 13 10 7 11 13 11 3 13 4 13 5 13 6 13 4 1 5 1 7 5 3 6 9 7 7 9 11 5 9 11
> BAT2 6 1 13 4 13 5 13 6 5 7 1 8 11 8 1 9 1 10 1 11 5 11 6 11 8 13 9 13 10 13 11 13 6 3
> BAT3 7 1 11 6 1 7 7 7 13 7 3 8 3 9 8 11 7 13
< RES 1637330498 49 2
< MOVE D D
> REQ 1637330498 50 2
> VAMPIRE 1 5 5 3 0 3 0
> VAMPIRE 2 11 3 3 0 3 0
> VAMPIRE 3 13 13 3 1 3 0
> VAMPIRE 4 1 13 3 1 3 0
> GRENADE 2 9 5 1 3
> GRENADE 1 5 9 2 3
> BAT1 8 1 10 1 7 3 8 5 1 6 3 7 11 7 5 8 13 8 6 9 13 9 13 10 7 11 13 11 3 13 4 13 5 13 6 13 4 1 5 1 7 5 3 6 9 7 7 9 11 5 9 11
> BAT2 6 1 13 4 13 5 13 6 5 7 1 8 11 8 1 9 1 10 1 11 5 11 6 11 8 13 9 13 10 13 11 13 6 3
> BAT3 7 1 11 6 1 7 7 7 13 7 3 8 3 9 8 11 7 13
< RES 1637330498 50 2
< MOVE U U
> REQ 1637330498 51 2
> VAMPIRE 1 5 5 3 0 3 0
> VAMPIRE 2 9 3 3 1 3 0
> VAMPIRE 3 13 12 3 1 3 0
> VAMPIRE 4 1 13 3 1 3 0
> GRENADE 1 5 9 1 3
> BAT1 8 1 10 1 7 3 1 6 3 7 11 7 5 8 13 8 6 9 13 9 13 10 7 11 13 11 3 13 4 13 5 13 6 13 4 1 5 1 7 5 3 6 7 9 9 11
> BAT2 6 1 13 4 13 5 13 6 5 7 1 8 11 8 1 9 1 10 1 11 5 11 6 11 8 13 9 13 10 13 11 13 6 3
> BAT3 7 1 11 6 1 7 7 7 13 7 3 8 3 9 8 11 7 13
< RES 1637330498 51 2
< GRENADE
> REQ 1637330498 52 2
> VAMPIRE 1 5 5 3 1 3 0
> VAMPIRE 2 9 3 3 0 3 0
> VAMPIRE 3 12 13 3 0 3 0
> VAMPIRE 4 1 13 3 1 3 0
> GRENADE 2 9 3 5 3
> GRENADE 3 13 12 5 3
> BAT1 8 1 10 1 7 3 1 6 3 7 11 7 13 8 13 9 13 10 7 11 13 11 3 13 4 13 5 13 6 13 4 1 5 1 7 5 3 6 7 9 5 11 9 11
> BAT2 6 1 13 4 13 5 13 6 5 7 1 8 11 8 1 9 1 10 1 11 6 11 8 13 9 13 10 13 11 13 6 3 3 9
> BAT3 7 1 11 6 1 7 7 7 13 7 3 8 8 11 7 13
< RES 1637330498 52 2
< THROW XU 4
> REQ 1637330498 53 2
> VAMPIRE 1 5 5 3 0 3 0
> VAMPIRE 2 9 3 3 0 3 0
> VAMPIRE 3 12 13 3 0 3 0
> VAMPIRE 4 1 13 3 1 3 0
> GRENADE 2 5 3 4 3
> GRENADE 3 13 12 4 3
> GRENADE 1 5 5 5 3
> BAT1 8 1 10 1 7 3 1 6 3 7 11 7 13 8 13 9 13 10 7 11 13 11 3 13 4 13 5 13 6 13 4 1 5 1 7 5 3 6 7 9 5 11 9 11
> BAT2 6 1 13 4 13 5 13 6 5 7 1 8 11 8 1 9 1 10 1 11 6 11 8 13 9 13 10 13 11 13 6 3 3 9
> BAT3 7 1 11 6 1 7 7 7 13 7 3 8 8 11 7 13
< RES 1637330498 53 2
> REQ 1637330498 54 2
> VAMPIRE 1 3 5 3 0 3 0
> VAMPIRE 2 9 3 3 0 3 0
> VAMPIRE 3 12 13 3 0 3 0
> VAMPIRE 4 1 13 3 1 3 0
> GRENADE 2 5 3 3 3
> GRENADE 3 13 12 3 3
> GRENADE 1 5 9 4 3
> BAT1 8 1 10 1 7 3 1 6 3 7 11 7 13 8 13 9 13 10 7 11 13 11 3 13 4 13 5 13 6 13 4 1 5 1 7 5 3 6 7 9 5 11 9 11
> BAT2 6 1 13 4 13 5 13 6 5 7 1 8 11 8 1 9 1 10 1 11 6 11 8 13 9 13 10 13 11 13 6 3 3 9
> BAT3 7 1 11 6 1 7 7 7 13 7 3 8 8 11 7 13
< RES 1637330498 54 2
> REQ 1637330498 55 2
> VAMPIRE 1 3 5 3 0 3 0
> VAMPIRE 2 9 3 3 0 3 0
> VAMPIRE 3 12 13 3 0 3 0
> VAMPIRE 4 1 13 3 1 3 0
> GRENADE 2 5 3 2 3
> GRENADE 3 13 12 2 3
> GRENADE 1 5 9 3 3
> BAT1 8 1 10 1 7 3 1 6 3 7 11 7 13 8 13 9 13 10 7 11 13 11 3 13 4 13 5 13 6 13 4 1 5 1 7 5 3 6 7 9 5 11 9 11
> BAT2 6 1 13 4 13 5 13 6 5 7 1 8 11 8 1 9 1 10 1 11 6 11 8 13 9 13 10 13 11 13 6 3 3 9
> BAT3 7 1 11 6 1 7 7 7 13 7 3 8 8 11 7 13
< RES 1637330498 55 2
< MOVE L
> REQ 1637330498 56 2
> VAMPIRE 1 3 5 3 0 3 0
> VAMPIRE 2 9 2 3 0 3 0
> VAMPIRE 3 12 13 3 0 3 0
> VAMPIRE 4 1 13 3 1 3 0
> GRENADE 2 5 3 1 3
> GRENADE 3 13 12 1 3
> GRENADE 1 5 9 2 3
> BAT1 8 1 10 1 7 3 1 6 3 7 11 7 13 8 13 9 13 10 7 11 13 11 3 13 4 13 5 13 6 13 4 1 5 1 7 5 3 6 7 9 5 11 9 11
> BAT2 6 1 13 4 13 5 13 6 5 7 1 8 11 8 1 9 1 10 1 11 6 11 8 13 9 13 10 13 11 13 6 3 3 9
> BAT3 7 1 11 6 1 7 7 7 13 7 3 8 8 11 7 13
< RES 1637330498 56 2
< MOVE L
> REQ 1637330498 57 2
> VAMPIRE 1 5 5 3 0 3 0
> VAMPIRE 2 9 1 3 1 3 0
> VAMPIRE 3 13 13 3 1 3 0
> VAMPIRE 4 1 13 3 1 3 0
> GRENADE 1 5 9 1 3
> BAT1 8 1 10 1 7 3 1 6 3 7 11 7 13 8 13 9 13 10 7 11 3 13 4 13 5 13 6 13 4 1 7 5 3 6 7 9 5 11 6 3 9 11
> BAT2 6 1 13 4 13 5 13 6 5 7 1 8 11 8 1 9 1 10 1 11 6 11 8 13 9 13 10 13 11 13 3 9
> BAT3 7 1 11 6 1 7 7 7 13 7 3 8 8 11 7 13
< RES 1637330498 57 2
< GRENADE
< MOVE R R
> REQ 1637330498 58 2
> VAMPIRE 1 5 5 3 1 3 0
> VAMPIRE 2 9 3 3 0 3 0
> VAMPIRE 3 13 11 3 0 3 0
> VAMPIRE 4 1 13 3 1 3 0
> GRENADE 2 9 1 5 3
> GRENADE 3 13 13 5 3
> BAT1 8 1 10 1 7 3 1 6 3 7 11 7 13 8 13 9 13 10 7 11 3 13 4 13 5 13 6 13 4 1 7 5 3 6 5 7 6 3 3 9 9 11
> BAT2 6 1 13 4 13 5 13 6 1 8 11 8 1 9 1 10 1 11 6 11 8 13 9 13 10 13 11 13
> BAT3 7 1 11 6 1 7 7 7 13 7 3 8 8 11 7 13
< RES 1637330498 58 2
< MOVE R R
> REQ 1637330498 59 2
> VAMPIRE 1 3 5 3 0 3 0
> VAMPIRE 2 9 5 3 0 3 0
> VAMPIRE 3 11 11 3 0 3 0
> VAMPIRE 4 1 13 3 1 3 0
> GRENADE 2 9 1 4 3
> GRENADE 3 13 13 4 3
> GRENADE 1 5 5 5 3
> BAT1 8 1 10 1 7 3 1 6 3 7 11 7 13 8 13 9 13 10 7 11 3 13 4 13 5 13 6 13 4 1 7 5 3 6 5 7 6 3 3 9 9 11
> BAT2 6 1 13 4 13 5 13 6 1 8 11 8 1 9 1 10 1 11 6 11 8 13 9 13 10 13 11 13
> BAT3 7 1 11 6 1 7 7 7 13 7 3 8 8 11 7 13
< RES 1637330498 59 2
> REQ 1637330498 60 2
> VAMPIRE 1 3 3 3 0 3 0
> VAMPIRE 2 9 5 3 0 3 0
> VAMPIRE 3 11 11 3 0 3 0
> VAMPIRE 4 1 13 3 1 3 0
> GRENADE 2 9 1 3 3
> GRENADE 3 13 13 3 3
> GRENADE 1 5 5 4 3
> BAT1 8 1 10 1 7 3 1 6 3 7 11 7 13 8 13 9 13 10 7 11 3 13 4 13 5 13 6 13 4 1 7 5 3 6 5 7 6 3 3 9 9 11
> BAT2 6 1 13 4 13 5 13 6 1 8 11 8 1 9 1 10 1 11 6 11 8 13 9 13 10 13 11 13
> BAT3 7 1 11 6 1 7 7 7 13 7 3 8 8 11 7 13
< RES 1637330498 60 2
> REQ 1637330498 61 2
> VAMPIRE 1 3 3 3 0 3 0
> VAMPIRE 2 9 5 3 0 3 0
> VAMPIRE 3 11 11 3 0 3 0
> VAMPIRE 4 1 13 3 1 3 0
> GRENADE 2 9 1 2 3
> GRENADE 3 13 13 2 3
> GRENADE 1 5 5 3 3
> BAT1 8 1 10 1 7 3 1 6 3 7 11 7 13 8 13 9 13 10 7 11 3 13 4 13 5 13 6 13 4 1 7 5 3 6 5 7 6 3 3 9 9 11
> BAT2 6 1 13 4 13 5 13 6 1 8 11 8 1 9 1 10 1 11 6 11 8 13 9 13 10 13 11 13
> BAT3 7 1 11 6 1 7 7 7 13 7 3 8 8 11 7 13
< RES 1637330498 61 2
> REQ 1637330498 62 2
> VAMPIRE 1 3 3 3 0 3 0
> VAMPIRE 2 9 5 3 0 3 0
> VAMPIRE 3 11 11 3 0 3 0
> VAMPIRE 4 1 13 3 1 3 0
> GRENADE 2 9 1 1 3
> GRENADE 3 13 13 1 3
> GRENADE 1 5 5 2 3
> BAT1 8 1 10 1 7 3 1 6 3 7 11 7 13 8 13 9 13 10 7 11 3 13 4 13 5 13 6 13 4 1 7 5 3 6 5 7 6 3 3 9 9 11
> BAT2 6 1 13 4 13 5 13 6 1 8 11 8 1 9 1 10 1 11 6 11 8 13 9 13 10 13 11 13
> BAT3 7 1 11 6 1 7 7 7 13 7 3 8 8 11 7 13
< RES 1637330498 62 2
< MOVE D D
> REQ 1637330498 63 2
> VAMPIRE 1 3 3 3 0 3 0
> VAMPIRE 2 11 5 3 1 3 0
> VAMPIRE 3 11 11 3 1 3 0
> VAMPIRE 4 1 13 3 1 3 0
> GRENADE 1 5 5 1 3
> BAT1 7 3 1 6 3 7 11 7 13 8 13 9 7 11 3 13 4 13 5 13 6 13 4 1 7 5 3 6 5 7 11 13 6 3 3 9 9 11
> BAT2 6 1 13 4 13 5 13 6 1 8 11 8 1 9 1 10 1 11 6 11 8 13 9 13 10 13
> BAT3 7 1 11 6 1 7 7 7 13 7 3 8 8 11 7 13
< RES 1637330498 63 2
< GRENADE
< MOVE U U
> REQ 1637330498 64 2
> VAMPIRE 1 3 3 3 1 3 0
> VAMPIRE 2 9 5 3 0 3 0
> VAMPIRE 3 11 9 3 0 3 0
> VAMPIRE 4 1 13 3 1 3 0
> GRENADE 2 11 5 5 3
> GRENADE 3 11 11 5 3
> BAT1 7 3 1 6 3 7 11 7 13 8 13 9 7 11 3 13 4 13 5 13 6 13 4 1 3 6 11 13 6 3 3 9 9 11
> BAT2 6 1 13 4 13 5 13 6 1 8 11 8 1 9 1 10 1 11 6 11 8 13 9 13 10 13
> BAT3 7 1 11 6 1 7 7 7 13 7 3 8 8 11 7 13
< RES 1637330498 64 2
< MOVE L L
> REQ 1637330498 65 2
> VAMPIRE 1 5 3 3 0 3 0
> VAMPIRE 2 9 3 3 0 3 0
> VAMPIRE 3 10 9 3 0 3 0
> VAMPIRE 4 1 13 3 1 3 0
> GRENADE 2 11 5 4 3
> GRENADE 3 11 11 4 3
> GRENADE 1 3 3 5 3
> BAT1 7 3 1 6 3 7 11 7 13 8 13 9 7 11 3 13 4 13 5 13 6 13 4 1 3 6 11 13 6 3 3 9 9 11
> BAT2 6 1 13 4 13 5 13 6 1 8 11 8 1 9 1 10 1 11 6 11 8 13 9 13 10 13
> BAT3 7 1 11 6 1 7 7 7 13 7 3 8 8 11 7 13
< RES 1637330498 65 2
< MOVE D
> REQ 1637330498 66 2
> VAMPIRE 1 5 5 3 0 3 0
> VAMPIRE 2 10 3 3 0 3 0
> VAMPIRE 3 9 9 3 0 3 0
> VAMPIRE 4 1 13 3 1 3 0
> GRENADE 2 11 5 3 3
> GRENADE 3 11 11 3 3
> GRENADE 1 3 3 4 3
> BAT1 7 3 1 6 3 7 11 7 13 8 13 9 7 11 3 13 4 13 5 13 6 13 4 1 3 6 11 13 6 3 3 9 9 11
> BAT2 6 1 13 4 13 5 13 6 1 8 11 8 1 9 1 10 1 11 6 11 8 13 9 13 10 13
> BAT3 7 1 11 6 1 7 7 7 13 7 3 8 8 11 7 13
< RES 1637330498 66 2
< MOVE D R
> REQ 1637330498 67 2
> VAMPIRE 1 5 7 3 0 3 0
> VAMPIRE 2 11 4 3 0 3 0
> VAMPIRE 3 9 9 3 0 3 0
> VAMPIRE 4 1 13 3 1 3 0
> GRENADE 2 11 5 2 3
> GRENADE 3 11 11 2 3
> GRENADE 1 3 3 3 3
> BAT1 7 3 1 6 3 7 11 7 13 8 13 9 7 11 3 13 4 13 5 13 6 13 4 1 3 6 11 13 6 3 3 9 9 11
> BAT2 6 1 13 4 13 5 13 6 1 8 11 8 1 9 1 10 1 11 6 11 8 13 9 13 10 13
> BAT3 7 1 11 6 1 7 7 7 13 7 3 8 8 11 7 13
< RES 1637330498 67 2
< THROW R 4
< MOVE L
> REQ 1637330498 68 2
> VAMPIRE 1 5 9 3 0 3 0
> VAMPIRE 2 11 3 3 0 3 0
> VAMPIRE 3 8 9 3 0 3 0
> VAMPIRE 4 1 13 3 1 3 0
> GRENADE 2 11 9 1 3
> GRENADE 3 11 11 1 3
> GRENADE 1 3 3 2 3
> BAT1 7 3 1 6 3 7 11 7 13 8 13 9 7 11 3 13 4 13 5 13 6 13 4 1 3 6 11 13 6 3 3 9 9 11
> BAT2 6 1 13 4 13 5 13 6 1 8 11 8 1 9 1 10 1 11 6 11 8 13 9 13 10 13
> BAT3 7 1 11 6 1 7 7 7 13 7 3 8 8 11 7 13
< RES 1637330498 68 2
< MOVE R R
> REQ 1637330498 69 2
> VAMPIRE 1 5 11 3 0 3 0
> VAMPIRE 2 11 5 3 1 3 0
> VAMPIRE 3 7 9 2 1 3 0
> VAMPIRE 4 1 13 3 1 3 0
> GRENADE 1 3 3 1 3
> BAT1 7 3 1 6 3 7 11 7 13 8 7 11 3 13 4 13 5 13 6 13 4 1 3 6 11 8 6 3 3 9
> BAT2 6 1 13 4 13 5 13 6 1 8 1 9 1 10 1 11 6 11 8 13 9 13 10 13
> BAT3 7 1 11 6 1 7 7 7 13 7 3 8 8 11 7 13
< RES 1637330498 69 2
< GRENADE
< MOVE U U
> REQ 1637330498 70 2
> VAMPIRE 1 3 11 3 1 3 0
> VAMPIRE 2 9 5 3 0 3 0
> VAMPIRE 3 9 9 2 1 3 0
> VAMPIRE 4 1 13 3 1 3 0
> GRENADE 2 11 5 5 3
> BAT1 7 3 1 6 3 7 11 7 13 8 7 11 3 13 4 13 5 13 6 13 4 1 11 8 3 9
> BAT2 6 1 13 4 13 5 13 6 1 8 1 9 1 10 1 11 6 11 8 13 9 13 10 13
> BAT3 7 1 11 6 1 7 7 7 13 7 3 8 8 11 7 13
< RES 1637330498 70 2
< MOVE U U
> REQ 1637330498 71 2
> VAMPIRE 1 5 11 3 0 3 0
> VAMPIRE 2 7 5 3 0 3 0
> VAMPIRE 3 7 9 2 1 3 0
> VAMPIRE 4 1 13 3 1 3 0
> GRENADE 2 11 5 4 3
> GRENADE 1 3 11 5 3
> BAT1 7 3 1 6 3 7 11 7 13 8 7 11 3 13 4 13 5 13 6 13 4 1 11 8 3 9
> BAT2 6 1 13 4 13 5 13 6 1 8 1 9 1 10 1 11 6 11 8 13 9 13 10 13
> BAT3 7 1 11 6 1 7 7 7 13 7 3 8 8 11 7 13
< RES 1637330498 71 2
> REQ 1637330498 72 2
> VAMPIRE 1 5 10 3 0 3 0
> VAMPIRE 2 7 5 3 0 3 0
> VAMPIRE 3 9 9 2 0 3 0
> VAMPIRE 4 1 13 3 1 3 0
> GRENADE 2 11 5 3 3
> GRENADE 1 3 11 4 3
> GRENADE 3 7 9 5 3
> BAT1 7 3 1 6 3 7 11 7 13 8 7 11 3 13 4 13 5 13 6 13 4 1 11 8 3 9
> BAT2 6 1 13 4 13 5 13 6 1 8 1 9 1 10 1 11 6 11 8 13 9 13 10 13
> BAT3 7 1 11 6 1 7 7 7 13 7 3 8 8 11 7 13
< RES 1637330498 72 2
> REQ 1637330498 73 2
> VAMPIRE 1 5 8 3 0 3 0
> VAMPIRE 2 7 5 3 0 3 0
> VAMPIRE 3 9 7 2 0 3 0
> VAMPIRE 4 1 13 3 0 3 0
> GRENADE 2 11 5 2 3
> GRENADE 1 3 11 3 3
> GRENADE 3 7 9 4 3
> GRENADE 4 1 13 5 3
> BAT1 7 3 1 6 3 7 11 7 13 8 7 11 3 13 4 13 5 13 6 13 4 1 11 8 3 9
> BAT2 6 1 13 4 13 5 13 6 1 8 1 9 1 10 1 11 6 11 8 13 9 13 10 13
> BAT3 7 1 11 6 1 7 7 7 13 7 3 8 8 11 7 13
< RES 1637330498 73 2
> REQ 1637330498 74 2
> VAMPIRE 1 5 8 3 0 3 0
> VAMPIRE 2 7 5 3 0 3 0
> VAMPIRE 3 9 7 2 0 3 0
> VAMPIRE 4 1 13 3 0 3 0
> GRENADE 2 11 5 1 3
> GRENADE 1 3 11 2 3
> GRENADE 3 7 9 3 3
> GRENADE 4 1 13 4 3
> BAT1 7 3 1 6 3 7 11 7 13 8 7 11 3 13 4 13 5 13 6 13 4 1 11 8 3 9
> BAT2 6 1 13 4 13 5 13 6 1 8 1 9 1 10 1 11 6 11 8 13 9 13 10 13
> BAT3 7 1 11 6 1 7 7 7 13 7 3 8 8 11 7 13
< RES 1637330498 74 2
< MOVE L
> REQ 1637330498 75 2
> VAMPIRE 1 5 8 3 0 3 0
> VAMPIRE 2 7 4 3 1 3 0
> VAMPIRE 3 9 7 2 0 3 0
> VAMPIRE 4 1 13 3 0 3 0
> GRENADE 1 3 11 1 3
> GRENADE 3 7 9 2 3
> GRENADE 4 1 13 3 3
> BAT1 7 3 1 6 3 7 11 7 13 8 7 11 3 13 4 13 5 13 6 13 4 1 13 5 11 8 3 9
> BAT2 6 1 13 4 13 6 1 8 1 9 1 10 1 11 6 11 8 13 9 13 10 13 11 6
> BAT3 7 1 1 7 7 7 13 7 3 8 8 11 7 13
< RES 1637330498 75 2
< GRENADE
< MOVE R D
> REQ 1637330498 76 2
> VAMPIRE 1 5 7 3 1 3 0
> VAMPIRE 2 8 5 3 0 3 0
> VAMPIRE 3 9 7 2 0 3 0
> VAMPIRE 4 2 13 3 0 3 0
> GRENADE 3 7 9 1 3
> GRENADE 4 1 13 2 3
> GRENADE 2 7 4 5 3
> POWERUP GRENADE -5 9 13 7
> POWERUP GRENADE -5 5 1 7
> BAT1 7 3 1 6 3 7 11 7 13 8 7 11 4 13 5 13 6 13 4 1 13 5 11 8 1 11 6 11
> BAT2 6 1 13 4 13 6 1 8 1 9 1 10 8 13 9 13 10 13 11 6
> BAT3 7 1 1 7 7 7 13 7 3 8 8 11 7 13
< RES 1637330498 76 2
< MOVE U U
> REQ 1637330498 77 2
> VAMPIRE 1 5 5 3 0 3 0
> VAMPIRE 2 6 5 3 0 3 0
> VAMPIRE 3 8 7 2 1 3 0
> VAMPIRE 4 3 12 3 0 3 0
> GRENADE 4 1 13 1 3
> GRENADE 2 7 4 4 3
> GRENADE 1 5 7 5 3
> POWERUP GRENADE -4 9 13 7
> POWERUP GRENADE -4 5 1 7
> BAT1 7 3 1 6 3 7 11 7 13 8 4 13 5 13 6 13 4 1 13 5 11 8 1 11 6 11
> BAT2 6 1 13 4 13 6 1 8 1 9 1 10 8 13 9 13 10 13 11 6 7 7
> BAT3 7 1 1 7 13 7 3 8 8 11 7 13
< RES 1637330498 77 2
< MOVE U L
> REQ 1637330498 78 2
> VAMPIRE 1 5 3 3 0 3 0
> VAMPIRE 2 5 4 3 0 3 0
> VAMPIRE 3 9 6 2 0 3 0
> VAMPIRE 4 3 11 3 1 3 0
> GRENADE 2 7 4 3 3
> GRENADE 1 5 7 4 3
> GRENADE 3 8 7 5 3
> POWERUP GRENADE -3 9 13 7
> POWERUP GRENADE -3 5 1 7
> BAT1 7 3 1 6 3 7 11 7 13 8 5 13 6 13 4 1 13 5 11 8 6 11
> BAT2 6 1 13 4 13 6 1 8 1 9 1 10 8 13 9 13 10 13 11 6 7 7
> BAT3 7 1 1 7 13 7 3 8 8 11 7 13
< RES 1637330498 78 2
< MOVE L L
> REQ 1637330498 79 2
> VAMPIRE 1 5 1 3 0 3 0
> VAMPIRE 2 5 2 3 0 3 0
> VAMPIRE 3 9 4 2 0 3 0
> VAMPIRE 4 3 11 3 0 3 0
> GRENADE 2 7 4 2 3
> GRENADE 1 5 7 3 3
> GRENADE 3 8 7 4 3
> GRENADE 4 3 11 5 3
> POWERUP GRENADE -2 9 13 7
> POWERUP GRENADE -2 5 1 7
> BAT1 7 3 1 6 3 7 11 7 13 8 5 13 6 13 4 1 13 5 11 8 6 11
> BAT2 6 1 13 4 13 6 1 8 1 9 1 10 8 13 9 13 10 13 11 6 7 7
> BAT3 7 1 1 7 13 7 3 8 8 11 7 13
< RES 1637330498 79 2
< MOVE L
> REQ 1637330498 80 2
> VAMPIRE 1 5 1 3 0 3 0
> VAMPIRE 2 5 1 3 0 3 0
> VAMPIRE 3 8 3 2 0 3 0
> VAMPIRE 4 3 9 3 0 3 0
> GRENADE 2 7 4 1 3
> GRENADE 1 5 7 2 3
> GRENADE 3 8 7 3 3
> GRENADE 4 7 11 4 3
> POWERUP GRENADE -1 9 13 7
> POWERUP GRENADE -1 5 1 7
> BAT1 7 3 1 6 3 7 11 7 13 8 5 13 6 13 4 1 13 5 11 8 6 11
> BAT2 6 1 13 4 13 6 1 8 1 9 1 10 8 13 9 13 10 13 11 6 7 7
> BAT3 7 1 1 7 13 7 3 8 8 11 7 13
< RES 1637330498 80 2
> REQ 1637330498 81 2
> VAMPIRE 1 5 1 3 0 3 0
> VAMPIRE 2 5 1 3 1 3 0
> VAMPIRE 3 9 3 2 0 3 0
> VAMPIRE 4 4 9 3 0 3 0
> GRENADE 1 5 7 1 3
> GRENADE 3 8 7 2 3
> GRENADE 4 7 11 3 3
> POWERUP GRENADE 13 9 13 7
> POWERUP GRENADE 13 5 1 7
> BAT1 1 6 3 7 11 7 13 8 5 13 6 13 4 1 13 5 11 8 6 11 7 7
> BAT2 6 1 13 4 13 6 1 8 1 9 1 10 8 13 9 13 10 13 11 6
> BAT3 7 1 1 7 13 7 3 8 8 11 7 13
< RES 1637330498 81 2
< GRENADE
> REQ 1637330498 82 2
> VAMPIRE 1 5 2 3 1 3 0
> VAMPIRE 2 5 1 3 0 3 0
> VAMPIRE 3 7 3 2 0 3 0
> VAMPIRE 4 5 8 3 0 3 0
> GRENADE 3 8 7 1 3
> GRENADE 4 7 11 2 3
> GRENADE 2 5 1 5 3
> POWERUP GRENADE 12 9 13 7
> POWERUP GRENADE 12 5 1 7
> BAT1 1 6 11 7 13 8 5 13 6 13 4 1 13 5 11 8 6 11
> BAT2 6 1 13 4 13 6 1 8 1 9 1 10 8 13 9 13 10 13 11 6
> BAT3 7 1 1 7 13 7 3 8 8 11 7 13
< RES 1637330498 82 2
> REQ 1637330498 83 2
> VAMPIRE 1 4 3 3 0 3 0
> VAMPIRE 2 5 1 3 0 3 0
> VAMPIRE 3 5 3 2 1 3 0
> VAMPIRE 4 5 9 3 0 3 0
> GRENADE 4 7 11 1 3
> GRENADE 2 5 1 4 3
> GRENADE 1 5 2 5 3
> POWERUP GRENADE 11 9 13 7
> POWERUP GRENADE 11 5 1 7
> BAT1 1 6 13 8 5 13 6 13 4 1 13 5 11 8 6 11
> BAT2 6 1 13 4 13 6 1 8 1 9 1 10 8 13 9 13 10 13 11 6
> BAT3 7 1 1 7 13 7 3 8 8 11 7 13
< RES 1637330498 83 2
> REQ 1637330498 84 2
> VAMPIRE 1 3 3 3 0 3 0
> VAMPIRE 2 5 1 3 0 3 0
> VAMPIRE 3 7 3 2 0 3 0
> VAMPIRE 4 5 11 3 1 3 0
> GRENADE 2 5 1 3 3
> GRENADE 1 5 2 4 3
> GRENADE 3 5 3 5 3
> POWERUP GRENADE 10 9 13 7
> POWERUP GRENADE 10 5 1 7
> BAT1 1 6 13 8 5 13 6 13 4 1 13 5 11 8
> BAT2 6 1 13 4 13 6 1 8 1 9 1 10 8 13 9 13 10 13 11 6 8 11 7 13
> BAT3 7 1 1 7 13 7 3 8
< RES 1637330498 84 2
> REQ 1637330498 85 2
> VAMPIRE 1 3 4 3 0 3 0
> VAMPIRE 2 5 1 3 0 3 0
> VAMPIRE 3 6 3 2 0 3 0
> VAMPIRE 4 5 9 3 0 3 0
> GRENADE 2 5 1 2 3
> GRENADE 1 5 2 3 3
> GRENADE 3 5 3 4 3
> GRENADE 4 5 11 5 3
> POWERUP GRENADE 9 9 13 7
> POWERUP GRENADE 9 5 1 7
> BAT1 1 6 13 8 5 13 6 13 4 1 13 5 11 8
> BAT2 6 1 13 4 13 6 1 8 1 9 1 10 8 13 9 13 10 13 11 6 8 11 7 13
> BAT3 7 1 1 7 13 7 3 8
< RES 1637330498 85 2
< GRENADE
> REQ 1637330498 86 2
> VAMPIRE 1 4 5 3 0 3 0
> VAMPIRE 2 5 1 3 0 3 0
> VAMPIRE 3 7 3 2 0 3 0
> VAMPIRE 4 5 7 3 0 3 0
> GRENADE 2 5 1 1 3
> GRENADE 1 5 2 2 3
> GRENADE 3 1 3 3 3
> GRENADE 4 5 11 4 3
> POWERUP GRENADE 8 9 13 7
> POWERUP GRENADE 8 5 1 7
> BAT1 1 6 13 8 5 13 6 13 4 1 13 5 11 8
> BAT2 6 1 13 4 13 6 1 8 1 9 1 10 8 13 9 13 10 13 11 6 8 11 7 13
> BAT3 7 1 1 7 13 7 3 8
< RES 1637330498 86 2
< THROW XU 4
> REQ 1637330498 87 2
> VAMPIRE 1 3 4 3 1 3 0
> VAMPIRE 2 5 1 2 2 3 0
> VAMPIRE 3 5 3 2 0 3 0
> VAMPIRE 4 5 5 3 0 3 0
> GRENADE 3 1 3 2 3
> GRENADE 4 5 11 3 3
> POWERUP GRENADE 7 9 13 7
> BAT1 1 6 13 8 5 13 6 13 6 1 13 5 11 8
> BAT2 13 4 13 6 1 8 1 9 1 10 8 13 9 13 10 13 11 6 8 11 7 13
> BAT3 7 1 1 7 13 7 3 8
< RES 1637330498 87 2
< GRENADE
> REQ 1637330498 88 2
> VAMPIRE 1 3 4 3 0 3 0
> VAMPIRE 2 5 1 2 2 3 0
> VAMPIRE 3 5 1 2 0 3 0
> VAMPIRE 4 7 5 3 0 3 0
> GRENADE 3 1 3 1 3
> GRENADE 4 5 11 2 3
> GRENADE 1 3 4 5 3
> POWERUP GRENADE 6 9 13 7
> BAT1 1 6 13 8 5 13 6 13 6 1 13 5 11 8
> BAT2 13 4 13 6 1 8 1 9 1 10 8 13 9 13 10 13 11 6 8 11 7 13
> BAT3 7 1 1 7 13 7 3 8
< RES 1637330498 88 2
< GRENADE
< MOVE R R
> REQ 1637330498 89 2
> VAMPIRE 1 2 3 3 0 3 0
> VAMPIRE 2 5 3 2 2 3 0
> VAMPIRE 3 4 1 2 1 3 0
> VAMPIRE 4 9 5 3 0 3 0
> GRENADE 4 5 11 1 3
> GRENADE 1 3 1 4 3
> POWERUP GRENADE 5 9 13 7
> BAT1 13 8 5 13 6 13 6 1 13 5 11 8
> BAT2 13 4 13 6 1 8 1 9 1 10 8 13 9 13 10 13 11 6 8 11 7 13
> BAT3 7 1 1 7 13 7 3 8
< RES 1637330498 89 2
< GRENADE
> REQ 1637330498 90 2
> VAMPIRE 1 1 2 3 0 3 0
> VAMPIRE 2 5 3 2 1 3 0
> VAMPIRE 3 5 1 2 1 3 0
> VAMPIRE 4 10 5 3 1 3 0
> GRENADE 1 3 1 3 3
> GRENADE 2 5 3 5 3
> POWERUP GRENADE 4 9 13 7
> BAT1 13 8 6 13 6 1 13 5 11 8 8 11
> BAT2 13 4 13 6 1 8 1 9 1 10 8 13 9 13 10 13 11 6 7 13
> BAT3 7 1 1 7 13 7 3 8
< RES 1637330498 90 2
< THROW XL 2
< MOVE D D
> REQ 1637330498 91 2
> VAMPIRE 1 1 4 3 0 3 0
> VAMPIRE 2 7 3 2 1 3 0
> VAMPIRE 3 5 1 2 0 3 0
> VAMPIRE 4 11 5 3 1 3 0
> GRENADE 1 3 1 2 3
> GRENADE 2 5 1 4 3
> GRENADE 3 5 1 5 3
> POWERUP GRENADE 3 9 13 7
> BAT1 13 8 6 13 6 1 13 5 11 8 8 11
> BAT2 13 4 13 6 1 8 1 9 1 10 8 13 9 13 10 13 11 6 7 13
> BAT3 7 1 1 7 13 7 3 8
< RES 1637330498 91 2
< GRENADE
> REQ 1637330498 92 2
> VAMPIRE 1 1 5 3 0 3 0
> VAMPIRE 2 7 3 2 0 3 0
> VAMPIRE 3 5 2 2 0 3 0
> VAMPIRE 4 9 5 3 0 3 0
> GRENADE 1 3 1 1 3
> GRENADE 2 5 1 3 3
> GRENADE 3 9 1 4 3
> GRENADE 2 7 3 5 3
> GRENADE 4 11 5 5 3
> POWERUP GRENADE 2 9 13 7
> BAT1 13 8 6 13 6 1 13 5 11 8 8 11
> BAT2 13 4 13 6 1 8 1 9 1 10 8 13 9 13 10 13 11 6 7 13
> BAT3 7 1 1 7 13 7 3 8
< RES 1637330498 92 2
< THROW XD 4
< MOVE R
> REQ 1637330498 93 2
> VAMPIRE 1 3 5 3 1 3 0
> VAMPIRE 2 7 4 2 1 3 0
> VAMPIRE 3 5 3 1 0 3 0
> VAMPIRE 4 9 7 3 0 3 0
> GRENADE 3 9 1 3 3
> GRENADE 2 11 3 4 3
> GRENADE 4 11 5 4 3
> POWERUP GRENADE 1 9 13 7
> BAT1 13 8 6 13 13 5 11 8 8 11
> BAT2 13 4 13 6 1 8 1 9 1 10 8 13 9 13 10 13 11 6 7 13
> BAT3 7 1 1 7 13 7 3 8
< RES 1637330498 93 2
< GRENADE
> REQ 1637330498 94 2
> VAMPIRE 1 3 7 3 1 3 0
> VAMPIRE 2 7 4 2 0 3 0
> VAMPIRE 3 5 1 1 0 3 0
> VAMPIRE 4 7 7 3 0 3 0
> GRENADE 3 9 1 2 3
> GRENADE 2 11 3 3 3
> GRENADE 4 11 5 3 3
> GRENADE 2 7 4 5 3
> BAT1 13 8 6 13 13 5 11 8 8 11
> BAT2 13 4 13 6 1 8 1 9 1 10 8 13 9 13 10 13 11 6 7 13
> BAT3 7 1 1 7 13 7 3 8
< RES 1637330498 94 2
< MOVE L U
> REQ 1637330498 95 2
> VAMPIRE 1 3 5 3 0 3 0
> VAMPIRE 2 6 3 2 0 3 0
> VAMPIRE 3 5 1 1 0 3 0
> VAMPIRE 4 9 7 3 0 3 0
> GRENADE 3 9 1 1 3
> GRENADE 2 11 3 2 3
> GRENADE 4 11 5 2 3
> GRENADE 2 7 4 4 3
> GRENADE 1 3 7 5 3
> BAT1 13 8 6 13 13 5 11 8 8 11
> BAT2 13 4 13 6 1 8 1 9 1 10 8 13 9 13 10 13 11 6 7 13
> BAT3 7 1 1 7 13 7 3 8
< RES 1637330498 95 2
< MOVE U U
> REQ 1637330498 96 2
> VAMPIRE 1 1 5 3 0 3 0
> VAMPIRE 2 4 3 2 0 3 0
> VAMPIRE 3 4 1 1 1 3 0
> VAMPIRE 4 9 7 3 0 3 0
> GRENADE 2 11 3 1 3
> GRENADE 4 11 5 1 3
> GRENADE 2 7 4 3 3
> GRENADE 1 3 7 4 3
> BAT1 13 8 6 13 13 5 11 8 8 11
> BAT2 13 4 13 6 1 8 1 9 1 10 8 13 9 13 10 13 7 1 11 6 7 13
> BAT3 1 7 13 7 3 8
< RES 1637330498 96 2
< MOVE U R
> REQ 1637330498 97 2
> VAMPIRE 1 1 5 3 0 3 0
> VAMPIRE 2 3 4 2 1 3 0
> VAMPIRE 3 5 2 1 0 3 0
> VAMPIRE 4 11 7 3 1 3 0
> GRENADE 2 7 4 2 3
> GRENADE 1 3 7 3 3
> GRENADE 3 4 1 5 3
> BAT1 13 8 6 13 11 8 11 6 8 11
> BAT2 13 4 13 6 1 8 1 9 1 10 8 13 9 13 10 13 7 1 7 13
> BAT3 1 7 13 7 3 8
< RES 1637330498 97 2
< GRENADE
< MOVE R U
> REQ 1637330498 98 2
> VAMPIRE 1 1 4 3 0 3 0
> VAMPIRE 2 2 5 2 0 3 0
> VAMPIRE 3 5 3 1 0 3 0
> VAMPIRE 4 9 7 3 0 3 0
> GRENADE 2 7 4 1 3
> GRENADE 1 3 7 2 3
> GRENADE 3 4 1 4 3
> GRENADE 2 3 4 5 3
> GRENADE 4 11 7 5 3
> BAT1 13 8 6 13 11 8 11 6 8 11
> BAT2 13 4 13 6 1 8 1 9 1 10 8 13 9 13 10 13 7 1 7 13
> BAT3 1 7 13 7 3 8
< RES 1637330498 98 2
< MOVE U
> REQ 1637330498 99 2
> VAMPIRE 1 2 3 3 0 3 0
> VAMPIRE 2 1 5 2 1 3 0
> VAMPIRE 3 7 3 1 0 3 0
> VAMPIRE 4 9 9 3 0 3 0
> GRENADE 1 3 7 1 3
> GRENADE 3 4 1 3 3
> GRENADE 2 3 4 4 3
> GRENADE 4 11 7 4 3
> POWERUP GRENADE -6 1 7 4
> POWERUP GRENADE -6 13 7 4
> BAT1 13 8 6 13 11 8 7 1 11 6 8 11
> BAT2 13 4 13 6 1 8 1 9 1 10 8 13 9 13 10 13 7 13
> BAT3 1 7 13 7 3 8
< RES 1637330498 99 2
< GRENADE
< MOVE D D
> REQ 1637330498 100 2
> VAMPIRE 1 1 4 3 1 3 0
> VAMPIRE 2 3 5 2 1 3 0
> VAMPIRE 3 7 5 1 0 3 0
> VAMPIRE 4 7 9 3 0 3 0
> GRENADE 3 4 1 2 3
> GRENADE 4 11 7 3 3
> GRENADE 2 1 5 5 3
> POWERUP GRENADE -5 1 7 4
> POWERUP GRENADE -5 13 7 4
> BAT1 13 8 6 13 11 8 7 1 11 6 8 11
> BAT2 13 4 13 6 1 8 1 9 1 10 8 13 9 13 10 13 1 7 3 8 7 13
> BAT3 13 7
< RES 1637330498 100 2
< GRENADE
> REQ 1637330498 101 2
> VAMPIRE 1 1 2 3 0 3 0
> VAMPIRE 2 3 5 2 0 3 0
> VAMPIRE 3 9 5 1 0 3 0
> VAMPIRE 4 9 9 3 0 3 0
> GRENADE 3 4 1 1 3
> GRENADE 4 11 7 2 3
> GRENADE 2 1 5 4 3
> GRENADE 1 1 4 5 3
> GRENADE 2 3 5 5 3
> POWERUP GRENADE -4 1 7 4
> POWERUP GRENADE -4 13 7 4
> BAT1 13 8 6 13 11 8 7 1 11 6 8 11
> BAT2 13 4 13 6 1 8 1 9 1 10 8 13 9 13 10 13 1 7 3 8 7 13
> BAT3 13 7
< RES 1637330498 101 2
< THROW XR 4
< MOVE D D
> REQ 1637330498 102 2
> VAMPIRE 1 2 1 3 0 3 0
> VAMPIRE 2 5 5 2 0 3 0
> VAMPIRE 3 11 5 1 1 3 0
> VAMPIRE 4 7 9 3 0 3 0
> GRENADE 4 11 7 1 3
> GRENADE 2 1 5 3 3
> GRENADE 1 1 4 4 3
> GRENADE 2 3 9 4 3
> POWERUP GRENADE -3 1 7 4
> POWERUP GRENADE -3 13 7 4
> BAT1 13 8 6 13 11 8 11 6 8 11
> BAT2 13 4 13 6 1 8 1 9 1 10 8 13 9 13 10 13 1 7 3 8 7 13
> BAT3 13 7
< RES 1637330498 102 2
< MOVE R R
> REQ 1637330498 103 2
> VAMPIRE 1 3 2 3 0 3 0
> VAMPIRE 2 5 7 2 0 3 0
> VAMPIRE 3 11 5 1 0 3 0
> VAMPIRE 4 7 11 3 1 3 0
> GRENADE 2 1 5 2 3
> GRENADE 1 1 4 3 3
> GRENADE 2 3 9 3 3
> GRENADE 3 11 5 5 3
> POWERUP GRENADE -2 1 7 4
> POWERUP GRENADE -2 13 7 4
> BAT1 13 8 6 13 8 11
> BAT2 13 4 13 6 1 8 1 9 1 10 8 13 9 13 10 13 1 7 13 7 3 8 7 13
< RES 1637330498 103 2
< MOVE U U
> REQ 1637330498 104 2
> VAMPIRE 1 3 4 3 0 3 0
> VAMPIRE 2 3 7 2 0 3 0
> VAMPIRE 3 11 7 1 0 3 0
> VAMPIRE 4 7 9 3 0 3 0
> GRENADE 2 1 5 1 3
> GRENADE 1 1 4 2 3
> GRENADE 2 3 9 2 3
> GRENADE 3 13 5 4 3
> GRENADE 4 7 11 5 3
> POWERUP GRENADE -1 1 7 4
> POWERUP GRENADE -1 13 7 4
> BAT1 13 8 6 13 8 11
> BAT2 13 4 13 6 1 8 1 9 1 10 8 13 9 13 10 13 1 7 13 7 3 8 7 13
< RES 1637330498 104 2
> REQ 1637330498 105 2
> VAMPIRE 1 3 5 3 1 3 0
> VAMPIRE 2 3 7 2 1 3 0
> VAMPIRE 3 11 6 1 0 3 0
> VAMPIRE 4 9 9 3 0 3 0
> GRENADE 2 3 9 1 3
> GRENADE 3 13 5 3 3
> GRENADE 4 7 11 4 3
> POWERUP GRENADE 14 1 7 4
> POWERUP GRENADE 14 13 7 4
> BAT1 13 8 6 13 1 7 8 11
> BAT2 13 4 13 6 1 8 1 9 1 10 8 13 9 13 10 13 13 7 3 8 7 13
< RES 1637330498 105 2
< GRENADE
< MOVE D D
> REQ 1637330498 106 2
> VAMPIRE 1 3 5 3 0 3 0
> VAMPIRE 2 5 7 2 1 3 0
> VAMPIRE 3 12 7 1 0 3 0
> VAMPIRE 4 11 9 3 0 3 0
> GRENADE 3 13 5 2 3
> GRENADE 4 7 11 3 3
> GRENADE 1 3 5 5 3
> GRENADE 2 3 7 5 3
> POWERUP GRENADE 13 1 7 4
> POWERUP GRENADE 13 13 7 4
> BAT1 13 8 6 13 1 9 1 7 3 8 8 11
> BAT2 13 4 13 6 1 8 1 10 8 13 9 13 10 13 13 7 7 13
< RES 1637330498 106 2
< GRENADE
> REQ 1637330498 107 2
> VAMPIRE 1 5 5 3 0 3 0
> VAMPIRE 2 5 7 2 0 3 0
> VAMPIRE 3 11 6 1 0 3 0
> VAMPIRE 4 11 9 3 0 3 0
> GRENADE 3 13 5 1 3
> GRENADE 4 7 11 2 3
> GRENADE 1 3 9 4 3
> GRENADE 2 3 7 4 3
> GRENADE 2 5 7 5 3
> POWERUP GRENADE 12 1 7 4
> POWERUP GRENADE 12 13 7 4
> BAT1 13 8 6 13 1 9 1 7 3 8 8 11
> BAT2 13 4 13 6 1 8 1 10 8 13 9 13 10 13 13 7 7 13
< RES 1637330498 107 2
< THROW XR 4
< MOVE D D
> REQ 1637330498 108 2
> VAMPIRE 1 3 5 3 0 3 0
> VAMPIRE 2 7 7 2 0 3 0
> VAMPIRE 3 10 7 1 1 3 0
> VAMPIRE 4 9 9 3 0 3 0
> GRENADE 4 7 11 1 3
> GRENADE 1 3 9 3 3
> GRENADE 2 3 7 3 3
> GRENADE 2 5 11 4 3
> POWERUP GRENADE 11 1 7 4
> POWERUP GRENADE 11 13 7 4
> BAT1 13 8 6 13 13 4 13 6 1 9 1 7 3 8 8 11
> BAT2 1 8 1 10 8 13 9 13 10 13 13 7 7 13
< RES 1637330498 108 2
< MOVE R
> REQ 1637330498 109 2
> VAMPIRE 1 2 5 3 0 3 0
> VAMPIRE 2 7 8 2 1 3 0
> VAMPIRE 3 9 6 1 0 3 0
> VAMPIRE 4 9 10 3 1 3 0
> GRENADE 1 3 9 2 3
> GRENADE 2 3 7 2 3
> GRENADE 3 10 7 5 3
> POWERUP GRENADE 10 1 7 4
> POWERUP GRENADE 10 13 7 4
> BAT1 13 8 6 13 13 4 13 6 1 9 1 7 3 8 7 13
> BAT2 1 8 1 10 8 13 9 13 10 13 13 7
< RES 1637330498 109 2
< MOVE L
> REQ 1637330498 110 2
> VAMPIRE 1 1 6 3 0 3 0
> VAMPIRE 2 7 7 2 1 3 0
> VAMPIRE 3 8 7 1 0 3 0
> VAMPIRE 4 8 9 3 0 3 0
> GRENADE 1 3 9 1 3
> GRENADE 2 3 7 1 3
> GRENADE 3 10 7 4 3
> GRENADE 4 9 10 5 3
> POWERUP GRENADE 9 1 7 4
> POWERUP GRENADE 9 13 7 4
> BAT1 13 8 6 13 13 4 13 6 1 9 1 7 3 8 7 13
> BAT2 1 8 1 10 8 13 9 13 10 13 13 7
< RES 1637330498 110 2
< GRENADE
< MOVE U U
> REQ 1637330498 111 2
> VAMPIRE 1 1 6 3 1 3 0
> VAMPIRE 2 5 7 2 1 3 0
> VAMPIRE 3 8 7 1 0 3 0
> VAMPIRE 4 6 9 3 0 3 0
> GRENADE 3 10 7 3 3
> GRENADE 4 9 10 4 3
> GRENADE 2 7 7 5 3
> POWERUP GRENADE 8 1 7 4
> POWERUP GRENADE 8 13 7 4
> BAT1 13 8 6 13 13 4 13 6 7 13
> BAT2 1 8 1 10 8 13 9 13 10 13 13 7
< RES 1637330498 111 2
< GRENADE
< MOVE U U
> REQ 1637330498 112 2
> VAMPIRE 1 1 6 3 0 3 0
> VAMPIRE 2 3 7 2 0 3 0
> VAMPIRE 3 9 8 1 0 3 0
> VAMPIRE 4 4 9 3 0 3 0
> GRENADE 3 10 7 2 3
> GRENADE 4 9 10 3 3
> GRENADE 2 7 7 4 3
> GRENADE 1 1 6 5 3
> GRENADE 2 5 7 5 3
> POWERUP GRENADE 7 1 7 4
> POWERUP GRENADE 7 13 7 4
> BAT1 13 8 6 13 13 4 13 6 7 13
> BAT2 1 8 1 10 8 13 9 13 10 13 13 7
< RES 1637330498 112 2
< MOVE R R
> REQ 1637330498 113 2
> VAMPIRE 1 1 7 3 0 3 0
> VAMPIRE 2 3 9 2 0 3 0
> VAMPIRE 3 8 9 1 0 3 0
> VAMPIRE 4 2 9 3 0 3 0
> GRENADE 3 10 7 1 3
> GRENADE 4 9 10 2 3
> GRENADE 2 7 7 3 3
> GRENADE 1 1 9 4 3
> GRENADE 2 5 7 4 3
> POWERUP GRENADE 6 1 7 4
> POWERUP GRENADE 6 13 7 4
> BAT1 13 8 6 13 13 4 13 6 7 13
> BAT2 1 8 1 10 8 13 9 13 10 13 13 7
< RES 1637330498 113 2
< MOVE L L
> REQ 1637330498 114 2
> VAMPIRE 1 1 7 3 0 3 0
> VAMPIRE 2 3 7 2 2 3 0
> VAMPIRE 3 6 9 1 1 3 0
> VAMPIRE 4 3 9 3 0 3 0
> GRENADE 4 9 10 1 3
> GRENADE 1 1 9 3 3
> POWERUP GRENADE 5 1 7 4
> POWERUP GRENADE 5 13 7 4
> BAT1 13 8 6 13 13 4 13 6 13 7 7 13
> BAT2 1 8 1 10 8 13 9 13 10 13
< RES 1637330498 114 2
< GRENADE
< MOVE U U
> REQ 1637330498 115 2
> VAMPIRE 1 1 7 3 0 3 0
> VAMPIRE 2 1 7 2 1 3 0
> VAMPIRE 3 4 9 1 1 3 0
> VAMPIRE 4 3 8 3 1 3 0
> GRENADE 1 1 9 2 3
> GRENADE 2 3 7 5 3
> POWERUP GRENADE 4 1 7 4
> POWERUP GRENADE 4 13 7 4
> BAT1 13 8 6 13 13 4 13 6 9 13 13 7 7 13
> BAT2 1 8 1 10 8 13 10 13
< RES 1637330498 115 2
< GRENADE
> REQ 1637330498 116 2
> VAMPIRE 1 1 7 3 0 3 0
> VAMPIRE 2 1 7 2 0 3 0
> VAMPIRE 3 5 8 1 0 3 0
> VAMPIRE 4 3 8 3 1 3 0
> GRENADE 1 1 9 1 3
> GRENADE 2 3 7 4 3
> GRENADE 2 1 7 5 3
> GRENADE 3 4 9 5 3
> POWERUP GRENADE 3 1 7 4
> POWERUP GRENADE 3 13 7 4
> BAT1 13 8 6 13 13 4 13 6 9 13 13 7 7 13
> BAT2 1 8 1 10 8 13 10 13
< RES 1637330498 116 2
> REQ 1637330498 117 2
> VAMPIRE 1 1 7 3 2 3 0
> VAMPIRE 2 1 7 2 0 3 0
> VAMPIRE 3 6 7 1 1 3 0
> VAMPIRE 4 3 9 3 1 3 0
> GRENADE 2 3 7 3 3
> GRENADE 2 1 7 4 3
> POWERUP GRENADE 2 13 7 4
> BAT1 13 8 6 13 13 4 13 6 1 8 1 10 9 13 13 7 7 13
> BAT2 8 13 10 13
< RES 1637330498 117 2
> REQ 1637330498 118 2
> VAMPIRE 1 1 5 3 1 3 0
> VAMPIRE 2 1 7 2 0 3 0
> VAMPIRE 3 6 7 1 0 3 0
> VAMPIRE 4 3 9 3 0 3 0
> GRENADE 2 3 7 2 3
> GRENADE 2 1 7 3 3
> GRENADE 1 1 7 5 3
> GRENADE 3 6 7 5 3
> GRENADE 4 3 9 5 3
> POWERUP GRENADE 1 13 7 4
> BAT1 13 8 6 13 13 4 13 6 1 8 1 10 9 13 13 7 7 13
> BAT2 8 13 10 13
< RES 1637330498 118 2
< GRENADE
> REQ 1637330498 119 2
> VAMPIRE 1 1 5 3 0 3 0
> VAMPIRE 2 1 7 2 0 3 0
> VAMPIRE 3 6 7 1 0 3 0
> VAMPIRE 4 3 11 3 0 3 0
> GRENADE 2 3 7 1 3
> GRENADE 2 1 7 2 3
> GRENADE 1 1 7 4 3
> GRENADE 3 6 7 4 3
> GRENADE 4 1 9 4 3
> GRENADE 1 1 5 5 3
> BAT1 13 8 6 13 13 4 13 6 1 8 1 10 9 13 13 7 7 13
> BAT2 8 13 10 13
< RES 1637330498 119 2
< THROW XD 4
> REQ 1637330498 120 2
> VAMPIRE 1 2 5 2 2 3 0
> VAMPIRE 2 1 7 1 2 3 0
> VAMPIRE 4 5 11 3 0 3 0
> GRENADE 4 1 9 3 3
> BAT1 13 8 6 13 13 4 13 6 1 10 9 13 13 7 7 13
> BAT2 8 13 10 13
< RES 1637330498 120 2
< GRENADE
< MOVE D D
> REQ 1637330498 121 2
> VAMPIRE 1 1 6 2 2 3 0
> VAMPIRE 2 3 7 1 2 3 0
> VAMPIRE 4 7 11 3 0 3 0
> GRENADE 4 1 9 2 3
> BAT1 13 8 6 13 13 4 13 6 1 10 9 13 13 7 7 13
> BAT2 8 13 10 13
< RES 1637330498 121 2
< MOVE D D
> REQ 1637330498 122 2
> VAMPIRE 1 2 5 2 2 3 0
> VAMPIRE 2 5 7 1 2 3 0
> VAMPIRE 4 7 11 3 0 3 0
> GRENADE 4 1 9 1 3
> BAT1 13 8 6 13 13 4 13 6 1 10 9 13 13 7 7 13
> BAT2 8 13 10 13
< RES 1637330498 122 2
< MOVE R R
> REQ 1637330498 123 2
> VAMPIRE 1 1 5 2 2 3 0
> VAMPIRE 2 5 9 1 2 3 0
> VAMPIRE 4 9 11 3 1 3 0
> BAT1 13 8 6 13 13 4 13 6 9 13 13 7 7 13
> BAT2 8 13 10 13
< RES 1637330498 123 2
< MOVE D D
> REQ 1637330498 124 2
> VAMPIRE 1 3 5 2 2 3 0
> VAMPIRE 2 7 9 1 2 3 0
> VAMPIRE 4 11 11 3 0 3 0
> GRENADE 4 9 11 5 3
> BAT1 13 8 6 13 13 4 13 6 9 13 13 7 7 13
> BAT2 8 13 10 13
< RES 1637330498 124 2
< MOVE R R
> REQ 1637330498 125 2
> VAMPIRE 1 5 5 2 2 3 0
> VAMPIRE 2 7 11 1 2 3 0
> VAMPIRE 4 11 10 3 0 3 0
> GRENADE 4 9 11 4 3
> BAT1 13 8 6 13 13 4 13 6 9 13 13 7 7 13
> BAT2 8 13 10 13
< RES 1637330498 125 2
< GRENADE
< MOVE U U
> REQ 1637330498 126 2
> VAMPIRE 1 7 5 2 2 3 0
> VAMPIRE 2 5 11 1 1 3 0
> VAMPIRE 4 11 9 3 0 3 0
> GRENADE 4 9 11 3 3
> GRENADE 2 7 11 5 3
> BAT1 13 8 6 13 13 4 13 6 9 13 13 7 7 13
> BAT2 8 13 10 13
< RES 1637330498 126 2
< MOVE R R
> REQ 1637330498 127 2
> VAMPIRE 1 9 5 2 2 3 0
> VAMPIRE 2 5 13 1 1 3 0
> VAMPIRE 4 11 7 3 0 3 0
> GRENADE 4 9 11 2 3
> GRENADE 2 7 11 4 3
> BAT1 13 8 6 13 13 4 13 6 9 13 13 7 7 13
> BAT2 8 13 10 13
< RES 1637330498 127 2
< GRENADE
> REQ 1637330498 128 2
> VAMPIRE 1 9 5 2 1 3 0
> VAMPIRE 2 5 13 1 0 3 0
> VAMPIRE 4 11 5 3 0 3 0
> GRENADE 4 9 11 1 3
> GRENADE 2 7 11 3 3
> GRENADE 1 9 5 5 3
> GRENADE 2 5 13 5 3
> POWERUP GRENADE -4 7 13 5
> POWERUP GRENADE -4 7 1 5
> BAT1 13 8 6 13 13 4 13 6 9 13 13 7 7 13
> BAT2 8 13 10 13
< RES 1637330498 128 2
> REQ 1637330498 129 2
> VAMPIRE 1 7 5 2 1 3 0
> VAMPIRE 2 5 13 1 1 3 0
> VAMPIRE 4 11 3 3 1 3 0
> GRENADE 1 13 5 4 3
> GRENADE 2 5 13 4 3
> POWERUP GRENADE -3 7 13 5
> POWERUP GRENADE -3 7 1 5
> BAT1 13 8 6 13 13 4 13 6 13 7
> BAT2 8 13 10 13
< RES 1637330498 129 2
< THROW XD 4
< MOVE L L
> REQ 1637330498 130 2
> VAMPIRE 1 7 3 2 1 3 0
> VAMPIRE 2 5 11 1 1 3 0
> VAMPIRE 4 9 3 3 1 3 0
> GRENADE 1 13 5 3 3
> GRENADE 2 9 13 3 3
> POWERUP GRENADE -2 7 13 5
> POWERUP GRENADE -2 7 1 5
> BAT1 13 8 6 13 13 4 13 6 13 7
> BAT2 8 13 10 13
< RES 1637330498 130 2
< MOVE D D
> REQ 1637330498 131 2
> VAMPIRE 1 7 1 2 1 3 0
> VAMPIRE 2 7 11 1 1 3 0
> VAMPIRE 4 7 3 3 1 3 0
> GRENADE 1 13 5 2 3
> GRENADE 2 9 13 2 3
> POWERUP GRENADE -1 7 13 5
> POWERUP GRENADE -1 7 1 5
> BAT1 13 8 6 13 13 4 13 6 13 7
> BAT2 8 13 10 13
< RES 1637330498 131 2
< MOVE R R
> REQ 1637330498 132 2
> VAMPIRE 1 7 1 2 1 3 0
> VAMPIRE 2 7 13 1 1 3 0
> VAMPIRE 4 7 1 3 1 3 0
> GRENADE 1 13 5 1 3
> GRENADE 2 9 13 1 3
> POWERUP GRENADE 11 7 13 5
> POWERUP GRENADE 11 7 1 5
> BAT1 13 8 6 13 13 4 13 6 13 7
> BAT2 8 13 10 13
< RES 1637330498 132 2
< GRENADE
> REQ 1637330498 133 2
> VAMPIRE 1 7 1 2 2 3 0
> VAMPIRE 2 7 13 1 1 3 0
> VAMPIRE 4 7 1 3 1 3 0
> GRENADE 2 7 13 5 3
> POWERUP GRENADE 10 7 13 5
> POWERUP GRENADE 10 7 1 5
> BAT1 13 8 6 13 8 13 10 13 13 7
< RES 1637330498 133 2
< THROW XD 4
> REQ 1637330498 134 2
> VAMPIRE 1 7 1 2 2 3 0
> VAMPIRE 2 7 13 1 1 3 0
> VAMPIRE 4 7 1 3 1 3 0
> GRENADE 2 11 13 4 3
> POWERUP GRENADE 9 7 13 5
> POWERUP GRENADE 9 7 1 5
> BAT1 13 8 6 13 8 13 10 13 13 7
< RES 1637330498 134 2
< GRENADE
> REQ 1637330498 135 2
> VAMPIRE 1 7 1 2 2 3 0
> VAMPIRE 2 7 13 1 0 3 0
> VAMPIRE 4 7 1 3 1 3 0
> GRENADE 2 11 13 3 3
> GRENADE 2 7 13 5 3
> POWERUP GRENADE 8 7 13 5
> POWERUP GRENADE 8 7 1 5
> BAT1 13 8 6 13 8 13 10 13 13 7
< RES 1637330498 135 2
> REQ 1637330498 136 2
> VAMPIRE 1 7 1 2 3 3 0
> VAMPIRE 2 7 13 1 0 3 0
> VAMPIRE 4 7 1 3 1 3 0
> GRENADE 2 11 13 2 3
> GRENADE 2 7 13 4 3
> POWERUP GRENADE 7 7 13 5
> BAT1 13 8 6 13 8 13 10 13 13 7
< RES 1637330498 136 2
> REQ 1637330498 137 2
> VAMPIRE 1 7 3 2 3 3 0
> VAMPIRE 2 7 13 1 1 3 0
> VAMPIRE 4 7 3 3 1 3 0
> GRENADE 2 11 13 1 3
> GRENADE 2 7 13 3 3
> BAT1 13 8 6 13 8 13 10 13 13 7
< RES 1637330498 137 2
< MOVE L L
> REQ 1637330498 138 2
> VAMPIRE 1 7 5 2 3 3 0
> VAMPIRE 2 7 11 1 2 3 0
> VAMPIRE 4 9 3 3 1 3 0
> GRENADE 2 7 13 2 3
> BAT1 13 8 6 13 8 13 13 7
< RES 1637330498 138 2
< MOVE U U
> REQ 1637330498 139 2
> VAMPIRE 1 7 7 2 3 3 0
> VAMPIRE 2 5 11 1 2 3 0
> VAMPIRE 4 9 5 3 1 3 0
> GRENADE 2 7 13 1 3
> BAT1 13 8 6 13 8 13 13 7
< RES 1637330498 139 2
< MOVE D D
> REQ 1637330498 140 2
> VAMPIRE 1 7 7 2 2 3 0
> VAMPIRE 2 7 11 1 3 3 0
> VAMPIRE 4 9 5 3 0 3 0
> GRENADE 1 7 7 5 3
> GRENADE 4 9 5 5 3
> BAT1 13 8 13 7
< RES 1637330498 140 2
< MOVE D D
> REQ 1637330498 141 2
> VAMPIRE 1 5 7 2 2 3 0
> VAMPIRE 2 9 11 1 3 3 0
> VAMPIRE 4 9 3 3 0 3 0
> GRENADE 1 11 7 4 3
> GRENADE 4 13 5 4 3
> BAT1 13 8 13 7
< RES 1637330498 141 2
< MOVE D D
> REQ 1637330498 142 2
> VAMPIRE 1 7 7 2 2 3 0
> VAMPIRE 2 11 11 1 3 3 0
> VAMPIRE 4 11 3 3 0 3 0
> GRENADE 1 11 7 3 3
> GRENADE 4 13 5 3 3
> BAT1 13 8 13 7
< RES 1637330498 142 2
< MOVE D D
> REQ 1637330498 143 2
> VAMPIRE 1 7 7 2 2 3 0
> VAMPIRE 2 13 11 1 3 3 0
> VAMPIRE 4 11 3 3 0 3 0
> GRENADE 1 11 7 2 3
> GRENADE 4 13 5 2 3
> BAT1 13 8 13 7
< RES 1637330498 143 2
< GRENADE
< MOVE U U
> REQ 1637330498 144 2
> VAMPIRE 1 7 7 2 2 3 0
> VAMPIRE 2 11 11 1 2 3 0
> VAMPIRE 4 11 3 3 0 3 0
> GRENADE 1 11 7 1 3
> GRENADE 4 13 5 1 3
> GRENADE 2 13 11 5 3
> BAT1 13 8 13 7
< RES 1637330498 144 2
< MOVE U U
> REQ 1637330498 145 2
> VAMPIRE 1 7 7 2 3 3 0
> VAMPIRE 2 9 11 1 2 3 0
> VAMPIRE 4 11 5 3 1 3 0
> GRENADE 2 13 11 4 3
> BAT1 13 8
< RES 1637330498 145 2
< MOVE U U
> REQ 1637330498 146 2
> VAMPIRE 1 7 7 2 3 3 0
> VAMPIRE 2 7 11 1 2 3 0
> VAMPIRE 4 13 5 3 1 3 0
> GRENADE 2 13 11 3 3
> BAT1 13 8
< RES 1637330498 146 2
< MOVE L L
> REQ 1637330498 147 2
> VAMPIRE 1 7 7 2 3 3 0
> VAMPIRE 2 7 9 1 2 3 0
> VAMPIRE 4 11 5 3 0 3 0
> GRENADE 2 13 11 2 3
> GRENADE 4 13 5 5 3
> BAT1 13 8
< RES 1637330498 147 2
> REQ 1637330498 148 2
> VAMPIRE 1 7 7 2 3 3 0
> VAMPIRE 2 7 9 1 2 3 0
> VAMPIRE 4 11 3 3 0 3 0
> GRENADE 2 13 11 1 3
> GRENADE 4 13 5 4 3
> BAT1 13 8
< RES 1637330498 148 2
> REQ 1637330498 149 2
> VAMPIRE 1 7 7 2 3 3 0
> VAMPIRE 2 7 9 1 3 3 0
> VAMPIRE 4 11 3 3 0 3 0
> GRENADE 4 13 5 3 3
> POWERUP SHOE -4 11 2 6
> POWERUP SHOE -4 3 12 6
< RES 1637330498 149 2
< MOVE U U
> REQ 1637330498 150 2
> VAMPIRE 1 9 7 2 3 3 0
> VAMPIRE 2 5 9 1 3 3 0
> VAMPIRE 4 11 2 3 0 3 0
> GRENADE 4 13 5 2 3
> POWERUP SHOE -3 11 2 6
> POWERUP SHOE -3 3 12 6
< RES 1637330498 150 2
< MOVE U U
> REQ 1637330498 151 2
> VAMPIRE 1 9 5 2 3 3 0
> VAMPIRE 2 3 9 1 3 3 0
> VAMPIRE 4 11 2 3 0 3 0
> GRENADE 4 13 5 1 3
> POWERUP SHOE -2 11 2 6
> POWERUP SHOE -2 3 12 6
< RES 1637330498 151 2
< MOVE R R
> REQ 1637330498 152 2
> VAMPIRE 1 11 5 2 3 3 0
> VAMPIRE 2 3 11 1 3 3 0
> VAMPIRE 4 11 2 3 1 3 0
> POWERUP SHOE -1 11 2 6
> POWERUP SHOE -1 3 12 6
< RES 1637330498 152 2
< MOVE R
> REQ 1637330498 153 2
> VAMPIRE 1 11 3 2 3 3 0
> VAMPIRE 2 3 12 1 3 3 0
> VAMPIRE 4 11 2 3 1 3 0
> POWERUP SHOE 15 11 2 6
> POWERUP SHOE 15 3 12 6
< RES 1637330498 153 2
> REQ 1637330498 154 2
> VAMPIRE 1 11 1 2 2 3 0
> VAMPIRE 2 3 12 1 3 3 0
> VAMPIRE 4 11 1 3 1 3 0
> GRENADE 1 11 3 5 3
> POWERUP SHOE 14 11 2 6
> POWERUP SHOE 14 3 12 6
< RES 1637330498 154 2
> REQ 1637330498 155 2
> VAMPIRE 1 11 1 2 1 3 0
> VAMPIRE 2 3 12 1 3 3 0
> VAMPIRE 4 11 2 3 1 3 0
> GRENADE 1 11 3 4 3
> GRENADE 1 11 1 5 3
> POWERUP SHOE 13 11 2 6
> POWERUP SHOE 13 3 12 6
< RES 1637330498 155 2
> REQ 1637330498 156 2
> VAMPIRE 1 11 1 2 0 3 0
> VAMPIRE 2 3 12 1 3 3 0
> VAMPIRE 4 11 2 3 1 3 0
> GRENADE 1 11 3 3 3
> GRENADE 1 11 1 4 3
> GRENADE 1 11 1 5 3
> POWERUP SHOE 12 11 2 6
> POWERUP SHOE 12 3 12 6
< RES 1637330498 156 2
> REQ 1637330498 157 2
> VAMPIRE 1 10 1 2 0 3 0
> VAMPIRE 2 3 12 1 3 3 0
> VAMPIRE 4 11 2 3 1 3 0
> GRENADE 1 11 3 2 3
> GRENADE 1 11 5 3 3
> GRENADE 1 11 5 4 3
> POWERUP SHOE 11 11 2 6
> POWERUP SHOE 11 3 12 6
< RES 1637330498 157 2
> REQ 1637330498 158 2
> VAMPIRE 1 9 2 2 0 3 0
> VAMPIRE 2 3 12 1 3 3 0
> VAMPIRE 4 10 1 3 1 3 0
> GRENADE 1 11 3 1 3
> GRENADE 1 11 5 2 3
> GRENADE 1 11 5 3 3
> POWERUP SHOE 10 11 2 6
> POWERUP SHOE 10 3 12 6
< RES 1637330498 158 2
> REQ 1637330498 159 2
> VAMPIRE 1 10 3 2 3 3 0
> VAMPIRE 2 3 12 1 3 3 30
> VAMPIRE 4 11 2 3 1 3 0
> POWERUP SHOE 9 11 2 6
< RES 1637330498 159 2
< MOVE L D D
> REQ 1637330498 160 2
> VAMPIRE 1 11 2 2 3 3 0
> VAMPIRE 2 5 11 1 3 3 29
> VAMPIRE 4 11 2 3 1 3 0
> POWERUP SHOE 8 11 2 6
< RES 1637330498 160 2
< MOVE D D D
> REQ 1637330498 161 2
> VAMPIRE 1 11 2 2 3 3 0
> VAMPIRE 2 8 11 1 3 3 28
> VAMPIRE 4 11 2 3 1 3 0
> POWERUP SHOE 7 11 2 6
< RES 1637330498 161 2
< MOVE D D D
> REQ 1637330498 162 2
> VAMPIRE 1 11 2 2 3 3 0
> VAMPIRE 2 11 11 1 3 3 27
> VAMPIRE 4 11 2 3 1 3 0
> POWERUP SHOE 6 11 2 6
< RES 1637330498 162 2
< MOVE L L L
> REQ 1637330498 163 2
> VAMPIRE 1 11 2 2 3 3 0
> VAMPIRE 2 11 8 1 3 3 26
> VAMPIRE 4 11 2 3 1 3 0
> POWERUP SHOE 5 11 2 6
< RES 1637330498 163 2
< MOVE L L L
> REQ 1637330498 164 2
> VAMPIRE 1 11 2 2 3 3 0
> VAMPIRE 2 11 5 1 3 3 25
> VAMPIRE 4 11 2 3 1 3 0
> POWERUP SHOE 4 11 2 6
< RES 1637330498 164 2
< GRENADE
< MOVE L L L
> REQ 1637330498 165 2
> VAMPIRE 1 11 2 2 2 3 0
> VAMPIRE 2 11 3 1 2 3 24
> VAMPIRE 4 11 2 3 1 3 30
> GRENADE 1 11 2 5 3
> GRENADE 2 11 5 5 3
< RES 1637330498 165 2
< GRENADE
< MOVE U U R
> REQ 1637330498 166 2
> VAMPIRE 1 10 1 2 1 3 0
> VAMPIRE 2 9 4 1 1 3 23
> VAMPIRE 4 9 1 3 1 3 29
> GRENADE 1 11 2 4 3
> GRENADE 2 11 5 4 3
> GRENADE 1 11 2 5 3
> GRENADE 2 11 3 5 3
< RES 1637330498 166 2
< MOVE R R R
> REQ 1637330498 167 2
> VAMPIRE 1 10 1 2 0 3 0
> VAMPIRE 2 9 7 1 1 3 22
> VAMPIRE 4 7 1 3 1 3 28
> GRENADE 1 11 2 3 3
> GRENADE 2 11 5 3 3
> GRENADE 1 11 2 4 3
> GRENADE 2 11 3 4 3
> GRENADE 1 10 1 5 3
< RES 1637330498 167 2
< MOVE R R
> REQ 1637330498 168 2
> VAMPIRE 1 10 1 2 0 3 0
> VAMPIRE 2 9 9 1 1 3 21
> VAMPIRE 4 5 1 3 1 3 27
> GRENADE 1 11 2 2 3
> GRENADE 2 11 5 2 3
> GRENADE 1 11 2 3 3
> GRENADE 2 11 3 3 3
> GRENADE 1 10 1 4 3
< RES 1637330498 168 2
< MOVE U U
> REQ 1637330498 169 2
> VAMPIRE 1 9 1 2 0 3 0
> VAMPIRE 2 7 9 1 1 3 20
> VAMPIRE 4 5 3 3 1 3 26
> GRENADE 1 11 2 1 3
> GRENADE 2 11 5 1 3
> GRENADE 1 11 2 2 3
> GRENADE 2 11 3 2 3
> GRENADE 1 10 5 3 3
< RES 1637330498 169 2
< MOVE D D
> REQ 1637330498 170 2
> VAMPIRE 1 7 1 2 3 3 0
> VAMPIRE 2 9 9 1 3 3 19
> VAMPIRE 4 5 3 3 1 3 25
< RES 1637330498 170 2
> REQ 1637330498 171 2
> VAMPIRE 1 7 3 2 3 3 0
> VAMPIRE 2 9 9 1 3 3 18
> VAMPIRE 4 5 3 3 1 3 24
< RES 1637330498 171 2
> REQ 1637330498 172 2
> VAMPIRE 1 7 5 2 3 3 0
> VAMPIRE 2 9 9 1 3 3 17
> VAMPIRE 4 5 3 3 1 3 23
< RES 1637330498 172 2
> REQ 1637330498 173 2
> VAMPIRE 1 9 5 2 3 3 0
> VAMPIRE 2 9 9 1 3 3 16
> VAMPIRE 4 5 3 3 1 3 22
< RES 1637330498 173 2
> REQ 1637330498 174 2
> VAMPIRE 1 9 5 2 3 3 0
> VAMPIRE 2 9 9 1 3 3 15
> VAMPIRE 4 5 3 3 1 3 21
< RES 1637330498 174 2
> REQ 1637330498 175 2
> VAMPIRE 1 9 5 2 3 3 0
> VAMPIRE 2 9 9 1 3 3 14
> VAMPIRE 4 5 3 3 1 3 20
< RES 1637330498 175 2
> REQ 1637330498 176 2
> VAMPIRE 1 9 5 2 3 3 0
> VAMPIRE 2 9 9 1 3 3 13
> VAMPIRE 4 5 3 3 1 3 19
< RES 1637330498 176 2
> REQ 1637330498 177 2
> VAMPIRE 1 9 5 2 3 3 0
> VAMPIRE 2 9 9 1 3 3 12
> VAMPIRE 4 5 3 3 1 3 18
< RES 1637330498 177 2
> REQ 1637330498 178 2
> VAMPIRE 1 9 5 2 3 3 0
> VAMPIRE 2 9 9 1 3 3 11
> VAMPIRE 4 5 3 3 1 3 17
< RES 1637330498 178 2
> REQ 1637330498 179 2
> VAMPIRE 1 9 5 2 3 3 0
> VAMPIRE 2 9 9 1 3 3 10
> VAMPIRE 4 5 3 3 1 3 16
> POWERUP GRENADE -5 4 7 4
> POWERUP GRENADE -5 10 7 4
< RES 1637330498 179 2
< MOVE L L D
> REQ 1637330498 180 2
> VAMPIRE 1 9 7 2 3 3 0
> VAMPIRE 2 10 7 1 3 3 9
> VAMPIRE 4 5 6 3 1 3 15
> POWERUP GRENADE -4 4 7 4
> POWERUP GRENADE -4 10 7 4
< RES 1637330498 180 2
< GRENADE
> REQ 1637330498 181 2
> VAMPIRE 1 9 7 2 2 3 0
> VAMPIRE 2 10 7 1 2 3 8
> VAMPIRE 4 4 7 3 1 3 14
> GRENADE 1 9 7 5 3
> GRENADE 2 10 7 5 3
> POWERUP GRENADE -3 4 7 4
> POWERUP GRENADE -3 10 7 4
< RES 1637330498 181 2
< GRENADE
> REQ 1637330498 182 2
> VAMPIRE 1 7 7 2 1 3 0
> VAMPIRE 2 10 7 1 1 3 7
> VAMPIRE 4 4 7 3 1 3 13
> GRENADE 1 9 7 4 3
> GRENADE 2 10 7 4 3
> GRENADE 1 9 7 5 3
> GRENADE 2 10 7 5 3
> POWERUP GRENADE -2 4 7 4
> POWERUP GRENADE -2 10 7 4
< RES 1637330498 182 2
< THROW XU 4
> REQ 1637330498 183 2
> VAMPIRE 1 7 7 2 0 3 0
> VAMPIRE 2 10 7 1 1 3 6
> VAMPIRE 4 4 7 3 1 3 12
> GRENADE 1 9 7 3 3
> GRENADE 2 6 7 3 3
> GRENADE 1 9 7 4 3
> GRENADE 2 6 7 4 3
> GRENADE 1 7 7 5 3
> POWERUP GRENADE -1 4 7 4
> POWERUP GRENADE -1 10 7 4
< RES 1637330498 183 2
< GRENADE
> REQ 1637330498 184 2
> VAMPIRE 1 7 9 2 0 3 0
> VAMPIRE 2 10 7 1 0 3 5
> VAMPIRE 4 4 7 3 1 3 11
> GRENADE 1 9 7 2 3
> GRENADE 2 6 7 2 3
> GRENADE 1 9 7 3 3
> GRENADE 2 6 7 3 3
> GRENADE 1 7 7 4 3
> GRENADE 2 10 7 5 3
> POWERUP GRENADE 11 4 7 4
> POWERUP GRENADE 11 10 7 4
< RES 1637330498 184 2
< THROW XU 4
< MOVE D L
> REQ 1637330498 185 2
> VAMPIRE 1 5 9 2 0 3 0
> VAMPIRE 2 11 6 1 0 3 4
> VAMPIRE 4 2 7 3 1 3 10
> GRENADE 1 9 7 1 3
> GRENADE 2 6 7 1 3
> GRENADE 1 9 7 2 3
> GRENADE 2 6 7 2 3
> GRENADE 1 7 7 3 3
> GRENADE 2 6 7 4 3
> POWERUP GRENADE 10 4 7 4
> POWERUP GRENADE 10 10 7 4
< RES 1637330498 185 2
< MOVE L U U
> REQ 1637330498 186 2
> VAMPIRE 1 5 7 2 3 3 0
> VAMPIRE 2 9 5 1 3 3 3
> VAMPIRE 4 2 7 3 1 3 9
> POWERUP GRENADE 9 4 7 4
> POWERUP GRENADE 9 10 7 4
< RES 1637330498 186 2
< MOVE R R D
> REQ 1637330498 187 2
> VAMPIRE 1 4 7 2 3 3 0
> VAMPIRE 2 10 7 1 3 3 2
> VAMPIRE 4 4 7 3 1 3 8
> POWERUP GRENADE 8 4 7 4
> POWERUP GRENADE 8 10 7 4
< RES 1637330498 187 2
> REQ 1637330498 188 2
> VAMPIRE 1 4 7 2 3 3 0
> VAMPIRE 2 10 7 1 3 3 1
> VAMPIRE 4 4 7 3 1 3 7
> POWERUP GRENADE 7 4 7 4
> POWERUP GRENADE 7 10 7 4
< RES 1637330498 188 2
> REQ 1637330498 189 2
> VAMPIRE 1 4 7 2 3 3 0
> VAMPIRE 2 10 7 1 3 3 0
> VAMPIRE 4 4 7 3 1 3 6
> POWERUP GRENADE 6 4 7 4
> POWERUP GRENADE 6 10 7 4
< RES 1637330498 189 2
> REQ 1637330498 190 2
> VAMPIRE 1 4 7 2 3 3 0
> VAMPIRE 2 10 7 1 3 3 0
> VAMPIRE 4 4 7 3 1 3 5
> POWERUP GRENADE 5 4 7 4
> POWERUP GRENADE 5 10 7 4
< RES 1637330498 190 2
> REQ 1637330498 191 2
> VAMPIRE 1 4 7 2 4 3 0
> VAMPIRE 2 10 7 1 4 3 0
> VAMPIRE 4 4 7 3 2 3 4
< RES 1637330498 191 2
< MOVE D
> REQ 1637330498 192 2
> VAMPIRE 1 4 7 2 4 3 0
> VAMPIRE 2 11 7 1 4 3 0
> VAMPIRE 4 7 7 3 2 3 3
< RES 1637330498 192 2
> REQ 1637330498 193 2
> VAMPIRE 1 3 7 2 4 3 0
> VAMPIRE 2 11 7 1 4 3 0
> VAMPIRE 4 7 7 3 2 3 2
< RES 1637330498 193 2
> REQ 1637330498 194 2
> VAMPIRE 1 3 7 2 4 3 0
> VAMPIRE 2 11 7 1 4 3 0
> VAMPIRE 4 7 7 3 2 3 1
< RES 1637330498 194 2
> REQ 1637330498 195 2
> VAMPIRE 1 3 7 2 4 3 0
> VAMPIRE 2 11 7 1 4 3 0
> VAMPIRE 4 7 7 3 2 3 0
< RES 1637330498 195 2
< MOVE U U
> REQ 1637330498 196 2
> VAMPIRE 1 5 7 2 4 3 0
> VAMPIRE 2 9 7 1 4 3 0
> VAMPIRE 4 7 7 3 2 3 0
< RES 1637330498 196 2
< MOVE D D
> REQ 1637330498 197 2
> VAMPIRE 1 3 7 2 4 3 0
> VAMPIRE 2 11 7 1 4 3 0
> VAMPIRE 4 7 7 3 2 3 0
< RES 1637330498 197 2
< MOVE U U
> REQ 1637330498 198 2
> VAMPIRE 1 5 7 2 4 3 0
> VAMPIRE 2 9 7 1 4 3 0
> VAMPIRE 4 7 7 3 2 3 0
< RES 1637330498 198 2
< MOVE D D
> REQ 1637330498 199 2
> VAMPIRE 1 3 7 2 4 3 0
> VAMPIRE 2 11 7 1 4 3 0
> VAMPIRE 4 7 7 3 2 3 0
< RES 1637330498 199 2
< MOVE U U
> REQ 1637330498 200 2
> VAMPIRE 1 5 7 2 4 3 0
> VAMPIRE 2 9 7 1 4 3 0
> VAMPIRE 4 7 7 3 2 3 0
< RES 1637330498 200 2
< MOVE D D
> REQ 1637330498 201 2
> VAMPIRE 1 3 7 2 4 3 0
> VAMPIRE 2 11 7 1 4 3 0
> VAMPIRE 4 7 7 3 2 3 0
< RES 1637330498 201 2
< MOVE U U
> REQ 1637330498 202 2
> VAMPIRE 1 5 7 2 4 3 0
> VAMPIRE 2 9 7 1 4 3 0
> VAMPIRE 4 7 7 3 2 3 0
< RES 1637330498 202 2
< MOVE D D
> REQ 1637330498 203 2
> VAMPIRE 1 3 7 2 4 3 0
> VAMPIRE 2 11 7 1 4 3 0
> VAMPIRE 4 7 7 3 2 3 0
< RES 1637330498 203 2
< MOVE U U
> REQ 1637330498 204 2
> VAMPIRE 1 5 7 2 4 3 0
> VAMPIRE 2 9 7 1 4 3 0
> VAMPIRE 4 7 7 3 2 3 0
< RES 1637330498 204 2
< MOVE D D
> REQ 1637330498 205 2
> VAMPIRE 1 3 7 2 4 3 0
> VAMPIRE 2 11 7 1 4 3 0
> VAMPIRE 4 7 7 3 2 3 0
< RES 1637330498 205 2
< MOVE U U
> REQ 1637330498 206 2
> VAMPIRE 1 5 7 2 4 3 0
> VAMPIRE 2 9 7 1 4 3 0
> VAMPIRE 4 7 7 3 2 3 0
< RES 1637330498 206 2
< MOVE D D
> REQ 1637330498 207 2
> VAMPIRE 1 3 7 2 4 3 0
> VAMPIRE 2 11 7 1 4 3 0
> VAMPIRE 4 7 7 3 2 3 0
< RES 1637330498 207 2
< MOVE U U
> REQ 1637330498 208 2
> VAMPIRE 1 5 7 2 4 3 0
> VAMPIRE 2 9 7 1 4 3 0
> VAMPIRE 4 7 7 3 2 3 0
< RES 1637330498 208 2
< MOVE D D
> REQ 1637330498 209 2
> VAMPIRE 1 3 7 2 4 3 0
> VAMPIRE 2 11 7 1 4 3 0
> VAMPIRE 4 7 7 3 2 3 0
> POWERUP SHOE -4 3 12 7
> POWERUP SHOE -4 11 2 7
< RES 1637330498 209 2
< MOVE L L
> REQ 1637330498 210 2
> VAMPIRE 1 3 9 2 4 3 0
> VAMPIRE 2 11 5 1 4 3 0
> VAMPIRE 4 5 7 3 2 3 0
> POWERUP SHOE -3 3 12 7
> POWERUP SHOE -3 11 2 7
< RES 1637330498 210 2
< MOVE L L
> REQ 1637330498 211 2
> VAMPIRE 1 3 11 2 4 3 0
> VAMPIRE 2 11 3 1 4 3 0
> VAMPIRE 4 3 7 3 2 3 0
> POWERUP SHOE -2 3 12 7
> POWERUP SHOE -2 11 2 7
< RES 1637330498 211 2
< MOVE L
> REQ 1637330498 212 2
> VAMPIRE 1 3 12 2 4 3 0
> VAMPIRE 2 11 2 1 4 3 0
> VAMPIRE 4 3 9 3 2 3 0
> POWERUP SHOE -1 3 12 7
> POWERUP SHOE -1 11 2 7
< RES 1637330498 212 2
> REQ 1637330498 213 2
> VAMPIRE 1 3 12 2 4 3 0
> VAMPIRE 2 11 2 1 4 3 0
> VAMPIRE 4 3 11 3 2 3 0
> POWERUP SHOE 16 3 12 7
> POWERUP SHOE 16 11 2 7
< RES 1637330498 213 2
> REQ 1637330498 214 2
> VAMPIRE 1 3 12 2 4 3 0
> VAMPIRE 2 11 2 1 4 3 0
> VAMPIRE 4 3 13 3 1 3 0
> GRENADE 4 3 11 5 3
> POWERUP SHOE 15 3 12 7
> POWERUP SHOE 15 11 2 7
< RES 1637330498 214 2
> REQ 1637330498 215 2
> VAMPIRE 1 3 12 2 4 3 0
> VAMPIRE 2 11 2 1 4 3 0
> VAMPIRE 4 3 13 3 0 3 0
> GRENADE 4 3 11 4 3
> GRENADE 4 3 13 5 3
> POWERUP SHOE 14 3 12 7
> POWERUP SHOE 14 11 2 7
< RES 1637330498 215 2
> REQ 1637330498 216 2
> VAMPIRE 1 3 12 2 4 3 0
> VAMPIRE 2 11 2 1 4 3 0
> VAMPIRE 4 3 13 3 0 3 0
> GRENADE 4 3 11 3 3
> GRENADE 4 3 13 4 3
> POWERUP SHOE 13 3 12 7
> POWERUP SHOE 13 11 2 7
< RES 1637330498 216 2
> REQ 1637330498 217 2
> VAMPIRE 1 3 12 2 4 3 0
> VAMPIRE 2 11 2 1 4 3 0
> VAMPIRE 4 3 13 3 0 3 0
> GRENADE 4 3 11 2 3
> GRENADE 4 3 13 3 3
> POWERUP SHOE 12 3 12 7
> POWERUP SHOE 12 11 2 7
< RES 1637330498 217 2
> REQ 1637330498 218 2
> VAMPIRE 1 3 12 2 4 3 0
> VAMPIRE 2 11 2 1 4 3 0
> VAMPIRE 4 2 13 3 0 3 0
> GRENADE 4 3 11 1 3
> GRENADE 4 1 13 2 3
> POWERUP SHOE 11 3 12 7
> POWERUP SHOE 11 11 2 7
< RES 1637330498 218 2
> REQ 1637330498 219 2
> VAMPIRE 1 3 12 1 4 3 30
> VAMPIRE 2 11 2 1 4 3 30
> VAMPIRE 4 3 12 3 1 3 0
> GRENADE 4 1 13 1 3
< RES 1637330498 219 2
< MOVE R U U
> REQ 1637330498 220 2
> VAMPIRE 1 5 11 1 4 3 29
> VAMPIRE 2 9 3 1 4 3 29
> VAMPIRE 4 3 11 3 2 3 0
< RES 1637330498 220 2
< MOVE R R
> REQ 1637330498 221 2
> VAMPIRE 1 5 9 1 4 3 28
> VAMPIRE 2 9 5 1 4 3 28
> VAMPIRE 4 3 9 3 2 3 0
< RES 1637330498 221 2
< MOVE L L
> REQ 1637330498 222 2
> VAMPIRE 1 5 11 1 4 3 27
> VAMPIRE 2 9 3 1 4 3 27
> VAMPIRE 4 3 7 3 2 3 0
< RES 1637330498 222 2
< MOVE R R
> REQ 1637330498 223 2
> VAMPIRE 1 5 9 1 4 3 26
> VAMPIRE 2 9 5 1 4 3 26
> VAMPIRE 4 3 7 3 2 3 0
< RES 1637330498 223 2
< MOVE L L
> REQ 1637330498 224 2
> VAMPIRE 1 5 11 1 4 3 25
> VAMPIRE 2 9 3 1 4 3 25
> VAMPIRE 4 3 5 3 2 3 0
< RES 1637330498 224 2
< MOVE R R
> REQ 1637330498 225 2
> VAMPIRE 1 5 9 1 4 3 24
> VAMPIRE 2 9 5 1 4 3 24
> VAMPIRE 4 3 7 3 2 3 0
< RES 1637330498 225 2
< MOVE L L
> REQ 1637330498 226 2
> VAMPIRE 1 5 11 1 4 3 23
> VAMPIRE 2 9 3 1 4 3 23
> VAMPIRE 4 3 5 3 2 3 0
< RES 1637330498 226 2
< MOVE R R
> REQ 1637330498 227 2
> VAMPIRE 1 5 9 1 4 3 22
> VAMPIRE 2 9 5 1 4 3 22
> VAMPIRE 4 3 7 3 2 3 0
< RES 1637330498 227 2
< MOVE L L
> REQ 1637330498 228 2
> VAMPIRE 1 5 11 1 4 3 21
> VAMPIRE 2 9 3 1 4 3 21
> VAMPIRE 4 3 5 3 2 3 0
< RES 1637330498 228 2
< MOVE R R
> REQ 1637330498 229 2
> VAMPIRE 1 5 9 1 4 3 20
> VAMPIRE 2 9 5 1 4 3 20
> VAMPIRE 4 3 7 3 2 3 0
< RES 1637330498 229 2
< MOVE L L
> REQ 1637330498 230 2
> VAMPIRE 1 5 11 1 4 3 19
> VAMPIRE 2 9 3 1 4 3 19
> VAMPIRE 4 3 5 3 2 3 0
< RES 1637330498 230 2
< MOVE R R
> REQ 1637330498 231 2
> VAMPIRE 1 5 9 1 4 3 18
> VAMPIRE 2 9 5 1 4 3 18
> VAMPIRE 4 3 7 3 2 3 0
< RES 1637330498 231 2
< MOVE L L
> REQ 1637330498 232 2
> VAMPIRE 1 5 11 1 4 3 17
> VAMPIRE 2 9 3 1 4 3 17
> VAMPIRE 4 3 5 3 2 3 0
< RES 1637330498 232 2
< MOVE R R
> REQ 1637330498 233 2
> VAMPIRE 1 5 9 1 4 3 16
> VAMPIRE 2 9 5 1 4 3 16
> VAMPIRE 4 3 7 3 2 3 0
< RES 1637330498 233 2
< MOVE L L
> REQ 1637330498 234 2
> VAMPIRE 1 5 11 1 4 3 15
> VAMPIRE 2 9 3 1 4 3 15
> VAMPIRE 4 3 5 3 2 3 0
< RES 1637330498 234 2
< MOVE R R
> REQ 1637330498 235 2
> VAMPIRE 1 5 9 1 4 3 14
> VAMPIRE 2 9 5 1 4 3 14
> VAMPIRE 4 3 7 3 2 3 0
< RES 1637330498 235 2
< MOVE L L
> REQ 1637330498 236 2
> VAMPIRE 1 5 11 1 4 3 13
> VAMPIRE 2 9 3 1 4 3 13
> VAMPIRE 4 3 5 3 2 3 0
> POWERUP SHOE -4 8 11 7
> POWERUP SHOE -4 6 3 7
< RES 1637330498 236 2
< MOVE U U U
> REQ 1637330498 237 2
> VAMPIRE 1 8 11 1 4 3 12
> VAMPIRE 2 6 3 1 4 3 12
> VAMPIRE 4 5 5 3 2 3 0
> POWERUP SHOE -3 8 11 7
> POWERUP SHOE -3 6 3 7
< RES 1637330498 237 2
> REQ 1637330498 238 2
> VAMPIRE 1 8 11 1 4 3 11
> VAMPIRE 2 6 3 1 4 3 11
> VAMPIRE 4 5 3 3 2 3 0
> POWERUP SHOE -2 8 11 7
> POWERUP SHOE -2 6 3 7
< RES 1637330498 238 2
< GRENADE
> REQ 1637330498 239 2
> VAMPIRE 1 8 11 1 4 3 10
> VAMPIRE 2 6 3 1 3 3 10
> VAMPIRE 4 5 3 3 1 3 0
> GRENADE 2 6 3 5 3
> GRENADE 4 5 3 5 3
> POWERUP SHOE -1 8 11 7
> POWERUP SHOE -1 6 3 7
< RES 1637330498 239 2
< THROW XU 4
< MOVE D
> REQ 1637330498 240 2
> VAMPIRE 1 8 11 1 4 3 9
> VAMPIRE 2 7 3 1 3 3 9
> VAMPIRE 4 5 5 3 0 3 0
> GRENADE 2 2 3 4 3
> GRENADE 4 5 3 4 3
> GRENADE 4 5 3 5 3
> POWERUP SHOE 10 8 11 7
> POWERUP SHOE 10 6 3 7
< RES 1637330498 240 2
< MOVE U
> REQ 1637330498 241 2
> VAMPIRE 1 8 11 1 4 3 8
> VAMPIRE 2 6 3 1 3 3 8
> VAMPIRE 4 5 4 3 0 3 0
> GRENADE 2 2 3 3 3
> GRENADE 4 5 3 3 3
> GRENADE 4 5 3 4 3
> POWERUP SHOE 9 8 11 7
> POWERUP SHOE 9 6 3 7
< RES 1637330498 241 2
> REQ 1637330498 242 2
> VAMPIRE 1 8 11 1 4 3 7
> VAMPIRE 2 6 3 1 3 3 7
> VAMPIRE 4 6 5 3 0 3 0
> GRENADE 2 2 3 2 3
> GRENADE 4 5 3 2 3
> GRENADE 4 5 3 3 3
> POWERUP SHOE 8 8 11 7
> POWERUP SHOE 8 6 3 7
< RES 1637330498 242 2
< MOVE D L
> REQ 1637330498 243 2
> VAMPIRE 1 8 11 1 4 3 6
> VAMPIRE 2 7 2 1 3 3 6
> VAMPIRE 4 7 4 3 0 3 0
> GRENADE 2 2 3 1 3
> GRENADE 4 5 3 1 3
> GRENADE 4 5 3 2 3
> POWERUP SHOE 7 8 11 7
> POWERUP SHOE 7 6 3 7
< RES 1637330498 243 2
> REQ 1637330498 244 2
> VAMPIRE 1 8 11 1 4 3 5
> VAMPIRE 2 7 2 1 4 3 5
> VAMPIRE 4 7 4 3 2 3 0
> POWERUP SHOE 6 8 11 7
> POWERUP SHOE 6 6 3 7
< RES 1637330498 244 2
< GRENADE
< MOVE R U
> REQ 1637330498 245 2
> VAMPIRE 1 8 11 1 4 3 4
> VAMPIRE 2 6 3 1 3 3 4
> VAMPIRE 4 6 3 3 2 3 0
> GRENADE 2 7 2 5 3
> POWERUP SHOE 5 8 11 7
> POWERUP SHOE 5 6 3 7
< RES 1637330498 245 2
> REQ 1637330498 246 2
> VAMPIRE 1 8 11 1 4 3 33
> VAMPIRE 2 6 3 1 3 3 3
> VAMPIRE 4 6 3 3 2 3 0
> GRENADE 2 7 2 4 3
> POWERUP SHOE 4 6 3 7
< RES 1637330498 246 2
> REQ 1637330498 247 2
> VAMPIRE 1 5 11 1 4 3 32
> VAMPIRE 2 6 3 1 3 3 2
> VAMPIRE 4 6 3 3 2 3 0
> GRENADE 2 7 2 3 3
> POWERUP SHOE 3 6 3 7
< RES 1637330498 247 2
> REQ 1637330498 248 2
> VAMPIRE 1 5 8 1 4 3 31
> VAMPIRE 2 6 3 1 3 3 1
> VAMPIRE 4 6 3 3 2 3 0
> GRENADE 2 7 2 2 3
> POWERUP SHOE 2 6 3 7
< RES 1637330498 248 2
> REQ 1637330498 249 2
> VAMPIRE 1 5 5 1 4 3 30
> VAMPIRE 2 6 3 1 3 3 0
> VAMPIRE 4 6 3 3 2 3 0
> GRENADE 2 7 2 1 3
> POWERUP SHOE 1 6 3 7
< RES 1637330498 249 2
> REQ 1637330498 250 2
> VAMPIRE 1 5 5 1 4 3 29
> VAMPIRE 2 6 3 1 4 3 0
> VAMPIRE 4 6 3 3 2 3 0
> POWERUP SHOE 1 6 3 7
< RES 1637330498 250 2
> REQ 1637330498 251 2
> VAMPIRE 1 5 5 1 4 3 28
> VAMPIRE 2 6 3 1 4 3 0
> VAMPIRE 4 6 3 3 2 3 0
> POWERUP SHOE 1 6 3 7
< RES 1637330498 251 2
> REQ 1637330498 252 2
> VAMPIRE 1 5 5 1 4 3 27
> VAMPIRE 2 6 3 1 4 3 0
> VAMPIRE 4 6 3 3 2 3 0
> POWERUP SHOE 1 6 3 7
< RES 1637330498 252 2
> REQ 1637330498 253 2
> VAMPIRE 1 5 5 1 4 3 26
> VAMPIRE 2 6 3 1 4 3 0
> VAMPIRE 4 6 3 3 2 3 0
> POWERUP SHOE 1 6 3 7
< RES 1637330498 253 2
> REQ 1637330498 254 2
> VAMPIRE 1 5 5 1 4 3 25
> VAMPIRE 2 6 3 1 4 3 0
> VAMPIRE 4 6 3 3 2 3 0
> POWERUP SHOE 1 6 3 7
< RES 1637330498 254 2
> REQ 1637330498 255 2
> VAMPIRE 1 5 5 1 4 3 24
> VAMPIRE 2 6 3 1 4 3 0
> VAMPIRE 4 6 3 3 2 3 0
> POWERUP SHOE 1 6 3 7
< RES 1637330498 255 2
> REQ 1637330498 256 2
> VAMPIRE 1 5 5 1 4 3 23
> VAMPIRE 2 6 3 1 4 3 0
> VAMPIRE 4 6 3 3 2 3 0
> POWERUP SHOE 1 6 3 7
< RES 1637330498 256 2
> REQ 1637330498 257 2
> VAMPIRE 1 5 5 1 4 3 22
> VAMPIRE 2 6 3 1 4 3 0
> VAMPIRE 4 6 3 3 2 3 0
> POWERUP SHOE 1 6 3 7
< RES 1637330498 257 2
> REQ 1637330498 258 2
> VAMPIRE 1 5 5 1 4 3 21
> VAMPIRE 2 6 3 1 4 3 0
> VAMPIRE 4 6 3 3 2 3 0
> POWERUP SHOE 1 6 3 7
< RES 1637330498 258 2
> REQ 1637330498 259 2
> VAMPIRE 1 5 5 1 4 3 20
> VAMPIRE 2 6 3 1 4 3 0
> VAMPIRE 4 6 3 3 2 3 0
> POWERUP SHOE 1 6 3 7
< RES 1637330498 259 2
> REQ 1637330498 260 2
> VAMPIRE 1 5 5 1 4 3 19
> VAMPIRE 2 6 3 1 4 3 0
> VAMPIRE 4 6 3 3 2 3 0
> POWERUP SHOE 1 6 3 7
< RES 1637330498 260 2
> REQ 1637330498 261 2
> VAMPIRE 1 5 5 1 4 3 18
> VAMPIRE 2 6 3 1 4 3 0
> VAMPIRE 4 6 3 3 2 3 0
> POWERUP SHOE 1 6 3 7
< RES 1637330498 261 2
> REQ 1637330498 262 2
> VAMPIRE 1 5 5 1 4 3 17
> VAMPIRE 2 6 3 1 4 3 0
> VAMPIRE 4 6 3 3 2 3 0
> POWERUP SHOE 1 6 3 7
< RES 1637330498 262 2
> REQ 1637330498 263 2
> VAMPIRE 1 5 5 1 4 3 16
> VAMPIRE 2 6 3 1 4 3 0
> VAMPIRE 4 6 3 3 2 3 0
> POWERUP SHOE 1 6 3 7
< RES 1637330498 263 2
> REQ 1637330498 264 2
> VAMPIRE 1 5 5 1 4 3 15
> VAMPIRE 2 6 3 1 4 3 0
> VAMPIRE 4 6 3 3 2 3 0
> POWERUP BATTERY -9 5 3 6
> POWERUP BATTERY -9 9 11 6
< RES 1637330498 264 2
< MOVE U
> REQ 1637330498 265 2
> VAMPIRE 1 5 3 1 4 3 14
> VAMPIRE 2 5 3 1 4 3 0
> VAMPIRE 4 5 3 3 2 3 0
> POWERUP BATTERY -8 5 3 6
> POWERUP BATTERY -8 9 11 6
< RES 1637330498 265 2
< GRENADE
> REQ 1637330498 266 2
> VAMPIRE 1 5 3 1 3 3 13
> VAMPIRE 2 5 3 1 3 3 0
> VAMPIRE 4 5 3 3 2 3 0
> GRENADE 1 5 3 5 3
> GRENADE 2 5 3 5 3
> POWERUP BATTERY -7 5 3 6
> POWERUP BATTERY -7 9 11 6
< RES 1637330498 266 2
< GRENADE
> REQ 1637330498 267 2
> VAMPIRE 1 5 3 1 2 3 12
> VAMPIRE 2 5 3 1 2 3 0
> VAMPIRE 4 5 3 3 2 3 0
> GRENADE 1 5 3 4 3
> GRENADE 2 5 3 4 3
> GRENADE 1 5 3 5 3
> GRENADE 2 5 3 5 3
> POWERUP BATTERY -6 5 3 6
> POWERUP BATTERY -6 9 11 6
< RES 1637330498 267 2
< GRENADE
> REQ 1637330498 268 2
> VAMPIRE 1 5 3 1 1 3 11
> VAMPIRE 2 5 3 1 1 3 0
> VAMPIRE 4 5 3 3 2 3 0
> GRENADE 1 5 3 3 3
> GRENADE 2 5 3 3 3
> GRENADE 1 5 3 4 3
> GRENADE 2 5 3 4 3
> GRENADE 1 5 3 5 3
> GRENADE 2 5 3 5 3
> POWERUP BATTERY -5 5 3 6
> POWERUP BATTERY -5 9 11 6
< RES 1637330498 268 2
< GRENADE
< MOVE U U
> REQ 1637330498 269 2
> VAMPIRE 1 5 3 1 0 3 10
> VAMPIRE 2 3 3 1 0 3 0
> VAMPIRE 4 4 3 3 2 3 0
> GRENADE 1 5 3 2 3
> GRENADE 2 5 3 2 3
> GRENADE 1 5 3 3 3
> GRENADE 2 5 3 3 3
> GRENADE 1 5 3 4 3
> GRENADE 2 5 3 4 3
> GRENADE 1 5 3 5 3
> GRENADE 2 5 3 5 3
> POWERUP BATTERY -4 5 3 6
> POWERUP BATTERY -4 9 11 6
< RES 1637330498 269 2
< MOVE L L
> REQ 1637330498 270 2
> VAMPIRE 1 4 1 1 0 3 9
> VAMPIRE 2 3 1 1 0 3 0
> VAMPIRE 4 3 4 3 1 3 0
> GRENADE 1 5 3 1 3
> GRENADE 2 5 3 1 3
> GRENADE 1 5 3 2 3
> GRENADE 2 5 3 2 3
> GRENADE 1 5 3 3 3
> GRENADE 2 5 3 3 3
> GRENADE 1 5 3 4 3
> GRENADE 2 5 3 4 3
> GRENADE 4 4 3 5 3
> POWERUP BATTERY -3 5 3 6
> POWERUP BATTERY -3 9 11 6
< RES 1637330498 270 2
< MOVE R R
> REQ 1637330498 271 2
> VAMPIRE 1 5 2 1 4 3 8
> VAMPIRE 2 3 3 1 4 3 0
> VAMPIRE 4 3 3 3 2 3 0
> POWERUP BATTERY -2 5 3 6
> POWERUP BATTERY -2 9 11 6
< RES 1637330498 271 2
< MOVE D D
> REQ 1637330498 272 2
> VAMPIRE 1 5 3 1 4 3 7
> VAMPIRE 2 5 3 1 4 3 0
> VAMPIRE 4 5 3 3 2 3 0
> POWERUP BATTERY -1 5 3 6
> POWERUP BATTERY -1 9 11 6
< RES 1637330498 272 2
< GRENADE
> REQ 1637330498 273 2
> VAMPIRE 1 5 3 1 3 3 6
> VAMPIRE 2 5 3 1 3 3 0
> VAMPIRE 4 5 3 3 2 3 0
> GRENADE 1 5 3 5 3
> GRENADE 2 5 3 5 3
> POWERUP BATTERY 11 5 3 6
> POWERUP BATTERY 11 9 11 6
< RES 1637330498 273 2
< GRENADE
> REQ 1637330498 274 2
> VAMPIRE 1 5 3 1 2 3 5
> VAMPIRE 2 5 3 1 2 3 0
> VAMPIRE 4 5 3 3 2 3 0
> GRENADE 1 5 3 4 3
> GRENADE 2 5 3 4 3
> GRENADE 1 5 3 5 3
> GRENADE 2 5 3 5 3
> POWERUP BATTERY 10 5 3 6
> POWERUP BATTERY 10 9 11 6
< RES 1637330498 274 2
< GRENADE
> REQ 1637330498 275 2
> VAMPIRE 1 5 3 1 1 3 4
> VAMPIRE 2 5 3 1 1 3 0
> VAMPIRE 4 5 3 3 1 3 0
> GRENADE 1 5 3 3 3
> GRENADE 2 5 3 3 3
> GRENADE 1 5 3 4 3
> GRENADE 2 5 3 4 3
> GRENADE 1 5 3 5 3
> GRENADE 2 5 3 5 3
> GRENADE 4 5 3 5 3
> POWERUP BATTERY 9 5 3 6
> POWERUP BATTERY 9 9 11 6
< RES 1637330498 275 2
< GRENADE
< MOVE U U
> REQ 1637330498 276 2
> VAMPIRE 1 5 3 1 0 3 3
> VAMPIRE 2 3 3 1 0 3 0
> VAMPIRE 4 4 3 3 1 3 0
> GRENADE 1 5 3 2 3
> GRENADE 2 5 3 2 3
> GRENADE 1 5 3 3 3
> GRENADE 2 5 3 3 3
> GRENADE 1 5 3 4 3
> GRENADE 2 5 3 4 3
> GRENADE 4 5 3 4 3
> GRENADE 1 5 3 5 3
> GRENADE 2 5 3 5 3
> POWERUP BATTERY 8 5 3 6
> POWERUP BATTERY 8 9 11 6
< RES 1637330498 276 2
< MOVE L L
> REQ 1637330498 277 2
> VAMPIRE 1 4 1 1 0 3 2
> VAMPIRE 2 3 1 1 0 3 0
> VAMPIRE 4 3 4 3 0 3 0
> GRENADE 1 5 3 1 3
> GRENADE 2 5 3 1 3
> GRENADE 1 5 3 2 3
> GRENADE 2 5 3 2 3
> GRENADE 1 5 3 3 3
> GRENADE 2 5 3 3 3
> GRENADE 4 5 3 3 3
> GRENADE 1 5 3 4 3
> GRENADE 2 5 3 4 3
> GRENADE 4 4 3 5 3
> POWERUP BATTERY 7 5 3 6
> POWERUP BATTERY 7 9 11 6
< RES 1637330498 277 2
< MOVE R R
> REQ 1637330498 278 2
> VAMPIRE 1 3 3 1 4 3 1
> VAMPIRE 2 3 3 1 4 3 0
> VAMPIRE 4 3 3 3 2 3 0
> POWERUP BATTERY 6 5 3 6
> POWERUP BATTERY 6 9 11 6
< RES 1637330498 278 2
< GRENADE
< MOVE D D
> REQ 1637330498 279 2
> VAMPIRE 1 5 3 1 3 3 0
> VAMPIRE 2 5 3 1 3 3 0
> VAMPIRE 4 5 3 3 2 3 0
> GRENADE 1 3 3 5 3
> GRENADE 2 3 3 5 3
> POWERUP BATTERY 5 5 3 6
> POWERUP BATTERY 5 9 11 6
< RES 1637330498 279 2
< GRENADE
> REQ 1637330498 280 2
> VAMPIRE 1 5 3 1 2 3 0
> VAMPIRE 2 5 3 1 2 3 0
> VAMPIRE 4 5 3 3 2 3 0
> GRENADE 1 3 3 4 3
> GRENADE 2 3 3 4 3
> GRENADE 1 5 3 5 3
> GRENADE 2 5 3 5 3
> POWERUP BATTERY 4 5 3 6
> POWERUP BATTERY 4 9 11 6
< RES 1637330498 280 2
< GRENADE
> REQ 1637330498 281 2
> VAMPIRE 1 5 3 1 1 3 0
> VAMPIRE 2 5 3 1 1 3 0
> VAMPIRE 4 5 3 3 2 3 0
> GRENADE 1 3 3 3 3
> GRENADE 2 3 3 3 3
> GRENADE 1 5 3 4 3
> GRENADE 2 5 3 4 3
> GRENADE 1 5 3 5 3
> GRENADE 2 5 3 5 3
> POWERUP BATTERY 3 5 3 6
> POWERUP BATTERY 3 9 11 6
< RES 1637330498 281 2
< GRENADE
< MOVE D D
> REQ 1637330498 282 2
> VAMPIRE 1 7 3 1 0 3 0
> VAMPIRE 2 7 3 1 0 3 0
> VAMPIRE 4 6 3 3 2 3 0
> GRENADE 1 3 3 2 3
> GRENADE 2 3 3 2 3
> GRENADE 1 5 3 3 3
> GRENADE 2 5 3 3 3
> GRENADE 1 5 3 4 3
> GRENADE 2 5 3 4 3
> GRENADE 1 5 3 5 3
> GRENADE 2 5 3 5 3
> POWERUP BATTERY 2 5 3 6
> POWERUP BATTERY 2 9 11 6
< RES 1637330498 282 2
< MOVE R R
> REQ 1637330498 283 2
> VAMPIRE 1 7 5 1 0 3 0
> VAMPIRE 2 7 5 1 0 3 0
> VAMPIRE 4 7 4 3 1 3 0
> GRENADE 1 3 3 1 3
> GRENADE 2 3 3 1 3
> GRENADE 1 5 3 2 3
> GRENADE 2 5 3 2 3
> GRENADE 1 5 3 3 3
> GRENADE 2 5 3 3 3
> GRENADE 1 5 3 4 3
> GRENADE 2 5 3 4 3
> GRENADE 4 6 3 5 3
> POWERUP BATTERY 1 5 3 6
> POWERUP BATTERY 1 9 11 6
< RES 1637330498 283 2
> REQ 1637330498 284 2
> VAMPIRE 1 7 5 1 4 3 0
> VAMPIRE 2 7 5 1 4 3 0
> VAMPIRE 4 7 3 3 2 3 0
< RES 1637330498 284 2
< GRENADE
< MOVE R R
> REQ 1637330498 285 2
> VAMPIRE 1 7 7 1 3 3 0
> VAMPIRE 2 7 7 1 3 3 0
> VAMPIRE 4 7 3 3 2 3 0
> GRENADE 1 7 5 5 3
> GRENADE 2 7 5 5 3
< RES 1637330498 285 2
< GRENADE
> REQ 1637330498 286 2
> VAMPIRE 1 7 7 1 2 3 0
> VAMPIRE 2 7 7 1 2 3 0
> VAMPIRE 4 7 3 3 2 3 0
> GRENADE 1 7 5 4 3
> GRENADE 2 7 5 4 3
> GRENADE 1 7 7 5 3
> GRENADE 2 7 7 5 3
< RES 1637330498 286 2
< GRENADE
< MOVE U U
> REQ 1637330498 287 2
> VAMPIRE 1 5 7 1 1 3 0
> VAMPIRE 2 5 7 1 1 3 0
> VAMPIRE 4 5 3 3 2 3 0
> GRENADE 1 7 5 3 3
> GRENADE 2 7 5 3 3
> GRENADE 1 7 7 4 3
> GRENADE 2 7 7 4 3
> GRENADE 1 7 7 5 3
> GRENADE 2 7 7 5 3
< RES 1637330498 287 2
< GRENADE
> REQ 1637330498 288 2
> VAMPIRE 1 5 7 1 0 3 0
> VAMPIRE 2 5 7 1 0 3 0
> VAMPIRE 4 3 3 3 2 3 0
> GRENADE 1 7 5 2 3
> GRENADE 2 7 5 2 3
> GRENADE 1 7 7 3 3
> GRENADE 2 7 7 3 3
> GRENADE 1 7 7 4 3
> GRENADE 2 7 7 4 3
> GRENADE 1 5 7 5 3
> GRENADE 2 5 7 5 3
< RES 1637330498 288 2
< GRENADE
> REQ 1637330498 289 2
> VAMPIRE 1 5 7 1 0 3 0
> VAMPIRE 2 5 7 1 0 3 0
> VAMPIRE 4 3 5 3 2 3 0
> GRENADE 1 7 5 1 3
> GRENADE 2 7 5 1 3
> GRENADE 1 7 7 2 3
> GRENADE 2 7 7 2 3
> GRENADE 1 7 7 3 3
> GRENADE 2 7 7 3 3
> GRENADE 1 5 7 4 3
> GRENADE 2 5 7 4 3
< RES 1637330498 289 2
> END 960 Could_not_be_more_deaded
