> MESSAGE OK
> LEVEL 10
> GAMEID 1637330498
> TEST 1
> MAXTICK 800
> GRENADERADIUS 3
> SIZE 15
> REQ 1637330498 0 4
> VAMPIRE 1 1 1 3 1 3 0
> VAMPIRE 2 13 1 3 1 3 0
> VAMPIRE 3 13 13 3 1 3 0
> VAMPIRE 4 1 13 3 1 3 0
> BAT1 8 1 9 1 10 1 11 1 1 3 7 3 1 4 1 5 6 5 8 5 1 6 5 6 9 6 3 7 11 7 5 8 9 8 13 8 6 9 8 9 13 9 13 10 7 11 13 11 3 13 4 13 5 13 6 13
> BAT2 3 1 4 1 5 1 6 1 8 3 9 3 13 3 13 4 3 5 7 5 13 5 3 6 13 6 5 7 9 7 1 8 11 8 1 9 7 9 11 9 1 10 1 11 5 11 6 11 8 13 9 13 10 13 11 13
> BAT3 7 1 5 3 6 3 11 5 11 6 1 7 7 7 13 7 3 8 3 9 8 11 9 11 7 13
< RES 1637330498 0 4
> REQ 1637330498 1 4
> VAMPIRE 1 1 1 3 0 3 0
> VAMPIRE 2 13 1 3 0 3 0
> VAMPIRE 3 13 13 3 1 3 0
> VAMPIRE 4 1 13 3 1 3 0
> GRENADE 1 1 1 5 3
> GRENADE 2 13 1 5 3
> BAT1 8 1 9 1 10 1 11 1 1 3 7 3 1 4 1 5 6 5 8 5 1 6 5 6 9 6 3 7 11 7 5 8 9 8 13 8 6 9 8 9 13 9 13 10 7 11 13 11 3 13 4 13 5 13 6 13
> BAT2 3 1 4 1 5 1 6 1 8 3 9 3 13 3 13 4 3 5 7 5 13 5 3 6 13 6 5 7 9 7 1 8 11 8 1 9 7 9 11 9 1 10 1 11 5 11 6 11 8 13 9 13 10 13 11 13
> BAT3 7 1 5 3 6 3 11 5 11 6 1 7 7 7 13 7 3 8 3 9 8 11 9 11 7 13
< RES 1637330498 1 4
> REQ 1637330498 2 4
> VAMPIRE 1 1 1 3 0 3 0
> VAMPIRE 2 13 1 3 0 3 0
> VAMPIRE 3 13 13 3 1 3 0
> VAMPIRE 4 1 13 3 1 3 0
> GRENADE 1 1 1 4 3
> GRENADE 2 13 1 4 3
> BAT1 8 1 9 1 10 1 11 1 1 3 7 3 1 4 1 5 6 5 8 5 1 6 5 6 9 6 3 7 11 7 5 8 9 8 13 8 6 9 8 9 13 9 13 10 7 11 13 11 3 13 4 13 5 13 6 13
> BAT2 3 1 4 1 5 1 6 1 8 3 9 3 13 3 13 4 3 5 7 5 13 5 3 6 13 6 5 7 9 7 1 8 11 8 1 9 7 9 11 9 1 10 1 11 5 11 6 11 8 13 9 13 10 13 11 13
> BAT3 7 1 5 3 6 3 11 5 11 6 1 7 7 7 13 7 3 8 3 9 8 11 9 11 7 13
< RES 1637330498 2 4
> REQ 1637330498 3 4
> VAMPIRE 1 1 1 3 0 3 0
> VAMPIRE 2 13 1 3 0 3 0
> VAMPIRE 3 13 13 3 1 3 0
> VAMPIRE 4 1 13 3 1 3 0
> GRENADE 1 1 1 3 3
> GRENADE 2 13 1 3 3
> BAT1 8 1 9 1 10 1 11 1 1 3 7 3 1 4 1 5 6 5 8 5 1 6 5 6 9 6 3 7 11 7 5 8 9 8 13 8 6 9 8 9 13 9 13 10 7 11 13 11 3 13 4 13 5 13 6 13
> BAT2 3 1 4 1 5 1 6 1 8 3 9 3 13 3 13 4 3 5 7 5 13 5 3 6 13 6 5 7 9 7 1 8 11 8 1 9 7 9 11 9 1 10 1 11 5 11 6 11 8 13 9 13 10 13 11 13
> BAT3 7 1 5 3 6 3 11 5 11 6 1 7 7 7 13 7 3 8 3 9 8 11 9 11 7 13
< RES 1637330498 3 4
> REQ 1637330498 4 4
> VAMPIRE 1 2 1 3 0 3 0
> VAMPIRE 2 13 2 3 0 3 0
> VAMPIRE 3 13 13 3 1 3 0
> VAMPIRE 4 1 13 3 1 3 0
> GRENADE 1 1 2 2 3
> GRENADE 2 12 1 2 3
> BAT1 8 1 9 1 10 1 11 1 1 3 7 3 1 4 1 5 6 5 8 5 1 6 5 6 9 6 3 7 11 7 5 8 9 8 13 8 6 9 8 9 13 9 13 10 7 11 13 11 3 13 4 13 5 13 6 13
> BAT2 3 1 4 1 5 1 6 1 8 3 9 3 13 3 13 4 3 5 7 5 13 5 3 6 13 6 5 7 9 7 1 8 11 8 1 9 7 9 11 9 1 10 1 11 5 11 6 11 8 13 9 13 10 13 11 13
> BAT3 7 1 5 3 6 3 11 5 11 6 1 7 7 7 13 7 3 8 3 9 8 11 9 11 7 13
< RES 1637330498 4 4
> REQ 1637330498 5 4
> VAMPIRE 1 2 1 3 0 3 0
> VAMPIRE 2 13 2 3 0 3 0
> VAMPIRE 3 13 13 3 1 3 0
> VAMPIRE 4 1 13 3 1 3 0
> GRENADE 1 1 2 1 3
> GRENADE 2 12 1 1 3
> BAT1 8 1 9 1 10 1 11 1 1 3 7 3 1 4 1 5 6 5 8 5 1 6 5 6 9 6 3 7 11 7 5 8 9 8 13 8 6 9 8 9 13 9 13 10 7 11 13 11 3 13 4 13 5 13 6 13
> BAT2 3 1 4 1 5 1 6 1 8 3 9 3 13 3 13 4 3 5 7 5 13 5 3 6 13 6 5 7 9 7 1 8 11 8 1 9 7 9 11 9 1 10 1 11 5 11 6 11 8 13 9 13 10 13 11 13
> BAT3 7 1 5 3 6 3 11 5 11 6 1 7 7 7 13 7 3 8 3 9 8 11 9 11 7 13
< RES 1637330498 5 4
> REQ 1637330498 6 4
> VAMPIRE 1 1 1 3 1 3 0
> VAMPIRE 2 13 1 3 1 3 0
> VAMPIRE 3 13 13 3 1 3 0
> VAMPIRE 4 1 13 3 1 3 0
> BAT1 8 1 9 1 10 1 7 3 1 4 1 5 6 5 8 5 1 6 5 6 9 6 3 7 11 7 5 8 9 8 13 8 6 9 8 9 13 9 13 10 7 11 13 11 3 13 4 13 5 13 6 13
> BAT2 3 1 4 1 5 1 6 1 8 3 9 3 13 3 13 4 3 5 7 5 13 5 3 6 13 6 5 7 9 7 1 8 11 8 1 9 7 9 11 9 1 10 1 11 5 11 6 11 8 13 9 13 10 13 11 13
> BAT3 7 1 5 3 6 3 11 5 11 6 1 7 7 7 13 7 3 8 3 9 8 11 9 11 7 13
< RES 1637330498 6 4
> REQ 1637330498 7 4
> VAMPIRE 1 1 3 3 1 3 0
> VAMPIRE 2 11 1 3 1 3 0
> VAMPIRE 3 13 13 3 1 3 0
> VAMPIRE 4 1 13 3 1 3 0
> BAT1 8 1 9 1 10 1 7 3 1 4 1 5 6 5 8 5 1 6 5 6 9 6 3 7 11 7 5 8 9 8 13 8 6 9 8 9 13 9 13 10 7 11 13 11 3 13 4 13 5 13 6 13
> BAT2 3 1 4 1 5 1 6 1 8 3 9 3 13 3 13 4 3 5 7 5 13 5 3 6 13 6 5 7 9 7 1 8 11 8 1 9 7 9 11 9 1 10 1 11 5 11 6 11 8 13 9 13 10 13 11 13
> BAT3 7 1 5 3 6 3 11 5 11 6 1 7 7 7 13 7 3 8 3 9 8 11 9 11 7 13
< RES 1637330498 7 4
> REQ 1637330498 8 4
> VAMPIRE 1 3 3 3 1 3 0
> VAMPIRE 2 11 3 3 1 3 0
> VAMPIRE 3 13 13 3 1 3 0
> VAMPIRE 4 1 13 3 1 3 0
> BAT1 8 1 9 1 10 1 7 3 1 4 1 5 6 5 8 5 1 6 5 6 9 6 3 7 11 7 5 8 9 8 13 8 6 9 8 9 13 9 13 10 7 11 13 11 3 13 4 13 5 13 6 13
> BAT2 3 1 4 1 5 1 6 1 8 3 9 3 13 3 13 4 3 5 7 5 13 5 3 6 13 6 5 7 9 7 1 8 11 8 1 9 7 9 11 9 1 10 1 11 5 11 6 11 8 13 9 13 10 13 11 13
> BAT3 7 1 5 3 6 3 11 5 11 6 1 7 7 7 13 7 3 8 3 9 8 11 9 11 7 13
< RES 1637330498 8 4
> REQ 1637330498 9 4
> VAMPIRE 1 1 3 3 0 3 0
> VAMPIRE 2 11 1 3 0 3 0
> VAMPIRE 3 13 13 3 1 3 0
> VAMPIRE 4 1 13 3 1 3 0
> GRENADE 1 3 3 5 3
> GRENADE 2 11 3 5 3
> BAT1 8 1 9 1 10 1 7 3 1 4 1 5 6 5 8 5 1 6 5 6 9 6 3 7 11 7 5 8 9 8 13 8 6 9 8 9 13 9 13 10 7 11 13 11 3 13 4 13 5 13 6 13
> BAT2 3 1 4 1 5 1 6 1 8 3 9 3 13 3 13 4 3 5 7 5 13 5 3 6 13 6 5 7 9 7 1 8 11 8 1 9 7 9 11 9 1 10 1 11 5 11 6 11 8 13 9 13 10 13 11 13
> BAT3 7 1 5 3 6 3 11 5 11 6 1 7 7 7 13 7 3 8 3 9 8 11 9 11 7 13
< RES 1637330498 9 4
> REQ 1637330498 10 4
> VAMPIRE 1 1 2 3 0 3 0
> VAMPIRE 2 12 1 3 0 3 0
> VAMPIRE 3 13 13 3 1 3 0
> VAMPIRE 4 1 13 3 1 3 0
> GRENADE 1 3 3 4 3
> GRENADE 2 11 3 4 3
> BAT1 8 1 9 1 10 1 7 3 1 4 1 5 6 5 8 5 1 6 5 6 9 6 3 7 11 7 5 8 9 8 13 8 6 9 8 9 13 9 13 10 7 11 13 11 3 13 4 13 5 13 6 13
> BAT2 3 1 4 1 5 1 6 1 8 3 9 3 13 3 13 4 3 5 7 5 13 5 3 6 13 6 5 7 9 7 1 8 11 8 1 9 7 9 11 9 1 10 1 11 5 11 6 11 8 13 9 13 10 13 11 13
> BAT3 7 1 5 3 6 3 11 5 11 6 1 7 7 7 13 7 3 8 3 9 8 11 9 11 7 13
< RES 1637330498 10 4
> REQ 1637330498 11 4
> VAMPIRE 1 1 2 3 0 3 0
> VAMPIRE 2 12 1 3 0 3 0
> VAMPIRE 3 13 13 3 1 3 0
> VAMPIRE 4 1 13 3 1 3 0
> GRENADE 1 3 3 3 3
> GRENADE 2 11 3 3 3
> BAT1 8 1 9 1 10 1 7 3 1 4 1 5 6 5 8 5 1 6 5 6 9 6 3 7 11 7 5 8 9 8 13 8 6 9 8 9 13 9 13 10 7 11 13 11 3 13 4 13 5 13 6 13
> BAT2 3 1 4 1 5 1 6 1 8 3 9 3 13 3 13 4 3 5 7 5 13 5 3 6 13 6 5 7 9 7 1 8 11 8 1 9 7 9 11 9 1 10 1 11 5 11 6 11 8 13 9 13 10 13 11 13
> BAT3 7 1 5 3 6 3 11 5 11 6 1 7 7 7 13 7 3 8 3 9 8 11 9 11 7 13
< RES 1637330498 11 4
> REQ 1637330498 12 4
> VAMPIRE 1 1 2 3 0 3 0
> VAMPIRE 2 12 1 3 0 3 0
> VAMPIRE 3 13 13 3 1 3 0
> VAMPIRE 4 1 13 3 1 3 0
> GRENADE 1 3 3 2 3
> GRENADE 2 11 3 2 3
> BAT1 8 1 9 1 10 1 7 3 1 4 1 5 6 5 8 5 1 6 5 6 9 6 3 7 11 7 5 8 9 8 13 8 6 9 8 9 13 9 13 10 7 11 13 11 3 13 4 13 5 13 6 13
> BAT2 3 1 4 1 5 1 6 1 8 3 9 3 13 3 13 4 3 5 7 5 13 5 3 6 13 6 5 7 9 7 1 8 11 8 1 9 7 9 11 9 1 10 1 11 5 11 6 11 8 13 9 13 10 13 11 13
> BAT3 7 1 5 3 6 3 11 5 11 6 1 7 7 7 13 7 3 8 3 9 8 11 9 11 7 13
< RES 1637330498 12 4
> REQ 1637330498 13 4
> VAMPIRE 1 1 2 3 0 3 0
> VAMPIRE 2 12 1 3 0 3 0
> VAMPIRE 3 13 13 3 1 3 0
> VAMPIRE 4 1 13 3 1 3 0
> GRENADE 1 3 3 1 3
> GRENADE 2 11 3 1 3
> BAT1 8 1 9 1 10 1 7 3 1 4 1 5 6 5 8 5 1 6 5 6 9 6 3 7 11 7 5 8 9 8 13 8 6 9 8 9 13 9 13 10 7 11 13 11 3 13 4 13 5 13 6 13
> BAT2 3 1 4 1 5 1 6 1 8 3 9 3 13 3 13 4 3 5 7 5 13 5 3 6 13 6 5 7 9 7 1 8 11 8 1 9 7 9 11 9 1 10 1 11 5 11 6 11 8 13 9 13 10 13 11 13
> BAT3 7 1 5 3 6 3 11 5 11 6 1 7 7 7 13 7 3 8 3 9 8 11 9 11 7 13
< RES 1637330498 13 4
> REQ 1637330498 14 4
> VAMPIRE 1 2 3 3 1 3 0
> VAMPIRE 2 11 2 3 1 3 0
> VAMPIRE 3 13 13 3 1 3 0
> VAMPIRE 4 1 13 3 1 3 0
> BAT1 8 1 9 1 10 1 7 3 1 4 1 5 6 5 8 5 1 6 5 6 9 6 3 7 11 7 5 8 9 8 13 8 6 9 8 9 13 9 13 10 7 11 13 11 3 13 4 13 5 13 6 13 3 1 9 3 13 3 3 5
> BAT2 4 1 5 1 6 1 8 3 13 4 7 5 13 5 3 6 13 6 5 7 9 7 1 8 11 8 1 9 7 9 11 9 1 10 1 11 5 11 6 11 8 13 9 13 10 13 11 13 5 3 11 5
> BAT3 7 1 6 3 11 6 1 7 7 7 13 7 3 8 3 9 8 11 9 11 7 13
< RES 1637330498 14 4
> REQ 1637330498 15 4
> VAMPIRE 1 3 3 3 1 3 0
> VAMPIRE 2 10 3 3 1 3 0
> VAMPIRE 3 13 13 3 1 3 0
> VAMPIRE 4 1 13 3 1 3 0
> BAT1 8 1 9 1 10 1 7 3 1 4 1 5 6 5 8 5 1 6 5 6 9 6 3 7 11 7 5 8 9 8 13 8 6 9 8 9 13 9 13 10 7 11 13 11 3 13 4 13 5 13 6 13 3 1 9 3 13 3 3 5
> BAT2 4 1 5 1 6 1 8 3 13 4 7 5 13 5 3 6 13 6 5 7 9 7 1 8 11 8 1 9 7 9 11 9 1 10 1 11 5 11 6 11 8 13 9 13 10 13 11 13 5 3 11 5
> BAT3 7 1 6 3 11 6 1 7 7 7 13 7 3 8 3 9 8 11 9 11 7 13
< RES 1637330498 15 4
> REQ 1637330498 16 4
> VAMPIRE 1 1 3 3 0 3 0
> VAMPIRE 2 11 2 3 0 3 0
> VAMPIRE 3 13 13 3 1 3 0
> VAMPIRE 4 1 13 3 1 3 0
> GRENADE 1 3 3 5 3
> GRENADE 2 10 3 5 3
> BAT1 8 1 9 1 10 1 7 3 1 4 1 5 6 5 8 5 1 6 5 6 9 6 3 7 11 7 5 8 9 8 13 8 6 9 8 9 13 9 13 10 7 11 13 11 3 13 4 13 5 13 6 13 3 1 9 3 13 3 3 5
> BAT2 4 1 5 1 6 1 8 3 13 4 7 5 13 5 3 6 13 6 5 7 9 7 1 8 11 8 1 9 7 9 11 9 1 10 1 11 5 11 6 11 8 13 9 13 10 13 11 13 5 3 11 5
> BAT3 7 1 6 3 11 6 1 7 7 7 13 7 3 8 3 9 8 11 9 11 7 13
< RES 1637330498 16 4
> REQ 1637330498 17 4
> VAMPIRE 1 1 2 3 0 3 0
> VAMPIRE 2 11 1 3 0 3 0
> VAMPIRE 3 13 13 3 1 3 0
> VAMPIRE 4 1 13 3 1 3 0
> GRENADE 1 3 3 4 3
> GRENADE 2 10 3 4 3
> BAT1 8 1 9 1 10 1 7 3 1 4 1 5 6 5 8 5 1 6 5 6 9 6 3 7 11 7 5 8 9 8 13 8 6 9 8 9 13 9 13 10 7 11 13 11 3 13 4 13 5 13 6 13 3 1 9 3 13 3 3 5
> BAT2 4 1 5 1 6 1 8 3 13 4 7 5 13 5 3 6 13 6 5 7 9 7 1 8 11 8 1 9 7 9 11 9 1 10 1 11 5 11 6 11 8 13 9 13 10 13 11 13 5 3 11 5
> BAT3 7 1 6 3 11 6 1 7 7 7 13 7 3 8 3 9 8 11 9 11 7 13
< RES 1637330498 17 4
> REQ 1637330498 18 4
> VAMPIRE 1 1 2 3 0 3 0
> VAMPIRE 2 11 1 3 0 3 0
> VAMPIRE 3 13 13 3 1 3 0
> VAMPIRE 4 1 13 3 1 3 0
> GRENADE 1 3 3 3 3
> GRENADE 2 10 3 3 3
> BAT1 8 1 9 1 10 1 7 3 1 4 1 5 6 5 8 5 1 6 5 6 9 6 3 7 11 7 5 8 9 8 13 8 6 9 8 9 13 9 13 10 7 11 13 11 3 13 4 13 5 13 6 13 3 1 9 3 13 3 3 5
> BAT2 4 1 5 1 6 1 8 3 13 4 7 5 13 5 3 6 13 6 5 7 9 7 1 8 11 8 1 9 7 9 11 9 1 10 1 11 5 11 6 11 8 13 9 13 10 13 11 13 5 3 11 5
> BAT3 7 1 6 3 11 6 1 7 7 7 13 7 3 8 3 9 8 11 9 11 7 13
< RES 1637330498 18 4
> REQ 1637330498 19 4
> VAMPIRE 1 1 2 3 0 3 0
> VAMPIRE 2 11 1 3 0 3 0
> VAMPIRE 3 13 13 3 1 3 0
> VAMPIRE 4 1 13 3 1 3 0
> GRENADE 1 3 3 2 3
> GRENADE 2 10 3 2 3
> BAT1 8 1 9 1 10 1 7 3 1 4 1 5 6 5 8 5 1 6 5 6 9 6 3 7 11 7 5 8 9 8 13 8 6 9 8 9 13 9 13 10 7 11 13 11 3 13 4 13 5 13 6 13 3 1 9 3 13 3 3 5
> BAT2 4 1 5 1 6 1 8 3 13 4 7 5 13 5 3 6 13 6 5 7 9 7 1 8 11 8 1 9 7 9 11 9 1 10 1 11 5 11 6 11 8 13 9 13 10 13 11 13 5 3 11 5
> BAT3 7 1 6 3 11 6 1 7 7 7 13 7 3 8 3 9 8 11 9 11 7 13
< RES 1637330498 19 4
> REQ 1637330498 20 4
> VAMPIRE 1 1 2 3 0 3 0
> VAMPIRE 2 11 1 3 0 3 0
> VAMPIRE 3 13 13 3 1 3 0
> VAMPIRE 4 1 13 3 1 3 0
> GRENADE 1 3 3 1 3
> GRENADE 2 10 3 1 3
> BAT1 8 1 9 1 10 1 7 3 1 4 1 5 6 5 8 5 1 6 5 6 9 6 3 7 11 7 5 8 9 8 13 8 6 9 8 9 13 9 13 10 7 11 13 11 3 13 4 13 5 13 6 13 3 1 9 3 13 3 3 5
> BAT2 4 1 5 1 6 1 8 3 13 4 7 5 13 5 3 6 13 6 5 7 9 7 1 8 11 8 1 9 7 9 11 9 1 10 1 11 5 11 6 11 8 13 9 13 10 13 11 13 5 3 11 5
> BAT3 7 1 6 3 11 6 1 7 7 7 13 7 3 8 3 9 8 11 9 11 7 13
< RES 1637330498 20 4
> REQ 1637330498 21 4
> VAMPIRE 1 1 3 3 1 3 0
> VAMPIRE 2 11 3 3 1 3 0
> VAMPIRE 3 13 13 3 1 3 0
> VAMPIRE 4 1 13 3 1 3 0
> BAT1 8 1 9 1 10 1 7 3 1 4 1 5 6 5 8 5 1 6 5 6 9 6 3 7 11 7 5 8 9 8 13 8 6 9 8 9 13 9 13 10 7 11 13 11 3 13 4 13 5 13 6 13 5 3
> BAT2 4 1 5 1 6 1 8 3 13 4 7 5 13 5 3 6 13 6 5 7 9 7 1 8 11 8 1 9 7 9 11 9 1 10 1 11 5 11 6 11 8 13 9 13 10 13 11 13 11 5
> BAT3 7 1 6 3 11 6 1 7 7 7 13 7 3 8 3 9 8 11 9 11 7 13
< RES 1637330498 21 4
> REQ 1637330498 22 4
> VAMPIRE 1 3 3 3 1 3 0
> VAMPIRE 2 11 3 3 0 3 0
> VAMPIRE 3 13 13 3 1 3 0
> VAMPIRE 4 1 13 3 1 3 0
> GRENADE 2 11 3 5 3
> BAT1 8 1 9 1 10 1 7 3 1 4 1 5 6 5 8 5 1 6 5 6 9 6 3 7 11 7 5 8 9 8 13 8 6 9 8 9 13 9 13 10 7 11 13 11 3 13 4 13 5 13 6 13 5 3
> BAT2 4 1 5 1 6 1 8 3 13 4 7 5 13 5 3 6 13 6 5 7 9 7 1 8 11 8 1 9 7 9 11 9 1 10 1 11 5 11 6 11 8 13 9 13 10 13 11 13 11 5
> BAT3 7 1 6 3 11 6 1 7 7 7 13 7 3 8 3 9 8 11 9 11 7 13
< RES 1637330498 22 4
> REQ 1637330498 23 4
> VAMPIRE 1 3 3 3 0 3 0
> VAMPIRE 2 11 1 3 0 3 0
> VAMPIRE 3 13 13 3 1 3 0
> VAMPIRE 4 1 13 3 1 3 0
> GRENADE 2 9 3 4 3
> GRENADE 1 3 3 5 3
> BAT1 8 1 9 1 10 1 7 3 1 4 1 5 6 5 8 5 1 6 5 6 9 6 3 7 11 7 5 8 9 8 13 8 6 9 8 9 13 9 13 10 7 11 13 11 3 13 4 13 5 13 6 13 5 3
> BAT2 4 1 5 1 6 1 8 3 13 4 7 5 13 5 3 6 13 6 5 7 9 7 1 8 11 8 1 9 7 9 11 9 1 10 1 11 5 11 6 11 8 13 9 13 10 13 11 13 11 5
> BAT3 7 1 6 3 11 6 1 7 7 7 13 7 3 8 3 9 8 11 9 11 7 13
< RES 1637330498 23 4
> REQ 1637330498 24 4
> VAMPIRE 1 1 3 3 0 3 0
> VAMPIRE 2 11 1 3 0 3 0
> VAMPIRE 3 13 13 3 1 3 0
> VAMPIRE 4 1 13 3 1 3 0
> GRENADE 2 9 3 3 3
> GRENADE 1 3 5 4 3
> BAT1 8 1 9 1 10 1 7 3 1 4 1 5 6 5 8 5 1 6 5 6 9 6 3 7 11 7 5 8 9 8 13 8 6 9 8 9 13 9 13 10 7 11 13 11 3 13 4 13 5 13 6 13 5 3
> BAT2 4 1 5 1 6 1 8 3 13 4 7 5 13 5 3 6 13 6 5 7 9 7 1 8 11 8 1 9 7 9 11 9 1 10 1 11 5 11 6 11 8 13 9 13 10 13 11 13 11 5
> BAT3 7 1 6 3 11 6 1 7 7 7 13 7 3 8 3 9 8 11 9 11 7 13
< RES 1637330498 24 4
> REQ 1637330498 25 4
> VAMPIRE 1 1 3 3 0 3 0
> VAMPIRE 2 11 1 3 0 3 0
> VAMPIRE 3 13 13 3 1 3 0
> VAMPIRE 4 1 13 3 1 3 0
> GRENADE 2 9 3 2 3
> GRENADE 1 3 5 3 3
> BAT1 8 1 9 1 10 1 7 3 1 4 1 5 6 5 8 5 1 6 5 6 9 6 3 7 11 7 5 8 9 8 13 8 6 9 8 9 13 9 13 10 7 11 13 11 3 13 4 13 5 13 6 13 5 3
> BAT2 4 1 5 1 6 1 8 3 13 4 7 5 13 5 3 6 13 6 5 7 9 7 1 8 11 8 1 9 7 9 11 9 1 10 1 11 5 11 6 11 8 13 9 13 10 13 11 13 11 5
> BAT3 7 1 6 3 11 6 1 7 7 7 13 7 3 8 3 9 8 11 9 11 7 13
< RES 1637330498 25 4
> REQ 1637330498 26 4
> VAMPIRE 1 1 3 3 0 3 0
> VAMPIRE 2 11 1 3 0 3 0
> VAMPIRE 3 13 13 3 1 3 0
> VAMPIRE 4 1 13 3 1 3 0
> GRENADE 2 9 3 1 3
> GRENADE 1 3 5 2 3
> BAT1 8 1 9 1 10 1 7 3 1 4 1 5 6 5 8 5 1 6 5 6 9 6 3 7 11 7 5 8 9 8 13 8 6 9 8 9 13 9 13 10 7 11 13 11 3 13 4 13 5 13 6 13 5 3
> BAT2 4 1 5 1 6 1 8 3 13 4 7 5 13 5 3 6 13 6 5 7 9 7 1 8 11 8 1 9 7 9 11 9 1 10 1 11 5 11 6 11 8 13 9 13 10 13 11 13 11 5
> BAT3 7 1 6 3 11 6 1 7 7 7 13 7 3 8 3 9 8 11 9 11 7 13
< RES 1637330498 26 4
> REQ 1637330498 27 4
> VAMPIRE 1 1 3 3 0 3 0
> VAMPIRE 2 11 3 3 1 3 0
> VAMPIRE 3 13 13 3 1 3 0
> VAMPIRE 4 1 13 3 1 3 0
> GRENADE 1 3 5 1 3
> BAT1 8 1 10 1 7 3 1 4 1 5 6 5 8 5 1 6 5 6 3 7 11 7 5 8 9 8 13 8 6 9 8 9 13 9 13 10 7 11 13 11 3 13 4 13 5 13 6 13 8 3 5 3
> BAT2 4 1 5 1 6 1 13 4 7 5 13 5 3 6 13 6 5 7 9 7 1 8 11 8 1 9 7 9 11 9 1 10 1 11 5 11 6 11 8 13 9 13 10 13 11 13 11 5
> BAT3 7 1 6 3 11 6 1 7 7 7 13 7 3 8 3 9 8 11 9 11 7 13
< RES 1637330498 27 4
> REQ 1637330498 28 4
> VAMPIRE 1 1 1 3 1 3 0
> VAMPIRE 2 9 3 3 0 3 0
> VAMPIRE 3 13 13 3 1 3 0
> VAMPIRE 4 1 13 3 1 3 0
> GRENADE 2 11 3 5 3
> BAT1 8 1 10 1 7 3 1 4 8 5 1 6 5 6 3 7 11 7 5 8 9 8 13 8 6 9 8 9 13 9 13 10 7 11 13 11 3 13 4 13 5 13 6 13 8 3 3 6 5 3
> BAT2 4 1 5 1 6 1 13 4 7 5 13 5 13 6 5 7 9 7 1 8 11 8 1 9 7 9 11 9 1 10 1 11 5 11 6 11 8 13 9 13 10 13 11 13 11 5
> BAT3 7 1 6 3 11 6 1 7 7 7 13 7 3 8 3 9 8 11 9 11 7 13
< RES 1637330498 28 4
> REQ 1637330498 29 4
> VAMPIRE 1 3 1 3 0 3 0
> VAMPIRE 2 9 5 3 0 3 0
> VAMPIRE 3 13 13 3 1 3 0
> VAMPIRE 4 1 13 3 1 3 0
> GRENADE 2 11 3 4 3
> GRENADE 1 1 1 5 3
> BAT1 8 1 10 1 7 3 1 4 8 5 1 6 5 6 3 7 11 7 5 8 9 8 13 8 6 9 8 9 13 9 13 10 7 11 13 11 3 13 4 13 5 13 6 13 8 3 3 6 5 3
> BAT2 4 1 5 1 6 1 13 4 7 5 13 5 13 6 5 7 9 7 1 8 11 8 1 9 7 9 11 9 1 10 1 11 5 11 6 11 8 13 9 13 10 13 11 13 11 5
> BAT3 7 1 6 3 11 6 1 7 7 7 13 7 3 8 3 9 8 11 9 11 7 13
< RES 1637330498 29 4
> REQ 1637330498 30 4
> VAMPIRE 1 3 3 3 0 3 0
> VAMPIRE 2 9 5 3 0 3 0
> VAMPIRE 3 13 13 3 1 3 0
> VAMPIRE 4 1 13 3 1 3 0
> GRENADE 2 11 3 3 3
> GRENADE 1 1 1 4 3
> BAT1 8 1 10 1 7 3 1 4 8 5 1 6 5 6 3 7 11 7 5 8 9 8 13 8 6 9 8 9 13 9 13 10 7 11 13 11 3 13 4 13 5 13 6 13 8 3 3 6 5 3
> BAT2 4 1 5 1 6 1 13 4 7 5 13 5 13 6 5 7 9 7 1 8 11 8 1 9 7 9 11 9 1 10 1 11 5 11 6 11 8 13 9 13 10 13 11 13 11 5
> BAT3 7 1 6 3 11 6 1 7 7 7 13 7 3 8 3 9 8 11 9 11 7 13
< RES 1637330498 30 4
> REQ 1637330498 31 4
> VAMPIRE 1 3 3 3 0 3 0
> VAMPIRE 2 9 5 3 0 3 0
> VAMPIRE 3 13 13 3 1 3 0
> VAMPIRE 4 1 13 3 1 3 0
> GRENADE 2 11 3 2 3
> GRENADE 1 1 1 3 3
> BAT1 8 1 10 1 7 3 1 4 8 5 1 6 5 6 3 7 11 7 5 8 9 8 13 8 6 9 8 9 13 9 13 10 7 11 13 11 3 13 4 13 5 13 6 13 8 3 3 6 5 3
> BAT2 4 1 5 1 6 1 13 4 7 5 13 5 13 6 5 7 9 7 1 8 11 8 1 9 7 9 11 9 1 10 1 11 5 11 6 11 8 13 9 13 10 13 11 13 11 5
> BAT3 7 1 6 3 11 6 1 7 7 7 13 7 3 8 3 9 8 11 9 11 7 13
< RES 1637330498 31 4
> REQ 1637330498 32 4
> VAMPIRE 1 3 3 3 0 3 0
> VAMPIRE 2 9 5 3 0 3 0
> VAMPIRE 3 13 13 3 1 3 0
> VAMPIRE 4 1 13 3 1 3 0
> GRENADE 2 11 3 1 3
> GRENADE 1 1 1 2 3
> BAT1 8 1 10 1 7 3 1 4 8 5 1 6 5 6 3 7 11 7 5 8 9 8 13 8 6 9 8 9 13 9 13 10 7 11 13 11 3 13 4 13 5 13 6 13 8 3 3 6 5 3
> BAT2 4 1 5 1 6 1 13 4 7 5 13 5 13 6 5 7 9 7 1 8 11 8 1 9 7 9 11 9 1 10 1 11 5 11 6 11 8 13 9 13 10 13 11 13 11 5
> BAT3 7 1 6 3 11 6 1 7 7 7 13 7 3 8 3 9 8 11 9 11 7 13
< RES 1637330498 32 4
> REQ 1637330498 33 4
> VAMPIRE 1 3 5 3 0 3 0
> VAMPIRE 2 9 5 3 1 3 0
> VAMPIRE 3 13 13 3 1 3 0
> VAMPIRE 4 1 13 3 1 3 0
> GRENADE 1 1 1 1 3
> BAT1 8 1 10 1 7 3 1 4 8 5 1 6 5 6 3 7 11 7 5 8 9 8 13 8 6 9 8 9 13 9 13 10 7 11 13 11 3 13 4 13 5 13 6 13 3 6 5 3 11 5
> BAT2 4 1 5 1 6 1 13 4 7 5 13 5 13 6 5 7 9 7 1 8 11 8 1 9 7 9 11 9 1 10 1 11 5 11 6 11 8 13 9 13 10 13 11 13
> BAT3 7 1 6 3 11 6 1 7 7 7 13 7 3 8 3 9 8 11 9 11 7 13
< RES 1637330498 33 4
> REQ 1637330498 34 4
> VAMPIRE 1 5 5 3 1 3 0
> VAMPIRE 2 9 5 3 0 3 0
> VAMPIRE 3 13 13 3 1 3 0
> VAMPIRE 4 1 13 3 1 3 0
> GRENADE 2 9 5 5 3
> BAT1 8 1 10 1 7 3 8 5 1 6 5 6 3 7 11 7 5 8 9 8 13 8 6 9 8 9 13 9 13 10 7 11 13 11 3 13 4 13 5 13 6 13 4 1 3 6 5 3 11 5
> BAT2 5 1 6 1 13 4 7 5 13 5 13 6 5 7 9 7 1 8 11 8 1 9 7 9 11 9 1 10 1 11 5 11 6 11 8 13 9 13 10 13 11 13
> BAT3 7 1 6 3 11 6 1 7 7 7 13 7 3 8 3 9 8 11 9 11 7 13
< RES 1637330498 34 4
> REQ 1637330498 35 4
> VAMPIRE 1 3 5 3 0 3 0
> VAMPIRE 2 9 5 3 0 3 0
> VAMPIRE 3 13 13 3 1 3 0
> VAMPIRE 4 1 13 3 1 3 0
> GRENADE 2 9 9 4 3
> GRENADE 1 5 5 5 3
> BAT1 8 1 10 1 7 3 8 5 1 6 5 6 3 7 11 7 5 8 9 8 13 8 6 9 8 9 13 9 13 10 7 11 13 11 3 13 4 13 5 13 6 13 4 1 3 6 5 3 11 5
> BAT2 5 1 6 1 13 4 7 5 13 5 13 6 5 7 9 7 1 8 11 8 1 9 7 9 11 9 1 10 1 11 5 11 6 11 8 13 9 13 10 13 11 13
> BAT3 7 1 6 3 11 6 1 7 7 7 13 7 3 8 3 9 8 11 9 11 7 13
< RES 1637330498 35 4
> REQ 1637330498 36 4
> VAMPIRE 1 3 3 3 0 3 0
> VAMPIRE 2 9 3 3 0 3 0
> VAMPIRE 3 13 13 3 1 3 0
> VAMPIRE 4 1 13 3 1 3 0
> GRENADE 2 9 9 3 3
> GRENADE 1 5 5 4 3
> BAT1 8 1 10 1 7 3 8 5 1 6 5 6 3 7 11 7 5 8 9 8 13 8 6 9 8 9 13 9 13 10 7 11 13 11 3 13 4 13 5 13 6 13 4 1 3 6 5 3 11 5
> BAT2 5 1 6 1 13 4 7 5 13 5 13 6 5 7 9 7 1 8 11 8 1 9 7 9 11 9 1 10 1 11 5 11 6 11 8 13 9 13 10 13 11 13
> BAT3 7 1 6 3 11 6 1 7 7 7 13 7 3 8 3 9 8 11 9 11 7 13
< RES 1637330498 36 4
> REQ 1637330498 37 4
> VAMPIRE 1 3 3 3 0 3 0
> VAMPIRE 2 9 3 3 0 3 0
> VAMPIRE 3 13 13 3 1 3 0
> VAMPIRE 4 1 13 3 1 3 0
> GRENADE 2 9 9 2 3
> GRENADE 1 5 5 3 3
> BAT1 8 1 10 1 7 3 8 5 1 6 5 6 3 7 11 7 5 8 9 8 13 8 6 9 8 9 13 9 13 10 7 11 13 11 3 13 4 13 5 13 6 13 4 1 3 6 5 3 11 5
> BAT2 5 1 6 1 13 4 7 5 13 5 13 6 5 7 9 7 1 8 11 8 1 9 7 9 11 9 1 10 1 11 5 11 6 11 8 13 9 13 10 13 11 13
> BAT3 7 1 6 3 11 6 1 7 7 7 13 7 3 8 3 9 8 11 9 11 7 13
< RES 1637330498 37 4
> REQ 1637330498 38 4
> VAMPIRE 1 3 3 3 0 3 0
> VAMPIRE 2 9 5 3 0 3 0
> VAMPIRE 3 13 13 3 1 3 0
> VAMPIRE 4 1 13 3 1 3 0
> GRENADE 2 9 9 1 3
> GRENADE 1 5 5 2 3
> BAT1 8 1 10 1 7 3 8 5 1 6 5 6 3 7 11 7 5 8 9 8 13 8 6 9 8 9 13 9 13 10 7 11 13 11 3 13 4 13 5 13 6 13 4 1 3 6 5 3 11 5
> BAT2 5 1 6 1 13 4 7 5 13 5 13 6 5 7 9 7 1 8 11 8 1 9 7 9 11 9 1 10 1 11 5 11 6 11 8 13 9 13 10 13 11 13
> BAT3 7 1 6 3 11 6 1 7 7 7 13 7 3 8 3 9 8 11 9 11 7 13
< RES 1637330498 38 4
> REQ 1637330498 39 4
> VAMPIRE 1 3 3 3 0 3 0
> VAMPIRE 2 9 5 3 1 3 0
> VAMPIRE 3 13 13 3 1 3 0
> VAMPIRE 4 1 13 3 1 3 0
> GRENADE 1 5 5 1 3
> BAT1 8 1 10 1 7 3 8 5 1 6 5 6 3 7 11 7 5 8 13 8 6 9 13 9 13 10 7 11 13 11 3 13 4 13 5 13 6 13 4 1 3 6 11 9 5 3 11 5
> BAT2 5 1 6 1 13 4 7 5 13 5 13 6 5 7 9 7 1 8 11 8 1 9 7 9 1 10 1 11 5 11 6 11 8 13 9 13 10 13 11 13 9 11
> BAT3 7 1 6 3 11 6 1 7 7 7 13 7 3 8 3 9 8 11 7 13
< RES 1637330498 39 4
> REQ 1637330498 40 4
> VAMPIRE 1 3 3 3 1 3 0
> VAMPIRE 2 9 5 3 0 3 0
> VAMPIRE 3 13 13 3 1 3 0
> VAMPIRE 4 1 13 3 1 3 0
> GRENADE 2 9 5 5 3
> BAT1 8 1 10 1 7 3 8 5 1 6 3 7 11 7 5 8 13 8 6 9 13 9 13 10 7 11 13 11 3 13 4 13 5 13 6 13 4 1 7 5 3 6 11 9 11 5
> BAT2 5 1 6 1 13 4 13 5 13 6 5 7 9 7 1 8 11 8 1 9 7 9 1 10 1 11 5 11 6 11 8 13 9 13 10 13 11 13 9 11
> BAT3 7 1 6 3 11 6 1 7 7 7 13 7 3 8 3 9 8 11 7 13
< RES 1637330498 40 4
> REQ 1637330498 41 4
> VAMPIRE 1 3 3 3 0 3 0
> VAMPIRE 2 9 5 3 0 3 0
> VAMPIRE 3 13 13 3 1 3 0
> VAMPIRE 4 1 13 3 1 3 0
> GRENADE 2 9 9 4 3
> GRENADE 1 3 3 5 3
> BAT1 8 1 10 1 7 3 8 5 1 6 3 7 11 7 5 8 13 8 6 9 13 9 13 10 7 11 13 11 3 13 4 13 5 13 6 13 4 1 7 5 3 6 11 9 11 5
> BAT2 5 1 6 1 13 4 13 5 13 6 5 7 9 7 1 8 11 8 1 9 7 9 1 10 1 11 5 11 6 11 8 13 9 13 10 13 11 13 9 11
> BAT3 7 1 6 3 11 6 1 7 7 7 13 7 3 8 3 9 8 11 7 13
< RES 1637330498 41 4
> REQ 1637330498 42 4
> VAMPIRE 1 3 5 3 0 3 0
> VAMPIRE 2 9 3 3 0 3 0
> VAMPIRE 3 13 13 3 1 3 0
> VAMPIRE 4 1 13 3 1 3 0
> GRENADE 2 9 9 3 3
> GRENADE 1 5 3 4 3
> BAT1 8 1 10 1 7 3 8 5 1 6 3 7 11 7 5 8 13 8 6 9 13 9 13 10 7 11 13 11 3 13 4 13 5 13 6 13 4 1 7 5 3 6 11 9 11 5
> BAT2 5 1 6 1 13 4 13 5 13 6 5 7 9 7 1 8 11 8 1 9 7 9 1 10 1 11 5 11 6 11 8 13 9 13 10 13 11 13 9 11
> BAT3 7 1 6 3 11 6 1 7 7 7 13 7 3 8 3 9 8 11 7 13
< RES 1637330498 42 4
> REQ 1637330498 43 4
> VAMPIRE 1 3 5 3 0 3 0
> VAMPIRE 2 9 3 3 0 3 0
> VAMPIRE 3 13 13 3 1 3 0
> VAMPIRE 4 1 13 3 1 3 0
> GRENADE 2 9 9 2 3
> GRENADE 1 5 3 3 3
> BAT1 8 1 10 1 7 3 8 5 1 6 3 7 11 7 5 8 13 8 6 9 13 9 13 10 7 11 13 11 3 13 4 13 5 13 6 13 4 1 7 5 3 6 11 9 11 5
> BAT2 5 1 6 1 13 4 13 5 13 6 5 7 9 7 1 8 11 8 1 9 7 9 1 10 1 11 5 11 6 11 8 13 9 13 10 13 11 13 9 11
> BAT3 7 1 6 3 11 6 1 7 7 7 13 7 3 8 3 9 8 11 7 13
< RES 1637330498 43 4
> REQ 1637330498 44 4
> VAMPIRE 1 3 5 3 0 3 0
> VAMPIRE 2 9 5 3 0 3 0
> VAMPIRE 3 13 13 3 1 3 0
> VAMPIRE 4 1 13 3 1 3 0
> GRENADE 2 9 9 1 3
> GRENADE 1 5 3 2 3
> BAT1 8 1 10 1 7 3 8 5 1 6 3 7 11 7 5 8 13 8 6 9 13 9 13 10 7 11 13 11 3 13 4 13 5 13 6 13 4 1 7 5 3 6 11 9 11 5
> BAT2 5 1 6 1 13 4 13 5 13 6 5 7 9 7 1 8 11 8 1 9 7 9 1 10 1 11 5 11 6 11 8 13 9 13 10 13 11 13 9 11
> BAT3 7 1 6 3 11 6 1 7 7 7 13 7 3 8 3 9 8 11 7 13
< RES 1637330498 44 4
> REQ 1637330498 45 4
> VAMPIRE 1 3 5 3 0 3 0
> VAMPIRE 2 9 5 3 1 3 0
> VAMPIRE 3 13 13 3 1 3 0
> VAMPIRE 4 1 13 3 1 3 0
> GRENADE 1 5 3 1 3
> BAT1 8 1 10 1 7 3 8 5 1 6 3 7 11 7 5 8 13 8 6 9 13 9 13 10 7 11 13 11 3 13 4 13 5 13 6 13 4 1 7 5 3 6 9 7 7 9 11 5 9 11
> BAT2 5 1 6 1 13 4 13 5 13 6 5 7 1 8 11 8 1 9 1 10 1 11 5 11 6 11 8 13 9 13 10 13 11 13
> BAT3 7 1 6 3 11 6 1 7 7 7 13 7 3 8 3 9 8 11 7 13
< RES 1637330498 45 4
> REQ 1637330498 46 4
> VAMPIRE 1 5 5 3 1 3 0
> VAMPIRE 2 9 3 3 0 3 0
> VAMPIRE 3 13 13 3 1 3 0
> VAMPIRE 4 1 13 3 1 3 0
> GRENADE 2 9 5 5 3
> BAT1 8 1 10 1 7 3 8 5 1 6 3 7 11 7 5 8 13 8 6 9 13 9 13 10 7 11 13 11 3 13 4 13 5 13 6 13 4 1 5 1 7 5 3 6 9 7 7 9 11 5 9 11
> BAT2 6 1 13 4 13 5 13 6 5 7 1 8 11 8 1 9 1 10 1 11 5 11 6 11 8 13 9 13 10 13 11 13 6 3
> BAT3 7 1 11 6 1 7 7 7 13 7 3 8 3 9 8 11 7 13
< RES 1637330498 46 4
> REQ 1637330498 47 4
> VAMPIRE 1 5 5 3 0 3 0
> VAMPIRE 2 11 3 3 0 3 0
> VAMPIRE 3 13 13 3 1 3 0
> VAMPIRE 4 1 13 3 1 3 0
> GRENADE 2 9 5 4 3
> GRENADE 1 5 5 5 3
> BAT1 8 1 10 1 7 3 8 5 1 6 3 7 11 7 5 8 13 8 6 9 13 9 13 10 7 11 13 11 3 13 4 13 5 13 6 13 4 1 5 1 7 5 3 6 9 7 7 9 11 5 9 11
> BAT2 6 1 13 4 13 5 13 6 5 7 1 8 11 8 1 9 1 10 1 11 5 11 6 11 8 13 9 13 10 13 11 13 6 3
> BAT3 7 1 11 6 1 7 7 7 13 7 3 8 3 9 8 11 7 13
< RES 1637330498 47 4
> REQ 1637330498 48 4
> VAMPIRE 1 5 5 3 0 3 0
> VAMPIRE 2 11 3 3 0 3 0
> VAMPIRE 3 13 13 3 1 3 0
> VAMPIRE 4 1 13 3 1 3 0
> GRENADE 2 9 5 3 3
> GRENADE 1 5 9 4 3
> BAT1 8 1 10 1 7 3 8 5 1 6 3 7 11 7 5 8 13 8 6 9 13 9 13 10 7 11 13 11 3 13 4 13 5 13 6 13 4 1 5 1 7 5 3 6 9 7 7 9 11 5 9 11
> BAT2 6 1 13 4 13 5 13 6 5 7 1 8 11 8 1 9 1 10 1 11 5 11 6 11 8 13 9 13 10 13 11 13 6 3
> BAT3 7 1 11 6 1 7 7 7 13 7 3 8 3 9 8 11 7 13
< RES 1637330498 48 4
> REQ 1637330498 49 4
> VAMPIRE 1 5 5 3 0 3 0
> VAMPIRE 2 9 3 3 0 3 0
> VAMPIRE 3 13 13 3 1 3 0
> VAMPIRE 4 1 13 3 1 3 0
> GRENADE 2 9 5 2 3
> GRENADE 1 5 9 3 3
> BAT1 8 1 10 1 7 3 8 5 1 6 3 7 11 7 5 8 13 8 6 9 13 9 13 10 7 11 13 11 3 13 4 13 5 13 6 13 4 1 5 1 7 5 3 6 9 7 7 9 11 5 9 11
> BAT2 6 1 13 4 13 5 13 6 5 7 1 8 11 8 1 9 1 10 1 11 5 11 6 11 8 13 9 13 10 13 11 13 6 3
> BAT3 7 1 11 6 1 7 7 7 13 7 3 8 3 9 8 11 7 13
< RES 1637330498 49 4
> REQ 1637330498 50 4
> VAMPIRE 1 5 5 3 0 3 0
> VAMPIRE 2 11 3 3 0 3 0
> VAMPIRE 3 13 13 3 1 3 0
> VAMPIRE 4 1 13 3 1 3 0
> GRENADE 2 9 5 1 3
> GRENADE 1 5 9 2 3
> BAT1 8 1 10 1 7 3 8 5 1 6 3 7 11 7 5 8 13 8 6 9 13 9 13 10 7 11 13 11 3 13 4 13 5 13 6 13 4 1 5 1 7 5 3 6 9 7 7 9 11 5 9 11
> BAT2 6 1 13 4 13 5 13 6 5 7 1 8 11 8 1 9 1 10 1 11 5 11 6 11 8 13 9 13 10 13 11 13 6 3
> BAT3 7 1 11 6 1 7 7 7 13 7 3 8 3 9 8 11 7 13
< RES 1637330498 50 4
> REQ 1637330498 51 4
> VAMPIRE 1 5 5 3 0 3 0
> VAMPIRE 2 9 3 3 1 3 0
> VAMPIRE 3 13 12 3 1 3 0
> VAMPIRE 4 1 13 3 1 3 0
> GRENADE 1 5 9 1 3
> BAT1 8 1 10 1 7 3 1 6 3 7 11 7 5 8 13 8 6 9 13 9 13 10 7 11 13 11 3 13 4 13 5 13 6 13 4 1 5 1 7 5 3 6 7 9 9 11
> BAT2 6 1 13 4 13 5 13 6 5 7 1 8 11 8 1 9 1 10 1 11 5 11 6 11 8 13 9 13 10 13 11 13 6 3
> BAT3 7 1 11 6 1 7 7 7 13 7 3 8 3 9 8 11 7 13
< RES 1637330498 51 4
> REQ 1637330498 52 4
> VAMPIRE 1 5 5 3 1 3 0
> VAMPIRE 2 9 3 3 0 3 0
> VAMPIRE 3 12 13 3 0 3 0
> VAMPIRE 4 1 13 3 1 3 0
> GRENADE 2 9 3 5 3
> GRENADE 3 13 12 5 3
> BAT1 8 1 10 1 7 3 1 6 3 7 11 7 13 8 13 9 13 10 7 11 13 11 3 13 4 13 5 13 6 13 4 1 5 1 7 5 3 6 7 9 5 11 9 11
> BAT2 6 1 13 4 13 5 13 6 5 7 1 8 11 8 1 9 1 10 1 11 6 11 8 13 9 13 10 13 11 13 6 3 3 9
> BAT3 7 1 11 6 1 7 7 7 13 7 3 8 8 11 7 13
< RES 1637330498 52 4
> REQ 1637330498 53 4
> VAMPIRE 1 5 5 3 0 3 0
> VAMPIRE 2 9 3 3 0 3 0
> VAMPIRE 3 12 13 3 0 3 0
> VAMPIRE 4 1 13 3 1 3 0
> GRENADE 2 5 3 4 3
> GRENADE 3 13 12 4 3
> GRENADE 1 5 5 5 3
> BAT1 8 1 10 1 7 3 1 6 3 7 11 7 13 8 13 9 13 10 7 11 13 11 3 13 4 13 5 13 6 13 4 1 5 1 7 5 3 6 7 9 5 11 9 11
> BAT2 6 1 13 4 13 5 13 6 5 7 1 8 11 8 1 9 1 10 1 11 6 11 8 13 9 13 10 13 11 13 6 3 3 9
> BAT3 7 1 11 6 1 7 7 7 13 7 3 8 8 11 7 13
< RES 1637330498 53 4
> REQ 1637330498 54 4
> VAMPIRE 1 3 5 3 0 3 0
> VAMPIRE 2 9 3 3 0 3 0
> VAMPIRE 3 12 13 3 0 3 0
> VAMPIRE 4 1 13 3 1 3 0
> GRENADE 2 5 3 3 3
> GRENADE 3 13 12 3 3
> GRENADE 1 5 9 4 3
> BAT1 8 1 10 1 7 3 1 6 3 7 11 7 13 8 13 9 13 10 7 11 13 11 3 13 4 13 5 13 6 13 4 1 5 1 7 5 3 6 7 9 5 11 9 11
> BAT2 6 1 13 4 13 5 13 6 5 7 1 8 11 8 1 9 1 10 1 11 6 11 8 13 9 13 10 13 11 13 6 3 3 9
> BAT3 7 1 11 6 1 7 7 7 13 7 3 8 8 11 7 13
< RES 1637330498 54 4
> REQ 1637330498 55 4
> VAMPIRE 1 3 5 3 0 3 0
> VAMPIRE 2 9 3 3 0 3 0
> VAMPIRE 3 12 13 3 0 3 0
> VAMPIRE 4 1 13 3 1 3 0
> GRENADE 2 5 3 2 3
> GRENADE 3 13 12 2 3
> GRENADE 1 5 9 3 3
> BAT1 8 1 10 1 7 3 1 6 3 7 11 7 13 8 13 9 13 10 7 11 13 11 3 13 4 13 5 13 6 13 4 1 5 1 7 5 3 6 7 9 5 11 9 11
> BAT2 6 1 13 4 13 5 13 6 5 7 1 8 11 8 1 9 1 10 1 11 6 11 8 13 9 13 10 13 11 13 6 3 3 9
> BAT3 7 1 11 6 1 7 7 7 13 7 3 8 8 11 7 13
< RES 1637330498 55 4
> REQ 1637330498 56 4
> VAMPIRE 1 3 5 3 0 3 0
> VAMPIRE 2 9 2 3 0 3 0
> VAMPIRE 3 12 13 3 0 3 0
> VAMPIRE 4 1 13 3 1 3 0
> GRENADE 2 5 3 1 3
> GRENADE 3 13 12 1 3
> GRENADE 1 5 9 2 3
> BAT1 8 1 10 1 7 3 1 6 3 7 11 7 13 8 13 9 13 10 7 11 13 11 3 13 4 13 5 13 6 13 4 1 5 1 7 5 3 6 7 9 5 11 9 11
> BAT2 6 1 13 4 13 5 13 6 5 7 1 8 11 8 1 9 1 10 1 11 6 11 8 13 9 13 10 13 11 13 6 3 3 9
> BAT3 7 1 11 6 1 7 7 7 13 7 3 8 8 11 7 13
< RES 1637330498 56 4
> REQ 1637330498 57 4
> VAMPIRE 1 5 5 3 0 3 0
> VAMPIRE 2 9 1 3 1 3 0
> VAMPIRE 3 13 13 3 1 3 0
> VAMPIRE 4 1 13 3 1 3 0
> GRENADE 1 5 9 1 3
> BAT1 8 1 10 1 7 3 1 6 3 7 11 7 13 8 13 9 13 10 7 11 3 13 4 13 5 13 6 13 4 1 7 5 3 6 7 9 5 11 6 3 9 11
> BAT2 6 1 13 4 13 5 13 6 5 7 1 8 11 8 1 9 1 10 1 11 6 11 8 13 9 13 10 13 11 13 3 9
> BAT3 7 1 11 6 1 7 7 7 13 7 3 8 8 11 7 13
< RES 1637330498 57 4
> REQ 1637330498 58 4
> VAMPIRE 1 5 5 3 1 3 0
> VAMPIRE 2 9 3 3 0 3 0
> VAMPIRE 3 13 11 3 0 3 0
> VAMPIRE 4 1 13 3 1 3 0
> GRENADE 2 9 1 5 3
> GRENADE 3 13 13 5 3
> BAT1 8 1 10 1 7 3 1 6 3 7 11 7 13 8 13 9 13 10 7 11 3 13 4 13 5 13 6 13 4 1 7 5 3 6 5 7 6 3 3 9 9 11
> BAT2 6 1 13 4 13 5 13 6 1 8 11 8 1 9 1 10 1 11 6 11 8 13 9 13 10 13 11 13
> BAT3 7 1 11 6 1 7 7 7 13 7 3 8 8 11 7 13
< RES 1637330498 58 4
> REQ 1637330498 59 4
> VAMPIRE 1 3 5 3 0 3 0
> VAMPIRE 2 9 5 3 0 3 0
> VAMPIRE 3 11 11 3 0 3 0
> VAMPIRE 4 1 13 3 1 3 0
> GRENADE 2 9 1 4 3
> GRENADE 3 13 13 4 3
> GRENADE 1 5 5 5 3
> BAT1 8 1 10 1 7 3 1 6 3 7 11 7 13 8 13 9 13 10 7 11 3 13 4 13 5 13 6 13 4 1 7 5 3 6 5 7 6 3 3 9 9 11
> BAT2 6 1 13 4 13 5 13 6 1 8 11 8 1 9 1 10 1 11 6 11 8 13 9 13 10 13 11 13
> BAT3 7 1 11 6 1 7 7 7 13 7 3 8 8 11 7 13
< RES 1637330498 59 4
> REQ 1637330498 60 4
> VAMPIRE 1 3 3 3 0 3 0
> VAMPIRE 2 9 5 3 0 3 0
> VAMPIRE 3 11 11 3 0 3 0
> VAMPIRE 4 1 13 3 1 3 0
> GRENADE 2 9 1 3 3
> GRENADE 3 13 13 3 3
> GRENADE 1 5 5 4 3
> BAT1 8 1 10 1 7 3 1 6 3 7 11 7 13 8 13 9 13 10 7 11 3 13 4 13 5 13 6 13 4 1 7 5 3 6 5 7 6 3 3 9 9 11
> BAT2 6 1 13 4 13 5 13 6 1 8 11 8 1 9 1 10 1 11 6 11 8 13 9 13 10 13 11 13
> BAT3 7 1 11 6 1 7 7 7 13 7 3 8 8 11 7 13
< RES 1637330498 60 4
> REQ 1637330498 61 4
> VAMPIRE 1 3 3 3 0 3 0
> VAMPIRE 2 9 5 3 0 3 0
> VAMPIRE 3 11 11 3 0 3 0
> VAMPIRE 4 1 13 3 1 3 0
> GRENADE 2 9 1 2 3
> GRENADE 3 13 13 2 3
> GRENADE 1 5 5 3 3
> BAT1 8 1 10 1 7 3 1 6 3 7 11 7 13 8 13 9 13 10 7 11 3 13 4 13 5 13 6 13 4 1 7 5 3 6 5 7 6 3 3 9 9 11
> BAT2 6 1 13 4 13 5 13 6 1 8 11 8 1 9 1 10 1 11 6 11 8 13 9 13 10 13 11 13
> BAT3 7 1 11 6 1 7 7 7 13 7 3 8 8 11 7 13
< RES 1637330498 61 4
> REQ 1637330498 62 4
> VAMPIRE 1 3 3 3 0 3 0
> VAMPIRE 2 9 5 3 0 3 0
> VAMPIRE 3 11 11 3 0 3 0
> VAMPIRE 4 1 13 3 1 3 0
> GRENADE 2 9 1 1 3
> GRENADE 3 13 13 1 3
> GRENADE 1 5 5 2 3
> BAT1 8 1 10 1 7 3 1 6 3 7 11 7 13 8 13 9 13 10 7 11 3 13 4 13 5 13 6 13 4 1 7 5 3 6 5 7 6 3 3 9 9 11
> BAT2 6 1 13 4 13 5 13 6 1 8 11 8 1 9 1 10 1 11 6 11 8 13 9 13 10 13 11 13
> BAT3 7 1 11 6 1 7 7 7 13 7 3 8 8 11 7 13
< RES 1637330498 62 4
> REQ 1637330498 63 4
> VAMPIRE 1 3 3 3 0 3 0
> VAMPIRE 2 11 5 3 1 3 0
> VAMPIRE 3 11 11 3 1 3 0
> VAMPIRE 4 1 13 3 1 3 0
> GRENADE 1 5 5 1 3
> BAT1 7 3 1 6 3 7 11 7 13 8 13 9 7 11 3 13 4 13 5 13 6 13 4 1 7 5 3 6 5 7 11 13 6 3 3 9 9 11
> BAT2 6 1 13 4 13 5 13 6 1 8 11 8 1 9 1 10 1 11 6 11 8 13 9 13 10 13
> BAT3 7 1 11 6 1 7 7 7 13 7 3 8 8 11 7 13
< RES 1637330498 63 4
> REQ 1637330498 64 4
> VAMPIRE 1 3 3 3 1 3 0
> VAMPIRE 2 9 5 3 0 3 0
> VAMPIRE 3 11 9 3 0 3 0
> VAMPIRE 4 1 13 3 1 3 0
> GRENADE 2 11 5 5 3
> GRENADE 3 11 11 5 3
> BAT1 7 3 1 6 3 7 11 7 13 8 13 9 7 11 3 13 4 13 5 13 6 13 4 1 3 6 11 13 6 3 3 9 9 11
> BAT2 6 1 13 4 13 5 13 6 1 8 11 8 1 9 1 10 1 11 6 11 8 13 9 13 10 13
> BAT3 7 1 11 6 1 7 7 7 13 7 3 8 8 11 7 13
< RES 1637330498 64 4
> REQ 1637330498 65 4
> VAMPIRE 1 5 3 3 0 3 0
> VAMPIRE 2 9 3 3 0 3 0
> VAMPIRE 3 10 9 3 0 3 0
> VAMPIRE 4 1 13 3 1 3 0
> GRENADE 2 11 5 4 3
> GRENADE 3 11 11 4 3
> GRENADE 1 3 3 5 3
> BAT1 7 3 1 6 3 7 11 7 13 8 13 9 7 11 3 13 4 13 5 13 6 13 4 1 3 6 11 13 6 3 3 9 9 11
> BAT2 6 1 13 4 13 5 13 6 1 8 11 8 1 9 1 10 1 11 6 11 8 13 9 13 10 13
> BAT3 7 1 11 6 1 7 7 7 13 7 3 8 8 11 7 13
< RES 1637330498 65 4
> REQ 1637330498 66 4
> VAMPIRE 1 5 5 3 0 3 0
> VAMPIRE 2 10 3 3 0 3 0
> VAMPIRE 3 9 9 3 0 3 0
> VAMPIRE 4 1 13 3 1 3 0
> GRENADE 2 11 5 3 3
> GRENADE 3 11 11 3 3
> GRENADE 1 3 3 4 3
> BAT1 7 3 1 6 3 7 11 7 13 8 13 9 7 11 3 13 4 13 5 13 6 13 4 1 3 6 11 13 6 3 3 9 9 11
> BAT2 6 1 13 4 13 5 13 6 1 8 11 8 1 9 1 10 1 11 6 11 8 13 9 13 10 13
> BAT3 7 1 11 6 1 7 7 7 13 7 3 8 8 11 7 13
< RES 1637330498 66 4
> REQ 1637330498 67 4
> VAMPIRE 1 5 7 3 0 3 0
> VAMPIRE 2 11 4 3 0 3 0
> VAMPIRE 3 9 9 3 0 3 0
> VAMPIRE 4 1 13 3 1 3 0
> GRENADE 2 11 5 2 3
> GRENADE 3 11 11 2 3
> GRENADE 1 3 3 3 3
> BAT1 7 3 1 6 3 7 11 7 13 8 13 9 7 11 3 13 4 13 5 13 6 13 4 1 3 6 11 13 6 3 3 9 9 11
> BAT2 6 1 13 4 13 5 13 6 1 8 11 8 1 9 1 10 1 11 6 11 8 13 9 13 10 13
> BAT3 7 1 11 6 1 7 7 7 13 7 3 8 8 11 7 13
< RES 1637330498 67 4
> REQ 1637330498 68 4
> VAMPIRE 1 5 9 3 0 3 0
> VAMPIRE 2 11 3 3 0 3 0
> VAMPIRE 3 8 9 3 0 3 0
> VAMPIRE 4 1 13 3 1 3 0
> GRENADE 2 11 9 1 3
> GRENADE 3 11 11 1 3
> GRENADE 1 3 3 2 3
> BAT1 7 3 1 6 3 7 11 7 13 8 13 9 7 11 3 13 4 13 5 13 6 13 4 1 3 6 11 13 6 3 3 9 9 11
> BAT2 6 1 13 4 13 5 13 6 1 8 11 8 1 9 1 10 1 11 6 11 8 13 9 13 10 13
> BAT3 7 1 11 6 1 7 7 7 13 7 3 8 8 11 7 13
< RES 1637330498 68 4
> REQ 1637330498 69 4
> VAMPIRE 1 5 11 3 0 3 0
> VAMPIRE 2 11 5 3 1 3 0
> VAMPIRE 3 7 9 2 1 3 0
> VAMPIRE 4 1 13 3 1 3 0
> GRENADE 1 3 3 1 3
> BAT1 7 3 1 6 3 7 11 7 13 8 7 11 3 13 4 13 5 13 6 13 4 1 3 6 11 8 6 3 3 9
> BAT2 6 1 13 4 13 5 13 6 1 8 1 9 1 10 1 11 6 11 8 13 9 13 10 13
> BAT3 7 1 11 6 1 7 7 7 13 7 3 8 8 11 7 13
< RES 1637330498 69 4
> REQ 1637330498 70 4
> VAMPIRE 1 3 11 3 1 3 0
> VAMPIRE 2 9 5 3 0 3 0
> VAMPIRE 3 9 9 2 1 3 0
> VAMPIRE 4 1 13 3 1 3 0
> GRENADE 2 11 5 5 3
> BAT1 7 3 1 6 3 7 11 7 13 8 7 11 3 13 4 13 5 13 6 13 4 1 11 8 3 9
> BAT2 6 1 13 4 13 5 13 6 1 8 1 9 1 10 1 11 6 11 8 13 9 13 10 13
> BAT3 7 1 11 6 1 7 7 7 13 7 3 8 8 11 7 13
< RES 1637330498 70 4
> REQ 1637330498 71 4
> VAMPIRE 1 5 11 3 0 3 0
> VAMPIRE 2 7 5 3 0 3 0
> VAMPIRE 3 7 9 2 1 3 0
> VAMPIRE 4 1 13 3 1 3 0
> GRENADE 2 11 5 4 3
> GRENADE 1 3 11 5 3
> BAT1 7 3 1 6 3 7 11 7 13 8 7 11 3 13 4 13 5 13 6 13 4 1 11 8 3 9
> BAT2 6 1 13 4 13 5 13 6 1 8 1 9 1 10 1 11 6 11 8 13 9 13 10 13
> BAT3 7 1 11 6 1 7 7 7 13 7 3 8 8 11 7 13
< RES 1637330498 71 4
> REQ 1637330498 72 4
> VAMPIRE 1 5 10 3 0 3 0
> VAMPIRE 2 7 5 3 0 3 0
> VAMPIRE 3 9 9 2 0 3 0
> VAMPIRE 4 1 13 3 1 3 0
> GRENADE 2 11 5 3 3
> GRENADE 1 3 11 4 3
> GRENADE 3 7 9 5 3
> BAT1 7 3 1 6 3 7 11 7 13 8 7 11 3 13 4 13 5 13 6 13 4 1 11 8 3 9
> BAT2 6 1 13 4 13 5 13 6 1 8 1 9 1 10 1 11 6 11 8 13 9 13 10 13
> BAT3 7 1 11 6 1 7 7 7 13 7 3 8 8 11 7 13
< RES 1637330498 72 4
< GRENADE
> REQ 1637330498 73 4
> VAMPIRE 1 5 8 3 0 3 0
> VAMPIRE 2 7 5 3 0 3 0
> VAMPIRE 3 9 7 2 0 3 0
> VAMPIRE 4 1 13 3 0 3 0
> GRENADE 2 11 5 2 3
> GRENADE 1 3 11 3 3
> GRENADE 3 7 9 4 3
> GRENADE 4 1 13 5 3
> BAT1 7 3 1 6 3 7 11 7 13 8 7 11 3 13 4 13 5 13 6 13 4 1 11 8 3 9
> BAT2 6 1 13 4 13 5 13 6 1 8 1 9 1 10 1 11 6 11 8 13 9 13 10 13
> BAT3 7 1 11 6 1 7 7 7 13 7 3 8 8 11 7 13
< RES 1637330498 73 4
> REQ 1637330498 74 4
> VAMPIRE 1 5 8 3 0 3 0
> VAMPIRE 2 7 5 3 0 3 0
> VAMPIRE 3 9 7 2 0 3 0
> VAMPIRE 4 1 13 3 0 3 0
> GRENADE 2 11 5 1 3
> GRENADE 1 3 11 2 3
> GRENADE 3 7 9 3 3
> GRENADE 4 1 13 4 3
> BAT1 7 3 1 6 3 7 11 7 13 8 7 11 3 13 4 13 5 13 6 13 4 1 11 8 3 9
> BAT2 6 1 13 4 13 5 13 6 1 8 1 9 1 10 1 11 6 11 8 13 9 13 10 13
> BAT3 7 1 11 6 1 7 7 7 13 7 3 8 8 11 7 13
< RES 1637330498 74 4
> REQ 1637330498 75 4
> VAMPIRE 1 5 8 3 0 3 0
> VAMPIRE 2 7 4 3 1 3 0
> VAMPIRE 3 9 7 2 0 3 0
> VAMPIRE 4 1 13 3 0 3 0
> GRENADE 1 3 11 1 3
> GRENADE 3 7 9 2 3
> GRENADE 4 1 13 3 3
> BAT1 7 3 1 6 3 7 11 7 13 8 7 11 3 13 4 13 5 13 6 13 4 1 13 5 11 8 3 9
> BAT2 6 1 13 4 13 6 1 8 1 9 1 10 1 11 6 11 8 13 9 13 10 13 11 6
> BAT3 7 1 1 7 7 7 13 7 3 8 8 11 7 13
< RES 1637330498 75 4
< MOVE D
> REQ 1637330498 76 4
> VAMPIRE 1 5 7 3 1 3 0
> VAMPIRE 2 8 5 3 0 3 0
> VAMPIRE 3 9 7 2 0 3 0
> VAMPIRE 4 2 13 3 0 3 0
> GRENADE 3 7 9 1 3
> GRENADE 4 1 13 2 3
> GRENADE 2 7 4 5 3
> POWERUP GRENADE -5 9 13 7
> POWERUP GRENADE -5 5 1 7
> BAT1 7 3 1 6 3 7 11 7 13 8 7 11 4 13 5 13 6 13 4 1 13 5 11 8 1 11 6 11
> BAT2 6 1 13 4 13 6 1 8 1 9 1 10 8 13 9 13 10 13 11 6
> BAT3 7 1 1 7 7 7 13 7 3 8 8 11 7 13
< RES 1637330498 76 4
< MOVE D L
> REQ 1637330498 77 4
> VAMPIRE 1 5 5 3 0 3 0
> VAMPIRE 2 6 5 3 0 3 0
> VAMPIRE 3 8 7 2 1 3 0
> VAMPIRE 4 3 12 3 0 3 0
> GRENADE 4 1 13 1 3
> GRENADE 2 7 4 4 3
> GRENADE 1 5 7 5 3
> POWERUP GRENADE -4 9 13 7
> POWERUP GRENADE -4 5 1 7
> BAT1 7 3 1 6 3 7 11 7 13 8 4 13 5 13 6 13 4 1 13 5 11 8 1 11 6 11
> BAT2 6 1 13 4 13 6 1 8 1 9 1 10 8 13 9 13 10 13 11 6 7 7
> BAT3 7 1 1 7 13 7 3 8 8 11 7 13
< RES 1637330498 77 4
< MOVE L
> REQ 1637330498 78 4
> VAMPIRE 1 5 3 3 0 3 0
> VAMPIRE 2 5 4 3 0 3 0
> VAMPIRE 3 9 6 2 0 3 0
> VAMPIRE 4 3 11 3 1 3 0
> GRENADE 2 7 4 3 3
> GRENADE 1 5 7 4 3
> GRENADE 3 8 7 5 3
> POWERUP GRENADE -3 9 13 7
> POWERUP GRENADE -3 5 1 7
> BAT1 7 3 1 6 3 7 11 7 13 8 5 13 6 13 4 1 13 5 11 8 6 11
> BAT2 6 1 13 4 13 6 1 8 1 9 1 10 8 13 9 13 10 13 11 6 7 7
> BAT3 7 1 1 7 13 7 3 8 8 11 7 13
< RES 1637330498 78 4
< GRENADE
> REQ 1637330498 79 4
> VAMPIRE 1 5 1 3 0 3 0
> VAMPIRE 2 5 2 3 0 3 0
> VAMPIRE 3 9 4 2 0 3 0
> VAMPIRE 4 3 11 3 0 3 0
> GRENADE 2 7 4 2 3
> GRENADE 1 5 7 3 3
> GRENADE 3 8 7 4 3
> GRENADE 4 3 11 5 3
> POWERUP GRENADE -2 9 13 7
> POWERUP GRENADE -2 5 1 7
> BAT1 7 3 1 6 3 7 11 7 13 8 5 13 6 13 4 1 13 5 11 8 6 11
> BAT2 6 1 13 4 13 6 1 8 1 9 1 10 8 13 9 13 10 13 11 6 7 7
> BAT3 7 1 1 7 13 7 3 8 8 11 7 13
< RES 1637330498 79 4
< THROW XD 4
< MOVE L L
> REQ 1637330498 80 4
> VAMPIRE 1 5 1 3 0 3 0
> VAMPIRE 2 5 1 3 0 3 0
> VAMPIRE 3 8 3 2 0 3 0
> VAMPIRE 4 3 9 3 0 3 0
> GRENADE 2 7 4 1 3
> GRENADE 1 5 7 2 3
> GRENADE 3 8 7 3 3
> GRENADE 4 7 11 4 3
> POWERUP GRENADE -1 9 13 7
> POWERUP GRENADE -1 5 1 7
> BAT1 7 3 1 6 3 7 11 7 13 8 5 13 6 13 4 1 13 5 11 8 6 11
> BAT2 6 1 13 4 13 6 1 8 1 9 1 10 8 13 9 13 10 13 11 6 7 7
> BAT3 7 1 1 7 13 7 3 8 8 11 7 13
< RES 1637330498 80 4
< MOVE D
> REQ 1637330498 81 4
> VAMPIRE 1 5 1 3 0 3 0
> VAMPIRE 2 5 1 3 1 3 0
> VAMPIRE 3 9 3 2 0 3 0
> VAMPIRE 4 4 9 3 0 3 0
> GRENADE 1 5 7 1 3
> GRENADE 3 8 7 2 3
> GRENADE 4 7 11 3 3
> POWERUP GRENADE 13 9 13 7
> POWERUP GRENADE 13 5 1 7
> BAT1 1 6 3 7 11 7 13 8 5 13 6 13 4 1 13 5 11 8 6 11 7 7
> BAT2 6 1 13 4 13 6 1 8 1 9 1 10 8 13 9 13 10 13 11 6
> BAT3 7 1 1 7 13 7 3 8 8 11 7 13
< RES 1637330498 81 4
< MOVE D L
> REQ 1637330498 82 4
> VAMPIRE 1 5 2 3 1 3 0
> VAMPIRE 2 5 1 3 0 3 0
> VAMPIRE 3 7 3 2 0 3 0
> VAMPIRE 4 5 8 3 0 3 0
> GRENADE 3 8 7 1 3
> GRENADE 4 7 11 2 3
> GRENADE 2 5 1 5 3
> POWERUP GRENADE 12 9 13 7
> POWERUP GRENADE 12 5 1 7
> BAT1 1 6 11 7 13 8 5 13 6 13 4 1 13 5 11 8 6 11
> BAT2 6 1 13 4 13 6 1 8 1 9 1 10 8 13 9 13 10 13 11 6
> BAT3 7 1 1 7 13 7 3 8 8 11 7 13
< RES 1637330498 82 4
< MOVE R
> REQ 1637330498 83 4
> VAMPIRE 1 4 3 3 0 3 0
> VAMPIRE 2 5 1 3 0 3 0
> VAMPIRE 3 5 3 2 1 3 0
> VAMPIRE 4 5 9 3 0 3 0
> GRENADE 4 7 11 1 3
> GRENADE 2 5 1 4 3
> GRENADE 1 5 2 5 3
> POWERUP GRENADE 11 9 13 7
> POWERUP GRENADE 11 5 1 7
> BAT1 1 6 13 8 5 13 6 13 4 1 13 5 11 8 6 11
> BAT2 6 1 13 4 13 6 1 8 1 9 1 10 8 13 9 13 10 13 11 6
> BAT3 7 1 1 7 13 7 3 8 8 11 7 13
< RES 1637330498 83 4
< MOVE R R
> REQ 1637330498 84 4
> VAMPIRE 1 3 3 3 0 3 0
> VAMPIRE 2 5 1 3 0 3 0
> VAMPIRE 3 7 3 2 0 3 0
> VAMPIRE 4 5 11 3 1 3 0
> GRENADE 2 5 1 3 3
> GRENADE 1 5 2 4 3
> GRENADE 3 5 3 5 3
> POWERUP GRENADE 10 9 13 7
> POWERUP GRENADE 10 5 1 7
> BAT1 1 6 13 8 5 13 6 13 4 1 13 5 11 8
> BAT2 6 1 13 4 13 6 1 8 1 9 1 10 8 13 9 13 10 13 11 6 8 11 7 13
> BAT3 7 1 1 7 13 7 3 8
< RES 1637330498 84 4
< GRENADE
< MOVE L L
> REQ 1637330498 85 4
> VAMPIRE 1 3 4 3 0 3 0
> VAMPIRE 2 5 1 3 0 3 0
> VAMPIRE 3 6 3 2 0 3 0
> VAMPIRE 4 5 9 3 0 3 0
> GRENADE 2 5 1 2 3
> GRENADE 1 5 2 3 3
> GRENADE 3 5 3 4 3
> GRENADE 4 5 11 5 3
> POWERUP GRENADE 9 9 13 7
> POWERUP GRENADE 9 5 1 7
> BAT1 1 6 13 8 5 13 6 13 4 1 13 5 11 8
> BAT2 6 1 13 4 13 6 1 8 1 9 1 10 8 13 9 13 10 13 11 6 8 11 7 13
> BAT3 7 1 1 7 13 7 3 8
< RES 1637330498 85 4
< MOVE L L
> REQ 1637330498 86 4
> VAMPIRE 1 4 5 3 0 3 0
> VAMPIRE 2 5 1 3 0 3 0
> VAMPIRE 3 7 3 2 0 3 0
> VAMPIRE 4 5 7 3 0 3 0
> GRENADE 2 5 1 1 3
> GRENADE 1 5 2 2 3
> GRENADE 3 1 3 3 3
> GRENADE 4 5 11 4 3
> POWERUP GRENADE 8 9 13 7
> POWERUP GRENADE 8 5 1 7
> BAT1 1 6 13 8 5 13 6 13 4 1 13 5 11 8
> BAT2 6 1 13 4 13 6 1 8 1 9 1 10 8 13 9 13 10 13 11 6 8 11 7 13
> BAT3 7 1 1 7 13 7 3 8
< RES 1637330498 86 4
< MOVE L L
> REQ 1637330498 87 4
> VAMPIRE 1 3 4 3 1 3 0
> VAMPIRE 2 5 1 2 2 3 0
> VAMPIRE 3 5 3 2 0 3 0
> VAMPIRE 4 5 5 3 0 3 0
> GRENADE 3 1 3 2 3
> GRENADE 4 5 11 3 3
> POWERUP GRENADE 7 9 13 7
> BAT1 1 6 13 8 5 13 6 13 6 1 13 5 11 8
> BAT2 13 4 13 6 1 8 1 9 1 10 8 13 9 13 10 13 11 6 8 11 7 13
> BAT3 7 1 1 7 13 7 3 8
< RES 1637330498 87 4
< MOVE D D
> REQ 1637330498 88 4
> VAMPIRE 1 3 4 3 0 3 0
> VAMPIRE 2 5 1 2 2 3 0
> VAMPIRE 3 5 1 2 0 3 0
> VAMPIRE 4 7 5 3 0 3 0
> GRENADE 3 1 3 1 3
> GRENADE 4 5 11 2 3
> GRENADE 1 3 4 5 3
> POWERUP GRENADE 6 9 13 7
> BAT1 1 6 13 8 5 13 6 13 6 1 13 5 11 8
> BAT2 13 4 13 6 1 8 1 9 1 10 8 13 9 13 10 13 11 6 8 11 7 13
> BAT3 7 1 1 7 13 7 3 8
< RES 1637330498 88 4
< MOVE D D
> REQ 1637330498 89 4
> VAMPIRE 1 2 3 3 0 3 0
> VAMPIRE 2 5 3 2 2 3 0
> VAMPIRE 3 4 1 2 1 3 0
> VAMPIRE 4 9 5 3 0 3 0
> GRENADE 4 5 11 1 3
> GRENADE 1 3 1 4 3
> POWERUP GRENADE 5 9 13 7
> BAT1 13 8 5 13 6 13 6 1 13 5 11 8
> BAT2 13 4 13 6 1 8 1 9 1 10 8 13 9 13 10 13 11 6 8 11 7 13
> BAT3 7 1 1 7 13 7 3 8
< RES 1637330498 89 4
< MOVE D
> REQ 1637330498 90 4
> VAMPIRE 1 1 2 3 0 3 0
> VAMPIRE 2 5 3 2 1 3 0
> VAMPIRE 3 5 1 2 1 3 0
> VAMPIRE 4 10 5 3 1 3 0
> GRENADE 1 3 1 3 3
> GRENADE 2 5 3 5 3
> POWERUP GRENADE 4 9 13 7
> BAT1 13 8 6 13 6 1 13 5 11 8 8 11
> BAT2 13 4 13 6 1 8 1 9 1 10 8 13 9 13 10 13 11 6 7 13
> BAT3 7 1 1 7 13 7 3 8
< RES 1637330498 90 4
< MOVE D
> REQ 1637330498 91 4
> VAMPIRE 1 1 4 3 0 3 0
> VAMPIRE 2 7 3 2 1 3 0
> VAMPIRE 3 5 1 2 0 3 0
> VAMPIRE 4 11 5 3 1 3 0
> GRENADE 1 3 1 2 3
> GRENADE 2 5 1 4 3
> GRENADE 3 5 1 5 3
> POWERUP GRENADE 3 9 13 7
> BAT1 13 8 6 13 6 1 13 5 11 8 8 11
> BAT2 13 4 13 6 1 8 1 9 1 10 8 13 9 13 10 13 11 6 7 13
> BAT3 7 1 1 7 13 7 3 8
< RES 1637330498 91 4
< GRENADE
< MOVE U U
> REQ 1637330498 92 4
> VAMPIRE 1 1 5 3 0 3 0
> VAMPIRE 2 7 3 2 0 3 0
> VAMPIRE 3 5 2 2 0 3 0
> VAMPIRE 4 9 5 3 0 3 0
> GRENADE 1 3 1 1 3
> GRENADE 2 5 1 3 3
> GRENADE 3 9 1 4 3
> GRENADE 2 7 3 5 3
> GRENADE 4 11 5 5 3
> POWERUP GRENADE 2 9 13 7
> BAT1 13 8 6 13 6 1 13 5 11 8 8 11
> BAT2 13 4 13 6 1 8 1 9 1 10 8 13 9 13 10 13 11 6 7 13
> BAT3 7 1 1 7 13 7 3 8
< RES 1637330498 92 4
< MOVE R R
> REQ 1637330498 93 4
> VAMPIRE 1 3 5 3 1 3 0
> VAMPIRE 2 7 4 2 1 3 0
> VAMPIRE 3 5 3 1 0 3 0
> VAMPIRE 4 9 7 3 0 3 0
> GRENADE 3 9 1 3 3
> GRENADE 2 11 3 4 3
> GRENADE 4 11 5 4 3
> POWERUP GRENADE 1 9 13 7
> BAT1 13 8 6 13 13 5 11 8 8 11
> BAT2 13 4 13 6 1 8 1 9 1 10 8 13 9 13 10 13 11 6 7 13
> BAT3 7 1 1 7 13 7 3 8
< RES 1637330498 93 4
< MOVE U U
> REQ 1637330498 94 4
> VAMPIRE 1 3 7 3 1 3 0
> VAMPIRE 2 7 4 2 0 3 0
> VAMPIRE 3 5 1 1 0 3 0
> VAMPIRE 4 7 7 3 0 3 0
> GRENADE 3 9 1 2 3
> GRENADE 2 11 3 3 3
> GRENADE 4 11 5 3 3
> GRENADE 2 7 4 5 3
> BAT1 13 8 6 13 13 5 11 8 8 11
> BAT2 13 4 13 6 1 8 1 9 1 10 8 13 9 13 10 13 11 6 7 13
> BAT3 7 1 1 7 13 7 3 8
< RES 1637330498 94 4
< MOVE D D
> REQ 1637330498 95 4
> VAMPIRE 1 3 5 3 0 3 0
> VAMPIRE 2 6 3 2 0 3 0
> VAMPIRE 3 5 1 1 0 3 0
> VAMPIRE 4 9 7 3 0 3 0
> GRENADE 3 9 1 1 3
> GRENADE 2 11 3 2 3
> GRENADE 4 11 5 2 3
> GRENADE 2 7 4 4 3
> GRENADE 1 3 7 5 3
> BAT1 13 8 6 13 13 5 11 8 8 11
> BAT2 13 4 13 6 1 8 1 9 1 10 8 13 9 13 10 13 11 6 7 13
> BAT3 7 1 1 7 13 7 3 8
< RES 1637330498 95 4
> REQ 1637330498 96 4
> VAMPIRE 1 1 5 3 0 3 0
> VAMPIRE 2 4 3 2 0 3 0
> VAMPIRE 3 4 1 1 1 3 0
> VAMPIRE 4 9 7 3 0 3 0
> GRENADE 2 11 3 1 3
> GRENADE 4 11 5 1 3
> GRENADE 2 7 4 3 3
> GRENADE 1 3 7 4 3
> BAT1 13 8 6 13 13 5 11 8 8 11
> BAT2 13 4 13 6 1 8 1 9 1 10 8 13 9 13 10 13 7 1 11 6 7 13
> BAT3 1 7 13 7 3 8
< RES 1637330498 96 4
< MOVE D D
> REQ 1637330498 97 4
> VAMPIRE 1 1 5 3 0 3 0
> VAMPIRE 2 3 4 2 1 3 0
> VAMPIRE 3 5 2 1 0 3 0
> VAMPIRE 4 11 7 3 1 3 0
> GRENADE 2 7 4 2 3
> GRENADE 1 3 7 3 3
> GRENADE 3 4 1 5 3
> BAT1 13 8 6 13 11 8 11 6 8 11
> BAT2 13 4 13 6 1 8 1 9 1 10 8 13 9 13 10 13 7 1 7 13
> BAT3 1 7 13 7 3 8
< RES 1637330498 97 4
< GRENADE
< MOVE U U
> REQ 1637330498 98 4
> VAMPIRE 1 1 4 3 0 3 0
> VAMPIRE 2 2 5 2 0 3 0
> VAMPIRE 3 5 3 1 0 3 0
> VAMPIRE 4 9 7 3 0 3 0
> GRENADE 2 7 4 1 3
> GRENADE 1 3 7 2 3
> GRENADE 3 4 1 4 3
> GRENADE 2 3 4 5 3
> GRENADE 4 11 7 5 3
> BAT1 13 8 6 13 11 8 11 6 8 11
> BAT2 13 4 13 6 1 8 1 9 1 10 8 13 9 13 10 13 7 1 7 13
> BAT3 1 7 13 7 3 8
< RES 1637330498 98 4
< MOVE R R
> REQ 1637330498 99 4
> VAMPIRE 1 2 3 3 0 3 0
> VAMPIRE 2 1 5 2 1 3 0
> VAMPIRE 3 7 3 1 0 3 0
> VAMPIRE 4 9 9 3 0 3 0
> GRENADE 1 3 7 1 3
> GRENADE 3 4 1 3 3
> GRENADE 2 3 4 4 3
> GRENADE 4 11 7 4 3
> POWERUP GRENADE -6 1 7 4
> POWERUP GRENADE -6 13 7 4
> BAT1 13 8 6 13 11 8 7 1 11 6 8 11
> BAT2 13 4 13 6 1 8 1 9 1 10 8 13 9 13 10 13 7 13
> BAT3 1 7 13 7 3 8
< RES 1637330498 99 4
< MOVE U U
> REQ 1637330498 100 4
> VAMPIRE 1 1 4 3 1 3 0
> VAMPIRE 2 3 5 2 1 3 0
> VAMPIRE 3 7 5 1 0 3 0
> VAMPIRE 4 7 9 3 0 3 0
> GRENADE 3 4 1 2 3
> GRENADE 4 11 7 3 3
> GRENADE 2 1 5 5 3
> POWERUP GRENADE -5 1 7 4
> POWERUP GRENADE -5 13 7 4
> BAT1 13 8 6 13 11 8 7 1 11 6 8 11
> BAT2 13 4 13 6 1 8 1 9 1 10 8 13 9 13 10 13 1 7 3 8 7 13
> BAT3 13 7
< RES 1637330498 100 4
< MOVE D D
> REQ 1637330498 101 4
> VAMPIRE 1 1 2 3 0 3 0
> VAMPIRE 2 3 5 2 0 3 0
> VAMPIRE 3 9 5 1 0 3 0
> VAMPIRE 4 9 9 3 0 3 0
> GRENADE 3 4 1 1 3
> GRENADE 4 11 7 2 3
> GRENADE 2 1 5 4 3
> GRENADE 1 1 4 5 3
> GRENADE 2 3 5 5 3
> POWERUP GRENADE -4 1 7 4
> POWERUP GRENADE -4 13 7 4
> BAT1 13 8 6 13 11 8 7 1 11 6 8 11
> BAT2 13 4 13 6 1 8 1 9 1 10 8 13 9 13 10 13 1 7 3 8 7 13
> BAT3 13 7
< RES 1637330498 101 4
< MOVE U U
> REQ 1637330498 102 4
> VAMPIRE 1 2 1 3 0 3 0
> VAMPIRE 2 5 5 2 0 3 0
> VAMPIRE 3 11 5 1 1 3 0
> VAMPIRE 4 7 9 3 0 3 0
> GRENADE 4 11 7 1 3
> GRENADE 2 1 5 3 3
> GRENADE 1 1 4 4 3
> GRENADE 2 3 9 4 3
> POWERUP GRENADE -3 1 7 4
> POWERUP GRENADE -3 13 7 4
> BAT1 13 8 6 13 11 8 11 6 8 11
> BAT2 13 4 13 6 1 8 1 9 1 10 8 13 9 13 10 13 1 7 3 8 7 13
> BAT3 13 7
< RES 1637330498 102 4
< MOVE R R
> REQ 1637330498 103 4
> VAMPIRE 1 3 2 3 0 3 0
> VAMPIRE 2 5 7 2 0 3 0
> VAMPIRE 3 11 5 1 0 3 0
> VAMPIRE 4 7 11 3 1 3 0
> GRENADE 2 1 5 2 3
> GRENADE 1 1 4 3 3
> GRENADE 2 3 9 3 3
> GRENADE 3 11 5 5 3
> POWERUP GRENADE -2 1 7 4
> POWERUP GRENADE -2 13 7 4
> BAT1 13 8 6 13 8 11
> BAT2 13 4 13 6 1 8 1 9 1 10 8 13 9 13 10 13 1 7 13 7 3 8 7 13
< RES 1637330498 103 4
< GRENADE
< MOVE L L
> REQ 1637330498 104 4
> VAMPIRE 1 3 4 3 0 3 0
> VAMPIRE 2 3 7 2 0 3 0
> VAMPIRE 3 11 7 1 0 3 0
> VAMPIRE 4 7 9 3 0 3 0
> GRENADE 2 1 5 1 3
> GRENADE 1 1 4 2 3
> GRENADE 2 3 9 2 3
> GRENADE 3 13 5 4 3
> GRENADE 4 7 11 5 3
> POWERUP GRENADE -1 1 7 4
> POWERUP GRENADE -1 13 7 4
> BAT1 13 8 6 13 8 11
> BAT2 13 4 13 6 1 8 1 9 1 10 8 13 9 13 10 13 1 7 13 7 3 8 7 13
< RES 1637330498 104 4
< MOVE D D
> REQ 1637330498 105 4
> VAMPIRE 1 3 5 3 1 3 0
> VAMPIRE 2 3 7 2 1 3 0
> VAMPIRE 3 11 6 1 0 3 0
> VAMPIRE 4 9 9 3 0 3 0
> GRENADE 2 3 9 1 3
> GRENADE 3 13 5 3 3
> GRENADE 4 7 11 4 3
> POWERUP GRENADE 14 1 7 4
> POWERUP GRENADE 14 13 7 4
> BAT1 13 8 6 13 1 7 8 11
> BAT2 13 4 13 6 1 8 1 9 1 10 8 13 9 13 10 13 13 7 3 8 7 13
< RES 1637330498 105 4
< MOVE D D
> REQ 1637330498 106 4
> VAMPIRE 1 3 5 3 0 3 0
> VAMPIRE 2 5 7 2 1 3 0
> VAMPIRE 3 12 7 1 0 3 0
> VAMPIRE 4 11 9 3 0 3 0
> GRENADE 3 13 5 2 3
> GRENADE 4 7 11 3 3
> GRENADE 1 3 5 5 3
> GRENADE 2 3 7 5 3
> POWERUP GRENADE 13 1 7 4
> POWERUP GRENADE 13 13 7 4
> BAT1 13 8 6 13 1 9 1 7 3 8 8 11
> BAT2 13 4 13 6 1 8 1 10 8 13 9 13 10 13 13 7 7 13
< RES 1637330498 106 4
> REQ 1637330498 107 4
> VAMPIRE 1 5 5 3 0 3 0
> VAMPIRE 2 5 7 2 0 3 0
> VAMPIRE 3 11 6 1 0 3 0
> VAMPIRE 4 11 9 3 0 3 0
> GRENADE 3 13 5 1 3
> GRENADE 4 7 11 2 3
> GRENADE 1 3 9 4 3
> GRENADE 2 3 7 4 3
> GRENADE 2 5 7 5 3
> POWERUP GRENADE 12 1 7 4
> POWERUP GRENADE 12 13 7 4
> BAT1 13 8 6 13 1 9 1 7 3 8 8 11
> BAT2 13 4 13 6 1 8 1 10 8 13 9 13 10 13 13 7 7 13
< RES 1637330498 107 4
< MOVE U U
> REQ 1637330498 108 4
> VAMPIRE 1 3 5 3 0 3 0
> VAMPIRE 2 7 7 2 0 3 0
> VAMPIRE 3 10 7 1 1 3 0
> VAMPIRE 4 9 9 3 0 3 0
> GRENADE 4 7 11 1 3
> GRENADE 1 3 9 3 3
> GRENADE 2 3 7 3 3
> GRENADE 2 5 11 4 3
> POWERUP GRENADE 11 1 7 4
> POWERUP GRENADE 11 13 7 4
> BAT1 13 8 6 13 13 4 13 6 1 9 1 7 3 8 8 11
> BAT2 1 8 1 10 8 13 9 13 10 13 13 7 7 13
< RES 1637330498 108 4
< MOVE R
> REQ 1637330498 109 4
> VAMPIRE 1 2 5 3 0 3 0
> VAMPIRE 2 7 8 2 1 3 0
> VAMPIRE 3 9 6 1 0 3 0
> VAMPIRE 4 9 10 3 1 3 0
> GRENADE 1 3 9 2 3
> GRENADE 2 3 7 2 3
> GRENADE 3 10 7 5 3
> POWERUP GRENADE 10 1 7 4
> POWERUP GRENADE 10 13 7 4
> BAT1 13 8 6 13 13 4 13 6 1 9 1 7 3 8 7 13
> BAT2 1 8 1 10 8 13 9 13 10 13 13 7
< RES 1637330498 109 4
< GRENADE
< MOVE L U
> REQ 1637330498 110 4
> VAMPIRE 1 1 6 3 0 3 0
> VAMPIRE 2 7 7 2 1 3 0
> VAMPIRE 3 8 7 1 0 3 0
> VAMPIRE 4 8 9 3 0 3 0
> GRENADE 1 3 9 1 3
> GRENADE 2 3 7 1 3
> GRENADE 3 10 7 4 3
> GRENADE 4 9 10 5 3
> POWERUP GRENADE 9 1 7 4
> POWERUP GRENADE 9 13 7 4
> BAT1 13 8 6 13 13 4 13 6 1 9 1 7 3 8 7 13
> BAT2 1 8 1 10 8 13 9 13 10 13 13 7
< RES 1637330498 110 4
< MOVE U U
> REQ 1637330498 111 4
> VAMPIRE 1 1 6 3 1 3 0
> VAMPIRE 2 5 7 2 1 3 0
> VAMPIRE 3 8 7 1 0 3 0
> VAMPIRE 4 6 9 3 0 3 0
> GRENADE 3 10 7 3 3
> GRENADE 4 9 10 4 3
> GRENADE 2 7 7 5 3
> POWERUP GRENADE 8 1 7 4
> POWERUP GRENADE 8 13 7 4
> BAT1 13 8 6 13 13 4 13 6 7 13
> BAT2 1 8 1 10 8 13 9 13 10 13 13 7
< RES 1637330498 111 4
< MOVE U U
> REQ 1637330498 112 4
> VAMPIRE 1 1 6 3 0 3 0
> VAMPIRE 2 3 7 2 0 3 0
> VAMPIRE 3 9 8 1 0 3 0
> VAMPIRE 4 4 9 3 0 3 0
> GRENADE 3 10 7 2 3
> GRENADE 4 9 10 3 3
> GRENADE 2 7 7 4 3
> GRENADE 1 1 6 5 3
> GRENADE 2 5 7 5 3
> POWERUP GRENADE 7 1 7 4
> POWERUP GRENADE 7 13 7 4
> BAT1 13 8 6 13 13 4 13 6 7 13
> BAT2 1 8 1 10 8 13 9 13 10 13 13 7
< RES 1637330498 112 4
< MOVE U U
> REQ 1637330498 113 4
> VAMPIRE 1 1 7 3 0 3 0
> VAMPIRE 2 3 9 2 0 3 0
> VAMPIRE 3 8 9 1 0 3 0
> VAMPIRE 4 2 9 3 0 3 0
> GRENADE 3 10 7 1 3
> GRENADE 4 9 10 2 3
> GRENADE 2 7 7 3 3
> GRENADE 1 1 9 4 3
> GRENADE 2 5 7 4 3
> POWERUP GRENADE 6 1 7 4
> POWERUP GRENADE 6 13 7 4
> BAT1 13 8 6 13 13 4 13 6 7 13
> BAT2 1 8 1 10 8 13 9 13 10 13 13 7
< RES 1637330498 113 4
< MOVE D
> REQ 1637330498 114 4
> VAMPIRE 1 1 7 3 0 3 0
> VAMPIRE 2 3 7 2 2 3 0
> VAMPIRE 3 6 9 1 1 3 0
> VAMPIRE 4 3 9 3 0 3 0
> GRENADE 4 9 10 1 3
> GRENADE 1 1 9 3 3
> POWERUP GRENADE 5 1 7 4
> POWERUP GRENADE 5 13 7 4
> BAT1 13 8 6 13 13 4 13 6 13 7 7 13
> BAT2 1 8 1 10 8 13 9 13 10 13
< RES 1637330498 114 4
< MOVE L L
> REQ 1637330498 115 4
> VAMPIRE 1 1 7 3 0 3 0
> VAMPIRE 2 1 7 2 1 3 0
> VAMPIRE 3 4 9 1 1 3 0
> VAMPIRE 4 3 8 3 1 3 0
> GRENADE 1 1 9 2 3
> GRENADE 2 3 7 5 3
> POWERUP GRENADE 4 1 7 4
> POWERUP GRENADE 4 13 7 4
> BAT1 13 8 6 13 13 4 13 6 9 13 13 7 7 13
> BAT2 1 8 1 10 8 13 10 13
< RES 1637330498 115 4
> REQ 1637330498 116 4
> VAMPIRE 1 1 7 3 0 3 0
> VAMPIRE 2 1 7 2 0 3 0
> VAMPIRE 3 5 8 1 0 3 0
> VAMPIRE 4 3 8 3 1 3 0
> GRENADE 1 1 9 1 3
> GRENADE 2 3 7 4 3
> GRENADE 2 1 7 5 3
> GRENADE 3 4 9 5 3
> POWERUP GRENADE 3 1 7 4
> POWERUP GRENADE 3 13 7 4
> BAT1 13 8 6 13 13 4 13 6 9 13 13 7 7 13
> BAT2 1 8 1 10 8 13 10 13
< RES 1637330498 116 4
< MOVE R
> REQ 1637330498 117 4
> VAMPIRE 1 1 7 3 2 3 0
> VAMPIRE 2 1 7 2 0 3 0
> VAMPIRE 3 6 7 1 1 3 0
> VAMPIRE 4 3 9 3 1 3 0
> GRENADE 2 3 7 3 3
> GRENADE 2 1 7 4 3
> POWERUP GRENADE 2 13 7 4
> BAT1 13 8 6 13 13 4 13 6 1 8 1 10 9 13 13 7 7 13
> BAT2 8 13 10 13
< RES 1637330498 117 4
< GRENADE
> REQ 1637330498 118 4
> VAMPIRE 1 1 5 3 1 3 0
> VAMPIRE 2 1 7 2 0 3 0
> VAMPIRE 3 6 7 1 0 3 0
> VAMPIRE 4 3 9 3 0 3 0
> GRENADE 2 3 7 2 3
> GRENADE 2 1 7 3 3
> GRENADE 1 1 7 5 3
> GRENADE 3 6 7 5 3
> GRENADE 4 3 9 5 3
> POWERUP GRENADE 1 13 7 4
> BAT1 13 8 6 13 13 4 13 6 1 8 1 10 9 13 13 7 7 13
> BAT2 8 13 10 13
< RES 1637330498 118 4
< THROW XU 2
< MOVE R R
> REQ 1637330498 119 4
> VAMPIRE 1 1 5 3 0 3 0
> VAMPIRE 2 1 7 2 0 3 0
> VAMPIRE 3 6 7 1 0 3 0
> VAMPIRE 4 3 11 3 0 3 0
> GRENADE 2 3 7 1 3
> GRENADE 2 1 7 2 3
> GRENADE 1 1 7 4 3
> GRENADE 3 6 7 4 3
> GRENADE 4 1 9 4 3
> GRENADE 1 1 5 5 3
> BAT1 13 8 6 13 13 4 13 6 1 8 1 10 9 13 13 7 7 13
> BAT2 8 13 10 13
< RES 1637330498 119 4
< MOVE D D
> REQ 1637330498 120 4
> VAMPIRE 1 2 5 2 2 3 0
> VAMPIRE 2 1 7 1 2 3 0
> VAMPIRE 4 5 11 3 0 3 0
> GRENADE 4 1 9 3 3
> BAT1 13 8 6 13 13 4 13 6 1 10 9 13 13 7 7 13
> BAT2 8 13 10 13
< RES 1637330498 120 4
< MOVE D D
> REQ 1637330498 121 4
> VAMPIRE 1 1 6 2 2 3 0
> VAMPIRE 2 3 7 1 2 3 0
> VAMPIRE 4 7 11 3 0 3 0
> GRENADE 4 1 9 2 3
> BAT1 13 8 6 13 13 4 13 6 1 10 9 13 13 7 7 13
> BAT2 8 13 10 13
< RES 1637330498 121 4
> REQ 1637330498 122 4
> VAMPIRE 1 2 5 2 2 3 0
> VAMPIRE 2 5 7 1 2 3 0
> VAMPIRE 4 7 11 3 0 3 0
> GRENADE 4 1 9 1 3
> BAT1 13 8 6 13 13 4 13 6 1 10 9 13 13 7 7 13
> BAT2 8 13 10 13
< RES 1637330498 122 4
< MOVE D D
> REQ 1637330498 123 4
> VAMPIRE 1 1 5 2 2 3 0
> VAMPIRE 2 5 9 1 2 3 0
> VAMPIRE 4 9 11 3 1 3 0
> BAT1 13 8 6 13 13 4 13 6 9 13 13 7 7 13
> BAT2 8 13 10 13
< RES 1637330498 123 4
< GRENADE
< MOVE D D
> REQ 1637330498 124 4
> VAMPIRE 1 3 5 2 2 3 0
> VAMPIRE 2 7 9 1 2 3 0
> VAMPIRE 4 11 11 3 0 3 0
> GRENADE 4 9 11 5 3
> BAT1 13 8 6 13 13 4 13 6 9 13 13 7 7 13
> BAT2 8 13 10 13
< RES 1637330498 124 4
< MOVE L
> REQ 1637330498 125 4
> VAMPIRE 1 5 5 2 2 3 0
> VAMPIRE 2 7 11 1 2 3 0
> VAMPIRE 4 11 10 3 0 3 0
> GRENADE 4 9 11 4 3
> BAT1 13 8 6 13 13 4 13 6 9 13 13 7 7 13
> BAT2 8 13 10 13
< RES 1637330498 125 4
< MOVE L
> REQ 1637330498 126 4
> VAMPIRE 1 7 5 2 2 3 0
> VAMPIRE 2 5 11 1 1 3 0
> VAMPIRE 4 11 9 3 0 3 0
> GRENADE 4 9 11 3 3
> GRENADE 2 7 11 5 3
> BAT1 13 8 6 13 13 4 13 6 9 13 13 7 7 13
> BAT2 8 13 10 13
< RES 1637330498 126 4
< MOVE L L
> REQ 1637330498 127 4
> VAMPIRE 1 9 5 2 2 3 0
> VAMPIRE 2 5 13 1 1 3 0
> VAMPIRE 4 11 7 3 0 3 0
> GRENADE 4 9 11 2 3
> GRENADE 2 7 11 4 3
> BAT1 13 8 6 13 13 4 13 6 9 13 13 7 7 13
> BAT2 8 13 10 13
< RES 1637330498 127 4
< MOVE L L
> REQ 1637330498 128 4
> VAMPIRE 1 9 5 2 1 3 0
> VAMPIRE 2 5 13 1 0 3 0
> VAMPIRE 4 11 5 3 0 3 0
> GRENADE 4 9 11 1 3
> GRENADE 2 7 11 3 3
> GRENADE 1 9 5 5 3
> GRENADE 2 5 13 5 3
> POWERUP GRENADE -4 7 13 5
> POWERUP GRENADE -4 7 1 5
> BAT1 13 8 6 13 13 4 13 6 9 13 13 7 7 13
> BAT2 8 13 10 13
< RES 1637330498 128 4
< MOVE L L
> REQ 1637330498 129 4
> VAMPIRE 1 7 5 2 1 3 0
> VAMPIRE 2 5 13 1 1 3 0
> VAMPIRE 4 11 3 3 1 3 0
> GRENADE 1 13 5 4 3
> GRENADE 2 5 13 4 3
> POWERUP GRENADE -3 7 13 5
> POWERUP GRENADE -3 7 1 5
> BAT1 13 8 6 13 13 4 13 6 13 7
> BAT2 8 13 10 13
< RES 1637330498 129 4
< MOVE U U
> REQ 1637330498 130 4
> VAMPIRE 1 7 3 2 1 3 0
> VAMPIRE 2 5 11 1 1 3 0
> VAMPIRE 4 9 3 3 1 3 0
> GRENADE 1 13 5 3 3
> GRENADE 2 9 13 3 3
> POWERUP GRENADE -2 7 13 5
> POWERUP GRENADE -2 7 1 5
> BAT1 13 8 6 13 13 4 13 6 13 7
> BAT2 8 13 10 13
< RES 1637330498 130 4
< MOVE U U
> REQ 1637330498 131 4
> VAMPIRE 1 7 1 2 1 3 0
> VAMPIRE 2 7 11 1 1 3 0
> VAMPIRE 4 7 3 3 1 3 0
> GRENADE 1 13 5 2 3
> GRENADE 2 9 13 2 3
> POWERUP GRENADE -1 7 13 5
> POWERUP GRENADE -1 7 1 5
> BAT1 13 8 6 13 13 4 13 6 13 7
> BAT2 8 13 10 13
< RES 1637330498 131 4
< MOVE L L
> REQ 1637330498 132 4
> VAMPIRE 1 7 1 2 1 3 0
> VAMPIRE 2 7 13 1 1 3 0
> VAMPIRE 4 7 1 3 1 3 0
> GRENADE 1 13 5 1 3
> GRENADE 2 9 13 1 3
> POWERUP GRENADE 11 7 13 5
> POWERUP GRENADE 11 7 1 5
> BAT1 13 8 6 13 13 4 13 6 13 7
> BAT2 8 13 10 13
< RES 1637330498 132 4
> REQ 1637330498 133 4
> VAMPIRE 1 7 1 2 2 3 0
> VAMPIRE 2 7 13 1 1 3 0
> VAMPIRE 4 7 1 3 1 3 0
> GRENADE 2 7 13 5 3
> POWERUP GRENADE 10 7 13 5
> POWERUP GRENADE 10 7 1 5
> BAT1 13 8 6 13 8 13 10 13 13 7
< RES 1637330498 133 4
> REQ 1637330498 134 4
> VAMPIRE 1 7 1 2 2 3 0
> VAMPIRE 2 7 13 1 1 3 0
> VAMPIRE 4 7 1 3 1 3 0
> GRENADE 2 11 13 4 3
> POWERUP GRENADE 9 7 13 5
> POWERUP GRENADE 9 7 1 5
> BAT1 13 8 6 13 8 13 10 13 13 7
< RES 1637330498 134 4
> REQ 1637330498 135 4
> VAMPIRE 1 7 1 2 2 3 0
> VAMPIRE 2 7 13 1 0 3 0
> VAMPIRE 4 7 1 3 1 3 0
> GRENADE 2 11 13 3 3
> GRENADE 2 7 13 5 3
> POWERUP GRENADE 8 7 13 5
> POWERUP GRENADE 8 7 1 5
> BAT1 13 8 6 13 8 13 10 13 13 7
< RES 1637330498 135 4
> REQ 1637330498 136 4
> VAMPIRE 1 7 1 2 3 3 0
> VAMPIRE 2 7 13 1 0 3 0
> VAMPIRE 4 7 1 3 1 3 0
> GRENADE 2 11 13 2 3
> GRENADE 2 7 13 4 3
> POWERUP GRENADE 7 7 13 5
> BAT1 13 8 6 13 8 13 10 13 13 7
< RES 1637330498 136 4
< MOVE R R
> REQ 1637330498 137 4
> VAMPIRE 1 7 3 2 3 3 0
> VAMPIRE 2 7 13 1 1 3 0
> VAMPIRE 4 7 3 3 1 3 0
> GRENADE 2 11 13 1 3
> GRENADE 2 7 13 3 3
> BAT1 13 8 6 13 8 13 10 13 13 7
< RES 1637330498 137 4
< MOVE D D
> REQ 1637330498 138 4
> VAMPIRE 1 7 5 2 3 3 0
> VAMPIRE 2 7 11 1 2 3 0
> VAMPIRE 4 9 3 3 1 3 0
> GRENADE 2 7 13 2 3
> BAT1 13 8 6 13 8 13 13 7
< RES 1637330498 138 4
< MOVE R R
> REQ 1637330498 139 4
> VAMPIRE 1 7 7 2 3 3 0
> VAMPIRE 2 5 11 1 2 3 0
> VAMPIRE 4 9 5 3 1 3 0
> GRENADE 2 7 13 1 3
> BAT1 13 8 6 13 8 13 13 7
< RES 1637330498 139 4
< GRENADE
> REQ 1637330498 140 4
> VAMPIRE 1 7 7 2 2 3 0
> VAMPIRE 2 7 11 1 3 3 0
> VAMPIRE 4 9 5 3 0 3 0
> GRENADE 1 7 7 5 3
> GRENADE 4 9 5 5 3
> BAT1 13 8 13 7
< RES 1637330498 140 4
< THROW XD 4
< MOVE L L
> REQ 1637330498 141 4
> VAMPIRE 1 5 7 2 2 3 0
> VAMPIRE 2 9 11 1 3 3 0
> VAMPIRE 4 9 3 3 0 3 0
> GRENADE 1 11 7 4 3
> GRENADE 4 13 5 4 3
> BAT1 13 8 13 7
< RES 1637330498 141 4
< MOVE D D
> REQ 1637330498 142 4
> VAMPIRE 1 7 7 2 2 3 0
> VAMPIRE 2 11 11 1 3 3 0
> VAMPIRE 4 11 3 3 0 3 0
> GRENADE 1 11 7 3 3
> GRENADE 4 13 5 3 3
> BAT1 13 8 13 7
< RES 1637330498 142 4
> REQ 1637330498 143 4
> VAMPIRE 1 7 7 2 2 3 0
> VAMPIRE 2 13 11 1 3 3 0
> VAMPIRE 4 11 3 3 0 3 0
> GRENADE 1 11 7 2 3
> GRENADE 4 13 5 2 3
> BAT1 13 8 13 7
< RES 1637330498 143 4
> REQ 1637330498 144 4
> VAMPIRE 1 7 7 2 2 3 0
> VAMPIRE 2 11 11 1 2 3 0
> VAMPIRE 4 11 3 3 0 3 0
> GRENADE 1 11 7 1 3
> GRENADE 4 13 5 1 3
> GRENADE 2 13 11 5 3
> BAT1 13 8 13 7
< RES 1637330498 144 4
< MOVE R R
> REQ 1637330498 145 4
> VAMPIRE 1 7 7 2 3 3 0
> VAMPIRE 2 9 11 1 2 3 0
> VAMPIRE 4 11 5 3 1 3 0
> GRENADE 2 13 11 4 3
> BAT1 13 8
< RES 1637330498 145 4
< MOVE D D
> REQ 1637330498 146 4
> VAMPIRE 1 7 7 2 3 3 0
> VAMPIRE 2 7 11 1 2 3 0
> VAMPIRE 4 13 5 3 1 3 0
> GRENADE 2 13 11 3 3
> BAT1 13 8
< RES 1637330498 146 4
< GRENADE
< MOVE U U
> REQ 1637330498 147 4
> VAMPIRE 1 7 7 2 3 3 0
> VAMPIRE 2 7 9 1 2 3 0
> VAMPIRE 4 11 5 3 0 3 0
> GRENADE 2 13 11 2 3
> GRENADE 4 13 5 5 3
> BAT1 13 8
< RES 1637330498 147 4
< MOVE L L
> REQ 1637330498 148 4
> VAMPIRE 1 7 7 2 3 3 0
> VAMPIRE 2 7 9 1 2 3 0
> VAMPIRE 4 11 3 3 0 3 0
> GRENADE 2 13 11 1 3
> GRENADE 4 13 5 4 3
> BAT1 13 8
< RES 1637330498 148 4
> REQ 1637330498 149 4
> VAMPIRE 1 7 7 2 3 3 0
> VAMPIRE 2 7 9 1 3 3 0
> VAMPIRE 4 11 3 3 0 3 0
> GRENADE 4 13 5 3 3
> POWERUP SHOE -4 11 2 6
> POWERUP SHOE -4 3 12 6
< RES 1637330498 149 4
< MOVE L
> REQ 1637330498 150 4
> VAMPIRE 1 9 7 2 3 3 0
> VAMPIRE 2 5 9 1 3 3 0
> VAMPIRE 4 11 2 3 0 3 0
> GRENADE 4 13 5 2 3
> POWERUP SHOE -3 11 2 6
> POWERUP SHOE -3 3 12 6
< RES 1637330498 150 4
> REQ 1637330498 151 4
> VAMPIRE 1 9 5 2 3 3 0
> VAMPIRE 2 3 9 1 3 3 0
> VAMPIRE 4 11 2 3 0 3 0
> GRENADE 4 13 5 1 3
> POWERUP SHOE -2 11 2 6
> POWERUP SHOE -2 3 12 6
< RES 1637330498 151 4
> REQ 1637330498 152 4
> VAMPIRE 1 11 5 2 3 3 0
> VAMPIRE 2 3 11 1 3 3 0
> VAMPIRE 4 11 2 3 1 3 0
> POWERUP SHOE -1 11 2 6
> POWERUP SHOE -1 3 12 6
< RES 1637330498 152 4
> REQ 1637330498 153 4
> VAMPIRE 1 11 3 2 3 3 0
> VAMPIRE 2 3 12 1 3 3 0
> VAMPIRE 4 11 2 3 1 3 0
> POWERUP SHOE 15 11 2 6
> POWERUP SHOE 15 3 12 6
< RES 1637330498 153 4
< MOVE L
> REQ 1637330498 154 4
> VAMPIRE 1 11 1 2 2 3 0
> VAMPIRE 2 3 12 1 3 3 0
> VAMPIRE 4 11 1 3 1 3 0
> GRENADE 1 11 3 5 3
> POWERUP SHOE 14 11 2 6
> POWERUP SHOE 14 3 12 6
< RES 1637330498 154 4
< MOVE R
> REQ 1637330498 155 4
> VAMPIRE 1 11 1 2 1 3 0
> VAMPIRE 2 3 12 1 3 3 0
> VAMPIRE 4 11 2 3 1 3 0
> GRENADE 1 11 3 4 3
> GRENADE 1 11 1 5 3
> POWERUP SHOE 13 11 2 6
> POWERUP SHOE 13 3 12 6
< RES 1637330498 155 4
> REQ 1637330498 156 4
> VAMPIRE 1 11 1 2 0 3 0
> VAMPIRE 2 3 12 1 3 3 0
> VAMPIRE 4 11 2 3 1 3 0
> GRENADE 1 11 3 3 3
> GRENADE 1 11 1 4 3
> GRENADE 1 11 1 5 3
> POWERUP SHOE 12 11 2 6
> POWERUP SHOE 12 3 12 6
< RES 1637330498 156 4
> REQ 1637330498 157 4
> VAMPIRE 1 10 1 2 0 3 0
> VAMPIRE 2 3 12 1 3 3 0
> VAMPIRE 4 11 2 3 1 3 0
> GRENADE 1 11 3 2 3
> GRENADE 1 11 5 3 3
> GRENADE 1 11 5 4 3
> POWERUP SHOE 11 11 2 6
> POWERUP SHOE 11 3 12 6
< RES 1637330498 157 4
< MOVE L U
> REQ 1637330498 158 4
> VAMPIRE 1 9 2 2 0 3 0
> VAMPIRE 2 3 12 1 3 3 0
> VAMPIRE 4 10 1 3 1 3 0
> GRENADE 1 11 3 1 3
> GRENADE 1 11 5 2 3
> GRENADE 1 11 5 3 3
> POWERUP SHOE 10 11 2 6
> POWERUP SHOE 10 3 12 6
< RES 1637330498 158 4
< MOVE D R
> REQ 1637330498 159 4
> VAMPIRE 1 10 3 2 3 3 0
> VAMPIRE 2 3 12 1 3 3 30
> VAMPIRE 4 11 2 3 1 3 0
> POWERUP SHOE 9 11 2 6
< RES 1637330498 159 4
> REQ 1637330498 160 4
> VAMPIRE 1 11 2 2 3 3 0
> VAMPIRE 2 5 11 1 3 3 29
> VAMPIRE 4 11 2 3 1 3 0
> POWERUP SHOE 8 11 2 6
< RES 1637330498 160 4
> REQ 1637330498 161 4
> VAMPIRE 1 11 2 2 3 3 0
> VAMPIRE 2 8 11 1 3 3 28
> VAMPIRE 4 11 2 3 1 3 0
> POWERUP SHOE 7 11 2 6
< RES 1637330498 161 4
> REQ 1637330498 162 4
> VAMPIRE 1 11 2 2 3 3 0
> VAMPIRE 2 11 11 1 3 3 27
> VAMPIRE 4 11 2 3 1 3 0
> POWERUP SHOE 6 11 2 6
< RES 1637330498 162 4
> REQ 1637330498 163 4
> VAMPIRE 1 11 2 2 3 3 0
> VAMPIRE 2 11 8 1 3 3 26
> VAMPIRE 4 11 2 3 1 3 0
> POWERUP SHOE 5 11 2 6
< RES 1637330498 163 4
> REQ 1637330498 164 4
> VAMPIRE 1 11 2 2 3 3 0
> VAMPIRE 2 11 5 1 3 3 25
> VAMPIRE 4 11 2 3 1 3 0
> POWERUP SHOE 4 11 2 6
< RES 1637330498 164 4
> REQ 1637330498 165 4
> VAMPIRE 1 11 2 2 2 3 0
> VAMPIRE 2 11 3 1 2 3 24
> VAMPIRE 4 11 2 3 1 3 30
> GRENADE 1 11 2 5 3
> GRENADE 2 11 5 5 3
< RES 1637330498 165 4
< MOVE L U U
> REQ 1637330498 166 4
> VAMPIRE 1 10 1 2 1 3 0
> VAMPIRE 2 9 4 1 1 3 23
> VAMPIRE 4 9 1 3 1 3 29
> GRENADE 1 11 2 4 3
> GRENADE 2 11 5 4 3
> GRENADE 1 11 2 5 3
> GRENADE 2 11 3 5 3
< RES 1637330498 166 4
< MOVE U U
> REQ 1637330498 167 4
> VAMPIRE 1 10 1 2 0 3 0
> VAMPIRE 2 9 7 1 1 3 22
> VAMPIRE 4 7 1 3 1 3 28
> GRENADE 1 11 2 3 3
> GRENADE 2 11 5 3 3
> GRENADE 1 11 2 4 3
> GRENADE 2 11 3 4 3
> GRENADE 1 10 1 5 3
< RES 1637330498 167 4
< MOVE U U
> REQ 1637330498 168 4
> VAMPIRE 1 10 1 2 0 3 0
> VAMPIRE 2 9 9 1 1 3 21
> VAMPIRE 4 5 1 3 1 3 27
> GRENADE 1 11 2 2 3
> GRENADE 2 11 5 2 3
> GRENADE 1 11 2 3 3
> GRENADE 2 11 3 3 3
> GRENADE 1 10 1 4 3
< RES 1637330498 168 4
< MOVE R R
> REQ 1637330498 169 4
> VAMPIRE 1 9 1 2 0 3 0
> VAMPIRE 2 7 9 1 1 3 20
> VAMPIRE 4 5 3 3 1 3 26
> GRENADE 1 11 2 1 3
> GRENADE 2 11 5 1 3
> GRENADE 1 11 2 2 3
> GRENADE 2 11 3 2 3
> GRENADE 1 10 5 3 3
< RES 1637330498 169 4
> REQ 1637330498 170 4
> VAMPIRE 1 7 1 2 3 3 0
> VAMPIRE 2 9 9 1 3 3 19
> VAMPIRE 4 5 3 3 1 3 25
< RES 1637330498 170 4
> REQ 1637330498 171 4
> VAMPIRE 1 7 3 2 3 3 0
> VAMPIRE 2 9 9 1 3 3 18
> VAMPIRE 4 5 3 3 1 3 24
< RES 1637330498 171 4
> REQ 1637330498 172 4
> VAMPIRE 1 7 5 2 3 3 0
> VAMPIRE 2 9 9 1 3 3 17
> VAMPIRE 4 5 3 3 1 3 23
< RES 1637330498 172 4
> REQ 1637330498 173 4
> VAMPIRE 1 9 5 2 3 3 0
> VAMPIRE 2 9 9 1 3 3 16
> VAMPIRE 4 5 3 3 1 3 22
< RES 1637330498 173 4
> REQ 1637330498 174 4
> VAMPIRE 1 9 5 2 3 3 0
> VAMPIRE 2 9 9 1 3 3 15
> VAMPIRE 4 5 3 3 1 3 21
< RES 1637330498 174 4
> REQ 1637330498 175 4
> VAMPIRE 1 9 5 2 3 3 0
> VAMPIRE 2 9 9 1 3 3 14
> VAMPIRE 4 5 3 3 1 3 20
< RES 1637330498 175 4
> REQ 1637330498 176 4
> VAMPIRE 1 9 5 2 3 3 0
> VAMPIRE 2 9 9 1 3 3 13
> VAMPIRE 4 5 3 3 1 3 19
< RES 1637330498 176 4
> REQ 1637330498 177 4
> VAMPIRE 1 9 5 2 3 3 0
> VAMPIRE 2 9 9 1 3 3 12
> VAMPIRE 4 5 3 3 1 3 18
< RES 1637330498 177 4
> REQ 1637330498 178 4
> VAMPIRE 1 9 5 2 3 3 0
> VAMPIRE 2 9 9 1 3 3 11
> VAMPIRE 4 5 3 3 1 3 17
< RES 1637330498 178 4
> REQ 1637330498 179 4
> VAMPIRE 1 9 5 2 3 3 0
> VAMPIRE 2 9 9 1 3 3 10
> VAMPIRE 4 5 3 3 1 3 16
> POWERUP GRENADE -5 4 7 4
> POWERUP GRENADE -5 10 7 4
< RES 1637330498 179 4
< MOVE R R R
> REQ 1637330498 180 4
> VAMPIRE 1 9 7 2 3 3 0
> VAMPIRE 2 10 7 1 3 3 9
> VAMPIRE 4 5 6 3 1 3 15
> POWERUP GRENADE -4 4 7 4
> POWERUP GRENADE -4 10 7 4
< RES 1637330498 180 4
< MOVE R U
> REQ 1637330498 181 4
> VAMPIRE 1 9 7 2 2 3 0
> VAMPIRE 2 10 7 1 2 3 8
> VAMPIRE 4 4 7 3 1 3 14
> GRENADE 1 9 7 5 3
> GRENADE 2 10 7 5 3
> POWERUP GRENADE -3 4 7 4
> POWERUP GRENADE -3 10 7 4
< RES 1637330498 181 4
> REQ 1637330498 182 4
> VAMPIRE 1 7 7 2 1 3 0
> VAMPIRE 2 10 7 1 1 3 7
> VAMPIRE 4 4 7 3 1 3 13
> GRENADE 1 9 7 4 3
> GRENADE 2 10 7 4 3
> GRENADE 1 9 7 5 3
> GRENADE 2 10 7 5 3
> POWERUP GRENADE -2 4 7 4
> POWERUP GRENADE -2 10 7 4
< RES 1637330498 182 4
> REQ 1637330498 183 4
> VAMPIRE 1 7 7 2 0 3 0
> VAMPIRE 2 10 7 1 1 3 6
> VAMPIRE 4 4 7 3 1 3 12
> GRENADE 1 9 7 3 3
> GRENADE 2 6 7 3 3
> GRENADE 1 9 7 4 3
> GRENADE 2 6 7 4 3
> GRENADE 1 7 7 5 3
> POWERUP GRENADE -1 4 7 4
> POWERUP GRENADE -1 10 7 4
< RES 1637330498 183 4
> REQ 1637330498 184 4
> VAMPIRE 1 7 9 2 0 3 0
> VAMPIRE 2 10 7 1 0 3 5
> VAMPIRE 4 4 7 3 1 3 11
> GRENADE 1 9 7 2 3
> GRENADE 2 6 7 2 3
> GRENADE 1 9 7 3 3
> GRENADE 2 6 7 3 3
> GRENADE 1 7 7 4 3
> GRENADE 2 10 7 5 3
> POWERUP GRENADE 11 4 7 4
> POWERUP GRENADE 11 10 7 4
< RES 1637330498 184 4
< MOVE U U
> REQ 1637330498 185 4
> VAMPIRE 1 5 9 2 0 3 0
> VAMPIRE 2 11 6 1 0 3 4
> VAMPIRE 4 2 7 3 1 3 10
> GRENADE 1 9 7 1 3
> GRENADE 2 6 7 1 3
> GRENADE 1 9 7 2 3
> GRENADE 2 6 7 2 3
> GRENADE 1 7 7 3 3
> GRENADE 2 6 7 4 3
> POWERUP GRENADE 10 4 7 4
> POWERUP GRENADE 10 10 7 4
< RES 1637330498 185 4
> REQ 1637330498 186 4
> VAMPIRE 1 5 7 2 3 3 0
> VAMPIRE 2 9 5 1 3 3 3
> VAMPIRE 4 2 7 3 1 3 9
> POWERUP GRENADE 9 4 7 4
> POWERUP GRENADE 9 10 7 4
< RES 1637330498 186 4
< MOVE D D
> REQ 1637330498 187 4
> VAMPIRE 1 4 7 2 3 3 0
> VAMPIRE 2 10 7 1 3 3 2
> VAMPIRE 4 4 7 3 1 3 8
> POWERUP GRENADE 8 4 7 4
> POWERUP GRENADE 8 10 7 4
< RES 1637330498 187 4
> REQ 1637330498 188 4
> VAMPIRE 1 4 7 2 3 3 0
> VAMPIRE 2 10 7 1 3 3 1
> VAMPIRE 4 4 7 3 1 3 7
> POWERUP GRENADE 7 4 7 4
> POWERUP GRENADE 7 10 7 4
< RES 1637330498 188 4
> REQ 1637330498 189 4
> VAMPIRE 1 4 7 2 3 3 0
> VAMPIRE 2 10 7 1 3 3 0
> VAMPIRE 4 4 7 3 1 3 6
> POWERUP GRENADE 6 4 7 4
> POWERUP GRENADE 6 10 7 4
< RES 1637330498 189 4
> REQ 1637330498 190 4
> VAMPIRE 1 4 7 2 3 3 0
> VAMPIRE 2 10 7 1 3 3 0
> VAMPIRE 4 4 7 3 1 3 5
> POWERUP GRENADE 5 4 7 4
> POWERUP GRENADE 5 10 7 4
< RES 1637330498 190 4
> REQ 1637330498 191 4
> VAMPIRE 1 4 7 2 4 3 0
> VAMPIRE 2 10 7 1 4 3 0
> VAMPIRE 4 4 7 3 2 3 4
< RES 1637330498 191 4
< MOVE D D D
> REQ 1637330498 192 4
> VAMPIRE 1 4 7 2 4 3 0
> VAMPIRE 2 11 7 1 4 3 0
> VAMPIRE 4 7 7 3 2 3 3
< RES 1637330498 192 4
> REQ 1637330498 193 4
> VAMPIRE 1 3 7 2 4 3 0
> VAMPIRE 2 11 7 1 4 3 0
> VAMPIRE 4 7 7 3 2 3 2
< RES 1637330498 193 4
> REQ 1637330498 194 4
> VAMPIRE 1 3 7 2 4 3 0
> VAMPIRE 2 11 7 1 4 3 0
> VAMPIRE 4 7 7 3 2 3 1
< RES 1637330498 194 4
> REQ 1637330498 195 4
> VAMPIRE 1 3 7 2 4 3 0
> VAMPIRE 2 11 7 1 4 3 0
> VAMPIRE 4 7 7 3 2 3 0
< RES 1637330498 195 4
> REQ 1637330498 196 4
> VAMPIRE 1 5 7 2 4 3 0
> VAMPIRE 2 9 7 1 4 3 0
> VAMPIRE 4 7 7 3 2 3 0
< RES 1637330498 196 4
> REQ 1637330498 197 4
> VAMPIRE 1 3 7 2 4 3 0
> VAMPIRE 2 11 7 1 4 3 0
> VAMPIRE 4 7 7 3 2 3 0
< RES 1637330498 197 4
> REQ 1637330498 198 4
> VAMPIRE 1 5 7 2 4 3 0
> VAMPIRE 2 9 7 1 4 3 0
> VAMPIRE 4 7 7 3 2 3 0
< RES 1637330498 198 4
> REQ 1637330498 199 4
> VAMPIRE 1 3 7 2 4 3 0
> VAMPIRE 2 11 7 1 4 3 0
> VAMPIRE 4 7 7 3 2 3 0
< RES 1637330498 199 4
> REQ 1637330498 200 4
> VAMPIRE 1 5 7 2 4 3 0
> VAMPIRE 2 9 7 1 4 3 0
> VAMPIRE 4 7 7 3 2 3 0
< RES 1637330498 200 4
> REQ 1637330498 201 4
> VAMPIRE 1 3 7 2 4 3 0
> VAMPIRE 2 11 7 1 4 3 0
> VAMPIRE 4 7 7 3 2 3 0
< RES 1637330498 201 4
> REQ 1637330498 202 4
> VAMPIRE 1 5 7 2 4 3 0
> VAMPIRE 2 9 7 1 4 3 0
> VAMPIRE 4 7 7 3 2 3 0
< RES 1637330498 202 4
> REQ 1637330498 203 4
> VAMPIRE 1 3 7 2 4 3 0
> VAMPIRE 2 11 7 1 4 3 0
> VAMPIRE 4 7 7 3 2 3 0
< RES 1637330498 203 4
> REQ 1637330498 204 4
> VAMPIRE 1 5 7 2 4 3 0
> VAMPIRE 2 9 7 1 4 3 0
> VAMPIRE 4 7 7 3 2 3 0
< RES 1637330498 204 4
> REQ 1637330498 205 4
> VAMPIRE 1 3 7 2 4 3 0
> VAMPIRE 2 11 7 1 4 3 0
> VAMPIRE 4 7 7 3 2 3 0
< RES 1637330498 205 4
> REQ 1637330498 206 4
> VAMPIRE 1 5 7 2 4 3 0
> VAMPIRE 2 9 7 1 4 3 0
> VAMPIRE 4 7 7 3 2 3 0
< RES 1637330498 206 4
> REQ 1637330498 207 4
> VAMPIRE 1 3 7 2 4 3 0
> VAMPIRE 2 11 7 1 4 3 0
> VAMPIRE 4 7 7 3 2 3 0
< RES 1637330498 207 4
> REQ 1637330498 208 4
> VAMPIRE 1 5 7 2 4 3 0
> VAMPIRE 2 9 7 1 4 3 0
> VAMPIRE 4 7 7 3 2 3 0
< RES 1637330498 208 4
> REQ 1637330498 209 4
> VAMPIRE 1 3 7 2 4 3 0
> VAMPIRE 2 11 7 1 4 3 0
> VAMPIRE 4 7 7 3 2 3 0
> POWERUP SHOE -4 3 12 7
> POWERUP SHOE -4 11 2 7
< RES 1637330498 209 4
< MOVE U U
> REQ 1637330498 210 4
> VAMPIRE 1 3 9 2 4 3 0
> VAMPIRE 2 11 5 1 4 3 0
> VAMPIRE 4 5 7 3 2 3 0
> POWERUP SHOE -3 3 12 7
> POWERUP SHOE -3 11 2 7
< RES 1637330498 210 4
< MOVE U U
> REQ 1637330498 211 4
> VAMPIRE 1 3 11 2 4 3 0
> VAMPIRE 2 11 3 1 4 3 0
> VAMPIRE 4 3 7 3 2 3 0
> POWERUP SHOE -2 3 12 7
> POWERUP SHOE -2 11 2 7
< RES 1637330498 211 4
< MOVE R R
> REQ 1637330498 212 4
> VAMPIRE 1 3 12 2 4 3 0
> VAMPIRE 2 11 2 1 4 3 0
> VAMPIRE 4 3 9 3 2 3 0
> POWERUP SHOE -1 3 12 7
> POWERUP SHOE -1 11 2 7
< RES 1637330498 212 4
< MOVE R R
> REQ 1637330498 213 4
> VAMPIRE 1 3 12 2 4 3 0
> VAMPIRE 2 11 2 1 4 3 0
> VAMPIRE 4 3 11 3 2 3 0
> POWERUP SHOE 16 3 12 7
> POWERUP SHOE 16 11 2 7
< RES 1637330498 213 4
< GRENADE
< MOVE R R
> REQ 1637330498 214 4
> VAMPIRE 1 3 12 2 4 3 0
> VAMPIRE 2 11 2 1 4 3 0
> VAMPIRE 4 3 13 3 1 3 0
> GRENADE 4 3 11 5 3
> POWERUP SHOE 15 3 12 7
> POWERUP SHOE 15 11 2 7
< RES 1637330498 214 4
< GRENADE
> REQ 1637330498 215 4
> VAMPIRE 1 3 12 2 4 3 0
> VAMPIRE 2 11 2 1 4 3 0
> VAMPIRE 4 3 13 3 0 3 0
> GRENADE 4 3 11 4 3
> GRENADE 4 3 13 5 3
> POWERUP SHOE 14 3 12 7
> POWERUP SHOE 14 11 2 7
< RES 1637330498 215 4
> REQ 1637330498 216 4
> VAMPIRE 1 3 12 2 4 3 0
> VAMPIRE 2 11 2 1 4 3 0
> VAMPIRE 4 3 13 3 0 3 0
> GRENADE 4 3 11 3 3
> GRENADE 4 3 13 4 3
> POWERUP SHOE 13 3 12 7
> POWERUP SHOE 13 11 2 7
< RES 1637330498 216 4
> REQ 1637330498 217 4
> VAMPIRE 1 3 12 2 4 3 0
> VAMPIRE 2 11 2 1 4 3 0
> VAMPIRE 4 3 13 3 0 3 0
> GRENADE 4 3 11 2 3
> GRENADE 4 3 13 3 3
> POWERUP SHOE 12 3 12 7
> POWERUP SHOE 12 11 2 7
< RES 1637330498 217 4
< THROW XU 2
< MOVE U U
> REQ 1637330498 218 4
> VAMPIRE 1 3 12 2 4 3 0
> VAMPIRE 2 11 2 1 4 3 0
> VAMPIRE 4 2 13 3 0 3 0
> GRENADE 4 3 11 1 3
> GRENADE 4 1 13 2 3
> POWERUP SHOE 11 3 12 7
> POWERUP SHOE 11 11 2 7
< RES 1637330498 218 4
< MOVE D L
> REQ 1637330498 219 4
> VAMPIRE 1 3 12 1 4 3 30
> VAMPIRE 2 11 2 1 4 3 30
> VAMPIRE 4 3 12 3 1 3 0
> GRENADE 4 1 13 1 3
< RES 1637330498 219 4
< MOVE L
> REQ 1637330498 220 4
> VAMPIRE 1 5 11 1 4 3 29
> VAMPIRE 2 9 3 1 4 3 29
> VAMPIRE 4 3 11 3 2 3 0
< RES 1637330498 220 4
< MOVE L L
> REQ 1637330498 221 4
> VAMPIRE 1 5 9 1 4 3 28
> VAMPIRE 2 9 5 1 4 3 28
> VAMPIRE 4 3 9 3 2 3 0
< RES 1637330498 221 4
< MOVE L L
> REQ 1637330498 222 4
> VAMPIRE 1 5 11 1 4 3 27
> VAMPIRE 2 9 3 1 4 3 27
> VAMPIRE 4 3 7 3 2 3 0
< RES 1637330498 222 4
> REQ 1637330498 223 4
> VAMPIRE 1 5 9 1 4 3 26
> VAMPIRE 2 9 5 1 4 3 26
> VAMPIRE 4 3 7 3 2 3 0
< RES 1637330498 223 4
< MOVE L L
> REQ 1637330498 224 4
> VAMPIRE 1 5 11 1 4 3 25
> VAMPIRE 2 9 3 1 4 3 25
> VAMPIRE 4 3 5 3 2 3 0
< RES 1637330498 224 4
< MOVE R R
> REQ 1637330498 225 4
> VAMPIRE 1 5 9 1 4 3 24
> VAMPIRE 2 9 5 1 4 3 24
> VAMPIRE 4 3 7 3 2 3 0
< RES 1637330498 225 4
< MOVE L L
> REQ 1637330498 226 4
> VAMPIRE 1 5 11 1 4 3 23
> VAMPIRE 2 9 3 1 4 3 23
> VAMPIRE 4 3 5 3 2 3 0
< RES 1637330498 226 4
< MOVE R R
> REQ 1637330498 227 4
> VAMPIRE 1 5 9 1 4 3 22
> VAMPIRE 2 9 5 1 4 3 22
> VAMPIRE 4 3 7 3 2 3 0
< RES 1637330498 227 4
< MOVE L L
> REQ 1637330498 228 4
> VAMPIRE 1 5 11 1 4 3 21
> VAMPIRE 2 9 3 1 4 3 21
> VAMPIRE 4 3 5 3 2 3 0
< RES 1637330498 228 4
< MOVE R R
> REQ 1637330498 229 4
> VAMPIRE 1 5 9 1 4 3 20
> VAMPIRE 2 9 5 1 4 3 20
> VAMPIRE 4 3 7 3 2 3 0
< RES 1637330498 229 4
< MOVE L L
> REQ 1637330498 230 4
> VAMPIRE 1 5 11 1 4 3 19
> VAMPIRE 2 9 3 1 4 3 19
> VAMPIRE 4 3 5 3 2 3 0
< RES 1637330498 230 4
< MOVE R R
> REQ 1637330498 231 4
> VAMPIRE 1 5 9 1 4 3 18
> VAMPIRE 2 9 5 1 4 3 18
> VAMPIRE 4 3 7 3 2 3 0
< RES 1637330498 231 4
< MOVE L L
> REQ 1637330498 232 4
> VAMPIRE 1 5 11 1 4 3 17
> VAMPIRE 2 9 3 1 4 3 17
> VAMPIRE 4 3 5 3 2 3 0
< RES 1637330498 232 4
< MOVE R R
> REQ 1637330498 233 4
> VAMPIRE 1 5 9 1 4 3 16
> VAMPIRE 2 9 5 1 4 3 16
> VAMPIRE 4 3 7 3 2 3 0
< RES 1637330498 233 4
< MOVE L L
> REQ 1637330498 234 4
> VAMPIRE 1 5 11 1 4 3 15
> VAMPIRE 2 9 3 1 4 3 15
> VAMPIRE 4 3 5 3 2 3 0
< RES 1637330498 234 4
< MOVE R R
> REQ 1637330498 235 4
> VAMPIRE 1 5 9 1 4 3 14
> VAMPIRE 2 9 5 1 4 3 14
> VAMPIRE 4 3 7 3 2 3 0
< RES 1637330498 235 4
< MOVE L L
> REQ 1637330498 236 4
> VAMPIRE 1 5 11 1 4 3 13
> VAMPIRE 2 9 3 1 4 3 13
> VAMPIRE 4 3 5 3 2 3 0
> POWERUP SHOE -4 8 11 7
> POWERUP SHOE -4 6 3 7
< RES 1637330498 236 4
< MOVE D D
> REQ 1637330498 237 4
> VAMPIRE 1 8 11 1 4 3 12
> VAMPIRE 2 6 3 1 4 3 12
> VAMPIRE 4 5 5 3 2 3 0
> POWERUP SHOE -3 8 11 7
> POWERUP SHOE -3 6 3 7
< RES 1637330498 237 4
< MOVE L L
> REQ 1637330498 238 4
> VAMPIRE 1 8 11 1 4 3 11
> VAMPIRE 2 6 3 1 4 3 11
> VAMPIRE 4 5 3 3 2 3 0
> POWERUP SHOE -2 8 11 7
> POWERUP SHOE -2 6 3 7
< RES 1637330498 238 4
< GRENADE
< MOVE D D
> REQ 1637330498 239 4
> VAMPIRE 1 8 11 1 4 3 10
> VAMPIRE 2 6 3 1 3 3 10
> VAMPIRE 4 5 3 3 1 3 0
> GRENADE 2 6 3 5 3
> GRENADE 4 5 3 5 3
> POWERUP SHOE -1 8 11 7
> POWERUP SHOE -1 6 3 7
< RES 1637330498 239 4
< GRENADE
< MOVE R R
> REQ 1637330498 240 4
> VAMPIRE 1 8 11 1 4 3 9
> VAMPIRE 2 7 3 1 3 3 9
> VAMPIRE 4 5 5 3 0 3 0
> GRENADE 2 2 3 4 3
> GRENADE 4 5 3 4 3
> GRENADE 4 5 3 5 3
> POWERUP SHOE 10 8 11 7
> POWERUP SHOE 10 6 3 7
< RES 1637330498 240 4
< MOVE L
> REQ 1637330498 241 4
> VAMPIRE 1 8 11 1 4 3 8
> VAMPIRE 2 6 3 1 3 3 8
> VAMPIRE 4 5 4 3 0 3 0
> GRENADE 2 2 3 3 3
> GRENADE 4 5 3 3 3
> GRENADE 4 5 3 4 3
> POWERUP SHOE 9 8 11 7
> POWERUP SHOE 9 6 3 7
< RES 1637330498 241 4
< MOVE R D
> REQ 1637330498 242 4
> VAMPIRE 1 8 11 1 4 3 7
> VAMPIRE 2 6 3 1 3 3 7
> VAMPIRE 4 6 5 3 0 3 0
> GRENADE 2 2 3 2 3
> GRENADE 4 5 3 2 3
> GRENADE 4 5 3 3 3
> POWERUP SHOE 8 8 11 7
> POWERUP SHOE 8 6 3 7
< RES 1637330498 242 4
< MOVE D L
> REQ 1637330498 243 4
> VAMPIRE 1 8 11 1 4 3 6
> VAMPIRE 2 7 2 1 3 3 6
> VAMPIRE 4 7 4 3 0 3 0
> GRENADE 2 2 3 1 3
> GRENADE 4 5 3 1 3
> GRENADE 4 5 3 2 3
> POWERUP SHOE 7 8 11 7
> POWERUP SHOE 7 6 3 7
< RES 1637330498 243 4
> REQ 1637330498 244 4
> VAMPIRE 1 8 11 1 4 3 5
> VAMPIRE 2 7 2 1 4 3 5
> VAMPIRE 4 7 4 3 2 3 0
> POWERUP SHOE 6 8 11 7
> POWERUP SHOE 6 6 3 7
< RES 1637330498 244 4
< MOVE L U
> REQ 1637330498 245 4
> VAMPIRE 1 8 11 1 4 3 4
> VAMPIRE 2 6 3 1 3 3 4
> VAMPIRE 4 6 3 3 2 3 0
> GRENADE 2 7 2 5 3
> POWERUP SHOE 5 8 11 7
> POWERUP SHOE 5 6 3 7
< RES 1637330498 245 4
> REQ 1637330498 246 4
> VAMPIRE 1 8 11 1 4 3 33
> VAMPIRE 2 6 3 1 3 3 3
> VAMPIRE 4 6 3 3 2 3 0
> GRENADE 2 7 2 4 3
> POWERUP SHOE 4 6 3 7
< RES 1637330498 246 4
> REQ 1637330498 247 4
> VAMPIRE 1 5 11 1 4 3 32
> VAMPIRE 2 6 3 1 3 3 2
> VAMPIRE 4 6 3 3 2 3 0
> GRENADE 2 7 2 3 3
> POWERUP SHOE 3 6 3 7
< RES 1637330498 247 4
> REQ 1637330498 248 4
> VAMPIRE 1 5 8 1 4 3 31
> VAMPIRE 2 6 3 1 3 3 1
> VAMPIRE 4 6 3 3 2 3 0
> GRENADE 2 7 2 2 3
> POWERUP SHOE 2 6 3 7
< RES 1637330498 248 4
> REQ 1637330498 249 4
> VAMPIRE 1 5 5 1 4 3 30
> VAMPIRE 2 6 3 1 3 3 0
> VAMPIRE 4 6 3 3 2 3 0
> GRENADE 2 7 2 1 3
> POWERUP SHOE 1 6 3 7
< RES 1637330498 249 4
> REQ 1637330498 250 4
> VAMPIRE 1 5 5 1 4 3 29
> VAMPIRE 2 6 3 1 4 3 0
> VAMPIRE 4 6 3 3 2 3 0
> POWERUP SHOE 1 6 3 7
< RES 1637330498 250 4
> REQ 1637330498 251 4
> VAMPIRE 1 5 5 1 4 3 28
> VAMPIRE 2 6 3 1 4 3 0
> VAMPIRE 4 6 3 3 2 3 0
> POWERUP SHOE 1 6 3 7
< RES 1637330498 251 4
> REQ 1637330498 252 4
> VAMPIRE 1 5 5 1 4 3 27
> VAMPIRE 2 6 3 1 4 3 0
> VAMPIRE 4 6 3 3 2 3 0
> POWERUP SHOE 1 6 3 7
< RES 1637330498 252 4
> REQ 1637330498 253 4
> VAMPIRE 1 5 5 1 4 3 26
> VAMPIRE 2 6 3 1 4 3 0
> VAMPIRE 4 6 3 3 2 3 0
> POWERUP SHOE 1 6 3 7
< RES 1637330498 253 4
> REQ 1637330498 254 4
> VAMPIRE 1 5 5 1 4 3 25
> VAMPIRE 2 6 3 1 4 3 0
> VAMPIRE 4 6 3 3 2 3 0
> POWERUP SHOE 1 6 3 7
< RES 1637330498 254 4
> REQ 1637330498 255 4
> VAMPIRE 1 5 5 1 4 3 24
> VAMPIRE 2 6 3 1 4 3 0
> VAMPIRE 4 6 3 3 2 3 0
> POWERUP SHOE 1 6 3 7
< RES 1637330498 255 4
> REQ 1637330498 256 4
> VAMPIRE 1 5 5 1 4 3 23
> VAMPIRE 2 6 3 1 4 3 0
> VAMPIRE 4 6 3 3 2 3 0
> POWERUP SHOE 1 6 3 7
< RES 1637330498 256 4
> REQ 1637330498 257 4
> VAMPIRE 1 5 5 1 4 3 22
> VAMPIRE 2 6 3 1 4 3 0
> VAMPIRE 4 6 3 3 2 3 0
> POWERUP SHOE 1 6 3 7
< RES 1637330498 257 4
> REQ 1637330498 258 4
> VAMPIRE 1 5 5 1 4 3 21
> VAMPIRE 2 6 3 1 4 3 0
> VAMPIRE 4 6 3 3 2 3 0
> POWERUP SHOE 1 6 3 7
< RES 1637330498 258 4
> REQ 1637330498 259 4
> VAMPIRE 1 5 5 1 4 3 20
> VAMPIRE 2 6 3 1 4 3 0
> VAMPIRE 4 6 3 3 2 3 0
> POWERUP SHOE 1 6 3 7
< RES 1637330498 259 4
> REQ 1637330498 260 4
> VAMPIRE 1 5 5 1 4 3 19
> VAMPIRE 2 6 3 1 4 3 0
> VAMPIRE 4 6 3 3 2 3 0
> POWERUP SHOE 1 6 3 7
< RES 1637330498 260 4
> REQ 1637330498 261 4
> VAMPIRE 1 5 5 1 4 3 18
> VAMPIRE 2 6 3 1 4 3 0
> VAMPIRE 4 6 3 3 2 3 0
> POWERUP SHOE 1 6 3 7
< RES 1637330498 261 4
> REQ 1637330498 262 4
> VAMPIRE 1 5 5 1 4 3 17
> VAMPIRE 2 6 3 1 4 3 0
> VAMPIRE 4 6 3 3 2 3 0
> POWERUP SHOE 1 6 3 7
< RES 1637330498 262 4
> REQ 1637330498 263 4
> VAMPIRE 1 5 5 1 4 3 16
> VAMPIRE 2 6 3 1 4 3 0
> VAMPIRE 4 6 3 3 2 3 0
> POWERUP SHOE 1 6 3 7
< RES 1637330498 263 4
> REQ 1637330498 264 4
> VAMPIRE 1 5 5 1 4 3 15
> VAMPIRE 2 6 3 1 4 3 0
> VAMPIRE 4 6 3 3 2 3 0
> POWERUP BATTERY -9 5 3 6
> POWERUP BATTERY -9 9 11 6
< RES 1637330498 264 4
< MOVE U
> REQ 1637330498 265 4
> VAMPIRE 1 5 3 1 4 3 14
> VAMPIRE 2 5 3 1 4 3 0
> VAMPIRE 4 5 3 3 2 3 0
> POWERUP BATTERY -8 5 3 6
> POWERUP BATTERY -8 9 11 6
< RES 1637330498 265 4
> REQ 1637330498 266 4
> VAMPIRE 1 5 3 1 3 3 13
> VAMPIRE 2 5 3 1 3 3 0
> VAMPIRE 4 5 3 3 2 3 0
> GRENADE 1 5 3 5 3
> GRENADE 2 5 3 5 3
> POWERUP BATTERY -7 5 3 6
> POWERUP BATTERY -7 9 11 6
< RES 1637330498 266 4
> REQ 1637330498 267 4
> VAMPIRE 1 5 3 1 2 3 12
> VAMPIRE 2 5 3 1 2 3 0
> VAMPIRE 4 5 3 3 2 3 0
> GRENADE 1 5 3 4 3
> GRENADE 2 5 3 4 3
> GRENADE 1 5 3 5 3
> GRENADE 2 5 3 5 3
> POWERUP BATTERY -6 5 3 6
> POWERUP BATTERY -6 9 11 6
< RES 1637330498 267 4
> REQ 1637330498 268 4
> VAMPIRE 1 5 3 1 1 3 11
> VAMPIRE 2 5 3 1 1 3 0
> VAMPIRE 4 5 3 3 2 3 0
> GRENADE 1 5 3 3 3
> GRENADE 2 5 3 3 3
> GRENADE 1 5 3 4 3
> GRENADE 2 5 3 4 3
> GRENADE 1 5 3 5 3
> GRENADE 2 5 3 5 3
> POWERUP BATTERY -5 5 3 6
> POWERUP BATTERY -5 9 11 6
< RES 1637330498 268 4
< MOVE U
> REQ 1637330498 269 4
> VAMPIRE 1 5 3 1 0 3 10
> VAMPIRE 2 3 3 1 0 3 0
> VAMPIRE 4 4 3 3 2 3 0
> GRENADE 1 5 3 2 3
> GRENADE 2 5 3 2 3
> GRENADE 1 5 3 3 3
> GRENADE 2 5 3 3 3
> GRENADE 1 5 3 4 3
> GRENADE 2 5 3 4 3
> GRENADE 1 5 3 5 3
> GRENADE 2 5 3 5 3
> POWERUP BATTERY -4 5 3 6
> POWERUP BATTERY -4 9 11 6
< RES 1637330498 269 4
< GRENADE
< MOVE U R
> REQ 1637330498 270 4
> VAMPIRE 1 4 1 1 0 3 9
> VAMPIRE 2 3 1 1 0 3 0
> VAMPIRE 4 3 4 3 1 3 0
> GRENADE 1 5 3 1 3
> GRENADE 2 5 3 1 3
> GRENADE 1 5 3 2 3
> GRENADE 2 5 3 2 3
> GRENADE 1 5 3 3 3
> GRENADE 2 5 3 3 3
> GRENADE 1 5 3 4 3
> GRENADE 2 5 3 4 3
> GRENADE 4 4 3 5 3
> POWERUP BATTERY -3 5 3 6
> POWERUP BATTERY -3 9 11 6
< RES 1637330498 270 4
< MOVE L
> REQ 1637330498 271 4
> VAMPIRE 1 5 2 1 4 3 8
> VAMPIRE 2 3 3 1 4 3 0
> VAMPIRE 4 3 3 3 2 3 0
> POWERUP BATTERY -2 5 3 6
> POWERUP BATTERY -2 9 11 6
< RES 1637330498 271 4
< MOVE D D
> REQ 1637330498 272 4
> VAMPIRE 1 5 3 1 4 3 7
> VAMPIRE 2 5 3 1 4 3 0
> VAMPIRE 4 5 3 3 2 3 0
> POWERUP BATTERY -1 5 3 6
> POWERUP BATTERY -1 9 11 6
< RES 1637330498 272 4
> REQ 1637330498 273 4
> VAMPIRE 1 5 3 1 3 3 6
> VAMPIRE 2 5 3 1 3 3 0
> VAMPIRE 4 5 3 3 2 3 0
> GRENADE 1 5 3 5 3
> GRENADE 2 5 3 5 3
> POWERUP BATTERY 11 5 3 6
> POWERUP BATTERY 11 9 11 6
< RES 1637330498 273 4
> REQ 1637330498 274 4
> VAMPIRE 1 5 3 1 2 3 5
> VAMPIRE 2 5 3 1 2 3 0
> VAMPIRE 4 5 3 3 2 3 0
> GRENADE 1 5 3 4 3
> GRENADE 2 5 3 4 3
> GRENADE 1 5 3 5 3
> GRENADE 2 5 3 5 3
> POWERUP BATTERY 10 5 3 6
> POWERUP BATTERY 10 9 11 6
< RES 1637330498 274 4
< GRENADE
> REQ 1637330498 275 4
> VAMPIRE 1 5 3 1 1 3 4
> VAMPIRE 2 5 3 1 1 3 0
> VAMPIRE 4 5 3 3 1 3 0
> GRENADE 1 5 3 3 3
> GRENADE 2 5 3 3 3
> GRENADE 1 5 3 4 3
> GRENADE 2 5 3 4 3
> GRENADE 1 5 3 5 3
> GRENADE 2 5 3 5 3
> GRENADE 4 5 3 5 3
> POWERUP BATTERY 9 5 3 6
> POWERUP BATTERY 9 9 11 6
< RES 1637330498 275 4
< MOVE U
> REQ 1637330498 276 4
> VAMPIRE 1 5 3 1 0 3 3
> VAMPIRE 2 3 3 1 0 3 0
> VAMPIRE 4 4 3 3 1 3 0
> GRENADE 1 5 3 2 3
> GRENADE 2 5 3 2 3
> GRENADE 1 5 3 3 3
> GRENADE 2 5 3 3 3
> GRENADE 1 5 3 4 3
> GRENADE 2 5 3 4 3
> GRENADE 4 5 3 4 3
> GRENADE 1 5 3 5 3
> GRENADE 2 5 3 5 3
> POWERUP BATTERY 8 5 3 6
> POWERUP BATTERY 8 9 11 6
< RES 1637330498 276 4
< GRENADE
< MOVE U R
> REQ 1637330498 277 4
> VAMPIRE 1 4 1 1 0 3 2
> VAMPIRE 2 3 1 1 0 3 0
> VAMPIRE 4 3 4 3 0 3 0
> GRENADE 1 5 3 1 3
> GRENADE 2 5 3 1 3
> GRENADE 1 5 3 2 3
> GRENADE 2 5 3 2 3
> GRENADE 1 5 3 3 3
> GRENADE 2 5 3 3 3
> GRENADE 4 5 3 3 3
> GRENADE 1 5 3 4 3
> GRENADE 2 5 3 4 3
> GRENADE 4 4 3 5 3
> POWERUP BATTERY 7 5 3 6
> POWERUP BATTERY 7 9 11 6
< RES 1637330498 277 4
< MOVE L
> REQ 1637330498 278 4
> VAMPIRE 1 3 3 1 4 3 1
> VAMPIRE 2 3 3 1 4 3 0
> VAMPIRE 4 3 3 3 2 3 0
> POWERUP BATTERY 6 5 3 6
> POWERUP BATTERY 6 9 11 6
< RES 1637330498 278 4
< MOVE D D
> REQ 1637330498 279 4
> VAMPIRE 1 5 3 1 3 3 0
> VAMPIRE 2 5 3 1 3 3 0
> VAMPIRE 4 5 3 3 2 3 0
> GRENADE 1 3 3 5 3
> GRENADE 2 3 3 5 3
> POWERUP BATTERY 5 5 3 6
> POWERUP BATTERY 5 9 11 6
< RES 1637330498 279 4
> REQ 1637330498 280 4
> VAMPIRE 1 5 3 1 2 3 0
> VAMPIRE 2 5 3 1 2 3 0
> VAMPIRE 4 5 3 3 2 3 0
> GRENADE 1 3 3 4 3
> GRENADE 2 3 3 4 3
> GRENADE 1 5 3 5 3
> GRENADE 2 5 3 5 3
> POWERUP BATTERY 4 5 3 6
> POWERUP BATTERY 4 9 11 6
< RES 1637330498 280 4
> REQ 1637330498 281 4
> VAMPIRE 1 5 3 1 1 3 0
> VAMPIRE 2 5 3 1 1 3 0
> VAMPIRE 4 5 3 3 2 3 0
> GRENADE 1 3 3 3 3
> GRENADE 2 3 3 3 3
> GRENADE 1 5 3 4 3
> GRENADE 2 5 3 4 3
> GRENADE 1 5 3 5 3
> GRENADE 2 5 3 5 3
> POWERUP BATTERY 3 5 3 6
> POWERUP BATTERY 3 9 11 6
< RES 1637330498 281 4
< MOVE D
> REQ 1637330498 282 4
> VAMPIRE 1 7 3 1 0 3 0
> VAMPIRE 2 7 3 1 0 3 0
> VAMPIRE 4 6 3 3 2 3 0
> GRENADE 1 3 3 2 3
> GRENADE 2 3 3 2 3
> GRENADE 1 5 3 3 3
> GRENADE 2 5 3 3 3
> GRENADE 1 5 3 4 3
> GRENADE 2 5 3 4 3
> GRENADE 1 5 3 5 3
> GRENADE 2 5 3 5 3
> POWERUP BATTERY 2 5 3 6
> POWERUP BATTERY 2 9 11 6
< RES 1637330498 282 4
< GRENADE
< MOVE D R
> REQ 1637330498 283 4
> VAMPIRE 1 7 5 1 0 3 0
> VAMPIRE 2 7 5 1 0 3 0
> VAMPIRE 4 7 4 3 1 3 0
> GRENADE 1 3 3 1 3
> GRENADE 2 3 3 1 3
> GRENADE 1 5 3 2 3
> GRENADE 2 5 3 2 3
> GRENADE 1 5 3 3 3
> GRENADE 2 5 3 3 3
> GRENADE 1 5 3 4 3
> GRENADE 2 5 3 4 3
> GRENADE 4 6 3 5 3
> POWERUP BATTERY 1 5 3 6
> POWERUP BATTERY 1 9 11 6
< RES 1637330498 283 4
< MOVE L
> REQ 1637330498 284 4
> VAMPIRE 1 7 5 1 4 3 0
> VAMPIRE 2 7 5 1 4 3 0
> VAMPIRE 4 7 3 3 2 3 0
< RES 1637330498 284 4
> REQ 1637330498 285 4
> VAMPIRE 1 7 7 1 3 3 0
> VAMPIRE 2 7 7 1 3 3 0
> VAMPIRE 4 7 3 3 2 3 0
> GRENADE 1 7 5 5 3
> GRENADE 2 7 5 5 3
< RES 1637330498 285 4
> REQ 1637330498 286 4
> VAMPIRE 1 7 7 1 2 3 0
> VAMPIRE 2 7 7 1 2 3 0
> VAMPIRE 4 7 3 3 2 3 0
> GRENADE 1 7 5 4 3
> GRENADE 2 7 5 4 3
> GRENADE 1 7 7 5 3
> GRENADE 2 7 7 5 3
< RES 1637330498 286 4
< MOVE U U
> REQ 1637330498 287 4
> VAMPIRE 1 5 7 1 1 3 0
> VAMPIRE 2 5 7 1 1 3 0
> VAMPIRE 4 5 3 3 2 3 0
> GRENADE 1 7 5 3 3
> GRENADE 2 7 5 3 3
> GRENADE 1 7 7 4 3
> GRENADE 2 7 7 4 3
> GRENADE 1 7 7 5 3
> GRENADE 2 7 7 5 3
< RES 1637330498 287 4
< MOVE U U
> REQ 1637330498 288 4
> VAMPIRE 1 5 7 1 0 3 0
> VAMPIRE 2 5 7 1 0 3 0
> VAMPIRE 4 3 3 3 2 3 0
> GRENADE 1 7 5 2 3
> GRENADE 2 7 5 2 3
> GRENADE 1 7 7 3 3
> GRENADE 2 7 7 3 3
> GRENADE 1 7 7 4 3
> GRENADE 2 7 7 4 3
> GRENADE 1 5 7 5 3
> GRENADE 2 5 7 5 3
< RES 1637330498 288 4
< MOVE R R
> REQ 1637330498 289 4
> VAMPIRE 1 5 7 1 0 3 0
> VAMPIRE 2 5 7 1 0 3 0
> VAMPIRE 4 3 5 3 2 3 0
> GRENADE 1 7 5 1 3
> GRENADE 2 7 5 1 3
> GRENADE 1 7 7 2 3
> GRENADE 2 7 7 2 3
> GRENADE 1 7 7 3 3
> GRENADE 2 7 7 3 3
> GRENADE 1 5 7 4 3
> GRENADE 2 5 7 4 3
< RES 1637330498 289 4
< MOVE R R
> END 492 Survivor
