> MESSAGE OK
> LEVEL 9
> GAMEID 1637181804
> TEST 1
> MAXTICK 1000
> GRENADERADIUS 2
> SIZE 21
> REQ 1637181804 0 2
> VAMPIRE 1 1 1 3 1 2 0
> VAMPIRE 4 1 19 3 1 2 0
> VAMPIRE 3 19 19 3 1 2 0
> VAMPIRE 2 19 1 3 1 2 0
> BAT1 4 1 6 1 8 1 10 1 12 1 14 1 16 1 1 4 19 4 6 5 8 5 10 5 12 5 14 5 1 6 5 6 15 6 19 6 1 8 5 8 15 8 19 8 10 9 1 10 5 10 9 10 11 10 15 10 19 10 10 11 1 12 5 12 15 12 19 12 1 14 5 14 15 14 19 14 6 15 8 15 10 15 12 15 14 15 1 16 19 16 4 19 6 19 8 19 10 19 12 19 14 19 16 19
> BAT2 4 3 6 3 8 3 10 3 12 3 14 3 16 3 3 4 17 4 3 6 17 6 8 7 10 7 12 7 3 8 7 8 13 8 17 8 3 10 7 10 13 10 17 10 3 12 7 12 13 12 17 12 8 13 10 13 12 13 3 14 17 14 3 16 17 16 4 17 6 17 8 17 10 17 12 17 14 17 16 17
< RES 1637181804 0 2
< MOVE U U
> REQ 1637181804 1 2
> VAMPIRE 1 2 1 3 1 2 0
> VAMPIRE 4 3 19 3 1 2 0
> VAMPIRE 3 19 17 3 1 2 0
> VAMPIRE 2 17 1 3 1 2 0
> BAT1 4 1 6 1 8 1 10 1 12 1 14 1 16 1 1 4 19 4 6 5 8 5 10 5 12 5 14 5 1 6 5 6 15 6 19 6 1 8 5 8 15 8 19 8 10 9 1 10 5 10 9 10 11 10 15 10 19 10 10 11 1 12 5 12 15 12 19 12 1 14 5 14 15 14 19 14 6 15 8 15 10 15 12 15 14 15 1 16 19 16 4 19 6 19 8 19 10 19 12 19 14 19 16 19
> BAT2 4 3 6 3 8 3 10 3 12 3 14 3 16 3 3 4 17 4 3 6 17 6 8 7 10 7 12 7 3 8 7 8 13 8 17 8 3 10 7 10 13 10 17 10 3 12 7 12 13 12 17 12 8 13 10 13 12 13 3 14 17 14 3 16 17 16 4 17 6 17 8 17 10 17 12 17 14 17 16 17
< RES 1637181804 1 2
< GRENADE
< MOVE R R
> REQ 1637181804 2 2
> VAMPIRE 1 1 2 3 0 2 0
> VAMPIRE 4 3 17 3 1 2 0
> VAMPIRE 3 17 17 3 0 2 0
> VAMPIRE 2 17 3 3 0 2 0
> GRENADE 1 2 1 5 2
> GRENADE 3 19 17 5 2
> GRENADE 2 17 1 5 2
> BAT1 4 1 6 1 8 1 10 1 12 1 14 1 16 1 1 4 19 4 6 5 8 5 10 5 12 5 14 5 1 6 5 6 15 6 19 6 1 8 5 8 15 8 19 8 10 9 1 10 5 10 9 10 11 10 15 10 19 10 10 11 1 12 5 12 15 12 19 12 1 14 5 14 15 14 19 14 6 15 8 15 10 15 12 15 14 15 1 16 19 16 4 19 6 19 8 19 10 19 12 19 14 19 16 19
> BAT2 4 3 6 3 8 3 10 3 12 3 14 3 16 3 3 4 17 4 3 6 17 6 8 7 10 7 12 7 3 8 7 8 13 8 17 8 3 10 7 10 13 10 17 10 3 12 7 12 13 12 17 12 8 13 10 13 12 13 3 14 17 14 3 16 17 16 4 17 6 17 8 17 10 17 12 17 14 17 16 17
< RES 1637181804 2 2
< MOVE D D
> REQ 1637181804 3 2
> VAMPIRE 1 1 3 3 0 2 0
> VAMPIRE 4 1 17 3 0 2 0
> VAMPIRE 3 17 19 3 0 2 0
> VAMPIRE 2 19 3 3 0 2 0
> GRENADE 1 2 1 4 2
> GRENADE 3 19 17 4 2
> GRENADE 2 17 1 4 2
> GRENADE 4 3 17 5 2
> BAT1 4 1 6 1 8 1 10 1 12 1 14 1 16 1 1 4 19 4 6 5 8 5 10 5 12 5 14 5 1 6 5 6 15 6 19 6 1 8 5 8 15 8 19 8 10 9 1 10 5 10 9 10 11 10 15 10 19 10 10 11 1 12 5 12 15 12 19 12 1 14 5 14 15 14 19 14 6 15 8 15 10 15 12 15 14 15 1 16 19 16 4 19 6 19 8 19 10 19 12 19 14 19 16 19
> BAT2 4 3 6 3 8 3 10 3 12 3 14 3 16 3 3 4 17 4 3 6 17 6 8 7 10 7 12 7 3 8 7 8 13 8 17 8 3 10 7 10 13 10 17 10 3 12 7 12 13 12 17 12 8 13 10 13 12 13 3 14 17 14 3 16 17 16 4 17 6 17 8 17 10 17 12 17 14 17 16 17
< RES 1637181804 3 2
> REQ 1637181804 4 2
> VAMPIRE 1 1 3 3 0 2 0
> VAMPIRE 4 1 18 3 0 2 0
> VAMPIRE 3 17 19 3 0 2 0
> VAMPIRE 2 19 3 3 0 2 0
> GRENADE 1 2 1 3 2
> GRENADE 3 19 17 3 2
> GRENADE 2 17 1 3 2
> GRENADE 4 3 17 4 2
> BAT1 4 1 6 1 8 1 10 1 12 1 14 1 16 1 1 4 19 4 6 5 8 5 10 5 12 5 14 5 1 6 5 6 15 6 19 6 1 8 5 8 15 8 19 8 10 9 1 10 5 10 9 10 11 10 15 10 19 10 10 11 1 12 5 12 15 12 19 12 1 14 5 14 15 14 19 14 6 15 8 15 10 15 12 15 14 15 1 16 19 16 4 19 6 19 8 19 10 19 12 19 14 19 16 19
> BAT2 4 3 6 3 8 3 10 3 12 3 14 3 16 3 3 4 17 4 3 6 17 6 8 7 10 7 12 7 3 8 7 8 13 8 17 8 3 10 7 10 13 10 17 10 3 12 7 12 13 12 17 12 8 13 10 13 12 13 3 14 17 14 3 16 17 16 4 17 6 17 8 17 10 17 12 17 14 17 16 17
< RES 1637181804 4 2
> REQ 1637181804 5 2
> VAMPIRE 1 1 3 3 0 2 0
> VAMPIRE 4 1 18 3 0 2 0
> VAMPIRE 3 17 19 3 0 2 0
> VAMPIRE 2 19 3 3 0 2 0
> GRENADE 1 2 1 2 2
> GRENADE 3 19 17 2 2
> GRENADE 2 17 1 2 2
> GRENADE 4 3 17 3 2
> BAT1 4 1 6 1 8 1 10 1 12 1 14 1 16 1 1 4 19 4 6 5 8 5 10 5 12 5 14 5 1 6 5 6 15 6 19 6 1 8 5 8 15 8 19 8 10 9 1 10 5 10 9 10 11 10 15 10 19 10 10 11 1 12 5 12 15 12 19 12 1 14 5 14 15 14 19 14 6 15 8 15 10 15 12 15 14 15 1 16 19 16 4 19 6 19 8 19 10 19 12 19 14 19 16 19
> BAT2 4 3 6 3 8 3 10 3 12 3 14 3 16 3 3 4 17 4 3 6 17 6 8 7 10 7 12 7 3 8 7 8 13 8 17 8 3 10 7 10 13 10 17 10 3 12 7 12 13 12 17 12 8 13 10 13 12 13 3 14 17 14 3 16 17 16 4 17 6 17 8 17 10 17 12 17 14 17 16 17
< RES 1637181804 5 2
> REQ 1637181804 6 2
> VAMPIRE 1 1 3 3 0 2 0
> VAMPIRE 4 1 18 3 0 2 0
> VAMPIRE 3 17 19 3 0 2 0
> VAMPIRE 2 19 3 3 0 2 0
> GRENADE 1 2 1 1 2
> GRENADE 3 19 17 1 2
> GRENADE 2 17 1 1 2
> GRENADE 4 3 17 2 2
> BAT1 4 1 6 1 8 1 10 1 12 1 14 1 16 1 1 4 19 4 6 5 8 5 10 5 12 5 14 5 1 6 5 6 15 6 19 6 1 8 5 8 15 8 19 8 10 9 1 10 5 10 9 10 11 10 15 10 19 10 10 11 1 12 5 12 15 12 19 12 1 14 5 14 15 14 19 14 6 15 8 15 10 15 12 15 14 15 1 16 19 16 4 19 6 19 8 19 10 19 12 19 14 19 16 19
> BAT2 4 3 6 3 8 3 10 3 12 3 14 3 16 3 3 4 17 4 3 6 17 6 8 7 10 7 12 7 3 8 7 8 13 8 17 8 3 10 7 10 13 10 17 10 3 12 7 12 13 12 17 12 8 13 10 13 12 13 3 14 17 14 3 16 17 16 4 17 6 17 8 17 10 17 12 17 14 17 16 17
< RES 1637181804 6 2
< MOVE U U
> REQ 1637181804 7 2
> VAMPIRE 1 3 3 3 1 2 0
> VAMPIRE 4 2 19 3 0 2 0
> VAMPIRE 3 17 17 3 1 2 0
> VAMPIRE 2 17 3 3 1 2 0
> GRENADE 4 3 17 1 2
> BAT1 6 1 8 1 10 1 12 1 14 1 1 4 19 4 6 5 8 5 10 5 12 5 14 5 1 6 5 6 15 6 19 6 1 8 5 8 15 8 19 8 10 9 1 10 5 10 9 10 11 10 15 10 19 10 10 11 1 12 5 12 15 12 19 12 1 14 5 14 15 14 19 14 6 15 8 15 10 15 12 15 14 15 1 16 4 19 6 19 8 19 10 19 12 19 14 19 16 19
> BAT2 4 3 6 3 8 3 10 3 12 3 14 3 16 3 3 4 17 4 3 6 17 6 8 7 10 7 12 7 3 8 7 8 13 8 17 8 3 10 7 10 13 10 17 10 3 12 7 12 13 12 17 12 8 13 10 13 12 13 3 14 17 14 3 16 17 16 4 17 6 17 8 17 10 17 12 17 14 17 16 17
< RES 1637181804 7 2
< GRENADE
< MOVE L L
> REQ 1637181804 8 2
> VAMPIRE 1 3 1 3 0 2 0
> VAMPIRE 4 3 19 3 1 2 0
> VAMPIRE 3 19 17 3 0 2 0
> VAMPIRE 2 17 1 3 0 2 0
> GRENADE 1 3 3 5 2
> GRENADE 3 17 17 5 2
> GRENADE 2 17 3 5 2
> BAT1 6 1 8 1 10 1 12 1 14 1 1 4 19 4 6 5 8 5 10 5 12 5 14 5 1 6 5 6 15 6 19 6 1 8 5 8 15 8 19 8 10 9 1 10 5 10 9 10 11 10 15 10 19 10 10 11 1 12 5 12 15 12 19 12 1 14 5 14 15 14 19 14 6 15 8 15 10 15 12 15 14 15 1 16 4 19 6 19 8 19 10 19 12 19 14 19 16 19 3 16 4 17
> BAT2 4 3 6 3 8 3 10 3 12 3 14 3 16 3 3 4 17 4 3 6 17 6 8 7 10 7 12 7 3 8 7 8 13 8 17 8 3 10 7 10 13 10 17 10 3 12 7 12 13 12 17 12 8 13 10 13 12 13 3 14 17 14 17 16 6 17 8 17 10 17 12 17 14 17 16 17
< RES 1637181804 8 2
< MOVE U U
> REQ 1637181804 9 2
> VAMPIRE 1 5 1 3 0 2 0
> VAMPIRE 4 3 17 3 1 2 0
> VAMPIRE 3 19 15 3 0 2 0
> VAMPIRE 2 15 1 3 0 2 0
> GRENADE 1 3 3 4 2
> GRENADE 3 17 17 4 2
> GRENADE 2 17 3 4 2
> BAT1 6 1 8 1 10 1 12 1 14 1 1 4 19 4 6 5 8 5 10 5 12 5 14 5 1 6 5 6 15 6 19 6 1 8 5 8 15 8 19 8 10 9 1 10 5 10 9 10 11 10 15 10 19 10 10 11 1 12 5 12 15 12 19 12 1 14 5 14 15 14 19 14 6 15 8 15 10 15 12 15 14 15 1 16 4 19 6 19 8 19 10 19 12 19 14 19 16 19 3 16 4 17
> BAT2 4 3 6 3 8 3 10 3 12 3 14 3 16 3 3 4 17 4 3 6 17 6 8 7 10 7 12 7 3 8 7 8 13 8 17 8 3 10 7 10 13 10 17 10 3 12 7 12 13 12 17 12 8 13 10 13 12 13 3 14 17 14 17 16 6 17 8 17 10 17 12 17 14 17 16 17
< RES 1637181804 9 2
> REQ 1637181804 10 2
> VAMPIRE 1 5 1 3 0 2 0
> VAMPIRE 4 1 17 3 0 2 0
> VAMPIRE 3 19 15 3 0 2 0
> VAMPIRE 2 15 1 3 0 2 0
> GRENADE 1 3 3 3 2
> GRENADE 3 17 17 3 2
> GRENADE 2 17 3 3 2
> GRENADE 4 3 17 5 2
> BAT1 6 1 8 1 10 1 12 1 14 1 1 4 19 4 6 5 8 5 10 5 12 5 14 5 1 6 5 6 15 6 19 6 1 8 5 8 15 8 19 8 10 9 1 10 5 10 9 10 11 10 15 10 19 10 10 11 1 12 5 12 15 12 19 12 1 14 5 14 15 14 19 14 6 15 8 15 10 15 12 15 14 15 1 16 4 19 6 19 8 19 10 19 12 19 14 19 16 19 3 16 4 17
> BAT2 4 3 6 3 8 3 10 3 12 3 14 3 16 3 3 4 17 4 3 6 17 6 8 7 10 7 12 7 3 8 7 8 13 8 17 8 3 10 7 10 13 10 17 10 3 12 7 12 13 12 17 12 8 13 10 13 12 13 3 14 17 14 17 16 6 17 8 17 10 17 12 17 14 17 16 17
< RES 1637181804 10 2
< MOVE R R
> REQ 1637181804 11 2
> VAMPIRE 1 5 1 3 0 2 0
> VAMPIRE 4 1 18 3 0 2 0
> VAMPIRE 3 19 15 3 0 2 0
> VAMPIRE 2 15 3 3 0 2 0
> GRENADE 1 3 3 2 2
> GRENADE 3 17 17 2 2
> GRENADE 2 17 3 2 2
> GRENADE 4 3 17 4 2
> BAT1 6 1 8 1 10 1 12 1 14 1 1 4 19 4 6 5 8 5 10 5 12 5 14 5 1 6 5 6 15 6 19 6 1 8 5 8 15 8 19 8 10 9 1 10 5 10 9 10 11 10 15 10 19 10 10 11 1 12 5 12 15 12 19 12 1 14 5 14 15 14 19 14 6 15 8 15 10 15 12 15 14 15 1 16 4 19 6 19 8 19 10 19 12 19 14 19 16 19 3 16 4 17
> BAT2 4 3 6 3 8 3 10 3 12 3 14 3 16 3 3 4 17 4 3 6 17 6 8 7 10 7 12 7 3 8 7 8 13 8 17 8 3 10 7 10 13 10 17 10 3 12 7 12 13 12 17 12 8 13 10 13 12 13 3 14 17 14 17 16 6 17 8 17 10 17 12 17 14 17 16 17
< RES 1637181804 11 2
> REQ 1637181804 12 2
> VAMPIRE 1 5 1 3 0 2 0
> VAMPIRE 4 1 18 3 0 2 0
> VAMPIRE 3 17 15 3 0 2 0
> VAMPIRE 2 15 3 3 0 2 0
> GRENADE 1 3 3 1 2
> GRENADE 3 17 17 1 2
> GRENADE 2 17 3 1 2
> GRENADE 4 3 17 3 2
> BAT1 6 1 8 1 10 1 12 1 14 1 1 4 19 4 6 5 8 5 10 5 12 5 14 5 1 6 5 6 15 6 19 6 1 8 5 8 15 8 19 8 10 9 1 10 5 10 9 10 11 10 15 10 19 10 10 11 1 12 5 12 15 12 19 12 1 14 5 14 15 14 19 14 6 15 8 15 10 15 12 15 14 15 1 16 4 19 6 19 8 19 10 19 12 19 14 19 16 19 3 16 4 17
> BAT2 4 3 6 3 8 3 10 3 12 3 14 3 16 3 3 4 17 4 3 6 17 6 8 7 10 7 12 7 3 8 7 8 13 8 17 8 3 10 7 10 13 10 17 10 3 12 7 12 13 12 17 12 8 13 10 13 12 13 3 14 17 14 17 16 6 17 8 17 10 17 12 17 14 17 16 17
< RES 1637181804 12 2
> REQ 1637181804 13 2
> VAMPIRE 1 4 1 3 1 2 0
> VAMPIRE 4 1 18 3 0 2 0
> VAMPIRE 3 16 15 3 1 2 0
> VAMPIRE 2 15 3 3 1 2 0
> GRENADE 4 3 17 2 2
> BAT1 6 1 8 1 10 1 12 1 14 1 1 4 19 4 6 5 8 5 10 5 12 5 14 5 1 6 5 6 15 6 19 6 1 8 5 8 15 8 19 8 10 9 1 10 5 10 9 10 11 10 15 10 19 10 10 11 1 12 5 12 15 12 19 12 1 14 5 14 15 14 19 14 6 15 8 15 10 15 12 15 14 15 1 16 4 19 6 19 8 19 10 19 12 19 14 19 16 19 4 3 16 3 3 4 17 4 3 16 17 16 4 17 16 17
> BAT2 6 3 8 3 10 3 12 3 14 3 3 6 17 6 8 7 10 7 12 7 3 8 7 8 13 8 17 8 3 10 7 10 13 10 17 10 3 12 7 12 13 12 17 12 8 13 10 13 12 13 3 14 17 14 6 17 8 17 10 17 12 17 14 17
< RES 1637181804 13 2
< GRENADE
< MOVE L L
> REQ 1637181804 14 2
> VAMPIRE 1 3 2 3 0 2 0
> VAMPIRE 4 2 19 3 0 2 0
> VAMPIRE 3 15 15 3 1 2 0
> VAMPIRE 2 15 1 3 0 2 0
> GRENADE 4 3 17 1 2
> GRENADE 1 4 1 5 2
> GRENADE 2 15 3 5 2
> BAT1 6 1 8 1 10 1 12 1 14 1 1 4 19 4 6 5 8 5 10 5 12 5 14 5 1 6 5 6 15 6 19 6 1 8 5 8 15 8 19 8 10 9 1 10 5 10 9 10 11 10 15 10 19 10 10 11 1 12 5 12 15 12 19 12 1 14 5 14 15 14 19 14 6 15 8 15 10 15 12 15 14 15 1 16 4 19 6 19 8 19 10 19 12 19 14 19 16 19 4 3 16 3 3 4 17 4 3 16 17 16 4 17 16 17
> BAT2 6 3 8 3 10 3 12 3 14 3 3 6 17 6 8 7 10 7 12 7 3 8 7 8 13 8 17 8 3 10 7 10 13 10 17 10 3 12 7 12 13 12 17 12 8 13 10 13 12 13 3 14 17 14 6 17 8 17 10 17 12 17 14 17
< RES 1637181804 14 2
< MOVE D D
> REQ 1637181804 15 2
> VAMPIRE 1 3 3 3 0 2 0
> VAMPIRE 4 2 19 3 1 2 0
> VAMPIRE 3 17 15 3 0 2 0
> VAMPIRE 2 17 1 3 0 2 0
> GRENADE 1 4 1 4 2
> GRENADE 2 15 3 4 2
> GRENADE 3 15 15 5 2
> BAT1 6 1 8 1 10 1 12 1 14 1 1 4 19 4 6 5 8 5 10 5 12 5 14 5 1 6 5 6 15 6 19 6 1 8 5 8 15 8 19 8 10 9 1 10 5 10 9 10 11 10 15 10 19 10 10 11 1 12 5 12 15 12 19 12 1 14 5 14 15 14 19 14 6 15 8 15 10 15 12 15 14 15 1 16 4 19 6 19 8 19 10 19 12 19 14 19 16 19 4 3 16 3 3 4 17 4 17 16 16 17
> BAT2 6 3 8 3 10 3 12 3 14 3 3 6 17 6 8 7 10 7 12 7 3 8 7 8 13 8 17 8 3 10 7 10 13 10 17 10 3 12 7 12 13 12 17 12 8 13 10 13 12 13 3 14 17 14 6 17 8 17 10 17 12 17 14 17
< RES 1637181804 15 2
> REQ 1637181804 16 2
> VAMPIRE 1 3 3 3 0 2 0
> VAMPIRE 4 3 18 3 0 2 0
> VAMPIRE 3 19 15 3 0 2 0
> VAMPIRE 2 17 1 3 0 2 0
> GRENADE 1 4 1 3 2
> GRENADE 2 15 3 3 2
> GRENADE 3 15 15 4 2
> GRENADE 4 2 19 5 2
> BAT1 6 1 8 1 10 1 12 1 14 1 1 4 19 4 6 5 8 5 10 5 12 5 14 5 1 6 5 6 15 6 19 6 1 8 5 8 15 8 19 8 10 9 1 10 5 10 9 10 11 10 15 10 19 10 10 11 1 12 5 12 15 12 19 12 1 14 5 14 15 14 19 14 6 15 8 15 10 15 12 15 14 15 1 16 4 19 6 19 8 19 10 19 12 19 14 19 16 19 4 3 16 3 3 4 17 4 17 16 16 17
> BAT2 6 3 8 3 10 3 12 3 14 3 3 6 17 6 8 7 10 7 12 7 3 8 7 8 13 8 17 8 3 10 7 10 13 10 17 10 3 12 7 12 13 12 17 12 8 13 10 13 12 13 3 14 17 14 6 17 8 17 10 17 12 17 14 17
< RES 1637181804 16 2
> REQ 1637181804 17 2
> VAMPIRE 1 3 3 3 0 2 0
> VAMPIRE 4 3 17 3 0 2 0
> VAMPIRE 3 19 17 3 0 2 0
> VAMPIRE 2 17 1 3 0 2 0
> GRENADE 1 4 1 2 2
> GRENADE 2 15 3 2 2
> GRENADE 3 15 15 3 2
> GRENADE 4 2 19 4 2
> BAT1 6 1 8 1 10 1 12 1 14 1 1 4 19 4 6 5 8 5 10 5 12 5 14 5 1 6 5 6 15 6 19 6 1 8 5 8 15 8 19 8 10 9 1 10 5 10 9 10 11 10 15 10 19 10 10 11 1 12 5 12 15 12 19 12 1 14 5 14 15 14 19 14 6 15 8 15 10 15 12 15 14 15 1 16 4 19 6 19 8 19 10 19 12 19 14 19 16 19 4 3 16 3 3 4 17 4 17 16 16 17
> BAT2 6 3 8 3 10 3 12 3 14 3 3 6 17 6 8 7 10 7 12 7 3 8 7 8 13 8 17 8 3 10 7 10 13 10 17 10 3 12 7 12 13 12 17 12 8 13 10 13 12 13 3 14 17 14 6 17 8 17 10 17 12 17 14 17
< RES 1637181804 17 2
> REQ 1637181804 18 2
> VAMPIRE 1 1 3 3 0 2 0
> VAMPIRE 4 3 17 3 0 2 0
> VAMPIRE 3 19 17 3 0 2 0
> VAMPIRE 2 17 1 3 0 2 0
> GRENADE 1 4 1 1 2
> GRENADE 2 15 3 1 2
> GRENADE 3 15 15 2 2
> GRENADE 4 2 19 3 2
> BAT1 6 1 8 1 10 1 12 1 14 1 1 4 19 4 6 5 8 5 10 5 12 5 14 5 1 6 5 6 15 6 19 6 1 8 5 8 15 8 19 8 10 9 1 10 5 10 9 10 11 10 15 10 19 10 10 11 1 12 5 12 15 12 19 12 1 14 5 14 15 14 19 14 6 15 8 15 10 15 12 15 14 15 1 16 4 19 6 19 8 19 10 19 12 19 14 19 16 19 4 3 16 3 3 4 17 4 17 16 16 17
> BAT2 6 3 8 3 10 3 12 3 14 3 3 6 17 6 8 7 10 7 12 7 3 8 7 8 13 8 17 8 3 10 7 10 13 10 17 10 3 12 7 12 13 12 17 12 8 13 10 13 12 13 3 14 17 14 6 17 8 17 10 17 12 17 14 17
< RES 1637181804 18 2
< MOVE U U
> REQ 1637181804 19 2
> VAMPIRE 1 3 3 3 1 2 0
> VAMPIRE 4 3 16 3 0 2 0
> VAMPIRE 3 19 15 3 0 2 0
> VAMPIRE 2 15 1 3 1 2 0
> GRENADE 3 15 15 1 2
> GRENADE 4 2 19 2 2
> BAT1 8 1 10 1 12 1 14 1 1 4 19 4 6 5 8 5 10 5 12 5 14 5 1 6 5 6 15 6 19 6 1 8 5 8 15 8 19 8 10 9 1 10 5 10 9 10 11 10 15 10 19 10 10 11 1 12 5 12 15 12 19 12 1 14 5 14 15 14 19 14 6 15 8 15 10 15 12 15 14 15 1 16 4 19 6 19 8 19 10 19 12 19 14 19 16 19 4 3 14 3 3 4 17 4 17 16 16 17
> BAT2 6 3 8 3 10 3 12 3 3 6 17 6 8 7 10 7 12 7 3 8 7 8 13 8 17 8 3 10 7 10 13 10 17 10 3 12 7 12 13 12 17 12 8 13 10 13 12 13 3 14 17 14 6 17 8 17 10 17 12 17 14 17
< RES 1637181804 19 2
< GRENADE
< MOVE R R
> REQ 1637181804 20 2
> VAMPIRE 1 3 1 3 0 2 0
> VAMPIRE 4 2 15 3 0 2 0
> VAMPIRE 3 17 15 3 1 2 0
> VAMPIRE 2 15 3 3 0 2 0
> GRENADE 4 2 19 1 2
> GRENADE 1 3 3 5 2
> GRENADE 2 15 1 5 2
> BAT1 8 1 10 1 12 1 14 1 1 4 19 4 6 5 8 5 10 5 12 5 14 5 1 6 5 6 15 6 19 6 1 8 5 8 15 8 19 8 10 9 1 10 5 10 9 10 11 10 15 10 19 10 10 11 1 12 5 12 15 12 19 12 1 14 5 14 19 14 6 15 8 15 10 15 12 15 1 16 4 19 6 19 8 19 10 19 12 19 14 19 16 19 4 3 14 3 3 4 17 4 17 16 16 17
> BAT2 6 3 8 3 10 3 12 3 3 6 17 6 8 7 10 7 12 7 3 8 7 8 13 8 17 8 3 10 7 10 13 10 17 10 3 12 7 12 13 12 17 12 8 13 10 13 12 13 3 14 17 14 6 17 8 17 10 17 12 17 14 17
< RES 1637181804 20 2
< MOVE D D
> REQ 1637181804 21 2
> VAMPIRE 1 5 1 3 0 2 0
> VAMPIRE 4 1 15 3 1 2 0
> VAMPIRE 3 15 15 3 0 2 0
> VAMPIRE 2 17 3 3 0 2 0
> GRENADE 1 3 3 4 2
> GRENADE 2 15 1 4 2
> GRENADE 3 17 15 5 2
> BAT1 8 1 10 1 12 1 14 1 1 4 19 4 6 5 8 5 10 5 12 5 14 5 1 6 5 6 15 6 19 6 1 8 5 8 15 8 19 8 10 9 1 10 5 10 9 10 11 10 15 10 19 10 10 11 1 12 5 12 15 12 19 12 1 14 5 14 19 14 6 15 8 15 10 15 12 15 1 16 6 19 8 19 10 19 12 19 14 19 16 19 4 3 14 3 3 4 17 4 17 16 16 17
> BAT2 6 3 8 3 10 3 12 3 3 6 17 6 8 7 10 7 12 7 3 8 7 8 13 8 17 8 3 10 7 10 13 10 17 10 3 12 7 12 13 12 17 12 8 13 10 13 12 13 3 14 17 14 6 17 8 17 10 17 12 17 14 17
< RES 1637181804 21 2
> REQ 1637181804 22 2
> VAMPIRE 1 5 1 3 0 2 0
> VAMPIRE 4 3 15 3 0 2 0
> VAMPIRE 3 13 15 3 0 2 0
> VAMPIRE 2 17 3 3 0 2 0
> GRENADE 1 3 3 3 2
> GRENADE 2 15 1 3 2
> GRENADE 3 17 15 4 2
> GRENADE 4 1 15 5 2
> BAT1 8 1 10 1 12 1 14 1 1 4 19 4 6 5 8 5 10 5 12 5 14 5 1 6 5 6 15 6 19 6 1 8 5 8 15 8 19 8 10 9 1 10 5 10 9 10 11 10 15 10 19 10 10 11 1 12 5 12 15 12 19 12 1 14 5 14 19 14 6 15 8 15 10 15 12 15 1 16 6 19 8 19 10 19 12 19 14 19 16 19 4 3 14 3 3 4 17 4 17 16 16 17
> BAT2 6 3 8 3 10 3 12 3 3 6 17 6 8 7 10 7 12 7 3 8 7 8 13 8 17 8 3 10 7 10 13 10 17 10 3 12 7 12 13 12 17 12 8 13 10 13 12 13 3 14 17 14 6 17 8 17 10 17 12 17 14 17
< RES 1637181804 22 2
> REQ 1637181804 23 2
> VAMPIRE 1 5 1 3 0 2 0
> VAMPIRE 4 3 17 3 0 2 0
> VAMPIRE 3 13 15 3 0 2 0
> VAMPIRE 2 17 3 3 0 2 0
> GRENADE 1 3 3 2 2
> GRENADE 2 15 1 2 2
> GRENADE 3 17 15 3 2
> GRENADE 4 1 15 4 2
> BAT1 8 1 10 1 12 1 14 1 1 4 19 4 6 5 8 5 10 5 12 5 14 5 1 6 5 6 15 6 19 6 1 8 5 8 15 8 19 8 10 9 1 10 5 10 9 10 11 10 15 10 19 10 10 11 1 12 5 12 15 12 19 12 1 14 5 14 19 14 6 15 8 15 10 15 12 15 1 16 6 19 8 19 10 19 12 19 14 19 16 19 4 3 14 3 3 4 17 4 17 16 16 17
> BAT2 6 3 8 3 10 3 12 3 3 6 17 6 8 7 10 7 12 7 3 8 7 8 13 8 17 8 3 10 7 10 13 10 17 10 3 12 7 12 13 12 17 12 8 13 10 13 12 13 3 14 17 14 6 17 8 17 10 17 12 17 14 17
< RES 1637181804 23 2
> REQ 1637181804 24 2
> VAMPIRE 1 5 1 3 0 2 0
> VAMPIRE 4 3 17 3 0 2 0
> VAMPIRE 3 13 15 3 0 2 0
> VAMPIRE 2 17 3 3 0 2 0
> GRENADE 1 3 3 1 2
> GRENADE 2 15 1 1 2
> GRENADE 3 17 15 2 2
> GRENADE 4 1 15 3 2
> BAT1 8 1 10 1 12 1 14 1 1 4 19 4 6 5 8 5 10 5 12 5 14 5 1 6 5 6 15 6 19 6 1 8 5 8 15 8 19 8 10 9 1 10 5 10 9 10 11 10 15 10 19 10 10 11 1 12 5 12 15 12 19 12 1 14 5 14 19 14 6 15 8 15 10 15 12 15 1 16 6 19 8 19 10 19 12 19 14 19 16 19 4 3 14 3 3 4 17 4 17 16 16 17
> BAT2 6 3 8 3 10 3 12 3 3 6 17 6 8 7 10 7 12 7 3 8 7 8 13 8 17 8 3 10 7 10 13 10 17 10 3 12 7 12 13 12 17 12 8 13 10 13 12 13 3 14 17 14 6 17 8 17 10 17 12 17 14 17
< RES 1637181804 24 2
< MOVE U U
> REQ 1637181804 25 2
> VAMPIRE 1 6 1 3 1 2 0
> VAMPIRE 4 5 17 3 0 2 0
> VAMPIRE 3 13 15 3 0 2 0
> VAMPIRE 2 15 3 3 1 2 0
> GRENADE 3 17 15 1 2
> GRENADE 4 1 15 2 2
> BAT1 8 1 10 1 12 1 1 4 19 4 6 5 8 5 10 5 12 5 14 5 1 6 5 6 15 6 19 6 1 8 5 8 15 8 19 8 10 9 1 10 5 10 9 10 11 10 15 10 19 10 10 11 1 12 5 12 15 12 19 12 1 14 5 14 19 14 6 15 8 15 10 15 12 15 1 16 6 19 8 19 10 19 12 19 14 19 16 19 14 3 17 4 17 16 16 17
> BAT2 6 3 8 3 10 3 12 3 3 6 17 6 8 7 10 7 12 7 3 8 7 8 13 8 17 8 3 10 7 10 13 10 17 10 3 12 7 12 13 12 17 12 8 13 10 13 12 13 3 14 17 14 6 17 8 17 10 17 12 17 14 17
< RES 1637181804 25 2
< MOVE R R
> REQ 1637181804 26 2
> VAMPIRE 1 5 2 3 0 2 0
> VAMPIRE 4 5 17 3 0 2 0
> VAMPIRE 3 13 13 3 1 2 0
> VAMPIRE 2 15 5 3 1 2 0
> GRENADE 4 1 15 1 2
> GRENADE 1 6 1 5 2
> BAT1 8 1 10 1 12 1 1 4 19 4 6 5 8 5 10 5 12 5 14 5 1 6 5 6 15 6 19 6 1 8 5 8 15 8 19 8 10 9 1 10 5 10 9 10 11 10 15 10 19 10 10 11 1 12 5 12 15 12 19 12 1 14 5 14 19 14 6 15 8 15 10 15 12 15 1 16 6 19 8 19 10 19 12 19 14 19 16 19 14 3 17 4 17 14 16 17
> BAT2 6 3 8 3 10 3 12 3 3 6 17 6 8 7 10 7 12 7 3 8 7 8 13 8 17 8 3 10 7 10 13 10 17 10 3 12 7 12 13 12 17 12 8 13 10 13 12 13 3 14 6 17 8 17 10 17 12 17 14 17
< RES 1637181804 26 2
< GRENADE
< MOVE L L
> REQ 1637181804 27 2
> VAMPIRE 1 5 3 3 0 2 0
> VAMPIRE 4 5 15 3 1 2 0
> VAMPIRE 3 15 13 3 0 2 0
> VAMPIRE 2 15 3 3 0 2 0
> GRENADE 1 6 1 4 2
> GRENADE 3 13 13 5 2
> GRENADE 2 15 5 5 2
> BAT1 8 1 10 1 12 1 1 4 19 4 6 5 8 5 10 5 12 5 14 5 1 6 5 6 15 6 19 6 1 8 5 8 15 8 19 8 10 9 1 10 5 10 9 10 11 10 15 10 19 10 10 11 1 12 5 12 15 12 19 12 5 14 19 14 6 15 8 15 10 15 12 15 6 19 8 19 10 19 12 19 14 19 16 19 14 3 17 4 17 14 16 17
> BAT2 6 3 8 3 10 3 12 3 3 6 17 6 8 7 10 7 12 7 3 8 7 8 13 8 17 8 3 10 7 10 13 10 17 10 3 12 7 12 13 12 17 12 8 13 10 13 12 13 3 14 6 17 8 17 10 17 12 17 14 17
< RES 1637181804 27 2
< MOVE D D
> REQ 1637181804 28 2
> VAMPIRE 1 3 3 3 0 2 0
> VAMPIRE 4 3 15 3 0 2 0
> VAMPIRE 3 15 15 3 0 2 0
> VAMPIRE 2 17 3 3 0 2 0
> GRENADE 1 6 1 3 2
> GRENADE 3 13 13 4 2
> GRENADE 2 15 5 4 2
> GRENADE 4 5 15 5 2
> BAT1 8 1 10 1 12 1 1 4 19 4 6 5 8 5 10 5 12 5 14 5 1 6 5 6 15 6 19 6 1 8 5 8 15 8 19 8 10 9 1 10 5 10 9 10 11 10 15 10 19 10 10 11 1 12 5 12 15 12 19 12 5 14 19 14 6 15 8 15 10 15 12 15 6 19 8 19 10 19 12 19 14 19 16 19 14 3 17 4 17 14 16 17
> BAT2 6 3 8 3 10 3 12 3 3 6 17 6 8 7 10 7 12 7 3 8 7 8 13 8 17 8 3 10 7 10 13 10 17 10 3 12 7 12 13 12 17 12 8 13 10 13 12 13 3 14 6 17 8 17 10 17 12 17 14 17
< RES 1637181804 28 2
> REQ 1637181804 29 2
> VAMPIRE 1 3 3 3 0 2 0
> VAMPIRE 4 3 17 3 0 2 0
> VAMPIRE 3 15 15 3 0 2 0
> VAMPIRE 2 17 3 3 0 2 0
> GRENADE 1 6 1 2 2
> GRENADE 3 13 13 3 2
> GRENADE 2 15 5 3 2
> GRENADE 4 5 15 4 2
> BAT1 8 1 10 1 12 1 1 4 19 4 6 5 8 5 10 5 12 5 14 5 1 6 5 6 15 6 19 6 1 8 5 8 15 8 19 8 10 9 1 10 5 10 9 10 11 10 15 10 19 10 10 11 1 12 5 12 15 12 19 12 5 14 19 14 6 15 8 15 10 15 12 15 6 19 8 19 10 19 12 19 14 19 16 19 14 3 17 4 17 14 16 17
> BAT2 6 3 8 3 10 3 12 3 3 6 17 6 8 7 10 7 12 7 3 8 7 8 13 8 17 8 3 10 7 10 13 10 17 10 3 12 7 12 13 12 17 12 8 13 10 13 12 13 3 14 6 17 8 17 10 17 12 17 14 17
< RES 1637181804 29 2
< MOVE L L
> REQ 1637181804 30 2
> VAMPIRE 1 5 3 3 0 2 0
> VAMPIRE 4 1 17 3 0 2 0
> VAMPIRE 3 15 14 3 0 2 0
> VAMPIRE 2 17 1 3 0 2 0
> GRENADE 1 6 1 1 2
> GRENADE 3 13 13 2 2
> GRENADE 2 15 5 2 2
> GRENADE 4 5 15 3 2
> BAT1 8 1 10 1 12 1 1 4 19 4 6 5 8 5 10 5 12 5 14 5 1 6 5 6 15 6 19 6 1 8 5 8 15 8 19 8 10 9 1 10 5 10 9 10 11 10 15 10 19 10 10 11 1 12 5 12 15 12 19 12 5 14 19 14 6 15 8 15 10 15 12 15 6 19 8 19 10 19 12 19 14 19 16 19 14 3 17 4 17 14 16 17
> BAT2 6 3 8 3 10 3 12 3 3 6 17 6 8 7 10 7 12 7 3 8 7 8 13 8 17 8 3 10 7 10 13 10 17 10 3 12 7 12 13 12 17 12 8 13 10 13 12 13 3 14 6 17 8 17 10 17 12 17 14 17
< RES 1637181804 30 2
< MOVE U U
> REQ 1637181804 31 2
> VAMPIRE 1 5 5 3 1 2 0
> VAMPIRE 4 1 15 3 0 2 0
> VAMPIRE 3 15 14 3 0 2 0
> VAMPIRE 2 15 1 3 0 2 0
> GRENADE 3 13 13 1 2
> GRENADE 2 15 5 1 2
> GRENADE 4 5 15 2 2
> BAT1 10 1 12 1 1 4 19 4 6 5 8 5 10 5 12 5 14 5 1 6 5 6 15 6 19 6 1 8 5 8 15 8 19 8 10 9 1 10 5 10 9 10 11 10 15 10 19 10 10 11 1 12 5 12 15 12 19 12 5 14 19 14 6 15 8 15 10 15 12 15 6 19 8 19 10 19 12 19 14 19 16 19 14 3 17 4 17 14 16 17
> BAT2 6 3 8 3 10 3 12 3 3 6 17 6 8 7 10 7 12 7 3 8 7 8 13 8 17 8 3 10 7 10 13 10 17 10 3 12 7 12 13 12 17 12 8 13 10 13 12 13 3 14 6 17 8 17 10 17 12 17 14 17
< RES 1637181804 31 2
< MOVE U U
> REQ 1637181804 32 2
> VAMPIRE 1 3 5 3 0 2 0
> VAMPIRE 4 1 13 3 0 2 0
> VAMPIRE 3 15 13 3 1 2 0
> VAMPIRE 2 13 1 3 1 2 0
> GRENADE 4 5 15 1 2
> GRENADE 1 5 5 5 2
> BAT1 10 1 12 1 1 4 19 4 6 5 8 5 10 5 12 5 1 6 5 6 19 6 1 8 5 8 15 8 19 8 10 9 1 10 5 10 9 10 11 10 15 10 19 10 10 11 1 12 5 12 15 12 19 12 5 14 19 14 6 15 8 15 10 15 12 15 6 19 8 19 10 19 12 19 14 19 16 19 14 3 17 4 13 12 12 13 17 14 16 17
> BAT2 6 3 8 3 10 3 12 3 3 6 17 6 8 7 10 7 12 7 3 8 7 8 13 8 17 8 3 10 7 10 13 10 17 10 3 12 7 12 17 12 8 13 10 13 3 14 6 17 8 17 10 17 12 17 14 17
< RES 1637181804 32 2
< GRENADE
< MOVE D D
> REQ 1637181804 33 2
> VAMPIRE 1 3 3 3 0 2 0
> VAMPIRE 4 3 13 3 1 2 0
> VAMPIRE 3 13 13 3 1 2 0
> VAMPIRE 2 15 1 3 0 2 0
> GRENADE 1 5 5 4 2
> GRENADE 2 13 1 5 2
> BAT1 10 1 12 1 1 4 19 4 6 5 8 5 10 5 12 5 1 6 5 6 19 6 1 8 5 8 15 8 19 8 10 9 1 10 5 10 9 10 11 10 15 10 19 10 10 11 1 12 5 12 15 12 19 12 19 14 8 15 10 15 12 15 6 19 8 19 10 19 12 19 14 19 16 19 14 3 17 4 13 12 12 13 17 14 16 17
> BAT2 6 3 8 3 10 3 12 3 3 6 17 6 8 7 10 7 12 7 3 8 7 8 13 8 17 8 3 10 7 10 13 10 17 10 3 12 7 12 17 12 8 13 10 13 3 14 6 17 8 17 10 17 12 17 14 17
< RES 1637181804 33 2
< MOVE R R
> REQ 1637181804 34 2
> VAMPIRE 1 3 1 3 0 2 0
> VAMPIRE 4 5 13 3 0 2 0
> VAMPIRE 3 15 13 3 0 2 0
> VAMPIRE 2 15 3 3 0 2 0
> GRENADE 1 5 5 3 2
> GRENADE 2 13 1 4 2
> GRENADE 4 3 13 5 2
> GRENADE 3 13 13 5 2
> BAT1 10 1 12 1 1 4 19 4 6 5 8 5 10 5 12 5 1 6 5 6 19 6 1 8 5 8 15 8 19 8 10 9 1 10 5 10 9 10 11 10 15 10 19 10 10 11 1 12 5 12 15 12 19 12 19 14 8 15 10 15 12 15 6 19 8 19 10 19 12 19 14 19 16 19 14 3 17 4 13 12 12 13 17 14 16 17
> BAT2 6 3 8 3 10 3 12 3 3 6 17 6 8 7 10 7 12 7 3 8 7 8 13 8 17 8 3 10 7 10 13 10 17 10 3 12 7 12 17 12 8 13 10 13 3 14 6 17 8 17 10 17 12 17 14 17
< RES 1637181804 34 2
< MOVE R R
> REQ 1637181804 35 2
> VAMPIRE 1 5 1 3 0 2 0
> VAMPIRE 4 5 15 3 0 2 0
> VAMPIRE 3 15 15 3 0 2 0
> VAMPIRE 2 15 5 3 0 2 0
> GRENADE 1 5 5 2 2
> GRENADE 2 13 1 3 2
> GRENADE 4 3 13 4 2
> GRENADE 3 13 13 4 2
> BAT1 10 1 12 1 1 4 19 4 6 5 8 5 10 5 12 5 1 6 5 6 19 6 1 8 5 8 15 8 19 8 10 9 1 10 5 10 9 10 11 10 15 10 19 10 10 11 1 12 5 12 15 12 19 12 19 14 8 15 10 15 12 15 6 19 8 19 10 19 12 19 14 19 16 19 14 3 17 4 13 12 12 13 17 14 16 17
> BAT2 6 3 8 3 10 3 12 3 3 6 17 6 8 7 10 7 12 7 3 8 7 8 13 8 17 8 3 10 7 10 13 10 17 10 3 12 7 12 17 12 8 13 10 13 3 14 6 17 8 17 10 17 12 17 14 17
< RES 1637181804 35 2
< MOVE U U
> REQ 1637181804 36 2
> VAMPIRE 1 7 1 3 0 2 0
> VAMPIRE 4 5 15 3 0 2 0
> VAMPIRE 3 15 15 3 0 2 0
> VAMPIRE 2 13 5 3 0 2 0
> GRENADE 1 5 5 1 2
> GRENADE 2 13 1 2 2
> GRENADE 4 3 13 3 2
> GRENADE 3 13 13 3 2
> BAT1 10 1 12 1 1 4 19 4 6 5 8 5 10 5 12 5 1 6 5 6 19 6 1 8 5 8 15 8 19 8 10 9 1 10 5 10 9 10 11 10 15 10 19 10 10 11 1 12 5 12 15 12 19 12 19 14 8 15 10 15 12 15 6 19 8 19 10 19 12 19 14 19 16 19 14 3 17 4 13 12 12 13 17 14 16 17
> BAT2 6 3 8 3 10 3 12 3 3 6 17 6 8 7 10 7 12 7 3 8 7 8 13 8 17 8 3 10 7 10 13 10 17 10 3 12 7 12 17 12 8 13 10 13 3 14 6 17 8 17 10 17 12 17 14 17
< RES 1637181804 36 2
> REQ 1637181804 37 2
> VAMPIRE 1 8 1 3 1 2 0
> VAMPIRE 4 5 15 3 0 2 0
> VAMPIRE 3 15 14 3 0 2 0
> VAMPIRE 2 13 5 3 0 2 0
> GRENADE 2 13 1 1 2
> GRENADE 4 3 13 2 2
> GRENADE 3 13 13 2 2
> BAT1 10 1 12 1 1 4 19 4 8 5 10 5 12 5 1 6 19 6 1 8 5 8 15 8 19 8 10 9 1 10 5 10 9 10 11 10 15 10 19 10 10 11 1 12 5 12 15 12 19 12 19 14 8 15 10 15 12 15 6 19 8 19 10 19 12 19 14 19 16 19 14 3 17 4 13 12 12 13 17 14 16 17
> BAT2 6 3 8 3 10 3 12 3 3 6 17 6 8 7 10 7 12 7 3 8 7 8 13 8 17 8 3 10 7 10 13 10 17 10 3 12 7 12 17 12 8 13 10 13 3 14 6 17 8 17 10 17 12 17 14 17
< RES 1637181804 37 2
< MOVE L L
> REQ 1637181804 38 2
> VAMPIRE 1 7 2 3 0 2 0
> VAMPIRE 4 5 15 3 0 2 0
> VAMPIRE 3 15 15 3 0 2 0
> VAMPIRE 2 13 3 3 1 2 0
> GRENADE 4 3 13 1 2
> GRENADE 3 13 13 1 2
> GRENADE 1 8 1 5 2
> BAT1 10 1 1 4 19 4 8 5 10 5 12 5 1 6 19 6 1 8 5 8 15 8 19 8 10 9 1 10 5 10 9 10 11 10 15 10 19 10 10 11 1 12 5 12 15 12 19 12 19 14 8 15 10 15 12 15 6 19 8 19 10 19 12 19 14 19 16 19 14 3 17 4 13 12 12 13 17 14 16 17
> BAT2 6 3 8 3 10 3 12 3 3 6 17 6 8 7 10 7 12 7 3 8 7 8 13 8 17 8 3 10 7 10 13 10 17 10 3 12 7 12 17 12 8 13 10 13 3 14 6 17 8 17 10 17 12 17 14 17
< RES 1637181804 38 2
< GRENADE
< MOVE R R
> REQ 1637181804 39 2
> VAMPIRE 1 7 3 3 0 2 0
> VAMPIRE 4 5 13 3 1 2 0
> VAMPIRE 3 15 17 3 1 2 0
> VAMPIRE 2 13 5 3 0 2 0
> GRENADE 1 8 1 4 2
> GRENADE 2 13 3 5 2
> BAT1 10 1 1 4 19 4 8 5 10 5 12 5 1 6 19 6 1 8 5 8 15 8 19 8 10 9 1 10 5 10 9 10 11 10 15 10 19 10 10 11 1 12 5 12 15 12 19 12 19 14 8 15 10 15 12 15 6 19 8 19 10 19 12 19 14 19 16 19 14 3 17 4 3 12 3 14 17 14 16 17
> BAT2 6 3 8 3 10 3 12 3 3 6 17 6 8 7 10 7 12 7 3 8 7 8 13 8 17 8 3 10 7 10 13 10 17 10 7 12 17 12 8 13 10 13 6 17 8 17 10 17 12 17 14 17
< RES 1637181804 39 2
< MOVE D D
> REQ 1637181804 40 2
> VAMPIRE 1 7 5 3 0 2 0
> VAMPIRE 4 3 13 3 1 2 0
> VAMPIRE 3 15 15 3 0 2 0
> VAMPIRE 2 15 5 3 0 2 0
> GRENADE 1 8 1 3 2
> GRENADE 2 13 3 4 2
> GRENADE 3 15 17 5 2
> BAT1 10 1 1 4 19 4 8 5 10 5 12 5 1 6 19 6 1 8 5 8 15 8 19 8 10 9 1 10 5 10 9 10 11 10 15 10 19 10 10 11 1 12 5 12 15 12 19 12 19 14 8 15 10 15 12 15 6 19 8 19 10 19 12 19 14 19 16 19 14 3 17 4 3 12 3 14 17 14 16 17
> BAT2 6 3 8 3 10 3 12 3 3 6 17 6 8 7 10 7 12 7 3 8 7 8 13 8 17 8 3 10 7 10 13 10 17 10 7 12 17 12 8 13 10 13 6 17 8 17 10 17 12 17 14 17
< RES 1637181804 40 2
> REQ 1637181804 41 2
> VAMPIRE 1 7 5 3 0 2 0
> VAMPIRE 4 5 13 3 0 2 0
> VAMPIRE 3 13 15 3 0 2 0
> VAMPIRE 2 15 5 3 0 2 0
> GRENADE 1 8 1 2 2
> GRENADE 2 13 3 3 2
> GRENADE 3 15 17 4 2
> GRENADE 4 3 13 5 2
> BAT1 10 1 1 4 19 4 8 5 10 5 12 5 1 6 19 6 1 8 5 8 15 8 19 8 10 9 1 10 5 10 9 10 11 10 15 10 19 10 10 11 1 12 5 12 15 12 19 12 19 14 8 15 10 15 12 15 6 19 8 19 10 19 12 19 14 19 16 19 14 3 17 4 3 12 3 14 17 14 16 17
> BAT2 6 3 8 3 10 3 12 3 3 6 17 6 8 7 10 7 12 7 3 8 7 8 13 8 17 8 3 10 7 10 13 10 17 10 7 12 17 12 8 13 10 13 6 17 8 17 10 17 12 17 14 17
< RES 1637181804 41 2
> REQ 1637181804 42 2
> VAMPIRE 1 7 5 3 0 2 0
> VAMPIRE 4 5 15 3 0 2 0
> VAMPIRE 3 13 13 3 0 2 0
> VAMPIRE 2 15 5 3 0 2 0
> GRENADE 1 8 1 1 2
> GRENADE 2 13 3 2 2
> GRENADE 3 15 17 3 2
> GRENADE 4 3 13 4 2
> BAT1 10 1 1 4 19 4 8 5 10 5 12 5 1 6 19 6 1 8 5 8 15 8 19 8 10 9 1 10 5 10 9 10 11 10 15 10 19 10 10 11 1 12 5 12 15 12 19 12 19 14 8 15 10 15 12 15 6 19 8 19 10 19 12 19 14 19 16 19 14 3 17 4 3 12 3 14 17 14 16 17
> BAT2 6 3 8 3 10 3 12 3 3 6 17 6 8 7 10 7 12 7 3 8 7 8 13 8 17 8 3 10 7 10 13 10 17 10 7 12 17 12 8 13 10 13 6 17 8 17 10 17 12 17 14 17
< RES 1637181804 42 2
< MOVE R R
> REQ 1637181804 43 2
> VAMPIRE 1 7 3 3 1 2 0
> VAMPIRE 4 5 15 3 0 2 0
> VAMPIRE 3 11 13 3 0 2 0
> VAMPIRE 2 15 7 3 0 2 0
> GRENADE 2 13 3 1 2
> GRENADE 3 15 17 2 2
> GRENADE 4 3 13 3 2
> BAT1 1 4 19 4 8 5 10 5 12 5 1 6 19 6 1 8 5 8 15 8 19 8 10 9 1 10 5 10 9 10 11 10 15 10 19 10 10 11 1 12 5 12 15 12 19 12 19 14 8 15 10 15 12 15 6 19 8 19 10 19 12 19 14 19 16 19 14 3 17 4 3 12 3 14 17 14 16 17
> BAT2 6 3 8 3 10 3 12 3 3 6 17 6 8 7 10 7 12 7 3 8 7 8 13 8 17 8 3 10 7 10 13 10 17 10 7 12 17 12 8 13 10 13 6 17 8 17 10 17 12 17 14 17
< RES 1637181804 43 2
< MOVE U U
> REQ 1637181804 44 2
> VAMPIRE 1 7 5 3 0 2 0
> VAMPIRE 4 5 15 3 0 2 0
> VAMPIRE 3 11 13 3 0 2 0
> VAMPIRE 2 13 7 3 1 2 0
> GRENADE 3 15 17 1 2
> GRENADE 4 3 13 2 2
> GRENADE 1 7 3 5 2
> BAT1 1 4 19 4 8 5 10 5 12 5 1 6 19 6 1 8 5 8 15 8 19 8 10 9 1 10 5 10 9 10 11 10 15 10 19 10 10 11 1 12 5 12 15 12 19 12 19 14 8 15 10 15 12 15 6 19 8 19 10 19 12 19 14 19 16 19 12 3 17 4 3 12 3 14 17 14 16 17
> BAT2 6 3 8 3 10 3 3 6 17 6 8 7 10 7 12 7 3 8 7 8 13 8 17 8 3 10 7 10 13 10 17 10 7 12 17 12 8 13 10 13 6 17 8 17 10 17 12 17 14 17
< RES 1637181804 44 2
< GRENADE
< MOVE D D
> REQ 1637181804 45 2
> VAMPIRE 1 5 5 3 0 2 0
> VAMPIRE 4 7 15 3 0 2 0
> VAMPIRE 3 11 11 3 1 2 0
> VAMPIRE 2 15 7 3 0 2 0
> GRENADE 4 3 13 1 2
> GRENADE 1 7 3 4 2
> GRENADE 2 13 7 5 2
> BAT1 1 4 19 4 8 5 10 5 12 5 1 6 19 6 1 8 5 8 15 8 19 8 10 9 1 10 5 10 9 10 11 10 15 10 19 10 10 11 1 12 5 12 15 12 19 12 19 14 8 15 10 15 12 15 6 19 8 19 10 19 12 19 14 19 16 19 12 3 17 4 3 12 3 14 17 14 14 17
> BAT2 6 3 8 3 10 3 3 6 17 6 8 7 10 7 12 7 3 8 7 8 13 8 17 8 3 10 7 10 13 10 17 10 7 12 17 12 8 13 10 13 6 17 8 17 10 17 12 17
< RES 1637181804 45 2
< MOVE L L
> REQ 1637181804 46 2
> VAMPIRE 1 5 5 3 0 2 0
> VAMPIRE 4 7 13 3 1 2 0
> VAMPIRE 3 13 11 3 0 2 0
> VAMPIRE 2 15 5 3 0 2 0
> GRENADE 1 7 3 3 2
> GRENADE 2 13 7 4 2
> GRENADE 3 11 11 5 2
> BAT1 1 4 19 4 8 5 10 5 12 5 1 6 19 6 1 8 5 8 15 8 19 8 10 9 1 10 5 10 9 10 11 10 15 10 19 10 10 11 1 12 5 12 15 12 19 12 19 14 8 15 10 15 12 15 6 19 8 19 10 19 12 19 14 19 16 19 12 3 17 4 17 14 14 17
> BAT2 6 3 8 3 10 3 3 6 17 6 8 7 10 7 12 7 3 8 7 8 13 8 17 8 3 10 7 10 13 10 17 10 7 12 17 12 8 13 10 13 6 17 8 17 10 17 12 17
< RES 1637181804 46 2
> REQ 1637181804 47 2
> VAMPIRE 1 5 5 3 0 2 0
> VAMPIRE 4 5 13 3 0 2 0
> VAMPIRE 3 13 13 3 0 2 0
> VAMPIRE 2 15 5 3 0 2 0
> GRENADE 1 7 3 2 2
> GRENADE 2 13 7 3 2
> GRENADE 3 11 11 4 2
> GRENADE 4 7 13 5 2
> BAT1 1 4 19 4 8 5 10 5 12 5 1 6 19 6 1 8 5 8 15 8 19 8 10 9 1 10 5 10 9 10 11 10 15 10 19 10 10 11 1 12 5 12 15 12 19 12 19 14 8 15 10 15 12 15 6 19 8 19 10 19 12 19 14 19 16 19 12 3 17 4 17 14 14 17
> BAT2 6 3 8 3 10 3 3 6 17 6 8 7 10 7 12 7 3 8 7 8 13 8 17 8 3 10 7 10 13 10 17 10 7 12 17 12 8 13 10 13 6 17 8 17 10 17 12 17
< RES 1637181804 47 2
> REQ 1637181804 48 2
> VAMPIRE 1 5 7 3 0 2 0
> VAMPIRE 4 3 13 3 0 2 0
> VAMPIRE 3 13 13 3 0 2 0
> VAMPIRE 2 15 5 3 0 2 0
> GRENADE 1 7 3 1 2
> GRENADE 2 13 7 2 2
> GRENADE 3 11 11 3 2
> GRENADE 4 7 13 4 2
> BAT1 1 4 19 4 8 5 10 5 12 5 1 6 19 6 1 8 5 8 15 8 19 8 10 9 1 10 5 10 9 10 11 10 15 10 19 10 10 11 1 12 5 12 15 12 19 12 19 14 8 15 10 15 12 15 6 19 8 19 10 19 12 19 14 19 16 19 12 3 17 4 17 14 14 17
> BAT2 6 3 8 3 10 3 3 6 17 6 8 7 10 7 12 7 3 8 7 8 13 8 17 8 3 10 7 10 13 10 17 10 7 12 17 12 8 13 10 13 6 17 8 17 10 17 12 17
< RES 1637181804 48 2
< MOVE D D
> REQ 1637181804 49 2
> VAMPIRE 1 3 7 3 1 2 0
> VAMPIRE 4 3 13 3 0 2 0
> VAMPIRE 3 13 12 3 0 2 0
> VAMPIRE 2 17 5 3 0 2 0
> GRENADE 2 13 7 1 2
> GRENADE 3 11 11 2 2
> GRENADE 4 7 13 3 2
> BAT1 1 4 19 4 8 5 10 5 12 5 1 6 19 6 1 8 5 8 15 8 19 8 10 9 1 10 5 10 9 10 11 10 15 10 19 10 10 11 1 12 5 12 15 12 19 12 19 14 8 15 10 15 12 15 6 19 8 19 10 19 12 19 14 19 16 19 6 3 8 3 12 3 17 4 17 14 14 17
> BAT2 10 3 3 6 17 6 8 7 10 7 12 7 3 8 7 8 13 8 17 8 3 10 7 10 13 10 17 10 7 12 17 12 8 13 10 13 6 17 8 17 10 17 12 17
< RES 1637181804 49 2
> REQ 1637181804 50 2
> VAMPIRE 1 5 7 3 0 2 0
> VAMPIRE 4 3 12 3 0 2 0
> VAMPIRE 3 13 13 3 0 2 0
> VAMPIRE 2 17 5 3 1 2 0
> GRENADE 3 11 11 1 2
> GRENADE 4 7 13 2 2
> GRENADE 1 3 7 5 2
> BAT1 1 4 19 4 8 5 10 5 12 5 1 6 19 6 1 8 5 8 15 8 19 8 10 9 1 10 5 10 9 10 11 10 15 10 19 10 10 11 1 12 5 12 15 12 19 12 19 14 8 15 10 15 12 15 6 19 8 19 10 19 12 19 14 19 16 19 6 3 8 3 12 3 17 4 12 7 13 8 17 14 14 17
> BAT2 10 3 3 6 17 6 8 7 10 7 3 8 7 8 17 8 3 10 7 10 13 10 17 10 7 12 17 12 8 13 10 13 6 17 8 17 10 17 12 17
< RES 1637181804 50 2
< GRENADE
< MOVE U U
> REQ 1637181804 51 2
> VAMPIRE 1 5 5 3 0 2 0
> VAMPIRE 4 3 11 3 0 2 0
> VAMPIRE 3 11 13 3 1 2 0
> VAMPIRE 2 15 5 3 0 2 0
> GRENADE 4 7 13 1 2
> GRENADE 1 3 7 4 2
> GRENADE 2 17 5 5 2
> BAT1 1 4 19 4 8 5 10 5 12 5 1 6 19 6 1 8 5 8 15 8 19 8 10 9 1 10 5 10 9 10 15 10 19 10 1 12 5 12 15 12 19 12 19 14 8 15 10 15 12 15 6 19 8 19 10 19 12 19 14 19 16 19 6 3 8 3 12 3 17 4 12 7 13 8 17 14 14 17
> BAT2 10 3 3 6 17 6 8 7 10 7 3 8 7 8 17 8 3 10 7 10 13 10 17 10 7 12 17 12 8 13 10 13 6 17 8 17 10 17 12 17
< RES 1637181804 51 2
< MOVE L L
> REQ 1637181804 52 2
> VAMPIRE 1 3 5 3 0 2 0
> VAMPIRE 4 5 11 3 1 2 0
> VAMPIRE 3 11 15 3 1 2 0
> VAMPIRE 2 15 3 3 0 2 0
> GRENADE 1 3 7 3 2
> GRENADE 2 17 5 4 2
> BAT1 1 4 19 4 8 5 10 5 12 5 1 6 19 6 1 8 5 8 15 8 19 8 10 9 1 10 5 10 9 10 15 10 19 10 1 12 5 12 15 12 19 12 19 14 8 15 10 15 12 15 6 19 8 19 10 19 12 19 14 19 16 19 6 3 8 3 12 3 17 4 12 7 13 8 7 12 8 13 17 14 14 17
> BAT2 10 3 3 6 17 6 8 7 10 7 3 8 7 8 17 8 3 10 7 10 13 10 17 10 17 12 10 13 6 17 8 17 10 17 12 17
< RES 1637181804 52 2
> REQ 1637181804 53 2
> VAMPIRE 1 3 3 3 0 2 0
> VAMPIRE 4 3 11 3 0 2 0
> VAMPIRE 3 11 13 3 0 2 0
> VAMPIRE 2 15 3 3 0 2 0
> GRENADE 1 3 7 2 2
> GRENADE 2 17 5 3 2
> GRENADE 4 5 11 5 2
> GRENADE 3 11 15 5 2
> BAT1 1 4 19 4 8 5 10 5 12 5 1 6 19 6 1 8 5 8 15 8 19 8 10 9 1 10 5 10 9 10 15 10 19 10 1 12 5 12 15 12 19 12 19 14 8 15 10 15 12 15 6 19 8 19 10 19 12 19 14 19 16 19 6 3 8 3 12 3 17 4 12 7 13 8 7 12 8 13 17 14 14 17
> BAT2 10 3 3 6 17 6 8 7 10 7 3 8 7 8 17 8 3 10 7 10 13 10 17 10 17 12 10 13 6 17 8 17 10 17 12 17
< RES 1637181804 53 2
< MOVE U U
> REQ 1637181804 54 2
> VAMPIRE 1 1 3 3 0 2 0
> VAMPIRE 4 3 13 3 0 2 0
> VAMPIRE 3 13 13 3 0 2 0
> VAMPIRE 2 13 3 3 0 2 0
> GRENADE 1 3 7 1 2
> GRENADE 2 17 5 2 2
> GRENADE 4 5 11 4 2
> GRENADE 3 11 15 4 2
> BAT1 1 4 19 4 8 5 10 5 12 5 1 6 19 6 1 8 5 8 15 8 19 8 10 9 1 10 5 10 9 10 15 10 19 10 1 12 5 12 15 12 19 12 19 14 8 15 10 15 12 15 6 19 8 19 10 19 12 19 14 19 16 19 6 3 8 3 12 3 17 4 12 7 13 8 7 12 8 13 17 14 14 17
> BAT2 10 3 3 6 17 6 8 7 10 7 3 8 7 8 17 8 3 10 7 10 13 10 17 10 17 12 10 13 6 17 8 17 10 17 12 17
< RES 1637181804 54 2
< MOVE R R
> REQ 1637181804 55 2
> VAMPIRE 1 1 2 3 1 2 0
> VAMPIRE 4 3 13 3 0 2 0
> VAMPIRE 3 13 11 3 0 2 0
> VAMPIRE 2 13 5 3 0 2 0
> GRENADE 2 17 5 1 2
> GRENADE 4 5 11 3 2
> GRENADE 3 11 15 3 2
> BAT1 1 4 19 4 8 5 10 5 12 5 1 6 19 6 1 8 5 8 15 8 19 8 10 9 1 10 5 10 9 10 15 10 19 10 1 12 5 12 15 12 19 12 19 14 8 15 10 15 12 15 6 19 8 19 10 19 12 19 14 19 16 19 6 3 8 3 12 3 17 4 3 6 12 7 3 8 13 8 7 12 8 13 17 14 14 17
> BAT2 10 3 17 6 8 7 10 7 7 8 17 8 3 10 7 10 13 10 17 10 17 12 10 13 6 17 8 17 10 17 12 17
< RES 1637181804 55 2
< MOVE R R
> REQ 1637181804 56 2
> VAMPIRE 1 2 3 3 0 2 0
> VAMPIRE 4 3 12 3 0 2 0
> VAMPIRE 3 11 11 3 0 2 0
> VAMPIRE 2 13 7 3 1 2 0
> GRENADE 4 5 11 2 2
> GRENADE 3 11 15 2 2
> GRENADE 1 1 2 5 2
> BAT1 1 4 19 4 8 5 10 5 12 5 1 6 19 6 1 8 5 8 15 8 19 8 10 9 1 10 5 10 9 10 15 10 19 10 1 12 5 12 15 12 19 12 19 14 8 15 10 15 12 15 6 19 8 19 10 19 12 19 14 19 16 19 6 3 8 3 12 3 3 6 17 6 12 7 3 8 13 8 7 12 8 13 17 14 14 17
> BAT2 10 3 8 7 10 7 7 8 17 8 3 10 7 10 13 10 17 10 17 12 10 13 6 17 8 17 10 17 12 17
< RES 1637181804 56 2
< GRENADE
< MOVE D D
> REQ 1637181804 57 2
> VAMPIRE 1 3 3 3 0 2 0
> VAMPIRE 4 3 13 3 0 2 0
> VAMPIRE 3 9 11 3 0 2 0
> VAMPIRE 2 15 7 3 0 2 0
> GRENADE 4 5 11 1 2
> GRENADE 3 11 15 1 2
> GRENADE 1 1 2 4 2
> GRENADE 2 13 7 5 2
> BAT1 1 4 19 4 8 5 10 5 12 5 1 6 19 6 1 8 5 8 15 8 19 8 10 9 1 10 5 10 9 10 15 10 19 10 1 12 5 12 15 12 19 12 19 14 8 15 10 15 12 15 6 19 8 19 10 19 12 19 14 19 16 19 6 3 8 3 12 3 3 6 17 6 12 7 3 8 13 8 7 12 8 13 17 14 14 17
> BAT2 10 3 8 7 10 7 7 8 17 8 3 10 7 10 13 10 17 10 17 12 10 13 6 17 8 17 10 17 12 17
< RES 1637181804 57 2
< MOVE L L
> REQ 1637181804 58 2
> VAMPIRE 1 5 3 3 0 2 0
> VAMPIRE 4 5 13 3 1 2 0
> VAMPIRE 3 7 11 3 1 2 0
> VAMPIRE 2 15 5 3 0 2 0
> GRENADE 1 1 2 3 2
> GRENADE 2 13 7 4 2
> BAT1 1 4 19 4 8 5 10 5 12 5 1 6 19 6 1 8 5 8 15 8 19 8 10 9 1 10 9 10 15 10 19 10 1 12 15 12 19 12 19 14 8 15 6 19 8 19 10 19 12 19 14 19 16 19 6 3 8 3 12 3 3 6 17 6 12 7 3 8 13 8 7 12 8 13 17 14 14 17
> BAT2 10 3 8 7 10 7 7 8 17 8 3 10 7 10 13 10 17 10 17 12 10 13 6 17 8 17 10 17 12 17
< RES 1637181804 58 2
< MOVE L L
> REQ 1637181804 59 2
> VAMPIRE 1 5 5 3 0 2 0
> VAMPIRE 4 7 13 3 1 2 0
> VAMPIRE 3 5 11 3 0 2 0
> VAMPIRE 2 15 3 3 0 2 0
> GRENADE 1 1 2 2 2
> GRENADE 2 13 7 3 2
> GRENADE 3 7 11 5 2
> BAT1 1 4 19 4 8 5 10 5 12 5 1 6 19 6 1 8 5 8 15 8 19 8 10 9 1 10 9 10 15 10 19 10 1 12 15 12 19 12 19 14 8 15 6 19 8 19 10 19 12 19 14 19 16 19 6 3 8 3 12 3 3 6 17 6 12 7 3 8 13 8 7 12 8 13 17 14 14 17
> BAT2 10 3 8 7 10 7 7 8 17 8 3 10 7 10 13 10 17 10 17 12 10 13 6 17 8 17 10 17 12 17
< RES 1637181804 59 2
< MOVE D D
> REQ 1637181804 60 2
> VAMPIRE 1 7 5 3 0 2 0
> VAMPIRE 4 5 13 3 0 2 0
> VAMPIRE 3 5 13 3 0 2 0
> VAMPIRE 2 17 3 3 0 2 0
> GRENADE 1 1 2 1 2
> GRENADE 2 13 7 2 2
> GRENADE 3 7 11 4 2
> GRENADE 4 7 13 5 2
> BAT1 1 4 19 4 8 5 10 5 12 5 1 6 19 6 1 8 5 8 15 8 19 8 10 9 1 10 9 10 15 10 19 10 1 12 15 12 19 12 19 14 8 15 6 19 8 19 10 19 12 19 14 19 16 19 6 3 8 3 12 3 3 6 17 6 12 7 3 8 13 8 7 12 8 13 17 14 14 17
> BAT2 10 3 8 7 10 7 7 8 17 8 3 10 7 10 13 10 17 10 17 12 10 13 6 17 8 17 10 17 12 17
< RES 1637181804 60 2
> REQ 1637181804 61 2
> VAMPIRE 1 7 3 3 1 2 0
> VAMPIRE 4 3 13 3 0 2 0
> VAMPIRE 3 5 15 3 0 2 0
> VAMPIRE 2 17 3 3 0 2 0
> GRENADE 2 13 7 1 2
> GRENADE 3 7 11 3 2
> GRENADE 4 7 13 4 2
> BAT1 19 4 8 5 10 5 12 5 1 6 19 6 1 8 5 8 15 8 19 8 10 9 1 10 9 10 15 10 19 10 1 12 15 12 19 12 19 14 8 15 6 19 8 19 10 19 12 19 14 19 16 19 6 3 8 3 12 3 3 6 17 6 12 7 3 8 13 8 7 12 8 13 17 14 14 17
> BAT2 10 3 8 7 10 7 7 8 17 8 3 10 7 10 13 10 17 10 17 12 10 13 6 17 8 17 10 17 12 17
< RES 1637181804 61 2
< MOVE D D
> REQ 1637181804 62 2
> VAMPIRE 1 7 5 3 0 2 0
> VAMPIRE 4 3 13 3 0 2 0
> VAMPIRE 3 6 15 3 0 2 0
> VAMPIRE 2 19 3 3 1 2 0
> GRENADE 3 7 11 2 2
> GRENADE 4 7 13 3 2
> GRENADE 1 7 3 5 2
> BAT1 19 4 8 5 10 5 12 5 1 6 19 6 1 8 5 8 15 8 19 8 10 9 1 10 9 10 15 10 19 10 1 12 15 12 19 12 19 14 8 15 6 19 8 19 10 19 12 19 14 19 16 19 6 3 8 3 12 3 3 6 17 6 3 8 7 12 8 13 17 14 14 17
> BAT2 10 3 8 7 10 7 7 8 17 8 3 10 7 10 13 10 17 10 17 12 10 13 6 17 8 17 10 17 12 17
< RES 1637181804 62 2
< MOVE L
> REQ 1637181804 63 2
> VAMPIRE 1 5 5 3 0 2 0
> VAMPIRE 4 3 12 3 0 2 0
> VAMPIRE 3 7 16 3 0 2 0
> VAMPIRE 2 19 2 3 1 2 0
> GRENADE 3 7 11 1 2
> GRENADE 4 7 13 2 2
> GRENADE 1 7 3 4 2
> BAT1 19 4 8 5 10 5 12 5 1 6 19 6 1 8 5 8 15 8 19 8 10 9 1 10 9 10 15 10 19 10 1 12 15 12 19 12 19 14 8 15 6 19 8 19 10 19 12 19 14 19 16 19 6 3 8 3 12 3 3 6 17 6 3 8 7 12 8 13 17 14 14 17
> BAT2 10 3 8 7 10 7 7 8 17 8 3 10 7 10 13 10 17 10 17 12 10 13 6 17 8 17 10 17 12 17
< RES 1637181804 63 2
< GRENADE
< MOVE R U
> REQ 1637181804 64 2
> VAMPIRE 1 5 5 3 0 2 0
> VAMPIRE 4 2 11 3 0 2 0
> VAMPIRE 3 7 17 3 1 2 0
> VAMPIRE 2 18 3 3 0 2 0
> GRENADE 4 7 13 1 2
> GRENADE 1 7 3 3 2
> GRENADE 2 19 2 5 2
> BAT1 19 4 8 5 10 5 12 5 1 6 19 6 1 8 5 8 15 8 19 8 10 9 1 10 9 10 15 10 19 10 1 12 15 12 19 12 19 14 8 15 6 19 8 19 10 19 12 19 14 19 16 19 6 3 8 3 12 3 3 6 17 6 3 8 7 10 8 13 17 14 14 17
> BAT2 10 3 8 7 10 7 7 8 17 8 3 10 13 10 17 10 17 12 10 13 6 17 8 17 10 17 12 17
< RES 1637181804 64 2
< MOVE U
> REQ 1637181804 65 2
> VAMPIRE 1 5 5 3 0 2 0
> VAMPIRE 4 1 11 3 1 2 0
> VAMPIRE 3 7 15 3 0 2 0
> VAMPIRE 2 17 3 3 0 2 0
> GRENADE 1 7 3 2 2
> GRENADE 2 19 2 4 2
> GRENADE 3 7 17 5 2
> BAT1 19 4 8 5 10 5 12 5 1 6 19 6 1 8 5 8 15 8 19 8 10 9 1 10 9 10 15 10 19 10 1 12 15 12 19 12 19 14 8 15 6 19 8 19 10 19 12 19 14 19 16 19 6 3 8 3 12 3 3 6 17 6 3 8 7 10 17 14 14 17
> BAT2 10 3 8 7 10 7 7 8 17 8 3 10 13 10 17 10 17 12 10 13 6 17 8 17 10 17 12 17
< RES 1637181804 65 2
< MOVE U U
> REQ 1637181804 66 2
> VAMPIRE 1 5 7 3 0 2 0
> VAMPIRE 4 3 11 3 0 2 0
> VAMPIRE 3 5 15 3 0 2 0
> VAMPIRE 2 15 3 3 0 2 0
> GRENADE 1 7 3 1 2
> GRENADE 2 19 2 3 2
> GRENADE 3 7 17 4 2
> GRENADE 4 1 11 5 2
> BAT1 19 4 8 5 10 5 12 5 1 6 19 6 1 8 5 8 15 8 19 8 10 9 1 10 9 10 15 10 19 10 1 12 15 12 19 12 19 14 8 15 6 19 8 19 10 19 12 19 14 19 16 19 6 3 8 3 12 3 3 6 17 6 3 8 7 10 17 14 14 17
> BAT2 10 3 8 7 10 7 7 8 17 8 3 10 13 10 17 10 17 12 10 13 6 17 8 17 10 17 12 17
< RES 1637181804 66 2
< MOVE R R
> REQ 1637181804 67 2
> VAMPIRE 1 3 7 3 1 2 0
> VAMPIRE 4 5 11 3 0 2 0
> VAMPIRE 3 5 15 3 0 2 0
> VAMPIRE 2 15 5 3 0 2 0
> GRENADE 2 19 2 2 2
> GRENADE 3 7 17 3 2
> GRENADE 4 1 11 4 2
> BAT1 19 4 8 5 10 5 12 5 1 6 19 6 1 8 5 8 15 8 19 8 10 9 1 10 9 10 15 10 19 10 1 12 15 12 19 12 19 14 8 15 6 19 8 19 10 19 12 19 14 19 16 19 12 3 3 6 17 6 3 8 7 10 17 14 14 17
> BAT2 10 3 8 7 10 7 7 8 17 8 3 10 13 10 17 10 17 12 10 13 6 17 8 17 10 17 12 17
< RES 1637181804 67 2
< MOVE R R
> REQ 1637181804 68 2
> VAMPIRE 1 5 7 3 0 2 0
> VAMPIRE 4 5 11 3 0 2 0
> VAMPIRE 3 5 15 3 0 2 0
> VAMPIRE 2 15 7 3 0 2 0
> GRENADE 2 19 2 1 2
> GRENADE 3 7 17 2 2
> GRENADE 4 1 11 3 2
> GRENADE 1 3 7 5 2
> BAT1 19 4 8 5 10 5 12 5 1 6 19 6 1 8 5 8 15 8 19 8 10 9 1 10 9 10 15 10 19 10 1 12 15 12 19 12 19 14 8 15 6 19 8 19 10 19 12 19 14 19 16 19 12 3 3 6 17 6 3 8 7 10 17 14 14 17
> BAT2 10 3 8 7 10 7 7 8 17 8 3 10 13 10 17 10 17 12 10 13 6 17 8 17 10 17 12 17
< RES 1637181804 68 2
< MOVE D D
> REQ 1637181804 69 2
> VAMPIRE 1 5 5 3 0 2 0
> VAMPIRE 4 5 11 3 0 2 0
> VAMPIRE 3 5 15 3 0 2 0
> VAMPIRE 2 17 7 3 1 2 0
> GRENADE 3 7 17 1 2
> GRENADE 4 1 11 2 2
> GRENADE 1 3 7 4 2
> BAT1 8 5 10 5 12 5 1 6 19 6 1 8 5 8 15 8 19 8 10 9 1 10 9 10 15 10 19 10 1 12 15 12 19 12 19 14 8 15 6 19 8 19 10 19 12 19 14 19 16 19 12 3 3 6 17 6 3 8 7 10 17 14 14 17
> BAT2 10 3 8 7 10 7 7 8 17 8 3 10 13 10 17 10 17 12 10 13 6 17 8 17 10 17 12 17
< RES 1637181804 69 2
< GRENADE
< MOVE U U
> REQ 1637181804 70 2
> VAMPIRE 1 5 5 3 0 2 0
> VAMPIRE 4 5 9 3 0 2 0
> VAMPIRE 3 7 15 3 1 2 0
> VAMPIRE 2 15 7 3 0 2 0
> GRENADE 4 1 11 1 2
> GRENADE 1 3 7 3 2
> GRENADE 2 17 7 5 2
> BAT1 8 5 10 5 12 5 1 6 19 6 1 8 5 8 15 8 19 8 10 9 1 10 9 10 15 10 19 10 1 12 15 12 19 12 19 14 8 15 6 19 8 19 10 19 12 19 14 19 16 19 12 3 3 6 17 6 3 8 7 10 17 14 6 17 8 17 14 17
> BAT2 10 3 8 7 10 7 7 8 17 8 3 10 13 10 17 10 17 12 10 13 10 17 12 17
< RES 1637181804 70 2
< MOVE L L
> REQ 1637181804 71 2
> VAMPIRE 1 5 5 3 0 2 0
> VAMPIRE 4 7 9 3 1 2 0
> VAMPIRE 3 7 17 3 1 2 0
> VAMPIRE 2 15 5 3 0 2 0
> GRENADE 1 3 7 2 2
> GRENADE 2 17 7 4 2
> BAT1 8 5 10 5 12 5 1 6 19 6 1 8 5 8 15 8 19 8 10 9 9 10 15 10 19 10 15 12 19 12 19 14 8 15 6 19 8 19 10 19 12 19 14 19 16 19 12 3 3 6 17 6 3 8 7 10 17 14 6 17 8 17 14 17
> BAT2 10 3 8 7 10 7 7 8 17 8 3 10 13 10 17 10 17 12 10 13 10 17 12 17
< RES 1637181804 71 2
< MOVE U U
> REQ 1637181804 72 2
> VAMPIRE 1 7 5 3 0 2 0
> VAMPIRE 4 5 9 3 0 2 0
> VAMPIRE 3 7 15 3 0 2 0
> VAMPIRE 2 13 5 3 0 2 0
> GRENADE 1 3 7 1 2
> GRENADE 2 17 7 3 2
> GRENADE 4 7 9 5 2
> GRENADE 3 7 17 5 2
> BAT1 8 5 10 5 12 5 1 6 19 6 1 8 5 8 15 8 19 8 10 9 9 10 15 10 19 10 15 12 19 12 19 14 8 15 6 19 8 19 10 19 12 19 14 19 16 19 12 3 3 6 17 6 3 8 7 10 17 14 6 17 8 17 14 17
> BAT2 10 3 8 7 10 7 7 8 17 8 3 10 13 10 17 10 17 12 10 13 10 17 12 17
< RES 1637181804 72 2
< MOVE R R
> REQ 1637181804 73 2
> VAMPIRE 1 7 7 3 1 2 0
> VAMPIRE 4 5 11 3 0 2 0
> VAMPIRE 3 5 15 3 0 2 0
> VAMPIRE 2 13 7 3 0 2 0
> GRENADE 2 17 7 2 2
> GRENADE 4 7 9 4 2
> GRENADE 3 7 17 4 2
> BAT1 8 5 10 5 12 5 1 6 19 6 1 8 5 8 15 8 19 8 10 9 9 10 15 10 19 10 15 12 19 12 19 14 8 15 6 19 8 19 10 19 12 19 14 19 16 19 12 3 17 6 7 10 17 14 6 17 8 17 14 17
> BAT2 10 3 8 7 10 7 7 8 17 8 3 10 13 10 17 10 17 12 10 13 10 17 12 17
< RES 1637181804 73 2
< MOVE U U
> REQ 1637181804 74 2
> VAMPIRE 1 5 7 3 0 2 0
> VAMPIRE 4 5 11 3 0 2 0
> VAMPIRE 3 5 15 3 0 2 0
> VAMPIRE 2 11 7 3 0 2 0
> GRENADE 2 17 7 1 2
> GRENADE 4 7 9 3 2
> GRENADE 3 7 17 3 2
> GRENADE 1 7 7 5 2
> BAT1 8 5 10 5 12 5 1 6 19 6 1 8 5 8 15 8 19 8 10 9 9 10 15 10 19 10 15 12 19 12 19 14 8 15 6 19 8 19 10 19 12 19 14 19 16 19 12 3 17 6 7 10 17 14 6 17 8 17 14 17
> BAT2 10 3 8 7 10 7 7 8 17 8 3 10 13 10 17 10 17 12 10 13 10 17 12 17
< RES 1637181804 74 2
< MOVE L L
> REQ 1637181804 75 2
> VAMPIRE 1 3 7 3 0 2 0
> VAMPIRE 4 5 13 3 0 2 0
> VAMPIRE 3 5 15 3 0 2 0
> VAMPIRE 2 11 5 3 1 2 0
> GRENADE 4 7 9 2 2
> GRENADE 3 7 17 2 2
> GRENADE 1 7 7 4 2
> BAT1 8 5 10 5 12 5 1 6 19 6 1 8 5 8 15 8 19 8 10 9 9 10 15 10 19 10 15 12 19 12 19 14 8 15 6 19 8 19 10 19 12 19 14 19 16 19 12 3 17 8 7 10 17 14 6 17 8 17 14 17
> BAT2 10 3 8 7 10 7 7 8 3 10 13 10 17 10 17 12 10 13 10 17 12 17
< RES 1637181804 75 2
< MOVE L L
> REQ 1637181804 76 2
> VAMPIRE 1 3 9 3 0 2 0
> VAMPIRE 4 7 13 3 0 2 0
> VAMPIRE 3 5 15 3 0 2 0
> VAMPIRE 2 11 3 3 1 2 0
> GRENADE 4 7 9 1 2
> GRENADE 3 7 17 1 2
> GRENADE 1 7 7 3 2
> BAT1 8 5 10 5 12 5 1 6 19 6 1 8 5 8 15 8 19 8 10 9 9 10 15 10 19 10 15 12 19 12 19 14 8 15 6 19 8 19 10 19 12 19 14 19 16 19 12 3 17 8 7 10 17 14 6 17 8 17 14 17
> BAT2 10 3 8 7 10 7 7 8 3 10 13 10 17 10 17 12 10 13 10 17 12 17
< RES 1637181804 76 2
< GRENADE
< MOVE R R
> REQ 1637181804 77 2
> VAMPIRE 1 5 9 3 0 2 0
> VAMPIRE 4 8 13 3 1 2 0
> VAMPIRE 3 6 15 3 1 2 0
> VAMPIRE 2 11 5 3 0 2 0
> GRENADE 1 7 7 2 2
> GRENADE 2 11 3 5 2
> BAT1 8 5 10 5 12 5 1 6 19 6 1 8 5 8 15 8 19 8 10 9 9 10 15 10 19 10 15 12 19 12 19 14 8 15 6 19 8 19 10 19 12 19 14 19 16 19 12 3 7 8 17 8 17 14 14 17
> BAT2 10 3 8 7 10 7 3 10 13 10 17 10 17 12 10 13 10 17 12 17
< RES 1637181804 77 2
< MOVE R R
> REQ 1637181804 78 2
> VAMPIRE 1 7 9 3 0 2 0
> VAMPIRE 4 7 12 3 0 2 0
> VAMPIRE 3 7 14 3 0 2 0
> VAMPIRE 2 11 7 3 0 2 0
> GRENADE 1 7 7 1 2
> GRENADE 2 11 3 4 2
> GRENADE 4 8 13 5 2
> GRENADE 3 6 15 5 2
> BAT1 8 5 10 5 12 5 1 6 19 6 1 8 5 8 15 8 19 8 10 9 9 10 15 10 19 10 15 12 19 12 19 14 8 15 6 19 8 19 10 19 12 19 14 19 16 19 12 3 7 8 17 8 17 14 14 17
> BAT2 10 3 8 7 10 7 3 10 13 10 17 10 17 12 10 13 10 17 12 17
< RES 1637181804 78 2
< MOVE D D
> REQ 1637181804 79 2
> VAMPIRE 1 9 9 3 1 2 0
> VAMPIRE 4 7 11 3 0 2 0
> VAMPIRE 3 7 16 3 0 2 0
> VAMPIRE 2 13 7 3 0 2 0
> GRENADE 2 11 3 3 2
> GRENADE 4 8 13 4 2
> GRENADE 3 6 15 4 2
> BAT1 8 5 10 5 12 5 1 6 19 6 1 8 5 8 15 8 19 8 10 9 9 10 15 10 19 10 15 12 19 12 19 14 8 15 6 19 8 19 10 19 12 19 14 19 16 19 12 3 8 7 17 8 17 14 14 17
> BAT2 10 3 10 7 3 10 13 10 17 10 17 12 10 13 10 17 12 17
< RES 1637181804 79 2
> REQ 1637181804 80 2
> VAMPIRE 1 7 9 3 0 2 0
> VAMPIRE 4 7 11 3 0 2 0
> VAMPIRE 3 7 17 3 0 2 0
> VAMPIRE 2 13 7 3 0 2 0
> GRENADE 2 11 3 2 2
> GRENADE 4 8 13 3 2
> GRENADE 3 6 15 3 2
> GRENADE 1 9 9 5 2
> BAT1 8 5 10 5 12 5 1 6 19 6 1 8 5 8 15 8 19 8 10 9 9 10 15 10 19 10 15 12 19 12 19 14 8 15 6 19 8 19 10 19 12 19 14 19 16 19 12 3 8 7 17 8 17 14 14 17
> BAT2 10 3 10 7 3 10 13 10 17 10 17 12 10 13 10 17 12 17
< RES 1637181804 80 2
< MOVE U U
> REQ 1637181804 81 2
> VAMPIRE 1 7 11 3 0 2 0
> VAMPIRE 4 7 11 3 0 2 0
> VAMPIRE 3 6 17 3 0 2 0
> VAMPIRE 2 11 7 3 0 2 0
> GRENADE 2 11 3 1 2
> GRENADE 4 8 13 2 2
> GRENADE 3 6 15 2 2
> GRENADE 1 9 9 4 2
> BAT1 8 5 10 5 12 5 1 6 19 6 1 8 5 8 15 8 19 8 10 9 9 10 15 10 19 10 15 12 19 12 19 14 8 15 6 19 8 19 10 19 12 19 14 19 16 19 12 3 8 7 17 8 17 14 14 17
> BAT2 10 3 10 7 3 10 13 10 17 10 17 12 10 13 10 17 12 17
< RES 1637181804 81 2
< MOVE L L
> REQ 1637181804 82 2
> VAMPIRE 1 7 11 3 0 2 0
> VAMPIRE 4 7 10 3 0 2 0
> VAMPIRE 3 7 18 3 0 2 0
> VAMPIRE 2 11 5 3 1 2 0
> GRENADE 4 8 13 1 2
> GRENADE 3 6 15 1 2
> GRENADE 1 9 9 3 2
> BAT1 8 5 10 5 12 5 1 6 19 6 1 8 5 8 15 8 19 8 10 9 9 10 15 10 19 10 15 12 19 12 19 14 8 15 6 19 8 19 10 19 12 19 14 19 16 19 10 3 8 7 17 8 17 14 14 17
> BAT2 10 7 3 10 13 10 17 10 17 12 10 13 10 17 12 17
< RES 1637181804 82 2
< GRENADE
< MOVE L L
> REQ 1637181804 83 2
> VAMPIRE 1 7 11 3 0 2 0
> VAMPIRE 4 8 9 3 1 2 0
> VAMPIRE 3 7 19 3 1 2 0
> VAMPIRE 2 11 3 3 0 2 0
> GRENADE 1 9 9 2 2
> GRENADE 2 11 5 5 2
> BAT1 8 5 10 5 12 5 1 6 19 6 1 8 5 8 15 8 19 8 10 9 9 10 15 10 19 10 15 12 19 12 19 14 6 19 8 19 10 19 12 19 14 19 16 19 10 3 8 7 17 8 10 13 17 14 14 17
> BAT2 10 7 3 10 13 10 17 10 17 12 10 17 12 17
< RES 1637181804 83 2
< MOVE D D
> REQ 1637181804 84 2
> VAMPIRE 1 5 11 3 0 2 0
> VAMPIRE 4 7 8 3 0 2 0
> VAMPIRE 3 7 17 3 0 2 0
> VAMPIRE 2 13 3 3 0 2 0
> GRENADE 1 9 9 1 2
> GRENADE 2 11 5 4 2
> GRENADE 4 8 9 5 2
> GRENADE 3 7 19 5 2
> BAT1 8 5 10 5 12 5 1 6 19 6 1 8 5 8 15 8 19 8 10 9 9 10 15 10 19 10 15 12 19 12 19 14 6 19 8 19 10 19 12 19 14 19 16 19 10 3 8 7 17 8 10 13 17 14 14 17
> BAT2 10 7 3 10 13 10 17 10 17 12 10 17 12 17
< RES 1637181804 84 2
> REQ 1637181804 85 2
> VAMPIRE 1 5 10 3 1 2 0
> VAMPIRE 4 6 7 3 1 2 0
> VAMPIRE 3 5 17 3 0 2 0
> VAMPIRE 2 13 3 3 0 2 0
> GRENADE 2 11 5 3 2
> GRENADE 3 7 19 4 2
> BAT1 8 5 10 5 12 5 1 6 19 6 1 8 5 8 15 8 19 8 15 10 19 10 15 12 19 12 19 14 6 19 8 19 10 19 12 19 14 19 16 19 10 3 8 7 17 8 10 13 17 14 14 17
> BAT2 10 7 3 10 13 10 17 10 17 12 10 17 12 17
< RES 1637181804 85 2
> REQ 1637181804 86 2
> VAMPIRE 1 6 9 3 0 2 0
> VAMPIRE 4 5 6 3 0 2 0
> VAMPIRE 3 3 17 3 0 2 0
> VAMPIRE 2 13 3 3 0 2 0
> GRENADE 2 11 5 2 2
> GRENADE 3 7 19 3 2
> GRENADE 1 5 10 5 2
> GRENADE 4 6 7 5 2
> BAT1 8 5 10 5 12 5 1 6 19 6 1 8 5 8 15 8 19 8 15 10 19 10 15 12 19 12 19 14 6 19 8 19 10 19 12 19 14 19 16 19 10 3 8 7 17 8 10 13 17 14 14 17
> BAT2 10 7 3 10 13 10 17 10 17 12 10 17 12 17
< RES 1637181804 86 2
> REQ 1637181804 87 2
> VAMPIRE 1 7 9 3 0 2 0
> VAMPIRE 4 5 5 3 0 2 0
> VAMPIRE 3 3 15 3 0 2 0
> VAMPIRE 2 13 3 3 0 2 0
> GRENADE 2 11 5 1 2
> GRENADE 3 7 19 2 2
> GRENADE 1 5 10 4 2
> GRENADE 4 6 7 4 2
> BAT1 8 5 10 5 12 5 1 6 19 6 1 8 5 8 15 8 19 8 15 10 19 10 15 12 19 12 19 14 6 19 8 19 10 19 12 19 14 19 16 19 10 3 8 7 17 8 10 13 17 14 14 17
> BAT2 10 7 3 10 13 10 17 10 17 12 10 17 12 17
< RES 1637181804 87 2
< MOVE U
> REQ 1637181804 88 2
> VAMPIRE 1 7 8 3 0 2 0
> VAMPIRE 4 5 5 3 0 2 0
> VAMPIRE 3 3 13 3 0 2 0
> VAMPIRE 2 12 3 3 1 2 0
> GRENADE 3 7 19 1 2
> GRENADE 1 5 10 3 2
> GRENADE 4 6 7 3 2
> BAT1 8 5 1 6 19 6 1 8 5 8 15 8 19 8 15 10 19 10 15 12 19 12 19 14 6 19 8 19 10 19 12 19 14 19 16 19 10 3 8 7 17 8 10 13 17 14 14 17
> BAT2 10 7 3 10 13 10 17 10 17 12 10 17 12 17
< RES 1637181804 88 2
< GRENADE
< MOVE U R
> REQ 1637181804 89 2
> VAMPIRE 1 7 6 3 0 2 0
> VAMPIRE 4 5 3 3 0 2 0
> VAMPIRE 3 3 12 3 1 2 0
> VAMPIRE 2 11 4 3 0 2 0
> GRENADE 1 5 10 2 2
> GRENADE 4 6 7 2 2
> GRENADE 2 12 3 5 2
> BAT1 8 5 1 6 19 6 1 8 5 8 15 8 19 8 15 10 19 10 15 12 19 12 19 14 10 19 12 19 14 19 16 19 10 3 8 7 17 8 10 13 17 14 14 17
> BAT2 10 7 3 10 13 10 17 10 17 12 10 17 12 17
< RES 1637181804 89 2
< MOVE R
> REQ 1637181804 90 2
> VAMPIRE 1 7 4 3 0 2 0
> VAMPIRE 4 7 3 3 0 2 0
> VAMPIRE 3 4 11 3 0 2 0
> VAMPIRE 2 11 5 3 0 2 0
> GRENADE 1 5 10 1 2
> GRENADE 4 6 7 1 2
> GRENADE 2 12 3 4 2
> GRENADE 3 3 12 5 2
> BAT1 8 5 1 6 19 6 1 8 5 8 15 8 19 8 15 10 19 10 15 12 19 12 19 14 10 19 12 19 14 19 16 19 10 3 8 7 17 8 10 13 17 14 14 17
> BAT2 10 7 3 10 13 10 17 10 17 12 10 17 12 17
< RES 1637181804 90 2
< MOVE D D
> REQ 1637181804 91 2
> VAMPIRE 1 8 3 3 1 2 0
> VAMPIRE 4 8 3 3 1 2 0
> VAMPIRE 3 5 11 3 0 2 0
> VAMPIRE 2 13 5 3 0 2 0
> GRENADE 2 12 3 3 2
> GRENADE 3 3 12 4 2
> BAT1 8 5 1 6 19 6 1 8 15 8 19 8 15 10 19 10 15 12 19 12 19 14 10 19 12 19 14 19 16 19 10 3 17 8 10 13 17 14 14 17
> BAT2 10 7 3 10 13 10 17 10 17 12 10 17 12 17
< RES 1637181804 91 2
< MOVE R R
> REQ 1637181804 92 2
> VAMPIRE 1 7 4 3 0 2 0
> VAMPIRE 4 7 4 3 0 2 0
> VAMPIRE 3 5 11 3 0 2 0
> VAMPIRE 2 13 7 3 0 2 0
> GRENADE 2 12 3 2 2
> GRENADE 3 3 12 3 2
> GRENADE 1 8 3 5 2
> GRENADE 4 8 3 5 2
> BAT1 8 5 1 6 19 6 1 8 15 8 19 8 15 10 19 10 15 12 19 12 19 14 10 19 12 19 14 19 16 19 10 3 17 8 10 13 17 14 14 17
> BAT2 10 7 3 10 13 10 17 10 17 12 10 17 12 17
< RES 1637181804 92 2
< MOVE R R
> REQ 1637181804 93 2
> VAMPIRE 1 7 5 3 0 2 0
> VAMPIRE 4 7 5 3 0 2 0
> VAMPIRE 3 7 11 3 0 2 0
> VAMPIRE 2 13 9 3 0 2 0
> GRENADE 2 12 3 1 2
> GRENADE 3 3 12 2 2
> GRENADE 1 8 3 4 2
> GRENADE 4 8 3 4 2
> BAT1 8 5 1 6 19 6 1 8 15 8 19 8 15 10 19 10 15 12 19 12 19 14 10 19 12 19 14 19 16 19 10 3 17 8 10 13 17 14 14 17
> BAT2 10 7 3 10 13 10 17 10 17 12 10 17 12 17
< RES 1637181804 93 2
< MOVE D D
> REQ 1637181804 94 2
> VAMPIRE 1 5 5 3 0 2 0
> VAMPIRE 4 5 5 3 0 2 0
> VAMPIRE 3 7 13 3 0 2 0
> VAMPIRE 2 15 9 3 1 2 0
> GRENADE 3 3 12 1 2
> GRENADE 1 8 3 3 2
> GRENADE 4 8 3 3 2
> BAT1 8 5 1 6 19 6 1 8 15 8 19 8 15 10 19 10 15 12 19 12 19 14 10 19 12 19 14 19 16 19 17 8 10 13 17 14 14 17
> BAT2 10 7 3 10 13 10 17 10 17 12 10 17 12 17
< RES 1637181804 94 2
< GRENADE
< MOVE U U
> REQ 1637181804 95 2
> VAMPIRE 1 3 5 3 0 2 0
> VAMPIRE 4 5 5 3 0 2 0
> VAMPIRE 3 8 13 3 1 2 0
> VAMPIRE 2 13 9 3 0 2 0
> GRENADE 1 8 3 2 2
> GRENADE 4 8 3 2 2
> GRENADE 2 15 9 5 2
> BAT1 8 5 1 6 19 6 1 8 15 8 19 8 15 10 19 10 15 12 19 12 19 14 10 19 12 19 14 19 16 19 17 8 3 10 10 13 17 14 14 17
> BAT2 10 7 13 10 17 10 17 12 10 17 12 17
< RES 1637181804 95 2
< MOVE U U
> REQ 1637181804 96 2
> VAMPIRE 1 5 5 3 0 2 0
> VAMPIRE 4 3 5 3 0 2 0
> VAMPIRE 3 9 12 3 0 2 0
> VAMPIRE 2 11 9 3 0 2 0
> GRENADE 1 8 3 1 2
> GRENADE 4 8 3 1 2
> GRENADE 2 15 9 4 2
> GRENADE 3 8 13 5 2
> BAT1 8 5 1 6 19 6 1 8 15 8 19 8 15 10 19 10 15 12 19 12 19 14 10 19 12 19 14 19 16 19 17 8 3 10 10 13 17 14 14 17
> BAT2 10 7 13 10 17 10 17 12 10 17 12 17
< RES 1637181804 96 2
> REQ 1637181804 97 2
> VAMPIRE 1 6 5 3 1 2 0
> VAMPIRE 4 1 5 3 1 2 0
> VAMPIRE 3 9 11 3 0 2 0
> VAMPIRE 2 11 9 3 0 2 0
> GRENADE 2 15 9 3 2
> GRENADE 3 8 13 4 2
> BAT1 8 5 1 6 19 6 1 8 15 8 19 8 15 10 19 10 15 12 19 12 19 14 10 19 12 19 14 19 16 19 17 8 3 10 10 13 17 14 14 17
> BAT2 10 7 13 10 17 10 17 12 10 17 12 17
< RES 1637181804 97 2
> REQ 1637181804 98 2
> VAMPIRE 1 7 4 3 0 2 0
> VAMPIRE 4 3 5 3 0 2 0
> VAMPIRE 3 11 11 3 0 2 0
> VAMPIRE 2 11 9 3 0 2 0
> GRENADE 2 15 9 2 2
> GRENADE 3 8 13 3 2
> GRENADE 1 6 5 5 2
> GRENADE 4 1 5 5 2
> BAT1 8 5 1 6 19 6 1 8 15 8 19 8 15 10 19 10 15 12 19 12 19 14 10 19 12 19 14 19 16 19 17 8 3 10 10 13 17 14 14 17
> BAT2 10 7 13 10 17 10 17 12 10 17 12 17
< RES 1637181804 98 2
< MOVE L L
> REQ 1637181804 99 2
> VAMPIRE 1 7 3 3 0 2 0
> VAMPIRE 4 3 7 3 0 2 0
> VAMPIRE 3 11 13 3 0 2 0
> VAMPIRE 2 11 7 3 0 2 0
> GRENADE 2 15 9 1 2
> GRENADE 3 8 13 2 2
> GRENADE 1 6 5 4 2
> GRENADE 4 1 5 4 2
> BAT1 8 5 1 6 19 6 1 8 15 8 19 8 15 10 19 10 15 12 19 12 19 14 10 19 12 19 14 19 16 19 17 8 3 10 10 13 17 14 14 17
> BAT2 10 7 13 10 17 10 17 12 10 17 12 17
< RES 1637181804 99 2
< MOVE D
> REQ 1637181804 100 2
> VAMPIRE 1 9 3 3 0 2 0
> VAMPIRE 4 3 7 3 0 2 0
> VAMPIRE 3 11 15 3 0 2 0
> VAMPIRE 2 12 7 3 1 2 0
> GRENADE 3 8 13 1 2
> GRENADE 1 6 5 3 2
> GRENADE 4 1 5 3 2
> BAT1 8 5 1 6 19 6 1 8 19 8 19 10 15 12 19 12 19 14 10 19 12 19 14 19 16 19 17 8 3 10 10 13 17 14 14 17
> BAT2 10 7 13 10 17 10 17 12 10 17 12 17
< RES 1637181804 100 2
< GRENADE
< MOVE U L
> REQ 1637181804 101 2
> VAMPIRE 1 9 5 3 0 2 0
> VAMPIRE 4 3 7 3 0 2 0
> VAMPIRE 3 11 17 3 1 2 0
> VAMPIRE 2 11 6 3 0 2 0
> GRENADE 1 6 5 2 2
> GRENADE 4 1 5 2 2
> GRENADE 2 12 7 5 2
> BAT1 8 5 1 6 19 6 1 8 19 8 19 10 15 12 19 12 19 14 10 19 12 19 14 19 16 19 17 8 3 10 17 14 14 17
> BAT2 10 7 13 10 17 10 17 12 10 17 12 17
< RES 1637181804 101 2
< MOVE L
> REQ 1637181804 102 2
> VAMPIRE 1 9 7 3 0 2 0
> VAMPIRE 4 3 7 3 0 2 0
> VAMPIRE 3 11 15 3 0 2 0
> VAMPIRE 2 11 5 3 0 2 0
> GRENADE 1 6 5 1 2
> GRENADE 4 1 5 1 2
> GRENADE 2 12 7 4 2
> GRENADE 3 11 17 5 2
> BAT1 8 5 1 6 19 6 1 8 19 8 19 10 15 12 19 12 19 14 10 19 12 19 14 19 16 19 17 8 3 10 17 14 14 17
> BAT2 10 7 13 10 17 10 17 12 10 17 12 17
< RES 1637181804 102 2
> REQ 1637181804 103 2
> VAMPIRE 1 8 7 3 1 2 0
> VAMPIRE 4 3 8 3 1 2 0
> VAMPIRE 3 9 15 3 0 2 0
> VAMPIRE 2 11 5 3 0 2 0
> GRENADE 2 12 7 3 2
> GRENADE 3 11 17 4 2
> BAT1 19 6 1 8 19 8 19 10 15 12 19 12 19 14 10 19 12 19 14 19 16 19 17 8 3 10 17 14 14 17
> BAT2 10 7 13 10 17 10 17 12 10 17 12 17
< RES 1637181804 103 2
< MOVE U U
> REQ 1637181804 104 2
> VAMPIRE 1 9 6 3 0 2 0
> VAMPIRE 4 4 9 3 0 2 0
> VAMPIRE 3 10 15 3 0 2 0
> VAMPIRE 2 9 5 3 0 2 0
> GRENADE 2 12 7 2 2
> GRENADE 3 11 17 3 2
> GRENADE 1 8 7 5 2
> GRENADE 4 3 8 5 2
> BAT1 19 6 1 8 19 8 19 10 15 12 19 12 19 14 10 19 12 19 14 19 16 19 17 8 3 10 17 14 14 17
> BAT2 10 7 13 10 17 10 17 12 10 17 12 17
< RES 1637181804 104 2
< MOVE D D
> REQ 1637181804 105 2
> VAMPIRE 1 9 5 3 0 2 0
> VAMPIRE 4 5 9 3 0 2 0
> VAMPIRE 3 12 15 3 0 2 0
> VAMPIRE 2 11 5 3 0 2 0
> GRENADE 2 12 7 1 2
> GRENADE 3 11 17 2 2
> GRENADE 1 8 7 4 2
> GRENADE 4 3 8 4 2
> BAT1 19 6 1 8 19 8 19 10 15 12 19 12 19 14 10 19 12 19 14 19 16 19 17 8 3 10 17 14 14 17
> BAT2 10 7 13 10 17 10 17 12 10 17 12 17
< RES 1637181804 105 2
< MOVE D D
> REQ 1637181804 106 2
> VAMPIRE 1 9 5 3 0 2 0
> VAMPIRE 4 5 11 3 0 2 0
> VAMPIRE 3 13 16 3 0 2 0
> VAMPIRE 2 13 5 3 1 2 0
> GRENADE 3 11 17 1 2
> GRENADE 1 8 7 3 2
> GRENADE 4 3 8 3 2
> BAT1 19 6 1 8 19 8 19 10 15 12 19 12 19 14 10 19 12 19 14 19 16 19 10 7 17 8 3 10 17 14 14 17
> BAT2 13 10 17 10 17 12 10 17 12 17
< RES 1637181804 106 2
< MOVE R R
> REQ 1637181804 107 2
> VAMPIRE 1 9 5 3 0 2 0
> VAMPIRE 4 3 11 3 0 2 0
> VAMPIRE 3 13 17 3 1 2 0
> VAMPIRE 2 13 7 3 1 2 0
> GRENADE 1 8 7 2 2
> GRENADE 4 3 8 2 2
> BAT1 19 6 1 8 19 8 19 10 15 12 19 12 19 14 10 19 12 19 14 19 16 19 10 7 17 8 3 10 17 14 10 17 12 17 14 17
> BAT2 13 10 17 10 17 12
< RES 1637181804 107 2
< MOVE R
> REQ 1637181804 108 2
> VAMPIRE 1 11 5 3 0 2 0
> VAMPIRE 4 1 11 3 0 2 0
> VAMPIRE 3 13 15 3 0 2 0
> VAMPIRE 2 13 8 3 1 2 0
> GRENADE 1 8 7 1 2
> GRENADE 4 3 8 1 2
> GRENADE 3 13 17 5 2
> BAT1 19 6 1 8 19 8 19 10 15 12 19 12 19 14 10 19 12 19 14 19 16 19 10 7 17 8 3 10 17 14 10 17 12 17 14 17
> BAT2 13 10 17 10 17 12
< RES 1637181804 108 2
< GRENADE
< MOVE R U
> REQ 1637181804 109 2
> VAMPIRE 1 13 5 3 1 2 0
> VAMPIRE 4 1 10 3 1 2 0
> VAMPIRE 3 11 15 3 0 2 0
> VAMPIRE 2 12 9 3 0 2 0
> GRENADE 3 13 17 4 2
> GRENADE 2 13 8 5 2
> BAT1 19 6 1 8 19 8 19 10 15 12 19 12 19 14 10 19 12 19 14 19 16 19 17 8 17 14 10 17 12 17 14 17
> BAT2 13 10 17 10 17 12
< RES 1637181804 109 2
< MOVE U
> REQ 1637181804 110 2
> VAMPIRE 1 13 6 3 1 2 0
> VAMPIRE 4 2 9 3 0 2 0
> VAMPIRE 3 11 15 3 0 2 0
> VAMPIRE 2 11 9 3 0 2 0
> GRENADE 3 13 17 3 2
> GRENADE 2 13 8 4 2
> GRENADE 4 1 10 5 2
> BAT1 19 6 1 8 19 8 19 10 15 12 19 12 19 14 10 19 12 19 14 19 16 19 17 8 17 14 10 17 12 17 14 17
> BAT2 13 10 17 10 17 12
< RES 1637181804 110 2
> REQ 1637181804 111 2
> VAMPIRE 1 14 7 3 0 2 0
> VAMPIRE 4 3 9 3 0 2 0
> VAMPIRE 3 11 16 3 0 2 0
> VAMPIRE 2 11 9 3 0 2 0
> GRENADE 3 13 17 2 2
> GRENADE 2 13 8 3 2
> GRENADE 4 1 10 4 2
> GRENADE 1 13 6 5 2
> BAT1 19 6 1 8 19 8 19 10 15 12 19 12 19 14 10 19 12 19 14 19 16 19 17 8 17 14 10 17 12 17 14 17
> BAT2 13 10 17 10 17 12
< RES 1637181804 111 2
< MOVE D D
> REQ 1637181804 112 2
> VAMPIRE 1 15 7 3 0 2 0
> VAMPIRE 4 3 9 3 0 2 0
> VAMPIRE 3 11 18 3 0 2 0
> VAMPIRE 2 13 9 3 0 2 0
> GRENADE 3 13 17 1 2
> GRENADE 2 13 8 2 2
> GRENADE 4 1 10 3 2
> GRENADE 1 13 6 4 2
> BAT1 19 6 1 8 19 8 19 10 15 12 19 12 19 14 10 19 12 19 14 19 16 19 17 8 17 14 10 17 12 17 14 17
> BAT2 13 10 17 10 17 12
< RES 1637181804 112 2
< MOVE D D
> REQ 1637181804 113 2
> VAMPIRE 1 15 9 3 0 2 0
> VAMPIRE 4 3 9 3 0 2 0
> VAMPIRE 3 11 19 3 1 2 0
> VAMPIRE 2 15 9 3 0 2 0
> GRENADE 2 13 8 1 2
> GRENADE 4 1 10 2 2
> GRENADE 1 13 6 3 2
> BAT1 19 6 1 8 19 8 19 10 15 12 19 12 19 14 10 19 12 19 14 19 16 19 17 8 17 14 10 17
> BAT2 13 10 17 10 17 12
< RES 1637181804 113 2
< MOVE D D
> REQ 1637181804 114 2
> VAMPIRE 1 17 9 3 1 2 0
> VAMPIRE 4 5 9 3 0 2 0
> VAMPIRE 3 11 17 3 0 2 0
> VAMPIRE 2 17 9 3 1 2 0
> GRENADE 4 1 10 1 2
> GRENADE 3 11 19 5 2
> BAT1 19 6 1 8 19 8 19 10 15 12 19 12 19 14 10 19 12 19 14 19 16 19 17 8 13 10 17 14 10 17
> BAT2 17 10 17 12
< RES 1637181804 114 2
< GRENADE
< MOVE U U
> REQ 1637181804 115 2
> VAMPIRE 1 15 9 3 0 2 0
> VAMPIRE 4 7 9 3 1 2 0
> VAMPIRE 3 13 17 3 0 2 0
> VAMPIRE 2 15 9 3 0 2 0
> GRENADE 3 11 19 4 2
> GRENADE 1 17 9 5 2
> GRENADE 2 17 9 5 2
> BAT1 19 6 19 8 19 10 15 12 19 12 19 14 10 19 12 19 14 19 16 19 17 8 13 10 17 14 10 17
> BAT2 17 10 17 12
< RES 1637181804 115 2
< MOVE L L
> REQ 1637181804 116 2
> VAMPIRE 1 15 7 3 0 2 0
> VAMPIRE 4 9 9 3 1 2 0
> VAMPIRE 3 13 17 3 0 2 0
> VAMPIRE 2 15 7 3 0 2 0
> GRENADE 3 11 19 3 2
> GRENADE 1 17 9 4 2
> GRENADE 2 17 9 4 2
> BAT1 19 6 19 8 19 10 15 12 19 12 19 14 10 19 12 19 14 19 16 19 17 8 13 10 17 14 10 17
> BAT2 17 10 17 12
< RES 1637181804 116 2
< MOVE L L
> REQ 1637181804 117 2
> VAMPIRE 1 15 7 3 0 2 0
> VAMPIRE 4 11 9 3 1 2 0
> VAMPIRE 3 14 17 3 0 2 0
> VAMPIRE 2 15 5 3 0 2 0
> GRENADE 3 11 19 2 2
> GRENADE 1 17 9 3 2
> GRENADE 2 17 9 3 2
> BAT1 19 6 19 8 19 10 15 12 19 12 19 14 10 19 12 19 14 19 16 19 17 8 13 10 17 14 10 17
> BAT2 17 10 17 12
< RES 1637181804 117 2
< MOVE D D
> REQ 1637181804 118 2
> VAMPIRE 1 16 7 3 0 2 0
> VAMPIRE 4 13 9 3 1 2 0
> VAMPIRE 3 15 18 3 0 2 0
> VAMPIRE 2 17 5 3 0 2 0
> GRENADE 3 11 19 1 2
> GRENADE 1 17 9 2 2
> GRENADE 2 17 9 2 2
> BAT1 19 6 19 8 19 10 15 12 19 12 19 14 10 19 12 19 14 19 16 19 17 8 13 10 17 14 10 17
> BAT2 17 10 17 12
< RES 1637181804 118 2
< MOVE D D
> REQ 1637181804 119 2
> VAMPIRE 1 18 7 3 0 2 0
> VAMPIRE 4 11 9 3 0 2 0
> VAMPIRE 3 15 19 3 1 2 0
> VAMPIRE 2 19 5 3 0 2 0
> GRENADE 1 17 9 1 2
> GRENADE 2 17 9 1 2
> GRENADE 4 13 9 5 2
> BAT1 19 6 19 8 19 10 15 12 19 12 19 14 14 19 16 19 17 8 13 10 17 14 10 17
> BAT2 17 10 17 12
< RES 1637181804 119 2
< MOVE L
> REQ 1637181804 120 2
> VAMPIRE 1 19 7 3 1 2 0
> VAMPIRE 4 11 11 3 0 2 0
> VAMPIRE 3 15 17 3 0 2 0
> VAMPIRE 2 19 4 3 1 2 0
> GRENADE 4 13 9 4 2
> GRENADE 3 15 19 5 2
> BAT1 19 6 19 8 19 10 15 12 19 12 19 14 14 19 16 19 13 10 17 10 17 14 10 17
> BAT2 17 12
< RES 1637181804 120 2
< GRENADE
< MOVE R U
> REQ 1637181804 121 2
> VAMPIRE 1 17 7 3 0 2 0
> VAMPIRE 4 11 11 3 0 2 0
> VAMPIRE 3 13 17 3 0 2 0
> VAMPIRE 2 18 5 3 0 2 0
> GRENADE 4 13 9 3 2
> GRENADE 3 15 19 4 2
> GRENADE 1 19 7 5 2
> GRENADE 2 19 4 5 2
> BAT1 19 6 19 8 19 10 15 12 19 12 19 14 14 19 16 19 13 10 17 10 17 14 10 17
> BAT2 17 12
< RES 1637181804 121 2
< MOVE U
> REQ 1637181804 122 2
> VAMPIRE 1 17 5 3 0 2 0
> VAMPIRE 4 13 11 3 0 2 0
> VAMPIRE 3 13 17 3 0 2 0
> VAMPIRE 2 17 5 3 0 2 0
> GRENADE 4 13 9 2 2
> GRENADE 3 15 19 3 2
> GRENADE 1 19 7 4 2
> GRENADE 2 19 4 4 2
> BAT1 19 6 19 8 19 10 15 12 19 12 19 14 14 19 16 19 13 10 17 10 17 14 10 17
> BAT2 17 12
< RES 1637181804 122 2
> REQ 1637181804 123 2
> VAMPIRE 1 17 5 3 0 2 0
> VAMPIRE 4 15 11 3 0 2 0
> VAMPIRE 3 13 15 3 0 2 0
> VAMPIRE 2 17 5 3 0 2 0
> GRENADE 4 13 9 1 2
> GRENADE 3 15 19 2 2
> GRENADE 1 19 7 3 2
> GRENADE 2 19 4 3 2
> BAT1 19 6 19 8 19 10 15 12 19 12 19 14 14 19 16 19 13 10 17 10 17 14 10 17
> BAT2 17 12
< RES 1637181804 123 2
> REQ 1637181804 124 2
> VAMPIRE 1 17 5 3 0 2 0
> VAMPIRE 4 17 11 3 1 2 0
> VAMPIRE 3 15 15 3 0 2 0
> VAMPIRE 2 17 5 3 0 2 0
> GRENADE 3 15 19 1 2
> GRENADE 1 19 7 2 2
> GRENADE 2 19 4 2 2
> BAT1 19 6 19 8 19 10 15 12 19 12 19 14 14 19 16 19 17 10 17 14 10 17
> BAT2 17 12
< RES 1637181804 124 2
< MOVE R
> REQ 1637181804 125 2
> VAMPIRE 1 17 6 3 0 2 0
> VAMPIRE 4 15 11 3 0 2 0
> VAMPIRE 3 15 13 3 1 2 0
> VAMPIRE 2 17 6 3 0 2 0
> GRENADE 1 19 7 1 2
> GRENADE 2 19 4 1 2
> GRENADE 4 17 11 5 2
> BAT1 19 6 19 8 19 10 15 12 19 12 19 14 17 10 17 14 10 17
> BAT2 17 12
< RES 1637181804 125 2
< MOVE R R
> REQ 1637181804 126 2
> VAMPIRE 1 17 8 3 1 2 0
> VAMPIRE 4 13 11 3 0 2 0
> VAMPIRE 3 17 13 3 1 2 0
> VAMPIRE 2 17 8 3 1 2 0
> GRENADE 4 17 11 4 2
> BAT1 19 10 15 12 19 12 19 14 17 10 17 14 10 17
> BAT2 17 12
< RES 1637181804 126 2
< GRENADE
< MOVE R U
> REQ 1637181804 127 2
> VAMPIRE 1 16 9 3 0 2 0
> VAMPIRE 4 13 11 3 0 2 0
> VAMPIRE 3 15 13 3 0 2 0
> VAMPIRE 2 16 9 3 0 2 0
> GRENADE 4 17 11 3 2
> GRENADE 1 17 8 5 2
> GRENADE 3 17 13 5 2
> GRENADE 2 17 8 5 2
> BAT1 19 10 15 12 19 12 19 14 17 10 17 14 10 17
> BAT2 17 12
< RES 1637181804 127 2
< MOVE U
> REQ 1637181804 128 2
> VAMPIRE 1 15 9 3 0 2 0
> VAMPIRE 4 13 11 3 0 2 0
> VAMPIRE 3 13 13 3 0 2 0
> VAMPIRE 2 15 9 3 0 2 0
> GRENADE 4 17 11 2 2
> GRENADE 1 17 8 4 2
> GRENADE 3 17 13 4 2
> GRENADE 2 17 8 4 2
> BAT1 19 10 15 12 19 12 19 14 17 10 17 14 10 17
> BAT2 17 12
< RES 1637181804 128 2
> REQ 1637181804 129 2
> VAMPIRE 1 15 9 3 0 2 0
> VAMPIRE 4 13 11 3 0 2 0
> VAMPIRE 3 13 11 3 0 2 0
> VAMPIRE 2 15 9 3 0 2 0
> GRENADE 4 17 11 1 2
> GRENADE 1 17 8 3 2
> GRENADE 3 17 13 3 2
> GRENADE 2 17 8 3 2
> BAT1 19 10 15 12 19 12 19 14 17 10 17 14 10 17
> BAT2 17 12
< RES 1637181804 129 2
< MOVE D
> REQ 1637181804 130 2
> VAMPIRE 1 16 9 3 0 2 0
> VAMPIRE 4 15 11 3 1 2 0
> VAMPIRE 3 13 9 3 0 2 0
> VAMPIRE 2 16 9 3 0 2 0
> GRENADE 1 17 8 2 2
> GRENADE 3 17 13 2 2
> GRENADE 2 17 8 2 2
> BAT1 19 10 15 12 19 12 19 14 17 12 17 14 10 17
< RES 1637181804 130 2
> REQ 1637181804 131 2
> VAMPIRE 1 16 9 3 0 2 0
> VAMPIRE 4 13 11 3 0 2 0
> VAMPIRE 3 15 9 3 0 2 0
> VAMPIRE 2 16 9 3 0 2 0
> GRENADE 1 17 8 1 2
> GRENADE 3 17 13 1 2
> GRENADE 2 17 8 1 2
> GRENADE 4 15 11 5 2
> BAT1 19 10 15 12 19 12 19 14 17 12 17 14 10 17
< RES 1637181804 131 2
< MOVE D D
> REQ 1637181804 132 2
> VAMPIRE 1 18 9 3 1 2 0
> VAMPIRE 4 13 13 3 0 2 0
> VAMPIRE 3 15 10 3 1 2 0
> VAMPIRE 2 18 9 3 1 2 0
> GRENADE 4 15 11 4 2
> BAT1 19 10 15 12 19 12 19 14 10 17
< RES 1637181804 132 2
> REQ 1637181804 133 2
> VAMPIRE 1 18 9 3 1 2 0
> VAMPIRE 4 15 13 3 0 2 0
> VAMPIRE 3 16 9 3 0 2 0
> VAMPIRE 2 18 9 3 1 2 0
> GRENADE 4 15 11 3 2
> GRENADE 3 15 10 5 2
> BAT1 19 10 15 12 19 12 19 14 10 17
< RES 1637181804 133 2
> REQ 1637181804 134 2
> VAMPIRE 1 18 9 3 1 2 0
> VAMPIRE 4 16 13 3 0 2 0
> VAMPIRE 3 17 10 3 0 2 0
> VAMPIRE 2 18 9 3 1 2 0
> GRENADE 4 15 11 2 2
> GRENADE 3 15 10 4 2
> BAT1 19 10 15 12 19 12 19 14 10 17
< RES 1637181804 134 2
> REQ 1637181804 135 2
> VAMPIRE 1 18 9 3 1 2 0
> VAMPIRE 4 18 13 3 0 2 0
> VAMPIRE 3 18 9 3 0 2 0
> VAMPIRE 2 18 9 3 1 2 0
> GRENADE 4 15 11 1 2
> GRENADE 3 15 10 3 2
> BAT1 19 10 15 12 19 12 19 14 10 17
< RES 1637181804 135 2
> REQ 1637181804 136 2
> VAMPIRE 1 18 9 3 1 2 0
> VAMPIRE 4 19 13 3 1 2 0
> VAMPIRE 3 18 9 3 1 2 0
> VAMPIRE 2 18 9 3 1 2 0
> BAT1 19 10 19 12 19 14 10 17
< RES 1637181804 136 2
> REQ 1637181804 137 2
> VAMPIRE 1 18 9 3 1 2 0
> VAMPIRE 4 17 13 3 0 2 0
> VAMPIRE 3 18 9 3 1 2 0
> VAMPIRE 2 18 9 3 1 2 0
> GRENADE 4 19 13 5 2
> BAT1 19 10 19 12 19 14 10 17
< RES 1637181804 137 2
> REQ 1637181804 138 2
> VAMPIRE 1 18 9 3 1 2 0
> VAMPIRE 4 17 11 3 0 2 0
> VAMPIRE 3 18 9 3 1 2 0
> VAMPIRE 2 18 9 3 1 2 0
> GRENADE 4 19 13 4 2
> BAT1 19 10 19 12 19 14 10 17
< RES 1637181804 138 2
> REQ 1637181804 139 2
> VAMPIRE 1 18 9 3 1 2 0
> VAMPIRE 4 17 11 3 0 2 0
> VAMPIRE 3 18 9 3 1 2 0
> VAMPIRE 2 18 9 3 1 2 0
> GRENADE 4 19 13 3 2
> BAT1 19 10 19 12 19 14 10 17
< RES 1637181804 139 2
> REQ 1637181804 140 2
> VAMPIRE 1 18 9 3 1 2 0
> VAMPIRE 4 17 11 3 0 2 0
> VAMPIRE 3 18 9 3 1 2 0
> VAMPIRE 2 18 9 3 1 2 0
> GRENADE 4 19 13 2 2
> BAT1 19 10 19 12 19 14 10 17
< RES 1637181804 140 2
> REQ 1637181804 141 2
> VAMPIRE 1 18 9 3 1 2 0
> VAMPIRE 4 17 11 3 0 2 0
> VAMPIRE 3 18 9 3 1 2 0
> VAMPIRE 2 18 9 3 1 2 0
> GRENADE 4 19 13 1 2
> BAT1 19 10 19 12 19 14 10 17
< RES 1637181804 141 2
> REQ 1637181804 142 2
> VAMPIRE 1 18 9 3 1 2 0
> VAMPIRE 4 19 11 3 1 2 0
> VAMPIRE 3 18 9 3 1 2 0
> VAMPIRE 2 18 9 3 1 2 0
> BAT1 19 10 10 17
< RES 1637181804 142 2
> REQ 1637181804 143 2
> VAMPIRE 1 18 9 3 1 2 0
> VAMPIRE 4 17 11 3 0 2 0
> VAMPIRE 3 18 9 3 1 2 0
> VAMPIRE 2 18 9 3 1 2 0
> GRENADE 4 19 11 5 2
> BAT1 19 10 10 17
< RES 1637181804 143 2
> REQ 1637181804 144 2
> VAMPIRE 1 18 9 3 1 2 0
> VAMPIRE 4 17 9 3 0 2 0
> VAMPIRE 3 18 9 3 1 2 0
> VAMPIRE 2 18 9 3 1 2 0
> GRENADE 4 19 11 4 2
> BAT1 19 10 10 17
< RES 1637181804 144 2
> REQ 1637181804 145 2
> VAMPIRE 1 18 9 3 1 2 0
> VAMPIRE 4 17 9 3 0 2 0
> VAMPIRE 3 18 9 3 1 2 0
> VAMPIRE 2 18 9 3 1 2 0
> GRENADE 4 19 11 3 2
> BAT1 19 10 10 17
< RES 1637181804 145 2
< MOVE U
> REQ 1637181804 146 2
> VAMPIRE 1 17 9 3 1 2 0
> VAMPIRE 4 17 9 3 0 2 0
> VAMPIRE 3 17 9 3 1 2 0
> VAMPIRE 2 17 9 3 1 2 0
> GRENADE 4 19 11 2 2
> BAT1 19 10 10 17
< RES 1637181804 146 2
> REQ 1637181804 147 2
> VAMPIRE 1 17 9 3 1 2 0
> VAMPIRE 4 17 9 3 0 2 0
> VAMPIRE 3 17 9 3 1 2 0
> VAMPIRE 2 17 9 3 1 2 0
> GRENADE 4 19 11 1 2
> BAT1 19 10 10 17
< RES 1637181804 147 2
< MOVE U U
> REQ 1637181804 148 2
> VAMPIRE 1 15 9 3 1 2 0
> VAMPIRE 4 15 9 3 1 2 0
> VAMPIRE 3 15 9 3 1 2 0
> VAMPIRE 2 15 9 3 1 2 0
> POWERUP GRENADE -7 8 1
> POWERUP GRENADE -7 12 19
> BAT1 10 17
< RES 1637181804 148 2
< MOVE U U
> REQ 1637181804 149 2
> VAMPIRE 1 13 9 3 1 2 0
> VAMPIRE 4 13 9 3 1 2 0
> VAMPIRE 3 13 9 3 1 2 0
> VAMPIRE 2 13 9 3 1 2 0
> POWERUP GRENADE -6 8 1
> POWERUP GRENADE -6 12 19
> BAT1 10 17
< RES 1637181804 149 2
< MOVE R R
> REQ 1637181804 150 2
> VAMPIRE 1 13 11 3 1 2 0
> VAMPIRE 4 13 11 3 1 2 0
> VAMPIRE 3 13 11 3 1 2 0
> VAMPIRE 2 13 11 3 1 2 0
> POWERUP GRENADE -5 8 1
> POWERUP GRENADE -5 12 19
> BAT1 10 17
< RES 1637181804 150 2
< MOVE R R
> REQ 1637181804 151 2
> VAMPIRE 1 13 13 3 1 2 0
> VAMPIRE 4 13 13 3 1 2 0
> VAMPIRE 3 13 13 3 1 2 0
> VAMPIRE 2 13 13 3 1 2 0
> POWERUP GRENADE -4 8 1
> POWERUP GRENADE -4 12 19
> BAT1 10 17
< RES 1637181804 151 2
< MOVE R R
> REQ 1637181804 152 2
> VAMPIRE 1 13 15 3 1 2 0
> VAMPIRE 4 13 15 3 1 2 0
> VAMPIRE 3 13 15 3 1 2 0
> VAMPIRE 2 13 15 3 1 2 0
> POWERUP GRENADE -3 8 1
> POWERUP GRENADE -3 12 19
> BAT1 10 17
< RES 1637181804 152 2
< MOVE R R
> REQ 1637181804 153 2
> VAMPIRE 1 13 17 3 1 2 0
> VAMPIRE 4 13 17 3 1 2 0
> VAMPIRE 3 13 17 3 1 2 0
> VAMPIRE 2 13 17 3 1 2 0
> POWERUP GRENADE -2 8 1
> POWERUP GRENADE -2 12 19
> BAT1 10 17
< RES 1637181804 153 2
< MOVE R R
> REQ 1637181804 154 2
> VAMPIRE 1 13 19 3 1 2 0
> VAMPIRE 4 13 19 3 1 2 0
> VAMPIRE 3 13 19 3 1 2 0
> VAMPIRE 2 13 19 3 1 2 0
> POWERUP GRENADE -1 8 1
> POWERUP GRENADE -1 12 19
> BAT1 10 17
< RES 1637181804 154 2
< MOVE U
> REQ 1637181804 155 2
> VAMPIRE 1 12 19 3 1 2 0
> VAMPIRE 4 12 19 3 1 2 0
> VAMPIRE 3 12 19 3 1 2 0
> VAMPIRE 2 12 19 3 1 2 0
> POWERUP GRENADE 14 8 1
> POWERUP GRENADE 14 12 19
> BAT1 10 17
< RES 1637181804 155 2
< MOVE U U
> REQ 1637181804 156 2
> VAMPIRE 1 10 19 3 2 2 0
> VAMPIRE 4 10 19 3 2 2 0
> VAMPIRE 3 10 19 3 2 2 0
> VAMPIRE 2 10 19 3 2 2 0
> POWERUP GRENADE 13 8 1
> BAT1 10 17
< RES 1637181804 156 2
< MOVE U L
> REQ 1637181804 157 2
> VAMPIRE 1 9 18 3 2 2 0
> VAMPIRE 4 9 18 3 2 2 0
> VAMPIRE 3 9 18 3 2 2 0
> VAMPIRE 2 9 18 3 2 2 0
> POWERUP GRENADE 12 8 1
> BAT1 10 17
< RES 1637181804 157 2
< MOVE L
> REQ 1637181804 158 2
> VAMPIRE 1 9 17 3 2 2 0
> VAMPIRE 4 9 17 3 2 2 0
> VAMPIRE 3 9 17 3 2 2 0
> VAMPIRE 2 9 17 3 2 2 0
> POWERUP GRENADE 11 8 1
> BAT1 10 17
< RES 1637181804 158 2
< GRENADE
< MOVE L L
> REQ 1637181804 159 2
> VAMPIRE 1 9 15 3 1 2 0
> VAMPIRE 4 9 15 3 1 2 0
> VAMPIRE 3 9 15 3 1 2 0
> VAMPIRE 2 9 15 3 1 2 0
> GRENADE 1 9 17 5 2
> GRENADE 4 9 17 5 2
> GRENADE 3 9 17 5 2
> GRENADE 2 9 17 5 2
> POWERUP GRENADE 10 8 1
> BAT1 10 17
< RES 1637181804 159 2
< MOVE L L
> REQ 1637181804 160 2
> VAMPIRE 1 9 13 3 1 2 0
> VAMPIRE 4 9 13 3 1 2 0
> VAMPIRE 3 9 13 3 1 2 0
> VAMPIRE 2 9 13 3 1 2 0
> GRENADE 1 9 17 4 2
> GRENADE 4 9 17 4 2
> GRENADE 3 9 17 4 2
> GRENADE 2 9 17 4 2
> POWERUP GRENADE 9 8 1
> BAT1 10 17
< RES 1637181804 160 2
< MOVE L L
> REQ 1637181804 161 2
> VAMPIRE 1 9 11 3 1 2 0
> VAMPIRE 4 9 11 3 1 2 0
> VAMPIRE 3 9 11 3 1 2 0
> VAMPIRE 2 9 11 3 1 2 0
> GRENADE 1 9 17 3 2
> GRENADE 4 9 17 3 2
> GRENADE 3 9 17 3 2
> GRENADE 2 9 17 3 2
> POWERUP GRENADE 8 8 1
> BAT1 10 17
< RES 1637181804 161 2
< MOVE L L
> REQ 1637181804 162 2
> VAMPIRE 1 9 9 3 1 2 0
> VAMPIRE 4 9 9 3 1 2 0
> VAMPIRE 3 9 9 3 1 2 0
> VAMPIRE 2 9 9 3 1 2 0
> GRENADE 1 9 17 2 2
> GRENADE 4 9 17 2 2
> GRENADE 3 9 17 2 2
> GRENADE 2 9 17 2 2
> POWERUP GRENADE 7 8 1
> BAT1 10 17
< RES 1637181804 162 2
< MOVE L L
> REQ 1637181804 163 2
> VAMPIRE 1 9 7 3 1 2 0
> VAMPIRE 4 9 7 3 1 2 0
> VAMPIRE 3 9 7 3 1 2 0
> VAMPIRE 2 9 7 3 1 2 0
> GRENADE 1 9 17 1 2
> GRENADE 4 9 17 1 2
> GRENADE 3 9 17 1 2
> GRENADE 2 9 17 1 2
> POWERUP GRENADE 6 8 1
> BAT1 10 17
< RES 1637181804 163 2
< MOVE L L
> REQ 1637181804 164 2
> VAMPIRE 1 9 5 3 2 2 0
> VAMPIRE 4 9 5 3 2 2 0
> VAMPIRE 3 9 5 3 2 2 0
> VAMPIRE 2 9 5 3 2 2 0
> POWERUP GRENADE 5 8 1
< RES 1637181804 164 2
< MOVE L L
> REQ 1637181804 165 2
> VAMPIRE 1 9 3 3 2 2 0
> VAMPIRE 4 9 3 3 2 2 0
> VAMPIRE 3 9 3 3 2 2 0
> VAMPIRE 2 9 3 3 2 2 0
> POWERUP GRENADE 4 8 1
< RES 1637181804 165 2
< MOVE L L
> REQ 1637181804 166 2
> VAMPIRE 1 9 1 3 2 2 0
> VAMPIRE 4 9 1 3 2 2 0
> VAMPIRE 3 9 1 3 2 2 0
> VAMPIRE 2 9 1 3 2 2 0
> POWERUP GRENADE 3 8 1
< RES 1637181804 166 2
< GRENADE
< MOVE U U
> REQ 1637181804 167 2
> VAMPIRE 1 8 1 3 2 2 0
> VAMPIRE 4 7 1 3 1 2 0
> VAMPIRE 3 7 1 3 1 2 0
> VAMPIRE 2 7 1 3 1 2 0
> GRENADE 4 9 1 5 2
> GRENADE 3 9 1 5 2
> GRENADE 2 9 1 5 2
> POWERUP GRENADE 2 8 1
< RES 1637181804 167 2
< GRENADE
< MOVE R R
> REQ 1637181804 168 2
> VAMPIRE 1 8 1 3 3 2 0
> VAMPIRE 4 7 3 3 0 2 0
> VAMPIRE 3 7 3 3 0 2 0
> VAMPIRE 2 7 3 3 0 2 0
> GRENADE 4 9 1 4 2
> GRENADE 3 9 1 4 2
> GRENADE 2 9 1 4 2
> GRENADE 4 7 1 5 2
> GRENADE 3 7 1 5 2
> GRENADE 2 7 1 5 2
< RES 1637181804 168 2
< MOVE U U
> REQ 1637181804 169 2
> VAMPIRE 1 8 1 3 3 2 0
> VAMPIRE 4 5 3 3 0 2 0
> VAMPIRE 3 5 3 3 0 2 0
> VAMPIRE 2 5 3 3 0 2 0
> GRENADE 4 9 1 3 2
> GRENADE 3 9 1 3 2
> GRENADE 2 9 1 3 2
> GRENADE 4 7 1 4 2
> GRENADE 3 7 1 4 2
> GRENADE 2 7 1 4 2
< RES 1637181804 169 2
> REQ 1637181804 170 2
> VAMPIRE 1 8 1 3 3 2 0
> VAMPIRE 4 5 3 3 0 2 0
> VAMPIRE 3 5 3 3 0 2 0
> VAMPIRE 2 5 3 3 0 2 0
> GRENADE 4 9 1 2 2
> GRENADE 3 9 1 2 2
> GRENADE 2 9 1 2 2
> GRENADE 4 7 1 3 2
> GRENADE 3 7 1 3 2
> GRENADE 2 7 1 3 2
< RES 1637181804 170 2
< MOVE R R
> REQ 1637181804 171 2
> VAMPIRE 1 8 1 3 3 2 0
> VAMPIRE 4 5 5 3 0 2 0
> VAMPIRE 3 5 5 3 0 2 0
> VAMPIRE 2 5 5 3 0 2 0
> GRENADE 4 9 1 1 2
> GRENADE 3 9 1 1 2
> GRENADE 2 9 1 1 2
> GRENADE 4 7 1 2 2
> GRENADE 3 7 1 2 2
> GRENADE 2 7 1 2 2
< RES 1637181804 171 2
< MOVE R R
> REQ 1637181804 172 2
> VAMPIRE 1 8 1 2 3 2 0
> VAMPIRE 4 5 7 3 2 2 0
> VAMPIRE 3 5 7 3 2 2 0
> VAMPIRE 2 5 7 3 2 2 0
< RES 1637181804 172 2
< MOVE R R
> REQ 1637181804 173 2
> VAMPIRE 1 7 1 2 3 2 0
> VAMPIRE 4 5 9 3 2 2 0
> VAMPIRE 3 5 9 3 2 2 0
> VAMPIRE 2 5 9 3 2 2 0
< RES 1637181804 173 2
< MOVE D D
> REQ 1637181804 174 2
> VAMPIRE 1 9 1 2 3 2 0
> VAMPIRE 4 7 9 3 2 2 0
> VAMPIRE 3 7 9 3 2 2 0
> VAMPIRE 2 7 9 3 2 2 0
< RES 1637181804 174 2
< MOVE D D
> REQ 1637181804 175 2
> VAMPIRE 1 9 3 2 3 2 0
> VAMPIRE 4 9 9 3 2 2 0
> VAMPIRE 3 9 9 3 2 2 0
> VAMPIRE 2 9 9 3 2 2 0
< RES 1637181804 175 2
> REQ 1637181804 176 2
> VAMPIRE 1 9 5 2 3 2 0
> VAMPIRE 4 9 9 3 2 2 0
> VAMPIRE 3 9 9 3 2 2 0
> VAMPIRE 2 9 9 3 2 2 0
< RES 1637181804 176 2
> REQ 1637181804 177 2
> VAMPIRE 1 9 7 2 3 2 0
> VAMPIRE 4 9 9 3 2 2 0
> VAMPIRE 3 9 9 3 2 2 0
> VAMPIRE 2 9 9 3 2 2 0
< RES 1637181804 177 2
> REQ 1637181804 178 2
> VAMPIRE 1 9 7 2 3 2 0
> VAMPIRE 4 9 9 3 2 2 0
> VAMPIRE 3 9 9 3 2 2 0
> VAMPIRE 2 9 9 3 2 2 0
< RES 1637181804 178 2
> REQ 1637181804 179 2
> VAMPIRE 1 9 7 2 3 2 0
> VAMPIRE 4 9 9 3 2 2 0
> VAMPIRE 3 9 9 3 2 2 0
> VAMPIRE 2 9 9 3 2 2 0
< RES 1637181804 179 2
> REQ 1637181804 180 2
> VAMPIRE 1 9 7 2 3 2 0
> VAMPIRE 4 9 9 3 2 2 0
> VAMPIRE 3 9 9 3 2 2 0
> VAMPIRE 2 9 9 3 2 2 0
< RES 1637181804 180 2
> REQ 1637181804 181 2
> VAMPIRE 1 9 7 2 3 2 0
> VAMPIRE 4 9 9 3 2 2 0
> VAMPIRE 3 9 9 3 2 2 0
> VAMPIRE 2 9 9 3 2 2 0
< RES 1637181804 181 2
> REQ 1637181804 182 2
> VAMPIRE 1 9 7 2 3 2 0
> VAMPIRE 4 9 9 3 2 2 0
> VAMPIRE 3 9 9 3 2 2 0
> VAMPIRE 2 9 9 3 2 2 0
< RES 1637181804 182 2
> REQ 1637181804 183 2
> VAMPIRE 1 9 7 2 3 2 0
> VAMPIRE 4 9 9 3 2 2 0
> VAMPIRE 3 9 9 3 2 2 0
> VAMPIRE 2 9 9 3 2 2 0
< RES 1637181804 183 2
> REQ 1637181804 184 2
> VAMPIRE 1 9 7 2 3 2 0
> VAMPIRE 4 9 9 3 2 2 0
> VAMPIRE 3 9 9 3 2 2 0
> VAMPIRE 2 9 9 3 2 2 0
> POWERUP GRENADE -8 14 15
> POWERUP GRENADE -8 6 5
< RES 1637181804 184 2
< MOVE U U
> REQ 1637181804 185 2
> VAMPIRE 1 7 7 2 3 2 0
> VAMPIRE 4 7 9 3 2 2 0
> VAMPIRE 3 7 9 3 2 2 0
> VAMPIRE 2 7 9 3 2 2 0
> POWERUP GRENADE -7 14 15
> POWERUP GRENADE -7 6 5
< RES 1637181804 185 2
< MOVE L L
> REQ 1637181804 186 2
> VAMPIRE 1 7 5 2 3 2 0
> VAMPIRE 4 7 7 3 2 2 0
> VAMPIRE 3 7 7 3 2 2 0
> VAMPIRE 2 7 7 3 2 2 0
> POWERUP GRENADE -6 14 15
> POWERUP GRENADE -6 6 5
< RES 1637181804 186 2
< MOVE L L
> REQ 1637181804 187 2
> VAMPIRE 1 6 5 2 3 2 0
> VAMPIRE 4 7 5 3 2 2 0
> VAMPIRE 3 7 5 3 2 2 0
> VAMPIRE 2 7 5 3 2 2 0
> POWERUP GRENADE -5 14 15
> POWERUP GRENADE -5 6 5
< RES 1637181804 187 2
< GRENADE
< MOVE U U
> REQ 1637181804 188 2
> VAMPIRE 1 6 5 2 2 2 0
> VAMPIRE 4 7 5 3 1 2 0
> VAMPIRE 3 7 5 3 1 2 0
> VAMPIRE 2 7 5 3 1 2 0
> GRENADE 1 6 5 5 2
> GRENADE 4 7 5 5 2
> GRENADE 3 7 5 5 2
> GRENADE 2 7 5 5 2
> POWERUP GRENADE -4 14 15
> POWERUP GRENADE -4 6 5
< RES 1637181804 188 2
< MOVE R R
> REQ 1637181804 189 2
> VAMPIRE 1 6 5 2 1 2 0
> VAMPIRE 4 7 7 3 1 2 0
> VAMPIRE 3 7 7 3 1 2 0
> VAMPIRE 2 7 7 3 1 2 0
> GRENADE 1 6 5 4 2
> GRENADE 4 7 5 4 2
> GRENADE 3 7 5 4 2
> GRENADE 2 7 5 4 2
> GRENADE 1 6 5 5 2
> POWERUP GRENADE -3 14 15
> POWERUP GRENADE -3 6 5
< RES 1637181804 189 2
< MOVE R R
> REQ 1637181804 190 2
> VAMPIRE 1 6 5 2 0 2 0
> VAMPIRE 4 7 9 3 1 2 0
> VAMPIRE 3 7 9 3 1 2 0
> VAMPIRE 2 7 9 3 1 2 0
> GRENADE 1 6 5 3 2
> GRENADE 4 7 5 3 2
> GRENADE 3 7 5 3 2
> GRENADE 2 7 5 3 2
> GRENADE 1 6 5 4 2
> GRENADE 1 6 5 5 2
> POWERUP GRENADE -2 14 15
> POWERUP GRENADE -2 6 5
< RES 1637181804 190 2
< MOVE R R
> REQ 1637181804 191 2
> VAMPIRE 1 5 5 2 0 2 0
> VAMPIRE 4 7 11 3 1 2 0
> VAMPIRE 3 7 11 3 1 2 0
> VAMPIRE 2 7 11 3 1 2 0
> GRENADE 1 6 5 2 2
> GRENADE 4 7 5 2 2
> GRENADE 3 7 5 2 2
> GRENADE 2 7 5 2 2
> GRENADE 1 6 5 3 2
> GRENADE 1 6 5 4 2
> POWERUP GRENADE -1 14 15
> POWERUP GRENADE -1 6 5
< RES 1637181804 191 2
< MOVE R R
> REQ 1637181804 192 2
> VAMPIRE 1 5 3 2 0 2 0
> VAMPIRE 4 7 13 3 1 2 0
> VAMPIRE 3 7 13 3 1 2 0
> VAMPIRE 2 7 13 3 1 2 0
> GRENADE 1 6 5 1 2
> GRENADE 4 7 5 1 2
> GRENADE 3 7 5 1 2
> GRENADE 2 7 5 1 2
> GRENADE 1 6 5 2 2
> GRENADE 1 6 5 3 2
> POWERUP GRENADE 18 14 15
> POWERUP GRENADE 18 6 5
< RES 1637181804 192 2
< MOVE R R
> REQ 1637181804 193 2
> VAMPIRE 1 5 5 2 3 2 0
> VAMPIRE 4 7 15 3 2 2 0
> VAMPIRE 3 7 15 3 2 2 0
> VAMPIRE 2 7 15 3 2 2 0
> POWERUP GRENADE 17 14 15
> POWERUP GRENADE 17 6 5
< RES 1637181804 193 2
< MOVE D D
> REQ 1637181804 194 2
> VAMPIRE 1 6 5 2 3 2 0
> VAMPIRE 4 9 15 3 2 2 0
> VAMPIRE 3 9 15 3 2 2 0
> VAMPIRE 2 9 15 3 2 2 0
> POWERUP GRENADE 16 14 15
> POWERUP GRENADE 16 6 5
< RES 1637181804 194 2
< MOVE D D
> REQ 1637181804 195 2
> VAMPIRE 1 5 5 2 4 2 0
> VAMPIRE 4 11 15 3 2 2 0
> VAMPIRE 3 11 15 3 2 2 0
> VAMPIRE 2 11 15 3 2 2 0
> POWERUP GRENADE 15 14 15
< RES 1637181804 195 2
< MOVE D D
> REQ 1637181804 196 2
> VAMPIRE 1 5 7 2 4 2 0
> VAMPIRE 4 13 15 3 2 2 0
> VAMPIRE 3 13 15 3 2 2 0
> VAMPIRE 2 13 15 3 2 2 0
> POWERUP GRENADE 14 14 15
< RES 1637181804 196 2
< MOVE D
> REQ 1637181804 197 2
> VAMPIRE 1 5 9 2 4 2 0
> VAMPIRE 4 15 15 3 1 2 0
> VAMPIRE 3 14 15 3 2 2 0
> VAMPIRE 2 14 15 3 2 2 0
> GRENADE 4 13 15 5 2
> POWERUP GRENADE 13 14 15
< RES 1637181804 197 2
< MOVE D D
> REQ 1637181804 198 2
> VAMPIRE 1 7 9 2 4 2 0
> VAMPIRE 4 15 13 3 0 2 0
> VAMPIRE 3 14 15 3 3 2 0
> VAMPIRE 2 14 15 3 3 2 0
> GRENADE 4 13 15 4 2
> GRENADE 4 15 15 5 2
< RES 1637181804 198 2
> REQ 1637181804 199 2
> VAMPIRE 1 9 9 2 4 2 0
> VAMPIRE 4 15 11 3 0 2 0
> VAMPIRE 3 14 15 3 3 2 0
> VAMPIRE 2 14 15 3 3 2 0
> GRENADE 4 13 15 3 2
> GRENADE 4 15 15 4 2
< RES 1637181804 199 2
> REQ 1637181804 200 2
> VAMPIRE 1 9 9 2 4 2 0
> VAMPIRE 4 13 11 3 0 2 0
> VAMPIRE 3 14 15 3 3 2 0
> VAMPIRE 2 14 15 3 3 2 0
> GRENADE 4 13 15 2 2
> GRENADE 4 15 15 3 2
< RES 1637181804 200 2
> REQ 1637181804 201 2
> VAMPIRE 1 9 9 2 4 2 0
> VAMPIRE 4 11 11 3 0 2 0
> VAMPIRE 3 14 15 3 3 2 0
> VAMPIRE 2 14 15 3 3 2 0
> GRENADE 4 13 15 1 2
> GRENADE 4 15 15 2 2
< RES 1637181804 201 2
> REQ 1637181804 202 2
> VAMPIRE 1 9 9 2 4 2 0
> VAMPIRE 4 11 11 3 2 2 0
> VAMPIRE 3 14 15 2 3 2 0
> VAMPIRE 2 14 15 2 3 2 0
< RES 1637181804 202 2
< MOVE U
> REQ 1637181804 203 2
> VAMPIRE 1 9 9 2 4 2 0
> VAMPIRE 4 11 11 3 2 2 0
> VAMPIRE 3 13 15 2 3 2 0
> VAMPIRE 2 13 15 2 3 2 0
< RES 1637181804 203 2
< MOVE U U
> REQ 1637181804 204 2
> VAMPIRE 1 9 9 2 4 2 0
> VAMPIRE 4 11 11 3 2 2 0
> VAMPIRE 3 11 15 2 3 2 0
> VAMPIRE 2 11 15 2 3 2 0
< RES 1637181804 204 2
< MOVE L L
> REQ 1637181804 205 2
> VAMPIRE 1 9 9 2 4 2 0
> VAMPIRE 4 11 11 3 2 2 0
> VAMPIRE 3 11 13 2 3 2 0
> VAMPIRE 2 11 13 2 3 2 0
< RES 1637181804 205 2
< MOVE L L
> REQ 1637181804 206 2
> VAMPIRE 1 9 9 2 4 2 0
> VAMPIRE 4 11 11 3 2 2 0
> VAMPIRE 3 11 11 2 3 2 0
> VAMPIRE 2 11 11 2 3 2 0
< RES 1637181804 206 2
> REQ 1637181804 207 2
> VAMPIRE 1 9 9 2 4 2 0
> VAMPIRE 4 11 11 3 2 2 0
> VAMPIRE 3 11 11 2 3 2 0
> VAMPIRE 2 11 11 2 3 2 0
< RES 1637181804 207 2
> REQ 1637181804 208 2
> VAMPIRE 1 9 9 2 4 2 0
> VAMPIRE 4 11 11 3 2 2 0
> VAMPIRE 3 11 11 2 3 2 0
> VAMPIRE 2 11 11 2 3 2 0
< RES 1637181804 208 2
> REQ 1637181804 209 2
> VAMPIRE 1 9 9 2 4 2 0
> VAMPIRE 4 11 11 3 2 2 0
> VAMPIRE 3 11 11 2 3 2 0
> VAMPIRE 2 11 11 2 3 2 0
< RES 1637181804 209 2
> REQ 1637181804 210 2
> VAMPIRE 1 9 9 2 4 2 0
> VAMPIRE 4 11 11 3 2 2 0
> VAMPIRE 3 11 11 2 3 2 0
> VAMPIRE 2 11 11 2 3 2 0
< RES 1637181804 210 2
> REQ 1637181804 211 2
> VAMPIRE 1 9 9 2 4 2 0
> VAMPIRE 4 11 11 3 2 2 0
> VAMPIRE 3 11 11 2 3 2 0
> VAMPIRE 2 11 11 2 3 2 0
< RES 1637181804 211 2
> REQ 1637181804 212 2
> VAMPIRE 1 9 9 2 4 2 0
> VAMPIRE 4 11 11 3 2 2 0
> VAMPIRE 3 11 11 2 3 2 0
> VAMPIRE 2 11 11 2 3 2 0
> POWERUP TOMATO -6 15 14
> POWERUP TOMATO -6 5 6
< RES 1637181804 212 2
< MOVE R R
> REQ 1637181804 213 2
> VAMPIRE 1 7 9 2 4 2 0
> VAMPIRE 4 11 13 3 2 2 0
> VAMPIRE 3 11 13 2 3 2 0
> VAMPIRE 2 11 13 2 3 2 0
> POWERUP TOMATO -5 15 14
> POWERUP TOMATO -5 5 6
< RES 1637181804 213 2
< MOVE D D
> REQ 1637181804 214 2
> VAMPIRE 1 5 9 2 4 2 0
> VAMPIRE 4 13 13 3 2 2 0
> VAMPIRE 3 13 13 2 3 2 0
> VAMPIRE 2 13 13 2 3 2 0
> POWERUP TOMATO -4 15 14
> POWERUP TOMATO -4 5 6
< RES 1637181804 214 2
< MOVE D D
> REQ 1637181804 215 2
> VAMPIRE 1 5 7 2 4 2 0
> VAMPIRE 4 15 13 3 2 2 0
> VAMPIRE 3 15 13 2 3 2 0
> VAMPIRE 2 15 13 2 3 2 0
> POWERUP TOMATO -3 15 14
> POWERUP TOMATO -3 5 6
< RES 1637181804 215 2
< MOVE R
> REQ 1637181804 216 2
> VAMPIRE 1 5 6 2 4 2 0
> VAMPIRE 4 15 15 3 1 2 0
> VAMPIRE 3 15 14 2 3 2 0
> VAMPIRE 2 15 14 2 3 2 0
> GRENADE 4 15 13 5 2
> POWERUP TOMATO -2 15 14
> POWERUP TOMATO -2 5 6
< RES 1637181804 216 2
> REQ 1637181804 217 2
> VAMPIRE 1 5 6 2 4 2 0
> VAMPIRE 4 15 15 3 0 2 0
> VAMPIRE 3 15 14 2 3 2 0
> VAMPIRE 2 15 14 2 3 2 0
> GRENADE 4 15 13 4 2
> GRENADE 4 15 15 5 2
> POWERUP TOMATO -1 15 14
> POWERUP TOMATO -1 5 6
< RES 1637181804 217 2
> REQ 1637181804 218 2
> VAMPIRE 1 5 5 3 4 2 0
> VAMPIRE 4 13 15 3 0 2 0
> VAMPIRE 3 15 14 3 3 2 0
> VAMPIRE 2 15 14 3 3 2 0
> GRENADE 4 15 13 3 2
> GRENADE 4 15 15 4 2
< RES 1637181804 218 2
> REQ 1637181804 219 2
> VAMPIRE 1 5 7 3 4 2 0
> VAMPIRE 4 11 15 3 0 2 0
> VAMPIRE 3 15 14 3 3 2 0
> VAMPIRE 2 15 14 3 3 2 0
> GRENADE 4 15 13 2 2
> GRENADE 4 15 15 3 2
< RES 1637181804 219 2
> REQ 1637181804 220 2
> VAMPIRE 1 5 9 3 4 2 0
> VAMPIRE 4 11 13 3 0 2 0
> VAMPIRE 3 15 14 3 3 2 0
> VAMPIRE 2 15 14 3 3 2 0
> GRENADE 4 15 13 1 2
> GRENADE 4 15 15 2 2
< RES 1637181804 220 2
> REQ 1637181804 221 2
> VAMPIRE 1 7 9 3 4 2 0
> VAMPIRE 4 11 11 3 2 2 0
> VAMPIRE 3 15 14 2 3 2 0
> VAMPIRE 2 15 14 2 3 2 0
< RES 1637181804 221 2
< MOVE L
> REQ 1637181804 222 2
> VAMPIRE 1 9 9 3 4 2 0
> VAMPIRE 4 11 11 3 2 2 0
> VAMPIRE 3 15 13 2 3 2 0
> VAMPIRE 2 15 13 2 3 2 0
< RES 1637181804 222 2
< MOVE L L
> REQ 1637181804 223 2
> VAMPIRE 1 9 9 3 4 2 0
> VAMPIRE 4 11 11 3 2 2 0
> VAMPIRE 3 15 11 2 3 2 0
> VAMPIRE 2 15 11 2 3 2 0
< RES 1637181804 223 2
< MOVE U U
> REQ 1637181804 224 2
> VAMPIRE 1 9 9 3 4 2 0
> VAMPIRE 4 11 11 3 2 2 0
> VAMPIRE 3 13 11 2 3 2 0
> VAMPIRE 2 13 11 2 3 2 0
< RES 1637181804 224 2
< MOVE U U
> REQ 1637181804 225 2
> VAMPIRE 1 9 9 3 4 2 0
> VAMPIRE 4 11 11 3 2 2 0
> VAMPIRE 3 11 11 2 3 2 0
> VAMPIRE 2 11 11 2 3 2 0
< RES 1637181804 225 2
> REQ 1637181804 226 2
> VAMPIRE 1 9 9 3 4 2 0
> VAMPIRE 4 11 11 3 2 2 0
> VAMPIRE 3 11 11 2 3 2 0
> VAMPIRE 2 11 11 2 3 2 0
< RES 1637181804 226 2
> REQ 1637181804 227 2
> VAMPIRE 1 9 9 3 4 2 0
> VAMPIRE 4 11 11 3 2 2 0
> VAMPIRE 3 11 11 2 3 2 0
> VAMPIRE 2 11 11 2 3 2 0
< RES 1637181804 227 2
> REQ 1637181804 228 2
> VAMPIRE 1 9 9 3 4 2 0
> VAMPIRE 4 11 11 3 2 2 0
> VAMPIRE 3 11 11 2 3 2 0
> VAMPIRE 2 11 11 2 3 2 0
< RES 1637181804 228 2
> REQ 1637181804 229 2
> VAMPIRE 1 9 9 3 4 2 0
> VAMPIRE 4 11 11 3 2 2 0
> VAMPIRE 3 11 11 2 3 2 0
> VAMPIRE 2 11 11 2 3 2 0
< RES 1637181804 229 2
> REQ 1637181804 230 2
> VAMPIRE 1 9 9 3 4 2 0
> VAMPIRE 4 11 11 3 2 2 0
> VAMPIRE 3 11 11 2 3 2 0
> VAMPIRE 2 11 11 2 3 2 0
< RES 1637181804 230 2
> REQ 1637181804 231 2
> VAMPIRE 1 9 9 3 4 2 0
> VAMPIRE 4 11 11 3 2 2 0
> VAMPIRE 3 11 11 2 3 2 0
> VAMPIRE 2 11 11 2 3 2 0
> POWERUP GRENADE -8 19 7
> POWERUP GRENADE -8 1 13
< RES 1637181804 231 2
< MOVE D D
> REQ 1637181804 232 2
> VAMPIRE 1 11 9 3 4 2 0
> VAMPIRE 4 13 11 3 2 2 0
> VAMPIRE 3 13 11 2 3 2 0
> VAMPIRE 2 13 11 2 3 2 0
> POWERUP GRENADE -7 19 7
> POWERUP GRENADE -7 1 13
< RES 1637181804 232 2
< MOVE D D
> REQ 1637181804 233 2
> VAMPIRE 1 13 9 3 4 2 0
> VAMPIRE 4 15 11 3 2 2 0
> VAMPIRE 3 15 11 2 3 2 0
> VAMPIRE 2 15 11 2 3 2 0
> POWERUP GRENADE -6 19 7
> POWERUP GRENADE -6 1 13
< RES 1637181804 233 2
< MOVE D D
> REQ 1637181804 234 2
> VAMPIRE 1 15 9 3 4 2 0
> VAMPIRE 4 17 11 3 2 2 0
> VAMPIRE 3 17 11 2 3 2 0
> VAMPIRE 2 17 11 2 3 2 0
> POWERUP GRENADE -5 19 7
> POWERUP GRENADE -5 1 13
< RES 1637181804 234 2
< MOVE D D
> REQ 1637181804 235 2
> VAMPIRE 1 17 9 3 4 2 0
> VAMPIRE 4 19 11 3 2 2 0
> VAMPIRE 3 19 11 2 3 2 0
> VAMPIRE 2 19 11 2 3 2 0
> POWERUP GRENADE -4 19 7
> POWERUP GRENADE -4 1 13
< RES 1637181804 235 2
< MOVE L L
> REQ 1637181804 236 2
> VAMPIRE 1 19 9 3 4 2 0
> VAMPIRE 4 19 9 3 2 2 0
> VAMPIRE 3 19 9 2 3 2 0
> VAMPIRE 2 19 9 2 3 2 0
> POWERUP GRENADE -3 19 7
> POWERUP GRENADE -3 1 13
< RES 1637181804 236 2
< MOVE L L
> REQ 1637181804 237 2
> VAMPIRE 1 19 7 3 4 2 0
> VAMPIRE 4 19 7 3 2 2 0
> VAMPIRE 3 19 7 2 3 2 0
> VAMPIRE 2 19 7 2 3 2 0
> POWERUP GRENADE -2 19 7
> POWERUP GRENADE -2 1 13
< RES 1637181804 237 2
> REQ 1637181804 238 2
> VAMPIRE 1 19 7 3 4 2 0
> VAMPIRE 4 19 7 3 2 2 0
> VAMPIRE 3 19 7 2 3 2 0
> VAMPIRE 2 19 7 2 3 2 0
> POWERUP GRENADE -1 19 7
> POWERUP GRENADE -1 1 13
< RES 1637181804 238 2
< MOVE U U
> REQ 1637181804 239 2
> VAMPIRE 1 17 7 3 5 2 0
> VAMPIRE 4 17 7 3 3 2 0
> VAMPIRE 3 17 7 2 4 2 0
> VAMPIRE 2 17 7 2 4 2 0
> POWERUP GRENADE 12 1 13
< RES 1637181804 239 2
< MOVE U U
> REQ 1637181804 240 2
> VAMPIRE 1 15 7 3 5 2 0
> VAMPIRE 4 15 7 3 3 2 0
> VAMPIRE 3 15 7 2 4 2 0
> VAMPIRE 2 15 7 2 4 2 0
> POWERUP GRENADE 11 1 13
< RES 1637181804 240 2
< MOVE U U
> REQ 1637181804 241 2
> VAMPIRE 1 13 7 3 5 2 0
> VAMPIRE 4 13 7 3 3 2 0
> VAMPIRE 3 13 7 2 4 2 0
> VAMPIRE 2 13 7 2 4 2 0
> POWERUP GRENADE 10 1 13
< RES 1637181804 241 2
< MOVE U U
> REQ 1637181804 242 2
> VAMPIRE 1 11 7 3 5 2 0
> VAMPIRE 4 11 7 3 3 2 0
> VAMPIRE 3 11 7 2 4 2 0
> VAMPIRE 2 11 7 2 4 2 0
> POWERUP GRENADE 9 1 13
< RES 1637181804 242 2
< MOVE U U
> REQ 1637181804 243 2
> VAMPIRE 1 9 7 3 5 2 0
> VAMPIRE 4 9 7 3 3 2 0
> VAMPIRE 3 9 7 2 4 2 0
> VAMPIRE 2 9 7 2 4 2 0
> POWERUP GRENADE 8 1 13
< RES 1637181804 243 2
< MOVE U U
> REQ 1637181804 244 2
> VAMPIRE 1 7 7 3 5 2 0
> VAMPIRE 4 7 7 3 3 2 0
> VAMPIRE 3 7 7 2 4 2 0
> VAMPIRE 2 7 7 2 4 2 0
> POWERUP GRENADE 7 1 13
< RES 1637181804 244 2
< MOVE U U
> REQ 1637181804 245 2
> VAMPIRE 1 5 7 3 5 2 0
> VAMPIRE 4 5 7 3 3 2 0
> VAMPIRE 3 5 7 2 4 2 0
> VAMPIRE 2 5 7 2 4 2 0
> POWERUP GRENADE 6 1 13
< RES 1637181804 245 2
< MOVE U U
> REQ 1637181804 246 2
> VAMPIRE 1 3 7 3 5 2 0
> VAMPIRE 4 3 7 3 3 2 0
> VAMPIRE 3 3 7 2 4 2 0
> VAMPIRE 2 3 7 2 4 2 0
> POWERUP GRENADE 5 1 13
< RES 1637181804 246 2
< MOVE U U
> REQ 1637181804 247 2
> VAMPIRE 1 1 7 3 5 2 0
> VAMPIRE 4 1 7 3 3 2 0
> VAMPIRE 3 1 7 2 4 2 0
> VAMPIRE 2 1 7 2 4 2 0
> POWERUP GRENADE 4 1 13
< RES 1637181804 247 2
< MOVE R R
> REQ 1637181804 248 2
> VAMPIRE 1 1 9 3 5 2 0
> VAMPIRE 4 1 9 3 3 2 0
> VAMPIRE 3 1 9 2 4 2 0
> VAMPIRE 2 1 9 2 4 2 0
> POWERUP GRENADE 3 1 13
< RES 1637181804 248 2
< MOVE R R
> REQ 1637181804 249 2
> VAMPIRE 1 1 11 3 5 2 0
> VAMPIRE 4 1 11 3 3 2 0
> VAMPIRE 3 1 11 2 4 2 0
> VAMPIRE 2 1 11 2 4 2 0
> POWERUP GRENADE 2 1 13
< RES 1637181804 249 2
< MOVE R R
> REQ 1637181804 250 2
> VAMPIRE 1 1 13 3 5 2 0
> VAMPIRE 4 1 13 3 3 2 0
> VAMPIRE 3 1 13 2 4 2 0
> VAMPIRE 2 1 13 2 4 2 0
> POWERUP GRENADE 1 1 13
< RES 1637181804 250 2
< MOVE D D
> REQ 1637181804 251 2
> VAMPIRE 1 3 13 3 5 2 0
> VAMPIRE 4 3 13 3 3 2 0
> VAMPIRE 3 3 13 2 4 2 0
> VAMPIRE 2 3 13 2 4 2 0
< RES 1637181804 251 2
< MOVE L L
> REQ 1637181804 252 2
> VAMPIRE 1 3 11 3 5 2 0
> VAMPIRE 4 3 11 3 3 2 0
> VAMPIRE 3 3 11 2 4 2 0
> VAMPIRE 2 3 11 2 4 2 0
< RES 1637181804 252 2
< MOVE D D
> REQ 1637181804 253 2
> VAMPIRE 1 5 11 3 5 2 0
> VAMPIRE 4 5 11 3 3 2 0
> VAMPIRE 3 5 11 2 4 2 0
> VAMPIRE 2 5 11 2 4 2 0
< RES 1637181804 253 2
< MOVE D D
> REQ 1637181804 254 2
> VAMPIRE 1 7 11 3 5 2 0
> VAMPIRE 4 7 11 3 3 2 0
> VAMPIRE 3 7 11 2 4 2 0
> VAMPIRE 2 7 11 2 4 2 0
< RES 1637181804 254 2
< MOVE D D
> REQ 1637181804 255 2
> VAMPIRE 1 9 11 3 5 2 0
> VAMPIRE 4 9 11 3 3 2 0
> VAMPIRE 3 9 11 2 4 2 0
> VAMPIRE 2 9 11 2 4 2 0
< RES 1637181804 255 2
> REQ 1637181804 256 2
> VAMPIRE 1 9 11 3 5 2 0
> VAMPIRE 4 9 11 3 3 2 0
> VAMPIRE 3 9 11 2 4 2 0
> VAMPIRE 2 9 11 2 4 2 0
< RES 1637181804 256 2
> REQ 1637181804 257 2
> VAMPIRE 1 9 11 3 5 2 0
> VAMPIRE 4 9 11 3 3 2 0
> VAMPIRE 3 9 11 2 4 2 0
> VAMPIRE 2 9 11 2 4 2 0
< RES 1637181804 257 2
> REQ 1637181804 258 2
> VAMPIRE 1 9 11 3 5 2 0
> VAMPIRE 4 9 11 3 3 2 0
> VAMPIRE 3 9 11 2 4 2 0
> VAMPIRE 2 9 11 2 4 2 0
< RES 1637181804 258 2
> REQ 1637181804 259 2
> VAMPIRE 1 9 11 3 5 2 0
> VAMPIRE 4 9 11 3 3 2 0
> VAMPIRE 3 9 11 2 4 2 0
> VAMPIRE 2 9 11 2 4 2 0
< RES 1637181804 259 2
> REQ 1637181804 260 2
> VAMPIRE 1 9 11 3 5 2 0
> VAMPIRE 4 9 11 3 3 2 0
> VAMPIRE 3 9 11 2 4 2 0
> VAMPIRE 2 9 11 2 4 2 0
< RES 1637181804 260 2
> REQ 1637181804 261 2
> VAMPIRE 1 9 11 3 5 2 0
> VAMPIRE 4 9 11 3 3 2 0
> VAMPIRE 3 9 11 2 4 2 0
> VAMPIRE 2 9 11 2 4 2 0
< RES 1637181804 261 2
> REQ 1637181804 262 2
> VAMPIRE 1 9 11 3 5 2 0
> VAMPIRE 4 9 11 3 3 2 0
> VAMPIRE 3 9 11 2 4 2 0
> VAMPIRE 2 9 11 2 4 2 0
< RES 1637181804 262 2
> REQ 1637181804 263 2
> VAMPIRE 1 9 11 3 5 2 0
> VAMPIRE 4 9 11 3 3 2 0
> VAMPIRE 3 9 11 2 4 2 0
> VAMPIRE 2 9 11 2 4 2 0
< RES 1637181804 263 2
> REQ 1637181804 264 2
> VAMPIRE 1 9 11 3 5 2 0
> VAMPIRE 4 9 11 3 3 2 0
> VAMPIRE 3 9 11 2 4 2 0
> VAMPIRE 2 9 11 2 4 2 0
< RES 1637181804 264 2
> REQ 1637181804 265 2
> VAMPIRE 1 9 11 3 5 2 0
> VAMPIRE 4 9 11 3 3 2 0
> VAMPIRE 3 9 11 2 4 2 0
> VAMPIRE 2 9 11 2 4 2 0
< RES 1637181804 265 2
> REQ 1637181804 266 2
> VAMPIRE 1 9 11 3 5 2 0
> VAMPIRE 4 9 11 3 3 2 0
> VAMPIRE 3 9 11 2 4 2 0
> VAMPIRE 2 9 11 2 4 2 0
> POWERUP BATTERY -8 12 7
> POWERUP BATTERY -8 8 13
< RES 1637181804 266 2
< MOVE R R
> REQ 1637181804 267 2
> VAMPIRE 1 9 13 3 5 2 0
> VAMPIRE 4 9 13 3 3 2 0
> VAMPIRE 3 9 13 2 4 2 0
> VAMPIRE 2 9 13 2 4 2 0
> POWERUP BATTERY -7 12 7
> POWERUP BATTERY -7 8 13
< RES 1637181804 267 2
< MOVE U
> REQ 1637181804 268 2
> VAMPIRE 1 8 13 3 5 2 0
> VAMPIRE 4 7 13 3 2 2 0
> VAMPIRE 3 8 13 2 4 2 0
> VAMPIRE 2 8 13 2 4 2 0
> GRENADE 4 9 13 5 2
> POWERUP BATTERY -6 12 7
> POWERUP BATTERY -6 8 13
< RES 1637181804 268 2
> REQ 1637181804 269 2
> VAMPIRE 1 8 13 3 5 2 0
> VAMPIRE 4 7 11 3 1 2 0
> VAMPIRE 3 8 13 2 4 2 0
> VAMPIRE 2 8 13 2 4 2 0
> GRENADE 4 9 13 4 2
> GRENADE 4 7 13 5 2
> POWERUP BATTERY -5 12 7
> POWERUP BATTERY -5 8 13
< RES 1637181804 269 2
> REQ 1637181804 270 2
> VAMPIRE 1 8 13 3 5 2 0
> VAMPIRE 4 9 11 3 1 2 0
> VAMPIRE 3 8 13 2 4 2 0
> VAMPIRE 2 8 13 2 4 2 0
> GRENADE 4 9 13 3 2
> GRENADE 4 7 13 4 2
> POWERUP BATTERY -4 12 7
> POWERUP BATTERY -4 8 13
< RES 1637181804 270 2
> REQ 1637181804 271 2
> VAMPIRE 1 8 13 3 5 2 0
> VAMPIRE 4 11 11 3 1 2 0
> VAMPIRE 3 8 13 2 4 2 0
> VAMPIRE 2 8 13 2 4 2 0
> GRENADE 4 9 13 2 2
> GRENADE 4 7 13 3 2
> POWERUP BATTERY -3 12 7
> POWERUP BATTERY -3 8 13
< RES 1637181804 271 2
> REQ 1637181804 272 2
> VAMPIRE 1 8 13 3 5 2 0
> VAMPIRE 4 11 9 3 1 2 0
> VAMPIRE 3 8 13 2 4 2 0
> VAMPIRE 2 8 13 2 4 2 0
> GRENADE 4 9 13 1 2
> GRENADE 4 7 13 2 2
> POWERUP BATTERY -2 12 7
> POWERUP BATTERY -2 8 13
< RES 1637181804 272 2
> REQ 1637181804 273 2
> VAMPIRE 1 8 13 2 5 2 0
> VAMPIRE 4 11 7 3 3 2 0
> VAMPIRE 3 8 13 1 4 2 0
> VAMPIRE 2 8 13 1 4 2 0
> POWERUP BATTERY -1 12 7
> POWERUP BATTERY -1 8 13
< RES 1637181804 273 2
< MOVE U
> REQ 1637181804 274 2
> VAMPIRE 1 7 13 2 5 3 0
> VAMPIRE 4 12 7 3 3 2 0
> VAMPIRE 3 7 13 1 4 3 0
> VAMPIRE 2 7 13 1 4 3 0
> POWERUP BATTERY 16 12 7
< RES 1637181804 274 2
< MOVE D D
> REQ 1637181804 275 2
> VAMPIRE 1 9 13 2 5 3 0
> VAMPIRE 4 11 7 3 3 3 0
> VAMPIRE 3 9 13 1 4 3 0
> VAMPIRE 2 9 13 1 4 3 0
< RES 1637181804 275 2
> REQ 1637181804 276 2
> VAMPIRE 1 9 15 2 5 3 0
> VAMPIRE 4 11 9 3 3 3 0
> VAMPIRE 3 9 13 1 4 3 0
> VAMPIRE 2 9 13 1 4 3 0
< RES 1637181804 276 2
< MOVE U U
> REQ 1637181804 277 2
> VAMPIRE 1 9 15 2 5 3 0
> VAMPIRE 4 11 9 3 3 3 0
> VAMPIRE 3 7 13 1 4 3 0
> VAMPIRE 2 7 13 1 4 3 0
< RES 1637181804 277 2
< MOVE U U
> REQ 1637181804 278 2
> VAMPIRE 1 7 15 2 5 3 0
> VAMPIRE 4 9 9 3 3 3 0
> VAMPIRE 3 5 13 1 4 3 0
> VAMPIRE 2 5 13 1 4 3 0
< RES 1637181804 278 2
< MOVE L L
> REQ 1637181804 279 2
> VAMPIRE 1 7 13 2 5 3 0
> VAMPIRE 4 7 9 3 3 3 0
> VAMPIRE 3 5 11 1 4 3 0
> VAMPIRE 2 5 11 1 4 3 0
< RES 1637181804 279 2
< MOVE U U
> REQ 1637181804 280 2
> VAMPIRE 1 5 13 2 5 3 0
> VAMPIRE 4 5 9 3 3 3 0
> VAMPIRE 3 3 11 1 4 3 0
> VAMPIRE 2 3 11 1 4 3 0
< RES 1637181804 280 2
< MOVE D D
> REQ 1637181804 281 2
> VAMPIRE 1 5 11 2 5 3 0
> VAMPIRE 4 5 11 3 3 3 0
> VAMPIRE 3 5 11 1 4 3 0
> VAMPIRE 2 5 11 1 4 3 0
< RES 1637181804 281 2
< MOVE D D
> REQ 1637181804 282 2
> VAMPIRE 1 7 11 2 5 3 0
> VAMPIRE 4 7 11 3 3 3 0
> VAMPIRE 3 7 11 1 4 3 0
> VAMPIRE 2 7 11 1 4 3 0
< RES 1637181804 282 2
< MOVE D D
> REQ 1637181804 283 2
> VAMPIRE 1 9 11 2 5 3 0
> VAMPIRE 4 9 11 3 3 3 0
> VAMPIRE 3 9 11 1 4 3 0
> VAMPIRE 2 9 11 1 4 3 0
< RES 1637181804 283 2
> REQ 1637181804 284 2
> VAMPIRE 1 11 11 2 5 3 0
> VAMPIRE 4 9 11 3 3 3 0
> VAMPIRE 3 9 11 1 4 3 0
> VAMPIRE 2 9 11 1 4 3 0
< RES 1637181804 284 2
< MOVE L L
> REQ 1637181804 285 2
> VAMPIRE 1 11 11 2 5 3 0
> VAMPIRE 4 9 9 3 3 3 0
> VAMPIRE 3 9 9 1 4 3 0
> VAMPIRE 2 9 9 1 4 3 0
< RES 1637181804 285 2
< MOVE U U
> REQ 1637181804 286 2
> VAMPIRE 1 9 11 2 5 3 0
> VAMPIRE 4 7 9 3 3 3 0
> VAMPIRE 3 7 9 1 4 3 0
> VAMPIRE 2 7 9 1 4 3 0
< RES 1637181804 286 2
< MOVE L L
> REQ 1637181804 287 2
> VAMPIRE 1 9 9 2 5 3 0
> VAMPIRE 4 7 7 3 3 3 0
> VAMPIRE 3 7 7 1 4 3 0
> VAMPIRE 2 7 7 1 4 3 0
< RES 1637181804 287 2
< MOVE R R
> REQ 1637181804 288 2
> VAMPIRE 1 7 9 2 5 3 0
> VAMPIRE 4 7 9 3 3 3 0
> VAMPIRE 3 7 9 1 4 3 0
> VAMPIRE 2 7 9 1 4 3 0
< RES 1637181804 288 2
< MOVE D D
> REQ 1637181804 289 2
> VAMPIRE 1 9 9 2 5 3 0
> VAMPIRE 4 9 9 3 3 3 0
> VAMPIRE 3 9 9 1 4 3 0
> VAMPIRE 2 9 9 1 4 3 0
> POWERUP GRENADE -6 4 19
> POWERUP GRENADE -6 16 1
< RES 1637181804 289 2
< MOVE U U
> REQ 1637181804 290 2
> VAMPIRE 1 7 9 2 5 3 0
> VAMPIRE 4 7 9 3 3 3 0
> VAMPIRE 3 7 9 1 4 3 0
> VAMPIRE 2 7 9 1 4 3 0
> POWERUP GRENADE -5 4 19
> POWERUP GRENADE -5 16 1
< RES 1637181804 290 2
< MOVE U U
> REQ 1637181804 291 2
> VAMPIRE 1 5 9 2 5 3 0
> VAMPIRE 4 5 9 3 3 3 0
> VAMPIRE 3 5 9 1 4 3 0
> VAMPIRE 2 5 9 1 4 3 0
> POWERUP GRENADE -4 4 19
> POWERUP GRENADE -4 16 1
< RES 1637181804 291 2
< MOVE R R
> REQ 1637181804 292 2
> VAMPIRE 1 5 11 2 5 3 0
> VAMPIRE 4 5 11 3 3 3 0
> VAMPIRE 3 5 11 1 4 3 0
> VAMPIRE 2 5 11 1 4 3 0
> POWERUP GRENADE -3 4 19
> POWERUP GRENADE -3 16 1
< RES 1637181804 292 2
< MOVE R R
> REQ 1637181804 293 2
> VAMPIRE 1 5 13 2 5 3 0
> VAMPIRE 4 5 13 3 3 3 0
> VAMPIRE 3 5 13 1 4 3 0
> VAMPIRE 2 5 13 1 4 3 0
> POWERUP GRENADE -2 4 19
> POWERUP GRENADE -2 16 1
< RES 1637181804 293 2
< MOVE R R
> REQ 1637181804 294 2
> VAMPIRE 1 5 15 2 5 3 0
> VAMPIRE 4 5 15 3 3 3 0
> VAMPIRE 3 5 15 1 4 3 0
> VAMPIRE 2 5 15 1 4 3 0
> POWERUP GRENADE -1 4 19
> POWERUP GRENADE -1 16 1
< RES 1637181804 294 2
< MOVE R R
> REQ 1637181804 295 2
> VAMPIRE 1 5 17 2 5 3 0
> VAMPIRE 4 5 17 3 3 3 0
> VAMPIRE 3 5 17 1 4 3 0
> VAMPIRE 2 5 17 1 4 3 0
> POWERUP GRENADE 12 4 19
> POWERUP GRENADE 12 16 1
< RES 1637181804 295 2
< MOVE R R
> REQ 1637181804 296 2
> VAMPIRE 1 5 19 2 5 3 0
> VAMPIRE 4 5 19 3 3 3 0
> VAMPIRE 3 5 19 1 4 3 0
> VAMPIRE 2 5 19 1 4 3 0
> POWERUP GRENADE 11 4 19
> POWERUP GRENADE 11 16 1
< RES 1637181804 296 2
< MOVE U
> REQ 1637181804 297 2
> VAMPIRE 1 4 19 2 5 3 0
> VAMPIRE 4 3 19 3 2 3 0
> VAMPIRE 3 4 19 1 4 3 0
> VAMPIRE 2 4 19 1 4 3 0
> GRENADE 4 5 19 5 3
> POWERUP GRENADE 10 4 19
> POWERUP GRENADE 10 16 1
< RES 1637181804 297 2
< MOVE U L
> REQ 1637181804 298 2
> VAMPIRE 1 4 19 2 6 3 0
> VAMPIRE 4 3 17 3 1 3 0
> VAMPIRE 3 4 19 1 5 3 0
> VAMPIRE 2 4 19 1 5 3 0
> GRENADE 4 5 19 4 3
> GRENADE 4 3 19 5 3
> POWERUP GRENADE 9 16 1
< RES 1637181804 298 2
> REQ 1637181804 299 2
> VAMPIRE 1 4 19 2 6 3 0
> VAMPIRE 4 3 15 3 1 3 0
> VAMPIRE 3 4 19 1 5 3 0
> VAMPIRE 2 4 19 1 5 3 0
> GRENADE 4 5 19 3 3
> GRENADE 4 3 19 4 3
> POWERUP GRENADE 8 16 1
< RES 1637181804 299 2
> REQ 1637181804 300 2
> VAMPIRE 1 4 19 2 6 3 0
> VAMPIRE 4 3 13 3 1 3 0
> VAMPIRE 3 4 19 1 5 3 0
> VAMPIRE 2 4 19 1 5 3 0
> GRENADE 4 5 19 2 3
> GRENADE 4 3 19 3 3
> POWERUP GRENADE 7 16 1
< RES 1637181804 300 2
> REQ 1637181804 301 2
> VAMPIRE 1 4 19 2 6 3 0
> VAMPIRE 4 3 11 3 1 3 0
> VAMPIRE 3 4 19 1 5 3 0
> VAMPIRE 2 4 19 1 5 3 0
> GRENADE 4 5 19 1 3
> GRENADE 4 3 19 2 3
> POWERUP GRENADE 6 16 1
< RES 1637181804 301 2
> END 673 Could_not_be_more_deaded
