> MESSAGE OK
> LEVEL 3
> GAMEID 1637333039
> TEST 1
> MAXTICK 1000
> GRENADERADIUS 2
> SIZE 19
> REQ 1637333039 0 4
> VAMPIRE 1 17 17 3 1 2 0
> VAMPIRE 3 1 1 3 1 2 0
> VAMPIRE 4 17 1 3 1 2 0
> VAMPIRE 2 1 17 3 1 2 0
> BAT1 9 1 1 5 17 5 5 7 9 7 13 7 7 8 11 8 1 9 3 9 5 9 13 9 15 9 17 9 7 10 11 10 5 11 9 11 13 11 1 13 17 13 9 17
> BAT2 5 1 13 1 7 4 9 4 11 4 6 5 8 5 10 5 12 5 3 6 7 6 11 6 15 6 2 7 4 7 14 7 16 7 3 8 15 8 6 9 12 9 3 10 15 10 2 11 4 11 14 11 16 11 3 12 7 12 11 12 15 12 6 13 8 13 10 13 12 13 7 14 9 14 11 14 5 17 13 17
> BAT3 3 2 7 2 11 2 15 2 2 3 4 3 6 3 8 3 10 3 12 3 14 3 16 3 3 4 15 4 9 6 8 9 10 9 9 12 3 14 15 14 2 15 4 15 6 15 8 15 10 15 12 15 14 15 16 15 3 16 7 16 11 16 15 16
< RES 1637333039 0 4
< MOVE R R
> REQ 1637333039 1 4
> VAMPIRE 1 17 15 3 1 2 0
> VAMPIRE 3 1 3 3 1 2 0
> VAMPIRE 4 17 3 3 1 2 0
> VAMPIRE 2 1 15 3 1 2 0
> BAT1 9 1 1 5 17 5 5 7 9 7 13 7 7 8 11 8 1 9 3 9 5 9 13 9 15 9 17 9 7 10 11 10 5 11 9 11 13 11 1 13 17 13 9 17
> BAT2 5 1 13 1 7 4 9 4 11 4 6 5 8 5 10 5 12 5 3 6 7 6 11 6 15 6 2 7 4 7 14 7 16 7 3 8 15 8 6 9 12 9 3 10 15 10 2 11 4 11 14 11 16 11 3 12 7 12 11 12 15 12 6 13 8 13 10 13 12 13 7 14 9 14 11 14 5 17 13 17
> BAT3 3 2 7 2 11 2 15 2 2 3 4 3 6 3 8 3 10 3 12 3 14 3 16 3 3 4 15 4 9 6 8 9 10 9 9 12 3 14 15 14 2 15 4 15 6 15 8 15 10 15 12 15 14 15 16 15 3 16 7 16 11 16 15 16
< RES 1637333039 1 4
< GRENADE
< MOVE L L
> REQ 1637333039 2 4
> VAMPIRE 1 17 15 3 0 2 0
> VAMPIRE 3 1 1 3 0 2 0
> VAMPIRE 4 17 1 3 0 2 0
> VAMPIRE 2 1 15 3 0 2 0
> GRENADE 1 17 15 5 2
> GRENADE 3 1 3 5 2
> GRENADE 4 17 3 5 2
> GRENADE 2 1 15 5 2
> BAT1 9 1 1 5 17 5 5 7 9 7 13 7 7 8 11 8 1 9 3 9 5 9 13 9 15 9 17 9 7 10 11 10 5 11 9 11 13 11 1 13 17 13 9 17
> BAT2 5 1 13 1 7 4 9 4 11 4 6 5 8 5 10 5 12 5 3 6 7 6 11 6 15 6 2 7 4 7 14 7 16 7 3 8 15 8 6 9 12 9 3 10 15 10 2 11 4 11 14 11 16 11 3 12 7 12 11 12 15 12 6 13 8 13 10 13 12 13 7 14 9 14 11 14 5 17 13 17
> BAT3 3 2 7 2 11 2 15 2 2 3 4 3 6 3 8 3 10 3 12 3 14 3 16 3 3 4 15 4 9 6 8 9 10 9 9 12 3 14 15 14 2 15 4 15 6 15 8 15 10 15 12 15 14 15 16 15 3 16 7 16 11 16 15 16
< RES 1637333039 2 4
< MOVE U U
> REQ 1637333039 3 4
> VAMPIRE 1 17 15 3 0 2 0
> VAMPIRE 3 3 1 3 0 2 0
> VAMPIRE 4 15 1 3 0 2 0
> VAMPIRE 2 1 15 3 0 2 0
> GRENADE 1 15 15 4 2
> GRENADE 3 1 3 4 2
> GRENADE 4 17 3 4 2
> GRENADE 2 3 15 4 2
> BAT1 9 1 1 5 17 5 5 7 9 7 13 7 7 8 11 8 1 9 3 9 5 9 13 9 15 9 17 9 7 10 11 10 5 11 9 11 13 11 1 13 17 13 9 17
> BAT2 5 1 13 1 7 4 9 4 11 4 6 5 8 5 10 5 12 5 3 6 7 6 11 6 15 6 2 7 4 7 14 7 16 7 3 8 15 8 6 9 12 9 3 10 15 10 2 11 4 11 14 11 16 11 3 12 7 12 11 12 15 12 6 13 8 13 10 13 12 13 7 14 9 14 11 14 5 17 13 17
> BAT3 3 2 7 2 11 2 15 2 2 3 4 3 6 3 8 3 10 3 12 3 14 3 16 3 3 4 15 4 9 6 8 9 10 9 9 12 3 14 15 14 2 15 4 15 6 15 8 15 10 15 12 15 14 15 16 15 3 16 7 16 11 16 15 16
< RES 1637333039 3 4
> REQ 1637333039 4 4
> VAMPIRE 1 17 15 3 0 2 0
> VAMPIRE 3 3 1 3 0 2 0
> VAMPIRE 4 15 1 3 0 2 0
> VAMPIRE 2 1 15 3 0 2 0
> GRENADE 1 15 15 3 2
> GRENADE 3 1 3 3 2
> GRENADE 4 17 3 3 2
> GRENADE 2 3 15 3 2
> BAT1 9 1 1 5 17 5 5 7 9 7 13 7 7 8 11 8 1 9 3 9 5 9 13 9 15 9 17 9 7 10 11 10 5 11 9 11 13 11 1 13 17 13 9 17
> BAT2 5 1 13 1 7 4 9 4 11 4 6 5 8 5 10 5 12 5 3 6 7 6 11 6 15 6 2 7 4 7 14 7 16 7 3 8 15 8 6 9 12 9 3 10 15 10 2 11 4 11 14 11 16 11 3 12 7 12 11 12 15 12 6 13 8 13 10 13 12 13 7 14 9 14 11 14 5 17 13 17
> BAT3 3 2 7 2 11 2 15 2 2 3 4 3 6 3 8 3 10 3 12 3 14 3 16 3 3 4 15 4 9 6 8 9 10 9 9 12 3 14 15 14 2 15 4 15 6 15 8 15 10 15 12 15 14 15 16 15 3 16 7 16 11 16 15 16
< RES 1637333039 4 4
> REQ 1637333039 5 4
> VAMPIRE 1 17 15 3 0 2 0
> VAMPIRE 3 3 1 3 0 2 0
> VAMPIRE 4 15 1 3 0 2 0
> VAMPIRE 2 1 15 3 0 2 0
> GRENADE 1 15 15 2 2
> GRENADE 3 1 3 2 2
> GRENADE 4 17 3 2 2
> GRENADE 2 3 15 2 2
> BAT1 9 1 1 5 17 5 5 7 9 7 13 7 7 8 11 8 1 9 3 9 5 9 13 9 15 9 17 9 7 10 11 10 5 11 9 11 13 11 1 13 17 13 9 17
> BAT2 5 1 13 1 7 4 9 4 11 4 6 5 8 5 10 5 12 5 3 6 7 6 11 6 15 6 2 7 4 7 14 7 16 7 3 8 15 8 6 9 12 9 3 10 15 10 2 11 4 11 14 11 16 11 3 12 7 12 11 12 15 12 6 13 8 13 10 13 12 13 7 14 9 14 11 14 5 17 13 17
> BAT3 3 2 7 2 11 2 15 2 2 3 4 3 6 3 8 3 10 3 12 3 14 3 16 3 3 4 15 4 9 6 8 9 10 9 9 12 3 14 15 14 2 15 4 15 6 15 8 15 10 15 12 15 14 15 16 15 3 16 7 16 11 16 15 16
< RES 1637333039 5 4
> REQ 1637333039 6 4
> VAMPIRE 1 17 15 3 0 2 0
> VAMPIRE 3 3 1 3 0 2 0
> VAMPIRE 4 15 1 3 0 2 0
> VAMPIRE 2 1 15 3 0 2 0
> GRENADE 1 15 15 1 2
> GRENADE 3 1 3 1 2
> GRENADE 4 17 3 1 2
> GRENADE 2 3 15 1 2
> BAT1 9 1 1 5 17 5 5 7 9 7 13 7 7 8 11 8 1 9 3 9 5 9 13 9 15 9 17 9 7 10 11 10 5 11 9 11 13 11 1 13 17 13 9 17
> BAT2 5 1 13 1 7 4 9 4 11 4 6 5 8 5 10 5 12 5 3 6 7 6 11 6 15 6 2 7 4 7 14 7 16 7 3 8 15 8 6 9 12 9 3 10 15 10 2 11 4 11 14 11 16 11 3 12 7 12 11 12 15 12 6 13 8 13 10 13 12 13 7 14 9 14 11 14 5 17 13 17
> BAT3 3 2 7 2 11 2 15 2 2 3 4 3 6 3 8 3 10 3 12 3 14 3 16 3 3 4 15 4 9 6 8 9 10 9 9 12 3 14 15 14 2 15 4 15 6 15 8 15 10 15 12 15 14 15 16 15 3 16 7 16 11 16 15 16
< RES 1637333039 6 4
< MOVE U
> REQ 1637333039 7 4
> VAMPIRE 1 17 15 3 1 2 0
> VAMPIRE 3 4 1 3 1 2 0
> VAMPIRE 4 14 1 3 1 2 0
> VAMPIRE 2 1 15 3 1 2 0
> BAT1 9 1 5 7 9 7 13 7 7 8 11 8 1 9 3 9 5 9 13 9 15 9 17 9 7 10 11 10 5 11 9 11 13 11 1 13 17 13 9 17
> BAT2 5 1 13 1 7 4 9 4 11 4 6 5 8 5 10 5 12 5 3 6 7 6 11 6 15 6 2 7 4 7 14 7 16 7 3 8 15 8 6 9 12 9 3 10 15 10 2 11 4 11 14 11 16 11 3 12 7 12 11 12 15 12 6 13 8 13 10 13 12 13 7 14 9 14 11 14 5 17 13 17 2 3 16 3 3 14 15 14 2 15 4 15 14 15 16 15 3 16 15 16
> BAT3 3 2 7 2 11 2 15 2 4 3 6 3 8 3 10 3 12 3 14 3 3 4 15 4 9 6 8 9 10 9 9 12 6 15 8 15 10 15 12 15 7 16 11 16
< RES 1637333039 7 4
< GRENADE
> REQ 1637333039 8 4
> VAMPIRE 1 17 15 3 0 2 0
> VAMPIRE 3 4 1 3 0 2 0
> VAMPIRE 4 14 1 3 0 2 0
> VAMPIRE 2 1 15 3 0 2 0
> GRENADE 1 17 15 5 2
> GRENADE 3 4 1 5 2
> GRENADE 4 14 1 5 2
> GRENADE 2 1 15 5 2
> BAT1 9 1 5 7 9 7 13 7 7 8 11 8 1 9 3 9 5 9 13 9 15 9 17 9 7 10 11 10 5 11 9 11 13 11 1 13 17 13 9 17
> BAT2 5 1 13 1 7 4 9 4 11 4 6 5 8 5 10 5 12 5 3 6 7 6 11 6 15 6 2 7 4 7 14 7 16 7 3 8 15 8 6 9 12 9 3 10 15 10 2 11 4 11 14 11 16 11 3 12 7 12 11 12 15 12 6 13 8 13 10 13 12 13 7 14 9 14 11 14 5 17 13 17 2 3 16 3 3 14 15 14 2 15 4 15 14 15 16 15 3 16 15 16
> BAT3 3 2 7 2 11 2 15 2 4 3 6 3 8 3 10 3 12 3 14 3 3 4 15 4 9 6 8 9 10 9 9 12 6 15 8 15 10 15 12 15 7 16 11 16
< RES 1637333039 8 4
< THROW XU 3
< MOVE D
> REQ 1637333039 9 4
> VAMPIRE 1 17 15 3 0 2 0
> VAMPIRE 3 3 1 3 0 2 0
> VAMPIRE 4 15 1 3 0 2 0
> VAMPIRE 2 1 15 3 0 2 0
> GRENADE 1 15 15 4 2
> GRENADE 3 7 1 4 2
> GRENADE 4 11 1 4 2
> GRENADE 2 3 15 4 2
> BAT1 9 1 5 7 9 7 13 7 7 8 11 8 1 9 3 9 5 9 13 9 15 9 17 9 7 10 11 10 5 11 9 11 13 11 1 13 17 13 9 17
> BAT2 5 1 13 1 7 4 9 4 11 4 6 5 8 5 10 5 12 5 3 6 7 6 11 6 15 6 2 7 4 7 14 7 16 7 3 8 15 8 6 9 12 9 3 10 15 10 2 11 4 11 14 11 16 11 3 12 7 12 11 12 15 12 6 13 8 13 10 13 12 13 7 14 9 14 11 14 5 17 13 17 2 3 16 3 3 14 15 14 2 15 4 15 14 15 16 15 3 16 15 16
> BAT3 3 2 7 2 11 2 15 2 4 3 6 3 8 3 10 3 12 3 14 3 3 4 15 4 9 6 8 9 10 9 9 12 6 15 8 15 10 15 12 15 7 16 11 16
< RES 1637333039 9 4
> REQ 1637333039 10 4
> VAMPIRE 1 17 15 3 0 2 0
> VAMPIRE 3 3 1 3 0 2 0
> VAMPIRE 4 15 1 3 0 2 0
> VAMPIRE 2 1 15 3 0 2 0
> GRENADE 1 15 15 3 2
> GRENADE 3 7 1 3 2
> GRENADE 4 11 1 3 2
> GRENADE 2 3 15 3 2
> BAT1 9 1 5 7 9 7 13 7 7 8 11 8 1 9 3 9 5 9 13 9 15 9 17 9 7 10 11 10 5 11 9 11 13 11 1 13 17 13 9 17
> BAT2 5 1 13 1 7 4 9 4 11 4 6 5 8 5 10 5 12 5 3 6 7 6 11 6 15 6 2 7 4 7 14 7 16 7 3 8 15 8 6 9 12 9 3 10 15 10 2 11 4 11 14 11 16 11 3 12 7 12 11 12 15 12 6 13 8 13 10 13 12 13 7 14 9 14 11 14 5 17 13 17 2 3 16 3 3 14 15 14 2 15 4 15 14 15 16 15 3 16 15 16
> BAT3 3 2 7 2 11 2 15 2 4 3 6 3 8 3 10 3 12 3 14 3 3 4 15 4 9 6 8 9 10 9 9 12 6 15 8 15 10 15 12 15 7 16 11 16
< RES 1637333039 10 4
> REQ 1637333039 11 4
> VAMPIRE 1 17 15 3 0 2 0
> VAMPIRE 3 3 1 3 0 2 0
> VAMPIRE 4 15 1 3 0 2 0
> VAMPIRE 2 1 15 3 0 2 0
> GRENADE 1 15 15 2 2
> GRENADE 3 7 1 2 2
> GRENADE 4 11 1 2 2
> GRENADE 2 3 15 2 2
> BAT1 9 1 5 7 9 7 13 7 7 8 11 8 1 9 3 9 5 9 13 9 15 9 17 9 7 10 11 10 5 11 9 11 13 11 1 13 17 13 9 17
> BAT2 5 1 13 1 7 4 9 4 11 4 6 5 8 5 10 5 12 5 3 6 7 6 11 6 15 6 2 7 4 7 14 7 16 7 3 8 15 8 6 9 12 9 3 10 15 10 2 11 4 11 14 11 16 11 3 12 7 12 11 12 15 12 6 13 8 13 10 13 12 13 7 14 9 14 11 14 5 17 13 17 2 3 16 3 3 14 15 14 2 15 4 15 14 15 16 15 3 16 15 16
> BAT3 3 2 7 2 11 2 15 2 4 3 6 3 8 3 10 3 12 3 14 3 3 4 15 4 9 6 8 9 10 9 9 12 6 15 8 15 10 15 12 15 7 16 11 16
< RES 1637333039 11 4
> REQ 1637333039 12 4
> VAMPIRE 1 17 15 3 0 2 0
> VAMPIRE 3 3 1 3 0 2 0
> VAMPIRE 4 15 1 3 0 2 0
> VAMPIRE 2 1 15 3 0 2 0
> GRENADE 1 15 15 1 2
> GRENADE 3 7 1 1 2
> GRENADE 4 11 1 1 2
> GRENADE 2 3 15 1 2
> BAT1 9 1 5 7 9 7 13 7 7 8 11 8 1 9 3 9 5 9 13 9 15 9 17 9 7 10 11 10 5 11 9 11 13 11 1 13 17 13 9 17
> BAT2 5 1 13 1 7 4 9 4 11 4 6 5 8 5 10 5 12 5 3 6 7 6 11 6 15 6 2 7 4 7 14 7 16 7 3 8 15 8 6 9 12 9 3 10 15 10 2 11 4 11 14 11 16 11 3 12 7 12 11 12 15 12 6 13 8 13 10 13 12 13 7 14 9 14 11 14 5 17 13 17 2 3 16 3 3 14 15 14 2 15 4 15 14 15 16 15 3 16 15 16
> BAT3 3 2 7 2 11 2 15 2 4 3 6 3 8 3 10 3 12 3 14 3 3 4 15 4 9 6 8 9 10 9 9 12 6 15 8 15 10 15 12 15 7 16 11 16
< RES 1637333039 12 4
> REQ 1637333039 13 4
> VAMPIRE 1 17 15 3 1 2 0
> VAMPIRE 3 3 1 3 1 2 0
> VAMPIRE 4 15 1 3 1 2 0
> VAMPIRE 2 1 15 3 1 2 0
> BAT1 5 7 9 7 13 7 7 8 11 8 1 9 3 9 5 9 13 9 15 9 17 9 7 10 11 10 5 11 9 11 13 11 1 13 17 13 9 17 5 1 13 1 3 14 15 14 2 15 4 15 14 15 16 15 3 16 15 16
> BAT2 7 4 9 4 11 4 6 5 8 5 10 5 12 5 3 6 7 6 11 6 15 6 2 7 4 7 14 7 16 7 3 8 15 8 6 9 12 9 3 10 15 10 2 11 4 11 14 11 16 11 3 12 7 12 11 12 15 12 6 13 8 13 10 13 12 13 7 14 9 14 11 14 5 17 13 17 7 2 11 2 2 3 16 3
> BAT3 3 2 15 2 4 3 6 3 8 3 10 3 12 3 14 3 3 4 15 4 9 6 8 9 10 9 9 12 6 15 8 15 10 15 12 15 7 16 11 16
< RES 1637333039 13 4
< GRENADE
< MOVE D D
> REQ 1637333039 14 4
> VAMPIRE 1 17 15 3 0 2 0
> VAMPIRE 3 1 1 3 0 2 0
> VAMPIRE 4 17 1 3 0 2 0
> VAMPIRE 2 1 15 3 0 2 0
> GRENADE 1 17 15 5 2
> GRENADE 3 3 1 5 2
> GRENADE 4 15 1 5 2
> GRENADE 2 1 15 5 2
> BAT1 5 7 9 7 13 7 7 8 11 8 1 9 3 9 5 9 13 9 15 9 17 9 7 10 11 10 5 11 9 11 13 11 1 13 17 13 9 17 5 1 13 1 3 14 15 14 2 15 4 15 14 15 16 15 3 16 15 16
> BAT2 7 4 9 4 11 4 6 5 8 5 10 5 12 5 3 6 7 6 11 6 15 6 2 7 4 7 14 7 16 7 3 8 15 8 6 9 12 9 3 10 15 10 2 11 4 11 14 11 16 11 3 12 7 12 11 12 15 12 6 13 8 13 10 13 12 13 7 14 9 14 11 14 5 17 13 17 7 2 11 2 2 3 16 3
> BAT3 3 2 15 2 4 3 6 3 8 3 10 3 12 3 14 3 3 4 15 4 9 6 8 9 10 9 9 12 6 15 8 15 10 15 12 15 7 16 11 16
< RES 1637333039 14 4
< MOVE R R
> REQ 1637333039 15 4
> VAMPIRE 1 17 15 3 0 2 0
> VAMPIRE 3 1 3 3 0 2 0
> VAMPIRE 4 17 3 3 0 2 0
> VAMPIRE 2 1 15 3 0 2 0
> GRENADE 1 15 15 4 2
> GRENADE 3 3 1 4 2
> GRENADE 4 15 1 4 2
> GRENADE 2 3 15 4 2
> BAT1 5 7 9 7 13 7 7 8 11 8 1 9 3 9 5 9 13 9 15 9 17 9 7 10 11 10 5 11 9 11 13 11 1 13 17 13 9 17 5 1 13 1 3 14 15 14 2 15 4 15 14 15 16 15 3 16 15 16
> BAT2 7 4 9 4 11 4 6 5 8 5 10 5 12 5 3 6 7 6 11 6 15 6 2 7 4 7 14 7 16 7 3 8 15 8 6 9 12 9 3 10 15 10 2 11 4 11 14 11 16 11 3 12 7 12 11 12 15 12 6 13 8 13 10 13 12 13 7 14 9 14 11 14 5 17 13 17 7 2 11 2 2 3 16 3
> BAT3 3 2 15 2 4 3 6 3 8 3 10 3 12 3 14 3 3 4 15 4 9 6 8 9 10 9 9 12 6 15 8 15 10 15 12 15 7 16 11 16
< RES 1637333039 15 4
< MOVE R R
> REQ 1637333039 16 4
> VAMPIRE 1 17 15 3 0 2 0
> VAMPIRE 3 1 5 3 0 2 0
> VAMPIRE 4 17 5 3 0 2 0
> VAMPIRE 2 1 15 3 0 2 0
> GRENADE 1 15 15 3 2
> GRENADE 3 3 1 3 2
> GRENADE 4 15 1 3 2
> GRENADE 2 3 15 3 2
> BAT1 5 7 9 7 13 7 7 8 11 8 1 9 3 9 5 9 13 9 15 9 17 9 7 10 11 10 5 11 9 11 13 11 1 13 17 13 9 17 5 1 13 1 3 14 15 14 2 15 4 15 14 15 16 15 3 16 15 16
> BAT2 7 4 9 4 11 4 6 5 8 5 10 5 12 5 3 6 7 6 11 6 15 6 2 7 4 7 14 7 16 7 3 8 15 8 6 9 12 9 3 10 15 10 2 11 4 11 14 11 16 11 3 12 7 12 11 12 15 12 6 13 8 13 10 13 12 13 7 14 9 14 11 14 5 17 13 17 7 2 11 2 2 3 16 3
> BAT3 3 2 15 2 4 3 6 3 8 3 10 3 12 3 14 3 3 4 15 4 9 6 8 9 10 9 9 12 6 15 8 15 10 15 12 15 7 16 11 16
< RES 1637333039 16 4
< MOVE U U
> REQ 1637333039 17 4
> VAMPIRE 1 17 15 3 0 2 0
> VAMPIRE 3 3 5 3 0 2 0
> VAMPIRE 4 15 5 3 0 2 0
> VAMPIRE 2 1 15 3 0 2 0
> GRENADE 1 15 15 2 2
> GRENADE 3 3 1 2 2
> GRENADE 4 15 1 2 2
> GRENADE 2 3 15 2 2
> BAT1 5 7 9 7 13 7 7 8 11 8 1 9 3 9 5 9 13 9 15 9 17 9 7 10 11 10 5 11 9 11 13 11 1 13 17 13 9 17 5 1 13 1 3 14 15 14 2 15 4 15 14 15 16 15 3 16 15 16
> BAT2 7 4 9 4 11 4 6 5 8 5 10 5 12 5 3 6 7 6 11 6 15 6 2 7 4 7 14 7 16 7 3 8 15 8 6 9 12 9 3 10 15 10 2 11 4 11 14 11 16 11 3 12 7 12 11 12 15 12 6 13 8 13 10 13 12 13 7 14 9 14 11 14 5 17 13 17 7 2 11 2 2 3 16 3
> BAT3 3 2 15 2 4 3 6 3 8 3 10 3 12 3 14 3 3 4 15 4 9 6 8 9 10 9 9 12 6 15 8 15 10 15 12 15 7 16 11 16
< RES 1637333039 17 4
< MOVE U U
> REQ 1637333039 18 4
> VAMPIRE 1 17 17 3 0 2 0
> VAMPIRE 3 5 5 3 0 2 0
> VAMPIRE 4 13 5 3 0 2 0
> VAMPIRE 2 1 17 3 0 2 0
> GRENADE 1 15 15 1 2
> GRENADE 3 3 1 1 2
> GRENADE 4 15 1 1 2
> GRENADE 2 3 15 1 2
> BAT1 5 7 9 7 13 7 7 8 11 8 1 9 3 9 5 9 13 9 15 9 17 9 7 10 11 10 5 11 9 11 13 11 1 13 17 13 9 17 5 1 13 1 3 14 15 14 2 15 4 15 14 15 16 15 3 16 15 16
> BAT2 7 4 9 4 11 4 6 5 8 5 10 5 12 5 3 6 7 6 11 6 15 6 2 7 4 7 14 7 16 7 3 8 15 8 6 9 12 9 3 10 15 10 2 11 4 11 14 11 16 11 3 12 7 12 11 12 15 12 6 13 8 13 10 13 12 13 7 14 9 14 11 14 5 17 13 17 7 2 11 2 2 3 16 3
> BAT3 3 2 15 2 4 3 6 3 8 3 10 3 12 3 14 3 3 4 15 4 9 6 8 9 10 9 9 12 6 15 8 15 10 15 12 15 7 16 11 16
< RES 1637333039 18 4
< MOVE L L
> REQ 1637333039 19 4
> VAMPIRE 1 15 17 3 1 2 0
> VAMPIRE 3 5 3 3 1 2 0
> VAMPIRE 4 13 3 3 1 2 0
> VAMPIRE 2 3 17 3 1 2 0
> BAT1 5 7 9 7 13 7 7 8 11 8 1 9 3 9 5 9 13 9 15 9 17 9 7 10 11 10 5 11 9 11 13 11 1 13 17 13 9 17
> BAT2 7 4 9 4 11 4 6 5 8 5 10 5 12 5 3 6 7 6 11 6 15 6 2 7 4 7 14 7 16 7 3 8 15 8 6 9 12 9 3 10 15 10 2 11 4 11 14 11 16 11 3 12 7 12 11 12 15 12 6 13 8 13 10 13 12 13 7 14 9 14 11 14 5 17 13 17 3 2 7 2 11 2 15 2 2 3 16 3
> BAT3 4 3 6 3 8 3 10 3 12 3 14 3 3 4 15 4 9 6 8 9 10 9 9 12 6 15 8 15 10 15 12 15 7 16 11 16
< RES 1637333039 19 4
< GRENADE
< MOVE R R
> REQ 1637333039 20 4
> VAMPIRE 1 15 17 3 0 2 0
> VAMPIRE 3 5 5 3 1 2 0
> VAMPIRE 4 13 5 3 0 2 0
> VAMPIRE 2 3 17 3 0 2 0
> GRENADE 1 15 17 5 2
> GRENADE 4 13 3 5 2
> GRENADE 2 3 17 5 2
> BAT1 5 7 9 7 13 7 7 8 11 8 1 9 3 9 5 9 13 9 15 9 17 9 7 10 11 10 5 11 9 11 13 11 1 13 17 13 9 17
> BAT2 7 4 9 4 11 4 6 5 8 5 10 5 12 5 3 6 7 6 11 6 15 6 2 7 4 7 14 7 16 7 3 8 15 8 6 9 12 9 3 10 15 10 2 11 4 11 14 11 16 11 3 12 7 12 11 12 15 12 6 13 8 13 10 13 12 13 7 14 9 14 11 14 5 17 13 17 3 2 7 2 11 2 15 2 2 3 16 3
> BAT3 4 3 6 3 8 3 10 3 12 3 14 3 3 4 15 4 9 6 8 9 10 9 9 12 6 15 8 15 10 15 12 15 7 16 11 16
< RES 1637333039 20 4
< MOVE D D
> REQ 1637333039 21 4
> VAMPIRE 1 15 15 3 0 2 0
> VAMPIRE 3 5 5 3 0 2 0
> VAMPIRE 4 15 5 3 0 2 0
> VAMPIRE 2 3 15 3 0 2 0
> GRENADE 1 15 14 4 2
> GRENADE 4 13 3 4 2
> GRENADE 2 3 14 4 2
> GRENADE 3 5 5 5 2
> BAT1 5 7 9 7 13 7 7 8 11 8 1 9 3 9 5 9 13 9 15 9 17 9 7 10 11 10 5 11 9 11 13 11 1 13 17 13 9 17
> BAT2 7 4 9 4 11 4 6 5 8 5 10 5 12 5 3 6 7 6 11 6 15 6 2 7 4 7 14 7 16 7 3 8 15 8 6 9 12 9 3 10 15 10 2 11 4 11 14 11 16 11 3 12 7 12 11 12 15 12 6 13 8 13 10 13 12 13 7 14 9 14 11 14 5 17 13 17 3 2 7 2 11 2 15 2 2 3 16 3
> BAT3 4 3 6 3 8 3 10 3 12 3 14 3 3 4 15 4 9 6 8 9 10 9 9 12 6 15 8 15 10 15 12 15 7 16 11 16
< RES 1637333039 21 4
< MOVE D D
> REQ 1637333039 22 4
> VAMPIRE 1 15 15 3 0 2 0
> VAMPIRE 3 5 5 3 0 2 0
> VAMPIRE 4 17 5 3 0 2 0
> VAMPIRE 2 3 15 3 0 2 0
> GRENADE 1 15 11 3 2
> GRENADE 4 13 3 3 2
> GRENADE 2 3 11 3 2
> GRENADE 3 7 5 4 2
> BAT1 5 7 9 7 13 7 7 8 11 8 1 9 3 9 5 9 13 9 15 9 17 9 7 10 11 10 5 11 9 11 13 11 1 13 17 13 9 17
> BAT2 7 4 9 4 11 4 6 5 8 5 10 5 12 5 3 6 7 6 11 6 15 6 2 7 4 7 14 7 16 7 3 8 15 8 6 9 12 9 3 10 15 10 2 11 4 11 14 11 16 11 3 12 7 12 11 12 15 12 6 13 8 13 10 13 12 13 7 14 9 14 11 14 5 17 13 17 3 2 7 2 11 2 15 2 2 3 16 3
> BAT3 4 3 6 3 8 3 10 3 12 3 14 3 3 4 15 4 9 6 8 9 10 9 9 12 6 15 8 15 10 15 12 15 7 16 11 16
< RES 1637333039 22 4
> REQ 1637333039 23 4
> VAMPIRE 1 15 15 3 0 2 0
> VAMPIRE 3 5 5 3 0 2 0
> VAMPIRE 4 17 5 3 0 2 0
> VAMPIRE 2 3 15 3 0 2 0
> GRENADE 1 15 11 2 2
> GRENADE 4 13 3 2 2
> GRENADE 2 3 11 2 2
> GRENADE 3 7 5 3 2
> BAT1 5 7 9 7 13 7 7 8 11 8 1 9 3 9 5 9 13 9 15 9 17 9 7 10 11 10 5 11 9 11 13 11 1 13 17 13 9 17
> BAT2 7 4 9 4 11 4 6 5 8 5 10 5 12 5 3 6 7 6 11 6 15 6 2 7 4 7 14 7 16 7 3 8 15 8 6 9 12 9 3 10 15 10 2 11 4 11 14 11 16 11 3 12 7 12 11 12 15 12 6 13 8 13 10 13 12 13 7 14 9 14 11 14 5 17 13 17 3 2 7 2 11 2 15 2 2 3 16 3
> BAT3 4 3 6 3 8 3 10 3 12 3 14 3 3 4 15 4 9 6 8 9 10 9 9 12 6 15 8 15 10 15 12 15 7 16 11 16
< RES 1637333039 23 4
< MOVE U U
> REQ 1637333039 24 4
> VAMPIRE 1 13 15 3 0 2 0
> VAMPIRE 3 5 5 3 0 2 0
> VAMPIRE 4 15 5 3 0 2 0
> VAMPIRE 2 5 15 3 0 2 0
> GRENADE 1 15 11 1 2
> GRENADE 4 13 3 1 2
> GRENADE 2 3 11 1 2
> GRENADE 3 7 5 2 2
> BAT1 5 7 9 7 13 7 7 8 11 8 1 9 3 9 5 9 13 9 15 9 17 9 7 10 11 10 5 11 9 11 13 11 1 13 17 13 9 17
> BAT2 7 4 9 4 11 4 6 5 8 5 10 5 12 5 3 6 7 6 11 6 15 6 2 7 4 7 14 7 16 7 3 8 15 8 6 9 12 9 3 10 15 10 2 11 4 11 14 11 16 11 3 12 7 12 11 12 15 12 6 13 8 13 10 13 12 13 7 14 9 14 11 14 5 17 13 17 3 2 7 2 11 2 15 2 2 3 16 3
> BAT3 4 3 6 3 8 3 10 3 12 3 14 3 3 4 15 4 9 6 8 9 10 9 9 12 6 15 8 15 10 15 12 15 7 16 11 16
< RES 1637333039 24 4
< MOVE U U
> REQ 1637333039 25 4
> VAMPIRE 1 13 15 3 1 2 0
> VAMPIRE 3 5 5 3 0 2 0
> VAMPIRE 4 13 5 3 1 2 0
> VAMPIRE 2 5 15 3 1 2 0
> GRENADE 3 7 5 1 2
> BAT1 5 7 9 7 13 7 7 8 11 8 1 9 3 9 5 9 13 9 15 9 17 9 7 10 11 10 5 11 9 11 13 11 1 13 17 13 9 17 3 10 15 10 2 11 4 11 14 11 16 11 3 12 15 12
> BAT2 7 4 9 4 11 4 6 5 8 5 10 5 12 5 3 6 7 6 11 6 15 6 2 7 4 7 14 7 16 7 3 8 15 8 6 9 12 9 7 12 11 12 6 13 8 13 10 13 12 13 7 14 9 14 11 14 5 17 13 17 3 2 7 2 11 2 15 2 2 3 12 3 14 3 16 3
> BAT3 4 3 6 3 8 3 10 3 3 4 15 4 9 6 8 9 10 9 9 12 6 15 8 15 10 15 12 15 7 16 11 16
< RES 1637333039 25 4
< GRENADE
> REQ 1637333039 26 4
> VAMPIRE 1 13 15 3 0 2 0
> VAMPIRE 3 5 5 3 1 2 0
> VAMPIRE 4 13 5 3 0 2 0
> VAMPIRE 2 5 15 3 0 2 0
> GRENADE 1 13 15 5 2
> GRENADE 4 13 5 5 2
> GRENADE 2 5 15 5 2
> BAT1 5 7 9 7 13 7 7 8 11 8 1 9 3 9 5 9 13 9 15 9 17 9 7 10 11 10 5 11 9 11 13 11 1 13 17 13 9 17 7 4 6 5 8 5 7 6 3 10 15 10 2 11 4 11 14 11 16 11 3 12 15 12
> BAT2 9 4 11 4 10 5 12 5 3 6 11 6 15 6 2 7 4 7 14 7 16 7 3 8 15 8 6 9 12 9 7 12 11 12 6 13 8 13 10 13 12 13 7 14 9 14 11 14 5 17 13 17 3 2 7 2 11 2 15 2 2 3 12 3 14 3 16 3
> BAT3 4 3 6 3 8 3 10 3 3 4 15 4 9 6 8 9 10 9 9 12 6 15 8 15 10 15 12 15 7 16 11 16
< RES 1637333039 26 4
< THROW XU 2
> REQ 1637333039 27 4
> VAMPIRE 1 13 15 3 0 2 0
> VAMPIRE 3 5 5 3 0 2 0
> VAMPIRE 4 13 5 3 0 2 0
> VAMPIRE 2 5 15 3 0 2 0
> GRENADE 1 11 15 4 2
> GRENADE 4 11 5 4 2
> GRENADE 2 7 15 4 2
> GRENADE 3 5 5 5 2
> BAT1 5 7 9 7 13 7 7 8 11 8 1 9 3 9 5 9 13 9 15 9 17 9 7 10 11 10 5 11 9 11 13 11 1 13 17 13 9 17 7 4 6 5 8 5 7 6 3 10 15 10 2 11 4 11 14 11 16 11 3 12 15 12
> BAT2 9 4 11 4 10 5 12 5 3 6 11 6 15 6 2 7 4 7 14 7 16 7 3 8 15 8 6 9 12 9 7 12 11 12 6 13 8 13 10 13 12 13 7 14 9 14 11 14 5 17 13 17 3 2 7 2 11 2 15 2 2 3 12 3 14 3 16 3
> BAT3 4 3 6 3 8 3 10 3 3 4 15 4 9 6 8 9 10 9 9 12 6 15 8 15 10 15 12 15 7 16 11 16
< RES 1637333039 27 4
> REQ 1637333039 28 4
> VAMPIRE 1 15 15 3 0 2 0
> VAMPIRE 3 5 5 3 0 2 0
> VAMPIRE 4 13 5 3 0 2 0
> VAMPIRE 2 3 15 3 0 2 0
> GRENADE 1 11 15 3 2
> GRENADE 4 11 5 3 2
> GRENADE 2 7 15 3 2
> GRENADE 3 7 5 4 2
> BAT1 5 7 9 7 13 7 7 8 11 8 1 9 3 9 5 9 13 9 15 9 17 9 7 10 11 10 5 11 9 11 13 11 1 13 17 13 9 17 7 4 6 5 8 5 7 6 3 10 15 10 2 11 4 11 14 11 16 11 3 12 15 12
> BAT2 9 4 11 4 10 5 12 5 3 6 11 6 15 6 2 7 4 7 14 7 16 7 3 8 15 8 6 9 12 9 7 12 11 12 6 13 8 13 10 13 12 13 7 14 9 14 11 14 5 17 13 17 3 2 7 2 11 2 15 2 2 3 12 3 14 3 16 3
> BAT3 4 3 6 3 8 3 10 3 3 4 15 4 9 6 8 9 10 9 9 12 6 15 8 15 10 15 12 15 7 16 11 16
< RES 1637333039 28 4
> REQ 1637333039 29 4
> VAMPIRE 1 15 15 3 0 2 0
> VAMPIRE 3 5 5 3 0 2 0
> VAMPIRE 4 13 5 3 0 2 0
> VAMPIRE 2 5 15 3 0 2 0
> GRENADE 1 11 15 2 2
> GRENADE 4 11 5 2 2
> GRENADE 2 7 15 2 2
> GRENADE 3 7 5 3 2
> BAT1 5 7 9 7 13 7 7 8 11 8 1 9 3 9 5 9 13 9 15 9 17 9 7 10 11 10 5 11 9 11 13 11 1 13 17 13 9 17 7 4 6 5 8 5 7 6 3 10 15 10 2 11 4 11 14 11 16 11 3 12 15 12
> BAT2 9 4 11 4 10 5 12 5 3 6 11 6 15 6 2 7 4 7 14 7 16 7 3 8 15 8 6 9 12 9 7 12 11 12 6 13 8 13 10 13 12 13 7 14 9 14 11 14 5 17 13 17 3 2 7 2 11 2 15 2 2 3 12 3 14 3 16 3
> BAT3 4 3 6 3 8 3 10 3 3 4 15 4 9 6 8 9 10 9 9 12 6 15 8 15 10 15 12 15 7 16 11 16
< RES 1637333039 29 4
> REQ 1637333039 30 4
> VAMPIRE 1 13 15 3 0 2 0
> VAMPIRE 3 5 5 3 0 2 0
> VAMPIRE 4 13 5 3 0 2 0
> VAMPIRE 2 5 13 3 0 2 0
> GRENADE 1 11 15 1 2
> GRENADE 4 11 5 1 2
> GRENADE 2 7 15 1 2
> GRENADE 3 7 5 2 2
> BAT1 5 7 9 7 13 7 7 8 11 8 1 9 3 9 5 9 13 9 15 9 17 9 7 10 11 10 5 11 9 11 13 11 1 13 17 13 9 17 7 4 6 5 8 5 7 6 3 10 15 10 2 11 4 11 14 11 16 11 3 12 15 12
> BAT2 9 4 11 4 10 5 12 5 3 6 11 6 15 6 2 7 4 7 14 7 16 7 3 8 15 8 6 9 12 9 7 12 11 12 6 13 8 13 10 13 12 13 7 14 9 14 11 14 5 17 13 17 3 2 7 2 11 2 15 2 2 3 12 3 14 3 16 3
> BAT3 4 3 6 3 8 3 10 3 3 4 15 4 9 6 8 9 10 9 9 12 6 15 8 15 10 15 12 15 7 16 11 16
< RES 1637333039 30 4
> REQ 1637333039 31 4
> VAMPIRE 1 13 15 3 1 2 0
> VAMPIRE 3 3 5 3 0 2 0
> VAMPIRE 4 13 5 3 1 2 0
> VAMPIRE 2 3 13 3 1 2 0
> GRENADE 3 7 5 1 2
> BAT1 5 7 9 7 13 7 7 8 11 8 1 9 3 9 5 9 13 9 15 9 17 9 7 10 11 10 5 11 9 11 13 11 1 13 17 13 9 17 7 4 11 4 6 5 8 5 10 5 12 5 7 6 11 6 3 10 15 10 2 11 4 11 14 11 16 11 3 12 15 12 7 14 11 14
> BAT2 9 4 3 6 15 6 2 7 4 7 14 7 16 7 3 8 15 8 6 9 12 9 7 12 11 12 6 13 8 13 10 13 12 13 9 14 5 17 13 17 3 2 7 2 11 2 15 2 2 3 12 3 14 3 16 3 6 15 8 15 10 15 12 15 7 16 11 16
> BAT3 4 3 6 3 8 3 10 3 3 4 15 4 9 6 8 9 10 9 9 12
< RES 1637333039 31 4
< GRENADE
> REQ 1637333039 32 4
> VAMPIRE 1 13 15 3 0 2 0
> VAMPIRE 3 3 5 3 1 2 0
> VAMPIRE 4 13 5 3 0 2 0
> VAMPIRE 2 3 13 3 0 2 0
> GRENADE 1 13 15 5 2
> GRENADE 4 13 5 5 2
> GRENADE 2 3 13 5 2
> BAT1 5 7 9 7 13 7 7 8 11 8 1 9 3 9 5 9 13 9 15 9 17 9 7 10 11 10 5 11 9 11 13 11 1 13 17 13 9 17 11 4 10 5 12 5 11 6 3 10 15 10 2 11 4 11 14 11 16 11 3 12 15 12 7 14 11 14
> BAT2 9 4 3 6 15 6 2 7 4 7 14 7 16 7 3 8 15 8 6 9 12 9 7 12 11 12 6 13 8 13 10 13 12 13 9 14 5 17 13 17 3 2 7 2 11 2 15 2 2 3 12 3 14 3 16 3 6 15 8 15 10 15 12 15 7 16 11 16
> BAT3 4 3 6 3 8 3 10 3 3 4 15 4 9 6 8 9 10 9 9 12
< RES 1637333039 32 4
< THROW XU 2
> REQ 1637333039 33 4
> VAMPIRE 1 15 15 3 0 2 0
> VAMPIRE 3 5 5 3 0 2 0
> VAMPIRE 4 13 5 3 0 2 0
> VAMPIRE 2 3 13 3 0 2 0
> GRENADE 1 11 15 4 2
> GRENADE 4 11 5 4 2
> GRENADE 2 3 11 4 2
> GRENADE 3 3 5 5 2
> BAT1 5 7 9 7 13 7 7 8 11 8 1 9 3 9 5 9 13 9 15 9 17 9 7 10 11 10 5 11 9 11 13 11 1 13 17 13 9 17 11 4 10 5 12 5 11 6 3 10 15 10 2 11 4 11 14 11 16 11 3 12 15 12 7 14 11 14
> BAT2 9 4 3 6 15 6 2 7 4 7 14 7 16 7 3 8 15 8 6 9 12 9 7 12 11 12 6 13 8 13 10 13 12 13 9 14 5 17 13 17 3 2 7 2 11 2 15 2 2 3 12 3 14 3 16 3 6 15 8 15 10 15 12 15 7 16 11 16
> BAT3 4 3 6 3 8 3 10 3 3 4 15 4 9 6 8 9 10 9 9 12
< RES 1637333039 33 4
> REQ 1637333039 34 4
> VAMPIRE 1 15 15 3 0 2 0
> VAMPIRE 3 7 5 3 0 2 0
> VAMPIRE 4 13 5 3 0 2 0
> VAMPIRE 2 3 15 3 0 2 0
> GRENADE 1 11 15 3 2
> GRENADE 4 11 5 3 2
> GRENADE 2 3 11 3 2
> GRENADE 3 3 5 4 2
> BAT1 5 7 9 7 13 7 7 8 11 8 1 9 3 9 5 9 13 9 15 9 17 9 7 10 11 10 5 11 9 11 13 11 1 13 17 13 9 17 11 4 10 5 12 5 11 6 3 10 15 10 2 11 4 11 14 11 16 11 3 12 15 12 7 14 11 14
> BAT2 9 4 3 6 15 6 2 7 4 7 14 7 16 7 3 8 15 8 6 9 12 9 7 12 11 12 6 13 8 13 10 13 12 13 9 14 5 17 13 17 3 2 7 2 11 2 15 2 2 3 12 3 14 3 16 3 6 15 8 15 10 15 12 15 7 16 11 16
> BAT3 4 3 6 3 8 3 10 3 3 4 15 4 9 6 8 9 10 9 9 12
< RES 1637333039 34 4
> REQ 1637333039 35 4
> VAMPIRE 1 15 15 3 0 2 0
> VAMPIRE 3 7 5 3 0 2 0
> VAMPIRE 4 13 5 3 0 2 0
> VAMPIRE 2 3 15 3 0 2 0
> GRENADE 1 11 15 2 2
> GRENADE 4 11 5 2 2
> GRENADE 2 3 11 2 2
> GRENADE 3 3 5 3 2
> BAT1 5 7 9 7 13 7 7 8 11 8 1 9 3 9 5 9 13 9 15 9 17 9 7 10 11 10 5 11 9 11 13 11 1 13 17 13 9 17 11 4 10 5 12 5 11 6 3 10 15 10 2 11 4 11 14 11 16 11 3 12 15 12 7 14 11 14
> BAT2 9 4 3 6 15 6 2 7 4 7 14 7 16 7 3 8 15 8 6 9 12 9 7 12 11 12 6 13 8 13 10 13 12 13 9 14 5 17 13 17 3 2 7 2 11 2 15 2 2 3 12 3 14 3 16 3 6 15 8 15 10 15 12 15 7 16 11 16
> BAT3 4 3 6 3 8 3 10 3 3 4 15 4 9 6 8 9 10 9 9 12
< RES 1637333039 35 4
< MOVE D D
> REQ 1637333039 36 4
> VAMPIRE 1 13 15 3 0 2 0
> VAMPIRE 3 7 5 3 0 2 0
> VAMPIRE 4 15 5 3 0 2 0
> VAMPIRE 2 5 15 3 0 2 0
> GRENADE 1 11 15 1 2
> GRENADE 4 11 5 1 2
> GRENADE 2 3 11 1 2
> GRENADE 3 3 5 2 2
> BAT1 5 7 9 7 13 7 7 8 11 8 1 9 3 9 5 9 13 9 15 9 17 9 7 10 11 10 5 11 9 11 13 11 1 13 17 13 9 17 11 4 10 5 12 5 11 6 3 10 15 10 2 11 4 11 14 11 16 11 3 12 15 12 7 14 11 14
> BAT2 9 4 3 6 15 6 2 7 4 7 14 7 16 7 3 8 15 8 6 9 12 9 7 12 11 12 6 13 8 13 10 13 12 13 9 14 5 17 13 17 3 2 7 2 11 2 15 2 2 3 12 3 14 3 16 3 6 15 8 15 10 15 12 15 7 16 11 16
> BAT3 4 3 6 3 8 3 10 3 3 4 15 4 9 6 8 9 10 9 9 12
< RES 1637333039 36 4
> REQ 1637333039 37 4
> VAMPIRE 1 13 15 3 1 2 0
> VAMPIRE 3 7 7 3 0 2 0
> VAMPIRE 4 15 5 3 1 2 0
> VAMPIRE 2 5 13 3 1 2 0
> GRENADE 3 3 5 1 2
> BAT1 5 7 9 7 13 7 7 8 11 8 1 9 3 9 5 9 13 9 15 9 17 9 7 10 11 10 5 11 9 11 13 11 1 13 17 13 9 17 15 10 14 11 16 11 15 12 7 14 10 15 12 15 11 16
> BAT2 9 4 3 6 15 6 2 7 4 7 14 7 16 7 3 8 15 8 6 9 12 9 7 12 11 12 6 13 8 13 10 13 12 13 9 14 5 17 13 17 3 2 7 2 11 2 15 2 2 3 12 3 14 3 16 3 6 15 8 15 7 16
> BAT3 4 3 6 3 8 3 10 3 3 4 15 4 9 6 8 9 10 9 9 12
< RES 1637333039 37 4
< GRENADE
< MOVE U U
> REQ 1637333039 38 4
> VAMPIRE 1 13 15 3 0 2 0
> VAMPIRE 3 7 7 3 1 2 0
> VAMPIRE 4 13 5 3 0 2 0
> VAMPIRE 2 5 13 3 0 2 0
> GRENADE 1 13 15 5 2
> GRENADE 4 15 5 5 2
> GRENADE 2 5 13 5 2
> BAT1 5 7 9 7 13 7 7 8 11 8 1 9 3 9 5 9 13 9 15 9 17 9 7 10 11 10 5 11 9 11 13 11 1 13 17 13 9 17 3 6 15 10 14 11 16 11 15 12 7 14 10 15 12 15 11 16
> BAT2 9 4 15 6 2 7 4 7 14 7 16 7 3 8 15 8 6 9 12 9 7 12 11 12 6 13 8 13 10 13 12 13 9 14 5 17 13 17 3 2 7 2 11 2 15 2 2 3 12 3 14 3 16 3 3 4 6 15 8 15 7 16
> BAT3 4 3 6 3 8 3 10 3 15 4 9 6 8 9 10 9 9 12
< RES 1637333039 38 4
< MOVE U U
> REQ 1637333039 39 4
> VAMPIRE 1 15 15 3 0 2 0
> VAMPIRE 3 7 7 3 0 2 0
> VAMPIRE 4 11 5 3 0 2 0
> VAMPIRE 2 5 13 3 0 2 0
> GRENADE 1 11 15 4 2
> GRENADE 4 15 5 4 2
> GRENADE 2 7 13 4 2
> GRENADE 3 7 7 5 2
> BAT1 5 7 9 7 13 7 7 8 11 8 1 9 3 9 5 9 13 9 15 9 17 9 7 10 11 10 5 11 9 11 13 11 1 13 17 13 9 17 3 6 15 10 14 11 16 11 15 12 7 14 10 15 12 15 11 16
> BAT2 9 4 15 6 2 7 4 7 14 7 16 7 3 8 15 8 6 9 12 9 7 12 11 12 6 13 8 13 10 13 12 13 9 14 5 17 13 17 3 2 7 2 11 2 15 2 2 3 12 3 14 3 16 3 3 4 6 15 8 15 7 16
> BAT3 4 3 6 3 8 3 10 3 15 4 9 6 8 9 10 9 9 12
< RES 1637333039 39 4
> REQ 1637333039 40 4
> VAMPIRE 1 15 15 3 0 2 0
> VAMPIRE 3 7 7 3 0 2 0
> VAMPIRE 4 11 5 3 0 2 0
> VAMPIRE 2 3 13 3 0 2 0
> GRENADE 1 11 15 3 2
> GRENADE 4 15 5 3 2
> GRENADE 2 7 13 3 2
> GRENADE 3 7 9 4 2
> BAT1 5 7 9 7 13 7 7 8 11 8 1 9 3 9 5 9 13 9 15 9 17 9 7 10 11 10 5 11 9 11 13 11 1 13 17 13 9 17 3 6 15 10 14 11 16 11 15 12 7 14 10 15 12 15 11 16
> BAT2 9 4 15 6 2 7 4 7 14 7 16 7 3 8 15 8 6 9 12 9 7 12 11 12 6 13 8 13 10 13 12 13 9 14 5 17 13 17 3 2 7 2 11 2 15 2 2 3 12 3 14 3 16 3 3 4 6 15 8 15 7 16
> BAT3 4 3 6 3 8 3 10 3 15 4 9 6 8 9 10 9 9 12
< RES 1637333039 40 4
> REQ 1637333039 41 4
> VAMPIRE 1 13 15 3 0 2 0
> VAMPIRE 3 7 7 3 0 2 0
> VAMPIRE 4 11 5 3 0 2 0
> VAMPIRE 2 3 13 3 0 2 0
> GRENADE 1 11 15 2 2
> GRENADE 4 15 5 2 2
> GRENADE 2 7 13 2 2
> GRENADE 3 7 9 3 2
> BAT1 5 7 9 7 13 7 7 8 11 8 1 9 3 9 5 9 13 9 15 9 17 9 7 10 11 10 5 11 9 11 13 11 1 13 17 13 9 17 3 6 15 10 14 11 16 11 15 12 7 14 10 15 12 15 11 16
> BAT2 9 4 15 6 2 7 4 7 14 7 16 7 3 8 15 8 6 9 12 9 7 12 11 12 6 13 8 13 10 13 12 13 9 14 5 17 13 17 3 2 7 2 11 2 15 2 2 3 12 3 14 3 16 3 3 4 6 15 8 15 7 16
> BAT3 4 3 6 3 8 3 10 3 15 4 9 6 8 9 10 9 9 12
< RES 1637333039 41 4
< MOVE R R
> REQ 1637333039 42 4
> VAMPIRE 1 13 13 3 0 2 0
> VAMPIRE 3 7 5 3 0 2 0
> VAMPIRE 4 11 7 3 0 2 0
> VAMPIRE 2 3 11 3 0 2 0
> GRENADE 1 11 15 1 2
> GRENADE 4 15 5 1 2
> GRENADE 2 7 13 1 2
> GRENADE 3 7 9 2 2
> BAT1 5 7 9 7 13 7 7 8 11 8 1 9 3 9 5 9 13 9 15 9 17 9 7 10 11 10 5 11 9 11 13 11 1 13 17 13 9 17 3 6 15 10 14 11 16 11 15 12 7 14 10 15 12 15 11 16
> BAT2 9 4 15 6 2 7 4 7 14 7 16 7 3 8 15 8 6 9 12 9 7 12 11 12 6 13 8 13 10 13 12 13 9 14 5 17 13 17 3 2 7 2 11 2 15 2 2 3 12 3 14 3 16 3 3 4 6 15 8 15 7 16
> BAT3 4 3 6 3 8 3 10 3 15 4 9 6 8 9 10 9 9 12
< RES 1637333039 42 4
> REQ 1637333039 43 4
> VAMPIRE 1 15 13 3 1 2 0
> VAMPIRE 3 5 5 3 0 2 0
> VAMPIRE 4 11 7 3 1 2 0
> VAMPIRE 2 3 10 3 1 2 0
> GRENADE 3 7 9 1 2
> BAT1 5 7 9 7 13 7 7 8 11 8 1 9 3 9 5 9 13 9 15 9 17 9 7 10 11 10 5 11 9 11 13 11 1 13 17 13 9 17 3 6 15 6 15 10 14 11 16 11 7 12 15 12 6 13 8 13
> BAT2 9 4 2 7 4 7 14 7 16 7 3 8 15 8 6 9 12 9 11 12 10 13 12 13 9 14 5 17 13 17 3 2 7 2 11 2 15 2 2 3 12 3 14 3 16 3 3 4 15 4 6 15 8 15 7 16
> BAT3 4 3 6 3 8 3 10 3 9 6 8 9 10 9 9 12
< RES 1637333039 43 4
< GRENADE
> REQ 1637333039 44 4
> VAMPIRE 1 15 13 3 0 2 0
> VAMPIRE 3 5 3 3 1 2 0
> VAMPIRE 4 11 7 3 0 2 0
> VAMPIRE 2 3 10 3 0 2 0
> GRENADE 1 15 13 5 2
> GRENADE 4 11 7 5 2
> GRENADE 2 3 10 5 2
> BAT1 5 7 9 7 13 7 11 8 1 9 3 9 5 9 13 9 15 9 17 9 11 10 5 11 9 11 13 11 1 13 17 13 9 17 3 6 15 6 6 9 15 10 14 11 16 11 7 12 15 12 6 13 8 13
> BAT2 9 4 2 7 4 7 14 7 16 7 3 8 15 8 12 9 11 12 10 13 12 13 9 14 5 17 13 17 3 2 7 2 11 2 15 2 2 3 12 3 14 3 16 3 3 4 15 4 8 9 6 15 8 15 7 16
> BAT3 4 3 6 3 8 3 10 3 9 6 10 9 9 12
< RES 1637333039 44 4
< THROW XR 2
< MOVE L L
> REQ 1637333039 45 4
> VAMPIRE 1 15 15 3 0 2 0
> VAMPIRE 3 5 5 3 0 2 0
> VAMPIRE 4 11 5 3 0 2 0
> VAMPIRE 2 3 10 3 0 2 0
> GRENADE 1 15 11 4 2
> GRENADE 4 11 9 4 2
> GRENADE 2 3 7 4 2
> GRENADE 3 5 3 5 2
> BAT1 5 7 9 7 13 7 11 8 1 9 3 9 5 9 13 9 15 9 17 9 11 10 5 11 9 11 13 11 1 13 17 13 9 17 3 6 15 6 6 9 15 10 14 11 16 11 7 12 15 12 6 13 8 13
> BAT2 9 4 2 7 4 7 14 7 16 7 3 8 15 8 12 9 11 12 10 13 12 13 9 14 5 17 13 17 3 2 7 2 11 2 15 2 2 3 12 3 14 3 16 3 3 4 15 4 8 9 6 15 8 15 7 16
> BAT3 4 3 6 3 8 3 10 3 9 6 10 9 9 12
< RES 1637333039 45 4
< MOVE D D
> REQ 1637333039 46 4
> VAMPIRE 1 13 15 3 0 2 0
> VAMPIRE 3 6 5 3 0 2 0
> VAMPIRE 4 13 5 3 0 2 0
> VAMPIRE 2 3 11 3 0 2 0
> GRENADE 1 15 11 3 2
> GRENADE 4 11 9 3 2
> GRENADE 2 3 7 3 2
> GRENADE 3 5 3 4 2
> BAT1 5 7 9 7 13 7 11 8 1 9 3 9 5 9 13 9 15 9 17 9 11 10 5 11 9 11 13 11 1 13 17 13 9 17 3 6 15 6 6 9 15 10 14 11 16 11 7 12 15 12 6 13 8 13
> BAT2 9 4 2 7 4 7 14 7 16 7 3 8 15 8 12 9 11 12 10 13 12 13 9 14 5 17 13 17 3 2 7 2 11 2 15 2 2 3 12 3 14 3 16 3 3 4 15 4 8 9 6 15 8 15 7 16
> BAT3 4 3 6 3 8 3 10 3 9 6 10 9 9 12
< RES 1637333039 46 4
> REQ 1637333039 47 4
> VAMPIRE 1 13 15 3 0 2 0
> VAMPIRE 3 7 5 3 0 2 0
> VAMPIRE 4 13 5 3 0 2 0
> VAMPIRE 2 3 11 3 0 2 0
> GRENADE 1 15 11 2 2
> GRENADE 4 11 9 2 2
> GRENADE 2 3 7 2 2
> GRENADE 3 5 3 3 2
> BAT1 5 7 9 7 13 7 11 8 1 9 3 9 5 9 13 9 15 9 17 9 11 10 5 11 9 11 13 11 1 13 17 13 9 17 3 6 15 6 6 9 15 10 14 11 16 11 7 12 15 12 6 13 8 13
> BAT2 9 4 2 7 4 7 14 7 16 7 3 8 15 8 12 9 11 12 10 13 12 13 9 14 5 17 13 17 3 2 7 2 11 2 15 2 2 3 12 3 14 3 16 3 3 4 15 4 8 9 6 15 8 15 7 16
> BAT3 4 3 6 3 8 3 10 3 9 6 10 9 9 12
< RES 1637333039 47 4
< MOVE U U
> REQ 1637333039 48 4
> VAMPIRE 1 11 15 3 0 2 0
> VAMPIRE 3 7 7 3 0 2 0
> VAMPIRE 4 11 5 3 0 2 0
> VAMPIRE 2 1 11 3 0 2 0
> GRENADE 1 15 11 1 2
> GRENADE 4 11 9 1 2
> GRENADE 2 3 7 1 2
> GRENADE 3 5 3 2 2
> BAT1 5 7 9 7 13 7 11 8 1 9 3 9 5 9 13 9 15 9 17 9 11 10 5 11 9 11 13 11 1 13 17 13 9 17 3 6 15 6 6 9 15 10 14 11 16 11 7 12 15 12 6 13 8 13
> BAT2 9 4 2 7 4 7 14 7 16 7 3 8 15 8 12 9 11 12 10 13 12 13 9 14 5 17 13 17 3 2 7 2 11 2 15 2 2 3 12 3 14 3 16 3 3 4 15 4 8 9 6 15 8 15 7 16
> BAT3 4 3 6 3 8 3 10 3 9 6 10 9 9 12
< RES 1637333039 48 4
< MOVE L L
> REQ 1637333039 49 4
> VAMPIRE 1 9 15 3 1 2 0
> VAMPIRE 3 7 5 3 0 2 0
> VAMPIRE 4 11 3 3 1 2 0
> VAMPIRE 2 1 10 3 1 2 0
> GRENADE 3 5 3 1 2
> BAT1 5 7 9 7 13 7 1 9 3 9 5 9 13 9 15 9 17 9 5 11 9 11 13 11 1 13 17 13 9 17 15 6 2 7 4 7 3 8 6 9 12 9 7 12 6 13 8 13
> BAT2 9 4 14 7 16 7 15 8 11 12 10 13 12 13 9 14 5 17 13 17 3 2 7 2 11 2 15 2 2 3 12 3 14 3 16 3 3 4 15 4 8 9 10 9 6 15 8 15 7 16
> BAT3 4 3 6 3 8 3 10 3 9 6 9 12
< RES 1637333039 49 4
< GRENADE
< MOVE R R
> REQ 1637333039 50 4
> VAMPIRE 1 9 15 3 0 2 0
> VAMPIRE 3 7 3 3 1 2 0
> VAMPIRE 4 11 5 3 0 2 0
> VAMPIRE 2 2 11 3 0 2 0
> GRENADE 1 9 15 5 2
> GRENADE 4 11 3 5 2
> GRENADE 2 1 10 5 2
> BAT1 5 7 9 7 13 7 1 9 3 9 5 9 13 9 15 9 17 9 5 11 9 11 13 11 1 13 17 13 9 17 15 6 2 7 4 7 3 8 6 9 12 9 7 12 6 13 8 13
> BAT2 9 4 14 7 16 7 15 8 11 12 10 13 12 13 9 14 5 17 13 17 3 2 7 2 11 2 15 2 2 3 4 3 6 3 12 3 14 3 16 3 3 4 15 4 8 9 10 9 6 15 8 15 7 16
> BAT3 8 3 10 3 9 6 9 12
< RES 1637333039 50 4
< MOVE D D
> REQ 1637333039 51 4
> VAMPIRE 1 11 15 3 0 2 0
> VAMPIRE 3 7 5 3 0 2 0
> VAMPIRE 4 13 5 3 0 2 0
> VAMPIRE 2 1 11 3 0 2 0
> GRENADE 1 9 13 4 2
> GRENADE 4 11 3 4 2
> GRENADE 2 1 10 4 2
> GRENADE 3 7 3 5 2
> BAT1 5 7 9 7 13 7 1 9 3 9 5 9 13 9 15 9 17 9 5 11 9 11 13 11 1 13 17 13 9 17 15 6 2 7 4 7 3 8 6 9 12 9 7 12 6 13 8 13
> BAT2 9 4 14 7 16 7 15 8 11 12 10 13 12 13 9 14 5 17 13 17 3 2 7 2 11 2 15 2 2 3 4 3 6 3 12 3 14 3 16 3 3 4 15 4 8 9 10 9 6 15 8 15 7 16
> BAT3 8 3 10 3 9 6 9 12
< RES 1637333039 51 4
> REQ 1637333039 52 4
> VAMPIRE 1 13 15 3 0 2 0
> VAMPIRE 3 5 5 3 0 2 0
> VAMPIRE 4 13 5 3 0 2 0
> VAMPIRE 2 3 11 3 0 2 0
> GRENADE 1 9 13 3 2
> GRENADE 4 11 3 3 2
> GRENADE 2 1 7 3 2
> GRENADE 3 7 3 4 2
> BAT1 5 7 9 7 13 7 1 9 3 9 5 9 13 9 15 9 17 9 5 11 9 11 13 11 1 13 17 13 9 17 15 6 2 7 4 7 3 8 6 9 12 9 7 12 6 13 8 13
> BAT2 9 4 14 7 16 7 15 8 11 12 10 13 12 13 9 14 5 17 13 17 3 2 7 2 11 2 15 2 2 3 4 3 6 3 12 3 14 3 16 3 3 4 15 4 8 9 10 9 6 15 8 15 7 16
> BAT3 8 3 10 3 9 6 9 12
< RES 1637333039 52 4
> REQ 1637333039 53 4
> VAMPIRE 1 13 15 3 0 2 0
> VAMPIRE 3 5 5 3 0 2 0
> VAMPIRE 4 13 5 3 0 2 0
> VAMPIRE 2 3 11 3 0 2 0
> GRENADE 1 9 13 2 2
> GRENADE 4 11 3 2 2
> GRENADE 2 1 7 2 2
> GRENADE 3 7 3 3 2
> BAT1 5 7 9 7 13 7 1 9 3 9 5 9 13 9 15 9 17 9 5 11 9 11 13 11 1 13 17 13 9 17 15 6 2 7 4 7 3 8 6 9 12 9 7 12 6 13 8 13
> BAT2 9 4 14 7 16 7 15 8 11 12 10 13 12 13 9 14 5 17 13 17 3 2 7 2 11 2 15 2 2 3 4 3 6 3 12 3 14 3 16 3 3 4 15 4 8 9 10 9 6 15 8 15 7 16
> BAT3 8 3 10 3 9 6 9 12
< RES 1637333039 53 4
> REQ 1637333039 54 4
> VAMPIRE 1 11 15 3 0 2 0
> VAMPIRE 3 5 5 3 0 2 0
> VAMPIRE 4 13 5 3 0 2 0
> VAMPIRE 2 3 11 3 0 2 0
> GRENADE 1 9 13 1 2
> GRENADE 4 11 3 1 2
> GRENADE 2 1 7 1 2
> GRENADE 3 7 3 2 2
> BAT1 5 7 9 7 13 7 1 9 3 9 5 9 13 9 15 9 17 9 5 11 9 11 13 11 1 13 17 13 9 17 15 6 2 7 4 7 3 8 6 9 12 9 7 12 6 13 8 13
> BAT2 9 4 14 7 16 7 15 8 11 12 10 13 12 13 9 14 5 17 13 17 3 2 7 2 11 2 15 2 2 3 4 3 6 3 12 3 14 3 16 3 3 4 15 4 8 9 10 9 6 15 8 15 7 16
> BAT3 8 3 10 3 9 6 9 12
< RES 1637333039 54 4
< MOVE D D
> REQ 1637333039 55 4
> VAMPIRE 1 9 15 3 1 2 0
> VAMPIRE 3 3 5 3 0 2 0
> VAMPIRE 4 15 5 3 1 2 0
> VAMPIRE 2 4 11 3 1 2 0
> GRENADE 3 7 3 1 2
> BAT1 5 7 9 7 13 7 3 9 5 9 13 9 15 9 17 9 5 11 9 11 13 11 1 13 17 13 9 17 15 6 4 7 3 8 6 9 12 9 7 12 6 13 10 13 9 14 11 2 12 3
> BAT2 9 4 14 7 16 7 15 8 11 12 12 13 5 17 13 17 3 2 7 2 15 2 2 3 4 3 6 3 10 3 14 3 16 3 3 4 15 4 8 9 10 9 9 12 6 15 8 15 7 16
> BAT3 8 3 9 6
< RES 1637333039 55 4
< GRENADE
< MOVE U U
> REQ 1637333039 56 4
> VAMPIRE 1 11 15 3 0 2 0
> VAMPIRE 3 3 6 3 1 2 0
> VAMPIRE 4 13 5 3 0 2 0
> VAMPIRE 2 4 11 3 0 2 0
> GRENADE 1 9 15 5 2
> GRENADE 4 15 5 5 2
> GRENADE 2 4 11 5 2
> BAT1 5 7 9 7 13 7 3 9 5 9 13 9 15 9 17 9 5 11 9 11 13 11 1 13 17 13 9 17 15 6 4 7 3 8 6 9 12 9 7 12 6 13 10 13 9 14 7 2 11 2 6 3 12 3
> BAT2 9 4 14 7 16 7 15 8 11 12 12 13 5 17 13 17 3 2 15 2 2 3 4 3 8 3 10 3 14 3 16 3 3 4 15 4 8 9 10 9 9 12 6 15 8 15 7 16
> BAT3 9 6
< RES 1637333039 56 4
< MOVE U U
> REQ 1637333039 57 4
> VAMPIRE 1 13 15 3 0 2 0
> VAMPIRE 3 3 6 3 0 2 0
> VAMPIRE 4 11 5 3 0 2 0
> VAMPIRE 2 4 11 3 0 2 0
> GRENADE 1 9 15 4 2
> GRENADE 4 15 5 4 2
> GRENADE 2 7 11 4 2
> GRENADE 3 3 6 5 2
> BAT1 5 7 9 7 13 7 3 9 5 9 13 9 15 9 17 9 5 11 9 11 13 11 1 13 17 13 9 17 15 6 4 7 3 8 6 9 12 9 7 12 6 13 10 13 9 14 7 2 11 2 6 3 12 3
> BAT2 9 4 14 7 16 7 15 8 11 12 12 13 5 17 13 17 3 2 15 2 2 3 4 3 8 3 10 3 14 3 16 3 3 4 15 4 8 9 10 9 9 12 6 15 8 15 7 16
> BAT3 9 6
< RES 1637333039 57 4
< MOVE R R
> REQ 1637333039 58 4
> VAMPIRE 1 13 15 3 0 2 0
> VAMPIRE 3 3 5 3 0 2 0
> VAMPIRE 4 11 7 3 0 2 0
> VAMPIRE 2 3 11 3 0 2 0
> GRENADE 1 9 15 3 2
> GRENADE 4 15 5 3 2
> GRENADE 2 7 11 3 2
> GRENADE 3 3 3 4 2
> BAT1 5 7 9 7 13 7 3 9 5 9 13 9 15 9 17 9 5 11 9 11 13 11 1 13 17 13 9 17 15 6 4 7 3 8 6 9 12 9 7 12 6 13 10 13 9 14 7 2 11 2 6 3 12 3
> BAT2 9 4 14 7 16 7 15 8 11 12 12 13 5 17 13 17 3 2 15 2 2 3 4 3 8 3 10 3 14 3 16 3 3 4 15 4 8 9 10 9 9 12 6 15 8 15 7 16
> BAT3 9 6
< RES 1637333039 58 4
> REQ 1637333039 59 4
> VAMPIRE 1 13 15 3 0 2 0
> VAMPIRE 3 5 5 3 0 2 0
> VAMPIRE 4 11 7 3 0 2 0
> VAMPIRE 2 3 13 3 0 2 0
> GRENADE 1 9 15 2 2
> GRENADE 4 15 5 2 2
> GRENADE 2 7 11 2 2
> GRENADE 3 3 3 3 2
> BAT1 5 7 9 7 13 7 3 9 5 9 13 9 15 9 17 9 5 11 9 11 13 11 1 13 17 13 9 17 15 6 4 7 3 8 6 9 12 9 7 12 6 13 10 13 9 14 7 2 11 2 6 3 12 3
> BAT2 9 4 14 7 16 7 15 8 11 12 12 13 5 17 13 17 3 2 15 2 2 3 4 3 8 3 10 3 14 3 16 3 3 4 15 4 8 9 10 9 9 12 6 15 8 15 7 16
> BAT3 9 6
< RES 1637333039 59 4
< MOVE L L
> REQ 1637333039 60 4
> VAMPIRE 1 13 15 3 0 2 0
> VAMPIRE 3 5 5 3 0 2 0
> VAMPIRE 4 11 5 3 0 2 0
> VAMPIRE 2 5 13 3 0 2 0
> GRENADE 1 9 15 1 2
> GRENADE 4 15 5 1 2
> GRENADE 2 7 11 1 2
> GRENADE 3 3 3 2 2
> BAT1 5 7 9 7 13 7 3 9 5 9 13 9 15 9 17 9 5 11 9 11 13 11 1 13 17 13 9 17 15 6 4 7 3 8 6 9 12 9 7 12 6 13 10 13 9 14 7 2 11 2 6 3 12 3
> BAT2 9 4 14 7 16 7 15 8 11 12 12 13 5 17 13 17 3 2 15 2 2 3 4 3 8 3 10 3 14 3 16 3 3 4 15 4 8 9 10 9 9 12 6 15 8 15 7 16
> BAT3 9 6
< RES 1637333039 60 4
< MOVE L L
> REQ 1637333039 61 4
> VAMPIRE 1 13 13 3 1 2 0
> VAMPIRE 3 7 5 3 0 2 0
> VAMPIRE 4 11 3 3 1 2 0
> VAMPIRE 2 5 15 3 1 2 0
> GRENADE 3 3 3 1 2
> BAT1 5 7 9 7 13 7 3 9 5 9 13 9 15 9 17 9 13 11 1 13 17 13 4 7 3 8 6 9 12 9 6 13 10 13 7 2 11 2 6 3 12 3 15 4 8 15
> BAT2 9 4 14 7 16 7 15 8 11 12 12 13 5 17 13 17 3 2 15 2 2 3 4 3 8 3 10 3 14 3 16 3 3 4 8 9 10 9 9 12 6 15 7 16
> BAT3 9 6
< RES 1637333039 61 4
< GRENADE
< MOVE R R
> REQ 1637333039 62 4
> VAMPIRE 1 13 13 3 0 2 0
> VAMPIRE 3 7 3 3 1 2 0
> VAMPIRE 4 11 5 3 0 2 0
> VAMPIRE 2 5 15 3 0 2 0
> GRENADE 1 13 13 5 2
> GRENADE 4 11 3 5 2
> GRENADE 2 5 15 5 2
> BAT1 5 7 9 7 13 7 3 9 5 9 13 9 15 9 17 9 13 11 1 13 17 13 4 7 3 8 6 9 12 9 6 13 10 13 3 2 7 2 11 2 2 3 4 3 6 3 12 3 3 4 15 4 8 15
> BAT2 9 4 14 7 16 7 15 8 11 12 12 13 5 17 13 17 15 2 8 3 10 3 14 3 16 3 8 9 10 9 9 12 6 15 7 16
> BAT3 9 6
< RES 1637333039 62 4
< MOVE D D
> REQ 1637333039 63 4
> VAMPIRE 1 15 13 3 0 2 0
> VAMPIRE 3 7 5 3 0 2 0
> VAMPIRE 4 13 5 3 0 2 0
> VAMPIRE 2 3 15 3 0 2 0
> GRENADE 1 11 13 4 2
> GRENADE 4 11 3 4 2
> GRENADE 2 7 15 4 2
> GRENADE 3 7 3 5 2
> BAT1 5 7 9 7 13 7 3 9 5 9 13 9 15 9 17 9 13 11 1 13 17 13 4 7 3 8 6 9 12 9 6 13 10 13 3 2 7 2 11 2 2 3 4 3 6 3 12 3 3 4 15 4 8 15
> BAT2 9 4 14 7 16 7 15 8 11 12 12 13 5 17 13 17 15 2 8 3 10 3 14 3 16 3 8 9 10 9 9 12 6 15 7 16
> BAT3 9 6
< RES 1637333039 63 4
> REQ 1637333039 64 4
> VAMPIRE 1 15 13 3 0 2 0
> VAMPIRE 3 5 5 3 0 2 0
> VAMPIRE 4 13 5 3 0 2 0
> VAMPIRE 2 3 13 3 0 2 0
> GRENADE 1 11 13 3 2
> GRENADE 4 11 3 3 2
> GRENADE 2 7 15 3 2
> GRENADE 3 7 3 4 2
> BAT1 5 7 9 7 13 7 3 9 5 9 13 9 15 9 17 9 13 11 1 13 17 13 4 7 3 8 6 9 12 9 6 13 10 13 3 2 7 2 11 2 2 3 4 3 6 3 12 3 3 4 15 4 8 15
> BAT2 9 4 14 7 16 7 15 8 11 12 12 13 5 17 13 17 15 2 8 3 10 3 14 3 16 3 8 9 10 9 9 12 6 15 7 16
> BAT3 9 6
< RES 1637333039 64 4
> REQ 1637333039 65 4
> VAMPIRE 1 15 11 3 0 2 0
> VAMPIRE 3 5 5 3 0 2 0
> VAMPIRE 4 13 5 3 0 2 0
> VAMPIRE 2 3 13 3 0 2 0
> GRENADE 1 11 13 2 2
> GRENADE 4 11 3 2 2
> GRENADE 2 7 15 2 2
> GRENADE 3 7 3 3 2
> BAT1 5 7 9 7 13 7 3 9 5 9 13 9 15 9 17 9 13 11 1 13 17 13 4 7 3 8 6 9 12 9 6 13 10 13 3 2 7 2 11 2 2 3 4 3 6 3 12 3 3 4 15 4 8 15
> BAT2 9 4 14 7 16 7 15 8 11 12 12 13 5 17 13 17 15 2 8 3 10 3 14 3 16 3 8 9 10 9 9 12 6 15 7 16
> BAT3 9 6
< RES 1637333039 65 4
< MOVE D D
> REQ 1637333039 66 4
> VAMPIRE 1 15 11 3 0 2 0
> VAMPIRE 3 5 5 3 0 2 0
> VAMPIRE 4 15 5 3 0 2 0
> VAMPIRE 2 5 13 3 0 2 0
> GRENADE 1 11 13 1 2
> GRENADE 4 11 3 1 2
> GRENADE 2 7 15 1 2
> GRENADE 3 7 3 2 2
> BAT1 5 7 9 7 13 7 3 9 5 9 13 9 15 9 17 9 13 11 1 13 17 13 4 7 3 8 6 9 12 9 6 13 10 13 3 2 7 2 11 2 2 3 4 3 6 3 12 3 3 4 15 4 8 15
> BAT2 9 4 14 7 16 7 15 8 11 12 12 13 5 17 13 17 15 2 8 3 10 3 14 3 16 3 8 9 10 9 9 12 6 15 7 16
> BAT3 9 6
< RES 1637333039 66 4
< MOVE R R
> REQ 1637333039 67 4
> VAMPIRE 1 15 10 3 1 2 0
> VAMPIRE 3 3 5 3 0 2 0
> VAMPIRE 4 15 7 3 1 2 0
> VAMPIRE 2 5 15 3 1 2 0
> GRENADE 3 7 3 1 2
> BAT1 5 7 9 7 13 7 3 9 5 9 13 9 15 9 17 9 13 11 1 13 17 13 4 7 3 8 6 9 12 9 11 12 6 13 12 13 3 2 7 2 2 3 4 3 6 3 10 3 3 4 15 4 6 15 7 16
> BAT2 9 4 14 7 16 7 15 8 5 17 13 17 15 2 8 3 14 3 16 3 8 9 10 9 9 12
> BAT3 9 6
< RES 1637333039 67 4
< GRENADE
< MOVE L L
> REQ 1637333039 68 4
> VAMPIRE 1 15 10 3 0 2 0
> VAMPIRE 3 3 6 3 1 2 0
> VAMPIRE 4 15 5 3 0 2 0
> VAMPIRE 2 3 15 3 0 2 0
> GRENADE 1 15 10 5 2
> GRENADE 4 15 7 5 2
> GRENADE 2 5 15 5 2
> BAT1 5 7 9 7 13 7 3 9 5 9 13 9 15 9 17 9 13 11 1 13 17 13 4 7 3 8 6 9 12 9 11 12 6 13 12 13 3 2 2 3 4 3 8 3 10 3 3 4 15 4 6 15 7 16
> BAT2 9 4 14 7 16 7 15 8 5 17 13 17 15 2 14 3 16 3 8 9 10 9 9 12
> BAT3 9 6
< RES 1637333039 68 4
< MOVE U U
> REQ 1637333039 69 4
> VAMPIRE 1 15 10 3 0 2 0
> VAMPIRE 3 3 6 3 0 2 0
> VAMPIRE 4 13 5 3 0 2 0
> VAMPIRE 2 3 13 3 0 2 0
> GRENADE 1 15 7 4 2
> GRENADE 4 15 7 4 2
> GRENADE 2 5 15 4 2
> GRENADE 3 3 6 5 2
> BAT1 5 7 9 7 13 7 3 9 5 9 13 9 15 9 17 9 13 11 1 13 17 13 4 7 3 8 6 9 12 9 11 12 6 13 12 13 3 2 2 3 4 3 8 3 10 3 3 4 15 4 6 15 7 16
> BAT2 9 4 14 7 16 7 15 8 5 17 13 17 15 2 14 3 16 3 8 9 10 9 9 12
> BAT3 9 6
< RES 1637333039 69 4
> REQ 1637333039 70 4
> VAMPIRE 1 15 11 3 0 2 0
> VAMPIRE 3 3 5 3 0 2 0
> VAMPIRE 4 13 5 3 0 2 0
> VAMPIRE 2 3 13 3 0 2 0
> GRENADE 1 15 7 3 2
> GRENADE 4 15 7 3 2
> GRENADE 2 5 15 3 2
> GRENADE 3 3 3 4 2
> BAT1 5 7 9 7 13 7 3 9 5 9 13 9 15 9 17 9 13 11 1 13 17 13 4 7 3 8 6 9 12 9 11 12 6 13 12 13 3 2 2 3 4 3 8 3 10 3 3 4 15 4 6 15 7 16
> BAT2 9 4 14 7 16 7 15 8 5 17 13 17 15 2 14 3 16 3 8 9 10 9 9 12
> BAT3 9 6
< RES 1637333039 70 4
> REQ 1637333039 71 4
> VAMPIRE 1 15 11 3 0 2 0
> VAMPIRE 3 5 5 3 0 2 0
> VAMPIRE 4 13 5 3 0 2 0
> VAMPIRE 2 3 13 3 0 2 0
> GRENADE 1 15 7 2 2
> GRENADE 4 15 7 2 2
> GRENADE 2 5 15 2 2
> GRENADE 3 3 3 3 2
> BAT1 5 7 9 7 13 7 3 9 5 9 13 9 15 9 17 9 13 11 1 13 17 13 4 7 3 8 6 9 12 9 11 12 6 13 12 13 3 2 2 3 4 3 8 3 10 3 3 4 15 4 6 15 7 16
> BAT2 9 4 14 7 16 7 15 8 5 17 13 17 15 2 14 3 16 3 8 9 10 9 9 12
> BAT3 9 6
< RES 1637333039 71 4
< MOVE D
> REQ 1637333039 72 4
> VAMPIRE 1 15 11 3 0 2 0
> VAMPIRE 3 5 5 3 0 2 0
> VAMPIRE 4 14 5 3 0 2 0
> VAMPIRE 2 3 13 3 0 2 0
> GRENADE 1 15 7 1 2
> GRENADE 4 15 7 1 2
> GRENADE 2 5 15 1 2
> GRENADE 3 3 3 2 2
> BAT1 5 7 9 7 13 7 3 9 5 9 13 9 15 9 17 9 13 11 1 13 17 13 4 7 3 8 6 9 12 9 11 12 6 13 12 13 3 2 2 3 4 3 8 3 10 3 3 4 15 4 6 15 7 16
> BAT2 9 4 14 7 16 7 15 8 5 17 13 17 15 2 14 3 16 3 8 9 10 9 9 12
> BAT3 9 6
< RES 1637333039 72 4
< MOVE D R
> REQ 1637333039 73 4
> VAMPIRE 1 15 11 3 1 2 0
> VAMPIRE 3 7 5 3 0 2 0
> VAMPIRE 4 15 6 3 1 2 0
> VAMPIRE 2 4 13 3 1 2 0
> GRENADE 3 3 3 1 2
> BAT1 5 7 9 7 13 7 3 9 5 9 13 9 15 9 17 9 13 11 1 13 17 13 4 7 14 7 16 7 3 8 15 8 6 9 12 9 11 12 6 13 12 13 5 17 3 2 2 3 4 3 8 3 10 3 3 4 15 4 7 16
> BAT2 9 4 13 17 15 2 14 3 16 3 8 9 10 9 9 12
> BAT3 9 6
< RES 1637333039 73 4
< GRENADE
> REQ 1637333039 74 4
> VAMPIRE 1 15 11 3 0 2 0
> VAMPIRE 3 7 3 3 1 2 0
> VAMPIRE 4 15 6 3 0 2 0
> VAMPIRE 2 5 12 3 0 2 0
> GRENADE 1 15 11 5 2
> GRENADE 4 15 6 5 2
> GRENADE 2 4 13 5 2
> BAT1 5 7 9 7 13 7 3 9 5 9 13 9 15 9 17 9 13 11 1 13 17 13 4 7 14 7 16 7 3 8 15 8 6 9 12 9 11 12 6 13 12 13 5 17 8 3 10 3 15 4 7 16
> BAT2 9 4 13 17 15 2 14 3 16 3 8 9 10 9 9 12
> BAT3 9 6
< RES 1637333039 74 4
< THROW XL 3
< MOVE L
> REQ 1637333039 75 4
> VAMPIRE 1 15 11 3 0 2 0
> VAMPIRE 3 7 3 3 0 2 0
> VAMPIRE 4 15 5 3 0 2 0
> VAMPIRE 2 5 11 3 0 2 0
> GRENADE 1 15 10 4 2
> GRENADE 4 15 3 4 2
> GRENADE 2 4 13 4 2
> GRENADE 3 7 3 5 2
> BAT1 5 7 9 7 13 7 3 9 5 9 13 9 15 9 17 9 13 11 1 13 17 13 4 7 14 7 16 7 3 8 15 8 6 9 12 9 11 12 6 13 12 13 5 17 8 3 10 3 15 4 7 16
> BAT2 9 4 13 17 15 2 14 3 16 3 8 9 10 9 9 12
> BAT3 9 6
< RES 1637333039 75 4
< MOVE U U
> REQ 1637333039 76 4
> VAMPIRE 1 15 11 3 0 2 0
> VAMPIRE 3 5 3 3 0 2 0
> VAMPIRE 4 13 5 3 0 2 0
> VAMPIRE 2 5 11 3 0 2 0
> GRENADE 1 15 7 3 2
> GRENADE 4 15 3 3 2
> GRENADE 2 4 13 3 2
> GRENADE 3 9 3 4 2
> BAT1 5 7 9 7 13 7 3 9 5 9 13 9 15 9 17 9 13 11 1 13 17 13 4 7 14 7 16 7 3 8 15 8 6 9 12 9 11 12 6 13 12 13 5 17 8 3 10 3 15 4 7 16
> BAT2 9 4 13 17 15 2 14 3 16 3 8 9 10 9 9 12
> BAT3 9 6
< RES 1637333039 76 4
> REQ 1637333039 77 4
> VAMPIRE 1 15 11 3 0 2 0
> VAMPIRE 3 5 5 3 0 2 0
> VAMPIRE 4 13 5 3 0 2 0
> VAMPIRE 2 5 11 3 0 2 0
> GRENADE 1 15 7 2 2
> GRENADE 4 15 3 2 2
> GRENADE 2 4 13 2 2
> GRENADE 3 9 3 3 2
> BAT1 5 7 9 7 13 7 3 9 5 9 13 9 15 9 17 9 13 11 1 13 17 13 4 7 14 7 16 7 3 8 15 8 6 9 12 9 11 12 6 13 12 13 5 17 8 3 10 3 15 4 7 16
> BAT2 9 4 13 17 15 2 14 3 16 3 8 9 10 9 9 12
> BAT3 9 6
< RES 1637333039 77 4
< MOVE U U
> REQ 1637333039 78 4
> VAMPIRE 1 15 11 3 0 2 0
> VAMPIRE 3 5 5 3 0 2 0
> VAMPIRE 4 11 5 3 0 2 0
> VAMPIRE 2 7 11 3 0 2 0
> GRENADE 1 15 7 1 2
> GRENADE 4 15 3 1 2
> GRENADE 2 4 13 1 2
> GRENADE 3 9 3 2 2
> BAT1 5 7 9 7 13 7 3 9 5 9 13 9 15 9 17 9 13 11 1 13 17 13 4 7 14 7 16 7 3 8 15 8 6 9 12 9 11 12 6 13 12 13 5 17 8 3 10 3 15 4 7 16
> BAT2 9 4 13 17 15 2 14 3 16 3 8 9 10 9 9 12
> BAT3 9 6
< RES 1637333039 78 4
< MOVE R R
> REQ 1637333039 79 4
> VAMPIRE 1 15 11 3 1 2 0
> VAMPIRE 3 7 5 3 0 2 0
> VAMPIRE 4 11 7 3 1 2 0
> VAMPIRE 2 7 9 3 1 2 0
> GRENADE 3 9 3 1 2
> BAT1 5 7 9 7 13 7 3 9 5 9 13 9 15 9 17 9 13 11 1 13 17 13 4 7 3 8 6 9 12 9 11 12 12 13 5 17 15 2 8 3 10 3 14 3 16 3 7 16
> BAT2 9 4 13 17 8 9 10 9 9 12
> BAT3 9 6
< RES 1637333039 79 4
< GRENADE
< MOVE L L
> REQ 1637333039 80 4
> VAMPIRE 1 15 11 3 0 2 0
> VAMPIRE 3 9 5 3 1 2 0
> VAMPIRE 4 11 5 3 0 2 0
> VAMPIRE 2 7 9 3 0 2 0
> GRENADE 1 15 11 5 2
> GRENADE 4 11 7 5 2
> GRENADE 2 7 9 5 2
> BAT1 5 7 9 7 13 7 3 9 5 9 13 9 15 9 17 9 13 11 1 13 17 13 9 4 4 7 3 8 6 9 12 9 11 12 12 13 5 17 15 2 14 3 16 3 7 16
> BAT2 13 17 8 9 10 9 9 12
> BAT3 9 6
< RES 1637333039 80 4
< MOVE L L
> REQ 1637333039 81 4
> VAMPIRE 1 15 13 3 0 2 0
> VAMPIRE 3 7 5 3 0 2 0
> VAMPIRE 4 11 3 3 0 2 0
> VAMPIRE 2 7 11 3 0 2 0
> GRENADE 1 17 11 4 2
> GRENADE 4 11 7 4 2
> GRENADE 2 9 9 4 2
> GRENADE 3 9 5 5 2
> BAT1 5 7 9 7 13 7 3 9 5 9 13 9 15 9 17 9 13 11 1 13 17 13 9 4 4 7 3 8 6 9 12 9 11 12 12 13 5 17 15 2 14 3 16 3 7 16
> BAT2 13 17 8 9 10 9 9 12
> BAT3 9 6
< RES 1637333039 81 4
> REQ 1637333039 82 4
> VAMPIRE 1 15 13 3 0 2 0
> VAMPIRE 3 5 5 3 0 2 0
> VAMPIRE 4 11 3 3 0 2 0
> VAMPIRE 2 5 11 3 0 2 0
> GRENADE 1 17 11 3 2
> GRENADE 4 11 7 3 2
> GRENADE 2 9 9 3 2
> GRENADE 3 9 5 4 2
> BAT1 5 7 9 7 13 7 3 9 5 9 13 9 15 9 17 9 13 11 1 13 17 13 9 4 4 7 3 8 6 9 12 9 11 12 12 13 5 17 15 2 14 3 16 3 7 16
> BAT2 13 17 8 9 10 9 9 12
> BAT3 9 6
< RES 1637333039 82 4
< MOVE D D
> REQ 1637333039 83 4
> VAMPIRE 1 15 13 3 0 2 0
> VAMPIRE 3 5 5 3 0 2 0
> VAMPIRE 4 13 3 3 0 2 0
> VAMPIRE 2 5 11 3 0 2 0
> GRENADE 1 17 11 2 2
> GRENADE 4 11 7 2 2
> GRENADE 2 9 9 2 2
> GRENADE 3 9 5 3 2
> BAT1 5 7 9 7 13 7 3 9 5 9 13 9 15 9 17 9 13 11 1 13 17 13 9 4 4 7 3 8 6 9 12 9 11 12 12 13 5 17 15 2 14 3 16 3 7 16
> BAT2 13 17 8 9 10 9 9 12
> BAT3 9 6
< RES 1637333039 83 4
< MOVE L L
> REQ 1637333039 84 4
> VAMPIRE 1 15 13 3 0 2 0
> VAMPIRE 3 5 5 3 0 2 0
> VAMPIRE 4 13 1 3 0 2 0
> VAMPIRE 2 7 11 3 0 2 0
> GRENADE 1 17 11 1 2
> GRENADE 4 11 7 1 2
> GRENADE 2 9 9 1 2
> GRENADE 3 9 5 2 2
> BAT1 5 7 9 7 13 7 3 9 5 9 13 9 15 9 17 9 13 11 1 13 17 13 9 4 4 7 3 8 6 9 12 9 11 12 12 13 5 17 15 2 14 3 16 3 7 16
> BAT2 13 17 8 9 10 9 9 12
> BAT3 9 6
< RES 1637333039 84 4
< MOVE R R
> REQ 1637333039 85 4
> VAMPIRE 1 15 11 3 1 2 0
> VAMPIRE 3 3 5 3 0 2 0
> VAMPIRE 4 13 3 3 1 2 0
> VAMPIRE 2 7 9 3 1 2 0
> GRENADE 3 9 5 1 2
> BAT1 5 7 3 9 5 9 13 9 15 9 13 11 1 13 9 4 4 7 3 8 6 9 12 9 11 12 12 13 5 17 15 2 14 3 16 3 8 9 10 9 7 16
> BAT2 13 17 9 12
> BAT3 9 6
< RES 1637333039 85 4
< GRENADE
> REQ 1637333039 86 4
> VAMPIRE 1 15 13 3 0 2 0
> VAMPIRE 3 3 7 3 1 2 0
> VAMPIRE 4 13 3 3 0 2 0
> VAMPIRE 2 7 7 3 0 2 0
> GRENADE 1 15 11 5 2
> GRENADE 4 13 3 5 2
> GRENADE 2 7 9 5 2
> BAT1 5 7 3 9 5 9 13 9 15 9 13 11 1 13 4 7 3 8 6 9 12 9 11 12 12 13 5 17 15 2 14 3 16 3 8 9 10 9 7 16
> BAT2 13 17 9 6 9 12
< RES 1637333039 86 4
< THROW XD 2
< MOVE R R
> REQ 1637333039 87 4
> VAMPIRE 1 15 15 3 0 2 0
> VAMPIRE 3 3 5 3 0 2 0
> VAMPIRE 4 13 5 3 0 2 0
> VAMPIRE 2 7 5 3 0 2 0
> GRENADE 1 15 11 4 2
> GRENADE 4 15 3 4 2
> GRENADE 2 7 9 4 2
> GRENADE 3 3 7 5 2
> BAT1 5 7 3 9 5 9 13 9 15 9 13 11 1 13 4 7 3 8 6 9 12 9 11 12 12 13 5 17 15 2 14 3 16 3 8 9 10 9 7 16
> BAT2 13 17 9 6 9 12
< RES 1637333039 87 4
< MOVE R R
> REQ 1637333039 88 4
> VAMPIRE 1 13 15 3 0 2 0
> VAMPIRE 3 3 3 3 0 2 0
> VAMPIRE 4 13 7 3 0 2 0
> VAMPIRE 2 7 3 3 0 2 0
> GRENADE 1 15 11 3 2
> GRENADE 4 15 3 3 2
> GRENADE 2 7 9 3 2
> GRENADE 3 3 7 4 2
> BAT1 5 7 3 9 5 9 13 9 15 9 13 11 1 13 4 7 3 8 6 9 12 9 11 12 12 13 5 17 15 2 14 3 16 3 8 9 10 9 7 16
> BAT2 13 17 9 6 9 12
< RES 1637333039 88 4
< MOVE D D
> REQ 1637333039 89 4
> VAMPIRE 1 13 15 3 0 2 0
> VAMPIRE 3 1 3 3 0 2 0
> VAMPIRE 4 15 7 3 0 2 0
> VAMPIRE 2 7 5 3 0 2 0
> GRENADE 1 15 11 2 2
> GRENADE 4 15 3 2 2
> GRENADE 2 7 9 2 2
> GRENADE 3 3 7 3 2
> BAT1 5 7 3 9 5 9 13 9 15 9 13 11 1 13 4 7 3 8 6 9 12 9 11 12 12 13 5 17 15 2 14 3 16 3 8 9 10 9 7 16
> BAT2 13 17 9 6 9 12
< RES 1637333039 89 4
< MOVE U U
> REQ 1637333039 90 4
> VAMPIRE 1 11 15 3 0 2 0
> VAMPIRE 3 3 3 3 0 2 0
> VAMPIRE 4 13 7 3 0 2 0
> VAMPIRE 2 9 5 3 0 2 0
> GRENADE 1 15 11 1 2
> GRENADE 4 15 3 1 2
> GRENADE 2 7 9 1 2
> GRENADE 3 3 7 2 2
> BAT1 5 7 3 9 5 9 13 9 15 9 13 11 1 13 4 7 3 8 6 9 12 9 11 12 12 13 5 17 15 2 14 3 16 3 8 9 10 9 7 16
> BAT2 13 17 9 6 9 12
< RES 1637333039 90 4
> REQ 1637333039 91 4
> VAMPIRE 1 11 13 3 1 2 0
> VAMPIRE 3 5 3 3 0 2 0
> VAMPIRE 4 13 7 3 1 2 0
> VAMPIRE 2 9 4 3 1 2 0
> GRENADE 3 3 7 1 2
> BAT1 5 7 3 9 5 9 13 9 1 13 4 7 3 8 12 9 11 12 12 13 5 17 10 9 7 16
> BAT2 13 17 9 6 9 12
< RES 1637333039 91 4
< GRENADE
> REQ 1637333039 92 4
> VAMPIRE 1 11 15 3 0 2 0
> VAMPIRE 3 5 5 3 1 2 0
> VAMPIRE 4 13 7 3 0 2 0
> VAMPIRE 2 8 5 3 0 2 0
> GRENADE 1 11 13 5 2
> GRENADE 4 13 7 5 2
> GRENADE 2 9 4 5 2
> BAT1 5 7 3 9 5 9 13 9 1 13 12 9 11 12 12 13 5 17 10 9 7 16
> BAT2 13 17 9 6 9 12
< RES 1637333039 92 4
< THROW XR 3
> REQ 1637333039 93 4
> VAMPIRE 1 13 15 3 0 2 0
> VAMPIRE 3 3 5 3 0 2 0
> VAMPIRE 4 13 7 3 0 2 0
> VAMPIRE 2 10 5 3 0 2 0
> GRENADE 1 11 13 4 2
> GRENADE 4 13 10 4 2
> GRENADE 2 9 4 4 2
> GRENADE 3 5 5 5 2
> BAT1 5 7 3 9 5 9 13 9 1 13 12 9 11 12 12 13 5 17 10 9 7 16
> BAT2 13 17 9 6 9 12
< RES 1637333039 93 4
> REQ 1637333039 94 4
> VAMPIRE 1 13 15 3 0 2 0
> VAMPIRE 3 3 3 3 0 2 0
> VAMPIRE 4 13 7 3 0 2 0
> VAMPIRE 2 11 5 3 0 2 0
> GRENADE 1 11 13 3 2
> GRENADE 4 13 10 3 2
> GRENADE 2 9 4 3 2
> GRENADE 3 5 5 4 2
> BAT1 5 7 3 9 5 9 13 9 1 13 12 9 11 12 12 13 5 17 10 9 7 16
> BAT2 13 17 9 6 9 12
< RES 1637333039 94 4
> REQ 1637333039 95 4
> VAMPIRE 1 13 15 3 0 2 0
> VAMPIRE 3 4 3 3 0 2 0
> VAMPIRE 4 13 7 3 0 2 0
> VAMPIRE 2 11 3 3 0 2 0
> GRENADE 1 11 13 2 2
> GRENADE 4 13 10 2 2
> GRENADE 2 9 4 2 2
> GRENADE 3 5 5 3 2
> BAT1 5 7 3 9 5 9 13 9 1 13 12 9 11 12 12 13 5 17 10 9 7 16
> BAT2 13 17 9 6 9 12
< RES 1637333039 95 4
< MOVE U U
> REQ 1637333039 96 4
> VAMPIRE 1 13 15 3 0 2 0
> VAMPIRE 3 3 4 3 0 2 0
> VAMPIRE 4 11 7 3 0 2 0
> VAMPIRE 2 11 5 3 0 2 0
> GRENADE 1 11 13 1 2
> GRENADE 4 13 10 1 2
> GRENADE 2 9 4 1 2
> GRENADE 3 5 5 2 2
> BAT1 5 7 3 9 5 9 13 9 1 13 12 9 11 12 12 13 5 17 10 9 7 16
> BAT2 13 17 9 6 9 12
< RES 1637333039 96 4
< MOVE R R
> REQ 1637333039 97 4
> VAMPIRE 1 13 16 3 1 2 0
> VAMPIRE 3 3 3 3 0 2 0
> VAMPIRE 4 11 9 3 1 2 0
> VAMPIRE 2 9 5 3 1 2 0
> GRENADE 3 5 5 1 2
> BAT1 5 7 3 9 5 9 1 13 12 9 5 17 9 6 10 9 7 16
> BAT2 13 17 9 12
< RES 1637333039 97 4
< GRENADE
< MOVE L L
> REQ 1637333039 98 4
> VAMPIRE 1 12 15 3 0 2 0
> VAMPIRE 3 3 5 3 1 2 0
> VAMPIRE 4 11 7 3 0 2 0
> VAMPIRE 2 9 4 3 1 2 0
> GRENADE 1 13 16 5 2
> GRENADE 4 11 9 5 2
> BAT1 3 9 5 9 1 13 12 9 5 17 9 6 10 9 7 16
> BAT2 13 17 9 12
< RES 1637333039 98 4
< MOVE U U
> REQ 1637333039 99 4
> VAMPIRE 1 11 15 3 0 2 0
> VAMPIRE 3 3 7 3 1 2 0
> VAMPIRE 4 9 7 3 0 2 0
> VAMPIRE 2 8 5 3 0 2 0
> GRENADE 1 13 16 4 2
> GRENADE 4 11 9 4 2
> GRENADE 2 9 4 5 2
> BAT1 3 9 5 9 1 13 12 9 5 17 9 6 10 9 7 16
> BAT2 13 17 9 12
< RES 1637333039 99 4
< MOVE R R
> REQ 1637333039 100 4
> VAMPIRE 1 9 15 3 0 2 0
> VAMPIRE 3 3 7 3 0 2 0
> VAMPIRE 4 9 9 3 0 2 0
> VAMPIRE 2 7 5 3 0 2 0
> GRENADE 1 13 16 3 2
> GRENADE 4 11 9 3 2
> GRENADE 2 9 4 4 2
> GRENADE 3 3 7 5 2
> BAT1 3 9 5 9 1 13 12 9 5 17 9 6 10 9 7 16
> BAT2 13 17 9 12
< RES 1637333039 100 4
< MOVE U U
> REQ 1637333039 101 4
> VAMPIRE 1 9 15 3 0 2 0
> VAMPIRE 3 3 7 3 0 2 0
> VAMPIRE 4 7 9 3 0 2 0
> VAMPIRE 2 7 5 3 0 2 0
> GRENADE 1 13 16 2 2
> GRENADE 4 11 9 2 2
> GRENADE 2 9 4 3 2
> GRENADE 3 3 10 4 2
> BAT1 3 9 5 9 1 13 12 9 5 17 9 6 10 9 7 16
> BAT2 13 17 9 12
< RES 1637333039 101 4
> REQ 1637333039 102 4
> VAMPIRE 1 9 17 3 0 2 0
> VAMPIRE 3 3 7 3 0 2 0
> VAMPIRE 4 7 9 3 0 2 0
> VAMPIRE 2 7 5 3 0 2 0
> GRENADE 1 13 16 1 2
> GRENADE 4 11 9 1 2
> GRENADE 2 9 4 2 2
> GRENADE 3 3 10 3 2
> BAT1 3 9 5 9 1 13 12 9 5 17 9 6 10 9 7 16
> BAT2 13 17 9 12
< RES 1637333039 102 4
> REQ 1637333039 103 4
> VAMPIRE 1 7 17 3 1 2 0
> VAMPIRE 3 3 7 3 0 2 0
> VAMPIRE 4 7 9 3 1 2 0
> VAMPIRE 2 5 5 3 0 2 0
> GRENADE 2 9 4 1 2
> GRENADE 3 3 10 2 2
> BAT1 3 9 5 9 1 13 5 17 13 17 9 6 7 16
> BAT2 9 12
< RES 1637333039 103 4
< GRENADE
> REQ 1637333039 104 4
> VAMPIRE 1 9 17 3 0 2 0
> VAMPIRE 3 3 7 3 0 2 0
> VAMPIRE 4 7 9 3 0 2 0
> VAMPIRE 2 5 7 3 1 2 0
> GRENADE 3 3 10 1 2
> GRENADE 1 7 17 5 2
> GRENADE 4 7 9 5 2
> BAT1 3 9 5 9 1 13 5 17 13 17 7 16
> BAT2 9 12
< RES 1637333039 104 4
< THROW XU 3
> REQ 1637333039 105 4
> VAMPIRE 1 9 15 3 0 2 0
> VAMPIRE 3 3 8 3 1 2 0
> VAMPIRE 4 7 9 3 0 2 0
> VAMPIRE 2 5 5 3 0 2 0
> GRENADE 1 7 17 4 2
> GRENADE 4 4 9 4 2
> GRENADE 2 5 7 5 2
> BAT1 5 9 1 13 5 17 13 17 7 16
> BAT2 9 12
< RES 1637333039 105 4
> REQ 1637333039 106 4
> VAMPIRE 1 11 15 3 0 2 0
> VAMPIRE 3 3 9 3 1 2 0
> VAMPIRE 4 7 9 3 0 2 0
> VAMPIRE 2 7 5 3 0 2 0
> GRENADE 1 7 17 3 2
> GRENADE 4 4 9 3 2
> GRENADE 2 5 7 4 2
> BAT1 5 9 1 13 5 17 13 17 7 16
> BAT2 9 12
< RES 1637333039 106 4
> REQ 1637333039 107 4
> VAMPIRE 1 13 15 3 0 2 0
> VAMPIRE 3 3 11 3 0 2 0
> VAMPIRE 4 7 9 3 0 2 0
> VAMPIRE 2 9 5 3 0 2 0
> GRENADE 1 7 17 2 2
> GRENADE 4 4 9 2 2
> GRENADE 2 5 7 3 2
> GRENADE 3 3 9 5 2
> BAT1 5 9 1 13 5 17 13 17 7 16
> BAT2 9 12
< RES 1637333039 107 4
< MOVE D D
> REQ 1637333039 108 4
> VAMPIRE 1 13 15 3 0 2 0
> VAMPIRE 3 1 11 3 0 2 0
> VAMPIRE 4 9 9 3 0 2 0
> VAMPIRE 2 9 5 3 0 2 0
> GRENADE 1 7 17 1 2
> GRENADE 4 4 9 1 2
> GRENADE 2 5 7 2 2
> GRENADE 3 3 9 4 2
> BAT1 5 9 1 13 5 17 13 17 7 16
> BAT2 9 12
< RES 1637333039 108 4
< MOVE R
> REQ 1637333039 109 4
> VAMPIRE 1 13 15 3 1 2 0
> VAMPIRE 3 1 11 3 1 2 0
> VAMPIRE 4 9 10 3 1 2 0
> VAMPIRE 2 7 5 3 0 2 0
> GRENADE 2 5 7 1 2
> BAT1 1 13 13 17
> BAT2 9 12
< RES 1637333039 109 4
< GRENADE
> REQ 1637333039 110 4
> VAMPIRE 1 11 15 3 0 2 0
> VAMPIRE 3 3 11 3 0 2 0
> VAMPIRE 4 9 10 3 0 2 0
> VAMPIRE 2 9 5 3 1 2 0
> GRENADE 1 13 15 5 2
> GRENADE 3 1 11 5 2
> GRENADE 4 9 10 5 2
> BAT1 1 13 13 17
> BAT2 9 12
< RES 1637333039 110 4
< THROW XR 3
< MOVE R
> REQ 1637333039 111 4
> VAMPIRE 1 11 13 3 0 2 0
> VAMPIRE 3 3 13 3 0 2 0
> VAMPIRE 4 9 11 3 0 2 0
> VAMPIRE 2 9 5 3 0 2 0
> GRENADE 1 13 15 4 2
> GRENADE 3 1 11 4 2
> GRENADE 4 9 13 4 2
> GRENADE 2 9 5 5 2
> BAT1 1 13 13 17
> BAT2 9 12
< RES 1637333039 111 4
< MOVE U U
> REQ 1637333039 112 4
> VAMPIRE 1 11 12 3 0 2 0
> VAMPIRE 3 3 13 3 0 2 0
> VAMPIRE 4 7 11 3 0 2 0
> VAMPIRE 2 9 7 3 0 2 0
> GRENADE 1 13 15 3 2
> GRENADE 3 1 11 3 2
> GRENADE 4 9 13 3 2
> GRENADE 2 9 8 4 2
> BAT1 1 13 13 17
> BAT2 9 12
< RES 1637333039 112 4
> REQ 1637333039 113 4
> VAMPIRE 1 11 14 3 0 2 0
> VAMPIRE 3 3 13 3 0 2 0
> VAMPIRE 4 7 11 3 0 2 0
> VAMPIRE 2 9 7 3 0 2 0
> GRENADE 1 13 15 2 2
> GRENADE 3 1 11 2 2
> GRENADE 4 9 13 2 2
> GRENADE 2 9 11 3 2
> BAT1 1 13 13 17
> BAT2 9 12
< RES 1637333039 113 4
< MOVE U U
> REQ 1637333039 114 4
> VAMPIRE 1 11 12 3 0 2 0
> VAMPIRE 3 3 13 3 0 2 0
> VAMPIRE 4 5 11 3 0 2 0
> VAMPIRE 2 9 7 3 0 2 0
> GRENADE 1 13 15 1 2
> GRENADE 3 1 11 1 2
> GRENADE 4 9 13 1 2
> GRENADE 2 9 11 2 2
> BAT1 1 13 13 17
> BAT2 9 12
< RES 1637333039 114 4
> REQ 1637333039 115 4
> VAMPIRE 1 11 13 3 1 2 0
> VAMPIRE 3 3 13 3 1 2 0
> VAMPIRE 4 5 11 3 1 2 0
> VAMPIRE 2 9 7 3 0 2 0
> GRENADE 2 9 11 1 2
> BAT1 9 12
< RES 1637333039 115 4
> REQ 1637333039 116 4
> VAMPIRE 1 11 13 3 1 2 0
> VAMPIRE 3 3 13 3 1 2 0
> VAMPIRE 4 5 11 3 1 2 0
> VAMPIRE 2 9 7 3 1 2 0
< RES 1637333039 116 4
> REQ 1637333039 117 4
> VAMPIRE 1 11 13 3 1 2 0
> VAMPIRE 3 3 13 3 1 2 0
> VAMPIRE 4 5 11 3 1 2 0
> VAMPIRE 2 9 7 3 1 2 0
< RES 1637333039 117 4
> REQ 1637333039 118 4
> VAMPIRE 1 11 13 3 1 2 0
> VAMPIRE 3 3 13 3 1 2 0
> VAMPIRE 4 5 11 3 1 2 0
> VAMPIRE 2 9 7 3 1 2 0
< RES 1637333039 118 4
> REQ 1637333039 119 4
> VAMPIRE 1 11 13 3 1 2 0
> VAMPIRE 3 3 13 3 1 2 0
> VAMPIRE 4 5 11 3 1 2 0
> VAMPIRE 2 9 7 3 1 2 0
< RES 1637333039 119 4
> REQ 1637333039 120 4
> VAMPIRE 1 11 13 3 1 2 0
> VAMPIRE 3 3 13 3 1 2 0
> VAMPIRE 4 5 11 3 1 2 0
> VAMPIRE 2 9 7 3 1 2 0
< RES 1637333039 120 4
> REQ 1637333039 121 4
> VAMPIRE 1 11 13 3 1 2 0
> VAMPIRE 3 3 13 3 1 2 0
> VAMPIRE 4 5 11 3 1 2 0
> VAMPIRE 2 9 7 3 1 2 0
> POWERUP SHOE -9 17 17 5
> POWERUP SHOE -9 1 1 5
< RES 1637333039 121 4
< MOVE U U
> REQ 1637333039 122 4
> VAMPIRE 1 11 15 3 1 2 0
> VAMPIRE 3 1 13 3 1 2 0
> VAMPIRE 4 3 11 3 1 2 0
> VAMPIRE 2 7 7 3 1 2 0
> POWERUP SHOE -8 17 17 5
> POWERUP SHOE -8 1 1 5
< RES 1637333039 122 4
< MOVE U U
> REQ 1637333039 123 4
> VAMPIRE 1 11 17 3 1 2 0
> VAMPIRE 3 1 11 3 1 2 0
> VAMPIRE 4 1 11 3 1 2 0
> VAMPIRE 2 5 7 3 1 2 0
> POWERUP SHOE -7 17 17 5
> POWERUP SHOE -7 1 1 5
< RES 1637333039 123 4
< MOVE L L
> REQ 1637333039 124 4
> VAMPIRE 1 13 17 3 1 2 0
> VAMPIRE 3 1 9 3 1 2 0
> VAMPIRE 4 1 9 3 1 2 0
> VAMPIRE 2 3 7 3 1 2 0
> POWERUP SHOE -6 17 17 5
> POWERUP SHOE -6 1 1 5
< RES 1637333039 124 4
< MOVE L L
> REQ 1637333039 125 4
> VAMPIRE 1 15 17 3 1 2 0
> VAMPIRE 3 1 7 3 1 2 0
> VAMPIRE 4 1 7 3 1 2 0
> VAMPIRE 2 1 7 3 1 2 0
> POWERUP SHOE -5 17 17 5
> POWERUP SHOE -5 1 1 5
< RES 1637333039 125 4
< MOVE L L
> REQ 1637333039 126 4
> VAMPIRE 1 17 17 3 1 2 0
> VAMPIRE 3 1 5 3 1 2 0
> VAMPIRE 4 1 5 3 1 2 0
> VAMPIRE 2 1 5 3 1 2 0
> POWERUP SHOE -4 17 17 5
> POWERUP SHOE -4 1 1 5
< RES 1637333039 126 4
< MOVE L L
> REQ 1637333039 127 4
> VAMPIRE 1 17 17 3 1 2 0
> VAMPIRE 3 1 3 3 1 2 0
> VAMPIRE 4 1 3 3 1 2 0
> VAMPIRE 2 1 3 3 1 2 0
> POWERUP SHOE -3 17 17 5
> POWERUP SHOE -3 1 1 5
< RES 1637333039 127 4
< MOVE L L
> REQ 1637333039 128 4
> VAMPIRE 1 17 17 3 1 2 0
> VAMPIRE 3 1 1 3 1 2 0
> VAMPIRE 4 1 1 3 1 2 0
> VAMPIRE 2 1 1 3 1 2 0
> POWERUP SHOE -2 17 17 5
> POWERUP SHOE -2 1 1 5
< RES 1637333039 128 4
> REQ 1637333039 129 4
> VAMPIRE 1 17 17 3 1 2 0
> VAMPIRE 3 1 1 3 1 2 0
> VAMPIRE 4 1 1 3 1 2 0
> VAMPIRE 2 1 1 3 1 2 0
> POWERUP SHOE -1 17 17 5
> POWERUP SHOE -1 1 1 5
< RES 1637333039 129 4
> REQ 1637333039 130 4
> VAMPIRE 1 17 17 3 1 2 0
> VAMPIRE 3 1 1 3 1 2 0
> VAMPIRE 4 1 1 3 1 2 0
> VAMPIRE 2 1 1 3 1 2 0
> POWERUP SHOE 12 17 17 5
> POWERUP SHOE 12 1 1 5
< RES 1637333039 130 4
> REQ 1637333039 131 4
> VAMPIRE 1 17 17 3 1 2 0
> VAMPIRE 3 1 1 3 1 2 0
> VAMPIRE 4 1 1 3 1 2 0
> VAMPIRE 2 1 1 3 1 2 0
> POWERUP SHOE 11 17 17 5
> POWERUP SHOE 11 1 1 5
< RES 1637333039 131 4
> REQ 1637333039 132 4
> VAMPIRE 1 17 17 3 1 2 0
> VAMPIRE 3 1 1 3 1 2 0
> VAMPIRE 4 1 1 3 1 2 0
> VAMPIRE 2 1 1 3 1 2 0
> POWERUP SHOE 10 17 17 5
> POWERUP SHOE 10 1 1 5
< RES 1637333039 132 4
> REQ 1637333039 133 4
> VAMPIRE 1 17 17 3 1 2 0
> VAMPIRE 3 1 1 3 1 2 0
> VAMPIRE 4 1 1 3 1 2 0
> VAMPIRE 2 1 1 3 1 2 0
> POWERUP SHOE 9 17 17 5
> POWERUP SHOE 9 1 1 5
< RES 1637333039 133 4
> REQ 1637333039 134 4
> VAMPIRE 1 17 17 3 1 2 38
> VAMPIRE 3 1 1 3 1 2 38
> VAMPIRE 4 1 1 3 1 2 38
> VAMPIRE 2 1 1 3 1 2 38
< RES 1637333039 134 4
< MOVE D D
> REQ 1637333039 135 4
> VAMPIRE 1 15 17 3 1 2 37
> VAMPIRE 3 3 1 3 1 2 37
> VAMPIRE 4 3 1 3 1 2 37
> VAMPIRE 2 3 1 3 1 2 37
< RES 1637333039 135 4
< MOVE R R
> REQ 1637333039 136 4
> VAMPIRE 1 15 15 3 1 2 36
> VAMPIRE 3 3 3 3 1 2 36
> VAMPIRE 4 3 3 3 1 2 36
> VAMPIRE 2 3 3 3 1 2 36
< RES 1637333039 136 4
< MOVE D D
> REQ 1637333039 137 4
> VAMPIRE 1 15 13 3 1 2 35
> VAMPIRE 3 5 3 3 1 2 35
> VAMPIRE 4 5 3 3 1 2 35
> VAMPIRE 2 5 3 3 1 2 35
< RES 1637333039 137 4
< MOVE R R
> REQ 1637333039 138 4
> VAMPIRE 1 13 13 3 1 2 34
> VAMPIRE 3 5 5 3 1 2 34
> VAMPIRE 4 5 5 3 1 2 34
> VAMPIRE 2 5 5 3 1 2 34
< RES 1637333039 138 4
< MOVE D D
> REQ 1637333039 139 4
> VAMPIRE 1 11 13 3 1 2 33
> VAMPIRE 3 7 5 3 1 2 33
> VAMPIRE 4 7 5 3 1 2 33
> VAMPIRE 2 7 5 3 1 2 33
< RES 1637333039 139 4
< MOVE D D
> REQ 1637333039 140 4
> VAMPIRE 1 9 13 3 1 2 32
> VAMPIRE 3 9 5 3 1 2 32
> VAMPIRE 4 9 5 3 1 2 32
> VAMPIRE 2 9 5 3 1 2 32
< RES 1637333039 140 4
< MOVE U U
> REQ 1637333039 141 4
> VAMPIRE 1 9 13 3 1 2 31
> VAMPIRE 3 7 5 3 1 2 31
> VAMPIRE 4 7 5 3 1 2 31
> VAMPIRE 2 7 5 3 1 2 31
< RES 1637333039 141 4
< MOVE D D
> REQ 1637333039 142 4
> VAMPIRE 1 9 13 3 1 2 30
> VAMPIRE 3 9 5 3 1 2 30
> VAMPIRE 4 9 5 3 1 2 30
> VAMPIRE 2 9 5 3 1 2 30
< RES 1637333039 142 4
< MOVE U U
> REQ 1637333039 143 4
> VAMPIRE 1 9 13 3 1 2 29
> VAMPIRE 3 7 5 3 1 2 29
> VAMPIRE 4 7 5 3 1 2 29
> VAMPIRE 2 7 5 3 1 2 29
< RES 1637333039 143 4
< MOVE D D
> REQ 1637333039 144 4
> VAMPIRE 1 9 13 3 1 2 28
> VAMPIRE 3 9 5 3 1 2 28
> VAMPIRE 4 9 5 3 1 2 28
> VAMPIRE 2 9 5 3 1 2 28
> POWERUP GRENADE -5 5 17 4
> POWERUP GRENADE -5 13 1 4
< RES 1637333039 144 4
< MOVE D D D
> REQ 1637333039 145 4
> VAMPIRE 1 6 13 3 1 2 27
> VAMPIRE 3 12 5 3 1 2 27
> VAMPIRE 4 12 5 3 1 2 27
> VAMPIRE 2 12 5 3 1 2 27
> POWERUP GRENADE -4 5 17 4
> POWERUP GRENADE -4 13 1 4
< RES 1637333039 145 4
< GRENADE
< MOVE D L L
> REQ 1637333039 146 4
> VAMPIRE 1 5 15 3 1 2 26
> VAMPIRE 3 13 3 3 0 2 26
> VAMPIRE 4 13 3 3 0 2 26
> VAMPIRE 2 13 3 3 0 2 26
> GRENADE 3 12 5 5 2
> GRENADE 4 12 5 5 2
> GRENADE 2 12 5 5 2
> POWERUP GRENADE -3 5 17 4
> POWERUP GRENADE -3 13 1 4
< RES 1637333039 146 4
< MOVE L L
> REQ 1637333039 147 4
> VAMPIRE 1 5 17 3 1 2 25
> VAMPIRE 3 13 1 3 0 2 25
> VAMPIRE 4 13 1 3 0 2 25
> VAMPIRE 2 13 1 3 0 2 25
> GRENADE 3 12 5 4 2
> GRENADE 4 12 5 4 2
> GRENADE 2 12 5 4 2
> POWERUP GRENADE -2 5 17 4
> POWERUP GRENADE -2 13 1 4
< RES 1637333039 147 4
> REQ 1637333039 148 4
> VAMPIRE 1 5 17 3 1 2 24
> VAMPIRE 3 13 1 3 0 2 24
> VAMPIRE 4 13 1 3 0 2 24
> VAMPIRE 2 13 1 3 0 2 24
> GRENADE 3 12 5 3 2
> GRENADE 4 12 5 3 2
> GRENADE 2 12 5 3 2
> POWERUP GRENADE -1 5 17 4
> POWERUP GRENADE -1 13 1 4
< RES 1637333039 148 4
> REQ 1637333039 149 4
> VAMPIRE 1 5 17 3 1 2 23
> VAMPIRE 3 13 1 3 0 2 23
> VAMPIRE 4 13 1 3 0 2 23
> VAMPIRE 2 13 1 3 0 2 23
> GRENADE 3 12 5 2 2
> GRENADE 4 12 5 2 2
> GRENADE 2 12 5 2 2
> POWERUP GRENADE 18 5 17 4
> POWERUP GRENADE 18 13 1 4
< RES 1637333039 149 4
> REQ 1637333039 150 4
> VAMPIRE 1 5 17 3 1 2 22
> VAMPIRE 3 13 1 3 0 2 22
> VAMPIRE 4 13 1 3 0 2 22
> VAMPIRE 2 13 1 3 0 2 22
> GRENADE 3 12 5 1 2
> GRENADE 4 12 5 1 2
> GRENADE 2 12 5 1 2
> POWERUP GRENADE 17 5 17 4
> POWERUP GRENADE 17 13 1 4
< RES 1637333039 150 4
> REQ 1637333039 151 4
> VAMPIRE 1 5 17 3 1 2 21
> VAMPIRE 3 13 1 3 1 2 21
> VAMPIRE 4 13 1 3 1 2 21
> VAMPIRE 2 13 1 3 1 2 21
> POWERUP GRENADE 16 5 17 4
> POWERUP GRENADE 16 13 1 4
< RES 1637333039 151 4
> REQ 1637333039 152 4
> VAMPIRE 1 5 17 3 2 2 20
> VAMPIRE 3 13 1 3 2 2 20
> VAMPIRE 4 13 1 3 2 2 20
> VAMPIRE 2 13 1 3 2 2 20
< RES 1637333039 152 4
< MOVE R R
> REQ 1637333039 153 4
> VAMPIRE 1 5 15 3 2 2 19
> VAMPIRE 3 13 3 3 2 2 19
> VAMPIRE 4 13 3 3 2 2 19
> VAMPIRE 2 13 3 3 2 2 19
< RES 1637333039 153 4
< MOVE R R
> REQ 1637333039 154 4
> VAMPIRE 1 7 15 3 2 2 18
> VAMPIRE 3 13 5 3 2 2 18
> VAMPIRE 4 13 5 3 2 2 18
> VAMPIRE 2 13 5 3 2 2 18
< RES 1637333039 154 4
< MOVE U U
> REQ 1637333039 155 4
> VAMPIRE 1 7 13 3 2 2 17
> VAMPIRE 3 11 5 3 2 2 17
> VAMPIRE 4 11 5 3 2 2 17
> VAMPIRE 2 11 5 3 2 2 17
< RES 1637333039 155 4
< MOVE U U
> REQ 1637333039 156 4
> VAMPIRE 1 9 13 3 2 2 16
> VAMPIRE 3 9 5 3 2 2 16
> VAMPIRE 4 9 5 3 2 2 16
> VAMPIRE 2 9 5 3 2 2 16
< RES 1637333039 156 4
< MOVE U U
> REQ 1637333039 157 4
> VAMPIRE 1 9 13 3 2 2 15
> VAMPIRE 3 7 5 3 2 2 15
> VAMPIRE 4 7 5 3 2 2 15
> VAMPIRE 2 7 5 3 2 2 15
< RES 1637333039 157 4
< MOVE D D
> REQ 1637333039 158 4
> VAMPIRE 1 9 13 3 2 2 14
> VAMPIRE 3 9 5 3 2 2 14
> VAMPIRE 4 9 5 3 2 2 14
> VAMPIRE 2 9 5 3 2 2 14
< RES 1637333039 158 4
< MOVE U U
> REQ 1637333039 159 4
> VAMPIRE 1 9 13 3 2 2 13
> VAMPIRE 3 7 5 3 2 2 13
> VAMPIRE 4 7 5 3 2 2 13
> VAMPIRE 2 7 5 3 2 2 13
< RES 1637333039 159 4
< MOVE D D
> REQ 1637333039 160 4
> VAMPIRE 1 9 13 3 2 2 12
> VAMPIRE 3 9 5 3 2 2 12
> VAMPIRE 4 9 5 3 2 2 12
> VAMPIRE 2 9 5 3 2 2 12
< RES 1637333039 160 4
< MOVE U U
> REQ 1637333039 161 4
> VAMPIRE 1 9 13 3 2 2 11
> VAMPIRE 3 7 5 3 2 2 11
> VAMPIRE 4 7 5 3 2 2 11
> VAMPIRE 2 7 5 3 2 2 11
< RES 1637333039 161 4
< MOVE D D
> REQ 1637333039 162 4
> VAMPIRE 1 9 13 3 2 2 10
> VAMPIRE 3 9 5 3 2 2 10
> VAMPIRE 4 9 5 3 2 2 10
> VAMPIRE 2 9 5 3 2 2 10
< RES 1637333039 162 4
< MOVE U U
> REQ 1637333039 163 4
> VAMPIRE 1 9 13 3 2 2 9
> VAMPIRE 3 7 5 3 2 2 9
> VAMPIRE 4 7 5 3 2 2 9
> VAMPIRE 2 7 5 3 2 2 9
< RES 1637333039 163 4
< MOVE D D
> REQ 1637333039 164 4
> VAMPIRE 1 9 13 3 2 2 8
> VAMPIRE 3 9 5 3 2 2 8
> VAMPIRE 4 9 5 3 2 2 8
> VAMPIRE 2 9 5 3 2 2 8
< RES 1637333039 164 4
< MOVE U U
> REQ 1637333039 165 4
> VAMPIRE 1 9 13 3 2 2 7
> VAMPIRE 3 7 5 3 2 2 7
> VAMPIRE 4 7 5 3 2 2 7
> VAMPIRE 2 7 5 3 2 2 7
< RES 1637333039 165 4
< MOVE D D
> REQ 1637333039 166 4
> VAMPIRE 1 9 13 3 2 2 6
> VAMPIRE 3 9 5 3 2 2 6
> VAMPIRE 4 9 5 3 2 2 6
> VAMPIRE 2 9 5 3 2 2 6
< RES 1637333039 166 4
< MOVE U U
> REQ 1637333039 167 4
> VAMPIRE 1 9 13 3 2 2 5
> VAMPIRE 3 7 5 3 2 2 5
> VAMPIRE 4 7 5 3 2 2 5
> VAMPIRE 2 7 5 3 2 2 5
< RES 1637333039 167 4
< MOVE D D
> REQ 1637333039 168 4
> VAMPIRE 1 7 13 3 2 2 4
> VAMPIRE 3 9 5 3 2 2 4
> VAMPIRE 4 9 5 3 2 2 4
> VAMPIRE 2 9 5 3 2 2 4
< RES 1637333039 168 4
< MOVE R R
> REQ 1637333039 169 4
> VAMPIRE 1 9 13 3 2 2 3
> VAMPIRE 3 9 7 3 2 2 3
> VAMPIRE 4 9 7 3 2 2 3
> VAMPIRE 2 9 7 3 2 2 3
< RES 1637333039 169 4
< MOVE L L
> REQ 1637333039 170 4
> VAMPIRE 1 9 13 3 2 2 2
> VAMPIRE 3 9 5 3 2 2 2
> VAMPIRE 4 9 5 3 2 2 2
> VAMPIRE 2 9 5 3 2 2 2
< RES 1637333039 170 4
< MOVE R R
> REQ 1637333039 171 4
> VAMPIRE 1 9 11 3 2 2 1
> VAMPIRE 3 9 7 3 2 2 1
> VAMPIRE 4 9 7 3 2 2 1
> VAMPIRE 2 9 7 3 2 2 1
< RES 1637333039 171 4
< MOVE D D
> REQ 1637333039 172 4
> VAMPIRE 1 9 13 3 2 2 0
> VAMPIRE 3 11 7 3 2 2 0
> VAMPIRE 4 11 7 3 2 2 0
> VAMPIRE 2 11 7 3 2 2 0
< RES 1637333039 172 4
< MOVE U U
> REQ 1637333039 173 4
> VAMPIRE 1 9 11 3 2 2 0
> VAMPIRE 3 9 7 3 2 2 0
> VAMPIRE 4 9 7 3 2 2 0
> VAMPIRE 2 9 7 3 2 2 0
> POWERUP BATTERY -8 5 16 5
> POWERUP BATTERY -8 13 2 5
< RES 1637333039 173 4
< MOVE D D
> REQ 1637333039 174 4
> VAMPIRE 1 7 11 3 2 2 0
> VAMPIRE 3 11 7 3 2 2 0
> VAMPIRE 4 11 7 3 2 2 0
> VAMPIRE 2 11 7 3 2 2 0
> POWERUP BATTERY -7 5 16 5
> POWERUP BATTERY -7 13 2 5
< RES 1637333039 174 4
< MOVE D D
> REQ 1637333039 175 4
> VAMPIRE 1 5 11 3 2 2 0
> VAMPIRE 3 13 7 3 2 2 0
> VAMPIRE 4 13 7 3 2 2 0
> VAMPIRE 2 13 7 3 2 2 0
> POWERUP BATTERY -6 5 16 5
> POWERUP BATTERY -6 13 2 5
< RES 1637333039 175 4
< MOVE L L
> REQ 1637333039 176 4
> VAMPIRE 1 5 13 3 2 2 0
> VAMPIRE 3 13 5 3 2 2 0
> VAMPIRE 4 13 5 3 2 2 0
> VAMPIRE 2 13 5 3 2 2 0
> POWERUP BATTERY -5 5 16 5
> POWERUP BATTERY -5 13 2 5
< RES 1637333039 176 4
< MOVE L L
> REQ 1637333039 177 4
> VAMPIRE 1 5 15 3 2 2 0
> VAMPIRE 3 13 3 3 2 2 0
> VAMPIRE 4 13 3 3 2 2 0
> VAMPIRE 2 13 3 3 2 2 0
> POWERUP BATTERY -4 5 16 5
> POWERUP BATTERY -4 13 2 5
< RES 1637333039 177 4
< GRENADE
< MOVE L L
> REQ 1637333039 178 4
> VAMPIRE 1 5 16 3 2 2 0
> VAMPIRE 3 13 1 3 1 2 0
> VAMPIRE 4 13 1 3 1 2 0
> VAMPIRE 2 13 1 3 1 2 0
> GRENADE 3 13 3 5 2
> GRENADE 4 13 3 5 2
> GRENADE 2 13 3 5 2
> POWERUP BATTERY -3 5 16 5
> POWERUP BATTERY -3 13 2 5
< RES 1637333039 178 4
< MOVE R
> REQ 1637333039 179 4
> VAMPIRE 1 5 16 3 2 2 0
> VAMPIRE 3 13 2 3 1 2 0
> VAMPIRE 4 13 2 3 1 2 0
> VAMPIRE 2 13 2 3 1 2 0
> GRENADE 3 13 3 4 2
> GRENADE 4 13 3 4 2
> GRENADE 2 13 3 4 2
> POWERUP BATTERY -2 5 16 5
> POWERUP BATTERY -2 13 2 5
< RES 1637333039 179 4
< MOVE L
> REQ 1637333039 180 4
> VAMPIRE 1 5 16 3 2 2 0
> VAMPIRE 3 13 1 3 1 2 0
> VAMPIRE 4 13 1 3 1 2 0
> VAMPIRE 2 13 1 3 1 2 0
> GRENADE 3 13 3 3 2
> GRENADE 4 13 3 3 2
> GRENADE 2 13 3 3 2
> POWERUP BATTERY -1 5 16 5
> POWERUP BATTERY -1 13 2 5
< RES 1637333039 180 4
< GRENADE
> REQ 1637333039 181 4
> VAMPIRE 1 5 16 3 2 2 0
> VAMPIRE 3 13 1 3 0 2 0
> VAMPIRE 4 13 1 3 0 2 0
> VAMPIRE 2 13 1 3 0 2 0
> GRENADE 3 13 3 2 2
> GRENADE 4 13 3 2 2
> GRENADE 2 13 3 2 2
> GRENADE 3 13 1 5 2
> GRENADE 4 13 1 5 2
> GRENADE 2 13 1 5 2
> POWERUP BATTERY 12 5 16 5
> POWERUP BATTERY 12 13 2 5
< RES 1637333039 181 4
< GRENADE
> REQ 1637333039 182 4
> VAMPIRE 1 5 16 3 2 2 0
> VAMPIRE 3 13 1 3 0 2 0
> VAMPIRE 4 13 1 3 0 2 0
> VAMPIRE 2 13 1 3 0 2 0
> GRENADE 3 13 3 1 2
> GRENADE 4 13 3 1 2
> GRENADE 2 13 3 1 2
> GRENADE 3 13 1 4 2
> GRENADE 4 13 1 4 2
> GRENADE 2 13 1 4 2
> POWERUP BATTERY 11 5 16 5
> POWERUP BATTERY 11 13 2 5
< RES 1637333039 182 4
< THROW XU 3
> REQ 1637333039 183 4
> VAMPIRE 1 5 16 3 2 2 0
> VAMPIRE 3 13 1 2 2 2 0
> VAMPIRE 4 13 1 2 2 2 0
> VAMPIRE 2 12 1 2 2 2 0
> POWERUP BATTERY 10 5 16 5
> POWERUP BATTERY 10 13 2 5
< RES 1637333039 183 4
< GRENADE
< MOVE R R
> REQ 1637333039 184 4
> VAMPIRE 1 5 16 3 2 2 0
> VAMPIRE 3 13 3 2 2 2 0
> VAMPIRE 4 13 3 2 2 2 0
> VAMPIRE 2 11 2 2 2 2 0
> POWERUP BATTERY 9 5 16 5
> POWERUP BATTERY 9 13 2 5
< RES 1637333039 184 4
< GRENADE
< MOVE L L
> REQ 1637333039 185 4
> VAMPIRE 1 5 16 3 2 3 0
> VAMPIRE 3 13 1 2 2 2 0
> VAMPIRE 4 13 1 2 2 2 0
> VAMPIRE 2 12 3 2 2 2 0
> POWERUP BATTERY 8 13 2 5
< RES 1637333039 185 4
< GRENADE
< MOVE R R
> REQ 1637333039 186 4
> VAMPIRE 1 6 15 3 2 3 0
> VAMPIRE 3 13 3 2 1 2 0
> VAMPIRE 4 13 3 2 1 2 0
> VAMPIRE 2 13 2 2 2 2 0
> GRENADE 3 13 1 5 2
> GRENADE 4 13 1 5 2
> POWERUP BATTERY 7 13 2 5
< RES 1637333039 186 4
< GRENADE
> REQ 1637333039 187 4
> VAMPIRE 1 8 15 3 2 3 0
> VAMPIRE 3 13 3 2 0 2 0
> VAMPIRE 4 13 3 2 0 2 0
> VAMPIRE 2 13 2 2 2 2 0
> GRENADE 3 13 1 4 2
> GRENADE 4 13 1 4 2
> GRENADE 3 13 3 5 2
> GRENADE 4 13 3 5 2
> POWERUP BATTERY 6 13 2 5
< RES 1637333039 187 4
> REQ 1637333039 188 4
> VAMPIRE 1 10 15 3 2 3 0
> VAMPIRE 3 13 3 2 0 2 0
> VAMPIRE 4 13 3 2 0 2 0
> VAMPIRE 2 13 2 2 2 2 0
> GRENADE 3 13 1 3 2
> GRENADE 4 13 1 3 2
> GRENADE 3 13 3 4 2
> GRENADE 4 13 3 4 2
> POWERUP BATTERY 5 13 2 5
< RES 1637333039 188 4
< MOVE U U
> REQ 1637333039 189 4
> VAMPIRE 1 12 15 3 2 3 0
> VAMPIRE 3 11 3 2 0 2 0
> VAMPIRE 4 11 3 2 0 2 0
> VAMPIRE 2 13 2 2 2 2 0
> GRENADE 3 13 1 2 2
> GRENADE 4 13 1 2 2
> GRENADE 3 13 3 3 2
> GRENADE 4 13 3 3 2
> POWERUP BATTERY 4 13 2 5
< RES 1637333039 189 4
< MOVE L
> REQ 1637333039 190 4
> VAMPIRE 1 13 14 3 2 3 0
> VAMPIRE 3 11 2 2 0 2 0
> VAMPIRE 4 11 2 2 0 2 0
> VAMPIRE 2 13 2 2 1 2 0
> GRENADE 3 13 1 1 2
> GRENADE 4 13 1 1 2
> GRENADE 3 13 3 2 2
> GRENADE 4 13 3 2 2
> GRENADE 2 13 2 5 2
> POWERUP BATTERY 3 13 2 5
< RES 1637333039 190 4
< MOVE L D
> REQ 1637333039 191 4
> VAMPIRE 1 13 12 3 2 3 0
> VAMPIRE 3 12 1 2 2 2 0
> VAMPIRE 4 12 1 2 2 2 0
> VAMPIRE 2 13 2 1 2 3 0
< RES 1637333039 191 4
< MOVE U
> REQ 1637333039 192 4
> VAMPIRE 1 13 11 3 2 3 0
> VAMPIRE 3 11 1 2 2 2 0
> VAMPIRE 4 11 1 2 2 2 0
> VAMPIRE 2 12 3 1 2 3 0
< RES 1637333039 192 4
< MOVE R R
> REQ 1637333039 193 4
> VAMPIRE 1 11 11 3 2 3 0
> VAMPIRE 3 11 3 2 2 2 0
> VAMPIRE 4 11 3 2 2 2 0
> VAMPIRE 2 13 3 1 2 3 0
< RES 1637333039 193 4
< MOVE R R
> REQ 1637333039 194 4
> VAMPIRE 1 11 9 3 2 3 0
> VAMPIRE 3 11 5 2 2 2 0
> VAMPIRE 4 11 5 2 2 2 0
> VAMPIRE 2 13 5 1 2 3 0
< RES 1637333039 194 4
< MOVE U U
> REQ 1637333039 195 4
> VAMPIRE 1 11 9 3 2 3 0
> VAMPIRE 3 9 5 2 2 2 0
> VAMPIRE 4 9 5 2 2 2 0
> VAMPIRE 2 13 5 1 2 3 0
< RES 1637333039 195 4
< MOVE U U
> REQ 1637333039 196 4
> VAMPIRE 1 11 9 3 2 3 0
> VAMPIRE 3 7 5 2 2 2 0
> VAMPIRE 4 7 5 2 2 2 0
> VAMPIRE 2 11 5 1 2 3 0
< RES 1637333039 196 4
< MOVE R R
> REQ 1637333039 197 4
> VAMPIRE 1 11 11 3 2 3 0
> VAMPIRE 3 7 7 2 2 2 0
> VAMPIRE 4 7 7 2 2 2 0
> VAMPIRE 2 9 5 1 2 3 0
< RES 1637333039 197 4
< MOVE R R
> REQ 1637333039 198 4
> VAMPIRE 1 9 11 3 2 3 0
> VAMPIRE 3 7 9 2 2 2 0
> VAMPIRE 4 7 9 2 2 2 0
> VAMPIRE 2 9 7 1 2 3 0
< RES 1637333039 198 4
< MOVE D D
> REQ 1637333039 199 4
> VAMPIRE 1 9 13 3 2 3 0
> VAMPIRE 3 9 9 2 2 2 0
> VAMPIRE 4 9 9 2 2 2 0
> VAMPIRE 2 9 5 1 2 3 0
< RES 1637333039 199 4
> REQ 1637333039 200 4
> VAMPIRE 1 9 11 3 2 3 0
> VAMPIRE 3 9 9 2 2 2 0
> VAMPIRE 4 9 9 2 2 2 0
> VAMPIRE 2 9 7 1 2 3 0
< RES 1637333039 200 4
> REQ 1637333039 201 4
> VAMPIRE 1 9 13 3 2 3 0
> VAMPIRE 3 9 9 2 2 2 0
> VAMPIRE 4 9 9 2 2 2 0
> VAMPIRE 2 9 5 1 2 3 0
< RES 1637333039 201 4
> REQ 1637333039 202 4
> VAMPIRE 1 9 11 3 2 3 0
> VAMPIRE 3 9 9 2 2 2 0
> VAMPIRE 4 9 9 2 2 2 0
> VAMPIRE 2 9 7 1 2 3 0
> POWERUP SHOE -8 1 14 6
> POWERUP SHOE -8 17 4 6
< RES 1637333039 202 4
< GRENADE
< MOVE U U
> REQ 1637333039 203 4
> VAMPIRE 1 7 11 3 2 3 0
> VAMPIRE 3 7 9 2 1 2 0
> VAMPIRE 4 7 9 2 1 2 0
> VAMPIRE 2 9 5 1 2 3 0
> GRENADE 3 9 9 5 2
> GRENADE 4 9 9 5 2
> POWERUP SHOE -7 1 14 6
> POWERUP SHOE -7 17 4 6
< RES 1637333039 203 4
< GRENADE
< MOVE U U
> REQ 1637333039 204 4
> VAMPIRE 1 5 11 3 2 3 0
> VAMPIRE 3 5 9 2 0 2 0
> VAMPIRE 4 5 9 2 0 2 0
> VAMPIRE 2 9 5 1 2 3 0
> GRENADE 3 9 9 4 2
> GRENADE 4 9 9 4 2
> GRENADE 3 7 9 5 2
> GRENADE 4 7 9 5 2
> POWERUP SHOE -6 1 14 6
> POWERUP SHOE -6 17 4 6
< RES 1637333039 204 4
< MOVE U U
> REQ 1637333039 205 4
> VAMPIRE 1 3 11 3 2 3 0
> VAMPIRE 3 3 9 2 0 2 0
> VAMPIRE 4 3 9 2 0 2 0
> VAMPIRE 2 9 5 1 2 3 0
> GRENADE 3 9 9 3 2
> GRENADE 4 9 9 3 2
> GRENADE 3 7 9 4 2
> GRENADE 4 7 9 4 2
> POWERUP SHOE -5 1 14 6
> POWERUP SHOE -5 17 4 6
< RES 1637333039 205 4
< MOVE U U
> REQ 1637333039 206 4
> VAMPIRE 1 1 11 3 2 3 0
> VAMPIRE 3 1 9 2 0 2 0
> VAMPIRE 4 1 9 2 0 2 0
> VAMPIRE 2 9 5 1 2 3 0
> GRENADE 3 9 9 2 2
> GRENADE 4 9 9 2 2
> GRENADE 3 7 9 3 2
> GRENADE 4 7 9 3 2
> POWERUP SHOE -4 1 14 6
> POWERUP SHOE -4 17 4 6
< RES 1637333039 206 4
< MOVE R R
> REQ 1637333039 207 4
> VAMPIRE 1 1 13 3 2 3 0
> VAMPIRE 3 1 11 2 0 2 0
> VAMPIRE 4 1 11 2 0 2 0
> VAMPIRE 2 11 5 1 2 3 0
> GRENADE 3 9 9 1 2
> GRENADE 4 9 9 1 2
> GRENADE 3 7 9 2 2
> GRENADE 4 7 9 2 2
> POWERUP SHOE -3 1 14 6
> POWERUP SHOE -3 17 4 6
< RES 1637333039 207 4
< MOVE R R
> REQ 1637333039 208 4
> VAMPIRE 1 1 14 3 2 3 0
> VAMPIRE 3 1 13 2 2 2 0
> VAMPIRE 4 1 13 2 2 2 0
> VAMPIRE 2 13 5 1 2 3 0
> POWERUP SHOE -2 1 14 6
> POWERUP SHOE -2 17 4 6
< RES 1637333039 208 4
< GRENADE
< MOVE R R
> REQ 1637333039 209 4
> VAMPIRE 1 1 14 3 1 3 0
> VAMPIRE 3 1 13 2 1 2 0
> VAMPIRE 4 1 13 2 1 2 0
> VAMPIRE 2 15 5 1 2 3 0
> GRENADE 1 1 14 5 3
> GRENADE 3 1 13 5 2
> GRENADE 4 1 13 5 2
> POWERUP SHOE -1 1 14 6
> POWERUP SHOE -1 17 4 6
< RES 1637333039 209 4
< GRENADE
< MOVE D D
> REQ 1637333039 210 4
> VAMPIRE 1 1 15 3 1 3 0
> VAMPIRE 3 3 13 2 0 2 0
> VAMPIRE 4 3 13 2 0 2 0
> VAMPIRE 2 17 5 1 2 3 0
> GRENADE 1 1 11 4 3
> GRENADE 3 1 13 4 2
> GRENADE 4 1 13 4 2
> GRENADE 3 1 13 5 2
> GRENADE 4 1 13 5 2
> POWERUP SHOE 13 1 14 6
> POWERUP SHOE 13 17 4 6
< RES 1637333039 210 4
< MOVE R R
> REQ 1637333039 211 4
> VAMPIRE 1 1 14 3 1 3 0
> VAMPIRE 3 3 15 2 0 2 0
> VAMPIRE 4 3 15 2 0 2 0
> VAMPIRE 2 17 4 1 2 3 0
> GRENADE 1 1 11 3 3
> GRENADE 3 1 13 3 2
> GRENADE 4 1 13 3 2
> GRENADE 3 1 13 4 2
> GRENADE 4 1 13 4 2
> POWERUP SHOE 12 1 14 6
> POWERUP SHOE 12 17 4 6
< RES 1637333039 211 4
> REQ 1637333039 212 4
> VAMPIRE 1 1 14 3 0 3 0
> VAMPIRE 3 3 15 2 0 2 0
> VAMPIRE 4 3 15 2 0 2 0
> VAMPIRE 2 17 4 1 2 3 0
> GRENADE 1 1 11 2 3
> GRENADE 3 1 13 2 2
> GRENADE 4 1 13 2 2
> GRENADE 3 1 13 3 2
> GRENADE 4 1 13 3 2
> GRENADE 1 1 14 5 3
> POWERUP SHOE 11 1 14 6
> POWERUP SHOE 11 17 4 6
< RES 1637333039 212 4
< MOVE D
> REQ 1637333039 213 4
> VAMPIRE 1 2 15 3 0 3 0
> VAMPIRE 3 4 15 2 0 2 0
> VAMPIRE 4 4 15 2 0 2 0
> VAMPIRE 2 17 4 1 2 3 0
> GRENADE 1 1 11 1 3
> GRENADE 3 1 13 1 2
> GRENADE 4 1 13 1 2
> GRENADE 3 1 13 2 2
> GRENADE 4 1 13 2 2
> GRENADE 1 1 11 4 3
> POWERUP SHOE 10 1 14 6
> POWERUP SHOE 10 17 4 6
< RES 1637333039 213 4
< MOVE U U
> REQ 1637333039 214 4
> VAMPIRE 1 3 14 3 2 3 0
> VAMPIRE 3 2 15 2 2 2 0
> VAMPIRE 4 2 15 2 2 2 0
> VAMPIRE 2 17 4 1 2 3 0
> POWERUP SHOE 9 1 14 6
> POWERUP SHOE 9 17 4 6
< RES 1637333039 214 4
< MOVE U L
> REQ 1637333039 215 4
> VAMPIRE 1 2 15 3 2 3 0
> VAMPIRE 3 1 14 2 2 2 0
> VAMPIRE 4 1 14 2 2 2 0
> VAMPIRE 2 17 4 1 2 3 0
> POWERUP SHOE 8 1 14 6
> POWERUP SHOE 8 17 4 6
< RES 1637333039 215 4
> REQ 1637333039 216 4
> VAMPIRE 1 1 14 3 2 3 0
> VAMPIRE 3 1 14 2 2 2 0
> VAMPIRE 4 1 14 2 2 2 0
> VAMPIRE 2 17 4 1 2 3 0
> POWERUP SHOE 7 1 14 6
> POWERUP SHOE 7 17 4 6
< RES 1637333039 216 4
> REQ 1637333039 217 4
> VAMPIRE 1 1 14 3 2 3 0
> VAMPIRE 3 1 14 2 2 2 0
> VAMPIRE 4 1 14 2 2 2 0
> VAMPIRE 2 17 4 1 2 3 38
> POWERUP SHOE 6 1 14 6
< RES 1637333039 217 4
> REQ 1637333039 218 4
> VAMPIRE 1 1 14 3 2 3 0
> VAMPIRE 3 1 14 2 2 2 0
> VAMPIRE 4 1 14 2 2 2 0
> VAMPIRE 2 15 5 1 2 3 37
> POWERUP SHOE 5 1 14 6
< RES 1637333039 218 4
> REQ 1637333039 219 4
> VAMPIRE 1 1 14 3 2 3 0
> VAMPIRE 3 1 14 2 2 2 0
> VAMPIRE 4 1 14 2 2 2 0
> VAMPIRE 2 13 5 1 2 3 36
> POWERUP SHOE 4 1 14 6
< RES 1637333039 219 4
> REQ 1637333039 220 4
> VAMPIRE 1 1 14 3 2 3 0
> VAMPIRE 3 1 14 2 2 2 0
> VAMPIRE 4 1 14 2 2 2 0
> VAMPIRE 2 11 5 1 2 3 35
> POWERUP SHOE 3 1 14 6
< RES 1637333039 220 4
> REQ 1637333039 221 4
> VAMPIRE 1 1 14 3 2 3 0
> VAMPIRE 3 1 14 2 2 2 38
> VAMPIRE 4 1 14 2 2 2 38
> VAMPIRE 2 11 7 1 2 3 34
< RES 1637333039 221 4
< GRENADE
< MOVE L D D
> REQ 1637333039 222 4
> VAMPIRE 1 1 14 3 2 3 0
> VAMPIRE 3 3 13 2 1 2 37
> VAMPIRE 4 3 13 2 1 2 37
> VAMPIRE 2 11 9 1 2 3 33
> GRENADE 3 1 14 5 2
> GRENADE 4 1 14 5 2
< RES 1637333039 222 4
< MOVE L L
> REQ 1637333039 223 4
> VAMPIRE 1 2 15 3 2 3 0
> VAMPIRE 3 3 11 2 1 2 36
> VAMPIRE 4 3 11 2 1 2 36
> VAMPIRE 2 11 11 1 2 3 32
> GRENADE 3 1 14 4 2
> GRENADE 4 1 14 4 2
< RES 1637333039 223 4
< MOVE L L
> REQ 1637333039 224 4
> VAMPIRE 1 4 15 3 2 3 0
> VAMPIRE 3 3 9 2 1 2 35
> VAMPIRE 4 3 9 2 1 2 35
> VAMPIRE 2 13 11 1 2 3 31
> GRENADE 3 1 14 3 2
> GRENADE 4 1 14 3 2
< RES 1637333039 224 4
< MOVE L L
> REQ 1637333039 225 4
> VAMPIRE 1 3 15 3 2 3 0
> VAMPIRE 3 3 7 2 1 2 34
> VAMPIRE 4 3 7 2 1 2 34
> VAMPIRE 2 13 9 1 2 3 30
> GRENADE 3 1 14 2 2
> GRENADE 4 1 14 2 2
< RES 1637333039 225 4
< MOVE D D
> REQ 1637333039 226 4
> VAMPIRE 1 5 15 3 2 3 0
> VAMPIRE 3 5 7 2 1 2 33
> VAMPIRE 4 5 7 2 1 2 33
> VAMPIRE 2 13 7 1 2 3 29
> GRENADE 3 1 14 1 2
> GRENADE 4 1 14 1 2
< RES 1637333039 226 4
< MOVE L L
> REQ 1637333039 227 4
> VAMPIRE 1 5 13 3 2 3 0
> VAMPIRE 3 5 5 2 2 2 32
> VAMPIRE 4 5 5 2 2 2 32
> VAMPIRE 2 13 9 1 2 3 28
< RES 1637333039 227 4
< MOVE D D
> REQ 1637333039 228 4
> VAMPIRE 1 7 13 3 2 3 0
> VAMPIRE 3 7 5 2 2 2 31
> VAMPIRE 4 7 5 2 2 2 31
> VAMPIRE 2 13 9 1 2 3 27
< RES 1637333039 228 4
< MOVE U U
> REQ 1637333039 229 4
> VAMPIRE 1 7 11 3 2 3 0
> VAMPIRE 3 5 5 2 2 2 30
> VAMPIRE 4 5 5 2 2 2 30
> VAMPIRE 2 13 11 1 2 3 26
< RES 1637333039 229 4
< MOVE R R
> REQ 1637333039 230 4
> VAMPIRE 1 9 11 3 2 3 0
> VAMPIRE 3 5 7 2 2 2 29
> VAMPIRE 4 5 7 2 2 2 29
> VAMPIRE 2 13 9 1 2 3 25
< RES 1637333039 230 4
< MOVE R R
> REQ 1637333039 231 4
> VAMPIRE 1 9 9 3 2 3 0
> VAMPIRE 3 5 9 2 2 2 28
> VAMPIRE 4 5 9 2 2 2 28
> VAMPIRE 2 15 9 1 2 3 24
< RES 1637333039 231 4
< MOVE L L
> REQ 1637333039 232 4
> VAMPIRE 1 9 9 3 2 3 0
> VAMPIRE 3 5 7 2 2 2 27
> VAMPIRE 4 5 7 2 2 2 27
> VAMPIRE 2 13 9 1 2 3 23
< RES 1637333039 232 4
< MOVE R R
> REQ 1637333039 233 4
> VAMPIRE 1 9 9 3 2 3 0
> VAMPIRE 3 5 9 2 2 2 26
> VAMPIRE 4 5 9 2 2 2 26
> VAMPIRE 2 13 9 1 2 3 22
< RES 1637333039 233 4
< MOVE L L
> REQ 1637333039 234 4
> VAMPIRE 1 9 9 3 2 3 0
> VAMPIRE 3 5 7 2 2 2 25
> VAMPIRE 4 5 7 2 2 2 25
> VAMPIRE 2 13 9 1 2 3 21
> POWERUP GRENADE -4 11 16 7
> POWERUP GRENADE -4 7 2 7
< RES 1637333039 234 4
< MOVE D D L
> REQ 1637333039 235 4
> VAMPIRE 1 9 11 3 2 3 0
> VAMPIRE 3 7 6 2 2 2 24
> VAMPIRE 4 7 6 2 2 2 24
> VAMPIRE 2 13 9 1 2 3 20
> POWERUP GRENADE -3 11 16 7
> POWERUP GRENADE -3 7 2 7
< RES 1637333039 235 4
< MOVE L L L
> REQ 1637333039 236 4
> VAMPIRE 1 9 13 3 2 3 0
> VAMPIRE 3 7 3 2 2 2 23
> VAMPIRE 4 7 3 2 2 2 23
> VAMPIRE 2 15 9 1 2 3 19
> POWERUP GRENADE -2 11 16 7
> POWERUP GRENADE -2 7 2 7
< RES 1637333039 236 4
< GRENADE
< MOVE L L
> REQ 1637333039 237 4
> VAMPIRE 1 9 15 3 2 3 0
> VAMPIRE 3 7 1 2 1 2 22
> VAMPIRE 4 7 1 2 1 2 22
> VAMPIRE 2 15 9 1 2 3 18
> GRENADE 3 7 3 5 2
> GRENADE 4 7 3 5 2
> POWERUP GRENADE -1 11 16 7
> POWERUP GRENADE -1 7 2 7
< RES 1637333039 237 4
< GRENADE
< MOVE D D R
> REQ 1637333039 238 4
> VAMPIRE 1 11 15 3 2 3 0
> VAMPIRE 3 9 2 2 0 2 21
> VAMPIRE 4 9 2 2 0 2 21
> VAMPIRE 2 13 9 1 2 3 17
> GRENADE 3 7 3 4 2
> GRENADE 4 7 3 4 2
> GRENADE 3 7 1 5 2
> GRENADE 4 7 1 5 2
> POWERUP GRENADE 15 11 16 7
> POWERUP GRENADE 15 7 2 7
< RES 1637333039 238 4
> REQ 1637333039 239 4
> VAMPIRE 1 11 16 3 2 3 0
> VAMPIRE 3 9 2 2 0 2 20
> VAMPIRE 4 9 2 2 0 2 20
> VAMPIRE 2 11 9 1 2 3 16
> GRENADE 3 7 3 3 2
> GRENADE 4 7 3 3 2
> GRENADE 3 7 1 4 2
> GRENADE 4 7 1 4 2
> POWERUP GRENADE 14 11 16 7
> POWERUP GRENADE 14 7 2 7
< RES 1637333039 239 4
> REQ 1637333039 240 4
> VAMPIRE 1 11 16 3 2 3 0
> VAMPIRE 3 9 2 2 0 2 19
> VAMPIRE 4 9 2 2 0 2 19
> VAMPIRE 2 9 9 1 2 3 15
> GRENADE 3 7 3 2 2
> GRENADE 4 7 3 2 2
> GRENADE 3 7 1 3 2
> GRENADE 4 7 1 3 2
> POWERUP GRENADE 13 11 16 7
> POWERUP GRENADE 13 7 2 7
< RES 1637333039 240 4
> REQ 1637333039 241 4
> VAMPIRE 1 11 16 3 2 3 0
> VAMPIRE 3 9 2 2 0 2 18
> VAMPIRE 4 9 2 2 0 2 18
> VAMPIRE 2 7 9 1 2 3 14
> GRENADE 3 7 3 1 2
> GRENADE 4 7 3 1 2
> GRENADE 3 7 1 2 2
> GRENADE 4 7 1 2 2
> POWERUP GRENADE 12 11 16 7
> POWERUP GRENADE 12 7 2 7
< RES 1637333039 241 4
< MOVE R U
> REQ 1637333039 242 4
> VAMPIRE 1 11 16 3 2 3 0
> VAMPIRE 3 8 3 2 2 2 17
> VAMPIRE 4 8 3 2 2 2 17
> VAMPIRE 2 7 9 1 2 3 13
> POWERUP GRENADE 11 11 16 7
> POWERUP GRENADE 11 7 2 7
< RES 1637333039 242 4
< MOVE U L
> REQ 1637333039 243 4
> VAMPIRE 1 11 16 3 2 3 0
> VAMPIRE 3 7 2 2 2 2 16
> VAMPIRE 4 7 2 2 2 2 16
> VAMPIRE 2 7 11 1 2 3 12
> POWERUP GRENADE 10 11 16 7
> POWERUP GRENADE 10 7 2 7
< RES 1637333039 243 4
> REQ 1637333039 244 4
> VAMPIRE 1 11 16 3 2 3 0
> VAMPIRE 3 7 2 2 2 2 15
> VAMPIRE 4 7 2 2 2 2 15
> VAMPIRE 2 7 11 1 2 3 11
> POWERUP GRENADE 9 11 16 7
> POWERUP GRENADE 9 7 2 7
< RES 1637333039 244 4
> REQ 1637333039 245 4
> VAMPIRE 1 11 16 3 2 3 0
> VAMPIRE 3 7 2 2 2 2 14
> VAMPIRE 4 7 2 2 2 2 14
> VAMPIRE 2 7 11 1 2 3 10
> POWERUP GRENADE 8 11 16 7
> POWERUP GRENADE 8 7 2 7
< RES 1637333039 245 4
> REQ 1637333039 246 4
> VAMPIRE 1 11 16 3 3 3 0
> VAMPIRE 3 7 2 2 2 2 13
> VAMPIRE 4 7 2 2 2 2 13
> VAMPIRE 2 7 11 1 2 3 9
> POWERUP GRENADE 7 7 2 7
< RES 1637333039 246 4
> REQ 1637333039 247 4
> VAMPIRE 1 10 15 3 3 3 0
> VAMPIRE 3 7 2 2 2 2 12
> VAMPIRE 4 7 2 2 2 2 12
> VAMPIRE 2 7 11 1 2 3 8
> POWERUP GRENADE 6 7 2 7
< RES 1637333039 247 4
> REQ 1637333039 248 4
> VAMPIRE 1 8 15 3 3 3 0
> VAMPIRE 3 7 2 2 2 2 11
> VAMPIRE 4 7 2 2 2 2 11
> VAMPIRE 2 7 11 1 2 3 7
> POWERUP GRENADE 5 7 2 7
< RES 1637333039 248 4
> REQ 1637333039 249 4
> VAMPIRE 1 7 14 3 3 3 0
> VAMPIRE 3 7 2 2 2 2 10
> VAMPIRE 4 7 2 2 2 2 10
> VAMPIRE 2 9 11 1 2 3 6
> POWERUP GRENADE 4 7 2 7
< RES 1637333039 249 4
> REQ 1637333039 250 4
> VAMPIRE 1 7 12 3 3 3 0
> VAMPIRE 3 7 2 2 3 2 9
> VAMPIRE 4 7 2 2 3 2 9
> VAMPIRE 2 11 11 1 2 3 5
< RES 1637333039 250 4
< MOVE R R R
> REQ 1637333039 251 4
> VAMPIRE 1 7 13 3 3 3 0
> VAMPIRE 3 7 5 2 3 2 8
> VAMPIRE 4 7 5 2 3 2 8
> VAMPIRE 2 13 11 1 2 3 4
< RES 1637333039 251 4
< MOVE D D
> REQ 1637333039 252 4
> VAMPIRE 1 7 11 3 3 3 0
> VAMPIRE 3 9 5 2 3 2 7
> VAMPIRE 4 9 5 2 3 2 7
> VAMPIRE 2 13 9 1 2 3 3
< RES 1637333039 252 4
< MOVE U U
> REQ 1637333039 253 4
> VAMPIRE 1 7 11 3 3 3 0
> VAMPIRE 3 7 5 2 3 2 6
> VAMPIRE 4 7 5 2 3 2 6
> VAMPIRE 2 13 11 1 2 3 2
< RES 1637333039 253 4
< MOVE D D
> REQ 1637333039 254 4
> VAMPIRE 1 7 11 3 3 3 0
> VAMPIRE 3 9 5 2 3 2 5
> VAMPIRE 4 9 5 2 3 2 5
> VAMPIRE 2 11 11 1 2 3 1
< RES 1637333039 254 4
< MOVE U U
> REQ 1637333039 255 4
> VAMPIRE 1 7 11 3 3 3 0
> VAMPIRE 3 7 5 2 3 2 4
> VAMPIRE 4 7 5 2 3 2 4
> VAMPIRE 2 13 11 1 2 3 0
< RES 1637333039 255 4
< MOVE D D
> REQ 1637333039 256 4
> VAMPIRE 1 7 11 3 3 3 0
> VAMPIRE 3 9 5 2 3 2 3
> VAMPIRE 4 9 5 2 3 2 3
> VAMPIRE 2 13 11 1 2 3 0
< RES 1637333039 256 4
< MOVE R R
> REQ 1637333039 257 4
> VAMPIRE 1 7 11 3 3 3 0
> VAMPIRE 3 9 7 2 3 2 2
> VAMPIRE 4 9 7 2 3 2 2
> VAMPIRE 2 13 11 1 2 3 0
< RES 1637333039 257 4
< MOVE L L
> REQ 1637333039 258 4
> VAMPIRE 1 7 13 3 3 3 0
> VAMPIRE 3 9 5 2 3 2 1
> VAMPIRE 4 9 5 2 3 2 1
> VAMPIRE 2 13 11 1 2 3 0
< RES 1637333039 258 4
< MOVE R R
> REQ 1637333039 259 4
> VAMPIRE 1 7 11 3 3 3 0
> VAMPIRE 3 9 7 2 3 2 0
> VAMPIRE 4 9 7 2 3 2 0
> VAMPIRE 2 11 11 1 2 3 0
< RES 1637333039 259 4
< MOVE L L
> REQ 1637333039 260 4
> VAMPIRE 1 7 9 3 3 3 0
> VAMPIRE 3 9 5 2 3 2 0
> VAMPIRE 4 9 5 2 3 2 0
> VAMPIRE 2 11 9 1 2 3 0
< RES 1637333039 260 4
> REQ 1637333039 261 4
> VAMPIRE 1 5 9 3 3 3 0
> VAMPIRE 3 9 5 2 3 2 0
> VAMPIRE 4 9 5 2 3 2 0
> VAMPIRE 2 13 9 1 2 3 0
< RES 1637333039 261 4
< MOVE R R
> REQ 1637333039 262 4
> VAMPIRE 1 7 9 3 3 3 0
> VAMPIRE 3 9 7 2 3 2 0
> VAMPIRE 4 9 7 2 3 2 0
> VAMPIRE 2 11 9 1 2 3 0
< RES 1637333039 262 4
< MOVE R R
> REQ 1637333039 263 4
> VAMPIRE 1 5 9 3 3 3 0
> VAMPIRE 3 9 9 2 3 2 0
> VAMPIRE 4 9 9 2 3 2 0
> VAMPIRE 2 13 9 1 2 3 0
< RES 1637333039 263 4
> REQ 1637333039 264 4
> VAMPIRE 1 7 9 3 3 3 0
> VAMPIRE 3 9 9 2 3 2 0
> VAMPIRE 4 9 9 2 3 2 0
> VAMPIRE 2 11 9 1 2 3 0
< RES 1637333039 264 4
> REQ 1637333039 265 4
> VAMPIRE 1 5 9 3 3 3 0
> VAMPIRE 3 9 9 2 3 2 0
> VAMPIRE 4 9 9 2 3 2 0
> VAMPIRE 2 13 9 1 2 3 0
> POWERUP TOMATO -5 17 6 4
> POWERUP TOMATO -5 1 12 4
< RES 1637333039 265 4
< MOVE D D
> REQ 1637333039 266 4
> VAMPIRE 1 3 9 3 3 3 0
> VAMPIRE 3 11 9 2 3 2 0
> VAMPIRE 4 11 9 2 3 2 0
> VAMPIRE 2 15 9 1 2 3 0
> POWERUP TOMATO -4 17 6 4
> POWERUP TOMATO -4 1 12 4
< RES 1637333039 266 4
< MOVE D D
> REQ 1637333039 267 4
> VAMPIRE 1 1 9 3 3 3 0
> VAMPIRE 3 13 9 2 3 2 0
> VAMPIRE 4 13 9 2 3 2 0
> VAMPIRE 2 17 9 1 2 3 0
> POWERUP TOMATO -3 17 6 4
> POWERUP TOMATO -3 1 12 4
< RES 1637333039 267 4
< MOVE D D
> REQ 1637333039 268 4
> VAMPIRE 1 1 11 3 3 3 0
> VAMPIRE 3 15 9 2 3 2 0
> VAMPIRE 4 15 9 2 3 2 0
> VAMPIRE 2 17 7 1 2 3 0
> POWERUP TOMATO -2 17 6 4
> POWERUP TOMATO -2 1 12 4
< RES 1637333039 268 4
< MOVE D D
> REQ 1637333039 269 4
> VAMPIRE 1 1 12 3 3 3 0
> VAMPIRE 3 17 9 2 3 2 0
> VAMPIRE 4 17 9 2 3 2 0
> VAMPIRE 2 17 6 1 2 3 0
> POWERUP TOMATO -1 17 6 4
> POWERUP TOMATO -1 1 12 4
< RES 1637333039 269 4
< MOVE L L
> REQ 1637333039 270 4
> VAMPIRE 1 1 12 3 3 3 0
> VAMPIRE 3 17 7 2 3 2 0
> VAMPIRE 4 17 7 2 3 2 0
> VAMPIRE 2 17 6 1 1 3 0
> GRENADE 2 17 6 5 3
> POWERUP TOMATO 11 17 6 4
> POWERUP TOMATO 11 1 12 4
< RES 1637333039 270 4
> REQ 1637333039 271 4
> VAMPIRE 1 1 12 3 3 3 0
> VAMPIRE 3 17 7 2 3 2 0
> VAMPIRE 4 17 7 2 3 2 0
> VAMPIRE 2 17 5 1 1 3 0
> GRENADE 2 17 9 4 3
> POWERUP TOMATO 10 17 6 4
> POWERUP TOMATO 10 1 12 4
< RES 1637333039 271 4
< GRENADE
< MOVE L L
> REQ 1637333039 272 4
> VAMPIRE 1 1 12 3 3 3 0
> VAMPIRE 3 17 5 2 2 2 0
> VAMPIRE 4 17 5 2 2 2 0
> VAMPIRE 2 17 6 1 1 3 0
> GRENADE 2 17 9 3 3
> GRENADE 3 17 7 5 2
> GRENADE 4 17 7 5 2
> POWERUP TOMATO 9 17 6 4
> POWERUP TOMATO 9 1 12 4
< RES 1637333039 272 4
< GRENADE
> REQ 1637333039 273 4
> VAMPIRE 1 1 12 3 3 3 0
> VAMPIRE 3 17 5 2 1 2 0
> VAMPIRE 4 17 5 2 1 2 0
> VAMPIRE 2 17 6 1 0 3 0
> GRENADE 2 17 9 2 3
> GRENADE 3 17 7 4 2
> GRENADE 4 17 7 4 2
> GRENADE 3 17 5 5 2
> GRENADE 4 17 5 5 2
> GRENADE 2 17 6 5 3
> POWERUP TOMATO 8 17 6 4
< RES 1637333039 273 4
< GRENADE
> REQ 1637333039 274 4
> VAMPIRE 1 2 11 3 3 3 0
> VAMPIRE 3 17 5 2 0 2 0
> VAMPIRE 4 17 5 2 0 2 0
> VAMPIRE 2 17 6 1 0 3 0
> GRENADE 2 17 9 1 3
> GRENADE 3 17 7 3 2
> GRENADE 4 17 7 3 2
> GRENADE 3 17 5 4 2
> GRENADE 4 17 5 4 2
> GRENADE 2 17 6 4 3
> GRENADE 3 17 5 5 2
> GRENADE 4 17 5 5 2
> POWERUP TOMATO 7 17 6 4
< RES 1637333039 274 4
< THROW XL 3
> REQ 1637333039 275 4
> VAMPIRE 1 4 11 3 3 3 0
> VAMPIRE 3 17 5 1 3 2 0
> VAMPIRE 4 17 5 1 3 2 0
> POWERUP TOMATO 6 17 6 4
< RES 1637333039 275 4
< GRENADE
< MOVE R R
> REQ 1637333039 276 4
> VAMPIRE 1 6 11 3 3 3 0
> VAMPIRE 3 17 7 1 3 2 0
> VAMPIRE 4 17 7 1 3 2 0
> POWERUP TOMATO 5 17 6 4
< RES 1637333039 276 4
< GRENADE
< MOVE L L
> REQ 1637333039 277 4
> VAMPIRE 1 8 11 3 3 3 0
> VAMPIRE 3 17 5 1 3 2 0
> VAMPIRE 4 17 5 1 3 2 0
> POWERUP TOMATO 4 17 6 4
< RES 1637333039 277 4
< GRENADE
< MOVE R R
> REQ 1637333039 278 4
> VAMPIRE 1 10 11 3 3 3 0
> VAMPIRE 3 17 7 1 2 2 0
> VAMPIRE 4 17 7 1 2 2 0
> GRENADE 3 17 5 5 2
> GRENADE 4 17 5 5 2
> POWERUP TOMATO 3 17 6 4
< RES 1637333039 278 4
< MOVE L
> REQ 1637333039 279 4
> VAMPIRE 1 12 11 3 3 3 0
> VAMPIRE 3 17 6 1 2 2 0
> VAMPIRE 4 17 6 1 2 2 0
> GRENADE 3 17 5 4 2
> GRENADE 4 17 5 4 2
> POWERUP TOMATO 2 17 6 4
< RES 1637333039 279 4
< GRENADE
< MOVE R U
> REQ 1637333039 280 4
> VAMPIRE 1 14 11 3 3 3 0
> VAMPIRE 3 16 7 1 1 2 0
> VAMPIRE 4 16 7 1 1 2 0
> GRENADE 3 17 5 3 2
> GRENADE 4 17 5 3 2
> GRENADE 3 17 6 5 2
> GRENADE 4 17 6 5 2
> POWERUP TOMATO 1 17 6 4
< RES 1637333039 280 4
> REQ 1637333039 281 4
> VAMPIRE 1 13 11 3 3 3 0
> VAMPIRE 3 16 7 1 1 2 0
> VAMPIRE 4 16 7 1 1 2 0
> GRENADE 3 17 5 2 2
> GRENADE 4 17 5 2 2
> GRENADE 3 17 6 4 2
> GRENADE 4 17 6 4 2
< RES 1637333039 281 4
< MOVE U
> REQ 1637333039 282 4
> VAMPIRE 1 13 9 3 3 3 0
> VAMPIRE 3 15 7 1 1 2 0
> VAMPIRE 4 15 7 1 1 2 0
> GRENADE 3 17 5 1 2
> GRENADE 4 17 5 1 2
> GRENADE 3 17 6 3 2
> GRENADE 4 17 6 3 2
< RES 1637333039 282 4
< MOVE U U
> REQ 1637333039 283 4
> VAMPIRE 1 11 9 3 3 3 0
> VAMPIRE 3 13 7 1 3 2 0
> VAMPIRE 4 13 7 1 3 2 0
< RES 1637333039 283 4
< MOVE U U
> REQ 1637333039 284 4
> VAMPIRE 1 9 9 3 3 3 0
> VAMPIRE 3 11 7 1 3 2 0
> VAMPIRE 4 11 7 1 3 2 0
< RES 1637333039 284 4
< MOVE L L
> REQ 1637333039 285 4
> VAMPIRE 1 9 9 3 3 3 0
> VAMPIRE 3 11 5 1 3 2 0
> VAMPIRE 4 11 5 1 3 2 0
< RES 1637333039 285 4
> REQ 1637333039 286 4
> VAMPIRE 1 9 9 3 3 3 0
> VAMPIRE 3 11 5 1 3 2 0
> VAMPIRE 4 11 5 1 3 2 0
< RES 1637333039 286 4
> REQ 1637333039 287 4
> VAMPIRE 1 9 9 3 3 3 0
> VAMPIRE 3 11 5 1 3 2 0
> VAMPIRE 4 11 5 1 3 2 0
< RES 1637333039 287 4
> REQ 1637333039 288 4
> VAMPIRE 1 9 9 3 3 3 0
> VAMPIRE 3 11 5 1 3 2 0
> VAMPIRE 4 11 5 1 3 2 0
< RES 1637333039 288 4
> REQ 1637333039 289 4
> VAMPIRE 1 9 9 3 3 3 0
> VAMPIRE 3 11 5 1 3 2 0
> VAMPIRE 4 11 5 1 3 2 0
< RES 1637333039 289 4
> REQ 1637333039 290 4
> VAMPIRE 1 9 9 3 3 3 0
> VAMPIRE 3 11 5 1 3 2 0
> VAMPIRE 4 11 5 1 3 2 0
< RES 1637333039 290 4
> REQ 1637333039 291 4
> VAMPIRE 1 9 9 3 3 3 0
> VAMPIRE 3 11 5 1 3 2 0
> VAMPIRE 4 11 5 1 3 2 0
< RES 1637333039 291 4
> REQ 1637333039 292 4
> VAMPIRE 1 9 9 3 3 3 0
> VAMPIRE 3 11 5 1 3 2 0
> VAMPIRE 4 11 5 1 3 2 0
> POWERUP TOMATO -4 11 3 4
> POWERUP TOMATO -4 7 15 4
< RES 1637333039 292 4
< MOVE L L
> REQ 1637333039 293 4
> VAMPIRE 1 11 9 3 3 3 0
> VAMPIRE 3 11 3 1 3 2 0
> VAMPIRE 4 11 3 1 3 2 0
> POWERUP TOMATO -3 11 3 4
> POWERUP TOMATO -3 7 15 4
< RES 1637333039 293 4
> REQ 1637333039 294 4
> VAMPIRE 1 11 7 3 3 3 0
> VAMPIRE 3 11 3 1 3 2 0
> VAMPIRE 4 11 3 1 3 2 0
> POWERUP TOMATO -2 11 3 4
> POWERUP TOMATO -2 7 15 4
< RES 1637333039 294 4
< GRENADE
> REQ 1637333039 295 4
> VAMPIRE 1 11 5 3 3 3 0
> VAMPIRE 3 11 3 1 2 2 0
> VAMPIRE 4 11 3 1 2 2 0
> GRENADE 3 11 3 5 2
> GRENADE 4 11 3 5 2
> POWERUP TOMATO -1 11 3 4
> POWERUP TOMATO -1 7 15 4
< RES 1637333039 295 4
< MOVE U
> REQ 1637333039 296 4
> VAMPIRE 1 9 5 3 3 3 0
> VAMPIRE 3 10 3 1 2 2 0
> VAMPIRE 4 10 3 1 2 2 0
> GRENADE 3 11 3 4 2
> GRENADE 4 11 3 4 2
> POWERUP TOMATO 15 11 3 4
> POWERUP TOMATO 15 7 15 4
< RES 1637333039 296 4
< GRENADE
< MOVE U R
> REQ 1637333039 297 4
> VAMPIRE 1 11 5 3 3 3 0
> VAMPIRE 3 9 4 1 1 2 0
> VAMPIRE 4 9 4 1 1 2 0
> GRENADE 3 11 3 3 2
> GRENADE 4 11 3 3 2
> GRENADE 3 10 3 5 2
> GRENADE 4 10 3 5 2
> POWERUP TOMATO 14 11 3 4
> POWERUP TOMATO 14 7 15 4
< RES 1637333039 297 4
< MOVE R D
> REQ 1637333039 298 4
> VAMPIRE 1 9 5 3 3 3 0
> VAMPIRE 3 10 5 1 1 2 0
> VAMPIRE 4 10 5 1 1 2 0
> GRENADE 3 11 3 2 2
> GRENADE 4 11 3 2 2
> GRENADE 3 10 3 4 2
> GRENADE 4 10 3 4 2
> POWERUP TOMATO 13 11 3 4
> POWERUP TOMATO 13 7 15 4
< RES 1637333039 298 4
< MOVE U L
> REQ 1637333039 299 4
> VAMPIRE 1 11 5 3 2 3 0
> VAMPIRE 3 10 5 1 1 2 0
> VAMPIRE 4 10 5 1 1 2 0
> GRENADE 3 11 3 1 2
> GRENADE 4 11 3 1 2
> GRENADE 3 10 3 3 2
> GRENADE 4 10 3 3 2
> GRENADE 1 9 5 5 3
> POWERUP TOMATO 12 11 3 4
> POWERUP TOMATO 12 7 15 4
< RES 1637333039 299 4
< MOVE D L
> REQ 1637333039 300 4
> VAMPIRE 1 12 5 2 2 3 0
> VAMPIRE 3 11 4 1 3 2 0
> VAMPIRE 4 11 4 1 3 2 0
> GRENADE 1 9 5 4 3
> POWERUP TOMATO 11 11 3 4
> POWERUP TOMATO 11 7 15 4
< RES 1637333039 300 4
< MOVE L
> REQ 1637333039 301 4
> VAMPIRE 1 11 6 2 2 3 0
> VAMPIRE 3 11 3 1 3 2 0
> VAMPIRE 4 11 3 1 3 2 0
> GRENADE 1 9 5 3 3
> POWERUP TOMATO 10 11 3 4
> POWERUP TOMATO 10 7 15 4
< RES 1637333039 301 4
< GRENADE
> REQ 1637333039 302 4
> VAMPIRE 1 10 7 2 2 3 0
> VAMPIRE 3 11 3 1 2 2 0
> VAMPIRE 4 11 3 1 2 2 0
> GRENADE 1 9 5 2 3
> GRENADE 3 11 3 5 2
> GRENADE 4 11 3 5 2
> POWERUP TOMATO 9 11 3 4
> POWERUP TOMATO 9 7 15 4
< RES 1637333039 302 4
< GRENADE
< MOVE D D
> REQ 1637333039 303 4
> VAMPIRE 1 11 8 2 2 3 0
> VAMPIRE 3 13 3 1 1 2 0
> VAMPIRE 4 13 3 1 1 2 0
> GRENADE 1 9 5 1 3
> GRENADE 3 11 3 4 2
> GRENADE 4 11 3 4 2
> GRENADE 3 11 3 5 2
> GRENADE 4 11 3 5 2
> POWERUP TOMATO 8 11 3 4
> POWERUP TOMATO 8 7 15 4
< RES 1637333039 303 4
< MOVE L L
> REQ 1637333039 304 4
> VAMPIRE 1 10 7 2 3 3 0
> VAMPIRE 3 13 1 1 1 2 0
> VAMPIRE 4 13 1 1 1 2 0
> GRENADE 3 11 3 3 2
> GRENADE 4 11 3 3 2
> GRENADE 3 11 3 4 2
> GRENADE 4 11 3 4 2
> POWERUP TOMATO 7 11 3 4
> POWERUP TOMATO 7 7 15 4
< RES 1637333039 304 4
< MOVE U U
> REQ 1637333039 305 4
> VAMPIRE 1 8 7 2 3 3 0
> VAMPIRE 3 11 1 1 1 2 0
> VAMPIRE 4 11 1 1 1 2 0
> GRENADE 3 11 3 2 2
> GRENADE 4 11 3 2 2
> GRENADE 3 11 3 3 2
> GRENADE 4 11 3 3 2
> POWERUP TOMATO 6 11 3 4
> POWERUP TOMATO 6 7 15 4
< RES 1637333039 305 4
< MOVE U U
> REQ 1637333039 306 4
> VAMPIRE 1 9 6 2 3 3 0
> VAMPIRE 3 9 1 1 1 2 0
> VAMPIRE 4 9 1 1 1 2 0
> GRENADE 3 11 3 1 2
> GRENADE 4 11 3 1 2
> GRENADE 3 11 3 2 2
> GRENADE 4 11 3 2 2
> POWERUP TOMATO 5 11 3 4
> POWERUP TOMATO 5 7 15 4
< RES 1637333039 306 4
< MOVE R R
> REQ 1637333039 307 4
> VAMPIRE 1 10 5 2 3 3 0
> VAMPIRE 3 9 3 1 3 2 0
> VAMPIRE 4 9 3 1 3 2 0
> POWERUP TOMATO 4 11 3 4
> POWERUP TOMATO 4 7 15 4
< RES 1637333039 307 4
< MOVE D D
> REQ 1637333039 308 4
> VAMPIRE 1 11 4 2 3 3 0
> VAMPIRE 3 11 3 1 3 2 0
> VAMPIRE 4 11 3 1 3 2 0
> POWERUP TOMATO 3 11 3 4
> POWERUP TOMATO 3 7 15 4
< RES 1637333039 308 4
< MOVE R R
> REQ 1637333039 309 4
> VAMPIRE 1 11 5 2 3 3 0
> VAMPIRE 3 11 5 1 2 2 0
> VAMPIRE 4 11 5 1 3 2 0
> GRENADE 3 11 3 5 2
> POWERUP TOMATO 2 11 3 4
> POWERUP TOMATO 2 7 15 4
< RES 1637333039 309 4
< MOVE R R
> REQ 1637333039 310 4
> VAMPIRE 1 9 5 2 3 3 0
> VAMPIRE 3 11 7 1 1 2 0
> VAMPIRE 4 11 7 1 3 2 0
> GRENADE 3 11 3 4 2
> GRENADE 3 11 5 5 2
> POWERUP TOMATO 1 11 3 4
> POWERUP TOMATO 1 7 15 4
< RES 1637333039 310 4
< MOVE R R
> REQ 1637333039 311 4
> VAMPIRE 1 7 5 2 3 3 0
> VAMPIRE 3 11 9 1 0 2 0
> VAMPIRE 4 11 9 1 3 2 0
> GRENADE 3 11 3 3 2
> GRENADE 3 11 5 4 2
> GRENADE 3 11 7 5 2
< RES 1637333039 311 4
< MOVE U U
> REQ 1637333039 312 4
> VAMPIRE 1 7 5 2 3 3 0
> VAMPIRE 3 9 9 1 0 2 0
> VAMPIRE 4 9 9 1 3 2 0
> GRENADE 3 11 3 2 2
> GRENADE 3 11 5 3 2
> GRENADE 3 11 7 4 2
< RES 1637333039 312 4
< MOVE R R
> REQ 1637333039 313 4
> VAMPIRE 1 7 7 2 3 3 0
> VAMPIRE 3 9 11 1 0 2 0
> VAMPIRE 4 9 11 1 3 2 0
> GRENADE 3 11 3 1 2
> GRENADE 3 11 5 2 2
> GRENADE 3 11 7 3 2
< RES 1637333039 313 4
> REQ 1637333039 314 4
> VAMPIRE 1 7 9 2 3 3 0
> VAMPIRE 3 9 11 1 3 2 0
> VAMPIRE 4 9 11 1 3 2 0
< RES 1637333039 314 4
< MOVE D D
> REQ 1637333039 315 4
> VAMPIRE 1 9 9 2 3 3 0
> VAMPIRE 3 11 11 1 3 2 0
> VAMPIRE 4 11 11 1 3 2 0
< RES 1637333039 315 4
< MOVE D D
> REQ 1637333039 316 4
> VAMPIRE 1 9 9 2 3 3 0
> VAMPIRE 3 13 11 1 3 2 0
> VAMPIRE 4 13 11 1 3 2 0
< RES 1637333039 316 4
> REQ 1637333039 317 4
> VAMPIRE 1 9 9 2 3 3 0
> VAMPIRE 3 13 11 1 3 2 0
> VAMPIRE 4 13 11 1 3 2 0
< RES 1637333039 317 4
> REQ 1637333039 318 4
> VAMPIRE 1 9 9 2 3 3 0
> VAMPIRE 3 13 11 1 3 2 0
> VAMPIRE 4 13 11 1 3 2 0
< RES 1637333039 318 4
> REQ 1637333039 319 4
> VAMPIRE 1 9 9 2 3 3 0
> VAMPIRE 3 13 11 1 3 2 0
> VAMPIRE 4 13 11 1 3 2 0
< RES 1637333039 319 4
> REQ 1637333039 320 4
> VAMPIRE 1 9 9 2 3 3 0
> VAMPIRE 3 13 11 1 3 2 0
> VAMPIRE 4 13 11 1 3 2 0
< RES 1637333039 320 4
> REQ 1637333039 321 4
> VAMPIRE 1 9 9 2 3 3 0
> VAMPIRE 3 13 11 1 3 2 0
> VAMPIRE 4 13 11 1 3 2 0
< RES 1637333039 321 4
> REQ 1637333039 322 4
> VAMPIRE 1 9 9 2 3 3 0
> VAMPIRE 3 13 11 1 3 2 0
> VAMPIRE 4 13 11 1 3 2 0
< RES 1637333039 322 4
> REQ 1637333039 323 4
> VAMPIRE 1 9 9 2 3 3 0
> VAMPIRE 3 13 11 1 3 2 0
> VAMPIRE 4 13 11 1 3 2 0
< RES 1637333039 323 4
> REQ 1637333039 324 4
> VAMPIRE 1 9 9 2 3 3 0
> VAMPIRE 3 13 11 1 3 2 0
> VAMPIRE 4 13 11 1 3 2 0
< RES 1637333039 324 4
> REQ 1637333039 325 4
> VAMPIRE 1 9 9 2 3 3 0
> VAMPIRE 3 13 11 1 3 2 0
> VAMPIRE 4 13 11 1 3 2 0
< RES 1637333039 325 4
> REQ 1637333039 326 4
> VAMPIRE 1 9 9 2 3 3 0
> VAMPIRE 3 13 11 1 3 2 0
> VAMPIRE 4 13 11 1 3 2 0
< RES 1637333039 326 4
> REQ 1637333039 327 4
> VAMPIRE 1 9 9 2 3 3 0
> VAMPIRE 3 13 11 1 3 2 0
> VAMPIRE 4 13 11 1 3 2 0
> POWERUP SHOE -5 17 10 4
> POWERUP SHOE -5 1 8 4
< RES 1637333039 327 4
< MOVE D D
> REQ 1637333039 328 4
> VAMPIRE 1 7 9 2 3 3 0
> VAMPIRE 3 15 11 1 3 2 0
> VAMPIRE 4 15 11 1 3 2 0
> POWERUP SHOE -4 17 10 4
> POWERUP SHOE -4 1 8 4
< RES 1637333039 328 4
< MOVE D D
> REQ 1637333039 329 4
> VAMPIRE 1 5 9 2 3 3 0
> VAMPIRE 3 17 11 1 3 2 0
> VAMPIRE 4 17 11 1 3 2 0
> POWERUP SHOE -3 17 10 4
> POWERUP SHOE -3 1 8 4
< RES 1637333039 329 4
< GRENADE
< MOVE L L
> REQ 1637333039 330 4
> VAMPIRE 1 3 9 2 3 3 0
> VAMPIRE 3 17 9 1 2 2 0
> VAMPIRE 4 17 9 1 2 2 0
> GRENADE 3 17 11 5 2
> GRENADE 4 17 11 5 2
> POWERUP SHOE -2 17 10 4
> POWERUP SHOE -2 1 8 4
< RES 1637333039 330 4
< MOVE R
> REQ 1637333039 331 4
> VAMPIRE 1 1 9 2 3 3 0
> VAMPIRE 3 17 10 1 2 2 0
> VAMPIRE 4 17 10 1 2 2 0
> GRENADE 3 17 11 4 2
> GRENADE 4 17 11 4 2
> POWERUP SHOE -1 17 10 4
> POWERUP SHOE -1 1 8 4
< RES 1637333039 331 4
< MOVE L
> REQ 1637333039 332 4
> VAMPIRE 1 1 8 2 3 3 0
> VAMPIRE 3 17 9 1 2 2 0
> VAMPIRE 4 17 9 1 2 2 0
> GRENADE 3 17 11 3 2
> GRENADE 4 17 11 3 2
> POWERUP SHOE 15 17 10 4
> POWERUP SHOE 15 1 8 4
< RES 1637333039 332 4
< GRENADE
> REQ 1637333039 333 4
> VAMPIRE 1 1 8 2 3 3 0
> VAMPIRE 3 17 9 1 1 2 0
> VAMPIRE 4 17 9 1 1 2 0
> GRENADE 3 17 11 2 2
> GRENADE 4 17 11 2 2
> GRENADE 3 17 9 5 2
> GRENADE 4 17 9 5 2
> POWERUP SHOE 14 17 10 4
> POWERUP SHOE 14 1 8 4
< RES 1637333039 333 4
< GRENADE
> REQ 1637333039 334 4
> VAMPIRE 1 1 8 2 3 3 0
> VAMPIRE 3 17 9 1 0 2 0
> VAMPIRE 4 17 9 1 0 2 0
> GRENADE 3 17 11 1 2
> GRENADE 4 17 11 1 2
> GRENADE 3 17 9 4 2
> GRENADE 4 17 9 4 2
> GRENADE 3 17 9 5 2
> GRENADE 4 17 9 5 2
> POWERUP SHOE 13 17 10 4
> POWERUP SHOE 13 1 8 4
< RES 1637333039 334 4
> END 848 Could_not_be_more_deaded
