> MESSAGE OK
> LEVEL 3
> GAMEID 1637330661
> TEST 1
> MAXTICK 1000
> GRENADERADIUS 2
> SIZE 19
> REQ 1637330661 0 1
> VAMPIRE 1 17 17 3 1 2 0
> VAMPIRE 3 1 1 3 1 2 0
> VAMPIRE 4 17 1 3 1 2 0
> VAMPIRE 2 1 17 3 1 2 0
> BAT1 9 1 1 5 17 5 5 7 9 7 13 7 7 8 11 8 1 9 3 9 5 9 13 9 15 9 17 9 7 10 11 10 5 11 9 11 13 11 1 13 17 13 9 17
> BAT2 5 1 13 1 7 4 9 4 11 4 6 5 8 5 10 5 12 5 3 6 7 6 11 6 15 6 2 7 4 7 14 7 16 7 3 8 15 8 6 9 12 9 3 10 15 10 2 11 4 11 14 11 16 11 3 12 7 12 11 12 15 12 6 13 8 13 10 13 12 13 7 14 9 14 11 14 5 17 13 17
> BAT3 3 2 7 2 11 2 15 2 2 3 4 3 6 3 8 3 10 3 12 3 14 3 16 3 3 4 15 4 9 6 8 9 10 9 9 12 3 14 15 14 2 15 4 15 6 15 8 15 10 15 12 15 14 15 16 15 3 16 7 16 11 16 15 16
< RES 1637330661 0 1
< MOVE L L
> REQ 1637330661 1 1
> VAMPIRE 1 17 15 3 1 2 0
> VAMPIRE 3 1 3 3 1 2 0
> VAMPIRE 4 17 3 3 1 2 0
> VAMPIRE 2 1 15 3 1 2 0
> BAT1 9 1 1 5 17 5 5 7 9 7 13 7 7 8 11 8 1 9 3 9 5 9 13 9 15 9 17 9 7 10 11 10 5 11 9 11 13 11 1 13 17 13 9 17
> BAT2 5 1 13 1 7 4 9 4 11 4 6 5 8 5 10 5 12 5 3 6 7 6 11 6 15 6 2 7 4 7 14 7 16 7 3 8 15 8 6 9 12 9 3 10 15 10 2 11 4 11 14 11 16 11 3 12 7 12 11 12 15 12 6 13 8 13 10 13 12 13 7 14 9 14 11 14 5 17 13 17
> BAT3 3 2 7 2 11 2 15 2 2 3 4 3 6 3 8 3 10 3 12 3 14 3 16 3 3 4 15 4 9 6 8 9 10 9 9 12 3 14 15 14 2 15 4 15 6 15 8 15 10 15 12 15 14 15 16 15 3 16 7 16 11 16 15 16
< RES 1637330661 1 1
< GRENADE
> REQ 1637330661 2 1
> VAMPIRE 1 17 15 3 0 2 0
> VAMPIRE 3 1 1 3 0 2 0
> VAMPIRE 4 17 1 3 0 2 0
> VAMPIRE 2 1 15 3 0 2 0
> GRENADE 1 17 15 5 2
> GRENADE 3 1 3 5 2
> GRENADE 4 17 3 5 2
> GRENADE 2 1 15 5 2
> BAT1 9 1 1 5 17 5 5 7 9 7 13 7 7 8 11 8 1 9 3 9 5 9 13 9 15 9 17 9 7 10 11 10 5 11 9 11 13 11 1 13 17 13 9 17
> BAT2 5 1 13 1 7 4 9 4 11 4 6 5 8 5 10 5 12 5 3 6 7 6 11 6 15 6 2 7 4 7 14 7 16 7 3 8 15 8 6 9 12 9 3 10 15 10 2 11 4 11 14 11 16 11 3 12 7 12 11 12 15 12 6 13 8 13 10 13 12 13 7 14 9 14 11 14 5 17 13 17
> BAT3 3 2 7 2 11 2 15 2 2 3 4 3 6 3 8 3 10 3 12 3 14 3 16 3 3 4 15 4 9 6 8 9 10 9 9 12 3 14 15 14 2 15 4 15 6 15 8 15 10 15 12 15 14 15 16 15 3 16 7 16 11 16 15 16
< RES 1637330661 2 1
< THROW XU 2
> REQ 1637330661 3 1
> VAMPIRE 1 17 15 3 0 2 0
> VAMPIRE 3 3 1 3 0 2 0
> VAMPIRE 4 15 1 3 0 2 0
> VAMPIRE 2 1 15 3 0 2 0
> GRENADE 1 15 15 4 2
> GRENADE 3 1 3 4 2
> GRENADE 4 17 3 4 2
> GRENADE 2 3 15 4 2
> BAT1 9 1 1 5 17 5 5 7 9 7 13 7 7 8 11 8 1 9 3 9 5 9 13 9 15 9 17 9 7 10 11 10 5 11 9 11 13 11 1 13 17 13 9 17
> BAT2 5 1 13 1 7 4 9 4 11 4 6 5 8 5 10 5 12 5 3 6 7 6 11 6 15 6 2 7 4 7 14 7 16 7 3 8 15 8 6 9 12 9 3 10 15 10 2 11 4 11 14 11 16 11 3 12 7 12 11 12 15 12 6 13 8 13 10 13 12 13 7 14 9 14 11 14 5 17 13 17
> BAT3 3 2 7 2 11 2 15 2 2 3 4 3 6 3 8 3 10 3 12 3 14 3 16 3 3 4 15 4 9 6 8 9 10 9 9 12 3 14 15 14 2 15 4 15 6 15 8 15 10 15 12 15 14 15 16 15 3 16 7 16 11 16 15 16
< RES 1637330661 3 1
> REQ 1637330661 4 1
> VAMPIRE 1 17 15 3 0 2 0
> VAMPIRE 3 3 1 3 0 2 0
> VAMPIRE 4 15 1 3 0 2 0
> VAMPIRE 2 1 15 3 0 2 0
> GRENADE 1 15 15 3 2
> GRENADE 3 1 3 3 2
> GRENADE 4 17 3 3 2
> GRENADE 2 3 15 3 2
> BAT1 9 1 1 5 17 5 5 7 9 7 13 7 7 8 11 8 1 9 3 9 5 9 13 9 15 9 17 9 7 10 11 10 5 11 9 11 13 11 1 13 17 13 9 17
> BAT2 5 1 13 1 7 4 9 4 11 4 6 5 8 5 10 5 12 5 3 6 7 6 11 6 15 6 2 7 4 7 14 7 16 7 3 8 15 8 6 9 12 9 3 10 15 10 2 11 4 11 14 11 16 11 3 12 7 12 11 12 15 12 6 13 8 13 10 13 12 13 7 14 9 14 11 14 5 17 13 17
> BAT3 3 2 7 2 11 2 15 2 2 3 4 3 6 3 8 3 10 3 12 3 14 3 16 3 3 4 15 4 9 6 8 9 10 9 9 12 3 14 15 14 2 15 4 15 6 15 8 15 10 15 12 15 14 15 16 15 3 16 7 16 11 16 15 16
< RES 1637330661 4 1
> REQ 1637330661 5 1
> VAMPIRE 1 17 15 3 0 2 0
> VAMPIRE 3 3 1 3 0 2 0
> VAMPIRE 4 15 1 3 0 2 0
> VAMPIRE 2 1 15 3 0 2 0
> GRENADE 1 15 15 2 2
> GRENADE 3 1 3 2 2
> GRENADE 4 17 3 2 2
> GRENADE 2 3 15 2 2
> BAT1 9 1 1 5 17 5 5 7 9 7 13 7 7 8 11 8 1 9 3 9 5 9 13 9 15 9 17 9 7 10 11 10 5 11 9 11 13 11 1 13 17 13 9 17
> BAT2 5 1 13 1 7 4 9 4 11 4 6 5 8 5 10 5 12 5 3 6 7 6 11 6 15 6 2 7 4 7 14 7 16 7 3 8 15 8 6 9 12 9 3 10 15 10 2 11 4 11 14 11 16 11 3 12 7 12 11 12 15 12 6 13 8 13 10 13 12 13 7 14 9 14 11 14 5 17 13 17
> BAT3 3 2 7 2 11 2 15 2 2 3 4 3 6 3 8 3 10 3 12 3 14 3 16 3 3 4 15 4 9 6 8 9 10 9 9 12 3 14 15 14 2 15 4 15 6 15 8 15 10 15 12 15 14 15 16 15 3 16 7 16 11 16 15 16
< RES 1637330661 5 1
> REQ 1637330661 6 1
> VAMPIRE 1 17 15 3 0 2 0
> VAMPIRE 3 3 1 3 0 2 0
> VAMPIRE 4 15 1 3 0 2 0
> VAMPIRE 2 1 15 3 0 2 0
> GRENADE 1 15 15 1 2
> GRENADE 3 1 3 1 2
> GRENADE 4 17 3 1 2
> GRENADE 2 3 15 1 2
> BAT1 9 1 1 5 17 5 5 7 9 7 13 7 7 8 11 8 1 9 3 9 5 9 13 9 15 9 17 9 7 10 11 10 5 11 9 11 13 11 1 13 17 13 9 17
> BAT2 5 1 13 1 7 4 9 4 11 4 6 5 8 5 10 5 12 5 3 6 7 6 11 6 15 6 2 7 4 7 14 7 16 7 3 8 15 8 6 9 12 9 3 10 15 10 2 11 4 11 14 11 16 11 3 12 7 12 11 12 15 12 6 13 8 13 10 13 12 13 7 14 9 14 11 14 5 17 13 17
> BAT3 3 2 7 2 11 2 15 2 2 3 4 3 6 3 8 3 10 3 12 3 14 3 16 3 3 4 15 4 9 6 8 9 10 9 9 12 3 14 15 14 2 15 4 15 6 15 8 15 10 15 12 15 14 15 16 15 3 16 7 16 11 16 15 16
< RES 1637330661 6 1
> REQ 1637330661 7 1
> VAMPIRE 1 17 15 3 1 2 0
> VAMPIRE 3 4 1 3 1 2 0
> VAMPIRE 4 14 1 3 1 2 0
> VAMPIRE 2 1 15 3 1 2 0
> BAT1 9 1 5 7 9 7 13 7 7 8 11 8 1 9 3 9 5 9 13 9 15 9 17 9 7 10 11 10 5 11 9 11 13 11 1 13 17 13 9 17
> BAT2 5 1 13 1 7 4 9 4 11 4 6 5 8 5 10 5 12 5 3 6 7 6 11 6 15 6 2 7 4 7 14 7 16 7 3 8 15 8 6 9 12 9 3 10 15 10 2 11 4 11 14 11 16 11 3 12 7 12 11 12 15 12 6 13 8 13 10 13 12 13 7 14 9 14 11 14 5 17 13 17 2 3 16 3 3 14 15 14 2 15 4 15 14 15 16 15 3 16 15 16
> BAT3 3 2 7 2 11 2 15 2 4 3 6 3 8 3 10 3 12 3 14 3 3 4 15 4 9 6 8 9 10 9 9 12 6 15 8 15 10 15 12 15 7 16 11 16
< RES 1637330661 7 1
< GRENADE
> REQ 1637330661 8 1
> VAMPIRE 1 17 15 3 0 2 0
> VAMPIRE 3 4 1 3 0 2 0
> VAMPIRE 4 14 1 3 0 2 0
> VAMPIRE 2 1 15 3 0 2 0
> GRENADE 1 17 15 5 2
> GRENADE 3 4 1 5 2
> GRENADE 4 14 1 5 2
> GRENADE 2 1 15 5 2
> BAT1 9 1 5 7 9 7 13 7 7 8 11 8 1 9 3 9 5 9 13 9 15 9 17 9 7 10 11 10 5 11 9 11 13 11 1 13 17 13 9 17
> BAT2 5 1 13 1 7 4 9 4 11 4 6 5 8 5 10 5 12 5 3 6 7 6 11 6 15 6 2 7 4 7 14 7 16 7 3 8 15 8 6 9 12 9 3 10 15 10 2 11 4 11 14 11 16 11 3 12 7 12 11 12 15 12 6 13 8 13 10 13 12 13 7 14 9 14 11 14 5 17 13 17 2 3 16 3 3 14 15 14 2 15 4 15 14 15 16 15 3 16 15 16
> BAT3 3 2 7 2 11 2 15 2 4 3 6 3 8 3 10 3 12 3 14 3 3 4 15 4 9 6 8 9 10 9 9 12 6 15 8 15 10 15 12 15 7 16 11 16
< RES 1637330661 8 1
< THROW XU 2
> REQ 1637330661 9 1
> VAMPIRE 1 17 15 3 0 2 0
> VAMPIRE 3 3 1 3 0 2 0
> VAMPIRE 4 15 1 3 0 2 0
> VAMPIRE 2 1 15 3 0 2 0
> GRENADE 1 15 15 4 2
> GRENADE 3 7 1 4 2
> GRENADE 4 11 1 4 2
> GRENADE 2 3 15 4 2
> BAT1 9 1 5 7 9 7 13 7 7 8 11 8 1 9 3 9 5 9 13 9 15 9 17 9 7 10 11 10 5 11 9 11 13 11 1 13 17 13 9 17
> BAT2 5 1 13 1 7 4 9 4 11 4 6 5 8 5 10 5 12 5 3 6 7 6 11 6 15 6 2 7 4 7 14 7 16 7 3 8 15 8 6 9 12 9 3 10 15 10 2 11 4 11 14 11 16 11 3 12 7 12 11 12 15 12 6 13 8 13 10 13 12 13 7 14 9 14 11 14 5 17 13 17 2 3 16 3 3 14 15 14 2 15 4 15 14 15 16 15 3 16 15 16
> BAT3 3 2 7 2 11 2 15 2 4 3 6 3 8 3 10 3 12 3 14 3 3 4 15 4 9 6 8 9 10 9 9 12 6 15 8 15 10 15 12 15 7 16 11 16
< RES 1637330661 9 1
> REQ 1637330661 10 1
> VAMPIRE 1 17 15 3 0 2 0
> VAMPIRE 3 3 1 3 0 2 0
> VAMPIRE 4 15 1 3 0 2 0
> VAMPIRE 2 1 15 3 0 2 0
> GRENADE 1 15 15 3 2
> GRENADE 3 7 1 3 2
> GRENADE 4 11 1 3 2
> GRENADE 2 3 15 3 2
> BAT1 9 1 5 7 9 7 13 7 7 8 11 8 1 9 3 9 5 9 13 9 15 9 17 9 7 10 11 10 5 11 9 11 13 11 1 13 17 13 9 17
> BAT2 5 1 13 1 7 4 9 4 11 4 6 5 8 5 10 5 12 5 3 6 7 6 11 6 15 6 2 7 4 7 14 7 16 7 3 8 15 8 6 9 12 9 3 10 15 10 2 11 4 11 14 11 16 11 3 12 7 12 11 12 15 12 6 13 8 13 10 13 12 13 7 14 9 14 11 14 5 17 13 17 2 3 16 3 3 14 15 14 2 15 4 15 14 15 16 15 3 16 15 16
> BAT3 3 2 7 2 11 2 15 2 4 3 6 3 8 3 10 3 12 3 14 3 3 4 15 4 9 6 8 9 10 9 9 12 6 15 8 15 10 15 12 15 7 16 11 16
< RES 1637330661 10 1
> REQ 1637330661 11 1
> VAMPIRE 1 17 15 3 0 2 0
> VAMPIRE 3 3 1 3 0 2 0
> VAMPIRE 4 15 1 3 0 2 0
> VAMPIRE 2 1 15 3 0 2 0
> GRENADE 1 15 15 2 2
> GRENADE 3 7 1 2 2
> GRENADE 4 11 1 2 2
> GRENADE 2 3 15 2 2
> BAT1 9 1 5 7 9 7 13 7 7 8 11 8 1 9 3 9 5 9 13 9 15 9 17 9 7 10 11 10 5 11 9 11 13 11 1 13 17 13 9 17
> BAT2 5 1 13 1 7 4 9 4 11 4 6 5 8 5 10 5 12 5 3 6 7 6 11 6 15 6 2 7 4 7 14 7 16 7 3 8 15 8 6 9 12 9 3 10 15 10 2 11 4 11 14 11 16 11 3 12 7 12 11 12 15 12 6 13 8 13 10 13 12 13 7 14 9 14 11 14 5 17 13 17 2 3 16 3 3 14 15 14 2 15 4 15 14 15 16 15 3 16 15 16
> BAT3 3 2 7 2 11 2 15 2 4 3 6 3 8 3 10 3 12 3 14 3 3 4 15 4 9 6 8 9 10 9 9 12 6 15 8 15 10 15 12 15 7 16 11 16
< RES 1637330661 11 1
> REQ 1637330661 12 1
> VAMPIRE 1 17 15 3 0 2 0
> VAMPIRE 3 3 1 3 0 2 0
> VAMPIRE 4 15 1 3 0 2 0
> VAMPIRE 2 1 15 3 0 2 0
> GRENADE 1 15 15 1 2
> GRENADE 3 7 1 1 2
> GRENADE 4 11 1 1 2
> GRENADE 2 3 15 1 2
> BAT1 9 1 5 7 9 7 13 7 7 8 11 8 1 9 3 9 5 9 13 9 15 9 17 9 7 10 11 10 5 11 9 11 13 11 1 13 17 13 9 17
> BAT2 5 1 13 1 7 4 9 4 11 4 6 5 8 5 10 5 12 5 3 6 7 6 11 6 15 6 2 7 4 7 14 7 16 7 3 8 15 8 6 9 12 9 3 10 15 10 2 11 4 11 14 11 16 11 3 12 7 12 11 12 15 12 6 13 8 13 10 13 12 13 7 14 9 14 11 14 5 17 13 17 2 3 16 3 3 14 15 14 2 15 4 15 14 15 16 15 3 16 15 16
> BAT3 3 2 7 2 11 2 15 2 4 3 6 3 8 3 10 3 12 3 14 3 3 4 15 4 9 6 8 9 10 9 9 12 6 15 8 15 10 15 12 15 7 16 11 16
< RES 1637330661 12 1
> REQ 1637330661 13 1
> VAMPIRE 1 17 15 3 1 2 0
> VAMPIRE 3 3 1 3 1 2 0
> VAMPIRE 4 15 1 3 1 2 0
> VAMPIRE 2 1 15 3 1 2 0
> BAT1 5 7 9 7 13 7 7 8 11 8 1 9 3 9 5 9 13 9 15 9 17 9 7 10 11 10 5 11 9 11 13 11 1 13 17 13 9 17 5 1 13 1 3 14 15 14 2 15 4 15 14 15 16 15 3 16 15 16
> BAT2 7 4 9 4 11 4 6 5 8 5 10 5 12 5 3 6 7 6 11 6 15 6 2 7 4 7 14 7 16 7 3 8 15 8 6 9 12 9 3 10 15 10 2 11 4 11 14 11 16 11 3 12 7 12 11 12 15 12 6 13 8 13 10 13 12 13 7 14 9 14 11 14 5 17 13 17 7 2 11 2 2 3 16 3
> BAT3 3 2 15 2 4 3 6 3 8 3 10 3 12 3 14 3 3 4 15 4 9 6 8 9 10 9 9 12 6 15 8 15 10 15 12 15 7 16 11 16
< RES 1637330661 13 1
< GRENADE
> REQ 1637330661 14 1
> VAMPIRE 1 17 15 3 0 2 0
> VAMPIRE 3 1 1 3 0 2 0
> VAMPIRE 4 17 1 3 0 2 0
> VAMPIRE 2 1 15 3 0 2 0
> GRENADE 1 17 15 5 2
> GRENADE 3 3 1 5 2
> GRENADE 4 15 1 5 2
> GRENADE 2 1 15 5 2
> BAT1 5 7 9 7 13 7 7 8 11 8 1 9 3 9 5 9 13 9 15 9 17 9 7 10 11 10 5 11 9 11 13 11 1 13 17 13 9 17 5 1 13 1 3 14 15 14 2 15 4 15 14 15 16 15 3 16 15 16
> BAT2 7 4 9 4 11 4 6 5 8 5 10 5 12 5 3 6 7 6 11 6 15 6 2 7 4 7 14 7 16 7 3 8 15 8 6 9 12 9 3 10 15 10 2 11 4 11 14 11 16 11 3 12 7 12 11 12 15 12 6 13 8 13 10 13 12 13 7 14 9 14 11 14 5 17 13 17 7 2 11 2 2 3 16 3
> BAT3 3 2 15 2 4 3 6 3 8 3 10 3 12 3 14 3 3 4 15 4 9 6 8 9 10 9 9 12 6 15 8 15 10 15 12 15 7 16 11 16
< RES 1637330661 14 1
< THROW XU 2
> REQ 1637330661 15 1
> VAMPIRE 1 17 15 3 0 2 0
> VAMPIRE 3 1 3 3 0 2 0
> VAMPIRE 4 17 3 3 0 2 0
> VAMPIRE 2 1 15 3 0 2 0
> GRENADE 1 15 15 4 2
> GRENADE 3 3 1 4 2
> GRENADE 4 15 1 4 2
> GRENADE 2 3 15 4 2
> BAT1 5 7 9 7 13 7 7 8 11 8 1 9 3 9 5 9 13 9 15 9 17 9 7 10 11 10 5 11 9 11 13 11 1 13 17 13 9 17 5 1 13 1 3 14 15 14 2 15 4 15 14 15 16 15 3 16 15 16
> BAT2 7 4 9 4 11 4 6 5 8 5 10 5 12 5 3 6 7 6 11 6 15 6 2 7 4 7 14 7 16 7 3 8 15 8 6 9 12 9 3 10 15 10 2 11 4 11 14 11 16 11 3 12 7 12 11 12 15 12 6 13 8 13 10 13 12 13 7 14 9 14 11 14 5 17 13 17 7 2 11 2 2 3 16 3
> BAT3 3 2 15 2 4 3 6 3 8 3 10 3 12 3 14 3 3 4 15 4 9 6 8 9 10 9 9 12 6 15 8 15 10 15 12 15 7 16 11 16
< RES 1637330661 15 1
> REQ 1637330661 16 1
> VAMPIRE 1 17 15 3 0 2 0
> VAMPIRE 3 1 5 3 0 2 0
> VAMPIRE 4 17 5 3 0 2 0
> VAMPIRE 2 1 15 3 0 2 0
> GRENADE 1 15 15 3 2
> GRENADE 3 3 1 3 2
> GRENADE 4 15 1 3 2
> GRENADE 2 3 15 3 2
> BAT1 5 7 9 7 13 7 7 8 11 8 1 9 3 9 5 9 13 9 15 9 17 9 7 10 11 10 5 11 9 11 13 11 1 13 17 13 9 17 5 1 13 1 3 14 15 14 2 15 4 15 14 15 16 15 3 16 15 16
> BAT2 7 4 9 4 11 4 6 5 8 5 10 5 12 5 3 6 7 6 11 6 15 6 2 7 4 7 14 7 16 7 3 8 15 8 6 9 12 9 3 10 15 10 2 11 4 11 14 11 16 11 3 12 7 12 11 12 15 12 6 13 8 13 10 13 12 13 7 14 9 14 11 14 5 17 13 17 7 2 11 2 2 3 16 3
> BAT3 3 2 15 2 4 3 6 3 8 3 10 3 12 3 14 3 3 4 15 4 9 6 8 9 10 9 9 12 6 15 8 15 10 15 12 15 7 16 11 16
< RES 1637330661 16 1
> REQ 1637330661 17 1
> VAMPIRE 1 17 15 3 0 2 0
> VAMPIRE 3 3 5 3 0 2 0
> VAMPIRE 4 15 5 3 0 2 0
> VAMPIRE 2 1 15 3 0 2 0
> GRENADE 1 15 15 2 2
> GRENADE 3 3 1 2 2
> GRENADE 4 15 1 2 2
> GRENADE 2 3 15 2 2
> BAT1 5 7 9 7 13 7 7 8 11 8 1 9 3 9 5 9 13 9 15 9 17 9 7 10 11 10 5 11 9 11 13 11 1 13 17 13 9 17 5 1 13 1 3 14 15 14 2 15 4 15 14 15 16 15 3 16 15 16
> BAT2 7 4 9 4 11 4 6 5 8 5 10 5 12 5 3 6 7 6 11 6 15 6 2 7 4 7 14 7 16 7 3 8 15 8 6 9 12 9 3 10 15 10 2 11 4 11 14 11 16 11 3 12 7 12 11 12 15 12 6 13 8 13 10 13 12 13 7 14 9 14 11 14 5 17 13 17 7 2 11 2 2 3 16 3
> BAT3 3 2 15 2 4 3 6 3 8 3 10 3 12 3 14 3 3 4 15 4 9 6 8 9 10 9 9 12 6 15 8 15 10 15 12 15 7 16 11 16
< RES 1637330661 17 1
< MOVE R R
> REQ 1637330661 18 1
> VAMPIRE 1 17 17 3 0 2 0
> VAMPIRE 3 5 5 3 0 2 0
> VAMPIRE 4 13 5 3 0 2 0
> VAMPIRE 2 1 17 3 0 2 0
> GRENADE 1 15 15 1 2
> GRENADE 3 3 1 1 2
> GRENADE 4 15 1 1 2
> GRENADE 2 3 15 1 2
> BAT1 5 7 9 7 13 7 7 8 11 8 1 9 3 9 5 9 13 9 15 9 17 9 7 10 11 10 5 11 9 11 13 11 1 13 17 13 9 17 5 1 13 1 3 14 15 14 2 15 4 15 14 15 16 15 3 16 15 16
> BAT2 7 4 9 4 11 4 6 5 8 5 10 5 12 5 3 6 7 6 11 6 15 6 2 7 4 7 14 7 16 7 3 8 15 8 6 9 12 9 3 10 15 10 2 11 4 11 14 11 16 11 3 12 7 12 11 12 15 12 6 13 8 13 10 13 12 13 7 14 9 14 11 14 5 17 13 17 7 2 11 2 2 3 16 3
> BAT3 3 2 15 2 4 3 6 3 8 3 10 3 12 3 14 3 3 4 15 4 9 6 8 9 10 9 9 12 6 15 8 15 10 15 12 15 7 16 11 16
< RES 1637330661 18 1
< MOVE U U
> REQ 1637330661 19 1
> VAMPIRE 1 15 17 3 1 2 0
> VAMPIRE 3 5 3 3 1 2 0
> VAMPIRE 4 13 3 3 1 2 0
> VAMPIRE 2 3 17 3 1 2 0
> BAT1 5 7 9 7 13 7 7 8 11 8 1 9 3 9 5 9 13 9 15 9 17 9 7 10 11 10 5 11 9 11 13 11 1 13 17 13 9 17
> BAT2 7 4 9 4 11 4 6 5 8 5 10 5 12 5 3 6 7 6 11 6 15 6 2 7 4 7 14 7 16 7 3 8 15 8 6 9 12 9 3 10 15 10 2 11 4 11 14 11 16 11 3 12 7 12 11 12 15 12 6 13 8 13 10 13 12 13 7 14 9 14 11 14 5 17 13 17 3 2 7 2 11 2 15 2 2 3 16 3
> BAT3 4 3 6 3 8 3 10 3 12 3 14 3 3 4 15 4 9 6 8 9 10 9 9 12 6 15 8 15 10 15 12 15 7 16 11 16
< RES 1637330661 19 1
< GRENADE
> REQ 1637330661 20 1
> VAMPIRE 1 15 17 3 0 2 0
> VAMPIRE 3 5 5 3 1 2 0
> VAMPIRE 4 13 5 3 0 2 0
> VAMPIRE 2 3 17 3 0 2 0
> GRENADE 1 15 17 5 2
> GRENADE 4 13 3 5 2
> GRENADE 2 3 17 5 2
> BAT1 5 7 9 7 13 7 7 8 11 8 1 9 3 9 5 9 13 9 15 9 17 9 7 10 11 10 5 11 9 11 13 11 1 13 17 13 9 17
> BAT2 7 4 9 4 11 4 6 5 8 5 10 5 12 5 3 6 7 6 11 6 15 6 2 7 4 7 14 7 16 7 3 8 15 8 6 9 12 9 3 10 15 10 2 11 4 11 14 11 16 11 3 12 7 12 11 12 15 12 6 13 8 13 10 13 12 13 7 14 9 14 11 14 5 17 13 17 3 2 7 2 11 2 15 2 2 3 16 3
> BAT3 4 3 6 3 8 3 10 3 12 3 14 3 3 4 15 4 9 6 8 9 10 9 9 12 6 15 8 15 10 15 12 15 7 16 11 16
< RES 1637330661 20 1
< THROW XL 3
< MOVE L L
> REQ 1637330661 21 1
> VAMPIRE 1 15 15 3 0 2 0
> VAMPIRE 3 5 5 3 0 2 0
> VAMPIRE 4 15 5 3 0 2 0
> VAMPIRE 2 3 15 3 0 2 0
> GRENADE 1 15 14 4 2
> GRENADE 4 13 3 4 2
> GRENADE 2 3 14 4 2
> GRENADE 3 5 5 5 2
> BAT1 5 7 9 7 13 7 7 8 11 8 1 9 3 9 5 9 13 9 15 9 17 9 7 10 11 10 5 11 9 11 13 11 1 13 17 13 9 17
> BAT2 7 4 9 4 11 4 6 5 8 5 10 5 12 5 3 6 7 6 11 6 15 6 2 7 4 7 14 7 16 7 3 8 15 8 6 9 12 9 3 10 15 10 2 11 4 11 14 11 16 11 3 12 7 12 11 12 15 12 6 13 8 13 10 13 12 13 7 14 9 14 11 14 5 17 13 17 3 2 7 2 11 2 15 2 2 3 16 3
> BAT3 4 3 6 3 8 3 10 3 12 3 14 3 3 4 15 4 9 6 8 9 10 9 9 12 6 15 8 15 10 15 12 15 7 16 11 16
< RES 1637330661 21 1
< THROW L 3
> REQ 1637330661 22 1
> VAMPIRE 1 15 15 3 0 2 0
> VAMPIRE 3 5 5 3 0 2 0
> VAMPIRE 4 17 5 3 0 2 0
> VAMPIRE 2 3 15 3 0 2 0
> GRENADE 1 15 11 3 2
> GRENADE 4 13 3 3 2
> GRENADE 2 3 11 3 2
> GRENADE 3 7 5 4 2
> BAT1 5 7 9 7 13 7 7 8 11 8 1 9 3 9 5 9 13 9 15 9 17 9 7 10 11 10 5 11 9 11 13 11 1 13 17 13 9 17
> BAT2 7 4 9 4 11 4 6 5 8 5 10 5 12 5 3 6 7 6 11 6 15 6 2 7 4 7 14 7 16 7 3 8 15 8 6 9 12 9 3 10 15 10 2 11 4 11 14 11 16 11 3 12 7 12 11 12 15 12 6 13 8 13 10 13 12 13 7 14 9 14 11 14 5 17 13 17 3 2 7 2 11 2 15 2 2 3 16 3
> BAT3 4 3 6 3 8 3 10 3 12 3 14 3 3 4 15 4 9 6 8 9 10 9 9 12 6 15 8 15 10 15 12 15 7 16 11 16
< RES 1637330661 22 1
> REQ 1637330661 23 1
> VAMPIRE 1 15 15 3 0 2 0
> VAMPIRE 3 5 5 3 0 2 0
> VAMPIRE 4 17 5 3 0 2 0
> VAMPIRE 2 3 15 3 0 2 0
> GRENADE 1 15 11 2 2
> GRENADE 4 13 3 2 2
> GRENADE 2 3 11 2 2
> GRENADE 3 7 5 3 2
> BAT1 5 7 9 7 13 7 7 8 11 8 1 9 3 9 5 9 13 9 15 9 17 9 7 10 11 10 5 11 9 11 13 11 1 13 17 13 9 17
> BAT2 7 4 9 4 11 4 6 5 8 5 10 5 12 5 3 6 7 6 11 6 15 6 2 7 4 7 14 7 16 7 3 8 15 8 6 9 12 9 3 10 15 10 2 11 4 11 14 11 16 11 3 12 7 12 11 12 15 12 6 13 8 13 10 13 12 13 7 14 9 14 11 14 5 17 13 17 3 2 7 2 11 2 15 2 2 3 16 3
> BAT3 4 3 6 3 8 3 10 3 12 3 14 3 3 4 15 4 9 6 8 9 10 9 9 12 6 15 8 15 10 15 12 15 7 16 11 16
< RES 1637330661 23 1
< MOVE U U
> REQ 1637330661 24 1
> VAMPIRE 1 13 15 3 0 2 0
> VAMPIRE 3 5 5 3 0 2 0
> VAMPIRE 4 15 5 3 0 2 0
> VAMPIRE 2 3 15 3 0 2 0
> GRENADE 1 15 11 1 2
> GRENADE 4 13 3 1 2
> GRENADE 2 3 11 1 2
> GRENADE 3 7 5 2 2
> BAT1 5 7 9 7 13 7 7 8 11 8 1 9 3 9 5 9 13 9 15 9 17 9 7 10 11 10 5 11 9 11 13 11 1 13 17 13 9 17
> BAT2 7 4 9 4 11 4 6 5 8 5 10 5 12 5 3 6 7 6 11 6 15 6 2 7 4 7 14 7 16 7 3 8 15 8 6 9 12 9 3 10 15 10 2 11 4 11 14 11 16 11 3 12 7 12 11 12 15 12 6 13 8 13 10 13 12 13 7 14 9 14 11 14 5 17 13 17 3 2 7 2 11 2 15 2 2 3 16 3
> BAT3 4 3 6 3 8 3 10 3 12 3 14 3 3 4 15 4 9 6 8 9 10 9 9 12 6 15 8 15 10 15 12 15 7 16 11 16
< RES 1637330661 24 1
< MOVE L L
> REQ 1637330661 25 1
> VAMPIRE 1 13 13 3 1 2 0
> VAMPIRE 3 5 5 3 0 2 0
> VAMPIRE 4 13 5 3 1 2 0
> VAMPIRE 2 3 13 3 1 2 0
> GRENADE 3 7 5 1 2
> BAT1 5 7 9 7 13 7 7 8 11 8 1 9 3 9 5 9 13 9 15 9 17 9 7 10 11 10 5 11 9 11 13 11 1 13 17 13 9 17 3 10 15 10 2 11 4 11 14 11 16 11 3 12 15 12
> BAT2 7 4 9 4 11 4 6 5 8 5 10 5 12 5 3 6 7 6 11 6 15 6 2 7 4 7 14 7 16 7 3 8 15 8 6 9 12 9 7 12 11 12 6 13 8 13 10 13 12 13 7 14 9 14 11 14 5 17 13 17 3 2 7 2 11 2 15 2 2 3 12 3 14 3 16 3
> BAT3 4 3 6 3 8 3 10 3 3 4 15 4 9 6 8 9 10 9 9 12 6 15 8 15 10 15 12 15 7 16 11 16
< RES 1637330661 25 1
< GRENADE
> REQ 1637330661 26 1
> VAMPIRE 1 13 13 3 0 2 0
> VAMPIRE 3 5 5 3 1 2 0
> VAMPIRE 4 13 5 3 0 2 0
> VAMPIRE 2 3 13 3 0 2 0
> GRENADE 1 13 13 5 2
> GRENADE 4 13 5 5 2
> GRENADE 2 3 13 5 2
> BAT1 5 7 9 7 13 7 7 8 11 8 1 9 3 9 5 9 13 9 15 9 17 9 7 10 11 10 5 11 9 11 13 11 1 13 17 13 9 17 7 4 6 5 8 5 7 6 3 10 15 10 2 11 4 11 14 11 16 11 3 12 15 12
> BAT2 9 4 11 4 10 5 12 5 3 6 11 6 15 6 2 7 4 7 14 7 16 7 3 8 15 8 6 9 12 9 7 12 11 12 6 13 8 13 10 13 12 13 7 14 9 14 11 14 5 17 13 17 3 2 7 2 11 2 15 2 2 3 12 3 14 3 16 3
> BAT3 4 3 6 3 8 3 10 3 3 4 15 4 9 6 8 9 10 9 9 12 6 15 8 15 10 15 12 15 7 16 11 16
< RES 1637330661 26 1
< THROW XU 2
< MOVE R R
> REQ 1637330661 27 1
> VAMPIRE 1 13 15 3 0 2 0
> VAMPIRE 3 5 5 3 0 2 0
> VAMPIRE 4 13 5 3 0 2 0
> VAMPIRE 2 3 15 3 0 2 0
> GRENADE 1 11 13 4 2
> GRENADE 4 11 5 4 2
> GRENADE 2 3 11 4 2
> GRENADE 3 5 5 5 2
> BAT1 5 7 9 7 13 7 7 8 11 8 1 9 3 9 5 9 13 9 15 9 17 9 7 10 11 10 5 11 9 11 13 11 1 13 17 13 9 17 7 4 6 5 8 5 7 6 3 10 15 10 2 11 4 11 14 11 16 11 3 12 15 12
> BAT2 9 4 11 4 10 5 12 5 3 6 11 6 15 6 2 7 4 7 14 7 16 7 3 8 15 8 6 9 12 9 7 12 11 12 6 13 8 13 10 13 12 13 7 14 9 14 11 14 5 17 13 17 3 2 7 2 11 2 15 2 2 3 12 3 14 3 16 3
> BAT3 4 3 6 3 8 3 10 3 3 4 15 4 9 6 8 9 10 9 9 12 6 15 8 15 10 15 12 15 7 16 11 16
< RES 1637330661 27 1
< MOVE D D
> REQ 1637330661 28 1
> VAMPIRE 1 15 15 3 0 2 0
> VAMPIRE 3 5 5 3 0 2 0
> VAMPIRE 4 13 5 3 0 2 0
> VAMPIRE 2 3 15 3 0 2 0
> GRENADE 1 11 13 3 2
> GRENADE 4 11 5 3 2
> GRENADE 2 3 11 3 2
> GRENADE 3 7 5 4 2
> BAT1 5 7 9 7 13 7 7 8 11 8 1 9 3 9 5 9 13 9 15 9 17 9 7 10 11 10 5 11 9 11 13 11 1 13 17 13 9 17 7 4 6 5 8 5 7 6 3 10 15 10 2 11 4 11 14 11 16 11 3 12 15 12
> BAT2 9 4 11 4 10 5 12 5 3 6 11 6 15 6 2 7 4 7 14 7 16 7 3 8 15 8 6 9 12 9 7 12 11 12 6 13 8 13 10 13 12 13 7 14 9 14 11 14 5 17 13 17 3 2 7 2 11 2 15 2 2 3 12 3 14 3 16 3
> BAT3 4 3 6 3 8 3 10 3 3 4 15 4 9 6 8 9 10 9 9 12 6 15 8 15 10 15 12 15 7 16 11 16
< RES 1637330661 28 1
> REQ 1637330661 29 1
> VAMPIRE 1 15 15 3 0 2 0
> VAMPIRE 3 5 5 3 0 2 0
> VAMPIRE 4 13 5 3 0 2 0
> VAMPIRE 2 3 15 3 0 2 0
> GRENADE 1 11 13 2 2
> GRENADE 4 11 5 2 2
> GRENADE 2 3 11 2 2
> GRENADE 3 7 5 3 2
> BAT1 5 7 9 7 13 7 7 8 11 8 1 9 3 9 5 9 13 9 15 9 17 9 7 10 11 10 5 11 9 11 13 11 1 13 17 13 9 17 7 4 6 5 8 5 7 6 3 10 15 10 2 11 4 11 14 11 16 11 3 12 15 12
> BAT2 9 4 11 4 10 5 12 5 3 6 11 6 15 6 2 7 4 7 14 7 16 7 3 8 15 8 6 9 12 9 7 12 11 12 6 13 8 13 10 13 12 13 7 14 9 14 11 14 5 17 13 17 3 2 7 2 11 2 15 2 2 3 12 3 14 3 16 3
> BAT3 4 3 6 3 8 3 10 3 3 4 15 4 9 6 8 9 10 9 9 12 6 15 8 15 10 15 12 15 7 16 11 16
< RES 1637330661 29 1
< MOVE U U
> REQ 1637330661 30 1
> VAMPIRE 1 13 15 3 0 2 0
> VAMPIRE 3 5 5 3 0 2 0
> VAMPIRE 4 13 5 3 0 2 0
> VAMPIRE 2 5 15 3 0 2 0
> GRENADE 1 11 13 1 2
> GRENADE 4 11 5 1 2
> GRENADE 2 3 11 1 2
> GRENADE 3 7 5 2 2
> BAT1 5 7 9 7 13 7 7 8 11 8 1 9 3 9 5 9 13 9 15 9 17 9 7 10 11 10 5 11 9 11 13 11 1 13 17 13 9 17 7 4 6 5 8 5 7 6 3 10 15 10 2 11 4 11 14 11 16 11 3 12 15 12
> BAT2 9 4 11 4 10 5 12 5 3 6 11 6 15 6 2 7 4 7 14 7 16 7 3 8 15 8 6 9 12 9 7 12 11 12 6 13 8 13 10 13 12 13 7 14 9 14 11 14 5 17 13 17 3 2 7 2 11 2 15 2 2 3 12 3 14 3 16 3
> BAT3 4 3 6 3 8 3 10 3 3 4 15 4 9 6 8 9 10 9 9 12 6 15 8 15 10 15 12 15 7 16 11 16
< RES 1637330661 30 1
< MOVE L L
> REQ 1637330661 31 1
> VAMPIRE 1 13 13 3 1 2 0
> VAMPIRE 3 3 5 3 0 2 0
> VAMPIRE 4 13 5 3 1 2 0
> VAMPIRE 2 5 13 3 1 2 0
> GRENADE 3 7 5 1 2
> BAT1 5 7 9 7 13 7 7 8 11 8 1 9 3 9 5 9 13 9 15 9 17 9 7 10 11 10 5 11 9 11 13 11 1 13 17 13 9 17 7 4 11 4 6 5 8 5 10 5 12 5 7 6 11 6 15 10 14 11 16 11 11 12 15 12 10 13 12 13 11 14
> BAT2 9 4 3 6 15 6 2 7 4 7 14 7 16 7 3 8 15 8 6 9 12 9 7 12 6 13 8 13 7 14 9 14 5 17 13 17 3 2 7 2 11 2 15 2 2 3 12 3 14 3 16 3
> BAT3 4 3 6 3 8 3 10 3 3 4 15 4 9 6 8 9 10 9 9 12 6 15 8 15 10 15 12 15 7 16 11 16
< RES 1637330661 31 1
< GRENADE
> REQ 1637330661 32 1
> VAMPIRE 1 13 13 3 0 2 0
> VAMPIRE 3 3 5 3 1 2 0
> VAMPIRE 4 13 5 3 0 2 0
> VAMPIRE 2 5 13 3 0 2 0
> GRENADE 1 13 13 5 2
> GRENADE 4 13 5 5 2
> GRENADE 2 5 13 5 2
> BAT1 5 7 9 7 13 7 7 8 11 8 1 9 3 9 5 9 13 9 15 9 17 9 7 10 11 10 5 11 9 11 13 11 1 13 17 13 9 17 11 4 10 5 12 5 11 6 15 10 14 11 16 11 11 12 15 12 10 13 12 13 11 14
> BAT2 9 4 3 6 15 6 2 7 4 7 14 7 16 7 3 8 15 8 6 9 12 9 7 12 6 13 8 13 7 14 9 14 5 17 13 17 3 2 7 2 11 2 15 2 2 3 12 3 14 3 16 3
> BAT3 4 3 6 3 8 3 10 3 3 4 15 4 9 6 8 9 10 9 9 12 6 15 8 15 10 15 12 15 7 16 11 16
< RES 1637330661 32 1
< THROW XU 2
< MOVE R R
> REQ 1637330661 33 1
> VAMPIRE 1 13 15 3 0 2 0
> VAMPIRE 3 5 5 3 0 2 0
> VAMPIRE 4 13 5 3 0 2 0
> VAMPIRE 2 5 13 3 0 2 0
> GRENADE 1 11 13 4 2
> GRENADE 4 11 5 4 2
> GRENADE 2 7 13 4 2
> GRENADE 3 3 5 5 2
> BAT1 5 7 9 7 13 7 7 8 11 8 1 9 3 9 5 9 13 9 15 9 17 9 7 10 11 10 5 11 9 11 13 11 1 13 17 13 9 17 11 4 10 5 12 5 11 6 15 10 14 11 16 11 11 12 15 12 10 13 12 13 11 14
> BAT2 9 4 3 6 15 6 2 7 4 7 14 7 16 7 3 8 15 8 6 9 12 9 7 12 6 13 8 13 7 14 9 14 5 17 13 17 3 2 7 2 11 2 15 2 2 3 12 3 14 3 16 3
> BAT3 4 3 6 3 8 3 10 3 3 4 15 4 9 6 8 9 10 9 9 12 6 15 8 15 10 15 12 15 7 16 11 16
< RES 1637330661 33 1
< MOVE D D
> REQ 1637330661 34 1
> VAMPIRE 1 15 15 3 0 2 0
> VAMPIRE 3 7 5 3 0 2 0
> VAMPIRE 4 13 5 3 0 2 0
> VAMPIRE 2 3 13 3 0 2 0
> GRENADE 1 11 13 3 2
> GRENADE 4 11 5 3 2
> GRENADE 2 7 13 3 2
> GRENADE 3 3 5 4 2
> BAT1 5 7 9 7 13 7 7 8 11 8 1 9 3 9 5 9 13 9 15 9 17 9 7 10 11 10 5 11 9 11 13 11 1 13 17 13 9 17 11 4 10 5 12 5 11 6 15 10 14 11 16 11 11 12 15 12 10 13 12 13 11 14
> BAT2 9 4 3 6 15 6 2 7 4 7 14 7 16 7 3 8 15 8 6 9 12 9 7 12 6 13 8 13 7 14 9 14 5 17 13 17 3 2 7 2 11 2 15 2 2 3 12 3 14 3 16 3
> BAT3 4 3 6 3 8 3 10 3 3 4 15 4 9 6 8 9 10 9 9 12 6 15 8 15 10 15 12 15 7 16 11 16
< RES 1637330661 34 1
> REQ 1637330661 35 1
> VAMPIRE 1 15 15 3 0 2 0
> VAMPIRE 3 7 5 3 0 2 0
> VAMPIRE 4 13 5 3 0 2 0
> VAMPIRE 2 3 13 3 0 2 0
> GRENADE 1 11 13 2 2
> GRENADE 4 11 5 2 2
> GRENADE 2 7 13 2 2
> GRENADE 3 3 5 3 2
> BAT1 5 7 9 7 13 7 7 8 11 8 1 9 3 9 5 9 13 9 15 9 17 9 7 10 11 10 5 11 9 11 13 11 1 13 17 13 9 17 11 4 10 5 12 5 11 6 15 10 14 11 16 11 11 12 15 12 10 13 12 13 11 14
> BAT2 9 4 3 6 15 6 2 7 4 7 14 7 16 7 3 8 15 8 6 9 12 9 7 12 6 13 8 13 7 14 9 14 5 17 13 17 3 2 7 2 11 2 15 2 2 3 12 3 14 3 16 3
> BAT3 4 3 6 3 8 3 10 3 3 4 15 4 9 6 8 9 10 9 9 12 6 15 8 15 10 15 12 15 7 16 11 16
< RES 1637330661 35 1
< MOVE U U
> REQ 1637330661 36 1
> VAMPIRE 1 13 15 3 0 2 0
> VAMPIRE 3 6 5 3 0 2 0
> VAMPIRE 4 15 5 3 0 2 0
> VAMPIRE 2 3 11 3 0 2 0
> GRENADE 1 11 13 1 2
> GRENADE 4 11 5 1 2
> GRENADE 2 7 13 1 2
> GRENADE 3 3 5 2 2
> BAT1 5 7 9 7 13 7 7 8 11 8 1 9 3 9 5 9 13 9 15 9 17 9 7 10 11 10 5 11 9 11 13 11 1 13 17 13 9 17 11 4 10 5 12 5 11 6 15 10 14 11 16 11 11 12 15 12 10 13 12 13 11 14
> BAT2 9 4 3 6 15 6 2 7 4 7 14 7 16 7 3 8 15 8 6 9 12 9 7 12 6 13 8 13 7 14 9 14 5 17 13 17 3 2 7 2 11 2 15 2 2 3 12 3 14 3 16 3
> BAT3 4 3 6 3 8 3 10 3 3 4 15 4 9 6 8 9 10 9 9 12 6 15 8 15 10 15 12 15 7 16 11 16
< RES 1637330661 36 1
> REQ 1637330661 37 1
> VAMPIRE 1 13 15 3 1 2 0
> VAMPIRE 3 7 4 3 0 2 0
> VAMPIRE 4 15 5 3 1 2 0
> VAMPIRE 2 4 11 3 1 2 0
> GRENADE 3 3 5 1 2
> BAT1 5 7 9 7 13 7 7 8 11 8 1 9 3 9 5 9 13 9 15 9 17 9 7 10 11 10 5 11 9 11 13 11 1 13 17 13 9 17 15 10 14 11 16 11 7 12 15 12 6 13 8 13 7 14
> BAT2 9 4 3 6 15 6 2 7 4 7 14 7 16 7 3 8 15 8 6 9 12 9 9 14 5 17 13 17 3 2 7 2 11 2 15 2 2 3 12 3 14 3 16 3
> BAT3 4 3 6 3 8 3 10 3 3 4 15 4 9 6 8 9 10 9 9 12 6 15 8 15 10 15 12 15 7 16 11 16
< RES 1637330661 37 1
< GRENADE
> REQ 1637330661 38 1
> VAMPIRE 1 13 15 3 0 2 0
> VAMPIRE 3 7 3 3 1 2 0
> VAMPIRE 4 13 5 3 0 2 0
> VAMPIRE 2 4 11 3 0 2 0
> GRENADE 1 13 15 5 2
> GRENADE 4 15 5 5 2
> GRENADE 2 4 11 5 2
> BAT1 5 7 9 7 13 7 7 8 11 8 1 9 3 9 5 9 13 9 15 9 17 9 7 10 11 10 5 11 9 11 13 11 1 13 17 13 9 17 3 6 15 10 14 11 16 11 7 12 15 12 6 13 8 13 7 14
> BAT2 9 4 15 6 2 7 4 7 14 7 16 7 3 8 15 8 6 9 12 9 9 14 5 17 13 17 3 2 7 2 11 2 15 2 2 3 12 3 14 3 16 3 3 4
> BAT3 4 3 6 3 8 3 10 3 15 4 9 6 8 9 10 9 9 12 6 15 8 15 10 15 12 15 7 16 11 16
< RES 1637330661 38 1
< THROW XU 2
< MOVE L L
> REQ 1637330661 39 1
> VAMPIRE 1 13 13 3 0 2 0
> VAMPIRE 3 7 5 3 0 2 0
> VAMPIRE 4 11 5 3 0 2 0
> VAMPIRE 2 3 11 3 0 2 0
> GRENADE 1 11 15 4 2
> GRENADE 4 15 5 4 2
> GRENADE 2 7 11 4 2
> GRENADE 3 7 3 5 2
> BAT1 5 7 9 7 13 7 7 8 11 8 1 9 3 9 5 9 13 9 15 9 17 9 7 10 11 10 5 11 9 11 13 11 1 13 17 13 9 17 3 6 15 10 14 11 16 11 7 12 15 12 6 13 8 13 7 14
> BAT2 9 4 15 6 2 7 4 7 14 7 16 7 3 8 15 8 6 9 12 9 9 14 5 17 13 17 3 2 7 2 11 2 15 2 2 3 12 3 14 3 16 3 3 4
> BAT3 4 3 6 3 8 3 10 3 15 4 9 6 8 9 10 9 9 12 6 15 8 15 10 15 12 15 7 16 11 16
< RES 1637330661 39 1
> REQ 1637330661 40 1
> VAMPIRE 1 13 13 3 0 2 0
> VAMPIRE 3 5 5 3 0 2 0
> VAMPIRE 4 11 7 3 0 2 0
> VAMPIRE 2 3 11 3 0 2 0
> GRENADE 1 11 15 3 2
> GRENADE 4 15 5 3 2
> GRENADE 2 7 11 3 2
> GRENADE 3 7 3 4 2
> BAT1 5 7 9 7 13 7 7 8 11 8 1 9 3 9 5 9 13 9 15 9 17 9 7 10 11 10 5 11 9 11 13 11 1 13 17 13 9 17 3 6 15 10 14 11 16 11 7 12 15 12 6 13 8 13 7 14
> BAT2 9 4 15 6 2 7 4 7 14 7 16 7 3 8 15 8 6 9 12 9 9 14 5 17 13 17 3 2 7 2 11 2 15 2 2 3 12 3 14 3 16 3 3 4
> BAT3 4 3 6 3 8 3 10 3 15 4 9 6 8 9 10 9 9 12 6 15 8 15 10 15 12 15 7 16 11 16
< RES 1637330661 40 1
> REQ 1637330661 41 1
> VAMPIRE 1 13 13 3 0 2 0
> VAMPIRE 3 5 5 3 0 2 0
> VAMPIRE 4 11 5 3 0 2 0
> VAMPIRE 2 3 11 3 0 2 0
> GRENADE 1 11 15 2 2
> GRENADE 4 15 5 2 2
> GRENADE 2 7 11 2 2
> GRENADE 3 7 3 3 2
> BAT1 5 7 9 7 13 7 7 8 11 8 1 9 3 9 5 9 13 9 15 9 17 9 7 10 11 10 5 11 9 11 13 11 1 13 17 13 9 17 3 6 15 10 14 11 16 11 7 12 15 12 6 13 8 13 7 14
> BAT2 9 4 15 6 2 7 4 7 14 7 16 7 3 8 15 8 6 9 12 9 9 14 5 17 13 17 3 2 7 2 11 2 15 2 2 3 12 3 14 3 16 3 3 4
> BAT3 4 3 6 3 8 3 10 3 15 4 9 6 8 9 10 9 9 12 6 15 8 15 10 15 12 15 7 16 11 16
< RES 1637330661 41 1
> REQ 1637330661 42 1
> VAMPIRE 1 13 13 3 0 2 0
> VAMPIRE 3 5 5 3 0 2 0
> VAMPIRE 4 11 7 3 0 2 0
> VAMPIRE 2 1 11 3 0 2 0
> GRENADE 1 11 15 1 2
> GRENADE 4 15 5 1 2
> GRENADE 2 7 11 1 2
> GRENADE 3 7 3 2 2
> BAT1 5 7 9 7 13 7 7 8 11 8 1 9 3 9 5 9 13 9 15 9 17 9 7 10 11 10 5 11 9 11 13 11 1 13 17 13 9 17 3 6 15 10 14 11 16 11 7 12 15 12 6 13 8 13 7 14
> BAT2 9 4 15 6 2 7 4 7 14 7 16 7 3 8 15 8 6 9 12 9 9 14 5 17 13 17 3 2 7 2 11 2 15 2 2 3 12 3 14 3 16 3 3 4
> BAT3 4 3 6 3 8 3 10 3 15 4 9 6 8 9 10 9 9 12 6 15 8 15 10 15 12 15 7 16 11 16
< RES 1637330661 42 1
< MOVE D D
> REQ 1637330661 43 1
> VAMPIRE 1 15 13 3 1 2 0
> VAMPIRE 3 5 5 3 0 2 0
> VAMPIRE 4 11 7 3 1 2 0
> VAMPIRE 2 1 10 3 1 2 0
> GRENADE 3 7 3 1 2
> BAT1 5 7 9 7 13 7 7 8 11 8 1 9 3 9 5 9 13 9 15 9 17 9 11 10 13 11 1 13 17 13 9 17 3 6 15 6 15 10 14 11 16 11 15 12 6 13 8 13 7 14
> BAT2 9 4 2 7 4 7 14 7 16 7 3 8 15 8 6 9 12 9 9 14 5 17 13 17 3 2 7 2 11 2 15 2 2 3 12 3 14 3 16 3 3 4 15 4 10 15 12 15 11 16
> BAT3 4 3 6 3 8 3 10 3 9 6 8 9 10 9 9 12 6 15 8 15 7 16
< RES 1637330661 43 1
< GRENADE
> REQ 1637330661 44 1
> VAMPIRE 1 15 13 3 0 2 0
> VAMPIRE 3 3 5 3 1 2 0
> VAMPIRE 4 11 7 3 0 2 0
> VAMPIRE 2 1 10 3 0 2 0
> GRENADE 1 15 13 5 2
> GRENADE 4 11 7 5 2
> GRENADE 2 1 10 5 2
> BAT1 5 7 9 7 13 7 7 8 11 8 1 9 3 9 5 9 13 9 15 9 17 9 11 10 13 11 1 13 17 13 9 17 3 6 15 6 15 10 14 11 16 11 15 12 6 13 8 13 7 14 7 2
> BAT2 9 4 2 7 4 7 14 7 16 7 3 8 15 8 6 9 12 9 9 14 5 17 13 17 3 2 11 2 15 2 2 3 6 3 8 3 12 3 14 3 16 3 3 4 15 4 10 15 12 15 11 16
> BAT3 4 3 10 3 9 6 8 9 10 9 9 12 6 15 8 15 7 16
< RES 1637330661 44 1
< THROW XL 2
< MOVE U U
> REQ 1637330661 45 1
> VAMPIRE 1 13 13 3 0 2 0
> VAMPIRE 3 5 5 3 0 2 0
> VAMPIRE 4 11 5 3 0 2 0
> VAMPIRE 2 1 10 3 0 2 0
> GRENADE 1 15 11 4 2
> GRENADE 4 11 9 4 2
> GRENADE 2 1 7 4 2
> GRENADE 3 3 5 5 2
> BAT1 5 7 9 7 13 7 7 8 11 8 1 9 3 9 5 9 13 9 15 9 17 9 11 10 13 11 1 13 17 13 9 17 3 6 15 6 15 10 14 11 16 11 15 12 6 13 8 13 7 14 7 2
> BAT2 9 4 2 7 4 7 14 7 16 7 3 8 15 8 6 9 12 9 9 14 5 17 13 17 3 2 11 2 15 2 2 3 6 3 8 3 12 3 14 3 16 3 3 4 15 4 10 15 12 15 11 16
> BAT3 4 3 10 3 9 6 8 9 10 9 9 12 6 15 8 15 7 16
< RES 1637330661 45 1
> REQ 1637330661 46 1
> VAMPIRE 1 13 13 3 0 2 0
> VAMPIRE 3 6 5 3 0 2 0
> VAMPIRE 4 13 5 3 0 2 0
> VAMPIRE 2 1 11 3 0 2 0
> GRENADE 1 15 11 3 2
> GRENADE 4 11 9 3 2
> GRENADE 2 1 7 3 2
> GRENADE 3 3 5 4 2
> BAT1 5 7 9 7 13 7 7 8 11 8 1 9 3 9 5 9 13 9 15 9 17 9 11 10 13 11 1 13 17 13 9 17 3 6 15 6 15 10 14 11 16 11 15 12 6 13 8 13 7 14 7 2
> BAT2 9 4 2 7 4 7 14 7 16 7 3 8 15 8 6 9 12 9 9 14 5 17 13 17 3 2 11 2 15 2 2 3 6 3 8 3 12 3 14 3 16 3 3 4 15 4 10 15 12 15 11 16
> BAT3 4 3 10 3 9 6 8 9 10 9 9 12 6 15 8 15 7 16
< RES 1637330661 46 1
> REQ 1637330661 47 1
> VAMPIRE 1 13 13 3 0 2 0
> VAMPIRE 3 7 5 3 0 2 0
> VAMPIRE 4 13 5 3 0 2 0
> VAMPIRE 2 3 11 3 0 2 0
> GRENADE 1 15 11 2 2
> GRENADE 4 11 9 2 2
> GRENADE 2 1 7 2 2
> GRENADE 3 3 5 3 2
> BAT1 5 7 9 7 13 7 7 8 11 8 1 9 3 9 5 9 13 9 15 9 17 9 11 10 13 11 1 13 17 13 9 17 3 6 15 6 15 10 14 11 16 11 15 12 6 13 8 13 7 14 7 2
> BAT2 9 4 2 7 4 7 14 7 16 7 3 8 15 8 6 9 12 9 9 14 5 17 13 17 3 2 11 2 15 2 2 3 6 3 8 3 12 3 14 3 16 3 3 4 15 4 10 15 12 15 11 16
> BAT3 4 3 10 3 9 6 8 9 10 9 9 12 6 15 8 15 7 16
< RES 1637330661 47 1
< MOVE U U
> REQ 1637330661 48 1
> VAMPIRE 1 11 13 3 0 2 0
> VAMPIRE 3 7 5 3 0 2 0
> VAMPIRE 4 11 5 3 0 2 0
> VAMPIRE 2 3 13 3 0 2 0
> GRENADE 1 15 11 1 2
> GRENADE 4 11 9 1 2
> GRENADE 2 1 7 1 2
> GRENADE 3 3 5 2 2
> BAT1 5 7 9 7 13 7 7 8 11 8 1 9 3 9 5 9 13 9 15 9 17 9 11 10 13 11 1 13 17 13 9 17 3 6 15 6 15 10 14 11 16 11 15 12 6 13 8 13 7 14 7 2
> BAT2 9 4 2 7 4 7 14 7 16 7 3 8 15 8 6 9 12 9 9 14 5 17 13 17 3 2 11 2 15 2 2 3 6 3 8 3 12 3 14 3 16 3 3 4 15 4 10 15 12 15 11 16
> BAT3 4 3 10 3 9 6 8 9 10 9 9 12 6 15 8 15 7 16
< RES 1637330661 48 1
< MOVE R R
> REQ 1637330661 49 1
> VAMPIRE 1 11 15 3 1 2 0
> VAMPIRE 3 7 7 3 0 2 0
> VAMPIRE 4 11 3 3 1 2 0
> VAMPIRE 2 5 13 3 1 2 0
> GRENADE 3 3 5 1 2
> BAT1 5 7 9 7 13 7 7 8 3 9 5 9 13 9 15 9 17 9 13 11 1 13 17 13 9 17 3 6 15 6 2 7 12 9 6 13 8 13 7 14 7 2
> BAT2 9 4 4 7 14 7 16 7 3 8 15 8 6 9 9 14 5 17 13 17 3 2 11 2 15 2 2 3 6 3 8 3 12 3 14 3 16 3 3 4 15 4 10 9 10 15 12 15 11 16
> BAT3 4 3 10 3 9 6 8 9 9 12 6 15 8 15 7 16
< RES 1637330661 49 1
< GRENADE
> REQ 1637330661 50 1
> VAMPIRE 1 11 15 3 0 2 0
> VAMPIRE 3 7 7 3 1 2 0
> VAMPIRE 4 11 5 3 0 2 0
> VAMPIRE 2 5 13 3 0 2 0
> GRENADE 1 11 15 5 2
> GRENADE 4 11 3 5 2
> GRENADE 2 5 13 5 2
> BAT1 5 7 9 7 13 7 7 8 3 9 5 9 13 9 15 9 17 9 13 11 1 13 17 13 9 17 15 6 2 7 12 9 6 13 8 13 7 14 7 2 3 4
> BAT2 9 4 4 7 14 7 16 7 3 8 15 8 6 9 9 14 5 17 13 17 3 2 11 2 15 2 2 3 6 3 8 3 12 3 14 3 16 3 15 4 10 9 10 15 12 15 11 16
> BAT3 4 3 10 3 9 6 8 9 9 12 6 15 8 15 7 16
< RES 1637330661 50 1
< THROW XU 2
< MOVE L L
> REQ 1637330661 51 1
> VAMPIRE 1 11 13 3 0 2 0
> VAMPIRE 3 7 5 3 0 2 0
> VAMPIRE 4 13 5 3 0 2 0
> VAMPIRE 2 5 11 3 0 2 0
> GRENADE 1 9 15 4 2
> GRENADE 4 11 3 4 2
> GRENADE 2 7 13 4 2
> GRENADE 3 7 7 5 2
> BAT1 5 7 9 7 13 7 7 8 3 9 5 9 13 9 15 9 17 9 13 11 1 13 17 13 9 17 15 6 2 7 12 9 6 13 8 13 7 14 7 2 3 4
> BAT2 9 4 4 7 14 7 16 7 3 8 15 8 6 9 9 14 5 17 13 17 3 2 11 2 15 2 2 3 6 3 8 3 12 3 14 3 16 3 15 4 10 9 10 15 12 15 11 16
> BAT3 4 3 10 3 9 6 8 9 9 12 6 15 8 15 7 16
< RES 1637330661 51 1
< MOVE D D
> REQ 1637330661 52 1
> VAMPIRE 1 13 13 3 0 2 0
> VAMPIRE 3 5 5 3 0 2 0
> VAMPIRE 4 13 5 3 0 2 0
> VAMPIRE 2 6 11 3 0 2 0
> GRENADE 1 9 15 3 2
> GRENADE 4 11 3 3 2
> GRENADE 2 7 13 3 2
> GRENADE 3 7 7 4 2
> BAT1 5 7 9 7 13 7 7 8 3 9 5 9 13 9 15 9 17 9 13 11 1 13 17 13 9 17 15 6 2 7 12 9 6 13 8 13 7 14 7 2 3 4
> BAT2 9 4 4 7 14 7 16 7 3 8 15 8 6 9 9 14 5 17 13 17 3 2 11 2 15 2 2 3 6 3 8 3 12 3 14 3 16 3 15 4 10 9 10 15 12 15 11 16
> BAT3 4 3 10 3 9 6 8 9 9 12 6 15 8 15 7 16
< RES 1637330661 52 1
> REQ 1637330661 53 1
> VAMPIRE 1 13 13 3 0 2 0
> VAMPIRE 3 5 5 3 0 2 0
> VAMPIRE 4 13 5 3 0 2 0
> VAMPIRE 2 7 12 3 0 2 0
> GRENADE 1 9 15 2 2
> GRENADE 4 11 3 2 2
> GRENADE 2 7 13 2 2
> GRENADE 3 7 7 3 2
> BAT1 5 7 9 7 13 7 7 8 3 9 5 9 13 9 15 9 17 9 13 11 1 13 17 13 9 17 15 6 2 7 12 9 6 13 8 13 7 14 7 2 3 4
> BAT2 9 4 4 7 14 7 16 7 3 8 15 8 6 9 9 14 5 17 13 17 3 2 11 2 15 2 2 3 6 3 8 3 12 3 14 3 16 3 15 4 10 9 10 15 12 15 11 16
> BAT3 4 3 10 3 9 6 8 9 9 12 6 15 8 15 7 16
< RES 1637330661 53 1
< MOVE U U
> REQ 1637330661 54 1
> VAMPIRE 1 11 13 3 0 2 0
> VAMPIRE 3 5 5 3 0 2 0
> VAMPIRE 4 13 5 3 0 2 0
> VAMPIRE 2 7 11 3 0 2 0
> GRENADE 1 9 15 1 2
> GRENADE 4 11 3 1 2
> GRENADE 2 7 15 1 2
> GRENADE 3 7 7 2 2
> BAT1 5 7 9 7 13 7 7 8 3 9 5 9 13 9 15 9 17 9 13 11 1 13 17 13 9 17 15 6 2 7 12 9 6 13 8 13 7 14 7 2 3 4
> BAT2 9 4 4 7 14 7 16 7 3 8 15 8 6 9 9 14 5 17 13 17 3 2 11 2 15 2 2 3 6 3 8 3 12 3 14 3 16 3 15 4 10 9 10 15 12 15 11 16
> BAT3 4 3 10 3 9 6 8 9 9 12 6 15 8 15 7 16
< RES 1637330661 54 1
< MOVE U U
> REQ 1637330661 55 1
> VAMPIRE 1 9 13 3 1 2 0
> VAMPIRE 3 3 5 3 0 2 0
> VAMPIRE 4 15 5 3 1 2 0
> VAMPIRE 2 7 13 3 1 2 0
> GRENADE 3 7 7 1 2
> BAT1 5 7 9 7 13 7 7 8 3 9 5 9 13 9 15 9 17 9 13 11 1 13 17 13 15 6 2 7 12 9 6 13 8 13 9 14 7 2 11 2 12 3 3 4 8 15 10 15
> BAT2 9 4 4 7 14 7 16 7 3 8 15 8 6 9 5 17 13 17 3 2 15 2 2 3 6 3 8 3 10 3 14 3 16 3 15 4 10 9 6 15 12 15 7 16 11 16
> BAT3 4 3 9 6 8 9 9 12
< RES 1637330661 55 1
< GRENADE
< MOVE D D
> REQ 1637330661 56 1
> VAMPIRE 1 11 13 3 0 2 0
> VAMPIRE 3 3 6 3 1 2 0
> VAMPIRE 4 13 5 3 0 2 0
> VAMPIRE 2 7 11 3 0 2 0
> GRENADE 1 9 13 5 2
> GRENADE 4 15 5 5 2
> GRENADE 2 7 13 5 2
> BAT1 13 7 3 9 5 9 13 9 15 9 17 9 13 11 1 13 17 13 15 6 2 7 12 9 6 13 8 13 9 14 7 2 11 2 12 3 3 4 8 15 10 15
> BAT2 9 4 4 7 14 7 16 7 3 8 15 8 6 9 5 17 13 17 3 2 15 2 2 3 6 3 8 3 10 3 14 3 16 3 15 4 10 9 6 15 12 15 7 16 11 16
> BAT3 4 3 9 6 8 9 9 12
< RES 1637330661 56 1
< MOVE D D
> REQ 1637330661 57 1
> VAMPIRE 1 13 13 3 0 2 0
> VAMPIRE 3 3 6 3 0 2 0
> VAMPIRE 4 11 5 3 0 2 0
> VAMPIRE 2 7 12 3 0 2 0
> GRENADE 1 9 13 4 2
> GRENADE 4 15 5 4 2
> GRENADE 2 7 13 4 2
> GRENADE 3 3 6 5 2
> BAT1 13 7 3 9 5 9 13 9 15 9 17 9 13 11 1 13 17 13 15 6 2 7 12 9 6 13 8 13 9 14 7 2 11 2 12 3 3 4 8 15 10 15
> BAT2 9 4 4 7 14 7 16 7 3 8 15 8 6 9 5 17 13 17 3 2 15 2 2 3 6 3 8 3 10 3 14 3 16 3 15 4 10 9 6 15 12 15 7 16 11 16
> BAT3 4 3 9 6 8 9 9 12
< RES 1637330661 57 1
> REQ 1637330661 58 1
> VAMPIRE 1 13 13 3 0 2 0
> VAMPIRE 3 3 5 3 0 2 0
> VAMPIRE 4 11 7 3 0 2 0
> VAMPIRE 2 7 11 3 0 2 0
> GRENADE 1 9 13 3 2
> GRENADE 4 15 5 3 2
> GRENADE 2 7 15 3 2
> GRENADE 3 3 3 4 2
> BAT1 13 7 3 9 5 9 13 9 15 9 17 9 13 11 1 13 17 13 15 6 2 7 12 9 6 13 8 13 9 14 7 2 11 2 12 3 3 4 8 15 10 15
> BAT2 9 4 4 7 14 7 16 7 3 8 15 8 6 9 5 17 13 17 3 2 15 2 2 3 6 3 8 3 10 3 14 3 16 3 15 4 10 9 6 15 12 15 7 16 11 16
> BAT3 4 3 9 6 8 9 9 12
< RES 1637330661 58 1
> REQ 1637330661 59 1
> VAMPIRE 1 13 13 3 0 2 0
> VAMPIRE 3 5 5 3 0 2 0
> VAMPIRE 4 11 7 3 0 2 0
> VAMPIRE 2 5 11 3 0 2 0
> GRENADE 1 9 13 2 2
> GRENADE 4 15 5 2 2
> GRENADE 2 7 15 2 2
> GRENADE 3 3 3 3 2
> BAT1 13 7 3 9 5 9 13 9 15 9 17 9 13 11 1 13 17 13 15 6 2 7 12 9 6 13 8 13 9 14 7 2 11 2 12 3 3 4 8 15 10 15
> BAT2 9 4 4 7 14 7 16 7 3 8 15 8 6 9 5 17 13 17 3 2 15 2 2 3 6 3 8 3 10 3 14 3 16 3 15 4 10 9 6 15 12 15 7 16 11 16
> BAT3 4 3 9 6 8 9 9 12
< RES 1637330661 59 1
< MOVE D D
> REQ 1637330661 60 1
> VAMPIRE 1 15 13 3 0 2 0
> VAMPIRE 3 5 5 3 0 2 0
> VAMPIRE 4 11 5 3 0 2 0
> VAMPIRE 2 5 13 3 0 2 0
> GRENADE 1 9 13 1 2
> GRENADE 4 15 5 1 2
> GRENADE 2 7 15 1 2
> GRENADE 3 3 3 2 2
> BAT1 13 7 3 9 5 9 13 9 15 9 17 9 13 11 1 13 17 13 15 6 2 7 12 9 6 13 8 13 9 14 7 2 11 2 12 3 3 4 8 15 10 15
> BAT2 9 4 4 7 14 7 16 7 3 8 15 8 6 9 5 17 13 17 3 2 15 2 2 3 6 3 8 3 10 3 14 3 16 3 15 4 10 9 6 15 12 15 7 16 11 16
> BAT3 4 3 9 6 8 9 9 12
< RES 1637330661 60 1
< MOVE L L
> REQ 1637330661 61 1
> VAMPIRE 1 15 11 3 1 2 0
> VAMPIRE 3 3 5 3 0 2 0
> VAMPIRE 4 11 3 3 1 2 0
> VAMPIRE 2 5 15 3 1 2 0
> GRENADE 3 3 3 1 2
> BAT1 13 7 3 9 5 9 13 9 15 9 17 9 13 11 1 13 17 13 2 7 12 9 6 13 7 2 11 2 12 3 3 4 15 4 6 15 10 15 7 16
> BAT2 9 4 4 7 14 7 16 7 3 8 15 8 6 9 5 17 13 17 3 2 15 2 2 3 6 3 8 3 10 3 14 3 16 3 10 9 9 12 12 15 11 16
> BAT3 4 3 9 6 8 9
< RES 1637330661 61 1
< GRENADE
> REQ 1637330661 62 1
> VAMPIRE 1 15 11 3 0 2 0
> VAMPIRE 3 3 7 3 1 2 0
> VAMPIRE 4 11 5 3 0 2 0
> VAMPIRE 2 3 15 3 0 2 0
> GRENADE 1 15 11 5 2
> GRENADE 4 11 3 5 2
> GRENADE 2 5 15 5 2
> BAT1 13 7 3 9 5 9 13 9 15 9 17 9 13 11 1 13 17 13 2 7 12 9 6 13 3 2 7 2 11 2 2 3 12 3 15 4 6 15 10 15 7 16
> BAT2 9 4 4 7 14 7 16 7 3 8 15 8 6 9 5 17 13 17 15 2 4 3 6 3 8 3 10 3 14 3 16 3 10 9 9 12 12 15 11 16
> BAT3 9 6 8 9
< RES 1637330661 62 1
< THROW XL 1
> REQ 1637330661 63 1
> VAMPIRE 1 15 11 3 0 2 0
> VAMPIRE 3 3 5 3 0 2 0
> VAMPIRE 4 13 5 3 0 2 0
> VAMPIRE 2 3 13 3 0 2 0
> GRENADE 1 15 10 4 2
> GRENADE 4 11 3 4 2
> GRENADE 2 5 15 4 2
> GRENADE 3 3 7 5 2
> BAT1 13 7 3 9 5 9 13 9 15 9 17 9 13 11 1 13 17 13 2 7 12 9 6 13 3 2 7 2 11 2 2 3 12 3 15 4 6 15 10 15 7 16
> BAT2 9 4 4 7 14 7 16 7 3 8 15 8 6 9 5 17 13 17 15 2 4 3 6 3 8 3 10 3 14 3 16 3 10 9 9 12 12 15 11 16
> BAT3 9 6 8 9
< RES 1637330661 63 1
< THROW L 3
> REQ 1637330661 64 1
> VAMPIRE 1 15 11 3 0 2 0
> VAMPIRE 3 5 5 3 0 2 0
> VAMPIRE 4 13 5 3 0 2 0
> VAMPIRE 2 3 13 3 0 2 0
> GRENADE 1 15 7 3 2
> GRENADE 4 11 3 3 2
> GRENADE 2 5 15 3 2
> GRENADE 3 3 7 4 2
> BAT1 13 7 3 9 5 9 13 9 15 9 17 9 13 11 1 13 17 13 2 7 12 9 6 13 3 2 7 2 11 2 2 3 12 3 15 4 6 15 10 15 7 16
> BAT2 9 4 4 7 14 7 16 7 3 8 15 8 6 9 5 17 13 17 15 2 4 3 6 3 8 3 10 3 14 3 16 3 10 9 9 12 12 15 11 16
> BAT3 9 6 8 9
< RES 1637330661 64 1
> REQ 1637330661 65 1
> VAMPIRE 1 15 11 3 0 2 0
> VAMPIRE 3 5 5 3 0 2 0
> VAMPIRE 4 13 5 3 0 2 0
> VAMPIRE 2 3 13 3 0 2 0
> GRENADE 1 15 7 2 2
> GRENADE 4 11 3 2 2
> GRENADE 2 5 15 2 2
> GRENADE 3 3 7 3 2
> BAT1 13 7 3 9 5 9 13 9 15 9 17 9 13 11 1 13 17 13 2 7 12 9 6 13 3 2 7 2 11 2 2 3 12 3 15 4 6 15 10 15 7 16
> BAT2 9 4 4 7 14 7 16 7 3 8 15 8 6 9 5 17 13 17 15 2 4 3 6 3 8 3 10 3 14 3 16 3 10 9 9 12 12 15 11 16
> BAT3 9 6 8 9
< RES 1637330661 65 1
> REQ 1637330661 66 1
> VAMPIRE 1 15 11 3 0 2 0
> VAMPIRE 3 5 5 3 0 2 0
> VAMPIRE 4 14 5 3 0 2 0
> VAMPIRE 2 3 13 3 0 2 0
> GRENADE 1 15 7 1 2
> GRENADE 4 11 3 1 2
> GRENADE 2 5 15 1 2
> GRENADE 3 3 7 2 2
> BAT1 13 7 3 9 5 9 13 9 15 9 17 9 13 11 1 13 17 13 2 7 12 9 6 13 3 2 7 2 11 2 2 3 12 3 15 4 6 15 10 15 7 16
> BAT2 9 4 4 7 14 7 16 7 3 8 15 8 6 9 5 17 13 17 15 2 4 3 6 3 8 3 10 3 14 3 16 3 10 9 9 12 12 15 11 16
> BAT3 9 6 8 9
< RES 1637330661 66 1
< MOVE L
> REQ 1637330661 67 1
> VAMPIRE 1 15 10 3 1 2 0
> VAMPIRE 3 7 5 3 0 2 0
> VAMPIRE 4 15 6 3 1 2 0
> VAMPIRE 2 4 13 3 1 2 0
> GRENADE 3 3 7 1 2
> BAT1 13 7 3 9 5 9 13 9 15 9 17 9 13 11 1 13 17 13 2 7 14 7 16 7 15 8 12 9 6 13 5 17 3 2 7 2 2 3 10 3 15 4 10 15 7 16
> BAT2 9 4 4 7 3 8 6 9 13 17 15 2 4 3 6 3 8 3 14 3 16 3 10 9 9 12 12 15 11 16
> BAT3 9 6 8 9
< RES 1637330661 67 1
< GRENADE
> REQ 1637330661 68 1
> VAMPIRE 1 15 10 3 0 2 0
> VAMPIRE 3 7 3 3 1 2 0
> VAMPIRE 4 15 6 3 0 2 0
> VAMPIRE 2 5 12 3 0 2 0
> GRENADE 1 15 10 5 2
> GRENADE 4 15 6 5 2
> GRENADE 2 4 13 5 2
> BAT1 13 7 3 9 5 9 13 9 15 9 17 9 13 11 1 13 17 13 4 7 14 7 16 7 3 8 15 8 12 9 6 13 5 17 3 2 7 2 2 3 10 3 15 4 10 15 7 16
> BAT2 9 4 6 9 13 17 15 2 4 3 6 3 8 3 14 3 16 3 10 9 9 12 12 15 11 16
> BAT3 9 6 8 9
< RES 1637330661 68 1
< THROW XL 3
> REQ 1637330661 69 1
> VAMPIRE 1 15 10 3 0 2 0
> VAMPIRE 3 7 5 3 0 2 0
> VAMPIRE 4 15 5 3 0 2 0
> VAMPIRE 2 5 11 3 0 2 0
> GRENADE 1 15 7 4 2
> GRENADE 4 15 3 4 2
> GRENADE 2 4 13 4 2
> GRENADE 3 7 3 5 2
> BAT1 13 7 3 9 5 9 13 9 15 9 17 9 13 11 1 13 17 13 4 7 14 7 16 7 3 8 15 8 12 9 6 13 5 17 3 2 7 2 2 3 10 3 15 4 10 15 7 16
> BAT2 9 4 6 9 13 17 15 2 4 3 6 3 8 3 14 3 16 3 10 9 9 12 12 15 11 16
> BAT3 9 6 8 9
< RES 1637330661 69 1
< MOVE R
> REQ 1637330661 70 1
> VAMPIRE 1 15 11 3 0 2 0
> VAMPIRE 3 5 5 3 0 2 0
> VAMPIRE 4 13 5 3 0 2 0
> VAMPIRE 2 5 11 3 0 2 0
> GRENADE 1 15 7 3 2
> GRENADE 4 15 3 3 2
> GRENADE 2 4 13 3 2
> GRENADE 3 7 3 4 2
> BAT1 13 7 3 9 5 9 13 9 15 9 17 9 13 11 1 13 17 13 4 7 14 7 16 7 3 8 15 8 12 9 6 13 5 17 3 2 7 2 2 3 10 3 15 4 10 15 7 16
> BAT2 9 4 6 9 13 17 15 2 4 3 6 3 8 3 14 3 16 3 10 9 9 12 12 15 11 16
> BAT3 9 6 8 9
< RES 1637330661 70 1
> REQ 1637330661 71 1
> VAMPIRE 1 15 11 3 0 2 0
> VAMPIRE 3 5 5 3 0 2 0
> VAMPIRE 4 13 5 3 0 2 0
> VAMPIRE 2 5 11 3 0 2 0
> GRENADE 1 15 7 2 2
> GRENADE 4 15 3 2 2
> GRENADE 2 4 13 2 2
> GRENADE 3 7 3 3 2
> BAT1 13 7 3 9 5 9 13 9 15 9 17 9 13 11 1 13 17 13 4 7 14 7 16 7 3 8 15 8 12 9 6 13 5 17 3 2 7 2 2 3 10 3 15 4 10 15 7 16
> BAT2 9 4 6 9 13 17 15 2 4 3 6 3 8 3 14 3 16 3 10 9 9 12 12 15 11 16
> BAT3 9 6 8 9
< RES 1637330661 71 1
> REQ 1637330661 72 1
> VAMPIRE 1 15 11 3 0 2 0
> VAMPIRE 3 5 5 3 0 2 0
> VAMPIRE 4 13 3 3 0 2 0
> VAMPIRE 2 7 11 3 0 2 0
> GRENADE 1 15 7 1 2
> GRENADE 4 15 3 1 2
> GRENADE 2 4 13 1 2
> GRENADE 3 7 3 2 2
> BAT1 13 7 3 9 5 9 13 9 15 9 17 9 13 11 1 13 17 13 4 7 14 7 16 7 3 8 15 8 12 9 6 13 5 17 3 2 7 2 2 3 10 3 15 4 10 15 7 16
> BAT2 9 4 6 9 13 17 15 2 4 3 6 3 8 3 14 3 16 3 10 9 9 12 12 15 11 16
> BAT3 9 6 8 9
< RES 1637330661 72 1
> REQ 1637330661 73 1
> VAMPIRE 1 15 11 3 1 2 0
> VAMPIRE 3 3 5 3 0 2 0
> VAMPIRE 4 12 3 3 1 2 0
> VAMPIRE 2 7 9 3 1 2 0
> GRENADE 3 7 3 1 2
> BAT1 13 7 3 9 5 9 13 9 15 9 17 9 13 11 1 13 17 13 4 7 3 8 12 9 5 17 3 2 7 2 15 2 2 3 10 3 14 3 16 3 10 15 7 16
> BAT2 9 4 6 9 13 17 4 3 6 3 8 3 10 9 9 12 12 15 11 16
> BAT3 9 6 8 9
< RES 1637330661 73 1
< GRENADE
> REQ 1637330661 74 1
> VAMPIRE 1 15 11 3 0 2 0
> VAMPIRE 3 3 3 3 1 2 0
> VAMPIRE 4 12 3 3 0 2 0
> VAMPIRE 2 7 11 3 0 2 0
> GRENADE 1 15 11 5 2
> GRENADE 4 12 3 5 2
> GRENADE 2 7 9 5 2
> BAT1 13 7 3 9 5 9 13 9 15 9 17 9 13 11 1 13 17 13 4 7 3 8 12 9 5 17 3 2 15 2 2 3 6 3 8 3 10 3 14 3 16 3 10 15 7 16
> BAT2 9 4 6 9 13 17 4 3 10 9 9 12 12 15 11 16
> BAT3 9 6 8 9
< RES 1637330661 74 1
< THROW XD 2
< MOVE R R
> REQ 1637330661 75 1
> VAMPIRE 1 15 13 3 0 2 0
> VAMPIRE 3 3 5 3 0 2 0
> VAMPIRE 4 13 3 3 0 2 0
> VAMPIRE 2 5 11 3 0 2 0
> GRENADE 1 17 11 4 2
> GRENADE 4 15 3 4 2
> GRENADE 2 7 9 4 2
> GRENADE 3 3 3 5 2
> BAT1 13 7 3 9 5 9 13 9 15 9 17 9 13 11 1 13 17 13 4 7 3 8 12 9 5 17 3 2 15 2 2 3 6 3 8 3 10 3 14 3 16 3 10 15 7 16
> BAT2 9 4 6 9 13 17 4 3 10 9 9 12 12 15 11 16
> BAT3 9 6 8 9
< RES 1637330661 75 1
> REQ 1637330661 76 1
> VAMPIRE 1 15 13 3 0 2 0
> VAMPIRE 3 5 5 3 0 2 0
> VAMPIRE 4 13 5 3 0 2 0
> VAMPIRE 2 5 11 3 0 2 0
> GRENADE 1 17 11 3 2
> GRENADE 4 15 3 3 2
> GRENADE 2 7 9 3 2
> GRENADE 3 3 3 4 2
> BAT1 13 7 3 9 5 9 13 9 15 9 17 9 13 11 1 13 17 13 4 7 3 8 12 9 5 17 3 2 15 2 2 3 6 3 8 3 10 3 14 3 16 3 10 15 7 16
> BAT2 9 4 6 9 13 17 4 3 10 9 9 12 12 15 11 16
> BAT3 9 6 8 9
< RES 1637330661 76 1
> REQ 1637330661 77 1
> VAMPIRE 1 15 13 3 0 2 0
> VAMPIRE 3 5 5 3 0 2 0
> VAMPIRE 4 13 5 3 0 2 0
> VAMPIRE 2 5 11 3 0 2 0
> GRENADE 1 17 11 2 2
> GRENADE 4 15 3 2 2
> GRENADE 2 7 9 2 2
> GRENADE 3 3 3 3 2
> BAT1 13 7 3 9 5 9 13 9 15 9 17 9 13 11 1 13 17 13 4 7 3 8 12 9 5 17 3 2 15 2 2 3 6 3 8 3 10 3 14 3 16 3 10 15 7 16
> BAT2 9 4 6 9 13 17 4 3 10 9 9 12 12 15 11 16
> BAT3 9 6 8 9
< RES 1637330661 77 1
> REQ 1637330661 78 1
> VAMPIRE 1 15 13 3 0 2 0
> VAMPIRE 3 5 5 3 0 2 0
> VAMPIRE 4 11 5 3 0 2 0
> VAMPIRE 2 5 11 3 0 2 0
> GRENADE 1 17 11 1 2
> GRENADE 4 15 3 1 2
> GRENADE 2 7 9 1 2
> GRENADE 3 3 3 2 2
> BAT1 13 7 3 9 5 9 13 9 15 9 17 9 13 11 1 13 17 13 4 7 3 8 12 9 5 17 3 2 15 2 2 3 6 3 8 3 10 3 14 3 16 3 10 15 7 16
> BAT2 9 4 6 9 13 17 4 3 10 9 9 12 12 15 11 16
> BAT3 9 6 8 9
< RES 1637330661 78 1
< MOVE L L
> REQ 1637330661 79 1
> VAMPIRE 1 15 11 3 1 2 0
> VAMPIRE 3 5 5 3 0 2 0
> VAMPIRE 4 11 3 3 1 2 0
> VAMPIRE 2 5 10 3 1 2 0
> GRENADE 3 3 3 1 2
> BAT1 13 7 3 9 5 9 13 9 15 9 13 11 1 13 4 7 3 8 6 9 12 9 5 17 3 2 2 3 6 3 8 3 10 3 10 15 7 16
> BAT2 9 4 13 17 4 3 8 9 10 9 9 12 12 15 11 16
> BAT3 9 6
< RES 1637330661 79 1
< GRENADE
< MOVE R R
> REQ 1637330661 80 1
> VAMPIRE 1 15 13 3 0 2 0
> VAMPIRE 3 5 3 3 1 2 0
> VAMPIRE 4 11 3 3 0 2 0
> VAMPIRE 2 5 10 3 0 2 0
> GRENADE 1 15 11 5 2
> GRENADE 4 11 3 5 2
> GRENADE 2 5 10 5 2
> BAT1 13 7 3 9 5 9 13 9 15 9 13 11 1 13 4 7 3 8 6 9 12 9 5 17 4 3 6 3 8 3 10 3 10 15 7 16
> BAT2 9 4 13 17 8 9 10 9 9 12 12 15 11 16
> BAT3 9 6
< RES 1637330661 80 1
< MOVE U U
> REQ 1637330661 81 1
> VAMPIRE 1 13 13 3 0 2 0
> VAMPIRE 3 5 5 3 0 2 0
> VAMPIRE 4 11 5 3 0 2 0
> VAMPIRE 2 5 10 3 0 2 0
> GRENADE 1 15 11 4 2
> GRENADE 4 9 3 4 2
> GRENADE 2 5 7 4 2
> GRENADE 3 5 3 5 2
> BAT1 13 7 3 9 5 9 13 9 15 9 13 11 1 13 4 7 3 8 6 9 12 9 5 17 4 3 6 3 8 3 10 3 10 15 7 16
> BAT2 9 4 13 17 8 9 10 9 9 12 12 15 11 16
> BAT3 9 6
< RES 1637330661 81 1
> REQ 1637330661 82 1
> VAMPIRE 1 13 13 3 0 2 0
> VAMPIRE 3 3 5 3 0 2 0
> VAMPIRE 4 13 5 3 0 2 0
> VAMPIRE 2 5 11 3 0 2 0
> GRENADE 1 15 11 3 2
> GRENADE 4 9 3 3 2
> GRENADE 2 5 7 3 2
> GRENADE 3 5 3 4 2
> BAT1 13 7 3 9 5 9 13 9 15 9 13 11 1 13 4 7 3 8 6 9 12 9 5 17 4 3 6 3 8 3 10 3 10 15 7 16
> BAT2 9 4 13 17 8 9 10 9 9 12 12 15 11 16
> BAT3 9 6
< RES 1637330661 82 1
> REQ 1637330661 83 1
> VAMPIRE 1 13 13 3 0 2 0
> VAMPIRE 3 3 5 3 0 2 0
> VAMPIRE 4 13 5 3 0 2 0
> VAMPIRE 2 5 11 3 0 2 0
> GRENADE 1 15 11 2 2
> GRENADE 4 9 3 2 2
> GRENADE 2 5 7 2 2
> GRENADE 3 5 3 3 2
> BAT1 13 7 3 9 5 9 13 9 15 9 13 11 1 13 4 7 3 8 6 9 12 9 5 17 4 3 6 3 8 3 10 3 10 15 7 16
> BAT2 9 4 13 17 8 9 10 9 9 12 12 15 11 16
> BAT3 9 6
< RES 1637330661 83 1
< MOVE U U
> REQ 1637330661 84 1
> VAMPIRE 1 11 13 3 0 2 0
> VAMPIRE 3 3 5 3 0 2 0
> VAMPIRE 4 11 5 3 0 2 0
> VAMPIRE 2 7 11 3 0 2 0
> GRENADE 1 15 11 1 2
> GRENADE 4 9 3 1 2
> GRENADE 2 5 7 1 2
> GRENADE 3 5 3 2 2
> BAT1 13 7 3 9 5 9 13 9 15 9 13 11 1 13 4 7 3 8 6 9 12 9 5 17 4 3 6 3 8 3 10 3 10 15 7 16
> BAT2 9 4 13 17 8 9 10 9 9 12 12 15 11 16
> BAT3 9 6
< RES 1637330661 84 1
< MOVE R R
> REQ 1637330661 85 1
> VAMPIRE 1 11 15 3 1 2 0
> VAMPIRE 3 3 5 3 0 2 0
> VAMPIRE 4 9 5 3 1 2 0
> VAMPIRE 2 7 9 3 1 2 0
> GRENADE 3 5 3 1 2
> BAT1 13 7 3 9 13 9 1 13 9 4 3 8 6 9 12 9 5 17 4 3 6 3 10 15 7 16
> BAT2 13 17 8 9 10 9 9 12 12 15 11 16
> BAT3 9 6
< RES 1637330661 85 1
< GRENADE
< MOVE L L
> REQ 1637330661 86 1
> VAMPIRE 1 11 13 3 0 2 0
> VAMPIRE 3 3 6 3 1 2 0
> VAMPIRE 4 11 5 3 0 2 0
> VAMPIRE 2 7 11 3 0 2 0
> GRENADE 1 11 15 5 2
> GRENADE 4 9 5 5 2
> GRENADE 2 7 9 5 2
> BAT1 13 7 3 9 13 9 1 13 9 4 3 8 6 9 12 9 5 17 10 15 7 16
> BAT2 13 17 8 9 10 9 9 12 12 15 11 16
> BAT3 9 6
< RES 1637330661 86 1
< MOVE D D
> REQ 1637330661 87 1
> VAMPIRE 1 13 13 3 0 2 0
> VAMPIRE 3 4 7 3 0 2 0
> VAMPIRE 4 13 5 3 0 2 0
> VAMPIRE 2 5 11 3 0 2 0
> GRENADE 1 11 15 4 2
> GRENADE 4 9 5 4 2
> GRENADE 2 7 9 4 2
> GRENADE 3 3 6 5 2
> BAT1 13 7 3 9 13 9 1 13 9 4 3 8 6 9 12 9 5 17 10 15 7 16
> BAT2 13 17 8 9 10 9 9 12 12 15 11 16
> BAT3 9 6
< RES 1637330661 87 1
< MOVE L L
> REQ 1637330661 88 1
> VAMPIRE 1 13 11 3 0 2 0
> VAMPIRE 3 4 7 3 0 2 0
> VAMPIRE 4 13 5 3 0 2 0
> VAMPIRE 2 3 11 3 0 2 0
> GRENADE 1 11 15 3 2
> GRENADE 4 9 5 3 2
> GRENADE 2 7 9 3 2
> GRENADE 3 3 6 4 2
> BAT1 13 7 3 9 13 9 1 13 9 4 3 8 6 9 12 9 5 17 10 15 7 16
> BAT2 13 17 8 9 10 9 9 12 12 15 11 16
> BAT3 9 6
< RES 1637330661 88 1
> REQ 1637330661 89 1
> VAMPIRE 1 13 11 3 0 2 0
> VAMPIRE 3 5 7 3 0 2 0
> VAMPIRE 4 13 5 3 0 2 0
> VAMPIRE 2 3 11 3 0 2 0
> GRENADE 1 11 15 2 2
> GRENADE 4 9 5 2 2
> GRENADE 2 7 9 2 2
> GRENADE 3 3 6 3 2
> BAT1 13 7 3 9 13 9 1 13 9 4 3 8 6 9 12 9 5 17 10 15 7 16
> BAT2 13 17 8 9 10 9 9 12 12 15 11 16
> BAT3 9 6
< RES 1637330661 89 1
< MOVE U U
> REQ 1637330661 90 1
> VAMPIRE 1 11 11 3 0 2 0
> VAMPIRE 3 5 7 3 0 2 0
> VAMPIRE 4 13 5 3 0 2 0
> VAMPIRE 2 3 11 3 0 2 0
> GRENADE 1 11 15 1 2
> GRENADE 4 9 5 1 2
> GRENADE 2 7 9 1 2
> GRENADE 3 3 6 2 2
> BAT1 13 7 3 9 13 9 1 13 9 4 3 8 6 9 12 9 5 17 10 15 7 16
> BAT2 13 17 8 9 10 9 9 12 12 15 11 16
> BAT3 9 6
< RES 1637330661 90 1
< MOVE L L
> REQ 1637330661 91 1
> VAMPIRE 1 11 9 3 1 2 0
> VAMPIRE 3 5 8 3 0 2 0
> VAMPIRE 4 13 5 3 1 2 0
> VAMPIRE 2 3 10 3 1 2 0
> GRENADE 3 3 6 1 2
> BAT1 13 7 3 9 13 9 1 13 3 8 12 9 5 17 8 9 12 15 7 16 11 16
> BAT2 13 17 9 6 10 9 9 12
< RES 1637330661 91 1
< GRENADE
< MOVE L L
> REQ 1637330661 92 1
> VAMPIRE 1 11 7 3 0 2 0
> VAMPIRE 3 6 9 3 1 2 0
> VAMPIRE 4 13 5 3 0 2 0
> VAMPIRE 2 4 11 3 0 2 0
> GRENADE 1 11 9 5 2
> GRENADE 4 13 5 5 2
> GRENADE 2 3 10 5 2
> BAT1 13 7 3 9 13 9 1 13 12 9 5 17 8 9 12 15 7 16 11 16
> BAT2 13 17 9 6 10 9 9 12
< RES 1637330661 92 1
< MOVE U U
> REQ 1637330661 93 1
> VAMPIRE 1 9 7 3 0 2 0
> VAMPIRE 3 6 9 3 0 2 0
> VAMPIRE 4 15 5 3 0 2 0
> VAMPIRE 2 3 11 3 0 2 0
> GRENADE 1 11 9 4 2
> GRENADE 4 13 8 4 2
> GRENADE 2 3 10 4 2
> GRENADE 3 6 9 5 2
> BAT1 13 7 3 9 13 9 1 13 12 9 5 17 8 9 12 15 7 16 11 16
> BAT2 13 17 9 6 10 9 9 12
< RES 1637330661 93 1
> REQ 1637330661 94 1
> VAMPIRE 1 9 7 3 0 2 0
> VAMPIRE 3 6 9 3 0 2 0
> VAMPIRE 4 15 7 3 0 2 0
> VAMPIRE 2 3 11 3 0 2 0
> GRENADE 1 11 9 3 2
> GRENADE 4 13 8 3 2
> GRENADE 2 3 7 3 2
> GRENADE 3 9 9 4 2
> BAT1 13 7 3 9 13 9 1 13 12 9 5 17 8 9 12 15 7 16 11 16
> BAT2 13 17 9 6 10 9 9 12
< RES 1637330661 94 1
< MOVE U U
> REQ 1637330661 95 1
> VAMPIRE 1 7 7 3 0 2 0
> VAMPIRE 3 5 9 3 0 2 0
> VAMPIRE 4 15 7 3 0 2 0
> VAMPIRE 2 3 11 3 0 2 0
> GRENADE 1 11 9 2 2
> GRENADE 4 13 8 2 2
> GRENADE 2 3 7 2 2
> GRENADE 3 9 9 3 2
> BAT1 13 7 3 9 13 9 1 13 12 9 5 17 8 9 12 15 7 16 11 16
> BAT2 13 17 9 6 10 9 9 12
< RES 1637330661 95 1
< MOVE L L
> REQ 1637330661 96 1
> VAMPIRE 1 7 5 3 0 2 0
> VAMPIRE 3 5 11 3 0 2 0
> VAMPIRE 4 15 7 3 0 2 0
> VAMPIRE 2 3 13 3 0 2 0
> GRENADE 1 11 9 1 2
> GRENADE 4 13 8 1 2
> GRENADE 2 3 7 1 2
> GRENADE 3 9 9 2 2
> BAT1 13 7 3 9 13 9 1 13 12 9 5 17 8 9 12 15 7 16 11 16
> BAT2 13 17 9 6 10 9 9 12
< RES 1637330661 96 1
< MOVE D D
> REQ 1637330661 97 1
> VAMPIRE 1 9 5 3 1 2 0
> VAMPIRE 3 7 11 3 0 2 0
> VAMPIRE 4 15 7 3 1 2 0
> VAMPIRE 2 2 13 3 1 2 0
> GRENADE 3 9 9 1 2
> BAT1 1 13 5 17 8 9 10 9 12 15 7 16 11 16
> BAT2 13 17 9 6 9 12
< RES 1637330661 97 1
< GRENADE
< MOVE U U
> REQ 1637330661 98 1
> VAMPIRE 1 7 5 3 0 2 0
> VAMPIRE 3 9 11 3 1 2 0
> VAMPIRE 4 13 7 3 1 2 0
> VAMPIRE 2 3 14 3 0 2 0
> GRENADE 1 9 5 5 2
> GRENADE 2 2 13 5 2
> BAT1 1 13 5 17 12 15 7 16 11 16
> BAT2 13 17 9 6 9 12
< RES 1637330661 98 1
< MOVE R R
> REQ 1637330661 99 1
> VAMPIRE 1 7 7 3 0 2 0
> VAMPIRE 3 11 11 3 0 2 0
> VAMPIRE 4 11 7 3 1 2 0
> VAMPIRE 2 3 15 3 0 2 0
> GRENADE 1 9 5 4 2
> GRENADE 2 2 13 4 2
> GRENADE 3 9 11 5 2
> BAT1 1 13 5 17 12 15 7 16 11 16
> BAT2 13 17 9 6 9 12
< RES 1637330661 99 1
> REQ 1637330661 100 1
> VAMPIRE 1 7 7 3 0 2 0
> VAMPIRE 3 11 13 3 0 2 0
> VAMPIRE 4 9 7 3 1 2 0
> VAMPIRE 2 5 15 3 0 2 0
> GRENADE 1 9 5 3 2
> GRENADE 2 2 13 3 2
> GRENADE 3 9 11 4 2
> BAT1 1 13 5 17 12 15 7 16 11 16
> BAT2 13 17 9 6 9 12
< RES 1637330661 100 1
< MOVE U U
> REQ 1637330661 101 1
> VAMPIRE 1 5 7 3 0 2 0
> VAMPIRE 3 11 13 3 0 2 0
> VAMPIRE 4 11 7 3 0 2 0
> VAMPIRE 2 5 15 3 0 2 0
> GRENADE 1 9 5 2 2
> GRENADE 2 2 13 2 2
> GRENADE 3 9 11 3 2
> GRENADE 4 9 7 5 2
> BAT1 1 13 5 17 12 15 7 16 11 16
> BAT2 13 17 9 6 9 12
< RES 1637330661 101 1
< MOVE D
> REQ 1637330661 102 1
> VAMPIRE 1 6 7 3 0 2 0
> VAMPIRE 3 11 13 3 0 2 0
> VAMPIRE 4 11 9 3 0 2 0
> VAMPIRE 2 5 15 3 0 2 0
> GRENADE 1 9 5 1 2
> GRENADE 2 2 13 1 2
> GRENADE 3 9 11 2 2
> GRENADE 4 9 7 4 2
> BAT1 1 13 5 17 12 15 7 16 11 16
> BAT2 13 17 9 6 9 12
< RES 1637330661 102 1
< MOVE D D
> REQ 1637330661 103 1
> VAMPIRE 1 8 7 3 1 2 0
> VAMPIRE 3 11 15 3 0 2 0
> VAMPIRE 4 11 9 3 0 2 0
> VAMPIRE 2 7 15 3 1 2 0
> GRENADE 3 9 11 1 2
> GRENADE 4 9 7 3 2
> BAT1 5 17 9 6 12 15 7 16 11 16
> BAT2 13 17 9 12
< RES 1637330661 103 1
< GRENADE
< MOVE U L
> REQ 1637330661 104 1
> VAMPIRE 1 7 6 3 0 2 0
> VAMPIRE 3 11 15 3 1 2 0
> VAMPIRE 4 11 11 3 0 2 0
> VAMPIRE 2 7 15 3 0 2 0
> GRENADE 4 9 7 2 2
> GRENADE 1 8 7 5 2
> GRENADE 2 7 15 5 2
> BAT1 5 17 9 6 9 12 12 15 7 16 11 16
> BAT2 13 17
< RES 1637330661 104 1
< MOVE L
> REQ 1637330661 105 1
> VAMPIRE 1 7 5 3 0 2 0
> VAMPIRE 3 11 15 3 0 2 0
> VAMPIRE 4 11 11 3 0 2 0
> VAMPIRE 2 9 15 3 0 2 0
> GRENADE 4 9 7 1 2
> GRENADE 1 8 7 4 2
> GRENADE 2 10 15 4 2
> GRENADE 3 11 15 5 2
> BAT1 5 17 9 6 9 12 12 15 7 16 11 16
> BAT2 13 17
< RES 1637330661 105 1
< MOVE D D
> REQ 1637330661 106 1
> VAMPIRE 1 9 5 3 1 2 0
> VAMPIRE 3 11 15 3 0 2 0
> VAMPIRE 4 9 11 3 1 2 0
> VAMPIRE 2 9 15 3 0 2 0
> GRENADE 2 10 15 3 2
> GRENADE 3 11 17 4 2
> BAT1 5 17 9 12 12 15 7 16 11 16
> BAT2 13 17
< RES 1637330661 106 1
> REQ 1637330661 107 1
> VAMPIRE 1 9 5 3 1 2 0
> VAMPIRE 3 11 15 3 0 2 0
> VAMPIRE 4 7 11 3 0 2 0
> VAMPIRE 2 9 15 3 0 2 0
> GRENADE 2 10 15 2 2
> GRENADE 3 11 17 3 2
> GRENADE 4 9 11 5 2
> BAT1 5 17 9 12 12 15 7 16 11 16
> BAT2 13 17
< RES 1637330661 107 1
< MOVE R R
> REQ 1637330661 108 1
> VAMPIRE 1 9 7 3 1 2 0
> VAMPIRE 3 11 15 3 0 2 0
> VAMPIRE 4 7 13 3 0 2 0
> VAMPIRE 2 9 14 3 0 2 0
> GRENADE 2 13 15 1 2
> GRENADE 3 11 17 2 2
> GRENADE 4 9 11 4 2
> BAT1 5 17 9 12 12 15 7 16 11 16
> BAT2 13 17
< RES 1637330661 108 1
< GRENADE
> REQ 1637330661 109 1
> VAMPIRE 1 9 7 3 0 2 0
> VAMPIRE 3 11 13 3 0 2 0
> VAMPIRE 4 5 13 3 0 2 0
> VAMPIRE 2 9 14 3 1 2 0
> GRENADE 3 11 17 1 2
> GRENADE 4 9 11 3 2
> GRENADE 1 9 7 5 2
> BAT1 5 17 13 17 9 12 7 16 11 16
< RES 1637330661 109 1
< THROW XR 3
< MOVE U U
> REQ 1637330661 110 1
> VAMPIRE 1 7 7 3 0 2 0
> VAMPIRE 3 9 13 3 1 2 0
> VAMPIRE 4 5 15 3 0 2 0
> VAMPIRE 2 9 14 3 0 2 0
> GRENADE 4 9 11 2 2
> GRENADE 1 9 10 4 2
> GRENADE 2 9 14 5 2
> BAT1 5 17 9 12 7 16
< RES 1637330661 110 1
< MOVE R R
> REQ 1637330661 111 1
> VAMPIRE 1 7 9 3 0 2 0
> VAMPIRE 3 7 13 3 0 2 0
> VAMPIRE 4 5 15 3 0 2 0
> VAMPIRE 2 9 14 3 0 2 0
> GRENADE 4 9 11 1 2
> GRENADE 1 9 10 3 2
> GRENADE 2 9 14 4 2
> GRENADE 3 9 13 5 2
> BAT1 5 17 9 12 7 16
< RES 1637330661 111 1
< MOVE U U
> REQ 1637330661 112 1
> VAMPIRE 1 5 9 3 1 2 0
> VAMPIRE 3 6 13 3 0 2 0
> VAMPIRE 4 7 15 3 1 2 0
> VAMPIRE 2 10 15 3 0 2 0
> GRENADE 2 7 14 3 2
> GRENADE 3 9 13 4 2
> BAT1 5 17 7 16
< RES 1637330661 112 1
> REQ 1637330661 113 1
> VAMPIRE 1 5 9 3 1 2 0
> VAMPIRE 3 5 14 3 0 2 0
> VAMPIRE 4 7 15 3 0 2 0
> VAMPIRE 2 9 16 3 0 2 0
> GRENADE 2 7 14 2 2
> GRENADE 3 9 13 3 2
> GRENADE 4 7 15 5 2
> BAT1 5 17 7 16
< RES 1637330661 113 1
> REQ 1637330661 114 1
> VAMPIRE 1 5 9 3 1 2 0
> VAMPIRE 3 5 14 3 0 2 0
> VAMPIRE 4 6 15 3 0 2 0
> VAMPIRE 2 9 17 3 0 2 0
> GRENADE 2 7 14 1 2
> GRENADE 3 9 13 2 2
> GRENADE 4 7 17 4 2
> BAT1 5 17 7 16
< RES 1637330661 114 1
> REQ 1637330661 115 1
> VAMPIRE 1 5 9 3 1 2 0
> VAMPIRE 3 6 15 3 0 2 0
> VAMPIRE 4 5 14 3 0 2 0
> VAMPIRE 2 8 17 3 1 2 0
> GRENADE 3 9 13 1 2
> GRENADE 4 7 17 3 2
> BAT1 5 17
< RES 1637330661 115 1
< MOVE R R
> REQ 1637330661 116 1
> VAMPIRE 1 5 11 3 1 2 0
> VAMPIRE 3 7 16 3 1 2 0
> VAMPIRE 4 4 13 3 0 2 0
> VAMPIRE 2 8 17 3 0 2 0
> GRENADE 4 7 17 2 2
> GRENADE 2 8 17 5 2
> BAT1 5 17
< RES 1637330661 116 1
> REQ 1637330661 117 1
> VAMPIRE 1 5 11 3 1 2 0
> VAMPIRE 3 6 15 3 0 2 0
> VAMPIRE 4 3 14 3 0 2 0
> VAMPIRE 2 9 16 3 0 2 0
> GRENADE 4 7 17 1 2
> GRENADE 2 8 17 4 2
> GRENADE 3 7 16 5 2
> BAT1 5 17
< RES 1637330661 117 1
> REQ 1637330661 118 1
> VAMPIRE 1 5 11 3 1 2 0
> VAMPIRE 3 6 15 3 1 2 0
> VAMPIRE 4 3 15 3 1 2 0
> VAMPIRE 2 9 15 3 1 2 0
< RES 1637330661 118 1
> REQ 1637330661 119 1
> VAMPIRE 1 5 11 3 1 2 0
> VAMPIRE 3 6 15 3 1 2 0
> VAMPIRE 4 3 15 3 1 2 0
> VAMPIRE 2 9 15 3 1 2 0
< RES 1637330661 119 1
> REQ 1637330661 120 1
> VAMPIRE 1 5 11 3 1 2 0
> VAMPIRE 3 6 15 3 1 2 0
> VAMPIRE 4 3 15 3 1 2 0
> VAMPIRE 2 9 15 3 1 2 0
< RES 1637330661 120 1
> REQ 1637330661 121 1
> VAMPIRE 1 5 11 3 1 2 0
> VAMPIRE 3 6 15 3 1 2 0
> VAMPIRE 4 3 15 3 1 2 0
> VAMPIRE 2 9 15 3 1 2 0
> POWERUP GRENADE -8 13 9 6
> POWERUP GRENADE -8 5 9 6
< RES 1637330661 121 1
< MOVE L L
> REQ 1637330661 122 1
> VAMPIRE 1 5 9 3 1 2 0
> VAMPIRE 3 5 14 3 1 2 0
> VAMPIRE 4 5 15 3 1 2 0
> VAMPIRE 2 11 15 3 1 2 0
> POWERUP GRENADE -7 13 9 6
> POWERUP GRENADE -7 5 9 6
< RES 1637330661 122 1
> REQ 1637330661 123 1
> VAMPIRE 1 5 9 3 1 2 0
> VAMPIRE 3 5 12 3 1 2 0
> VAMPIRE 4 5 13 3 1 2 0
> VAMPIRE 2 13 15 3 1 2 0
> POWERUP GRENADE -6 13 9 6
> POWERUP GRENADE -6 5 9 6
< RES 1637330661 123 1
> REQ 1637330661 124 1
> VAMPIRE 1 5 9 3 1 2 0
> VAMPIRE 3 5 10 3 1 2 0
> VAMPIRE 4 5 11 3 1 2 0
> VAMPIRE 2 13 13 3 1 2 0
> POWERUP GRENADE -5 13 9 6
> POWERUP GRENADE -5 5 9 6
< RES 1637330661 124 1
< GRENADE
> REQ 1637330661 125 1
> VAMPIRE 1 5 9 3 0 2 0
> VAMPIRE 3 5 10 3 1 2 0
> VAMPIRE 4 5 10 3 1 2 0
> VAMPIRE 2 13 11 3 1 2 0
> GRENADE 1 5 9 5 2
> POWERUP GRENADE -4 13 9 6
> POWERUP GRENADE -4 5 9 6
< RES 1637330661 125 1
< THROW XR 3
> REQ 1637330661 126 1
> VAMPIRE 1 5 9 3 0 2 0
> VAMPIRE 3 6 11 3 1 2 0
> VAMPIRE 4 6 11 3 1 2 0
> VAMPIRE 2 13 9 3 1 2 0
> GRENADE 1 5 12 4 2
> POWERUP GRENADE -3 13 9 6
> POWERUP GRENADE -3 5 9 6
< RES 1637330661 126 1
> REQ 1637330661 127 1
> VAMPIRE 1 5 9 3 0 2 0
> VAMPIRE 3 5 10 3 1 2 0
> VAMPIRE 4 5 10 3 1 2 0
> VAMPIRE 2 13 9 3 1 2 0
> GRENADE 1 5 12 3 2
> POWERUP GRENADE -2 13 9 6
> POWERUP GRENADE -2 5 9 6
< RES 1637330661 127 1
> REQ 1637330661 128 1
> VAMPIRE 1 5 9 3 0 2 0
> VAMPIRE 3 5 9 3 1 2 0
> VAMPIRE 4 5 9 3 1 2 0
> VAMPIRE 2 13 9 3 1 2 0
> GRENADE 1 5 12 2 2
> POWERUP GRENADE -1 13 9 6
> POWERUP GRENADE -1 5 9 6
< RES 1637330661 128 1
> REQ 1637330661 129 1
> VAMPIRE 1 5 9 3 0 2 0
> VAMPIRE 3 5 9 3 1 2 0
> VAMPIRE 4 5 9 3 1 2 0
> VAMPIRE 2 13 9 3 1 2 0
> GRENADE 1 5 12 1 2
> POWERUP GRENADE 15 13 9 6
> POWERUP GRENADE 15 5 9 6
< RES 1637330661 129 1
> REQ 1637330661 130 1
> VAMPIRE 1 5 9 3 1 2 0
> VAMPIRE 3 5 9 3 1 2 0
> VAMPIRE 4 5 9 3 1 2 0
> VAMPIRE 2 13 9 3 1 2 0
> POWERUP GRENADE 14 13 9 6
> POWERUP GRENADE 14 5 9 6
< RES 1637330661 130 1
< GRENADE
> REQ 1637330661 131 1
> VAMPIRE 1 5 9 3 0 2 0
> VAMPIRE 3 5 9 3 1 2 0
> VAMPIRE 4 5 9 3 1 2 0
> VAMPIRE 2 13 9 3 1 2 0
> GRENADE 1 5 9 5 2
> POWERUP GRENADE 13 13 9 6
> POWERUP GRENADE 13 5 9 6
< RES 1637330661 131 1
> REQ 1637330661 132 1
> VAMPIRE 1 5 9 3 0 2 0
> VAMPIRE 3 5 9 3 1 2 0
> VAMPIRE 4 5 9 3 1 2 0
> VAMPIRE 2 13 9 3 1 2 0
> GRENADE 1 5 9 4 2
> POWERUP GRENADE 12 13 9 6
> POWERUP GRENADE 12 5 9 6
< RES 1637330661 132 1
> REQ 1637330661 133 1
> VAMPIRE 1 5 9 3 0 2 0
> VAMPIRE 3 5 9 3 0 2 0
> VAMPIRE 4 5 9 3 0 2 0
> VAMPIRE 2 13 9 3 1 2 0
> GRENADE 1 5 9 3 2
> GRENADE 3 5 9 5 2
> GRENADE 4 5 9 5 2
> POWERUP GRENADE 11 13 9 6
> POWERUP GRENADE 11 5 9 6
< RES 1637330661 133 1
> REQ 1637330661 134 1
> VAMPIRE 1 5 9 3 1 2 0
> VAMPIRE 3 4 9 3 1 2 0
> VAMPIRE 4 4 9 3 1 2 0
> VAMPIRE 2 13 9 3 2 2 0
> GRENADE 1 5 9 2 2
> GRENADE 3 5 9 4 2
> GRENADE 4 5 9 4 2
< RES 1637330661 134 1
< THROW XU 3
< MOVE D D
> REQ 1637330661 135 1
> VAMPIRE 1 7 9 3 1 2 0
> VAMPIRE 3 3 8 3 0 2 0
> VAMPIRE 4 3 8 3 0 2 0
> VAMPIRE 2 11 9 3 2 2 0
> GRENADE 1 2 9 1 2
> GRENADE 3 5 9 3 2
> GRENADE 4 5 9 3 2
> GRENADE 3 4 9 5 2
> GRENADE 4 4 9 5 2
< RES 1637330661 135 1
< MOVE U
> REQ 1637330661 136 1
> VAMPIRE 1 6 9 2 2 2 0
> VAMPIRE 3 3 8 3 2 2 0
> VAMPIRE 4 3 8 3 2 2 0
> VAMPIRE 2 9 9 3 2 2 0
< RES 1637330661 136 1
< MOVE D L
> REQ 1637330661 137 1
> VAMPIRE 1 7 8 2 2 2 0
> VAMPIRE 3 3 8 3 2 2 0
> VAMPIRE 4 3 8 3 2 2 0
> VAMPIRE 2 9 9 3 2 2 0
< RES 1637330661 137 1
< MOVE L
> REQ 1637330661 138 1
> VAMPIRE 1 7 7 2 2 2 0
> VAMPIRE 3 3 8 3 2 2 0
> VAMPIRE 4 3 8 3 2 2 0
> VAMPIRE 2 9 9 3 2 2 0
< RES 1637330661 138 1
< MOVE R R
> REQ 1637330661 139 1
> VAMPIRE 1 7 9 2 2 2 0
> VAMPIRE 3 3 8 3 2 2 0
> VAMPIRE 4 3 8 3 2 2 0
> VAMPIRE 2 9 9 3 2 2 0
< RES 1637330661 139 1
< MOVE L L
> REQ 1637330661 140 1
> VAMPIRE 1 7 7 2 2 2 0
> VAMPIRE 3 3 8 3 2 2 0
> VAMPIRE 4 3 8 3 2 2 0
> VAMPIRE 2 9 9 3 2 2 0
< RES 1637330661 140 1
< MOVE R R
> REQ 1637330661 141 1
> VAMPIRE 1 7 9 2 2 2 0
> VAMPIRE 3 3 8 3 2 2 0
> VAMPIRE 4 3 8 3 2 2 0
> VAMPIRE 2 9 9 3 2 2 0
< RES 1637330661 141 1
< MOVE L L
> REQ 1637330661 142 1
> VAMPIRE 1 7 7 2 2 2 0
> VAMPIRE 3 3 8 3 2 2 0
> VAMPIRE 4 3 8 3 2 2 0
> VAMPIRE 2 9 9 3 2 2 0
< RES 1637330661 142 1
< MOVE R R
> REQ 1637330661 143 1
> VAMPIRE 1 7 9 2 2 2 0
> VAMPIRE 3 3 8 3 2 2 0
> VAMPIRE 4 3 8 3 2 2 0
> VAMPIRE 2 9 9 3 2 2 0
< RES 1637330661 143 1
< MOVE L L
> REQ 1637330661 144 1
> VAMPIRE 1 7 7 2 2 2 0
> VAMPIRE 3 3 8 3 2 2 0
> VAMPIRE 4 3 8 3 2 2 0
> VAMPIRE 2 9 9 3 2 2 0
< RES 1637330661 144 1
< MOVE R R
> REQ 1637330661 145 1
> VAMPIRE 1 7 9 2 2 2 0
> VAMPIRE 3 3 8 3 2 2 0
> VAMPIRE 4 3 8 3 2 2 0
> VAMPIRE 2 9 9 3 2 2 0
< RES 1637330661 145 1
< MOVE L L
> REQ 1637330661 146 1
> VAMPIRE 1 7 7 2 2 2 0
> VAMPIRE 3 3 8 3 2 2 0
> VAMPIRE 4 3 8 3 2 2 0
> VAMPIRE 2 9 9 3 2 2 0
< RES 1637330661 146 1
< MOVE R R
> REQ 1637330661 147 1
> VAMPIRE 1 7 9 2 2 2 0
> VAMPIRE 3 3 8 3 2 2 0
> VAMPIRE 4 3 8 3 2 2 0
> VAMPIRE 2 9 9 3 2 2 0
< RES 1637330661 147 1
< MOVE L L
> REQ 1637330661 148 1
> VAMPIRE 1 7 7 2 2 2 0
> VAMPIRE 3 3 8 3 2 2 0
> VAMPIRE 4 3 8 3 2 2 0
> VAMPIRE 2 9 9 3 2 2 0
< RES 1637330661 148 1
< MOVE R R
> REQ 1637330661 149 1
> VAMPIRE 1 7 9 2 2 2 0
> VAMPIRE 3 3 8 3 2 2 0
> VAMPIRE 4 3 8 3 2 2 0
> VAMPIRE 2 9 9 3 2 2 0
< RES 1637330661 149 1
< MOVE L L
> REQ 1637330661 150 1
> VAMPIRE 1 7 7 2 2 2 0
> VAMPIRE 3 3 8 3 2 2 0
> VAMPIRE 4 3 8 3 2 2 0
> VAMPIRE 2 9 9 3 2 2 0
< RES 1637330661 150 1
< MOVE R R
> REQ 1637330661 151 1
> VAMPIRE 1 7 9 2 2 2 0
> VAMPIRE 3 3 8 3 2 2 0
> VAMPIRE 4 3 8 3 2 2 0
> VAMPIRE 2 9 9 3 2 2 0
< RES 1637330661 151 1
< MOVE L L
> REQ 1637330661 152 1
> VAMPIRE 1 7 7 2 2 2 0
> VAMPIRE 3 3 8 3 2 2 0
> VAMPIRE 4 3 8 3 2 2 0
> VAMPIRE 2 9 9 3 2 2 0
< RES 1637330661 152 1
< MOVE R R
> REQ 1637330661 153 1
> VAMPIRE 1 7 9 2 2 2 0
> VAMPIRE 3 3 8 3 2 2 0
> VAMPIRE 4 3 8 3 2 2 0
> VAMPIRE 2 9 9 3 2 2 0
< RES 1637330661 153 1
< MOVE L L
> REQ 1637330661 154 1
> VAMPIRE 1 7 7 2 2 2 0
> VAMPIRE 3 3 8 3 2 2 0
> VAMPIRE 4 3 8 3 2 2 0
> VAMPIRE 2 9 9 3 2 2 0
< RES 1637330661 154 1
< MOVE R R
> REQ 1637330661 155 1
> VAMPIRE 1 7 9 2 2 2 0
> VAMPIRE 3 3 8 3 2 2 0
> VAMPIRE 4 3 8 3 2 2 0
> VAMPIRE 2 9 9 3 2 2 0
< RES 1637330661 155 1
< MOVE L L
> REQ 1637330661 156 1
> VAMPIRE 1 7 7 2 2 2 0
> VAMPIRE 3 3 8 3 2 2 0
> VAMPIRE 4 3 8 3 2 2 0
> VAMPIRE 2 9 9 3 2 2 0
> POWERUP BATTERY -7 11 8 4
> POWERUP BATTERY -7 7 10 4
< RES 1637330661 156 1
< MOVE R R
> REQ 1637330661 157 1
> VAMPIRE 1 7 9 2 2 2 0
> VAMPIRE 3 4 9 3 2 2 0
> VAMPIRE 4 4 9 3 2 2 0
> VAMPIRE 2 11 9 3 2 2 0
> POWERUP BATTERY -6 11 8 4
> POWERUP BATTERY -6 7 10 4
< RES 1637330661 157 1
< MOVE R
> REQ 1637330661 158 1
> VAMPIRE 1 7 10 2 2 2 0
> VAMPIRE 3 6 9 3 2 2 0
> VAMPIRE 4 6 9 3 2 2 0
> VAMPIRE 2 11 8 3 2 2 0
> POWERUP BATTERY -5 11 8 4
> POWERUP BATTERY -5 7 10 4
< RES 1637330661 158 1
< GRENADE
> REQ 1637330661 159 1
> VAMPIRE 1 7 10 2 1 2 0
> VAMPIRE 3 7 9 3 2 2 0
> VAMPIRE 4 7 9 3 2 2 0
> VAMPIRE 2 11 8 3 2 2 0
> GRENADE 1 7 10 5 2
> POWERUP BATTERY -4 11 8 4
> POWERUP BATTERY -4 7 10 4
< RES 1637330661 159 1
< GRENADE
> REQ 1637330661 160 1
> VAMPIRE 1 7 10 2 0 2 0
> VAMPIRE 3 9 9 3 2 2 0
> VAMPIRE 4 9 9 3 2 2 0
> VAMPIRE 2 11 8 3 2 2 0
> GRENADE 1 7 10 4 2
> GRENADE 1 7 10 5 2
> POWERUP BATTERY -3 11 8 4
> POWERUP BATTERY -3 7 10 4
< RES 1637330661 160 1
< THROW XD 2
> REQ 1637330661 161 1
> VAMPIRE 1 7 10 2 0 2 0
> VAMPIRE 3 11 9 3 2 2 0
> VAMPIRE 4 11 9 3 2 2 0
> VAMPIRE 2 11 8 3 2 2 0
> GRENADE 1 9 10 3 2
> GRENADE 1 9 10 4 2
> POWERUP BATTERY -2 11 8 4
> POWERUP BATTERY -2 7 10 4
< RES 1637330661 161 1
> REQ 1637330661 162 1
> VAMPIRE 1 7 10 2 0 2 0
> VAMPIRE 3 11 9 3 1 2 0
> VAMPIRE 4 11 9 3 1 2 0
> VAMPIRE 2 11 8 3 1 2 0
> GRENADE 1 9 10 2 2
> GRENADE 1 9 10 3 2
> GRENADE 3 11 9 5 2
> GRENADE 4 11 9 5 2
> GRENADE 2 11 8 5 2
> POWERUP BATTERY -1 11 8 4
> POWERUP BATTERY -1 7 10 4
< RES 1637330661 162 1
> REQ 1637330661 163 1
> VAMPIRE 1 7 10 2 0 2 0
> VAMPIRE 3 11 10 3 0 2 0
> VAMPIRE 4 11 10 3 0 2 0
> VAMPIRE 2 11 7 3 1 2 0
> GRENADE 1 9 10 1 2
> GRENADE 1 9 10 2 2
> GRENADE 3 11 9 4 2
> GRENADE 4 11 9 4 2
> GRENADE 2 11 11 4 2
> GRENADE 3 11 9 5 2
> GRENADE 4 11 9 5 2
> POWERUP BATTERY 11 11 8 4
> POWERUP BATTERY 11 7 10 4
< RES 1637330661 163 1
> REQ 1637330661 164 1
> VAMPIRE 1 7 10 2 2 2 0
> VAMPIRE 3 11 10 3 0 2 0
> VAMPIRE 4 11 10 3 0 2 0
> VAMPIRE 2 11 8 3 1 2 0
> GRENADE 3 11 9 3 2
> GRENADE 4 11 9 3 2
> GRENADE 2 11 11 3 2
> GRENADE 3 11 9 4 2
> GRENADE 4 11 9 4 2
> POWERUP BATTERY 10 11 8 4
> POWERUP BATTERY 10 7 10 4
< RES 1637330661 164 1
> REQ 1637330661 165 1
> VAMPIRE 1 7 10 2 2 2 0
> VAMPIRE 3 11 10 3 0 2 0
> VAMPIRE 4 11 10 3 0 2 0
> VAMPIRE 2 11 8 3 0 2 0
> GRENADE 3 11 9 2 2
> GRENADE 4 11 9 2 2
> GRENADE 2 11 11 2 2
> GRENADE 3 11 9 3 2
> GRENADE 4 11 9 3 2
> GRENADE 2 11 8 5 2
> POWERUP BATTERY 9 11 8 4
> POWERUP BATTERY 9 7 10 4
< RES 1637330661 165 1
> REQ 1637330661 166 1
> VAMPIRE 1 7 10 2 2 3 0
> VAMPIRE 3 11 10 3 0 2 0
> VAMPIRE 4 11 10 3 0 2 0
> VAMPIRE 2 11 8 3 0 2 0
> GRENADE 3 11 9 1 2
> GRENADE 4 11 9 1 2
> GRENADE 2 11 11 1 2
> GRENADE 3 11 9 2 2
> GRENADE 4 11 9 2 2
> GRENADE 2 11 8 4 2
> POWERUP BATTERY 8 11 8 4
< RES 1637330661 166 1
< MOVE L D
> REQ 1637330661 167 1
> VAMPIRE 1 8 9 2 2 3 0
> VAMPIRE 3 11 10 2 2 2 0
> VAMPIRE 4 11 10 2 2 2 0
> VAMPIRE 2 11 8 2 2 2 0
> POWERUP BATTERY 7 11 8 4
< RES 1637330661 167 1
< MOVE D D
> REQ 1637330661 168 1
> VAMPIRE 1 10 9 2 2 3 0
> VAMPIRE 3 11 8 2 2 2 0
> VAMPIRE 4 11 8 2 2 2 0
> VAMPIRE 2 11 8 2 2 3 0
< RES 1637330661 168 1
< MOVE U U
> REQ 1637330661 169 1
> VAMPIRE 1 8 9 2 2 3 0
> VAMPIRE 3 12 7 2 2 2 0
> VAMPIRE 4 12 7 2 2 2 0
> VAMPIRE 2 12 7 2 2 3 0
< RES 1637330661 169 1
< MOVE U
> REQ 1637330661 170 1
> VAMPIRE 1 7 9 2 2 3 0
> VAMPIRE 3 12 7 2 2 2 0
> VAMPIRE 4 12 7 2 2 2 0
> VAMPIRE 2 11 6 2 1 3 0
> GRENADE 2 12 7 5 3
< RES 1637330661 170 1
> REQ 1637330661 171 1
> VAMPIRE 1 7 9 2 2 3 0
> VAMPIRE 3 13 6 2 2 2 0
> VAMPIRE 4 13 6 2 2 2 0
> VAMPIRE 2 11 5 2 1 3 0
> GRENADE 2 12 7 4 3
< RES 1637330661 171 1
< MOVE D D
> REQ 1637330661 172 1
> VAMPIRE 1 9 9 2 2 3 0
> VAMPIRE 3 13 6 2 2 2 0
> VAMPIRE 4 13 6 2 2 2 0
> VAMPIRE 2 9 5 2 1 3 0
> GRENADE 2 12 7 3 3
< RES 1637330661 172 1
< MOVE R R
> REQ 1637330661 173 1
> VAMPIRE 1 9 11 2 2 3 0
> VAMPIRE 3 13 6 2 2 2 0
> VAMPIRE 4 13 6 2 2 2 0
> VAMPIRE 2 7 5 2 1 3 0
> GRENADE 2 12 7 2 3
< RES 1637330661 173 1
< MOVE U U
> REQ 1637330661 174 1
> VAMPIRE 1 7 11 2 2 3 0
> VAMPIRE 3 13 5 2 2 2 0
> VAMPIRE 4 13 5 2 2 2 0
> VAMPIRE 2 9 5 2 1 3 0
> GRENADE 2 12 7 1 3
< RES 1637330661 174 1
< MOVE D D
> REQ 1637330661 175 1
> VAMPIRE 1 9 11 2 2 3 0
> VAMPIRE 3 13 7 2 2 2 0
> VAMPIRE 4 13 7 2 2 2 0
> VAMPIRE 2 9 7 2 2 3 0
< RES 1637330661 175 1
< MOVE R R
> REQ 1637330661 176 1
> VAMPIRE 1 9 13 2 2 3 0
> VAMPIRE 3 13 9 2 2 2 0
> VAMPIRE 4 13 9 2 2 2 0
> VAMPIRE 2 9 5 2 2 3 0
< RES 1637330661 176 1
< MOVE L L
> REQ 1637330661 177 1
> VAMPIRE 1 9 11 2 2 3 0
> VAMPIRE 3 11 9 2 2 2 0
> VAMPIRE 4 11 9 2 2 2 0
> VAMPIRE 2 9 7 2 2 3 0
< RES 1637330661 177 1
< MOVE R R
> REQ 1637330661 178 1
> VAMPIRE 1 9 13 2 2 3 0
> VAMPIRE 3 9 9 2 2 2 0
> VAMPIRE 4 9 9 2 2 2 0
> VAMPIRE 2 9 5 2 2 3 0
< RES 1637330661 178 1
< MOVE L L
> REQ 1637330661 179 1
> VAMPIRE 1 9 11 2 2 3 0
> VAMPIRE 3 9 9 2 2 2 0
> VAMPIRE 4 9 9 2 2 2 0
> VAMPIRE 2 9 7 2 2 3 0
< RES 1637330661 179 1
< GRENADE
< MOVE R R
> REQ 1637330661 180 1
> VAMPIRE 1 9 13 2 1 3 0
> VAMPIRE 3 9 9 2 2 2 0
> VAMPIRE 4 9 9 2 2 2 0
> VAMPIRE 2 9 5 2 1 3 0
> GRENADE 1 9 11 5 3
> GRENADE 2 9 7 5 3
< RES 1637330661 180 1
< MOVE U U
> REQ 1637330661 181 1
> VAMPIRE 1 7 13 2 1 3 0
> VAMPIRE 3 11 9 2 2 2 0
> VAMPIRE 4 11 9 2 2 2 0
> VAMPIRE 2 7 5 2 1 3 0
> GRENADE 1 9 11 4 3
> GRENADE 2 9 7 4 3
< RES 1637330661 181 1
> REQ 1637330661 182 1
> VAMPIRE 1 7 13 2 1 3 0
> VAMPIRE 3 11 9 2 2 2 0
> VAMPIRE 4 11 9 2 2 2 0
> VAMPIRE 2 7 5 2 1 3 0
> GRENADE 1 9 11 3 3
> GRENADE 2 9 7 3 3
< RES 1637330661 182 1
> REQ 1637330661 183 1
> VAMPIRE 1 7 13 2 1 3 0
> VAMPIRE 3 11 9 2 2 2 0
> VAMPIRE 4 11 9 2 2 2 0
> VAMPIRE 2 7 5 2 1 3 0
> GRENADE 1 9 11 2 3
> GRENADE 2 9 7 2 3
< RES 1637330661 183 1
> REQ 1637330661 184 1
> VAMPIRE 1 7 13 2 1 3 0
> VAMPIRE 3 13 9 2 2 2 0
> VAMPIRE 4 13 9 2 2 2 0
> VAMPIRE 2 7 5 2 1 3 0
> GRENADE 1 9 11 1 3
> GRENADE 2 9 7 1 3
< RES 1637330661 184 1
< MOVE L L
> REQ 1637330661 185 1
> VAMPIRE 1 7 11 2 2 3 0
> VAMPIRE 3 11 9 2 2 2 0
> VAMPIRE 4 11 9 2 2 2 0
> VAMPIRE 2 7 7 2 2 3 0
< RES 1637330661 185 1
< MOVE D D
> REQ 1637330661 186 1
> VAMPIRE 1 9 11 2 2 3 0
> VAMPIRE 3 13 9 2 2 2 0
> VAMPIRE 4 13 9 2 2 2 0
> VAMPIRE 2 9 7 2 2 3 0
> POWERUP BATTERY -5 9 1 6
> POWERUP BATTERY -5 9 17 6
< RES 1637330661 186 1
< MOVE R R
> REQ 1637330661 187 1
> VAMPIRE 1 9 13 2 2 3 0
> VAMPIRE 3 11 9 2 2 2 0
> VAMPIRE 4 11 9 2 2 2 0
> VAMPIRE 2 9 5 2 2 3 0
> POWERUP BATTERY -4 9 1 6
> POWERUP BATTERY -4 9 17 6
< RES 1637330661 187 1
< MOVE R R
> REQ 1637330661 188 1
> VAMPIRE 1 9 15 2 2 3 0
> VAMPIRE 3 9 9 2 2 2 0
> VAMPIRE 4 9 9 2 2 2 0
> VAMPIRE 2 9 3 2 2 3 0
> POWERUP BATTERY -3 9 1 6
> POWERUP BATTERY -3 9 17 6
< RES 1637330661 188 1
< MOVE R R
> REQ 1637330661 189 1
> VAMPIRE 1 9 17 2 2 3 0
> VAMPIRE 3 9 7 2 2 2 0
> VAMPIRE 4 9 7 2 2 2 0
> VAMPIRE 2 9 1 2 2 3 0
> POWERUP BATTERY -2 9 1 6
> POWERUP BATTERY -2 9 17 6
< RES 1637330661 189 1
> REQ 1637330661 190 1
> VAMPIRE 1 9 17 2 2 3 0
> VAMPIRE 3 9 5 2 2 2 0
> VAMPIRE 4 9 5 2 2 2 0
> VAMPIRE 2 9 1 2 2 3 0
> POWERUP BATTERY -1 9 1 6
> POWERUP BATTERY -1 9 17 6
< RES 1637330661 190 1
> REQ 1637330661 191 1
> VAMPIRE 1 9 17 2 2 3 0
> VAMPIRE 3 9 3 2 2 2 0
> VAMPIRE 4 9 3 2 2 2 0
> VAMPIRE 2 9 1 2 2 3 0
> POWERUP BATTERY 12 9 1 6
> POWERUP BATTERY 12 9 17 6
< RES 1637330661 191 1
> REQ 1637330661 192 1
> VAMPIRE 1 9 17 2 2 3 0
> VAMPIRE 3 9 2 2 2 2 0
> VAMPIRE 4 9 2 2 2 2 0
> VAMPIRE 2 9 1 2 1 3 0
> GRENADE 2 9 1 5 3
> POWERUP BATTERY 11 9 1 6
> POWERUP BATTERY 11 9 17 6
< RES 1637330661 192 1
> REQ 1637330661 193 1
> VAMPIRE 1 9 17 2 2 3 0
> VAMPIRE 3 9 3 2 2 2 0
> VAMPIRE 4 9 3 2 2 2 0
> VAMPIRE 2 9 1 2 0 3 0
> GRENADE 2 9 1 4 3
> GRENADE 2 9 1 5 3
> POWERUP BATTERY 10 9 1 6
> POWERUP BATTERY 10 9 17 6
< RES 1637330661 193 1
> REQ 1637330661 194 1
> VAMPIRE 1 9 17 2 2 3 0
> VAMPIRE 3 9 5 2 2 2 0
> VAMPIRE 4 9 5 2 2 2 0
> VAMPIRE 2 9 1 2 0 3 0
> GRENADE 2 9 1 3 3
> GRENADE 2 9 1 4 3
> POWERUP BATTERY 9 9 1 6
> POWERUP BATTERY 9 9 17 6
< RES 1637330661 194 1
> REQ 1637330661 195 1
> VAMPIRE 1 9 17 2 2 3 0
> VAMPIRE 3 9 7 2 2 2 0
> VAMPIRE 4 9 7 2 2 2 0
> VAMPIRE 2 9 3 2 0 3 0
> GRENADE 2 9 4 2 3
> GRENADE 2 9 4 3 3
> POWERUP BATTERY 8 9 1 6
> POWERUP BATTERY 8 9 17 6
< RES 1637330661 195 1
> REQ 1637330661 196 1
> VAMPIRE 1 9 17 2 2 4 0
> VAMPIRE 3 9 9 2 2 2 0
> VAMPIRE 4 9 9 2 2 2 0
> VAMPIRE 2 9 1 2 0 3 0
> GRENADE 2 9 7 1 3
> GRENADE 2 9 7 2 3
> POWERUP BATTERY 7 9 1 6
< RES 1637330661 196 1
< MOVE L L
> REQ 1637330661 197 1
> VAMPIRE 1 9 15 2 2 4 0
> VAMPIRE 3 9 11 1 2 2 0
> VAMPIRE 4 9 11 1 2 2 0
> VAMPIRE 2 9 1 2 2 3 0
> POWERUP BATTERY 6 9 1 6
< RES 1637330661 197 1
< GRENADE
< MOVE L L
> REQ 1637330661 198 1
> VAMPIRE 1 9 13 2 1 4 0
> VAMPIRE 3 9 9 1 2 2 0
> VAMPIRE 4 9 9 1 2 2 0
> VAMPIRE 2 9 1 2 2 3 0
> GRENADE 1 9 15 5 4
> POWERUP BATTERY 5 9 1 6
< RES 1637330661 198 1
< GRENADE
< MOVE L L
> REQ 1637330661 199 1
> VAMPIRE 1 9 11 2 0 4 0
> VAMPIRE 3 9 7 1 2 2 0
> VAMPIRE 4 9 7 1 2 2 0
> VAMPIRE 2 9 1 2 2 3 0
> GRENADE 1 9 15 4 4
> GRENADE 1 9 13 5 4
> POWERUP BATTERY 4 9 1 6
< RES 1637330661 199 1
< MOVE L L
> REQ 1637330661 200 1
> VAMPIRE 1 9 9 2 0 4 0
> VAMPIRE 3 9 5 1 2 2 0
> VAMPIRE 4 9 5 1 2 2 0
> VAMPIRE 2 9 1 2 2 3 0
> GRENADE 1 9 15 3 4
> GRENADE 1 9 13 4 4
> POWERUP BATTERY 3 9 1 6
< RES 1637330661 200 1
< MOVE L L
> REQ 1637330661 201 1
> VAMPIRE 1 9 7 2 0 4 0
> VAMPIRE 3 9 3 1 2 2 0
> VAMPIRE 4 9 3 1 2 2 0
> VAMPIRE 2 9 1 2 2 3 0
> GRENADE 1 9 15 2 4
> GRENADE 1 9 13 3 4
> POWERUP BATTERY 2 9 1 6
< RES 1637330661 201 1
< MOVE L L
> REQ 1637330661 202 1
> VAMPIRE 1 9 5 2 0 4 0
> VAMPIRE 3 9 2 1 2 2 0
> VAMPIRE 4 9 2 1 2 2 0
> VAMPIRE 2 9 1 2 1 4 0
> GRENADE 1 9 15 1 4
> GRENADE 1 9 13 2 4
> GRENADE 2 9 1 5 4
< RES 1637330661 202 1
< MOVE R R
> REQ 1637330661 203 1
> VAMPIRE 1 9 7 2 2 4 0
> VAMPIRE 3 8 3 1 2 2 0
> VAMPIRE 4 8 3 1 2 2 0
> VAMPIRE 2 7 1 2 0 4 0
> GRENADE 2 9 1 4 4
> GRENADE 2 9 1 5 4
< RES 1637330661 203 1
< MOVE U U
> REQ 1637330661 204 1
> VAMPIRE 1 7 7 2 2 4 0
> VAMPIRE 3 8 3 1 2 2 0
> VAMPIRE 4 8 3 1 2 2 0
> VAMPIRE 2 7 3 2 0 4 0
> GRENADE 2 9 1 3 4
> GRENADE 2 9 1 4 4
< RES 1637330661 204 1
< MOVE R R
> REQ 1637330661 205 1
> VAMPIRE 1 7 9 2 2 4 0
> VAMPIRE 3 10 3 1 2 2 0
> VAMPIRE 4 10 3 1 2 2 0
> VAMPIRE 2 5 3 2 0 4 0
> GRENADE 2 9 1 2 4
> GRENADE 2 9 1 3 4
< RES 1637330661 205 1
< MOVE U U
> REQ 1637330661 206 1
> VAMPIRE 1 5 9 2 2 4 0
> VAMPIRE 3 10 3 1 2 2 0
> VAMPIRE 4 10 3 1 2 2 0
> VAMPIRE 2 7 3 2 0 4 0
> GRENADE 2 9 1 1 4
> GRENADE 2 9 1 2 4
< RES 1637330661 206 1
< MOVE D D
> REQ 1637330661 207 1
> VAMPIRE 1 7 9 2 2 4 0
> VAMPIRE 3 11 3 1 2 2 0
> VAMPIRE 4 11 3 1 2 2 0
> VAMPIRE 2 7 5 2 2 4 0
< RES 1637330661 207 1
< MOVE R R
> REQ 1637330661 208 1
> VAMPIRE 1 7 11 2 2 4 0
> VAMPIRE 3 11 5 1 2 2 0
> VAMPIRE 4 11 5 1 2 2 0
> VAMPIRE 2 9 5 2 2 4 0
< RES 1637330661 208 1
< MOVE D D
> REQ 1637330661 209 1
> VAMPIRE 1 9 11 2 2 4 0
> VAMPIRE 3 11 7 1 2 2 0
> VAMPIRE 4 11 7 1 2 2 0
> VAMPIRE 2 9 7 2 1 4 0
> GRENADE 2 9 5 5 4
> POWERUP TOMATO -9 5 8 4
> POWERUP TOMATO -9 13 10 4
< RES 1637330661 209 1
< MOVE D D
> REQ 1637330661 210 1
> VAMPIRE 1 11 11 2 2 4 0
> VAMPIRE 3 11 9 1 2 2 0
> VAMPIRE 4 11 9 1 2 2 0
> VAMPIRE 2 7 7 2 0 4 0
> GRENADE 2 9 5 4 4
> GRENADE 2 9 7 5 4
> POWERUP TOMATO -8 5 8 4
> POWERUP TOMATO -8 13 10 4
< RES 1637330661 210 1
< GRENADE
< MOVE D D
> REQ 1637330661 211 1
> VAMPIRE 1 13 11 2 1 4 0
> VAMPIRE 3 13 9 1 2 2 0
> VAMPIRE 4 13 9 1 2 2 0
> VAMPIRE 2 5 7 2 0 4 0
> GRENADE 2 9 5 3 4
> GRENADE 2 9 7 4 4
> GRENADE 1 11 11 5 4
> POWERUP TOMATO -7 5 8 4
> POWERUP TOMATO -7 13 10 4
< RES 1637330661 211 1
< GRENADE
> REQ 1637330661 212 1
> VAMPIRE 1 13 11 2 0 4 0
> VAMPIRE 3 13 10 1 1 2 0
> VAMPIRE 4 13 10 1 1 2 0
> VAMPIRE 2 5 8 2 0 4 0
> GRENADE 2 9 5 2 4
> GRENADE 2 9 7 3 4
> GRENADE 1 11 11 4 4
> GRENADE 1 13 11 5 4
> GRENADE 3 13 9 5 2
> GRENADE 4 13 9 5 2
> POWERUP TOMATO -6 5 8 4
> POWERUP TOMATO -6 13 10 4
< RES 1637330661 212 1
> REQ 1637330661 213 1
> VAMPIRE 1 13 11 2 0 4 0
> VAMPIRE 3 13 10 1 0 2 0
> VAMPIRE 4 13 10 1 0 2 0
> VAMPIRE 2 5 8 2 0 4 0
> GRENADE 2 9 5 1 4
> GRENADE 2 9 7 2 4
> GRENADE 1 11 11 3 4
> GRENADE 1 13 11 4 4
> GRENADE 3 13 9 4 2
> GRENADE 4 13 9 4 2
> GRENADE 3 13 10 5 2
> GRENADE 4 13 10 5 2
> POWERUP TOMATO -5 5 8 4
> POWERUP TOMATO -5 13 10 4
< RES 1637330661 213 1
< MOVE R R
> REQ 1637330661 214 1
> VAMPIRE 1 13 13 2 0 4 0
> VAMPIRE 3 13 10 1 0 2 0
> VAMPIRE 4 13 10 1 0 2 0
> VAMPIRE 2 5 8 2 2 4 0
> GRENADE 1 11 11 2 4
> GRENADE 1 13 11 3 4
> GRENADE 3 13 9 3 2
> GRENADE 4 13 9 3 2
> GRENADE 3 13 10 4 2
> GRENADE 4 13 10 4 2
> POWERUP TOMATO -4 5 8 4
> POWERUP TOMATO -4 13 10 4
< RES 1637330661 214 1
< GRENADE
> REQ 1637330661 215 1
> VAMPIRE 1 13 13 2 0 4 0
> VAMPIRE 3 13 10 1 0 2 0
> VAMPIRE 4 13 10 1 0 2 0
> VAMPIRE 2 5 8 2 2 4 0
> GRENADE 1 11 11 1 4
> GRENADE 1 13 11 2 4
> GRENADE 3 13 9 2 2
> GRENADE 4 13 9 2 2
> GRENADE 3 13 10 3 2
> GRENADE 4 13 10 3 2
> POWERUP TOMATO -3 5 8 4
> POWERUP TOMATO -3 13 10 4
< RES 1637330661 215 1
< GRENADE
> REQ 1637330661 216 1
> VAMPIRE 1 13 13 1 2 4 0
> VAMPIRE 2 5 8 2 2 4 0
> POWERUP TOMATO -2 5 8 4
> POWERUP TOMATO -2 13 10 4
< RES 1637330661 216 1
< MOVE L L
> REQ 1637330661 217 1
> VAMPIRE 1 13 11 1 2 4 0
> VAMPIRE 2 5 8 2 1 4 0
> GRENADE 2 5 8 5 4
> POWERUP TOMATO -1 5 8 4
> POWERUP TOMATO -1 13 10 4
< RES 1637330661 217 1
< MOVE L
> REQ 1637330661 218 1
> VAMPIRE 1 13 10 1 2 4 0
> VAMPIRE 2 5 7 2 1 4 0
> GRENADE 2 5 8 4 4
> POWERUP TOMATO 20 5 8 4
> POWERUP TOMATO 20 13 10 4
< RES 1637330661 218 1
< GRENADE
> REQ 1637330661 219 1
> VAMPIRE 1 13 10 1 1 4 0
> VAMPIRE 2 5 7 2 1 4 0
> GRENADE 2 5 11 3 4
> GRENADE 1 13 10 5 4
> POWERUP TOMATO 19 5 8 4
> POWERUP TOMATO 19 13 10 4
< RES 1637330661 219 1
< MOVE L
> REQ 1637330661 220 1
> VAMPIRE 1 13 9 1 1 4 0
> VAMPIRE 2 5 8 2 1 4 0
> GRENADE 2 5 11 2 4
> GRENADE 1 13 10 4 4
> POWERUP TOMATO 18 5 8 4
> POWERUP TOMATO 18 13 10 4
< RES 1637330661 220 1
< MOVE U U
> REQ 1637330661 221 1
> VAMPIRE 1 11 9 1 1 4 0
> VAMPIRE 2 4 7 2 1 4 0
> GRENADE 2 5 11 1 4
> GRENADE 1 13 10 3 4
> POWERUP TOMATO 17 5 8 4
> POWERUP TOMATO 17 13 10 4
< RES 1637330661 221 1
< MOVE D D
> REQ 1637330661 222 1
> VAMPIRE 1 13 9 1 1 4 0
> VAMPIRE 2 5 8 2 2 4 0
> GRENADE 1 13 10 2 4
> POWERUP TOMATO 16 5 8 4
> POWERUP TOMATO 16 13 10 4
< RES 1637330661 222 1
< MOVE U U
> REQ 1637330661 223 1
> VAMPIRE 1 11 9 1 1 4 0
> VAMPIRE 2 5 8 2 1 4 0
> GRENADE 1 13 10 1 4
> GRENADE 2 5 8 5 4
> POWERUP TOMATO 15 5 8 4
> POWERUP TOMATO 15 13 10 4
< RES 1637330661 223 1
< MOVE D D
> REQ 1637330661 224 1
> VAMPIRE 1 13 9 1 2 4 0
> VAMPIRE 2 5 7 2 1 4 0
> GRENADE 2 5 8 4 4
> POWERUP TOMATO 14 5 8 4
> POWERUP TOMATO 14 13 10 4
< RES 1637330661 224 1
< MOVE R
> REQ 1637330661 225 1
> VAMPIRE 1 13 10 1 2 4 0
> VAMPIRE 2 5 7 2 1 4 0
> GRENADE 2 5 11 3 4
> POWERUP TOMATO 13 5 8 4
> POWERUP TOMATO 13 13 10 4
< RES 1637330661 225 1
< GRENADE
> REQ 1637330661 226 1
> VAMPIRE 1 13 10 1 1 4 0
> VAMPIRE 2 5 8 2 1 4 0
> GRENADE 2 5 11 2 4
> GRENADE 1 13 10 5 4
> POWERUP TOMATO 12 5 8 4
> POWERUP TOMATO 12 13 10 4
< RES 1637330661 226 1
< MOVE L
> REQ 1637330661 227 1
> VAMPIRE 1 13 9 1 1 4 0
> VAMPIRE 2 4 7 2 1 4 0
> GRENADE 2 5 11 1 4
> GRENADE 1 13 10 4 4
> POWERUP TOMATO 11 5 8 4
> POWERUP TOMATO 11 13 10 4
< RES 1637330661 227 1
< MOVE U U
> REQ 1637330661 228 1
> VAMPIRE 1 11 9 1 1 4 0
> VAMPIRE 2 5 8 2 2 4 0
> GRENADE 1 13 10 3 4
> POWERUP TOMATO 10 5 8 4
> POWERUP TOMATO 10 13 10 4
< RES 1637330661 228 1
< MOVE D D
> REQ 1637330661 229 1
> VAMPIRE 1 13 9 1 1 4 0
> VAMPIRE 2 5 8 2 1 4 0
> GRENADE 1 13 10 2 4
> GRENADE 2 5 8 5 4
> POWERUP TOMATO 9 5 8 4
> POWERUP TOMATO 9 13 10 4
< RES 1637330661 229 1
< THROW R 3
< MOVE D
> REQ 1637330661 230 1
> VAMPIRE 1 14 9 1 1 4 0
> VAMPIRE 2 5 8 2 1 4 0
> GRENADE 1 13 13 1 4
> GRENADE 2 7 8 4 4
> POWERUP TOMATO 8 5 8 4
> POWERUP TOMATO 8 13 10 4
< RES 1637330661 230 1
< MOVE U R
> REQ 1637330661 231 1
> VAMPIRE 1 13 10 1 2 4 0
> VAMPIRE 2 5 8 2 0 4 0
> GRENADE 2 7 8 3 4
> GRENADE 2 5 8 5 4
> POWERUP TOMATO 7 5 8 4
> POWERUP TOMATO 7 13 10 4
< RES 1637330661 231 1
< GRENADE
> REQ 1637330661 232 1
> VAMPIRE 1 13 10 1 1 4 0
> VAMPIRE 2 5 7 3 0 4 0
> GRENADE 2 7 8 2 4
> GRENADE 2 5 8 4 4
> GRENADE 1 13 10 5 4
> POWERUP TOMATO 6 13 10 4
< RES 1637330661 232 1
< THROW XD 2
> REQ 1637330661 233 1
> VAMPIRE 1 13 10 1 1 4 0
> VAMPIRE 2 3 7 3 0 4 0
> GRENADE 2 7 8 1 4
> GRENADE 2 5 8 3 4
> GRENADE 1 15 10 4 4
> POWERUP TOMATO 5 13 10 4
< RES 1637330661 233 1
< GRENADE
> REQ 1637330661 234 1
> VAMPIRE 1 13 10 1 0 4 0
> VAMPIRE 2 3 9 3 1 4 0
> GRENADE 2 5 8 2 4
> GRENADE 1 15 10 3 4
> GRENADE 1 13 10 5 4
> POWERUP TOMATO 4 13 10 4
< RES 1637330661 234 1
< MOVE L
> REQ 1637330661 235 1
> VAMPIRE 1 13 9 2 0 4 0
> VAMPIRE 2 3 9 3 1 4 0
> GRENADE 2 5 8 1 4
> GRENADE 1 15 10 2 4
> GRENADE 1 13 10 4 4
< RES 1637330661 235 1
< MOVE U U
> REQ 1637330661 236 1
> VAMPIRE 1 11 9 2 0 4 0
> VAMPIRE 2 5 9 3 2 4 0
> GRENADE 1 15 10 1 4
> GRENADE 1 13 10 3 4
< RES 1637330661 236 1
> REQ 1637330661 237 1
> VAMPIRE 1 11 9 2 1 4 0
> VAMPIRE 2 5 9 3 2 4 0
> GRENADE 1 13 10 2 4
< RES 1637330661 237 1
> REQ 1637330661 238 1
> VAMPIRE 1 11 9 2 1 4 0
> VAMPIRE 2 5 9 3 2 4 0
> GRENADE 1 13 10 1 4
< RES 1637330661 238 1
> REQ 1637330661 239 1
> VAMPIRE 1 11 9 2 2 4 0
> VAMPIRE 2 5 9 3 2 4 0
< RES 1637330661 239 1
> REQ 1637330661 240 1
> VAMPIRE 1 11 9 2 2 4 0
> VAMPIRE 2 5 9 3 2 4 0
> POWERUP BATTERY -5 10 13 6
< RES 1637330661 240 1
< MOVE R R
> REQ 1637330661 241 1
> VAMPIRE 1 11 11 2 2 4 0
> VAMPIRE 2 5 11 3 2 4 0
> POWERUP BATTERY -4 10 13 6
< RES 1637330661 241 1
< MOVE R R
> REQ 1637330661 242 1
> VAMPIRE 1 11 13 2 2 4 0
> VAMPIRE 2 5 13 3 2 4 0
> POWERUP BATTERY -3 10 13 6
< RES 1637330661 242 1
< MOVE U
> REQ 1637330661 243 1
> VAMPIRE 1 10 13 2 2 4 0
> VAMPIRE 2 7 13 3 2 4 0
> POWERUP BATTERY -2 10 13 6
< RES 1637330661 243 1
> REQ 1637330661 244 1
> VAMPIRE 1 10 13 2 2 4 0
> VAMPIRE 2 9 13 3 2 4 0
> POWERUP BATTERY -1 10 13 6
< RES 1637330661 244 1
> REQ 1637330661 245 1
> VAMPIRE 1 10 13 2 2 4 0
> VAMPIRE 2 11 13 3 1 4 0
> GRENADE 2 9 13 5 4
> POWERUP BATTERY 16 10 13 6
< RES 1637330661 245 1
> REQ 1637330661 246 1
> VAMPIRE 1 10 13 2 2 4 0
> VAMPIRE 2 11 13 3 0 4 0
> GRENADE 2 9 13 4 4
> GRENADE 2 11 13 5 4
> POWERUP BATTERY 15 10 13 6
< RES 1637330661 246 1
> REQ 1637330661 247 1
> VAMPIRE 1 10 13 2 2 4 0
> VAMPIRE 2 11 13 3 0 4 0
> GRENADE 2 9 13 3 4
> GRENADE 2 11 13 4 4
> POWERUP BATTERY 14 10 13 6
< RES 1637330661 247 1
> REQ 1637330661 248 1
> VAMPIRE 1 10 13 2 2 4 0
> VAMPIRE 2 11 13 3 0 4 0
> GRENADE 2 9 13 2 4
> GRENADE 2 11 13 3 4
> POWERUP BATTERY 13 10 13 6
< RES 1637330661 248 1
> REQ 1637330661 249 1
> VAMPIRE 1 10 13 2 2 4 0
> VAMPIRE 2 11 12 3 0 4 0
> GRENADE 2 9 13 1 4
> GRENADE 2 8 13 2 4
> POWERUP BATTERY 12 10 13 6
< RES 1637330661 249 1
< MOVE D
> REQ 1637330661 250 1
> VAMPIRE 1 11 13 1 2 5 0
> VAMPIRE 2 10 11 3 2 4 0
< RES 1637330661 250 1
< MOVE L L
> REQ 1637330661 251 1
> VAMPIRE 1 11 11 1 2 5 0
> VAMPIRE 2 8 11 3 2 4 0
< RES 1637330661 251 1
< MOVE L L
> REQ 1637330661 252 1
> VAMPIRE 1 11 9 1 2 5 0
> VAMPIRE 2 6 11 3 2 4 0
< RES 1637330661 252 1
> REQ 1637330661 253 1
> VAMPIRE 1 11 9 1 2 5 0
> VAMPIRE 2 5 11 3 2 4 0
< RES 1637330661 253 1
< MOVE R R
> REQ 1637330661 254 1
> VAMPIRE 1 11 11 1 2 5 0
> VAMPIRE 2 5 9 3 2 4 0
< RES 1637330661 254 1
< MOVE L L
> REQ 1637330661 255 1
> VAMPIRE 1 11 9 1 2 5 0
> VAMPIRE 2 7 9 3 2 4 0
< RES 1637330661 255 1
< MOVE D D
> REQ 1637330661 256 1
> VAMPIRE 1 13 9 1 2 5 0
> VAMPIRE 2 5 9 3 2 4 0
< RES 1637330661 256 1
< MOVE U U
> REQ 1637330661 257 1
> VAMPIRE 1 11 9 1 2 5 0
> VAMPIRE 2 7 9 3 2 4 0
< RES 1637330661 257 1
< MOVE D D
> REQ 1637330661 258 1
> VAMPIRE 1 13 9 1 2 5 0
> VAMPIRE 2 5 9 3 2 4 0
< RES 1637330661 258 1
< MOVE U U
> REQ 1637330661 259 1
> VAMPIRE 1 11 9 1 2 5 0
> VAMPIRE 2 7 9 3 2 4 0
< RES 1637330661 259 1
< MOVE D D
> REQ 1637330661 260 1
> VAMPIRE 1 13 9 1 2 5 0
> VAMPIRE 2 5 9 3 2 4 0
< RES 1637330661 260 1
< MOVE U U
> REQ 1637330661 261 1
> VAMPIRE 1 11 9 1 2 5 0
> VAMPIRE 2 7 9 3 2 4 0
< RES 1637330661 261 1
< MOVE D D
> REQ 1637330661 262 1
> VAMPIRE 1 13 9 1 2 5 0
> VAMPIRE 2 5 9 3 2 4 0
< RES 1637330661 262 1
< MOVE U U
> REQ 1637330661 263 1
> VAMPIRE 1 11 9 1 2 5 0
> VAMPIRE 2 7 9 3 2 4 0
< RES 1637330661 263 1
< MOVE D D
> REQ 1637330661 264 1
> VAMPIRE 1 13 9 1 2 5 0
> VAMPIRE 2 5 9 3 2 4 0
< RES 1637330661 264 1
< MOVE U U
> REQ 1637330661 265 1
> VAMPIRE 1 11 9 1 2 5 0
> VAMPIRE 2 7 9 3 2 4 0
< RES 1637330661 265 1
< MOVE D D
> REQ 1637330661 266 1
> VAMPIRE 1 13 9 1 2 5 0
> VAMPIRE 2 5 9 3 2 4 0
< RES 1637330661 266 1
< MOVE U U
> REQ 1637330661 267 1
> VAMPIRE 1 11 9 1 2 5 0
> VAMPIRE 2 7 9 3 2 4 0
< RES 1637330661 267 1
< MOVE D D
> REQ 1637330661 268 1
> VAMPIRE 1 13 9 1 2 5 0
> VAMPIRE 2 5 9 3 2 4 0
> POWERUP GRENADE -4 2 5 6
< RES 1637330661 268 1
< MOVE U U
> REQ 1637330661 269 1
> VAMPIRE 1 11 9 1 2 5 0
> VAMPIRE 2 3 9 3 2 4 0
> POWERUP GRENADE -3 2 5 6
< RES 1637330661 269 1
< MOVE U U
> REQ 1637330661 270 1
> VAMPIRE 1 9 9 1 2 5 0
> VAMPIRE 2 3 7 3 2 4 0
> POWERUP GRENADE -2 2 5 6
< RES 1637330661 270 1
< MOVE U U
> REQ 1637330661 271 1
> VAMPIRE 1 7 9 1 2 5 0
> VAMPIRE 2 3 5 3 2 4 0
> POWERUP GRENADE -1 2 5 6
< RES 1637330661 271 1
< MOVE U U
> REQ 1637330661 272 1
> VAMPIRE 1 5 9 1 2 5 0
> VAMPIRE 2 2 5 3 2 4 0
> POWERUP GRENADE 18 2 5 6
< RES 1637330661 272 1
< MOVE U U
> REQ 1637330661 273 1
> VAMPIRE 1 3 9 1 2 5 0
> VAMPIRE 2 2 5 3 2 4 0
> POWERUP GRENADE 17 2 5 6
< RES 1637330661 273 1
< MOVE L L
> REQ 1637330661 274 1
> VAMPIRE 1 3 7 1 2 5 0
> VAMPIRE 2 2 5 3 2 4 0
> POWERUP GRENADE 16 2 5 6
< RES 1637330661 274 1
< MOVE L L
> REQ 1637330661 275 1
> VAMPIRE 1 3 5 1 2 5 0
> VAMPIRE 2 2 5 3 2 4 0
> POWERUP GRENADE 15 2 5 6
< RES 1637330661 275 1
< GRENADE
< MOVE U U
> REQ 1637330661 276 1
> VAMPIRE 1 1 5 1 1 5 0
> VAMPIRE 2 1 5 3 2 4 0
> GRENADE 1 3 5 5 5
> POWERUP GRENADE 14 2 5 6
< RES 1637330661 276 1
> REQ 1637330661 277 1
> VAMPIRE 1 1 5 1 1 5 0
> VAMPIRE 2 1 5 3 2 4 0
> GRENADE 1 3 5 4 5
> POWERUP GRENADE 13 2 5 6
< RES 1637330661 277 1
< MOVE D
> REQ 1637330661 278 1
> VAMPIRE 1 2 5 1 1 5 0
> VAMPIRE 2 1 5 3 2 4 0
> GRENADE 1 3 5 3 5
> POWERUP GRENADE 12 2 5 6
< RES 1637330661 278 1
< GRENADE
> REQ 1637330661 279 1
> VAMPIRE 1 2 5 1 0 5 0
> VAMPIRE 2 1 5 3 1 4 0
> GRENADE 1 3 5 2 5
> GRENADE 1 2 5 5 5
> GRENADE 2 1 5 5 4
> POWERUP GRENADE 11 2 5 6
< RES 1637330661 279 1
< GRENADE
> REQ 1637330661 280 1
> VAMPIRE 1 2 5 1 0 5 0
> VAMPIRE 2 1 7 3 1 4 0
> GRENADE 1 3 5 1 5
> GRENADE 1 2 5 4 5
> GRENADE 2 4 5 4 4
> POWERUP GRENADE 10 2 5 6
< RES 1637330661 280 1
> END 870 Could_not_be_more_deaded
