> MESSAGE OK
> LEVEL 10
> GAMEID 1637182067
> TEST 1
> MAXTICK 800
> GRENADERADIUS 3
> SIZE 15
> REQ 1637182067 0 2
> VAMPIRE 1 1 1 3 1 3 0
> VAMPIRE 2 13 1 3 1 3 0
> VAMPIRE 3 13 13 3 1 3 0
> VAMPIRE 4 1 13 3 1 3 0
> BAT1 8 1 9 1 10 1 11 1 1 3 7 3 1 4 1 5 6 5 8 5 1 6 5 6 9 6 3 7 11 7 5 8 9 8 13 8 6 9 8 9 13 9 13 10 7 11 13 11 3 13 4 13 5 13 6 13
> BAT2 3 1 4 1 5 1 6 1 8 3 9 3 13 3 13 4 3 5 7 5 13 5 3 6 13 6 5 7 9 7 1 8 11 8 1 9 7 9 11 9 1 10 1 11 5 11 6 11 8 13 9 13 10 13 11 13
> BAT3 7 1 5 3 6 3 11 5 11 6 1 7 7 7 13 7 3 8 3 9 8 11 9 11 7 13
< RES 1637182067 0 2
< MOVE U
> REQ 1637182067 1 2
> VAMPIRE 1 1 2 3 1 3 0
> VAMPIRE 2 12 1 3 1 3 0
> VAMPIRE 3 13 12 3 1 3 0
> VAMPIRE 4 2 13 3 1 3 0
> BAT1 8 1 9 1 10 1 11 1 1 3 7 3 1 4 1 5 6 5 8 5 1 6 5 6 9 6 3 7 11 7 5 8 9 8 13 8 6 9 8 9 13 9 13 10 7 11 13 11 3 13 4 13 5 13 6 13
> BAT2 3 1 4 1 5 1 6 1 8 3 9 3 13 3 13 4 3 5 7 5 13 5 3 6 13 6 5 7 9 7 1 8 11 8 1 9 7 9 11 9 1 10 1 11 5 11 6 11 8 13 9 13 10 13 11 13
> BAT3 7 1 5 3 6 3 11 5 11 6 1 7 7 7 13 7 3 8 3 9 8 11 9 11 7 13
< RES 1637182067 1 2
< GRENADE
< MOVE D R
> REQ 1637182067 2 2
> VAMPIRE 1 2 1 3 0 3 0
> VAMPIRE 2 13 2 3 0 3 0
> VAMPIRE 3 12 13 3 0 3 0
> VAMPIRE 4 1 12 3 0 3 0
> GRENADE 1 1 2 5 3
> GRENADE 2 12 1 5 3
> GRENADE 3 13 12 5 3
> GRENADE 4 2 13 5 3
> BAT1 8 1 9 1 10 1 11 1 1 3 7 3 1 4 1 5 6 5 8 5 1 6 5 6 9 6 3 7 11 7 5 8 9 8 13 8 6 9 8 9 13 9 13 10 7 11 13 11 3 13 4 13 5 13 6 13
> BAT2 3 1 4 1 5 1 6 1 8 3 9 3 13 3 13 4 3 5 7 5 13 5 3 6 13 6 5 7 9 7 1 8 11 8 1 9 7 9 11 9 1 10 1 11 5 11 6 11 8 13 9 13 10 13 11 13
> BAT3 7 1 5 3 6 3 11 5 11 6 1 7 7 7 13 7 3 8 3 9 8 11 9 11 7 13
< RES 1637182067 2 2
> REQ 1637182067 3 2
> VAMPIRE 1 2 1 3 0 3 0
> VAMPIRE 2 13 2 3 0 3 0
> VAMPIRE 3 12 13 3 0 3 0
> VAMPIRE 4 1 12 3 0 3 0
> GRENADE 1 1 2 4 3
> GRENADE 2 12 1 4 3
> GRENADE 3 13 12 4 3
> GRENADE 4 2 13 4 3
> BAT1 8 1 9 1 10 1 11 1 1 3 7 3 1 4 1 5 6 5 8 5 1 6 5 6 9 6 3 7 11 7 5 8 9 8 13 8 6 9 8 9 13 9 13 10 7 11 13 11 3 13 4 13 5 13 6 13
> BAT2 3 1 4 1 5 1 6 1 8 3 9 3 13 3 13 4 3 5 7 5 13 5 3 6 13 6 5 7 9 7 1 8 11 8 1 9 7 9 11 9 1 10 1 11 5 11 6 11 8 13 9 13 10 13 11 13
> BAT3 7 1 5 3 6 3 11 5 11 6 1 7 7 7 13 7 3 8 3 9 8 11 9 11 7 13
< RES 1637182067 3 2
> REQ 1637182067 4 2
> VAMPIRE 1 2 1 3 0 3 0
> VAMPIRE 2 13 2 3 0 3 0
> VAMPIRE 3 12 13 3 0 3 0
> VAMPIRE 4 1 12 3 0 3 0
> GRENADE 1 1 2 3 3
> GRENADE 2 12 1 3 3
> GRENADE 3 13 12 3 3
> GRENADE 4 2 13 3 3
> BAT1 8 1 9 1 10 1 11 1 1 3 7 3 1 4 1 5 6 5 8 5 1 6 5 6 9 6 3 7 11 7 5 8 9 8 13 8 6 9 8 9 13 9 13 10 7 11 13 11 3 13 4 13 5 13 6 13
> BAT2 3 1 4 1 5 1 6 1 8 3 9 3 13 3 13 4 3 5 7 5 13 5 3 6 13 6 5 7 9 7 1 8 11 8 1 9 7 9 11 9 1 10 1 11 5 11 6 11 8 13 9 13 10 13 11 13
> BAT3 7 1 5 3 6 3 11 5 11 6 1 7 7 7 13 7 3 8 3 9 8 11 9 11 7 13
< RES 1637182067 4 2
> REQ 1637182067 5 2
> VAMPIRE 1 2 1 3 0 3 0
> VAMPIRE 2 13 2 3 0 3 0
> VAMPIRE 3 12 13 3 0 3 0
> VAMPIRE 4 1 12 3 0 3 0
> GRENADE 1 1 2 2 3
> GRENADE 2 12 1 2 3
> GRENADE 3 13 12 2 3
> GRENADE 4 2 13 2 3
> BAT1 8 1 9 1 10 1 11 1 1 3 7 3 1 4 1 5 6 5 8 5 1 6 5 6 9 6 3 7 11 7 5 8 9 8 13 8 6 9 8 9 13 9 13 10 7 11 13 11 3 13 4 13 5 13 6 13
> BAT2 3 1 4 1 5 1 6 1 8 3 9 3 13 3 13 4 3 5 7 5 13 5 3 6 13 6 5 7 9 7 1 8 11 8 1 9 7 9 11 9 1 10 1 11 5 11 6 11 8 13 9 13 10 13 11 13
> BAT3 7 1 5 3 6 3 11 5 11 6 1 7 7 7 13 7 3 8 3 9 8 11 9 11 7 13
< RES 1637182067 5 2
> REQ 1637182067 6 2
> VAMPIRE 1 2 1 3 0 3 0
> VAMPIRE 2 13 2 3 0 3 0
> VAMPIRE 3 12 13 3 0 3 0
> VAMPIRE 4 1 12 3 0 3 0
> GRENADE 1 1 2 1 3
> GRENADE 2 12 1 1 3
> GRENADE 3 13 12 1 3
> GRENADE 4 2 13 1 3
> BAT1 8 1 9 1 10 1 11 1 1 3 7 3 1 4 1 5 6 5 8 5 1 6 5 6 9 6 3 7 11 7 5 8 9 8 13 8 6 9 8 9 13 9 13 10 7 11 13 11 3 13 4 13 5 13 6 13
> BAT2 3 1 4 1 5 1 6 1 8 3 9 3 13 3 13 4 3 5 7 5 13 5 3 6 13 6 5 7 9 7 1 8 11 8 1 9 7 9 11 9 1 10 1 11 5 11 6 11 8 13 9 13 10 13 11 13
> BAT3 7 1 5 3 6 3 11 5 11 6 1 7 7 7 13 7 3 8 3 9 8 11 9 11 7 13
< RES 1637182067 6 2
< MOVE L
> REQ 1637182067 7 2
> VAMPIRE 1 1 1 3 1 3 0
> VAMPIRE 2 13 1 3 1 3 0
> VAMPIRE 3 13 13 3 1 3 0
> VAMPIRE 4 1 12 3 1 3 0
> BAT1 8 1 9 1 10 1 7 3 1 4 1 5 6 5 8 5 1 6 5 6 9 6 3 7 11 7 5 8 9 8 13 8 6 9 8 9 13 9 13 10 7 11 4 13 5 13 6 13
> BAT2 3 1 4 1 5 1 6 1 8 3 9 3 13 3 13 4 3 5 7 5 13 5 3 6 13 6 5 7 9 7 1 8 11 8 1 9 7 9 11 9 1 10 1 11 5 11 6 11 8 13 9 13 10 13 11 13
> BAT3 7 1 5 3 6 3 11 5 11 6 1 7 7 7 13 7 3 8 3 9 8 11 9 11 7 13
< RES 1637182067 7 2
< GRENADE
< MOVE U U
> REQ 1637182067 8 2
> VAMPIRE 1 1 3 3 0 3 0
> VAMPIRE 2 11 1 3 0 3 0
> VAMPIRE 3 13 11 3 0 3 0
> VAMPIRE 4 2 13 3 1 3 0
> GRENADE 1 1 1 5 3
> GRENADE 2 13 1 5 3
> GRENADE 3 13 13 5 3
> BAT1 8 1 9 1 10 1 7 3 1 4 1 5 6 5 8 5 1 6 5 6 9 6 3 7 11 7 5 8 9 8 13 8 6 9 8 9 13 9 13 10 7 11 4 13 5 13 6 13
> BAT2 3 1 4 1 5 1 6 1 8 3 9 3 13 3 13 4 3 5 7 5 13 5 3 6 13 6 5 7 9 7 1 8 11 8 1 9 7 9 11 9 1 10 1 11 5 11 6 11 8 13 9 13 10 13 11 13
> BAT3 7 1 5 3 6 3 11 5 11 6 1 7 7 7 13 7 3 8 3 9 8 11 9 11 7 13
< RES 1637182067 8 2
< MOVE R R
> REQ 1637182067 9 2
> VAMPIRE 1 3 3 3 0 3 0
> VAMPIRE 2 11 3 3 0 3 0
> VAMPIRE 3 11 11 3 0 3 0
> VAMPIRE 4 3 12 3 1 3 0
> GRENADE 1 1 1 4 3
> GRENADE 2 13 1 4 3
> GRENADE 3 13 13 4 3
> BAT1 8 1 9 1 10 1 7 3 1 4 1 5 6 5 8 5 1 6 5 6 9 6 3 7 11 7 5 8 9 8 13 8 6 9 8 9 13 9 13 10 7 11 4 13 5 13 6 13
> BAT2 3 1 4 1 5 1 6 1 8 3 9 3 13 3 13 4 3 5 7 5 13 5 3 6 13 6 5 7 9 7 1 8 11 8 1 9 7 9 11 9 1 10 1 11 5 11 6 11 8 13 9 13 10 13 11 13
> BAT3 7 1 5 3 6 3 11 5 11 6 1 7 7 7 13 7 3 8 3 9 8 11 9 11 7 13
< RES 1637182067 9 2
> REQ 1637182067 10 2
> VAMPIRE 1 3 3 3 0 3 0
> VAMPIRE 2 11 3 3 0 3 0
> VAMPIRE 3 11 11 3 0 3 0
> VAMPIRE 4 3 11 3 1 3 0
> GRENADE 1 1 1 3 3
> GRENADE 2 13 1 3 3
> GRENADE 3 13 13 3 3
> BAT1 8 1 9 1 10 1 7 3 1 4 1 5 6 5 8 5 1 6 5 6 9 6 3 7 11 7 5 8 9 8 13 8 6 9 8 9 13 9 13 10 7 11 4 13 5 13 6 13
> BAT2 3 1 4 1 5 1 6 1 8 3 9 3 13 3 13 4 3 5 7 5 13 5 3 6 13 6 5 7 9 7 1 8 11 8 1 9 7 9 11 9 1 10 1 11 5 11 6 11 8 13 9 13 10 13 11 13
> BAT3 7 1 5 3 6 3 11 5 11 6 1 7 7 7 13 7 3 8 3 9 8 11 9 11 7 13
< RES 1637182067 10 2
> REQ 1637182067 11 2
> VAMPIRE 1 3 3 3 0 3 0
> VAMPIRE 2 11 3 3 0 3 0
> VAMPIRE 3 11 11 3 0 3 0
> VAMPIRE 4 3 13 3 0 3 0
> GRENADE 1 1 1 2 3
> GRENADE 2 13 1 2 3
> GRENADE 3 13 13 2 3
> GRENADE 4 3 11 5 3
> BAT1 8 1 9 1 10 1 7 3 1 4 1 5 6 5 8 5 1 6 5 6 9 6 3 7 11 7 5 8 9 8 13 8 6 9 8 9 13 9 13 10 7 11 4 13 5 13 6 13
> BAT2 3 1 4 1 5 1 6 1 8 3 9 3 13 3 13 4 3 5 7 5 13 5 3 6 13 6 5 7 9 7 1 8 11 8 1 9 7 9 11 9 1 10 1 11 5 11 6 11 8 13 9 13 10 13 11 13
> BAT3 7 1 5 3 6 3 11 5 11 6 1 7 7 7 13 7 3 8 3 9 8 11 9 11 7 13
< RES 1637182067 11 2
> REQ 1637182067 12 2
> VAMPIRE 1 3 3 3 0 3 0
> VAMPIRE 2 11 3 3 0 3 0
> VAMPIRE 3 11 11 3 0 3 0
> VAMPIRE 4 2 13 3 0 3 0
> GRENADE 1 1 1 1 3
> GRENADE 2 13 1 1 3
> GRENADE 3 13 13 1 3
> GRENADE 4 3 11 4 3
> BAT1 8 1 9 1 10 1 7 3 1 4 1 5 6 5 8 5 1 6 5 6 9 6 3 7 11 7 5 8 9 8 13 8 6 9 8 9 13 9 13 10 7 11 4 13 5 13 6 13
> BAT2 3 1 4 1 5 1 6 1 8 3 9 3 13 3 13 4 3 5 7 5 13 5 3 6 13 6 5 7 9 7 1 8 11 8 1 9 7 9 11 9 1 10 1 11 5 11 6 11 8 13 9 13 10 13 11 13
> BAT3 7 1 5 3 6 3 11 5 11 6 1 7 7 7 13 7 3 8 3 9 8 11 9 11 7 13
< RES 1637182067 12 2
> REQ 1637182067 13 2
> VAMPIRE 1 3 3 3 1 3 0
> VAMPIRE 2 11 3 3 1 3 0
> VAMPIRE 3 11 10 3 1 3 0
> VAMPIRE 4 2 13 3 0 3 0
> GRENADE 4 3 11 3 3
> BAT1 8 1 9 1 7 3 1 5 6 5 8 5 1 6 5 6 9 6 3 7 11 7 5 8 9 8 13 8 6 9 8 9 13 9 7 11 4 13 5 13 6 13 3 1 13 3 11 13
> BAT2 4 1 5 1 6 1 8 3 9 3 13 4 3 5 7 5 13 5 3 6 13 6 5 7 9 7 1 8 11 8 1 9 7 9 11 9 1 10 1 11 5 11 6 11 8 13 9 13 10 13
> BAT3 7 1 5 3 6 3 11 5 11 6 1 7 7 7 13 7 3 8 3 9 8 11 9 11 7 13
< RES 1637182067 13 2
< GRENADE
< MOVE L L
> REQ 1637182067 14 2
> VAMPIRE 1 1 3 3 0 3 0
> VAMPIRE 2 11 1 3 0 3 0
> VAMPIRE 3 12 11 3 0 3 0
> VAMPIRE 4 2 13 3 0 3 0
> GRENADE 4 3 11 2 3
> GRENADE 1 3 3 5 3
> GRENADE 2 11 3 5 3
> GRENADE 3 11 10 5 3
> BAT1 8 1 9 1 7 3 1 5 6 5 8 5 1 6 5 6 9 6 3 7 11 7 5 8 9 8 13 8 6 9 8 9 13 9 7 11 4 13 5 13 6 13 3 1 13 3 11 13
> BAT2 4 1 5 1 6 1 8 3 9 3 13 4 3 5 7 5 13 5 3 6 13 6 5 7 9 7 1 8 11 8 1 9 7 9 11 9 1 10 1 11 5 11 6 11 8 13 9 13 10 13
> BAT3 7 1 5 3 6 3 11 5 11 6 1 7 7 7 13 7 3 8 3 9 8 11 9 11 7 13
< RES 1637182067 14 2
< MOVE D D
> REQ 1637182067 15 2
> VAMPIRE 1 1 1 3 0 3 0
> VAMPIRE 2 13 1 3 0 3 0
> VAMPIRE 3 13 11 3 0 3 0
> VAMPIRE 4 2 13 3 0 3 0
> GRENADE 4 3 11 1 3
> GRENADE 1 3 3 4 3
> GRENADE 2 11 3 4 3
> GRENADE 3 11 10 4 3
> BAT1 8 1 9 1 7 3 1 5 6 5 8 5 1 6 5 6 9 6 3 7 11 7 5 8 9 8 13 8 6 9 8 9 13 9 7 11 4 13 5 13 6 13 3 1 13 3 11 13
> BAT2 4 1 5 1 6 1 8 3 9 3 13 4 3 5 7 5 13 5 3 6 13 6 5 7 9 7 1 8 11 8 1 9 7 9 11 9 1 10 1 11 5 11 6 11 8 13 9 13 10 13
> BAT3 7 1 5 3 6 3 11 5 11 6 1 7 7 7 13 7 3 8 3 9 8 11 9 11 7 13
< RES 1637182067 15 2
> REQ 1637182067 16 2
> VAMPIRE 1 1 1 3 0 3 0
> VAMPIRE 2 13 1 3 0 3 0
> VAMPIRE 3 13 11 3 0 3 0
> VAMPIRE 4 3 12 3 1 3 0
> GRENADE 1 3 3 3 3
> GRENADE 2 11 3 3 3
> GRENADE 3 11 10 3 3
> BAT1 8 1 9 1 7 3 1 5 6 5 8 5 1 6 5 6 9 6 3 7 11 7 5 8 9 8 13 8 6 9 8 9 13 9 7 11 4 13 5 13 6 13 3 1 13 3 1 11 5 11 11 13
> BAT2 4 1 5 1 6 1 8 3 9 3 13 4 3 5 7 5 13 5 3 6 13 6 5 7 9 7 1 8 11 8 1 9 7 9 11 9 1 10 6 11 8 13 9 13 10 13 3 9
> BAT3 7 1 5 3 6 3 11 5 11 6 1 7 7 7 13 7 3 8 8 11 9 11 7 13
< RES 1637182067 16 2
> REQ 1637182067 17 2
> VAMPIRE 1 1 1 3 0 3 0
> VAMPIRE 2 13 1 3 0 3 0
> VAMPIRE 3 13 11 3 0 3 0
> VAMPIRE 4 3 11 3 1 3 0
> GRENADE 1 3 3 2 3
> GRENADE 2 11 3 2 3
> GRENADE 3 11 10 2 3
> BAT1 8 1 9 1 7 3 1 5 6 5 8 5 1 6 5 6 9 6 3 7 11 7 5 8 9 8 13 8 6 9 8 9 13 9 7 11 4 13 5 13 6 13 3 1 13 3 1 11 5 11 11 13
> BAT2 4 1 5 1 6 1 8 3 9 3 13 4 3 5 7 5 13 5 3 6 13 6 5 7 9 7 1 8 11 8 1 9 7 9 11 9 1 10 6 11 8 13 9 13 10 13 3 9
> BAT3 7 1 5 3 6 3 11 5 11 6 1 7 7 7 13 7 3 8 8 11 9 11 7 13
< RES 1637182067 17 2
< MOVE U
> REQ 1637182067 18 2
> VAMPIRE 1 1 1 3 0 3 0
> VAMPIRE 2 12 1 3 0 3 0
> VAMPIRE 3 13 11 3 0 3 0
> VAMPIRE 4 3 13 3 0 3 0
> GRENADE 1 3 3 1 3
> GRENADE 2 11 3 1 3
> GRENADE 3 11 10 1 3
> GRENADE 4 3 11 5 3
> BAT1 8 1 9 1 7 3 1 5 6 5 8 5 1 6 5 6 9 6 3 7 11 7 5 8 9 8 13 8 6 9 8 9 13 9 7 11 4 13 5 13 6 13 3 1 13 3 1 11 5 11 11 13
> BAT2 4 1 5 1 6 1 8 3 9 3 13 4 3 5 7 5 13 5 3 6 13 6 5 7 9 7 1 8 11 8 1 9 7 9 11 9 1 10 6 11 8 13 9 13 10 13 3 9
> BAT3 7 1 5 3 6 3 11 5 11 6 1 7 7 7 13 7 3 8 8 11 9 11 7 13
< RES 1637182067 18 2
< MOVE U U
> REQ 1637182067 19 2
> VAMPIRE 1 2 1 3 1 3 0
> VAMPIRE 2 10 1 3 1 3 0
> VAMPIRE 3 13 10 3 1 3 0
> VAMPIRE 4 2 13 3 0 3 0
> GRENADE 4 3 11 4 3
> BAT1 8 1 9 1 7 3 1 5 6 5 8 5 1 6 5 6 9 6 3 7 11 7 5 8 9 8 13 8 6 9 8 9 13 9 7 11 4 13 5 13 6 13 9 3 3 5 11 9 1 11 5 11
> BAT2 4 1 5 1 6 1 8 3 13 4 7 5 13 5 3 6 13 6 5 7 9 7 1 8 11 8 1 9 7 9 1 10 6 11 8 13 9 13 10 13 5 3 11 5 3 9
> BAT3 7 1 6 3 11 6 1 7 7 7 13 7 3 8 8 11 9 11 7 13
< RES 1637182067 19 2
< GRENADE
< MOVE D R
> REQ 1637182067 20 2
> VAMPIRE 1 1 2 3 1 3 0
> VAMPIRE 2 11 2 3 0 3 0
> VAMPIRE 3 12 11 3 1 3 0
> VAMPIRE 4 2 13 3 0 3 0
> GRENADE 4 3 11 3 3
> GRENADE 2 10 1 5 3
> BAT1 8 1 9 1 7 3 1 5 6 5 8 5 1 6 5 6 9 6 3 7 11 7 5 8 9 8 13 8 6 9 8 9 13 9 7 11 4 13 5 13 6 13 9 3 3 5 11 9 1 11 5 11
> BAT2 4 1 5 1 6 1 8 3 13 4 7 5 13 5 3 6 13 6 5 7 9 7 1 8 11 8 1 9 7 9 1 10 6 11 8 13 9 13 10 13 5 3 11 5 3 9
> BAT3 7 1 6 3 11 6 1 7 7 7 13 7 3 8 8 11 9 11 7 13
< RES 1637182067 20 2
< MOVE R
> REQ 1637182067 21 2
> VAMPIRE 1 2 3 3 0 3 0
> VAMPIRE 2 11 3 3 0 3 0
> VAMPIRE 3 11 10 3 1 3 0
> VAMPIRE 4 2 13 3 0 3 0
> GRENADE 4 3 11 2 3
> GRENADE 2 10 1 4 3
> GRENADE 1 1 2 5 3
> BAT1 8 1 9 1 7 3 1 5 6 5 8 5 1 6 5 6 9 6 3 7 11 7 5 8 9 8 13 8 6 9 8 9 13 9 7 11 4 13 5 13 6 13 9 3 3 5 11 9 1 11 5 11
> BAT2 4 1 5 1 6 1 8 3 13 4 7 5 13 5 3 6 13 6 5 7 9 7 1 8 11 8 1 9 7 9 1 10 6 11 8 13 9 13 10 13 5 3 11 5 3 9
> BAT3 7 1 6 3 11 6 1 7 7 7 13 7 3 8 8 11 9 11 7 13
< RES 1637182067 21 2
> REQ 1637182067 22 2
> VAMPIRE 1 3 3 3 0 3 0
> VAMPIRE 2 11 3 3 0 3 0
> VAMPIRE 3 12 11 3 0 3 0
> VAMPIRE 4 2 13 3 0 3 0
> GRENADE 4 3 11 1 3
> GRENADE 2 10 1 3 3
> GRENADE 1 1 2 4 3
> GRENADE 3 11 10 5 3
> BAT1 8 1 9 1 7 3 1 5 6 5 8 5 1 6 5 6 9 6 3 7 11 7 5 8 9 8 13 8 6 9 8 9 13 9 7 11 4 13 5 13 6 13 9 3 3 5 11 9 1 11 5 11
> BAT2 4 1 5 1 6 1 8 3 13 4 7 5 13 5 3 6 13 6 5 7 9 7 1 8 11 8 1 9 7 9 1 10 6 11 8 13 9 13 10 13 5 3 11 5 3 9
> BAT3 7 1 6 3 11 6 1 7 7 7 13 7 3 8 8 11 9 11 7 13
< RES 1637182067 22 2
> REQ 1637182067 23 2
> VAMPIRE 1 3 3 3 0 3 0
> VAMPIRE 2 11 3 3 0 3 0
> VAMPIRE 3 13 11 3 0 3 0
> VAMPIRE 4 3 13 3 1 3 0
> GRENADE 2 10 1 2 3
> GRENADE 1 1 2 3 3
> GRENADE 3 11 10 4 3
> BAT1 8 1 9 1 7 3 1 5 6 5 8 5 1 6 5 6 9 6 3 7 11 7 5 8 9 8 13 8 6 9 8 9 13 9 7 11 4 13 5 13 6 13 9 3 3 5 11 9 3 9
> BAT2 4 1 5 1 6 1 8 3 13 4 7 5 13 5 3 6 13 6 5 7 9 7 1 8 11 8 1 9 7 9 1 10 6 11 8 13 9 13 10 13 5 3 11 5
> BAT3 7 1 6 3 11 6 1 7 7 7 13 7 3 8 8 11 9 11 7 13
< RES 1637182067 23 2
> REQ 1637182067 24 2
> VAMPIRE 1 3 3 3 0 3 0
> VAMPIRE 2 11 3 3 0 3 0
> VAMPIRE 3 13 11 3 0 3 0
> VAMPIRE 4 3 11 3 1 3 0
> GRENADE 2 10 1 1 3
> GRENADE 1 1 2 2 3
> GRENADE 3 11 10 3 3
> BAT1 8 1 9 1 7 3 1 5 6 5 8 5 1 6 5 6 9 6 3 7 11 7 5 8 9 8 13 8 6 9 8 9 13 9 7 11 4 13 5 13 6 13 9 3 3 5 11 9 3 9
> BAT2 4 1 5 1 6 1 8 3 13 4 7 5 13 5 3 6 13 6 5 7 9 7 1 8 11 8 1 9 7 9 1 10 6 11 8 13 9 13 10 13 5 3 11 5
> BAT3 7 1 6 3 11 6 1 7 7 7 13 7 3 8 8 11 9 11 7 13
< RES 1637182067 24 2
> REQ 1637182067 25 2
> VAMPIRE 1 3 3 3 0 3 0
> VAMPIRE 2 11 3 3 1 3 0
> VAMPIRE 3 13 11 3 0 3 0
> VAMPIRE 4 5 11 3 0 3 0
> GRENADE 1 1 2 1 3
> GRENADE 3 11 10 2 3
> GRENADE 4 3 11 5 3
> BAT1 8 1 7 3 1 5 6 5 8 5 1 6 5 6 9 6 3 7 11 7 5 8 9 8 13 8 6 9 8 9 13 9 7 11 4 13 5 13 6 13 9 3 3 5 11 9 3 9
> BAT2 4 1 5 1 6 1 8 3 13 4 7 5 13 5 3 6 13 6 5 7 9 7 1 8 11 8 1 9 7 9 1 10 6 11 8 13 9 13 10 13 5 3 11 5
> BAT3 7 1 6 3 11 6 1 7 7 7 13 7 3 8 8 11 9 11 7 13
< RES 1637182067 25 2
< GRENADE
< MOVE L L
> REQ 1637182067 26 2
> VAMPIRE 1 3 2 3 1 3 0
> VAMPIRE 2 11 1 3 0 3 0
> VAMPIRE 3 13 11 3 0 3 0
> VAMPIRE 4 5 9 3 0 3 0
> GRENADE 3 11 10 1 3
> GRENADE 4 3 11 4 3
> GRENADE 2 11 3 5 3
> BAT1 8 1 7 3 6 5 8 5 1 6 5 6 9 6 3 7 11 7 5 8 9 8 13 8 6 9 8 9 13 9 7 11 4 13 5 13 6 13 9 3 3 5 11 9 3 9
> BAT2 4 1 5 1 6 1 8 3 13 4 7 5 13 5 3 6 13 6 5 7 9 7 1 8 11 8 1 9 7 9 1 10 6 11 8 13 9 13 10 13 5 3 11 5
> BAT3 7 1 6 3 11 6 1 7 7 7 13 7 3 8 8 11 9 11 7 13
< RES 1637182067 26 2
< MOVE U U
> REQ 1637182067 27 2
> VAMPIRE 1 2 3 3 0 3 0
> VAMPIRE 2 9 1 3 0 3 0
> VAMPIRE 3 11 11 3 1 3 0
> VAMPIRE 4 5 9 3 0 3 0
> GRENADE 4 3 11 3 3
> GRENADE 2 11 3 4 3
> GRENADE 1 3 2 5 3
> BAT1 8 1 7 3 6 5 8 5 1 6 5 6 9 6 3 7 11 7 5 8 9 8 13 8 6 9 8 9 13 9 7 11 4 13 5 13 6 13 9 3 3 5 3 9
> BAT2 4 1 5 1 6 1 8 3 13 4 7 5 13 5 3 6 13 6 5 7 9 7 1 8 11 8 1 9 7 9 1 10 6 11 8 13 9 13 10 13 5 3 11 5
> BAT3 7 1 6 3 11 6 1 7 7 7 13 7 3 8 8 11 9 11 7 13
< RES 1637182067 27 2
> REQ 1637182067 28 2
> VAMPIRE 1 1 3 3 0 3 0
> VAMPIRE 2 9 1 3 0 3 0
> VAMPIRE 3 11 9 3 1 3 0
> VAMPIRE 4 5 9 3 0 3 0
> GRENADE 4 3 11 2 3
> GRENADE 2 11 3 3 3
> GRENADE 1 3 2 4 3
> BAT1 8 1 7 3 6 5 8 5 1 6 5 6 9 6 3 7 11 7 5 8 9 8 13 8 6 9 8 9 13 9 7 11 4 13 5 13 6 13 9 3 3 5 3 9
> BAT2 4 1 5 1 6 1 8 3 13 4 7 5 13 5 3 6 13 6 5 7 9 7 1 8 11 8 1 9 7 9 1 10 6 11 8 13 9 13 10 13 5 3 11 5
> BAT3 7 1 6 3 11 6 1 7 7 7 13 7 3 8 8 11 9 11 7 13
< RES 1637182067 28 2
> REQ 1637182067 29 2
> VAMPIRE 1 1 3 3 0 3 0
> VAMPIRE 2 9 1 3 0 3 0
> VAMPIRE 3 11 11 3 0 3 0
> VAMPIRE 4 5 9 3 0 3 0
> GRENADE 4 3 11 1 3
> GRENADE 2 11 3 2 3
> GRENADE 1 3 2 3 3
> GRENADE 3 11 9 5 3
> BAT1 8 1 7 3 6 5 8 5 1 6 5 6 9 6 3 7 11 7 5 8 9 8 13 8 6 9 8 9 13 9 7 11 4 13 5 13 6 13 9 3 3 5 3 9
> BAT2 4 1 5 1 6 1 8 3 13 4 7 5 13 5 3 6 13 6 5 7 9 7 1 8 11 8 1 9 7 9 1 10 6 11 8 13 9 13 10 13 5 3 11 5
> BAT3 7 1 6 3 11 6 1 7 7 7 13 7 3 8 8 11 9 11 7 13
< RES 1637182067 29 2
> REQ 1637182067 30 2
> VAMPIRE 1 1 3 3 0 3 0
> VAMPIRE 2 9 1 3 0 3 0
> VAMPIRE 3 13 11 3 0 3 0
> VAMPIRE 4 5 9 3 1 3 0
> GRENADE 2 11 3 1 3
> GRENADE 1 3 2 2 3
> GRENADE 3 11 9 4 3
> BAT1 8 1 7 3 6 5 8 5 1 6 5 6 9 6 3 7 11 7 5 8 9 8 13 8 6 9 8 9 13 9 7 11 4 13 5 13 6 13 9 3 3 5 6 11
> BAT2 4 1 5 1 6 1 8 3 13 4 7 5 13 5 3 6 13 6 5 7 9 7 1 8 11 8 1 9 7 9 1 10 8 13 9 13 10 13 5 3 11 5
> BAT3 7 1 6 3 11 6 1 7 7 7 13 7 3 8 8 11 9 11 7 13
< RES 1637182067 30 2
< MOVE D
> REQ 1637182067 31 2
> VAMPIRE 1 1 3 3 0 3 0
> VAMPIRE 2 10 1 3 1 3 0
> VAMPIRE 3 13 11 3 0 3 0
> VAMPIRE 4 3 9 3 1 3 0
> GRENADE 1 3 2 1 3
> GRENADE 3 11 9 3 3
> BAT1 8 1 7 3 6 5 8 5 1 6 5 6 9 6 3 7 11 7 5 8 9 8 13 8 6 9 8 9 13 9 7 11 4 13 5 13 6 13 3 5 6 11 11 5
> BAT2 4 1 5 1 6 1 8 3 13 4 7 5 13 5 3 6 13 6 5 7 9 7 1 8 11 8 1 9 7 9 1 10 8 13 9 13 10 13 5 3
> BAT3 7 1 6 3 11 6 1 7 7 7 13 7 3 8 8 11 9 11 7 13
< RES 1637182067 31 2
< MOVE U
> REQ 1637182067 32 2
> VAMPIRE 1 3 3 3 1 3 0
> VAMPIRE 2 9 1 3 1 3 0
> VAMPIRE 3 13 11 3 0 3 0
> VAMPIRE 4 3 11 3 0 3 0
> GRENADE 3 11 9 2 3
> GRENADE 4 3 9 5 3
> BAT1 8 1 7 3 6 5 8 5 1 6 5 6 9 6 3 7 11 7 5 8 9 8 13 8 6 9 8 9 13 9 7 11 4 13 5 13 6 13 6 11 11 5
> BAT2 4 1 5 1 6 1 8 3 13 4 7 5 13 5 3 6 13 6 5 7 9 7 1 8 11 8 1 9 7 9 1 10 8 13 9 13 10 13 5 3
> BAT3 7 1 6 3 11 6 1 7 7 7 13 7 3 8 8 11 9 11 7 13
< RES 1637182067 32 2
< MOVE D
> REQ 1637182067 33 2
> VAMPIRE 1 3 5 3 0 3 0
> VAMPIRE 2 10 1 3 1 3 0
> VAMPIRE 3 13 11 3 0 3 0
> VAMPIRE 4 5 11 3 0 3 0
> GRENADE 3 11 9 1 3
> GRENADE 4 3 9 4 3
> GRENADE 1 3 3 5 3
> BAT1 8 1 7 3 6 5 8 5 1 6 5 6 9 6 3 7 11 7 5 8 9 8 13 8 6 9 8 9 13 9 7 11 4 13 5 13 6 13 6 11 11 5
> BAT2 4 1 5 1 6 1 8 3 13 4 7 5 13 5 3 6 13 6 5 7 9 7 1 8 11 8 1 9 7 9 1 10 8 13 9 13 10 13 5 3
> BAT3 7 1 6 3 11 6 1 7 7 7 13 7 3 8 8 11 9 11 7 13
< RES 1637182067 33 2
< MOVE U
> REQ 1637182067 34 2
> VAMPIRE 1 5 5 3 0 3 0
> VAMPIRE 2 9 1 3 1 3 0
> VAMPIRE 3 11 11 3 1 3 0
> VAMPIRE 4 5 11 3 0 3 0
> GRENADE 4 3 9 3 3
> GRENADE 1 3 3 4 3
> BAT1 8 1 7 3 6 5 8 5 1 6 5 6 9 6 3 7 11 7 5 8 9 8 13 8 6 9 7 11 4 13 5 13 6 13 11 8 6 11 11 5
> BAT2 4 1 5 1 6 1 8 3 13 4 7 5 13 5 3 6 13 6 5 7 9 7 1 8 1 9 7 9 1 10 8 13 9 13 10 13 5 3
> BAT3 7 1 6 3 11 6 1 7 7 7 13 7 3 8 8 11 9 11 7 13
< RES 1637182067 34 2
< MOVE D
> REQ 1637182067 35 2
> VAMPIRE 1 5 5 3 0 3 0
> VAMPIRE 2 10 1 3 1 3 0
> VAMPIRE 3 11 9 3 0 3 0
> VAMPIRE 4 5 11 3 0 3 0
> GRENADE 4 3 9 2 3
> GRENADE 1 3 3 3 3
> GRENADE 3 11 11 5 3
> BAT1 8 1 7 3 6 5 8 5 1 6 5 6 9 6 3 7 11 7 5 8 9 8 13 8 6 9 7 11 4 13 5 13 6 13 11 8 6 11 11 5
> BAT2 4 1 5 1 6 1 8 3 13 4 7 5 13 5 3 6 13 6 5 7 9 7 1 8 1 9 7 9 1 10 8 13 9 13 10 13 5 3
> BAT3 7 1 6 3 11 6 1 7 7 7 13 7 3 8 8 11 9 11 7 13
< RES 1637182067 35 2
< MOVE U
> REQ 1637182067 36 2
> VAMPIRE 1 5 5 3 0 3 0
> VAMPIRE 2 9 1 3 1 3 0
> VAMPIRE 3 9 9 3 0 3 0
> VAMPIRE 4 5 11 3 0 3 0
> GRENADE 4 3 9 1 3
> GRENADE 1 3 3 2 3
> GRENADE 3 11 11 4 3
> BAT1 8 1 7 3 6 5 8 5 1 6 5 6 9 6 3 7 11 7 5 8 9 8 13 8 6 9 7 11 4 13 5 13 6 13 11 8 6 11 11 5
> BAT2 4 1 5 1 6 1 8 3 13 4 7 5 13 5 3 6 13 6 5 7 9 7 1 8 1 9 7 9 1 10 8 13 9 13 10 13 5 3
> BAT3 7 1 6 3 11 6 1 7 7 7 13 7 3 8 8 11 9 11 7 13
< RES 1637182067 36 2
< MOVE D
> REQ 1637182067 37 2
> VAMPIRE 1 5 5 3 0 3 0
> VAMPIRE 2 10 1 3 1 3 0
> VAMPIRE 3 9 9 3 0 3 0
> VAMPIRE 4 5 11 3 1 3 0
> GRENADE 1 3 3 1 3
> GRENADE 3 11 11 3 3
> BAT1 8 1 7 3 6 5 8 5 1 6 5 6 9 6 3 7 11 7 5 8 9 8 13 8 7 11 4 13 5 13 6 13 11 8 1 9 6 11 11 5
> BAT2 4 1 5 1 6 1 8 3 13 4 7 5 13 5 3 6 13 6 5 7 9 7 1 8 7 9 1 10 8 13 9 13 10 13 5 3 3 8
> BAT3 7 1 6 3 11 6 1 7 7 7 13 7 8 11 9 11 7 13
< RES 1637182067 37 2
< MOVE U
> REQ 1637182067 38 2
> VAMPIRE 1 5 5 3 1 3 0
> VAMPIRE 2 9 1 3 1 3 0
> VAMPIRE 3 9 9 3 0 3 0
> VAMPIRE 4 3 11 3 0 3 0
> GRENADE 3 11 11 2 3
> GRENADE 4 5 11 5 3
> BAT1 8 1 7 3 6 5 8 5 1 6 5 6 9 6 3 7 11 7 5 8 9 8 13 8 7 11 4 13 5 13 6 13 3 6 11 8 1 9 6 11 5 3 11 5
> BAT2 4 1 5 1 6 1 8 3 13 4 7 5 13 5 13 6 5 7 9 7 1 8 7 9 1 10 8 13 9 13 10 13 3 8
> BAT3 7 1 6 3 11 6 1 7 7 7 13 7 8 11 9 11 7 13
< RES 1637182067 38 2
< MOVE D
> REQ 1637182067 39 2
> VAMPIRE 1 3 5 3 0 3 0
> VAMPIRE 2 10 1 3 1 3 0
> VAMPIRE 3 9 9 3 0 3 0
> VAMPIRE 4 3 9 3 0 3 0
> GRENADE 3 11 11 1 3
> GRENADE 4 5 11 4 3
> GRENADE 1 5 5 5 3
> BAT1 8 1 7 3 6 5 8 5 1 6 5 6 9 6 3 7 11 7 5 8 9 8 13 8 7 11 4 13 5 13 6 13 3 6 11 8 1 9 6 11 5 3 11 5
> BAT2 4 1 5 1 6 1 8 3 13 4 7 5 13 5 13 6 5 7 9 7 1 8 7 9 1 10 8 13 9 13 10 13 3 8
> BAT3 7 1 6 3 11 6 1 7 7 7 13 7 8 11 9 11 7 13
< RES 1637182067 39 2
< MOVE U
> REQ 1637182067 40 2
> VAMPIRE 1 3 3 3 0 3 0
> VAMPIRE 2 9 1 3 1 3 0
> VAMPIRE 3 9 9 3 1 3 0
> VAMPIRE 4 3 9 3 0 3 0
> GRENADE 4 5 11 3 3
> GRENADE 1 5 5 4 3
> BAT1 8 1 7 3 6 5 8 5 1 6 5 6 9 6 3 7 11 7 5 8 9 8 13 8 7 11 4 13 5 13 6 13 3 6 1 9 6 11 5 3 11 5
> BAT2 4 1 5 1 6 1 8 3 13 4 7 5 13 5 13 6 5 7 9 7 1 8 7 9 1 10 8 13 9 13 10 13 3 8 9 11
> BAT3 7 1 6 3 11 6 1 7 7 7 13 7 8 11 7 13
< RES 1637182067 40 2
< MOVE D
> REQ 1637182067 41 2
> VAMPIRE 1 3 3 3 0 3 0
> VAMPIRE 2 10 1 3 1 3 0
> VAMPIRE 3 11 9 3 0 3 0
> VAMPIRE 4 3 9 3 0 3 0
> GRENADE 4 5 11 2 3
> GRENADE 1 5 5 3 3
> GRENADE 3 9 9 5 3
> BAT1 8 1 7 3 6 5 8 5 1 6 5 6 9 6 3 7 11 7 5 8 9 8 13 8 7 11 4 13 5 13 6 13 3 6 1 9 6 11 5 3 11 5
> BAT2 4 1 5 1 6 1 8 3 13 4 7 5 13 5 13 6 5 7 9 7 1 8 7 9 1 10 8 13 9 13 10 13 3 8 9 11
> BAT3 7 1 6 3 11 6 1 7 7 7 13 7 8 11 7 13
< RES 1637182067 41 2
< MOVE U
> REQ 1637182067 42 2
> VAMPIRE 1 3 3 3 0 3 0
> VAMPIRE 2 9 1 3 1 3 0
> VAMPIRE 3 11 11 3 0 3 0
> VAMPIRE 4 3 9 3 0 3 0
> GRENADE 4 5 11 1 3
> GRENADE 1 5 5 2 3
> GRENADE 3 9 9 4 3
> BAT1 8 1 7 3 6 5 8 5 1 6 5 6 9 6 3 7 11 7 5 8 9 8 13 8 7 11 4 13 5 13 6 13 3 6 1 9 6 11 5 3 11 5
> BAT2 4 1 5 1 6 1 8 3 13 4 7 5 13 5 13 6 5 7 9 7 1 8 7 9 1 10 8 13 9 13 10 13 3 8 9 11
> BAT3 7 1 6 3 11 6 1 7 7 7 13 7 8 11 7 13
< RES 1637182067 42 2
< MOVE D
> REQ 1637182067 43 2
> VAMPIRE 1 3 3 3 0 3 0
> VAMPIRE 2 10 1 3 1 3 0
> VAMPIRE 3 11 11 3 0 3 0
> VAMPIRE 4 3 9 3 1 3 0
> GRENADE 1 5 5 1 3
> GRENADE 3 9 9 3 3
> BAT1 8 1 7 3 6 5 8 5 1 6 5 6 9 6 3 7 11 7 9 8 13 8 7 11 4 13 6 13 3 6 1 9 5 3 11 5
> BAT2 4 1 5 1 6 1 8 3 13 4 7 5 13 5 13 6 5 7 9 7 1 8 7 9 1 10 8 13 9 13 10 13 3 8 9 11
> BAT3 7 1 6 3 11 6 1 7 7 7 13 7 8 11 7 13
< RES 1637182067 43 2
< MOVE U
> REQ 1637182067 44 2
> VAMPIRE 1 3 3 3 1 3 0
> VAMPIRE 2 9 1 3 1 3 0
> VAMPIRE 3 11 11 3 0 3 0
> VAMPIRE 4 5 9 3 1 3 0
> GRENADE 3 9 9 2 3
> BAT1 8 1 7 3 8 5 1 6 9 6 3 7 11 7 9 8 13 8 7 11 4 13 6 13 3 6 1 9 11 5
> BAT2 4 1 5 1 6 1 8 3 13 4 7 5 13 5 13 6 5 7 9 7 1 8 7 9 1 10 8 13 9 13 10 13 3 8 9 11
> BAT3 7 1 6 3 11 6 1 7 7 7 13 7 8 11 7 13
< RES 1637182067 44 2
< MOVE D
> REQ 1637182067 45 2
> VAMPIRE 1 5 3 3 0 3 0
> VAMPIRE 2 10 1 3 1 3 0
> VAMPIRE 3 11 10 3 0 3 0
> VAMPIRE 4 5 11 3 0 3 0
> GRENADE 3 9 9 1 3
> GRENADE 1 3 3 5 3
> GRENADE 4 5 9 5 3
> BAT1 8 1 7 3 8 5 1 6 9 6 3 7 11 7 9 8 13 8 7 11 4 13 6 13 3 6 1 9 11 5
> BAT2 4 1 5 1 6 1 8 3 13 4 7 5 13 5 13 6 5 7 9 7 1 8 7 9 1 10 8 13 9 13 10 13 3 8 9 11
> BAT3 7 1 6 3 11 6 1 7 7 7 13 7 8 11 7 13
< RES 1637182067 45 2
< MOVE U
> REQ 1637182067 46 2
> VAMPIRE 1 5 5 3 0 3 0
> VAMPIRE 2 9 1 3 1 3 0
> VAMPIRE 3 10 9 3 1 3 0
> VAMPIRE 4 3 11 3 0 3 0
> GRENADE 1 3 3 4 3
> GRENADE 4 5 9 4 3
> BAT1 8 1 7 3 8 5 1 6 9 6 3 7 11 7 13 8 7 11 4 13 6 13 3 6 1 9 7 9 11 5 9 11
> BAT2 4 1 5 1 6 1 8 3 13 4 7 5 13 5 13 6 5 7 9 7 1 8 1 10 8 13 9 13 10 13 3 8
> BAT3 7 1 6 3 11 6 1 7 7 7 13 7 8 11 7 13
< RES 1637182067 46 2
< MOVE D
> REQ 1637182067 47 2
> VAMPIRE 1 5 5 3 0 3 0
> VAMPIRE 2 10 1 3 1 3 0
> VAMPIRE 3 9 9 3 1 3 0
> VAMPIRE 4 3 11 3 0 3 0
> GRENADE 1 3 3 3 3
> GRENADE 4 5 9 3 3
> BAT1 8 1 7 3 8 5 1 6 9 6 3 7 11 7 13 8 7 11 4 13 6 13 3 6 1 9 7 9 11 5 9 11
> BAT2 4 1 5 1 6 1 8 3 13 4 7 5 13 5 13 6 5 7 9 7 1 8 1 10 8 13 9 13 10 13 3 8
> BAT3 7 1 6 3 11 6 1 7 7 7 13 7 8 11 7 13
< RES 1637182067 47 2
< MOVE U
> REQ 1637182067 48 2
> VAMPIRE 1 5 5 3 0 3 0
> VAMPIRE 2 9 1 3 1 3 0
> VAMPIRE 3 11 9 3 0 3 0
> VAMPIRE 4 3 11 3 0 3 0
> GRENADE 1 3 3 2 3
> GRENADE 4 5 9 2 3
> GRENADE 3 9 9 5 3
> BAT1 8 1 7 3 8 5 1 6 9 6 3 7 11 7 13 8 7 11 4 13 6 13 3 6 1 9 7 9 11 5 9 11
> BAT2 4 1 5 1 6 1 8 3 13 4 7 5 13 5 13 6 5 7 9 7 1 8 1 10 8 13 9 13 10 13 3 8
> BAT3 7 1 6 3 11 6 1 7 7 7 13 7 8 11 7 13
< RES 1637182067 48 2
< MOVE D
> REQ 1637182067 49 2
> VAMPIRE 1 5 5 3 0 3 0
> VAMPIRE 2 10 1 3 1 3 0
> VAMPIRE 3 11 11 3 0 3 0
> VAMPIRE 4 3 11 3 0 3 0
> GRENADE 1 3 3 1 3
> GRENADE 4 5 9 1 3
> GRENADE 3 9 9 4 3
> BAT1 8 1 7 3 8 5 1 6 9 6 3 7 11 7 13 8 7 11 4 13 6 13 3 6 1 9 7 9 11 5 9 11
> BAT2 4 1 5 1 6 1 8 3 13 4 7 5 13 5 13 6 5 7 9 7 1 8 1 10 8 13 9 13 10 13 3 8
> BAT3 7 1 6 3 11 6 1 7 7 7 13 7 8 11 7 13
< RES 1637182067 49 2
< MOVE U
> REQ 1637182067 50 2
> VAMPIRE 1 5 3 3 1 3 0
> VAMPIRE 2 9 1 3 1 3 0
> VAMPIRE 3 11 11 3 0 3 0
> VAMPIRE 4 3 9 3 1 3 0
> GRENADE 3 9 9 3 3
> BAT1 8 1 7 3 8 5 1 6 9 6 3 7 11 7 13 8 7 11 4 13 6 13 5 7 1 9 11 5 9 11
> BAT2 4 1 5 1 6 1 8 3 13 4 7 5 13 5 13 6 9 7 1 8 1 10 8 13 9 13 10 13 6 3 3 8
> BAT3 7 1 11 6 1 7 7 7 13 7 8 11 7 13
< RES 1637182067 50 2
< MOVE D
> REQ 1637182067 51 2
> VAMPIRE 1 5 5 3 0 3 0
> VAMPIRE 2 10 1 3 1 3 0
> VAMPIRE 3 11 11 3 0 3 0
> VAMPIRE 4 5 9 3 0 3 0
> GRENADE 3 9 9 2 3
> GRENADE 1 5 3 5 3
> GRENADE 4 3 9 5 3
> BAT1 8 1 7 3 8 5 1 6 9 6 3 7 11 7 13 8 7 11 4 13 6 13 5 7 1 9 11 5 9 11
> BAT2 4 1 5 1 6 1 8 3 13 4 7 5 13 5 13 6 9 7 1 8 1 10 8 13 9 13 10 13 6 3 3 8
> BAT3 7 1 11 6 1 7 7 7 13 7 8 11 7 13
< RES 1637182067 51 2
< MOVE U
> REQ 1637182067 52 2
> VAMPIRE 1 3 5 3 0 3 0
> VAMPIRE 2 9 1 3 1 3 0
> VAMPIRE 3 11 11 3 0 3 0
> VAMPIRE 4 5 11 3 0 3 0
> GRENADE 3 9 9 1 3
> GRENADE 1 5 3 4 3
> GRENADE 4 3 9 4 3
> BAT1 8 1 7 3 8 5 1 6 9 6 3 7 11 7 13 8 7 11 4 13 6 13 5 7 1 9 11 5 9 11
> BAT2 4 1 5 1 6 1 8 3 13 4 7 5 13 5 13 6 9 7 1 8 1 10 8 13 9 13 10 13 6 3 3 8
> BAT3 7 1 11 6 1 7 7 7 13 7 8 11 7 13
< RES 1637182067 52 2
< MOVE D
> REQ 1637182067 53 2
> VAMPIRE 1 3 5 3 0 3 0
> VAMPIRE 2 10 1 3 1 3 0
> VAMPIRE 3 10 11 3 1 3 0
> VAMPIRE 4 5 9 3 0 3 0
> GRENADE 1 5 3 3 3
> GRENADE 4 3 9 3 3
> BAT1 8 1 7 3 8 5 1 6 9 6 3 7 11 7 13 8 7 11 4 13 6 13 5 7 9 7 1 9 11 5
> BAT2 4 1 5 1 6 1 8 3 13 4 7 5 13 5 13 6 1 8 1 10 8 13 9 13 10 13 6 3 3 8
> BAT3 7 1 11 6 1 7 7 7 13 7 8 11 7 13
< RES 1637182067 53 2
< MOVE U
> REQ 1637182067 54 2
> VAMPIRE 1 3 5 3 0 3 0
> VAMPIRE 2 9 1 3 1 3 0
> VAMPIRE 3 9 10 3 1 3 0
> VAMPIRE 4 7 9 3 0 3 0
> GRENADE 1 5 3 2 3
> GRENADE 4 3 9 2 3
> BAT1 8 1 7 3 8 5 1 6 9 6 3 7 11 7 13 8 7 11 4 13 6 13 5 7 9 7 1 9 11 5
> BAT2 4 1 5 1 6 1 8 3 13 4 7 5 13 5 13 6 1 8 1 10 8 13 9 13 10 13 6 3 3 8
> BAT3 7 1 11 6 1 7 7 7 13 7 8 11 7 13
< RES 1637182067 54 2
< GRENADE
< MOVE R R
> REQ 1637182067 55 2
> VAMPIRE 1 4 5 3 0 3 0
> VAMPIRE 2 9 3 3 0 3 0
> VAMPIRE 3 8 9 3 0 3 0
> VAMPIRE 4 7 9 3 0 3 0
> GRENADE 1 5 3 1 3
> GRENADE 4 3 9 1 3
> GRENADE 2 9 1 5 3
> GRENADE 3 9 10 5 3
> BAT1 8 1 7 3 8 5 1 6 9 6 3 7 11 7 13 8 7 11 4 13 6 13 5 7 9 7 1 9 11 5
> BAT2 4 1 5 1 6 1 8 3 13 4 7 5 13 5 13 6 1 8 1 10 8 13 9 13 10 13 6 3 3 8
> BAT3 7 1 11 6 1 7 7 7 13 7 8 11 7 13
< RES 1637182067 55 2
< MOVE R R
> REQ 1637182067 56 2
> VAMPIRE 1 5 4 3 1 3 0
> VAMPIRE 2 9 5 3 0 3 0
> VAMPIRE 3 7 9 3 0 3 0
> VAMPIRE 4 7 8 3 1 3 0
> GRENADE 2 9 1 4 3
> GRENADE 3 9 10 4 3
> BAT1 8 1 7 3 8 5 1 6 9 6 3 7 11 7 13 8 7 11 4 13 6 13 5 1 5 7 9 7 6 3 11 5 3 8
> BAT2 4 1 6 1 8 3 13 4 7 5 13 5 13 6 1 8 1 10 8 13 9 13 10 13
> BAT3 7 1 11 6 1 7 7 7 13 7 8 11 7 13
< RES 1637182067 56 2
> REQ 1637182067 57 2
> VAMPIRE 1 4 3 3 0 3 0
> VAMPIRE 2 9 5 3 0 3 0
> VAMPIRE 3 7 9 3 0 3 0
> VAMPIRE 4 6 9 3 0 3 0
> GRENADE 2 9 1 3 3
> GRENADE 3 9 10 3 3
> GRENADE 1 5 4 5 3
> GRENADE 4 7 8 5 3
> BAT1 8 1 7 3 8 5 1 6 9 6 3 7 11 7 13 8 7 11 4 13 6 13 5 1 5 7 9 7 6 3 11 5 3 8
> BAT2 4 1 6 1 8 3 13 4 7 5 13 5 13 6 1 8 1 10 8 13 9 13 10 13
> BAT3 7 1 11 6 1 7 7 7 13 7 8 11 7 13
< RES 1637182067 57 2
> REQ 1637182067 58 2
> VAMPIRE 1 3 3 3 0 3 0
> VAMPIRE 2 9 5 3 0 3 0
> VAMPIRE 3 8 9 3 0 3 0
> VAMPIRE 4 5 9 3 0 3 0
> GRENADE 2 9 1 2 3
> GRENADE 3 9 10 2 3
> GRENADE 1 5 4 4 3
> GRENADE 4 7 8 4 3
> BAT1 8 1 7 3 8 5 1 6 9 6 3 7 11 7 13 8 7 11 4 13 6 13 5 1 5 7 9 7 6 3 11 5 3 8
> BAT2 4 1 6 1 8 3 13 4 7 5 13 5 13 6 1 8 1 10 8 13 9 13 10 13
> BAT3 7 1 11 6 1 7 7 7 13 7 8 11 7 13
< RES 1637182067 58 2
> REQ 1637182067 59 2
> VAMPIRE 1 3 5 3 0 3 0
> VAMPIRE 2 9 5 3 0 3 0
> VAMPIRE 3 8 9 3 0 3 0
> VAMPIRE 4 6 9 3 0 3 0
> GRENADE 2 9 1 1 3
> GRENADE 3 9 10 1 3
> GRENADE 1 5 4 3 3
> GRENADE 4 7 8 3 3
> BAT1 8 1 7 3 8 5 1 6 9 6 3 7 11 7 13 8 7 11 4 13 6 13 5 1 5 7 9 7 6 3 11 5 3 8
> BAT2 4 1 6 1 8 3 13 4 7 5 13 5 13 6 1 8 1 10 8 13 9 13 10 13
> BAT3 7 1 11 6 1 7 7 7 13 7 8 11 7 13
< RES 1637182067 59 2
> REQ 1637182067 60 2
> VAMPIRE 1 3 3 3 0 3 0
> VAMPIRE 2 9 5 3 1 3 0
> VAMPIRE 3 9 8 3 1 3 0
> VAMPIRE 4 8 9 3 0 3 0
> GRENADE 1 5 4 2 3
> GRENADE 4 7 8 2 3
> BAT1 7 3 8 5 1 6 9 6 3 7 11 7 13 8 7 11 4 13 6 13 5 1 5 7 9 13 6 3 11 5 3 8
> BAT2 4 1 6 1 8 3 13 4 7 5 13 5 13 6 1 8 1 10 8 13 10 13
> BAT3 7 1 11 6 1 7 7 7 13 7 8 11 7 13
< RES 1637182067 60 2
< GRENADE
< MOVE L L
> REQ 1637182067 61 2
> VAMPIRE 1 1 3 3 0 3 0
> VAMPIRE 2 9 3 3 0 3 0
> VAMPIRE 3 8 7 3 1 3 0
> VAMPIRE 4 9 8 3 0 3 0
> GRENADE 1 5 4 1 3
> GRENADE 4 7 8 1 3
> GRENADE 2 9 5 5 3
> BAT1 7 3 8 5 1 6 9 6 3 7 11 7 13 8 7 11 4 13 6 13 5 1 5 7 9 13 6 3 11 5 3 8
> BAT2 4 1 6 1 8 3 13 4 7 5 13 5 13 6 1 8 1 10 8 13 10 13
> BAT3 7 1 11 6 1 7 7 7 13 7 8 11 7 13
< RES 1637182067 61 2
< MOVE D D
> REQ 1637182067 62 2
> VAMPIRE 1 3 3 3 1 3 0
> VAMPIRE 2 11 3 3 0 3 0
> VAMPIRE 3 9 8 3 0 3 0
> VAMPIRE 4 9 7 3 1 3 0
> GRENADE 2 9 5 4 3
> GRENADE 3 8 7 5 3
> BAT1 7 3 8 5 1 6 9 6 3 7 11 7 13 8 4 13 6 13 9 13 6 3 11 5 3 8
> BAT2 4 1 6 1 8 3 13 4 7 5 13 5 13 6 1 8 1 10 8 13 10 13 7 7
> BAT3 7 1 11 6 1 7 13 7 8 11 7 13
< RES 1637182067 62 2
> REQ 1637182067 63 2
> VAMPIRE 1 3 5 3 0 3 0
> VAMPIRE 2 11 3 3 0 3 0
> VAMPIRE 3 9 9 3 0 3 0
> VAMPIRE 4 9 9 3 0 3 0
> GRENADE 2 9 5 3 3
> GRENADE 3 8 7 4 3
> GRENADE 1 3 3 5 3
> GRENADE 4 9 7 5 3
> BAT1 7 3 8 5 1 6 9 6 3 7 11 7 13 8 4 13 6 13 9 13 6 3 11 5 3 8
> BAT2 4 1 6 1 8 3 13 4 7 5 13 5 13 6 1 8 1 10 8 13 10 13 7 7
> BAT3 7 1 11 6 1 7 13 7 8 11 7 13
< RES 1637182067 63 2
> REQ 1637182067 64 2
> VAMPIRE 1 5 5 3 0 3 0
> VAMPIRE 2 11 3 3 0 3 0
> VAMPIRE 3 7 9 3 0 3 0
> VAMPIRE 4 7 9 3 0 3 0
> GRENADE 2 9 5 2 3
> GRENADE 3 8 7 3 3
> GRENADE 1 3 3 4 3
> GRENADE 4 9 7 4 3
> BAT1 7 3 8 5 1 6 9 6 3 7 11 7 13 8 4 13 6 13 9 13 6 3 11 5 3 8
> BAT2 4 1 6 1 8 3 13 4 7 5 13 5 13 6 1 8 1 10 8 13 10 13 7 7
> BAT3 7 1 11 6 1 7 13 7 8 11 7 13
< RES 1637182067 64 2
> REQ 1637182067 65 2
> VAMPIRE 1 5 7 3 0 3 0
> VAMPIRE 2 11 3 3 0 3 0
> VAMPIRE 3 7 9 3 0 3 0
> VAMPIRE 4 7 9 3 0 3 0
> GRENADE 2 9 5 1 3
> GRENADE 3 8 7 2 3
> GRENADE 1 3 3 3 3
> GRENADE 4 9 7 3 3
> BAT1 7 3 8 5 1 6 9 6 3 7 11 7 13 8 4 13 6 13 9 13 6 3 11 5 3 8
> BAT2 4 1 6 1 8 3 13 4 7 5 13 5 13 6 1 8 1 10 8 13 10 13 7 7
> BAT3 7 1 11 6 1 7 13 7 8 11 7 13
< RES 1637182067 65 2
> REQ 1637182067 66 2
> VAMPIRE 1 5 9 3 0 3 0
> VAMPIRE 2 11 3 3 1 3 0
> VAMPIRE 3 7 9 3 0 3 0
> VAMPIRE 4 7 9 3 0 3 0
> GRENADE 3 8 7 1 3
> GRENADE 1 3 3 2 3
> GRENADE 4 9 7 2 3
> BAT1 7 3 1 6 3 7 11 7 13 8 4 13 6 13 9 13 6 3 3 8
> BAT2 4 1 6 1 8 3 13 4 7 5 13 5 13 6 1 8 1 10 8 13 10 13 7 7
> BAT3 7 1 11 6 1 7 13 7 8 11 7 13
< RES 1637182067 66 2
< GRENADE
< MOVE U U
> REQ 1637182067 67 2
> VAMPIRE 1 7 9 3 0 3 0
> VAMPIRE 2 9 3 3 0 3 0
> VAMPIRE 3 7 10 3 1 3 0
> VAMPIRE 4 7 11 3 1 3 0
> GRENADE 1 3 3 1 3
> GRENADE 2 11 3 5 3
> BAT1 7 3 1 6 3 7 13 8 4 13 6 13 9 13 6 3 7 7 3 8
> BAT2 4 1 6 1 8 3 13 4 7 5 13 5 13 6 1 8 1 10 8 13 10 13
> BAT3 7 1 11 6 1 7 13 7 8 11 7 13
< RES 1637182067 67 2
< MOVE R R
> REQ 1637182067 68 2
> VAMPIRE 1 7 9 3 1 3 0
> VAMPIRE 2 9 5 3 0 3 0
> VAMPIRE 3 8 9 3 0 3 0
> VAMPIRE 4 7 11 3 0 3 0
> GRENADE 2 11 3 4 3
> GRENADE 3 7 10 5 3
> GRENADE 4 7 11 5 3
> BAT1 7 3 1 6 3 7 13 8 4 13 6 13 9 13 7 7 3 8
> BAT2 4 1 6 1 8 3 13 4 7 5 13 5 13 6 1 8 1 10 8 13 10 13
> BAT3 7 1 11 6 1 7 13 7 8 11 7 13
< RES 1637182067 68 2
> REQ 1637182067 69 2
> VAMPIRE 1 5 9 3 0 3 0
> VAMPIRE 2 9 5 3 0 3 0
> VAMPIRE 3 9 9 3 0 3 0
> VAMPIRE 4 5 11 3 0 3 0
> GRENADE 2 11 3 3 3
> GRENADE 3 7 10 4 3
> GRENADE 4 7 11 4 3
> GRENADE 1 7 9 5 3
> BAT1 7 3 1 6 3 7 13 8 4 13 6 13 9 13 7 7 3 8
> BAT2 4 1 6 1 8 3 13 4 7 5 13 5 13 6 1 8 1 10 8 13 10 13
> BAT3 7 1 11 6 1 7 13 7 8 11 7 13
< RES 1637182067 69 2
> REQ 1637182067 70 2
> VAMPIRE 1 3 9 3 0 3 0
> VAMPIRE 2 9 5 3 0 3 0
> VAMPIRE 3 9 7 3 0 3 0
> VAMPIRE 4 3 11 3 0 3 0
> GRENADE 2 11 3 2 3
> GRENADE 3 7 10 3 3
> GRENADE 4 7 11 3 3
> GRENADE 1 7 9 4 3
> BAT1 7 3 1 6 3 7 13 8 4 13 6 13 9 13 7 7 3 8
> BAT2 4 1 6 1 8 3 13 4 7 5 13 5 13 6 1 8 1 10 8 13 10 13
> BAT3 7 1 11 6 1 7 13 7 8 11 7 13
< RES 1637182067 70 2
> REQ 1637182067 71 2
> VAMPIRE 1 2 9 3 0 3 0
> VAMPIRE 2 9 5 3 0 3 0
> VAMPIRE 3 9 7 3 0 3 0
> VAMPIRE 4 1 11 3 0 3 0
> GRENADE 2 11 3 1 3
> GRENADE 3 7 10 2 3
> GRENADE 4 7 11 2 3
> GRENADE 1 7 9 3 3
> BAT1 7 3 1 6 3 7 13 8 4 13 6 13 9 13 7 7 3 8
> BAT2 4 1 6 1 8 3 13 4 7 5 13 5 13 6 1 8 1 10 8 13 10 13
> BAT3 7 1 11 6 1 7 13 7 8 11 7 13
< RES 1637182067 71 2
< MOVE D
> REQ 1637182067 72 2
> VAMPIRE 1 2 9 3 0 3 0
> VAMPIRE 2 10 5 3 1 3 0
> VAMPIRE 3 9 5 3 0 3 0
> VAMPIRE 4 1 11 3 0 3 0
> GRENADE 3 7 10 1 3
> GRENADE 4 7 11 1 3
> GRENADE 1 7 9 2 3
> BAT1 7 3 1 6 3 7 13 8 4 13 6 13 8 3 9 13 7 7 3 8
> BAT2 4 1 6 1 13 4 7 5 13 5 13 6 1 8 1 10 8 13 10 13 11 6
> BAT3 7 1 1 7 13 7 8 11 7 13
< RES 1637182067 72 2
< GRENADE
< MOVE U R
> REQ 1637182067 73 2
> VAMPIRE 1 3 9 3 1 3 0
> VAMPIRE 2 9 6 3 0 3 0
> VAMPIRE 3 9 5 3 1 3 0
> VAMPIRE 4 1 13 3 1 3 0
> GRENADE 2 10 5 5 3
> BAT1 7 3 1 6 3 7 13 8 4 13 6 13 8 3 9 13 3 8
> BAT2 4 1 6 1 13 4 7 5 13 5 13 6 1 8 1 10 8 13 10 13 11 6 8 11 7 13
> BAT3 7 1 1 7 13 7
< RES 1637182067 73 2
< MOVE R
> REQ 1637182067 74 2
> VAMPIRE 1 1 9 3 1 3 0
> VAMPIRE 2 9 7 3 0 3 0
> VAMPIRE 3 9 7 3 0 3 0
> VAMPIRE 4 3 13 3 0 3 0
> GRENADE 2 10 5 4 3
> GRENADE 3 9 5 5 3
> GRENADE 4 1 13 5 3
> BAT1 7 3 1 6 3 7 13 8 4 13 6 13 8 3 9 13 3 8
> BAT2 4 1 6 1 13 4 7 5 13 5 13 6 1 8 1 10 8 13 10 13 11 6 8 11 7 13
> BAT3 7 1 1 7 13 7
< RES 1637182067 74 2
< MOVE U U
> REQ 1637182067 75 2
> VAMPIRE 1 3 9 3 0 3 0
> VAMPIRE 2 7 7 3 0 3 0
> VAMPIRE 3 7 7 3 0 3 0
> VAMPIRE 4 3 11 3 0 3 0
> GRENADE 2 10 5 3 3
> GRENADE 3 9 5 4 3
> GRENADE 4 1 13 4 3
> GRENADE 1 1 9 5 3
> BAT1 7 3 1 6 3 7 13 8 4 13 6 13 8 3 9 13 3 8
> BAT2 4 1 6 1 13 4 7 5 13 5 13 6 1 8 1 10 8 13 10 13 11 6 8 11 7 13
> BAT3 7 1 1 7 13 7
< RES 1637182067 75 2
> REQ 1637182067 76 2
> VAMPIRE 1 5 9 3 0 3 0
> VAMPIRE 2 7 7 3 0 3 0
> VAMPIRE 3 7 7 3 0 3 0
> VAMPIRE 4 3 11 3 0 3 0
> GRENADE 2 10 5 2 3
> GRENADE 3 9 5 3 3
> GRENADE 4 1 13 3 3
> GRENADE 1 1 9 4 3
> POWERUP SHOE -9 10 9
> POWERUP SHOE -9 4 5
> BAT1 7 3 1 6 3 7 13 8 4 13 6 13 8 3 9 13 3 8
> BAT2 4 1 6 1 13 4 7 5 13 5 13 6 1 8 1 10 8 13 10 13 11 6 8 11 7 13
> BAT3 7 1 1 7 13 7
< RES 1637182067 76 2
< MOVE R R
> REQ 1637182067 77 2
> VAMPIRE 1 7 9 3 0 3 0
> VAMPIRE 2 7 9 3 0 3 0
> VAMPIRE 3 7 9 3 0 3 0
> VAMPIRE 4 5 11 3 0 3 0
> GRENADE 2 10 5 1 3
> GRENADE 3 9 5 2 3
> GRENADE 4 1 13 2 3
> GRENADE 1 1 9 3 3
> POWERUP SHOE -8 10 9
> POWERUP SHOE -8 4 5
> BAT1 7 3 1 6 3 7 13 8 4 13 6 13 8 3 9 13 3 8
> BAT2 4 1 6 1 13 4 7 5 13 5 13 6 1 8 1 10 8 13 10 13 11 6 8 11 7 13
> BAT3 7 1 1 7 13 7
< RES 1637182067 77 2
< MOVE R
> REQ 1637182067 78 2
> VAMPIRE 1 9 9 3 0 3 0
> VAMPIRE 2 7 10 3 1 3 0
> VAMPIRE 3 7 10 3 1 3 0
> VAMPIRE 4 6 11 3 0 3 0
> GRENADE 4 1 13 1 3
> GRENADE 1 1 9 2 3
> POWERUP SHOE -7 10 9
> POWERUP SHOE -7 4 5
> BAT1 7 3 1 6 3 7 13 8 4 13 6 13 8 3 7 5 13 5 9 13 3 8
> BAT2 4 1 6 1 13 4 13 6 1 8 1 10 8 13 10 13 11 6 8 11 7 13
> BAT3 7 1 1 7 13 7
< RES 1637182067 78 2
< GRENADE
< MOVE L D
> REQ 1637182067 79 2
> VAMPIRE 1 10 9 3 0 3 0
> VAMPIRE 2 8 9 3 0 3 0
> VAMPIRE 3 8 9 3 0 3 0
> VAMPIRE 4 7 11 3 1 3 0
> GRENADE 1 1 9 1 3
> GRENADE 2 7 10 5 3
> GRENADE 3 7 10 5 3
> POWERUP SHOE -6 10 9
> POWERUP SHOE -6 4 5
> BAT1 7 3 1 6 3 7 13 8 6 13 8 3 7 5 13 5 1 10 9 13 3 8
> BAT2 4 1 6 1 13 4 13 6 1 8 8 13 10 13 11 6 8 11 7 13
> BAT3 7 1 1 7 13 7
< RES 1637182067 79 2
< MOVE D D
> REQ 1637182067 80 2
> VAMPIRE 1 11 8 3 1 3 0
> VAMPIRE 2 10 9 3 0 3 0
> VAMPIRE 3 10 9 3 0 3 0
> VAMPIRE 4 5 11 3 0 3 0
> GRENADE 2 7 10 4 3
> GRENADE 3 7 10 4 3
> GRENADE 4 7 11 5 3
> POWERUP SHOE -5 10 9
> POWERUP SHOE -5 4 5
> BAT1 7 3 1 6 3 7 13 8 6 13 8 3 7 5 13 5 1 8 9 13 3 8
> BAT2 4 1 6 1 13 4 13 6 8 13 10 13 11 6 8 11 7 13
> BAT3 7 1 1 7 13 7
< RES 1637182067 80 2
> REQ 1637182067 81 2
> VAMPIRE 1 10 9 3 0 3 0
> VAMPIRE 2 10 9 3 0 3 0
> VAMPIRE 3 10 9 3 0 3 0
> VAMPIRE 4 5 9 3 0 3 0
> GRENADE 2 7 10 3 3
> GRENADE 3 7 10 3 3
> GRENADE 4 7 11 4 3
> GRENADE 1 11 8 5 3
> POWERUP SHOE -4 10 9
> POWERUP SHOE -4 4 5
> BAT1 7 3 1 6 3 7 13 8 6 13 8 3 7 5 13 5 1 8 9 13 3 8
> BAT2 4 1 6 1 13 4 13 6 8 13 10 13 11 6 8 11 7 13
> BAT3 7 1 1 7 13 7
< RES 1637182067 81 2
> REQ 1637182067 82 2
> VAMPIRE 1 10 9 3 0 3 0
> VAMPIRE 2 10 9 3 0 3 0
> VAMPIRE 3 10 9 3 0 3 0
> VAMPIRE 4 5 7 3 0 3 0
> GRENADE 2 7 10 2 3
> GRENADE 3 7 10 2 3
> GRENADE 4 7 11 3 3
> GRENADE 1 11 8 4 3
> POWERUP SHOE -3 10 9
> POWERUP SHOE -3 4 5
> BAT1 7 3 1 6 3 7 13 8 6 13 8 3 7 5 13 5 1 8 9 13 3 8
> BAT2 4 1 6 1 13 4 13 6 8 13 10 13 11 6 8 11 7 13
> BAT3 7 1 1 7 13 7
< RES 1637182067 82 2
> REQ 1637182067 83 2
> VAMPIRE 1 10 9 3 0 3 0
> VAMPIRE 2 10 9 3 0 3 0
> VAMPIRE 3 10 9 3 0 3 0
> VAMPIRE 4 5 5 3 0 3 0
> GRENADE 2 7 10 1 3
> GRENADE 3 7 10 1 3
> GRENADE 4 7 11 2 3
> GRENADE 1 11 8 3 3
> POWERUP SHOE -2 10 9
> POWERUP SHOE -2 4 5
> BAT1 7 3 1 6 3 7 13 8 6 13 8 3 7 5 13 5 1 8 9 13 3 8
> BAT2 4 1 6 1 13 4 13 6 8 13 10 13 11 6 8 11 7 13
> BAT3 7 1 1 7 13 7
< RES 1637182067 83 2
> REQ 1637182067 84 2
> VAMPIRE 1 10 9 3 0 3 0
> VAMPIRE 2 10 9 3 1 3 0
> VAMPIRE 3 10 9 3 1 3 0
> VAMPIRE 4 4 5 3 1 3 0
> GRENADE 1 11 8 2 3
> POWERUP SHOE -1 10 9
> POWERUP SHOE -1 4 5
> BAT1 7 3 1 6 3 7 13 8 6 13 8 3 7 5 13 5 1 8 9 13 3 8 8 11 7 13
> BAT2 4 1 6 1 13 4 13 6 8 13 10 13 11 6
> BAT3 7 1 1 7 13 7
< RES 1637182067 84 2
< MOVE U
> REQ 1637182067 85 2
> VAMPIRE 1 9 9 3 0 3 30
> VAMPIRE 2 9 9 3 1 3 30
> VAMPIRE 3 9 9 3 1 3 30
> VAMPIRE 4 5 4 3 1 3 30
> GRENADE 1 11 8 1 3
> BAT1 7 3 1 6 3 7 13 8 6 13 8 3 7 5 13 5 1 8 9 13 3 8 8 11 7 13
> BAT2 4 1 6 1 13 4 13 6 8 13 10 13 11 6
> BAT3 7 1 1 7 13 7
< RES 1637182067 85 2
< MOVE R R
> REQ 1637182067 86 2
> VAMPIRE 1 9 11 3 1 3 29
> VAMPIRE 2 9 11 3 1 3 29
> VAMPIRE 3 9 11 3 1 3 29
> VAMPIRE 4 5 1 3 1 3 29
> BAT1 7 3 1 6 3 7 13 8 6 13 8 3 7 5 13 5 1 8 9 13 11 6 3 8 8 11 7 13
> BAT2 4 1 6 1 13 4 13 6 8 13 10 13
> BAT3 7 1 1 7 13 7
< RES 1637182067 86 2
< GRENADE
< MOVE L L U
> REQ 1637182067 87 2
> VAMPIRE 1 8 9 3 0 3 28
> VAMPIRE 2 8 9 3 0 3 28
> VAMPIRE 3 8 9 3 0 3 28
> VAMPIRE 4 4 3 3 0 3 28
> GRENADE 1 9 11 5 3
> GRENADE 2 9 11 5 3
> GRENADE 3 9 11 5 3
> GRENADE 4 5 1 5 3
> BAT1 7 3 1 6 3 7 13 8 6 13 8 3 7 5 13 5 1 8 9 13 11 6 3 8 8 11 7 13
> BAT2 4 1 6 1 13 4 13 6 8 13 10 13
> BAT3 7 1 1 7 13 7
< RES 1637182067 87 2
< MOVE U L L
> REQ 1637182067 88 2
> VAMPIRE 1 7 7 3 0 3 27
> VAMPIRE 2 7 7 3 0 3 27
> VAMPIRE 3 7 7 3 0 3 27
> VAMPIRE 4 3 5 3 0 3 27
> GRENADE 1 9 11 4 3
> GRENADE 2 9 11 4 3
> GRENADE 3 9 11 4 3
> GRENADE 4 5 1 4 3
> BAT1 7 3 1 6 3 7 13 8 6 13 8 3 7 5 13 5 1 8 9 13 11 6 3 8 8 11 7 13
> BAT2 4 1 6 1 13 4 13 6 8 13 10 13
> BAT3 7 1 1 7 13 7
< RES 1637182067 88 2
> REQ 1637182067 89 2
> VAMPIRE 1 7 7 3 0 3 26
> VAMPIRE 2 7 7 3 0 3 26
> VAMPIRE 3 7 7 3 0 3 26
> VAMPIRE 4 3 5 3 0 3 26
> GRENADE 1 9 11 3 3
> GRENADE 2 9 11 3 3
> GRENADE 3 9 11 3 3
> GRENADE 4 5 1 3 3
> BAT1 7 3 1 6 3 7 13 8 6 13 8 3 7 5 13 5 1 8 9 13 11 6 3 8 8 11 7 13
> BAT2 4 1 6 1 13 4 13 6 8 13 10 13
> BAT3 7 1 1 7 13 7
< RES 1637182067 89 2
> REQ 1637182067 90 2
> VAMPIRE 1 7 7 3 0 3 25
> VAMPIRE 2 7 7 3 0 3 25
> VAMPIRE 3 7 7 3 0 3 25
> VAMPIRE 4 3 5 3 0 3 25
> GRENADE 1 9 11 2 3
> GRENADE 2 9 11 2 3
> GRENADE 3 9 11 2 3
> GRENADE 4 5 1 2 3
> BAT1 7 3 1 6 3 7 13 8 6 13 8 3 7 5 13 5 1 8 9 13 11 6 3 8 8 11 7 13
> BAT2 4 1 6 1 13 4 13 6 8 13 10 13
> BAT3 7 1 1 7 13 7
< RES 1637182067 90 2
< MOVE D D
> REQ 1637182067 91 2
> VAMPIRE 1 9 7 3 0 3 24
> VAMPIRE 2 9 7 3 0 3 24
> VAMPIRE 3 9 7 3 0 3 24
> VAMPIRE 4 3 3 3 0 3 24
> GRENADE 1 9 11 1 3
> GRENADE 2 9 11 1 3
> GRENADE 3 9 11 1 3
> GRENADE 4 5 1 1 3
> BAT1 7 3 1 6 3 7 13 8 6 13 8 3 7 5 13 5 1 8 9 13 11 6 3 8 8 11 7 13
> BAT2 4 1 6 1 13 4 13 6 8 13 10 13
> BAT3 7 1 1 7 13 7
< RES 1637182067 91 2
< MOVE L L D
> REQ 1637182067 92 2
> VAMPIRE 1 10 5 3 1 3 23
> VAMPIRE 2 10 5 3 1 3 23
> VAMPIRE 3 10 5 3 1 3 23
> VAMPIRE 4 4 3 3 1 3 23
> BAT1 7 3 1 6 3 7 13 8 6 13 4 1 6 1 8 3 7 5 13 5 1 8 11 6 3 8 7 13
> BAT2 13 4 13 6 8 13 10 13
> BAT3 7 1 1 7 13 7
< RES 1637182067 92 2
< GRENADE
< MOVE U R R
> REQ 1637182067 93 2
> VAMPIRE 1 9 7 3 0 3 22
> VAMPIRE 2 9 7 3 0 3 22
> VAMPIRE 3 9 7 3 0 3 22
> VAMPIRE 4 5 1 3 1 3 22
> GRENADE 1 10 5 5 3
> GRENADE 2 10 5 5 3
> GRENADE 3 10 5 5 3
> BAT1 7 3 1 6 3 7 13 8 6 13 4 1 6 1 8 3 7 5 13 5 1 8 11 6 3 8 7 13
> BAT2 13 4 13 6 8 13 10 13
> BAT3 7 1 1 7 13 7
< RES 1637182067 93 2
< MOVE U U
> REQ 1637182067 94 2
> VAMPIRE 1 7 7 3 0 3 21
> VAMPIRE 2 7 7 3 0 3 21
> VAMPIRE 3 7 7 3 0 3 21
> VAMPIRE 4 4 3 3 0 3 21
> GRENADE 1 10 5 4 3
> GRENADE 2 10 5 4 3
> GRENADE 3 10 5 4 3
> GRENADE 4 5 1 5 3
> BAT1 7 3 1 6 3 7 13 8 6 13 4 1 6 1 8 3 7 5 13 5 1 8 11 6 3 8 7 13
> BAT2 13 4 13 6 8 13 10 13
> BAT3 7 1 1 7 13 7
< RES 1637182067 94 2
> REQ 1637182067 95 2
> VAMPIRE 1 7 7 3 0 3 20
> VAMPIRE 2 7 7 3 0 3 20
> VAMPIRE 3 7 7 3 0 3 20
> VAMPIRE 4 3 5 3 0 3 20
> GRENADE 1 10 5 3 3
> GRENADE 2 10 5 3 3
> GRENADE 3 10 5 3 3
> GRENADE 4 5 1 4 3
> BAT1 7 3 1 6 3 7 13 8 6 13 4 1 6 1 8 3 7 5 13 5 1 8 11 6 3 8 7 13
> BAT2 13 4 13 6 8 13 10 13
> BAT3 7 1 1 7 13 7
< RES 1637182067 95 2
> REQ 1637182067 96 2
> VAMPIRE 1 7 7 3 0 3 19
> VAMPIRE 2 7 7 3 0 3 19
> VAMPIRE 3 7 7 3 0 3 19
> VAMPIRE 4 3 5 3 0 3 19
> GRENADE 1 10 5 2 3
> GRENADE 2 10 5 2 3
> GRENADE 3 10 5 2 3
> GRENADE 4 5 1 3 3
> BAT1 7 3 1 6 3 7 13 8 6 13 4 1 6 1 8 3 7 5 13 5 1 8 11 6 3 8 7 13
> BAT2 13 4 13 6 8 13 10 13
> BAT3 7 1 1 7 13 7
< RES 1637182067 96 2
< MOVE D D
> REQ 1637182067 97 2
> VAMPIRE 1 9 7 3 0 3 18
> VAMPIRE 2 9 7 3 0 3 18
> VAMPIRE 3 9 7 3 0 3 18
> VAMPIRE 4 3 5 3 0 3 18
> GRENADE 1 10 5 1 3
> GRENADE 2 10 5 1 3
> GRENADE 3 10 5 1 3
> GRENADE 4 5 1 2 3
> BAT1 7 3 1 6 3 7 13 8 6 13 4 1 6 1 8 3 7 5 13 5 1 8 11 6 3 8 7 13
> BAT2 13 4 13 6 8 13 10 13
> BAT3 7 1 1 7 13 7
< RES 1637182067 97 2
< MOVE D D
> REQ 1637182067 98 2
> VAMPIRE 1 11 7 3 1 3 17
> VAMPIRE 2 11 7 3 1 3 17
> VAMPIRE 3 11 7 3 1 3 17
> VAMPIRE 4 3 3 3 0 3 17
> GRENADE 4 5 1 1 3
> BAT1 7 3 1 6 3 7 13 8 6 13 4 1 6 1 8 3 1 8 11 6 3 8 7 13
> BAT2 13 4 13 6 8 13 10 13
> BAT3 7 1 1 7 13 7
< RES 1637182067 98 2
< GRENADE
< MOVE U U L
> REQ 1637182067 99 2
> VAMPIRE 1 9 6 3 0 3 16
> VAMPIRE 2 9 6 3 0 3 16
> VAMPIRE 3 9 6 3 0 3 16
> VAMPIRE 4 1 3 3 1 3 16
> GRENADE 1 11 7 5 3
> GRENADE 2 11 7 5 3
> GRENADE 3 11 7 5 3
> BAT1 7 3 1 6 3 7 13 8 6 13 8 3 1 8 11 6 3 8 7 13
> BAT2 13 4 13 6 8 13 10 13
> BAT3 7 1 1 7 13 7
< RES 1637182067 99 2
< MOVE L U U
> REQ 1637182067 100 2
> VAMPIRE 1 7 5 3 0 3 15
> VAMPIRE 2 7 5 3 0 3 15
> VAMPIRE 3 7 5 3 0 3 15
> VAMPIRE 4 2 5 3 0 3 15
> GRENADE 1 11 7 4 3
> GRENADE 2 11 7 4 3
> GRENADE 3 11 7 4 3
> GRENADE 4 1 3 5 3
> BAT1 7 3 1 6 3 7 13 8 6 13 8 3 1 8 11 6 3 8 7 13
> BAT2 13 4 13 6 8 13 10 13
> BAT3 7 1 1 7 13 7
< RES 1637182067 100 2
> REQ 1637182067 101 2
> VAMPIRE 1 7 5 3 0 3 14
> VAMPIRE 2 7 5 3 0 3 14
> VAMPIRE 3 7 5 3 0 3 14
> VAMPIRE 4 3 5 3 0 3 14
> GRENADE 1 11 7 3 3
> GRENADE 2 11 7 3 3
> GRENADE 3 11 7 3 3
> GRENADE 4 1 3 4 3
> BAT1 7 3 1 6 3 7 13 8 6 13 8 3 1 8 11 6 3 8 7 13
> BAT2 13 4 13 6 8 13 10 13
> BAT3 7 1 1 7 13 7
< RES 1637182067 101 2
> REQ 1637182067 102 2
> VAMPIRE 1 7 5 3 0 3 13
> VAMPIRE 2 7 5 3 0 3 13
> VAMPIRE 3 7 5 3 0 3 13
> VAMPIRE 4 3 5 3 0 3 13
> GRENADE 1 11 7 2 3
> GRENADE 2 11 7 2 3
> GRENADE 3 11 7 2 3
> GRENADE 4 1 3 3 3
> BAT1 7 3 1 6 3 7 13 8 6 13 8 3 1 8 11 6 3 8 7 13
> BAT2 13 4 13 6 8 13 10 13
> BAT3 7 1 1 7 13 7
< RES 1637182067 102 2
< MOVE U U
> REQ 1637182067 103 2
> VAMPIRE 1 5 5 3 0 3 12
> VAMPIRE 2 5 5 3 0 3 12
> VAMPIRE 3 5 5 3 0 3 12
> VAMPIRE 4 3 5 3 0 3 12
> GRENADE 1 11 7 1 3
> GRENADE 2 11 7 1 3
> GRENADE 3 11 7 1 3
> GRENADE 4 1 3 2 3
> POWERUP TOMATO -5 7 13
> POWERUP TOMATO -5 7 1
> BAT1 7 3 1 6 3 7 13 8 6 13 8 3 1 8 11 6 3 8 7 13
> BAT2 13 4 13 6 8 13 10 13
> BAT3 7 1 1 7 13 7
< RES 1637182067 103 2
< MOVE R R
> REQ 1637182067 104 2
> VAMPIRE 1 5 7 3 1 3 11
> VAMPIRE 2 5 7 3 1 3 11
> VAMPIRE 3 5 7 3 1 3 11
> VAMPIRE 4 3 5 3 0 3 11
> GRENADE 4 1 3 1 3
> POWERUP TOMATO -4 7 13
> POWERUP TOMATO -4 7 1
> BAT1 7 3 1 6 3 7 13 8 6 13 8 3 1 8 3 8 7 13
> BAT2 13 4 13 6 8 13 10 13 13 7
> BAT3 7 1 1 7
< RES 1637182067 104 2
< GRENADE
< MOVE R R R
> REQ 1637182067 105 2
> VAMPIRE 1 5 10 3 0 3 10
> VAMPIRE 2 5 10 3 0 3 10
> VAMPIRE 3 5 10 3 0 3 10
> VAMPIRE 4 4 3 3 1 3 10
> GRENADE 1 5 7 5 3
> GRENADE 2 5 7 5 3
> GRENADE 3 5 7 5 3
> POWERUP TOMATO -3 7 13
> POWERUP TOMATO -3 7 1
> BAT1 7 3 3 7 13 8 6 13 8 3 1 8 3 8 7 13
> BAT2 13 4 13 6 8 13 10 13 13 7
> BAT3 7 1 1 7
< RES 1637182067 105 2
< MOVE R D
> REQ 1637182067 106 2
> VAMPIRE 1 6 11 3 0 3 9
> VAMPIRE 2 6 11 3 0 3 9
> VAMPIRE 3 6 11 3 0 3 9
> VAMPIRE 4 3 5 3 0 3 9
> GRENADE 1 5 7 4 3
> GRENADE 2 5 7 4 3
> GRENADE 3 5 7 4 3
> GRENADE 4 4 3 5 3
> POWERUP TOMATO -2 7 13
> POWERUP TOMATO -2 7 1
> BAT1 7 3 3 7 13 8 6 13 8 3 1 8 3 8 7 13
> BAT2 13 4 13 6 8 13 10 13 13 7
> BAT3 7 1 1 7
< RES 1637182067 106 2
< MOVE D R
> REQ 1637182067 107 2
> VAMPIRE 1 7 12 3 0 3 8
> VAMPIRE 2 7 12 3 0 3 8
> VAMPIRE 3 7 12 3 0 3 8
> VAMPIRE 4 3 5 3 0 3 8
> GRENADE 1 5 7 3 3
> GRENADE 2 5 7 3 3
> GRENADE 3 5 7 3 3
> GRENADE 4 4 3 4 3
> POWERUP TOMATO -1 7 13
> POWERUP TOMATO -1 7 1
> BAT1 7 3 3 7 13 8 6 13 8 3 1 8 3 8 7 13
> BAT2 13 4 13 6 8 13 10 13 13 7
> BAT3 7 1 1 7
< RES 1637182067 107 2
< MOVE L
> REQ 1637182067 108 2
> VAMPIRE 1 7 11 3 0 3 7
> VAMPIRE 2 7 11 3 0 3 7
> VAMPIRE 3 7 11 3 0 3 7
> VAMPIRE 4 3 5 3 0 3 7
> GRENADE 1 5 7 2 3
> GRENADE 2 5 7 2 3
> GRENADE 3 5 7 2 3
> GRENADE 4 4 3 3 3
> POWERUP TOMATO 15 7 13
> POWERUP TOMATO 15 7 1
> BAT1 7 3 3 7 13 8 6 13 8 3 1 8 3 8 7 13
> BAT2 13 4 13 6 8 13 10 13 13 7
> BAT3 7 1 1 7
< RES 1637182067 108 2
< MOVE U U
> REQ 1637182067 109 2
> VAMPIRE 1 5 11 3 0 3 6
> VAMPIRE 2 5 11 3 0 3 6
> VAMPIRE 3 5 11 3 0 3 6
> VAMPIRE 4 3 5 3 0 3 6
> GRENADE 1 5 7 1 3
> GRENADE 2 5 7 1 3
> GRENADE 3 5 7 1 3
> GRENADE 4 4 3 2 3
> POWERUP TOMATO 14 7 13
> POWERUP TOMATO 14 7 1
> BAT1 7 3 3 7 13 8 6 13 8 3 1 8 3 8 7 13
> BAT2 13 4 13 6 8 13 10 13 13 7
> BAT3 7 1 1 7
< RES 1637182067 109 2
< MOVE D D R
> REQ 1637182067 110 2
> VAMPIRE 1 7 12 3 1 3 5
> VAMPIRE 2 7 12 3 1 3 5
> VAMPIRE 3 7 12 3 1 3 5
> VAMPIRE 4 5 5 3 0 3 5
> GRENADE 4 4 3 1 3
> POWERUP TOMATO 13 7 13
> POWERUP TOMATO 13 7 1
> BAT1 7 3 13 8 6 13 8 3 1 8 3 8 7 13
> BAT2 13 4 13 6 8 13 10 13 13 7
> BAT3 7 1 1 7
< RES 1637182067 110 2
< GRENADE
< MOVE L U U
> REQ 1637182067 111 2
> VAMPIRE 1 5 11 3 0 3 4
> VAMPIRE 2 5 11 3 0 3 4
> VAMPIRE 3 5 11 3 0 3 4
> VAMPIRE 4 5 3 3 1 3 4
> GRENADE 1 7 12 5 3
> GRENADE 2 7 12 5 3
> GRENADE 3 7 12 5 3
> POWERUP TOMATO 12 7 13
> POWERUP TOMATO 12 7 1
> BAT1 13 8 6 13 8 3 1 8 3 8 7 13
> BAT2 13 4 13 6 8 13 10 13 13 7
> BAT3 7 1 1 7
< RES 1637182067 111 2
> REQ 1637182067 112 2
> VAMPIRE 1 5 11 3 0 3 3
> VAMPIRE 2 5 11 3 0 3 3
> VAMPIRE 3 5 11 3 0 3 3
> VAMPIRE 4 5 6 3 0 3 3
> GRENADE 1 7 12 4 3
> GRENADE 2 7 12 4 3
> GRENADE 3 7 12 4 3
> GRENADE 4 5 3 5 3
> POWERUP TOMATO 11 7 13
> POWERUP TOMATO 11 7 1
> BAT1 13 8 6 13 8 3 1 8 3 8 7 13
> BAT2 13 4 13 6 8 13 10 13 13 7
> BAT3 7 1 1 7
< RES 1637182067 112 2
> REQ 1637182067 113 2
> VAMPIRE 1 5 11 3 0 3 2
> VAMPIRE 2 5 11 3 0 3 2
> VAMPIRE 3 5 11 3 0 3 2
> VAMPIRE 4 5 9 3 0 3 2
> GRENADE 1 7 12 3 3
> GRENADE 2 7 12 3 3
> GRENADE 3 7 12 3 3
> GRENADE 4 5 3 4 3
> POWERUP TOMATO 10 7 13
> POWERUP TOMATO 10 7 1
> BAT1 13 8 6 13 8 3 1 8 3 8 7 13
> BAT2 13 4 13 6 8 13 10 13 13 7
> BAT3 7 1 1 7
< RES 1637182067 113 2
< MOVE L L
> REQ 1637182067 114 2
> VAMPIRE 1 5 9 3 0 3 1
> VAMPIRE 2 5 9 3 0 3 1
> VAMPIRE 3 5 9 3 0 3 1
> VAMPIRE 4 6 11 3 0 3 1
> GRENADE 1 7 12 2 3
> GRENADE 2 7 12 2 3
> GRENADE 3 7 12 2 3
> GRENADE 4 5 3 3 3
> POWERUP TOMATO 9 7 13
> POWERUP TOMATO 9 7 1
> BAT1 13 8 6 13 8 3 1 8 3 8 7 13
> BAT2 13 4 13 6 8 13 10 13 13 7
> BAT3 7 1 1 7
< RES 1637182067 114 2
< MOVE R R
> REQ 1637182067 115 2
> VAMPIRE 1 5 11 3 0 3 0
> VAMPIRE 2 5 11 3 0 3 0
> VAMPIRE 3 5 11 3 0 3 0
> VAMPIRE 4 5 11 3 0 3 0
> GRENADE 1 7 12 1 3
> GRENADE 2 7 12 1 3
> GRENADE 3 7 12 1 3
> GRENADE 4 5 3 2 3
> POWERUP TOMATO 8 7 13
> POWERUP TOMATO 8 7 1
> BAT1 13 8 6 13 8 3 1 8 3 8 7 13
> BAT2 13 4 13 6 8 13 10 13 13 7
> BAT3 7 1 1 7
< RES 1637182067 115 2
< MOVE D D
> REQ 1637182067 116 2
> VAMPIRE 1 7 11 3 1 3 0
> VAMPIRE 2 7 11 3 1 3 0
> VAMPIRE 3 7 11 3 1 3 0
> VAMPIRE 4 7 11 3 0 3 0
> GRENADE 4 5 3 1 3
> POWERUP TOMATO 7 7 13
> POWERUP TOMATO 7 7 1
> BAT1 13 8 6 13 8 3 1 8 3 8
> BAT2 13 4 13 6 8 13 10 13 13 7
> BAT3 7 1 1 7
< RES 1637182067 116 2
< MOVE R R
> REQ 1637182067 117 2
> VAMPIRE 1 7 13 3 1 3 0
> VAMPIRE 2 7 13 3 1 3 0
> VAMPIRE 3 7 13 3 1 3 0
> VAMPIRE 4 7 13 3 1 3 0
> POWERUP TOMATO 6 7 13
> POWERUP TOMATO 6 7 1
> BAT1 13 8 6 13 1 8 3 8
> BAT2 13 4 13 6 8 13 10 13 13 7
> BAT3 7 1 1 7
< RES 1637182067 117 2
< GRENADE
< MOVE L L
> REQ 1637182067 118 2
> VAMPIRE 1 7 11 3 0 3 0
> VAMPIRE 2 7 11 3 0 3 0
> VAMPIRE 3 7 11 3 0 3 0
> VAMPIRE 4 7 11 3 0 3 0
> GRENADE 1 7 13 5 3
> GRENADE 2 7 13 5 3
> GRENADE 3 7 13 5 3
> GRENADE 4 7 13 5 3
> POWERUP TOMATO 5 7 1
> BAT1 13 8 6 13 1 8 3 8
> BAT2 13 4 13 6 8 13 10 13 13 7
> BAT3 7 1 1 7
< RES 1637182067 118 2
< MOVE D D
> REQ 1637182067 119 2
> VAMPIRE 1 9 11 3 0 3 0
> VAMPIRE 2 9 11 3 0 3 0
> VAMPIRE 3 9 11 3 0 3 0
> VAMPIRE 4 9 11 3 0 3 0
> GRENADE 1 7 13 4 3
> GRENADE 2 7 13 4 3
> GRENADE 3 7 13 4 3
> GRENADE 4 7 13 4 3
> POWERUP TOMATO 4 7 1
> BAT1 13 8 6 13 1 8 3 8
> BAT2 13 4 13 6 8 13 10 13 13 7
> BAT3 7 1 1 7
< RES 1637182067 119 2
< MOVE D D
> REQ 1637182067 120 2
> VAMPIRE 1 11 11 3 0 3 0
> VAMPIRE 2 11 11 3 0 3 0
> VAMPIRE 3 11 11 3 0 3 0
> VAMPIRE 4 11 11 3 0 3 0
> GRENADE 1 7 13 3 3
> GRENADE 2 7 13 3 3
> GRENADE 3 7 13 3 3
> GRENADE 4 7 13 3 3
> POWERUP TOMATO 3 7 1
> BAT1 13 8 6 13 1 8 3 8
> BAT2 13 4 13 6 8 13 10 13 13 7
> BAT3 7 1 1 7
< RES 1637182067 120 2
< MOVE U
> REQ 1637182067 121 2
> VAMPIRE 1 10 11 3 0 3 0
> VAMPIRE 2 10 11 3 0 3 0
> VAMPIRE 3 10 11 3 0 3 0
> VAMPIRE 4 10 11 3 0 3 0
> GRENADE 1 7 13 2 3
> GRENADE 2 7 13 2 3
> GRENADE 3 7 13 2 3
> GRENADE 4 7 13 2 3
> POWERUP TOMATO 2 7 1
> BAT1 13 8 6 13 1 8 3 8
> BAT2 13 4 13 6 8 13 10 13 13 7
> BAT3 7 1 1 7
< RES 1637182067 121 2
< MOVE U R
> REQ 1637182067 122 2
> VAMPIRE 1 9 12 3 0 3 0
> VAMPIRE 2 9 12 3 0 3 0
> VAMPIRE 3 9 12 3 0 3 0
> VAMPIRE 4 9 12 3 0 3 0
> GRENADE 1 7 13 1 3
> GRENADE 2 7 13 1 3
> GRENADE 3 7 13 1 3
> GRENADE 4 7 13 1 3
> POWERUP TOMATO 1 7 1
> BAT1 13 8 6 13 1 8 3 8
> BAT2 13 4 13 6 8 13 10 13 13 7
> BAT3 7 1 1 7
< RES 1637182067 122 2
< MOVE R
> REQ 1637182067 123 2
> VAMPIRE 1 9 13 3 1 3 0
> VAMPIRE 2 9 13 3 1 3 0
> VAMPIRE 3 9 13 3 1 3 0
> VAMPIRE 4 9 13 3 1 3 0
> BAT1 13 8 1 8 8 13 3 8
> BAT2 13 4 13 6 10 13 13 7
> BAT3 7 1 1 7
< RES 1637182067 123 2
< GRENADE
< MOVE L L
> REQ 1637182067 124 2
> VAMPIRE 1 9 11 3 0 3 0
> VAMPIRE 2 9 11 3 0 3 0
> VAMPIRE 3 9 11 3 0 3 0
> VAMPIRE 4 9 11 3 0 3 0
> GRENADE 1 9 13 5 3
> GRENADE 2 9 13 5 3
> GRENADE 3 9 13 5 3
> GRENADE 4 9 13 5 3
> BAT1 13 8 1 8 8 13 3 8
> BAT2 13 4 13 6 10 13 13 7
> BAT3 7 1 1 7
< RES 1637182067 124 2
< MOVE D D
> REQ 1637182067 125 2
> VAMPIRE 1 11 11 3 0 3 0
> VAMPIRE 2 11 11 3 0 3 0
> VAMPIRE 3 11 11 3 0 3 0
> VAMPIRE 4 11 11 3 0 3 0
> GRENADE 1 9 13 4 3
> GRENADE 2 9 13 4 3
> GRENADE 3 9 13 4 3
> GRENADE 4 9 13 4 3
> BAT1 13 8 1 8 8 13 3 8
> BAT2 13 4 13 6 10 13 13 7
> BAT3 7 1 1 7
< RES 1637182067 125 2
> REQ 1637182067 126 2
> VAMPIRE 1 11 11 3 0 3 0
> VAMPIRE 2 11 11 3 0 3 0
> VAMPIRE 3 11 11 3 0 3 0
> VAMPIRE 4 11 9 3 0 3 0
> GRENADE 1 9 13 3 3
> GRENADE 2 9 13 3 3
> GRENADE 3 9 13 3 3
> GRENADE 4 9 13 3 3
> BAT1 13 8 1 8 8 13 3 8
> BAT2 13 4 13 6 10 13 13 7
> BAT3 7 1 1 7
< RES 1637182067 126 2
> REQ 1637182067 127 2
> VAMPIRE 1 11 11 3 0 3 0
> VAMPIRE 2 11 11 3 0 3 0
> VAMPIRE 3 11 11 3 0 3 0
> VAMPIRE 4 11 7 3 0 3 0
> GRENADE 1 9 13 2 3
> GRENADE 2 9 13 2 3
> GRENADE 3 9 13 2 3
> GRENADE 4 9 13 2 3
> BAT1 13 8 1 8 8 13 3 8
> BAT2 13 4 13 6 10 13 13 7
> BAT3 7 1 1 7
< RES 1637182067 127 2
< MOVE D D
> REQ 1637182067 128 2
> VAMPIRE 1 13 11 3 0 3 0
> VAMPIRE 2 13 11 3 0 3 0
> VAMPIRE 3 13 11 3 0 3 0
> VAMPIRE 4 11 6 3 0 3 0
> GRENADE 1 9 13 1 3
> GRENADE 2 9 13 1 3
> GRENADE 3 9 13 1 3
> GRENADE 4 9 13 1 3
> BAT1 13 8 1 8 8 13 3 8
> BAT2 13 4 13 6 10 13 13 7
> BAT3 7 1 1 7
< RES 1637182067 128 2
< MOVE L L
> REQ 1637182067 129 2
> VAMPIRE 1 13 9 3 1 3 0
> VAMPIRE 2 13 9 3 1 3 0
> VAMPIRE 3 13 9 3 1 3 0
> VAMPIRE 4 12 5 3 1 3 0
> BAT1 13 8 1 8 10 13 3 8
> BAT2 13 4 13 6 13 7
> BAT3 7 1 1 7
< RES 1637182067 129 2
< GRENADE
< MOVE U U
> REQ 1637182067 130 2
> VAMPIRE 1 11 9 3 0 3 0
> VAMPIRE 2 11 9 3 0 3 0
> VAMPIRE 3 11 9 3 0 3 0
> VAMPIRE 4 13 5 3 1 3 0
> GRENADE 1 13 9 5 3
> GRENADE 2 13 9 5 3
> GRENADE 3 13 9 5 3
> BAT1 13 8 1 8 10 13 3 8
> BAT2 13 4 13 6 13 7
> BAT3 7 1 1 7
< RES 1637182067 130 2
< MOVE L L
> REQ 1637182067 131 2
> VAMPIRE 1 11 7 3 0 3 0
> VAMPIRE 2 11 7 3 0 3 0
> VAMPIRE 3 11 7 3 0 3 0
> VAMPIRE 4 11 5 3 0 3 0
> GRENADE 1 13 9 4 3
> GRENADE 2 13 9 4 3
> GRENADE 3 13 9 4 3
> GRENADE 4 13 5 5 3
> BAT1 13 8 1 8 10 13 3 8
> BAT2 13 4 13 6 13 7
> BAT3 7 1 1 7
< RES 1637182067 131 2
< MOVE U U
> REQ 1637182067 132 2
> VAMPIRE 1 9 7 3 0 3 0
> VAMPIRE 2 9 7 3 0 3 0
> VAMPIRE 3 9 7 3 0 3 0
> VAMPIRE 4 11 7 3 0 3 0
> GRENADE 1 13 9 3 3
> GRENADE 2 13 9 3 3
> GRENADE 3 13 9 3 3
> GRENADE 4 13 5 4 3
> BAT1 13 8 1 8 10 13 3 8
> BAT2 13 4 13 6 13 7
> BAT3 7 1 1 7
< RES 1637182067 132 2
< MOVE U U
> REQ 1637182067 133 2
> VAMPIRE 1 7 7 3 0 3 0
> VAMPIRE 2 7 7 3 0 3 0
> VAMPIRE 3 7 7 3 0 3 0
> VAMPIRE 4 9 7 3 0 3 0
> GRENADE 1 13 9 2 3
> GRENADE 2 13 9 2 3
> GRENADE 3 13 9 2 3
> GRENADE 4 13 5 3 3
> BAT1 13 8 1 8 10 13 3 8
> BAT2 13 4 13 6 13 7
> BAT3 7 1 1 7
< RES 1637182067 133 2
< MOVE U U
> REQ 1637182067 134 2
> VAMPIRE 1 5 7 3 0 3 0
> VAMPIRE 2 5 7 3 0 3 0
> VAMPIRE 3 5 7 3 0 3 0
> VAMPIRE 4 7 7 3 0 3 0
> GRENADE 1 13 9 1 3
> GRENADE 2 13 9 1 3
> GRENADE 3 13 9 1 3
> GRENADE 4 13 5 2 3
> POWERUP TOMATO -5 4 5
> POWERUP TOMATO -5 10 9
> BAT1 13 8 1 8 10 13 3 8
> BAT2 13 4 13 6 13 7
> BAT3 7 1 1 7
< RES 1637182067 134 2
< MOVE U U
> REQ 1637182067 135 2
> VAMPIRE 1 3 7 3 1 3 0
> VAMPIRE 2 3 7 3 1 3 0
> VAMPIRE 3 3 7 3 1 3 0
> VAMPIRE 4 5 7 3 0 3 0
> GRENADE 4 13 5 1 3
> POWERUP TOMATO -4 4 5
> POWERUP TOMATO -4 10 9
> BAT1 1 8 10 13 3 8
> BAT2 13 4 13 6 13 7
> BAT3 7 1 1 7
< RES 1637182067 135 2
< GRENADE
< MOVE L L
> REQ 1637182067 136 2
> VAMPIRE 1 3 5 3 0 3 0
> VAMPIRE 2 3 5 3 0 3 0
> VAMPIRE 3 3 5 3 0 3 0
> VAMPIRE 4 5 5 3 1 3 0
> GRENADE 1 3 7 5 3
> GRENADE 2 3 7 5 3
> GRENADE 3 3 7 5 3
> POWERUP TOMATO -3 4 5
> POWERUP TOMATO -3 10 9
> BAT1 13 4 13 6 1 8 10 13 3 8
> BAT2 13 7
> BAT3 7 1 1 7
< RES 1637182067 136 2
< MOVE D
> REQ 1637182067 137 2
> VAMPIRE 1 4 5 3 0 3 0
> VAMPIRE 2 4 5 3 0 3 0
> VAMPIRE 3 4 5 3 0 3 0
> VAMPIRE 4 4 5 3 1 3 0
> GRENADE 1 3 7 4 3
> GRENADE 2 3 7 4 3
> GRENADE 3 3 7 4 3
> POWERUP TOMATO -2 4 5
> POWERUP TOMATO -2 10 9
> BAT1 13 4 13 6 1 8 10 13 3 8
> BAT2 13 7
> BAT3 7 1 1 7
< RES 1637182067 137 2
> REQ 1637182067 138 2
> VAMPIRE 1 4 5 3 0 3 0
> VAMPIRE 2 4 5 3 0 3 0
> VAMPIRE 3 4 5 3 0 3 0
> VAMPIRE 4 4 5 3 1 3 0
> GRENADE 1 3 7 3 3
> GRENADE 2 3 7 3 3
> GRENADE 3 3 7 3 3
> POWERUP TOMATO -1 4 5
> POWERUP TOMATO -1 10 9
> BAT1 13 4 13 6 1 8 10 13 3 8
> BAT2 13 7
> BAT3 7 1 1 7
< RES 1637182067 138 2
< MOVE D R
> REQ 1637182067 139 2
> VAMPIRE 1 5 6 3 0 3 0
> VAMPIRE 2 5 6 3 0 3 0
> VAMPIRE 3 5 6 3 0 3 0
> VAMPIRE 4 5 6 3 1 3 0
> GRENADE 1 3 7 2 3
> GRENADE 2 3 7 2 3
> GRENADE 3 3 7 2 3
> POWERUP TOMATO 14 10 9
> BAT1 13 4 13 6 1 8 10 13 3 8
> BAT2 13 7
> BAT3 7 1 1 7
< RES 1637182067 139 2
> REQ 1637182067 140 2
> VAMPIRE 1 5 6 3 0 3 0
> VAMPIRE 2 5 6 3 0 3 0
> VAMPIRE 3 5 6 3 0 3 0
> VAMPIRE 4 5 6 3 1 3 0
> GRENADE 1 3 7 1 3
> GRENADE 2 3 7 1 3
> GRENADE 3 3 7 1 3
> POWERUP TOMATO 13 10 9
> BAT1 13 4 13 6 1 8 10 13 3 8
> BAT2 13 7
> BAT3 7 1 1 7
< RES 1637182067 140 2
< MOVE R U
> REQ 1637182067 141 2
> VAMPIRE 1 4 7 3 1 3 0
> VAMPIRE 2 4 7 3 1 3 0
> VAMPIRE 3 4 7 3 1 3 0
> VAMPIRE 4 4 7 3 1 3 0
> POWERUP TOMATO 12 10 9
> BAT1 13 4 13 6 1 8 10 13
> BAT2 1 7 13 7
> BAT3 7 1
< RES 1637182067 141 2
< GRENADE
< MOVE D R
> REQ 1637182067 142 2
> VAMPIRE 1 5 8 3 0 3 0
> VAMPIRE 2 5 8 3 0 3 0
> VAMPIRE 3 5 8 3 0 3 0
> VAMPIRE 4 5 8 3 0 3 0
> GRENADE 1 4 7 5 3
> GRENADE 2 4 7 5 3
> GRENADE 3 4 7 5 3
> GRENADE 4 4 7 5 3
> POWERUP TOMATO 11 10 9
> BAT1 13 4 13 6 1 8 10 13
> BAT2 1 7 13 7
> BAT3 7 1
< RES 1637182067 142 2
< MOVE R D
> REQ 1637182067 143 2
> VAMPIRE 1 6 9 3 0 3 0
> VAMPIRE 2 6 9 3 0 3 0
> VAMPIRE 3 6 9 3 0 3 0
> VAMPIRE 4 6 9 3 0 3 0
> GRENADE 1 4 7 4 3
> GRENADE 2 4 7 4 3
> GRENADE 3 4 7 4 3
> GRENADE 4 4 7 4 3
> POWERUP TOMATO 10 10 9
> BAT1 13 4 13 6 1 8 10 13
> BAT2 1 7 13 7
> BAT3 7 1
< RES 1637182067 143 2
< MOVE D D
> REQ 1637182067 144 2
> VAMPIRE 1 8 9 3 0 3 0
> VAMPIRE 2 8 9 3 0 3 0
> VAMPIRE 3 8 9 3 0 3 0
> VAMPIRE 4 8 9 3 0 3 0
> GRENADE 1 4 7 3 3
> GRENADE 2 4 7 3 3
> GRENADE 3 4 7 3 3
> GRENADE 4 4 7 3 3
> POWERUP TOMATO 9 10 9
> BAT1 13 4 13 6 1 8 10 13
> BAT2 1 7 13 7
> BAT3 7 1
< RES 1637182067 144 2
< MOVE D D
> REQ 1637182067 145 2
> VAMPIRE 1 10 9 3 0 3 0
> VAMPIRE 2 10 9 3 0 3 0
> VAMPIRE 3 10 9 3 0 3 0
> VAMPIRE 4 10 9 3 0 3 0
> GRENADE 1 4 7 2 3
> GRENADE 2 4 7 2 3
> GRENADE 3 4 7 2 3
> GRENADE 4 4 7 2 3
> POWERUP TOMATO 8 10 9
> BAT1 13 4 13 6 1 8 10 13
> BAT2 1 7 13 7
> BAT3 7 1
< RES 1637182067 145 2
< MOVE D L
> REQ 1637182067 146 2
> VAMPIRE 1 11 8 3 0 3 0
> VAMPIRE 2 11 8 3 0 3 0
> VAMPIRE 3 11 8 3 0 3 0
> VAMPIRE 4 11 8 3 0 3 0
> GRENADE 1 4 7 1 3
> GRENADE 2 4 7 1 3
> GRENADE 3 4 7 1 3
> GRENADE 4 4 7 1 3
> BAT1 13 4 13 6 1 8 10 13
> BAT2 1 7 13 7
> BAT3 7 1
< RES 1637182067 146 2
< MOVE L
> REQ 1637182067 147 2
> VAMPIRE 1 10 7 3 1 3 0
> VAMPIRE 2 11 7 3 1 3 0
> VAMPIRE 3 11 7 3 1 3 0
> VAMPIRE 4 10 7 3 1 3 0
> BAT1 13 4 13 6 1 8 10 13 1 7
> BAT2 13 7
> BAT3 7 1
< RES 1637182067 147 2
< GRENADE
< MOVE U U
> REQ 1637182067 148 2
> VAMPIRE 1 9 6 3 0 3 0
> VAMPIRE 2 11 7 3 0 3 0
> VAMPIRE 3 11 7 3 0 3 0
> VAMPIRE 4 9 6 3 0 3 0
> GRENADE 1 10 7 5 3
> GRENADE 2 11 7 5 3
> GRENADE 3 11 7 5 3
> GRENADE 4 10 7 5 3
> BAT1 13 4 13 6 1 8 10 13 1 7
> BAT2 13 7
> BAT3 7 1
< RES 1637182067 148 2
< MOVE R R
> REQ 1637182067 149 2
> VAMPIRE 1 9 5 3 0 3 0
> VAMPIRE 2 11 9 3 0 3 0
> VAMPIRE 3 11 9 3 0 3 0
> VAMPIRE 4 9 5 3 0 3 0
> GRENADE 1 10 7 4 3
> GRENADE 2 11 7 4 3
> GRENADE 3 11 7 4 3
> GRENADE 4 10 7 4 3
> BAT1 13 4 13 6 1 8 10 13 1 7
> BAT2 13 7
> BAT3 7 1
< RES 1637182067 149 2
< MOVE U U
> REQ 1637182067 150 2
> VAMPIRE 1 9 3 3 0 3 0
> VAMPIRE 2 9 9 3 0 3 0
> VAMPIRE 3 9 9 3 0 3 0
> VAMPIRE 4 9 5 3 0 3 0
> GRENADE 1 10 7 3 3
> GRENADE 2 11 7 3 3
> GRENADE 3 11 7 3 3
> GRENADE 4 10 7 3 3
> BAT1 13 4 13 6 1 8 10 13 1 7
> BAT2 13 7
> BAT3 7 1
< RES 1637182067 150 2
< MOVE U U
> REQ 1637182067 151 2
> VAMPIRE 1 11 3 3 0 3 0
> VAMPIRE 2 7 9 3 0 3 0
> VAMPIRE 3 7 9 3 0 3 0
> VAMPIRE 4 10 5 3 0 3 0
> GRENADE 1 10 7 2 3
> GRENADE 2 11 7 2 3
> GRENADE 3 11 7 2 3
> GRENADE 4 10 7 2 3
> BAT1 13 4 13 6 1 8 10 13 1 7
> BAT2 13 7
> BAT3 7 1
< RES 1637182067 151 2
< MOVE R R
> REQ 1637182067 152 2
> VAMPIRE 1 13 3 3 0 3 0
> VAMPIRE 2 7 11 3 0 3 0
> VAMPIRE 3 7 11 3 0 3 0
> VAMPIRE 4 10 5 3 0 3 0
> GRENADE 1 10 7 1 3
> GRENADE 2 11 7 1 3
> GRENADE 3 11 7 1 3
> GRENADE 4 10 7 1 3
> BAT1 13 4 13 6 1 8 10 13 1 7
> BAT2 13 7
> BAT3 7 1
< RES 1637182067 152 2
< MOVE R R
> REQ 1637182067 153 2
> VAMPIRE 1 13 2 3 1 3 0
> VAMPIRE 2 7 13 3 1 3 0
> VAMPIRE 3 7 13 3 1 3 0
> VAMPIRE 4 10 5 3 1 3 0
> BAT1 13 4 13 6 1 8 10 13 1 7 13 7
> BAT3 7 1
< RES 1637182067 153 2
< GRENADE
< MOVE L L
> REQ 1637182067 154 2
> VAMPIRE 1 13 1 3 1 3 0
> VAMPIRE 2 7 11 3 0 3 0
> VAMPIRE 3 7 11 3 0 3 0
> VAMPIRE 4 12 5 3 1 3 0
> GRENADE 2 7 13 5 3
> GRENADE 3 7 13 5 3
> BAT1 13 4 13 6 1 8 10 13 1 7 13 7
> BAT3 7 1
< RES 1637182067 154 2
< MOVE L L
> REQ 1637182067 155 2
> VAMPIRE 1 11 1 3 0 3 0
> VAMPIRE 2 7 9 3 0 3 0
> VAMPIRE 3 7 9 3 0 3 0
> VAMPIRE 4 13 5 3 1 3 0
> GRENADE 2 7 13 4 3
> GRENADE 3 7 13 4 3
> GRENADE 1 13 1 5 3
> BAT1 13 4 13 6 1 8 10 13 1 7 13 7
> BAT3 7 1
< RES 1637182067 155 2
< MOVE L L
> REQ 1637182067 156 2
> VAMPIRE 1 11 3 3 0 3 0
> VAMPIRE 2 7 7 3 0 3 0
> VAMPIRE 3 7 7 3 0 3 0
> VAMPIRE 4 11 5 3 0 3 0
> GRENADE 2 7 13 3 3
> GRENADE 3 7 13 3 3
> GRENADE 1 13 1 4 3
> GRENADE 4 13 5 5 3
> BAT1 13 4 13 6 1 8 10 13 1 7 13 7
> BAT3 7 1
< RES 1637182067 156 2
> REQ 1637182067 157 2
> VAMPIRE 1 9 3 3 0 3 0
> VAMPIRE 2 7 7 3 0 3 0
> VAMPIRE 3 7 7 3 0 3 0
> VAMPIRE 4 11 7 3 0 3 0
> GRENADE 2 7 13 2 3
> GRENADE 3 7 13 2 3
> GRENADE 1 13 1 3 3
> GRENADE 4 13 5 4 3
> BAT1 13 4 13 6 1 8 10 13 1 7 13 7
> BAT3 7 1
< RES 1637182067 157 2
< MOVE U U
> REQ 1637182067 158 2
> VAMPIRE 1 7 3 3 0 3 0
> VAMPIRE 2 5 7 3 0 3 0
> VAMPIRE 3 5 7 3 0 3 0
> VAMPIRE 4 11 7 3 0 3 0
> GRENADE 2 7 13 1 3
> GRENADE 3 7 13 1 3
> GRENADE 1 13 1 2 3
> GRENADE 4 13 5 3 3
> BAT1 13 4 13 6 1 8 10 13 1 7 13 7
> BAT3 7 1
< RES 1637182067 158 2
< MOVE U
> REQ 1637182067 159 2
> VAMPIRE 1 7 3 3 0 3 0
> VAMPIRE 2 4 7 3 1 3 0
> VAMPIRE 3 4 7 3 1 3 0
> VAMPIRE 4 11 7 3 0 3 0
> GRENADE 1 13 1 1 3
> GRENADE 4 13 5 2 3
> BAT1 13 4 13 6 1 8 1 7 13 7
> BAT3 7 1
< RES 1637182067 159 2
< GRENADE
< MOVE U R
> REQ 1637182067 160 2
> VAMPIRE 1 7 4 3 1 3 0
> VAMPIRE 2 3 8 3 0 3 0
> VAMPIRE 3 3 8 3 0 3 0
> VAMPIRE 4 11 7 3 0 3 0
> GRENADE 4 13 5 1 3
> GRENADE 2 4 7 5 3
> GRENADE 3 4 7 5 3
> BAT1 13 6 1 8 1 7 13 7
> BAT3 7 1
< RES 1637182067 160 2
< MOVE R
> REQ 1637182067 161 2
> VAMPIRE 1 8 5 3 0 3 0
> VAMPIRE 2 3 9 3 0 3 0
> VAMPIRE 3 3 9 3 0 3 0
> VAMPIRE 4 11 7 3 1 3 0
> GRENADE 2 4 7 4 3
> GRENADE 3 4 7 4 3
> GRENADE 1 7 4 5 3
> BAT1 1 8 1 7 13 7
> BAT3 7 1
< RES 1637182067 161 2
< MOVE D D
> REQ 1637182067 162 2
> VAMPIRE 1 9 5 3 0 3 0
> VAMPIRE 2 5 9 3 0 3 0
> VAMPIRE 3 5 9 3 0 3 0
> VAMPIRE 4 9 7 3 0 3 0
> GRENADE 2 4 7 3 3
> GRENADE 3 4 7 3 3
> GRENADE 1 7 4 4 3
> GRENADE 4 11 7 5 3
> BAT1 1 8 1 7 13 7
> BAT3 7 1
< RES 1637182067 162 2
< MOVE U U
> REQ 1637182067 163 2
> VAMPIRE 1 9 3 3 0 3 0
> VAMPIRE 2 3 9 3 0 3 0
> VAMPIRE 3 3 9 3 0 3 0
> VAMPIRE 4 9 5 3 0 3 0
> GRENADE 2 4 7 2 3
> GRENADE 3 4 7 2 3
> GRENADE 1 7 4 3 3
> GRENADE 4 11 7 4 3
> BAT1 1 8 1 7 13 7
> BAT3 7 1
< RES 1637182067 163 2
< MOVE U U
> REQ 1637182067 164 2
> VAMPIRE 1 9 3 3 0 3 0
> VAMPIRE 2 1 9 3 0 3 0
> VAMPIRE 3 1 9 3 0 3 0
> VAMPIRE 4 9 3 3 0 3 0
> GRENADE 2 4 7 1 3
> GRENADE 3 4 7 1 3
> GRENADE 1 7 4 2 3
> GRENADE 4 11 7 3 3
> BAT1 1 8 1 7 13 7
> BAT3 7 1
< RES 1637182067 164 2
< MOVE R
> REQ 1637182067 165 2
> VAMPIRE 1 9 1 3 0 3 0
> VAMPIRE 2 1 10 3 1 3 0
> VAMPIRE 3 1 10 3 1 3 0
> VAMPIRE 4 9 3 3 0 3 0
> GRENADE 1 7 4 1 3
> GRENADE 4 11 7 2 3
> BAT1 1 8 13 7
> BAT3 7 1
< RES 1637182067 165 2
< GRENADE
< MOVE R D
> REQ 1637182067 166 2
> VAMPIRE 1 10 1 3 1 3 0
> VAMPIRE 2 2 11 3 0 3 0
> VAMPIRE 3 2 9 3 0 3 0
> VAMPIRE 4 7 3 3 0 3 0
> GRENADE 4 11 7 1 3
> GRENADE 2 1 10 5 3
> GRENADE 3 1 10 5 3
> POWERUP SHOE -4 11 2
> POWERUP SHOE -4 3 12
> BAT1 1 8 13 7
> BAT2 7 1
< RES 1637182067 166 2
< MOVE D R
> REQ 1637182067 167 2
> VAMPIRE 1 11 2 3 0 3 0
> VAMPIRE 2 3 12 3 0 3 0
> VAMPIRE 3 3 10 3 0 3 0
> VAMPIRE 4 9 3 3 1 3 0
> GRENADE 2 1 10 4 3
> GRENADE 3 1 10 4 3
> GRENADE 1 10 1 5 3
> POWERUP SHOE -3 11 2
> POWERUP SHOE -3 3 12
> BAT1 1 8
> BAT2 7 1
< RES 1637182067 167 2
> REQ 1637182067 168 2
> VAMPIRE 1 11 2 3 0 3 0
> VAMPIRE 2 3 12 3 0 3 0
> VAMPIRE 3 3 12 3 0 3 0
> VAMPIRE 4 11 3 3 1 3 0
> GRENADE 2 1 10 3 3
> GRENADE 3 1 10 3 3
> GRENADE 1 10 1 4 3
> POWERUP SHOE -2 11 2
> POWERUP SHOE -2 3 12
> BAT1 1 8
> BAT2 7 1
< RES 1637182067 168 2
> REQ 1637182067 169 2
> VAMPIRE 1 11 1 3 0 3 0
> VAMPIRE 2 3 12 3 0 3 0
> VAMPIRE 3 3 12 3 0 3 0
> VAMPIRE 4 11 2 3 1 3 0
> GRENADE 2 1 10 2 3
> GRENADE 3 1 10 2 3
> GRENADE 1 10 1 3 3
> POWERUP SHOE -1 11 2
> POWERUP SHOE -1 3 12
> BAT1 1 8
> BAT2 7 1
< RES 1637182067 169 2
< MOVE L
> REQ 1637182067 170 2
> VAMPIRE 1 11 3 3 0 3 0
> VAMPIRE 2 3 11 3 0 3 30
> VAMPIRE 3 3 11 3 0 3 30
> VAMPIRE 4 10 3 3 1 3 30
> GRENADE 2 1 10 1 3
> GRENADE 3 1 10 1 3
> GRENADE 1 10 1 2 3
> BAT1 1 8
> BAT2 7 1
< RES 1637182067 170 2
< MOVE D D
> REQ 1637182067 171 2
> VAMPIRE 1 9 3 3 0 3 0
> VAMPIRE 2 5 11 3 1 3 29
> VAMPIRE 3 5 11 3 1 3 29
> VAMPIRE 4 7 3 3 1 3 29
> GRENADE 1 10 1 1 3
> BAT2 7 1
< RES 1637182067 171 2
< MOVE D D
> REQ 1637182067 172 2
> VAMPIRE 1 9 1 3 1 3 0
> VAMPIRE 2 7 11 3 1 3 28
> VAMPIRE 3 7 11 3 1 3 28
> VAMPIRE 4 7 5 3 0 3 28
> GRENADE 4 7 3 5 3
> BAT1 7 1
< RES 1637182067 172 2
< MOVE L L
> REQ 1637182067 173 2
> VAMPIRE 1 9 3 3 1 3 0
> VAMPIRE 2 7 9 3 1 3 27
> VAMPIRE 3 7 9 3 1 3 27
> VAMPIRE 4 7 7 3 0 3 27
> GRENADE 4 7 3 4 3
> BAT1 7 1
< RES 1637182067 173 2
< MOVE L L L
> REQ 1637182067 174 2
> VAMPIRE 1 9 5 3 0 3 0
> VAMPIRE 2 7 6 3 1 3 26
> VAMPIRE 3 7 6 3 1 3 26
> VAMPIRE 4 7 7 3 0 3 26
> GRENADE 4 7 3 3 3
> GRENADE 1 9 3 5 3
> BAT1 7 1
< RES 1637182067 174 2
< GRENADE
< MOVE L U U
> REQ 1637182067 175 2
> VAMPIRE 1 11 5 3 0 3 0
> VAMPIRE 2 5 5 3 0 3 25
> VAMPIRE 3 5 5 3 0 3 25
> VAMPIRE 4 7 9 3 0 3 25
> GRENADE 4 7 3 2 3
> GRENADE 1 9 3 4 3
> GRENADE 2 7 6 5 3
> GRENADE 3 7 6 5 3
> BAT1 7 1
< RES 1637182067 175 2
< MOVE U U
> REQ 1637182067 176 2
> VAMPIRE 1 11 7 3 0 3 0
> VAMPIRE 2 3 5 3 0 3 24
> VAMPIRE 3 3 5 3 0 3 24
> VAMPIRE 4 5 9 3 0 3 24
> GRENADE 4 7 3 1 3
> GRENADE 1 9 3 3 3
> GRENADE 2 7 6 4 3
> GRENADE 3 7 6 4 3
> BAT1 7 1
< RES 1637182067 176 2
< MOVE D D
> REQ 1637182067 177 2
> VAMPIRE 1 11 7 3 1 3 0
> VAMPIRE 2 5 5 3 1 3 23
> VAMPIRE 3 5 5 3 1 3 23
> VAMPIRE 4 5 9 3 1 3 23
< RES 1637182067 177 2
< MOVE D D
> REQ 1637182067 178 2
> VAMPIRE 1 11 7 3 1 3 0
> VAMPIRE 2 7 5 3 1 3 22
> VAMPIRE 3 7 5 3 1 3 22
> VAMPIRE 4 5 9 3 1 3 22
< RES 1637182067 178 2
< MOVE L L
> REQ 1637182067 179 2
> VAMPIRE 1 11 7 3 1 3 0
> VAMPIRE 2 7 3 3 1 3 21
> VAMPIRE 3 7 3 3 1 3 21
> VAMPIRE 4 7 9 3 1 3 21
< RES 1637182067 179 2
< MOVE U U
> REQ 1637182067 180 2
> VAMPIRE 1 11 9 3 1 3 0
> VAMPIRE 2 5 3 3 1 3 20
> VAMPIRE 3 5 3 3 1 3 20
> VAMPIRE 4 7 7 3 1 3 20
< RES 1637182067 180 2
< MOVE D D
> REQ 1637182067 181 2
> VAMPIRE 1 11 7 3 1 3 0
> VAMPIRE 2 7 3 3 1 3 19
> VAMPIRE 3 7 3 3 1 3 19
> VAMPIRE 4 5 7 3 1 3 19
< RES 1637182067 181 2
< MOVE D D
> REQ 1637182067 182 2
> VAMPIRE 1 11 7 3 1 3 0
> VAMPIRE 2 9 3 3 1 3 18
> VAMPIRE 3 9 3 3 1 3 18
> VAMPIRE 4 7 7 3 1 3 18
> POWERUP BATTERY -8 10 3
> POWERUP BATTERY -8 4 11
< RES 1637182067 182 2
< MOVE D
> REQ 1637182067 183 2
> VAMPIRE 1 11 5 3 1 3 0
> VAMPIRE 2 10 3 3 1 3 17
> VAMPIRE 3 10 3 3 1 3 17
> VAMPIRE 4 9 6 3 1 3 17
> POWERUP BATTERY -7 10 3
> POWERUP BATTERY -7 4 11
< RES 1637182067 183 2
> REQ 1637182067 184 2
> VAMPIRE 1 11 3 3 1 3 0
> VAMPIRE 2 10 3 3 1 3 16
> VAMPIRE 3 10 3 3 1 3 16
> VAMPIRE 4 9 3 3 1 3 16
> POWERUP BATTERY -6 10 3
> POWERUP BATTERY -6 4 11
< RES 1637182067 184 2
> REQ 1637182067 185 2
> VAMPIRE 1 12 3 3 1 3 0
> VAMPIRE 2 10 3 3 1 3 15
> VAMPIRE 3 10 3 3 1 3 15
> VAMPIRE 4 10 3 3 1 3 15
> POWERUP BATTERY -5 10 3
> POWERUP BATTERY -5 4 11
< RES 1637182067 185 2
< GRENADE
> REQ 1637182067 186 2
> VAMPIRE 1 11 3 3 1 3 0
> VAMPIRE 2 10 3 3 0 3 14
> VAMPIRE 3 10 3 3 0 3 14
> VAMPIRE 4 10 3 3 0 3 14
> GRENADE 2 10 3 5 3
> GRENADE 3 10 3 5 3
> GRENADE 4 10 3 5 3
> POWERUP BATTERY -4 10 3
> POWERUP BATTERY -4 4 11
< RES 1637182067 186 2
> REQ 1637182067 187 2
> VAMPIRE 1 11 5 3 1 3 0
> VAMPIRE 2 10 3 3 0 3 13
> VAMPIRE 3 10 3 3 0 3 13
> VAMPIRE 4 10 3 3 0 3 13
> GRENADE 2 10 3 4 3
> GRENADE 3 10 3 4 3
> GRENADE 4 10 3 4 3
> POWERUP BATTERY -3 10 3
> POWERUP BATTERY -3 4 11
< RES 1637182067 187 2
> REQ 1637182067 188 2
> VAMPIRE 1 11 7 3 1 3 0
> VAMPIRE 2 10 3 3 0 3 12
> VAMPIRE 3 10 3 3 0 3 12
> VAMPIRE 4 10 3 3 0 3 12
> GRENADE 2 10 3 3 3
> GRENADE 3 10 3 3 3
> GRENADE 4 10 3 3 3
> POWERUP BATTERY -2 10 3
> POWERUP BATTERY -2 4 11
< RES 1637182067 188 2
> REQ 1637182067 189 2
> VAMPIRE 1 9 7 3 1 3 0
> VAMPIRE 2 10 3 3 0 3 11
> VAMPIRE 3 10 3 3 0 3 11
> VAMPIRE 4 10 3 3 0 3 11
> GRENADE 2 10 3 2 3
> GRENADE 3 10 3 2 3
> GRENADE 4 10 3 2 3
> POWERUP BATTERY -1 10 3
> POWERUP BATTERY -1 4 11
< RES 1637182067 189 2
< MOVE U R R
> REQ 1637182067 190 2
> VAMPIRE 1 7 7 3 1 3 0
> VAMPIRE 2 9 5 3 0 4 10
> VAMPIRE 3 9 5 3 0 4 10
> VAMPIRE 4 9 5 3 0 4 10
> GRENADE 2 10 3 1 3
> GRENADE 3 10 3 1 3
> GRENADE 4 10 3 1 3
> POWERUP BATTERY 13 4 11
< RES 1637182067 190 2
< MOVE U U U
> REQ 1637182067 191 2
> VAMPIRE 1 5 7 3 1 3 0
> VAMPIRE 2 6 5 3 1 4 9
> VAMPIRE 3 6 5 3 1 4 9
> VAMPIRE 4 6 5 3 1 4 9
> POWERUP BATTERY 12 4 11
< RES 1637182067 191 2
< MOVE U R R
> REQ 1637182067 192 2
> VAMPIRE 1 5 9 3 1 3 0
> VAMPIRE 2 5 7 3 1 4 8
> VAMPIRE 3 5 7 3 1 4 8
> VAMPIRE 4 5 7 3 1 4 8
> POWERUP BATTERY 11 4 11
< RES 1637182067 192 2
< MOVE R R R
> REQ 1637182067 193 2
> VAMPIRE 1 5 11 3 1 3 0
> VAMPIRE 2 5 10 3 1 4 7
> VAMPIRE 3 5 10 3 1 4 7
> VAMPIRE 4 5 10 3 1 4 7
> POWERUP BATTERY 10 4 11
< RES 1637182067 193 2
< MOVE R U
> REQ 1637182067 194 2
> VAMPIRE 1 4 11 3 1 3 0
> VAMPIRE 2 4 11 3 1 4 6
> VAMPIRE 3 4 11 3 1 4 6
> VAMPIRE 4 4 11 3 1 4 6
> POWERUP BATTERY 9 4 11
< RES 1637182067 194 2
< MOVE D L L
> REQ 1637182067 195 2
> VAMPIRE 1 3 11 3 1 4 0
> VAMPIRE 2 5 9 3 1 5 5
> VAMPIRE 3 5 9 3 1 5 5
> VAMPIRE 4 5 9 3 1 5 5
< RES 1637182067 195 2
< MOVE D D
> REQ 1637182067 196 2
> VAMPIRE 1 5 11 3 1 4 0
> VAMPIRE 2 7 9 3 1 5 4
> VAMPIRE 3 7 9 3 1 5 4
> VAMPIRE 4 7 9 3 1 5 4
< RES 1637182067 196 2
< MOVE L L
> REQ 1637182067 197 2
> VAMPIRE 1 5 9 3 1 4 0
> VAMPIRE 2 7 7 3 1 5 3
> VAMPIRE 3 7 7 3 1 5 3
> VAMPIRE 4 7 7 3 1 5 3
< RES 1637182067 197 2
< MOVE D D
> REQ 1637182067 198 2
> VAMPIRE 1 5 9 3 1 4 0
> VAMPIRE 2 9 7 3 1 5 2
> VAMPIRE 3 9 7 3 1 5 2
> VAMPIRE 4 9 7 3 1 5 2
< RES 1637182067 198 2
< MOVE L L
> REQ 1637182067 199 2
> VAMPIRE 1 5 7 3 1 4 0
> VAMPIRE 2 9 5 3 1 5 1
> VAMPIRE 3 9 5 3 1 5 1
> VAMPIRE 4 9 5 3 1 5 1
< RES 1637182067 199 2
< MOVE R R
> REQ 1637182067 200 2
> VAMPIRE 1 5 5 3 1 4 0
> VAMPIRE 2 9 7 3 1 5 0
> VAMPIRE 3 9 7 3 1 5 0
> VAMPIRE 4 9 7 3 1 5 0
< RES 1637182067 200 2
> REQ 1637182067 201 2
> VAMPIRE 1 5 7 3 1 4 0
> VAMPIRE 2 9 7 3 1 5 0
> VAMPIRE 3 9 7 3 1 5 0
> VAMPIRE 4 9 7 3 1 5 0
< RES 1637182067 201 2
< MOVE D D
> REQ 1637182067 202 2
> VAMPIRE 1 7 7 3 1 4 0
> VAMPIRE 2 11 7 3 1 5 0
> VAMPIRE 3 11 7 3 1 5 0
> VAMPIRE 4 11 7 3 1 5 0
< RES 1637182067 202 2
> REQ 1637182067 203 2
> VAMPIRE 1 9 7 3 1 4 0
> VAMPIRE 2 11 7 3 1 5 0
> VAMPIRE 3 11 7 3 1 5 0
> VAMPIRE 4 11 7 3 1 5 0
< RES 1637182067 203 2
> REQ 1637182067 204 2
> VAMPIRE 1 9 7 3 1 4 0
> VAMPIRE 2 11 7 3 1 5 0
> VAMPIRE 3 11 7 3 1 5 0
> VAMPIRE 4 11 7 3 1 5 0
< RES 1637182067 204 2
> REQ 1637182067 205 2
> VAMPIRE 1 9 7 3 1 4 0
> VAMPIRE 2 11 7 3 1 5 0
> VAMPIRE 3 11 7 3 1 5 0
> VAMPIRE 4 11 7 3 1 5 0
< RES 1637182067 205 2
> REQ 1637182067 206 2
> VAMPIRE 1 9 7 3 1 4 0
> VAMPIRE 2 11 7 3 1 5 0
> VAMPIRE 3 11 7 3 1 5 0
> VAMPIRE 4 11 7 3 1 5 0
< RES 1637182067 206 2
> REQ 1637182067 207 2
> VAMPIRE 1 9 7 3 1 4 0
> VAMPIRE 2 11 7 3 1 5 0
> VAMPIRE 3 11 7 3 1 5 0
> VAMPIRE 4 11 7 3 1 5 0
< RES 1637182067 207 2
> REQ 1637182067 208 2
> VAMPIRE 1 9 7 3 1 4 0
> VAMPIRE 2 11 7 3 1 5 0
> VAMPIRE 3 11 7 3 1 5 0
> VAMPIRE 4 11 7 3 1 5 0
> POWERUP GRENADE -7 3 7
> POWERUP GRENADE -7 11 7
< RES 1637182067 208 2
> REQ 1637182067 209 2
> VAMPIRE 1 9 7 3 1 4 0
> VAMPIRE 2 11 7 3 1 5 0
> VAMPIRE 3 11 7 3 1 5 0
> VAMPIRE 4 11 7 3 1 5 0
> POWERUP GRENADE -6 3 7
> POWERUP GRENADE -6 11 7
< RES 1637182067 209 2
> REQ 1637182067 210 2
> VAMPIRE 1 9 7 3 1 4 0
> VAMPIRE 2 11 7 3 1 5 0
> VAMPIRE 3 11 7 3 1 5 0
> VAMPIRE 4 11 7 3 1 5 0
> POWERUP GRENADE -5 3 7
> POWERUP GRENADE -5 11 7
< RES 1637182067 210 2
< GRENADE
> REQ 1637182067 211 2
> VAMPIRE 1 9 7 3 1 4 0
> VAMPIRE 2 11 7 3 0 5 0
> VAMPIRE 3 11 7 3 0 5 0
> VAMPIRE 4 11 7 3 0 5 0
> GRENADE 2 11 7 5 5
> GRENADE 3 11 7 5 5
> GRENADE 4 11 7 5 5
> POWERUP GRENADE -4 3 7
> POWERUP GRENADE -4 11 7
< RES 1637182067 211 2
> REQ 1637182067 212 2
> VAMPIRE 1 7 7 3 1 4 0
> VAMPIRE 2 11 7 3 0 5 0
> VAMPIRE 3 11 7 3 0 5 0
> VAMPIRE 4 11 7 3 0 5 0
> GRENADE 2 11 7 4 5
> GRENADE 3 11 7 4 5
> GRENADE 4 11 7 4 5
> POWERUP GRENADE -3 3 7
> POWERUP GRENADE -3 11 7
< RES 1637182067 212 2
> REQ 1637182067 213 2
> VAMPIRE 1 5 7 3 1 4 0
> VAMPIRE 2 11 7 3 0 5 0
> VAMPIRE 3 11 7 3 0 5 0
> VAMPIRE 4 11 7 3 0 5 0
> GRENADE 2 11 7 3 5
> GRENADE 3 11 7 3 5
> GRENADE 4 11 7 3 5
> POWERUP GRENADE -2 3 7
> POWERUP GRENADE -2 11 7
< RES 1637182067 213 2
< MOVE U
> REQ 1637182067 214 2
> VAMPIRE 1 3 7 3 1 4 0
> VAMPIRE 2 10 7 3 0 5 0
> VAMPIRE 3 10 7 3 0 5 0
> VAMPIRE 4 10 7 3 0 5 0
> GRENADE 2 11 7 2 5
> GRENADE 3 11 7 2 5
> GRENADE 4 11 7 2 5
> POWERUP GRENADE -1 3 7
> POWERUP GRENADE -1 11 7
< RES 1637182067 214 2
< MOVE U L
> REQ 1637182067 215 2
> VAMPIRE 1 5 7 3 2 4 0
> VAMPIRE 2 9 6 3 0 5 0
> VAMPIRE 3 9 6 3 0 5 0
> VAMPIRE 4 9 6 3 0 5 0
> GRENADE 2 11 7 1 5
> GRENADE 3 11 7 1 5
> GRENADE 4 11 7 1 5
> POWERUP GRENADE 20 11 7
< RES 1637182067 215 2
< MOVE R D
> REQ 1637182067 216 2
> VAMPIRE 1 7 7 3 2 4 0
> VAMPIRE 2 10 7 3 1 5 0
> VAMPIRE 3 10 7 3 1 5 0
> VAMPIRE 4 10 7 3 1 5 0
> POWERUP GRENADE 19 11 7
< RES 1637182067 216 2
< MOVE D
> REQ 1637182067 217 2
> VAMPIRE 1 9 7 3 2 4 0
> VAMPIRE 2 11 7 3 1 5 0
> VAMPIRE 3 11 7 3 1 5 0
> VAMPIRE 4 11 7 3 1 5 0
> POWERUP GRENADE 18 11 7
< RES 1637182067 217 2
> REQ 1637182067 218 2
> VAMPIRE 1 9 7 3 2 4 0
> VAMPIRE 2 11 7 3 2 5 0
> VAMPIRE 3 11 7 3 2 5 0
> VAMPIRE 4 11 7 3 2 5 0
< RES 1637182067 218 2
> REQ 1637182067 219 2
> VAMPIRE 1 9 7 3 2 4 0
> VAMPIRE 2 11 7 3 2 5 0
> VAMPIRE 3 11 7 3 2 5 0
> VAMPIRE 4 11 7 3 2 5 0
< RES 1637182067 219 2
> REQ 1637182067 220 2
> VAMPIRE 1 9 7 3 2 4 0
> VAMPIRE 2 11 7 3 2 5 0
> VAMPIRE 3 11 7 3 2 5 0
> VAMPIRE 4 11 7 3 2 5 0
< RES 1637182067 220 2
> REQ 1637182067 221 2
> VAMPIRE 1 9 7 3 2 4 0
> VAMPIRE 2 11 7 3 2 5 0
> VAMPIRE 3 11 7 3 2 5 0
> VAMPIRE 4 11 7 3 2 5 0
< RES 1637182067 221 2
> REQ 1637182067 222 2
> VAMPIRE 1 9 7 3 2 4 0
> VAMPIRE 2 11 7 3 2 5 0
> VAMPIRE 3 11 7 3 2 5 0
> VAMPIRE 4 11 7 3 2 5 0
< RES 1637182067 222 2
> REQ 1637182067 223 2
> VAMPIRE 1 9 7 3 2 4 0
> VAMPIRE 2 11 7 3 2 5 0
> VAMPIRE 3 11 7 3 2 5 0
> VAMPIRE 4 11 7 3 2 5 0
< RES 1637182067 223 2
> REQ 1637182067 224 2
> VAMPIRE 1 9 7 3 2 4 0
> VAMPIRE 2 11 7 3 2 5 0
> VAMPIRE 3 11 7 3 2 5 0
> VAMPIRE 4 11 7 3 2 5 0
< RES 1637182067 224 2
> REQ 1637182067 225 2
> VAMPIRE 1 9 7 3 2 4 0
> VAMPIRE 2 11 7 3 2 5 0
> VAMPIRE 3 11 7 3 2 5 0
> VAMPIRE 4 11 7 3 2 5 0
< RES 1637182067 225 2
> REQ 1637182067 226 2
> VAMPIRE 1 9 7 3 2 4 0
> VAMPIRE 2 11 7 3 2 5 0
> VAMPIRE 3 11 7 3 2 5 0
> VAMPIRE 4 11 7 3 2 5 0
< RES 1637182067 226 2
> REQ 1637182067 227 2
> VAMPIRE 1 9 7 3 2 4 0
> VAMPIRE 2 11 7 3 2 5 0
> VAMPIRE 3 11 7 3 2 5 0
> VAMPIRE 4 11 7 3 2 5 0
< RES 1637182067 227 2
> REQ 1637182067 228 2
> VAMPIRE 1 9 7 3 2 4 0
> VAMPIRE 2 11 7 3 2 5 0
> VAMPIRE 3 11 7 3 2 5 0
> VAMPIRE 4 11 7 3 2 5 0
< RES 1637182067 228 2
> REQ 1637182067 229 2
> VAMPIRE 1 9 7 3 2 4 0
> VAMPIRE 2 11 7 3 2 5 0
> VAMPIRE 3 11 7 3 2 5 0
> VAMPIRE 4 11 7 3 2 5 0
< RES 1637182067 229 2
> REQ 1637182067 230 2
> VAMPIRE 1 9 7 3 2 4 0
> VAMPIRE 2 11 7 3 2 5 0
> VAMPIRE 3 11 7 3 2 5 0
> VAMPIRE 4 11 7 3 2 5 0
< RES 1637182067 230 2
> REQ 1637182067 231 2
> VAMPIRE 1 9 7 3 2 4 0
> VAMPIRE 2 11 7 3 2 5 0
> VAMPIRE 3 11 7 3 2 5 0
> VAMPIRE 4 11 7 3 2 5 0
< RES 1637182067 231 2
> REQ 1637182067 232 2
> VAMPIRE 1 9 7 3 2 4 0
> VAMPIRE 2 11 7 3 2 5 0
> VAMPIRE 3 11 7 3 2 5 0
> VAMPIRE 4 11 7 3 2 5 0
< RES 1637182067 232 2
> REQ 1637182067 233 2
> VAMPIRE 1 9 7 3 2 4 0
> VAMPIRE 2 11 7 3 2 5 0
> VAMPIRE 3 11 7 3 2 5 0
> VAMPIRE 4 11 7 3 2 5 0
< RES 1637182067 233 2
> REQ 1637182067 234 2
> VAMPIRE 1 9 7 3 2 4 0
> VAMPIRE 2 11 7 3 2 5 0
> VAMPIRE 3 11 7 3 2 5 0
> VAMPIRE 4 11 7 3 2 5 0
< RES 1637182067 234 2
> REQ 1637182067 235 2
> VAMPIRE 1 9 7 3 2 4 0
> VAMPIRE 2 11 7 3 2 5 0
> VAMPIRE 3 11 7 3 2 5 0
> VAMPIRE 4 11 7 3 2 5 0
< RES 1637182067 235 2
> REQ 1637182067 236 2
> VAMPIRE 1 9 7 3 2 4 0
> VAMPIRE 2 11 7 3 2 5 0
> VAMPIRE 3 11 7 3 2 5 0
> VAMPIRE 4 11 7 3 2 5 0
< RES 1637182067 236 2
> REQ 1637182067 237 2
> VAMPIRE 1 9 7 3 2 4 0
> VAMPIRE 2 11 7 3 2 5 0
> VAMPIRE 3 11 7 3 2 5 0
> VAMPIRE 4 11 7 3 2 5 0
> POWERUP BATTERY -5 11 6
> POWERUP BATTERY -5 3 8
< RES 1637182067 237 2
< GRENADE
< MOVE L L
> REQ 1637182067 238 2
> VAMPIRE 1 7 7 3 2 4 0
> VAMPIRE 2 11 5 3 1 5 0
> VAMPIRE 3 11 5 3 1 5 0
> VAMPIRE 4 11 5 3 1 5 0
> GRENADE 2 11 7 5 5
> GRENADE 3 11 7 5 5
> GRENADE 4 11 7 5 5
> POWERUP BATTERY -4 11 6
> POWERUP BATTERY -4 3 8
< RES 1637182067 238 2
< MOVE R
> REQ 1637182067 239 2
> VAMPIRE 1 5 7 3 2 4 0
> VAMPIRE 2 11 6 3 1 5 0
> VAMPIRE 3 11 6 3 1 5 0
> VAMPIRE 4 11 6 3 1 5 0
> GRENADE 2 11 7 4 5
> GRENADE 3 11 7 4 5
> GRENADE 4 11 7 4 5
> POWERUP BATTERY -3 11 6
> POWERUP BATTERY -3 3 8
< RES 1637182067 239 2
< MOVE L
> REQ 1637182067 240 2
> VAMPIRE 1 3 7 3 2 4 0
> VAMPIRE 2 11 5 3 1 5 0
> VAMPIRE 3 11 5 3 1 5 0
> VAMPIRE 4 11 5 3 1 5 0
> GRENADE 2 11 7 3 5
> GRENADE 3 11 7 3 5
> GRENADE 4 11 7 3 5
> POWERUP BATTERY -2 11 6
> POWERUP BATTERY -2 3 8
< RES 1637182067 240 2
< MOVE R
> REQ 1637182067 241 2
> VAMPIRE 1 3 8 3 2 4 0
> VAMPIRE 2 11 6 3 1 5 0
> VAMPIRE 3 11 6 3 1 5 0
> VAMPIRE 4 11 6 3 1 5 0
> GRENADE 2 11 7 2 5
> GRENADE 3 11 7 2 5
> GRENADE 4 11 7 2 5
> POWERUP BATTERY -1 11 6
> POWERUP BATTERY -1 3 8
< RES 1637182067 241 2
< GRENADE
> REQ 1637182067 242 2
> VAMPIRE 1 3 7 3 2 5 0
> VAMPIRE 2 11 6 3 0 6 0
> VAMPIRE 3 11 6 3 0 6 0
> VAMPIRE 4 11 6 3 0 6 0
> GRENADE 2 11 7 1 5
> GRENADE 3 11 7 1 5
> GRENADE 4 11 7 1 5
> GRENADE 2 11 6 5 6
> GRENADE 3 11 6 5 6
> GRENADE 4 11 6 5 6
< RES 1637182067 242 2
< MOVE L
> REQ 1637182067 243 2
> VAMPIRE 1 5 7 3 2 5 0
> VAMPIRE 2 11 5 2 2 6 0
> VAMPIRE 3 11 5 2 2 6 0
> VAMPIRE 4 11 5 2 2 6 0
< RES 1637182067 243 2
< MOVE R R
> REQ 1637182067 244 2
> VAMPIRE 1 7 7 3 2 5 0
> VAMPIRE 2 11 7 2 2 6 0
> VAMPIRE 3 11 7 2 2 6 0
> VAMPIRE 4 11 7 2 2 6 0
< RES 1637182067 244 2
> REQ 1637182067 245 2
> VAMPIRE 1 9 7 3 2 5 0
> VAMPIRE 2 11 7 2 2 6 0
> VAMPIRE 3 11 7 2 2 6 0
> VAMPIRE 4 11 7 2 2 6 0
< RES 1637182067 245 2
> REQ 1637182067 246 2
> VAMPIRE 1 9 7 3 2 5 0
> VAMPIRE 2 11 7 2 2 6 0
> VAMPIRE 3 11 7 2 2 6 0
> VAMPIRE 4 11 7 2 2 6 0
< RES 1637182067 246 2
> REQ 1637182067 247 2
> VAMPIRE 1 9 7 3 2 5 0
> VAMPIRE 2 11 7 2 2 6 0
> VAMPIRE 3 11 7 2 2 6 0
> VAMPIRE 4 11 7 2 2 6 0
< RES 1637182067 247 2
> REQ 1637182067 248 2
> VAMPIRE 1 9 7 3 2 5 0
> VAMPIRE 2 11 7 2 2 6 0
> VAMPIRE 3 11 7 2 2 6 0
> VAMPIRE 4 11 7 2 2 6 0
< RES 1637182067 248 2
> REQ 1637182067 249 2
> VAMPIRE 1 9 7 3 2 5 0
> VAMPIRE 2 11 7 2 2 6 0
> VAMPIRE 3 11 7 2 2 6 0
> VAMPIRE 4 11 7 2 2 6 0
< RES 1637182067 249 2
> REQ 1637182067 250 2
> VAMPIRE 1 9 7 3 2 5 0
> VAMPIRE 2 11 7 2 2 6 0
> VAMPIRE 3 11 7 2 2 6 0
> VAMPIRE 4 11 7 2 2 6 0
< RES 1637182067 250 2
> REQ 1637182067 251 2
> VAMPIRE 1 9 7 3 2 5 0
> VAMPIRE 2 11 7 2 2 6 0
> VAMPIRE 3 11 7 2 2 6 0
> VAMPIRE 4 11 7 2 2 6 0
< RES 1637182067 251 2
> REQ 1637182067 252 2
> VAMPIRE 1 9 7 3 2 5 0
> VAMPIRE 2 11 7 2 2 6 0
> VAMPIRE 3 11 7 2 2 6 0
> VAMPIRE 4 11 7 2 2 6 0
< RES 1637182067 252 2
> REQ 1637182067 253 2
> VAMPIRE 1 9 7 3 2 5 0
> VAMPIRE 2 11 7 2 2 6 0
> VAMPIRE 3 11 7 2 2 6 0
> VAMPIRE 4 11 7 2 2 6 0
< RES 1637182067 253 2
> REQ 1637182067 254 2
> VAMPIRE 1 9 7 3 2 5 0
> VAMPIRE 2 11 7 2 2 6 0
> VAMPIRE 3 11 7 2 2 6 0
> VAMPIRE 4 11 7 2 2 6 0
< RES 1637182067 254 2
> REQ 1637182067 255 2
> VAMPIRE 1 9 7 3 2 5 0
> VAMPIRE 2 11 7 2 2 6 0
> VAMPIRE 3 11 7 2 2 6 0
> VAMPIRE 4 11 7 2 2 6 0
> POWERUP SHOE -6 13 13
> POWERUP SHOE -6 1 1
< RES 1637182067 255 2
< MOVE R R
> REQ 1637182067 256 2
> VAMPIRE 1 7 7 3 2 5 0
> VAMPIRE 2 11 9 2 2 6 0
> VAMPIRE 3 11 9 2 2 6 0
> VAMPIRE 4 11 9 2 2 6 0
> POWERUP SHOE -5 13 13
> POWERUP SHOE -5 1 1
< RES 1637182067 256 2
< MOVE R R
> REQ 1637182067 257 2
> VAMPIRE 1 5 7 3 2 5 0
> VAMPIRE 2 11 11 2 2 6 0
> VAMPIRE 3 11 11 2 2 6 0
> VAMPIRE 4 11 11 2 2 6 0
> POWERUP SHOE -4 13 13
> POWERUP SHOE -4 1 1
< RES 1637182067 257 2
< MOVE R R
> REQ 1637182067 258 2
> VAMPIRE 1 3 7 3 2 5 0
> VAMPIRE 2 11 13 2 2 6 0
> VAMPIRE 3 11 13 2 2 6 0
> VAMPIRE 4 11 13 2 2 6 0
> POWERUP SHOE -3 13 13
> POWERUP SHOE -3 1 1
< RES 1637182067 258 2
< MOVE D D
> REQ 1637182067 259 2
> VAMPIRE 1 1 7 3 2 5 0
> VAMPIRE 2 13 13 2 2 6 0
> VAMPIRE 3 13 13 2 2 6 0
> VAMPIRE 4 13 13 2 2 6 0
> POWERUP SHOE -2 13 13
> POWERUP SHOE -2 1 1
< RES 1637182067 259 2
> REQ 1637182067 260 2
> VAMPIRE 1 1 5 3 2 5 0
> VAMPIRE 2 13 13 2 2 6 0
> VAMPIRE 3 13 13 2 2 6 0
> VAMPIRE 4 13 13 2 2 6 0
> POWERUP SHOE -1 13 13
> POWERUP SHOE -1 1 1
< RES 1637182067 260 2
< MOVE U U
> REQ 1637182067 261 2
> VAMPIRE 1 1 3 3 2 5 0
> VAMPIRE 2 11 13 2 2 6 30
> VAMPIRE 3 11 13 2 2 6 30
> VAMPIRE 4 11 13 2 2 6 30
> POWERUP SHOE 17 1 1
< RES 1637182067 261 2
< MOVE L L
> REQ 1637182067 262 2
> VAMPIRE 1 1 1 3 2 5 0
> VAMPIRE 2 11 11 2 2 6 29
> VAMPIRE 3 11 11 2 2 6 29
> VAMPIRE 4 11 11 2 2 6 29
> POWERUP SHOE 16 1 1
< RES 1637182067 262 2
< MOVE U U
> REQ 1637182067 263 2
> VAMPIRE 1 3 1 3 2 5 30
> VAMPIRE 2 9 11 2 2 6 28
> VAMPIRE 3 9 11 2 2 6 28
> VAMPIRE 4 9 11 2 2 6 28
< RES 1637182067 263 2
< MOVE L L
> REQ 1637182067 264 2
> VAMPIRE 1 3 3 3 2 5 29
> VAMPIRE 2 9 9 2 2 6 27
> VAMPIRE 3 9 9 2 2 6 27
> VAMPIRE 4 9 9 2 2 6 27
< RES 1637182067 264 2
> REQ 1637182067 265 2
> VAMPIRE 1 3 5 3 2 5 28
> VAMPIRE 2 9 9 2 2 6 26
> VAMPIRE 3 9 9 2 2 6 26
> VAMPIRE 4 9 9 2 2 6 26
< RES 1637182067 265 2
< MOVE D D
> REQ 1637182067 266 2
> VAMPIRE 1 5 5 3 2 5 27
> VAMPIRE 2 11 9 2 2 6 25
> VAMPIRE 3 11 9 2 2 6 25
> VAMPIRE 4 11 9 2 2 6 25
< RES 1637182067 266 2
> REQ 1637182067 267 2
> VAMPIRE 1 5 7 3 2 5 26
> VAMPIRE 2 11 9 2 2 6 24
> VAMPIRE 3 11 9 2 2 6 24
> VAMPIRE 4 11 9 2 2 6 24
< RES 1637182067 267 2
< MOVE L L
> REQ 1637182067 268 2
> VAMPIRE 1 7 7 3 2 5 25
> VAMPIRE 2 11 7 2 2 6 23
> VAMPIRE 3 11 7 2 2 6 23
> VAMPIRE 4 11 7 2 2 6 23
< RES 1637182067 268 2
< MOVE R R
> REQ 1637182067 269 2
> VAMPIRE 1 7 7 3 2 5 24
> VAMPIRE 2 11 9 2 2 6 22
> VAMPIRE 3 11 9 2 2 6 22
> VAMPIRE 4 11 9 2 2 6 22
< RES 1637182067 269 2
> REQ 1637182067 270 2
> VAMPIRE 1 7 9 3 2 5 23
> VAMPIRE 2 11 9 2 2 6 21
> VAMPIRE 3 11 9 2 2 6 21
> VAMPIRE 4 11 9 2 2 6 21
< RES 1637182067 270 2
< MOVE L L
> REQ 1637182067 271 2
> VAMPIRE 1 7 9 3 2 5 22
> VAMPIRE 2 11 7 2 2 6 20
> VAMPIRE 3 11 7 2 2 6 20
> VAMPIRE 4 11 7 2 2 6 20
< RES 1637182067 271 2
< MOVE L L
> REQ 1637182067 272 2
> VAMPIRE 1 7 7 3 2 5 21
> VAMPIRE 2 11 5 2 2 6 19
> VAMPIRE 3 11 5 2 2 6 19
> VAMPIRE 4 11 5 2 2 6 19
< RES 1637182067 272 2
> REQ 1637182067 273 2
> VAMPIRE 1 7 5 3 2 5 20
> VAMPIRE 2 11 5 2 2 6 18
> VAMPIRE 3 11 5 2 2 6 18
> VAMPIRE 4 11 5 2 2 6 18
< RES 1637182067 273 2
< MOVE R R
> REQ 1637182067 274 2
> VAMPIRE 1 7 5 3 2 5 19
> VAMPIRE 2 11 7 2 2 6 17
> VAMPIRE 3 11 7 2 2 6 17
> VAMPIRE 4 11 7 2 2 6 17
< RES 1637182067 274 2
< MOVE R R
> REQ 1637182067 275 2
> VAMPIRE 1 7 7 3 2 5 18
> VAMPIRE 2 11 9 2 2 6 16
> VAMPIRE 3 11 9 2 2 6 16
> VAMPIRE 4 11 9 2 2 6 16
< RES 1637182067 275 2
> REQ 1637182067 276 2
> VAMPIRE 1 7 9 3 2 5 17
> VAMPIRE 2 11 9 2 2 6 15
> VAMPIRE 3 11 9 2 2 6 15
> VAMPIRE 4 11 9 2 2 6 15
< RES 1637182067 276 2
< MOVE L L
> REQ 1637182067 277 2
> VAMPIRE 1 7 9 3 2 5 16
> VAMPIRE 2 11 7 2 2 6 14
> VAMPIRE 3 11 7 2 2 6 14
> VAMPIRE 4 11 7 2 2 6 14
< RES 1637182067 277 2
< MOVE L L
> REQ 1637182067 278 2
> VAMPIRE 1 7 7 3 2 5 15
> VAMPIRE 2 11 5 2 2 6 13
> VAMPIRE 3 11 5 2 2 6 13
> VAMPIRE 4 11 5 2 2 6 13
< RES 1637182067 278 2
> REQ 1637182067 279 2
> VAMPIRE 1 7 5 3 2 5 14
> VAMPIRE 2 11 5 2 2 6 12
> VAMPIRE 3 11 5 2 2 6 12
> VAMPIRE 4 11 5 2 2 6 12
< RES 1637182067 279 2
< MOVE R R
> REQ 1637182067 280 2
> VAMPIRE 1 7 5 3 2 5 13
> VAMPIRE 2 11 7 2 2 6 11
> VAMPIRE 3 11 7 2 2 6 11
> VAMPIRE 4 11 7 2 2 6 11
< RES 1637182067 280 2
< MOVE R R
> REQ 1637182067 281 2
> VAMPIRE 1 7 7 3 2 5 12
> VAMPIRE 2 11 9 2 2 6 10
> VAMPIRE 3 11 9 2 2 6 10
> VAMPIRE 4 11 9 2 2 6 10
> POWERUP GRENADE -4 6 1
> POWERUP GRENADE -4 8 13
< RES 1637182067 281 2
< MOVE U U R
> REQ 1637182067 282 2
> VAMPIRE 1 7 4 3 2 5 11
> VAMPIRE 2 9 10 2 2 6 9
> VAMPIRE 3 9 10 2 2 6 9
> VAMPIRE 4 9 10 2 2 6 9
> POWERUP GRENADE -3 6 1
> POWERUP GRENADE -3 8 13
< RES 1637182067 282 2
< MOVE R R R
> REQ 1637182067 283 2
> VAMPIRE 1 7 1 3 2 5 10
> VAMPIRE 2 9 13 2 2 6 8
> VAMPIRE 3 9 13 2 2 6 8
> VAMPIRE 4 9 13 2 2 6 8
> POWERUP GRENADE -2 6 1
> POWERUP GRENADE -2 8 13
< RES 1637182067 283 2
< MOVE U
> REQ 1637182067 284 2
> VAMPIRE 1 6 1 3 2 5 9
> VAMPIRE 2 8 13 2 2 6 7
> VAMPIRE 3 8 13 2 2 6 7
> VAMPIRE 4 7 13 2 1 6 7
> GRENADE 4 9 13 5 6
> POWERUP GRENADE -1 6 1
> POWERUP GRENADE -1 8 13
< RES 1637182067 284 2
< MOVE U L L
> REQ 1637182067 285 2
> VAMPIRE 1 7 3 3 3 5 8
> VAMPIRE 2 8 13 2 3 6 6
> VAMPIRE 3 8 13 2 3 6 6
> VAMPIRE 4 7 11 2 0 6 6
> GRENADE 4 9 13 4 6
> GRENADE 4 7 13 5 6
< RES 1637182067 285 2
> REQ 1637182067 286 2
> VAMPIRE 1 7 5 3 3 5 7
> VAMPIRE 2 8 13 2 3 6 5
> VAMPIRE 3 8 13 2 3 6 5
> VAMPIRE 4 5 11 2 0 6 5
> GRENADE 4 9 13 3 6
> GRENADE 4 7 13 4 6
< RES 1637182067 286 2
> REQ 1637182067 287 2
> VAMPIRE 1 7 5 3 3 5 6
> VAMPIRE 2 8 13 2 3 6 4
> VAMPIRE 3 8 13 2 3 6 4
> VAMPIRE 4 5 9 2 0 6 4
> GRENADE 4 9 13 2 6
> GRENADE 4 7 13 3 6
< RES 1637182067 287 2
> REQ 1637182067 288 2
> VAMPIRE 1 5 5 3 3 5 5
> VAMPIRE 2 8 13 2 3 6 3
> VAMPIRE 3 8 13 2 3 6 3
> VAMPIRE 4 5 9 2 0 6 3
> GRENADE 4 9 13 1 6
> GRENADE 4 7 13 2 6
< RES 1637182067 288 2
> REQ 1637182067 289 2
> VAMPIRE 1 5 7 3 3 5 4
> VAMPIRE 2 8 13 1 3 6 2
> VAMPIRE 3 8 13 1 3 6 2
> VAMPIRE 4 5 9 2 2 6 2
< RES 1637182067 289 2
< MOVE D L L
> REQ 1637182067 290 2
> VAMPIRE 1 5 7 3 3 5 3
> VAMPIRE 2 9 11 1 3 6 1
> VAMPIRE 3 9 11 1 3 6 1
> VAMPIRE 4 7 9 2 2 6 1
< RES 1637182067 290 2
< MOVE L L
> REQ 1637182067 291 2
> VAMPIRE 1 7 7 3 3 5 2
> VAMPIRE 2 9 9 1 3 6 0
> VAMPIRE 3 9 9 1 3 6 0
> VAMPIRE 4 9 9 2 2 6 0
< RES 1637182067 291 2
> REQ 1637182067 292 2
> VAMPIRE 1 7 7 3 3 5 1
> VAMPIRE 2 9 9 1 3 6 0
> VAMPIRE 3 9 9 1 3 6 0
> VAMPIRE 4 9 9 2 2 6 0
< RES 1637182067 292 2
< MOVE R R
> REQ 1637182067 293 2
> VAMPIRE 1 7 7 3 3 5 0
> VAMPIRE 2 9 11 1 3 6 0
> VAMPIRE 3 9 11 1 3 6 0
> VAMPIRE 4 9 11 2 2 6 0
< RES 1637182067 293 2
< MOVE U U
> REQ 1637182067 294 2
> VAMPIRE 1 7 7 3 3 5 0
> VAMPIRE 2 7 11 1 3 6 0
> VAMPIRE 3 7 11 1 3 6 0
> VAMPIRE 4 7 11 2 2 6 0
< RES 1637182067 294 2
> REQ 1637182067 295 2
> VAMPIRE 1 7 9 3 3 5 0
> VAMPIRE 2 7 11 1 3 6 0
> VAMPIRE 3 7 11 1 3 6 0
> VAMPIRE 4 7 11 2 2 6 0
< RES 1637182067 295 2
> REQ 1637182067 296 2
> VAMPIRE 1 7 9 3 3 5 0
> VAMPIRE 2 7 11 1 3 6 0
> VAMPIRE 3 7 11 1 3 6 0
> VAMPIRE 4 7 11 2 2 6 0
< RES 1637182067 296 2
> REQ 1637182067 297 2
> VAMPIRE 1 7 9 3 3 5 0
> VAMPIRE 2 7 11 1 3 6 0
> VAMPIRE 3 7 11 1 3 6 0
> VAMPIRE 4 7 11 2 2 6 0
< RES 1637182067 297 2
> REQ 1637182067 298 2
> VAMPIRE 1 7 9 3 3 5 0
> VAMPIRE 2 7 11 1 3 6 0
> VAMPIRE 3 7 11 1 3 6 0
> VAMPIRE 4 7 11 2 2 6 0
> POWERUP TOMATO -4 2 3
> POWERUP TOMATO -4 12 11
< RES 1637182067 298 2
< MOVE D D
> REQ 1637182067 299 2
> VAMPIRE 1 5 9 3 3 5 0
> VAMPIRE 2 9 11 1 3 6 0
> VAMPIRE 3 9 11 1 3 6 0
> VAMPIRE 4 9 11 2 2 6 0
> POWERUP TOMATO -3 2 3
> POWERUP TOMATO -3 12 11
< RES 1637182067 299 2
< MOVE D D
> REQ 1637182067 300 2
> VAMPIRE 1 3 9 3 3 5 0
> VAMPIRE 2 11 11 1 3 6 0
> VAMPIRE 3 11 11 1 3 6 0
> VAMPIRE 4 11 11 2 2 6 0
> POWERUP TOMATO -2 2 3
> POWERUP TOMATO -2 12 11
< RES 1637182067 300 2
< MOVE D
> REQ 1637182067 301 2
> VAMPIRE 1 3 7 3 3 5 0
> VAMPIRE 2 12 11 1 3 6 0
> VAMPIRE 3 12 11 1 3 6 0
> VAMPIRE 4 13 11 2 1 6 0
> GRENADE 4 11 11 5 6
> POWERUP TOMATO -1 2 3
> POWERUP TOMATO -1 12 11
< RES 1637182067 301 2
< MOVE D L
> REQ 1637182067 302 2
> VAMPIRE 1 3 5 3 3 5 0
> VAMPIRE 2 12 11 2 3 6 0
> VAMPIRE 3 12 11 2 3 6 0
> VAMPIRE 4 13 9 2 0 6 0
> GRENADE 4 11 11 4 6
> GRENADE 4 13 11 5 6
> POWERUP TOMATO 18 2 3
< RES 1637182067 302 2
> REQ 1637182067 303 2
> VAMPIRE 1 3 3 3 3 5 0
> VAMPIRE 2 12 11 2 3 6 0
> VAMPIRE 3 12 11 2 3 6 0
> VAMPIRE 4 12 9 2 0 6 0
> GRENADE 4 11 11 3 6
> GRENADE 4 13 11 4 6
> POWERUP TOMATO 17 2 3
< RES 1637182067 303 2
> REQ 1637182067 304 2
> VAMPIRE 1 2 3 3 3 5 0
> VAMPIRE 2 12 11 2 3 6 0
> VAMPIRE 3 12 11 2 3 6 0
> VAMPIRE 4 10 9 2 0 6 0
> GRENADE 4 11 11 2 6
> GRENADE 4 13 11 3 6
> POWERUP TOMATO 16 2 3
< RES 1637182067 304 2
> REQ 1637182067 305 2
> VAMPIRE 1 3 3 3 3 5 0
> VAMPIRE 2 12 11 2 3 6 0
> VAMPIRE 3 12 11 2 3 6 0
> VAMPIRE 4 9 9 2 0 6 0
> GRENADE 4 11 11 1 6
> GRENADE 4 13 11 2 6
< RES 1637182067 305 2
> REQ 1637182067 306 2
> VAMPIRE 1 3 5 3 3 5 0
> VAMPIRE 2 12 11 1 3 6 0
> VAMPIRE 3 12 11 1 3 6 0
> VAMPIRE 4 9 7 2 2 6 0
< RES 1637182067 306 2
< MOVE U
> REQ 1637182067 307 2
> VAMPIRE 1 5 5 3 3 5 0
> VAMPIRE 2 11 11 1 3 6 0
> VAMPIRE 3 11 11 1 3 6 0
> VAMPIRE 4 7 7 2 2 6 0
< RES 1637182067 307 2
< MOVE U U
> REQ 1637182067 308 2
> VAMPIRE 1 5 7 3 3 5 0
> VAMPIRE 2 9 11 1 3 6 0
> VAMPIRE 3 9 11 1 3 6 0
> VAMPIRE 4 7 9 2 2 6 0
< RES 1637182067 308 2
< MOVE L L
> REQ 1637182067 309 2
> VAMPIRE 1 7 7 3 3 5 0
> VAMPIRE 2 9 9 1 3 6 0
> VAMPIRE 3 9 9 1 3 6 0
> VAMPIRE 4 7 7 2 2 6 0
< RES 1637182067 309 2
< MOVE R R
> REQ 1637182067 310 2
> VAMPIRE 1 5 7 3 3 5 0
> VAMPIRE 2 9 11 1 3 6 0
> VAMPIRE 3 9 11 1 3 6 0
> VAMPIRE 4 5 7 2 2 6 0
< RES 1637182067 310 2
< MOVE L L
> REQ 1637182067 311 2
> VAMPIRE 1 5 5 3 3 5 0
> VAMPIRE 2 9 9 1 3 6 0
> VAMPIRE 3 9 9 1 3 6 0
> VAMPIRE 4 5 5 2 2 6 0
< RES 1637182067 311 2
< MOVE U U
> REQ 1637182067 312 2
> VAMPIRE 1 5 7 3 3 5 0
> VAMPIRE 2 7 9 1 3 6 0
> VAMPIRE 3 7 9 1 3 6 0
> VAMPIRE 4 5 7 2 2 6 0
< RES 1637182067 312 2
< MOVE D D
> REQ 1637182067 313 2
> VAMPIRE 1 5 5 3 3 5 0
> VAMPIRE 2 9 9 1 3 6 0
> VAMPIRE 3 9 9 1 3 6 0
> VAMPIRE 4 5 5 2 2 6 0
< RES 1637182067 313 2
< MOVE U U
> REQ 1637182067 314 2
> VAMPIRE 1 5 7 3 3 5 0
> VAMPIRE 2 7 9 1 3 6 0
> VAMPIRE 3 7 9 1 3 6 0
> VAMPIRE 4 5 7 2 2 6 0
< RES 1637182067 314 2
< MOVE D D
> REQ 1637182067 315 2
> VAMPIRE 1 5 5 3 3 5 0
> VAMPIRE 2 9 9 1 3 6 0
> VAMPIRE 3 9 9 1 3 6 0
> VAMPIRE 4 5 5 2 2 6 0
< RES 1637182067 315 2
< MOVE U U
> REQ 1637182067 316 2
> VAMPIRE 1 5 7 3 3 5 0
> VAMPIRE 2 7 9 1 3 6 0
> VAMPIRE 3 7 9 1 3 6 0
> VAMPIRE 4 5 7 2 2 6 0
< RES 1637182067 316 2
< MOVE D D
> REQ 1637182067 317 2
> VAMPIRE 1 5 5 3 3 5 0
> VAMPIRE 2 9 9 1 3 6 0
> VAMPIRE 3 9 9 1 3 6 0
> VAMPIRE 4 5 5 2 2 6 0
< RES 1637182067 317 2
< MOVE U U
> REQ 1637182067 318 2
> VAMPIRE 1 5 7 3 3 5 0
> VAMPIRE 2 7 9 1 3 6 0
> VAMPIRE 3 7 9 1 3 6 0
> VAMPIRE 4 5 7 2 2 6 0
< RES 1637182067 318 2
< MOVE D D
> REQ 1637182067 319 2
> VAMPIRE 1 5 5 3 3 5 0
> VAMPIRE 2 9 9 1 3 6 0
> VAMPIRE 3 9 9 1 3 6 0
> VAMPIRE 4 5 5 2 2 6 0
< RES 1637182067 319 2
< MOVE U U
> REQ 1637182067 320 2
> VAMPIRE 1 5 7 3 3 5 0
> VAMPIRE 2 7 9 1 3 6 0
> VAMPIRE 3 7 9 1 3 6 0
> VAMPIRE 4 5 7 2 2 6 0
< RES 1637182067 320 2
< MOVE D D
> REQ 1637182067 321 2
> VAMPIRE 1 5 5 3 3 5 0
> VAMPIRE 2 9 9 1 3 6 0
> VAMPIRE 3 9 9 1 3 6 0
> VAMPIRE 4 5 5 2 2 6 0
< RES 1637182067 321 2
< MOVE U U
> REQ 1637182067 322 2
> VAMPIRE 1 5 7 3 3 5 0
> VAMPIRE 2 7 9 1 3 6 0
> VAMPIRE 3 7 9 1 3 6 0
> VAMPIRE 4 5 7 2 2 6 0
< RES 1637182067 322 2
< MOVE D D
> REQ 1637182067 323 2
> VAMPIRE 1 5 5 3 3 5 0
> VAMPIRE 2 9 9 1 3 6 0
> VAMPIRE 3 9 9 1 3 6 0
> VAMPIRE 4 5 5 2 2 6 0
< RES 1637182067 323 2
< MOVE U U
> REQ 1637182067 324 2
> VAMPIRE 1 5 7 3 3 5 0
> VAMPIRE 2 7 9 1 3 6 0
> VAMPIRE 3 7 9 1 3 6 0
> VAMPIRE 4 5 7 2 2 6 0
< RES 1637182067 324 2
< MOVE D D
> REQ 1637182067 325 2
> VAMPIRE 1 5 5 3 3 5 0
> VAMPIRE 2 9 9 1 3 6 0
> VAMPIRE 3 9 9 1 3 6 0
> VAMPIRE 4 5 5 2 2 6 0
> POWERUP GRENADE -7 13 2
> POWERUP GRENADE -7 1 12
< RES 1637182067 325 2
< MOVE D D
> REQ 1637182067 326 2
> VAMPIRE 1 7 5 3 3 5 0
> VAMPIRE 2 11 9 1 3 6 0
> VAMPIRE 3 11 9 1 3 6 0
> VAMPIRE 4 7 5 2 2 6 0
> POWERUP GRENADE -6 13 2
> POWERUP GRENADE -6 1 12
< RES 1637182067 326 2
< MOVE D D
> REQ 1637182067 327 2
> VAMPIRE 1 9 5 3 3 5 0
> VAMPIRE 2 13 9 1 3 6 0
> VAMPIRE 3 13 9 1 3 6 0
> VAMPIRE 4 9 5 2 2 6 0
> POWERUP GRENADE -5 13 2
> POWERUP GRENADE -5 1 12
< RES 1637182067 327 2
< MOVE L L
> REQ 1637182067 328 2
> VAMPIRE 1 11 5 3 3 5 0
> VAMPIRE 2 13 7 1 3 6 0
> VAMPIRE 3 13 7 1 3 6 0
> VAMPIRE 4 11 5 2 2 6 0
> POWERUP GRENADE -4 13 2
> POWERUP GRENADE -4 1 12
< RES 1637182067 328 2
< MOVE L L
> REQ 1637182067 329 2
> VAMPIRE 1 13 5 3 3 5 0
> VAMPIRE 2 13 5 1 3 6 0
> VAMPIRE 3 13 5 1 3 6 0
> VAMPIRE 4 13 5 2 2 6 0
> POWERUP GRENADE -3 13 2
> POWERUP GRENADE -3 1 12
< RES 1637182067 329 2
< MOVE L L
> REQ 1637182067 330 2
> VAMPIRE 1 13 3 3 3 5 0
> VAMPIRE 2 13 3 1 3 6 0
> VAMPIRE 3 13 3 1 3 6 0
> VAMPIRE 4 13 3 2 2 6 0
> POWERUP GRENADE -2 13 2
> POWERUP GRENADE -2 1 12
< RES 1637182067 330 2
< MOVE L
> REQ 1637182067 331 2
> VAMPIRE 1 13 2 3 3 5 0
> VAMPIRE 2 13 2 1 3 6 0
> VAMPIRE 3 13 2 1 3 6 0
> VAMPIRE 4 13 1 2 1 6 0
> GRENADE 4 13 3 5 6
> POWERUP GRENADE -1 13 2
> POWERUP GRENADE -1 1 12
< RES 1637182067 331 2
< GRENADE
< MOVE L U
> REQ 1637182067 332 2
> VAMPIRE 1 13 2 3 3 5 0
> VAMPIRE 2 13 2 1 3 6 0
> VAMPIRE 3 13 2 1 3 6 0
> VAMPIRE 4 11 1 2 0 6 0
> GRENADE 4 13 3 4 6
> GRENADE 1 13 2 5 5
> GRENADE 2 13 2 5 6
> GRENADE 3 13 2 5 6
> GRENADE 4 13 1 5 6
> POWERUP GRENADE 17 1 12
< RES 1637182067 332 2
> REQ 1637182067 333 2
> VAMPIRE 1 13 2 3 3 5 0
> VAMPIRE 2 13 2 1 3 6 0
> VAMPIRE 3 13 2 1 3 6 0
> VAMPIRE 4 11 2 2 0 6 0
> GRENADE 4 13 3 3 6
> GRENADE 1 13 2 4 5
> GRENADE 2 13 2 4 6
> GRENADE 3 13 2 4 6
> GRENADE 4 13 1 4 6
> POWERUP GRENADE 16 1 12
< RES 1637182067 333 2
> REQ 1637182067 334 2
> VAMPIRE 1 13 2 3 3 5 0
> VAMPIRE 2 13 2 1 3 6 0
> VAMPIRE 3 13 2 1 3 6 0
> VAMPIRE 4 11 4 2 0 6 0
> GRENADE 4 13 3 2 6
> GRENADE 1 13 2 3 5
> GRENADE 2 13 2 3 6
> GRENADE 3 13 2 3 6
> GRENADE 4 13 1 3 6
> POWERUP GRENADE 15 1 12
< RES 1637182067 334 2
< GRENADE
> REQ 1637182067 335 2
> VAMPIRE 1 13 2 3 2 5 0
> VAMPIRE 2 13 2 1 2 6 0
> VAMPIRE 3 13 2 1 2 6 0
> VAMPIRE 4 10 5 2 0 6 0
> GRENADE 4 13 3 1 6
> GRENADE 1 13 2 2 5
> GRENADE 2 13 2 2 6
> GRENADE 3 13 2 2 6
> GRENADE 4 13 1 2 6
> GRENADE 1 13 2 5 5
> GRENADE 2 13 2 5 6
> GRENADE 3 13 2 5 6
> POWERUP GRENADE 14 1 12
< RES 1637182067 335 2
> END 935 Could_not_be_more_deaded
