> MESSAGE OK
> LEVEL 10
> GAMEID 1637333230
> TEST 1
> MAXTICK 800
> GRENADERADIUS 3
> SIZE 15
> REQ 1637333230 0 2
> VAMPIRE 1 1 1 3 1 3 0
> VAMPIRE 2 13 1 3 1 3 0
> VAMPIRE 3 13 13 3 1 3 0
> VAMPIRE 4 1 13 3 1 3 0
> BAT1 8 1 9 1 10 1 11 1 1 3 7 3 1 4 1 5 6 5 8 5 1 6 5 6 9 6 3 7 11 7 5 8 9 8 13 8 6 9 8 9 13 9 13 10 7 11 13 11 3 13 4 13 5 13 6 13
> BAT2 3 1 4 1 5 1 6 1 8 3 9 3 13 3 13 4 3 5 7 5 13 5 3 6 13 6 5 7 9 7 1 8 11 8 1 9 7 9 11 9 1 10 1 11 5 11 6 11 8 13 9 13 10 13 11 13
> BAT3 7 1 5 3 6 3 11 5 11 6 1 7 7 7 13 7 3 8 3 9 8 11 9 11 7 13
< RES 1637333230 0 2
< GRENADE
> REQ 1637333230 1 2
> VAMPIRE 1 1 1 3 0 3 0
> VAMPIRE 2 13 1 3 0 3 0
> VAMPIRE 3 13 13 3 1 3 0
> VAMPIRE 4 1 13 3 1 3 0
> GRENADE 1 1 1 5 3
> GRENADE 2 13 1 5 3
> BAT1 8 1 9 1 10 1 11 1 1 3 7 3 1 4 1 5 6 5 8 5 1 6 5 6 9 6 3 7 11 7 5 8 9 8 13 8 6 9 8 9 13 9 13 10 7 11 13 11 3 13 4 13 5 13 6 13
> BAT2 3 1 4 1 5 1 6 1 8 3 9 3 13 3 13 4 3 5 7 5 13 5 3 6 13 6 5 7 9 7 1 8 11 8 1 9 7 9 11 9 1 10 1 11 5 11 6 11 8 13 9 13 10 13 11 13
> BAT3 7 1 5 3 6 3 11 5 11 6 1 7 7 7 13 7 3 8 3 9 8 11 9 11 7 13
< RES 1637333230 1 2
> REQ 1637333230 2 2
> VAMPIRE 1 1 1 3 0 3 0
> VAMPIRE 2 13 1 3 0 3 0
> VAMPIRE 3 13 13 3 1 3 0
> VAMPIRE 4 1 13 3 1 3 0
> GRENADE 1 1 1 4 3
> GRENADE 2 13 1 4 3
> BAT1 8 1 9 1 10 1 11 1 1 3 7 3 1 4 1 5 6 5 8 5 1 6 5 6 9 6 3 7 11 7 5 8 9 8 13 8 6 9 8 9 13 9 13 10 7 11 13 11 3 13 4 13 5 13 6 13
> BAT2 3 1 4 1 5 1 6 1 8 3 9 3 13 3 13 4 3 5 7 5 13 5 3 6 13 6 5 7 9 7 1 8 11 8 1 9 7 9 11 9 1 10 1 11 5 11 6 11 8 13 9 13 10 13 11 13
> BAT3 7 1 5 3 6 3 11 5 11 6 1 7 7 7 13 7 3 8 3 9 8 11 9 11 7 13
< RES 1637333230 2 2
> REQ 1637333230 3 2
> VAMPIRE 1 1 1 3 0 3 0
> VAMPIRE 2 13 1 3 0 3 0
> VAMPIRE 3 13 13 3 1 3 0
> VAMPIRE 4 1 13 3 1 3 0
> GRENADE 1 1 1 3 3
> GRENADE 2 13 1 3 3
> BAT1 8 1 9 1 10 1 11 1 1 3 7 3 1 4 1 5 6 5 8 5 1 6 5 6 9 6 3 7 11 7 5 8 9 8 13 8 6 9 8 9 13 9 13 10 7 11 13 11 3 13 4 13 5 13 6 13
> BAT2 3 1 4 1 5 1 6 1 8 3 9 3 13 3 13 4 3 5 7 5 13 5 3 6 13 6 5 7 9 7 1 8 11 8 1 9 7 9 11 9 1 10 1 11 5 11 6 11 8 13 9 13 10 13 11 13
> BAT3 7 1 5 3 6 3 11 5 11 6 1 7 7 7 13 7 3 8 3 9 8 11 9 11 7 13
< RES 1637333230 3 2
< THROW XU 1
< MOVE R
> REQ 1637333230 4 2
> VAMPIRE 1 2 1 3 0 3 0
> VAMPIRE 2 13 2 3 0 3 0
> VAMPIRE 3 13 13 3 1 3 0
> VAMPIRE 4 1 13 3 1 3 0
> GRENADE 1 1 2 2 3
> GRENADE 2 12 1 2 3
> BAT1 8 1 9 1 10 1 11 1 1 3 7 3 1 4 1 5 6 5 8 5 1 6 5 6 9 6 3 7 11 7 5 8 9 8 13 8 6 9 8 9 13 9 13 10 7 11 13 11 3 13 4 13 5 13 6 13
> BAT2 3 1 4 1 5 1 6 1 8 3 9 3 13 3 13 4 3 5 7 5 13 5 3 6 13 6 5 7 9 7 1 8 11 8 1 9 7 9 11 9 1 10 1 11 5 11 6 11 8 13 9 13 10 13 11 13
> BAT3 7 1 5 3 6 3 11 5 11 6 1 7 7 7 13 7 3 8 3 9 8 11 9 11 7 13
< RES 1637333230 4 2
> REQ 1637333230 5 2
> VAMPIRE 1 2 1 3 0 3 0
> VAMPIRE 2 13 2 3 0 3 0
> VAMPIRE 3 13 13 3 1 3 0
> VAMPIRE 4 1 13 3 1 3 0
> GRENADE 1 1 2 1 3
> GRENADE 2 12 1 1 3
> BAT1 8 1 9 1 10 1 11 1 1 3 7 3 1 4 1 5 6 5 8 5 1 6 5 6 9 6 3 7 11 7 5 8 9 8 13 8 6 9 8 9 13 9 13 10 7 11 13 11 3 13 4 13 5 13 6 13
> BAT2 3 1 4 1 5 1 6 1 8 3 9 3 13 3 13 4 3 5 7 5 13 5 3 6 13 6 5 7 9 7 1 8 11 8 1 9 7 9 11 9 1 10 1 11 5 11 6 11 8 13 9 13 10 13 11 13
> BAT3 7 1 5 3 6 3 11 5 11 6 1 7 7 7 13 7 3 8 3 9 8 11 9 11 7 13
< RES 1637333230 5 2
< MOVE L
> REQ 1637333230 6 2
> VAMPIRE 1 1 1 3 1 3 0
> VAMPIRE 2 13 1 3 1 3 0
> VAMPIRE 3 13 13 3 1 3 0
> VAMPIRE 4 1 13 3 1 3 0
> BAT1 8 1 9 1 10 1 7 3 1 4 1 5 6 5 8 5 1 6 5 6 9 6 3 7 11 7 5 8 9 8 13 8 6 9 8 9 13 9 13 10 7 11 13 11 3 13 4 13 5 13 6 13
> BAT2 3 1 4 1 5 1 6 1 8 3 9 3 13 3 13 4 3 5 7 5 13 5 3 6 13 6 5 7 9 7 1 8 11 8 1 9 7 9 11 9 1 10 1 11 5 11 6 11 8 13 9 13 10 13 11 13
> BAT3 7 1 5 3 6 3 11 5 11 6 1 7 7 7 13 7 3 8 3 9 8 11 9 11 7 13
< RES 1637333230 6 2
< MOVE U U
> REQ 1637333230 7 2
> VAMPIRE 1 1 3 3 1 3 0
> VAMPIRE 2 11 1 3 1 3 0
> VAMPIRE 3 13 13 3 1 3 0
> VAMPIRE 4 1 13 3 1 3 0
> BAT1 8 1 9 1 10 1 7 3 1 4 1 5 6 5 8 5 1 6 5 6 9 6 3 7 11 7 5 8 9 8 13 8 6 9 8 9 13 9 13 10 7 11 13 11 3 13 4 13 5 13 6 13
> BAT2 3 1 4 1 5 1 6 1 8 3 9 3 13 3 13 4 3 5 7 5 13 5 3 6 13 6 5 7 9 7 1 8 11 8 1 9 7 9 11 9 1 10 1 11 5 11 6 11 8 13 9 13 10 13 11 13
> BAT3 7 1 5 3 6 3 11 5 11 6 1 7 7 7 13 7 3 8 3 9 8 11 9 11 7 13
< RES 1637333230 7 2
< MOVE R R
> REQ 1637333230 8 2
> VAMPIRE 1 3 3 3 1 3 0
> VAMPIRE 2 11 3 3 1 3 0
> VAMPIRE 3 13 13 3 1 3 0
> VAMPIRE 4 1 13 3 1 3 0
> BAT1 8 1 9 1 10 1 7 3 1 4 1 5 6 5 8 5 1 6 5 6 9 6 3 7 11 7 5 8 9 8 13 8 6 9 8 9 13 9 13 10 7 11 13 11 3 13 4 13 5 13 6 13
> BAT2 3 1 4 1 5 1 6 1 8 3 9 3 13 3 13 4 3 5 7 5 13 5 3 6 13 6 5 7 9 7 1 8 11 8 1 9 7 9 11 9 1 10 1 11 5 11 6 11 8 13 9 13 10 13 11 13
> BAT3 7 1 5 3 6 3 11 5 11 6 1 7 7 7 13 7 3 8 3 9 8 11 9 11 7 13
< RES 1637333230 8 2
< GRENADE
< MOVE L L
> REQ 1637333230 9 2
> VAMPIRE 1 1 3 3 0 3 0
> VAMPIRE 2 11 1 3 0 3 0
> VAMPIRE 3 13 13 3 1 3 0
> VAMPIRE 4 1 13 3 1 3 0
> GRENADE 1 3 3 5 3
> GRENADE 2 11 3 5 3
> BAT1 8 1 9 1 10 1 7 3 1 4 1 5 6 5 8 5 1 6 5 6 9 6 3 7 11 7 5 8 9 8 13 8 6 9 8 9 13 9 13 10 7 11 13 11 3 13 4 13 5 13 6 13
> BAT2 3 1 4 1 5 1 6 1 8 3 9 3 13 3 13 4 3 5 7 5 13 5 3 6 13 6 5 7 9 7 1 8 11 8 1 9 7 9 11 9 1 10 1 11 5 11 6 11 8 13 9 13 10 13 11 13
> BAT3 7 1 5 3 6 3 11 5 11 6 1 7 7 7 13 7 3 8 3 9 8 11 9 11 7 13
< RES 1637333230 9 2
< MOVE D
> REQ 1637333230 10 2
> VAMPIRE 1 1 2 3 0 3 0
> VAMPIRE 2 12 1 3 0 3 0
> VAMPIRE 3 13 13 3 1 3 0
> VAMPIRE 4 1 13 3 1 3 0
> GRENADE 1 3 3 4 3
> GRENADE 2 11 3 4 3
> BAT1 8 1 9 1 10 1 7 3 1 4 1 5 6 5 8 5 1 6 5 6 9 6 3 7 11 7 5 8 9 8 13 8 6 9 8 9 13 9 13 10 7 11 13 11 3 13 4 13 5 13 6 13
> BAT2 3 1 4 1 5 1 6 1 8 3 9 3 13 3 13 4 3 5 7 5 13 5 3 6 13 6 5 7 9 7 1 8 11 8 1 9 7 9 11 9 1 10 1 11 5 11 6 11 8 13 9 13 10 13 11 13
> BAT3 7 1 5 3 6 3 11 5 11 6 1 7 7 7 13 7 3 8 3 9 8 11 9 11 7 13
< RES 1637333230 10 2
> REQ 1637333230 11 2
> VAMPIRE 1 1 2 3 0 3 0
> VAMPIRE 2 12 1 3 0 3 0
> VAMPIRE 3 13 13 3 1 3 0
> VAMPIRE 4 1 13 3 1 3 0
> GRENADE 1 3 3 3 3
> GRENADE 2 11 3 3 3
> BAT1 8 1 9 1 10 1 7 3 1 4 1 5 6 5 8 5 1 6 5 6 9 6 3 7 11 7 5 8 9 8 13 8 6 9 8 9 13 9 13 10 7 11 13 11 3 13 4 13 5 13 6 13
> BAT2 3 1 4 1 5 1 6 1 8 3 9 3 13 3 13 4 3 5 7 5 13 5 3 6 13 6 5 7 9 7 1 8 11 8 1 9 7 9 11 9 1 10 1 11 5 11 6 11 8 13 9 13 10 13 11 13
> BAT3 7 1 5 3 6 3 11 5 11 6 1 7 7 7 13 7 3 8 3 9 8 11 9 11 7 13
< RES 1637333230 11 2
> REQ 1637333230 12 2
> VAMPIRE 1 1 2 3 0 3 0
> VAMPIRE 2 12 1 3 0 3 0
> VAMPIRE 3 13 13 3 1 3 0
> VAMPIRE 4 1 13 3 1 3 0
> GRENADE 1 3 3 2 3
> GRENADE 2 11 3 2 3
> BAT1 8 1 9 1 10 1 7 3 1 4 1 5 6 5 8 5 1 6 5 6 9 6 3 7 11 7 5 8 9 8 13 8 6 9 8 9 13 9 13 10 7 11 13 11 3 13 4 13 5 13 6 13
> BAT2 3 1 4 1 5 1 6 1 8 3 9 3 13 3 13 4 3 5 7 5 13 5 3 6 13 6 5 7 9 7 1 8 11 8 1 9 7 9 11 9 1 10 1 11 5 11 6 11 8 13 9 13 10 13 11 13
> BAT3 7 1 5 3 6 3 11 5 11 6 1 7 7 7 13 7 3 8 3 9 8 11 9 11 7 13
< RES 1637333230 12 2
> REQ 1637333230 13 2
> VAMPIRE 1 1 2 3 0 3 0
> VAMPIRE 2 12 1 3 0 3 0
> VAMPIRE 3 13 13 3 1 3 0
> VAMPIRE 4 1 13 3 1 3 0
> GRENADE 1 3 3 1 3
> GRENADE 2 11 3 1 3
> BAT1 8 1 9 1 10 1 7 3 1 4 1 5 6 5 8 5 1 6 5 6 9 6 3 7 11 7 5 8 9 8 13 8 6 9 8 9 13 9 13 10 7 11 13 11 3 13 4 13 5 13 6 13
> BAT2 3 1 4 1 5 1 6 1 8 3 9 3 13 3 13 4 3 5 7 5 13 5 3 6 13 6 5 7 9 7 1 8 11 8 1 9 7 9 11 9 1 10 1 11 5 11 6 11 8 13 9 13 10 13 11 13
> BAT3 7 1 5 3 6 3 11 5 11 6 1 7 7 7 13 7 3 8 3 9 8 11 9 11 7 13
< RES 1637333230 13 2
< MOVE U R
> REQ 1637333230 14 2
> VAMPIRE 1 2 3 3 1 3 0
> VAMPIRE 2 11 2 3 1 3 0
> VAMPIRE 3 13 13 3 1 3 0
> VAMPIRE 4 1 13 3 1 3 0
> BAT1 8 1 9 1 10 1 7 3 1 4 1 5 6 5 8 5 1 6 5 6 9 6 3 7 11 7 5 8 9 8 13 8 6 9 8 9 13 9 13 10 7 11 13 11 3 13 4 13 5 13 6 13 3 1 9 3 13 3 3 5
> BAT2 4 1 5 1 6 1 8 3 13 4 7 5 13 5 3 6 13 6 5 7 9 7 1 8 11 8 1 9 7 9 11 9 1 10 1 11 5 11 6 11 8 13 9 13 10 13 11 13 5 3 11 5
> BAT3 7 1 6 3 11 6 1 7 7 7 13 7 3 8 3 9 8 11 9 11 7 13
< RES 1637333230 14 2
< MOVE R U
> REQ 1637333230 15 2
> VAMPIRE 1 3 3 3 1 3 0
> VAMPIRE 2 10 3 3 1 3 0
> VAMPIRE 3 13 13 3 1 3 0
> VAMPIRE 4 1 13 3 1 3 0
> BAT1 8 1 9 1 10 1 7 3 1 4 1 5 6 5 8 5 1 6 5 6 9 6 3 7 11 7 5 8 9 8 13 8 6 9 8 9 13 9 13 10 7 11 13 11 3 13 4 13 5 13 6 13 3 1 9 3 13 3 3 5
> BAT2 4 1 5 1 6 1 8 3 13 4 7 5 13 5 3 6 13 6 5 7 9 7 1 8 11 8 1 9 7 9 11 9 1 10 1 11 5 11 6 11 8 13 9 13 10 13 11 13 5 3 11 5
> BAT3 7 1 6 3 11 6 1 7 7 7 13 7 3 8 3 9 8 11 9 11 7 13
< RES 1637333230 15 2
< GRENADE
< MOVE D L
> REQ 1637333230 16 2
> VAMPIRE 1 1 3 3 0 3 0
> VAMPIRE 2 11 2 3 0 3 0
> VAMPIRE 3 13 13 3 1 3 0
> VAMPIRE 4 1 13 3 1 3 0
> GRENADE 1 3 3 5 3
> GRENADE 2 10 3 5 3
> BAT1 8 1 9 1 10 1 7 3 1 4 1 5 6 5 8 5 1 6 5 6 9 6 3 7 11 7 5 8 9 8 13 8 6 9 8 9 13 9 13 10 7 11 13 11 3 13 4 13 5 13 6 13 3 1 9 3 13 3 3 5
> BAT2 4 1 5 1 6 1 8 3 13 4 7 5 13 5 3 6 13 6 5 7 9 7 1 8 11 8 1 9 7 9 11 9 1 10 1 11 5 11 6 11 8 13 9 13 10 13 11 13 5 3 11 5
> BAT3 7 1 6 3 11 6 1 7 7 7 13 7 3 8 3 9 8 11 9 11 7 13
< RES 1637333230 16 2
< MOVE L
> REQ 1637333230 17 2
> VAMPIRE 1 1 2 3 0 3 0
> VAMPIRE 2 11 1 3 0 3 0
> VAMPIRE 3 13 13 3 1 3 0
> VAMPIRE 4 1 13 3 1 3 0
> GRENADE 1 3 3 4 3
> GRENADE 2 10 3 4 3
> BAT1 8 1 9 1 10 1 7 3 1 4 1 5 6 5 8 5 1 6 5 6 9 6 3 7 11 7 5 8 9 8 13 8 6 9 8 9 13 9 13 10 7 11 13 11 3 13 4 13 5 13 6 13 3 1 9 3 13 3 3 5
> BAT2 4 1 5 1 6 1 8 3 13 4 7 5 13 5 3 6 13 6 5 7 9 7 1 8 11 8 1 9 7 9 11 9 1 10 1 11 5 11 6 11 8 13 9 13 10 13 11 13 5 3 11 5
> BAT3 7 1 6 3 11 6 1 7 7 7 13 7 3 8 3 9 8 11 9 11 7 13
< RES 1637333230 17 2
> REQ 1637333230 18 2
> VAMPIRE 1 1 2 3 0 3 0
> VAMPIRE 2 11 1 3 0 3 0
> VAMPIRE 3 13 13 3 1 3 0
> VAMPIRE 4 1 13 3 1 3 0
> GRENADE 1 3 3 3 3
> GRENADE 2 10 3 3 3
> BAT1 8 1 9 1 10 1 7 3 1 4 1 5 6 5 8 5 1 6 5 6 9 6 3 7 11 7 5 8 9 8 13 8 6 9 8 9 13 9 13 10 7 11 13 11 3 13 4 13 5 13 6 13 3 1 9 3 13 3 3 5
> BAT2 4 1 5 1 6 1 8 3 13 4 7 5 13 5 3 6 13 6 5 7 9 7 1 8 11 8 1 9 7 9 11 9 1 10 1 11 5 11 6 11 8 13 9 13 10 13 11 13 5 3 11 5
> BAT3 7 1 6 3 11 6 1 7 7 7 13 7 3 8 3 9 8 11 9 11 7 13
< RES 1637333230 18 2
> REQ 1637333230 19 2
> VAMPIRE 1 1 2 3 0 3 0
> VAMPIRE 2 11 1 3 0 3 0
> VAMPIRE 3 13 13 3 1 3 0
> VAMPIRE 4 1 13 3 1 3 0
> GRENADE 1 3 3 2 3
> GRENADE 2 10 3 2 3
> BAT1 8 1 9 1 10 1 7 3 1 4 1 5 6 5 8 5 1 6 5 6 9 6 3 7 11 7 5 8 9 8 13 8 6 9 8 9 13 9 13 10 7 11 13 11 3 13 4 13 5 13 6 13 3 1 9 3 13 3 3 5
> BAT2 4 1 5 1 6 1 8 3 13 4 7 5 13 5 3 6 13 6 5 7 9 7 1 8 11 8 1 9 7 9 11 9 1 10 1 11 5 11 6 11 8 13 9 13 10 13 11 13 5 3 11 5
> BAT3 7 1 6 3 11 6 1 7 7 7 13 7 3 8 3 9 8 11 9 11 7 13
< RES 1637333230 19 2
> REQ 1637333230 20 2
> VAMPIRE 1 1 2 3 0 3 0
> VAMPIRE 2 11 1 3 0 3 0
> VAMPIRE 3 13 13 3 1 3 0
> VAMPIRE 4 1 13 3 1 3 0
> GRENADE 1 3 3 1 3
> GRENADE 2 10 3 1 3
> BAT1 8 1 9 1 10 1 7 3 1 4 1 5 6 5 8 5 1 6 5 6 9 6 3 7 11 7 5 8 9 8 13 8 6 9 8 9 13 9 13 10 7 11 13 11 3 13 4 13 5 13 6 13 3 1 9 3 13 3 3 5
> BAT2 4 1 5 1 6 1 8 3 13 4 7 5 13 5 3 6 13 6 5 7 9 7 1 8 11 8 1 9 7 9 11 9 1 10 1 11 5 11 6 11 8 13 9 13 10 13 11 13 5 3 11 5
> BAT3 7 1 6 3 11 6 1 7 7 7 13 7 3 8 3 9 8 11 9 11 7 13
< RES 1637333230 20 2
< MOVE R R
> REQ 1637333230 21 2
> VAMPIRE 1 1 3 3 1 3 0
> VAMPIRE 2 11 3 3 1 3 0
> VAMPIRE 3 13 13 3 1 3 0
> VAMPIRE 4 1 13 3 1 3 0
> BAT1 8 1 9 1 10 1 7 3 1 4 1 5 6 5 8 5 1 6 5 6 9 6 3 7 11 7 5 8 9 8 13 8 6 9 8 9 13 9 13 10 7 11 13 11 3 13 4 13 5 13 6 13 5 3
> BAT2 4 1 5 1 6 1 8 3 13 4 7 5 13 5 3 6 13 6 5 7 9 7 1 8 11 8 1 9 7 9 11 9 1 10 1 11 5 11 6 11 8 13 9 13 10 13 11 13 11 5
> BAT3 7 1 6 3 11 6 1 7 7 7 13 7 3 8 3 9 8 11 9 11 7 13
< RES 1637333230 21 2
< GRENADE
> REQ 1637333230 22 2
> VAMPIRE 1 3 3 3 1 3 0
> VAMPIRE 2 11 3 3 0 3 0
> VAMPIRE 3 13 13 3 1 3 0
> VAMPIRE 4 1 13 3 1 3 0
> GRENADE 2 11 3 5 3
> BAT1 8 1 9 1 10 1 7 3 1 4 1 5 6 5 8 5 1 6 5 6 9 6 3 7 11 7 5 8 9 8 13 8 6 9 8 9 13 9 13 10 7 11 13 11 3 13 4 13 5 13 6 13 5 3
> BAT2 4 1 5 1 6 1 8 3 13 4 7 5 13 5 3 6 13 6 5 7 9 7 1 8 11 8 1 9 7 9 11 9 1 10 1 11 5 11 6 11 8 13 9 13 10 13 11 13 11 5
> BAT3 7 1 6 3 11 6 1 7 7 7 13 7 3 8 3 9 8 11 9 11 7 13
< RES 1637333230 22 2
< THROW XU 2
< MOVE L L
> REQ 1637333230 23 2
> VAMPIRE 1 3 3 3 0 3 0
> VAMPIRE 2 11 1 3 0 3 0
> VAMPIRE 3 13 13 3 1 3 0
> VAMPIRE 4 1 13 3 1 3 0
> GRENADE 2 9 3 4 3
> GRENADE 1 3 3 5 3
> BAT1 8 1 9 1 10 1 7 3 1 4 1 5 6 5 8 5 1 6 5 6 9 6 3 7 11 7 5 8 9 8 13 8 6 9 8 9 13 9 13 10 7 11 13 11 3 13 4 13 5 13 6 13 5 3
> BAT2 4 1 5 1 6 1 8 3 13 4 7 5 13 5 3 6 13 6 5 7 9 7 1 8 11 8 1 9 7 9 11 9 1 10 1 11 5 11 6 11 8 13 9 13 10 13 11 13 11 5
> BAT3 7 1 6 3 11 6 1 7 7 7 13 7 3 8 3 9 8 11 9 11 7 13
< RES 1637333230 23 2
> REQ 1637333230 24 2
> VAMPIRE 1 1 3 3 0 3 0
> VAMPIRE 2 11 1 3 0 3 0
> VAMPIRE 3 13 13 3 1 3 0
> VAMPIRE 4 1 13 3 1 3 0
> GRENADE 2 9 3 3 3
> GRENADE 1 3 5 4 3
> BAT1 8 1 9 1 10 1 7 3 1 4 1 5 6 5 8 5 1 6 5 6 9 6 3 7 11 7 5 8 9 8 13 8 6 9 8 9 13 9 13 10 7 11 13 11 3 13 4 13 5 13 6 13 5 3
> BAT2 4 1 5 1 6 1 8 3 13 4 7 5 13 5 3 6 13 6 5 7 9 7 1 8 11 8 1 9 7 9 11 9 1 10 1 11 5 11 6 11 8 13 9 13 10 13 11 13 11 5
> BAT3 7 1 6 3 11 6 1 7 7 7 13 7 3 8 3 9 8 11 9 11 7 13
< RES 1637333230 24 2
> REQ 1637333230 25 2
> VAMPIRE 1 1 3 3 0 3 0
> VAMPIRE 2 11 1 3 0 3 0
> VAMPIRE 3 13 13 3 1 3 0
> VAMPIRE 4 1 13 3 1 3 0
> GRENADE 2 9 3 2 3
> GRENADE 1 3 5 3 3
> BAT1 8 1 9 1 10 1 7 3 1 4 1 5 6 5 8 5 1 6 5 6 9 6 3 7 11 7 5 8 9 8 13 8 6 9 8 9 13 9 13 10 7 11 13 11 3 13 4 13 5 13 6 13 5 3
> BAT2 4 1 5 1 6 1 8 3 13 4 7 5 13 5 3 6 13 6 5 7 9 7 1 8 11 8 1 9 7 9 11 9 1 10 1 11 5 11 6 11 8 13 9 13 10 13 11 13 11 5
> BAT3 7 1 6 3 11 6 1 7 7 7 13 7 3 8 3 9 8 11 9 11 7 13
< RES 1637333230 25 2
> REQ 1637333230 26 2
> VAMPIRE 1 1 3 3 0 3 0
> VAMPIRE 2 11 1 3 0 3 0
> VAMPIRE 3 13 13 3 1 3 0
> VAMPIRE 4 1 13 3 1 3 0
> GRENADE 2 9 3 1 3
> GRENADE 1 3 5 2 3
> BAT1 8 1 9 1 10 1 7 3 1 4 1 5 6 5 8 5 1 6 5 6 9 6 3 7 11 7 5 8 9 8 13 8 6 9 8 9 13 9 13 10 7 11 13 11 3 13 4 13 5 13 6 13 5 3
> BAT2 4 1 5 1 6 1 8 3 13 4 7 5 13 5 3 6 13 6 5 7 9 7 1 8 11 8 1 9 7 9 11 9 1 10 1 11 5 11 6 11 8 13 9 13 10 13 11 13 11 5
> BAT3 7 1 6 3 11 6 1 7 7 7 13 7 3 8 3 9 8 11 9 11 7 13
< RES 1637333230 26 2
< MOVE R R
> REQ 1637333230 27 2
> VAMPIRE 1 1 3 3 0 3 0
> VAMPIRE 2 11 3 3 1 3 0
> VAMPIRE 3 13 13 3 1 3 0
> VAMPIRE 4 1 13 3 1 3 0
> GRENADE 1 3 5 1 3
> BAT1 8 1 10 1 7 3 1 4 1 5 6 5 8 5 1 6 5 6 3 7 11 7 5 8 9 8 13 8 6 9 8 9 13 9 13 10 7 11 13 11 3 13 4 13 5 13 6 13 8 3 5 3
> BAT2 4 1 5 1 6 1 13 4 7 5 13 5 3 6 13 6 5 7 9 7 1 8 11 8 1 9 7 9 11 9 1 10 1 11 5 11 6 11 8 13 9 13 10 13 11 13 11 5
> BAT3 7 1 6 3 11 6 1 7 7 7 13 7 3 8 3 9 8 11 9 11 7 13
< RES 1637333230 27 2
< GRENADE
< MOVE U U
> REQ 1637333230 28 2
> VAMPIRE 1 3 3 3 1 3 0
> VAMPIRE 2 9 3 3 0 3 0
> VAMPIRE 3 13 13 3 1 3 0
> VAMPIRE 4 1 13 3 1 3 0
> GRENADE 2 11 3 5 3
> BAT1 8 1 10 1 7 3 1 4 8 5 1 6 5 6 3 7 11 7 5 8 9 8 13 8 6 9 8 9 13 9 13 10 7 11 13 11 3 13 4 13 5 13 6 13 8 3 3 6 5 3
> BAT2 4 1 5 1 6 1 13 4 7 5 13 5 13 6 5 7 9 7 1 8 11 8 1 9 7 9 11 9 1 10 1 11 5 11 6 11 8 13 9 13 10 13 11 13 11 5
> BAT3 7 1 6 3 11 6 1 7 7 7 13 7 3 8 3 9 8 11 9 11 7 13
< RES 1637333230 28 2
< MOVE R R
> REQ 1637333230 29 2
> VAMPIRE 1 3 5 3 0 3 0
> VAMPIRE 2 9 5 3 0 3 0
> VAMPIRE 3 13 13 3 1 3 0
> VAMPIRE 4 1 13 3 1 3 0
> GRENADE 2 11 3 4 3
> GRENADE 1 3 3 5 3
> BAT1 8 1 10 1 7 3 1 4 8 5 1 6 5 6 3 7 11 7 5 8 9 8 13 8 6 9 8 9 13 9 13 10 7 11 13 11 3 13 4 13 5 13 6 13 8 3 3 6 5 3
> BAT2 4 1 5 1 6 1 13 4 7 5 13 5 13 6 5 7 9 7 1 8 11 8 1 9 7 9 11 9 1 10 1 11 5 11 6 11 8 13 9 13 10 13 11 13 11 5
> BAT3 7 1 6 3 11 6 1 7 7 7 13 7 3 8 3 9 8 11 9 11 7 13
< RES 1637333230 29 2
> REQ 1637333230 30 2
> VAMPIRE 1 5 5 3 0 3 0
> VAMPIRE 2 9 5 3 0 3 0
> VAMPIRE 3 13 13 3 1 3 0
> VAMPIRE 4 1 13 3 1 3 0
> GRENADE 2 11 3 3 3
> GRENADE 1 3 3 4 3
> BAT1 8 1 10 1 7 3 1 4 8 5 1 6 5 6 3 7 11 7 5 8 9 8 13 8 6 9 8 9 13 9 13 10 7 11 13 11 3 13 4 13 5 13 6 13 8 3 3 6 5 3
> BAT2 4 1 5 1 6 1 13 4 7 5 13 5 13 6 5 7 9 7 1 8 11 8 1 9 7 9 11 9 1 10 1 11 5 11 6 11 8 13 9 13 10 13 11 13 11 5
> BAT3 7 1 6 3 11 6 1 7 7 7 13 7 3 8 3 9 8 11 9 11 7 13
< RES 1637333230 30 2
> REQ 1637333230 31 2
> VAMPIRE 1 5 5 3 0 3 0
> VAMPIRE 2 9 5 3 0 3 0
> VAMPIRE 3 13 13 3 1 3 0
> VAMPIRE 4 1 13 3 1 3 0
> GRENADE 2 11 3 2 3
> GRENADE 1 3 3 3 3
> BAT1 8 1 10 1 7 3 1 4 8 5 1 6 5 6 3 7 11 7 5 8 9 8 13 8 6 9 8 9 13 9 13 10 7 11 13 11 3 13 4 13 5 13 6 13 8 3 3 6 5 3
> BAT2 4 1 5 1 6 1 13 4 7 5 13 5 13 6 5 7 9 7 1 8 11 8 1 9 7 9 11 9 1 10 1 11 5 11 6 11 8 13 9 13 10 13 11 13 11 5
> BAT3 7 1 6 3 11 6 1 7 7 7 13 7 3 8 3 9 8 11 9 11 7 13
< RES 1637333230 31 2
> REQ 1637333230 32 2
> VAMPIRE 1 5 5 3 0 3 0
> VAMPIRE 2 9 5 3 0 3 0
> VAMPIRE 3 13 13 3 1 3 0
> VAMPIRE 4 1 13 3 1 3 0
> GRENADE 2 11 3 1 3
> GRENADE 1 3 3 2 3
> BAT1 8 1 10 1 7 3 1 4 8 5 1 6 5 6 3 7 11 7 5 8 9 8 13 8 6 9 8 9 13 9 13 10 7 11 13 11 3 13 4 13 5 13 6 13 8 3 3 6 5 3
> BAT2 4 1 5 1 6 1 13 4 7 5 13 5 13 6 5 7 9 7 1 8 11 8 1 9 7 9 11 9 1 10 1 11 5 11 6 11 8 13 9 13 10 13 11 13 11 5
> BAT3 7 1 6 3 11 6 1 7 7 7 13 7 3 8 3 9 8 11 9 11 7 13
< RES 1637333230 32 2
> REQ 1637333230 33 2
> VAMPIRE 1 5 5 3 0 3 0
> VAMPIRE 2 9 5 3 1 3 0
> VAMPIRE 3 13 13 3 1 3 0
> VAMPIRE 4 1 13 3 1 3 0
> GRENADE 1 3 3 1 3
> BAT1 8 1 10 1 7 3 1 4 8 5 1 6 5 6 3 7 11 7 5 8 9 8 13 8 6 9 8 9 13 9 13 10 7 11 13 11 3 13 4 13 5 13 6 13 3 6 5 3 11 5
> BAT2 4 1 5 1 6 1 13 4 7 5 13 5 13 6 5 7 9 7 1 8 11 8 1 9 7 9 11 9 1 10 1 11 5 11 6 11 8 13 9 13 10 13 11 13
> BAT3 7 1 6 3 11 6 1 7 7 7 13 7 3 8 3 9 8 11 9 11 7 13
< RES 1637333230 33 2
< GRENADE
> REQ 1637333230 34 2
> VAMPIRE 1 5 5 3 1 3 0
> VAMPIRE 2 9 5 3 0 3 0
> VAMPIRE 3 13 13 3 1 3 0
> VAMPIRE 4 1 13 3 1 3 0
> GRENADE 2 9 5 5 3
> BAT1 8 1 10 1 7 3 1 4 8 5 1 6 5 6 3 7 11 7 5 8 9 8 13 8 6 9 8 9 13 9 13 10 7 11 13 11 3 13 4 13 5 13 6 13 11 5
> BAT2 4 1 5 1 6 1 13 4 7 5 13 5 13 6 5 7 9 7 1 8 11 8 1 9 7 9 11 9 1 10 1 11 5 11 6 11 8 13 9 13 10 13 11 13
> BAT3 7 1 6 3 11 6 1 7 7 7 13 7 3 8 3 9 8 11 9 11 7 13
< RES 1637333230 34 2
< THROW XR 4
> REQ 1637333230 35 2
> VAMPIRE 1 5 5 3 0 3 0
> VAMPIRE 2 9 5 3 0 3 0
> VAMPIRE 3 13 13 3 1 3 0
> VAMPIRE 4 1 13 3 1 3 0
> GRENADE 2 9 9 4 3
> GRENADE 1 5 5 5 3
> BAT1 8 1 10 1 7 3 1 4 8 5 1 6 5 6 3 7 11 7 5 8 9 8 13 8 6 9 8 9 13 9 13 10 7 11 13 11 3 13 4 13 5 13 6 13 11 5
> BAT2 4 1 5 1 6 1 13 4 7 5 13 5 13 6 5 7 9 7 1 8 11 8 1 9 7 9 11 9 1 10 1 11 5 11 6 11 8 13 9 13 10 13 11 13
> BAT3 7 1 6 3 11 6 1 7 7 7 13 7 3 8 3 9 8 11 9 11 7 13
< RES 1637333230 35 2
< MOVE L L
> REQ 1637333230 36 2
> VAMPIRE 1 3 5 3 0 3 0
> VAMPIRE 2 9 3 3 0 3 0
> VAMPIRE 3 13 13 3 1 3 0
> VAMPIRE 4 1 13 3 1 3 0
> GRENADE 2 9 9 3 3
> GRENADE 1 5 9 4 3
> BAT1 8 1 10 1 7 3 1 4 8 5 1 6 5 6 3 7 11 7 5 8 9 8 13 8 6 9 8 9 13 9 13 10 7 11 13 11 3 13 4 13 5 13 6 13 11 5
> BAT2 4 1 5 1 6 1 13 4 7 5 13 5 13 6 5 7 9 7 1 8 11 8 1 9 7 9 11 9 1 10 1 11 5 11 6 11 8 13 9 13 10 13 11 13
> BAT3 7 1 6 3 11 6 1 7 7 7 13 7 3 8 3 9 8 11 9 11 7 13
< RES 1637333230 36 2
> REQ 1637333230 37 2
> VAMPIRE 1 3 5 3 0 3 0
> VAMPIRE 2 9 3 3 0 3 0
> VAMPIRE 3 13 13 3 1 3 0
> VAMPIRE 4 1 13 3 1 3 0
> GRENADE 2 9 9 2 3
> GRENADE 1 5 9 3 3
> BAT1 8 1 10 1 7 3 1 4 8 5 1 6 5 6 3 7 11 7 5 8 9 8 13 8 6 9 8 9 13 9 13 10 7 11 13 11 3 13 4 13 5 13 6 13 11 5
> BAT2 4 1 5 1 6 1 13 4 7 5 13 5 13 6 5 7 9 7 1 8 11 8 1 9 7 9 11 9 1 10 1 11 5 11 6 11 8 13 9 13 10 13 11 13
> BAT3 7 1 6 3 11 6 1 7 7 7 13 7 3 8 3 9 8 11 9 11 7 13
< RES 1637333230 37 2
> REQ 1637333230 38 2
> VAMPIRE 1 3 5 3 0 3 0
> VAMPIRE 2 9 3 3 0 3 0
> VAMPIRE 3 13 13 3 1 3 0
> VAMPIRE 4 1 13 3 1 3 0
> GRENADE 2 9 9 1 3
> GRENADE 1 5 9 2 3
> BAT1 8 1 10 1 7 3 1 4 8 5 1 6 5 6 3 7 11 7 5 8 9 8 13 8 6 9 8 9 13 9 13 10 7 11 13 11 3 13 4 13 5 13 6 13 11 5
> BAT2 4 1 5 1 6 1 13 4 7 5 13 5 13 6 5 7 9 7 1 8 11 8 1 9 7 9 11 9 1 10 1 11 5 11 6 11 8 13 9 13 10 13 11 13
> BAT3 7 1 6 3 11 6 1 7 7 7 13 7 3 8 3 9 8 11 9 11 7 13
< RES 1637333230 38 2
< MOVE R R
> REQ 1637333230 39 2
> VAMPIRE 1 5 5 3 0 3 0
> VAMPIRE 2 9 5 3 1 3 0
> VAMPIRE 3 13 13 3 1 3 0
> VAMPIRE 4 1 13 3 1 3 0
> GRENADE 1 5 9 1 3
> BAT1 8 1 10 1 7 3 1 4 8 5 1 6 5 6 3 7 11 7 5 8 13 8 6 9 13 9 13 10 7 11 13 11 3 13 4 13 5 13 6 13 11 9 11 5
> BAT2 4 1 5 1 6 1 13 4 7 5 13 5 13 6 5 7 9 7 1 8 11 8 1 9 7 9 1 10 1 11 5 11 6 11 8 13 9 13 10 13 11 13 9 11
> BAT3 7 1 6 3 11 6 1 7 7 7 13 7 3 8 3 9 8 11 7 13
< RES 1637333230 39 2
< GRENADE
> REQ 1637333230 40 2
> VAMPIRE 1 5 5 3 1 3 0
> VAMPIRE 2 9 5 3 0 3 0
> VAMPIRE 3 13 13 3 1 3 0
> VAMPIRE 4 1 13 3 1 3 0
> GRENADE 2 9 5 5 3
> BAT1 8 1 10 1 7 3 1 4 8 5 1 6 5 6 3 7 11 7 13 8 13 9 13 10 7 11 13 11 3 13 4 13 5 13 6 13 11 9 5 11 11 5
> BAT2 4 1 5 1 6 1 13 4 7 5 13 5 13 6 5 7 9 7 1 8 11 8 1 9 7 9 1 10 1 11 6 11 8 13 9 13 10 13 11 13 3 9 9 11
> BAT3 7 1 6 3 11 6 1 7 7 7 13 7 3 8 8 11 7 13
< RES 1637333230 40 2
< THROW XR 4
> REQ 1637333230 41 2
> VAMPIRE 1 5 5 3 0 3 0
> VAMPIRE 2 9 5 3 0 3 0
> VAMPIRE 3 13 13 3 1 3 0
> VAMPIRE 4 1 13 3 1 3 0
> GRENADE 2 9 9 4 3
> GRENADE 1 5 5 5 3
> BAT1 8 1 10 1 7 3 1 4 8 5 1 6 5 6 3 7 11 7 13 8 13 9 13 10 7 11 13 11 3 13 4 13 5 13 6 13 11 9 5 11 11 5
> BAT2 4 1 5 1 6 1 13 4 7 5 13 5 13 6 5 7 9 7 1 8 11 8 1 9 7 9 1 10 1 11 6 11 8 13 9 13 10 13 11 13 3 9 9 11
> BAT3 7 1 6 3 11 6 1 7 7 7 13 7 3 8 8 11 7 13
< RES 1637333230 41 2
< MOVE L L
> REQ 1637333230 42 2
> VAMPIRE 1 3 5 3 0 3 0
> VAMPIRE 2 9 3 3 0 3 0
> VAMPIRE 3 13 13 3 1 3 0
> VAMPIRE 4 1 13 3 1 3 0
> GRENADE 2 9 9 3 3
> GRENADE 1 5 9 4 3
> BAT1 8 1 10 1 7 3 1 4 8 5 1 6 5 6 3 7 11 7 13 8 13 9 13 10 7 11 13 11 3 13 4 13 5 13 6 13 11 9 5 11 11 5
> BAT2 4 1 5 1 6 1 13 4 7 5 13 5 13 6 5 7 9 7 1 8 11 8 1 9 7 9 1 10 1 11 6 11 8 13 9 13 10 13 11 13 3 9 9 11
> BAT3 7 1 6 3 11 6 1 7 7 7 13 7 3 8 8 11 7 13
< RES 1637333230 42 2
> REQ 1637333230 43 2
> VAMPIRE 1 3 5 3 0 3 0
> VAMPIRE 2 9 3 3 0 3 0
> VAMPIRE 3 13 13 3 1 3 0
> VAMPIRE 4 1 13 3 1 3 0
> GRENADE 2 9 9 2 3
> GRENADE 1 5 9 3 3
> BAT1 8 1 10 1 7 3 1 4 8 5 1 6 5 6 3 7 11 7 13 8 13 9 13 10 7 11 13 11 3 13 4 13 5 13 6 13 11 9 5 11 11 5
> BAT2 4 1 5 1 6 1 13 4 7 5 13 5 13 6 5 7 9 7 1 8 11 8 1 9 7 9 1 10 1 11 6 11 8 13 9 13 10 13 11 13 3 9 9 11
> BAT3 7 1 6 3 11 6 1 7 7 7 13 7 3 8 8 11 7 13
< RES 1637333230 43 2
< MOVE R R
> REQ 1637333230 44 2
> VAMPIRE 1 3 5 3 0 3 0
> VAMPIRE 2 9 5 3 0 3 0
> VAMPIRE 3 13 13 3 1 3 0
> VAMPIRE 4 1 13 3 1 3 0
> GRENADE 2 9 9 1 3
> GRENADE 1 5 9 2 3
> BAT1 8 1 10 1 7 3 1 4 8 5 1 6 5 6 3 7 11 7 13 8 13 9 13 10 7 11 13 11 3 13 4 13 5 13 6 13 11 9 5 11 11 5
> BAT2 4 1 5 1 6 1 13 4 7 5 13 5 13 6 5 7 9 7 1 8 11 8 1 9 7 9 1 10 1 11 6 11 8 13 9 13 10 13 11 13 3 9 9 11
> BAT3 7 1 6 3 11 6 1 7 7 7 13 7 3 8 8 11 7 13
< RES 1637333230 44 2
> REQ 1637333230 45 2
> VAMPIRE 1 5 5 3 0 3 0
> VAMPIRE 2 9 5 3 1 3 0
> VAMPIRE 3 13 13 3 1 3 0
> VAMPIRE 4 1 13 3 1 3 0
> GRENADE 1 5 9 1 3
> BAT1 8 1 10 1 7 3 1 4 8 5 1 6 5 6 3 7 11 7 13 8 13 9 13 10 7 11 13 11 3 13 4 13 5 13 6 13 9 7 7 9 5 11 11 5 9 11
> BAT2 4 1 5 1 6 1 13 4 7 5 13 5 13 6 5 7 1 8 11 8 1 9 1 10 1 11 6 11 8 13 9 13 10 13 11 13 3 9
> BAT3 7 1 6 3 11 6 1 7 7 7 13 7 3 8 8 11 7 13
< RES 1637333230 45 2
< GRENADE
< MOVE L L
> REQ 1637333230 46 2
> VAMPIRE 1 5 3 3 1 3 0
> VAMPIRE 2 9 3 3 0 3 0
> VAMPIRE 3 13 13 3 1 3 0
> VAMPIRE 4 1 13 3 1 3 0
> GRENADE 2 9 5 5 3
> BAT1 8 1 10 1 7 3 1 4 8 5 1 6 5 6 3 7 11 7 13 8 13 9 13 10 7 11 13 11 3 13 4 13 5 13 6 13 5 7 9 7 11 5 3 9 9 11
> BAT2 4 1 5 1 6 1 13 4 7 5 13 5 13 6 1 8 11 8 1 9 1 10 1 11 6 11 8 13 9 13 10 13 11 13
> BAT3 7 1 6 3 11 6 1 7 7 7 13 7 3 8 8 11 7 13
< RES 1637333230 46 2
< MOVE D D
> REQ 1637333230 47 2
> VAMPIRE 1 5 3 3 0 3 0
> VAMPIRE 2 11 3 3 0 3 0
> VAMPIRE 3 13 12 3 1 3 0
> VAMPIRE 4 1 13 3 1 3 0
> GRENADE 2 9 5 4 3
> GRENADE 1 5 3 5 3
> BAT1 8 1 10 1 7 3 1 4 8 5 1 6 5 6 3 7 11 7 13 8 13 9 13 10 7 11 13 11 3 13 4 13 5 13 6 13 5 7 9 7 11 5 3 9 9 11
> BAT2 4 1 5 1 6 1 13 4 7 5 13 5 13 6 1 8 11 8 1 9 1 10 1 11 6 11 8 13 9 13 10 13 11 13
> BAT3 7 1 6 3 11 6 1 7 7 7 13 7 3 8 8 11 7 13
< RES 1637333230 47 2
> REQ 1637333230 48 2
> VAMPIRE 1 5 5 3 0 3 0
> VAMPIRE 2 11 3 3 0 3 0
> VAMPIRE 3 12 13 3 0 3 0
> VAMPIRE 4 1 13 3 1 3 0
> GRENADE 2 9 5 3 3
> GRENADE 1 9 3 4 3
> GRENADE 3 13 12 5 3
> BAT1 8 1 10 1 7 3 1 4 8 5 1 6 5 6 3 7 11 7 13 8 13 9 13 10 7 11 13 11 3 13 4 13 5 13 6 13 5 7 9 7 11 5 3 9 9 11
> BAT2 4 1 5 1 6 1 13 4 7 5 13 5 13 6 1 8 11 8 1 9 1 10 1 11 6 11 8 13 9 13 10 13 11 13
> BAT3 7 1 6 3 11 6 1 7 7 7 13 7 3 8 8 11 7 13
< RES 1637333230 48 2
< MOVE D D
> REQ 1637333230 49 2
> VAMPIRE 1 3 5 3 0 3 0
> VAMPIRE 2 13 3 3 0 3 0
> VAMPIRE 3 12 13 3 0 3 0
> VAMPIRE 4 1 13 3 1 3 0
> GRENADE 2 9 5 2 3
> GRENADE 1 9 3 3 3
> GRENADE 3 13 12 4 3
> BAT1 8 1 10 1 7 3 1 4 8 5 1 6 5 6 3 7 11 7 13 8 13 9 13 10 7 11 13 11 3 13 4 13 5 13 6 13 5 7 9 7 11 5 3 9 9 11
> BAT2 4 1 5 1 6 1 13 4 7 5 13 5 13 6 1 8 11 8 1 9 1 10 1 11 6 11 8 13 9 13 10 13 11 13
> BAT3 7 1 6 3 11 6 1 7 7 7 13 7 3 8 8 11 7 13
< RES 1637333230 49 2
> REQ 1637333230 50 2
> VAMPIRE 1 5 5 3 0 3 0
> VAMPIRE 2 13 3 3 0 3 0
> VAMPIRE 3 12 13 3 0 3 0
> VAMPIRE 4 1 13 3 1 3 0
> GRENADE 2 9 5 1 3
> GRENADE 1 9 3 2 3
> GRENADE 3 13 12 3 3
> BAT1 8 1 10 1 7 3 1 4 8 5 1 6 5 6 3 7 11 7 13 8 13 9 13 10 7 11 13 11 3 13 4 13 5 13 6 13 5 7 9 7 11 5 3 9 9 11
> BAT2 4 1 5 1 6 1 13 4 7 5 13 5 13 6 1 8 11 8 1 9 1 10 1 11 6 11 8 13 9 13 10 13 11 13
> BAT3 7 1 6 3 11 6 1 7 7 7 13 7 3 8 8 11 7 13
< RES 1637333230 50 2
< MOVE L L
> REQ 1637333230 51 2
> VAMPIRE 1 5 3 3 1 3 0
> VAMPIRE 2 13 1 3 1 3 0
> VAMPIRE 3 12 13 3 0 3 0
> VAMPIRE 4 1 13 3 1 3 0
> GRENADE 3 13 12 2 3
> BAT1 8 1 10 1 1 4 1 6 5 6 3 7 11 7 13 8 13 9 13 10 7 11 13 11 3 13 4 13 5 13 6 13 5 7 3 9 9 11
> BAT2 4 1 5 1 6 1 13 4 7 5 13 5 13 6 1 8 11 8 1 9 1 10 1 11 6 11 8 13 9 13 10 13 11 13
> BAT3 7 1 6 3 11 6 1 7 7 7 13 7 3 8 8 11 7 13
< RES 1637333230 51 2
< GRENADE
> REQ 1637333230 52 2
> VAMPIRE 1 3 3 3 0 3 0
> VAMPIRE 2 13 1 3 0 3 0
> VAMPIRE 3 12 13 3 0 3 0
> VAMPIRE 4 1 13 3 1 3 0
> GRENADE 3 13 12 1 3
> GRENADE 1 5 3 5 3
> GRENADE 2 13 1 5 3
> BAT1 8 1 10 1 1 4 1 6 5 6 3 7 11 7 13 8 13 9 13 10 7 11 13 11 3 13 4 13 5 13 6 13 5 7 3 9 9 11
> BAT2 4 1 5 1 6 1 13 4 7 5 13 5 13 6 1 8 11 8 1 9 1 10 1 11 6 11 8 13 9 13 10 13 11 13
> BAT3 7 1 6 3 11 6 1 7 7 7 13 7 3 8 8 11 7 13
< RES 1637333230 52 2
< THROW XU 4
< MOVE U U
> REQ 1637333230 53 2
> VAMPIRE 1 3 5 3 0 3 0
> VAMPIRE 2 11 1 3 0 3 0
> VAMPIRE 3 13 13 3 1 3 0
> VAMPIRE 4 1 13 3 1 3 0
> GRENADE 1 5 3 4 3
> GRENADE 2 9 1 4 3
> BAT1 8 1 10 1 1 4 1 6 5 6 3 7 11 7 13 8 13 9 13 10 7 11 3 13 4 13 5 13 6 13 5 7 3 9 9 11
> BAT2 4 1 5 1 6 1 13 4 7 5 13 5 13 6 1 8 11 8 1 9 1 10 1 11 6 11 8 13 9 13 10 13 11 13
> BAT3 7 1 6 3 11 6 1 7 7 7 13 7 3 8 8 11 7 13
< RES 1637333230 53 2
< MOVE R R
> REQ 1637333230 54 2
> VAMPIRE 1 3 5 3 0 3 0
> VAMPIRE 2 11 3 3 0 3 0
> VAMPIRE 3 13 11 3 0 3 0
> VAMPIRE 4 1 13 3 1 3 0
> GRENADE 1 5 3 3 3
> GRENADE 2 9 1 3 3
> GRENADE 3 13 13 5 3
> BAT1 8 1 10 1 1 4 1 6 5 6 3 7 11 7 13 8 13 9 13 10 7 11 3 13 4 13 5 13 6 13 5 7 3 9 9 11
> BAT2 4 1 5 1 6 1 13 4 7 5 13 5 13 6 1 8 11 8 1 9 1 10 1 11 6 11 8 13 9 13 10 13 11 13
> BAT3 7 1 6 3 11 6 1 7 7 7 13 7 3 8 8 11 7 13
< RES 1637333230 54 2
< MOVE U
> REQ 1637333230 55 2
> VAMPIRE 1 3 5 3 0 3 0
> VAMPIRE 2 10 3 3 0 3 0
> VAMPIRE 3 11 11 3 0 3 0
> VAMPIRE 4 1 13 3 1 3 0
> GRENADE 1 5 3 2 3
> GRENADE 2 9 1 2 3
> GRENADE 3 13 13 4 3
> BAT1 8 1 10 1 1 4 1 6 5 6 3 7 11 7 13 8 13 9 13 10 7 11 3 13 4 13 5 13 6 13 5 7 3 9 9 11
> BAT2 4 1 5 1 6 1 13 4 7 5 13 5 13 6 1 8 11 8 1 9 1 10 1 11 6 11 8 13 9 13 10 13 11 13
> BAT3 7 1 6 3 11 6 1 7 7 7 13 7 3 8 8 11 7 13
< RES 1637333230 55 2
< MOVE D R
> REQ 1637333230 56 2
> VAMPIRE 1 3 5 3 0 3 0
> VAMPIRE 2 11 4 3 0 3 0
> VAMPIRE 3 11 11 3 0 3 0
> VAMPIRE 4 1 13 3 1 3 0
> GRENADE 1 5 3 1 3
> GRENADE 2 9 1 1 3
> GRENADE 3 13 13 3 3
> BAT1 8 1 10 1 1 4 1 6 5 6 3 7 11 7 13 8 13 9 13 10 7 11 3 13 4 13 5 13 6 13 5 7 3 9 9 11
> BAT2 4 1 5 1 6 1 13 4 7 5 13 5 13 6 1 8 11 8 1 9 1 10 1 11 6 11 8 13 9 13 10 13 11 13
> BAT3 7 1 6 3 11 6 1 7 7 7 13 7 3 8 8 11 7 13
< RES 1637333230 56 2
< MOVE R U
> REQ 1637333230 57 2
> VAMPIRE 1 1 5 3 1 3 0
> VAMPIRE 2 10 5 3 1 3 0
> VAMPIRE 3 11 11 3 0 3 0
> VAMPIRE 4 1 13 3 1 3 0
> GRENADE 3 13 13 2 3
> BAT1 1 4 1 6 3 7 11 7 13 8 13 9 13 10 7 11 3 13 4 13 5 13 6 13 5 1 5 7 3 9 9 11
> BAT2 4 1 6 1 13 4 7 5 13 5 13 6 1 8 11 8 1 9 1 10 1 11 6 11 8 13 9 13 10 13 11 13 6 3
> BAT3 7 1 11 6 1 7 7 7 13 7 3 8 8 11 7 13
< RES 1637333230 57 2
< GRENADE
< MOVE U R
> REQ 1637333230 58 2
> VAMPIRE 1 1 5 3 0 3 0
> VAMPIRE 2 9 6 3 0 3 0
> VAMPIRE 3 11 11 3 0 3 0
> VAMPIRE 4 1 13 3 1 3 0
> GRENADE 3 13 13 1 3
> GRENADE 1 1 5 5 3
> GRENADE 2 10 5 5 3
> BAT1 1 4 1 6 3 7 11 7 13 8 13 9 13 10 7 11 3 13 4 13 5 13 6 13 5 1 5 7 3 9 9 11
> BAT2 4 1 6 1 13 4 7 5 13 5 13 6 1 8 11 8 1 9 1 10 1 11 6 11 8 13 9 13 10 13 11 13 6 3
> BAT3 7 1 11 6 1 7 7 7 13 7 3 8 8 11 7 13
< RES 1637333230 58 2
< MOVE R
> REQ 1637333230 59 2
> VAMPIRE 1 3 5 3 0 3 0
> VAMPIRE 2 9 7 3 0 3 0
> VAMPIRE 3 11 11 3 1 3 0
> VAMPIRE 4 1 13 3 1 3 0
> GRENADE 1 1 1 4 3
> GRENADE 2 10 5 4 3
> BAT1 1 4 1 6 3 7 11 7 13 8 13 9 7 11 3 13 4 13 5 13 6 13 5 1 5 7 11 13 3 9 9 11
> BAT2 4 1 6 1 13 4 7 5 13 5 13 6 1 8 11 8 1 9 1 10 1 11 6 11 8 13 9 13 10 13 6 3
> BAT3 7 1 11 6 1 7 7 7 13 7 3 8 8 11 7 13
< RES 1637333230 59 2
> REQ 1637333230 60 2
> VAMPIRE 1 3 5 3 0 3 0
> VAMPIRE 2 9 7 3 0 3 0
> VAMPIRE 3 13 11 3 0 3 0
> VAMPIRE 4 1 13 3 1 3 0
> GRENADE 1 1 1 3 3
> GRENADE 2 10 5 3 3
> GRENADE 3 11 11 5 3
> BAT1 1 4 1 6 3 7 11 7 13 8 13 9 7 11 3 13 4 13 5 13 6 13 5 1 5 7 11 13 3 9 9 11
> BAT2 4 1 6 1 13 4 7 5 13 5 13 6 1 8 11 8 1 9 1 10 1 11 6 11 8 13 9 13 10 13 6 3
> BAT3 7 1 11 6 1 7 7 7 13 7 3 8 8 11 7 13
< RES 1637333230 60 2
< MOVE R R
> REQ 1637333230 61 2
> VAMPIRE 1 5 5 3 0 3 0
> VAMPIRE 2 9 9 3 0 3 0
> VAMPIRE 3 13 13 3 0 3 0
> VAMPIRE 4 1 13 3 1 3 0
> GRENADE 1 1 1 2 3
> GRENADE 2 10 5 2 3
> GRENADE 3 11 11 4 3
> BAT1 1 4 1 6 3 7 11 7 13 8 13 9 7 11 3 13 4 13 5 13 6 13 5 1 5 7 11 13 3 9 9 11
> BAT2 4 1 6 1 13 4 7 5 13 5 13 6 1 8 11 8 1 9 1 10 1 11 6 11 8 13 9 13 10 13 6 3
> BAT3 7 1 11 6 1 7 7 7 13 7 3 8 8 11 7 13
< RES 1637333230 61 2
< MOVE D
> REQ 1637333230 62 2
> VAMPIRE 1 5 5 3 0 3 0
> VAMPIRE 2 10 9 3 0 3 0
> VAMPIRE 3 13 13 3 0 3 0
> VAMPIRE 4 1 13 3 1 3 0
> GRENADE 1 1 1 1 3
> GRENADE 2 10 5 1 3
> GRENADE 3 11 11 3 3
> BAT1 1 4 1 6 3 7 11 7 13 8 13 9 7 11 3 13 4 13 5 13 6 13 5 1 5 7 11 13 3 9 9 11
> BAT2 4 1 6 1 13 4 7 5 13 5 13 6 1 8 11 8 1 9 1 10 1 11 6 11 8 13 9 13 10 13 6 3
> BAT3 7 1 11 6 1 7 7 7 13 7 3 8 8 11 7 13
< RES 1637333230 62 2
< MOVE D R
> REQ 1637333230 63 2
> VAMPIRE 1 5 5 3 1 3 0
> VAMPIRE 2 11 10 3 1 3 0
> VAMPIRE 3 13 13 3 0 3 0
> VAMPIRE 4 1 13 3 1 3 0
> GRENADE 3 11 11 2 3
> BAT1 1 6 3 7 11 7 13 8 13 9 7 11 3 13 4 13 5 13 6 13 4 1 5 1 7 5 13 5 5 7 11 13 3 9 9 11
> BAT2 6 1 13 4 13 6 1 8 11 8 1 9 1 10 1 11 6 11 8 13 9 13 10 13 6 3
> BAT3 7 1 11 6 1 7 7 7 13 7 3 8 8 11 7 13
< RES 1637333230 63 2
< GRENADE
< MOVE L U
> REQ 1637333230 64 2
> VAMPIRE 1 3 5 3 0 3 0
> VAMPIRE 2 10 9 3 0 3 0
> VAMPIRE 3 13 12 3 0 3 0
> VAMPIRE 4 1 13 3 1 3 0
> GRENADE 3 11 11 1 3
> GRENADE 1 5 5 5 3
> GRENADE 2 11 10 5 3
> BAT1 1 6 3 7 11 7 13 8 13 9 7 11 3 13 4 13 5 13 6 13 4 1 5 1 7 5 13 5 5 7 11 13 3 9 9 11
> BAT2 6 1 13 4 13 6 1 8 11 8 1 9 1 10 1 11 6 11 8 13 9 13 10 13 6 3
> BAT3 7 1 11 6 1 7 7 7 13 7 3 8 8 11 7 13
< RES 1637333230 64 2
> REQ 1637333230 65 2
> VAMPIRE 1 3 3 3 0 3 0
> VAMPIRE 2 10 9 3 1 3 0
> VAMPIRE 3 13 11 3 1 3 0
> VAMPIRE 4 1 13 3 1 3 0
> GRENADE 1 5 5 4 3
> BAT1 1 6 3 7 11 7 13 8 13 9 7 11 3 13 4 13 5 13 6 13 4 1 5 1 7 5 13 5 5 7 11 8 3 9
> BAT2 6 1 13 4 13 6 1 8 1 9 1 10 1 11 6 11 8 13 9 13 10 13 6 3
> BAT3 7 1 11 6 1 7 7 7 13 7 3 8 8 11 7 13
< RES 1637333230 65 2
< GRENADE
> REQ 1637333230 66 2
> VAMPIRE 1 3 3 3 0 3 0
> VAMPIRE 2 10 9 3 0 3 0
> VAMPIRE 3 11 11 3 1 3 0
> VAMPIRE 4 1 13 3 1 3 0
> GRENADE 1 5 5 3 3
> GRENADE 2 10 9 5 3
> BAT1 1 6 3 7 11 7 13 8 13 9 7 11 3 13 4 13 5 13 6 13 4 1 5 1 7 5 13 5 5 7 11 8 3 9
> BAT2 6 1 13 4 13 6 1 8 1 9 1 10 1 11 6 11 8 13 9 13 10 13 6 3
> BAT3 7 1 11 6 1 7 7 7 13 7 3 8 8 11 7 13
< RES 1637333230 66 2
< THROW XL 4
< MOVE U U
> REQ 1637333230 67 2
> VAMPIRE 1 3 3 3 0 3 0
> VAMPIRE 2 8 9 3 0 3 0
> VAMPIRE 3 13 11 3 0 3 0
> VAMPIRE 4 1 13 3 1 3 0
> GRENADE 1 5 5 2 3
> GRENADE 2 10 5 4 3
> GRENADE 3 11 11 5 3
> BAT1 1 6 3 7 11 7 13 8 13 9 7 11 3 13 4 13 5 13 6 13 4 1 5 1 7 5 13 5 5 7 11 8 3 9
> BAT2 6 1 13 4 13 6 1 8 1 9 1 10 1 11 6 11 8 13 9 13 10 13 6 3
> BAT3 7 1 11 6 1 7 7 7 13 7 3 8 8 11 7 13
< RES 1637333230 67 2
< MOVE U
> REQ 1637333230 68 2
> VAMPIRE 1 3 3 3 0 3 0
> VAMPIRE 2 7 9 3 0 3 0
> VAMPIRE 3 12 11 3 0 3 0
> VAMPIRE 4 1 13 3 1 3 0
> GRENADE 1 5 5 1 3
> GRENADE 2 10 5 3 3
> GRENADE 3 11 11 4 3
> BAT1 1 6 3 7 11 7 13 8 13 9 7 11 3 13 4 13 5 13 6 13 4 1 5 1 7 5 13 5 5 7 11 8 3 9
> BAT2 6 1 13 4 13 6 1 8 1 9 1 10 1 11 6 11 8 13 9 13 10 13 6 3
> BAT3 7 1 11 6 1 7 7 7 13 7 3 8 8 11 7 13
< RES 1637333230 68 2
< MOVE U U
> REQ 1637333230 69 2
> VAMPIRE 1 5 3 3 1 3 0
> VAMPIRE 2 5 9 3 0 3 0
> VAMPIRE 3 13 11 3 0 3 0
> VAMPIRE 4 1 13 3 1 3 0
> GRENADE 2 10 5 2 3
> GRENADE 3 9 11 3 3
> BAT1 1 6 3 7 11 7 13 8 13 9 7 11 3 13 4 13 5 13 6 13 4 1 5 1 13 5 11 8 3 9
> BAT2 6 1 13 4 13 6 1 8 1 9 1 10 1 11 6 11 8 13 9 13 10 13 6 3
> BAT3 7 1 11 6 1 7 7 7 13 7 3 8 8 11 7 13
< RES 1637333230 69 2
< MOVE R R
> REQ 1637333230 70 2
> VAMPIRE 1 3 3 3 0 3 0
> VAMPIRE 2 5 11 3 0 3 0
> VAMPIRE 3 13 11 3 0 3 0
> VAMPIRE 4 1 13 3 1 3 0
> GRENADE 2 10 5 1 3
> GRENADE 3 9 11 2 3
> GRENADE 1 5 3 5 3
> BAT1 1 6 3 7 11 7 13 8 13 9 7 11 3 13 4 13 5 13 6 13 4 1 5 1 13 5 11 8 3 9
> BAT2 6 1 13 4 13 6 1 8 1 9 1 10 1 11 6 11 8 13 9 13 10 13 6 3
> BAT3 7 1 11 6 1 7 7 7 13 7 3 8 8 11 7 13
< RES 1637333230 70 2
< MOVE U U
> REQ 1637333230 71 2
> VAMPIRE 1 3 5 3 0 3 0
> VAMPIRE 2 3 11 3 1 3 0
> VAMPIRE 3 13 11 3 0 3 0
> VAMPIRE 4 1 13 3 1 3 0
> GRENADE 3 9 11 1 3
> GRENADE 1 5 3 4 3
> BAT1 1 6 3 7 11 7 13 8 13 9 7 11 3 13 4 13 5 13 6 13 4 1 5 1 11 8 3 9
> BAT2 6 1 13 4 13 6 1 8 1 9 1 10 1 11 6 11 8 13 9 13 10 13 6 3
> BAT3 7 1 11 6 1 7 7 7 13 7 3 8 8 11 7 13
< RES 1637333230 71 2
< GRENADE
< MOVE D D
> REQ 1637333230 72 2
> VAMPIRE 1 3 5 3 0 3 0
> VAMPIRE 2 5 11 3 0 3 0
> VAMPIRE 3 11 11 3 1 3 0
> VAMPIRE 4 1 13 3 1 3 0
> GRENADE 1 5 3 3 3
> GRENADE 2 3 11 5 3
> BAT1 1 6 3 7 11 7 13 8 13 9 7 11 3 13 4 13 5 13 6 13 4 1 5 1 11 8 9 13 3 9
> BAT2 6 1 13 4 13 6 1 8 1 9 1 10 1 11 6 11 8 13 10 13 6 3 8 11
> BAT3 7 1 11 6 1 7 7 7 13 7 3 8 7 13
< RES 1637333230 72 2
< MOVE L L
> REQ 1637333230 73 2
> VAMPIRE 1 4 5 3 0 3 0
> VAMPIRE 2 5 9 3 0 3 0
> VAMPIRE 3 11 11 3 0 3 0
> VAMPIRE 4 1 13 3 1 3 0
> GRENADE 1 5 3 2 3
> GRENADE 2 3 11 4 3
> GRENADE 3 11 11 5 3
> BAT1 1 6 3 7 11 7 13 8 13 9 7 11 3 13 4 13 5 13 6 13 4 1 5 1 11 8 9 13 3 9
> BAT2 6 1 13 4 13 6 1 8 1 9 1 10 1 11 6 11 8 13 10 13 6 3 8 11
> BAT3 7 1 11 6 1 7 7 7 13 7 3 8 7 13
< RES 1637333230 73 2
> REQ 1637333230 74 2
> VAMPIRE 1 3 5 3 0 3 0
> VAMPIRE 2 5 9 3 0 3 0
> VAMPIRE 3 10 11 3 0 3 0
> VAMPIRE 4 1 13 3 0 3 0
> GRENADE 1 5 3 1 3
> GRENADE 2 3 11 3 3
> GRENADE 3 9 11 4 3
> GRENADE 4 1 13 5 3
> BAT1 1 6 3 7 11 7 13 8 13 9 7 11 3 13 4 13 5 13 6 13 4 1 5 1 11 8 9 13 3 9
> BAT2 6 1 13 4 13 6 1 8 1 9 1 10 1 11 6 11 8 13 10 13 6 3 8 11
> BAT3 7 1 11 6 1 7 7 7 13 7 3 8 7 13
< RES 1637333230 74 2
> REQ 1637333230 75 2
> VAMPIRE 1 3 3 3 1 3 0
> VAMPIRE 2 5 9 3 0 3 0
> VAMPIRE 3 11 11 3 0 3 0
> VAMPIRE 4 1 13 3 0 3 0
> GRENADE 2 3 11 2 3
> GRENADE 3 5 11 3 3
> GRENADE 4 1 13 4 3
> BAT1 1 6 3 7 11 7 13 8 13 9 7 11 3 13 4 13 5 13 6 13 4 1 11 8 9 13 6 3 3 9
> BAT2 6 1 13 4 13 6 1 8 1 9 1 10 1 11 6 11 8 13 10 13 8 11
> BAT3 7 1 11 6 1 7 7 7 13 7 3 8 7 13
< RES 1637333230 75 2
< MOVE D D
> REQ 1637333230 76 2
> VAMPIRE 1 3 3 3 0 3 0
> VAMPIRE 2 7 9 3 0 3 0
> VAMPIRE 3 11 11 3 0 3 0
> VAMPIRE 4 1 13 3 0 3 0
> GRENADE 2 3 11 1 3
> GRENADE 3 5 11 2 3
> GRENADE 4 1 13 3 3
> GRENADE 1 3 3 5 3
> POWERUP TOMATO -9 2 13 6
> POWERUP TOMATO -9 12 1 6
> BAT1 1 6 3 7 11 7 13 8 13 9 7 11 3 13 4 13 5 13 6 13 4 1 11 8 9 13 6 3 3 9
> BAT2 6 1 13 4 13 6 1 8 1 9 1 10 1 11 6 11 8 13 10 13 8 11
> BAT3 7 1 11 6 1 7 7 7 13 7 3 8 7 13
< RES 1637333230 76 2
< MOVE R
> REQ 1637333230 77 2
> VAMPIRE 1 3 5 3 0 3 0
> VAMPIRE 2 7 10 3 1 3 0
> VAMPIRE 3 9 11 3 1 3 0
> VAMPIRE 4 2 13 3 0 3 0
> GRENADE 4 1 13 2 3
> GRENADE 1 7 3 4 3
> POWERUP TOMATO -8 2 13 6
> POWERUP TOMATO -8 12 1 6
> BAT1 1 6 3 7 11 7 13 8 13 9 7 11 4 13 6 13 4 1 11 8 1 11 6 11 9 13 6 3
> BAT2 6 1 13 4 13 6 1 8 1 9 1 10 8 13 10 13 8 11
> BAT3 7 1 11 6 1 7 7 7 13 7 3 8 7 13
< RES 1637333230 77 2
< GRENADE
< MOVE L U
> REQ 1637333230 78 2
> VAMPIRE 1 5 5 3 0 3 0
> VAMPIRE 2 6 9 3 0 3 0
> VAMPIRE 3 9 9 3 0 3 0
> VAMPIRE 4 3 12 3 0 3 0
> GRENADE 4 1 13 1 3
> GRENADE 1 7 3 3 3
> GRENADE 2 7 10 5 3
> GRENADE 3 9 11 5 3
> POWERUP TOMATO -7 2 13 6
> POWERUP TOMATO -7 12 1 6
> BAT1 1 6 3 7 11 7 13 8 13 9 7 11 4 13 6 13 4 1 11 8 1 11 6 11 9 13 6 3
> BAT2 6 1 13 4 13 6 1 8 1 9 1 10 8 13 10 13 8 11
> BAT3 7 1 11 6 1 7 7 7 13 7 3 8 7 13
< RES 1637333230 78 2
< MOVE U U
> REQ 1637333230 79 2
> VAMPIRE 1 5 7 3 0 3 0
> VAMPIRE 2 4 9 3 0 3 0
> VAMPIRE 3 7 9 3 0 3 0
> VAMPIRE 4 2 13 3 1 3 0
> GRENADE 1 7 3 2 3
> GRENADE 2 7 10 4 3
> GRENADE 3 9 11 4 3
> POWERUP TOMATO -6 2 13 6
> POWERUP TOMATO -6 12 1 6
> BAT1 1 6 3 7 11 7 13 8 13 9 7 11 6 13 4 1 11 8 6 11 9 13 6 3
> BAT2 6 1 13 4 13 6 1 8 1 9 1 10 8 13 10 13 8 11
> BAT3 7 1 11 6 1 7 7 7 13 7 3 8 7 13
< RES 1637333230 79 2
< MOVE U R
> REQ 1637333230 80 2
> VAMPIRE 1 5 9 3 0 3 0
> VAMPIRE 2 3 10 3 0 3 0
> VAMPIRE 3 5 9 3 0 3 0
> VAMPIRE 4 2 13 3 0 3 0
> GRENADE 1 7 3 1 3
> GRENADE 2 7 10 3 3
> GRENADE 3 9 11 3 3
> GRENADE 4 2 13 5 3
> POWERUP TOMATO -5 2 13 6
> POWERUP TOMATO -5 12 1 6
> BAT1 1 6 3 7 11 7 13 8 13 9 7 11 6 13 4 1 11 8 6 11 9 13 6 3
> BAT2 6 1 13 4 13 6 1 8 1 9 1 10 8 13 10 13 8 11
> BAT3 7 1 11 6 1 7 7 7 13 7 3 8 7 13
< RES 1637333230 80 2
< MOVE L D
> REQ 1637333230 81 2
> VAMPIRE 1 3 9 3 1 3 0
> VAMPIRE 2 4 9 3 0 3 0
> VAMPIRE 3 3 9 3 0 3 0
> VAMPIRE 4 2 13 3 0 3 0
> GRENADE 2 7 10 2 3
> GRENADE 3 9 11 2 3
> GRENADE 4 5 13 4 3
> POWERUP TOMATO -4 2 13 6
> POWERUP TOMATO -4 12 1 6
> BAT1 1 6 3 7 11 7 13 8 13 9 7 11 6 13 4 1 11 8 6 11 9 13
> BAT2 6 1 13 4 13 6 1 8 1 9 1 10 8 13 10 13 7 1 8 11
> BAT3 11 6 1 7 7 7 13 7 3 8 7 13
< RES 1637333230 81 2
< MOVE U R
> REQ 1637333230 82 2
> VAMPIRE 1 3 11 3 0 3 0
> VAMPIRE 2 4 9 3 0 3 0
> VAMPIRE 3 3 11 3 0 3 0
> VAMPIRE 4 3 13 3 0 3 0
> GRENADE 2 7 10 1 3
> GRENADE 3 9 11 1 3
> GRENADE 4 5 13 3 3
> GRENADE 1 3 9 5 3
> POWERUP TOMATO -3 2 13 6
> POWERUP TOMATO -3 12 1 6
> BAT1 1 6 3 7 11 7 13 8 13 9 7 11 6 13 4 1 11 8 6 11 9 13
> BAT2 6 1 13 4 13 6 1 8 1 9 1 10 8 13 10 13 7 1 8 11
> BAT3 11 6 1 7 7 7 13 7 3 8 7 13
< RES 1637333230 82 2
> REQ 1637333230 83 2
> VAMPIRE 1 1 11 3 0 3 0
> VAMPIRE 2 4 9 3 1 3 0
> VAMPIRE 3 3 11 3 1 3 0
> VAMPIRE 4 4 13 3 0 3 0
> GRENADE 4 5 13 2 3
> GRENADE 1 3 9 4 3
> POWERUP TOMATO -2 2 13 6
> POWERUP TOMATO -2 12 1 6
> BAT1 1 6 3 7 11 7 13 8 13 9 6 13 4 1 11 8 6 11 8 11
> BAT2 6 1 13 4 13 6 1 8 1 9 1 10 8 13 10 13 7 1 7 7
> BAT3 11 6 1 7 13 7 3 8 7 13
< RES 1637333230 83 2
< GRENADE
< MOVE D L
> REQ 1637333230 84 2
> VAMPIRE 1 1 13 3 0 3 0
> VAMPIRE 2 5 8 3 0 3 0
> VAMPIRE 3 3 11 3 0 3 0
> VAMPIRE 4 2 13 3 0 3 0
> GRENADE 4 9 13 1 3
> GRENADE 1 3 9 3 3
> GRENADE 2 4 9 5 3
> GRENADE 3 3 11 5 3
> POWERUP TOMATO -1 2 13 6
> POWERUP TOMATO -1 12 1 6
> BAT1 1 6 3 7 11 7 13 8 13 9 6 13 4 1 11 8 6 11 8 11
> BAT2 6 1 13 4 13 6 1 8 1 9 1 10 8 13 10 13 7 1 7 7
> BAT3 11 6 1 7 13 7 3 8 7 13
< RES 1637333230 84 2
< MOVE R R
> REQ 1637333230 85 2
> VAMPIRE 1 2 13 3 0 3 0
> VAMPIRE 2 5 10 3 0 3 0
> VAMPIRE 3 3 13 3 0 3 0
> VAMPIRE 4 1 12 3 1 3 0
> GRENADE 1 3 9 2 3
> GRENADE 2 4 9 4 3
> GRENADE 3 7 11 4 3
> POWERUP TOMATO 11 2 13 6
> POWERUP TOMATO 11 12 1 6
> BAT1 1 6 3 7 11 7 13 8 13 9 6 13 4 1 11 8 6 11 8 13 10 13 8 11
> BAT2 6 1 13 4 13 6 1 8 1 9 1 10 7 1 7 7
> BAT3 11 6 1 7 13 7 3 8 7 13
< RES 1637333230 85 2
< MOVE R U
> REQ 1637333230 86 2
> VAMPIRE 1 2 13 3 0 3 0
> VAMPIRE 2 4 11 3 0 3 0
> VAMPIRE 3 2 13 3 0 3 0
> VAMPIRE 4 2 13 3 0 3 0
> GRENADE 1 3 9 1 3
> GRENADE 2 4 9 3 3
> GRENADE 3 7 11 3 3
> GRENADE 4 1 12 5 3
> POWERUP TOMATO 10 2 13 6
> POWERUP TOMATO 10 12 1 6
> BAT1 1 6 3 7 11 7 13 8 13 9 6 13 4 1 11 8 6 11 8 13 10 13 8 11
> BAT2 6 1 13 4 13 6 1 8 1 9 1 10 7 1 7 7
> BAT3 11 6 1 7 13 7 3 8 7 13
< RES 1637333230 86 2
< MOVE U
> REQ 1637333230 87 2
> VAMPIRE 1 2 13 3 1 3 0
> VAMPIRE 2 3 11 3 1 3 0
> VAMPIRE 3 2 13 3 0 3 0
> VAMPIRE 4 2 13 3 0 3 0
> GRENADE 3 7 11 2 3
> GRENADE 4 1 12 4 3
> POWERUP TOMATO 9 2 13 6
> POWERUP TOMATO 9 12 1 6
> BAT1 1 6 3 7 11 7 13 8 13 9 6 13 4 1 11 8 1 9 6 11 8 13 10 13 8 11
> BAT2 6 1 13 4 13 6 1 8 1 10 7 1 7 7 3 8
> BAT3 11 6 1 7 13 7 7 13
< RES 1637333230 87 2
< GRENADE
< MOVE R R
> REQ 1637333230 88 2
> VAMPIRE 1 3 13 3 1 3 0
> VAMPIRE 2 3 13 3 0 3 0
> VAMPIRE 3 3 13 3 0 3 0
> VAMPIRE 4 3 13 3 0 3 0
> GRENADE 3 7 11 1 3
> GRENADE 4 1 12 3 3
> GRENADE 2 3 11 5 3
> POWERUP TOMATO 8 2 13 6
> POWERUP TOMATO 8 12 1 6
> BAT1 1 6 3 7 11 7 13 8 13 9 6 13 4 1 11 8 1 9 6 11 8 13 10 13 8 11
> BAT2 6 1 13 4 13 6 1 8 1 10 7 1 7 7 3 8
> BAT3 11 6 1 7 13 7 7 13
< RES 1637333230 88 2
< MOVE U
> REQ 1637333230 89 2
> VAMPIRE 1 3 13 3 0 3 0
> VAMPIRE 2 2 13 3 0 3 0
> VAMPIRE 3 2 13 3 1 3 0
> VAMPIRE 4 2 13 3 0 3 0
> GRENADE 4 1 12 2 3
> GRENADE 2 3 11 4 3
> GRENADE 1 3 13 5 3
> POWERUP TOMATO 7 2 13 6
> POWERUP TOMATO 7 12 1 6
> BAT1 1 6 3 7 11 7 13 8 13 9 6 13 4 1 11 8 1 9 8 13 10 13
> BAT2 6 1 13 4 13 6 1 8 1 10 7 1 7 7 3 8 7 13
> BAT3 11 6 1 7 13 7
< RES 1637333230 89 2
< GRENADE
> REQ 1637333230 90 2
> VAMPIRE 1 3 13 3 0 3 0
> VAMPIRE 2 2 13 3 0 3 0
> VAMPIRE 3 2 13 3 1 3 0
> VAMPIRE 4 2 13 3 0 3 0
> GRENADE 4 1 12 1 3
> GRENADE 2 3 11 3 3
> GRENADE 1 3 13 4 3
> POWERUP TOMATO 6 2 13 6
> POWERUP TOMATO 6 12 1 6
> BAT1 1 6 3 7 11 7 13 8 13 9 6 13 4 1 11 8 1 9 8 13 10 13
> BAT2 6 1 13 4 13 6 1 8 1 10 7 1 7 7 3 8 7 13
> BAT3 11 6 1 7 13 7
< RES 1637333230 90 2
< MOVE U
> REQ 1637333230 91 2
> VAMPIRE 1 4 13 3 0 3 0
> VAMPIRE 2 1 13 3 0 3 0
> VAMPIRE 3 2 13 3 0 3 0
> VAMPIRE 4 2 13 3 1 3 0
> GRENADE 2 3 11 2 3
> GRENADE 1 5 13 3 3
> GRENADE 3 2 13 5 3
> POWERUP TOMATO 5 2 13 6
> POWERUP TOMATO 5 12 1 6
> BAT1 1 6 3 7 11 7 13 8 13 9 6 13 4 1 11 8 1 9 1 10 8 13 10 13
> BAT2 6 1 13 4 13 6 1 8 7 1 7 7 3 8 7 13
> BAT3 11 6 1 7 13 7
< RES 1637333230 91 2
< MOVE L
> REQ 1637333230 92 2
> VAMPIRE 1 4 13 3 0 3 0
> VAMPIRE 2 1 12 3 0 3 0
> VAMPIRE 3 4 13 3 0 3 0
> VAMPIRE 4 1 12 3 0 3 0
> GRENADE 2 3 11 1 3
> GRENADE 1 5 13 2 3
> GRENADE 3 5 13 4 3
> GRENADE 4 2 13 5 3
> POWERUP TOMATO 4 2 13 6
> POWERUP TOMATO 4 12 1 6
> BAT1 1 6 3 7 11 7 13 8 13 9 6 13 4 1 11 8 1 9 1 10 8 13 10 13
> BAT2 6 1 13 4 13 6 1 8 7 1 7 7 3 8 7 13
> BAT3 11 6 1 7 13 7
< RES 1637333230 92 2
< MOVE L
> REQ 1637333230 93 2
> VAMPIRE 1 3 12 3 0 3 0
> VAMPIRE 2 1 11 3 1 3 0
> VAMPIRE 3 3 12 3 0 3 0
> VAMPIRE 4 2 11 3 0 3 0
> GRENADE 1 5 13 1 3
> GRENADE 3 9 13 3 3
> GRENADE 4 2 13 4 3
> POWERUP TOMATO 3 2 13 6
> POWERUP TOMATO 3 12 1 6
> BAT1 1 6 3 7 11 7 13 8 13 9 6 13 4 1 11 8 1 9 1 10 8 13 10 13 3 8
> BAT2 6 1 13 4 13 6 1 8 7 1 7 7 7 13
> BAT3 11 6 1 7 13 7
< RES 1637333230 93 2
< GRENADE
< MOVE R R
> REQ 1637333230 94 2
> VAMPIRE 1 4 13 3 1 3 0
> VAMPIRE 2 1 13 3 0 3 0
> VAMPIRE 3 3 13 3 0 3 0
> VAMPIRE 4 2 11 3 1 3 0
> GRENADE 3 9 13 2 3
> GRENADE 2 1 11 5 3
> POWERUP TOMATO 2 2 13 6
> POWERUP TOMATO 2 12 1 6
> BAT1 1 6 3 7 11 7 13 8 13 9 4 1 11 8 1 9 1 10 8 13 10 13 3 8
> BAT2 6 1 13 4 13 6 1 8 7 1 7 7 7 13
> BAT3 11 6 1 7 13 7
< RES 1637333230 94 2
< MOVE D
> REQ 1637333230 95 2
> VAMPIRE 1 2 13 3 0 3 0
> VAMPIRE 2 2 13 3 0 3 0
> VAMPIRE 3 2 13 3 0 3 0
> VAMPIRE 4 3 11 3 1 3 0
> GRENADE 3 9 13 1 3
> GRENADE 2 1 11 4 3
> GRENADE 1 4 13 5 3
> POWERUP TOMATO 1 2 13 6
> POWERUP TOMATO 1 12 1 6
> BAT1 1 6 3 7 11 7 13 8 13 9 4 1 11 8 1 9 1 10 8 13 10 13 3 8
> BAT2 6 1 13 4 13 6 1 8 7 1 7 7 7 13
> BAT3 11 6 1 7 13 7
< RES 1637333230 95 2
> REQ 1637333230 96 2
> VAMPIRE 1 2 13 3 0 3 0
> VAMPIRE 2 2 13 3 0 3 0
> VAMPIRE 3 2 13 3 1 3 0
> VAMPIRE 4 5 11 3 0 3 0
> GRENADE 2 1 11 3 3
> GRENADE 1 4 13 4 3
> GRENADE 4 3 11 5 3
> POWERUP TOMATO 1 2 13 6
> BAT1 1 6 3 7 11 7 13 8 13 9 4 1 11 8 1 9 1 10 3 8
> BAT2 6 1 13 4 13 6 1 8 7 1 7 7 7 13
> BAT3 11 6 1 7 13 7
< RES 1637333230 96 2
> REQ 1637333230 97 2
> VAMPIRE 1 2 13 3 0 3 0
> VAMPIRE 2 2 13 3 0 3 0
> VAMPIRE 3 2 13 3 0 3 0
> VAMPIRE 4 5 9 3 0 3 0
> GRENADE 2 1 11 2 3
> GRENADE 1 4 13 3 3
> GRENADE 4 3 11 4 3
> GRENADE 3 2 13 5 3
> POWERUP TOMATO 1 2 13 6
> BAT1 1 6 3 7 11 7 13 8 13 9 4 1 11 8 1 9 1 10 3 8
> BAT2 6 1 13 4 13 6 1 8 7 1 7 7 7 13
> BAT3 11 6 1 7 13 7
< RES 1637333230 97 2
< GRENADE
> REQ 1637333230 98 2
> VAMPIRE 1 2 13 3 0 3 0
> VAMPIRE 2 2 13 3 0 3 0
> VAMPIRE 3 2 13 3 0 3 0
> VAMPIRE 4 5 9 3 0 3 0
> GRENADE 2 1 11 1 3
> GRENADE 1 4 13 2 3
> GRENADE 4 3 11 3 3
> GRENADE 3 2 13 4 3
> POWERUP TOMATO 1 2 13 6
> BAT1 1 6 3 7 11 7 13 8 13 9 4 1 11 8 1 9 1 10 3 8
> BAT2 6 1 13 4 13 6 1 8 7 1 7 7 7 13
> BAT3 11 6 1 7 13 7
< RES 1637333230 98 2
< GRENADE
> REQ 1637333230 99 2
> VAMPIRE 1 2 13 3 0 3 0
> VAMPIRE 2 2 13 3 0 3 0
> VAMPIRE 3 2 13 3 0 3 0
> VAMPIRE 4 5 7 3 1 3 0
> GRENADE 1 4 13 1 3
> GRENADE 3 2 13 3 3
> GRENADE 2 2 13 5 3
> POWERUP TOMATO 1 2 13 6
> BAT1 1 6 3 7 11 7 13 8 13 9 4 1 11 8 1 9
> BAT2 6 1 13 4 13 6 1 8 7 1 7 7 7 13
> BAT3 11 6 1 7 13 7
< RES 1637333230 99 2
< THROW XU 1
> REQ 1637333230 100 2
> VAMPIRE 1 1 13 2 1 3 0
> VAMPIRE 2 2 13 2 1 3 0
> VAMPIRE 3 2 13 2 1 3 0
> VAMPIRE 4 5 7 3 0 3 0
> GRENADE 4 5 7 5 3
> POWERUP TOMATO 1 2 13 6
> BAT1 1 6 3 7 11 7 13 8 13 9 4 1 11 8 1 9 7 13
> BAT2 6 1 13 4 13 6 1 8 7 1 7 7
> BAT3 11 6 1 7 13 7
< RES 1637333230 100 2
< GRENADE
> REQ 1637333230 101 2
> VAMPIRE 1 1 12 2 1 3 0
> VAMPIRE 2 2 13 2 1 3 0
> VAMPIRE 3 2 13 2 1 3 0
> VAMPIRE 4 5 7 3 0 3 0
> GRENADE 4 2 7 4 3
> POWERUP TOMATO 1 2 13 6
> BAT1 1 6 3 7 11 7 13 8 13 9 4 1 11 8 1 9 7 13
> BAT2 6 1 13 4 13 6 1 8 7 1 7 7
> BAT3 11 6 1 7 13 7
< RES 1637333230 101 2
< GRENADE
> REQ 1637333230 102 2
> VAMPIRE 1 2 11 2 1 3 0
> VAMPIRE 2 2 13 2 1 3 0
> VAMPIRE 3 2 13 2 1 3 0
> VAMPIRE 4 5 7 3 0 3 0
> GRENADE 4 2 7 3 3
> POWERUP TOMATO 1 2 13 6
> BAT1 1 6 3 7 11 7 13 8 13 9 4 1 11 8 1 9 7 13
> BAT2 6 1 13 4 13 6 1 8 7 1 7 7
> BAT3 11 6 1 7 13 7
< RES 1637333230 102 2
< GRENADE
> REQ 1637333230 103 2
> VAMPIRE 1 3 10 2 1 3 0
> VAMPIRE 2 2 13 2 0 3 0
> VAMPIRE 3 2 13 2 0 3 0
> VAMPIRE 4 5 7 3 0 3 0
> GRENADE 4 2 7 2 3
> GRENADE 2 2 13 5 3
> GRENADE 3 2 13 5 3
> POWERUP TOMATO 1 2 13 6
> BAT1 1 6 3 7 11 7 13 8 13 9 4 1 11 8 1 9 7 13
> BAT2 6 1 13 4 13 6 1 8 7 1 7 7
> BAT3 11 6 1 7 13 7
< RES 1637333230 103 2
< THROW XD 4
> REQ 1637333230 104 2
> VAMPIRE 1 3 10 2 0 3 0
> VAMPIRE 2 2 13 2 0 3 0
> VAMPIRE 3 2 13 2 0 3 0
> VAMPIRE 4 5 7 3 0 3 0
> GRENADE 4 2 7 1 3
> GRENADE 2 6 13 4 3
> GRENADE 3 6 13 4 3
> GRENADE 1 3 10 5 3
> POWERUP TOMATO 1 2 13 6
> BAT1 1 6 3 7 11 7 13 8 13 9 4 1 11 8 1 9 7 13
> BAT2 6 1 13 4 13 6 1 8 7 1 7 7
> BAT3 11 6 1 7 13 7
< RES 1637333230 104 2
> REQ 1637333230 105 2
> VAMPIRE 1 3 9 2 0 3 0
> VAMPIRE 2 2 13 2 0 3 0
> VAMPIRE 3 2 13 2 0 3 0
> VAMPIRE 4 4 7 3 1 3 0
> GRENADE 2 6 13 3 3
> GRENADE 3 6 13 3 3
> GRENADE 1 7 10 4 3
> POWERUP TOMATO -5 2 5 7
> POWERUP TOMATO -5 12 9 7
> BAT1 1 6 11 7 13 8 13 9 4 1 11 8 1 9 7 13
> BAT2 6 1 13 4 13 6 1 8 7 1 1 7 7 7
> BAT3 11 6 13 7
< RES 1637333230 105 2
> REQ 1637333230 106 2
> VAMPIRE 1 3 7 2 0 3 0
> VAMPIRE 2 2 13 2 0 3 0
> VAMPIRE 3 2 13 2 0 3 0
> VAMPIRE 4 3 6 3 0 3 0
> GRENADE 2 6 13 2 3
> GRENADE 3 6 13 2 3
> GRENADE 1 7 10 3 3
> GRENADE 4 4 7 5 3
> POWERUP TOMATO -4 2 5 7
> POWERUP TOMATO -4 12 9 7
> BAT1 1 6 11 7 13 8 13 9 4 1 11 8 1 9 7 13
> BAT2 6 1 13 4 13 6 1 8 7 1 1 7 7 7
> BAT3 11 6 13 7
< RES 1637333230 106 2
< MOVE U L
> REQ 1637333230 107 2
> VAMPIRE 1 3 5 2 0 3 0
> VAMPIRE 2 1 12 2 0 3 0
> VAMPIRE 3 1 12 2 0 3 0
> VAMPIRE 4 2 5 3 0 3 0
> GRENADE 2 6 13 1 3
> GRENADE 3 6 13 1 3
> GRENADE 1 7 10 2 3
> GRENADE 4 4 7 4 3
> POWERUP TOMATO -3 2 5 7
> POWERUP TOMATO -3 12 9 7
> BAT1 1 6 11 7 13 8 13 9 4 1 11 8 1 9 7 13
> BAT2 6 1 13 4 13 6 1 8 7 1 1 7 7 7
> BAT3 11 6 13 7
< RES 1637333230 107 2
< MOVE L L
> REQ 1637333230 108 2
> VAMPIRE 1 2 5 2 0 3 0
> VAMPIRE 2 1 10 2 1 3 0
> VAMPIRE 3 1 10 2 1 3 0
> VAMPIRE 4 2 5 3 0 3 0
> GRENADE 1 7 10 1 3
> GRENADE 4 4 7 3 3
> POWERUP TOMATO -2 2 5 7
> POWERUP TOMATO -2 12 9 7
> BAT1 1 6 11 7 13 8 13 9 4 1 11 8 1 9
> BAT2 6 1 13 4 13 6 1 8 7 1 1 7 7 7
> BAT3 11 6 13 7
< RES 1637333230 108 2
< GRENADE
< MOVE R D
> REQ 1637333230 109 2
> VAMPIRE 1 2 5 2 1 3 0
> VAMPIRE 2 2 11 2 0 3 0
> VAMPIRE 3 2 11 2 0 3 0
> VAMPIRE 4 2 5 3 0 3 0
> GRENADE 4 4 7 2 3
> GRENADE 2 1 10 5 3
> GRENADE 3 1 10 5 3
> POWERUP TOMATO -1 2 5 7
> POWERUP TOMATO -1 12 9 7
> BAT1 1 6 11 7 13 8 13 9 4 1 11 8 1 9 7 7
> BAT2 6 1 13 4 13 6 1 8 7 1 1 7
> BAT3 11 6 13 7
< RES 1637333230 109 2
< MOVE D L
> REQ 1637333230 110 2
> VAMPIRE 1 2 5 2 0 3 0
> VAMPIRE 2 3 10 2 0 3 0
> VAMPIRE 3 3 10 2 0 3 0
> VAMPIRE 4 2 5 3 0 3 0
> GRENADE 4 4 7 1 3
> GRENADE 2 1 10 4 3
> GRENADE 3 1 10 4 3
> GRENADE 1 2 5 5 3
> POWERUP TOMATO 16 2 5 7
> POWERUP TOMATO 16 12 9 7
> BAT1 1 6 11 7 13 8 13 9 4 1 11 8 1 9 7 7
> BAT2 6 1 13 4 13 6 1 8 7 1 1 7
> BAT3 11 6 13 7
< RES 1637333230 110 2
< MOVE L D
> REQ 1637333230 111 2
> VAMPIRE 1 2 5 2 0 3 0
> VAMPIRE 2 4 9 2 0 3 0
> VAMPIRE 3 4 9 2 0 3 0
> VAMPIRE 4 2 5 3 1 3 0
> GRENADE 2 1 10 3 3
> GRENADE 3 1 10 3 3
> GRENADE 1 2 1 4 3
> POWERUP TOMATO 15 2 5 7
> POWERUP TOMATO 15 12 9 7
> BAT1 1 6 11 7 13 8 13 9 4 1 11 8 1 9 1 7
> BAT2 6 1 13 4 13 6 1 8 7 1
> BAT3 11 6 13 7
< RES 1637333230 111 2
< MOVE U L
> REQ 1637333230 112 2
> VAMPIRE 1 2 5 2 0 3 0
> VAMPIRE 2 3 8 2 0 3 0
> VAMPIRE 3 6 9 2 0 3 0
> VAMPIRE 4 2 5 3 0 3 0
> GRENADE 2 1 10 2 3
> GRENADE 3 1 10 2 3
> GRENADE 1 2 1 3 3
> GRENADE 4 2 5 5 3
> POWERUP TOMATO 14 2 5 7
> POWERUP TOMATO 14 12 9 7
> BAT1 1 6 11 7 13 8 13 9 4 1 11 8 1 9 1 7
> BAT2 6 1 13 4 13 6 1 8 7 1
> BAT3 11 6 13 7
< RES 1637333230 112 2
< MOVE L L
> REQ 1637333230 113 2
> VAMPIRE 1 2 5 2 0 3 0
> VAMPIRE 2 3 6 2 0 3 0
> VAMPIRE 3 8 9 2 0 3 0
> VAMPIRE 4 2 5 3 0 3 0
> GRENADE 2 1 10 1 3
> GRENADE 3 1 10 1 3
> GRENADE 1 2 1 2 3
> GRENADE 4 1 5 4 3
> POWERUP TOMATO 13 2 5 7
> POWERUP TOMATO 13 12 9 7
> BAT1 1 6 11 7 13 8 13 9 4 1 11 8 1 9 1 7
> BAT2 6 1 13 4 13 6 1 8 7 1
> BAT3 11 6 13 7
< RES 1637333230 113 2
< MOVE L U
> REQ 1637333230 114 2
> VAMPIRE 1 2 5 2 0 3 0
> VAMPIRE 2 2 5 2 1 3 0
> VAMPIRE 3 10 9 2 1 3 0
> VAMPIRE 4 2 5 3 0 3 0
> GRENADE 1 2 1 1 3
> GRENADE 4 1 5 3 3
> POWERUP TOMATO 12 2 5 7
> POWERUP TOMATO 12 12 9 7
> BAT1 1 6 11 7 13 8 13 9 4 1 11 8 1 7
> BAT2 6 1 13 4 13 6 1 8 7 1
> BAT3 11 6 13 7
< RES 1637333230 114 2
< GRENADE
> REQ 1637333230 115 2
> VAMPIRE 1 3 4 2 1 3 0
> VAMPIRE 2 2 5 2 0 3 0
> VAMPIRE 3 12 9 2 0 3 0
> VAMPIRE 4 3 5 3 0 3 0
> GRENADE 4 1 5 2 3
> GRENADE 2 2 5 5 3
> GRENADE 3 10 9 5 3
> POWERUP TOMATO 11 2 5 7
> POWERUP TOMATO 11 12 9 7
> BAT1 1 6 11 7 13 8 13 9 11 8 1 7
> BAT2 6 1 13 4 13 6 1 8 7 1
> BAT3 11 6 13 7
< RES 1637333230 115 2
< THROW XU 1
< MOVE D R
> REQ 1637333230 116 2
> VAMPIRE 1 2 3 2 1 3 0
> VAMPIRE 2 3 6 2 0 3 0
> VAMPIRE 3 12 9 2 0 3 0
> VAMPIRE 4 3 7 3 0 3 0
> GRENADE 4 1 5 1 3
> GRENADE 2 1 5 4 3
> GRENADE 3 10 9 4 3
> POWERUP TOMATO 10 2 5 7
> POWERUP TOMATO 10 12 9 7
> BAT1 1 6 11 7 13 8 13 9 11 8 1 7
> BAT2 6 1 13 4 13 6 1 8 7 1
> BAT3 11 6 13 7
< RES 1637333230 116 2
< MOVE L U
> REQ 1637333230 117 2
> VAMPIRE 1 1 4 2 1 3 0
> VAMPIRE 2 2 5 2 1 3 0
> VAMPIRE 3 11 9 2 0 3 0
> VAMPIRE 4 3 5 3 1 3 0
> GRENADE 3 10 9 3 3
> POWERUP TOMATO 9 2 5 7
> POWERUP TOMATO 9 12 9 7
> BAT1 11 7 13 8 13 9 11 8 1 7
> BAT2 6 1 13 4 13 6 1 8 7 1
> BAT3 11 6 13 7
< RES 1637333230 117 2
< GRENADE
> REQ 1637333230 118 2
> VAMPIRE 1 1 5 2 0 3 0
> VAMPIRE 2 2 5 2 0 3 0
> VAMPIRE 3 11 9 2 0 3 0
> VAMPIRE 4 3 5 3 1 3 0
> GRENADE 3 10 9 2 3
> GRENADE 1 1 4 5 3
> GRENADE 2 2 5 5 3
> POWERUP TOMATO 8 2 5 7
> POWERUP TOMATO 8 12 9 7
> BAT1 11 7 13 8 13 9 11 8 1 7
> BAT2 6 1 13 4 13 6 1 8 7 1
> BAT3 11 6 13 7
< RES 1637333230 118 2
< THROW XU 1
> REQ 1637333230 119 2
> VAMPIRE 1 1 6 2 0 3 0
> VAMPIRE 2 2 5 2 0 3 0
> VAMPIRE 3 11 10 2 0 3 0
> VAMPIRE 4 3 7 3 0 3 0
> GRENADE 3 10 9 1 3
> GRENADE 1 1 1 4 3
> GRENADE 2 1 5 4 3
> GRENADE 4 3 5 5 3
> POWERUP TOMATO 7 2 5 7
> POWERUP TOMATO 7 12 9 7
> BAT1 11 7 13 8 13 9 11 8 1 7
> BAT2 6 1 13 4 13 6 1 8 7 1
> BAT3 11 6 13 7
< RES 1637333230 119 2
> REQ 1637333230 120 2
> VAMPIRE 1 1 6 2 0 3 0
> VAMPIRE 2 2 5 2 0 3 0
> VAMPIRE 3 12 9 2 1 3 0
> VAMPIRE 4 3 6 3 0 3 0
> GRENADE 1 1 1 3 3
> GRENADE 2 1 5 3 3
> GRENADE 4 3 5 4 3
> POWERUP TOMATO 6 2 5 7
> POWERUP TOMATO 6 12 9 7
> BAT1 11 7 13 8 11 8 1 7
> BAT2 6 1 13 4 13 6 1 8 7 1
> BAT3 11 6 13 7
< RES 1637333230 120 2
> REQ 1637333230 121 2
> VAMPIRE 1 1 6 2 0 3 0
> VAMPIRE 2 2 5 2 0 3 0
> VAMPIRE 3 12 9 2 0 3 0
> VAMPIRE 4 3 6 3 0 3 0
> GRENADE 1 1 1 2 3
> GRENADE 2 1 5 2 3
> GRENADE 4 3 5 3 3
> GRENADE 3 12 9 5 3
> POWERUP TOMATO 5 2 5 7
> POWERUP TOMATO 5 12 9 7
> BAT1 11 7 13 8 11 8 1 7
> BAT2 6 1 13 4 13 6 1 8 7 1
> BAT3 11 6 13 7
< RES 1637333230 121 2
< GRENADE
> REQ 1637333230 122 2
> VAMPIRE 1 1 6 2 0 3 0
> VAMPIRE 2 2 5 2 0 3 0
> VAMPIRE 3 12 9 2 0 3 0
> VAMPIRE 4 3 7 3 0 3 0
> GRENADE 1 1 1 1 3
> GRENADE 2 1 5 1 3
> GRENADE 4 3 1 2 3
> GRENADE 3 13 9 4 3
> POWERUP TOMATO 4 2 5 7
> POWERUP TOMATO 4 12 9 7
> BAT1 11 7 13 8 11 8 1 7
> BAT2 6 1 13 4 13 6 1 8 7 1
> BAT3 11 6 13 7
< RES 1637333230 122 2
< MOVE D
> REQ 1637333230 123 2
> VAMPIRE 1 1 6 1 1 3 0
> VAMPIRE 2 3 5 1 1 3 0
> VAMPIRE 3 12 9 2 0 3 0
> VAMPIRE 4 3 5 3 1 3 0
> GRENADE 3 13 9 3 3
> POWERUP TOMATO 3 2 5 7
> POWERUP TOMATO 3 12 9 7
> BAT1 11 7 13 8 6 1 11 8
> BAT2 13 4 13 6 1 8 7 1
> BAT3 11 6 13 7
< RES 1637333230 123 2
< MOVE U
> REQ 1637333230 124 2
> VAMPIRE 1 2 5 1 1 3 0
> VAMPIRE 2 2 5 1 1 3 0
> VAMPIRE 3 12 9 2 0 3 0
> VAMPIRE 4 2 5 3 1 3 0
> GRENADE 3 13 9 2 3
> POWERUP TOMATO 2 2 5 7
> POWERUP TOMATO 2 12 9 7
> BAT1 11 7 13 8 6 1 11 8
> BAT2 13 4 13 6 1 8 7 1
> BAT3 11 6 13 7
< RES 1637333230 124 2
< GRENADE
> REQ 1637333230 125 2
> VAMPIRE 1 2 5 1 1 3 0
> VAMPIRE 2 2 5 1 1 3 0
> VAMPIRE 3 11 10 2 0 3 0
> VAMPIRE 4 2 5 3 0 3 0
> GRENADE 3 13 9 1 3
> GRENADE 4 2 5 5 3
> POWERUP TOMATO 1 2 5 7
> POWERUP TOMATO 1 12 9 7
> BAT1 11 7 13 8 6 1 11 8
> BAT2 13 4 13 6 1 8 7 1
> BAT3 11 6 13 7
< RES 1637333230 125 2
< GRENADE
> REQ 1637333230 126 2
> VAMPIRE 1 2 5 1 0 3 0
> VAMPIRE 2 2 5 1 0 3 0
> VAMPIRE 3 11 10 2 1 3 0
> VAMPIRE 4 2 5 3 0 3 0
> GRENADE 4 1 5 4 3
> GRENADE 1 2 5 5 3
> GRENADE 2 2 5 5 3
> POWERUP TOMATO 1 2 5 7
> BAT1 11 7 6 1 11 8
> BAT2 13 4 13 6 1 8 7 1
> BAT3 11 6 13 7
< RES 1637333230 126 2
> REQ 1637333230 127 2
> VAMPIRE 1 2 5 1 0 3 0
> VAMPIRE 2 2 5 1 0 3 0
> VAMPIRE 3 11 10 2 0 3 0
> VAMPIRE 4 2 5 3 0 3 0
> GRENADE 4 1 5 3 3
> GRENADE 1 2 5 4 3
> GRENADE 2 2 5 4 3
> GRENADE 3 11 10 5 3
> POWERUP TOMATO 1 2 5 7
> BAT1 11 7 6 1 11 8
> BAT2 13 4 13 6 1 8 7 1
> BAT3 11 6 13 7
< RES 1637333230 127 2
> REQ 1637333230 128 2
> VAMPIRE 1 2 5 1 0 3 0
> VAMPIRE 2 2 5 1 0 3 0
> VAMPIRE 3 10 9 2 0 3 0
> VAMPIRE 4 2 5 3 0 3 0
> GRENADE 4 1 5 2 3
> GRENADE 1 2 5 3 3
> GRENADE 2 2 5 3 3
> GRENADE 3 11 10 4 3
> POWERUP TOMATO 1 2 5 7
> BAT1 11 7 6 1 11 8
> BAT2 13 4 13 6 1 8 7 1
> BAT3 11 6 13 7
< RES 1637333230 128 2
< GRENADE
> REQ 1637333230 129 2
> VAMPIRE 1 2 5 1 0 3 0
> VAMPIRE 2 2 5 1 0 3 0
> VAMPIRE 3 9 9 2 0 3 0
> VAMPIRE 4 2 5 3 0 3 0
> GRENADE 4 1 5 1 3
> GRENADE 1 2 5 2 3
> GRENADE 2 2 5 2 3
> GRENADE 3 11 10 3 3
> POWERUP TOMATO 1 2 5 7
> BAT1 11 7 6 1 11 8
> BAT2 13 4 13 6 1 8 7 1
> BAT3 11 6 13 7
< RES 1637333230 129 2
> END 494 Could_not_be_more_deaded
