> MESSAGE OK
> LEVEL 9
> GAMEID 1637334253
> TEST 1
> MAXTICK 1000
> GRENADERADIUS 2
> SIZE 21
> REQ 1637334253 0 2
> VAMPIRE 1 1 1 3 1 2 0
> VAMPIRE 4 1 19 3 1 2 0
> VAMPIRE 3 19 19 3 1 2 0
> VAMPIRE 2 19 1 3 1 2 0
> BAT1 4 1 6 1 8 1 10 1 12 1 14 1 16 1 1 4 19 4 6 5 8 5 10 5 12 5 14 5 1 6 5 6 15 6 19 6 1 8 5 8 15 8 19 8 10 9 1 10 5 10 9 10 11 10 15 10 19 10 10 11 1 12 5 12 15 12 19 12 1 14 5 14 15 14 19 14 6 15 8 15 10 15 12 15 14 15 1 16 19 16 4 19 6 19 8 19 10 19 12 19 14 19 16 19
> BAT2 4 3 6 3 8 3 10 3 12 3 14 3 16 3 3 4 17 4 3 6 17 6 8 7 10 7 12 7 3 8 7 8 13 8 17 8 3 10 7 10 13 10 17 10 3 12 7 12 13 12 17 12 8 13 10 13 12 13 3 14 17 14 3 16 17 16 4 17 6 17 8 17 10 17 12 17 14 17 16 17
< RES 1637334253 0 2
< MOVE U U
> REQ 1637334253 1 2
> VAMPIRE 1 2 1 3 1 2 0
> VAMPIRE 4 3 19 3 1 2 0
> VAMPIRE 3 17 19 3 1 2 0
> VAMPIRE 2 17 1 3 1 2 0
> BAT1 4 1 6 1 8 1 10 1 12 1 14 1 16 1 1 4 19 4 6 5 8 5 10 5 12 5 14 5 1 6 5 6 15 6 19 6 1 8 5 8 15 8 19 8 10 9 1 10 5 10 9 10 11 10 15 10 19 10 10 11 1 12 5 12 15 12 19 12 1 14 5 14 15 14 19 14 6 15 8 15 10 15 12 15 14 15 1 16 19 16 4 19 6 19 8 19 10 19 12 19 14 19 16 19
> BAT2 4 3 6 3 8 3 10 3 12 3 14 3 16 3 3 4 17 4 3 6 17 6 8 7 10 7 12 7 3 8 7 8 13 8 17 8 3 10 7 10 13 10 17 10 3 12 7 12 13 12 17 12 8 13 10 13 12 13 3 14 17 14 3 16 17 16 4 17 6 17 8 17 10 17 12 17 14 17 16 17
< RES 1637334253 1 2
< GRENADE
> REQ 1637334253 2 2
> VAMPIRE 1 1 2 3 0 2 0
> VAMPIRE 4 3 19 3 0 2 0
> VAMPIRE 3 17 17 3 1 2 0
> VAMPIRE 2 17 1 3 0 2 0
> GRENADE 1 2 1 5 2
> GRENADE 4 3 19 5 2
> GRENADE 2 17 1 5 2
> BAT1 4 1 6 1 8 1 10 1 12 1 14 1 16 1 1 4 19 4 6 5 8 5 10 5 12 5 14 5 1 6 5 6 15 6 19 6 1 8 5 8 15 8 19 8 10 9 1 10 5 10 9 10 11 10 15 10 19 10 10 11 1 12 5 12 15 12 19 12 1 14 5 14 15 14 19 14 6 15 8 15 10 15 12 15 14 15 1 16 19 16 4 19 6 19 8 19 10 19 12 19 14 19 16 19
> BAT2 4 3 6 3 8 3 10 3 12 3 14 3 16 3 3 4 17 4 3 6 17 6 8 7 10 7 12 7 3 8 7 8 13 8 17 8 3 10 7 10 13 10 17 10 3 12 7 12 13 12 17 12 8 13 10 13 12 13 3 14 17 14 3 16 17 16 4 17 6 17 8 17 10 17 12 17 14 17 16 17
< RES 1637334253 2 2
< THROW XR 2
< MOVE D
> REQ 1637334253 3 2
> VAMPIRE 1 1 1 3 0 2 0
> VAMPIRE 4 3 19 3 0 2 0
> VAMPIRE 3 19 17 3 0 2 0
> VAMPIRE 2 18 1 3 0 2 0
> GRENADE 1 2 1 4 2
> GRENADE 4 5 19 4 2
> GRENADE 2 17 3 4 2
> GRENADE 3 17 17 5 2
> BAT1 4 1 6 1 8 1 10 1 12 1 14 1 16 1 1 4 19 4 6 5 8 5 10 5 12 5 14 5 1 6 5 6 15 6 19 6 1 8 5 8 15 8 19 8 10 9 1 10 5 10 9 10 11 10 15 10 19 10 10 11 1 12 5 12 15 12 19 12 1 14 5 14 15 14 19 14 6 15 8 15 10 15 12 15 14 15 1 16 19 16 4 19 6 19 8 19 10 19 12 19 14 19 16 19
> BAT2 4 3 6 3 8 3 10 3 12 3 14 3 16 3 3 4 17 4 3 6 17 6 8 7 10 7 12 7 3 8 7 8 13 8 17 8 3 10 7 10 13 10 17 10 3 12 7 12 13 12 17 12 8 13 10 13 12 13 3 14 17 14 3 16 17 16 4 17 6 17 8 17 10 17 12 17 14 17 16 17
< RES 1637334253 3 2
< MOVE U R
> REQ 1637334253 4 2
> VAMPIRE 1 1 3 3 0 2 0
> VAMPIRE 4 3 17 3 0 2 0
> VAMPIRE 3 19 18 3 0 2 0
> VAMPIRE 2 17 2 3 0 2 0
> GRENADE 1 5 1 3 2
> GRENADE 4 5 19 3 2
> GRENADE 2 17 3 3 2
> GRENADE 3 17 17 4 2
> BAT1 4 1 6 1 8 1 10 1 12 1 14 1 16 1 1 4 19 4 6 5 8 5 10 5 12 5 14 5 1 6 5 6 15 6 19 6 1 8 5 8 15 8 19 8 10 9 1 10 5 10 9 10 11 10 15 10 19 10 10 11 1 12 5 12 15 12 19 12 1 14 5 14 15 14 19 14 6 15 8 15 10 15 12 15 14 15 1 16 19 16 4 19 6 19 8 19 10 19 12 19 14 19 16 19
> BAT2 4 3 6 3 8 3 10 3 12 3 14 3 16 3 3 4 17 4 3 6 17 6 8 7 10 7 12 7 3 8 7 8 13 8 17 8 3 10 7 10 13 10 17 10 3 12 7 12 13 12 17 12 8 13 10 13 12 13 3 14 17 14 3 16 17 16 4 17 6 17 8 17 10 17 12 17 14 17 16 17
< RES 1637334253 4 2
< THROW R 2
< MOVE L
> REQ 1637334253 5 2
> VAMPIRE 1 1 3 3 0 2 0
> VAMPIRE 4 3 17 3 0 2 0
> VAMPIRE 3 19 18 3 0 2 0
> VAMPIRE 2 17 1 3 0 2 0
> GRENADE 1 5 1 2 2
> GRENADE 4 5 19 2 2
> GRENADE 2 17 5 2 2
> GRENADE 3 17 17 3 2
> BAT1 4 1 6 1 8 1 10 1 12 1 14 1 16 1 1 4 19 4 6 5 8 5 10 5 12 5 14 5 1 6 5 6 15 6 19 6 1 8 5 8 15 8 19 8 10 9 1 10 5 10 9 10 11 10 15 10 19 10 10 11 1 12 5 12 15 12 19 12 1 14 5 14 15 14 19 14 6 15 8 15 10 15 12 15 14 15 1 16 19 16 4 19 6 19 8 19 10 19 12 19 14 19 16 19
> BAT2 4 3 6 3 8 3 10 3 12 3 14 3 16 3 3 4 17 4 3 6 17 6 8 7 10 7 12 7 3 8 7 8 13 8 17 8 3 10 7 10 13 10 17 10 3 12 7 12 13 12 17 12 8 13 10 13 12 13 3 14 17 14 3 16 17 16 4 17 6 17 8 17 10 17 12 17 14 17 16 17
< RES 1637334253 5 2
> REQ 1637334253 6 2
> VAMPIRE 1 1 3 3 0 2 0
> VAMPIRE 4 3 17 3 0 2 0
> VAMPIRE 3 19 18 3 0 2 0
> VAMPIRE 2 17 1 3 0 2 0
> GRENADE 1 5 1 1 2
> GRENADE 4 5 19 1 2
> GRENADE 2 17 5 1 2
> GRENADE 3 17 17 2 2
> BAT1 4 1 6 1 8 1 10 1 12 1 14 1 16 1 1 4 19 4 6 5 8 5 10 5 12 5 14 5 1 6 5 6 15 6 19 6 1 8 5 8 15 8 19 8 10 9 1 10 5 10 9 10 11 10 15 10 19 10 10 11 1 12 5 12 15 12 19 12 1 14 5 14 15 14 19 14 6 15 8 15 10 15 12 15 14 15 1 16 19 16 4 19 6 19 8 19 10 19 12 19 14 19 16 19
> BAT2 4 3 6 3 8 3 10 3 12 3 14 3 16 3 3 4 17 4 3 6 17 6 8 7 10 7 12 7 3 8 7 8 13 8 17 8 3 10 7 10 13 10 17 10 3 12 7 12 13 12 17 12 8 13 10 13 12 13 3 14 17 14 3 16 17 16 4 17 6 17 8 17 10 17 12 17 14 17 16 17
< RES 1637334253 6 2
< MOVE R R
> REQ 1637334253 7 2
> VAMPIRE 1 3 3 3 1 2 0
> VAMPIRE 4 3 17 3 1 2 0
> VAMPIRE 3 19 18 3 0 2 0
> VAMPIRE 2 17 3 3 1 2 0
> GRENADE 3 17 17 1 2
> BAT1 8 1 10 1 12 1 14 1 16 1 1 4 19 4 6 5 8 5 10 5 12 5 14 5 1 6 5 6 15 6 19 6 1 8 5 8 15 8 19 8 10 9 1 10 5 10 9 10 11 10 15 10 19 10 10 11 1 12 5 12 15 12 19 12 1 14 5 14 15 14 19 14 6 15 8 15 10 15 12 15 14 15 1 16 19 16 8 19 10 19 12 19 14 19 16 19 17 4 17 6
> BAT2 4 3 6 3 8 3 10 3 12 3 14 3 16 3 3 4 3 6 8 7 10 7 12 7 3 8 7 8 13 8 17 8 3 10 7 10 13 10 17 10 3 12 7 12 13 12 17 12 8 13 10 13 12 13 3 14 17 14 3 16 17 16 4 17 6 17 8 17 10 17 12 17 14 17 16 17
< RES 1637334253 7 2
< GRENADE
> REQ 1637334253 8 2
> VAMPIRE 1 3 1 3 0 2 0
> VAMPIRE 4 3 19 3 0 2 0
> VAMPIRE 3 19 17 3 1 2 0
> VAMPIRE 2 17 3 3 0 2 0
> GRENADE 1 3 3 5 2
> GRENADE 4 3 17 5 2
> GRENADE 2 17 3 5 2
> BAT1 8 1 10 1 12 1 14 1 16 1 1 4 19 4 6 5 8 5 10 5 12 5 14 5 1 6 5 6 15 6 19 6 1 8 5 8 15 8 19 8 10 9 1 10 5 10 9 10 11 10 15 10 19 10 10 11 1 12 5 12 15 12 19 12 1 14 5 14 15 14 19 14 6 15 8 15 10 15 12 15 14 15 1 16 19 16 8 19 10 19 12 19 14 19 16 19 17 4 17 6 17 16 16 17
> BAT2 4 3 6 3 8 3 10 3 12 3 14 3 16 3 3 4 3 6 8 7 10 7 12 7 3 8 7 8 13 8 17 8 3 10 7 10 13 10 17 10 3 12 7 12 13 12 17 12 8 13 10 13 12 13 3 14 17 14 3 16 4 17 6 17 8 17 10 17 12 17 14 17
< RES 1637334253 8 2
< THROW XU 2
> REQ 1637334253 9 2
> VAMPIRE 1 3 2 3 0 2 0
> VAMPIRE 4 5 19 3 0 2 0
> VAMPIRE 3 17 17 3 1 2 0
> VAMPIRE 2 17 3 3 0 2 0
> GRENADE 1 3 3 4 2
> GRENADE 4 3 17 4 2
> GRENADE 2 15 3 4 2
> BAT1 8 1 10 1 12 1 14 1 16 1 1 4 19 4 6 5 8 5 10 5 12 5 14 5 1 6 5 6 15 6 19 6 1 8 5 8 15 8 19 8 10 9 1 10 5 10 9 10 11 10 15 10 19 10 10 11 1 12 5 12 15 12 19 12 1 14 5 14 15 14 19 14 6 15 8 15 10 15 12 15 14 15 1 16 19 16 8 19 10 19 12 19 14 19 16 19 17 4 17 6 17 16 16 17
> BAT2 4 3 6 3 8 3 10 3 12 3 14 3 16 3 3 4 3 6 8 7 10 7 12 7 3 8 7 8 13 8 17 8 3 10 7 10 13 10 17 10 3 12 7 12 13 12 17 12 8 13 10 13 12 13 3 14 17 14 3 16 4 17 6 17 8 17 10 17 12 17 14 17
< RES 1637334253 9 2
> REQ 1637334253 10 2
> VAMPIRE 1 3 1 3 0 2 0
> VAMPIRE 4 5 19 3 0 2 0
> VAMPIRE 3 19 17 3 0 2 0
> VAMPIRE 2 17 3 3 0 2 0
> GRENADE 1 3 5 3 2
> GRENADE 4 3 17 3 2
> GRENADE 2 15 3 3 2
> GRENADE 3 17 17 5 2
> BAT1 8 1 10 1 12 1 14 1 16 1 1 4 19 4 6 5 8 5 10 5 12 5 14 5 1 6 5 6 15 6 19 6 1 8 5 8 15 8 19 8 10 9 1 10 5 10 9 10 11 10 15 10 19 10 10 11 1 12 5 12 15 12 19 12 1 14 5 14 15 14 19 14 6 15 8 15 10 15 12 15 14 15 1 16 19 16 8 19 10 19 12 19 14 19 16 19 17 4 17 6 17 16 16 17
> BAT2 4 3 6 3 8 3 10 3 12 3 14 3 16 3 3 4 3 6 8 7 10 7 12 7 3 8 7 8 13 8 17 8 3 10 7 10 13 10 17 10 3 12 7 12 13 12 17 12 8 13 10 13 12 13 3 14 17 14 3 16 4 17 6 17 8 17 10 17 12 17 14 17
< RES 1637334253 10 2
> REQ 1637334253 11 2
> VAMPIRE 1 3 1 3 0 2 0
> VAMPIRE 4 5 19 3 0 2 0
> VAMPIRE 3 19 18 3 0 2 0
> VAMPIRE 2 17 3 3 0 2 0
> GRENADE 1 3 5 2 2
> GRENADE 4 3 17 2 2
> GRENADE 2 15 3 2 2
> GRENADE 3 17 17 4 2
> BAT1 8 1 10 1 12 1 14 1 16 1 1 4 19 4 6 5 8 5 10 5 12 5 14 5 1 6 5 6 15 6 19 6 1 8 5 8 15 8 19 8 10 9 1 10 5 10 9 10 11 10 15 10 19 10 10 11 1 12 5 12 15 12 19 12 1 14 5 14 15 14 19 14 6 15 8 15 10 15 12 15 14 15 1 16 19 16 8 19 10 19 12 19 14 19 16 19 17 4 17 6 17 16 16 17
> BAT2 4 3 6 3 8 3 10 3 12 3 14 3 16 3 3 4 3 6 8 7 10 7 12 7 3 8 7 8 13 8 17 8 3 10 7 10 13 10 17 10 3 12 7 12 13 12 17 12 8 13 10 13 12 13 3 14 17 14 3 16 4 17 6 17 8 17 10 17 12 17 14 17
< RES 1637334253 11 2
> REQ 1637334253 12 2
> VAMPIRE 1 5 1 3 0 2 0
> VAMPIRE 4 5 19 3 0 2 0
> VAMPIRE 3 19 18 3 0 2 0
> VAMPIRE 2 17 3 3 0 2 0
> GRENADE 1 3 5 1 2
> GRENADE 4 3 17 1 2
> GRENADE 2 15 3 1 2
> GRENADE 3 17 17 3 2
> BAT1 8 1 10 1 12 1 14 1 16 1 1 4 19 4 6 5 8 5 10 5 12 5 14 5 1 6 5 6 15 6 19 6 1 8 5 8 15 8 19 8 10 9 1 10 5 10 9 10 11 10 15 10 19 10 10 11 1 12 5 12 15 12 19 12 1 14 5 14 15 14 19 14 6 15 8 15 10 15 12 15 14 15 1 16 19 16 8 19 10 19 12 19 14 19 16 19 17 4 17 6 17 16 16 17
> BAT2 4 3 6 3 8 3 10 3 12 3 14 3 16 3 3 4 3 6 8 7 10 7 12 7 3 8 7 8 13 8 17 8 3 10 7 10 13 10 17 10 3 12 7 12 13 12 17 12 8 13 10 13 12 13 3 14 17 14 3 16 4 17 6 17 8 17 10 17 12 17 14 17
< RES 1637334253 12 2
> REQ 1637334253 13 2
> VAMPIRE 1 6 1 3 1 2 0
> VAMPIRE 4 5 17 3 1 2 0
> VAMPIRE 3 19 18 3 0 2 0
> VAMPIRE 2 17 3 3 1 2 0
> GRENADE 3 17 17 2 2
> BAT1 8 1 10 1 12 1 14 1 16 1 1 4 19 4 6 5 8 5 10 5 12 5 14 5 1 6 5 6 15 6 19 6 1 8 5 8 15 8 19 8 10 9 1 10 5 10 9 10 11 10 15 10 19 10 10 11 1 12 5 12 15 12 19 12 1 14 5 14 15 14 19 14 6 15 8 15 10 15 12 15 14 15 1 16 19 16 8 19 10 19 12 19 14 19 16 19 14 3 16 3 3 4 17 4 3 6 17 6 3 16 17 16 4 17 16 17
> BAT2 4 3 6 3 8 3 10 3 12 3 8 7 10 7 12 7 3 8 7 8 13 8 17 8 3 10 7 10 13 10 17 10 3 12 7 12 13 12 17 12 8 13 10 13 12 13 3 14 17 14 6 17 8 17 10 17 12 17 14 17
< RES 1637334253 13 2
< GRENADE
> REQ 1637334253 14 2
> VAMPIRE 1 5 2 3 0 2 0
> VAMPIRE 4 5 19 3 0 2 0
> VAMPIRE 3 19 18 3 0 2 0
> VAMPIRE 2 17 3 3 0 2 0
> GRENADE 3 17 17 1 2
> GRENADE 1 6 1 5 2
> GRENADE 4 5 17 5 2
> GRENADE 2 17 3 5 2
> BAT1 8 1 10 1 12 1 14 1 16 1 1 4 19 4 6 5 8 5 10 5 12 5 14 5 1 6 5 6 15 6 19 6 1 8 5 8 15 8 19 8 10 9 1 10 5 10 9 10 11 10 15 10 19 10 10 11 1 12 5 12 15 12 19 12 1 14 5 14 15 14 19 14 6 15 8 15 10 15 12 15 14 15 1 16 19 16 8 19 10 19 12 19 14 19 16 19 14 3 16 3 3 4 17 4 3 6 17 6 3 16 17 16 4 17 16 17
> BAT2 4 3 6 3 8 3 10 3 12 3 8 7 10 7 12 7 3 8 7 8 13 8 17 8 3 10 7 10 13 10 17 10 3 12 7 12 13 12 17 12 8 13 10 13 12 13 3 14 17 14 6 17 8 17 10 17 12 17 14 17
< RES 1637334253 14 2
< THROW XU 2
> REQ 1637334253 15 2
> VAMPIRE 1 5 1 3 0 2 0
> VAMPIRE 4 5 18 3 0 2 0
> VAMPIRE 3 19 17 3 1 2 0
> VAMPIRE 2 17 3 3 0 2 0
> GRENADE 1 6 1 4 2
> GRENADE 4 5 17 4 2
> GRENADE 2 15 3 4 2
> BAT1 8 1 10 1 12 1 14 1 16 1 1 4 19 4 6 5 8 5 10 5 12 5 14 5 1 6 5 6 15 6 19 6 1 8 5 8 15 8 19 8 10 9 1 10 5 10 9 10 11 10 15 10 19 10 10 11 1 12 5 12 15 12 19 12 1 14 5 14 15 14 19 14 6 15 8 15 10 15 12 15 14 15 1 16 19 16 8 19 10 19 12 19 14 19 16 19 14 3 16 3 3 4 17 4 3 6 17 6 3 16 4 17
> BAT2 4 3 6 3 8 3 10 3 12 3 8 7 10 7 12 7 3 8 7 8 13 8 17 8 3 10 7 10 13 10 17 10 3 12 7 12 13 12 17 12 8 13 10 13 12 13 3 14 17 14 6 17 8 17 10 17 12 17 14 17
< RES 1637334253 15 2
< MOVE L L
> REQ 1637334253 16 2
> VAMPIRE 1 5 1 3 0 2 0
> VAMPIRE 4 5 19 3 0 2 0
> VAMPIRE 3 19 17 3 0 2 0
> VAMPIRE 2 17 1 3 0 2 0
> GRENADE 1 9 1 3 2
> GRENADE 4 5 15 3 2
> GRENADE 2 15 3 3 2
> GRENADE 3 19 17 5 2
> BAT1 8 1 10 1 12 1 14 1 16 1 1 4 19 4 6 5 8 5 10 5 12 5 14 5 1 6 5 6 15 6 19 6 1 8 5 8 15 8 19 8 10 9 1 10 5 10 9 10 11 10 15 10 19 10 10 11 1 12 5 12 15 12 19 12 1 14 5 14 15 14 19 14 6 15 8 15 10 15 12 15 14 15 1 16 19 16 8 19 10 19 12 19 14 19 16 19 14 3 16 3 3 4 17 4 3 6 17 6 3 16 4 17
> BAT2 4 3 6 3 8 3 10 3 12 3 8 7 10 7 12 7 3 8 7 8 13 8 17 8 3 10 7 10 13 10 17 10 3 12 7 12 13 12 17 12 8 13 10 13 12 13 3 14 17 14 6 17 8 17 10 17 12 17 14 17
< RES 1637334253 16 2
> REQ 1637334253 17 2
> VAMPIRE 1 5 1 3 0 2 0
> VAMPIRE 4 5 19 3 0 2 0
> VAMPIRE 3 17 17 3 0 2 0
> VAMPIRE 2 17 1 3 0 2 0
> GRENADE 1 9 1 2 2
> GRENADE 4 5 15 2 2
> GRENADE 2 15 3 2 2
> GRENADE 3 19 15 4 2
> BAT1 8 1 10 1 12 1 14 1 16 1 1 4 19 4 6 5 8 5 10 5 12 5 14 5 1 6 5 6 15 6 19 6 1 8 5 8 15 8 19 8 10 9 1 10 5 10 9 10 11 10 15 10 19 10 10 11 1 12 5 12 15 12 19 12 1 14 5 14 15 14 19 14 6 15 8 15 10 15 12 15 14 15 1 16 19 16 8 19 10 19 12 19 14 19 16 19 14 3 16 3 3 4 17 4 3 6 17 6 3 16 4 17
> BAT2 4 3 6 3 8 3 10 3 12 3 8 7 10 7 12 7 3 8 7 8 13 8 17 8 3 10 7 10 13 10 17 10 3 12 7 12 13 12 17 12 8 13 10 13 12 13 3 14 17 14 6 17 8 17 10 17 12 17 14 17
< RES 1637334253 17 2
> REQ 1637334253 18 2
> VAMPIRE 1 5 1 3 0 2 0
> VAMPIRE 4 5 19 3 0 2 0
> VAMPIRE 3 17 17 3 0 2 0
> VAMPIRE 2 17 1 3 0 2 0
> GRENADE 1 9 1 1 2
> GRENADE 4 5 15 1 2
> GRENADE 2 15 3 1 2
> GRENADE 3 19 15 3 2
> BAT1 8 1 10 1 12 1 14 1 16 1 1 4 19 4 6 5 8 5 10 5 12 5 14 5 1 6 5 6 15 6 19 6 1 8 5 8 15 8 19 8 10 9 1 10 5 10 9 10 11 10 15 10 19 10 10 11 1 12 5 12 15 12 19 12 1 14 5 14 15 14 19 14 6 15 8 15 10 15 12 15 14 15 1 16 19 16 8 19 10 19 12 19 14 19 16 19 14 3 16 3 3 4 17 4 3 6 17 6 3 16 4 17
> BAT2 4 3 6 3 8 3 10 3 12 3 8 7 10 7 12 7 3 8 7 8 13 8 17 8 3 10 7 10 13 10 17 10 3 12 7 12 13 12 17 12 8 13 10 13 12 13 3 14 17 14 6 17 8 17 10 17 12 17 14 17
< RES 1637334253 18 2
< MOVE R R
> REQ 1637334253 19 2
> VAMPIRE 1 5 3 3 1 2 0
> VAMPIRE 4 5 17 3 1 2 0
> VAMPIRE 3 17 17 3 0 2 0
> VAMPIRE 2 17 3 3 1 2 0
> GRENADE 3 19 15 2 2
> BAT1 12 1 14 1 16 1 1 4 19 4 6 5 8 5 10 5 12 5 14 5 1 6 5 6 15 6 19 6 1 8 5 8 15 8 19 8 10 9 1 10 5 10 9 10 11 10 15 10 19 10 10 11 1 12 5 12 15 12 19 12 1 14 15 14 19 14 8 15 10 15 12 15 14 15 1 16 19 16 8 19 10 19 12 19 14 19 16 19 3 4 17 4 3 6 17 6 3 16 4 17
> BAT2 4 3 6 3 8 3 10 3 12 3 8 7 10 7 12 7 3 8 7 8 13 8 17 8 3 10 7 10 13 10 17 10 3 12 7 12 13 12 17 12 8 13 10 13 12 13 3 14 17 14 6 17 8 17 10 17 12 17 14 17
< RES 1637334253 19 2
< GRENADE
> REQ 1637334253 20 2
> VAMPIRE 1 5 1 3 0 2 0
> VAMPIRE 4 5 15 3 0 2 0
> VAMPIRE 3 15 17 3 0 2 0
> VAMPIRE 2 17 3 3 0 2 0
> GRENADE 3 19 15 1 2
> GRENADE 1 5 3 5 2
> GRENADE 4 5 17 5 2
> GRENADE 2 17 3 5 2
> BAT1 12 1 14 1 16 1 1 4 19 4 6 5 8 5 10 5 12 5 14 5 1 6 5 6 15 6 19 6 1 8 5 8 15 8 19 8 10 9 1 10 5 10 9 10 11 10 15 10 19 10 10 11 1 12 5 12 15 12 19 12 1 14 15 14 19 14 8 15 10 15 12 15 14 15 1 16 19 16 8 19 10 19 12 19 14 19 16 19 3 4 17 4 3 6 17 6 3 16 4 17
> BAT2 4 3 6 3 8 3 10 3 12 3 8 7 10 7 12 7 3 8 7 8 13 8 17 8 3 10 7 10 13 10 17 10 3 12 7 12 13 12 17 12 8 13 10 13 12 13 3 14 17 14 6 17 8 17 10 17 12 17 14 17
< RES 1637334253 20 2
< THROW XR 2
< MOVE U U
> REQ 1637334253 21 2
> VAMPIRE 1 5 2 3 0 2 0
> VAMPIRE 4 7 15 3 0 2 0
> VAMPIRE 3 15 15 3 1 2 0
> VAMPIRE 2 15 3 3 0 2 0
> GRENADE 1 5 3 4 2
> GRENADE 4 5 17 4 2
> GRENADE 2 17 5 4 2
> BAT1 12 1 14 1 16 1 1 4 19 4 6 5 8 5 10 5 12 5 14 5 1 6 5 6 15 6 19 6 1 8 5 8 15 8 19 8 10 9 1 10 5 10 9 10 11 10 15 10 19 10 10 11 1 12 5 12 15 12 19 12 1 14 15 14 8 15 10 15 12 15 14 15 1 16 8 19 10 19 12 19 14 19 16 19 3 4 17 4 3 6 17 6 3 16 4 17
> BAT2 4 3 6 3 8 3 10 3 12 3 8 7 10 7 12 7 3 8 7 8 13 8 17 8 3 10 7 10 13 10 17 10 3 12 7 12 13 12 17 12 8 13 10 13 12 13 3 14 17 14 6 17 8 17 10 17 12 17 14 17
< RES 1637334253 21 2
> REQ 1637334253 22 2
> VAMPIRE 1 5 1 3 0 2 0
> VAMPIRE 4 7 15 3 0 2 0
> VAMPIRE 3 15 15 3 0 2 0
> VAMPIRE 2 15 3 3 0 2 0
> GRENADE 1 5 5 3 2
> GRENADE 4 5 17 3 2
> GRENADE 2 17 5 3 2
> GRENADE 3 15 15 5 2
> BAT1 12 1 14 1 16 1 1 4 19 4 6 5 8 5 10 5 12 5 14 5 1 6 5 6 15 6 19 6 1 8 5 8 15 8 19 8 10 9 1 10 5 10 9 10 11 10 15 10 19 10 10 11 1 12 5 12 15 12 19 12 1 14 15 14 8 15 10 15 12 15 14 15 1 16 8 19 10 19 12 19 14 19 16 19 3 4 17 4 3 6 17 6 3 16 4 17
> BAT2 4 3 6 3 8 3 10 3 12 3 8 7 10 7 12 7 3 8 7 8 13 8 17 8 3 10 7 10 13 10 17 10 3 12 7 12 13 12 17 12 8 13 10 13 12 13 3 14 17 14 6 17 8 17 10 17 12 17 14 17
< RES 1637334253 22 2
> REQ 1637334253 23 2
> VAMPIRE 1 5 1 3 0 2 0
> VAMPIRE 4 7 15 3 0 2 0
> VAMPIRE 3 17 15 3 0 2 0
> VAMPIRE 2 15 3 3 0 2 0
> GRENADE 1 5 5 2 2
> GRENADE 4 5 17 2 2
> GRENADE 2 17 5 2 2
> GRENADE 3 15 13 4 2
> BAT1 12 1 14 1 16 1 1 4 19 4 6 5 8 5 10 5 12 5 14 5 1 6 5 6 15 6 19 6 1 8 5 8 15 8 19 8 10 9 1 10 5 10 9 10 11 10 15 10 19 10 10 11 1 12 5 12 15 12 19 12 1 14 15 14 8 15 10 15 12 15 14 15 1 16 8 19 10 19 12 19 14 19 16 19 3 4 17 4 3 6 17 6 3 16 4 17
> BAT2 4 3 6 3 8 3 10 3 12 3 8 7 10 7 12 7 3 8 7 8 13 8 17 8 3 10 7 10 13 10 17 10 3 12 7 12 13 12 17 12 8 13 10 13 12 13 3 14 17 14 6 17 8 17 10 17 12 17 14 17
< RES 1637334253 23 2
< MOVE U U
> REQ 1637334253 24 2
> VAMPIRE 1 5 1 3 0 2 0
> VAMPIRE 4 7 15 3 0 2 0
> VAMPIRE 3 17 17 3 0 2 0
> VAMPIRE 2 13 3 3 0 2 0
> GRENADE 1 5 5 1 2
> GRENADE 4 5 17 1 2
> GRENADE 2 17 5 1 2
> GRENADE 3 15 13 3 2
> BAT1 12 1 14 1 16 1 1 4 19 4 6 5 8 5 10 5 12 5 14 5 1 6 5 6 15 6 19 6 1 8 5 8 15 8 19 8 10 9 1 10 5 10 9 10 11 10 15 10 19 10 10 11 1 12 5 12 15 12 19 12 1 14 15 14 8 15 10 15 12 15 14 15 1 16 8 19 10 19 12 19 14 19 16 19 3 4 17 4 3 6 17 6 3 16 4 17
> BAT2 4 3 6 3 8 3 10 3 12 3 8 7 10 7 12 7 3 8 7 8 13 8 17 8 3 10 7 10 13 10 17 10 3 12 7 12 13 12 17 12 8 13 10 13 12 13 3 14 17 14 6 17 8 17 10 17 12 17 14 17
< RES 1637334253 24 2
< MOVE L L
> REQ 1637334253 25 2
> VAMPIRE 1 5 3 3 1 2 0
> VAMPIRE 4 7 13 3 1 2 0
> VAMPIRE 3 17 17 3 0 2 0
> VAMPIRE 2 13 1 3 1 2 0
> GRENADE 3 15 13 2 2
> BAT1 12 1 14 1 16 1 1 4 19 4 8 5 10 5 12 5 14 5 1 6 15 6 19 6 1 8 5 8 15 8 19 8 10 9 1 10 5 10 9 10 11 10 15 10 19 10 10 11 1 12 5 12 15 12 19 12 1 14 15 14 8 15 10 15 12 15 14 15 1 16 8 19 10 19 12 19 14 19 16 19 3 4 3 6 3 16 6 17
> BAT2 4 3 6 3 8 3 10 3 12 3 8 7 10 7 12 7 3 8 7 8 13 8 17 8 3 10 7 10 13 10 17 10 3 12 7 12 13 12 17 12 8 13 10 13 12 13 3 14 17 14 8 17 10 17 12 17 14 17
< RES 1637334253 25 2
< GRENADE
< MOVE R R
> REQ 1637334253 26 2
> VAMPIRE 1 5 5 3 0 2 0
> VAMPIRE 4 7 13 3 0 2 0
> VAMPIRE 3 15 17 3 0 2 0
> VAMPIRE 2 13 3 3 0 2 0
> GRENADE 3 15 13 1 2
> GRENADE 1 5 3 5 2
> GRENADE 4 7 13 5 2
> GRENADE 2 13 1 5 2
> BAT1 12 1 14 1 16 1 1 4 19 4 8 5 10 5 12 5 14 5 1 6 15 6 19 6 1 8 5 8 15 8 19 8 10 9 1 10 5 10 9 10 11 10 15 10 19 10 10 11 1 12 5 12 15 12 19 12 1 14 15 14 8 15 10 15 12 15 14 15 1 16 8 19 10 19 12 19 14 19 16 19 3 4 3 6 3 16 6 17
> BAT2 4 3 6 3 8 3 10 3 12 3 8 7 10 7 12 7 3 8 7 8 13 8 17 8 3 10 7 10 13 10 17 10 3 12 7 12 13 12 17 12 8 13 10 13 12 13 3 14 17 14 8 17 10 17 12 17 14 17
< RES 1637334253 26 2
< MOVE D D
> REQ 1637334253 27 2
> VAMPIRE 1 7 5 3 0 2 0
> VAMPIRE 4 5 13 3 0 2 0
> VAMPIRE 3 15 19 3 1 2 0
> VAMPIRE 2 15 3 3 0 2 0
> GRENADE 1 5 3 4 2
> GRENADE 4 7 11 4 2
> GRENADE 2 13 1 4 2
> BAT1 12 1 14 1 16 1 1 4 19 4 8 5 10 5 12 5 14 5 1 6 15 6 19 6 1 8 5 8 15 8 19 8 10 9 1 10 5 10 9 10 11 10 15 10 19 10 10 11 1 12 5 12 19 12 1 14 8 15 10 15 12 15 14 15 1 16 8 19 10 19 12 19 14 19 16 19 3 4 3 6 3 16 6 17
> BAT2 4 3 6 3 8 3 10 3 12 3 8 7 10 7 12 7 3 8 7 8 13 8 17 8 3 10 7 10 13 10 17 10 3 12 7 12 13 12 17 12 8 13 10 13 12 13 3 14 17 14 8 17 10 17 12 17 14 17
< RES 1637334253 27 2
> REQ 1637334253 28 2
> VAMPIRE 1 7 5 3 0 2 0
> VAMPIRE 4 5 15 3 0 2 0
> VAMPIRE 3 15 17 3 0 2 0
> VAMPIRE 2 15 3 3 0 2 0
> GRENADE 1 5 3 3 2
> GRENADE 4 7 11 3 2
> GRENADE 2 13 1 3 2
> GRENADE 3 15 19 5 2
> BAT1 12 1 14 1 16 1 1 4 19 4 8 5 10 5 12 5 14 5 1 6 15 6 19 6 1 8 5 8 15 8 19 8 10 9 1 10 5 10 9 10 11 10 15 10 19 10 10 11 1 12 5 12 19 12 1 14 8 15 10 15 12 15 14 15 1 16 8 19 10 19 12 19 14 19 16 19 3 4 3 6 3 16 6 17
> BAT2 4 3 6 3 8 3 10 3 12 3 8 7 10 7 12 7 3 8 7 8 13 8 17 8 3 10 7 10 13 10 17 10 3 12 7 12 13 12 17 12 8 13 10 13 12 13 3 14 17 14 8 17 10 17 12 17 14 17
< RES 1637334253 28 2
> REQ 1637334253 29 2
> VAMPIRE 1 7 5 3 0 2 0
> VAMPIRE 4 5 15 3 0 2 0
> VAMPIRE 3 17 17 3 0 2 0
> VAMPIRE 2 15 3 3 0 2 0
> GRENADE 1 5 3 2 2
> GRENADE 4 7 11 2 2
> GRENADE 2 13 1 2 2
> GRENADE 3 15 19 4 2
> BAT1 12 1 14 1 16 1 1 4 19 4 8 5 10 5 12 5 14 5 1 6 15 6 19 6 1 8 5 8 15 8 19 8 10 9 1 10 5 10 9 10 11 10 15 10 19 10 10 11 1 12 5 12 19 12 1 14 8 15 10 15 12 15 14 15 1 16 8 19 10 19 12 19 14 19 16 19 3 4 3 6 3 16 6 17
> BAT2 4 3 6 3 8 3 10 3 12 3 8 7 10 7 12 7 3 8 7 8 13 8 17 8 3 10 7 10 13 10 17 10 3 12 7 12 13 12 17 12 8 13 10 13 12 13 3 14 17 14 8 17 10 17 12 17 14 17
< RES 1637334253 29 2
> REQ 1637334253 30 2
> VAMPIRE 1 7 5 3 0 2 0
> VAMPIRE 4 7 15 3 0 2 0
> VAMPIRE 3 17 17 3 0 2 0
> VAMPIRE 2 15 3 3 0 2 0
> GRENADE 1 5 3 1 2
> GRENADE 4 7 11 1 2
> GRENADE 2 13 1 1 2
> GRENADE 3 15 19 3 2
> BAT1 12 1 14 1 16 1 1 4 19 4 8 5 10 5 12 5 14 5 1 6 15 6 19 6 1 8 5 8 15 8 19 8 10 9 1 10 5 10 9 10 11 10 15 10 19 10 10 11 1 12 5 12 19 12 1 14 8 15 10 15 12 15 14 15 1 16 8 19 10 19 12 19 14 19 16 19 3 4 3 6 3 16 6 17
> BAT2 4 3 6 3 8 3 10 3 12 3 8 7 10 7 12 7 3 8 7 8 13 8 17 8 3 10 7 10 13 10 17 10 3 12 7 12 13 12 17 12 8 13 10 13 12 13 3 14 17 14 8 17 10 17 12 17 14 17
< RES 1637334253 30 2
< MOVE R R
> REQ 1637334253 31 2
> VAMPIRE 1 7 3 3 1 2 0
> VAMPIRE 4 7 13 3 1 2 0
> VAMPIRE 3 17 17 3 0 2 0
> VAMPIRE 2 15 5 3 1 2 0
> GRENADE 3 15 19 2 2
> BAT1 16 1 1 4 19 4 8 5 10 5 12 5 14 5 1 6 15 6 19 6 1 8 5 8 15 8 19 8 10 9 1 10 5 10 9 10 11 10 15 10 19 10 10 11 1 12 5 12 19 12 1 14 8 15 10 15 12 15 14 15 1 16 8 19 10 19 12 19 14 19 16 19 4 3 6 3 3 4 3 6 7 10 7 12 3 16 6 17
> BAT2 8 3 10 3 12 3 8 7 10 7 12 7 3 8 7 8 13 8 17 8 3 10 13 10 17 10 3 12 13 12 17 12 8 13 10 13 12 13 3 14 17 14 8 17 10 17 12 17 14 17
< RES 1637334253 31 2
< GRENADE
< MOVE D D
> REQ 1637334253 32 2
> VAMPIRE 1 7 5 3 0 2 0
> VAMPIRE 4 5 13 3 0 2 0
> VAMPIRE 3 17 17 3 0 2 0
> VAMPIRE 2 17 5 3 0 2 0
> GRENADE 3 15 19 1 2
> GRENADE 1 7 3 5 2
> GRENADE 4 7 13 5 2
> GRENADE 2 15 5 5 2
> BAT1 16 1 1 4 19 4 8 5 10 5 12 5 14 5 1 6 15 6 19 6 1 8 5 8 15 8 19 8 10 9 1 10 5 10 9 10 11 10 15 10 19 10 10 11 1 12 5 12 19 12 1 14 8 15 10 15 12 15 14 15 1 16 8 19 10 19 12 19 14 19 16 19 4 3 6 3 3 4 3 6 7 10 7 12 3 16 6 17
> BAT2 8 3 10 3 12 3 8 7 10 7 12 7 3 8 7 8 13 8 17 8 3 10 13 10 17 10 3 12 13 12 17 12 8 13 10 13 12 13 3 14 17 14 8 17 10 17 12 17 14 17
< RES 1637334253 32 2
< MOVE L L
> REQ 1637334253 33 2
> VAMPIRE 1 5 5 3 0 2 0
> VAMPIRE 4 5 15 3 0 2 0
> VAMPIRE 3 15 17 3 1 2 0
> VAMPIRE 2 17 3 3 0 2 0
> GRENADE 1 7 3 4 2
> GRENADE 4 7 13 4 2
> GRENADE 2 15 5 4 2
> BAT1 16 1 1 4 19 4 8 5 10 5 12 5 14 5 1 6 15 6 19 6 1 8 5 8 15 8 19 8 10 9 1 10 5 10 9 10 11 10 15 10 19 10 10 11 1 12 5 12 19 12 1 14 8 15 10 15 12 15 14 15 1 16 8 19 10 19 12 19 4 3 6 3 3 4 3 6 7 10 7 12 3 16 6 17
> BAT2 8 3 10 3 12 3 8 7 10 7 12 7 3 8 7 8 13 8 17 8 3 10 13 10 17 10 3 12 13 12 17 12 8 13 10 13 12 13 3 14 17 14 8 17 10 17 12 17 14 17
< RES 1637334253 33 2
> REQ 1637334253 34 2
> VAMPIRE 1 5 5 3 0 2 0
> VAMPIRE 4 5 15 3 0 2 0
> VAMPIRE 3 15 17 3 0 2 0
> VAMPIRE 2 17 3 3 0 2 0
> GRENADE 1 7 3 3 2
> GRENADE 4 7 13 3 2
> GRENADE 2 15 5 3 2
> GRENADE 3 15 17 5 2
> BAT1 16 1 1 4 19 4 8 5 10 5 12 5 14 5 1 6 15 6 19 6 1 8 5 8 15 8 19 8 10 9 1 10 5 10 9 10 11 10 15 10 19 10 10 11 1 12 5 12 19 12 1 14 8 15 10 15 12 15 14 15 1 16 8 19 10 19 12 19 4 3 6 3 3 4 3 6 7 10 7 12 3 16 6 17
> BAT2 8 3 10 3 12 3 8 7 10 7 12 7 3 8 7 8 13 8 17 8 3 10 13 10 17 10 3 12 13 12 17 12 8 13 10 13 12 13 3 14 17 14 8 17 10 17 12 17 14 17
< RES 1637334253 34 2
> REQ 1637334253 35 2
> VAMPIRE 1 5 5 3 0 2 0
> VAMPIRE 4 5 15 3 0 2 0
> VAMPIRE 3 17 17 3 0 2 0
> VAMPIRE 2 17 3 3 0 2 0
> GRENADE 1 7 3 2 2
> GRENADE 4 7 13 2 2
> GRENADE 2 15 5 2 2
> GRENADE 3 13 17 4 2
> BAT1 16 1 1 4 19 4 8 5 10 5 12 5 14 5 1 6 15 6 19 6 1 8 5 8 15 8 19 8 10 9 1 10 5 10 9 10 11 10 15 10 19 10 10 11 1 12 5 12 19 12 1 14 8 15 10 15 12 15 14 15 1 16 8 19 10 19 12 19 4 3 6 3 3 4 3 6 7 10 7 12 3 16 6 17
> BAT2 8 3 10 3 12 3 8 7 10 7 12 7 3 8 7 8 13 8 17 8 3 10 13 10 17 10 3 12 13 12 17 12 8 13 10 13 12 13 3 14 17 14 8 17 10 17 12 17 14 17
< RES 1637334253 35 2
< MOVE D D
> REQ 1637334253 36 2
> VAMPIRE 1 5 7 3 0 2 0
> VAMPIRE 4 5 15 3 0 2 0
> VAMPIRE 3 17 17 3 0 2 0
> VAMPIRE 2 19 3 3 0 2 0
> GRENADE 1 7 3 1 2
> GRENADE 4 7 13 1 2
> GRENADE 2 15 5 1 2
> GRENADE 3 13 17 3 2
> BAT1 16 1 1 4 19 4 8 5 10 5 12 5 14 5 1 6 15 6 19 6 1 8 5 8 15 8 19 8 10 9 1 10 5 10 9 10 11 10 15 10 19 10 10 11 1 12 5 12 19 12 1 14 8 15 10 15 12 15 14 15 1 16 8 19 10 19 12 19 4 3 6 3 3 4 3 6 7 10 7 12 3 16 6 17
> BAT2 8 3 10 3 12 3 8 7 10 7 12 7 3 8 7 8 13 8 17 8 3 10 13 10 17 10 3 12 13 12 17 12 8 13 10 13 12 13 3 14 17 14 8 17 10 17 12 17 14 17
< RES 1637334253 36 2
> REQ 1637334253 37 2
> VAMPIRE 1 3 7 3 1 2 0
> VAMPIRE 4 3 15 3 1 2 0
> VAMPIRE 3 17 17 3 0 2 0
> VAMPIRE 2 19 3 3 1 2 0
> GRENADE 3 13 17 2 2
> BAT1 16 1 1 4 19 4 8 5 10 5 12 5 1 6 19 6 1 8 5 8 15 8 19 8 10 9 1 10 5 10 9 10 11 10 15 10 19 10 10 11 1 12 5 12 19 12 1 14 8 15 10 15 12 15 14 15 1 16 8 19 10 19 12 19 4 3 8 3 3 4 3 6 7 10 8 13 3 16 6 17
> BAT2 10 3 12 3 8 7 10 7 12 7 3 8 7 8 13 8 17 8 3 10 13 10 17 10 3 12 13 12 17 12 10 13 12 13 3 14 17 14 8 17 10 17 12 17 14 17
< RES 1637334253 37 2
< GRENADE
> REQ 1637334253 38 2
> VAMPIRE 1 5 7 3 0 2 0
> VAMPIRE 4 5 15 3 0 2 0
> VAMPIRE 3 17 17 3 0 2 0
> VAMPIRE 2 19 3 3 0 2 0
> GRENADE 3 13 17 1 2
> GRENADE 1 3 7 5 2
> GRENADE 4 3 15 5 2
> GRENADE 2 19 3 5 2
> BAT1 16 1 1 4 19 4 8 5 10 5 12 5 1 6 19 6 1 8 5 8 15 8 19 8 10 9 1 10 5 10 9 10 11 10 15 10 19 10 10 11 1 12 5 12 19 12 1 14 8 15 10 15 12 15 14 15 1 16 8 19 10 19 12 19 4 3 8 3 3 4 3 6 7 10 8 13 3 16 6 17
> BAT2 10 3 12 3 8 7 10 7 12 7 3 8 7 8 13 8 17 8 3 10 13 10 17 10 3 12 13 12 17 12 10 13 12 13 3 14 17 14 8 17 10 17 12 17 14 17
< RES 1637334253 38 2
< THROW XR 2
< MOVE U U
> REQ 1637334253 39 2
> VAMPIRE 1 5 5 3 0 2 0
> VAMPIRE 4 7 15 3 0 2 0
> VAMPIRE 3 15 17 3 1 2 0
> VAMPIRE 2 17 3 3 0 2 0
> GRENADE 1 3 7 4 2
> GRENADE 4 3 15 4 2
> GRENADE 2 19 5 4 2
> BAT1 16 1 1 4 19 4 8 5 10 5 12 5 1 6 19 6 1 8 5 8 15 8 19 8 10 9 1 10 5 10 9 10 11 10 15 10 19 10 10 11 1 12 5 12 19 12 1 14 8 15 10 15 12 15 14 15 1 16 8 19 10 19 12 19 4 3 8 3 3 4 3 6 7 10 8 13 3 16 6 17 12 17 14 17
> BAT2 10 3 12 3 8 7 10 7 12 7 3 8 7 8 13 8 17 8 3 10 13 10 17 10 3 12 13 12 17 12 10 13 12 13 3 14 17 14 8 17 10 17
< RES 1637334253 39 2
> REQ 1637334253 40 2
> VAMPIRE 1 5 5 3 0 2 0
> VAMPIRE 4 7 15 3 0 2 0
> VAMPIRE 3 15 17 3 0 2 0
> VAMPIRE 2 17 3 3 0 2 0
> GRENADE 1 3 7 3 2
> GRENADE 4 3 15 3 2
> GRENADE 2 19 5 3 2
> GRENADE 3 15 17 5 2
> BAT1 16 1 1 4 19 4 8 5 10 5 12 5 1 6 19 6 1 8 5 8 15 8 19 8 10 9 1 10 5 10 9 10 11 10 15 10 19 10 10 11 1 12 5 12 19 12 1 14 8 15 10 15 12 15 14 15 1 16 8 19 10 19 12 19 4 3 8 3 3 4 3 6 7 10 8 13 3 16 6 17 12 17 14 17
> BAT2 10 3 12 3 8 7 10 7 12 7 3 8 7 8 13 8 17 8 3 10 13 10 17 10 3 12 13 12 17 12 10 13 12 13 3 14 17 14 8 17 10 17
< RES 1637334253 40 2
< MOVE U U
> REQ 1637334253 41 2
> VAMPIRE 1 5 5 3 0 2 0
> VAMPIRE 4 7 15 3 0 2 0
> VAMPIRE 3 17 17 3 0 2 0
> VAMPIRE 2 15 3 3 0 2 0
> GRENADE 1 3 7 2 2
> GRENADE 4 3 15 2 2
> GRENADE 2 19 5 2 2
> GRENADE 3 13 17 4 2
> BAT1 16 1 1 4 19 4 8 5 10 5 12 5 1 6 19 6 1 8 5 8 15 8 19 8 10 9 1 10 5 10 9 10 11 10 15 10 19 10 10 11 1 12 5 12 19 12 1 14 8 15 10 15 12 15 14 15 1 16 8 19 10 19 12 19 4 3 8 3 3 4 3 6 7 10 8 13 3 16 6 17 12 17 14 17
> BAT2 10 3 12 3 8 7 10 7 12 7 3 8 7 8 13 8 17 8 3 10 13 10 17 10 3 12 13 12 17 12 10 13 12 13 3 14 17 14 8 17 10 17
< RES 1637334253 41 2
< MOVE L L
> REQ 1637334253 42 2
> VAMPIRE 1 5 3 3 0 2 0
> VAMPIRE 4 7 15 3 0 2 0
> VAMPIRE 3 17 17 3 0 2 0
> VAMPIRE 2 15 1 3 0 2 0
> GRENADE 1 3 7 1 2
> GRENADE 4 3 15 1 2
> GRENADE 2 19 5 1 2
> GRENADE 3 13 17 3 2
> BAT1 16 1 1 4 19 4 8 5 10 5 12 5 1 6 19 6 1 8 5 8 15 8 19 8 10 9 1 10 5 10 9 10 11 10 15 10 19 10 10 11 1 12 5 12 19 12 1 14 8 15 10 15 12 15 14 15 1 16 8 19 10 19 12 19 4 3 8 3 3 4 3 6 7 10 8 13 3 16 6 17 12 17 14 17
> BAT2 10 3 12 3 8 7 10 7 12 7 3 8 7 8 13 8 17 8 3 10 13 10 17 10 3 12 13 12 17 12 10 13 12 13 3 14 17 14 8 17 10 17
< RES 1637334253 42 2
< MOVE U
> REQ 1637334253 43 2
> VAMPIRE 1 6 3 3 1 2 0
> VAMPIRE 4 7 17 3 1 2 0
> VAMPIRE 3 17 17 3 0 2 0
> VAMPIRE 2 14 1 3 1 2 0
> GRENADE 3 13 17 2 2
> BAT1 16 1 1 4 8 5 10 5 12 5 1 6 1 8 5 8 15 8 19 8 10 9 1 10 5 10 9 10 11 10 15 10 19 10 10 11 1 12 5 12 19 12 1 14 8 15 10 15 12 15 14 15 1 16 8 19 10 19 12 19 4 3 8 3 3 4 3 8 7 10 8 13 3 14 6 17 12 17 14 17
> BAT2 10 3 12 3 8 7 10 7 12 7 7 8 13 8 17 8 3 10 13 10 17 10 3 12 13 12 17 12 10 13 12 13 17 14 8 17 10 17
< RES 1637334253 43 2
< GRENADE
< MOVE D R
> REQ 1637334253 44 2
> VAMPIRE 1 5 4 3 0 2 0
> VAMPIRE 4 7 15 3 0 2 0
> VAMPIRE 3 17 17 3 0 2 0
> VAMPIRE 2 15 2 3 0 2 0
> GRENADE 3 13 17 1 2
> GRENADE 1 6 3 5 2
> GRENADE 4 7 17 5 2
> GRENADE 2 14 1 5 2
> BAT1 16 1 1 4 8 5 10 5 12 5 1 6 1 8 5 8 15 8 19 8 10 9 1 10 5 10 9 10 11 10 15 10 19 10 10 11 1 12 5 12 19 12 1 14 8 15 10 15 12 15 14 15 1 16 8 19 10 19 12 19 4 3 8 3 3 4 3 8 7 10 8 13 3 14 6 17 12 17 14 17
> BAT2 10 3 12 3 8 7 10 7 12 7 7 8 13 8 17 8 3 10 13 10 17 10 3 12 13 12 17 12 10 13 12 13 17 14 8 17 10 17
< RES 1637334253 44 2
< MOVE R
> REQ 1637334253 45 2
> VAMPIRE 1 5 5 3 0 2 0
> VAMPIRE 4 5 15 3 0 2 0
> VAMPIRE 3 17 15 3 1 2 0
> VAMPIRE 2 15 3 3 0 2 0
> GRENADE 1 6 3 4 2
> GRENADE 4 7 17 4 2
> GRENADE 2 14 1 4 2
> BAT1 16 1 1 4 8 5 10 5 12 5 1 6 1 8 5 8 15 8 19 8 10 9 1 10 5 10 9 10 11 10 15 10 19 10 10 11 1 12 5 12 19 12 1 14 8 15 10 15 12 15 14 15 1 16 8 19 10 19 12 19 4 3 8 3 3 4 3 8 7 10 8 13 3 14 6 17
> BAT2 10 3 12 3 8 7 10 7 12 7 7 8 13 8 17 8 3 10 13 10 17 10 3 12 13 12 17 12 10 13 12 13 17 14 8 17 10 17
< RES 1637334253 45 2
> REQ 1637334253 46 2
> VAMPIRE 1 5 5 3 0 2 0
> VAMPIRE 4 5 15 3 0 2 0
> VAMPIRE 3 17 15 3 0 2 0
> VAMPIRE 2 15 3 3 0 2 0
> GRENADE 1 6 3 3 2
> GRENADE 4 7 17 3 2
> GRENADE 2 14 1 3 2
> GRENADE 3 17 15 5 2
> BAT1 16 1 1 4 8 5 10 5 12 5 1 6 1 8 5 8 15 8 19 8 10 9 1 10 5 10 9 10 11 10 15 10 19 10 10 11 1 12 5 12 19 12 1 14 8 15 10 15 12 15 14 15 1 16 8 19 10 19 12 19 4 3 8 3 3 4 3 8 7 10 8 13 3 14 6 17
> BAT2 10 3 12 3 8 7 10 7 12 7 7 8 13 8 17 8 3 10 13 10 17 10 3 12 13 12 17 12 10 13 12 13 17 14 8 17 10 17
< RES 1637334253 46 2
> REQ 1637334253 47 2
> VAMPIRE 1 5 5 3 0 2 0
> VAMPIRE 4 5 15 3 0 2 0
> VAMPIRE 3 17 17 3 0 2 0
> VAMPIRE 2 15 3 3 0 2 0
> GRENADE 1 6 3 2 2
> GRENADE 4 7 17 2 2
> GRENADE 2 14 1 2 2
> GRENADE 3 17 13 4 2
> BAT1 16 1 1 4 8 5 10 5 12 5 1 6 1 8 5 8 15 8 19 8 10 9 1 10 5 10 9 10 11 10 15 10 19 10 10 11 1 12 5 12 19 12 1 14 8 15 10 15 12 15 14 15 1 16 8 19 10 19 12 19 4 3 8 3 3 4 3 8 7 10 8 13 3 14 6 17
> BAT2 10 3 12 3 8 7 10 7 12 7 7 8 13 8 17 8 3 10 13 10 17 10 3 12 13 12 17 12 10 13 12 13 17 14 8 17 10 17
< RES 1637334253 47 2
< MOVE U U
> REQ 1637334253 48 2
> VAMPIRE 1 7 5 3 0 2 0
> VAMPIRE 4 5 13 3 0 2 0
> VAMPIRE 3 17 17 3 0 2 0
> VAMPIRE 2 13 3 3 0 2 0
> GRENADE 1 6 3 1 2
> GRENADE 4 7 17 1 2
> GRENADE 2 14 1 1 2
> GRENADE 3 17 13 3 2
> BAT1 16 1 1 4 8 5 10 5 12 5 1 6 1 8 5 8 15 8 19 8 10 9 1 10 5 10 9 10 11 10 15 10 19 10 10 11 1 12 5 12 19 12 1 14 8 15 10 15 12 15 14 15 1 16 8 19 10 19 12 19 4 3 8 3 3 4 3 8 7 10 8 13 3 14 6 17
> BAT2 10 3 12 3 8 7 10 7 12 7 7 8 13 8 17 8 3 10 13 10 17 10 3 12 13 12 17 12 10 13 12 13 17 14 8 17 10 17
< RES 1637334253 48 2
> REQ 1637334253 49 2
> VAMPIRE 1 7 7 3 1 2 0
> VAMPIRE 4 3 13 3 1 2 0
> VAMPIRE 3 17 17 3 0 2 0
> VAMPIRE 2 13 3 3 1 2 0
> GRENADE 3 17 13 2 2
> BAT1 1 4 8 5 10 5 12 5 1 6 1 8 5 8 15 8 19 8 10 9 1 10 5 10 9 10 11 10 15 10 19 10 10 11 1 12 5 12 19 12 1 14 8 15 10 15 12 15 14 15 1 16 8 19 10 19 12 19 3 4 3 8 7 10 8 13 3 14 8 17
> BAT2 10 3 12 3 8 7 10 7 12 7 7 8 13 8 17 8 3 10 13 10 17 10 3 12 13 12 17 12 10 13 12 13 17 14 10 17
< RES 1637334253 49 2
< GRENADE
> REQ 1637334253 50 2
> VAMPIRE 1 5 7 3 0 2 0
> VAMPIRE 4 5 13 3 0 2 0
> VAMPIRE 3 17 17 3 0 2 0
> VAMPIRE 2 13 3 3 0 2 0
> GRENADE 3 17 13 1 2
> GRENADE 1 7 7 5 2
> GRENADE 4 3 13 5 2
> GRENADE 2 13 3 5 2
> BAT1 1 4 8 5 10 5 12 5 1 6 1 8 5 8 15 8 19 8 10 9 1 10 5 10 9 10 11 10 15 10 19 10 10 11 1 12 5 12 19 12 1 14 8 15 10 15 12 15 14 15 1 16 8 19 10 19 12 19 3 4 3 8 7 10 8 13 3 14 8 17
> BAT2 10 3 12 3 8 7 10 7 12 7 7 8 13 8 17 8 3 10 13 10 17 10 3 12 13 12 17 12 10 13 12 13 17 14 10 17
< RES 1637334253 50 2
< THROW XU 2
< MOVE D D
> REQ 1637334253 51 2
> VAMPIRE 1 5 5 3 0 2 0
> VAMPIRE 4 4 13 3 0 2 0
> VAMPIRE 3 17 15 3 1 2 0
> VAMPIRE 2 15 3 3 0 2 0
> GRENADE 1 7 7 4 2
> GRENADE 4 3 13 4 2
> GRENADE 2 11 3 4 2
> BAT1 1 4 8 5 10 5 12 5 1 6 1 8 5 8 15 8 19 8 10 9 1 10 5 10 9 10 11 10 15 10 19 10 10 11 1 12 5 12 19 12 1 14 8 15 10 15 12 15 14 15 1 16 8 19 10 19 12 19 3 4 3 8 7 10 17 12 8 13 3 14 17 14 8 17
> BAT2 10 3 12 3 8 7 10 7 12 7 7 8 13 8 17 8 3 10 13 10 17 10 3 12 13 12 10 13 12 13 10 17
< RES 1637334253 51 2
> REQ 1637334253 52 2
> VAMPIRE 1 5 5 3 0 2 0
> VAMPIRE 4 5 13 3 0 2 0
> VAMPIRE 3 17 15 3 0 2 0
> VAMPIRE 2 15 3 3 0 2 0
> GRENADE 1 7 7 3 2
> GRENADE 4 1 13 3 2
> GRENADE 2 11 3 3 2
> GRENADE 3 17 15 5 2
> BAT1 1 4 8 5 10 5 12 5 1 6 1 8 5 8 15 8 19 8 10 9 1 10 5 10 9 10 11 10 15 10 19 10 10 11 1 12 5 12 19 12 1 14 8 15 10 15 12 15 14 15 1 16 8 19 10 19 12 19 3 4 3 8 7 10 17 12 8 13 3 14 17 14 8 17
> BAT2 10 3 12 3 8 7 10 7 12 7 7 8 13 8 17 8 3 10 13 10 17 10 3 12 13 12 10 13 12 13 10 17
< RES 1637334253 52 2
> REQ 1637334253 53 2
> VAMPIRE 1 5 5 3 0 2 0
> VAMPIRE 4 5 15 3 0 2 0
> VAMPIRE 3 17 17 3 0 2 0
> VAMPIRE 2 15 3 3 0 2 0
> GRENADE 1 7 7 2 2
> GRENADE 4 1 13 2 2
> GRENADE 2 11 3 2 2
> GRENADE 3 17 13 4 2
> BAT1 1 4 8 5 10 5 12 5 1 6 1 8 5 8 15 8 19 8 10 9 1 10 5 10 9 10 11 10 15 10 19 10 10 11 1 12 5 12 19 12 1 14 8 15 10 15 12 15 14 15 1 16 8 19 10 19 12 19 3 4 3 8 7 10 17 12 8 13 3 14 17 14 8 17
> BAT2 10 3 12 3 8 7 10 7 12 7 7 8 13 8 17 8 3 10 13 10 17 10 3 12 13 12 10 13 12 13 10 17
< RES 1637334253 53 2
> REQ 1637334253 54 2
> VAMPIRE 1 3 5 3 0 2 0
> VAMPIRE 4 5 13 3 0 2 0
> VAMPIRE 3 17 17 3 0 2 0
> VAMPIRE 2 15 3 3 0 2 0
> GRENADE 1 7 7 1 2
> GRENADE 4 1 13 1 2
> GRENADE 2 11 3 1 2
> GRENADE 3 17 13 3 2
> BAT1 1 4 8 5 10 5 12 5 1 6 1 8 5 8 15 8 19 8 10 9 1 10 5 10 9 10 11 10 15 10 19 10 10 11 1 12 5 12 19 12 1 14 8 15 10 15 12 15 14 15 1 16 8 19 10 19 12 19 3 4 3 8 7 10 17 12 8 13 3 14 17 14 8 17
> BAT2 10 3 12 3 8 7 10 7 12 7 7 8 13 8 17 8 3 10 13 10 17 10 3 12 13 12 10 13 12 13 10 17
< RES 1637334253 54 2
< MOVE U U
> REQ 1637334253 55 2
> VAMPIRE 1 3 6 3 1 2 0
> VAMPIRE 4 3 13 3 1 2 0
> VAMPIRE 3 17 17 3 0 2 0
> VAMPIRE 2 13 3 3 1 2 0
> GRENADE 3 17 13 2 2
> BAT1 1 4 8 5 10 5 12 5 1 6 1 8 5 8 15 8 19 8 10 9 1 10 5 10 9 10 11 10 15 10 19 10 10 11 5 12 19 12 8 15 10 15 12 15 14 15 1 16 8 19 10 19 12 19 10 3 12 3 3 4 8 7 3 8 7 8 7 10 17 12 8 13 3 14 17 14 8 17
> BAT2 10 7 12 7 13 8 17 8 3 10 13 10 17 10 3 12 13 12 10 13 12 13 10 17
< RES 1637334253 55 2
< GRENADE
> REQ 1637334253 56 2
> VAMPIRE 1 4 5 3 0 2 0
> VAMPIRE 4 5 13 3 0 2 0
> VAMPIRE 3 17 15 3 0 2 0
> VAMPIRE 2 13 3 3 0 2 0
> GRENADE 3 17 13 1 2
> GRENADE 1 3 6 5 2
> GRENADE 4 3 13 5 2
> GRENADE 2 13 3 5 2
> BAT1 1 4 8 5 10 5 12 5 1 6 1 8 5 8 15 8 19 8 10 9 1 10 5 10 9 10 11 10 15 10 19 10 10 11 5 12 19 12 8 15 10 15 12 15 14 15 1 16 8 19 10 19 12 19 10 3 12 3 3 4 8 7 3 8 7 8 7 10 17 12 8 13 3 14 17 14 8 17
> BAT2 10 7 12 7 13 8 17 8 3 10 13 10 17 10 3 12 13 12 10 13 12 13 10 17
< RES 1637334253 56 2
< THROW XU 2
< MOVE D D
> REQ 1637334253 57 2
> VAMPIRE 1 5 5 3 0 2 0
> VAMPIRE 4 5 15 3 0 2 0
> VAMPIRE 3 15 15 3 1 2 0
> VAMPIRE 2 15 3 3 0 2 0
> GRENADE 1 3 6 4 2
> GRENADE 4 3 13 4 2
> GRENADE 2 11 3 4 2
> BAT1 1 4 8 5 10 5 12 5 1 6 1 8 5 8 15 8 19 8 10 9 1 10 5 10 9 10 11 10 15 10 19 10 10 11 5 12 19 12 8 15 10 15 12 15 14 15 1 16 8 19 10 19 12 19 10 3 12 3 3 4 8 7 3 8 7 8 7 10 8 13 3 14 8 17
> BAT2 10 7 12 7 13 8 17 8 3 10 13 10 17 10 3 12 13 12 10 13 12 13 10 17
< RES 1637334253 57 2
> REQ 1637334253 58 2
> VAMPIRE 1 5 5 3 0 2 0
> VAMPIRE 4 5 15 3 0 2 0
> VAMPIRE 3 15 15 3 0 2 0
> VAMPIRE 2 15 3 3 0 2 0
> GRENADE 1 3 6 3 2
> GRENADE 4 3 13 3 2
> GRENADE 2 11 3 3 2
> GRENADE 3 15 15 5 2
> BAT1 1 4 8 5 10 5 12 5 1 6 1 8 5 8 15 8 19 8 10 9 1 10 5 10 9 10 11 10 15 10 19 10 10 11 5 12 19 12 8 15 10 15 12 15 14 15 1 16 8 19 10 19 12 19 10 3 12 3 3 4 8 7 3 8 7 8 7 10 8 13 3 14 8 17
> BAT2 10 7 12 7 13 8 17 8 3 10 13 10 17 10 3 12 13 12 10 13 12 13 10 17
< RES 1637334253 58 2
> REQ 1637334253 59 2
> VAMPIRE 1 5 5 3 0 2 0
> VAMPIRE 4 5 15 3 0 2 0
> VAMPIRE 3 17 15 3 0 2 0
> VAMPIRE 2 15 3 3 0 2 0
> GRENADE 1 3 6 2 2
> GRENADE 4 3 13 2 2
> GRENADE 2 11 3 2 2
> GRENADE 3 13 15 4 2
> BAT1 1 4 8 5 10 5 12 5 1 6 1 8 5 8 15 8 19 8 10 9 1 10 5 10 9 10 11 10 15 10 19 10 10 11 5 12 19 12 8 15 10 15 12 15 14 15 1 16 8 19 10 19 12 19 10 3 12 3 3 4 8 7 3 8 7 8 7 10 8 13 3 14 8 17
> BAT2 10 7 12 7 13 8 17 8 3 10 13 10 17 10 3 12 13 12 10 13 12 13 10 17
< RES 1637334253 59 2
< MOVE R R
> REQ 1637334253 60 2
> VAMPIRE 1 7 5 3 0 2 0
> VAMPIRE 4 5 15 3 0 2 0
> VAMPIRE 3 17 15 3 0 2 0
> VAMPIRE 2 15 5 3 0 2 0
> GRENADE 1 3 6 1 2
> GRENADE 4 3 13 1 2
> GRENADE 2 11 3 1 2
> GRENADE 3 13 15 3 2
> BAT1 1 4 8 5 10 5 12 5 1 6 1 8 5 8 15 8 19 8 10 9 1 10 5 10 9 10 11 10 15 10 19 10 10 11 5 12 19 12 8 15 10 15 12 15 14 15 1 16 8 19 10 19 12 19 10 3 12 3 3 4 8 7 3 8 7 8 7 10 8 13 3 14 8 17
> BAT2 10 7 12 7 13 8 17 8 3 10 13 10 17 10 3 12 13 12 10 13 12 13 10 17
< RES 1637334253 60 2
< MOVE U U
> REQ 1637334253 61 2
> VAMPIRE 1 7 7 3 1 2 0
> VAMPIRE 4 7 15 3 1 2 0
> VAMPIRE 3 17 15 3 0 2 0
> VAMPIRE 2 13 5 3 1 2 0
> GRENADE 3 13 15 2 2
> BAT1 1 4 8 5 10 5 12 5 1 6 1 8 5 8 15 8 19 8 10 9 1 10 5 10 9 10 11 10 15 10 19 10 10 11 5 12 19 12 8 15 10 15 12 15 14 15 1 16 8 19 10 19 12 19 8 7 7 8 7 10 3 12 8 13 8 17
> BAT2 10 7 12 7 13 8 17 8 3 10 13 10 17 10 13 12 10 13 12 13 10 17
< RES 1637334253 61 2
< GRENADE
> REQ 1637334253 62 2
> VAMPIRE 1 7 7 3 0 2 0
> VAMPIRE 4 7 15 3 0 2 0
> VAMPIRE 3 17 13 3 0 2 0
> VAMPIRE 2 13 5 3 0 2 0
> GRENADE 3 13 15 1 2
> GRENADE 1 7 7 5 2
> GRENADE 4 7 15 5 2
> GRENADE 2 13 5 5 2
> BAT1 1 4 8 5 10 5 12 5 1 6 1 8 5 8 15 8 19 8 10 9 1 10 5 10 9 10 11 10 15 10 19 10 10 11 5 12 19 12 8 15 10 15 12 15 14 15 1 16 8 19 10 19 12 19 8 7 7 8 7 10 3 12 8 13 8 17
> BAT2 10 7 12 7 13 8 17 8 3 10 13 10 17 10 13 12 10 13 12 13 10 17
< RES 1637334253 62 2
< THROW XR 2
< MOVE D D
> REQ 1637334253 63 2
> VAMPIRE 1 5 7 3 0 2 0
> VAMPIRE 4 7 15 3 0 2 0
> VAMPIRE 3 17 11 3 1 2 0
> VAMPIRE 2 15 5 3 0 2 0
> GRENADE 1 7 9 4 2
> GRENADE 4 9 15 4 2
> GRENADE 2 13 7 4 2
> BAT1 1 4 8 5 10 5 12 5 1 6 1 8 5 8 15 8 19 8 10 9 1 10 5 10 9 10 11 10 15 10 19 10 10 11 5 12 19 12 8 15 10 15 1 16 8 19 10 19 12 19 8 7 7 8 7 10 3 12 8 13 8 17
> BAT2 10 7 12 7 13 8 17 8 3 10 13 10 17 10 13 12 10 13 12 13 10 17
< RES 1637334253 63 2
> REQ 1637334253 64 2
> VAMPIRE 1 3 7 3 0 2 0
> VAMPIRE 4 5 15 3 0 2 0
> VAMPIRE 3 17 11 3 0 2 0
> VAMPIRE 2 15 5 3 0 2 0
> GRENADE 1 7 9 3 2
> GRENADE 4 9 15 3 2
> GRENADE 2 13 7 3 2
> GRENADE 3 17 11 5 2
> BAT1 1 4 8 5 10 5 12 5 1 6 1 8 5 8 15 8 19 8 10 9 1 10 5 10 9 10 11 10 15 10 19 10 10 11 5 12 19 12 8 15 10 15 1 16 8 19 10 19 12 19 8 7 7 8 7 10 3 12 8 13 8 17
> BAT2 10 7 12 7 13 8 17 8 3 10 13 10 17 10 13 12 10 13 12 13 10 17
< RES 1637334253 64 2
> REQ 1637334253 65 2
> VAMPIRE 1 3 7 3 0 2 0
> VAMPIRE 4 5 15 3 0 2 0
> VAMPIRE 3 17 13 3 0 2 0
> VAMPIRE 2 15 5 3 0 2 0
> GRENADE 1 7 9 2 2
> GRENADE 4 9 15 2 2
> GRENADE 2 13 7 2 2
> GRENADE 3 19 11 4 2
> BAT1 1 4 8 5 10 5 12 5 1 6 1 8 5 8 15 8 19 8 10 9 1 10 5 10 9 10 11 10 15 10 19 10 10 11 5 12 19 12 8 15 10 15 1 16 8 19 10 19 12 19 8 7 7 8 7 10 3 12 8 13 8 17
> BAT2 10 7 12 7 13 8 17 8 3 10 13 10 17 10 13 12 10 13 12 13 10 17
< RES 1637334253 65 2
> REQ 1637334253 66 2
> VAMPIRE 1 3 9 3 0 2 0
> VAMPIRE 4 5 15 3 0 2 0
> VAMPIRE 3 17 13 3 0 2 0
> VAMPIRE 2 15 5 3 0 2 0
> GRENADE 1 7 9 1 2
> GRENADE 4 9 15 1 2
> GRENADE 2 13 7 1 2
> GRENADE 3 19 11 3 2
> BAT1 1 4 8 5 10 5 12 5 1 6 1 8 5 8 15 8 19 8 10 9 1 10 5 10 9 10 11 10 15 10 19 10 10 11 5 12 19 12 8 15 10 15 1 16 8 19 10 19 12 19 8 7 7 8 7 10 3 12 8 13 8 17
> BAT2 10 7 12 7 13 8 17 8 3 10 13 10 17 10 13 12 10 13 12 13 10 17
< RES 1637334253 66 2
< MOVE U U
> REQ 1637334253 67 2
> VAMPIRE 1 5 9 3 1 2 0
> VAMPIRE 4 5 13 3 1 2 0
> VAMPIRE 3 17 13 3 0 2 0
> VAMPIRE 2 13 5 3 1 2 0
> GRENADE 3 19 11 2 2
> BAT1 1 4 8 5 10 5 12 5 1 6 1 8 5 8 15 8 19 8 10 9 1 10 5 10 9 10 11 10 15 10 19 10 10 11 5 12 19 12 1 16 8 19 10 19 12 19 8 7 12 7 13 8 3 12 8 13 8 17
> BAT2 10 7 17 8 3 10 13 10 17 10 13 12 10 13 12 13 10 17
< RES 1637334253 67 2
< GRENADE
> REQ 1637334253 68 2
> VAMPIRE 1 7 9 3 0 2 0
> VAMPIRE 4 5 13 3 0 2 0
> VAMPIRE 3 15 13 3 0 2 0
> VAMPIRE 2 13 5 3 0 2 0
> GRENADE 3 19 11 1 2
> GRENADE 1 5 9 5 2
> GRENADE 4 5 13 5 2
> GRENADE 2 13 5 5 2
> BAT1 1 4 8 5 10 5 12 5 1 6 1 8 5 8 15 8 19 8 10 9 1 10 5 10 9 10 11 10 15 10 19 10 10 11 5 12 19 12 1 16 8 19 10 19 12 19 8 7 12 7 13 8 3 12 8 13 8 17
> BAT2 10 7 17 8 3 10 13 10 17 10 13 12 10 13 12 13 10 17
< RES 1637334253 68 2
< THROW XR 2
< MOVE D D
> REQ 1637334253 69 2
> VAMPIRE 1 7 7 3 0 2 0
> VAMPIRE 4 5 13 3 0 2 0
> VAMPIRE 3 13 13 3 1 2 0
> VAMPIRE 2 15 5 3 0 2 0
> GRENADE 1 5 9 4 2
> GRENADE 4 5 11 4 2
> GRENADE 2 13 7 4 2
> BAT1 1 4 8 5 10 5 12 5 1 6 1 8 5 8 15 8 19 8 10 9 1 10 5 10 9 10 11 10 15 10 10 11 5 12 1 16 8 19 10 19 12 19 8 7 12 7 13 8 3 12 8 13 8 17
> BAT2 10 7 17 8 3 10 13 10 17 10 13 12 10 13 12 13 10 17
< RES 1637334253 69 2
> REQ 1637334253 70 2
> VAMPIRE 1 5 7 3 0 2 0
> VAMPIRE 4 5 15 3 0 2 0
> VAMPIRE 3 13 15 3 0 2 0
> VAMPIRE 2 15 5 3 0 2 0
> GRENADE 1 5 9 3 2
> GRENADE 4 5 11 3 2
> GRENADE 2 13 7 3 2
> GRENADE 3 13 13 5 2
> BAT1 1 4 8 5 10 5 12 5 1 6 1 8 5 8 15 8 19 8 10 9 1 10 5 10 9 10 11 10 15 10 10 11 5 12 1 16 8 19 10 19 12 19 8 7 12 7 13 8 3 12 8 13 8 17
> BAT2 10 7 17 8 3 10 13 10 17 10 13 12 10 13 12 13 10 17
< RES 1637334253 70 2
> REQ 1637334253 71 2
> VAMPIRE 1 3 7 3 0 2 0
> VAMPIRE 4 5 15 3 0 2 0
> VAMPIRE 3 11 15 3 0 2 0
> VAMPIRE 2 15 5 3 0 2 0
> GRENADE 1 5 9 2 2
> GRENADE 4 5 11 2 2
> GRENADE 2 13 7 2 2
> GRENADE 3 13 13 4 2
> BAT1 1 4 8 5 10 5 12 5 1 6 1 8 5 8 15 8 19 8 10 9 1 10 5 10 9 10 11 10 15 10 10 11 5 12 1 16 8 19 10 19 12 19 8 7 12 7 13 8 3 12 8 13 8 17
> BAT2 10 7 17 8 3 10 13 10 17 10 13 12 10 13 12 13 10 17
< RES 1637334253 71 2
> REQ 1637334253 72 2
> VAMPIRE 1 3 5 3 0 2 0
> VAMPIRE 4 3 15 3 0 2 0
> VAMPIRE 3 11 15 3 0 2 0
> VAMPIRE 2 15 5 3 0 2 0
> GRENADE 1 5 9 1 2
> GRENADE 4 5 11 1 2
> GRENADE 2 13 7 1 2
> GRENADE 3 13 13 3 2
> BAT1 1 4 8 5 10 5 12 5 1 6 1 8 5 8 15 8 19 8 10 9 1 10 5 10 9 10 11 10 15 10 10 11 5 12 1 16 8 19 10 19 12 19 8 7 12 7 13 8 3 12 8 13 8 17
> BAT2 10 7 17 8 3 10 13 10 17 10 13 12 10 13 12 13 10 17
< RES 1637334253 72 2
< MOVE U U
> REQ 1637334253 73 2
> VAMPIRE 1 1 5 3 1 2 0
> VAMPIRE 4 3 13 3 1 2 0
> VAMPIRE 3 11 15 3 0 2 0
> VAMPIRE 2 13 5 3 1 2 0
> GRENADE 3 13 13 2 2
> BAT1 1 4 8 5 10 5 12 5 1 6 1 8 15 8 19 8 10 9 1 10 9 10 11 10 15 10 10 11 1 16 8 19 10 19 12 19 8 7 3 12 8 13 8 17
> BAT2 10 7 17 8 3 10 13 10 17 10 13 12 10 13 12 13 10 17
< RES 1637334253 73 2
< GRENADE
> REQ 1637334253 74 2
> VAMPIRE 1 3 5 3 0 2 0
> VAMPIRE 4 3 13 3 0 2 0
> VAMPIRE 3 11 15 3 0 2 0
> VAMPIRE 2 13 5 3 0 2 0
> GRENADE 3 13 13 1 2
> GRENADE 1 1 5 5 2
> GRENADE 4 3 13 5 2
> GRENADE 2 13 5 5 2
> BAT1 1 4 8 5 10 5 12 5 1 6 1 8 15 8 19 8 10 9 1 10 9 10 11 10 15 10 10 11 1 16 8 19 10 19 12 19 8 7 3 12 8 13 8 17
> BAT2 10 7 17 8 3 10 13 10 17 10 13 12 10 13 12 13 10 17
< RES 1637334253 74 2
< THROW XU 2
< MOVE D D
> REQ 1637334253 75 2
> VAMPIRE 1 5 5 3 0 2 0
> VAMPIRE 4 5 13 3 0 2 0
> VAMPIRE 3 11 13 3 1 2 0
> VAMPIRE 2 15 5 3 0 2 0
> GRENADE 1 1 5 4 2
> GRENADE 4 3 11 4 2
> GRENADE 2 11 5 4 2
> BAT1 1 4 8 5 10 5 12 5 1 6 1 8 15 8 19 8 10 9 1 10 9 10 11 10 15 10 10 11 1 16 8 19 10 19 12 19 8 7 3 12 13 12 8 13 12 13 8 17
> BAT2 10 7 17 8 3 10 13 10 17 10 10 13 10 17
< RES 1637334253 75 2
> REQ 1637334253 76 2
> VAMPIRE 1 5 5 3 0 2 0
> VAMPIRE 4 5 13 3 0 2 0
> VAMPIRE 3 11 15 3 0 2 0
> VAMPIRE 2 15 5 3 0 2 0
> GRENADE 1 1 5 3 2
> GRENADE 4 3 11 3 2
> GRENADE 2 11 5 3 2
> GRENADE 3 11 13 5 2
> BAT1 1 4 8 5 10 5 12 5 1 6 1 8 15 8 19 8 10 9 1 10 9 10 11 10 15 10 10 11 1 16 8 19 10 19 12 19 8 7 3 12 13 12 8 13 12 13 8 17
> BAT2 10 7 17 8 3 10 13 10 17 10 10 13 10 17
< RES 1637334253 76 2
> REQ 1637334253 77 2
> VAMPIRE 1 5 5 3 0 2 0
> VAMPIRE 4 5 13 3 0 2 0
> VAMPIRE 3 11 14 3 0 2 0
> VAMPIRE 2 15 5 3 0 2 0
> GRENADE 1 1 5 2 2
> GRENADE 4 3 11 2 2
> GRENADE 2 11 5 2 2
> GRENADE 3 11 13 4 2
> BAT1 1 4 8 5 10 5 12 5 1 6 1 8 15 8 19 8 10 9 1 10 9 10 11 10 15 10 10 11 1 16 8 19 10 19 12 19 8 7 3 12 13 12 8 13 12 13 8 17
> BAT2 10 7 17 8 3 10 13 10 17 10 10 13 10 17
< RES 1637334253 77 2
> REQ 1637334253 78 2
> VAMPIRE 1 5 5 3 0 2 0
> VAMPIRE 4 5 13 3 0 2 0
> VAMPIRE 3 11 15 3 0 2 0
> VAMPIRE 2 15 5 3 0 2 0
> GRENADE 1 1 5 1 2
> GRENADE 4 3 11 1 2
> GRENADE 2 11 5 1 2
> GRENADE 3 11 11 3 2
> BAT1 1 4 8 5 10 5 12 5 1 6 1 8 15 8 19 8 10 9 1 10 9 10 11 10 15 10 10 11 1 16 8 19 10 19 12 19 8 7 3 12 13 12 8 13 12 13 8 17
> BAT2 10 7 17 8 3 10 13 10 17 10 10 13 10 17
< RES 1637334253 78 2
< MOVE R R
> REQ 1637334253 79 2
> VAMPIRE 1 6 5 3 1 2 0
> VAMPIRE 4 7 13 3 1 2 0
> VAMPIRE 3 11 15 3 0 2 0
> VAMPIRE 2 15 7 3 1 2 0
> GRENADE 3 11 11 2 2
> BAT1 8 5 1 8 15 8 19 8 10 9 1 10 9 10 11 10 15 10 10 11 1 16 8 19 10 19 12 19 8 7 3 10 13 12 8 13 12 13 8 17
> BAT2 10 7 17 8 13 10 17 10 10 13 10 17
< RES 1637334253 79 2
< GRENADE
> REQ 1637334253 80 2
> VAMPIRE 1 7 4 3 0 2 0
> VAMPIRE 4 7 13 3 0 2 0
> VAMPIRE 3 11 15 3 0 2 0
> VAMPIRE 2 15 7 3 0 2 0
> GRENADE 3 11 11 1 2
> GRENADE 1 6 5 5 2
> GRENADE 4 7 13 5 2
> GRENADE 2 15 7 5 2
> BAT1 8 5 1 8 15 8 19 8 10 9 1 10 9 10 11 10 15 10 10 11 1 16 8 19 10 19 12 19 8 7 3 10 13 12 8 13 12 13 8 17
> BAT2 10 7 17 8 13 10 17 10 10 13 10 17
< RES 1637334253 80 2
< THROW XR 2
< MOVE L L
> REQ 1637334253 81 2
> VAMPIRE 1 7 3 3 0 2 0
> VAMPIRE 4 7 11 3 0 2 0
> VAMPIRE 3 11 13 3 1 2 0
> VAMPIRE 2 15 5 3 0 2 0
> GRENADE 1 6 5 4 2
> GRENADE 4 9 13 4 2
> GRENADE 2 15 9 4 2
> BAT1 8 5 1 8 15 8 19 8 10 9 1 10 9 10 15 10 1 16 8 19 10 19 12 19 8 7 3 10 13 12 8 13 12 13 8 17
> BAT2 10 7 17 8 13 10 17 10 10 13 10 17
< RES 1637334253 81 2
> REQ 1637334253 82 2
> VAMPIRE 1 7 3 3 0 2 0
> VAMPIRE 4 7 11 3 0 2 0
> VAMPIRE 3 11 15 3 0 2 0
> VAMPIRE 2 15 5 3 0 2 0
> GRENADE 1 6 5 3 2
> GRENADE 4 9 13 3 2
> GRENADE 2 15 9 3 2
> GRENADE 3 11 13 5 2
> BAT1 8 5 1 8 15 8 19 8 10 9 1 10 9 10 15 10 1 16 8 19 10 19 12 19 8 7 3 10 13 12 8 13 12 13 8 17
> BAT2 10 7 17 8 13 10 17 10 10 13 10 17
< RES 1637334253 82 2
> REQ 1637334253 83 2
> VAMPIRE 1 7 3 3 0 2 0
> VAMPIRE 4 7 11 3 0 2 0
> VAMPIRE 3 13 15 3 0 2 0
> VAMPIRE 2 15 5 3 0 2 0
> GRENADE 1 6 5 2 2
> GRENADE 4 9 13 2 2
> GRENADE 2 15 9 2 2
> GRENADE 3 11 13 4 2
> BAT1 8 5 1 8 15 8 19 8 10 9 1 10 9 10 15 10 1 16 8 19 10 19 12 19 8 7 3 10 13 12 8 13 12 13 8 17
> BAT2 10 7 17 8 13 10 17 10 10 13 10 17
< RES 1637334253 83 2
< MOVE D D
> REQ 1637334253 84 2
> VAMPIRE 1 7 3 3 0 2 0
> VAMPIRE 4 7 9 3 0 2 0
> VAMPIRE 3 13 15 3 0 2 0
> VAMPIRE 2 17 5 3 0 2 0
> GRENADE 1 6 5 1 2
> GRENADE 4 9 13 1 2
> GRENADE 2 15 9 1 2
> GRENADE 3 11 13 3 2
> BAT1 8 5 1 8 15 8 19 8 10 9 1 10 9 10 15 10 1 16 8 19 10 19 12 19 8 7 3 10 13 12 8 13 12 13 8 17
> BAT2 10 7 17 8 13 10 17 10 10 13 10 17
< RES 1637334253 84 2
< MOVE R R
> REQ 1637334253 85 2
> VAMPIRE 1 7 5 3 1 2 0
> VAMPIRE 4 9 9 3 1 2 0
> VAMPIRE 3 13 15 3 0 2 0
> VAMPIRE 2 17 7 3 1 2 0
> GRENADE 3 11 13 2 2
> BAT1 1 8 19 8 10 9 1 10 9 10 1 16 8 19 10 19 12 19 8 7 3 10 13 12 10 13 12 13 8 17
> BAT2 10 7 17 8 13 10 17 10 10 17
< RES 1637334253 85 2
< GRENADE
> REQ 1637334253 86 2
> VAMPIRE 1 7 7 3 1 2 0
> VAMPIRE 4 7 9 3 0 2 0
> VAMPIRE 3 13 15 3 0 2 0
> VAMPIRE 2 17 7 3 0 2 0
> GRENADE 3 11 13 1 2
> GRENADE 4 9 9 5 2
> GRENADE 2 17 7 5 2
> BAT1 1 8 19 8 10 9 1 10 9 10 1 16 8 19 10 19 12 19 8 7 3 10 13 12 10 13 12 13 8 17
> BAT2 10 7 17 8 13 10 17 10 10 17
< RES 1637334253 86 2
< THROW XR 2
< MOVE U U
> REQ 1637334253 87 2
> VAMPIRE 1 7 7 3 0 2 0
> VAMPIRE 4 5 9 3 0 2 0
> VAMPIRE 3 13 13 3 1 2 0
> VAMPIRE 2 15 7 3 0 2 0
> GRENADE 4 9 9 4 2
> GRENADE 2 17 9 4 2
> GRENADE 1 7 7 5 2
> BAT1 1 8 19 8 10 9 1 10 9 10 1 16 8 19 10 19 12 19 8 7 3 10 13 12 8 17
> BAT2 10 7 17 8 13 10 17 10 10 17
< RES 1637334253 87 2
> REQ 1637334253 88 2
> VAMPIRE 1 7 5 3 0 2 0
> VAMPIRE 4 5 11 3 0 2 0
> VAMPIRE 3 13 13 3 0 2 0
> VAMPIRE 2 15 7 3 0 2 0
> GRENADE 4 9 9 3 2
> GRENADE 2 17 9 3 2
> GRENADE 1 9 7 4 2
> GRENADE 3 13 13 5 2
> BAT1 1 8 19 8 10 9 1 10 9 10 1 16 8 19 10 19 12 19 8 7 3 10 13 12 8 17
> BAT2 10 7 17 8 13 10 17 10 10 17
< RES 1637334253 88 2
> REQ 1637334253 89 2
> VAMPIRE 1 7 5 3 0 2 0
> VAMPIRE 4 5 11 3 0 2 0
> VAMPIRE 3 11 13 3 0 2 0
> VAMPIRE 2 15 7 3 0 2 0
> GRENADE 4 9 9 2 2
> GRENADE 2 17 9 2 2
> GRENADE 1 9 7 3 2
> GRENADE 3 13 11 4 2
> BAT1 1 8 19 8 10 9 1 10 9 10 1 16 8 19 10 19 12 19 8 7 3 10 13 12 8 17
> BAT2 10 7 17 8 13 10 17 10 10 17
< RES 1637334253 89 2
< MOVE U U
> REQ 1637334253 90 2
> VAMPIRE 1 7 5 3 0 2 0
> VAMPIRE 4 5 9 3 0 2 0
> VAMPIRE 3 11 13 3 0 2 0
> VAMPIRE 2 13 7 3 0 2 0
> GRENADE 4 9 9 1 2
> GRENADE 2 17 9 1 2
> GRENADE 1 9 7 2 2
> GRENADE 3 13 11 3 2
> BAT1 1 8 19 8 10 9 1 10 9 10 1 16 8 19 10 19 12 19 8 7 3 10 13 12 8 17
> BAT2 10 7 17 8 13 10 17 10 10 17
< RES 1637334253 90 2
< MOVE U
> REQ 1637334253 91 2
> VAMPIRE 1 7 6 3 1 2 0
> VAMPIRE 4 3 9 3 1 2 0
> VAMPIRE 3 11 13 3 0 2 0
> VAMPIRE 2 12 7 3 1 2 0
> GRENADE 3 13 11 2 2
> BAT1 1 8 19 8 1 10 1 16 8 19 10 19 12 19 10 7 17 8 3 10 17 10 13 12 8 17
> BAT2 13 10 10 17
< RES 1637334253 91 2
< GRENADE
< MOVE U L
> REQ 1637334253 92 2
> VAMPIRE 1 8 7 3 1 2 0
> VAMPIRE 4 3 9 3 0 2 0
> VAMPIRE 3 11 15 3 0 2 0
> VAMPIRE 2 11 6 3 0 2 0
> GRENADE 3 13 11 1 2
> GRENADE 4 3 9 5 2
> GRENADE 2 12 7 5 2
> BAT1 1 8 19 8 1 10 1 16 8 19 10 19 12 19 10 7 17 8 3 10 17 10 13 12 8 17
> BAT2 13 10 10 17
< RES 1637334253 92 2
< MOVE L
> REQ 1637334253 93 2
> VAMPIRE 1 9 6 3 0 2 0
> VAMPIRE 4 3 7 3 0 2 0
> VAMPIRE 3 11 17 3 1 2 0
> VAMPIRE 2 11 5 3 0 2 0
> GRENADE 4 1 9 4 2
> GRENADE 2 12 7 4 2
> GRENADE 1 8 7 5 2
> BAT1 1 8 19 8 1 10 1 16 8 19 10 19 12 19 10 7 17 8 3 10 13 10 17 10 8 17
> BAT2 10 17
< RES 1637334253 93 2
< MOVE D D
> REQ 1637334253 94 2
> VAMPIRE 1 9 6 3 0 2 0
> VAMPIRE 4 3 7 3 0 2 0
> VAMPIRE 3 11 17 3 0 2 0
> VAMPIRE 2 13 5 3 0 2 0
> GRENADE 4 1 9 3 2
> GRENADE 2 12 7 3 2
> GRENADE 1 8 7 4 2
> GRENADE 3 11 17 5 2
> BAT1 1 8 19 8 1 10 1 16 8 19 10 19 12 19 10 7 17 8 3 10 13 10 17 10 8 17
> BAT2 10 17
< RES 1637334253 94 2
< MOVE D D
> REQ 1637334253 95 2
> VAMPIRE 1 9 5 3 0 2 0
> VAMPIRE 4 3 7 3 0 2 0
> VAMPIRE 3 13 17 3 0 2 0
> VAMPIRE 2 15 5 3 0 2 0
> GRENADE 4 1 9 2 2
> GRENADE 2 12 7 2 2
> GRENADE 1 8 7 3 2
> GRENADE 3 9 17 4 2
> BAT1 1 8 19 8 1 10 1 16 8 19 10 19 12 19 10 7 17 8 3 10 13 10 17 10 8 17
> BAT2 10 17
< RES 1637334253 95 2
< MOVE D D
> REQ 1637334253 96 2
> VAMPIRE 1 11 5 3 0 2 0
> VAMPIRE 4 3 7 3 0 2 0
> VAMPIRE 3 13 17 3 0 2 0
> VAMPIRE 2 17 5 3 0 2 0
> GRENADE 4 1 9 1 2
> GRENADE 2 12 7 1 2
> GRENADE 1 8 7 2 2
> GRENADE 3 9 17 3 2
> BAT1 1 8 19 8 1 10 1 16 8 19 10 19 12 19 10 7 17 8 3 10 13 10 17 10 8 17
> BAT2 10 17
< RES 1637334253 96 2
< MOVE R
> REQ 1637334253 97 2
> VAMPIRE 1 11 7 3 0 2 0
> VAMPIRE 4 3 8 3 1 2 0
> VAMPIRE 3 13 17 3 0 2 0
> VAMPIRE 2 17 6 3 1 2 0
> GRENADE 1 8 7 1 2
> GRENADE 3 9 17 2 2
> BAT1 19 8 1 16 8 19 10 19 12 19 17 8 3 10 13 10 17 10 8 17
> BAT2 10 17
< RES 1637334253 97 2
< GRENADE
< MOVE R U
> REQ 1637334253 98 2
> VAMPIRE 1 13 7 3 1 2 0
> VAMPIRE 4 4 9 3 0 2 0
> VAMPIRE 3 11 17 3 0 2 0
> VAMPIRE 2 16 7 3 0 2 0
> GRENADE 3 9 17 1 2
> GRENADE 4 3 8 5 2
> GRENADE 2 17 6 5 2
> BAT1 19 8 1 16 8 19 10 19 12 19 17 8 3 10 13 10 17 10 8 17
> BAT2 10 17
< RES 1637334253 98 2
< MOVE U
> REQ 1637334253 99 2
> VAMPIRE 1 13 8 3 1 2 0
> VAMPIRE 4 5 9 3 0 2 0
> VAMPIRE 3 11 19 3 1 2 0
> VAMPIRE 2 15 7 3 0 2 0
> GRENADE 4 3 8 4 2
> GRENADE 2 17 6 4 2
> BAT1 19 8 1 16 8 19 10 19 12 19 17 8 3 10 13 10 17 10 10 17
< RES 1637334253 99 2
< MOVE L L
> REQ 1637334253 100 2
> VAMPIRE 1 13 8 3 0 2 0
> VAMPIRE 4 5 9 3 0 2 0
> VAMPIRE 3 11 17 3 0 2 0
> VAMPIRE 2 15 5 3 0 2 0
> GRENADE 4 3 8 3 2
> GRENADE 2 17 6 3 2
> GRENADE 1 13 8 5 2
> GRENADE 3 11 19 5 2
> BAT1 19 8 1 16 8 19 10 19 12 19 17 8 3 10 13 10 17 10 10 17
< RES 1637334253 100 2
< MOVE D D
> REQ 1637334253 101 2
> VAMPIRE 1 13 9 3 0 2 0
> VAMPIRE 4 5 9 3 0 2 0
> VAMPIRE 3 11 15 3 0 2 0
> VAMPIRE 2 17 5 3 0 2 0
> GRENADE 4 3 8 2 2
> GRENADE 2 17 6 2 2
> GRENADE 1 13 11 4 2
> GRENADE 3 11 19 4 2
> BAT1 19 8 1 16 8 19 10 19 12 19 17 8 3 10 13 10 17 10 10 17
< RES 1637334253 101 2
< THROW R 3
< MOVE D D
> REQ 1637334253 102 2
> VAMPIRE 1 15 9 3 0 2 0
> VAMPIRE 4 7 9 3 0 2 0
> VAMPIRE 3 11 15 3 0 2 0
> VAMPIRE 2 19 5 3 0 2 0
> GRENADE 4 3 8 1 2
> GRENADE 2 17 9 1 2
> GRENADE 1 13 11 3 2
> GRENADE 3 11 19 3 2
> BAT1 19 8 1 16 8 19 10 19 12 19 17 8 3 10 13 10 17 10 10 17
< RES 1637334253 102 2
< MOVE R R
> REQ 1637334253 103 2
> VAMPIRE 1 14 9 2 0 2 0
> VAMPIRE 4 9 9 3 1 2 0
> VAMPIRE 3 11 15 3 0 2 0
> VAMPIRE 2 19 7 3 1 2 0
> GRENADE 1 13 11 2 2
> GRENADE 3 11 19 2 2
> BAT1 19 8 1 16 8 19 10 19 12 19 13 10 10 17
< RES 1637334253 103 2
< GRENADE
< MOVE U U
> REQ 1637334253 104 2
> VAMPIRE 1 15 9 2 0 2 0
> VAMPIRE 4 9 11 3 1 2 0
> VAMPIRE 3 11 15 3 0 2 0
> VAMPIRE 2 17 7 3 0 2 0
> GRENADE 1 13 11 1 2
> GRENADE 3 11 19 1 2
> GRENADE 2 19 7 5 2
> BAT1 19 8 1 16 8 19 10 19 12 19 13 10 10 17
< RES 1637334253 104 2
< MOVE L L
> REQ 1637334253 105 2
> VAMPIRE 1 17 9 2 1 2 0
> VAMPIRE 4 9 13 3 1 2 0
> VAMPIRE 3 11 17 3 1 2 0
> VAMPIRE 2 17 5 3 0 2 0
> GRENADE 2 19 7 4 2
> BAT1 19 8 1 16 8 19 10 17
< RES 1637334253 105 2
< MOVE U U
> REQ 1637334253 106 2
> VAMPIRE 1 19 9 2 1 2 0
> VAMPIRE 4 9 15 3 1 2 0
> VAMPIRE 3 11 17 3 0 2 0
> VAMPIRE 2 15 5 3 0 2 0
> GRENADE 2 19 7 3 2
> GRENADE 3 11 17 5 2
> BAT1 19 8 1 16 8 19 10 17
< RES 1637334253 106 2
< MOVE R R
> REQ 1637334253 107 2
> VAMPIRE 1 19 9 2 0 2 0
> VAMPIRE 4 9 17 3 1 2 0
> VAMPIRE 3 11 19 3 0 2 0
> VAMPIRE 2 15 7 3 0 2 0
> GRENADE 2 19 7 2 2
> GRENADE 3 8 17 4 2
> GRENADE 1 19 9 5 2
> BAT1 19 8 1 16 8 19 10 17
< RES 1637334253 107 2
> REQ 1637334253 108 2
> VAMPIRE 1 19 9 2 0 2 0
> VAMPIRE 4 9 15 3 0 2 0
> VAMPIRE 3 11 17 3 0 2 0
> VAMPIRE 2 15 7 3 0 2 0
> GRENADE 2 19 7 1 2
> GRENADE 3 8 17 3 2
> GRENADE 1 19 6 4 2
> GRENADE 4 9 17 5 2
> BAT1 19 8 1 16 8 19 10 17
< RES 1637334253 108 2
< MOVE U U
> REQ 1637334253 109 2
> VAMPIRE 1 19 11 2 1 2 0
> VAMPIRE 4 9 16 3 0 2 0
> VAMPIRE 3 11 19 3 0 2 0
> VAMPIRE 2 13 7 3 1 2 0
> GRENADE 3 8 17 2 2
> GRENADE 4 9 17 4 2
> BAT1 1 16 8 19 10 17
< RES 1637334253 109 2
< MOVE U U
> REQ 1637334253 110 2
> VAMPIRE 1 17 11 2 1 2 0
> VAMPIRE 4 9 15 3 0 2 0
> VAMPIRE 3 11 19 3 0 2 0
> VAMPIRE 2 11 7 3 1 2 0
> GRENADE 3 8 17 1 2
> GRENADE 4 9 19 3 2
> BAT1 1 16 8 19 10 17
< RES 1637334253 110 2
< MOVE U U
> REQ 1637334253 111 2
> VAMPIRE 1 15 11 2 1 2 0
> VAMPIRE 4 7 15 3 0 2 0
> VAMPIRE 3 10 19 3 1 2 0
> VAMPIRE 2 9 7 3 1 2 0
> GRENADE 4 9 19 2 2
> BAT1 1 16 8 19
< RES 1637334253 111 2
< MOVE R R
> REQ 1637334253 112 2
> VAMPIRE 1 13 11 2 1 2 0
> VAMPIRE 4 5 15 3 0 2 0
> VAMPIRE 3 11 18 3 0 2 0
> VAMPIRE 2 9 9 3 1 2 0
> GRENADE 4 9 19 1 2
> GRENADE 3 10 19 5 2
> BAT1 1 16 8 19
< RES 1637334253 112 2
< MOVE U U
> REQ 1637334253 113 2
> VAMPIRE 1 11 11 2 1 2 0
> VAMPIRE 4 3 15 3 1 2 0
> VAMPIRE 3 11 17 3 1 2 0
> VAMPIRE 2 7 9 3 1 2 0
> BAT1 1 16
< RES 1637334253 113 2
< MOVE U U
> REQ 1637334253 114 2
> VAMPIRE 1 9 11 2 1 2 0
> VAMPIRE 4 1 15 3 1 2 0
> VAMPIRE 3 9 17 3 1 2 0
> VAMPIRE 2 5 9 3 1 2 0
> BAT1 1 16
< RES 1637334253 114 2
< MOVE U U
> REQ 1637334253 115 2
> VAMPIRE 1 7 11 2 1 2 0
> VAMPIRE 4 1 14 3 1 2 0
> VAMPIRE 3 7 17 3 1 2 0
> VAMPIRE 2 3 9 3 1 2 0
> BAT1 1 16
< RES 1637334253 115 2
> REQ 1637334253 116 2
> VAMPIRE 1 5 11 2 1 2 0
> VAMPIRE 4 2 15 3 0 2 0
> VAMPIRE 3 5 17 3 1 2 0
> VAMPIRE 2 3 9 3 1 2 0
> GRENADE 4 1 14 5 2
> BAT1 1 16
< RES 1637334253 116 2
< MOVE L L
> REQ 1637334253 117 2
> VAMPIRE 1 5 13 2 1 2 0
> VAMPIRE 4 3 15 3 0 2 0
> VAMPIRE 3 3 17 3 1 2 0
> VAMPIRE 2 3 7 3 1 2 0
> GRENADE 4 1 14 4 2
> BAT1 1 16
< RES 1637334253 117 2
< MOVE R R
> REQ 1637334253 118 2
> VAMPIRE 1 7 13 2 1 2 0
> VAMPIRE 4 5 15 3 0 2 0
> VAMPIRE 3 1 17 3 1 2 0
> VAMPIRE 2 3 9 3 1 2 0
> GRENADE 4 1 14 3 2
> BAT1 1 16
< RES 1637334253 118 2
< MOVE R R
> REQ 1637334253 119 2
> VAMPIRE 1 9 13 2 1 2 0
> VAMPIRE 4 3 15 3 0 2 0
> VAMPIRE 3 1 17 3 0 2 0
> VAMPIRE 2 3 11 3 1 2 0
> GRENADE 4 1 14 2 2
> GRENADE 3 1 17 5 2
> BAT1 1 16
< RES 1637334253 119 2
> REQ 1637334253 120 2
> VAMPIRE 1 7 13 2 1 2 0
> VAMPIRE 4 5 15 3 0 2 0
> VAMPIRE 3 3 17 3 0 2 0
> VAMPIRE 2 3 11 3 1 2 0
> GRENADE 4 1 14 1 2
> GRENADE 3 1 14 4 2
> BAT1 1 16
< RES 1637334253 120 2
> REQ 1637334253 121 2
> VAMPIRE 1 9 13 2 1 2 0
> VAMPIRE 4 4 15 3 1 2 0
> VAMPIRE 3 3 17 3 1 2 0
> VAMPIRE 2 3 11 3 1 2 0
< RES 1637334253 121 2
> REQ 1637334253 122 2
> VAMPIRE 1 9 13 2 1 2 0
> VAMPIRE 4 5 15 3 1 2 0
> VAMPIRE 3 1 17 3 1 2 0
> VAMPIRE 2 3 11 3 1 2 0
< RES 1637334253 122 2
> REQ 1637334253 123 2
> VAMPIRE 1 9 13 2 1 2 0
> VAMPIRE 4 5 15 3 1 2 0
> VAMPIRE 3 1 17 3 1 2 0
> VAMPIRE 2 3 11 3 1 2 0
< RES 1637334253 123 2
> REQ 1637334253 124 2
> VAMPIRE 1 9 13 2 1 2 0
> VAMPIRE 4 5 15 3 1 2 0
> VAMPIRE 3 1 17 3 1 2 0
> VAMPIRE 2 3 11 3 1 2 0
< RES 1637334253 124 2
> REQ 1637334253 125 2
> VAMPIRE 1 9 13 2 1 2 0
> VAMPIRE 4 5 15 3 1 2 0
> VAMPIRE 3 1 17 3 1 2 0
> VAMPIRE 2 3 11 3 1 2 0
< RES 1637334253 125 2
> REQ 1637334253 126 2
> VAMPIRE 1 9 13 2 1 2 0
> VAMPIRE 4 5 15 3 1 2 0
> VAMPIRE 3 1 17 3 1 2 0
> VAMPIRE 2 3 11 3 1 2 0
< RES 1637334253 126 2
> REQ 1637334253 127 2
> VAMPIRE 1 9 13 2 1 2 0
> VAMPIRE 4 5 15 3 1 2 0
> VAMPIRE 3 1 17 3 1 2 0
> VAMPIRE 2 3 11 3 1 2 0
< RES 1637334253 127 2
> REQ 1637334253 128 2
> VAMPIRE 1 9 13 2 1 2 0
> VAMPIRE 4 5 15 3 1 2 0
> VAMPIRE 3 1 17 3 1 2 0
> VAMPIRE 2 3 11 3 1 2 0
< RES 1637334253 128 2
> REQ 1637334253 129 2
> VAMPIRE 1 9 13 2 1 2 0
> VAMPIRE 4 5 15 3 1 2 0
> VAMPIRE 3 1 17 3 1 2 0
> VAMPIRE 2 3 11 3 1 2 0
< RES 1637334253 129 2
> REQ 1637334253 130 2
> VAMPIRE 1 9 13 2 1 2 0
> VAMPIRE 4 5 15 3 1 2 0
> VAMPIRE 3 1 17 3 1 2 0
> VAMPIRE 2 3 11 3 1 2 0
< RES 1637334253 130 2
> REQ 1637334253 131 2
> VAMPIRE 1 9 13 2 1 2 0
> VAMPIRE 4 5 15 3 1 2 0
> VAMPIRE 3 1 17 3 1 2 0
> VAMPIRE 2 3 11 3 1 2 0
< RES 1637334253 131 2
> REQ 1637334253 132 2
> VAMPIRE 1 9 13 2 1 2 0
> VAMPIRE 4 5 15 3 1 2 0
> VAMPIRE 3 1 17 3 1 2 0
> VAMPIRE 2 3 11 3 1 2 0
< RES 1637334253 132 2
> REQ 1637334253 133 2
> VAMPIRE 1 9 13 2 1 2 0
> VAMPIRE 4 5 15 3 1 2 0
> VAMPIRE 3 1 17 3 1 2 0
> VAMPIRE 2 3 11 3 1 2 0
< RES 1637334253 133 2
> REQ 1637334253 134 2
> VAMPIRE 1 9 13 2 1 2 0
> VAMPIRE 4 5 15 3 1 2 0
> VAMPIRE 3 1 17 3 1 2 0
> VAMPIRE 2 3 11 3 1 2 0
< RES 1637334253 134 2
> REQ 1637334253 135 2
> VAMPIRE 1 9 13 2 1 2 0
> VAMPIRE 4 5 15 3 1 2 0
> VAMPIRE 3 1 17 3 1 2 0
> VAMPIRE 2 3 11 3 1 2 0
< RES 1637334253 135 2
> REQ 1637334253 136 2
> VAMPIRE 1 9 13 2 1 2 0
> VAMPIRE 4 5 15 3 1 2 0
> VAMPIRE 3 1 17 3 1 2 0
> VAMPIRE 2 3 11 3 1 2 0
< RES 1637334253 136 2
> REQ 1637334253 137 2
> VAMPIRE 1 9 13 2 1 2 0
> VAMPIRE 4 5 15 3 1 2 0
> VAMPIRE 3 1 17 3 1 2 0
> VAMPIRE 2 3 11 3 1 2 0
< RES 1637334253 137 2
> REQ 1637334253 138 2
> VAMPIRE 1 9 13 2 1 2 0
> VAMPIRE 4 5 15 3 1 2 0
> VAMPIRE 3 1 17 3 1 2 0
> VAMPIRE 2 3 11 3 1 2 0
< RES 1637334253 138 2
> REQ 1637334253 139 2
> VAMPIRE 1 9 13 2 1 2 0
> VAMPIRE 4 5 15 3 1 2 0
> VAMPIRE 3 1 17 3 1 2 0
> VAMPIRE 2 3 11 3 1 2 0
< RES 1637334253 139 2
> REQ 1637334253 140 2
> VAMPIRE 1 9 13 2 1 2 0
> VAMPIRE 4 5 15 3 1 2 0
> VAMPIRE 3 1 17 3 1 2 0
> VAMPIRE 2 3 11 3 1 2 0
< RES 1637334253 140 2
> REQ 1637334253 141 2
> VAMPIRE 1 9 13 2 1 2 0
> VAMPIRE 4 5 15 3 1 2 0
> VAMPIRE 3 1 17 3 1 2 0
> VAMPIRE 2 3 11 3 1 2 0
< RES 1637334253 141 2
> REQ 1637334253 142 2
> VAMPIRE 1 9 13 2 1 2 0
> VAMPIRE 4 5 15 3 1 2 0
> VAMPIRE 3 1 17 3 1 2 0
> VAMPIRE 2 3 11 3 1 2 0
< RES 1637334253 142 2
> REQ 1637334253 143 2
> VAMPIRE 1 9 13 2 1 2 0
> VAMPIRE 4 5 15 3 1 2 0
> VAMPIRE 3 1 17 3 1 2 0
> VAMPIRE 2 3 11 3 1 2 0
< RES 1637334253 143 2
> REQ 1637334253 144 2
> VAMPIRE 1 9 13 2 1 2 0
> VAMPIRE 4 5 15 3 1 2 0
> VAMPIRE 3 1 17 3 1 2 0
> VAMPIRE 2 3 11 3 1 2 0
< RES 1637334253 144 2
> REQ 1637334253 145 2
> VAMPIRE 1 9 13 2 1 2 0
> VAMPIRE 4 5 15 3 1 2 0
> VAMPIRE 3 1 17 3 1 2 0
> VAMPIRE 2 3 11 3 1 2 0
< RES 1637334253 145 2
> REQ 1637334253 146 2
> VAMPIRE 1 9 13 2 1 2 0
> VAMPIRE 4 5 15 3 1 2 0
> VAMPIRE 3 1 17 3 1 2 0
> VAMPIRE 2 3 11 3 1 2 0
< RES 1637334253 146 2
> REQ 1637334253 147 2
> VAMPIRE 1 9 13 2 1 2 0
> VAMPIRE 4 5 15 3 1 2 0
> VAMPIRE 3 1 17 3 1 2 0
> VAMPIRE 2 3 11 3 1 2 0
< RES 1637334253 147 2
> REQ 1637334253 148 2
> VAMPIRE 1 9 13 2 1 2 0
> VAMPIRE 4 5 15 3 1 2 0
> VAMPIRE 3 1 17 3 1 2 0
> VAMPIRE 2 3 11 3 1 2 0
> POWERUP GRENADE -5 10 13 6
> POWERUP GRENADE -5 10 7 6
< RES 1637334253 148 2
< MOVE R R
> REQ 1637334253 149 2
> VAMPIRE 1 10 13 2 1 2 0
> VAMPIRE 4 7 15 3 1 2 0
> VAMPIRE 3 3 17 3 1 2 0
> VAMPIRE 2 3 13 3 1 2 0
> POWERUP GRENADE -4 10 13 6
> POWERUP GRENADE -4 10 7 6
< RES 1637334253 149 2
< MOVE D D
> REQ 1637334253 150 2
> VAMPIRE 1 10 13 2 1 2 0
> VAMPIRE 4 9 15 3 1 2 0
> VAMPIRE 3 5 17 3 1 2 0
> VAMPIRE 2 5 13 3 1 2 0
> POWERUP GRENADE -3 10 13 6
> POWERUP GRENADE -3 10 7 6
< RES 1637334253 150 2
< MOVE D D
> REQ 1637334253 151 2
> VAMPIRE 1 10 13 2 1 2 0
> VAMPIRE 4 9 13 3 1 2 0
> VAMPIRE 3 7 17 3 1 2 0
> VAMPIRE 2 7 13 3 1 2 0
> POWERUP GRENADE -2 10 13 6
> POWERUP GRENADE -2 10 7 6
< RES 1637334253 151 2
< MOVE D D
> REQ 1637334253 152 2
> VAMPIRE 1 10 13 2 1 2 0
> VAMPIRE 4 10 13 3 1 2 0
> VAMPIRE 3 9 17 3 1 2 0
> VAMPIRE 2 9 13 3 1 2 0
> POWERUP GRENADE -1 10 13 6
> POWERUP GRENADE -1 10 7 6
< RES 1637334253 152 2
< MOVE D
> REQ 1637334253 153 2
> VAMPIRE 1 10 13 2 1 2 0
> VAMPIRE 4 10 13 3 1 2 0
> VAMPIRE 3 9 15 3 1 2 0
> VAMPIRE 2 10 13 3 1 2 0
> POWERUP GRENADE 12 10 13 6
> POWERUP GRENADE 12 10 7 6
< RES 1637334253 153 2
> REQ 1637334253 154 2
> VAMPIRE 1 10 13 2 1 2 0
> VAMPIRE 4 10 13 3 1 2 0
> VAMPIRE 3 9 13 3 1 2 0
> VAMPIRE 2 10 13 3 1 2 0
> POWERUP GRENADE 11 10 13 6
> POWERUP GRENADE 11 10 7 6
< RES 1637334253 154 2
< GRENADE
> REQ 1637334253 155 2
> VAMPIRE 1 10 13 2 0 2 0
> VAMPIRE 4 10 13 3 1 2 0
> VAMPIRE 3 9 13 3 1 2 0
> VAMPIRE 2 10 13 3 0 2 0
> GRENADE 1 10 13 5 2
> GRENADE 2 10 13 5 2
> POWERUP GRENADE 10 10 13 6
> POWERUP GRENADE 10 10 7 6
< RES 1637334253 155 2
> REQ 1637334253 156 2
> VAMPIRE 1 10 13 2 0 2 0
> VAMPIRE 4 10 13 3 0 2 0
> VAMPIRE 3 9 11 3 1 2 0
> VAMPIRE 2 10 13 3 0 2 0
> GRENADE 1 10 13 4 2
> GRENADE 2 10 13 4 2
> GRENADE 4 10 13 5 2
> POWERUP GRENADE 9 10 13 6
> POWERUP GRENADE 9 10 7 6
< RES 1637334253 156 2
> REQ 1637334253 157 2
> VAMPIRE 1 10 13 2 0 2 0
> VAMPIRE 4 10 13 3 0 2 0
> VAMPIRE 3 9 9 3 1 2 0
> VAMPIRE 2 10 13 3 0 2 0
> GRENADE 1 10 13 3 2
> GRENADE 2 10 13 3 2
> GRENADE 4 10 13 4 2
> POWERUP GRENADE 8 10 13 6
> POWERUP GRENADE 8 10 7 6
< RES 1637334253 157 2
> REQ 1637334253 158 2
> VAMPIRE 1 10 13 2 1 2 0
> VAMPIRE 4 10 13 3 1 2 0
> VAMPIRE 3 9 7 3 1 2 0
> VAMPIRE 2 10 13 3 0 2 0
> GRENADE 1 10 13 2 2
> GRENADE 2 10 13 2 2
> GRENADE 4 10 13 3 2
> POWERUP GRENADE 7 10 7 6
< RES 1637334253 158 2
< MOVE U L
> REQ 1637334253 159 2
> VAMPIRE 1 9 12 2 0 2 0
> VAMPIRE 4 9 12 3 0 2 0
> VAMPIRE 3 10 7 3 1 2 0
> VAMPIRE 2 9 12 3 0 2 0
> GRENADE 1 10 13 1 2
> GRENADE 2 10 13 1 2
> GRENADE 4 10 13 2 2
> GRENADE 1 10 13 5 2
> GRENADE 4 10 13 5 2
> POWERUP GRENADE 6 10 7 6
< RES 1637334253 159 2
< MOVE L L
> REQ 1637334253 160 2
> VAMPIRE 1 9 10 2 2 2 0
> VAMPIRE 4 9 10 3 2 2 0
> VAMPIRE 3 10 7 3 1 2 0
> VAMPIRE 2 9 10 3 1 2 0
> POWERUP GRENADE 5 10 7 6
< RES 1637334253 160 2
< MOVE L L
> REQ 1637334253 161 2
> VAMPIRE 1 9 8 2 2 2 0
> VAMPIRE 4 9 8 3 2 2 0
> VAMPIRE 3 10 7 3 1 2 0
> VAMPIRE 2 9 8 3 1 2 0
> POWERUP GRENADE 4 10 7 6
< RES 1637334253 161 2
< MOVE L D
> REQ 1637334253 162 2
> VAMPIRE 1 10 7 2 2 2 0
> VAMPIRE 4 10 7 3 2 2 0
> VAMPIRE 3 10 7 3 1 2 0
> VAMPIRE 2 10 7 3 1 2 0
> POWERUP GRENADE 3 10 7 6
< RES 1637334253 162 2
> REQ 1637334253 163 2
> VAMPIRE 1 10 7 2 2 2 0
> VAMPIRE 4 10 7 3 2 2 0
> VAMPIRE 3 10 7 3 1 2 0
> VAMPIRE 2 10 7 3 1 2 0
> POWERUP GRENADE 2 10 7 6
< RES 1637334253 163 2
> REQ 1637334253 164 2
> VAMPIRE 1 10 7 2 2 2 0
> VAMPIRE 4 10 7 3 2 2 0
> VAMPIRE 3 10 7 3 1 2 0
> VAMPIRE 2 10 7 3 1 2 0
> POWERUP GRENADE 1 10 7 6
< RES 1637334253 164 2
> REQ 1637334253 165 2
> VAMPIRE 1 10 7 2 2 2 0
> VAMPIRE 4 10 7 3 2 2 0
> VAMPIRE 3 10 7 3 1 2 0
> VAMPIRE 2 10 7 3 1 2 0
> POWERUP GRENADE 1 10 7 6
< RES 1637334253 165 2
> REQ 1637334253 166 2
> VAMPIRE 1 10 7 2 2 2 0
> VAMPIRE 4 10 7 3 2 2 0
> VAMPIRE 3 10 7 3 1 2 0
> VAMPIRE 2 10 7 3 1 2 0
> POWERUP GRENADE 1 10 7 6
< RES 1637334253 166 2
> REQ 1637334253 167 2
> VAMPIRE 1 10 7 2 2 2 0
> VAMPIRE 4 10 7 3 2 2 0
> VAMPIRE 3 10 7 3 1 2 0
> VAMPIRE 2 10 7 3 1 2 0
> POWERUP GRENADE 1 10 7 6
< RES 1637334253 167 2
> REQ 1637334253 168 2
> VAMPIRE 1 10 7 2 2 2 0
> VAMPIRE 4 10 7 3 2 2 0
> VAMPIRE 3 10 7 3 1 2 0
> VAMPIRE 2 10 7 3 1 2 0
> POWERUP GRENADE 1 10 7 6
< RES 1637334253 168 2
> REQ 1637334253 169 2
> VAMPIRE 1 10 7 2 2 2 0
> VAMPIRE 4 10 7 3 2 2 0
> VAMPIRE 3 10 7 3 1 2 0
> VAMPIRE 2 10 7 3 1 2 0
> POWERUP GRENADE 1 10 7 6
< RES 1637334253 169 2
> REQ 1637334253 170 2
> VAMPIRE 1 10 7 2 2 2 0
> VAMPIRE 4 10 7 3 2 2 0
> VAMPIRE 3 10 7 3 1 2 0
> VAMPIRE 2 10 7 3 1 2 0
> POWERUP GRENADE 1 10 7 6
< RES 1637334253 170 2
> REQ 1637334253 171 2
> VAMPIRE 1 10 7 2 2 2 0
> VAMPIRE 4 10 7 3 2 2 0
> VAMPIRE 3 10 7 3 1 2 0
> VAMPIRE 2 10 7 3 1 2 0
> POWERUP GRENADE 1 10 7 6
< RES 1637334253 171 2
> REQ 1637334253 172 2
> VAMPIRE 1 10 7 2 2 2 0
> VAMPIRE 4 10 7 3 2 2 0
> VAMPIRE 3 10 7 3 1 2 0
> VAMPIRE 2 10 7 3 1 2 0
> POWERUP GRENADE 1 10 7 6
< RES 1637334253 172 2
> REQ 1637334253 173 2
> VAMPIRE 1 10 7 2 2 2 0
> VAMPIRE 4 10 7 3 2 2 0
> VAMPIRE 3 10 7 3 1 2 0
> VAMPIRE 2 10 7 3 1 2 0
> POWERUP GRENADE 1 10 7 6
< RES 1637334253 173 2
> REQ 1637334253 174 2
> VAMPIRE 1 10 7 2 2 2 0
> VAMPIRE 4 10 7 3 2 2 0
> VAMPIRE 3 10 7 3 1 2 0
> VAMPIRE 2 10 7 3 1 2 0
> POWERUP GRENADE 1 10 7 6
< RES 1637334253 174 2
> REQ 1637334253 175 2
> VAMPIRE 1 10 7 2 2 2 0
> VAMPIRE 4 10 7 3 2 2 0
> VAMPIRE 3 10 7 3 1 2 0
> VAMPIRE 2 10 7 3 1 2 0
> POWERUP GRENADE 1 10 7 6
< RES 1637334253 175 2
> REQ 1637334253 176 2
> VAMPIRE 1 10 7 2 2 2 0
> VAMPIRE 4 10 7 3 2 2 0
> VAMPIRE 3 10 7 3 1 2 0
> VAMPIRE 2 10 7 3 1 2 0
> POWERUP GRENADE 1 10 7 6
< RES 1637334253 176 2
> REQ 1637334253 177 2
> VAMPIRE 1 10 7 2 2 2 0
> VAMPIRE 4 10 7 3 2 2 0
> VAMPIRE 3 10 7 3 1 2 0
> VAMPIRE 2 10 7 3 1 2 0
> POWERUP GRENADE 1 10 7 6
< RES 1637334253 177 2
> REQ 1637334253 178 2
> VAMPIRE 1 10 7 2 2 2 0
> VAMPIRE 4 10 7 3 2 2 0
> VAMPIRE 3 10 7 3 1 2 0
> VAMPIRE 2 10 7 3 1 2 0
> POWERUP TOMATO -7 14 7 4
> POWERUP TOMATO -7 6 13 4
< RES 1637334253 178 2
< MOVE D D
> REQ 1637334253 179 2
> VAMPIRE 1 12 7 2 2 2 0
> VAMPIRE 4 12 7 3 2 2 0
> VAMPIRE 3 12 7 3 1 2 0
> VAMPIRE 2 12 7 3 1 2 0
> POWERUP TOMATO -6 14 7 4
> POWERUP TOMATO -6 6 13 4
< RES 1637334253 179 2
< MOVE D D
> REQ 1637334253 180 2
> VAMPIRE 1 14 7 2 2 2 0
> VAMPIRE 4 14 7 3 2 2 0
> VAMPIRE 3 14 7 3 1 2 0
> VAMPIRE 2 14 7 3 1 2 0
> POWERUP TOMATO -5 14 7 4
> POWERUP TOMATO -5 6 13 4
< RES 1637334253 180 2
> REQ 1637334253 181 2
> VAMPIRE 1 14 7 2 2 2 0
> VAMPIRE 4 14 7 3 2 2 0
> VAMPIRE 3 14 7 3 1 2 0
> VAMPIRE 2 14 7 3 1 2 0
> POWERUP TOMATO -4 14 7 4
> POWERUP TOMATO -4 6 13 4
< RES 1637334253 181 2
> REQ 1637334253 182 2
> VAMPIRE 1 14 7 2 2 2 0
> VAMPIRE 4 14 7 3 2 2 0
> VAMPIRE 3 14 7 3 1 2 0
> VAMPIRE 2 14 7 3 1 2 0
> POWERUP TOMATO -3 14 7 4
> POWERUP TOMATO -3 6 13 4
< RES 1637334253 182 2
> REQ 1637334253 183 2
> VAMPIRE 1 14 7 2 1 2 0
> VAMPIRE 4 14 7 3 2 2 0
> VAMPIRE 3 14 7 3 1 2 0
> VAMPIRE 2 14 7 3 1 2 0
> GRENADE 1 14 7 5 2
> POWERUP TOMATO -2 14 7 4
> POWERUP TOMATO -2 6 13 4
< RES 1637334253 183 2
< GRENADE
> REQ 1637334253 184 2
> VAMPIRE 1 14 7 2 0 2 0
> VAMPIRE 4 14 7 3 1 2 0
> VAMPIRE 3 14 7 3 0 2 0
> VAMPIRE 2 14 7 3 0 2 0
> GRENADE 1 14 7 4 2
> GRENADE 1 14 7 5 2
> GRENADE 4 14 7 5 2
> GRENADE 3 14 7 5 2
> GRENADE 2 14 7 5 2
> POWERUP TOMATO -1 14 7 4
> POWERUP TOMATO -1 6 13 4
< RES 1637334253 184 2
> REQ 1637334253 185 2
> VAMPIRE 1 13 7 2 0 2 0
> VAMPIRE 4 14 7 3 0 2 0
> VAMPIRE 3 14 7 3 0 2 0
> VAMPIRE 2 14 7 3 0 2 0
> GRENADE 1 14 7 3 2
> GRENADE 1 14 7 4 2
> GRENADE 4 14 7 4 2
> GRENADE 3 14 7 4 2
> GRENADE 2 14 7 4 2
> GRENADE 4 14 7 5 2
> POWERUP TOMATO 10 14 7 4
> POWERUP TOMATO 10 6 13 4
< RES 1637334253 185 2
> REQ 1637334253 186 2
> VAMPIRE 1 11 7 2 0 2 0
> VAMPIRE 4 14 7 3 0 2 0
> VAMPIRE 3 14 7 3 0 2 0
> VAMPIRE 2 14 7 3 0 2 0
> GRENADE 1 14 7 2 2
> GRENADE 1 14 7 3 2
> GRENADE 4 14 7 3 2
> GRENADE 3 14 7 3 2
> GRENADE 2 14 7 3 2
> GRENADE 4 14 7 4 2
> POWERUP TOMATO 9 14 7 4
> POWERUP TOMATO 9 6 13 4
< RES 1637334253 186 2
< MOVE U L
> REQ 1637334253 187 2
> VAMPIRE 1 9 7 2 0 2 0
> VAMPIRE 4 13 6 3 0 2 0
> VAMPIRE 3 13 6 3 0 2 0
> VAMPIRE 2 13 6 3 0 2 0
> GRENADE 1 14 7 1 2
> GRENADE 1 14 7 2 2
> GRENADE 4 14 7 2 2
> GRENADE 3 14 7 2 2
> GRENADE 2 14 7 2 2
> GRENADE 4 14 7 3 2
> POWERUP TOMATO 8 14 7 4
> POWERUP TOMATO 8 6 13 4
< RES 1637334253 187 2
< MOVE R
> REQ 1637334253 188 2
> VAMPIRE 1 7 7 2 2 2 0
> VAMPIRE 4 13 7 3 2 2 0
> VAMPIRE 3 13 7 3 1 2 0
> VAMPIRE 2 13 7 3 1 2 0
> POWERUP TOMATO 7 14 7 4
> POWERUP TOMATO 7 6 13 4
< RES 1637334253 188 2
< MOVE D
> REQ 1637334253 189 2
> VAMPIRE 1 7 9 2 2 2 0
> VAMPIRE 4 15 7 3 1 2 0
> VAMPIRE 3 14 7 3 1 2 0
> VAMPIRE 2 14 7 3 1 2 0
> GRENADE 4 13 7 5 2
> POWERUP TOMATO 6 14 7 4
> POWERUP TOMATO 6 6 13 4
< RES 1637334253 189 2
< GRENADE
> REQ 1637334253 190 2
> VAMPIRE 1 7 11 2 2 2 0
> VAMPIRE 4 15 7 3 0 2 0
> VAMPIRE 3 14 7 3 1 2 0
> VAMPIRE 2 14 7 3 0 2 0
> GRENADE 4 13 7 4 2
> GRENADE 4 15 7 5 2
> GRENADE 2 14 7 5 2
> POWERUP TOMATO 5 14 7 4
> POWERUP TOMATO 5 6 13 4
< RES 1637334253 190 2
> REQ 1637334253 191 2
> VAMPIRE 1 7 13 2 2 2 0
> VAMPIRE 4 15 9 3 0 2 0
> VAMPIRE 3 14 7 3 1 2 0
> VAMPIRE 2 14 7 3 0 2 0
> GRENADE 4 13 7 3 2
> GRENADE 4 12 7 4 2
> GRENADE 2 14 7 4 2
> POWERUP TOMATO 4 14 7 4
> POWERUP TOMATO 4 6 13 4
< RES 1637334253 191 2
> REQ 1637334253 192 2
> VAMPIRE 1 6 13 2 2 2 0
> VAMPIRE 4 15 11 3 0 2 0
> VAMPIRE 3 14 7 3 1 2 0
> VAMPIRE 2 14 7 3 0 2 0
> GRENADE 4 13 7 2 2
> GRENADE 4 12 7 3 2
> GRENADE 2 14 7 3 2
> POWERUP TOMATO 3 14 7 4
> POWERUP TOMATO 3 6 13 4
< RES 1637334253 192 2
< THROW XU 3
< MOVE D D
> REQ 1637334253 193 2
> VAMPIRE 1 6 13 2 1 2 0
> VAMPIRE 4 15 9 3 0 2 0
> VAMPIRE 3 14 7 3 1 2 0
> VAMPIRE 2 16 7 3 0 2 0
> GRENADE 4 13 7 1 2
> GRENADE 4 12 7 2 2
> GRENADE 2 11 7 2 2
> GRENADE 1 6 13 5 2
> POWERUP TOMATO 2 6 13 4
< RES 1637334253 193 2
< MOVE D D
> REQ 1637334253 194 2
> VAMPIRE 1 6 13 2 1 2 0
> VAMPIRE 4 13 9 3 2 2 0
> VAMPIRE 3 15 7 2 1 2 0
> VAMPIRE 2 18 7 3 1 2 0
> GRENADE 1 9 13 4 2
> POWERUP TOMATO 1 6 13 4
< RES 1637334253 194 2
< MOVE D
> REQ 1637334253 195 2
> VAMPIRE 1 6 13 2 1 2 0
> VAMPIRE 4 11 9 3 2 2 0
> VAMPIRE 3 15 9 2 1 2 0
> VAMPIRE 2 19 7 3 1 2 0
> GRENADE 1 9 13 3 2
> POWERUP TOMATO 1 6 13 4
< RES 1637334253 195 2
< MOVE U U
> REQ 1637334253 196 2
> VAMPIRE 1 6 13 2 1 2 0
> VAMPIRE 4 11 9 3 2 2 0
> VAMPIRE 3 13 9 2 1 2 0
> VAMPIRE 2 17 7 3 1 2 0
> GRENADE 1 9 13 2 2
> POWERUP TOMATO 1 6 13 4
< RES 1637334253 196 2
< MOVE R R
> REQ 1637334253 197 2
> VAMPIRE 1 6 13 2 1 2 0
> VAMPIRE 4 11 9 3 2 2 0
> VAMPIRE 3 13 9 2 1 2 0
> VAMPIRE 2 17 9 3 1 2 0
> GRENADE 1 9 13 1 2
> POWERUP TOMATO 1 6 13 4
< RES 1637334253 197 2
< MOVE U U
> REQ 1637334253 198 2
> VAMPIRE 1 6 13 2 2 2 0
> VAMPIRE 4 11 9 3 2 2 0
> VAMPIRE 3 13 9 2 1 2 0
> VAMPIRE 2 15 9 3 1 2 0
> POWERUP TOMATO 1 6 13 4
< RES 1637334253 198 2
< MOVE D D
> REQ 1637334253 199 2
> VAMPIRE 1 6 13 2 2 2 0
> VAMPIRE 4 11 9 3 2 2 0
> VAMPIRE 3 13 9 2 1 2 0
> VAMPIRE 2 17 9 3 1 2 0
> POWERUP TOMATO 1 6 13 4
< RES 1637334253 199 2
< MOVE U U
> REQ 1637334253 200 2
> VAMPIRE 1 6 13 2 2 2 0
> VAMPIRE 4 11 9 3 2 2 0
> VAMPIRE 3 13 9 2 1 2 0
> VAMPIRE 2 15 9 3 1 2 0
> POWERUP TOMATO 1 6 13 4
< RES 1637334253 200 2
< MOVE D D
> REQ 1637334253 201 2
> VAMPIRE 1 6 13 2 2 2 0
> VAMPIRE 4 11 9 3 2 2 0
> VAMPIRE 3 13 9 2 1 2 0
> VAMPIRE 2 17 9 3 1 2 0
> POWERUP TOMATO 1 6 13 4
< RES 1637334253 201 2
< MOVE U U
> REQ 1637334253 202 2
> VAMPIRE 1 6 13 2 2 2 0
> VAMPIRE 4 11 9 3 2 2 0
> VAMPIRE 3 13 9 2 1 2 0
> VAMPIRE 2 15 9 3 1 2 0
> POWERUP TOMATO 1 6 13 4
< RES 1637334253 202 2
< MOVE D D
> REQ 1637334253 203 2
> VAMPIRE 1 6 13 2 2 2 0
> VAMPIRE 4 11 9 3 2 2 0
> VAMPIRE 3 13 9 2 1 2 0
> VAMPIRE 2 17 9 3 1 2 0
> POWERUP TOMATO 1 6 13 4
< RES 1637334253 203 2
< MOVE U U
> REQ 1637334253 204 2
> VAMPIRE 1 6 13 2 2 2 0
> VAMPIRE 4 11 9 3 2 2 0
> VAMPIRE 3 13 9 2 1 2 0
> VAMPIRE 2 15 9 3 1 2 0
> POWERUP TOMATO 1 6 13 4
< RES 1637334253 204 2
< MOVE D D
> REQ 1637334253 205 2
> VAMPIRE 1 6 13 2 2 2 0
> VAMPIRE 4 11 9 3 2 2 0
> VAMPIRE 3 13 9 2 1 2 0
> VAMPIRE 2 17 9 3 1 2 0
> POWERUP TOMATO 1 6 13 4
< RES 1637334253 205 2
< MOVE U U
> REQ 1637334253 206 2
> VAMPIRE 1 6 13 2 2 2 0
> VAMPIRE 4 11 9 3 2 2 0
> VAMPIRE 3 13 9 2 1 2 0
> VAMPIRE 2 15 9 3 1 2 0
> POWERUP TOMATO 1 6 13 4
< RES 1637334253 206 2
< MOVE D D
> REQ 1637334253 207 2
> VAMPIRE 1 6 13 2 2 2 0
> VAMPIRE 4 11 9 3 2 2 0
> VAMPIRE 3 13 9 2 1 2 0
> VAMPIRE 2 17 9 3 1 2 0
> POWERUP TOMATO 1 6 13 4
< RES 1637334253 207 2
< MOVE U U
> REQ 1637334253 208 2
> VAMPIRE 1 6 13 2 2 2 0
> VAMPIRE 4 11 9 3 2 2 0
> VAMPIRE 3 13 9 2 1 2 0
> VAMPIRE 2 15 9 3 1 2 0
> POWERUP GRENADE -6 17 11 6
> POWERUP GRENADE -6 3 9 6
< RES 1637334253 208 2
< MOVE R R
> REQ 1637334253 209 2
> VAMPIRE 1 4 13 2 2 2 0
> VAMPIRE 4 11 11 3 2 2 0
> VAMPIRE 3 13 11 2 1 2 0
> VAMPIRE 2 15 11 3 1 2 0
> POWERUP GRENADE -5 17 11 6
> POWERUP GRENADE -5 3 9 6
< RES 1637334253 209 2
< MOVE D D
> REQ 1637334253 210 2
> VAMPIRE 1 3 12 2 2 2 0
> VAMPIRE 4 13 11 3 2 2 0
> VAMPIRE 3 15 11 2 1 2 0
> VAMPIRE 2 17 11 3 1 2 0
> POWERUP GRENADE -4 17 11 6
> POWERUP GRENADE -4 3 9 6
< RES 1637334253 210 2
> REQ 1637334253 211 2
> VAMPIRE 1 3 10 2 2 2 0
> VAMPIRE 4 15 11 3 2 2 0
> VAMPIRE 3 17 11 2 1 2 0
> VAMPIRE 2 17 11 3 1 2 0
> POWERUP GRENADE -3 17 11 6
> POWERUP GRENADE -3 3 9 6
< RES 1637334253 211 2
> REQ 1637334253 212 2
> VAMPIRE 1 3 9 2 2 2 0
> VAMPIRE 4 15 11 3 2 2 0
> VAMPIRE 3 17 11 2 1 2 0
> VAMPIRE 2 17 11 3 1 2 0
> POWERUP GRENADE -2 17 11 6
> POWERUP GRENADE -2 3 9 6
< RES 1637334253 212 2
> REQ 1637334253 213 2
> VAMPIRE 1 3 9 2 2 2 0
> VAMPIRE 4 15 11 3 2 2 0
> VAMPIRE 3 17 11 2 1 2 0
> VAMPIRE 2 17 11 3 1 2 0
> POWERUP GRENADE -1 17 11 6
> POWERUP GRENADE -1 3 9 6
< RES 1637334253 213 2
> REQ 1637334253 214 2
> VAMPIRE 1 3 9 2 2 2 0
> VAMPIRE 4 15 11 3 2 2 0
> VAMPIRE 3 17 11 2 1 2 0
> VAMPIRE 2 17 11 3 1 2 0
> POWERUP GRENADE 17 17 11 6
> POWERUP GRENADE 17 3 9 6
< RES 1637334253 214 2
> REQ 1637334253 215 2
> VAMPIRE 1 3 9 2 2 2 0
> VAMPIRE 4 15 11 3 2 2 0
> VAMPIRE 3 17 11 2 1 2 0
> VAMPIRE 2 17 11 3 1 2 0
> POWERUP GRENADE 16 17 11 6
> POWERUP GRENADE 16 3 9 6
< RES 1637334253 215 2
< GRENADE
> REQ 1637334253 216 2
> VAMPIRE 1 3 9 2 2 2 0
> VAMPIRE 4 15 11 3 2 2 0
> VAMPIRE 3 17 11 2 1 2 0
> VAMPIRE 2 17 11 3 0 2 0
> GRENADE 2 17 11 5 2
> POWERUP GRENADE 15 17 11 6
> POWERUP GRENADE 15 3 9 6
< RES 1637334253 216 2
> REQ 1637334253 217 2
> VAMPIRE 1 3 9 2 2 2 0
> VAMPIRE 4 13 11 3 2 2 0
> VAMPIRE 3 17 11 2 1 2 0
> VAMPIRE 2 17 11 3 0 2 0
> GRENADE 2 17 11 4 2
> POWERUP GRENADE 14 17 11 6
> POWERUP GRENADE 14 3 9 6
< RES 1637334253 217 2
< THROW XU 3
> REQ 1637334253 218 2
> VAMPIRE 1 3 9 2 2 2 0
> VAMPIRE 4 11 11 3 2 2 0
> VAMPIRE 3 17 11 2 1 2 0
> VAMPIRE 2 17 11 3 0 2 0
> GRENADE 2 14 11 3 2
> POWERUP GRENADE 13 17 11 6
> POWERUP GRENADE 13 3 9 6
< RES 1637334253 218 2
> REQ 1637334253 219 2
> VAMPIRE 1 3 9 2 3 2 0
> VAMPIRE 4 11 11 3 2 2 0
> VAMPIRE 3 17 11 2 2 2 0
> VAMPIRE 2 17 11 3 1 2 0
> GRENADE 2 14 11 2 2
< RES 1637334253 219 2
> REQ 1637334253 220 2
> VAMPIRE 1 5 9 2 3 2 0
> VAMPIRE 4 11 11 3 2 2 0
> VAMPIRE 3 17 11 2 2 2 0
> VAMPIRE 2 17 11 3 1 2 0
> GRENADE 2 14 11 1 2
< RES 1637334253 220 2
< MOVE U U
> REQ 1637334253 221 2
> VAMPIRE 1 7 9 2 3 2 0
> VAMPIRE 4 11 11 3 2 2 0
> VAMPIRE 3 15 11 2 2 2 0
> VAMPIRE 2 15 11 3 2 2 0
< RES 1637334253 221 2
< MOVE U U
> REQ 1637334253 222 2
> VAMPIRE 1 9 9 2 3 2 0
> VAMPIRE 4 11 11 3 2 2 0
> VAMPIRE 3 13 11 2 2 2 0
> VAMPIRE 2 13 11 3 2 2 0
< RES 1637334253 222 2
> REQ 1637334253 223 2
> VAMPIRE 1 9 9 2 3 2 0
> VAMPIRE 4 11 11 3 2 2 0
> VAMPIRE 3 13 11 2 2 2 0
> VAMPIRE 2 13 11 3 2 2 0
< RES 1637334253 223 2
> REQ 1637334253 224 2
> VAMPIRE 1 9 9 2 3 2 0
> VAMPIRE 4 11 11 3 2 2 0
> VAMPIRE 3 13 11 2 2 2 0
> VAMPIRE 2 13 11 3 2 2 0
< RES 1637334253 224 2
> REQ 1637334253 225 2
> VAMPIRE 1 9 9 2 3 2 0
> VAMPIRE 4 11 11 3 2 2 0
> VAMPIRE 3 13 11 2 2 2 0
> VAMPIRE 2 13 11 3 2 2 0
< RES 1637334253 225 2
> REQ 1637334253 226 2
> VAMPIRE 1 9 9 2 3 2 0
> VAMPIRE 4 11 11 3 2 2 0
> VAMPIRE 3 13 11 2 2 2 0
> VAMPIRE 2 13 11 3 2 2 0
< RES 1637334253 226 2
> REQ 1637334253 227 2
> VAMPIRE 1 9 9 2 3 2 0
> VAMPIRE 4 11 11 3 2 2 0
> VAMPIRE 3 13 11 2 2 2 0
> VAMPIRE 2 13 11 3 2 2 0
< RES 1637334253 227 2
> REQ 1637334253 228 2
> VAMPIRE 1 9 9 2 3 2 0
> VAMPIRE 4 11 11 3 2 2 0
> VAMPIRE 3 13 11 2 2 2 0
> VAMPIRE 2 13 11 3 2 2 0
< RES 1637334253 228 2
> REQ 1637334253 229 2
> VAMPIRE 1 9 9 2 3 2 0
> VAMPIRE 4 11 11 3 2 2 0
> VAMPIRE 3 13 11 2 2 2 0
> VAMPIRE 2 13 11 3 2 2 0
< RES 1637334253 229 2
> REQ 1637334253 230 2
> VAMPIRE 1 9 9 2 3 2 0
> VAMPIRE 4 11 11 3 2 2 0
> VAMPIRE 3 13 11 2 2 2 0
> VAMPIRE 2 13 11 3 2 2 0
< RES 1637334253 230 2
> REQ 1637334253 231 2
> VAMPIRE 1 9 9 2 3 2 0
> VAMPIRE 4 11 11 3 2 2 0
> VAMPIRE 3 13 11 2 2 2 0
> VAMPIRE 2 13 11 3 2 2 0
< RES 1637334253 231 2
> REQ 1637334253 232 2
> VAMPIRE 1 9 9 2 3 2 0
> VAMPIRE 4 11 11 3 2 2 0
> VAMPIRE 3 13 11 2 2 2 0
> VAMPIRE 2 13 11 3 2 2 0
< RES 1637334253 232 2
> REQ 1637334253 233 2
> VAMPIRE 1 9 9 2 3 2 0
> VAMPIRE 4 11 11 3 2 2 0
> VAMPIRE 3 13 11 2 2 2 0
> VAMPIRE 2 13 11 3 2 2 0
< RES 1637334253 233 2
> REQ 1637334253 234 2
> VAMPIRE 1 9 9 2 3 2 0
> VAMPIRE 4 11 11 3 2 2 0
> VAMPIRE 3 13 11 2 2 2 0
> VAMPIRE 2 13 11 3 2 2 0
< RES 1637334253 234 2
> REQ 1637334253 235 2
> VAMPIRE 1 9 9 2 3 2 0
> VAMPIRE 4 11 11 3 2 2 0
> VAMPIRE 3 13 11 2 2 2 0
> VAMPIRE 2 13 11 3 2 2 0
< RES 1637334253 235 2
> REQ 1637334253 236 2
> VAMPIRE 1 9 9 2 3 2 0
> VAMPIRE 4 11 11 3 2 2 0
> VAMPIRE 3 13 11 2 2 2 0
> VAMPIRE 2 13 11 3 2 2 0
< RES 1637334253 236 2
> REQ 1637334253 237 2
> VAMPIRE 1 9 9 2 3 2 0
> VAMPIRE 4 11 11 3 2 2 0
> VAMPIRE 3 13 11 2 2 2 0
> VAMPIRE 2 13 11 3 2 2 0
< RES 1637334253 237 2
> REQ 1637334253 238 2
> VAMPIRE 1 9 9 2 3 2 0
> VAMPIRE 4 11 11 3 2 2 0
> VAMPIRE 3 13 11 2 2 2 0
> VAMPIRE 2 13 11 3 2 2 0
> POWERUP BATTERY -5 7 18 4
> POWERUP BATTERY -5 13 2 4
< RES 1637334253 238 2
< MOVE L L
> REQ 1637334253 239 2
> VAMPIRE 1 7 9 2 3 2 0
> VAMPIRE 4 9 11 3 2 2 0
> VAMPIRE 3 13 9 2 2 2 0
> VAMPIRE 2 13 9 3 2 2 0
> POWERUP BATTERY -4 7 18 4
> POWERUP BATTERY -4 13 2 4
< RES 1637334253 239 2
< MOVE L L
> REQ 1637334253 240 2
> VAMPIRE 1 7 11 2 3 2 0
> VAMPIRE 4 7 11 3 2 2 0
> VAMPIRE 3 13 7 2 2 2 0
> VAMPIRE 2 13 7 3 2 2 0
> POWERUP BATTERY -3 7 18 4
> POWERUP BATTERY -3 13 2 4
< RES 1637334253 240 2
< MOVE L L
> REQ 1637334253 241 2
> VAMPIRE 1 7 13 2 3 2 0
> VAMPIRE 4 7 13 3 2 2 0
> VAMPIRE 3 13 5 2 2 2 0
> VAMPIRE 2 13 5 3 2 2 0
> POWERUP BATTERY -2 7 18 4
> POWERUP BATTERY -2 13 2 4
< RES 1637334253 241 2
< MOVE L L
> REQ 1637334253 242 2
> VAMPIRE 1 7 15 2 3 2 0
> VAMPIRE 4 7 15 3 2 2 0
> VAMPIRE 3 13 3 2 2 2 0
> VAMPIRE 2 13 3 3 2 2 0
> POWERUP BATTERY -1 7 18 4
> POWERUP BATTERY -1 13 2 4
< RES 1637334253 242 2
< GRENADE
< MOVE L L
> REQ 1637334253 243 2
> VAMPIRE 1 7 17 2 3 2 0
> VAMPIRE 4 7 17 3 2 2 0
> VAMPIRE 3 13 1 2 1 2 0
> VAMPIRE 2 13 1 3 1 2 0
> GRENADE 3 13 3 5 2
> GRENADE 2 13 3 5 2
> POWERUP BATTERY 19 7 18 4
> POWERUP BATTERY 19 13 2 4
< RES 1637334253 243 2
< GRENADE
> REQ 1637334253 244 2
> VAMPIRE 1 7 19 2 2 2 0
> VAMPIRE 4 7 19 3 1 2 0
> VAMPIRE 3 13 1 2 1 2 0
> VAMPIRE 2 13 1 3 0 2 0
> GRENADE 3 13 3 4 2
> GRENADE 2 13 3 4 2
> GRENADE 1 7 17 5 2
> GRENADE 4 7 17 5 2
> GRENADE 2 13 1 5 2
> POWERUP BATTERY 18 7 18 4
> POWERUP BATTERY 18 13 2 4
< RES 1637334253 244 2
< THROW XR 3
< MOVE R
> REQ 1637334253 245 2
> VAMPIRE 1 7 19 2 1 2 0
> VAMPIRE 4 7 18 3 1 2 0
> VAMPIRE 3 13 1 2 0 2 0
> VAMPIRE 2 13 2 3 0 2 0
> GRENADE 3 13 3 3 2
> GRENADE 2 13 3 3 2
> GRENADE 1 7 17 4 2
> GRENADE 4 7 17 4 2
> GRENADE 2 13 4 4 2
> GRENADE 1 7 19 5 2
> GRENADE 3 13 1 5 2
> POWERUP BATTERY 17 7 18 4
> POWERUP BATTERY 17 13 2 4
< RES 1637334253 245 2
> REQ 1637334253 246 2
> VAMPIRE 1 7 19 2 0 2 0
> VAMPIRE 4 7 18 3 1 2 0
> VAMPIRE 3 13 1 2 0 2 0
> VAMPIRE 2 13 2 3 0 2 0
> GRENADE 3 13 3 2 2
> GRENADE 2 13 3 2 2
> GRENADE 1 7 17 3 2
> GRENADE 4 7 17 3 2
> GRENADE 2 13 4 3 2
> GRENADE 1 7 19 4 2
> GRENADE 3 13 1 4 2
> GRENADE 1 7 19 5 2
> POWERUP BATTERY 16 7 18 4
> POWERUP BATTERY 16 13 2 4
< RES 1637334253 246 2
< GRENADE
> REQ 1637334253 247 2
> VAMPIRE 1 7 19 2 0 2 0
> VAMPIRE 4 7 18 3 1 2 0
> VAMPIRE 3 14 1 2 0 2 0
> VAMPIRE 2 13 2 3 0 2 0
> GRENADE 3 13 3 1 2
> GRENADE 2 13 3 1 2
> GRENADE 1 7 17 2 2
> GRENADE 4 7 17 2 2
> GRENADE 2 13 4 2 2
> GRENADE 1 7 19 3 2
> GRENADE 3 10 1 3 2
> GRENADE 1 7 19 4 2
> POWERUP BATTERY 15 7 18 4
> POWERUP BATTERY 15 13 2 4
< RES 1637334253 247 2
< MOVE L
> REQ 1637334253 248 2
> VAMPIRE 1 6 19 2 0 2 0
> VAMPIRE 4 7 18 3 0 2 0
> VAMPIRE 3 13 2 2 1 2 0
> VAMPIRE 2 13 1 2 2 2 0
> GRENADE 1 7 17 1 2
> GRENADE 4 7 17 1 2
> GRENADE 1 7 16 2 2
> GRENADE 3 10 1 2 2
> GRENADE 1 7 16 3 2
> GRENADE 4 7 18 5 2
> POWERUP BATTERY 14 7 18 4
> POWERUP BATTERY 14 13 2 4
< RES 1637334253 248 2
< GRENADE
< MOVE R R
> REQ 1637334253 249 2
> VAMPIRE 1 5 18 2 3 2 0
> VAMPIRE 4 7 18 2 2 3 0
> VAMPIRE 3 13 3 2 1 2 0
> VAMPIRE 2 13 3 2 2 2 0
> GRENADE 3 10 1 1 2
> POWERUP BATTERY 13 13 2 4
< RES 1637334253 249 2
< GRENADE
< MOVE L L
> REQ 1637334253 250 2
> VAMPIRE 1 5 16 2 3 2 0
> VAMPIRE 4 8 17 2 2 3 0
> VAMPIRE 3 13 2 2 2 2 0
> VAMPIRE 2 13 1 2 2 2 0
> POWERUP BATTERY 12 13 2 4
< RES 1637334253 250 2
< GRENADE
< MOVE R R
> REQ 1637334253 251 2
> VAMPIRE 1 5 14 2 3 2 0
> VAMPIRE 4 10 17 2 2 3 0
> VAMPIRE 3 13 3 2 2 2 0
> VAMPIRE 2 13 3 2 1 2 0
> GRENADE 2 13 1 5 2
> POWERUP BATTERY 11 13 2 4
< RES 1637334253 251 2
< MOVE L
> REQ 1637334253 252 2
> VAMPIRE 1 6 13 2 3 2 0
> VAMPIRE 4 12 17 2 2 3 0
> VAMPIRE 3 13 3 2 2 2 0
> VAMPIRE 2 13 2 2 1 2 0
> GRENADE 2 13 1 4 2
> POWERUP BATTERY 10 13 2 4
< RES 1637334253 252 2
< GRENADE
> REQ 1637334253 253 2
> VAMPIRE 1 8 13 2 3 2 0
> VAMPIRE 4 13 16 2 2 3 0
> VAMPIRE 3 13 3 2 1 2 0
> VAMPIRE 2 13 2 2 0 2 0
> GRENADE 2 13 1 3 2
> GRENADE 3 13 3 5 2
> GRENADE 2 13 2 5 2
> POWERUP BATTERY 9 13 2 4
< RES 1637334253 253 2
> REQ 1637334253 254 2
> VAMPIRE 1 7 13 2 3 2 0
> VAMPIRE 4 13 14 2 2 3 0
> VAMPIRE 3 13 5 2 0 2 0
> VAMPIRE 2 13 2 2 0 2 0
> GRENADE 2 13 1 2 2
> GRENADE 3 13 3 4 2
> GRENADE 2 13 2 4 2
> GRENADE 3 13 3 5 2
> POWERUP BATTERY 8 13 2 4
< RES 1637334253 254 2
> REQ 1637334253 255 2
> VAMPIRE 1 7 13 2 3 2 0
> VAMPIRE 4 13 12 2 2 3 0
> VAMPIRE 3 13 6 2 0 2 0
> VAMPIRE 2 13 2 2 0 2 0
> GRENADE 2 13 1 1 2
> GRENADE 3 13 3 3 2
> GRENADE 2 13 2 3 2
> GRENADE 3 13 3 4 2
> POWERUP BATTERY 7 13 2 4
< RES 1637334253 255 2
< THROW XU 2
> REQ 1637334253 256 2
> VAMPIRE 1 7 11 2 3 2 0
> VAMPIRE 4 13 11 2 2 3 0
> VAMPIRE 3 13 6 2 2 2 0
> VAMPIRE 2 13 2 1 2 3 0
< RES 1637334253 256 2
< MOVE R
> REQ 1637334253 257 2
> VAMPIRE 1 7 11 2 3 2 0
> VAMPIRE 4 13 9 2 2 3 0
> VAMPIRE 3 13 5 2 2 2 0
> VAMPIRE 2 13 3 1 2 3 0
< RES 1637334253 257 2
< MOVE U U
> REQ 1637334253 258 2
> VAMPIRE 1 9 11 2 3 2 0
> VAMPIRE 4 13 9 2 2 3 0
> VAMPIRE 3 13 7 2 2 2 0
> VAMPIRE 2 11 3 1 2 3 0
< RES 1637334253 258 2
< MOVE R R
> REQ 1637334253 259 2
> VAMPIRE 1 9 11 2 3 2 0
> VAMPIRE 4 11 9 2 2 3 0
> VAMPIRE 3 11 7 2 2 2 0
> VAMPIRE 2 11 5 1 2 3 0
< RES 1637334253 259 2
< MOVE U U
> REQ 1637334253 260 2
> VAMPIRE 1 9 13 2 3 2 0
> VAMPIRE 4 11 11 2 2 3 0
> VAMPIRE 3 9 7 2 2 2 0
> VAMPIRE 2 9 5 1 2 3 0
< RES 1637334253 260 2
< MOVE D D
> REQ 1637334253 261 2
> VAMPIRE 1 7 13 2 3 2 0
> VAMPIRE 4 9 11 2 2 3 0
> VAMPIRE 3 9 9 2 2 2 0
> VAMPIRE 2 11 5 1 2 3 0
< RES 1637334253 261 2
< MOVE R R
> REQ 1637334253 262 2
> VAMPIRE 1 9 13 2 3 2 0
> VAMPIRE 4 11 11 2 2 3 0
> VAMPIRE 3 11 9 2 2 2 0
> VAMPIRE 2 11 7 1 2 3 0
< RES 1637334253 262 2
< MOVE U U
> REQ 1637334253 263 2
> VAMPIRE 1 7 13 2 3 2 0
> VAMPIRE 4 11 13 2 2 3 0
> VAMPIRE 3 9 9 2 2 2 0
> VAMPIRE 2 9 7 1 2 3 0
< RES 1637334253 263 2
< MOVE D D
> REQ 1637334253 264 2
> VAMPIRE 1 7 11 2 3 2 0
> VAMPIRE 4 9 13 2 2 3 0
> VAMPIRE 3 11 9 2 2 2 0
> VAMPIRE 2 11 7 1 2 3 0
< RES 1637334253 264 2
< MOVE U U
> REQ 1637334253 265 2
> VAMPIRE 1 7 9 2 3 2 0
> VAMPIRE 4 11 13 2 2 3 0
> VAMPIRE 3 11 11 2 2 2 0
> VAMPIRE 2 9 7 1 2 3 0
< RES 1637334253 265 2
< MOVE D D
> REQ 1637334253 266 2
> VAMPIRE 1 7 11 2 3 2 0
> VAMPIRE 4 9 13 2 2 3 0
> VAMPIRE 3 11 9 2 2 2 0
> VAMPIRE 2 11 7 1 2 3 0
< RES 1637334253 266 2
< MOVE U U
> REQ 1637334253 267 2
> VAMPIRE 1 7 9 2 3 2 0
> VAMPIRE 4 11 13 2 2 3 0
> VAMPIRE 3 11 11 2 2 2 0
> VAMPIRE 2 9 7 1 2 3 0
< RES 1637334253 267 2
< MOVE D D
> REQ 1637334253 268 2
> VAMPIRE 1 7 11 2 3 2 0
> VAMPIRE 4 9 13 2 2 3 0
> VAMPIRE 3 11 9 2 2 2 0
> VAMPIRE 2 11 7 1 2 3 0
< RES 1637334253 268 2
< MOVE U U
> REQ 1637334253 269 2
> VAMPIRE 1 7 9 2 3 2 0
> VAMPIRE 4 11 13 2 2 3 0
> VAMPIRE 3 11 11 2 2 2 0
> VAMPIRE 2 9 7 1 2 3 0
< RES 1637334253 269 2
< MOVE D D
> REQ 1637334253 270 2
> VAMPIRE 1 7 11 2 3 2 0
> VAMPIRE 4 9 13 2 2 3 0
> VAMPIRE 3 11 9 2 2 2 0
> VAMPIRE 2 11 7 1 2 3 0
< RES 1637334253 270 2
< MOVE U U
> REQ 1637334253 271 2
> VAMPIRE 1 7 9 2 3 2 0
> VAMPIRE 4 11 13 2 2 3 0
> VAMPIRE 3 11 11 2 2 2 0
> VAMPIRE 2 9 7 1 2 3 0
< RES 1637334253 271 2
< MOVE D D
> REQ 1637334253 272 2
> VAMPIRE 1 7 11 2 3 2 0
> VAMPIRE 4 9 13 2 2 3 0
> VAMPIRE 3 11 9 2 2 2 0
> VAMPIRE 2 11 7 1 2 3 0
< RES 1637334253 272 2
< MOVE U U
> REQ 1637334253 273 2
> VAMPIRE 1 7 9 2 3 2 0
> VAMPIRE 4 11 13 2 2 3 0
> VAMPIRE 3 11 11 2 2 2 0
> VAMPIRE 2 9 7 1 2 3 0
< RES 1637334253 273 2
< MOVE D D
> REQ 1637334253 274 2
> VAMPIRE 1 7 11 2 3 2 0
> VAMPIRE 4 9 13 2 2 3 0
> VAMPIRE 3 11 9 2 2 2 0
> VAMPIRE 2 11 7 1 2 3 0
< RES 1637334253 274 2
< MOVE U U
> REQ 1637334253 275 2
> VAMPIRE 1 7 9 2 3 2 0
> VAMPIRE 4 11 13 2 2 3 0
> VAMPIRE 3 11 11 2 2 2 0
> VAMPIRE 2 9 7 1 2 3 0
< RES 1637334253 275 2
< MOVE D D
> REQ 1637334253 276 2
> VAMPIRE 1 7 11 2 3 2 0
> VAMPIRE 4 9 13 2 2 3 0
> VAMPIRE 3 11 9 2 2 2 0
> VAMPIRE 2 11 7 1 2 3 0
> POWERUP GRENADE -5 1 15 6
> POWERUP GRENADE -5 19 5 6
< RES 1637334253 276 2
< MOVE U U
> REQ 1637334253 277 2
> VAMPIRE 1 5 11 2 3 2 0
> VAMPIRE 4 7 13 2 2 3 0
> VAMPIRE 3 13 9 2 2 2 0
> VAMPIRE 2 9 7 1 2 3 0
> POWERUP GRENADE -4 1 15 6
> POWERUP GRENADE -4 19 5 6
< RES 1637334253 277 2
< MOVE R R
> REQ 1637334253 278 2
> VAMPIRE 1 3 11 2 3 2 0
> VAMPIRE 4 5 13 2 2 3 0
> VAMPIRE 3 15 9 2 2 2 0
> VAMPIRE 2 9 9 1 2 3 0
> POWERUP GRENADE -3 1 15 6
> POWERUP GRENADE -3 19 5 6
< RES 1637334253 278 2
< MOVE R R
> REQ 1637334253 279 2
> VAMPIRE 1 1 11 2 3 2 0
> VAMPIRE 4 3 13 2 2 3 0
> VAMPIRE 3 17 9 2 2 2 0
> VAMPIRE 2 9 11 1 2 3 0
> POWERUP GRENADE -2 1 15 6
> POWERUP GRENADE -2 19 5 6
< RES 1637334253 279 2
< MOVE R R
> REQ 1637334253 280 2
> VAMPIRE 1 1 13 2 3 2 0
> VAMPIRE 4 1 13 2 2 3 0
> VAMPIRE 3 19 9 2 2 2 0
> VAMPIRE 2 9 13 1 2 3 0
> POWERUP GRENADE -1 1 15 6
> POWERUP GRENADE -1 19 5 6
< RES 1637334253 280 2
< MOVE U U
> REQ 1637334253 281 2
> VAMPIRE 1 1 15 2 3 2 0
> VAMPIRE 4 1 15 2 2 3 0
> VAMPIRE 3 19 7 2 2 2 0
> VAMPIRE 2 7 13 1 2 3 0
> POWERUP GRENADE 11 1 15 6
> POWERUP GRENADE 11 19 5 6
< RES 1637334253 281 2
< MOVE R R
> REQ 1637334253 282 2
> VAMPIRE 1 1 15 2 3 2 0
> VAMPIRE 4 1 15 2 2 3 0
> VAMPIRE 3 19 5 2 2 2 0
> VAMPIRE 2 7 15 1 2 3 0
> POWERUP GRENADE 10 1 15 6
> POWERUP GRENADE 10 19 5 6
< RES 1637334253 282 2
> REQ 1637334253 283 2
> VAMPIRE 1 1 15 2 3 2 0
> VAMPIRE 4 1 15 2 2 3 0
> VAMPIRE 3 19 5 2 2 2 0
> VAMPIRE 2 7 15 1 2 3 0
> POWERUP GRENADE 9 1 15 6
> POWERUP GRENADE 9 19 5 6
< RES 1637334253 283 2
> REQ 1637334253 284 2
> VAMPIRE 1 1 15 2 3 2 0
> VAMPIRE 4 1 15 2 2 3 0
> VAMPIRE 3 19 5 2 2 2 0
> VAMPIRE 2 7 15 1 2 3 0
> POWERUP GRENADE 8 1 15 6
> POWERUP GRENADE 8 19 5 6
< RES 1637334253 284 2
> REQ 1637334253 285 2
> VAMPIRE 1 1 15 2 3 2 0
> VAMPIRE 4 1 15 2 2 3 0
> VAMPIRE 3 19 5 2 2 2 0
> VAMPIRE 2 7 15 1 2 3 0
> POWERUP GRENADE 7 1 15 6
> POWERUP GRENADE 7 19 5 6
< RES 1637334253 285 2
> REQ 1637334253 286 2
> VAMPIRE 1 1 15 2 3 2 0
> VAMPIRE 4 1 15 2 2 3 0
> VAMPIRE 3 19 5 2 2 2 0
> VAMPIRE 2 7 15 1 2 3 0
> POWERUP GRENADE 6 1 15 6
> POWERUP GRENADE 6 19 5 6
< RES 1637334253 286 2
> REQ 1637334253 287 2
> VAMPIRE 1 1 15 2 4 2 0
> VAMPIRE 4 1 15 2 3 3 0
> VAMPIRE 3 19 5 2 2 2 0
> VAMPIRE 2 7 15 1 2 3 0
> POWERUP GRENADE 5 19 5 6
< RES 1637334253 287 2
> REQ 1637334253 288 2
> VAMPIRE 1 3 15 2 4 2 0
> VAMPIRE 4 3 15 2 3 3 0
> VAMPIRE 3 19 5 2 3 2 0
> VAMPIRE 2 7 15 1 2 3 0
< RES 1637334253 288 2
< MOVE D D
> REQ 1637334253 289 2
> VAMPIRE 1 5 15 2 4 2 0
> VAMPIRE 4 3 13 2 3 3 0
> VAMPIRE 3 17 5 2 3 2 0
> VAMPIRE 2 9 15 1 2 3 0
< RES 1637334253 289 2
< MOVE L L
> REQ 1637334253 290 2
> VAMPIRE 1 5 13 2 4 2 0
> VAMPIRE 4 5 13 2 3 3 0
> VAMPIRE 3 15 5 2 3 2 0
> VAMPIRE 2 9 13 1 2 3 0
< RES 1637334253 290 2
< MOVE D D
> REQ 1637334253 291 2
> VAMPIRE 1 7 13 2 4 2 0
> VAMPIRE 4 5 11 2 3 3 0
> VAMPIRE 3 13 5 2 3 2 0
> VAMPIRE 2 11 13 1 2 3 0
< RES 1637334253 291 2
< MOVE L L
> REQ 1637334253 292 2
> VAMPIRE 1 7 11 2 4 2 0
> VAMPIRE 4 7 11 2 3 3 0
> VAMPIRE 3 13 7 2 3 2 0
> VAMPIRE 2 11 11 1 2 3 0
< RES 1637334253 292 2
< MOVE D D
> REQ 1637334253 293 2
> VAMPIRE 1 9 11 2 4 2 0
> VAMPIRE 4 7 9 2 3 3 0
> VAMPIRE 3 13 7 2 3 2 0
> VAMPIRE 2 13 11 1 2 3 0
< RES 1637334253 293 2
< MOVE L L
> REQ 1637334253 294 2
> VAMPIRE 1 9 13 2 4 2 0
> VAMPIRE 4 7 11 2 3 3 0
> VAMPIRE 3 11 7 2 3 2 0
> VAMPIRE 2 13 9 1 2 3 0
< RES 1637334253 294 2
< MOVE R R
> REQ 1637334253 295 2
> VAMPIRE 1 11 13 2 4 2 0
> VAMPIRE 4 7 9 2 3 3 0
> VAMPIRE 3 9 7 2 3 2 0
> VAMPIRE 2 13 11 1 2 3 0
< RES 1637334253 295 2
< MOVE L L
> REQ 1637334253 296 2
> VAMPIRE 1 9 13 2 4 2 0
> VAMPIRE 4 7 11 2 3 3 0
> VAMPIRE 3 11 7 2 3 2 0
> VAMPIRE 2 13 9 1 2 3 0
< RES 1637334253 296 2
< MOVE R R
> REQ 1637334253 297 2
> VAMPIRE 1 11 13 2 4 2 0
> VAMPIRE 4 7 9 2 3 3 0
> VAMPIRE 3 9 7 2 3 2 0
> VAMPIRE 2 13 11 1 2 3 0
< RES 1637334253 297 2
< MOVE L L
> REQ 1637334253 298 2
> VAMPIRE 1 9 13 2 4 2 0
> VAMPIRE 4 7 11 2 3 3 0
> VAMPIRE 3 11 7 2 3 2 0
> VAMPIRE 2 13 9 1 2 3 0
< RES 1637334253 298 2
< MOVE R R
> REQ 1637334253 299 2
> VAMPIRE 1 11 13 2 4 2 0
> VAMPIRE 4 7 9 2 3 3 0
> VAMPIRE 3 9 7 2 3 2 0
> VAMPIRE 2 13 11 1 2 3 0
> POWERUP TOMATO -6 6 3 5
> POWERUP TOMATO -6 14 17 5
< RES 1637334253 299 2
< MOVE R R
> REQ 1637334253 300 2
> VAMPIRE 1 11 15 2 4 2 0
> VAMPIRE 4 7 7 2 3 3 0
> VAMPIRE 3 7 7 2 3 2 0
> VAMPIRE 2 13 13 1 2 3 0
> POWERUP TOMATO -5 6 3 5
> POWERUP TOMATO -5 14 17 5
< RES 1637334253 300 2
< MOVE R R
> REQ 1637334253 301 2
> VAMPIRE 1 11 17 2 4 2 0
> VAMPIRE 4 7 5 2 3 3 0
> VAMPIRE 3 7 5 2 3 2 0
> VAMPIRE 2 13 15 1 2 3 0
> POWERUP TOMATO -4 6 3 5
> POWERUP TOMATO -4 14 17 5
< RES 1637334253 301 2
< MOVE R R
> REQ 1637334253 302 2
> VAMPIRE 1 13 17 2 4 2 0
> VAMPIRE 4 7 3 2 3 3 0
> VAMPIRE 3 7 3 2 3 2 0
> VAMPIRE 2 13 17 1 2 3 0
> POWERUP TOMATO -3 6 3 5
> POWERUP TOMATO -3 14 17 5
< RES 1637334253 302 2
< MOVE D
> REQ 1637334253 303 2
> VAMPIRE 1 15 17 2 3 2 0
> VAMPIRE 4 6 3 2 3 3 0
> VAMPIRE 3 6 3 2 3 2 0
> VAMPIRE 2 14 17 1 2 3 0
> GRENADE 1 13 17 5 2
> POWERUP TOMATO -2 6 3 5
> POWERUP TOMATO -2 14 17 5
< RES 1637334253 303 2
< GRENADE
> REQ 1637334253 304 2
> VAMPIRE 1 15 17 2 2 2 0
> VAMPIRE 4 6 3 2 2 3 0
> VAMPIRE 3 6 3 2 2 2 0
> VAMPIRE 2 14 17 1 1 3 0
> GRENADE 1 13 17 4 2
> GRENADE 1 15 17 5 2
> GRENADE 4 6 3 5 3
> GRENADE 3 6 3 5 2
> GRENADE 2 14 17 5 3
> POWERUP TOMATO -1 6 3 5
> POWERUP TOMATO -1 14 17 5
< RES 1637334253 304 2
< THROW XL 2
> REQ 1637334253 305 2
> VAMPIRE 1 15 15 2 1 2 0
> VAMPIRE 4 5 3 2 2 3 0
> VAMPIRE 3 5 3 2 2 2 0
> VAMPIRE 2 14 17 1 1 3 0
> GRENADE 1 13 17 3 2
> GRENADE 1 15 17 4 2
> GRENADE 4 6 3 4 3
> GRENADE 3 6 3 4 2
> GRENADE 2 14 15 4 3
> GRENADE 1 15 17 5 2
> POWERUP TOMATO 12 6 3 5
> POWERUP TOMATO 12 14 17 5
< RES 1637334253 305 2
< GRENADE
> REQ 1637334253 306 2
> VAMPIRE 1 17 15 2 0 2 0
> VAMPIRE 4 5 1 2 1 3 0
> VAMPIRE 3 5 1 2 1 2 0
> VAMPIRE 2 14 17 1 0 3 0
> GRENADE 1 13 17 2 2
> GRENADE 1 15 17 3 2
> GRENADE 4 6 3 3 3
> GRENADE 3 6 3 3 2
> GRENADE 2 14 15 3 3
> GRENADE 1 15 17 4 2
> GRENADE 1 15 15 5 2
> GRENADE 4 5 3 5 3
> GRENADE 3 5 3 5 2
> GRENADE 2 14 17 5 3
> POWERUP TOMATO 11 6 3 5
> POWERUP TOMATO 11 14 17 5
< RES 1637334253 306 2
< THROW XR 2
> REQ 1637334253 307 2
> VAMPIRE 1 19 15 2 0 2 0
> VAMPIRE 4 7 1 2 0 3 0
> VAMPIRE 3 7 1 2 0 2 0
> VAMPIRE 2 14 17 1 0 3 0
> GRENADE 1 13 17 1 2
> GRENADE 1 15 17 2 2
> GRENADE 4 6 3 2 3
> GRENADE 3 6 3 2 2
> GRENADE 2 14 15 2 3
> GRENADE 1 15 17 3 2
> GRENADE 1 15 15 4 2
> GRENADE 4 5 3 4 3
> GRENADE 3 5 3 4 2
> GRENADE 2 14 19 4 3
> GRENADE 4 5 1 5 3
> GRENADE 3 5 1 5 2
> POWERUP TOMATO 10 6 3 5
> POWERUP TOMATO 10 14 17 5
< RES 1637334253 307 2
> END 534 Could_not_be_more_deaded
