> MESSAGE OK
> LEVEL 8
> GAMEID 1637095223
> TEST 1
> MAXTICK 1200
> GRENADERADIUS 2
> SIZE 21
> REQ 1637095223 0 1
> VAMPIRE 1 1 1 3 1 2 0
> VAMPIRE 3 19 19 3 1 2 0
> VAMPIRE 2 19 1 3 1 2 0
> VAMPIRE 4 1 19 3 1 2 0
> BAT1 3 1 7 1 9 1 11 1 13 1 17 1 1 3 3 3 5 3 9 3 11 3 15 3 17 3 19 3 3 5 5 5 7 5 13 5 15 5 17 5 1 7 5 7 7 7 9 7 11 7 13 7 15 7 19 7 1 9 3 9 7 9 13 9 17 9 19 9 1 11 3 11 7 11 13 11 17 11 19 11 1 13 5 13 7 13 9 13 11 13 13 13 15 13 19 13 3 15 5 15 7 15 13 15 15 15 17 15 1 17 3 17 5 17 9 17 11 17 15 17 17 17 19 17 3 19 7 19 9 19 11 19 13 19 17 19
< RES 1637095223 0 1
< MOVE D
> REQ 1637095223 1 1
> VAMPIRE 1 2 1 3 1 2 0
> VAMPIRE 3 19 18 3 1 2 0
> VAMPIRE 2 18 1 3 1 2 0
> VAMPIRE 4 1 18 3 1 2 0
> BAT1 3 1 7 1 9 1 11 1 13 1 17 1 1 3 3 3 5 3 9 3 11 3 15 3 17 3 19 3 3 5 5 5 7 5 13 5 15 5 17 5 1 7 5 7 7 7 9 7 11 7 13 7 15 7 19 7 1 9 3 9 7 9 13 9 17 9 19 9 1 11 3 11 7 11 13 11 17 11 19 11 1 13 5 13 7 13 9 13 11 13 13 13 15 13 19 13 3 15 5 15 7 15 13 15 15 15 17 15 1 17 3 17 5 17 9 17 11 17 15 17 17 17 19 17 3 19 7 19 9 19 11 19 13 19 17 19
< RES 1637095223 1 1
< GRENADE
< MOVE U R
> REQ 1637095223 2 1
> VAMPIRE 1 1 2 3 0 2 0
> VAMPIRE 3 18 19 3 0 2 0
> VAMPIRE 2 19 2 3 0 2 0
> VAMPIRE 4 2 19 3 0 2 0
> GRENADE 1 2 1 5 2
> GRENADE 3 19 18 5 2
> GRENADE 2 18 1 5 2
> GRENADE 4 1 18 5 2
> BAT1 3 1 7 1 9 1 11 1 13 1 17 1 1 3 3 3 5 3 9 3 11 3 15 3 17 3 19 3 3 5 5 5 7 5 13 5 15 5 17 5 1 7 5 7 7 7 9 7 11 7 13 7 15 7 19 7 1 9 3 9 7 9 13 9 17 9 19 9 1 11 3 11 7 11 13 11 17 11 19 11 1 13 5 13 7 13 9 13 11 13 13 13 15 13 19 13 3 15 5 15 7 15 13 15 15 15 17 15 1 17 3 17 5 17 9 17 11 17 15 17 17 17 19 17 3 19 7 19 9 19 11 19 13 19 17 19
< RES 1637095223 2 1
> REQ 1637095223 3 1
> VAMPIRE 1 1 2 3 0 2 0
> VAMPIRE 3 18 19 3 0 2 0
> VAMPIRE 2 19 2 3 0 2 0
> VAMPIRE 4 2 19 3 0 2 0
> GRENADE 1 2 1 4 2
> GRENADE 3 19 18 4 2
> GRENADE 2 18 1 4 2
> GRENADE 4 1 18 4 2
> BAT1 3 1 7 1 9 1 11 1 13 1 17 1 1 3 3 3 5 3 9 3 11 3 15 3 17 3 19 3 3 5 5 5 7 5 13 5 15 5 17 5 1 7 5 7 7 7 9 7 11 7 13 7 15 7 19 7 1 9 3 9 7 9 13 9 17 9 19 9 1 11 3 11 7 11 13 11 17 11 19 11 1 13 5 13 7 13 9 13 11 13 13 13 15 13 19 13 3 15 5 15 7 15 13 15 15 15 17 15 1 17 3 17 5 17 9 17 11 17 15 17 17 17 19 17 3 19 7 19 9 19 11 19 13 19 17 19
< RES 1637095223 3 1
> REQ 1637095223 4 1
> VAMPIRE 1 1 2 3 0 2 0
> VAMPIRE 3 18 19 3 0 2 0
> VAMPIRE 2 19 2 3 0 2 0
> VAMPIRE 4 2 19 3 0 2 0
> GRENADE 1 2 1 3 2
> GRENADE 3 19 18 3 2
> GRENADE 2 18 1 3 2
> GRENADE 4 1 18 3 2
> BAT1 3 1 7 1 9 1 11 1 13 1 17 1 1 3 3 3 5 3 9 3 11 3 15 3 17 3 19 3 3 5 5 5 7 5 13 5 15 5 17 5 1 7 5 7 7 7 9 7 11 7 13 7 15 7 19 7 1 9 3 9 7 9 13 9 17 9 19 9 1 11 3 11 7 11 13 11 17 11 19 11 1 13 5 13 7 13 9 13 11 13 13 13 15 13 19 13 3 15 5 15 7 15 13 15 15 15 17 15 1 17 3 17 5 17 9 17 11 17 15 17 17 17 19 17 3 19 7 19 9 19 11 19 13 19 17 19
< RES 1637095223 4 1
> REQ 1637095223 5 1
> VAMPIRE 1 1 2 3 0 2 0
> VAMPIRE 3 18 19 3 0 2 0
> VAMPIRE 2 19 2 3 0 2 0
> VAMPIRE 4 2 19 3 0 2 0
> GRENADE 1 2 1 2 2
> GRENADE 3 19 18 2 2
> GRENADE 2 18 1 2 2
> GRENADE 4 1 18 2 2
> BAT1 3 1 7 1 9 1 11 1 13 1 17 1 1 3 3 3 5 3 9 3 11 3 15 3 17 3 19 3 3 5 5 5 7 5 13 5 15 5 17 5 1 7 5 7 7 7 9 7 11 7 13 7 15 7 19 7 1 9 3 9 7 9 13 9 17 9 19 9 1 11 3 11 7 11 13 11 17 11 19 11 1 13 5 13 7 13 9 13 11 13 13 13 15 13 19 13 3 15 5 15 7 15 13 15 15 15 17 15 1 17 3 17 5 17 9 17 11 17 15 17 17 17 19 17 3 19 7 19 9 19 11 19 13 19 17 19
< RES 1637095223 5 1
> REQ 1637095223 6 1
> VAMPIRE 1 1 2 3 0 2 0
> VAMPIRE 3 18 19 3 0 2 0
> VAMPIRE 2 19 2 3 0 2 0
> VAMPIRE 4 2 19 3 0 2 0
> GRENADE 1 2 1 1 2
> GRENADE 3 19 18 1 2
> GRENADE 2 18 1 1 2
> GRENADE 4 1 18 1 2
> BAT1 3 1 7 1 9 1 11 1 13 1 17 1 1 3 3 3 5 3 9 3 11 3 15 3 17 3 19 3 3 5 5 5 7 5 13 5 15 5 17 5 1 7 5 7 7 7 9 7 11 7 13 7 15 7 19 7 1 9 3 9 7 9 13 9 17 9 19 9 1 11 3 11 7 11 13 11 17 11 19 11 1 13 5 13 7 13 9 13 11 13 13 13 15 13 19 13 3 15 5 15 7 15 13 15 15 15 17 15 1 17 3 17 5 17 9 17 11 17 15 17 17 17 19 17 3 19 7 19 9 19 11 19 13 19 17 19
< RES 1637095223 6 1
< MOVE L
> REQ 1637095223 7 1
> VAMPIRE 1 1 1 3 1 2 0
> VAMPIRE 3 18 19 3 1 2 0
> VAMPIRE 2 19 2 3 1 2 0
> VAMPIRE 4 2 19 3 1 2 0
> BAT1 7 1 9 1 11 1 13 1 1 3 3 3 5 3 9 3 11 3 15 3 17 3 19 3 3 5 5 5 7 5 13 5 15 5 17 5 1 7 5 7 7 7 9 7 11 7 13 7 15 7 19 7 1 9 3 9 7 9 13 9 17 9 19 9 1 11 3 11 7 11 13 11 17 11 19 11 1 13 5 13 7 13 9 13 11 13 13 13 15 13 19 13 3 15 5 15 7 15 13 15 15 15 17 15 3 17 5 17 9 17 11 17 15 17 17 17 3 19 7 19 9 19 11 19 13 19 17 19
< RES 1637095223 7 1
< GRENADE
< MOVE D D
> REQ 1637095223 8 1
> VAMPIRE 1 3 1 3 0 2 0
> VAMPIRE 3 19 18 3 0 2 0
> VAMPIRE 2 18 1 3 0 2 0
> VAMPIRE 4 1 18 3 0 2 0
> GRENADE 1 1 1 5 2
> GRENADE 3 18 19 5 2
> GRENADE 2 19 2 5 2
> GRENADE 4 2 19 5 2
> BAT1 7 1 9 1 11 1 13 1 1 3 3 3 5 3 9 3 11 3 15 3 17 3 19 3 3 5 5 5 7 5 13 5 15 5 17 5 1 7 5 7 7 7 9 7 11 7 13 7 15 7 19 7 1 9 3 9 7 9 13 9 17 9 19 9 1 11 3 11 7 11 13 11 17 11 19 11 1 13 5 13 7 13 9 13 11 13 13 13 15 13 19 13 3 15 5 15 7 15 13 15 15 15 17 15 3 17 5 17 9 17 11 17 15 17 17 17 3 19 7 19 9 19 11 19 13 19 17 19
< RES 1637095223 8 1
< MOVE D D
> REQ 1637095223 9 1
> VAMPIRE 1 5 1 3 0 2 0
> VAMPIRE 3 19 17 3 0 2 0
> VAMPIRE 2 17 1 3 0 2 0
> VAMPIRE 4 1 17 3 0 2 0
> GRENADE 1 1 1 4 2
> GRENADE 3 18 19 4 2
> GRENADE 2 19 2 4 2
> GRENADE 4 2 19 4 2
> BAT1 7 1 9 1 11 1 13 1 1 3 3 3 5 3 9 3 11 3 15 3 17 3 19 3 3 5 5 5 7 5 13 5 15 5 17 5 1 7 5 7 7 7 9 7 11 7 13 7 15 7 19 7 1 9 3 9 7 9 13 9 17 9 19 9 1 11 3 11 7 11 13 11 17 11 19 11 1 13 5 13 7 13 9 13 11 13 13 13 15 13 19 13 3 15 5 15 7 15 13 15 15 15 17 15 3 17 5 17 9 17 11 17 15 17 17 17 3 19 7 19 9 19 11 19 13 19 17 19
< RES 1637095223 9 1
> REQ 1637095223 10 1
> VAMPIRE 1 5 1 3 0 2 0
> VAMPIRE 3 19 17 3 0 2 0
> VAMPIRE 2 17 1 3 0 2 0
> VAMPIRE 4 1 17 3 0 2 0
> GRENADE 1 1 1 3 2
> GRENADE 3 18 19 3 2
> GRENADE 2 19 2 3 2
> GRENADE 4 2 19 3 2
> BAT1 7 1 9 1 11 1 13 1 1 3 3 3 5 3 9 3 11 3 15 3 17 3 19 3 3 5 5 5 7 5 13 5 15 5 17 5 1 7 5 7 7 7 9 7 11 7 13 7 15 7 19 7 1 9 3 9 7 9 13 9 17 9 19 9 1 11 3 11 7 11 13 11 17 11 19 11 1 13 5 13 7 13 9 13 11 13 13 13 15 13 19 13 3 15 5 15 7 15 13 15 15 15 17 15 3 17 5 17 9 17 11 17 15 17 17 17 3 19 7 19 9 19 11 19 13 19 17 19
< RES 1637095223 10 1
> REQ 1637095223 11 1
> VAMPIRE 1 5 1 3 0 2 0
> VAMPIRE 3 19 17 3 0 2 0
> VAMPIRE 2 17 1 3 0 2 0
> VAMPIRE 4 1 17 3 0 2 0
> GRENADE 1 1 1 2 2
> GRENADE 3 18 19 2 2
> GRENADE 2 19 2 2 2
> GRENADE 4 2 19 2 2
> BAT1 7 1 9 1 11 1 13 1 1 3 3 3 5 3 9 3 11 3 15 3 17 3 19 3 3 5 5 5 7 5 13 5 15 5 17 5 1 7 5 7 7 7 9 7 11 7 13 7 15 7 19 7 1 9 3 9 7 9 13 9 17 9 19 9 1 11 3 11 7 11 13 11 17 11 19 11 1 13 5 13 7 13 9 13 11 13 13 13 15 13 19 13 3 15 5 15 7 15 13 15 15 15 17 15 3 17 5 17 9 17 11 17 15 17 17 17 3 19 7 19 9 19 11 19 13 19 17 19
< RES 1637095223 11 1
> REQ 1637095223 12 1
> VAMPIRE 1 5 1 3 0 2 0
> VAMPIRE 3 19 15 3 0 2 0
> VAMPIRE 2 15 1 3 0 2 0
> VAMPIRE 4 1 15 3 0 2 0
> GRENADE 1 1 1 1 2
> GRENADE 3 18 19 1 2
> GRENADE 2 19 2 1 2
> GRENADE 4 2 19 1 2
> BAT1 7 1 9 1 11 1 13 1 1 3 3 3 5 3 9 3 11 3 15 3 17 3 19 3 3 5 5 5 7 5 13 5 15 5 17 5 1 7 5 7 7 7 9 7 11 7 13 7 15 7 19 7 1 9 3 9 7 9 13 9 17 9 19 9 1 11 3 11 7 11 13 11 17 11 19 11 1 13 5 13 7 13 9 13 11 13 13 13 15 13 19 13 3 15 5 15 7 15 13 15 15 15 17 15 3 17 5 17 9 17 11 17 15 17 17 17 3 19 7 19 9 19 11 19 13 19 17 19
< RES 1637095223 12 1
> REQ 1637095223 13 1
> VAMPIRE 1 5 1 3 1 2 0
> VAMPIRE 3 19 14 3 1 2 0
> VAMPIRE 2 14 1 3 1 2 0
> VAMPIRE 4 1 14 3 1 2 0
> BAT1 7 1 9 1 11 1 13 1 3 3 5 3 9 3 11 3 15 3 17 3 3 5 5 5 7 5 13 5 15 5 17 5 1 7 5 7 7 7 9 7 11 7 13 7 15 7 19 7 1 9 3 9 7 9 13 9 17 9 19 9 1 11 3 11 7 11 13 11 17 11 19 11 1 13 5 13 7 13 9 13 11 13 13 13 15 13 19 13 3 15 5 15 7 15 13 15 15 15 17 15 3 17 5 17 9 17 11 17 15 17 17 17 7 19 9 19 11 19 13 19
< RES 1637095223 13 1
< GRENADE
< MOVE U U
> REQ 1637095223 14 1
> VAMPIRE 1 3 1 3 0 2 0
> VAMPIRE 3 18 15 3 0 2 0
> VAMPIRE 2 15 2 3 0 2 0
> VAMPIRE 4 2 15 3 0 2 0
> GRENADE 1 5 1 5 2
> GRENADE 3 19 14 5 2
> GRENADE 2 14 1 5 2
> GRENADE 4 1 14 5 2
> BAT1 7 1 9 1 11 1 13 1 3 3 5 3 9 3 11 3 15 3 17 3 3 5 5 5 7 5 13 5 15 5 17 5 1 7 5 7 7 7 9 7 11 7 13 7 15 7 19 7 1 9 3 9 7 9 13 9 17 9 19 9 1 11 3 11 7 11 13 11 17 11 19 11 1 13 5 13 7 13 9 13 11 13 13 13 15 13 19 13 3 15 5 15 7 15 13 15 15 15 17 15 3 17 5 17 9 17 11 17 15 17 17 17 7 19 9 19 11 19 13 19
< RES 1637095223 14 1
< MOVE U U
> REQ 1637095223 15 1
> VAMPIRE 1 1 1 3 0 2 0
> VAMPIRE 3 18 15 3 0 2 0
> VAMPIRE 2 16 1 3 0 2 0
> VAMPIRE 4 2 15 3 0 2 0
> GRENADE 1 5 1 4 2
> GRENADE 3 19 14 4 2
> GRENADE 2 14 1 4 2
> GRENADE 4 1 14 4 2
> BAT1 7 1 9 1 11 1 13 1 3 3 5 3 9 3 11 3 15 3 17 3 3 5 5 5 7 5 13 5 15 5 17 5 1 7 5 7 7 7 9 7 11 7 13 7 15 7 19 7 1 9 3 9 7 9 13 9 17 9 19 9 1 11 3 11 7 11 13 11 17 11 19 11 1 13 5 13 7 13 9 13 11 13 13 13 15 13 19 13 3 15 5 15 7 15 13 15 15 15 17 15 3 17 5 17 9 17 11 17 15 17 17 17 7 19 9 19 11 19 13 19
< RES 1637095223 15 1
< MOVE R R
> REQ 1637095223 16 1
> VAMPIRE 1 1 3 3 0 2 0
> VAMPIRE 3 18 15 3 0 2 0
> VAMPIRE 2 15 2 3 0 2 0
> VAMPIRE 4 2 15 3 0 2 0
> GRENADE 1 5 1 3 2
> GRENADE 3 19 14 3 2
> GRENADE 2 14 1 3 2
> GRENADE 4 1 14 3 2
> BAT1 7 1 9 1 11 1 13 1 3 3 5 3 9 3 11 3 15 3 17 3 3 5 5 5 7 5 13 5 15 5 17 5 1 7 5 7 7 7 9 7 11 7 13 7 15 7 19 7 1 9 3 9 7 9 13 9 17 9 19 9 1 11 3 11 7 11 13 11 17 11 19 11 1 13 5 13 7 13 9 13 11 13 13 13 15 13 19 13 3 15 5 15 7 15 13 15 15 15 17 15 3 17 5 17 9 17 11 17 15 17 17 17 7 19 9 19 11 19 13 19
< RES 1637095223 16 1
< MOVE L
> REQ 1637095223 17 1
> VAMPIRE 1 1 2 3 0 2 0
> VAMPIRE 3 18 15 3 0 2 0
> VAMPIRE 2 16 1 3 0 2 0
> VAMPIRE 4 2 15 3 0 2 0
> GRENADE 1 5 1 2 2
> GRENADE 3 19 14 2 2
> GRENADE 2 14 1 2 2
> GRENADE 4 1 14 2 2
> BAT1 7 1 9 1 11 1 13 1 3 3 5 3 9 3 11 3 15 3 17 3 3 5 5 5 7 5 13 5 15 5 17 5 1 7 5 7 7 7 9 7 11 7 13 7 15 7 19 7 1 9 3 9 7 9 13 9 17 9 19 9 1 11 3 11 7 11 13 11 17 11 19 11 1 13 5 13 7 13 9 13 11 13 13 13 15 13 19 13 3 15 5 15 7 15 13 15 15 15 17 15 3 17 5 17 9 17 11 17 15 17 17 17 7 19 9 19 11 19 13 19
< RES 1637095223 17 1
< MOVE L D
> REQ 1637095223 18 1
> VAMPIRE 1 2 1 3 0 2 0
> VAMPIRE 3 18 15 3 0 2 0
> VAMPIRE 2 17 1 3 0 2 0
> VAMPIRE 4 2 15 3 0 2 0
> GRENADE 1 5 1 1 2
> GRENADE 3 19 14 1 2
> GRENADE 2 14 1 1 2
> GRENADE 4 1 14 1 2
> BAT1 7 1 9 1 11 1 13 1 3 3 5 3 9 3 11 3 15 3 17 3 3 5 5 5 7 5 13 5 15 5 17 5 1 7 5 7 7 7 9 7 11 7 13 7 15 7 19 7 1 9 3 9 7 9 13 9 17 9 19 9 1 11 3 11 7 11 13 11 17 11 19 11 1 13 5 13 7 13 9 13 11 13 13 13 15 13 19 13 3 15 5 15 7 15 13 15 15 15 17 15 3 17 5 17 9 17 11 17 15 17 17 17 7 19 9 19 11 19 13 19
< RES 1637095223 18 1
< MOVE D
> REQ 1637095223 19 1
> VAMPIRE 1 3 1 3 1 2 0
> VAMPIRE 3 18 15 3 1 2 0
> VAMPIRE 2 17 2 3 1 2 0
> VAMPIRE 4 2 15 3 1 2 0
> BAT1 9 1 11 1 3 3 9 3 11 3 15 3 17 3 3 5 5 5 7 5 13 5 15 5 17 5 1 7 5 7 7 7 9 7 11 7 13 7 15 7 19 7 1 9 3 9 7 9 13 9 17 9 19 9 1 11 3 11 7 11 13 11 17 11 19 11 5 13 7 13 9 13 11 13 13 13 15 13 3 15 5 15 7 15 13 15 15 15 17 15 3 17 5 17 9 17 11 17 15 17 17 17 7 19 9 19 11 19 13 19
< RES 1637095223 19 1
< GRENADE
< MOVE D D
> REQ 1637095223 20 1
> VAMPIRE 1 5 1 3 0 2 0
> VAMPIRE 3 19 14 3 1 2 0
> VAMPIRE 2 16 1 3 0 2 0
> VAMPIRE 4 1 14 3 1 2 0
> GRENADE 1 3 1 5 2
> GRENADE 2 17 2 5 2
> BAT1 9 1 11 1 3 3 9 3 11 3 15 3 17 3 3 5 5 5 7 5 13 5 15 5 17 5 1 7 5 7 7 7 9 7 11 7 13 7 15 7 19 7 1 9 3 9 7 9 13 9 17 9 19 9 1 11 3 11 7 11 13 11 17 11 19 11 5 13 7 13 9 13 11 13 13 13 15 13 3 15 5 15 7 15 13 15 15 15 17 15 3 17 5 17 9 17 11 17 15 17 17 17 7 19 9 19 11 19 13 19
< RES 1637095223 20 1
< MOVE R R
> REQ 1637095223 21 1
> VAMPIRE 1 5 3 3 0 2 0
> VAMPIRE 3 18 13 3 1 2 0
> VAMPIRE 2 14 1 3 0 2 0
> VAMPIRE 4 2 13 3 1 2 0
> GRENADE 1 3 1 4 2
> GRENADE 2 17 2 4 2
> BAT1 9 1 11 1 3 3 9 3 11 3 15 3 17 3 3 5 5 5 7 5 13 5 15 5 17 5 1 7 5 7 7 7 9 7 11 7 13 7 15 7 19 7 1 9 3 9 7 9 13 9 17 9 19 9 1 11 3 11 7 11 13 11 17 11 19 11 5 13 7 13 9 13 11 13 13 13 15 13 3 15 5 15 7 15 13 15 15 15 17 15 3 17 5 17 9 17 11 17 15 17 17 17 7 19 9 19 11 19 13 19
< RES 1637095223 21 1
< MOVE D D
> REQ 1637095223 22 1
> VAMPIRE 1 7 3 3 0 2 0
> VAMPIRE 3 17 13 3 1 2 0
> VAMPIRE 2 13 2 3 0 2 0
> VAMPIRE 4 3 13 3 1 2 0
> GRENADE 1 3 1 3 2
> GRENADE 2 17 2 3 2
> BAT1 9 1 11 1 3 3 9 3 11 3 15 3 17 3 3 5 5 5 7 5 13 5 15 5 17 5 1 7 5 7 7 7 9 7 11 7 13 7 15 7 19 7 1 9 3 9 7 9 13 9 17 9 19 9 1 11 3 11 7 11 13 11 17 11 19 11 5 13 7 13 9 13 11 13 13 13 15 13 3 15 5 15 7 15 13 15 15 15 17 15 3 17 5 17 9 17 11 17 15 17 17 17 7 19 9 19 11 19 13 19
< RES 1637095223 22 1
> REQ 1637095223 23 1
> VAMPIRE 1 7 3 3 0 2 0
> VAMPIRE 3 19 13 3 0 2 0
> VAMPIRE 2 13 3 3 0 2 0
> VAMPIRE 4 1 13 3 0 2 0
> GRENADE 1 3 1 2 2
> GRENADE 2 17 2 2 2
> GRENADE 3 17 13 5 2
> GRENADE 4 3 13 5 2
> BAT1 9 1 11 1 3 3 9 3 11 3 15 3 17 3 3 5 5 5 7 5 13 5 15 5 17 5 1 7 5 7 7 7 9 7 11 7 13 7 15 7 19 7 1 9 3 9 7 9 13 9 17 9 19 9 1 11 3 11 7 11 13 11 17 11 19 11 5 13 7 13 9 13 11 13 13 13 15 13 3 15 5 15 7 15 13 15 15 15 17 15 3 17 5 17 9 17 11 17 15 17 17 17 7 19 9 19 11 19 13 19
< RES 1637095223 23 1
> REQ 1637095223 24 1
> VAMPIRE 1 7 3 3 0 2 0
> VAMPIRE 3 19 15 3 0 2 0
> VAMPIRE 2 13 3 3 0 2 0
> VAMPIRE 4 1 15 3 0 2 0
> GRENADE 1 3 1 1 2
> GRENADE 2 17 2 1 2
> GRENADE 3 17 13 4 2
> GRENADE 4 3 13 4 2
> BAT1 9 1 11 1 3 3 9 3 11 3 15 3 17 3 3 5 5 5 7 5 13 5 15 5 17 5 1 7 5 7 7 7 9 7 11 7 13 7 15 7 19 7 1 9 3 9 7 9 13 9 17 9 19 9 1 11 3 11 7 11 13 11 17 11 19 11 5 13 7 13 9 13 11 13 13 13 15 13 3 15 5 15 7 15 13 15 15 15 17 15 3 17 5 17 9 17 11 17 15 17 17 17 7 19 9 19 11 19 13 19
< RES 1637095223 24 1
> REQ 1637095223 25 1
> VAMPIRE 1 7 3 3 1 2 0
> VAMPIRE 3 19 15 3 0 2 0
> VAMPIRE 2 13 3 3 1 2 0
> VAMPIRE 4 1 15 3 0 2 0
> GRENADE 3 17 13 3 2
> GRENADE 4 3 13 3 2
> BAT1 9 1 11 1 9 3 11 3 15 3 3 5 5 5 7 5 13 5 15 5 17 5 1 7 5 7 7 7 9 7 11 7 13 7 15 7 19 7 1 9 3 9 7 9 13 9 17 9 19 9 1 11 3 11 7 11 13 11 17 11 19 11 5 13 7 13 9 13 11 13 13 13 15 13 3 15 5 15 7 15 13 15 15 15 17 15 3 17 5 17 9 17 11 17 15 17 17 17 7 19 9 19 11 19 13 19
< RES 1637095223 25 1
< GRENADE
< MOVE U U
> REQ 1637095223 26 1
> VAMPIRE 1 5 3 3 0 2 0
> VAMPIRE 3 19 15 3 0 2 0
> VAMPIRE 2 13 1 3 0 2 0
> VAMPIRE 4 1 15 3 0 2 0
> GRENADE 3 17 13 2 2
> GRENADE 4 3 13 2 2
> GRENADE 1 7 3 5 2
> GRENADE 2 13 3 5 2
> BAT1 9 1 11 1 9 3 11 3 15 3 3 5 5 5 7 5 13 5 15 5 17 5 1 7 5 7 7 7 9 7 11 7 13 7 15 7 19 7 1 9 3 9 7 9 13 9 17 9 19 9 1 11 3 11 7 11 13 11 17 11 19 11 5 13 7 13 9 13 11 13 13 13 15 13 3 15 5 15 7 15 13 15 15 15 17 15 3 17 5 17 9 17 11 17 15 17 17 17 7 19 9 19 11 19 13 19
< RES 1637095223 26 1
< MOVE U U
> REQ 1637095223 27 1
> VAMPIRE 1 3 3 3 0 2 0
> VAMPIRE 3 19 14 3 0 2 0
> VAMPIRE 2 15 1 3 0 2 0
> VAMPIRE 4 1 14 3 0 2 0
> GRENADE 3 17 13 1 2
> GRENADE 4 3 13 1 2
> GRENADE 1 7 3 4 2
> GRENADE 2 13 3 4 2
> BAT1 9 1 11 1 9 3 11 3 15 3 3 5 5 5 7 5 13 5 15 5 17 5 1 7 5 7 7 7 9 7 11 7 13 7 15 7 19 7 1 9 3 9 7 9 13 9 17 9 19 9 1 11 3 11 7 11 13 11 17 11 19 11 5 13 7 13 9 13 11 13 13 13 15 13 3 15 5 15 7 15 13 15 15 15 17 15 3 17 5 17 9 17 11 17 15 17 17 17 7 19 9 19 11 19 13 19
< RES 1637095223 27 1
< MOVE L L
> REQ 1637095223 28 1
> VAMPIRE 1 3 1 3 0 2 0
> VAMPIRE 3 19 15 3 1 2 0
> VAMPIRE 2 15 1 3 0 2 0
> VAMPIRE 4 1 12 3 1 2 0
> GRENADE 1 7 3 3 2
> GRENADE 2 13 3 3 2
> BAT1 9 1 11 1 9 3 11 3 15 3 3 5 5 5 7 5 13 5 15 5 17 5 1 7 5 7 7 7 9 7 11 7 13 7 15 7 19 7 1 9 3 9 7 9 13 9 17 9 19 9 1 11 7 11 13 11 19 11 7 13 9 13 11 13 13 13 5 15 7 15 13 15 15 15 3 17 5 17 9 17 11 17 15 17 17 17 7 19 9 19 11 19 13 19
< RES 1637095223 28 1
< MOVE R R
> REQ 1637095223 29 1
> VAMPIRE 1 3 3 3 0 2 0
> VAMPIRE 3 17 15 3 1 2 0
> VAMPIRE 2 15 1 3 0 2 0
> VAMPIRE 4 2 13 3 0 2 0
> GRENADE 1 7 3 2 2
> GRENADE 2 13 3 2 2
> GRENADE 4 1 12 5 2
> BAT1 9 1 11 1 9 3 11 3 15 3 3 5 5 5 7 5 13 5 15 5 17 5 1 7 5 7 7 7 9 7 11 7 13 7 15 7 19 7 1 9 3 9 7 9 13 9 17 9 19 9 1 11 7 11 13 11 19 11 7 13 9 13 11 13 13 13 5 15 7 15 13 15 15 15 3 17 5 17 9 17 11 17 15 17 17 17 7 19 9 19 11 19 13 19
< RES 1637095223 29 1
> REQ 1637095223 30 1
> VAMPIRE 1 3 3 3 0 2 0
> VAMPIRE 3 17 13 3 0 2 0
> VAMPIRE 2 14 1 3 0 2 0
> VAMPIRE 4 3 13 3 0 2 0
> GRENADE 1 7 3 1 2
> GRENADE 2 13 3 1 2
> GRENADE 4 1 12 4 2
> GRENADE 3 17 15 5 2
> BAT1 9 1 11 1 9 3 11 3 15 3 3 5 5 5 7 5 13 5 15 5 17 5 1 7 5 7 7 7 9 7 11 7 13 7 15 7 19 7 1 9 3 9 7 9 13 9 17 9 19 9 1 11 7 11 13 11 19 11 7 13 9 13 11 13 13 13 5 15 7 15 13 15 15 15 3 17 5 17 9 17 11 17 15 17 17 17 7 19 9 19 11 19 13 19
< RES 1637095223 30 1
> REQ 1637095223 31 1
> VAMPIRE 1 3 3 3 1 2 0
> VAMPIRE 3 15 13 3 0 2 0
> VAMPIRE 2 12 1 3 1 2 0
> VAMPIRE 4 5 13 3 0 2 0
> GRENADE 4 1 12 3 2
> GRENADE 3 17 15 4 2
> BAT1 9 1 11 1 3 5 5 5 15 5 17 5 1 7 5 7 7 7 9 7 11 7 13 7 15 7 19 7 1 9 3 9 7 9 13 9 17 9 19 9 1 11 7 11 13 11 19 11 7 13 9 13 11 13 13 13 5 15 7 15 13 15 15 15 3 17 5 17 9 17 11 17 15 17 17 17 7 19 9 19 11 19 13 19
< RES 1637095223 31 1
< GRENADE
< MOVE D D
> REQ 1637095223 32 1
> VAMPIRE 1 5 3 3 0 2 0
> VAMPIRE 3 15 13 3 0 2 0
> VAMPIRE 2 13 2 3 0 2 0
> VAMPIRE 4 5 12 3 0 2 0
> GRENADE 4 1 12 2 2
> GRENADE 3 17 15 3 2
> GRENADE 1 3 3 5 2
> GRENADE 2 12 1 5 2
> BAT1 9 1 11 1 3 5 5 5 15 5 17 5 1 7 5 7 7 7 9 7 11 7 13 7 15 7 19 7 1 9 3 9 7 9 13 9 17 9 19 9 1 11 7 11 13 11 19 11 7 13 9 13 11 13 13 13 5 15 7 15 13 15 15 15 3 17 5 17 9 17 11 17 15 17 17 17 7 19 9 19 11 19 13 19
< RES 1637095223 32 1
< MOVE D D
> REQ 1637095223 33 1
> VAMPIRE 1 7 3 3 0 2 0
> VAMPIRE 3 15 12 3 0 2 0
> VAMPIRE 2 13 3 3 0 2 0
> VAMPIRE 4 5 10 3 0 2 0
> GRENADE 4 1 12 1 2
> GRENADE 3 17 15 2 2
> GRENADE 1 3 3 4 2
> GRENADE 2 12 1 4 2
> BAT1 9 1 11 1 3 5 5 5 15 5 17 5 1 7 5 7 7 7 9 7 11 7 13 7 15 7 19 7 1 9 3 9 7 9 13 9 17 9 19 9 1 11 7 11 13 11 19 11 7 13 9 13 11 13 13 13 5 15 7 15 13 15 15 15 3 17 5 17 9 17 11 17 15 17 17 17 7 19 9 19 11 19 13 19
< RES 1637095223 33 1
< MOVE R R
> REQ 1637095223 34 1
> VAMPIRE 1 7 5 3 0 2 0
> VAMPIRE 3 15 10 3 0 2 0
> VAMPIRE 2 13 5 3 0 2 0
> VAMPIRE 4 5 9 3 1 2 0
> GRENADE 3 17 15 1 2
> GRENADE 1 3 3 3 2
> GRENADE 2 12 1 3 2
> BAT1 9 1 11 1 3 5 5 5 15 5 17 5 1 7 5 7 7 7 9 7 11 7 13 7 15 7 19 7 1 9 3 9 7 9 13 9 17 9 19 9 7 11 13 11 19 11 7 13 9 13 11 13 13 13 5 15 7 15 13 15 15 15 3 17 5 17 9 17 11 17 15 17 17 17 7 19 9 19 11 19 13 19
< RES 1637095223 34 1
> REQ 1637095223 35 1
> VAMPIRE 1 7 5 3 0 2 0
> VAMPIRE 3 15 9 3 1 2 0
> VAMPIRE 2 13 5 3 0 2 0
> VAMPIRE 4 5 11 3 0 2 0
> GRENADE 1 3 3 2 2
> GRENADE 2 12 1 2 2
> GRENADE 4 5 9 5 2
> BAT1 9 1 11 1 3 5 5 5 15 5 17 5 1 7 5 7 7 7 9 7 11 7 13 7 15 7 19 7 1 9 3 9 7 9 13 9 17 9 19 9 7 11 13 11 19 11 7 13 9 13 11 13 13 13 5 15 7 15 13 15 3 17 5 17 9 17 11 17 15 17 7 19 9 19 11 19 13 19
< RES 1637095223 35 1
> REQ 1637095223 36 1
> VAMPIRE 1 7 5 3 0 2 0
> VAMPIRE 3 15 11 3 0 2 0
> VAMPIRE 2 13 5 3 0 2 0
> VAMPIRE 4 3 11 3 0 2 0
> GRENADE 1 3 3 1 2
> GRENADE 2 12 1 1 2
> GRENADE 4 5 9 4 2
> GRENADE 3 15 9 5 2
> BAT1 9 1 11 1 3 5 5 5 15 5 17 5 1 7 5 7 7 7 9 7 11 7 13 7 15 7 19 7 1 9 3 9 7 9 13 9 17 9 19 9 7 11 13 11 19 11 7 13 9 13 11 13 13 13 5 15 7 15 13 15 3 17 5 17 9 17 11 17 15 17 7 19 9 19 11 19 13 19
< RES 1637095223 36 1
> REQ 1637095223 37 1
> VAMPIRE 1 7 5 3 1 2 0
> VAMPIRE 3 17 11 3 0 2 0
> VAMPIRE 2 13 5 3 1 2 0
> VAMPIRE 4 3 11 3 0 2 0
> GRENADE 4 5 9 3 2
> GRENADE 3 15 9 4 2
> BAT1 9 1 5 5 15 5 17 5 1 7 5 7 7 7 9 7 11 7 13 7 15 7 19 7 1 9 3 9 7 9 13 9 17 9 19 9 7 11 13 11 19 11 7 13 9 13 11 13 13 13 5 15 7 15 13 15 3 17 5 17 9 17 11 17 15 17 7 19 9 19 11 19 13 19
< RES 1637095223 37 1
< GRENADE
< MOVE D D
> REQ 1637095223 38 1
> VAMPIRE 1 9 5 3 0 2 0
> VAMPIRE 3 17 11 3 0 2 0
> VAMPIRE 2 11 5 3 0 2 0
> VAMPIRE 4 1 11 3 0 2 0
> GRENADE 4 5 9 2 2
> GRENADE 3 15 9 3 2
> GRENADE 1 7 5 5 2
> GRENADE 2 13 5 5 2
> BAT1 9 1 5 5 15 5 17 5 1 7 5 7 7 7 9 7 11 7 13 7 15 7 19 7 1 9 3 9 7 9 13 9 17 9 19 9 7 11 13 11 19 11 7 13 9 13 11 13 13 13 5 15 7 15 13 15 3 17 5 17 9 17 11 17 15 17 7 19 9 19 11 19 13 19
< RES 1637095223 38 1
< MOVE L L
> REQ 1637095223 39 1
> VAMPIRE 1 9 3 3 0 2 0
> VAMPIRE 3 17 13 3 0 2 0
> VAMPIRE 2 11 3 3 0 2 0
> VAMPIRE 4 1 11 3 0 2 0
> GRENADE 4 5 9 1 2
> GRENADE 3 15 9 2 2
> GRENADE 1 7 5 4 2
> GRENADE 2 13 5 4 2
> BAT1 9 1 5 5 15 5 17 5 1 7 5 7 7 7 9 7 11 7 13 7 15 7 19 7 1 9 3 9 7 9 13 9 17 9 19 9 7 11 13 11 19 11 7 13 9 13 11 13 13 13 5 15 7 15 13 15 3 17 5 17 9 17 11 17 15 17 7 19 9 19 11 19 13 19
< RES 1637095223 39 1
> REQ 1637095223 40 1
> VAMPIRE 1 9 3 3 0 2 0
> VAMPIRE 3 15 13 3 0 2 0
> VAMPIRE 2 9 3 3 0 2 0
> VAMPIRE 4 1 10 3 1 2 0
> GRENADE 3 15 9 1 2
> GRENADE 1 7 5 3 2
> GRENADE 2 13 5 3 2
> BAT1 9 1 5 5 15 5 17 5 1 7 7 7 9 7 11 7 13 7 15 7 19 7 1 9 13 9 17 9 19 9 7 11 13 11 19 11 7 13 9 13 11 13 13 13 5 15 7 15 13 15 3 17 5 17 9 17 11 17 15 17 7 19 9 19 11 19 13 19
< RES 1637095223 40 1
< MOVE U
> REQ 1637095223 41 1
> VAMPIRE 1 8 3 3 0 2 0
> VAMPIRE 3 15 15 3 1 2 0
> VAMPIRE 2 8 3 3 0 2 0
> VAMPIRE 4 2 11 3 0 2 0
> GRENADE 1 7 5 2 2
> GRENADE 2 13 5 2 2
> GRENADE 4 1 10 5 2
> BAT1 9 1 5 5 15 5 17 5 1 7 7 7 9 7 11 7 13 7 19 7 1 9 19 9 7 11 13 11 19 11 7 13 9 13 11 13 13 13 5 15 7 15 13 15 3 17 5 17 9 17 11 17 15 17 7 19 9 19 11 19 13 19
< RES 1637095223 41 1
< MOVE D
> REQ 1637095223 42 1
> VAMPIRE 1 9 3 3 0 2 0
> VAMPIRE 3 15 13 3 0 2 0
> VAMPIRE 2 9 3 3 0 2 0
> VAMPIRE 4 3 11 3 0 2 0
> GRENADE 1 7 5 1 2
> GRENADE 2 13 5 1 2
> GRENADE 4 1 10 4 2
> GRENADE 3 15 15 5 2
> BAT1 9 1 5 5 15 5 17 5 1 7 7 7 9 7 11 7 13 7 19 7 1 9 19 9 7 11 13 11 19 11 7 13 9 13 11 13 13 13 5 15 7 15 13 15 3 17 5 17 9 17 11 17 15 17 7 19 9 19 11 19 13 19
< RES 1637095223 42 1
< MOVE U U
> REQ 1637095223 43 1
> VAMPIRE 1 7 3 3 1 2 0
> VAMPIRE 3 15 11 3 0 2 0
> VAMPIRE 2 7 3 3 1 2 0
> VAMPIRE 4 5 11 3 0 2 0
> GRENADE 4 1 10 3 2
> GRENADE 3 15 15 4 2
> BAT1 9 1 17 5 1 7 9 7 11 7 19 7 1 9 19 9 7 11 13 11 19 11 7 13 9 13 11 13 13 13 5 15 7 15 13 15 3 17 5 17 9 17 11 17 15 17 7 19 9 19 11 19 13 19
< RES 1637095223 43 1
< MOVE L L
> REQ 1637095223 44 1
> VAMPIRE 1 7 1 3 1 2 0
> VAMPIRE 3 15 11 3 0 2 0
> VAMPIRE 2 7 1 3 1 2 0
> VAMPIRE 4 5 13 3 0 2 0
> GRENADE 4 1 10 2 2
> GRENADE 3 15 15 3 2
> BAT1 9 1 17 5 1 7 9 7 11 7 19 7 1 9 19 9 7 11 13 11 19 11 7 13 9 13 11 13 13 13 5 15 7 15 13 15 3 17 5 17 9 17 11 17 15 17 7 19 9 19 11 19 13 19
< RES 1637095223 44 1
< GRENADE
< MOVE R R
> REQ 1637095223 45 1
> VAMPIRE 1 7 3 3 0 2 0
> VAMPIRE 3 17 11 3 0 2 0
> VAMPIRE 2 7 3 3 0 2 0
> VAMPIRE 4 5 13 3 0 2 0
> GRENADE 4 1 10 1 2
> GRENADE 3 15 15 2 2
> GRENADE 1 7 1 5 2
> GRENADE 2 7 1 5 2
> BAT1 9 1 17 5 1 7 9 7 11 7 19 7 1 9 19 9 7 11 13 11 19 11 7 13 9 13 11 13 13 13 5 15 7 15 13 15 3 17 5 17 9 17 11 17 15 17 7 19 9 19 11 19 13 19
< RES 1637095223 45 1
< MOVE D D
> REQ 1637095223 46 1
> VAMPIRE 1 9 3 3 0 2 0
> VAMPIRE 3 17 9 3 0 2 0
> VAMPIRE 2 9 3 3 0 2 0
> VAMPIRE 4 5 13 3 1 2 0
> GRENADE 3 15 15 1 2
> GRENADE 1 7 1 4 2
> GRENADE 2 7 1 4 2
> BAT1 9 1 17 5 1 7 9 7 11 7 19 7 19 9 7 11 13 11 19 11 7 13 9 13 11 13 13 13 5 15 7 15 13 15 3 17 5 17 9 17 11 17 15 17 7 19 9 19 11 19 13 19
< RES 1637095223 46 1
> REQ 1637095223 47 1
> VAMPIRE 1 9 3 3 0 2 0
> VAMPIRE 3 17 7 3 1 2 0
> VAMPIRE 2 9 3 3 0 2 0
> VAMPIRE 4 5 11 3 0 2 0
> GRENADE 1 7 1 3 2
> GRENADE 2 7 1 3 2
> GRENADE 4 5 13 5 2
> BAT1 9 1 17 5 1 7 9 7 11 7 19 7 19 9 7 11 13 11 19 11 7 13 9 13 11 13 13 13 5 15 7 15 3 17 5 17 9 17 11 17 7 19 9 19 11 19 13 19
< RES 1637095223 47 1
> REQ 1637095223 48 1
> VAMPIRE 1 9 3 3 0 2 0
> VAMPIRE 3 17 9 3 0 2 0
> VAMPIRE 2 9 3 3 0 2 0
> VAMPIRE 4 5 9 3 0 2 0
> GRENADE 1 7 1 2 2
> GRENADE 2 7 1 2 2
> GRENADE 4 5 13 4 2
> GRENADE 3 17 7 5 2
> BAT1 9 1 17 5 1 7 9 7 11 7 19 7 19 9 7 11 13 11 19 11 7 13 9 13 11 13 13 13 5 15 7 15 3 17 5 17 9 17 11 17 7 19 9 19 11 19 13 19
< RES 1637095223 48 1
> REQ 1637095223 49 1
> VAMPIRE 1 9 3 3 0 2 0
> VAMPIRE 3 17 11 3 0 2 0
> VAMPIRE 2 9 3 3 0 2 0
> VAMPIRE 4 7 9 3 0 2 0
> GRENADE 1 7 1 1 2
> GRENADE 2 7 1 1 2
> GRENADE 4 5 13 3 2
> GRENADE 3 17 7 4 2
> BAT1 9 1 17 5 1 7 9 7 11 7 19 7 19 9 7 11 13 11 19 11 7 13 9 13 11 13 13 13 5 15 7 15 3 17 5 17 9 17 11 17 7 19 9 19 11 19 13 19
< RES 1637095223 49 1
< MOVE R R
> REQ 1637095223 50 1
> VAMPIRE 1 9 5 3 1 2 0
> VAMPIRE 3 17 11 3 0 2 0
> VAMPIRE 2 9 5 3 1 2 0
> VAMPIRE 4 7 9 3 0 2 0
> GRENADE 4 5 13 2 2
> GRENADE 3 17 7 3 2
> BAT1 17 5 1 7 9 7 11 7 19 7 19 9 7 11 13 11 19 11 7 13 9 13 11 13 13 13 5 15 7 15 3 17 5 17 9 17 11 17 7 19 9 19 11 19 13 19
< RES 1637095223 50 1
< GRENADE
< MOVE U U
> REQ 1637095223 51 1
> VAMPIRE 1 7 5 3 0 2 0
> VAMPIRE 3 17 11 3 0 2 0
> VAMPIRE 2 7 5 3 0 2 0
> VAMPIRE 4 9 9 3 0 2 0
> GRENADE 4 5 13 1 2
> GRENADE 3 17 7 2 2
> GRENADE 1 9 5 5 2
> GRENADE 2 9 5 5 2
> BAT1 17 5 1 7 9 7 11 7 19 7 19 9 7 11 13 11 19 11 7 13 9 13 11 13 13 13 5 15 7 15 3 17 5 17 9 17 11 17 7 19 9 19 11 19 13 19
< RES 1637095223 51 1
< MOVE R R
> REQ 1637095223 52 1
> VAMPIRE 1 7 7 3 0 2 0
> VAMPIRE 3 17 11 3 0 2 0
> VAMPIRE 2 7 7 3 0 2 0
> VAMPIRE 4 9 11 3 1 2 0
> GRENADE 3 17 7 1 2
> GRENADE 1 9 5 4 2
> GRENADE 2 9 5 4 2
> BAT1 17 5 1 7 9 7 11 7 19 7 19 9 7 11 13 11 19 11 9 13 11 13 13 13 7 15 3 17 5 17 9 17 11 17 7 19 9 19 11 19 13 19
< RES 1637095223 52 1
> REQ 1637095223 53 1
> VAMPIRE 1 7 7 3 0 2 0
> VAMPIRE 3 18 11 3 1 2 0
> VAMPIRE 2 7 7 3 0 2 0
> VAMPIRE 4 11 11 3 0 2 0
> GRENADE 1 9 5 3 2
> GRENADE 2 9 5 3 2
> GRENADE 4 9 11 5 2
> BAT1 1 7 9 7 11 7 19 9 7 11 13 11 19 11 9 13 11 13 13 13 7 15 3 17 5 17 9 17 11 17 7 19 9 19 11 19 13 19
< RES 1637095223 53 1
< MOVE R R
> REQ 1637095223 54 1
> VAMPIRE 1 7 9 3 0 2 0
> VAMPIRE 3 17 10 3 0 2 0
> VAMPIRE 2 7 9 3 0 2 0
> VAMPIRE 4 11 9 3 0 2 0
> GRENADE 1 9 5 2 2
> GRENADE 2 9 5 2 2
> GRENADE 4 9 11 4 2
> GRENADE 3 18 11 5 2
> BAT1 1 7 9 7 11 7 19 9 7 11 13 11 19 11 9 13 11 13 13 13 7 15 3 17 5 17 9 17 11 17 7 19 9 19 11 19 13 19
< RES 1637095223 54 1
< MOVE D
> REQ 1637095223 55 1
> VAMPIRE 1 8 9 3 0 2 0
> VAMPIRE 3 17 9 3 0 2 0
> VAMPIRE 2 8 9 3 0 2 0
> VAMPIRE 4 11 9 3 0 2 0
> GRENADE 1 9 5 1 2
> GRENADE 2 9 5 1 2
> GRENADE 4 9 11 3 2
> GRENADE 3 18 11 4 2
> BAT1 1 7 9 7 11 7 19 9 7 11 13 11 19 11 9 13 11 13 13 13 7 15 3 17 5 17 9 17 11 17 7 19 9 19 11 19 13 19
< RES 1637095223 55 1
< MOVE D R
> REQ 1637095223 56 1
> VAMPIRE 1 9 10 3 1 2 0
> VAMPIRE 3 15 9 3 0 2 0
> VAMPIRE 2 9 10 3 1 2 0
> VAMPIRE 4 11 9 3 0 2 0
> GRENADE 4 9 11 2 2
> GRENADE 3 18 11 3 2
> BAT1 1 7 11 7 19 9 7 11 13 11 19 11 9 13 11 13 13 13 7 15 3 17 5 17 9 17 11 17 7 19 9 19 11 19 13 19
< RES 1637095223 56 1
> REQ 1637095223 57 1
> VAMPIRE 1 9 10 3 1 2 0
> VAMPIRE 3 13 9 3 0 2 0
> VAMPIRE 2 9 10 3 1 2 0
> VAMPIRE 4 11 9 3 0 2 0
> GRENADE 4 9 11 1 2
> GRENADE 3 18 11 2 2
> BAT1 1 7 11 7 19 9 7 11 13 11 19 11 9 13 11 13 13 13 7 15 3 17 5 17 9 17 11 17 7 19 9 19 11 19 13 19
< RES 1637095223 57 1
< MOVE L
> REQ 1637095223 58 1
> VAMPIRE 1 9 9 2 1 2 0
> VAMPIRE 3 11 9 3 0 2 0
> VAMPIRE 2 9 9 2 1 2 0
> VAMPIRE 4 11 11 3 1 2 0
> GRENADE 3 18 11 1 2
> BAT1 1 7 11 7 19 9 13 11 19 11 11 13 13 13 7 15 3 17 5 17 9 17 11 17 7 19 9 19 11 19 13 19
< RES 1637095223 58 1
< MOVE D D
> REQ 1637095223 59 1
> VAMPIRE 1 11 9 2 1 2 0
> VAMPIRE 3 11 9 3 1 2 0
> VAMPIRE 2 11 9 2 1 2 0
> VAMPIRE 4 11 9 3 0 2 0
> GRENADE 4 11 11 5 2
> BAT1 1 7 11 7 19 9 13 11 11 13 13 13 7 15 3 17 5 17 9 17 11 17 7 19 9 19 11 19 13 19
< RES 1637095223 59 1
< GRENADE
< MOVE D D
> REQ 1637095223 60 1
> VAMPIRE 1 13 9 2 1 2 0
> VAMPIRE 3 13 9 3 0 2 0
> VAMPIRE 2 13 9 2 1 2 0
> VAMPIRE 4 13 9 3 0 2 0
> GRENADE 4 11 11 4 2
> GRENADE 3 11 9 5 2
> BAT1 1 7 11 7 19 9 13 11 11 13 13 13 7 15 3 17 5 17 9 17 11 17 7 19 9 19 11 19 13 19
< RES 1637095223 60 1
< GRENADE
< MOVE D D
> REQ 1637095223 61 1
> VAMPIRE 1 15 9 2 0 2 0
> VAMPIRE 3 15 9 3 0 2 0
> VAMPIRE 2 15 9 2 0 2 0
> VAMPIRE 4 15 9 3 0 2 0
> GRENADE 4 11 11 3 2
> GRENADE 3 11 9 4 2
> GRENADE 1 13 9 5 2
> GRENADE 2 13 9 5 2
> BAT1 1 7 11 7 19 9 13 11 11 13 13 13 7 15 3 17 5 17 9 17 11 17 7 19 9 19 11 19 13 19
< RES 1637095223 61 1
< MOVE D D
> REQ 1637095223 62 1
> VAMPIRE 1 17 9 2 0 2 0
> VAMPIRE 3 17 9 3 0 2 0
> VAMPIRE 2 17 9 2 0 2 0
> VAMPIRE 4 17 9 3 0 2 0
> GRENADE 4 11 11 2 2
> GRENADE 3 11 9 3 2
> GRENADE 1 13 9 4 2
> GRENADE 2 13 9 4 2
> BAT1 1 7 11 7 19 9 13 11 11 13 13 13 7 15 3 17 5 17 9 17 11 17 7 19 9 19 11 19 13 19
< RES 1637095223 62 1
> REQ 1637095223 63 1
> VAMPIRE 1 17 9 2 0 2 0
> VAMPIRE 3 17 9 3 0 2 0
> VAMPIRE 2 17 9 2 0 2 0
> VAMPIRE 4 17 9 3 0 2 0
> GRENADE 4 11 11 1 2
> GRENADE 3 11 9 2 2
> GRENADE 1 13 9 3 2
> GRENADE 2 13 9 3 2
> BAT1 1 7 11 7 19 9 13 11 11 13 13 13 7 15 3 17 5 17 9 17 11 17 7 19 9 19 11 19 13 19
< RES 1637095223 63 1
< MOVE D
> REQ 1637095223 64 1
> VAMPIRE 1 18 9 2 1 2 0
> VAMPIRE 3 18 9 3 1 2 0
> VAMPIRE 2 18 9 2 1 2 0
> VAMPIRE 4 18 9 3 1 2 0
> BAT1 1 7 19 9 13 13 7 15 3 17 5 17 9 17 11 17 7 19 9 19 11 19 13 19
< RES 1637095223 64 1
< GRENADE
< MOVE U R
> REQ 1637095223 65 1
> VAMPIRE 1 17 10 2 0 2 0
> VAMPIRE 3 17 10 3 0 2 0
> VAMPIRE 2 17 10 2 0 2 0
> VAMPIRE 4 17 10 3 0 2 0
> GRENADE 1 18 9 5 2
> GRENADE 3 18 9 5 2
> GRENADE 2 18 9 5 2
> GRENADE 4 18 9 5 2
> BAT1 1 7 19 9 13 13 7 15 3 17 5 17 9 17 11 17 7 19 9 19 11 19 13 19
< RES 1637095223 65 1
< MOVE R
> REQ 1637095223 66 1
> VAMPIRE 1 17 11 2 0 2 0
> VAMPIRE 3 17 11 3 0 2 0
> VAMPIRE 2 17 11 2 0 2 0
> VAMPIRE 4 17 11 3 0 2 0
> GRENADE 1 18 9 4 2
> GRENADE 3 18 9 4 2
> GRENADE 2 18 9 4 2
> GRENADE 4 18 9 4 2
> BAT1 1 7 19 9 13 13 7 15 3 17 5 17 9 17 11 17 7 19 9 19 11 19 13 19
< RES 1637095223 66 1
< MOVE U U
> REQ 1637095223 67 1
> VAMPIRE 1 15 11 2 0 2 0
> VAMPIRE 3 15 11 3 0 2 0
> VAMPIRE 2 15 11 2 0 2 0
> VAMPIRE 4 15 11 3 0 2 0
> GRENADE 1 18 9 3 2
> GRENADE 3 18 9 3 2
> GRENADE 2 18 9 3 2
> GRENADE 4 18 9 3 2
> BAT1 1 7 19 9 13 13 7 15 3 17 5 17 9 17 11 17 7 19 9 19 11 19 13 19
< RES 1637095223 67 1
< MOVE U U
> REQ 1637095223 68 1
> VAMPIRE 1 13 11 2 0 2 0
> VAMPIRE 3 13 11 3 0 2 0
> VAMPIRE 2 13 11 2 0 2 0
> VAMPIRE 4 13 11 3 0 2 0
> GRENADE 1 18 9 2 2
> GRENADE 3 18 9 2 2
> GRENADE 2 18 9 2 2
> GRENADE 4 18 9 2 2
> BAT1 1 7 19 9 13 13 7 15 3 17 5 17 9 17 11 17 7 19 9 19 11 19 13 19
< RES 1637095223 68 1
> REQ 1637095223 69 1
> VAMPIRE 1 13 11 2 0 2 0
> VAMPIRE 3 13 11 3 0 2 0
> VAMPIRE 2 13 11 2 0 2 0
> VAMPIRE 4 13 11 3 0 2 0
> GRENADE 1 18 9 1 2
> GRENADE 3 18 9 1 2
> GRENADE 2 18 9 1 2
> GRENADE 4 18 9 1 2
> BAT1 1 7 19 9 13 13 7 15 3 17 5 17 9 17 11 17 7 19 9 19 11 19 13 19
< RES 1637095223 69 1
< MOVE R
> REQ 1637095223 70 1
> VAMPIRE 1 13 12 2 1 2 0
> VAMPIRE 3 13 12 3 1 2 0
> VAMPIRE 2 13 12 2 1 2 0
> VAMPIRE 4 13 12 3 1 2 0
> BAT1 1 7 13 13 7 15 3 17 5 17 9 17 11 17 7 19 9 19 11 19 13 19
< RES 1637095223 70 1
< GRENADE
< MOVE L U
> REQ 1637095223 71 1
> VAMPIRE 1 12 11 2 0 2 0
> VAMPIRE 3 12 11 3 0 2 0
> VAMPIRE 2 12 11 2 0 2 0
> VAMPIRE 4 12 11 3 0 2 0
> GRENADE 1 13 12 5 2
> GRENADE 3 13 12 5 2
> GRENADE 2 13 12 5 2
> GRENADE 4 13 12 5 2
> BAT1 1 7 13 13 7 15 3 17 5 17 9 17 11 17 7 19 9 19 11 19 13 19
< RES 1637095223 71 1
< MOVE U
> REQ 1637095223 72 1
> VAMPIRE 1 11 11 2 0 2 0
> VAMPIRE 3 11 11 3 0 2 0
> VAMPIRE 2 11 11 2 0 2 0
> VAMPIRE 4 11 11 3 0 2 0
> GRENADE 1 13 12 4 2
> GRENADE 3 13 12 4 2
> GRENADE 2 13 12 4 2
> GRENADE 4 13 12 4 2
> BAT1 1 7 13 13 7 15 3 17 5 17 9 17 11 17 7 19 9 19 11 19 13 19
< RES 1637095223 72 1
< MOVE R R
> REQ 1637095223 73 1
> VAMPIRE 1 11 13 2 0 2 0
> VAMPIRE 3 11 13 3 0 2 0
> VAMPIRE 2 11 13 2 0 2 0
> VAMPIRE 4 11 13 3 0 2 0
> GRENADE 1 13 12 3 2
> GRENADE 3 13 12 3 2
> GRENADE 2 13 12 3 2
> GRENADE 4 13 12 3 2
> BAT1 1 7 13 13 7 15 3 17 5 17 9 17 11 17 7 19 9 19 11 19 13 19
< RES 1637095223 73 1
> REQ 1637095223 74 1
> VAMPIRE 1 11 13 2 0 2 0
> VAMPIRE 3 11 13 3 0 2 0
> VAMPIRE 2 11 13 2 0 2 0
> VAMPIRE 4 11 13 3 0 2 0
> GRENADE 1 13 12 2 2
> GRENADE 3 13 12 2 2
> GRENADE 2 13 12 2 2
> GRENADE 4 13 12 2 2
> BAT1 1 7 13 13 7 15 3 17 5 17 9 17 11 17 7 19 9 19 11 19 13 19
< RES 1637095223 74 1
< MOVE R R
> REQ 1637095223 75 1
> VAMPIRE 1 11 15 2 0 2 0
> VAMPIRE 3 11 15 3 0 2 0
> VAMPIRE 2 11 15 2 0 2 0
> VAMPIRE 4 11 15 3 0 2 0
> GRENADE 1 13 12 1 2
> GRENADE 3 13 12 1 2
> GRENADE 2 13 12 1 2
> GRENADE 4 13 12 1 2
> BAT1 1 7 13 13 7 15 3 17 5 17 9 17 11 17 7 19 9 19 11 19 13 19
< RES 1637095223 75 1
< MOVE U U
> REQ 1637095223 76 1
> VAMPIRE 1 9 15 2 1 2 0
> VAMPIRE 3 9 15 3 1 2 0
> VAMPIRE 2 9 15 2 1 2 0
> VAMPIRE 4 9 15 3 1 2 0
> BAT1 1 7 7 15 3 17 5 17 9 17 11 17 7 19 9 19 11 19 13 19
< RES 1637095223 76 1
< GRENADE
< MOVE D D
> REQ 1637095223 77 1
> VAMPIRE 1 11 15 2 0 2 0
> VAMPIRE 3 11 15 3 0 2 0
> VAMPIRE 2 11 15 2 0 2 0
> VAMPIRE 4 11 15 3 0 2 0
> GRENADE 1 9 15 5 2
> GRENADE 3 9 15 5 2
> GRENADE 2 9 15 5 2
> GRENADE 4 9 15 5 2
> BAT1 1 7 7 15 3 17 5 17 9 17 11 17 7 19 9 19 11 19 13 19
< RES 1637095223 77 1
< MOVE D D
> REQ 1637095223 78 1
> VAMPIRE 1 13 15 2 0 2 0
> VAMPIRE 3 13 15 3 0 2 0
> VAMPIRE 2 13 15 2 0 2 0
> VAMPIRE 4 13 15 3 0 2 0
> GRENADE 1 9 15 4 2
> GRENADE 3 9 15 4 2
> GRENADE 2 9 15 4 2
> GRENADE 4 9 15 4 2
> BAT1 1 7 7 15 3 17 5 17 9 17 11 17 7 19 9 19 11 19 13 19
< RES 1637095223 78 1
< MOVE R R
> REQ 1637095223 79 1
> VAMPIRE 1 13 17 2 0 2 0
> VAMPIRE 3 13 17 3 0 2 0
> VAMPIRE 2 13 17 2 0 2 0
> VAMPIRE 4 13 17 3 0 2 0
> GRENADE 1 9 15 3 2
> GRENADE 3 9 15 3 2
> GRENADE 2 9 15 3 2
> GRENADE 4 9 15 3 2
> BAT1 1 7 7 15 3 17 5 17 9 17 11 17 7 19 9 19 11 19 13 19
< RES 1637095223 79 1
> REQ 1637095223 80 1
> VAMPIRE 1 13 17 2 0 2 0
> VAMPIRE 3 13 17 3 0 2 0
> VAMPIRE 2 13 17 2 0 2 0
> VAMPIRE 4 13 17 3 0 2 0
> GRENADE 1 9 15 2 2
> GRENADE 3 9 15 2 2
> GRENADE 2 9 15 2 2
> GRENADE 4 9 15 2 2
> BAT1 1 7 7 15 3 17 5 17 9 17 11 17 7 19 9 19 11 19 13 19
< RES 1637095223 80 1
> REQ 1637095223 81 1
> VAMPIRE 1 13 17 2 0 2 0
> VAMPIRE 3 13 17 3 0 2 0
> VAMPIRE 2 13 17 2 0 2 0
> VAMPIRE 4 13 17 3 0 2 0
> GRENADE 1 9 15 1 2
> GRENADE 3 9 15 1 2
> GRENADE 2 9 15 1 2
> GRENADE 4 9 15 1 2
> BAT1 1 7 7 15 3 17 5 17 9 17 11 17 7 19 9 19 11 19 13 19
< RES 1637095223 81 1
> REQ 1637095223 82 1
> VAMPIRE 1 13 17 2 1 2 0
> VAMPIRE 3 13 17 3 1 2 0
> VAMPIRE 2 13 17 2 1 2 0
> VAMPIRE 4 13 17 3 1 2 0
> BAT1 1 7 3 17 5 17 11 17 7 19 9 19 11 19 13 19
< RES 1637095223 82 1
< GRENADE
< MOVE L L
> REQ 1637095223 83 1
> VAMPIRE 1 13 15 2 0 2 0
> VAMPIRE 3 13 15 3 0 2 0
> VAMPIRE 2 13 15 2 0 2 0
> VAMPIRE 4 13 15 3 0 2 0
> GRENADE 1 13 17 5 2
> GRENADE 3 13 17 5 2
> GRENADE 2 13 17 5 2
> GRENADE 4 13 17 5 2
> BAT1 1 7 3 17 5 17 11 17 7 19 9 19 11 19 13 19
< RES 1637095223 83 1
< MOVE U U
> REQ 1637095223 84 1
> VAMPIRE 1 11 15 2 0 2 0
> VAMPIRE 3 11 15 3 0 2 0
> VAMPIRE 2 11 15 2 0 2 0
> VAMPIRE 4 11 15 3 0 2 0
> GRENADE 1 13 17 4 2
> GRENADE 3 13 17 4 2
> GRENADE 2 13 17 4 2
> GRENADE 4 13 17 4 2
> BAT1 1 7 3 17 5 17 11 17 7 19 9 19 11 19 13 19
< RES 1637095223 84 1
> REQ 1637095223 85 1
> VAMPIRE 1 11 15 2 0 2 0
> VAMPIRE 3 11 15 3 0 2 0
> VAMPIRE 2 11 15 2 0 2 0
> VAMPIRE 4 11 15 3 0 2 0
> GRENADE 1 13 17 3 2
> GRENADE 3 13 17 3 2
> GRENADE 2 13 17 3 2
> GRENADE 4 13 17 3 2
> BAT1 1 7 3 17 5 17 11 17 7 19 9 19 11 19 13 19
< RES 1637095223 85 1
< MOVE U U
> REQ 1637095223 86 1
> VAMPIRE 1 9 15 2 0 2 0
> VAMPIRE 3 9 15 3 0 2 0
> VAMPIRE 2 9 15 2 0 2 0
> VAMPIRE 4 9 15 3 0 2 0
> GRENADE 1 13 17 2 2
> GRENADE 3 13 17 2 2
> GRENADE 2 13 17 2 2
> GRENADE 4 13 17 2 2
> BAT1 1 7 3 17 5 17 11 17 7 19 9 19 11 19 13 19
< RES 1637095223 86 1
< MOVE U U
> REQ 1637095223 87 1
> VAMPIRE 1 7 15 2 0 2 0
> VAMPIRE 3 7 15 3 0 2 0
> VAMPIRE 2 7 15 2 0 2 0
> VAMPIRE 4 7 15 3 0 2 0
> GRENADE 1 13 17 1 2
> GRENADE 3 13 17 1 2
> GRENADE 2 13 17 1 2
> GRENADE 4 13 17 1 2
> BAT1 1 7 3 17 5 17 11 17 7 19 9 19 11 19 13 19
< RES 1637095223 87 1
< MOVE R R
> REQ 1637095223 88 1
> VAMPIRE 1 7 17 2 1 2 0
> VAMPIRE 3 7 17 3 1 2 0
> VAMPIRE 2 7 17 2 1 2 0
> VAMPIRE 4 7 17 3 1 2 0
> BAT1 1 7 3 17 5 17 7 19 9 19 11 19
< RES 1637095223 88 1
< GRENADE
< MOVE D D
> REQ 1637095223 89 1
> VAMPIRE 1 9 17 2 0 2 0
> VAMPIRE 3 9 17 3 0 2 0
> VAMPIRE 2 9 17 2 0 2 0
> VAMPIRE 4 9 17 3 0 2 0
> GRENADE 1 7 17 5 2
> GRENADE 3 7 17 5 2
> GRENADE 2 7 17 5 2
> GRENADE 4 7 17 5 2
> BAT1 1 7 3 17 5 17 7 19 9 19 11 19
< RES 1637095223 89 1
< MOVE D D
> REQ 1637095223 90 1
> VAMPIRE 1 11 17 2 0 2 0
> VAMPIRE 3 11 17 3 0 2 0
> VAMPIRE 2 11 17 2 0 2 0
> VAMPIRE 4 11 17 3 0 2 0
> GRENADE 1 7 17 4 2
> GRENADE 3 7 17 4 2
> GRENADE 2 7 17 4 2
> GRENADE 4 7 17 4 2
> BAT1 1 7 3 17 5 17 7 19 9 19 11 19
< RES 1637095223 90 1
> REQ 1637095223 91 1
> VAMPIRE 1 11 17 2 0 2 0
> VAMPIRE 3 11 17 3 0 2 0
> VAMPIRE 2 11 17 2 0 2 0
> VAMPIRE 4 11 17 3 0 2 0
> GRENADE 1 7 17 3 2
> GRENADE 3 7 17 3 2
> GRENADE 2 7 17 3 2
> GRENADE 4 7 17 3 2
> BAT1 1 7 3 17 5 17 7 19 9 19 11 19
< RES 1637095223 91 1
> REQ 1637095223 92 1
> VAMPIRE 1 11 17 2 0 2 0
> VAMPIRE 3 11 17 3 0 2 0
> VAMPIRE 2 11 17 2 0 2 0
> VAMPIRE 4 11 17 3 0 2 0
> GRENADE 1 7 17 2 2
> GRENADE 3 7 17 2 2
> GRENADE 2 7 17 2 2
> GRENADE 4 7 17 2 2
> BAT1 1 7 3 17 5 17 7 19 9 19 11 19
< RES 1637095223 92 1
> REQ 1637095223 93 1
> VAMPIRE 1 11 17 2 0 2 0
> VAMPIRE 3 11 17 3 0 2 0
> VAMPIRE 2 11 17 2 0 2 0
> VAMPIRE 4 11 17 3 0 2 0
> GRENADE 1 7 17 1 2
> GRENADE 3 7 17 1 2
> GRENADE 2 7 17 1 2
> GRENADE 4 7 17 1 2
> BAT1 1 7 3 17 5 17 7 19 9 19 11 19
< RES 1637095223 93 1
< MOVE R
> REQ 1637095223 94 1
> VAMPIRE 1 11 18 2 1 2 0
> VAMPIRE 3 11 18 3 1 2 0
> VAMPIRE 2 11 18 2 1 2 0
> VAMPIRE 4 11 18 3 1 2 0
> BAT1 1 7 3 17 9 19 11 19
< RES 1637095223 94 1
< GRENADE
< MOVE L U
> REQ 1637095223 95 1
> VAMPIRE 1 10 17 2 0 2 0
> VAMPIRE 3 10 17 3 0 2 0
> VAMPIRE 2 10 17 2 0 2 0
> VAMPIRE 4 10 17 3 0 2 0
> GRENADE 1 11 18 5 2
> GRENADE 3 11 18 5 2
> GRENADE 2 11 18 5 2
> GRENADE 4 11 18 5 2
> BAT1 1 7 3 17 9 19 11 19
< RES 1637095223 95 1
< MOVE U
> REQ 1637095223 96 1
> VAMPIRE 1 9 17 2 0 2 0
> VAMPIRE 3 9 17 3 0 2 0
> VAMPIRE 2 9 17 2 0 2 0
> VAMPIRE 4 9 17 3 0 2 0
> GRENADE 1 11 18 4 2
> GRENADE 3 11 18 4 2
> GRENADE 2 11 18 4 2
> GRENADE 4 11 18 4 2
> BAT1 1 7 3 17 9 19 11 19
< RES 1637095223 96 1
> REQ 1637095223 97 1
> VAMPIRE 1 9 17 2 0 2 0
> VAMPIRE 3 9 17 3 0 2 0
> VAMPIRE 2 9 17 2 0 2 0
> VAMPIRE 4 9 17 3 0 2 0
> GRENADE 1 11 18 3 2
> GRENADE 3 11 18 3 2
> GRENADE 2 11 18 3 2
> GRENADE 4 11 18 3 2
> BAT1 1 7 3 17 9 19 11 19
< RES 1637095223 97 1
< MOVE U U
> REQ 1637095223 98 1
> VAMPIRE 1 7 17 2 0 2 0
> VAMPIRE 3 7 17 3 0 2 0
> VAMPIRE 2 7 17 2 0 2 0
> VAMPIRE 4 7 17 3 0 2 0
> GRENADE 1 11 18 2 2
> GRENADE 3 11 18 2 2
> GRENADE 2 11 18 2 2
> GRENADE 4 11 18 2 2
> BAT1 1 7 3 17 9 19 11 19
< RES 1637095223 98 1
< MOVE D D
> REQ 1637095223 99 1
> VAMPIRE 1 9 17 2 0 2 0
> VAMPIRE 3 9 17 3 0 2 0
> VAMPIRE 2 9 17 2 0 2 0
> VAMPIRE 4 9 17 3 0 2 0
> GRENADE 1 11 18 1 2
> GRENADE 3 11 18 1 2
> GRENADE 2 11 18 1 2
> GRENADE 4 11 18 1 2
> BAT1 1 7 3 17 9 19 11 19
< RES 1637095223 99 1
< MOVE R
> REQ 1637095223 100 1
> VAMPIRE 1 9 18 2 1 2 0
> VAMPIRE 3 9 18 3 1 2 0
> VAMPIRE 2 9 18 2 1 2 0
> VAMPIRE 4 9 18 3 1 2 0
> BAT1 1 7 3 17 9 19
< RES 1637095223 100 1
< GRENADE
< MOVE L U
> REQ 1637095223 101 1
> VAMPIRE 1 8 17 2 0 2 0
> VAMPIRE 3 8 17 3 0 2 0
> VAMPIRE 2 8 17 2 0 2 0
> VAMPIRE 4 8 17 3 0 2 0
> GRENADE 1 9 18 5 2
> GRENADE 3 9 18 5 2
> GRENADE 2 9 18 5 2
> GRENADE 4 9 18 5 2
> BAT1 1 7 3 17 9 19
< RES 1637095223 101 1
< MOVE U
> REQ 1637095223 102 1
> VAMPIRE 1 7 17 2 0 2 0
> VAMPIRE 3 7 17 3 0 2 0
> VAMPIRE 2 7 17 2 0 2 0
> VAMPIRE 4 7 17 3 0 2 0
> GRENADE 1 9 18 4 2
> GRENADE 3 9 18 4 2
> GRENADE 2 9 18 4 2
> GRENADE 4 9 18 4 2
> BAT1 1 7 3 17 9 19
< RES 1637095223 102 1
< MOVE U U
> REQ 1637095223 103 1
> VAMPIRE 1 5 17 2 0 2 0
> VAMPIRE 3 5 17 3 0 2 0
> VAMPIRE 2 5 17 2 0 2 0
> VAMPIRE 4 5 17 3 0 2 0
> GRENADE 1 9 18 3 2
> GRENADE 3 9 18 3 2
> GRENADE 2 9 18 3 2
> GRENADE 4 9 18 3 2
> BAT1 1 7 3 17 9 19
< RES 1637095223 103 1
> REQ 1637095223 104 1
> VAMPIRE 1 5 17 2 0 2 0
> VAMPIRE 3 5 17 3 0 2 0
> VAMPIRE 2 5 17 2 0 2 0
> VAMPIRE 4 5 17 3 0 2 0
> GRENADE 1 9 18 2 2
> GRENADE 3 9 18 2 2
> GRENADE 2 9 18 2 2
> GRENADE 4 9 18 2 2
> BAT1 1 7 3 17 9 19
< RES 1637095223 104 1
> REQ 1637095223 105 1
> VAMPIRE 1 5 17 2 0 2 0
> VAMPIRE 3 5 17 3 0 2 0
> VAMPIRE 2 5 17 2 0 2 0
> VAMPIRE 4 5 17 3 0 2 0
> GRENADE 1 9 18 1 2
> GRENADE 3 9 18 1 2
> GRENADE 2 9 18 1 2
> GRENADE 4 9 18 1 2
> BAT1 1 7 3 17 9 19
< RES 1637095223 105 1
< MOVE U
> REQ 1637095223 106 1
> VAMPIRE 1 4 17 2 1 2 0
> VAMPIRE 3 4 17 3 1 2 0
> VAMPIRE 2 4 17 2 1 2 0
> VAMPIRE 4 4 17 3 1 2 0
> BAT1 1 7 3 17
< RES 1637095223 106 1
< GRENADE
< MOVE D L
> REQ 1637095223 107 1
> VAMPIRE 1 5 16 2 0 2 0
> VAMPIRE 3 5 16 3 0 2 0
> VAMPIRE 2 5 16 2 0 2 0
> VAMPIRE 4 5 16 3 0 2 0
> GRENADE 1 4 17 5 2
> GRENADE 3 4 17 5 2
> GRENADE 2 4 17 5 2
> GRENADE 4 4 17 5 2
> BAT1 1 7 3 17
< RES 1637095223 107 1
< MOVE L
> REQ 1637095223 108 1
> VAMPIRE 1 5 15 2 0 2 0
> VAMPIRE 3 5 15 3 0 2 0
> VAMPIRE 2 5 15 2 0 2 0
> VAMPIRE 4 5 15 3 0 2 0
> GRENADE 1 4 17 4 2
> GRENADE 3 4 17 4 2
> GRENADE 2 4 17 4 2
> GRENADE 4 4 17 4 2
> BAT1 1 7 3 17
< RES 1637095223 108 1
< MOVE U U
> REQ 1637095223 109 1
> VAMPIRE 1 3 15 2 0 2 0
> VAMPIRE 3 3 15 3 0 2 0
> VAMPIRE 2 3 15 2 0 2 0
> VAMPIRE 4 3 15 3 0 2 0
> GRENADE 1 4 17 3 2
> GRENADE 3 4 17 3 2
> GRENADE 2 4 17 3 2
> GRENADE 4 4 17 3 2
> BAT1 1 7 3 17
< RES 1637095223 109 1
< MOVE L L
> REQ 1637095223 110 1
> VAMPIRE 1 3 13 2 0 2 0
> VAMPIRE 3 3 13 3 0 2 0
> VAMPIRE 2 3 13 2 0 2 0
> VAMPIRE 4 3 13 3 0 2 0
> GRENADE 1 4 17 2 2
> GRENADE 3 4 17 2 2
> GRENADE 2 4 17 2 2
> GRENADE 4 4 17 2 2
> BAT1 1 7 3 17
< RES 1637095223 110 1
< MOVE L L
> REQ 1637095223 111 1
> VAMPIRE 1 3 11 2 0 2 0
> VAMPIRE 3 3 11 3 0 2 0
> VAMPIRE 2 3 11 2 0 2 0
> VAMPIRE 4 3 11 3 0 2 0
> GRENADE 1 4 17 1 2
> GRENADE 3 4 17 1 2
> GRENADE 2 4 17 1 2
> GRENADE 4 4 17 1 2
> BAT1 1 7 3 17
< RES 1637095223 111 1
< MOVE L L
> REQ 1637095223 112 1
> VAMPIRE 1 3 9 2 1 2 0
> VAMPIRE 3 3 9 3 1 2 0
> VAMPIRE 2 3 9 2 1 2 0
> VAMPIRE 4 3 9 3 1 2 0
> BAT1 1 7
< RES 1637095223 112 1
< MOVE L L
> REQ 1637095223 113 1
> VAMPIRE 1 3 7 2 1 2 0
> VAMPIRE 3 3 7 3 1 2 0
> VAMPIRE 2 3 7 2 1 2 0
> VAMPIRE 4 3 7 3 1 2 0
> BAT1 1 7
< RES 1637095223 113 1
< GRENADE
< MOVE D D
> REQ 1637095223 114 1
> VAMPIRE 1 5 7 2 0 2 0
> VAMPIRE 3 5 7 3 0 2 0
> VAMPIRE 2 5 7 2 0 2 0
> VAMPIRE 4 5 7 3 0 2 0
> GRENADE 1 3 7 5 2
> GRENADE 3 3 7 5 2
> GRENADE 2 3 7 5 2
> GRENADE 4 3 7 5 2
> BAT1 1 7
< RES 1637095223 114 1
< MOVE D D
> REQ 1637095223 115 1
> VAMPIRE 1 7 7 2 0 2 0
> VAMPIRE 3 7 7 3 0 2 0
> VAMPIRE 2 7 7 2 0 2 0
> VAMPIRE 4 7 7 3 0 2 0
> GRENADE 1 3 7 4 2
> GRENADE 3 3 7 4 2
> GRENADE 2 3 7 4 2
> GRENADE 4 3 7 4 2
> BAT1 1 7
< RES 1637095223 115 1
> REQ 1637095223 116 1
> VAMPIRE 1 7 7 2 0 2 0
> VAMPIRE 3 7 7 3 0 2 0
> VAMPIRE 2 7 7 2 0 2 0
> VAMPIRE 4 7 7 3 0 2 0
> GRENADE 1 3 7 3 2
> GRENADE 3 3 7 3 2
> GRENADE 2 3 7 3 2
> GRENADE 4 3 7 3 2
> BAT1 1 7
< RES 1637095223 116 1
> REQ 1637095223 117 1
> VAMPIRE 1 7 7 2 0 2 0
> VAMPIRE 3 7 7 3 0 2 0
> VAMPIRE 2 7 7 2 0 2 0
> VAMPIRE 4 7 7 3 0 2 0
> GRENADE 1 3 7 2 2
> GRENADE 3 3 7 2 2
> GRENADE 2 3 7 2 2
> GRENADE 4 3 7 2 2
> BAT1 1 7
< RES 1637095223 117 1
> REQ 1637095223 118 1
> VAMPIRE 1 7 7 2 0 2 0
> VAMPIRE 3 7 7 3 0 2 0
> VAMPIRE 2 7 7 2 0 2 0
> VAMPIRE 4 7 7 3 0 2 0
> GRENADE 1 3 7 1 2
> GRENADE 3 3 7 1 2
> GRENADE 2 3 7 1 2
> GRENADE 4 3 7 1 2
> BAT1 1 7
< RES 1637095223 118 1
> REQ 1637095223 119 1
> VAMPIRE 1 7 7 2 1 2 0
> VAMPIRE 3 7 7 3 1 2 0
> VAMPIRE 2 7 7 2 1 2 0
> VAMPIRE 4 7 7 3 1 2 0
< RES 1637095223 119 1
> REQ 1637095223 120 1
> VAMPIRE 1 7 7 2 1 2 0
> VAMPIRE 3 7 7 3 1 2 0
> VAMPIRE 2 7 7 2 1 2 0
> VAMPIRE 4 7 7 3 1 2 0
< RES 1637095223 120 1
> REQ 1637095223 121 1
> VAMPIRE 1 7 7 2 1 2 0
> VAMPIRE 3 7 7 3 1 2 0
> VAMPIRE 2 7 7 2 1 2 0
> VAMPIRE 4 7 7 3 1 2 0
< RES 1637095223 121 1
> REQ 1637095223 122 1
> VAMPIRE 1 7 7 2 1 2 0
> VAMPIRE 3 7 7 3 1 2 0
> VAMPIRE 2 7 7 2 1 2 0
> VAMPIRE 4 7 7 3 1 2 0
< RES 1637095223 122 1
> REQ 1637095223 123 1
> VAMPIRE 1 7 7 2 1 2 0
> VAMPIRE 3 7 7 3 1 2 0
> VAMPIRE 2 7 7 2 1 2 0
> VAMPIRE 4 7 7 3 1 2 0
< RES 1637095223 123 1
> REQ 1637095223 124 1
> VAMPIRE 1 7 7 2 1 2 0
> VAMPIRE 3 7 7 3 1 2 0
> VAMPIRE 2 7 7 2 1 2 0
> VAMPIRE 4 7 7 3 1 2 0
< RES 1637095223 124 1
> REQ 1637095223 125 1
> VAMPIRE 1 7 7 2 1 2 0
> VAMPIRE 3 7 7 3 1 2 0
> VAMPIRE 2 7 7 2 1 2 0
> VAMPIRE 4 7 7 3 1 2 0
< RES 1637095223 125 1
> REQ 1637095223 126 1
> VAMPIRE 1 7 7 2 1 2 0
> VAMPIRE 3 7 7 3 1 2 0
> VAMPIRE 2 7 7 2 1 2 0
> VAMPIRE 4 7 7 3 1 2 0
< RES 1637095223 126 1
> REQ 1637095223 127 1
> VAMPIRE 1 7 7 2 1 2 0
> VAMPIRE 3 7 7 3 1 2 0
> VAMPIRE 2 7 7 2 1 2 0
> VAMPIRE 4 7 7 3 1 2 0
< RES 1637095223 127 1
> REQ 1637095223 128 1
> VAMPIRE 1 7 7 2 1 2 0
> VAMPIRE 3 7 7 3 1 2 0
> VAMPIRE 2 7 7 2 1 2 0
> VAMPIRE 4 7 7 3 1 2 0
< RES 1637095223 128 1
> REQ 1637095223 129 1
> VAMPIRE 1 7 7 2 1 2 0
> VAMPIRE 3 7 7 3 1 2 0
> VAMPIRE 2 7 7 2 1 2 0
> VAMPIRE 4 7 7 3 1 2 0
< RES 1637095223 129 1
> REQ 1637095223 130 1
> VAMPIRE 1 7 7 2 1 2 0
> VAMPIRE 3 7 7 3 1 2 0
> VAMPIRE 2 7 7 2 1 2 0
> VAMPIRE 4 7 7 3 1 2 0
< RES 1637095223 130 1
> REQ 1637095223 131 1
> VAMPIRE 1 7 7 2 1 2 0
> VAMPIRE 3 7 7 3 1 2 0
> VAMPIRE 2 7 7 2 1 2 0
> VAMPIRE 4 7 7 3 1 2 0
< RES 1637095223 131 1
> REQ 1637095223 132 1
> VAMPIRE 1 7 7 2 1 2 0
> VAMPIRE 3 7 7 3 1 2 0
> VAMPIRE 2 7 7 2 1 2 0
> VAMPIRE 4 7 7 3 1 2 0
< RES 1637095223 132 1
> REQ 1637095223 133 1
> VAMPIRE 1 7 7 2 1 2 0
> VAMPIRE 3 7 7 3 1 2 0
> VAMPIRE 2 7 7 2 1 2 0
> VAMPIRE 4 7 7 3 1 2 0
< RES 1637095223 133 1
> REQ 1637095223 134 1
> VAMPIRE 1 7 7 2 1 2 0
> VAMPIRE 3 7 7 3 1 2 0
> VAMPIRE 2 7 7 2 1 2 0
> VAMPIRE 4 7 7 3 1 2 0
< RES 1637095223 134 1
> REQ 1637095223 135 1
> VAMPIRE 1 7 7 2 1 2 0
> VAMPIRE 3 7 7 3 1 2 0
> VAMPIRE 2 7 7 2 1 2 0
> VAMPIRE 4 7 7 3 1 2 0
< RES 1637095223 135 1
> REQ 1637095223 136 1
> VAMPIRE 1 7 7 2 1 2 0
> VAMPIRE 3 7 7 3 1 2 0
> VAMPIRE 2 7 7 2 1 2 0
> VAMPIRE 4 7 7 3 1 2 0
< RES 1637095223 136 1
> REQ 1637095223 137 1
> VAMPIRE 1 7 7 2 1 2 0
> VAMPIRE 3 7 7 3 1 2 0
> VAMPIRE 2 7 7 2 1 2 0
> VAMPIRE 4 7 7 3 1 2 0
< RES 1637095223 137 1
> REQ 1637095223 138 1
> VAMPIRE 1 7 7 2 1 2 0
> VAMPIRE 3 7 7 3 1 2 0
> VAMPIRE 2 7 7 2 1 2 0
> VAMPIRE 4 7 7 3 1 2 0
< RES 1637095223 138 1
> REQ 1637095223 139 1
> VAMPIRE 1 7 7 2 1 2 0
> VAMPIRE 3 7 7 3 1 2 0
> VAMPIRE 2 7 7 2 1 2 0
> VAMPIRE 4 7 7 3 1 2 0
< RES 1637095223 139 1
> REQ 1637095223 140 1
> VAMPIRE 1 7 7 2 1 2 0
> VAMPIRE 3 7 7 3 1 2 0
> VAMPIRE 2 7 7 2 1 2 0
> VAMPIRE 4 7 7 3 1 2 0
< RES 1637095223 140 1
> REQ 1637095223 141 1
> VAMPIRE 1 7 7 2 1 2 0
> VAMPIRE 3 7 7 3 1 2 0
> VAMPIRE 2 7 7 2 1 2 0
> VAMPIRE 4 7 7 3 1 2 0
< RES 1637095223 141 1
> REQ 1637095223 142 1
> VAMPIRE 1 7 7 2 1 2 0
> VAMPIRE 3 7 7 3 1 2 0
> VAMPIRE 2 7 7 2 1 2 0
> VAMPIRE 4 7 7 3 1 2 0
< RES 1637095223 142 1
> REQ 1637095223 143 1
> VAMPIRE 1 7 7 2 1 2 0
> VAMPIRE 3 7 7 3 1 2 0
> VAMPIRE 2 7 7 2 1 2 0
> VAMPIRE 4 7 7 3 1 2 0
< RES 1637095223 143 1
> REQ 1637095223 144 1
> VAMPIRE 1 7 7 2 1 2 0
> VAMPIRE 3 7 7 3 1 2 0
> VAMPIRE 2 7 7 2 1 2 0
> VAMPIRE 4 7 7 3 1 2 0
< RES 1637095223 144 1
> REQ 1637095223 145 1
> VAMPIRE 1 7 7 2 1 2 0
> VAMPIRE 3 7 7 3 1 2 0
> VAMPIRE 2 7 7 2 1 2 0
> VAMPIRE 4 7 7 3 1 2 0
< RES 1637095223 145 1
> REQ 1637095223 146 1
> VAMPIRE 1 7 7 2 1 2 0
> VAMPIRE 3 7 7 3 1 2 0
> VAMPIRE 2 7 7 2 1 2 0
> VAMPIRE 4 7 7 3 1 2 0
< RES 1637095223 146 1
> REQ 1637095223 147 1
> VAMPIRE 1 7 7 2 1 2 0
> VAMPIRE 3 7 7 3 1 2 0
> VAMPIRE 2 7 7 2 1 2 0
> VAMPIRE 4 7 7 3 1 2 0
< RES 1637095223 147 1
> REQ 1637095223 148 1
> VAMPIRE 1 7 7 2 1 2 0
> VAMPIRE 3 7 7 3 1 2 0
> VAMPIRE 2 7 7 2 1 2 0
> VAMPIRE 4 7 7 3 1 2 0
> POWERUP TOMATO -8 19 6
> POWERUP TOMATO -8 1 14
< RES 1637095223 148 1
< MOVE D D
> REQ 1637095223 149 1
> VAMPIRE 1 9 7 2 1 2 0
> VAMPIRE 3 9 7 3 1 2 0
> VAMPIRE 2 9 7 2 1 2 0
> VAMPIRE 4 9 7 3 1 2 0
> POWERUP TOMATO -7 19 6
> POWERUP TOMATO -7 1 14
< RES 1637095223 149 1
< MOVE D D
> REQ 1637095223 150 1
> VAMPIRE 1 11 7 2 1 2 0
> VAMPIRE 3 11 7 3 1 2 0
> VAMPIRE 2 11 7 2 1 2 0
> VAMPIRE 4 11 7 3 1 2 0
> POWERUP TOMATO -6 19 6
> POWERUP TOMATO -6 1 14
< RES 1637095223 150 1
< MOVE D D
> REQ 1637095223 151 1
> VAMPIRE 1 13 7 2 1 2 0
> VAMPIRE 3 13 7 3 1 2 0
> VAMPIRE 2 13 7 2 1 2 0
> VAMPIRE 4 13 7 3 1 2 0
> POWERUP TOMATO -5 19 6
> POWERUP TOMATO -5 1 14
< RES 1637095223 151 1
< MOVE D D
> REQ 1637095223 152 1
> VAMPIRE 1 15 7 2 1 2 0
> VAMPIRE 3 15 7 3 1 2 0
> VAMPIRE 2 15 7 2 1 2 0
> VAMPIRE 4 15 7 3 1 2 0
> POWERUP TOMATO -4 19 6
> POWERUP TOMATO -4 1 14
< RES 1637095223 152 1
< MOVE D D
> REQ 1637095223 153 1
> VAMPIRE 1 17 7 2 1 2 0
> VAMPIRE 3 17 7 3 1 2 0
> VAMPIRE 2 17 7 2 1 2 0
> VAMPIRE 4 17 7 3 1 2 0
> POWERUP TOMATO -3 19 6
> POWERUP TOMATO -3 1 14
< RES 1637095223 153 1
< MOVE D D
> REQ 1637095223 154 1
> VAMPIRE 1 19 7 2 1 2 0
> VAMPIRE 3 19 7 3 1 2 0
> VAMPIRE 2 19 7 2 1 2 0
> VAMPIRE 4 19 7 3 1 2 0
> POWERUP TOMATO -2 19 6
> POWERUP TOMATO -2 1 14
< RES 1637095223 154 1
< MOVE L
> REQ 1637095223 155 1
> VAMPIRE 1 19 6 2 1 2 0
> VAMPIRE 3 19 6 3 1 2 0
> VAMPIRE 2 19 6 2 1 2 0
> VAMPIRE 4 19 6 3 1 2 0
> POWERUP TOMATO -1 19 6
> POWERUP TOMATO -1 1 14
< RES 1637095223 155 1
< MOVE R U
> REQ 1637095223 156 1
> VAMPIRE 1 18 7 3 1 2 0
> VAMPIRE 3 18 7 3 1 2 0
> VAMPIRE 2 18 7 3 1 2 0
> VAMPIRE 4 18 7 3 1 2 0
> POWERUP TOMATO 10 1 14
< RES 1637095223 156 1
< MOVE U
> REQ 1637095223 157 1
> VAMPIRE 1 17 7 3 1 2 0
> VAMPIRE 3 17 7 3 1 2 0
> VAMPIRE 2 17 7 3 1 2 0
> VAMPIRE 4 17 7 3 1 2 0
> POWERUP TOMATO 9 1 14
< RES 1637095223 157 1
< MOVE R R
> REQ 1637095223 158 1
> VAMPIRE 1 17 9 3 1 2 0
> VAMPIRE 3 17 9 3 1 2 0
> VAMPIRE 2 17 9 3 1 2 0
> VAMPIRE 4 17 9 3 1 2 0
> POWERUP TOMATO 8 1 14
< RES 1637095223 158 1
< MOVE U U
> REQ 1637095223 159 1
> VAMPIRE 1 15 9 3 1 2 0
> VAMPIRE 3 15 9 3 1 2 0
> VAMPIRE 2 15 9 3 1 2 0
> VAMPIRE 4 15 9 3 1 2 0
> POWERUP TOMATO 7 1 14
< RES 1637095223 159 1
< MOVE U U
> REQ 1637095223 160 1
> VAMPIRE 1 13 9 3 1 2 0
> VAMPIRE 3 13 9 3 1 2 0
> VAMPIRE 2 13 9 3 1 2 0
> VAMPIRE 4 13 9 3 1 2 0
> POWERUP TOMATO 6 1 14
< RES 1637095223 160 1
< MOVE U U
> REQ 1637095223 161 1
> VAMPIRE 1 11 9 3 1 2 0
> VAMPIRE 3 11 9 3 1 2 0
> VAMPIRE 2 11 9 3 1 2 0
> VAMPIRE 4 11 9 3 1 2 0
> POWERUP TOMATO 5 1 14
< RES 1637095223 161 1
> REQ 1637095223 162 1
> VAMPIRE 1 11 9 3 1 2 0
> VAMPIRE 3 11 9 3 1 2 0
> VAMPIRE 2 11 9 3 1 2 0
> VAMPIRE 4 11 9 3 1 2 0
> POWERUP TOMATO 4 1 14
< RES 1637095223 162 1
> REQ 1637095223 163 1
> VAMPIRE 1 11 9 3 1 2 0
> VAMPIRE 3 11 9 3 1 2 0
> VAMPIRE 2 11 9 3 1 2 0
> VAMPIRE 4 11 9 3 1 2 0
> POWERUP TOMATO 3 1 14
< RES 1637095223 163 1
> REQ 1637095223 164 1
> VAMPIRE 1 11 9 3 1 2 0
> VAMPIRE 3 11 9 3 1 2 0
> VAMPIRE 2 11 9 3 1 2 0
> VAMPIRE 4 11 9 3 1 2 0
> POWERUP TOMATO 2 1 14
< RES 1637095223 164 1
> REQ 1637095223 165 1
> VAMPIRE 1 11 9 3 1 2 0
> VAMPIRE 3 11 9 3 1 2 0
> VAMPIRE 2 11 9 3 1 2 0
> VAMPIRE 4 11 9 3 1 2 0
> POWERUP TOMATO 1 1 14
< RES 1637095223 165 1
> REQ 1637095223 166 1
> VAMPIRE 1 11 9 3 1 2 0
> VAMPIRE 3 11 9 3 1 2 0
> VAMPIRE 2 11 9 3 1 2 0
> VAMPIRE 4 11 9 3 1 2 0
< RES 1637095223 166 1
> REQ 1637095223 167 1
> VAMPIRE 1 11 9 3 1 2 0
> VAMPIRE 3 11 9 3 1 2 0
> VAMPIRE 2 11 9 3 1 2 0
> VAMPIRE 4 11 9 3 1 2 0
< RES 1637095223 167 1
> REQ 1637095223 168 1
> VAMPIRE 1 11 9 3 1 2 0
> VAMPIRE 3 11 9 3 1 2 0
> VAMPIRE 2 11 9 3 1 2 0
> VAMPIRE 4 11 9 3 1 2 0
< RES 1637095223 168 1
> REQ 1637095223 169 1
> VAMPIRE 1 11 9 3 1 2 0
> VAMPIRE 3 11 9 3 1 2 0
> VAMPIRE 2 11 9 3 1 2 0
> VAMPIRE 4 11 9 3 1 2 0
< RES 1637095223 169 1
> REQ 1637095223 170 1
> VAMPIRE 1 11 9 3 1 2 0
> VAMPIRE 3 11 9 3 1 2 0
> VAMPIRE 2 11 9 3 1 2 0
> VAMPIRE 4 11 9 3 1 2 0
< RES 1637095223 170 1
> REQ 1637095223 171 1
> VAMPIRE 1 11 9 3 1 2 0
> VAMPIRE 3 11 9 3 1 2 0
> VAMPIRE 2 11 9 3 1 2 0
> VAMPIRE 4 11 9 3 1 2 0
< RES 1637095223 171 1
> REQ 1637095223 172 1
> VAMPIRE 1 11 9 3 1 2 0
> VAMPIRE 3 11 9 3 1 2 0
> VAMPIRE 2 11 9 3 1 2 0
> VAMPIRE 4 11 9 3 1 2 0
< RES 1637095223 172 1
> REQ 1637095223 173 1
> VAMPIRE 1 11 9 3 1 2 0
> VAMPIRE 3 11 9 3 1 2 0
> VAMPIRE 2 11 9 3 1 2 0
> VAMPIRE 4 11 9 3 1 2 0
< RES 1637095223 173 1
> REQ 1637095223 174 1
> VAMPIRE 1 11 9 3 1 2 0
> VAMPIRE 3 11 9 3 1 2 0
> VAMPIRE 2 11 9 3 1 2 0
> VAMPIRE 4 11 9 3 1 2 0
< RES 1637095223 174 1
> REQ 1637095223 175 1
> VAMPIRE 1 11 9 3 1 2 0
> VAMPIRE 3 11 9 3 1 2 0
> VAMPIRE 2 11 9 3 1 2 0
> VAMPIRE 4 11 9 3 1 2 0
< RES 1637095223 175 1
> REQ 1637095223 176 1
> VAMPIRE 1 11 9 3 1 2 0
> VAMPIRE 3 11 9 3 1 2 0
> VAMPIRE 2 11 9 3 1 2 0
> VAMPIRE 4 11 9 3 1 2 0
< RES 1637095223 176 1
> REQ 1637095223 177 1
> VAMPIRE 1 11 9 3 1 2 0
> VAMPIRE 3 11 9 3 1 2 0
> VAMPIRE 2 11 9 3 1 2 0
> VAMPIRE 4 11 9 3 1 2 0
< RES 1637095223 177 1
> REQ 1637095223 178 1
> VAMPIRE 1 11 9 3 1 2 0
> VAMPIRE 3 11 9 3 1 2 0
> VAMPIRE 2 11 9 3 1 2 0
> VAMPIRE 4 11 9 3 1 2 0
< RES 1637095223 178 1
> REQ 1637095223 179 1
> VAMPIRE 1 11 9 3 1 2 0
> VAMPIRE 3 11 9 3 1 2 0
> VAMPIRE 2 11 9 3 1 2 0
> VAMPIRE 4 11 9 3 1 2 0
< RES 1637095223 179 1
> REQ 1637095223 180 1
> VAMPIRE 1 11 9 3 1 2 0
> VAMPIRE 3 11 9 3 1 2 0
> VAMPIRE 2 11 9 3 1 2 0
> VAMPIRE 4 11 9 3 1 2 0
< RES 1637095223 180 1
> REQ 1637095223 181 1
> VAMPIRE 1 11 9 3 1 2 0
> VAMPIRE 3 11 9 3 1 2 0
> VAMPIRE 2 11 9 3 1 2 0
> VAMPIRE 4 11 9 3 1 2 0
< RES 1637095223 181 1
> REQ 1637095223 182 1
> VAMPIRE 1 11 9 3 1 2 0
> VAMPIRE 3 11 9 3 1 2 0
> VAMPIRE 2 11 9 3 1 2 0
> VAMPIRE 4 11 9 3 1 2 0
< RES 1637095223 182 1
> REQ 1637095223 183 1
> VAMPIRE 1 11 9 3 1 2 0
> VAMPIRE 3 11 9 3 1 2 0
> VAMPIRE 2 11 9 3 1 2 0
> VAMPIRE 4 11 9 3 1 2 0
< RES 1637095223 183 1
> REQ 1637095223 184 1
> VAMPIRE 1 11 9 3 1 2 0
> VAMPIRE 3 11 9 3 1 2 0
> VAMPIRE 2 11 9 3 1 2 0
> VAMPIRE 4 11 9 3 1 2 0
> POWERUP TOMATO -7 17 17
> POWERUP TOMATO -7 3 3
< RES 1637095223 184 1
< MOVE R R
> REQ 1637095223 185 1
> VAMPIRE 1 11 11 3 1 2 0
> VAMPIRE 3 11 11 3 1 2 0
> VAMPIRE 2 11 11 3 1 2 0
> VAMPIRE 4 11 11 3 1 2 0
> POWERUP TOMATO -6 17 17
> POWERUP TOMATO -6 3 3
< RES 1637095223 185 1
< MOVE R R
> REQ 1637095223 186 1
> VAMPIRE 1 11 13 3 1 2 0
> VAMPIRE 3 11 13 3 1 2 0
> VAMPIRE 2 11 13 3 1 2 0
> VAMPIRE 4 11 13 3 1 2 0
> POWERUP TOMATO -5 17 17
> POWERUP TOMATO -5 3 3
< RES 1637095223 186 1
< MOVE R R
> REQ 1637095223 187 1
> VAMPIRE 1 11 15 3 1 2 0
> VAMPIRE 3 11 15 3 1 2 0
> VAMPIRE 2 11 15 3 1 2 0
> VAMPIRE 4 11 15 3 1 2 0
> POWERUP TOMATO -4 17 17
> POWERUP TOMATO -4 3 3
< RES 1637095223 187 1
< MOVE R R
> REQ 1637095223 188 1
> VAMPIRE 1 11 17 3 1 2 0
> VAMPIRE 3 11 17 3 1 2 0
> VAMPIRE 2 11 17 3 1 2 0
> VAMPIRE 4 11 17 3 1 2 0
> POWERUP TOMATO -3 17 17
> POWERUP TOMATO -3 3 3
< RES 1637095223 188 1
< MOVE D D
> REQ 1637095223 189 1
> VAMPIRE 1 13 17 3 1 2 0
> VAMPIRE 3 13 17 3 1 2 0
> VAMPIRE 2 13 17 3 1 2 0
> VAMPIRE 4 13 17 3 1 2 0
> POWERUP TOMATO -2 17 17
> POWERUP TOMATO -2 3 3
< RES 1637095223 189 1
< MOVE D D
> REQ 1637095223 190 1
> VAMPIRE 1 15 17 3 1 2 0
> VAMPIRE 3 15 17 3 1 2 0
> VAMPIRE 2 15 17 3 1 2 0
> VAMPIRE 4 15 17 3 1 2 0
> POWERUP TOMATO -1 17 17
> POWERUP TOMATO -1 3 3
< RES 1637095223 190 1
< MOVE D D
> REQ 1637095223 191 1
> VAMPIRE 1 17 17 3 1 2 0
> VAMPIRE 3 17 17 3 1 2 0
> VAMPIRE 2 17 17 3 1 2 0
> VAMPIRE 4 17 17 3 1 2 0
> POWERUP TOMATO 20 17 17
> POWERUP TOMATO 20 3 3
< RES 1637095223 191 1
< MOVE U U
> REQ 1637095223 192 1
> VAMPIRE 1 15 17 3 1 2 0
> VAMPIRE 3 15 17 3 1 2 0
> VAMPIRE 2 15 17 3 1 2 0
> VAMPIRE 4 15 17 3 1 2 0
> POWERUP TOMATO 19 3 3
< RES 1637095223 192 1
< MOVE U U
> REQ 1637095223 193 1
> VAMPIRE 1 13 17 3 1 2 0
> VAMPIRE 3 13 17 3 1 2 0
> VAMPIRE 2 13 17 3 1 2 0
> VAMPIRE 4 13 17 3 1 2 0
> POWERUP TOMATO 18 3 3
< RES 1637095223 193 1
< MOVE U U
> REQ 1637095223 194 1
> VAMPIRE 1 11 17 3 1 2 0
> VAMPIRE 3 11 17 3 1 2 0
> VAMPIRE 2 11 17 3 1 2 0
> VAMPIRE 4 11 17 3 1 2 0
> POWERUP TOMATO 17 3 3
< RES 1637095223 194 1
< MOVE U U
> REQ 1637095223 195 1
> VAMPIRE 1 9 17 3 1 2 0
> VAMPIRE 3 9 17 3 1 2 0
> VAMPIRE 2 9 17 3 1 2 0
> VAMPIRE 4 9 17 3 1 2 0
> POWERUP TOMATO 16 3 3
< RES 1637095223 195 1
< MOVE U U
> REQ 1637095223 196 1
> VAMPIRE 1 7 17 3 1 2 0
> VAMPIRE 3 7 17 3 1 2 0
> VAMPIRE 2 7 17 3 1 2 0
> VAMPIRE 4 7 17 3 1 2 0
> POWERUP TOMATO 15 3 3
< RES 1637095223 196 1
< MOVE U U
> REQ 1637095223 197 1
> VAMPIRE 1 5 17 3 1 2 0
> VAMPIRE 3 5 17 3 1 2 0
> VAMPIRE 2 5 17 3 1 2 0
> VAMPIRE 4 5 17 3 1 2 0
> POWERUP TOMATO 14 3 3
< RES 1637095223 197 1
< MOVE U U
> REQ 1637095223 198 1
> VAMPIRE 1 3 17 3 1 2 0
> VAMPIRE 3 3 17 3 1 2 0
> VAMPIRE 2 3 17 3 1 2 0
> VAMPIRE 4 3 17 3 1 2 0
> POWERUP TOMATO 13 3 3
< RES 1637095223 198 1
< MOVE L L
> REQ 1637095223 199 1
> VAMPIRE 1 3 15 3 1 2 0
> VAMPIRE 3 3 15 3 1 2 0
> VAMPIRE 2 3 15 3 1 2 0
> VAMPIRE 4 3 15 3 1 2 0
> POWERUP TOMATO 12 3 3
< RES 1637095223 199 1
< MOVE L L
> REQ 1637095223 200 1
> VAMPIRE 1 3 13 3 1 2 0
> VAMPIRE 3 3 13 3 1 2 0
> VAMPIRE 2 3 13 3 1 2 0
> VAMPIRE 4 3 13 3 1 2 0
> POWERUP TOMATO 11 3 3
< RES 1637095223 200 1
< MOVE L L
> REQ 1637095223 201 1
> VAMPIRE 1 3 11 3 1 2 0
> VAMPIRE 3 3 11 3 1 2 0
> VAMPIRE 2 3 11 3 1 2 0
> VAMPIRE 4 3 11 3 1 2 0
> POWERUP TOMATO 10 3 3
< RES 1637095223 201 1
< MOVE L L
> REQ 1637095223 202 1
> VAMPIRE 1 3 9 3 1 2 0
> VAMPIRE 3 3 9 3 1 2 0
> VAMPIRE 2 3 9 3 1 2 0
> VAMPIRE 4 3 9 3 1 2 0
> POWERUP TOMATO 9 3 3
< RES 1637095223 202 1
< MOVE L L
> REQ 1637095223 203 1
> VAMPIRE 1 3 7 3 1 2 0
> VAMPIRE 3 3 7 3 1 2 0
> VAMPIRE 2 3 7 3 1 2 0
> VAMPIRE 4 3 7 3 1 2 0
> POWERUP TOMATO 8 3 3
< RES 1637095223 203 1
< MOVE L L
> REQ 1637095223 204 1
> VAMPIRE 1 3 5 3 1 2 0
> VAMPIRE 3 3 5 3 1 2 0
> VAMPIRE 2 3 5 3 1 2 0
> VAMPIRE 4 3 5 3 1 2 0
> POWERUP TOMATO 7 3 3
< RES 1637095223 204 1
< MOVE L L
> REQ 1637095223 205 1
> VAMPIRE 1 3 3 3 1 2 0
> VAMPIRE 3 3 3 3 1 2 0
> VAMPIRE 2 3 3 3 1 2 0
> VAMPIRE 4 3 3 3 1 2 0
> POWERUP TOMATO 6 3 3
< RES 1637095223 205 1
< MOVE R R
> REQ 1637095223 206 1
> VAMPIRE 1 3 5 3 1 2 0
> VAMPIRE 3 3 5 3 1 2 0
> VAMPIRE 2 3 5 3 1 2 0
> VAMPIRE 4 3 5 3 1 2 0
< RES 1637095223 206 1
< MOVE R R
> REQ 1637095223 207 1
> VAMPIRE 1 3 7 3 1 2 0
> VAMPIRE 3 3 7 3 1 2 0
> VAMPIRE 2 3 7 3 1 2 0
> VAMPIRE 4 3 7 3 1 2 0
< RES 1637095223 207 1
< MOVE R R
> REQ 1637095223 208 1
> VAMPIRE 1 3 9 3 1 2 0
> VAMPIRE 3 3 9 3 1 2 0
> VAMPIRE 2 3 9 3 1 2 0
> VAMPIRE 4 3 9 3 1 2 0
< RES 1637095223 208 1
< MOVE D D
> REQ 1637095223 209 1
> VAMPIRE 1 5 9 3 1 2 0
> VAMPIRE 3 5 9 3 1 2 0
> VAMPIRE 2 5 9 3 1 2 0
> VAMPIRE 4 5 9 3 1 2 0
< RES 1637095223 209 1
< MOVE D D
> REQ 1637095223 210 1
> VAMPIRE 1 7 9 3 1 2 0
> VAMPIRE 3 7 9 3 1 2 0
> VAMPIRE 2 7 9 3 1 2 0
> VAMPIRE 4 7 9 3 1 2 0
< RES 1637095223 210 1
< MOVE D D
> REQ 1637095223 211 1
> VAMPIRE 1 9 9 3 1 2 0
> VAMPIRE 3 9 9 3 1 2 0
> VAMPIRE 2 9 9 3 1 2 0
> VAMPIRE 4 9 9 3 1 2 0
< RES 1637095223 211 1
> REQ 1637095223 212 1
> VAMPIRE 1 9 9 3 1 2 0
> VAMPIRE 3 9 9 3 1 2 0
> VAMPIRE 2 9 9 3 1 2 0
> VAMPIRE 4 9 9 3 1 2 0
< RES 1637095223 212 1
> REQ 1637095223 213 1
> VAMPIRE 1 9 9 3 1 2 0
> VAMPIRE 3 9 9 3 1 2 0
> VAMPIRE 2 9 9 3 1 2 0
> VAMPIRE 4 9 9 3 1 2 0
< RES 1637095223 213 1
> REQ 1637095223 214 1
> VAMPIRE 1 9 9 3 1 2 0
> VAMPIRE 3 9 9 3 1 2 0
> VAMPIRE 2 9 9 3 1 2 0
> VAMPIRE 4 9 9 3 1 2 0
< RES 1637095223 214 1
> REQ 1637095223 215 1
> VAMPIRE 1 9 9 3 1 2 0
> VAMPIRE 3 9 9 3 1 2 0
> VAMPIRE 2 9 9 3 1 2 0
> VAMPIRE 4 9 9 3 1 2 0
< RES 1637095223 215 1
> REQ 1637095223 216 1
> VAMPIRE 1 9 9 3 1 2 0
> VAMPIRE 3 9 9 3 1 2 0
> VAMPIRE 2 9 9 3 1 2 0
> VAMPIRE 4 9 9 3 1 2 0
< RES 1637095223 216 1
> REQ 1637095223 217 1
> VAMPIRE 1 9 9 3 1 2 0
> VAMPIRE 3 9 9 3 1 2 0
> VAMPIRE 2 9 9 3 1 2 0
> VAMPIRE 4 9 9 3 1 2 0
< RES 1637095223 217 1
> REQ 1637095223 218 1
> VAMPIRE 1 9 9 3 1 2 0
> VAMPIRE 3 9 9 3 1 2 0
> VAMPIRE 2 9 9 3 1 2 0
> VAMPIRE 4 9 9 3 1 2 0
< RES 1637095223 218 1
> REQ 1637095223 219 1
> VAMPIRE 1 9 9 3 1 2 0
> VAMPIRE 3 9 9 3 1 2 0
> VAMPIRE 2 9 9 3 1 2 0
> VAMPIRE 4 9 9 3 1 2 0
> POWERUP BATTERY -5 12 11
> POWERUP BATTERY -5 8 9
< RES 1637095223 219 1
< MOVE U
> REQ 1637095223 220 1
> VAMPIRE 1 8 9 3 1 2 0
> VAMPIRE 3 8 9 3 1 2 0
> VAMPIRE 2 8 9 3 1 2 0
> VAMPIRE 4 8 9 3 1 2 0
> POWERUP BATTERY -4 12 11
> POWERUP BATTERY -4 8 9
< RES 1637095223 220 1
> REQ 1637095223 221 1
> VAMPIRE 1 8 9 3 1 2 0
> VAMPIRE 3 8 9 3 1 2 0
> VAMPIRE 2 8 9 3 1 2 0
> VAMPIRE 4 8 9 3 1 2 0
> POWERUP BATTERY -3 12 11
> POWERUP BATTERY -3 8 9
< RES 1637095223 221 1
> REQ 1637095223 222 1
> VAMPIRE 1 8 9 3 1 2 0
> VAMPIRE 3 8 9 3 1 2 0
> VAMPIRE 2 8 9 3 1 2 0
> VAMPIRE 4 8 9 3 1 2 0
> POWERUP BATTERY -2 12 11
> POWERUP BATTERY -2 8 9
< RES 1637095223 222 1
> REQ 1637095223 223 1
> VAMPIRE 1 8 9 3 1 2 0
> VAMPIRE 3 8 9 3 1 2 0
> VAMPIRE 2 8 9 3 1 2 0
> VAMPIRE 4 8 9 3 1 2 0
> POWERUP BATTERY -1 12 11
> POWERUP BATTERY -1 8 9
< RES 1637095223 223 1
< MOVE D R
> REQ 1637095223 224 1
> VAMPIRE 1 9 10 3 1 3 0
> VAMPIRE 3 9 10 3 1 3 0
> VAMPIRE 2 9 10 3 1 3 0
> VAMPIRE 4 9 10 3 1 3 0
> POWERUP BATTERY 17 12 11
< RES 1637095223 224 1
< MOVE R D
> REQ 1637095223 225 1
> VAMPIRE 1 10 11 3 1 3 0
> VAMPIRE 3 10 11 3 1 3 0
> VAMPIRE 2 10 11 3 1 3 0
> VAMPIRE 4 10 11 3 1 3 0
> POWERUP BATTERY 16 12 11
< RES 1637095223 225 1
< MOVE D D
> REQ 1637095223 226 1
> VAMPIRE 1 12 11 3 1 3 0
> VAMPIRE 3 12 11 3 1 3 0
> VAMPIRE 2 12 11 3 1 3 0
> VAMPIRE 4 12 11 3 1 3 0
> POWERUP BATTERY 15 12 11
< RES 1637095223 226 1
< MOVE U
> REQ 1637095223 227 1
> VAMPIRE 1 11 11 3 1 4 0
> VAMPIRE 3 11 11 3 1 4 0
> VAMPIRE 2 11 11 3 1 4 0
> VAMPIRE 4 11 11 3 1 4 0
< RES 1637095223 227 1
< MOVE U U
> REQ 1637095223 228 1
> VAMPIRE 1 9 11 3 1 4 0
> VAMPIRE 3 9 11 3 1 4 0
> VAMPIRE 2 9 11 3 1 4 0
> VAMPIRE 4 9 11 3 1 4 0
< RES 1637095223 228 1
< MOVE D D
> REQ 1637095223 229 1
> VAMPIRE 1 11 11 3 1 4 0
> VAMPIRE 3 11 11 3 1 4 0
> VAMPIRE 2 11 11 3 1 4 0
> VAMPIRE 4 11 11 3 1 4 0
< RES 1637095223 229 1
< MOVE U U
> REQ 1637095223 230 1
> VAMPIRE 1 9 11 3 1 4 0
> VAMPIRE 3 9 11 3 1 4 0
> VAMPIRE 2 9 11 3 1 4 0
> VAMPIRE 4 9 11 3 1 4 0
< RES 1637095223 230 1
< MOVE D D
> REQ 1637095223 231 1
> VAMPIRE 1 11 11 3 1 4 0
> VAMPIRE 3 11 11 3 1 4 0
> VAMPIRE 2 11 11 3 1 4 0
> VAMPIRE 4 11 11 3 1 4 0
< RES 1637095223 231 1
< MOVE U U
> REQ 1637095223 232 1
> VAMPIRE 1 9 11 3 1 4 0
> VAMPIRE 3 9 11 3 1 4 0
> VAMPIRE 2 9 11 3 1 4 0
> VAMPIRE 4 9 11 3 1 4 0
< RES 1637095223 232 1
< MOVE D D
> REQ 1637095223 233 1
> VAMPIRE 1 11 11 3 1 4 0
> VAMPIRE 3 11 11 3 1 4 0
> VAMPIRE 2 11 11 3 1 4 0
> VAMPIRE 4 11 11 3 1 4 0
< RES 1637095223 233 1
< MOVE U U
> REQ 1637095223 234 1
> VAMPIRE 1 9 11 3 1 4 0
> VAMPIRE 3 9 11 3 1 4 0
> VAMPIRE 2 9 11 3 1 4 0
> VAMPIRE 4 9 11 3 1 4 0
< RES 1637095223 234 1
< MOVE D D
> REQ 1637095223 235 1
> VAMPIRE 1 11 11 3 1 4 0
> VAMPIRE 3 11 11 3 1 4 0
> VAMPIRE 2 11 11 3 1 4 0
> VAMPIRE 4 11 11 3 1 4 0
< RES 1637095223 235 1
< MOVE U U
> REQ 1637095223 236 1
> VAMPIRE 1 9 11 3 1 4 0
> VAMPIRE 3 9 11 3 1 4 0
> VAMPIRE 2 9 11 3 1 4 0
> VAMPIRE 4 9 11 3 1 4 0
< RES 1637095223 236 1
< MOVE D D
> REQ 1637095223 237 1
> VAMPIRE 1 11 11 3 1 4 0
> VAMPIRE 3 11 11 3 1 4 0
> VAMPIRE 2 11 11 3 1 4 0
> VAMPIRE 4 11 11 3 1 4 0
< RES 1637095223 237 1
< MOVE U U
> REQ 1637095223 238 1
> VAMPIRE 1 9 11 3 1 4 0
> VAMPIRE 3 9 11 3 1 4 0
> VAMPIRE 2 9 11 3 1 4 0
> VAMPIRE 4 9 11 3 1 4 0
< RES 1637095223 238 1
< MOVE D D
> REQ 1637095223 239 1
> VAMPIRE 1 11 11 3 1 4 0
> VAMPIRE 3 11 11 3 1 4 0
> VAMPIRE 2 11 11 3 1 4 0
> VAMPIRE 4 11 11 3 1 4 0
< RES 1637095223 239 1
< MOVE U U
> REQ 1637095223 240 1
> VAMPIRE 1 9 11 3 1 4 0
> VAMPIRE 3 9 11 3 1 4 0
> VAMPIRE 2 9 11 3 1 4 0
> VAMPIRE 4 9 11 3 1 4 0
< RES 1637095223 240 1
< MOVE D D
> REQ 1637095223 241 1
> VAMPIRE 1 11 11 3 1 4 0
> VAMPIRE 3 11 11 3 1 4 0
> VAMPIRE 2 11 11 3 1 4 0
> VAMPIRE 4 11 11 3 1 4 0
< RES 1637095223 241 1
< MOVE U U
> REQ 1637095223 242 1
> VAMPIRE 1 9 11 3 1 4 0
> VAMPIRE 3 9 11 3 1 4 0
> VAMPIRE 2 9 11 3 1 4 0
> VAMPIRE 4 9 11 3 1 4 0
> POWERUP GRENADE -9 5 1
> POWERUP GRENADE -9 15 19
< RES 1637095223 242 1
< MOVE U U
> REQ 1637095223 243 1
> VAMPIRE 1 7 11 3 1 4 0
> VAMPIRE 3 7 11 3 1 4 0
> VAMPIRE 2 7 11 3 1 4 0
> VAMPIRE 4 7 11 3 1 4 0
> POWERUP GRENADE -8 5 1
> POWERUP GRENADE -8 15 19
< RES 1637095223 243 1
< MOVE U U
> REQ 1637095223 244 1
> VAMPIRE 1 5 11 3 1 4 0
> VAMPIRE 3 5 11 3 1 4 0
> VAMPIRE 2 5 11 3 1 4 0
> VAMPIRE 4 5 11 3 1 4 0
> POWERUP GRENADE -7 5 1
> POWERUP GRENADE -7 15 19
< RES 1637095223 244 1
< MOVE L L
> REQ 1637095223 245 1
> VAMPIRE 1 5 9 3 1 4 0
> VAMPIRE 3 5 9 3 1 4 0
> VAMPIRE 2 5 9 3 1 4 0
> VAMPIRE 4 5 9 3 1 4 0
> POWERUP GRENADE -6 5 1
> POWERUP GRENADE -6 15 19
< RES 1637095223 245 1
< MOVE L L
> REQ 1637095223 246 1
> VAMPIRE 1 5 7 3 1 4 0
> VAMPIRE 3 5 7 3 1 4 0
> VAMPIRE 2 5 7 3 1 4 0
> VAMPIRE 4 5 7 3 1 4 0
> POWERUP GRENADE -5 5 1
> POWERUP GRENADE -5 15 19
< RES 1637095223 246 1
< MOVE L L
> REQ 1637095223 247 1
> VAMPIRE 1 5 5 3 1 4 0
> VAMPIRE 3 5 5 3 1 4 0
> VAMPIRE 2 5 5 3 1 4 0
> VAMPIRE 4 5 5 3 1 4 0
> POWERUP GRENADE -4 5 1
> POWERUP GRENADE -4 15 19
< RES 1637095223 247 1
< MOVE L L
> REQ 1637095223 248 1
> VAMPIRE 1 5 3 3 1 4 0
> VAMPIRE 3 5 3 3 1 4 0
> VAMPIRE 2 5 3 3 1 4 0
> VAMPIRE 4 5 3 3 1 4 0
> POWERUP GRENADE -3 5 1
> POWERUP GRENADE -3 15 19
< RES 1637095223 248 1
< MOVE L L
> REQ 1637095223 249 1
> VAMPIRE 1 5 1 3 1 4 0
> VAMPIRE 3 5 1 3 1 4 0
> VAMPIRE 2 5 1 3 1 4 0
> VAMPIRE 4 5 1 3 1 4 0
> POWERUP GRENADE -2 5 1
> POWERUP GRENADE -2 15 19
< RES 1637095223 249 1
> REQ 1637095223 250 1
> VAMPIRE 1 5 1 3 1 4 0
> VAMPIRE 3 5 1 3 1 4 0
> VAMPIRE 2 5 1 3 1 4 0
> VAMPIRE 4 5 1 3 1 4 0
> POWERUP GRENADE -1 5 1
> POWERUP GRENADE -1 15 19
< RES 1637095223 250 1
< MOVE R R
> REQ 1637095223 251 1
> VAMPIRE 1 5 3 3 2 4 0
> VAMPIRE 3 5 3 3 2 4 0
> VAMPIRE 2 5 3 3 2 4 0
> VAMPIRE 4 5 3 3 2 4 0
> POWERUP GRENADE 18 15 19
< RES 1637095223 251 1
< MOVE R R
> REQ 1637095223 252 1
> VAMPIRE 1 5 5 3 2 4 0
> VAMPIRE 3 5 5 3 2 4 0
> VAMPIRE 2 5 5 3 2 4 0
> VAMPIRE 4 5 5 3 2 4 0
> POWERUP GRENADE 17 15 19
< RES 1637095223 252 1
< MOVE R R
> REQ 1637095223 253 1
> VAMPIRE 1 5 7 3 2 4 0
> VAMPIRE 3 5 7 3 2 4 0
> VAMPIRE 2 5 7 3 2 4 0
> VAMPIRE 4 5 7 3 2 4 0
> POWERUP GRENADE 16 15 19
< RES 1637095223 253 1
< MOVE R R
> REQ 1637095223 254 1
> VAMPIRE 1 5 9 3 2 4 0
> VAMPIRE 3 5 9 3 2 4 0
> VAMPIRE 2 5 9 3 2 4 0
> VAMPIRE 4 5 9 3 2 4 0
> POWERUP GRENADE 15 15 19
< RES 1637095223 254 1
< MOVE R R
> REQ 1637095223 255 1
> VAMPIRE 1 5 11 3 2 4 0
> VAMPIRE 3 5 11 3 2 4 0
> VAMPIRE 2 5 11 3 2 4 0
> VAMPIRE 4 5 11 3 2 4 0
> POWERUP GRENADE 14 15 19
< RES 1637095223 255 1
< MOVE R R
> REQ 1637095223 256 1
> VAMPIRE 1 5 13 3 2 4 0
> VAMPIRE 3 5 13 3 2 4 0
> VAMPIRE 2 5 13 3 2 4 0
> VAMPIRE 4 5 13 3 2 4 0
> POWERUP GRENADE 13 15 19
< RES 1637095223 256 1
< MOVE R R
> REQ 1637095223 257 1
> VAMPIRE 1 5 15 3 2 4 0
> VAMPIRE 3 5 15 3 2 4 0
> VAMPIRE 2 5 15 3 2 4 0
> VAMPIRE 4 5 15 3 2 4 0
> POWERUP GRENADE 12 15 19
< RES 1637095223 257 1
< MOVE R R
> REQ 1637095223 258 1
> VAMPIRE 1 5 17 3 2 4 0
> VAMPIRE 3 5 17 3 2 4 0
> VAMPIRE 2 5 17 3 2 4 0
> VAMPIRE 4 5 17 3 2 4 0
> POWERUP GRENADE 11 15 19
< RES 1637095223 258 1
< MOVE R R
> REQ 1637095223 259 1
> VAMPIRE 1 5 19 3 2 4 0
> VAMPIRE 3 5 19 3 2 4 0
> VAMPIRE 2 5 19 3 2 4 0
> VAMPIRE 4 5 19 3 2 4 0
> POWERUP GRENADE 10 15 19
< RES 1637095223 259 1
< MOVE D D
> REQ 1637095223 260 1
> VAMPIRE 1 7 19 3 2 4 0
> VAMPIRE 3 7 19 3 2 4 0
> VAMPIRE 2 7 19 3 2 4 0
> VAMPIRE 4 7 19 3 2 4 0
> POWERUP GRENADE 9 15 19
< RES 1637095223 260 1
< MOVE D D
> REQ 1637095223 261 1
> VAMPIRE 1 9 19 3 2 4 0
> VAMPIRE 3 9 19 3 2 4 0
> VAMPIRE 2 9 19 3 2 4 0
> VAMPIRE 4 9 19 3 2 4 0
> POWERUP GRENADE 8 15 19
< RES 1637095223 261 1
< MOVE D D
> REQ 1637095223 262 1
> VAMPIRE 1 11 19 3 2 4 0
> VAMPIRE 3 11 19 3 2 4 0
> VAMPIRE 2 11 19 3 2 4 0
> VAMPIRE 4 11 19 3 2 4 0
> POWERUP GRENADE 7 15 19
< RES 1637095223 262 1
< MOVE D D
> REQ 1637095223 263 1
> VAMPIRE 1 13 19 3 2 4 0
> VAMPIRE 3 13 19 3 2 4 0
> VAMPIRE 2 13 19 3 2 4 0
> VAMPIRE 4 13 19 3 2 4 0
> POWERUP GRENADE 6 15 19
< RES 1637095223 263 1
< MOVE D D
> REQ 1637095223 264 1
> VAMPIRE 1 15 19 3 2 4 0
> VAMPIRE 3 15 19 3 2 4 0
> VAMPIRE 2 15 19 3 2 4 0
> VAMPIRE 4 15 19 3 2 4 0
> POWERUP GRENADE 5 15 19
< RES 1637095223 264 1
< MOVE L L
> REQ 1637095223 265 1
> VAMPIRE 1 15 17 3 3 4 0
> VAMPIRE 3 15 17 3 3 4 0
> VAMPIRE 2 15 17 3 3 4 0
> VAMPIRE 4 15 17 3 3 4 0
< RES 1637095223 265 1
< MOVE L L
> REQ 1637095223 266 1
> VAMPIRE 1 15 15 3 3 4 0
> VAMPIRE 3 15 15 3 3 4 0
> VAMPIRE 2 15 15 3 3 4 0
> VAMPIRE 4 15 15 3 3 4 0
< RES 1637095223 266 1
< MOVE U U
> REQ 1637095223 267 1
> VAMPIRE 1 13 15 3 3 4 0
> VAMPIRE 3 13 15 3 3 4 0
> VAMPIRE 2 13 15 3 3 4 0
> VAMPIRE 4 13 15 3 3 4 0
< RES 1637095223 267 1
< MOVE L L
> REQ 1637095223 268 1
> VAMPIRE 1 13 13 3 3 4 0
> VAMPIRE 3 13 13 3 3 4 0
> VAMPIRE 2 13 13 3 3 4 0
> VAMPIRE 4 13 13 3 3 4 0
< RES 1637095223 268 1
< MOVE U U
> REQ 1637095223 269 1
> VAMPIRE 1 11 13 3 3 4 0
> VAMPIRE 3 11 13 3 3 4 0
> VAMPIRE 2 11 13 3 3 4 0
> VAMPIRE 4 11 13 3 3 4 0
< RES 1637095223 269 1
< MOVE L L
> REQ 1637095223 270 1
> VAMPIRE 1 11 11 3 3 4 0
> VAMPIRE 3 11 11 3 3 4 0
> VAMPIRE 2 11 11 3 3 4 0
> VAMPIRE 4 11 11 3 3 4 0
< RES 1637095223 270 1
< MOVE U U
> REQ 1637095223 271 1
> VAMPIRE 1 9 11 3 3 4 0
> VAMPIRE 3 9 11 3 3 4 0
> VAMPIRE 2 9 11 3 3 4 0
> VAMPIRE 4 9 11 3 3 4 0
< RES 1637095223 271 1
< MOVE D D
> REQ 1637095223 272 1
> VAMPIRE 1 11 11 3 3 4 0
> VAMPIRE 3 11 11 3 3 4 0
> VAMPIRE 2 11 11 3 3 4 0
> VAMPIRE 4 11 11 3 3 4 0
< RES 1637095223 272 1
< MOVE U U
> REQ 1637095223 273 1
> VAMPIRE 1 9 11 3 3 4 0
> VAMPIRE 3 9 11 3 3 4 0
> VAMPIRE 2 9 11 3 3 4 0
> VAMPIRE 4 9 11 3 3 4 0
< RES 1637095223 273 1
< MOVE D D
> REQ 1637095223 274 1
> VAMPIRE 1 11 11 3 3 4 0
> VAMPIRE 3 11 11 3 3 4 0
> VAMPIRE 2 11 11 3 3 4 0
> VAMPIRE 4 11 11 3 3 4 0
< RES 1637095223 274 1
< MOVE U U
> REQ 1637095223 275 1
> VAMPIRE 1 9 11 3 3 4 0
> VAMPIRE 3 9 11 3 3 4 0
> VAMPIRE 2 9 11 3 3 4 0
> VAMPIRE 4 9 11 3 3 4 0
< RES 1637095223 275 1
< MOVE D D
> REQ 1637095223 276 1
> VAMPIRE 1 11 11 3 3 4 0
> VAMPIRE 3 11 11 3 3 4 0
> VAMPIRE 2 11 11 3 3 4 0
> VAMPIRE 4 11 11 3 3 4 0
< RES 1637095223 276 1
< MOVE U U
> REQ 1637095223 277 1
> VAMPIRE 1 9 11 3 3 4 0
> VAMPIRE 3 9 11 3 3 4 0
> VAMPIRE 2 9 11 3 3 4 0
> VAMPIRE 4 9 11 3 3 4 0
< RES 1637095223 277 1
< MOVE D D
> REQ 1637095223 278 1
> VAMPIRE 1 11 11 3 3 4 0
> VAMPIRE 3 11 11 3 3 4 0
> VAMPIRE 2 11 11 3 3 4 0
> VAMPIRE 4 11 11 3 3 4 0
< RES 1637095223 278 1
< MOVE U U
> REQ 1637095223 279 1
> VAMPIRE 1 9 11 3 3 4 0
> VAMPIRE 3 9 11 3 3 4 0
> VAMPIRE 2 9 11 3 3 4 0
> VAMPIRE 4 9 11 3 3 4 0
< RES 1637095223 279 1
< MOVE D D
> REQ 1637095223 280 1
> VAMPIRE 1 11 11 3 3 4 0
> VAMPIRE 3 11 11 3 3 4 0
> VAMPIRE 2 11 11 3 3 4 0
> VAMPIRE 4 11 11 3 3 4 0
> POWERUP GRENADE -6 6 9
> POWERUP GRENADE -6 14 11
< RES 1637095223 280 1
< MOVE D D
> REQ 1637095223 281 1
> VAMPIRE 1 13 11 3 3 4 0
> VAMPIRE 3 13 11 3 3 4 0
> VAMPIRE 2 13 11 3 3 4 0
> VAMPIRE 4 13 11 3 3 4 0
> POWERUP GRENADE -5 6 9
> POWERUP GRENADE -5 14 11
< RES 1637095223 281 1
< GRENADE
< MOVE D D
> REQ 1637095223 282 1
> VAMPIRE 1 15 11 3 2 4 0
> VAMPIRE 3 15 11 3 2 4 0
> VAMPIRE 2 15 11 3 2 4 0
> VAMPIRE 4 15 11 3 2 4 0
> GRENADE 1 13 11 5 4
> GRENADE 3 13 11 5 4
> GRENADE 2 13 11 5 4
> GRENADE 4 13 11 5 4
> POWERUP GRENADE -4 6 9
> POWERUP GRENADE -4 14 11
< RES 1637095223 282 1
< MOVE U
> REQ 1637095223 283 1
> VAMPIRE 1 14 11 3 2 4 0
> VAMPIRE 3 14 11 3 2 4 0
> VAMPIRE 2 14 11 3 2 4 0
> VAMPIRE 4 14 11 3 2 4 0
> GRENADE 1 13 11 4 4
> GRENADE 3 13 11 4 4
> GRENADE 2 13 11 4 4
> GRENADE 4 13 11 4 4
> POWERUP GRENADE -3 6 9
> POWERUP GRENADE -3 14 11
< RES 1637095223 283 1
< MOVE D
> REQ 1637095223 284 1
> VAMPIRE 1 15 11 3 2 4 0
> VAMPIRE 3 15 11 3 2 4 0
> VAMPIRE 2 15 11 3 2 4 0
> VAMPIRE 4 15 11 3 2 4 0
> GRENADE 1 13 11 3 4
> GRENADE 3 13 11 3 4
> GRENADE 2 13 11 3 4
> GRENADE 4 13 11 3 4
> POWERUP GRENADE -2 6 9
> POWERUP GRENADE -2 14 11
< RES 1637095223 284 1
< MOVE U
> REQ 1637095223 285 1
> VAMPIRE 1 14 11 3 2 4 0
> VAMPIRE 3 14 11 3 2 4 0
> VAMPIRE 2 14 11 3 2 4 0
> VAMPIRE 4 14 11 3 2 4 0
> GRENADE 1 13 11 2 4
> GRENADE 3 13 11 2 4
> GRENADE 2 13 11 2 4
> GRENADE 4 13 11 2 4
> POWERUP GRENADE -1 6 9
> POWERUP GRENADE -1 14 11
< RES 1637095223 285 1
< MOVE D L
> REQ 1637095223 286 1
> VAMPIRE 1 15 10 3 3 4 0
> VAMPIRE 3 15 10 3 3 4 0
> VAMPIRE 2 15 10 3 3 4 0
> VAMPIRE 4 15 10 3 3 4 0
> GRENADE 1 13 11 1 4
> GRENADE 3 13 11 1 4
> GRENADE 2 13 11 1 4
> GRENADE 4 13 11 1 4
> POWERUP GRENADE 14 6 9
< RES 1637095223 286 1
< MOVE L U
> REQ 1637095223 287 1
> VAMPIRE 1 14 9 3 4 4 0
> VAMPIRE 3 14 9 3 4 4 0
> VAMPIRE 2 14 9 3 4 4 0
> VAMPIRE 4 14 9 3 4 4 0
> POWERUP GRENADE 13 6 9
< RES 1637095223 287 1
< MOVE U U
> REQ 1637095223 288 1
> VAMPIRE 1 12 9 3 4 4 0
> VAMPIRE 3 12 9 3 4 4 0
> VAMPIRE 2 12 9 3 4 4 0
> VAMPIRE 4 12 9 3 4 4 0
> POWERUP GRENADE 12 6 9
< RES 1637095223 288 1
< MOVE U U
> REQ 1637095223 289 1
> VAMPIRE 1 10 9 3 4 4 0
> VAMPIRE 3 10 9 3 4 4 0
> VAMPIRE 2 10 9 3 4 4 0
> VAMPIRE 4 10 9 3 4 4 0
> POWERUP GRENADE 11 6 9
< RES 1637095223 289 1
< MOVE U U
> REQ 1637095223 290 1
> VAMPIRE 1 8 9 3 4 4 0
> VAMPIRE 3 8 9 3 4 4 0
> VAMPIRE 2 8 9 3 4 4 0
> VAMPIRE 4 8 9 3 4 4 0
> POWERUP GRENADE 10 6 9
< RES 1637095223 290 1
< MOVE U U
> REQ 1637095223 291 1
> VAMPIRE 1 6 9 3 4 4 0
> VAMPIRE 3 6 9 3 4 4 0
> VAMPIRE 2 6 9 3 4 4 0
> VAMPIRE 4 6 9 3 4 4 0
> POWERUP GRENADE 9 6 9
< RES 1637095223 291 1
< MOVE U
> REQ 1637095223 292 1
> VAMPIRE 1 5 9 3 5 4 0
> VAMPIRE 3 5 9 3 5 4 0
> VAMPIRE 2 5 9 3 5 4 0
> VAMPIRE 4 5 9 3 5 4 0
< RES 1637095223 292 1
< MOVE D D
> REQ 1637095223 293 1
> VAMPIRE 1 7 9 3 5 4 0
> VAMPIRE 3 7 9 3 5 4 0
> VAMPIRE 2 7 9 3 5 4 0
> VAMPIRE 4 7 9 3 5 4 0
< RES 1637095223 293 1
< MOVE D D
> REQ 1637095223 294 1
> VAMPIRE 1 9 9 3 5 4 0
> VAMPIRE 3 9 9 3 5 4 0
> VAMPIRE 2 9 9 3 5 4 0
> VAMPIRE 4 9 9 3 5 4 0
< RES 1637095223 294 1
< MOVE R R
> REQ 1637095223 295 1
> VAMPIRE 1 9 11 3 5 4 0
> VAMPIRE 3 9 11 3 5 4 0
> VAMPIRE 2 9 11 3 5 4 0
> VAMPIRE 4 9 11 3 5 4 0
< RES 1637095223 295 1
< MOVE D D
> REQ 1637095223 296 1
> VAMPIRE 1 11 11 3 5 4 0
> VAMPIRE 3 11 11 3 5 4 0
> VAMPIRE 2 11 11 3 5 4 0
> VAMPIRE 4 11 11 3 5 4 0
< RES 1637095223 296 1
< MOVE U U
> REQ 1637095223 297 1
> VAMPIRE 1 9 11 3 5 4 0
> VAMPIRE 3 9 11 3 5 4 0
> VAMPIRE 2 9 11 3 5 4 0
> VAMPIRE 4 9 11 3 5 4 0
< RES 1637095223 297 1
< MOVE D D
> REQ 1637095223 298 1
> VAMPIRE 1 11 11 3 5 4 0
> VAMPIRE 3 11 11 3 5 4 0
> VAMPIRE 2 11 11 3 5 4 0
> VAMPIRE 4 11 11 3 5 4 0
< RES 1637095223 298 1
< MOVE U U
> REQ 1637095223 299 1
> VAMPIRE 1 9 11 3 5 4 0
> VAMPIRE 3 9 11 3 5 4 0
> VAMPIRE 2 9 11 3 5 4 0
> VAMPIRE 4 9 11 3 5 4 0
< RES 1637095223 299 1
< MOVE D D
> REQ 1637095223 300 1
> VAMPIRE 1 11 11 3 5 4 0
> VAMPIRE 3 11 11 3 5 4 0
> VAMPIRE 2 11 11 3 5 4 0
> VAMPIRE 4 11 11 3 5 4 0
< RES 1637095223 300 1
< MOVE U U
> REQ 1637095223 301 1
> VAMPIRE 1 9 11 3 5 4 0
> VAMPIRE 3 9 11 3 5 4 0
> VAMPIRE 2 9 11 3 5 4 0
> VAMPIRE 4 9 11 3 5 4 0
< RES 1637095223 301 1
< MOVE D D
> REQ 1637095223 302 1
> VAMPIRE 1 11 11 3 5 4 0
> VAMPIRE 3 11 11 3 5 4 0
> VAMPIRE 2 11 11 3 5 4 0
> VAMPIRE 4 11 11 3 5 4 0
< RES 1637095223 302 1
< MOVE U U
> REQ 1637095223 303 1
> VAMPIRE 1 9 11 3 5 4 0
> VAMPIRE 3 9 11 3 5 4 0
> VAMPIRE 2 9 11 3 5 4 0
> VAMPIRE 4 9 11 3 5 4 0
< RES 1637095223 303 1
< MOVE D D
> REQ 1637095223 304 1
> VAMPIRE 1 11 11 3 5 4 0
> VAMPIRE 3 11 11 3 5 4 0
> VAMPIRE 2 11 11 3 5 4 0
> VAMPIRE 4 11 11 3 5 4 0
> POWERUP TOMATO -7 3 12
> POWERUP TOMATO -7 17 8
< RES 1637095223 304 1
< MOVE U U
> REQ 1637095223 305 1
> VAMPIRE 1 9 11 3 5 4 0
> VAMPIRE 3 9 11 3 5 4 0
> VAMPIRE 2 9 11 3 5 4 0
> VAMPIRE 4 9 11 3 5 4 0
> POWERUP TOMATO -6 3 12
> POWERUP TOMATO -6 17 8
< RES 1637095223 305 1
< MOVE U U
> REQ 1637095223 306 1
> VAMPIRE 1 7 11 3 5 4 0
> VAMPIRE 3 7 11 3 5 4 0
> VAMPIRE 2 7 11 3 5 4 0
> VAMPIRE 4 7 11 3 5 4 0
> POWERUP TOMATO -5 3 12
> POWERUP TOMATO -5 17 8
< RES 1637095223 306 1
< MOVE U U
> REQ 1637095223 307 1
> VAMPIRE 1 5 11 3 5 4 0
> VAMPIRE 3 5 11 3 5 4 0
> VAMPIRE 2 5 11 3 5 4 0
> VAMPIRE 4 5 11 3 5 4 0
> POWERUP TOMATO -4 3 12
> POWERUP TOMATO -4 17 8
< RES 1637095223 307 1
< MOVE U U
> REQ 1637095223 308 1
> VAMPIRE 1 3 11 3 5 4 0
> VAMPIRE 3 3 11 3 5 4 0
> VAMPIRE 2 3 11 3 5 4 0
> VAMPIRE 4 3 11 3 5 4 0
> POWERUP TOMATO -3 3 12
> POWERUP TOMATO -3 17 8
< RES 1637095223 308 1
< MOVE R
> REQ 1637095223 309 1
> VAMPIRE 1 3 12 3 5 4 0
> VAMPIRE 3 3 12 3 5 4 0
> VAMPIRE 2 3 12 3 5 4 0
> VAMPIRE 4 3 13 3 4 4 0
> GRENADE 4 3 11 5 4
> POWERUP TOMATO -2 3 12
> POWERUP TOMATO -2 17 8
< RES 1637095223 309 1
> REQ 1637095223 310 1
> VAMPIRE 1 3 12 3 5 4 0
> VAMPIRE 3 3 12 3 5 4 0
> VAMPIRE 2 3 12 3 5 4 0
> VAMPIRE 4 3 13 3 3 4 0
> GRENADE 4 3 11 4 4
> GRENADE 4 3 13 5 4
> POWERUP TOMATO -1 3 12
> POWERUP TOMATO -1 17 8
< RES 1637095223 310 1
> REQ 1637095223 311 1
> VAMPIRE 1 3 12 3 5 4 0
> VAMPIRE 3 3 12 3 5 4 0
> VAMPIRE 2 3 12 3 5 4 0
> VAMPIRE 4 5 13 3 3 4 0
> GRENADE 4 3 11 3 4
> GRENADE 4 3 13 4 4
> POWERUP TOMATO 16 17 8
< RES 1637095223 311 1
> REQ 1637095223 312 1
> VAMPIRE 1 3 12 3 5 4 0
> VAMPIRE 3 3 12 3 5 4 0
> VAMPIRE 2 3 12 3 5 4 0
> VAMPIRE 4 5 15 3 3 4 0
> GRENADE 4 3 11 2 4
> GRENADE 4 3 13 3 4
> POWERUP TOMATO 15 17 8
< RES 1637095223 312 1
> REQ 1637095223 313 1
> VAMPIRE 1 3 12 3 5 4 0
> VAMPIRE 3 3 12 3 5 4 0
> VAMPIRE 2 3 12 3 5 4 0
> VAMPIRE 4 7 15 3 3 4 0
> GRENADE 4 3 11 1 4
> GRENADE 4 3 13 2 4
> POWERUP TOMATO 14 17 8
< RES 1637095223 313 1
> REQ 1637095223 314 1
> VAMPIRE 1 3 12 2 5 4 0
> VAMPIRE 3 3 12 2 5 4 0
> VAMPIRE 2 3 12 2 5 4 0
> VAMPIRE 4 9 15 3 5 4 0
> POWERUP TOMATO 13 17 8
< RES 1637095223 314 1
< MOVE L
> REQ 1637095223 315 1
> VAMPIRE 1 3 11 2 5 4 0
> VAMPIRE 3 3 11 2 5 4 0
> VAMPIRE 2 3 11 2 5 4 0
> VAMPIRE 4 11 15 3 5 4 0
> POWERUP TOMATO 12 17 8
< RES 1637095223 315 1
< MOVE D D
> REQ 1637095223 316 1
> VAMPIRE 1 5 11 2 5 4 0
> VAMPIRE 3 5 11 2 5 4 0
> VAMPIRE 2 5 11 2 5 4 0
> VAMPIRE 4 13 15 3 5 4 0
> POWERUP TOMATO 11 17 8
< RES 1637095223 316 1
< MOVE L L
> REQ 1637095223 317 1
> VAMPIRE 1 5 9 2 5 4 0
> VAMPIRE 3 5 9 2 5 4 0
> VAMPIRE 2 5 9 2 5 4 0
> VAMPIRE 4 15 15 3 5 4 0
> POWERUP TOMATO 10 17 8
< RES 1637095223 317 1
< MOVE D D
> REQ 1637095223 318 1
> VAMPIRE 1 7 9 2 5 4 0
> VAMPIRE 3 7 9 2 5 4 0
> VAMPIRE 2 7 9 2 5 4 0
> VAMPIRE 4 17 15 3 5 4 0
> POWERUP TOMATO 9 17 8
< RES 1637095223 318 1
< MOVE D D
> REQ 1637095223 319 1
> VAMPIRE 1 9 9 2 5 4 0
> VAMPIRE 3 9 9 2 5 4 0
> VAMPIRE 2 9 9 2 5 4 0
> VAMPIRE 4 17 13 3 5 4 0
> POWERUP TOMATO 8 17 8
< RES 1637095223 319 1
< MOVE U U
> REQ 1637095223 320 1
> VAMPIRE 1 7 9 2 5 4 0
> VAMPIRE 3 7 9 2 5 4 0
> VAMPIRE 2 7 9 2 5 4 0
> VAMPIRE 4 17 11 3 5 4 0
> POWERUP TOMATO 7 17 8
< RES 1637095223 320 1
< MOVE R R
> REQ 1637095223 321 1
> VAMPIRE 1 7 11 2 5 4 0
> VAMPIRE 3 7 11 2 5 4 0
> VAMPIRE 2 7 11 2 5 4 0
> VAMPIRE 4 17 9 3 5 4 0
> POWERUP TOMATO 6 17 8
< RES 1637095223 321 1
< MOVE L L
> REQ 1637095223 322 1
> VAMPIRE 1 7 9 2 5 4 0
> VAMPIRE 3 7 9 2 5 4 0
> VAMPIRE 2 7 9 2 5 4 0
> VAMPIRE 4 17 8 3 5 4 0
> POWERUP TOMATO 5 17 8
< RES 1637095223 322 1
< MOVE R R
> REQ 1637095223 323 1
> VAMPIRE 1 7 11 2 5 4 0
> VAMPIRE 3 7 11 2 5 4 0
> VAMPIRE 2 7 11 2 5 4 0
> VAMPIRE 4 17 9 3 5 4 0
< RES 1637095223 323 1
< MOVE L L
> REQ 1637095223 324 1
> VAMPIRE 1 7 9 2 5 4 0
> VAMPIRE 3 7 9 2 5 4 0
> VAMPIRE 2 7 9 2 5 4 0
> VAMPIRE 4 15 9 3 5 4 0
< RES 1637095223 324 1
< MOVE R R
> REQ 1637095223 325 1
> VAMPIRE 1 7 11 2 5 4 0
> VAMPIRE 3 7 11 2 5 4 0
> VAMPIRE 2 7 11 2 5 4 0
> VAMPIRE 4 13 9 3 5 4 0
< RES 1637095223 325 1
< MOVE L L
> REQ 1637095223 326 1
> VAMPIRE 1 7 9 2 5 4 0
> VAMPIRE 3 7 9 2 5 4 0
> VAMPIRE 2 7 9 2 5 4 0
> VAMPIRE 4 11 9 3 5 4 0
< RES 1637095223 326 1
< MOVE R R
> REQ 1637095223 327 1
> VAMPIRE 1 7 11 2 5 4 0
> VAMPIRE 3 7 11 2 5 4 0
> VAMPIRE 2 7 11 2 5 4 0
> VAMPIRE 4 9 9 3 5 4 0
< RES 1637095223 327 1
< MOVE R R
> REQ 1637095223 328 1
> VAMPIRE 1 7 13 2 5 4 0
> VAMPIRE 3 7 13 2 5 4 0
> VAMPIRE 2 7 13 2 5 4 0
> VAMPIRE 4 9 11 3 5 4 0
< RES 1637095223 328 1
< MOVE D D
> REQ 1637095223 329 1
> VAMPIRE 1 9 13 2 5 4 0
> VAMPIRE 3 9 13 2 5 4 0
> VAMPIRE 2 9 13 2 5 4 0
> VAMPIRE 4 7 11 3 5 4 0
< RES 1637095223 329 1
< MOVE D D
> REQ 1637095223 330 1
> VAMPIRE 1 11 13 2 5 4 0
> VAMPIRE 3 11 13 2 5 4 0
> VAMPIRE 2 11 13 2 5 4 0
> VAMPIRE 4 9 11 3 5 4 0
< RES 1637095223 330 1
< MOVE D D
> REQ 1637095223 331 1
> VAMPIRE 1 13 13 2 5 4 0
> VAMPIRE 3 13 13 2 5 4 0
> VAMPIRE 2 13 13 2 5 4 0
> VAMPIRE 4 11 11 3 5 4 0
< RES 1637095223 331 1
< MOVE U U
> REQ 1637095223 332 1
> VAMPIRE 1 11 13 2 5 4 0
> VAMPIRE 3 11 13 2 5 4 0
> VAMPIRE 2 11 13 2 5 4 0
> VAMPIRE 4 11 13 3 5 4 0
< RES 1637095223 332 1
< MOVE L L
> REQ 1637095223 333 1
> VAMPIRE 1 11 11 2 5 4 0
> VAMPIRE 3 11 11 2 5 4 0
> VAMPIRE 2 11 11 2 5 4 0
> VAMPIRE 4 11 11 3 5 4 0
< RES 1637095223 333 1
< MOVE U U
> REQ 1637095223 334 1
> VAMPIRE 1 9 11 2 5 4 0
> VAMPIRE 3 9 11 2 5 4 0
> VAMPIRE 2 9 11 2 5 4 0
> VAMPIRE 4 9 11 3 5 4 0
< RES 1637095223 334 1
< MOVE D D
> REQ 1637095223 335 1
> VAMPIRE 1 11 11 2 5 4 0
> VAMPIRE 3 11 11 2 5 4 0
> VAMPIRE 2 11 11 2 5 4 0
> VAMPIRE 4 11 11 3 5 4 0
< RES 1637095223 335 1
< MOVE U U
> REQ 1637095223 336 1
> VAMPIRE 1 9 11 2 5 4 0
> VAMPIRE 3 9 11 2 5 4 0
> VAMPIRE 2 9 11 2 5 4 0
> VAMPIRE 4 9 11 3 5 4 0
< RES 1637095223 336 1
< MOVE D D
> REQ 1637095223 337 1
> VAMPIRE 1 11 11 2 5 4 0
> VAMPIRE 3 11 11 2 5 4 0
> VAMPIRE 2 11 11 2 5 4 0
> VAMPIRE 4 11 11 3 5 4 0
< RES 1637095223 337 1
< MOVE U U
> REQ 1637095223 338 1
> VAMPIRE 1 9 11 2 5 4 0
> VAMPIRE 3 9 11 2 5 4 0
> VAMPIRE 2 9 11 2 5 4 0
> VAMPIRE 4 9 11 3 5 4 0
> POWERUP BATTERY -6 12 13
> POWERUP BATTERY -6 8 7
< RES 1637095223 338 1
< MOVE R R
> REQ 1637095223 339 1
> VAMPIRE 1 9 13 2 5 4 0
> VAMPIRE 3 9 13 2 5 4 0
> VAMPIRE 2 9 13 2 5 4 0
> VAMPIRE 4 9 13 3 5 4 0
> POWERUP BATTERY -5 12 13
> POWERUP BATTERY -5 8 7
< RES 1637095223 339 1
< MOVE D D
> REQ 1637095223 340 1
> VAMPIRE 1 11 13 2 5 4 0
> VAMPIRE 3 11 13 2 5 4 0
> VAMPIRE 2 11 13 2 5 4 0
> VAMPIRE 4 11 13 3 5 4 0
> POWERUP BATTERY -4 12 13
> POWERUP BATTERY -4 8 7
< RES 1637095223 340 1
< MOVE D
> REQ 1637095223 341 1
> VAMPIRE 1 12 13 2 5 4 0
> VAMPIRE 3 12 13 2 5 4 0
> VAMPIRE 2 12 13 2 5 4 0
> VAMPIRE 4 13 13 3 4 4 0
> GRENADE 4 11 13 5 4
> POWERUP BATTERY -3 12 13
> POWERUP BATTERY -3 8 7
< RES 1637095223 341 1
< GRENADE
> REQ 1637095223 342 1
> VAMPIRE 1 12 13 2 4 4 0
> VAMPIRE 3 12 13 2 4 4 0
> VAMPIRE 2 12 13 2 4 4 0
> VAMPIRE 4 13 13 3 3 4 0
> GRENADE 4 11 13 4 4
> GRENADE 1 12 13 5 4
> GRENADE 3 12 13 5 4
> GRENADE 2 12 13 5 4
> GRENADE 4 13 13 5 4
> POWERUP BATTERY -2 12 13
> POWERUP BATTERY -2 8 7
< RES 1637095223 342 1
> REQ 1637095223 343 1
> VAMPIRE 1 12 13 2 4 4 0
> VAMPIRE 3 12 13 2 4 4 0
> VAMPIRE 2 12 13 2 4 4 0
> VAMPIRE 4 13 11 3 3 4 0
> GRENADE 4 11 13 3 4
> GRENADE 1 12 13 4 4
> GRENADE 3 12 13 4 4
> GRENADE 2 12 13 4 4
> GRENADE 4 13 13 4 4
> POWERUP BATTERY -1 12 13
> POWERUP BATTERY -1 8 7
< RES 1637095223 343 1
> REQ 1637095223 344 1
> VAMPIRE 1 12 13 2 4 5 0
> VAMPIRE 3 12 13 2 4 5 0
> VAMPIRE 2 12 13 2 4 5 0
> VAMPIRE 4 15 11 3 3 4 0
> GRENADE 4 11 13 2 4
> GRENADE 1 12 13 3 4
> GRENADE 3 12 13 3 4
> GRENADE 2 12 13 3 4
> GRENADE 4 13 13 3 4
> POWERUP BATTERY 16 8 7
< RES 1637095223 344 1
< GRENADE
> REQ 1637095223 345 1
> VAMPIRE 1 12 13 2 3 5 0
> VAMPIRE 3 12 13 2 3 5 0
> VAMPIRE 2 12 13 2 3 5 0
> VAMPIRE 4 15 9 3 3 4 0
> GRENADE 4 11 13 1 4
> GRENADE 1 12 13 2 4
> GRENADE 3 12 13 2 4
> GRENADE 2 12 13 2 4
> GRENADE 4 13 13 2 4
> GRENADE 1 12 13 5 5
> GRENADE 3 12 13 5 5
> GRENADE 2 12 13 5 5
> POWERUP BATTERY 15 8 7
< RES 1637095223 345 1
> REQ 1637095223 346 1
> VAMPIRE 1 12 13 1 5 5 0
> VAMPIRE 3 12 13 1 5 5 0
> VAMPIRE 2 12 13 1 5 5 0
> VAMPIRE 4 13 9 3 5 4 0
> POWERUP BATTERY 14 8 7
< RES 1637095223 346 1
< MOVE U
> REQ 1637095223 347 1
> VAMPIRE 1 11 13 1 5 5 0
> VAMPIRE 3 11 13 1 5 5 0
> VAMPIRE 2 11 13 1 5 5 0
> VAMPIRE 4 11 9 3 5 4 0
> POWERUP BATTERY 13 8 7
< RES 1637095223 347 1
< MOVE R R
> REQ 1637095223 348 1
> VAMPIRE 1 11 15 1 5 5 0
> VAMPIRE 3 11 15 1 5 5 0
> VAMPIRE 2 11 15 1 5 5 0
> VAMPIRE 4 9 9 3 5 4 0
> POWERUP BATTERY 12 8 7
< RES 1637095223 348 1
> REQ 1637095223 349 1
> VAMPIRE 1 11 15 1 5 5 0
> VAMPIRE 3 11 15 1 5 5 0
> VAMPIRE 2 11 15 1 5 5 0
> VAMPIRE 4 9 7 3 5 4 0
> POWERUP BATTERY 11 8 7
< RES 1637095223 349 1
> REQ 1637095223 350 1
> VAMPIRE 1 11 15 1 5 5 0
> VAMPIRE 3 11 15 1 5 5 0
> VAMPIRE 2 11 15 1 5 5 0
> VAMPIRE 4 8 7 3 5 4 0
> POWERUP BATTERY 10 8 7
< RES 1637095223 350 1
> REQ 1637095223 351 1
> VAMPIRE 1 11 15 1 5 5 0
> VAMPIRE 3 11 15 1 5 5 0
> VAMPIRE 2 11 15 1 5 5 0
> VAMPIRE 4 7 7 3 5 5 0
< RES 1637095223 351 1
< MOVE L L
> REQ 1637095223 352 1
> VAMPIRE 1 11 13 1 5 5 0
> VAMPIRE 3 11 13 1 5 5 0
> VAMPIRE 2 11 13 1 5 5 0
> VAMPIRE 4 7 9 3 5 5 0
< RES 1637095223 352 1
< MOVE D D
> REQ 1637095223 353 1
> VAMPIRE 1 13 13 1 5 5 0
> VAMPIRE 3 13 13 1 5 5 0
> VAMPIRE 2 13 13 1 5 5 0
> VAMPIRE 4 9 9 3 5 5 0
< RES 1637095223 353 1
> REQ 1637095223 354 1
> VAMPIRE 1 13 13 1 5 5 0
> VAMPIRE 3 13 13 1 5 5 0
> VAMPIRE 2 13 13 1 5 5 0
> VAMPIRE 4 9 11 3 5 5 0
< RES 1637095223 354 1
< MOVE L L
> REQ 1637095223 355 1
> VAMPIRE 1 13 11 1 5 5 0
> VAMPIRE 3 13 11 1 5 5 0
> VAMPIRE 2 13 11 1 5 5 0
> VAMPIRE 4 11 11 3 5 5 0
< RES 1637095223 355 1
< MOVE L L
> REQ 1637095223 356 1
> VAMPIRE 1 13 9 1 5 5 0
> VAMPIRE 3 13 9 1 5 5 0
> VAMPIRE 2 13 9 1 5 5 0
> VAMPIRE 4 11 11 3 5 5 0
< RES 1637095223 356 1
< MOVE L L
> REQ 1637095223 357 1
> VAMPIRE 1 13 7 1 5 5 0
> VAMPIRE 3 13 7 1 5 5 0
> VAMPIRE 2 13 7 1 5 5 0
> VAMPIRE 4 11 9 3 5 5 0
< RES 1637095223 357 1
> REQ 1637095223 358 1
> VAMPIRE 1 13 7 1 5 5 0
> VAMPIRE 3 13 7 1 5 5 0
> VAMPIRE 2 13 7 1 5 5 0
> VAMPIRE 4 11 9 3 5 5 0
< RES 1637095223 358 1
> REQ 1637095223 359 1
> VAMPIRE 1 13 7 1 5 5 0
> VAMPIRE 3 13 7 1 5 5 0
> VAMPIRE 2 13 7 1 5 5 0
> VAMPIRE 4 11 9 3 5 5 0
< RES 1637095223 359 1
> REQ 1637095223 360 1
> VAMPIRE 1 13 7 1 5 5 0
> VAMPIRE 3 13 7 1 5 5 0
> VAMPIRE 2 13 7 1 5 5 0
> VAMPIRE 4 11 9 3 5 5 0
< RES 1637095223 360 1
> REQ 1637095223 361 1
> VAMPIRE 1 13 7 1 5 5 0
> VAMPIRE 3 13 7 1 5 5 0
> VAMPIRE 2 13 7 1 5 5 0
> VAMPIRE 4 11 9 3 5 5 0
< RES 1637095223 361 1
> REQ 1637095223 362 1
> VAMPIRE 1 13 7 1 5 5 0
> VAMPIRE 3 13 7 1 5 5 0
> VAMPIRE 2 13 7 1 5 5 0
> VAMPIRE 4 11 9 3 5 5 0
< RES 1637095223 362 1
> REQ 1637095223 363 1
> VAMPIRE 1 13 7 1 5 5 0
> VAMPIRE 3 13 7 1 5 5 0
> VAMPIRE 2 13 7 1 5 5 0
> VAMPIRE 4 11 9 3 5 5 0
< RES 1637095223 363 1
> REQ 1637095223 364 1
> VAMPIRE 1 13 7 1 5 5 0
> VAMPIRE 3 13 7 1 5 5 0
> VAMPIRE 2 13 7 1 5 5 0
> VAMPIRE 4 11 9 3 5 5 0
< RES 1637095223 364 1
> REQ 1637095223 365 1
> VAMPIRE 1 13 7 1 5 5 0
> VAMPIRE 3 13 7 1 5 5 0
> VAMPIRE 2 13 7 1 5 5 0
> VAMPIRE 4 11 9 3 5 5 0
< RES 1637095223 365 1
> REQ 1637095223 366 1
> VAMPIRE 1 13 7 1 5 5 0
> VAMPIRE 3 13 7 1 5 5 0
> VAMPIRE 2 13 7 1 5 5 0
> VAMPIRE 4 11 9 3 5 5 0
< RES 1637095223 366 1
> REQ 1637095223 367 1
> VAMPIRE 1 13 7 1 5 5 0
> VAMPIRE 3 13 7 1 5 5 0
> VAMPIRE 2 13 7 1 5 5 0
> VAMPIRE 4 11 9 3 5 5 0
< RES 1637095223 367 1
> REQ 1637095223 368 1
> VAMPIRE 1 13 7 1 5 5 0
> VAMPIRE 3 13 7 1 5 5 0
> VAMPIRE 2 13 7 1 5 5 0
> VAMPIRE 4 11 9 3 5 5 0
< RES 1637095223 368 1
> REQ 1637095223 369 1
> VAMPIRE 1 13 7 1 5 5 0
> VAMPIRE 3 13 7 1 5 5 0
> VAMPIRE 2 13 7 1 5 5 0
> VAMPIRE 4 11 9 3 5 5 0
< RES 1637095223 369 1
> REQ 1637095223 370 1
> VAMPIRE 1 13 7 1 5 5 0
> VAMPIRE 3 13 7 1 5 5 0
> VAMPIRE 2 13 7 1 5 5 0
> VAMPIRE 4 11 9 3 5 5 0
< RES 1637095223 370 1
> REQ 1637095223 371 1
> VAMPIRE 1 13 7 1 5 5 0
> VAMPIRE 3 13 7 1 5 5 0
> VAMPIRE 2 13 7 1 5 5 0
> VAMPIRE 4 11 9 3 5 5 0
< RES 1637095223 371 1
> REQ 1637095223 372 1
> VAMPIRE 1 13 7 1 5 5 0
> VAMPIRE 3 13 7 1 5 5 0
> VAMPIRE 2 13 7 1 5 5 0
> VAMPIRE 4 11 9 3 5 5 0
> POWERUP BATTERY -9 7 10
> POWERUP BATTERY -9 13 10
< RES 1637095223 372 1
< MOVE R R
> REQ 1637095223 373 1
> VAMPIRE 1 13 9 1 5 5 0
> VAMPIRE 3 13 9 1 5 5 0
> VAMPIRE 2 13 9 1 5 5 0
> VAMPIRE 4 13 9 3 5 5 0
> POWERUP BATTERY -8 7 10
> POWERUP BATTERY -8 13 10
< RES 1637095223 373 1
< MOVE R
> REQ 1637095223 374 1
> VAMPIRE 1 13 10 1 5 5 0
> VAMPIRE 3 13 10 1 5 5 0
> VAMPIRE 2 13 10 1 5 5 0
> VAMPIRE 4 13 11 3 4 5 0
> GRENADE 4 13 9 5 5
> POWERUP BATTERY -7 7 10
> POWERUP BATTERY -7 13 10
< RES 1637095223 374 1
> REQ 1637095223 375 1
> VAMPIRE 1 13 10 1 5 5 0
> VAMPIRE 3 13 10 1 5 5 0
> VAMPIRE 2 13 10 1 5 5 0
> VAMPIRE 4 11 11 3 3 5 0
> GRENADE 4 13 9 4 5
> GRENADE 4 13 11 5 5
> POWERUP BATTERY -6 7 10
> POWERUP BATTERY -6 13 10
< RES 1637095223 375 1
> REQ 1637095223 376 1
> VAMPIRE 1 13 10 1 5 5 0
> VAMPIRE 3 13 10 1 5 5 0
> VAMPIRE 2 13 10 1 5 5 0
> VAMPIRE 4 9 11 3 3 5 0
> GRENADE 4 13 9 3 5
> GRENADE 4 13 11 4 5
> POWERUP BATTERY -5 7 10
> POWERUP BATTERY -5 13 10
< RES 1637095223 376 1
> REQ 1637095223 377 1
> VAMPIRE 1 13 10 1 5 5 0
> VAMPIRE 3 13 10 1 5 5 0
> VAMPIRE 2 13 10 1 5 5 0
> VAMPIRE 4 7 11 3 3 5 0
> GRENADE 4 13 9 2 5
> GRENADE 4 13 11 3 5
> POWERUP BATTERY -4 7 10
> POWERUP BATTERY -4 13 10
< RES 1637095223 377 1
> REQ 1637095223 378 1
> VAMPIRE 1 13 10 1 5 5 0
> VAMPIRE 3 13 10 1 5 5 0
> VAMPIRE 2 13 10 1 5 5 0
> VAMPIRE 4 7 10 3 3 5 0
> GRENADE 4 13 9 1 5
> GRENADE 4 13 11 2 5
> POWERUP BATTERY -3 7 10
> POWERUP BATTERY -3 13 10
< RES 1637095223 378 1
> END 717 Could_not_be_more_deaded
