> MESSAGE OK
> LEVEL 8
> GAMEID 1637095223
> TEST 1
> MAXTICK 1200
> GRENADERADIUS 2
> SIZE 21
> REQ 1637095223 0 3
> VAMPIRE 1 1 1 3 1 2 0
> VAMPIRE 3 19 19 3 1 2 0
> VAMPIRE 2 19 1 3 1 2 0
> VAMPIRE 4 1 19 3 1 2 0
> BAT1 3 1 7 1 9 1 11 1 13 1 17 1 1 3 3 3 5 3 9 3 11 3 15 3 17 3 19 3 3 5 5 5 7 5 13 5 15 5 17 5 1 7 5 7 7 7 9 7 11 7 13 7 15 7 19 7 1 9 3 9 7 9 13 9 17 9 19 9 1 11 3 11 7 11 13 11 17 11 19 11 1 13 5 13 7 13 9 13 11 13 13 13 15 13 19 13 3 15 5 15 7 15 13 15 15 15 17 15 1 17 3 17 5 17 9 17 11 17 15 17 17 17 19 17 3 19 7 19 9 19 11 19 13 19 17 19
< RES 1637095223 0 3
< MOVE L
> REQ 1637095223 1 3
> VAMPIRE 1 2 1 3 1 2 0
> VAMPIRE 3 19 18 3 1 2 0
> VAMPIRE 2 18 1 3 1 2 0
> VAMPIRE 4 1 18 3 1 2 0
> BAT1 3 1 7 1 9 1 11 1 13 1 17 1 1 3 3 3 5 3 9 3 11 3 15 3 17 3 19 3 3 5 5 5 7 5 13 5 15 5 17 5 1 7 5 7 7 7 9 7 11 7 13 7 15 7 19 7 1 9 3 9 7 9 13 9 17 9 19 9 1 11 3 11 7 11 13 11 17 11 19 11 1 13 5 13 7 13 9 13 11 13 13 13 15 13 19 13 3 15 5 15 7 15 13 15 15 15 17 15 1 17 3 17 5 17 9 17 11 17 15 17 17 17 19 17 3 19 7 19 9 19 11 19 13 19 17 19
< RES 1637095223 1 3
< GRENADE
< MOVE R U
> REQ 1637095223 2 3
> VAMPIRE 1 1 2 3 0 2 0
> VAMPIRE 3 18 19 3 0 2 0
> VAMPIRE 2 19 2 3 0 2 0
> VAMPIRE 4 2 19 3 0 2 0
> GRENADE 1 2 1 5 2
> GRENADE 3 19 18 5 2
> GRENADE 2 18 1 5 2
> GRENADE 4 1 18 5 2
> BAT1 3 1 7 1 9 1 11 1 13 1 17 1 1 3 3 3 5 3 9 3 11 3 15 3 17 3 19 3 3 5 5 5 7 5 13 5 15 5 17 5 1 7 5 7 7 7 9 7 11 7 13 7 15 7 19 7 1 9 3 9 7 9 13 9 17 9 19 9 1 11 3 11 7 11 13 11 17 11 19 11 1 13 5 13 7 13 9 13 11 13 13 13 15 13 19 13 3 15 5 15 7 15 13 15 15 15 17 15 1 17 3 17 5 17 9 17 11 17 15 17 17 17 19 17 3 19 7 19 9 19 11 19 13 19 17 19
< RES 1637095223 2 3
> REQ 1637095223 3 3
> VAMPIRE 1 1 2 3 0 2 0
> VAMPIRE 3 18 19 3 0 2 0
> VAMPIRE 2 19 2 3 0 2 0
> VAMPIRE 4 2 19 3 0 2 0
> GRENADE 1 2 1 4 2
> GRENADE 3 19 18 4 2
> GRENADE 2 18 1 4 2
> GRENADE 4 1 18 4 2
> BAT1 3 1 7 1 9 1 11 1 13 1 17 1 1 3 3 3 5 3 9 3 11 3 15 3 17 3 19 3 3 5 5 5 7 5 13 5 15 5 17 5 1 7 5 7 7 7 9 7 11 7 13 7 15 7 19 7 1 9 3 9 7 9 13 9 17 9 19 9 1 11 3 11 7 11 13 11 17 11 19 11 1 13 5 13 7 13 9 13 11 13 13 13 15 13 19 13 3 15 5 15 7 15 13 15 15 15 17 15 1 17 3 17 5 17 9 17 11 17 15 17 17 17 19 17 3 19 7 19 9 19 11 19 13 19 17 19
< RES 1637095223 3 3
> REQ 1637095223 4 3
> VAMPIRE 1 1 2 3 0 2 0
> VAMPIRE 3 18 19 3 0 2 0
> VAMPIRE 2 19 2 3 0 2 0
> VAMPIRE 4 2 19 3 0 2 0
> GRENADE 1 2 1 3 2
> GRENADE 3 19 18 3 2
> GRENADE 2 18 1 3 2
> GRENADE 4 1 18 3 2
> BAT1 3 1 7 1 9 1 11 1 13 1 17 1 1 3 3 3 5 3 9 3 11 3 15 3 17 3 19 3 3 5 5 5 7 5 13 5 15 5 17 5 1 7 5 7 7 7 9 7 11 7 13 7 15 7 19 7 1 9 3 9 7 9 13 9 17 9 19 9 1 11 3 11 7 11 13 11 17 11 19 11 1 13 5 13 7 13 9 13 11 13 13 13 15 13 19 13 3 15 5 15 7 15 13 15 15 15 17 15 1 17 3 17 5 17 9 17 11 17 15 17 17 17 19 17 3 19 7 19 9 19 11 19 13 19 17 19
< RES 1637095223 4 3
> REQ 1637095223 5 3
> VAMPIRE 1 1 2 3 0 2 0
> VAMPIRE 3 18 19 3 0 2 0
> VAMPIRE 2 19 2 3 0 2 0
> VAMPIRE 4 2 19 3 0 2 0
> GRENADE 1 2 1 2 2
> GRENADE 3 19 18 2 2
> GRENADE 2 18 1 2 2
> GRENADE 4 1 18 2 2
> BAT1 3 1 7 1 9 1 11 1 13 1 17 1 1 3 3 3 5 3 9 3 11 3 15 3 17 3 19 3 3 5 5 5 7 5 13 5 15 5 17 5 1 7 5 7 7 7 9 7 11 7 13 7 15 7 19 7 1 9 3 9 7 9 13 9 17 9 19 9 1 11 3 11 7 11 13 11 17 11 19 11 1 13 5 13 7 13 9 13 11 13 13 13 15 13 19 13 3 15 5 15 7 15 13 15 15 15 17 15 1 17 3 17 5 17 9 17 11 17 15 17 17 17 19 17 3 19 7 19 9 19 11 19 13 19 17 19
< RES 1637095223 5 3
> REQ 1637095223 6 3
> VAMPIRE 1 1 2 3 0 2 0
> VAMPIRE 3 18 19 3 0 2 0
> VAMPIRE 2 19 2 3 0 2 0
> VAMPIRE 4 2 19 3 0 2 0
> GRENADE 1 2 1 1 2
> GRENADE 3 19 18 1 2
> GRENADE 2 18 1 1 2
> GRENADE 4 1 18 1 2
> BAT1 3 1 7 1 9 1 11 1 13 1 17 1 1 3 3 3 5 3 9 3 11 3 15 3 17 3 19 3 3 5 5 5 7 5 13 5 15 5 17 5 1 7 5 7 7 7 9 7 11 7 13 7 15 7 19 7 1 9 3 9 7 9 13 9 17 9 19 9 1 11 3 11 7 11 13 11 17 11 19 11 1 13 5 13 7 13 9 13 11 13 13 13 15 13 19 13 3 15 5 15 7 15 13 15 15 15 17 15 1 17 3 17 5 17 9 17 11 17 15 17 17 17 19 17 3 19 7 19 9 19 11 19 13 19 17 19
< RES 1637095223 6 3
> REQ 1637095223 7 3
> VAMPIRE 1 1 1 3 1 2 0
> VAMPIRE 3 18 19 3 1 2 0
> VAMPIRE 2 19 2 3 1 2 0
> VAMPIRE 4 2 19 3 1 2 0
> BAT1 7 1 9 1 11 1 13 1 1 3 3 3 5 3 9 3 11 3 15 3 17 3 19 3 3 5 5 5 7 5 13 5 15 5 17 5 1 7 5 7 7 7 9 7 11 7 13 7 15 7 19 7 1 9 3 9 7 9 13 9 17 9 19 9 1 11 3 11 7 11 13 11 17 11 19 11 1 13 5 13 7 13 9 13 11 13 13 13 15 13 19 13 3 15 5 15 7 15 13 15 15 15 17 15 3 17 5 17 9 17 11 17 15 17 17 17 3 19 7 19 9 19 11 19 13 19 17 19
< RES 1637095223 7 3
< GRENADE
< MOVE D L
> REQ 1637095223 8 3
> VAMPIRE 1 3 1 3 0 2 0
> VAMPIRE 3 19 18 3 0 2 0
> VAMPIRE 2 18 1 3 0 2 0
> VAMPIRE 4 1 18 3 0 2 0
> GRENADE 1 1 1 5 2
> GRENADE 3 18 19 5 2
> GRENADE 2 19 2 5 2
> GRENADE 4 2 19 5 2
> BAT1 7 1 9 1 11 1 13 1 1 3 3 3 5 3 9 3 11 3 15 3 17 3 19 3 3 5 5 5 7 5 13 5 15 5 17 5 1 7 5 7 7 7 9 7 11 7 13 7 15 7 19 7 1 9 3 9 7 9 13 9 17 9 19 9 1 11 3 11 7 11 13 11 17 11 19 11 1 13 5 13 7 13 9 13 11 13 13 13 15 13 19 13 3 15 5 15 7 15 13 15 15 15 17 15 3 17 5 17 9 17 11 17 15 17 17 17 3 19 7 19 9 19 11 19 13 19 17 19
< RES 1637095223 8 3
< MOVE L
> REQ 1637095223 9 3
> VAMPIRE 1 5 1 3 0 2 0
> VAMPIRE 3 19 17 3 0 2 0
> VAMPIRE 2 17 1 3 0 2 0
> VAMPIRE 4 1 17 3 0 2 0
> GRENADE 1 1 1 4 2
> GRENADE 3 18 19 4 2
> GRENADE 2 19 2 4 2
> GRENADE 4 2 19 4 2
> BAT1 7 1 9 1 11 1 13 1 1 3 3 3 5 3 9 3 11 3 15 3 17 3 19 3 3 5 5 5 7 5 13 5 15 5 17 5 1 7 5 7 7 7 9 7 11 7 13 7 15 7 19 7 1 9 3 9 7 9 13 9 17 9 19 9 1 11 3 11 7 11 13 11 17 11 19 11 1 13 5 13 7 13 9 13 11 13 13 13 15 13 19 13 3 15 5 15 7 15 13 15 15 15 17 15 3 17 5 17 9 17 11 17 15 17 17 17 3 19 7 19 9 19 11 19 13 19 17 19
< RES 1637095223 9 3
> REQ 1637095223 10 3
> VAMPIRE 1 5 1 3 0 2 0
> VAMPIRE 3 19 17 3 0 2 0
> VAMPIRE 2 17 1 3 0 2 0
> VAMPIRE 4 1 17 3 0 2 0
> GRENADE 1 1 1 3 2
> GRENADE 3 18 19 3 2
> GRENADE 2 19 2 3 2
> GRENADE 4 2 19 3 2
> BAT1 7 1 9 1 11 1 13 1 1 3 3 3 5 3 9 3 11 3 15 3 17 3 19 3 3 5 5 5 7 5 13 5 15 5 17 5 1 7 5 7 7 7 9 7 11 7 13 7 15 7 19 7 1 9 3 9 7 9 13 9 17 9 19 9 1 11 3 11 7 11 13 11 17 11 19 11 1 13 5 13 7 13 9 13 11 13 13 13 15 13 19 13 3 15 5 15 7 15 13 15 15 15 17 15 3 17 5 17 9 17 11 17 15 17 17 17 3 19 7 19 9 19 11 19 13 19 17 19
< RES 1637095223 10 3
> REQ 1637095223 11 3
> VAMPIRE 1 5 1 3 0 2 0
> VAMPIRE 3 19 17 3 0 2 0
> VAMPIRE 2 17 1 3 0 2 0
> VAMPIRE 4 1 17 3 0 2 0
> GRENADE 1 1 1 2 2
> GRENADE 3 18 19 2 2
> GRENADE 2 19 2 2 2
> GRENADE 4 2 19 2 2
> BAT1 7 1 9 1 11 1 13 1 1 3 3 3 5 3 9 3 11 3 15 3 17 3 19 3 3 5 5 5 7 5 13 5 15 5 17 5 1 7 5 7 7 7 9 7 11 7 13 7 15 7 19 7 1 9 3 9 7 9 13 9 17 9 19 9 1 11 3 11 7 11 13 11 17 11 19 11 1 13 5 13 7 13 9 13 11 13 13 13 15 13 19 13 3 15 5 15 7 15 13 15 15 15 17 15 3 17 5 17 9 17 11 17 15 17 17 17 3 19 7 19 9 19 11 19 13 19 17 19
< RES 1637095223 11 3
< MOVE L L
> REQ 1637095223 12 3
> VAMPIRE 1 5 1 3 0 2 0
> VAMPIRE 3 19 15 3 0 2 0
> VAMPIRE 2 15 1 3 0 2 0
> VAMPIRE 4 1 15 3 0 2 0
> GRENADE 1 1 1 1 2
> GRENADE 3 18 19 1 2
> GRENADE 2 19 2 1 2
> GRENADE 4 2 19 1 2
> BAT1 7 1 9 1 11 1 13 1 1 3 3 3 5 3 9 3 11 3 15 3 17 3 19 3 3 5 5 5 7 5 13 5 15 5 17 5 1 7 5 7 7 7 9 7 11 7 13 7 15 7 19 7 1 9 3 9 7 9 13 9 17 9 19 9 1 11 3 11 7 11 13 11 17 11 19 11 1 13 5 13 7 13 9 13 11 13 13 13 15 13 19 13 3 15 5 15 7 15 13 15 15 15 17 15 3 17 5 17 9 17 11 17 15 17 17 17 3 19 7 19 9 19 11 19 13 19 17 19
< RES 1637095223 12 3
< MOVE L
> REQ 1637095223 13 3
> VAMPIRE 1 5 1 3 1 2 0
> VAMPIRE 3 19 14 3 1 2 0
> VAMPIRE 2 14 1 3 1 2 0
> VAMPIRE 4 1 14 3 1 2 0
> BAT1 7 1 9 1 11 1 13 1 3 3 5 3 9 3 11 3 15 3 17 3 3 5 5 5 7 5 13 5 15 5 17 5 1 7 5 7 7 7 9 7 11 7 13 7 15 7 19 7 1 9 3 9 7 9 13 9 17 9 19 9 1 11 3 11 7 11 13 11 17 11 19 11 1 13 5 13 7 13 9 13 11 13 13 13 15 13 19 13 3 15 5 15 7 15 13 15 15 15 17 15 3 17 5 17 9 17 11 17 15 17 17 17 7 19 9 19 11 19 13 19
< RES 1637095223 13 3
< GRENADE
< MOVE R U
> REQ 1637095223 14 3
> VAMPIRE 1 3 1 3 0 2 0
> VAMPIRE 3 18 15 3 0 2 0
> VAMPIRE 2 15 2 3 0 2 0
> VAMPIRE 4 2 15 3 0 2 0
> GRENADE 1 5 1 5 2
> GRENADE 3 19 14 5 2
> GRENADE 2 14 1 5 2
> GRENADE 4 1 14 5 2
> BAT1 7 1 9 1 11 1 13 1 3 3 5 3 9 3 11 3 15 3 17 3 3 5 5 5 7 5 13 5 15 5 17 5 1 7 5 7 7 7 9 7 11 7 13 7 15 7 19 7 1 9 3 9 7 9 13 9 17 9 19 9 1 11 3 11 7 11 13 11 17 11 19 11 1 13 5 13 7 13 9 13 11 13 13 13 15 13 19 13 3 15 5 15 7 15 13 15 15 15 17 15 3 17 5 17 9 17 11 17 15 17 17 17 7 19 9 19 11 19 13 19
< RES 1637095223 14 3
> REQ 1637095223 15 3
> VAMPIRE 1 1 1 3 0 2 0
> VAMPIRE 3 18 15 3 0 2 0
> VAMPIRE 2 16 1 3 0 2 0
> VAMPIRE 4 2 15 3 0 2 0
> GRENADE 1 5 1 4 2
> GRENADE 3 19 14 4 2
> GRENADE 2 14 1 4 2
> GRENADE 4 1 14 4 2
> BAT1 7 1 9 1 11 1 13 1 3 3 5 3 9 3 11 3 15 3 17 3 3 5 5 5 7 5 13 5 15 5 17 5 1 7 5 7 7 7 9 7 11 7 13 7 15 7 19 7 1 9 3 9 7 9 13 9 17 9 19 9 1 11 3 11 7 11 13 11 17 11 19 11 1 13 5 13 7 13 9 13 11 13 13 13 15 13 19 13 3 15 5 15 7 15 13 15 15 15 17 15 3 17 5 17 9 17 11 17 15 17 17 17 7 19 9 19 11 19 13 19
< RES 1637095223 15 3
> REQ 1637095223 16 3
> VAMPIRE 1 1 3 3 0 2 0
> VAMPIRE 3 18 15 3 0 2 0
> VAMPIRE 2 15 2 3 0 2 0
> VAMPIRE 4 2 15 3 0 2 0
> GRENADE 1 5 1 3 2
> GRENADE 3 19 14 3 2
> GRENADE 2 14 1 3 2
> GRENADE 4 1 14 3 2
> BAT1 7 1 9 1 11 1 13 1 3 3 5 3 9 3 11 3 15 3 17 3 3 5 5 5 7 5 13 5 15 5 17 5 1 7 5 7 7 7 9 7 11 7 13 7 15 7 19 7 1 9 3 9 7 9 13 9 17 9 19 9 1 11 3 11 7 11 13 11 17 11 19 11 1 13 5 13 7 13 9 13 11 13 13 13 15 13 19 13 3 15 5 15 7 15 13 15 15 15 17 15 3 17 5 17 9 17 11 17 15 17 17 17 7 19 9 19 11 19 13 19
< RES 1637095223 16 3
> REQ 1637095223 17 3
> VAMPIRE 1 1 2 3 0 2 0
> VAMPIRE 3 18 15 3 0 2 0
> VAMPIRE 2 16 1 3 0 2 0
> VAMPIRE 4 2 15 3 0 2 0
> GRENADE 1 5 1 2 2
> GRENADE 3 19 14 2 2
> GRENADE 2 14 1 2 2
> GRENADE 4 1 14 2 2
> BAT1 7 1 9 1 11 1 13 1 3 3 5 3 9 3 11 3 15 3 17 3 3 5 5 5 7 5 13 5 15 5 17 5 1 7 5 7 7 7 9 7 11 7 13 7 15 7 19 7 1 9 3 9 7 9 13 9 17 9 19 9 1 11 3 11 7 11 13 11 17 11 19 11 1 13 5 13 7 13 9 13 11 13 13 13 15 13 19 13 3 15 5 15 7 15 13 15 15 15 17 15 3 17 5 17 9 17 11 17 15 17 17 17 7 19 9 19 11 19 13 19
< RES 1637095223 17 3
> REQ 1637095223 18 3
> VAMPIRE 1 2 1 3 0 2 0
> VAMPIRE 3 18 15 3 0 2 0
> VAMPIRE 2 17 1 3 0 2 0
> VAMPIRE 4 2 15 3 0 2 0
> GRENADE 1 5 1 1 2
> GRENADE 3 19 14 1 2
> GRENADE 2 14 1 1 2
> GRENADE 4 1 14 1 2
> BAT1 7 1 9 1 11 1 13 1 3 3 5 3 9 3 11 3 15 3 17 3 3 5 5 5 7 5 13 5 15 5 17 5 1 7 5 7 7 7 9 7 11 7 13 7 15 7 19 7 1 9 3 9 7 9 13 9 17 9 19 9 1 11 3 11 7 11 13 11 17 11 19 11 1 13 5 13 7 13 9 13 11 13 13 13 15 13 19 13 3 15 5 15 7 15 13 15 15 15 17 15 3 17 5 17 9 17 11 17 15 17 17 17 7 19 9 19 11 19 13 19
< RES 1637095223 18 3
> REQ 1637095223 19 3
> VAMPIRE 1 3 1 3 1 2 0
> VAMPIRE 3 18 15 3 1 2 0
> VAMPIRE 2 17 2 3 1 2 0
> VAMPIRE 4 2 15 3 1 2 0
> BAT1 9 1 11 1 3 3 9 3 11 3 15 3 17 3 3 5 5 5 7 5 13 5 15 5 17 5 1 7 5 7 7 7 9 7 11 7 13 7 15 7 19 7 1 9 3 9 7 9 13 9 17 9 19 9 1 11 3 11 7 11 13 11 17 11 19 11 5 13 7 13 9 13 11 13 13 13 15 13 3 15 5 15 7 15 13 15 15 15 17 15 3 17 5 17 9 17 11 17 15 17 17 17 7 19 9 19 11 19 13 19
< RES 1637095223 19 3
< MOVE D L
> REQ 1637095223 20 3
> VAMPIRE 1 5 1 3 0 2 0
> VAMPIRE 3 19 14 3 1 2 0
> VAMPIRE 2 16 1 3 0 2 0
> VAMPIRE 4 1 14 3 1 2 0
> GRENADE 1 3 1 5 2
> GRENADE 2 17 2 5 2
> BAT1 9 1 11 1 3 3 9 3 11 3 15 3 17 3 3 5 5 5 7 5 13 5 15 5 17 5 1 7 5 7 7 7 9 7 11 7 13 7 15 7 19 7 1 9 3 9 7 9 13 9 17 9 19 9 1 11 3 11 7 11 13 11 17 11 19 11 5 13 7 13 9 13 11 13 13 13 15 13 3 15 5 15 7 15 13 15 15 15 17 15 3 17 5 17 9 17 11 17 15 17 17 17 7 19 9 19 11 19 13 19
< RES 1637095223 20 3
< MOVE L U
> REQ 1637095223 21 3
> VAMPIRE 1 5 3 3 0 2 0
> VAMPIRE 3 18 13 3 1 2 0
> VAMPIRE 2 14 1 3 0 2 0
> VAMPIRE 4 2 13 3 1 2 0
> GRENADE 1 3 1 4 2
> GRENADE 2 17 2 4 2
> BAT1 9 1 11 1 3 3 9 3 11 3 15 3 17 3 3 5 5 5 7 5 13 5 15 5 17 5 1 7 5 7 7 7 9 7 11 7 13 7 15 7 19 7 1 9 3 9 7 9 13 9 17 9 19 9 1 11 3 11 7 11 13 11 17 11 19 11 5 13 7 13 9 13 11 13 13 13 15 13 3 15 5 15 7 15 13 15 15 15 17 15 3 17 5 17 9 17 11 17 15 17 17 17 7 19 9 19 11 19 13 19
< RES 1637095223 21 3
< MOVE U
> REQ 1637095223 22 3
> VAMPIRE 1 7 3 3 0 2 0
> VAMPIRE 3 17 13 3 1 2 0
> VAMPIRE 2 13 2 3 0 2 0
> VAMPIRE 4 3 13 3 1 2 0
> GRENADE 1 3 1 3 2
> GRENADE 2 17 2 3 2
> BAT1 9 1 11 1 3 3 9 3 11 3 15 3 17 3 3 5 5 5 7 5 13 5 15 5 17 5 1 7 5 7 7 7 9 7 11 7 13 7 15 7 19 7 1 9 3 9 7 9 13 9 17 9 19 9 1 11 3 11 7 11 13 11 17 11 19 11 5 13 7 13 9 13 11 13 13 13 15 13 3 15 5 15 7 15 13 15 15 15 17 15 3 17 5 17 9 17 11 17 15 17 17 17 7 19 9 19 11 19 13 19
< RES 1637095223 22 3
< GRENADE
< MOVE D D
> REQ 1637095223 23 3
> VAMPIRE 1 7 3 3 0 2 0
> VAMPIRE 3 19 13 3 0 2 0
> VAMPIRE 2 13 3 3 0 2 0
> VAMPIRE 4 1 13 3 0 2 0
> GRENADE 1 3 1 2 2
> GRENADE 2 17 2 2 2
> GRENADE 3 17 13 5 2
> GRENADE 4 3 13 5 2
> BAT1 9 1 11 1 3 3 9 3 11 3 15 3 17 3 3 5 5 5 7 5 13 5 15 5 17 5 1 7 5 7 7 7 9 7 11 7 13 7 15 7 19 7 1 9 3 9 7 9 13 9 17 9 19 9 1 11 3 11 7 11 13 11 17 11 19 11 5 13 7 13 9 13 11 13 13 13 15 13 3 15 5 15 7 15 13 15 15 15 17 15 3 17 5 17 9 17 11 17 15 17 17 17 7 19 9 19 11 19 13 19
< RES 1637095223 23 3
< MOVE R R
> REQ 1637095223 24 3
> VAMPIRE 1 7 3 3 0 2 0
> VAMPIRE 3 19 15 3 0 2 0
> VAMPIRE 2 13 3 3 0 2 0
> VAMPIRE 4 1 15 3 0 2 0
> GRENADE 1 3 1 1 2
> GRENADE 2 17 2 1 2
> GRENADE 3 17 13 4 2
> GRENADE 4 3 13 4 2
> BAT1 9 1 11 1 3 3 9 3 11 3 15 3 17 3 3 5 5 5 7 5 13 5 15 5 17 5 1 7 5 7 7 7 9 7 11 7 13 7 15 7 19 7 1 9 3 9 7 9 13 9 17 9 19 9 1 11 3 11 7 11 13 11 17 11 19 11 5 13 7 13 9 13 11 13 13 13 15 13 3 15 5 15 7 15 13 15 15 15 17 15 3 17 5 17 9 17 11 17 15 17 17 17 7 19 9 19 11 19 13 19
< RES 1637095223 24 3
> REQ 1637095223 25 3
> VAMPIRE 1 7 3 3 1 2 0
> VAMPIRE 3 19 15 3 0 2 0
> VAMPIRE 2 13 3 3 1 2 0
> VAMPIRE 4 1 15 3 0 2 0
> GRENADE 3 17 13 3 2
> GRENADE 4 3 13 3 2
> BAT1 9 1 11 1 9 3 11 3 15 3 3 5 5 5 7 5 13 5 15 5 17 5 1 7 5 7 7 7 9 7 11 7 13 7 15 7 19 7 1 9 3 9 7 9 13 9 17 9 19 9 1 11 3 11 7 11 13 11 17 11 19 11 5 13 7 13 9 13 11 13 13 13 15 13 3 15 5 15 7 15 13 15 15 15 17 15 3 17 5 17 9 17 11 17 15 17 17 17 7 19 9 19 11 19 13 19
< RES 1637095223 25 3
> REQ 1637095223 26 3
> VAMPIRE 1 5 3 3 0 2 0
> VAMPIRE 3 19 15 3 0 2 0
> VAMPIRE 2 13 1 3 0 2 0
> VAMPIRE 4 1 15 3 0 2 0
> GRENADE 3 17 13 2 2
> GRENADE 4 3 13 2 2
> GRENADE 1 7 3 5 2
> GRENADE 2 13 3 5 2
> BAT1 9 1 11 1 9 3 11 3 15 3 3 5 5 5 7 5 13 5 15 5 17 5 1 7 5 7 7 7 9 7 11 7 13 7 15 7 19 7 1 9 3 9 7 9 13 9 17 9 19 9 1 11 3 11 7 11 13 11 17 11 19 11 5 13 7 13 9 13 11 13 13 13 15 13 3 15 5 15 7 15 13 15 15 15 17 15 3 17 5 17 9 17 11 17 15 17 17 17 7 19 9 19 11 19 13 19
< RES 1637095223 26 3
< MOVE L
> REQ 1637095223 27 3
> VAMPIRE 1 3 3 3 0 2 0
> VAMPIRE 3 19 14 3 0 2 0
> VAMPIRE 2 15 1 3 0 2 0
> VAMPIRE 4 1 14 3 0 2 0
> GRENADE 3 17 13 1 2
> GRENADE 4 3 13 1 2
> GRENADE 1 7 3 4 2
> GRENADE 2 13 3 4 2
> BAT1 9 1 11 1 9 3 11 3 15 3 3 5 5 5 7 5 13 5 15 5 17 5 1 7 5 7 7 7 9 7 11 7 13 7 15 7 19 7 1 9 3 9 7 9 13 9 17 9 19 9 1 11 3 11 7 11 13 11 17 11 19 11 5 13 7 13 9 13 11 13 13 13 15 13 3 15 5 15 7 15 13 15 15 15 17 15 3 17 5 17 9 17 11 17 15 17 17 17 7 19 9 19 11 19 13 19
< RES 1637095223 27 3
< MOVE R
> REQ 1637095223 28 3
> VAMPIRE 1 3 1 3 0 2 0
> VAMPIRE 3 19 15 3 1 2 0
> VAMPIRE 2 15 1 3 0 2 0
> VAMPIRE 4 1 12 3 1 2 0
> GRENADE 1 7 3 3 2
> GRENADE 2 13 3 3 2
> BAT1 9 1 11 1 9 3 11 3 15 3 3 5 5 5 7 5 13 5 15 5 17 5 1 7 5 7 7 7 9 7 11 7 13 7 15 7 19 7 1 9 3 9 7 9 13 9 17 9 19 9 1 11 7 11 13 11 19 11 7 13 9 13 11 13 13 13 5 15 7 15 13 15 15 15 3 17 5 17 9 17 11 17 15 17 17 17 7 19 9 19 11 19 13 19
< RES 1637095223 28 3
< MOVE U U
> REQ 1637095223 29 3
> VAMPIRE 1 3 3 3 0 2 0
> VAMPIRE 3 17 15 3 1 2 0
> VAMPIRE 2 15 1 3 0 2 0
> VAMPIRE 4 2 13 3 0 2 0
> GRENADE 1 7 3 2 2
> GRENADE 2 13 3 2 2
> GRENADE 4 1 12 5 2
> BAT1 9 1 11 1 9 3 11 3 15 3 3 5 5 5 7 5 13 5 15 5 17 5 1 7 5 7 7 7 9 7 11 7 13 7 15 7 19 7 1 9 3 9 7 9 13 9 17 9 19 9 1 11 7 11 13 11 19 11 7 13 9 13 11 13 13 13 5 15 7 15 13 15 15 15 3 17 5 17 9 17 11 17 15 17 17 17 7 19 9 19 11 19 13 19
< RES 1637095223 29 3
< GRENADE
< MOVE L L
> REQ 1637095223 30 3
> VAMPIRE 1 3 3 3 0 2 0
> VAMPIRE 3 17 13 3 0 2 0
> VAMPIRE 2 14 1 3 0 2 0
> VAMPIRE 4 3 13 3 0 2 0
> GRENADE 1 7 3 1 2
> GRENADE 2 13 3 1 2
> GRENADE 4 1 12 4 2
> GRENADE 3 17 15 5 2
> BAT1 9 1 11 1 9 3 11 3 15 3 3 5 5 5 7 5 13 5 15 5 17 5 1 7 5 7 7 7 9 7 11 7 13 7 15 7 19 7 1 9 3 9 7 9 13 9 17 9 19 9 1 11 7 11 13 11 19 11 7 13 9 13 11 13 13 13 5 15 7 15 13 15 15 15 3 17 5 17 9 17 11 17 15 17 17 17 7 19 9 19 11 19 13 19
< RES 1637095223 30 3
< MOVE U U
> REQ 1637095223 31 3
> VAMPIRE 1 3 3 3 1 2 0
> VAMPIRE 3 15 13 3 0 2 0
> VAMPIRE 2 12 1 3 1 2 0
> VAMPIRE 4 5 13 3 0 2 0
> GRENADE 4 1 12 3 2
> GRENADE 3 17 15 4 2
> BAT1 9 1 11 1 3 5 5 5 15 5 17 5 1 7 5 7 7 7 9 7 11 7 13 7 15 7 19 7 1 9 3 9 7 9 13 9 17 9 19 9 1 11 7 11 13 11 19 11 7 13 9 13 11 13 13 13 5 15 7 15 13 15 15 15 3 17 5 17 9 17 11 17 15 17 17 17 7 19 9 19 11 19 13 19
< RES 1637095223 31 3
> REQ 1637095223 32 3
> VAMPIRE 1 5 3 3 0 2 0
> VAMPIRE 3 15 13 3 0 2 0
> VAMPIRE 2 13 2 3 0 2 0
> VAMPIRE 4 5 12 3 0 2 0
> GRENADE 4 1 12 2 2
> GRENADE 3 17 15 3 2
> GRENADE 1 3 3 5 2
> GRENADE 2 12 1 5 2
> BAT1 9 1 11 1 3 5 5 5 15 5 17 5 1 7 5 7 7 7 9 7 11 7 13 7 15 7 19 7 1 9 3 9 7 9 13 9 17 9 19 9 1 11 7 11 13 11 19 11 7 13 9 13 11 13 13 13 5 15 7 15 13 15 15 15 3 17 5 17 9 17 11 17 15 17 17 17 7 19 9 19 11 19 13 19
< RES 1637095223 32 3
< MOVE L
> REQ 1637095223 33 3
> VAMPIRE 1 7 3 3 0 2 0
> VAMPIRE 3 15 12 3 0 2 0
> VAMPIRE 2 13 3 3 0 2 0
> VAMPIRE 4 5 10 3 0 2 0
> GRENADE 4 1 12 1 2
> GRENADE 3 17 15 2 2
> GRENADE 1 3 3 4 2
> GRENADE 2 12 1 4 2
> BAT1 9 1 11 1 3 5 5 5 15 5 17 5 1 7 5 7 7 7 9 7 11 7 13 7 15 7 19 7 1 9 3 9 7 9 13 9 17 9 19 9 1 11 7 11 13 11 19 11 7 13 9 13 11 13 13 13 5 15 7 15 13 15 15 15 3 17 5 17 9 17 11 17 15 17 17 17 7 19 9 19 11 19 13 19
< RES 1637095223 33 3
< MOVE L L
> REQ 1637095223 34 3
> VAMPIRE 1 7 5 3 0 2 0
> VAMPIRE 3 15 10 3 0 2 0
> VAMPIRE 2 13 5 3 0 2 0
> VAMPIRE 4 5 9 3 1 2 0
> GRENADE 3 17 15 1 2
> GRENADE 1 3 3 3 2
> GRENADE 2 12 1 3 2
> BAT1 9 1 11 1 3 5 5 5 15 5 17 5 1 7 5 7 7 7 9 7 11 7 13 7 15 7 19 7 1 9 3 9 7 9 13 9 17 9 19 9 7 11 13 11 19 11 7 13 9 13 11 13 13 13 5 15 7 15 13 15 15 15 3 17 5 17 9 17 11 17 15 17 17 17 7 19 9 19 11 19 13 19
< RES 1637095223 34 3
< MOVE L
> REQ 1637095223 35 3
> VAMPIRE 1 7 5 3 0 2 0
> VAMPIRE 3 15 9 3 1 2 0
> VAMPIRE 2 13 5 3 0 2 0
> VAMPIRE 4 5 11 3 0 2 0
> GRENADE 1 3 3 2 2
> GRENADE 2 12 1 2 2
> GRENADE 4 5 9 5 2
> BAT1 9 1 11 1 3 5 5 5 15 5 17 5 1 7 5 7 7 7 9 7 11 7 13 7 15 7 19 7 1 9 3 9 7 9 13 9 17 9 19 9 7 11 13 11 19 11 7 13 9 13 11 13 13 13 5 15 7 15 13 15 3 17 5 17 9 17 11 17 15 17 7 19 9 19 11 19 13 19
< RES 1637095223 35 3
< GRENADE
< MOVE R R
> REQ 1637095223 36 3
> VAMPIRE 1 7 5 3 0 2 0
> VAMPIRE 3 15 11 3 0 2 0
> VAMPIRE 2 13 5 3 0 2 0
> VAMPIRE 4 3 11 3 0 2 0
> GRENADE 1 3 3 1 2
> GRENADE 2 12 1 1 2
> GRENADE 4 5 9 4 2
> GRENADE 3 15 9 5 2
> BAT1 9 1 11 1 3 5 5 5 15 5 17 5 1 7 5 7 7 7 9 7 11 7 13 7 15 7 19 7 1 9 3 9 7 9 13 9 17 9 19 9 7 11 13 11 19 11 7 13 9 13 11 13 13 13 5 15 7 15 13 15 3 17 5 17 9 17 11 17 15 17 7 19 9 19 11 19 13 19
< RES 1637095223 36 3
< MOVE D D
> REQ 1637095223 37 3
> VAMPIRE 1 7 5 3 1 2 0
> VAMPIRE 3 17 11 3 0 2 0
> VAMPIRE 2 13 5 3 1 2 0
> VAMPIRE 4 3 11 3 0 2 0
> GRENADE 4 5 9 3 2
> GRENADE 3 15 9 4 2
> BAT1 9 1 5 5 15 5 17 5 1 7 5 7 7 7 9 7 11 7 13 7 15 7 19 7 1 9 3 9 7 9 13 9 17 9 19 9 7 11 13 11 19 11 7 13 9 13 11 13 13 13 5 15 7 15 13 15 3 17 5 17 9 17 11 17 15 17 7 19 9 19 11 19 13 19
< RES 1637095223 37 3
> REQ 1637095223 38 3
> VAMPIRE 1 9 5 3 0 2 0
> VAMPIRE 3 17 11 3 0 2 0
> VAMPIRE 2 11 5 3 0 2 0
> VAMPIRE 4 1 11 3 0 2 0
> GRENADE 4 5 9 2 2
> GRENADE 3 15 9 3 2
> GRENADE 1 7 5 5 2
> GRENADE 2 13 5 5 2
> BAT1 9 1 5 5 15 5 17 5 1 7 5 7 7 7 9 7 11 7 13 7 15 7 19 7 1 9 3 9 7 9 13 9 17 9 19 9 7 11 13 11 19 11 7 13 9 13 11 13 13 13 5 15 7 15 13 15 3 17 5 17 9 17 11 17 15 17 7 19 9 19 11 19 13 19
< RES 1637095223 38 3
< MOVE R R
> REQ 1637095223 39 3
> VAMPIRE 1 9 3 3 0 2 0
> VAMPIRE 3 17 13 3 0 2 0
> VAMPIRE 2 11 3 3 0 2 0
> VAMPIRE 4 1 11 3 0 2 0
> GRENADE 4 5 9 1 2
> GRENADE 3 15 9 2 2
> GRENADE 1 7 5 4 2
> GRENADE 2 13 5 4 2
> BAT1 9 1 5 5 15 5 17 5 1 7 5 7 7 7 9 7 11 7 13 7 15 7 19 7 1 9 3 9 7 9 13 9 17 9 19 9 7 11 13 11 19 11 7 13 9 13 11 13 13 13 5 15 7 15 13 15 3 17 5 17 9 17 11 17 15 17 7 19 9 19 11 19 13 19
< RES 1637095223 39 3
< MOVE U U
> REQ 1637095223 40 3
> VAMPIRE 1 9 3 3 0 2 0
> VAMPIRE 3 15 13 3 0 2 0
> VAMPIRE 2 9 3 3 0 2 0
> VAMPIRE 4 1 10 3 1 2 0
> GRENADE 3 15 9 1 2
> GRENADE 1 7 5 3 2
> GRENADE 2 13 5 3 2
> BAT1 9 1 5 5 15 5 17 5 1 7 7 7 9 7 11 7 13 7 15 7 19 7 1 9 13 9 17 9 19 9 7 11 13 11 19 11 7 13 9 13 11 13 13 13 5 15 7 15 13 15 3 17 5 17 9 17 11 17 15 17 7 19 9 19 11 19 13 19
< RES 1637095223 40 3
< MOVE R R
> REQ 1637095223 41 3
> VAMPIRE 1 8 3 3 0 2 0
> VAMPIRE 3 15 15 3 1 2 0
> VAMPIRE 2 8 3 3 0 2 0
> VAMPIRE 4 2 11 3 0 2 0
> GRENADE 1 7 5 2 2
> GRENADE 2 13 5 2 2
> GRENADE 4 1 10 5 2
> BAT1 9 1 5 5 15 5 17 5 1 7 7 7 9 7 11 7 13 7 19 7 1 9 19 9 7 11 13 11 19 11 7 13 9 13 11 13 13 13 5 15 7 15 13 15 3 17 5 17 9 17 11 17 15 17 7 19 9 19 11 19 13 19
< RES 1637095223 41 3
< GRENADE
< MOVE L L
> REQ 1637095223 42 3
> VAMPIRE 1 9 3 3 0 2 0
> VAMPIRE 3 15 13 3 0 2 0
> VAMPIRE 2 9 3 3 0 2 0
> VAMPIRE 4 3 11 3 0 2 0
> GRENADE 1 7 5 1 2
> GRENADE 2 13 5 1 2
> GRENADE 4 1 10 4 2
> GRENADE 3 15 15 5 2
> BAT1 9 1 5 5 15 5 17 5 1 7 7 7 9 7 11 7 13 7 19 7 1 9 19 9 7 11 13 11 19 11 7 13 9 13 11 13 13 13 5 15 7 15 13 15 3 17 5 17 9 17 11 17 15 17 7 19 9 19 11 19 13 19
< RES 1637095223 42 3
< MOVE L L
> REQ 1637095223 43 3
> VAMPIRE 1 7 3 3 1 2 0
> VAMPIRE 3 15 11 3 0 2 0
> VAMPIRE 2 7 3 3 1 2 0
> VAMPIRE 4 5 11 3 0 2 0
> GRENADE 4 1 10 3 2
> GRENADE 3 15 15 4 2
> BAT1 9 1 17 5 1 7 9 7 11 7 19 7 1 9 19 9 7 11 13 11 19 11 7 13 9 13 11 13 13 13 5 15 7 15 13 15 3 17 5 17 9 17 11 17 15 17 7 19 9 19 11 19 13 19
< RES 1637095223 43 3
> REQ 1637095223 44 3
> VAMPIRE 1 7 1 3 1 2 0
> VAMPIRE 3 15 11 3 0 2 0
> VAMPIRE 2 7 1 3 1 2 0
> VAMPIRE 4 5 13 3 0 2 0
> GRENADE 4 1 10 2 2
> GRENADE 3 15 15 3 2
> BAT1 9 1 17 5 1 7 9 7 11 7 19 7 1 9 19 9 7 11 13 11 19 11 7 13 9 13 11 13 13 13 5 15 7 15 13 15 3 17 5 17 9 17 11 17 15 17 7 19 9 19 11 19 13 19
< RES 1637095223 44 3
< MOVE D D
> REQ 1637095223 45 3
> VAMPIRE 1 7 3 3 0 2 0
> VAMPIRE 3 17 11 3 0 2 0
> VAMPIRE 2 7 3 3 0 2 0
> VAMPIRE 4 5 13 3 0 2 0
> GRENADE 4 1 10 1 2
> GRENADE 3 15 15 2 2
> GRENADE 1 7 1 5 2
> GRENADE 2 7 1 5 2
> BAT1 9 1 17 5 1 7 9 7 11 7 19 7 1 9 19 9 7 11 13 11 19 11 7 13 9 13 11 13 13 13 5 15 7 15 13 15 3 17 5 17 9 17 11 17 15 17 7 19 9 19 11 19 13 19
< RES 1637095223 45 3
< MOVE L L
> REQ 1637095223 46 3
> VAMPIRE 1 9 3 3 0 2 0
> VAMPIRE 3 17 9 3 0 2 0
> VAMPIRE 2 9 3 3 0 2 0
> VAMPIRE 4 5 13 3 1 2 0
> GRENADE 3 15 15 1 2
> GRENADE 1 7 1 4 2
> GRENADE 2 7 1 4 2
> BAT1 9 1 17 5 1 7 9 7 11 7 19 7 19 9 7 11 13 11 19 11 7 13 9 13 11 13 13 13 5 15 7 15 13 15 3 17 5 17 9 17 11 17 15 17 7 19 9 19 11 19 13 19
< RES 1637095223 46 3
< MOVE L L
> REQ 1637095223 47 3
> VAMPIRE 1 9 3 3 0 2 0
> VAMPIRE 3 17 7 3 1 2 0
> VAMPIRE 2 9 3 3 0 2 0
> VAMPIRE 4 5 11 3 0 2 0
> GRENADE 1 7 1 3 2
> GRENADE 2 7 1 3 2
> GRENADE 4 5 13 5 2
> BAT1 9 1 17 5 1 7 9 7 11 7 19 7 19 9 7 11 13 11 19 11 7 13 9 13 11 13 13 13 5 15 7 15 3 17 5 17 9 17 11 17 7 19 9 19 11 19 13 19
< RES 1637095223 47 3
< GRENADE
< MOVE R R
> REQ 1637095223 48 3
> VAMPIRE 1 9 3 3 0 2 0
> VAMPIRE 3 17 9 3 0 2 0
> VAMPIRE 2 9 3 3 0 2 0
> VAMPIRE 4 5 9 3 0 2 0
> GRENADE 1 7 1 2 2
> GRENADE 2 7 1 2 2
> GRENADE 4 5 13 4 2
> GRENADE 3 17 7 5 2
> BAT1 9 1 17 5 1 7 9 7 11 7 19 7 19 9 7 11 13 11 19 11 7 13 9 13 11 13 13 13 5 15 7 15 3 17 5 17 9 17 11 17 7 19 9 19 11 19 13 19
< RES 1637095223 48 3
< MOVE R R
> REQ 1637095223 49 3
> VAMPIRE 1 9 3 3 0 2 0
> VAMPIRE 3 17 11 3 0 2 0
> VAMPIRE 2 9 3 3 0 2 0
> VAMPIRE 4 7 9 3 0 2 0
> GRENADE 1 7 1 1 2
> GRENADE 2 7 1 1 2
> GRENADE 4 5 13 3 2
> GRENADE 3 17 7 4 2
> BAT1 9 1 17 5 1 7 9 7 11 7 19 7 19 9 7 11 13 11 19 11 7 13 9 13 11 13 13 13 5 15 7 15 3 17 5 17 9 17 11 17 7 19 9 19 11 19 13 19
< RES 1637095223 49 3
> REQ 1637095223 50 3
> VAMPIRE 1 9 5 3 1 2 0
> VAMPIRE 3 17 11 3 0 2 0
> VAMPIRE 2 9 5 3 1 2 0
> VAMPIRE 4 7 9 3 0 2 0
> GRENADE 4 5 13 2 2
> GRENADE 3 17 7 3 2
> BAT1 17 5 1 7 9 7 11 7 19 7 19 9 7 11 13 11 19 11 7 13 9 13 11 13 13 13 5 15 7 15 3 17 5 17 9 17 11 17 7 19 9 19 11 19 13 19
< RES 1637095223 50 3
> REQ 1637095223 51 3
> VAMPIRE 1 7 5 3 0 2 0
> VAMPIRE 3 17 11 3 0 2 0
> VAMPIRE 2 7 5 3 0 2 0
> VAMPIRE 4 9 9 3 0 2 0
> GRENADE 4 5 13 1 2
> GRENADE 3 17 7 2 2
> GRENADE 1 9 5 5 2
> GRENADE 2 9 5 5 2
> BAT1 17 5 1 7 9 7 11 7 19 7 19 9 7 11 13 11 19 11 7 13 9 13 11 13 13 13 5 15 7 15 3 17 5 17 9 17 11 17 7 19 9 19 11 19 13 19
< RES 1637095223 51 3
> REQ 1637095223 52 3
> VAMPIRE 1 7 7 3 0 2 0
> VAMPIRE 3 17 11 3 0 2 0
> VAMPIRE 2 7 7 3 0 2 0
> VAMPIRE 4 9 11 3 1 2 0
> GRENADE 3 17 7 1 2
> GRENADE 1 9 5 4 2
> GRENADE 2 9 5 4 2
> BAT1 17 5 1 7 9 7 11 7 19 7 19 9 7 11 13 11 19 11 9 13 11 13 13 13 7 15 3 17 5 17 9 17 11 17 7 19 9 19 11 19 13 19
< RES 1637095223 52 3
< MOVE D
> REQ 1637095223 53 3
> VAMPIRE 1 7 7 3 0 2 0
> VAMPIRE 3 18 11 3 1 2 0
> VAMPIRE 2 7 7 3 0 2 0
> VAMPIRE 4 11 11 3 0 2 0
> GRENADE 1 9 5 3 2
> GRENADE 2 9 5 3 2
> GRENADE 4 9 11 5 2
> BAT1 1 7 9 7 11 7 19 9 7 11 13 11 19 11 9 13 11 13 13 13 7 15 3 17 5 17 9 17 11 17 7 19 9 19 11 19 13 19
< RES 1637095223 53 3
< GRENADE
< MOVE U L
> REQ 1637095223 54 3
> VAMPIRE 1 7 9 3 0 2 0
> VAMPIRE 3 17 10 3 0 2 0
> VAMPIRE 2 7 9 3 0 2 0
> VAMPIRE 4 11 9 3 0 2 0
> GRENADE 1 9 5 2 2
> GRENADE 2 9 5 2 2
> GRENADE 4 9 11 4 2
> GRENADE 3 18 11 5 2
> BAT1 1 7 9 7 11 7 19 9 7 11 13 11 19 11 9 13 11 13 13 13 7 15 3 17 5 17 9 17 11 17 7 19 9 19 11 19 13 19
< RES 1637095223 54 3
< MOVE L
> REQ 1637095223 55 3
> VAMPIRE 1 8 9 3 0 2 0
> VAMPIRE 3 17 9 3 0 2 0
> VAMPIRE 2 8 9 3 0 2 0
> VAMPIRE 4 11 9 3 0 2 0
> GRENADE 1 9 5 1 2
> GRENADE 2 9 5 1 2
> GRENADE 4 9 11 3 2
> GRENADE 3 18 11 4 2
> BAT1 1 7 9 7 11 7 19 9 7 11 13 11 19 11 9 13 11 13 13 13 7 15 3 17 5 17 9 17 11 17 7 19 9 19 11 19 13 19
< RES 1637095223 55 3
< MOVE U U
> REQ 1637095223 56 3
> VAMPIRE 1 9 10 3 1 2 0
> VAMPIRE 3 15 9 3 0 2 0
> VAMPIRE 2 9 10 3 1 2 0
> VAMPIRE 4 11 9 3 0 2 0
> GRENADE 4 9 11 2 2
> GRENADE 3 18 11 3 2
> BAT1 1 7 11 7 19 9 7 11 13 11 19 11 9 13 11 13 13 13 7 15 3 17 5 17 9 17 11 17 7 19 9 19 11 19 13 19
< RES 1637095223 56 3
< MOVE U U
> REQ 1637095223 57 3
> VAMPIRE 1 9 10 3 1 2 0
> VAMPIRE 3 13 9 3 0 2 0
> VAMPIRE 2 9 10 3 1 2 0
> VAMPIRE 4 11 9 3 0 2 0
> GRENADE 4 9 11 1 2
> GRENADE 3 18 11 2 2
> BAT1 1 7 11 7 19 9 7 11 13 11 19 11 9 13 11 13 13 13 7 15 3 17 5 17 9 17 11 17 7 19 9 19 11 19 13 19
< RES 1637095223 57 3
< MOVE U U
> REQ 1637095223 58 3
> VAMPIRE 1 9 9 2 1 2 0
> VAMPIRE 3 11 9 3 0 2 0
> VAMPIRE 2 9 9 2 1 2 0
> VAMPIRE 4 11 11 3 1 2 0
> GRENADE 3 18 11 1 2
> BAT1 1 7 11 7 19 9 13 11 19 11 11 13 13 13 7 15 3 17 5 17 9 17 11 17 7 19 9 19 11 19 13 19
< RES 1637095223 58 3
> REQ 1637095223 59 3
> VAMPIRE 1 11 9 2 1 2 0
> VAMPIRE 3 11 9 3 1 2 0
> VAMPIRE 2 11 9 2 1 2 0
> VAMPIRE 4 11 9 3 0 2 0
> GRENADE 4 11 11 5 2
> BAT1 1 7 11 7 19 9 13 11 11 13 13 13 7 15 3 17 5 17 9 17 11 17 7 19 9 19 11 19 13 19
< RES 1637095223 59 3
< GRENADE
< MOVE D D
> REQ 1637095223 60 3
> VAMPIRE 1 13 9 2 1 2 0
> VAMPIRE 3 13 9 3 0 2 0
> VAMPIRE 2 13 9 2 1 2 0
> VAMPIRE 4 13 9 3 0 2 0
> GRENADE 4 11 11 4 2
> GRENADE 3 11 9 5 2
> BAT1 1 7 11 7 19 9 13 11 11 13 13 13 7 15 3 17 5 17 9 17 11 17 7 19 9 19 11 19 13 19
< RES 1637095223 60 3
< MOVE D D
> REQ 1637095223 61 3
> VAMPIRE 1 15 9 2 0 2 0
> VAMPIRE 3 15 9 3 0 2 0
> VAMPIRE 2 15 9 2 0 2 0
> VAMPIRE 4 15 9 3 0 2 0
> GRENADE 4 11 11 3 2
> GRENADE 3 11 9 4 2
> GRENADE 1 13 9 5 2
> GRENADE 2 13 9 5 2
> BAT1 1 7 11 7 19 9 13 11 11 13 13 13 7 15 3 17 5 17 9 17 11 17 7 19 9 19 11 19 13 19
< RES 1637095223 61 3
< MOVE D D
> REQ 1637095223 62 3
> VAMPIRE 1 17 9 2 0 2 0
> VAMPIRE 3 17 9 3 0 2 0
> VAMPIRE 2 17 9 2 0 2 0
> VAMPIRE 4 17 9 3 0 2 0
> GRENADE 4 11 11 2 2
> GRENADE 3 11 9 3 2
> GRENADE 1 13 9 4 2
> GRENADE 2 13 9 4 2
> BAT1 1 7 11 7 19 9 13 11 11 13 13 13 7 15 3 17 5 17 9 17 11 17 7 19 9 19 11 19 13 19
< RES 1637095223 62 3
> REQ 1637095223 63 3
> VAMPIRE 1 17 9 2 0 2 0
> VAMPIRE 3 17 9 3 0 2 0
> VAMPIRE 2 17 9 2 0 2 0
> VAMPIRE 4 17 9 3 0 2 0
> GRENADE 4 11 11 1 2
> GRENADE 3 11 9 2 2
> GRENADE 1 13 9 3 2
> GRENADE 2 13 9 3 2
> BAT1 1 7 11 7 19 9 13 11 11 13 13 13 7 15 3 17 5 17 9 17 11 17 7 19 9 19 11 19 13 19
< RES 1637095223 63 3
< MOVE D
> REQ 1637095223 64 3
> VAMPIRE 1 18 9 2 1 2 0
> VAMPIRE 3 18 9 3 1 2 0
> VAMPIRE 2 18 9 2 1 2 0
> VAMPIRE 4 18 9 3 1 2 0
> BAT1 1 7 19 9 13 13 7 15 3 17 5 17 9 17 11 17 7 19 9 19 11 19 13 19
< RES 1637095223 64 3
< GRENADE
< MOVE U R
> REQ 1637095223 65 3
> VAMPIRE 1 17 10 2 0 2 0
> VAMPIRE 3 17 10 3 0 2 0
> VAMPIRE 2 17 10 2 0 2 0
> VAMPIRE 4 17 10 3 0 2 0
> GRENADE 1 18 9 5 2
> GRENADE 3 18 9 5 2
> GRENADE 2 18 9 5 2
> GRENADE 4 18 9 5 2
> BAT1 1 7 19 9 13 13 7 15 3 17 5 17 9 17 11 17 7 19 9 19 11 19 13 19
< RES 1637095223 65 3
< MOVE R
> REQ 1637095223 66 3
> VAMPIRE 1 17 11 2 0 2 0
> VAMPIRE 3 17 11 3 0 2 0
> VAMPIRE 2 17 11 2 0 2 0
> VAMPIRE 4 17 11 3 0 2 0
> GRENADE 1 18 9 4 2
> GRENADE 3 18 9 4 2
> GRENADE 2 18 9 4 2
> GRENADE 4 18 9 4 2
> BAT1 1 7 19 9 13 13 7 15 3 17 5 17 9 17 11 17 7 19 9 19 11 19 13 19
< RES 1637095223 66 3
< MOVE U U
> REQ 1637095223 67 3
> VAMPIRE 1 15 11 2 0 2 0
> VAMPIRE 3 15 11 3 0 2 0
> VAMPIRE 2 15 11 2 0 2 0
> VAMPIRE 4 15 11 3 0 2 0
> GRENADE 1 18 9 3 2
> GRENADE 3 18 9 3 2
> GRENADE 2 18 9 3 2
> GRENADE 4 18 9 3 2
> BAT1 1 7 19 9 13 13 7 15 3 17 5 17 9 17 11 17 7 19 9 19 11 19 13 19
< RES 1637095223 67 3
< MOVE U U
> REQ 1637095223 68 3
> VAMPIRE 1 13 11 2 0 2 0
> VAMPIRE 3 13 11 3 0 2 0
> VAMPIRE 2 13 11 2 0 2 0
> VAMPIRE 4 13 11 3 0 2 0
> GRENADE 1 18 9 2 2
> GRENADE 3 18 9 2 2
> GRENADE 2 18 9 2 2
> GRENADE 4 18 9 2 2
> BAT1 1 7 19 9 13 13 7 15 3 17 5 17 9 17 11 17 7 19 9 19 11 19 13 19
< RES 1637095223 68 3
> REQ 1637095223 69 3
> VAMPIRE 1 13 11 2 0 2 0
> VAMPIRE 3 13 11 3 0 2 0
> VAMPIRE 2 13 11 2 0 2 0
> VAMPIRE 4 13 11 3 0 2 0
> GRENADE 1 18 9 1 2
> GRENADE 3 18 9 1 2
> GRENADE 2 18 9 1 2
> GRENADE 4 18 9 1 2
> BAT1 1 7 19 9 13 13 7 15 3 17 5 17 9 17 11 17 7 19 9 19 11 19 13 19
< RES 1637095223 69 3
< MOVE R
> REQ 1637095223 70 3
> VAMPIRE 1 13 12 2 1 2 0
> VAMPIRE 3 13 12 3 1 2 0
> VAMPIRE 2 13 12 2 1 2 0
> VAMPIRE 4 13 12 3 1 2 0
> BAT1 1 7 13 13 7 15 3 17 5 17 9 17 11 17 7 19 9 19 11 19 13 19
< RES 1637095223 70 3
< GRENADE
< MOVE L U
> REQ 1637095223 71 3
> VAMPIRE 1 12 11 2 0 2 0
> VAMPIRE 3 12 11 3 0 2 0
> VAMPIRE 2 12 11 2 0 2 0
> VAMPIRE 4 12 11 3 0 2 0
> GRENADE 1 13 12 5 2
> GRENADE 3 13 12 5 2
> GRENADE 2 13 12 5 2
> GRENADE 4 13 12 5 2
> BAT1 1 7 13 13 7 15 3 17 5 17 9 17 11 17 7 19 9 19 11 19 13 19
< RES 1637095223 71 3
< MOVE U
> REQ 1637095223 72 3
> VAMPIRE 1 11 11 2 0 2 0
> VAMPIRE 3 11 11 3 0 2 0
> VAMPIRE 2 11 11 2 0 2 0
> VAMPIRE 4 11 11 3 0 2 0
> GRENADE 1 13 12 4 2
> GRENADE 3 13 12 4 2
> GRENADE 2 13 12 4 2
> GRENADE 4 13 12 4 2
> BAT1 1 7 13 13 7 15 3 17 5 17 9 17 11 17 7 19 9 19 11 19 13 19
< RES 1637095223 72 3
< MOVE R R
> REQ 1637095223 73 3
> VAMPIRE 1 11 13 2 0 2 0
> VAMPIRE 3 11 13 3 0 2 0
> VAMPIRE 2 11 13 2 0 2 0
> VAMPIRE 4 11 13 3 0 2 0
> GRENADE 1 13 12 3 2
> GRENADE 3 13 12 3 2
> GRENADE 2 13 12 3 2
> GRENADE 4 13 12 3 2
> BAT1 1 7 13 13 7 15 3 17 5 17 9 17 11 17 7 19 9 19 11 19 13 19
< RES 1637095223 73 3
> REQ 1637095223 74 3
> VAMPIRE 1 11 13 2 0 2 0
> VAMPIRE 3 11 13 3 0 2 0
> VAMPIRE 2 11 13 2 0 2 0
> VAMPIRE 4 11 13 3 0 2 0
> GRENADE 1 13 12 2 2
> GRENADE 3 13 12 2 2
> GRENADE 2 13 12 2 2
> GRENADE 4 13 12 2 2
> BAT1 1 7 13 13 7 15 3 17 5 17 9 17 11 17 7 19 9 19 11 19 13 19
< RES 1637095223 74 3
< MOVE R R
> REQ 1637095223 75 3
> VAMPIRE 1 11 15 2 0 2 0
> VAMPIRE 3 11 15 3 0 2 0
> VAMPIRE 2 11 15 2 0 2 0
> VAMPIRE 4 11 15 3 0 2 0
> GRENADE 1 13 12 1 2
> GRENADE 3 13 12 1 2
> GRENADE 2 13 12 1 2
> GRENADE 4 13 12 1 2
> BAT1 1 7 13 13 7 15 3 17 5 17 9 17 11 17 7 19 9 19 11 19 13 19
< RES 1637095223 75 3
< MOVE U U
> REQ 1637095223 76 3
> VAMPIRE 1 9 15 2 1 2 0
> VAMPIRE 3 9 15 3 1 2 0
> VAMPIRE 2 9 15 2 1 2 0
> VAMPIRE 4 9 15 3 1 2 0
> BAT1 1 7 7 15 3 17 5 17 9 17 11 17 7 19 9 19 11 19 13 19
< RES 1637095223 76 3
< GRENADE
< MOVE D D
> REQ 1637095223 77 3
> VAMPIRE 1 11 15 2 0 2 0
> VAMPIRE 3 11 15 3 0 2 0
> VAMPIRE 2 11 15 2 0 2 0
> VAMPIRE 4 11 15 3 0 2 0
> GRENADE 1 9 15 5 2
> GRENADE 3 9 15 5 2
> GRENADE 2 9 15 5 2
> GRENADE 4 9 15 5 2
> BAT1 1 7 7 15 3 17 5 17 9 17 11 17 7 19 9 19 11 19 13 19
< RES 1637095223 77 3
< MOVE D D
> REQ 1637095223 78 3
> VAMPIRE 1 13 15 2 0 2 0
> VAMPIRE 3 13 15 3 0 2 0
> VAMPIRE 2 13 15 2 0 2 0
> VAMPIRE 4 13 15 3 0 2 0
> GRENADE 1 9 15 4 2
> GRENADE 3 9 15 4 2
> GRENADE 2 9 15 4 2
> GRENADE 4 9 15 4 2
> BAT1 1 7 7 15 3 17 5 17 9 17 11 17 7 19 9 19 11 19 13 19
< RES 1637095223 78 3
< MOVE R R
> REQ 1637095223 79 3
> VAMPIRE 1 13 17 2 0 2 0
> VAMPIRE 3 13 17 3 0 2 0
> VAMPIRE 2 13 17 2 0 2 0
> VAMPIRE 4 13 17 3 0 2 0
> GRENADE 1 9 15 3 2
> GRENADE 3 9 15 3 2
> GRENADE 2 9 15 3 2
> GRENADE 4 9 15 3 2
> BAT1 1 7 7 15 3 17 5 17 9 17 11 17 7 19 9 19 11 19 13 19
< RES 1637095223 79 3
> REQ 1637095223 80 3
> VAMPIRE 1 13 17 2 0 2 0
> VAMPIRE 3 13 17 3 0 2 0
> VAMPIRE 2 13 17 2 0 2 0
> VAMPIRE 4 13 17 3 0 2 0
> GRENADE 1 9 15 2 2
> GRENADE 3 9 15 2 2
> GRENADE 2 9 15 2 2
> GRENADE 4 9 15 2 2
> BAT1 1 7 7 15 3 17 5 17 9 17 11 17 7 19 9 19 11 19 13 19
< RES 1637095223 80 3
> REQ 1637095223 81 3
> VAMPIRE 1 13 17 2 0 2 0
> VAMPIRE 3 13 17 3 0 2 0
> VAMPIRE 2 13 17 2 0 2 0
> VAMPIRE 4 13 17 3 0 2 0
> GRENADE 1 9 15 1 2
> GRENADE 3 9 15 1 2
> GRENADE 2 9 15 1 2
> GRENADE 4 9 15 1 2
> BAT1 1 7 7 15 3 17 5 17 9 17 11 17 7 19 9 19 11 19 13 19
< RES 1637095223 81 3
> REQ 1637095223 82 3
> VAMPIRE 1 13 17 2 1 2 0
> VAMPIRE 3 13 17 3 1 2 0
> VAMPIRE 2 13 17 2 1 2 0
> VAMPIRE 4 13 17 3 1 2 0
> BAT1 1 7 3 17 5 17 11 17 7 19 9 19 11 19 13 19
< RES 1637095223 82 3
< GRENADE
< MOVE L L
> REQ 1637095223 83 3
> VAMPIRE 1 13 15 2 0 2 0
> VAMPIRE 3 13 15 3 0 2 0
> VAMPIRE 2 13 15 2 0 2 0
> VAMPIRE 4 13 15 3 0 2 0
> GRENADE 1 13 17 5 2
> GRENADE 3 13 17 5 2
> GRENADE 2 13 17 5 2
> GRENADE 4 13 17 5 2
> BAT1 1 7 3 17 5 17 11 17 7 19 9 19 11 19 13 19
< RES 1637095223 83 3
< MOVE U U
> REQ 1637095223 84 3
> VAMPIRE 1 11 15 2 0 2 0
> VAMPIRE 3 11 15 3 0 2 0
> VAMPIRE 2 11 15 2 0 2 0
> VAMPIRE 4 11 15 3 0 2 0
> GRENADE 1 13 17 4 2
> GRENADE 3 13 17 4 2
> GRENADE 2 13 17 4 2
> GRENADE 4 13 17 4 2
> BAT1 1 7 3 17 5 17 11 17 7 19 9 19 11 19 13 19
< RES 1637095223 84 3
> REQ 1637095223 85 3
> VAMPIRE 1 11 15 2 0 2 0
> VAMPIRE 3 11 15 3 0 2 0
> VAMPIRE 2 11 15 2 0 2 0
> VAMPIRE 4 11 15 3 0 2 0
> GRENADE 1 13 17 3 2
> GRENADE 3 13 17 3 2
> GRENADE 2 13 17 3 2
> GRENADE 4 13 17 3 2
> BAT1 1 7 3 17 5 17 11 17 7 19 9 19 11 19 13 19
< RES 1637095223 85 3
< MOVE U U
> REQ 1637095223 86 3
> VAMPIRE 1 9 15 2 0 2 0
> VAMPIRE 3 9 15 3 0 2 0
> VAMPIRE 2 9 15 2 0 2 0
> VAMPIRE 4 9 15 3 0 2 0
> GRENADE 1 13 17 2 2
> GRENADE 3 13 17 2 2
> GRENADE 2 13 17 2 2
> GRENADE 4 13 17 2 2
> BAT1 1 7 3 17 5 17 11 17 7 19 9 19 11 19 13 19
< RES 1637095223 86 3
< MOVE U U
> REQ 1637095223 87 3
> VAMPIRE 1 7 15 2 0 2 0
> VAMPIRE 3 7 15 3 0 2 0
> VAMPIRE 2 7 15 2 0 2 0
> VAMPIRE 4 7 15 3 0 2 0
> GRENADE 1 13 17 1 2
> GRENADE 3 13 17 1 2
> GRENADE 2 13 17 1 2
> GRENADE 4 13 17 1 2
> BAT1 1 7 3 17 5 17 11 17 7 19 9 19 11 19 13 19
< RES 1637095223 87 3
< MOVE R R
> REQ 1637095223 88 3
> VAMPIRE 1 7 17 2 1 2 0
> VAMPIRE 3 7 17 3 1 2 0
> VAMPIRE 2 7 17 2 1 2 0
> VAMPIRE 4 7 17 3 1 2 0
> BAT1 1 7 3 17 5 17 7 19 9 19 11 19
< RES 1637095223 88 3
< GRENADE
< MOVE D D
> REQ 1637095223 89 3
> VAMPIRE 1 9 17 2 0 2 0
> VAMPIRE 3 9 17 3 0 2 0
> VAMPIRE 2 9 17 2 0 2 0
> VAMPIRE 4 9 17 3 0 2 0
> GRENADE 1 7 17 5 2
> GRENADE 3 7 17 5 2
> GRENADE 2 7 17 5 2
> GRENADE 4 7 17 5 2
> BAT1 1 7 3 17 5 17 7 19 9 19 11 19
< RES 1637095223 89 3
< MOVE D D
> REQ 1637095223 90 3
> VAMPIRE 1 11 17 2 0 2 0
> VAMPIRE 3 11 17 3 0 2 0
> VAMPIRE 2 11 17 2 0 2 0
> VAMPIRE 4 11 17 3 0 2 0
> GRENADE 1 7 17 4 2
> GRENADE 3 7 17 4 2
> GRENADE 2 7 17 4 2
> GRENADE 4 7 17 4 2
> BAT1 1 7 3 17 5 17 7 19 9 19 11 19
< RES 1637095223 90 3
> REQ 1637095223 91 3
> VAMPIRE 1 11 17 2 0 2 0
> VAMPIRE 3 11 17 3 0 2 0
> VAMPIRE 2 11 17 2 0 2 0
> VAMPIRE 4 11 17 3 0 2 0
> GRENADE 1 7 17 3 2
> GRENADE 3 7 17 3 2
> GRENADE 2 7 17 3 2
> GRENADE 4 7 17 3 2
> BAT1 1 7 3 17 5 17 7 19 9 19 11 19
< RES 1637095223 91 3
> REQ 1637095223 92 3
> VAMPIRE 1 11 17 2 0 2 0
> VAMPIRE 3 11 17 3 0 2 0
> VAMPIRE 2 11 17 2 0 2 0
> VAMPIRE 4 11 17 3 0 2 0
> GRENADE 1 7 17 2 2
> GRENADE 3 7 17 2 2
> GRENADE 2 7 17 2 2
> GRENADE 4 7 17 2 2
> BAT1 1 7 3 17 5 17 7 19 9 19 11 19
< RES 1637095223 92 3
> REQ 1637095223 93 3
> VAMPIRE 1 11 17 2 0 2 0
> VAMPIRE 3 11 17 3 0 2 0
> VAMPIRE 2 11 17 2 0 2 0
> VAMPIRE 4 11 17 3 0 2 0
> GRENADE 1 7 17 1 2
> GRENADE 3 7 17 1 2
> GRENADE 2 7 17 1 2
> GRENADE 4 7 17 1 2
> BAT1 1 7 3 17 5 17 7 19 9 19 11 19
< RES 1637095223 93 3
< MOVE R
> REQ 1637095223 94 3
> VAMPIRE 1 11 18 2 1 2 0
> VAMPIRE 3 11 18 3 1 2 0
> VAMPIRE 2 11 18 2 1 2 0
> VAMPIRE 4 11 18 3 1 2 0
> BAT1 1 7 3 17 9 19 11 19
< RES 1637095223 94 3
< GRENADE
< MOVE L U
> REQ 1637095223 95 3
> VAMPIRE 1 10 17 2 0 2 0
> VAMPIRE 3 10 17 3 0 2 0
> VAMPIRE 2 10 17 2 0 2 0
> VAMPIRE 4 10 17 3 0 2 0
> GRENADE 1 11 18 5 2
> GRENADE 3 11 18 5 2
> GRENADE 2 11 18 5 2
> GRENADE 4 11 18 5 2
> BAT1 1 7 3 17 9 19 11 19
< RES 1637095223 95 3
< MOVE U
> REQ 1637095223 96 3
> VAMPIRE 1 9 17 2 0 2 0
> VAMPIRE 3 9 17 3 0 2 0
> VAMPIRE 2 9 17 2 0 2 0
> VAMPIRE 4 9 17 3 0 2 0
> GRENADE 1 11 18 4 2
> GRENADE 3 11 18 4 2
> GRENADE 2 11 18 4 2
> GRENADE 4 11 18 4 2
> BAT1 1 7 3 17 9 19 11 19
< RES 1637095223 96 3
> REQ 1637095223 97 3
> VAMPIRE 1 9 17 2 0 2 0
> VAMPIRE 3 9 17 3 0 2 0
> VAMPIRE 2 9 17 2 0 2 0
> VAMPIRE 4 9 17 3 0 2 0
> GRENADE 1 11 18 3 2
> GRENADE 3 11 18 3 2
> GRENADE 2 11 18 3 2
> GRENADE 4 11 18 3 2
> BAT1 1 7 3 17 9 19 11 19
< RES 1637095223 97 3
< MOVE U U
> REQ 1637095223 98 3
> VAMPIRE 1 7 17 2 0 2 0
> VAMPIRE 3 7 17 3 0 2 0
> VAMPIRE 2 7 17 2 0 2 0
> VAMPIRE 4 7 17 3 0 2 0
> GRENADE 1 11 18 2 2
> GRENADE 3 11 18 2 2
> GRENADE 2 11 18 2 2
> GRENADE 4 11 18 2 2
> BAT1 1 7 3 17 9 19 11 19
< RES 1637095223 98 3
< MOVE D D
> REQ 1637095223 99 3
> VAMPIRE 1 9 17 2 0 2 0
> VAMPIRE 3 9 17 3 0 2 0
> VAMPIRE 2 9 17 2 0 2 0
> VAMPIRE 4 9 17 3 0 2 0
> GRENADE 1 11 18 1 2
> GRENADE 3 11 18 1 2
> GRENADE 2 11 18 1 2
> GRENADE 4 11 18 1 2
> BAT1 1 7 3 17 9 19 11 19
< RES 1637095223 99 3
< MOVE R
> REQ 1637095223 100 3
> VAMPIRE 1 9 18 2 1 2 0
> VAMPIRE 3 9 18 3 1 2 0
> VAMPIRE 2 9 18 2 1 2 0
> VAMPIRE 4 9 18 3 1 2 0
> BAT1 1 7 3 17 9 19
< RES 1637095223 100 3
< GRENADE
< MOVE L U
> REQ 1637095223 101 3
> VAMPIRE 1 8 17 2 0 2 0
> VAMPIRE 3 8 17 3 0 2 0
> VAMPIRE 2 8 17 2 0 2 0
> VAMPIRE 4 8 17 3 0 2 0
> GRENADE 1 9 18 5 2
> GRENADE 3 9 18 5 2
> GRENADE 2 9 18 5 2
> GRENADE 4 9 18 5 2
> BAT1 1 7 3 17 9 19
< RES 1637095223 101 3
< MOVE U
> REQ 1637095223 102 3
> VAMPIRE 1 7 17 2 0 2 0
> VAMPIRE 3 7 17 3 0 2 0
> VAMPIRE 2 7 17 2 0 2 0
> VAMPIRE 4 7 17 3 0 2 0
> GRENADE 1 9 18 4 2
> GRENADE 3 9 18 4 2
> GRENADE 2 9 18 4 2
> GRENADE 4 9 18 4 2
> BAT1 1 7 3 17 9 19
< RES 1637095223 102 3
< MOVE U U
> REQ 1637095223 103 3
> VAMPIRE 1 5 17 2 0 2 0
> VAMPIRE 3 5 17 3 0 2 0
> VAMPIRE 2 5 17 2 0 2 0
> VAMPIRE 4 5 17 3 0 2 0
> GRENADE 1 9 18 3 2
> GRENADE 3 9 18 3 2
> GRENADE 2 9 18 3 2
> GRENADE 4 9 18 3 2
> BAT1 1 7 3 17 9 19
< RES 1637095223 103 3
> REQ 1637095223 104 3
> VAMPIRE 1 5 17 2 0 2 0
> VAMPIRE 3 5 17 3 0 2 0
> VAMPIRE 2 5 17 2 0 2 0
> VAMPIRE 4 5 17 3 0 2 0
> GRENADE 1 9 18 2 2
> GRENADE 3 9 18 2 2
> GRENADE 2 9 18 2 2
> GRENADE 4 9 18 2 2
> BAT1 1 7 3 17 9 19
< RES 1637095223 104 3
> REQ 1637095223 105 3
> VAMPIRE 1 5 17 2 0 2 0
> VAMPIRE 3 5 17 3 0 2 0
> VAMPIRE 2 5 17 2 0 2 0
> VAMPIRE 4 5 17 3 0 2 0
> GRENADE 1 9 18 1 2
> GRENADE 3 9 18 1 2
> GRENADE 2 9 18 1 2
> GRENADE 4 9 18 1 2
> BAT1 1 7 3 17 9 19
< RES 1637095223 105 3
< MOVE U
> REQ 1637095223 106 3
> VAMPIRE 1 4 17 2 1 2 0
> VAMPIRE 3 4 17 3 1 2 0
> VAMPIRE 2 4 17 2 1 2 0
> VAMPIRE 4 4 17 3 1 2 0
> BAT1 1 7 3 17
< RES 1637095223 106 3
< GRENADE
< MOVE D L
> REQ 1637095223 107 3
> VAMPIRE 1 5 16 2 0 2 0
> VAMPIRE 3 5 16 3 0 2 0
> VAMPIRE 2 5 16 2 0 2 0
> VAMPIRE 4 5 16 3 0 2 0
> GRENADE 1 4 17 5 2
> GRENADE 3 4 17 5 2
> GRENADE 2 4 17 5 2
> GRENADE 4 4 17 5 2
> BAT1 1 7 3 17
< RES 1637095223 107 3
< MOVE L
> REQ 1637095223 108 3
> VAMPIRE 1 5 15 2 0 2 0
> VAMPIRE 3 5 15 3 0 2 0
> VAMPIRE 2 5 15 2 0 2 0
> VAMPIRE 4 5 15 3 0 2 0
> GRENADE 1 4 17 4 2
> GRENADE 3 4 17 4 2
> GRENADE 2 4 17 4 2
> GRENADE 4 4 17 4 2
> BAT1 1 7 3 17
< RES 1637095223 108 3
< MOVE U U
> REQ 1637095223 109 3
> VAMPIRE 1 3 15 2 0 2 0
> VAMPIRE 3 3 15 3 0 2 0
> VAMPIRE 2 3 15 2 0 2 0
> VAMPIRE 4 3 15 3 0 2 0
> GRENADE 1 4 17 3 2
> GRENADE 3 4 17 3 2
> GRENADE 2 4 17 3 2
> GRENADE 4 4 17 3 2
> BAT1 1 7 3 17
< RES 1637095223 109 3
< MOVE L L
> REQ 1637095223 110 3
> VAMPIRE 1 3 13 2 0 2 0
> VAMPIRE 3 3 13 3 0 2 0
> VAMPIRE 2 3 13 2 0 2 0
> VAMPIRE 4 3 13 3 0 2 0
> GRENADE 1 4 17 2 2
> GRENADE 3 4 17 2 2
> GRENADE 2 4 17 2 2
> GRENADE 4 4 17 2 2
> BAT1 1 7 3 17
< RES 1637095223 110 3
< MOVE L L
> REQ 1637095223 111 3
> VAMPIRE 1 3 11 2 0 2 0
> VAMPIRE 3 3 11 3 0 2 0
> VAMPIRE 2 3 11 2 0 2 0
> VAMPIRE 4 3 11 3 0 2 0
> GRENADE 1 4 17 1 2
> GRENADE 3 4 17 1 2
> GRENADE 2 4 17 1 2
> GRENADE 4 4 17 1 2
> BAT1 1 7 3 17
< RES 1637095223 111 3
< MOVE L L
> REQ 1637095223 112 3
> VAMPIRE 1 3 9 2 1 2 0
> VAMPIRE 3 3 9 3 1 2 0
> VAMPIRE 2 3 9 2 1 2 0
> VAMPIRE 4 3 9 3 1 2 0
> BAT1 1 7
< RES 1637095223 112 3
< MOVE L L
> REQ 1637095223 113 3
> VAMPIRE 1 3 7 2 1 2 0
> VAMPIRE 3 3 7 3 1 2 0
> VAMPIRE 2 3 7 2 1 2 0
> VAMPIRE 4 3 7 3 1 2 0
> BAT1 1 7
< RES 1637095223 113 3
< GRENADE
< MOVE D D
> REQ 1637095223 114 3
> VAMPIRE 1 5 7 2 0 2 0
> VAMPIRE 3 5 7 3 0 2 0
> VAMPIRE 2 5 7 2 0 2 0
> VAMPIRE 4 5 7 3 0 2 0
> GRENADE 1 3 7 5 2
> GRENADE 3 3 7 5 2
> GRENADE 2 3 7 5 2
> GRENADE 4 3 7 5 2
> BAT1 1 7
< RES 1637095223 114 3
< MOVE D D
> REQ 1637095223 115 3
> VAMPIRE 1 7 7 2 0 2 0
> VAMPIRE 3 7 7 3 0 2 0
> VAMPIRE 2 7 7 2 0 2 0
> VAMPIRE 4 7 7 3 0 2 0
> GRENADE 1 3 7 4 2
> GRENADE 3 3 7 4 2
> GRENADE 2 3 7 4 2
> GRENADE 4 3 7 4 2
> BAT1 1 7
< RES 1637095223 115 3
> REQ 1637095223 116 3
> VAMPIRE 1 7 7 2 0 2 0
> VAMPIRE 3 7 7 3 0 2 0
> VAMPIRE 2 7 7 2 0 2 0
> VAMPIRE 4 7 7 3 0 2 0
> GRENADE 1 3 7 3 2
> GRENADE 3 3 7 3 2
> GRENADE 2 3 7 3 2
> GRENADE 4 3 7 3 2
> BAT1 1 7
< RES 1637095223 116 3
> REQ 1637095223 117 3
> VAMPIRE 1 7 7 2 0 2 0
> VAMPIRE 3 7 7 3 0 2 0
> VAMPIRE 2 7 7 2 0 2 0
> VAMPIRE 4 7 7 3 0 2 0
> GRENADE 1 3 7 2 2
> GRENADE 3 3 7 2 2
> GRENADE 2 3 7 2 2
> GRENADE 4 3 7 2 2
> BAT1 1 7
< RES 1637095223 117 3
> REQ 1637095223 118 3
> VAMPIRE 1 7 7 2 0 2 0
> VAMPIRE 3 7 7 3 0 2 0
> VAMPIRE 2 7 7 2 0 2 0
> VAMPIRE 4 7 7 3 0 2 0
> GRENADE 1 3 7 1 2
> GRENADE 3 3 7 1 2
> GRENADE 2 3 7 1 2
> GRENADE 4 3 7 1 2
> BAT1 1 7
< RES 1637095223 118 3
> REQ 1637095223 119 3
> VAMPIRE 1 7 7 2 1 2 0
> VAMPIRE 3 7 7 3 1 2 0
> VAMPIRE 2 7 7 2 1 2 0
> VAMPIRE 4 7 7 3 1 2 0
< RES 1637095223 119 3
> REQ 1637095223 120 3
> VAMPIRE 1 7 7 2 1 2 0
> VAMPIRE 3 7 7 3 1 2 0
> VAMPIRE 2 7 7 2 1 2 0
> VAMPIRE 4 7 7 3 1 2 0
< RES 1637095223 120 3
> REQ 1637095223 121 3
> VAMPIRE 1 7 7 2 1 2 0
> VAMPIRE 3 7 7 3 1 2 0
> VAMPIRE 2 7 7 2 1 2 0
> VAMPIRE 4 7 7 3 1 2 0
< RES 1637095223 121 3
> REQ 1637095223 122 3
> VAMPIRE 1 7 7 2 1 2 0
> VAMPIRE 3 7 7 3 1 2 0
> VAMPIRE 2 7 7 2 1 2 0
> VAMPIRE 4 7 7 3 1 2 0
< RES 1637095223 122 3
> REQ 1637095223 123 3
> VAMPIRE 1 7 7 2 1 2 0
> VAMPIRE 3 7 7 3 1 2 0
> VAMPIRE 2 7 7 2 1 2 0
> VAMPIRE 4 7 7 3 1 2 0
< RES 1637095223 123 3
> REQ 1637095223 124 3
> VAMPIRE 1 7 7 2 1 2 0
> VAMPIRE 3 7 7 3 1 2 0
> VAMPIRE 2 7 7 2 1 2 0
> VAMPIRE 4 7 7 3 1 2 0
< RES 1637095223 124 3
> REQ 1637095223 125 3
> VAMPIRE 1 7 7 2 1 2 0
> VAMPIRE 3 7 7 3 1 2 0
> VAMPIRE 2 7 7 2 1 2 0
> VAMPIRE 4 7 7 3 1 2 0
< RES 1637095223 125 3
> REQ 1637095223 126 3
> VAMPIRE 1 7 7 2 1 2 0
> VAMPIRE 3 7 7 3 1 2 0
> VAMPIRE 2 7 7 2 1 2 0
> VAMPIRE 4 7 7 3 1 2 0
< RES 1637095223 126 3
> REQ 1637095223 127 3
> VAMPIRE 1 7 7 2 1 2 0
> VAMPIRE 3 7 7 3 1 2 0
> VAMPIRE 2 7 7 2 1 2 0
> VAMPIRE 4 7 7 3 1 2 0
< RES 1637095223 127 3
> REQ 1637095223 128 3
> VAMPIRE 1 7 7 2 1 2 0
> VAMPIRE 3 7 7 3 1 2 0
> VAMPIRE 2 7 7 2 1 2 0
> VAMPIRE 4 7 7 3 1 2 0
< RES 1637095223 128 3
> REQ 1637095223 129 3
> VAMPIRE 1 7 7 2 1 2 0
> VAMPIRE 3 7 7 3 1 2 0
> VAMPIRE 2 7 7 2 1 2 0
> VAMPIRE 4 7 7 3 1 2 0
< RES 1637095223 129 3
> REQ 1637095223 130 3
> VAMPIRE 1 7 7 2 1 2 0
> VAMPIRE 3 7 7 3 1 2 0
> VAMPIRE 2 7 7 2 1 2 0
> VAMPIRE 4 7 7 3 1 2 0
< RES 1637095223 130 3
> REQ 1637095223 131 3
> VAMPIRE 1 7 7 2 1 2 0
> VAMPIRE 3 7 7 3 1 2 0
> VAMPIRE 2 7 7 2 1 2 0
> VAMPIRE 4 7 7 3 1 2 0
< RES 1637095223 131 3
> REQ 1637095223 132 3
> VAMPIRE 1 7 7 2 1 2 0
> VAMPIRE 3 7 7 3 1 2 0
> VAMPIRE 2 7 7 2 1 2 0
> VAMPIRE 4 7 7 3 1 2 0
< RES 1637095223 132 3
> REQ 1637095223 133 3
> VAMPIRE 1 7 7 2 1 2 0
> VAMPIRE 3 7 7 3 1 2 0
> VAMPIRE 2 7 7 2 1 2 0
> VAMPIRE 4 7 7 3 1 2 0
< RES 1637095223 133 3
> REQ 1637095223 134 3
> VAMPIRE 1 7 7 2 1 2 0
> VAMPIRE 3 7 7 3 1 2 0
> VAMPIRE 2 7 7 2 1 2 0
> VAMPIRE 4 7 7 3 1 2 0
< RES 1637095223 134 3
> REQ 1637095223 135 3
> VAMPIRE 1 7 7 2 1 2 0
> VAMPIRE 3 7 7 3 1 2 0
> VAMPIRE 2 7 7 2 1 2 0
> VAMPIRE 4 7 7 3 1 2 0
< RES 1637095223 135 3
> REQ 1637095223 136 3
> VAMPIRE 1 7 7 2 1 2 0
> VAMPIRE 3 7 7 3 1 2 0
> VAMPIRE 2 7 7 2 1 2 0
> VAMPIRE 4 7 7 3 1 2 0
< RES 1637095223 136 3
> REQ 1637095223 137 3
> VAMPIRE 1 7 7 2 1 2 0
> VAMPIRE 3 7 7 3 1 2 0
> VAMPIRE 2 7 7 2 1 2 0
> VAMPIRE 4 7 7 3 1 2 0
< RES 1637095223 137 3
> REQ 1637095223 138 3
> VAMPIRE 1 7 7 2 1 2 0
> VAMPIRE 3 7 7 3 1 2 0
> VAMPIRE 2 7 7 2 1 2 0
> VAMPIRE 4 7 7 3 1 2 0
< RES 1637095223 138 3
> REQ 1637095223 139 3
> VAMPIRE 1 7 7 2 1 2 0
> VAMPIRE 3 7 7 3 1 2 0
> VAMPIRE 2 7 7 2 1 2 0
> VAMPIRE 4 7 7 3 1 2 0
< RES 1637095223 139 3
> REQ 1637095223 140 3
> VAMPIRE 1 7 7 2 1 2 0
> VAMPIRE 3 7 7 3 1 2 0
> VAMPIRE 2 7 7 2 1 2 0
> VAMPIRE 4 7 7 3 1 2 0
< RES 1637095223 140 3
> REQ 1637095223 141 3
> VAMPIRE 1 7 7 2 1 2 0
> VAMPIRE 3 7 7 3 1 2 0
> VAMPIRE 2 7 7 2 1 2 0
> VAMPIRE 4 7 7 3 1 2 0
< RES 1637095223 141 3
> REQ 1637095223 142 3
> VAMPIRE 1 7 7 2 1 2 0
> VAMPIRE 3 7 7 3 1 2 0
> VAMPIRE 2 7 7 2 1 2 0
> VAMPIRE 4 7 7 3 1 2 0
< RES 1637095223 142 3
> REQ 1637095223 143 3
> VAMPIRE 1 7 7 2 1 2 0
> VAMPIRE 3 7 7 3 1 2 0
> VAMPIRE 2 7 7 2 1 2 0
> VAMPIRE 4 7 7 3 1 2 0
< RES 1637095223 143 3
> REQ 1637095223 144 3
> VAMPIRE 1 7 7 2 1 2 0
> VAMPIRE 3 7 7 3 1 2 0
> VAMPIRE 2 7 7 2 1 2 0
> VAMPIRE 4 7 7 3 1 2 0
< RES 1637095223 144 3
> REQ 1637095223 145 3
> VAMPIRE 1 7 7 2 1 2 0
> VAMPIRE 3 7 7 3 1 2 0
> VAMPIRE 2 7 7 2 1 2 0
> VAMPIRE 4 7 7 3 1 2 0
< RES 1637095223 145 3
> REQ 1637095223 146 3
> VAMPIRE 1 7 7 2 1 2 0
> VAMPIRE 3 7 7 3 1 2 0
> VAMPIRE 2 7 7 2 1 2 0
> VAMPIRE 4 7 7 3 1 2 0
< RES 1637095223 146 3
> REQ 1637095223 147 3
> VAMPIRE 1 7 7 2 1 2 0
> VAMPIRE 3 7 7 3 1 2 0
> VAMPIRE 2 7 7 2 1 2 0
> VAMPIRE 4 7 7 3 1 2 0
< RES 1637095223 147 3
> REQ 1637095223 148 3
> VAMPIRE 1 7 7 2 1 2 0
> VAMPIRE 3 7 7 3 1 2 0
> VAMPIRE 2 7 7 2 1 2 0
> VAMPIRE 4 7 7 3 1 2 0
> POWERUP TOMATO -8 19 6
> POWERUP TOMATO -8 1 14
< RES 1637095223 148 3
< MOVE D D
> REQ 1637095223 149 3
> VAMPIRE 1 9 7 2 1 2 0
> VAMPIRE 3 9 7 3 1 2 0
> VAMPIRE 2 9 7 2 1 2 0
> VAMPIRE 4 9 7 3 1 2 0
> POWERUP TOMATO -7 19 6
> POWERUP TOMATO -7 1 14
< RES 1637095223 149 3
< MOVE D D
> REQ 1637095223 150 3
> VAMPIRE 1 11 7 2 1 2 0
> VAMPIRE 3 11 7 3 1 2 0
> VAMPIRE 2 11 7 2 1 2 0
> VAMPIRE 4 11 7 3 1 2 0
> POWERUP TOMATO -6 19 6
> POWERUP TOMATO -6 1 14
< RES 1637095223 150 3
< MOVE D D
> REQ 1637095223 151 3
> VAMPIRE 1 13 7 2 1 2 0
> VAMPIRE 3 13 7 3 1 2 0
> VAMPIRE 2 13 7 2 1 2 0
> VAMPIRE 4 13 7 3 1 2 0
> POWERUP TOMATO -5 19 6
> POWERUP TOMATO -5 1 14
< RES 1637095223 151 3
< MOVE D D
> REQ 1637095223 152 3
> VAMPIRE 1 15 7 2 1 2 0
> VAMPIRE 3 15 7 3 1 2 0
> VAMPIRE 2 15 7 2 1 2 0
> VAMPIRE 4 15 7 3 1 2 0
> POWERUP TOMATO -4 19 6
> POWERUP TOMATO -4 1 14
< RES 1637095223 152 3
< MOVE D D
> REQ 1637095223 153 3
> VAMPIRE 1 17 7 2 1 2 0
> VAMPIRE 3 17 7 3 1 2 0
> VAMPIRE 2 17 7 2 1 2 0
> VAMPIRE 4 17 7 3 1 2 0
> POWERUP TOMATO -3 19 6
> POWERUP TOMATO -3 1 14
< RES 1637095223 153 3
< MOVE D D
> REQ 1637095223 154 3
> VAMPIRE 1 19 7 2 1 2 0
> VAMPIRE 3 19 7 3 1 2 0
> VAMPIRE 2 19 7 2 1 2 0
> VAMPIRE 4 19 7 3 1 2 0
> POWERUP TOMATO -2 19 6
> POWERUP TOMATO -2 1 14
< RES 1637095223 154 3
< MOVE L
> REQ 1637095223 155 3
> VAMPIRE 1 19 6 2 1 2 0
> VAMPIRE 3 19 6 3 1 2 0
> VAMPIRE 2 19 6 2 1 2 0
> VAMPIRE 4 19 6 3 1 2 0
> POWERUP TOMATO -1 19 6
> POWERUP TOMATO -1 1 14
< RES 1637095223 155 3
< MOVE R U
> REQ 1637095223 156 3
> VAMPIRE 1 18 7 3 1 2 0
> VAMPIRE 3 18 7 3 1 2 0
> VAMPIRE 2 18 7 3 1 2 0
> VAMPIRE 4 18 7 3 1 2 0
> POWERUP TOMATO 10 1 14
< RES 1637095223 156 3
< MOVE U
> REQ 1637095223 157 3
> VAMPIRE 1 17 7 3 1 2 0
> VAMPIRE 3 17 7 3 1 2 0
> VAMPIRE 2 17 7 3 1 2 0
> VAMPIRE 4 17 7 3 1 2 0
> POWERUP TOMATO 9 1 14
< RES 1637095223 157 3
< MOVE R R
> REQ 1637095223 158 3
> VAMPIRE 1 17 9 3 1 2 0
> VAMPIRE 3 17 9 3 1 2 0
> VAMPIRE 2 17 9 3 1 2 0
> VAMPIRE 4 17 9 3 1 2 0
> POWERUP TOMATO 8 1 14
< RES 1637095223 158 3
< MOVE U U
> REQ 1637095223 159 3
> VAMPIRE 1 15 9 3 1 2 0
> VAMPIRE 3 15 9 3 1 2 0
> VAMPIRE 2 15 9 3 1 2 0
> VAMPIRE 4 15 9 3 1 2 0
> POWERUP TOMATO 7 1 14
< RES 1637095223 159 3
< MOVE U U
> REQ 1637095223 160 3
> VAMPIRE 1 13 9 3 1 2 0
> VAMPIRE 3 13 9 3 1 2 0
> VAMPIRE 2 13 9 3 1 2 0
> VAMPIRE 4 13 9 3 1 2 0
> POWERUP TOMATO 6 1 14
< RES 1637095223 160 3
< MOVE U U
> REQ 1637095223 161 3
> VAMPIRE 1 11 9 3 1 2 0
> VAMPIRE 3 11 9 3 1 2 0
> VAMPIRE 2 11 9 3 1 2 0
> VAMPIRE 4 11 9 3 1 2 0
> POWERUP TOMATO 5 1 14
< RES 1637095223 161 3
> REQ 1637095223 162 3
> VAMPIRE 1 11 9 3 1 2 0
> VAMPIRE 3 11 9 3 1 2 0
> VAMPIRE 2 11 9 3 1 2 0
> VAMPIRE 4 11 9 3 1 2 0
> POWERUP TOMATO 4 1 14
< RES 1637095223 162 3
> REQ 1637095223 163 3
> VAMPIRE 1 11 9 3 1 2 0
> VAMPIRE 3 11 9 3 1 2 0
> VAMPIRE 2 11 9 3 1 2 0
> VAMPIRE 4 11 9 3 1 2 0
> POWERUP TOMATO 3 1 14
< RES 1637095223 163 3
> REQ 1637095223 164 3
> VAMPIRE 1 11 9 3 1 2 0
> VAMPIRE 3 11 9 3 1 2 0
> VAMPIRE 2 11 9 3 1 2 0
> VAMPIRE 4 11 9 3 1 2 0
> POWERUP TOMATO 2 1 14
< RES 1637095223 164 3
> REQ 1637095223 165 3
> VAMPIRE 1 11 9 3 1 2 0
> VAMPIRE 3 11 9 3 1 2 0
> VAMPIRE 2 11 9 3 1 2 0
> VAMPIRE 4 11 9 3 1 2 0
> POWERUP TOMATO 1 1 14
< RES 1637095223 165 3
> REQ 1637095223 166 3
> VAMPIRE 1 11 9 3 1 2 0
> VAMPIRE 3 11 9 3 1 2 0
> VAMPIRE 2 11 9 3 1 2 0
> VAMPIRE 4 11 9 3 1 2 0
< RES 1637095223 166 3
> REQ 1637095223 167 3
> VAMPIRE 1 11 9 3 1 2 0
> VAMPIRE 3 11 9 3 1 2 0
> VAMPIRE 2 11 9 3 1 2 0
> VAMPIRE 4 11 9 3 1 2 0
< RES 1637095223 167 3
> REQ 1637095223 168 3
> VAMPIRE 1 11 9 3 1 2 0
> VAMPIRE 3 11 9 3 1 2 0
> VAMPIRE 2 11 9 3 1 2 0
> VAMPIRE 4 11 9 3 1 2 0
< RES 1637095223 168 3
> REQ 1637095223 169 3
> VAMPIRE 1 11 9 3 1 2 0
> VAMPIRE 3 11 9 3 1 2 0
> VAMPIRE 2 11 9 3 1 2 0
> VAMPIRE 4 11 9 3 1 2 0
< RES 1637095223 169 3
> REQ 1637095223 170 3
> VAMPIRE 1 11 9 3 1 2 0
> VAMPIRE 3 11 9 3 1 2 0
> VAMPIRE 2 11 9 3 1 2 0
> VAMPIRE 4 11 9 3 1 2 0
< RES 1637095223 170 3
> REQ 1637095223 171 3
> VAMPIRE 1 11 9 3 1 2 0
> VAMPIRE 3 11 9 3 1 2 0
> VAMPIRE 2 11 9 3 1 2 0
> VAMPIRE 4 11 9 3 1 2 0
< RES 1637095223 171 3
> REQ 1637095223 172 3
> VAMPIRE 1 11 9 3 1 2 0
> VAMPIRE 3 11 9 3 1 2 0
> VAMPIRE 2 11 9 3 1 2 0
> VAMPIRE 4 11 9 3 1 2 0
< RES 1637095223 172 3
> REQ 1637095223 173 3
> VAMPIRE 1 11 9 3 1 2 0
> VAMPIRE 3 11 9 3 1 2 0
> VAMPIRE 2 11 9 3 1 2 0
> VAMPIRE 4 11 9 3 1 2 0
< RES 1637095223 173 3
> REQ 1637095223 174 3
> VAMPIRE 1 11 9 3 1 2 0
> VAMPIRE 3 11 9 3 1 2 0
> VAMPIRE 2 11 9 3 1 2 0
> VAMPIRE 4 11 9 3 1 2 0
< RES 1637095223 174 3
> REQ 1637095223 175 3
> VAMPIRE 1 11 9 3 1 2 0
> VAMPIRE 3 11 9 3 1 2 0
> VAMPIRE 2 11 9 3 1 2 0
> VAMPIRE 4 11 9 3 1 2 0
< RES 1637095223 175 3
> REQ 1637095223 176 3
> VAMPIRE 1 11 9 3 1 2 0
> VAMPIRE 3 11 9 3 1 2 0
> VAMPIRE 2 11 9 3 1 2 0
> VAMPIRE 4 11 9 3 1 2 0
< RES 1637095223 176 3
> REQ 1637095223 177 3
> VAMPIRE 1 11 9 3 1 2 0
> VAMPIRE 3 11 9 3 1 2 0
> VAMPIRE 2 11 9 3 1 2 0
> VAMPIRE 4 11 9 3 1 2 0
< RES 1637095223 177 3
> REQ 1637095223 178 3
> VAMPIRE 1 11 9 3 1 2 0
> VAMPIRE 3 11 9 3 1 2 0
> VAMPIRE 2 11 9 3 1 2 0
> VAMPIRE 4 11 9 3 1 2 0
< RES 1637095223 178 3
> REQ 1637095223 179 3
> VAMPIRE 1 11 9 3 1 2 0
> VAMPIRE 3 11 9 3 1 2 0
> VAMPIRE 2 11 9 3 1 2 0
> VAMPIRE 4 11 9 3 1 2 0
< RES 1637095223 179 3
> REQ 1637095223 180 3
> VAMPIRE 1 11 9 3 1 2 0
> VAMPIRE 3 11 9 3 1 2 0
> VAMPIRE 2 11 9 3 1 2 0
> VAMPIRE 4 11 9 3 1 2 0
< RES 1637095223 180 3
> REQ 1637095223 181 3
> VAMPIRE 1 11 9 3 1 2 0
> VAMPIRE 3 11 9 3 1 2 0
> VAMPIRE 2 11 9 3 1 2 0
> VAMPIRE 4 11 9 3 1 2 0
< RES 1637095223 181 3
> REQ 1637095223 182 3
> VAMPIRE 1 11 9 3 1 2 0
> VAMPIRE 3 11 9 3 1 2 0
> VAMPIRE 2 11 9 3 1 2 0
> VAMPIRE 4 11 9 3 1 2 0
< RES 1637095223 182 3
> REQ 1637095223 183 3
> VAMPIRE 1 11 9 3 1 2 0
> VAMPIRE 3 11 9 3 1 2 0
> VAMPIRE 2 11 9 3 1 2 0
> VAMPIRE 4 11 9 3 1 2 0
< RES 1637095223 183 3
> REQ 1637095223 184 3
> VAMPIRE 1 11 9 3 1 2 0
> VAMPIRE 3 11 9 3 1 2 0
> VAMPIRE 2 11 9 3 1 2 0
> VAMPIRE 4 11 9 3 1 2 0
> POWERUP TOMATO -7 17 17
> POWERUP TOMATO -7 3 3
< RES 1637095223 184 3
< MOVE R R
> REQ 1637095223 185 3
> VAMPIRE 1 11 11 3 1 2 0
> VAMPIRE 3 11 11 3 1 2 0
> VAMPIRE 2 11 11 3 1 2 0
> VAMPIRE 4 11 11 3 1 2 0
> POWERUP TOMATO -6 17 17
> POWERUP TOMATO -6 3 3
< RES 1637095223 185 3
< MOVE R R
> REQ 1637095223 186 3
> VAMPIRE 1 11 13 3 1 2 0
> VAMPIRE 3 11 13 3 1 2 0
> VAMPIRE 2 11 13 3 1 2 0
> VAMPIRE 4 11 13 3 1 2 0
> POWERUP TOMATO -5 17 17
> POWERUP TOMATO -5 3 3
< RES 1637095223 186 3
< MOVE R R
> REQ 1637095223 187 3
> VAMPIRE 1 11 15 3 1 2 0
> VAMPIRE 3 11 15 3 1 2 0
> VAMPIRE 2 11 15 3 1 2 0
> VAMPIRE 4 11 15 3 1 2 0
> POWERUP TOMATO -4 17 17
> POWERUP TOMATO -4 3 3
< RES 1637095223 187 3
< MOVE R R
> REQ 1637095223 188 3
> VAMPIRE 1 11 17 3 1 2 0
> VAMPIRE 3 11 17 3 1 2 0
> VAMPIRE 2 11 17 3 1 2 0
> VAMPIRE 4 11 17 3 1 2 0
> POWERUP TOMATO -3 17 17
> POWERUP TOMATO -3 3 3
< RES 1637095223 188 3
< MOVE D D
> REQ 1637095223 189 3
> VAMPIRE 1 13 17 3 1 2 0
> VAMPIRE 3 13 17 3 1 2 0
> VAMPIRE 2 13 17 3 1 2 0
> VAMPIRE 4 13 17 3 1 2 0
> POWERUP TOMATO -2 17 17
> POWERUP TOMATO -2 3 3
< RES 1637095223 189 3
< MOVE D D
> REQ 1637095223 190 3
> VAMPIRE 1 15 17 3 1 2 0
> VAMPIRE 3 15 17 3 1 2 0
> VAMPIRE 2 15 17 3 1 2 0
> VAMPIRE 4 15 17 3 1 2 0
> POWERUP TOMATO -1 17 17
> POWERUP TOMATO -1 3 3
< RES 1637095223 190 3
< MOVE D D
> REQ 1637095223 191 3
> VAMPIRE 1 17 17 3 1 2 0
> VAMPIRE 3 17 17 3 1 2 0
> VAMPIRE 2 17 17 3 1 2 0
> VAMPIRE 4 17 17 3 1 2 0
> POWERUP TOMATO 20 17 17
> POWERUP TOMATO 20 3 3
< RES 1637095223 191 3
< MOVE U U
> REQ 1637095223 192 3
> VAMPIRE 1 15 17 3 1 2 0
> VAMPIRE 3 15 17 3 1 2 0
> VAMPIRE 2 15 17 3 1 2 0
> VAMPIRE 4 15 17 3 1 2 0
> POWERUP TOMATO 19 3 3
< RES 1637095223 192 3
< MOVE U U
> REQ 1637095223 193 3
> VAMPIRE 1 13 17 3 1 2 0
> VAMPIRE 3 13 17 3 1 2 0
> VAMPIRE 2 13 17 3 1 2 0
> VAMPIRE 4 13 17 3 1 2 0
> POWERUP TOMATO 18 3 3
< RES 1637095223 193 3
< MOVE U U
> REQ 1637095223 194 3
> VAMPIRE 1 11 17 3 1 2 0
> VAMPIRE 3 11 17 3 1 2 0
> VAMPIRE 2 11 17 3 1 2 0
> VAMPIRE 4 11 17 3 1 2 0
> POWERUP TOMATO 17 3 3
< RES 1637095223 194 3
< MOVE U U
> REQ 1637095223 195 3
> VAMPIRE 1 9 17 3 1 2 0
> VAMPIRE 3 9 17 3 1 2 0
> VAMPIRE 2 9 17 3 1 2 0
> VAMPIRE 4 9 17 3 1 2 0
> POWERUP TOMATO 16 3 3
< RES 1637095223 195 3
< MOVE U U
> REQ 1637095223 196 3
> VAMPIRE 1 7 17 3 1 2 0
> VAMPIRE 3 7 17 3 1 2 0
> VAMPIRE 2 7 17 3 1 2 0
> VAMPIRE 4 7 17 3 1 2 0
> POWERUP TOMATO 15 3 3
< RES 1637095223 196 3
< MOVE U U
> REQ 1637095223 197 3
> VAMPIRE 1 5 17 3 1 2 0
> VAMPIRE 3 5 17 3 1 2 0
> VAMPIRE 2 5 17 3 1 2 0
> VAMPIRE 4 5 17 3 1 2 0
> POWERUP TOMATO 14 3 3
< RES 1637095223 197 3
< MOVE U U
> REQ 1637095223 198 3
> VAMPIRE 1 3 17 3 1 2 0
> VAMPIRE 3 3 17 3 1 2 0
> VAMPIRE 2 3 17 3 1 2 0
> VAMPIRE 4 3 17 3 1 2 0
> POWERUP TOMATO 13 3 3
< RES 1637095223 198 3
< MOVE L L
> REQ 1637095223 199 3
> VAMPIRE 1 3 15 3 1 2 0
> VAMPIRE 3 3 15 3 1 2 0
> VAMPIRE 2 3 15 3 1 2 0
> VAMPIRE 4 3 15 3 1 2 0
> POWERUP TOMATO 12 3 3
< RES 1637095223 199 3
< MOVE L L
> REQ 1637095223 200 3
> VAMPIRE 1 3 13 3 1 2 0
> VAMPIRE 3 3 13 3 1 2 0
> VAMPIRE 2 3 13 3 1 2 0
> VAMPIRE 4 3 13 3 1 2 0
> POWERUP TOMATO 11 3 3
< RES 1637095223 200 3
< MOVE L L
> REQ 1637095223 201 3
> VAMPIRE 1 3 11 3 1 2 0
> VAMPIRE 3 3 11 3 1 2 0
> VAMPIRE 2 3 11 3 1 2 0
> VAMPIRE 4 3 11 3 1 2 0
> POWERUP TOMATO 10 3 3
< RES 1637095223 201 3
< MOVE L L
> REQ 1637095223 202 3
> VAMPIRE 1 3 9 3 1 2 0
> VAMPIRE 3 3 9 3 1 2 0
> VAMPIRE 2 3 9 3 1 2 0
> VAMPIRE 4 3 9 3 1 2 0
> POWERUP TOMATO 9 3 3
< RES 1637095223 202 3
< MOVE L L
> REQ 1637095223 203 3
> VAMPIRE 1 3 7 3 1 2 0
> VAMPIRE 3 3 7 3 1 2 0
> VAMPIRE 2 3 7 3 1 2 0
> VAMPIRE 4 3 7 3 1 2 0
> POWERUP TOMATO 8 3 3
< RES 1637095223 203 3
< MOVE L L
> REQ 1637095223 204 3
> VAMPIRE 1 3 5 3 1 2 0
> VAMPIRE 3 3 5 3 1 2 0
> VAMPIRE 2 3 5 3 1 2 0
> VAMPIRE 4 3 5 3 1 2 0
> POWERUP TOMATO 7 3 3
< RES 1637095223 204 3
< MOVE L L
> REQ 1637095223 205 3
> VAMPIRE 1 3 3 3 1 2 0
> VAMPIRE 3 3 3 3 1 2 0
> VAMPIRE 2 3 3 3 1 2 0
> VAMPIRE 4 3 3 3 1 2 0
> POWERUP TOMATO 6 3 3
< RES 1637095223 205 3
< MOVE R R
> REQ 1637095223 206 3
> VAMPIRE 1 3 5 3 1 2 0
> VAMPIRE 3 3 5 3 1 2 0
> VAMPIRE 2 3 5 3 1 2 0
> VAMPIRE 4 3 5 3 1 2 0
< RES 1637095223 206 3
< MOVE R R
> REQ 1637095223 207 3
> VAMPIRE 1 3 7 3 1 2 0
> VAMPIRE 3 3 7 3 1 2 0
> VAMPIRE 2 3 7 3 1 2 0
> VAMPIRE 4 3 7 3 1 2 0
< RES 1637095223 207 3
< MOVE R R
> REQ 1637095223 208 3
> VAMPIRE 1 3 9 3 1 2 0
> VAMPIRE 3 3 9 3 1 2 0
> VAMPIRE 2 3 9 3 1 2 0
> VAMPIRE 4 3 9 3 1 2 0
< RES 1637095223 208 3
< MOVE D D
> REQ 1637095223 209 3
> VAMPIRE 1 5 9 3 1 2 0
> VAMPIRE 3 5 9 3 1 2 0
> VAMPIRE 2 5 9 3 1 2 0
> VAMPIRE 4 5 9 3 1 2 0
< RES 1637095223 209 3
< MOVE D D
> REQ 1637095223 210 3
> VAMPIRE 1 7 9 3 1 2 0
> VAMPIRE 3 7 9 3 1 2 0
> VAMPIRE 2 7 9 3 1 2 0
> VAMPIRE 4 7 9 3 1 2 0
< RES 1637095223 210 3
< MOVE D D
> REQ 1637095223 211 3
> VAMPIRE 1 9 9 3 1 2 0
> VAMPIRE 3 9 9 3 1 2 0
> VAMPIRE 2 9 9 3 1 2 0
> VAMPIRE 4 9 9 3 1 2 0
< RES 1637095223 211 3
> REQ 1637095223 212 3
> VAMPIRE 1 9 9 3 1 2 0
> VAMPIRE 3 9 9 3 1 2 0
> VAMPIRE 2 9 9 3 1 2 0
> VAMPIRE 4 9 9 3 1 2 0
< RES 1637095223 212 3
> REQ 1637095223 213 3
> VAMPIRE 1 9 9 3 1 2 0
> VAMPIRE 3 9 9 3 1 2 0
> VAMPIRE 2 9 9 3 1 2 0
> VAMPIRE 4 9 9 3 1 2 0
< RES 1637095223 213 3
> REQ 1637095223 214 3
> VAMPIRE 1 9 9 3 1 2 0
> VAMPIRE 3 9 9 3 1 2 0
> VAMPIRE 2 9 9 3 1 2 0
> VAMPIRE 4 9 9 3 1 2 0
< RES 1637095223 214 3
> REQ 1637095223 215 3
> VAMPIRE 1 9 9 3 1 2 0
> VAMPIRE 3 9 9 3 1 2 0
> VAMPIRE 2 9 9 3 1 2 0
> VAMPIRE 4 9 9 3 1 2 0
< RES 1637095223 215 3
> REQ 1637095223 216 3
> VAMPIRE 1 9 9 3 1 2 0
> VAMPIRE 3 9 9 3 1 2 0
> VAMPIRE 2 9 9 3 1 2 0
> VAMPIRE 4 9 9 3 1 2 0
< RES 1637095223 216 3
> REQ 1637095223 217 3
> VAMPIRE 1 9 9 3 1 2 0
> VAMPIRE 3 9 9 3 1 2 0
> VAMPIRE 2 9 9 3 1 2 0
> VAMPIRE 4 9 9 3 1 2 0
< RES 1637095223 217 3
> REQ 1637095223 218 3
> VAMPIRE 1 9 9 3 1 2 0
> VAMPIRE 3 9 9 3 1 2 0
> VAMPIRE 2 9 9 3 1 2 0
> VAMPIRE 4 9 9 3 1 2 0
< RES 1637095223 218 3
> REQ 1637095223 219 3
> VAMPIRE 1 9 9 3 1 2 0
> VAMPIRE 3 9 9 3 1 2 0
> VAMPIRE 2 9 9 3 1 2 0
> VAMPIRE 4 9 9 3 1 2 0
> POWERUP BATTERY -5 12 11
> POWERUP BATTERY -5 8 9
< RES 1637095223 219 3
< MOVE U
> REQ 1637095223 220 3
> VAMPIRE 1 8 9 3 1 2 0
> VAMPIRE 3 8 9 3 1 2 0
> VAMPIRE 2 8 9 3 1 2 0
> VAMPIRE 4 8 9 3 1 2 0
> POWERUP BATTERY -4 12 11
> POWERUP BATTERY -4 8 9
< RES 1637095223 220 3
> REQ 1637095223 221 3
> VAMPIRE 1 8 9 3 1 2 0
> VAMPIRE 3 8 9 3 1 2 0
> VAMPIRE 2 8 9 3 1 2 0
> VAMPIRE 4 8 9 3 1 2 0
> POWERUP BATTERY -3 12 11
> POWERUP BATTERY -3 8 9
< RES 1637095223 221 3
> REQ 1637095223 222 3
> VAMPIRE 1 8 9 3 1 2 0
> VAMPIRE 3 8 9 3 1 2 0
> VAMPIRE 2 8 9 3 1 2 0
> VAMPIRE 4 8 9 3 1 2 0
> POWERUP BATTERY -2 12 11
> POWERUP BATTERY -2 8 9
< RES 1637095223 222 3
> REQ 1637095223 223 3
> VAMPIRE 1 8 9 3 1 2 0
> VAMPIRE 3 8 9 3 1 2 0
> VAMPIRE 2 8 9 3 1 2 0
> VAMPIRE 4 8 9 3 1 2 0
> POWERUP BATTERY -1 12 11
> POWERUP BATTERY -1 8 9
< RES 1637095223 223 3
< MOVE D R
> REQ 1637095223 224 3
> VAMPIRE 1 9 10 3 1 3 0
> VAMPIRE 3 9 10 3 1 3 0
> VAMPIRE 2 9 10 3 1 3 0
> VAMPIRE 4 9 10 3 1 3 0
> POWERUP BATTERY 17 12 11
< RES 1637095223 224 3
< MOVE R D
> REQ 1637095223 225 3
> VAMPIRE 1 10 11 3 1 3 0
> VAMPIRE 3 10 11 3 1 3 0
> VAMPIRE 2 10 11 3 1 3 0
> VAMPIRE 4 10 11 3 1 3 0
> POWERUP BATTERY 16 12 11
< RES 1637095223 225 3
< MOVE D D
> REQ 1637095223 226 3
> VAMPIRE 1 12 11 3 1 3 0
> VAMPIRE 3 12 11 3 1 3 0
> VAMPIRE 2 12 11 3 1 3 0
> VAMPIRE 4 12 11 3 1 3 0
> POWERUP BATTERY 15 12 11
< RES 1637095223 226 3
< MOVE U
> REQ 1637095223 227 3
> VAMPIRE 1 11 11 3 1 4 0
> VAMPIRE 3 11 11 3 1 4 0
> VAMPIRE 2 11 11 3 1 4 0
> VAMPIRE 4 11 11 3 1 4 0
< RES 1637095223 227 3
< MOVE U U
> REQ 1637095223 228 3
> VAMPIRE 1 9 11 3 1 4 0
> VAMPIRE 3 9 11 3 1 4 0
> VAMPIRE 2 9 11 3 1 4 0
> VAMPIRE 4 9 11 3 1 4 0
< RES 1637095223 228 3
< MOVE D D
> REQ 1637095223 229 3
> VAMPIRE 1 11 11 3 1 4 0
> VAMPIRE 3 11 11 3 1 4 0
> VAMPIRE 2 11 11 3 1 4 0
> VAMPIRE 4 11 11 3 1 4 0
< RES 1637095223 229 3
< MOVE U U
> REQ 1637095223 230 3
> VAMPIRE 1 9 11 3 1 4 0
> VAMPIRE 3 9 11 3 1 4 0
> VAMPIRE 2 9 11 3 1 4 0
> VAMPIRE 4 9 11 3 1 4 0
< RES 1637095223 230 3
< MOVE D D
> REQ 1637095223 231 3
> VAMPIRE 1 11 11 3 1 4 0
> VAMPIRE 3 11 11 3 1 4 0
> VAMPIRE 2 11 11 3 1 4 0
> VAMPIRE 4 11 11 3 1 4 0
< RES 1637095223 231 3
< MOVE U U
> REQ 1637095223 232 3
> VAMPIRE 1 9 11 3 1 4 0
> VAMPIRE 3 9 11 3 1 4 0
> VAMPIRE 2 9 11 3 1 4 0
> VAMPIRE 4 9 11 3 1 4 0
< RES 1637095223 232 3
< MOVE D D
> REQ 1637095223 233 3
> VAMPIRE 1 11 11 3 1 4 0
> VAMPIRE 3 11 11 3 1 4 0
> VAMPIRE 2 11 11 3 1 4 0
> VAMPIRE 4 11 11 3 1 4 0
< RES 1637095223 233 3
< MOVE U U
> REQ 1637095223 234 3
> VAMPIRE 1 9 11 3 1 4 0
> VAMPIRE 3 9 11 3 1 4 0
> VAMPIRE 2 9 11 3 1 4 0
> VAMPIRE 4 9 11 3 1 4 0
< RES 1637095223 234 3
< MOVE D D
> REQ 1637095223 235 3
> VAMPIRE 1 11 11 3 1 4 0
> VAMPIRE 3 11 11 3 1 4 0
> VAMPIRE 2 11 11 3 1 4 0
> VAMPIRE 4 11 11 3 1 4 0
< RES 1637095223 235 3
< MOVE U U
> REQ 1637095223 236 3
> VAMPIRE 1 9 11 3 1 4 0
> VAMPIRE 3 9 11 3 1 4 0
> VAMPIRE 2 9 11 3 1 4 0
> VAMPIRE 4 9 11 3 1 4 0
< RES 1637095223 236 3
< MOVE D D
> REQ 1637095223 237 3
> VAMPIRE 1 11 11 3 1 4 0
> VAMPIRE 3 11 11 3 1 4 0
> VAMPIRE 2 11 11 3 1 4 0
> VAMPIRE 4 11 11 3 1 4 0
< RES 1637095223 237 3
< MOVE U U
> REQ 1637095223 238 3
> VAMPIRE 1 9 11 3 1 4 0
> VAMPIRE 3 9 11 3 1 4 0
> VAMPIRE 2 9 11 3 1 4 0
> VAMPIRE 4 9 11 3 1 4 0
< RES 1637095223 238 3
< MOVE D D
> REQ 1637095223 239 3
> VAMPIRE 1 11 11 3 1 4 0
> VAMPIRE 3 11 11 3 1 4 0
> VAMPIRE 2 11 11 3 1 4 0
> VAMPIRE 4 11 11 3 1 4 0
< RES 1637095223 239 3
< MOVE U U
> REQ 1637095223 240 3
> VAMPIRE 1 9 11 3 1 4 0
> VAMPIRE 3 9 11 3 1 4 0
> VAMPIRE 2 9 11 3 1 4 0
> VAMPIRE 4 9 11 3 1 4 0
< RES 1637095223 240 3
< MOVE D D
> REQ 1637095223 241 3
> VAMPIRE 1 11 11 3 1 4 0
> VAMPIRE 3 11 11 3 1 4 0
> VAMPIRE 2 11 11 3 1 4 0
> VAMPIRE 4 11 11 3 1 4 0
< RES 1637095223 241 3
< MOVE U U
> REQ 1637095223 242 3
> VAMPIRE 1 9 11 3 1 4 0
> VAMPIRE 3 9 11 3 1 4 0
> VAMPIRE 2 9 11 3 1 4 0
> VAMPIRE 4 9 11 3 1 4 0
> POWERUP GRENADE -9 5 1
> POWERUP GRENADE -9 15 19
< RES 1637095223 242 3
< MOVE U U
> REQ 1637095223 243 3
> VAMPIRE 1 7 11 3 1 4 0
> VAMPIRE 3 7 11 3 1 4 0
> VAMPIRE 2 7 11 3 1 4 0
> VAMPIRE 4 7 11 3 1 4 0
> POWERUP GRENADE -8 5 1
> POWERUP GRENADE -8 15 19
< RES 1637095223 243 3
< MOVE U U
> REQ 1637095223 244 3
> VAMPIRE 1 5 11 3 1 4 0
> VAMPIRE 3 5 11 3 1 4 0
> VAMPIRE 2 5 11 3 1 4 0
> VAMPIRE 4 5 11 3 1 4 0
> POWERUP GRENADE -7 5 1
> POWERUP GRENADE -7 15 19
< RES 1637095223 244 3
< MOVE L L
> REQ 1637095223 245 3
> VAMPIRE 1 5 9 3 1 4 0
> VAMPIRE 3 5 9 3 1 4 0
> VAMPIRE 2 5 9 3 1 4 0
> VAMPIRE 4 5 9 3 1 4 0
> POWERUP GRENADE -6 5 1
> POWERUP GRENADE -6 15 19
< RES 1637095223 245 3
< MOVE L L
> REQ 1637095223 246 3
> VAMPIRE 1 5 7 3 1 4 0
> VAMPIRE 3 5 7 3 1 4 0
> VAMPIRE 2 5 7 3 1 4 0
> VAMPIRE 4 5 7 3 1 4 0
> POWERUP GRENADE -5 5 1
> POWERUP GRENADE -5 15 19
< RES 1637095223 246 3
< MOVE L L
> REQ 1637095223 247 3
> VAMPIRE 1 5 5 3 1 4 0
> VAMPIRE 3 5 5 3 1 4 0
> VAMPIRE 2 5 5 3 1 4 0
> VAMPIRE 4 5 5 3 1 4 0
> POWERUP GRENADE -4 5 1
> POWERUP GRENADE -4 15 19
< RES 1637095223 247 3
< MOVE L L
> REQ 1637095223 248 3
> VAMPIRE 1 5 3 3 1 4 0
> VAMPIRE 3 5 3 3 1 4 0
> VAMPIRE 2 5 3 3 1 4 0
> VAMPIRE 4 5 3 3 1 4 0
> POWERUP GRENADE -3 5 1
> POWERUP GRENADE -3 15 19
< RES 1637095223 248 3
< MOVE L L
> REQ 1637095223 249 3
> VAMPIRE 1 5 1 3 1 4 0
> VAMPIRE 3 5 1 3 1 4 0
> VAMPIRE 2 5 1 3 1 4 0
> VAMPIRE 4 5 1 3 1 4 0
> POWERUP GRENADE -2 5 1
> POWERUP GRENADE -2 15 19
< RES 1637095223 249 3
> REQ 1637095223 250 3
> VAMPIRE 1 5 1 3 1 4 0
> VAMPIRE 3 5 1 3 1 4 0
> VAMPIRE 2 5 1 3 1 4 0
> VAMPIRE 4 5 1 3 1 4 0
> POWERUP GRENADE -1 5 1
> POWERUP GRENADE -1 15 19
< RES 1637095223 250 3
< MOVE R R
> REQ 1637095223 251 3
> VAMPIRE 1 5 3 3 2 4 0
> VAMPIRE 3 5 3 3 2 4 0
> VAMPIRE 2 5 3 3 2 4 0
> VAMPIRE 4 5 3 3 2 4 0
> POWERUP GRENADE 18 15 19
< RES 1637095223 251 3
< MOVE R R
> REQ 1637095223 252 3
> VAMPIRE 1 5 5 3 2 4 0
> VAMPIRE 3 5 5 3 2 4 0
> VAMPIRE 2 5 5 3 2 4 0
> VAMPIRE 4 5 5 3 2 4 0
> POWERUP GRENADE 17 15 19
< RES 1637095223 252 3
< MOVE R R
> REQ 1637095223 253 3
> VAMPIRE 1 5 7 3 2 4 0
> VAMPIRE 3 5 7 3 2 4 0
> VAMPIRE 2 5 7 3 2 4 0
> VAMPIRE 4 5 7 3 2 4 0
> POWERUP GRENADE 16 15 19
< RES 1637095223 253 3
< MOVE R R
> REQ 1637095223 254 3
> VAMPIRE 1 5 9 3 2 4 0
> VAMPIRE 3 5 9 3 2 4 0
> VAMPIRE 2 5 9 3 2 4 0
> VAMPIRE 4 5 9 3 2 4 0
> POWERUP GRENADE 15 15 19
< RES 1637095223 254 3
< MOVE R R
> REQ 1637095223 255 3
> VAMPIRE 1 5 11 3 2 4 0
> VAMPIRE 3 5 11 3 2 4 0
> VAMPIRE 2 5 11 3 2 4 0
> VAMPIRE 4 5 11 3 2 4 0
> POWERUP GRENADE 14 15 19
< RES 1637095223 255 3
< MOVE R R
> REQ 1637095223 256 3
> VAMPIRE 1 5 13 3 2 4 0
> VAMPIRE 3 5 13 3 2 4 0
> VAMPIRE 2 5 13 3 2 4 0
> VAMPIRE 4 5 13 3 2 4 0
> POWERUP GRENADE 13 15 19
< RES 1637095223 256 3
< MOVE R R
> REQ 1637095223 257 3
> VAMPIRE 1 5 15 3 2 4 0
> VAMPIRE 3 5 15 3 2 4 0
> VAMPIRE 2 5 15 3 2 4 0
> VAMPIRE 4 5 15 3 2 4 0
> POWERUP GRENADE 12 15 19
< RES 1637095223 257 3
< MOVE R R
> REQ 1637095223 258 3
> VAMPIRE 1 5 17 3 2 4 0
> VAMPIRE 3 5 17 3 2 4 0
> VAMPIRE 2 5 17 3 2 4 0
> VAMPIRE 4 5 17 3 2 4 0
> POWERUP GRENADE 11 15 19
< RES 1637095223 258 3
< MOVE R R
> REQ 1637095223 259 3
> VAMPIRE 1 5 19 3 2 4 0
> VAMPIRE 3 5 19 3 2 4 0
> VAMPIRE 2 5 19 3 2 4 0
> VAMPIRE 4 5 19 3 2 4 0
> POWERUP GRENADE 10 15 19
< RES 1637095223 259 3
< MOVE D D
> REQ 1637095223 260 3
> VAMPIRE 1 7 19 3 2 4 0
> VAMPIRE 3 7 19 3 2 4 0
> VAMPIRE 2 7 19 3 2 4 0
> VAMPIRE 4 7 19 3 2 4 0
> POWERUP GRENADE 9 15 19
< RES 1637095223 260 3
< MOVE D D
> REQ 1637095223 261 3
> VAMPIRE 1 9 19 3 2 4 0
> VAMPIRE 3 9 19 3 2 4 0
> VAMPIRE 2 9 19 3 2 4 0
> VAMPIRE 4 9 19 3 2 4 0
> POWERUP GRENADE 8 15 19
< RES 1637095223 261 3
< MOVE D D
> REQ 1637095223 262 3
> VAMPIRE 1 11 19 3 2 4 0
> VAMPIRE 3 11 19 3 2 4 0
> VAMPIRE 2 11 19 3 2 4 0
> VAMPIRE 4 11 19 3 2 4 0
> POWERUP GRENADE 7 15 19
< RES 1637095223 262 3
< MOVE D D
> REQ 1637095223 263 3
> VAMPIRE 1 13 19 3 2 4 0
> VAMPIRE 3 13 19 3 2 4 0
> VAMPIRE 2 13 19 3 2 4 0
> VAMPIRE 4 13 19 3 2 4 0
> POWERUP GRENADE 6 15 19
< RES 1637095223 263 3
< MOVE D D
> REQ 1637095223 264 3
> VAMPIRE 1 15 19 3 2 4 0
> VAMPIRE 3 15 19 3 2 4 0
> VAMPIRE 2 15 19 3 2 4 0
> VAMPIRE 4 15 19 3 2 4 0
> POWERUP GRENADE 5 15 19
< RES 1637095223 264 3
< MOVE L L
> REQ 1637095223 265 3
> VAMPIRE 1 15 17 3 3 4 0
> VAMPIRE 3 15 17 3 3 4 0
> VAMPIRE 2 15 17 3 3 4 0
> VAMPIRE 4 15 17 3 3 4 0
< RES 1637095223 265 3
< MOVE L L
> REQ 1637095223 266 3
> VAMPIRE 1 15 15 3 3 4 0
> VAMPIRE 3 15 15 3 3 4 0
> VAMPIRE 2 15 15 3 3 4 0
> VAMPIRE 4 15 15 3 3 4 0
< RES 1637095223 266 3
< MOVE U U
> REQ 1637095223 267 3
> VAMPIRE 1 13 15 3 3 4 0
> VAMPIRE 3 13 15 3 3 4 0
> VAMPIRE 2 13 15 3 3 4 0
> VAMPIRE 4 13 15 3 3 4 0
< RES 1637095223 267 3
< MOVE L L
> REQ 1637095223 268 3
> VAMPIRE 1 13 13 3 3 4 0
> VAMPIRE 3 13 13 3 3 4 0
> VAMPIRE 2 13 13 3 3 4 0
> VAMPIRE 4 13 13 3 3 4 0
< RES 1637095223 268 3
< MOVE U U
> REQ 1637095223 269 3
> VAMPIRE 1 11 13 3 3 4 0
> VAMPIRE 3 11 13 3 3 4 0
> VAMPIRE 2 11 13 3 3 4 0
> VAMPIRE 4 11 13 3 3 4 0
< RES 1637095223 269 3
< MOVE L L
> REQ 1637095223 270 3
> VAMPIRE 1 11 11 3 3 4 0
> VAMPIRE 3 11 11 3 3 4 0
> VAMPIRE 2 11 11 3 3 4 0
> VAMPIRE 4 11 11 3 3 4 0
< RES 1637095223 270 3
< MOVE U U
> REQ 1637095223 271 3
> VAMPIRE 1 9 11 3 3 4 0
> VAMPIRE 3 9 11 3 3 4 0
> VAMPIRE 2 9 11 3 3 4 0
> VAMPIRE 4 9 11 3 3 4 0
< RES 1637095223 271 3
< MOVE D D
> REQ 1637095223 272 3
> VAMPIRE 1 11 11 3 3 4 0
> VAMPIRE 3 11 11 3 3 4 0
> VAMPIRE 2 11 11 3 3 4 0
> VAMPIRE 4 11 11 3 3 4 0
< RES 1637095223 272 3
< MOVE U U
> REQ 1637095223 273 3
> VAMPIRE 1 9 11 3 3 4 0
> VAMPIRE 3 9 11 3 3 4 0
> VAMPIRE 2 9 11 3 3 4 0
> VAMPIRE 4 9 11 3 3 4 0
< RES 1637095223 273 3
< MOVE D D
> REQ 1637095223 274 3
> VAMPIRE 1 11 11 3 3 4 0
> VAMPIRE 3 11 11 3 3 4 0
> VAMPIRE 2 11 11 3 3 4 0
> VAMPIRE 4 11 11 3 3 4 0
< RES 1637095223 274 3
< MOVE U U
> REQ 1637095223 275 3
> VAMPIRE 1 9 11 3 3 4 0
> VAMPIRE 3 9 11 3 3 4 0
> VAMPIRE 2 9 11 3 3 4 0
> VAMPIRE 4 9 11 3 3 4 0
< RES 1637095223 275 3
< MOVE D D
> REQ 1637095223 276 3
> VAMPIRE 1 11 11 3 3 4 0
> VAMPIRE 3 11 11 3 3 4 0
> VAMPIRE 2 11 11 3 3 4 0
> VAMPIRE 4 11 11 3 3 4 0
< RES 1637095223 276 3
< MOVE U U
> REQ 1637095223 277 3
> VAMPIRE 1 9 11 3 3 4 0
> VAMPIRE 3 9 11 3 3 4 0
> VAMPIRE 2 9 11 3 3 4 0
> VAMPIRE 4 9 11 3 3 4 0
< RES 1637095223 277 3
< MOVE D D
> REQ 1637095223 278 3
> VAMPIRE 1 11 11 3 3 4 0
> VAMPIRE 3 11 11 3 3 4 0
> VAMPIRE 2 11 11 3 3 4 0
> VAMPIRE 4 11 11 3 3 4 0
< RES 1637095223 278 3
< MOVE U U
> REQ 1637095223 279 3
> VAMPIRE 1 9 11 3 3 4 0
> VAMPIRE 3 9 11 3 3 4 0
> VAMPIRE 2 9 11 3 3 4 0
> VAMPIRE 4 9 11 3 3 4 0
< RES 1637095223 279 3
< MOVE D D
> REQ 1637095223 280 3
> VAMPIRE 1 11 11 3 3 4 0
> VAMPIRE 3 11 11 3 3 4 0
> VAMPIRE 2 11 11 3 3 4 0
> VAMPIRE 4 11 11 3 3 4 0
> POWERUP GRENADE -6 6 9
> POWERUP GRENADE -6 14 11
< RES 1637095223 280 3
< MOVE D D
> REQ 1637095223 281 3
> VAMPIRE 1 13 11 3 3 4 0
> VAMPIRE 3 13 11 3 3 4 0
> VAMPIRE 2 13 11 3 3 4 0
> VAMPIRE 4 13 11 3 3 4 0
> POWERUP GRENADE -5 6 9
> POWERUP GRENADE -5 14 11
< RES 1637095223 281 3
< GRENADE
< MOVE D D
> REQ 1637095223 282 3
> VAMPIRE 1 15 11 3 2 4 0
> VAMPIRE 3 15 11 3 2 4 0
> VAMPIRE 2 15 11 3 2 4 0
> VAMPIRE 4 15 11 3 2 4 0
> GRENADE 1 13 11 5 4
> GRENADE 3 13 11 5 4
> GRENADE 2 13 11 5 4
> GRENADE 4 13 11 5 4
> POWERUP GRENADE -4 6 9
> POWERUP GRENADE -4 14 11
< RES 1637095223 282 3
< MOVE U
> REQ 1637095223 283 3
> VAMPIRE 1 14 11 3 2 4 0
> VAMPIRE 3 14 11 3 2 4 0
> VAMPIRE 2 14 11 3 2 4 0
> VAMPIRE 4 14 11 3 2 4 0
> GRENADE 1 13 11 4 4
> GRENADE 3 13 11 4 4
> GRENADE 2 13 11 4 4
> GRENADE 4 13 11 4 4
> POWERUP GRENADE -3 6 9
> POWERUP GRENADE -3 14 11
< RES 1637095223 283 3
< MOVE D
> REQ 1637095223 284 3
> VAMPIRE 1 15 11 3 2 4 0
> VAMPIRE 3 15 11 3 2 4 0
> VAMPIRE 2 15 11 3 2 4 0
> VAMPIRE 4 15 11 3 2 4 0
> GRENADE 1 13 11 3 4
> GRENADE 3 13 11 3 4
> GRENADE 2 13 11 3 4
> GRENADE 4 13 11 3 4
> POWERUP GRENADE -2 6 9
> POWERUP GRENADE -2 14 11
< RES 1637095223 284 3
< MOVE U
> REQ 1637095223 285 3
> VAMPIRE 1 14 11 3 2 4 0
> VAMPIRE 3 14 11 3 2 4 0
> VAMPIRE 2 14 11 3 2 4 0
> VAMPIRE 4 14 11 3 2 4 0
> GRENADE 1 13 11 2 4
> GRENADE 3 13 11 2 4
> GRENADE 2 13 11 2 4
> GRENADE 4 13 11 2 4
> POWERUP GRENADE -1 6 9
> POWERUP GRENADE -1 14 11
< RES 1637095223 285 3
< MOVE D L
> REQ 1637095223 286 3
> VAMPIRE 1 15 10 3 3 4 0
> VAMPIRE 3 15 10 3 3 4 0
> VAMPIRE 2 15 10 3 3 4 0
> VAMPIRE 4 15 10 3 3 4 0
> GRENADE 1 13 11 1 4
> GRENADE 3 13 11 1 4
> GRENADE 2 13 11 1 4
> GRENADE 4 13 11 1 4
> POWERUP GRENADE 14 6 9
< RES 1637095223 286 3
< MOVE L U
> REQ 1637095223 287 3
> VAMPIRE 1 14 9 3 4 4 0
> VAMPIRE 3 14 9 3 4 4 0
> VAMPIRE 2 14 9 3 4 4 0
> VAMPIRE 4 14 9 3 4 4 0
> POWERUP GRENADE 13 6 9
< RES 1637095223 287 3
< MOVE U U
> REQ 1637095223 288 3
> VAMPIRE 1 12 9 3 4 4 0
> VAMPIRE 3 12 9 3 4 4 0
> VAMPIRE 2 12 9 3 4 4 0
> VAMPIRE 4 12 9 3 4 4 0
> POWERUP GRENADE 12 6 9
< RES 1637095223 288 3
< MOVE U U
> REQ 1637095223 289 3
> VAMPIRE 1 10 9 3 4 4 0
> VAMPIRE 3 10 9 3 4 4 0
> VAMPIRE 2 10 9 3 4 4 0
> VAMPIRE 4 10 9 3 4 4 0
> POWERUP GRENADE 11 6 9
< RES 1637095223 289 3
< MOVE U U
> REQ 1637095223 290 3
> VAMPIRE 1 8 9 3 4 4 0
> VAMPIRE 3 8 9 3 4 4 0
> VAMPIRE 2 8 9 3 4 4 0
> VAMPIRE 4 8 9 3 4 4 0
> POWERUP GRENADE 10 6 9
< RES 1637095223 290 3
< MOVE U U
> REQ 1637095223 291 3
> VAMPIRE 1 6 9 3 4 4 0
> VAMPIRE 3 6 9 3 4 4 0
> VAMPIRE 2 6 9 3 4 4 0
> VAMPIRE 4 6 9 3 4 4 0
> POWERUP GRENADE 9 6 9
< RES 1637095223 291 3
< MOVE U
> REQ 1637095223 292 3
> VAMPIRE 1 5 9 3 5 4 0
> VAMPIRE 3 5 9 3 5 4 0
> VAMPIRE 2 5 9 3 5 4 0
> VAMPIRE 4 5 9 3 5 4 0
< RES 1637095223 292 3
< MOVE D D
> REQ 1637095223 293 3
> VAMPIRE 1 7 9 3 5 4 0
> VAMPIRE 3 7 9 3 5 4 0
> VAMPIRE 2 7 9 3 5 4 0
> VAMPIRE 4 7 9 3 5 4 0
< RES 1637095223 293 3
< MOVE D D
> REQ 1637095223 294 3
> VAMPIRE 1 9 9 3 5 4 0
> VAMPIRE 3 9 9 3 5 4 0
> VAMPIRE 2 9 9 3 5 4 0
> VAMPIRE 4 9 9 3 5 4 0
< RES 1637095223 294 3
< MOVE R R
> REQ 1637095223 295 3
> VAMPIRE 1 9 11 3 5 4 0
> VAMPIRE 3 9 11 3 5 4 0
> VAMPIRE 2 9 11 3 5 4 0
> VAMPIRE 4 9 11 3 5 4 0
< RES 1637095223 295 3
< MOVE D D
> REQ 1637095223 296 3
> VAMPIRE 1 11 11 3 5 4 0
> VAMPIRE 3 11 11 3 5 4 0
> VAMPIRE 2 11 11 3 5 4 0
> VAMPIRE 4 11 11 3 5 4 0
< RES 1637095223 296 3
< MOVE U U
> REQ 1637095223 297 3
> VAMPIRE 1 9 11 3 5 4 0
> VAMPIRE 3 9 11 3 5 4 0
> VAMPIRE 2 9 11 3 5 4 0
> VAMPIRE 4 9 11 3 5 4 0
< RES 1637095223 297 3
< MOVE D D
> REQ 1637095223 298 3
> VAMPIRE 1 11 11 3 5 4 0
> VAMPIRE 3 11 11 3 5 4 0
> VAMPIRE 2 11 11 3 5 4 0
> VAMPIRE 4 11 11 3 5 4 0
< RES 1637095223 298 3
< MOVE U U
> REQ 1637095223 299 3
> VAMPIRE 1 9 11 3 5 4 0
> VAMPIRE 3 9 11 3 5 4 0
> VAMPIRE 2 9 11 3 5 4 0
> VAMPIRE 4 9 11 3 5 4 0
< RES 1637095223 299 3
< MOVE D D
> REQ 1637095223 300 3
> VAMPIRE 1 11 11 3 5 4 0
> VAMPIRE 3 11 11 3 5 4 0
> VAMPIRE 2 11 11 3 5 4 0
> VAMPIRE 4 11 11 3 5 4 0
< RES 1637095223 300 3
< MOVE U U
> REQ 1637095223 301 3
> VAMPIRE 1 9 11 3 5 4 0
> VAMPIRE 3 9 11 3 5 4 0
> VAMPIRE 2 9 11 3 5 4 0
> VAMPIRE 4 9 11 3 5 4 0
< RES 1637095223 301 3
< MOVE D D
> REQ 1637095223 302 3
> VAMPIRE 1 11 11 3 5 4 0
> VAMPIRE 3 11 11 3 5 4 0
> VAMPIRE 2 11 11 3 5 4 0
> VAMPIRE 4 11 11 3 5 4 0
< RES 1637095223 302 3
< MOVE U U
> REQ 1637095223 303 3
> VAMPIRE 1 9 11 3 5 4 0
> VAMPIRE 3 9 11 3 5 4 0
> VAMPIRE 2 9 11 3 5 4 0
> VAMPIRE 4 9 11 3 5 4 0
< RES 1637095223 303 3
< MOVE D D
> REQ 1637095223 304 3
> VAMPIRE 1 11 11 3 5 4 0
> VAMPIRE 3 11 11 3 5 4 0
> VAMPIRE 2 11 11 3 5 4 0
> VAMPIRE 4 11 11 3 5 4 0
> POWERUP TOMATO -7 3 12
> POWERUP TOMATO -7 17 8
< RES 1637095223 304 3
< MOVE U U
> REQ 1637095223 305 3
> VAMPIRE 1 9 11 3 5 4 0
> VAMPIRE 3 9 11 3 5 4 0
> VAMPIRE 2 9 11 3 5 4 0
> VAMPIRE 4 9 11 3 5 4 0
> POWERUP TOMATO -6 3 12
> POWERUP TOMATO -6 17 8
< RES 1637095223 305 3
< MOVE U U
> REQ 1637095223 306 3
> VAMPIRE 1 7 11 3 5 4 0
> VAMPIRE 3 7 11 3 5 4 0
> VAMPIRE 2 7 11 3 5 4 0
> VAMPIRE 4 7 11 3 5 4 0
> POWERUP TOMATO -5 3 12
> POWERUP TOMATO -5 17 8
< RES 1637095223 306 3
< MOVE U U
> REQ 1637095223 307 3
> VAMPIRE 1 5 11 3 5 4 0
> VAMPIRE 3 5 11 3 5 4 0
> VAMPIRE 2 5 11 3 5 4 0
> VAMPIRE 4 5 11 3 5 4 0
> POWERUP TOMATO -4 3 12
> POWERUP TOMATO -4 17 8
< RES 1637095223 307 3
< MOVE U U
> REQ 1637095223 308 3
> VAMPIRE 1 3 11 3 5 4 0
> VAMPIRE 3 3 11 3 5 4 0
> VAMPIRE 2 3 11 3 5 4 0
> VAMPIRE 4 3 11 3 5 4 0
> POWERUP TOMATO -3 3 12
> POWERUP TOMATO -3 17 8
< RES 1637095223 308 3
< MOVE R
> REQ 1637095223 309 3
> VAMPIRE 1 3 12 3 5 4 0
> VAMPIRE 3 3 12 3 5 4 0
> VAMPIRE 2 3 12 3 5 4 0
> VAMPIRE 4 3 13 3 4 4 0
> GRENADE 4 3 11 5 4
> POWERUP TOMATO -2 3 12
> POWERUP TOMATO -2 17 8
< RES 1637095223 309 3
> REQ 1637095223 310 3
> VAMPIRE 1 3 12 3 5 4 0
> VAMPIRE 3 3 12 3 5 4 0
> VAMPIRE 2 3 12 3 5 4 0
> VAMPIRE 4 3 13 3 3 4 0
> GRENADE 4 3 11 4 4
> GRENADE 4 3 13 5 4
> POWERUP TOMATO -1 3 12
> POWERUP TOMATO -1 17 8
< RES 1637095223 310 3
> REQ 1637095223 311 3
> VAMPIRE 1 3 12 3 5 4 0
> VAMPIRE 3 3 12 3 5 4 0
> VAMPIRE 2 3 12 3 5 4 0
> VAMPIRE 4 5 13 3 3 4 0
> GRENADE 4 3 11 3 4
> GRENADE 4 3 13 4 4
> POWERUP TOMATO 16 17 8
< RES 1637095223 311 3
> REQ 1637095223 312 3
> VAMPIRE 1 3 12 3 5 4 0
> VAMPIRE 3 3 12 3 5 4 0
> VAMPIRE 2 3 12 3 5 4 0
> VAMPIRE 4 5 15 3 3 4 0
> GRENADE 4 3 11 2 4
> GRENADE 4 3 13 3 4
> POWERUP TOMATO 15 17 8
< RES 1637095223 312 3
> REQ 1637095223 313 3
> VAMPIRE 1 3 12 3 5 4 0
> VAMPIRE 3 3 12 3 5 4 0
> VAMPIRE 2 3 12 3 5 4 0
> VAMPIRE 4 7 15 3 3 4 0
> GRENADE 4 3 11 1 4
> GRENADE 4 3 13 2 4
> POWERUP TOMATO 14 17 8
< RES 1637095223 313 3
> REQ 1637095223 314 3
> VAMPIRE 1 3 12 2 5 4 0
> VAMPIRE 3 3 12 2 5 4 0
> VAMPIRE 2 3 12 2 5 4 0
> VAMPIRE 4 9 15 3 5 4 0
> POWERUP TOMATO 13 17 8
< RES 1637095223 314 3
< MOVE L
> REQ 1637095223 315 3
> VAMPIRE 1 3 11 2 5 4 0
> VAMPIRE 3 3 11 2 5 4 0
> VAMPIRE 2 3 11 2 5 4 0
> VAMPIRE 4 11 15 3 5 4 0
> POWERUP TOMATO 12 17 8
< RES 1637095223 315 3
< MOVE D D
> REQ 1637095223 316 3
> VAMPIRE 1 5 11 2 5 4 0
> VAMPIRE 3 5 11 2 5 4 0
> VAMPIRE 2 5 11 2 5 4 0
> VAMPIRE 4 13 15 3 5 4 0
> POWERUP TOMATO 11 17 8
< RES 1637095223 316 3
< MOVE L L
> REQ 1637095223 317 3
> VAMPIRE 1 5 9 2 5 4 0
> VAMPIRE 3 5 9 2 5 4 0
> VAMPIRE 2 5 9 2 5 4 0
> VAMPIRE 4 15 15 3 5 4 0
> POWERUP TOMATO 10 17 8
< RES 1637095223 317 3
< MOVE D D
> REQ 1637095223 318 3
> VAMPIRE 1 7 9 2 5 4 0
> VAMPIRE 3 7 9 2 5 4 0
> VAMPIRE 2 7 9 2 5 4 0
> VAMPIRE 4 17 15 3 5 4 0
> POWERUP TOMATO 9 17 8
< RES 1637095223 318 3
< MOVE D D
> REQ 1637095223 319 3
> VAMPIRE 1 9 9 2 5 4 0
> VAMPIRE 3 9 9 2 5 4 0
> VAMPIRE 2 9 9 2 5 4 0
> VAMPIRE 4 17 13 3 5 4 0
> POWERUP TOMATO 8 17 8
< RES 1637095223 319 3
< MOVE U U
> REQ 1637095223 320 3
> VAMPIRE 1 7 9 2 5 4 0
> VAMPIRE 3 7 9 2 5 4 0
> VAMPIRE 2 7 9 2 5 4 0
> VAMPIRE 4 17 11 3 5 4 0
> POWERUP TOMATO 7 17 8
< RES 1637095223 320 3
< MOVE R R
> REQ 1637095223 321 3
> VAMPIRE 1 7 11 2 5 4 0
> VAMPIRE 3 7 11 2 5 4 0
> VAMPIRE 2 7 11 2 5 4 0
> VAMPIRE 4 17 9 3 5 4 0
> POWERUP TOMATO 6 17 8
< RES 1637095223 321 3
< MOVE L L
> REQ 1637095223 322 3
> VAMPIRE 1 7 9 2 5 4 0
> VAMPIRE 3 7 9 2 5 4 0
> VAMPIRE 2 7 9 2 5 4 0
> VAMPIRE 4 17 8 3 5 4 0
> POWERUP TOMATO 5 17 8
< RES 1637095223 322 3
< MOVE R R
> REQ 1637095223 323 3
> VAMPIRE 1 7 11 2 5 4 0
> VAMPIRE 3 7 11 2 5 4 0
> VAMPIRE 2 7 11 2 5 4 0
> VAMPIRE 4 17 9 3 5 4 0
< RES 1637095223 323 3
< MOVE L L
> REQ 1637095223 324 3
> VAMPIRE 1 7 9 2 5 4 0
> VAMPIRE 3 7 9 2 5 4 0
> VAMPIRE 2 7 9 2 5 4 0
> VAMPIRE 4 15 9 3 5 4 0
< RES 1637095223 324 3
< MOVE R R
> REQ 1637095223 325 3
> VAMPIRE 1 7 11 2 5 4 0
> VAMPIRE 3 7 11 2 5 4 0
> VAMPIRE 2 7 11 2 5 4 0
> VAMPIRE 4 13 9 3 5 4 0
< RES 1637095223 325 3
< MOVE L L
> REQ 1637095223 326 3
> VAMPIRE 1 7 9 2 5 4 0
> VAMPIRE 3 7 9 2 5 4 0
> VAMPIRE 2 7 9 2 5 4 0
> VAMPIRE 4 11 9 3 5 4 0
< RES 1637095223 326 3
< MOVE R R
> REQ 1637095223 327 3
> VAMPIRE 1 7 11 2 5 4 0
> VAMPIRE 3 7 11 2 5 4 0
> VAMPIRE 2 7 11 2 5 4 0
> VAMPIRE 4 9 9 3 5 4 0
< RES 1637095223 327 3
< MOVE R R
> REQ 1637095223 328 3
> VAMPIRE 1 7 13 2 5 4 0
> VAMPIRE 3 7 13 2 5 4 0
> VAMPIRE 2 7 13 2 5 4 0
> VAMPIRE 4 9 11 3 5 4 0
< RES 1637095223 328 3
< MOVE D D
> REQ 1637095223 329 3
> VAMPIRE 1 9 13 2 5 4 0
> VAMPIRE 3 9 13 2 5 4 0
> VAMPIRE 2 9 13 2 5 4 0
> VAMPIRE 4 7 11 3 5 4 0
< RES 1637095223 329 3
< MOVE D D
> REQ 1637095223 330 3
> VAMPIRE 1 11 13 2 5 4 0
> VAMPIRE 3 11 13 2 5 4 0
> VAMPIRE 2 11 13 2 5 4 0
> VAMPIRE 4 9 11 3 5 4 0
< RES 1637095223 330 3
< MOVE D D
> REQ 1637095223 331 3
> VAMPIRE 1 13 13 2 5 4 0
> VAMPIRE 3 13 13 2 5 4 0
> VAMPIRE 2 13 13 2 5 4 0
> VAMPIRE 4 11 11 3 5 4 0
< RES 1637095223 331 3
< MOVE U U
> REQ 1637095223 332 3
> VAMPIRE 1 11 13 2 5 4 0
> VAMPIRE 3 11 13 2 5 4 0
> VAMPIRE 2 11 13 2 5 4 0
> VAMPIRE 4 11 13 3 5 4 0
< RES 1637095223 332 3
< MOVE L L
> REQ 1637095223 333 3
> VAMPIRE 1 11 11 2 5 4 0
> VAMPIRE 3 11 11 2 5 4 0
> VAMPIRE 2 11 11 2 5 4 0
> VAMPIRE 4 11 11 3 5 4 0
< RES 1637095223 333 3
< MOVE U U
> REQ 1637095223 334 3
> VAMPIRE 1 9 11 2 5 4 0
> VAMPIRE 3 9 11 2 5 4 0
> VAMPIRE 2 9 11 2 5 4 0
> VAMPIRE 4 9 11 3 5 4 0
< RES 1637095223 334 3
< MOVE D D
> REQ 1637095223 335 3
> VAMPIRE 1 11 11 2 5 4 0
> VAMPIRE 3 11 11 2 5 4 0
> VAMPIRE 2 11 11 2 5 4 0
> VAMPIRE 4 11 11 3 5 4 0
< RES 1637095223 335 3
< MOVE U U
> REQ 1637095223 336 3
> VAMPIRE 1 9 11 2 5 4 0
> VAMPIRE 3 9 11 2 5 4 0
> VAMPIRE 2 9 11 2 5 4 0
> VAMPIRE 4 9 11 3 5 4 0
< RES 1637095223 336 3
< MOVE D D
> REQ 1637095223 337 3
> VAMPIRE 1 11 11 2 5 4 0
> VAMPIRE 3 11 11 2 5 4 0
> VAMPIRE 2 11 11 2 5 4 0
> VAMPIRE 4 11 11 3 5 4 0
< RES 1637095223 337 3
< MOVE U U
> REQ 1637095223 338 3
> VAMPIRE 1 9 11 2 5 4 0
> VAMPIRE 3 9 11 2 5 4 0
> VAMPIRE 2 9 11 2 5 4 0
> VAMPIRE 4 9 11 3 5 4 0
> POWERUP BATTERY -6 12 13
> POWERUP BATTERY -6 8 7
< RES 1637095223 338 3
< MOVE R R
> REQ 1637095223 339 3
> VAMPIRE 1 9 13 2 5 4 0
> VAMPIRE 3 9 13 2 5 4 0
> VAMPIRE 2 9 13 2 5 4 0
> VAMPIRE 4 9 13 3 5 4 0
> POWERUP BATTERY -5 12 13
> POWERUP BATTERY -5 8 7
< RES 1637095223 339 3
< MOVE D D
> REQ 1637095223 340 3
> VAMPIRE 1 11 13 2 5 4 0
> VAMPIRE 3 11 13 2 5 4 0
> VAMPIRE 2 11 13 2 5 4 0
> VAMPIRE 4 11 13 3 5 4 0
> POWERUP BATTERY -4 12 13
> POWERUP BATTERY -4 8 7
< RES 1637095223 340 3
< MOVE D
> REQ 1637095223 341 3
> VAMPIRE 1 12 13 2 5 4 0
> VAMPIRE 3 12 13 2 5 4 0
> VAMPIRE 2 12 13 2 5 4 0
> VAMPIRE 4 13 13 3 4 4 0
> GRENADE 4 11 13 5 4
> POWERUP BATTERY -3 12 13
> POWERUP BATTERY -3 8 7
< RES 1637095223 341 3
< GRENADE
> REQ 1637095223 342 3
> VAMPIRE 1 12 13 2 4 4 0
> VAMPIRE 3 12 13 2 4 4 0
> VAMPIRE 2 12 13 2 4 4 0
> VAMPIRE 4 13 13 3 3 4 0
> GRENADE 4 11 13 4 4
> GRENADE 1 12 13 5 4
> GRENADE 3 12 13 5 4
> GRENADE 2 12 13 5 4
> GRENADE 4 13 13 5 4
> POWERUP BATTERY -2 12 13
> POWERUP BATTERY -2 8 7
< RES 1637095223 342 3
> REQ 1637095223 343 3
> VAMPIRE 1 12 13 2 4 4 0
> VAMPIRE 3 12 13 2 4 4 0
> VAMPIRE 2 12 13 2 4 4 0
> VAMPIRE 4 13 11 3 3 4 0
> GRENADE 4 11 13 3 4
> GRENADE 1 12 13 4 4
> GRENADE 3 12 13 4 4
> GRENADE 2 12 13 4 4
> GRENADE 4 13 13 4 4
> POWERUP BATTERY -1 12 13
> POWERUP BATTERY -1 8 7
< RES 1637095223 343 3
> REQ 1637095223 344 3
> VAMPIRE 1 12 13 2 4 5 0
> VAMPIRE 3 12 13 2 4 5 0
> VAMPIRE 2 12 13 2 4 5 0
> VAMPIRE 4 15 11 3 3 4 0
> GRENADE 4 11 13 2 4
> GRENADE 1 12 13 3 4
> GRENADE 3 12 13 3 4
> GRENADE 2 12 13 3 4
> GRENADE 4 13 13 3 4
> POWERUP BATTERY 16 8 7
< RES 1637095223 344 3
< GRENADE
> REQ 1637095223 345 3
> VAMPIRE 1 12 13 2 3 5 0
> VAMPIRE 3 12 13 2 3 5 0
> VAMPIRE 2 12 13 2 3 5 0
> VAMPIRE 4 15 9 3 3 4 0
> GRENADE 4 11 13 1 4
> GRENADE 1 12 13 2 4
> GRENADE 3 12 13 2 4
> GRENADE 2 12 13 2 4
> GRENADE 4 13 13 2 4
> GRENADE 1 12 13 5 5
> GRENADE 3 12 13 5 5
> GRENADE 2 12 13 5 5
> POWERUP BATTERY 15 8 7
< RES 1637095223 345 3
> REQ 1637095223 346 3
> VAMPIRE 1 12 13 1 5 5 0
> VAMPIRE 3 12 13 1 5 5 0
> VAMPIRE 2 12 13 1 5 5 0
> VAMPIRE 4 13 9 3 5 4 0
> POWERUP BATTERY 14 8 7
< RES 1637095223 346 3
< MOVE U
> REQ 1637095223 347 3
> VAMPIRE 1 11 13 1 5 5 0
> VAMPIRE 3 11 13 1 5 5 0
> VAMPIRE 2 11 13 1 5 5 0
> VAMPIRE 4 11 9 3 5 4 0
> POWERUP BATTERY 13 8 7
< RES 1637095223 347 3
< MOVE R R
> REQ 1637095223 348 3
> VAMPIRE 1 11 15 1 5 5 0
> VAMPIRE 3 11 15 1 5 5 0
> VAMPIRE 2 11 15 1 5 5 0
> VAMPIRE 4 9 9 3 5 4 0
> POWERUP BATTERY 12 8 7
< RES 1637095223 348 3
> REQ 1637095223 349 3
> VAMPIRE 1 11 15 1 5 5 0
> VAMPIRE 3 11 15 1 5 5 0
> VAMPIRE 2 11 15 1 5 5 0
> VAMPIRE 4 9 7 3 5 4 0
> POWERUP BATTERY 11 8 7
< RES 1637095223 349 3
> REQ 1637095223 350 3
> VAMPIRE 1 11 15 1 5 5 0
> VAMPIRE 3 11 15 1 5 5 0
> VAMPIRE 2 11 15 1 5 5 0
> VAMPIRE 4 8 7 3 5 4 0
> POWERUP BATTERY 10 8 7
< RES 1637095223 350 3
> REQ 1637095223 351 3
> VAMPIRE 1 11 15 1 5 5 0
> VAMPIRE 3 11 15 1 5 5 0
> VAMPIRE 2 11 15 1 5 5 0
> VAMPIRE 4 7 7 3 5 5 0
< RES 1637095223 351 3
< MOVE L L
> REQ 1637095223 352 3
> VAMPIRE 1 11 13 1 5 5 0
> VAMPIRE 3 11 13 1 5 5 0
> VAMPIRE 2 11 13 1 5 5 0
> VAMPIRE 4 7 9 3 5 5 0
< RES 1637095223 352 3
< MOVE D D
> REQ 1637095223 353 3
> VAMPIRE 1 13 13 1 5 5 0
> VAMPIRE 3 13 13 1 5 5 0
> VAMPIRE 2 13 13 1 5 5 0
> VAMPIRE 4 9 9 3 5 5 0
< RES 1637095223 353 3
> REQ 1637095223 354 3
> VAMPIRE 1 13 13 1 5 5 0
> VAMPIRE 3 13 13 1 5 5 0
> VAMPIRE 2 13 13 1 5 5 0
> VAMPIRE 4 9 11 3 5 5 0
< RES 1637095223 354 3
< MOVE L L
> REQ 1637095223 355 3
> VAMPIRE 1 13 11 1 5 5 0
> VAMPIRE 3 13 11 1 5 5 0
> VAMPIRE 2 13 11 1 5 5 0
> VAMPIRE 4 11 11 3 5 5 0
< RES 1637095223 355 3
< MOVE L L
> REQ 1637095223 356 3
> VAMPIRE 1 13 9 1 5 5 0
> VAMPIRE 3 13 9 1 5 5 0
> VAMPIRE 2 13 9 1 5 5 0
> VAMPIRE 4 11 11 3 5 5 0
< RES 1637095223 356 3
< MOVE L L
> REQ 1637095223 357 3
> VAMPIRE 1 13 7 1 5 5 0
> VAMPIRE 3 13 7 1 5 5 0
> VAMPIRE 2 13 7 1 5 5 0
> VAMPIRE 4 11 9 3 5 5 0
< RES 1637095223 357 3
> REQ 1637095223 358 3
> VAMPIRE 1 13 7 1 5 5 0
> VAMPIRE 3 13 7 1 5 5 0
> VAMPIRE 2 13 7 1 5 5 0
> VAMPIRE 4 11 9 3 5 5 0
< RES 1637095223 358 3
> REQ 1637095223 359 3
> VAMPIRE 1 13 7 1 5 5 0
> VAMPIRE 3 13 7 1 5 5 0
> VAMPIRE 2 13 7 1 5 5 0
> VAMPIRE 4 11 9 3 5 5 0
< RES 1637095223 359 3
> REQ 1637095223 360 3
> VAMPIRE 1 13 7 1 5 5 0
> VAMPIRE 3 13 7 1 5 5 0
> VAMPIRE 2 13 7 1 5 5 0
> VAMPIRE 4 11 9 3 5 5 0
< RES 1637095223 360 3
> REQ 1637095223 361 3
> VAMPIRE 1 13 7 1 5 5 0
> VAMPIRE 3 13 7 1 5 5 0
> VAMPIRE 2 13 7 1 5 5 0
> VAMPIRE 4 11 9 3 5 5 0
< RES 1637095223 361 3
> REQ 1637095223 362 3
> VAMPIRE 1 13 7 1 5 5 0
> VAMPIRE 3 13 7 1 5 5 0
> VAMPIRE 2 13 7 1 5 5 0
> VAMPIRE 4 11 9 3 5 5 0
< RES 1637095223 362 3
> REQ 1637095223 363 3
> VAMPIRE 1 13 7 1 5 5 0
> VAMPIRE 3 13 7 1 5 5 0
> VAMPIRE 2 13 7 1 5 5 0
> VAMPIRE 4 11 9 3 5 5 0
< RES 1637095223 363 3
> REQ 1637095223 364 3
> VAMPIRE 1 13 7 1 5 5 0
> VAMPIRE 3 13 7 1 5 5 0
> VAMPIRE 2 13 7 1 5 5 0
> VAMPIRE 4 11 9 3 5 5 0
< RES 1637095223 364 3
> REQ 1637095223 365 3
> VAMPIRE 1 13 7 1 5 5 0
> VAMPIRE 3 13 7 1 5 5 0
> VAMPIRE 2 13 7 1 5 5 0
> VAMPIRE 4 11 9 3 5 5 0
< RES 1637095223 365 3
> REQ 1637095223 366 3
> VAMPIRE 1 13 7 1 5 5 0
> VAMPIRE 3 13 7 1 5 5 0
> VAMPIRE 2 13 7 1 5 5 0
> VAMPIRE 4 11 9 3 5 5 0
< RES 1637095223 366 3
> REQ 1637095223 367 3
> VAMPIRE 1 13 7 1 5 5 0
> VAMPIRE 3 13 7 1 5 5 0
> VAMPIRE 2 13 7 1 5 5 0
> VAMPIRE 4 11 9 3 5 5 0
< RES 1637095223 367 3
> REQ 1637095223 368 3
> VAMPIRE 1 13 7 1 5 5 0
> VAMPIRE 3 13 7 1 5 5 0
> VAMPIRE 2 13 7 1 5 5 0
> VAMPIRE 4 11 9 3 5 5 0
< RES 1637095223 368 3
> REQ 1637095223 369 3
> VAMPIRE 1 13 7 1 5 5 0
> VAMPIRE 3 13 7 1 5 5 0
> VAMPIRE 2 13 7 1 5 5 0
> VAMPIRE 4 11 9 3 5 5 0
< RES 1637095223 369 3
> REQ 1637095223 370 3
> VAMPIRE 1 13 7 1 5 5 0
> VAMPIRE 3 13 7 1 5 5 0
> VAMPIRE 2 13 7 1 5 5 0
> VAMPIRE 4 11 9 3 5 5 0
< RES 1637095223 370 3
> REQ 1637095223 371 3
> VAMPIRE 1 13 7 1 5 5 0
> VAMPIRE 3 13 7 1 5 5 0
> VAMPIRE 2 13 7 1 5 5 0
> VAMPIRE 4 11 9 3 5 5 0
< RES 1637095223 371 3
> REQ 1637095223 372 3
> VAMPIRE 1 13 7 1 5 5 0
> VAMPIRE 3 13 7 1 5 5 0
> VAMPIRE 2 13 7 1 5 5 0
> VAMPIRE 4 11 9 3 5 5 0
> POWERUP BATTERY -9 7 10
> POWERUP BATTERY -9 13 10
< RES 1637095223 372 3
< MOVE R R
> REQ 1637095223 373 3
> VAMPIRE 1 13 9 1 5 5 0
> VAMPIRE 3 13 9 1 5 5 0
> VAMPIRE 2 13 9 1 5 5 0
> VAMPIRE 4 13 9 3 5 5 0
> POWERUP BATTERY -8 7 10
> POWERUP BATTERY -8 13 10
< RES 1637095223 373 3
< MOVE R
> REQ 1637095223 374 3
> VAMPIRE 1 13 10 1 5 5 0
> VAMPIRE 3 13 10 1 5 5 0
> VAMPIRE 2 13 10 1 5 5 0
> VAMPIRE 4 13 11 3 4 5 0
> GRENADE 4 13 9 5 5
> POWERUP BATTERY -7 7 10
> POWERUP BATTERY -7 13 10
< RES 1637095223 374 3
> REQ 1637095223 375 3
> VAMPIRE 1 13 10 1 5 5 0
> VAMPIRE 3 13 10 1 5 5 0
> VAMPIRE 2 13 10 1 5 5 0
> VAMPIRE 4 11 11 3 3 5 0
> GRENADE 4 13 9 4 5
> GRENADE 4 13 11 5 5
> POWERUP BATTERY -6 7 10
> POWERUP BATTERY -6 13 10
< RES 1637095223 375 3
> REQ 1637095223 376 3
> VAMPIRE 1 13 10 1 5 5 0
> VAMPIRE 3 13 10 1 5 5 0
> VAMPIRE 2 13 10 1 5 5 0
> VAMPIRE 4 9 11 3 3 5 0
> GRENADE 4 13 9 3 5
> GRENADE 4 13 11 4 5
> POWERUP BATTERY -5 7 10
> POWERUP BATTERY -5 13 10
< RES 1637095223 376 3
> REQ 1637095223 377 3
> VAMPIRE 1 13 10 1 5 5 0
> VAMPIRE 3 13 10 1 5 5 0
> VAMPIRE 2 13 10 1 5 5 0
> VAMPIRE 4 7 11 3 3 5 0
> GRENADE 4 13 9 2 5
> GRENADE 4 13 11 3 5
> POWERUP BATTERY -4 7 10
> POWERUP BATTERY -4 13 10
< RES 1637095223 377 3
> REQ 1637095223 378 3
> VAMPIRE 1 13 10 1 5 5 0
> VAMPIRE 3 13 10 1 5 5 0
> VAMPIRE 2 13 10 1 5 5 0
> VAMPIRE 4 7 10 3 3 5 0
> GRENADE 4 13 9 1 5
> GRENADE 4 13 11 2 5
> POWERUP BATTERY -3 7 10
> POWERUP BATTERY -3 13 10
< RES 1637095223 378 3
> END 777 Could_not_be_more_deaded
