> MESSAGE OK
> LEVEL 3
> GAMEID 12044
> TEST 1
> MAXTICK 1000
> GRENADERADIUS 2
> SIZE 19
> REQ 12044 0 1
> VAMPIRE 3 1 1 3 1 2 0
> VAMPIRE 4 17 1 3 1 2 0
> VAMPIRE 2 1 17 3 1 2 0
> VAMPIRE 1 17 17 3 1 2 0
> BAT1 9 1 1 5 17 5 5 7 9 7 13 7 7 8 11 8 1 9 3 9 5 9 13 9 15 9 17 9 7 10 11 10 5 11 9 11 13 11 1 13 17 13 9 17
> BAT2 5 1 13 1 7 4 9 4 11 4 6 5 8 5 10 5 12 5 3 6 7 6 11 6 15 6 2 7 4 7 14 7 16 7 3 8 15 8 6 9 12 9 3 10 15 10 2 11 4 11 14 11 16 11 3 12 7 12 11 12 15 12 6 13 8 13 10 13 12 13 7 14 9 14 11 14 5 17 13 17
> BAT3 3 2 7 2 11 2 15 2 2 3 4 3 6 3 8 3 10 3 12 3 14 3 16 3 3 4 15 4 9 6 8 9 10 9 9 12 3 14 15 14 2 15 4 15 6 15 8 15 10 15 12 15 14 15 16 15 3 16 7 16 11 16 15 16
< RES 12044 0 1
< MOVE L L
> REQ 12044 1 1
> VAMPIRE 3 1 3 3 1 2 0
> VAMPIRE 4 15 1 3 1 2 0
> VAMPIRE 2 1 15 3 1 2 0
> VAMPIRE 1 17 15 3 1 2 0
> BAT1 9 1 1 5 17 5 5 7 9 7 13 7 7 8 11 8 1 9 3 9 5 9 13 9 15 9 17 9 7 10 11 10 5 11 9 11 13 11 1 13 17 13 9 17
> BAT2 5 1 13 1 7 4 9 4 11 4 6 5 8 5 10 5 12 5 3 6 7 6 11 6 15 6 2 7 4 7 14 7 16 7 3 8 15 8 6 9 12 9 3 10 15 10 2 11 4 11 14 11 16 11 3 12 7 12 11 12 15 12 6 13 8 13 10 13 12 13 7 14 9 14 11 14 5 17 13 17
> BAT3 3 2 7 2 11 2 15 2 2 3 4 3 6 3 8 3 10 3 12 3 14 3 16 3 3 4 15 4 9 6 8 9 10 9 9 12 3 14 15 14 2 15 4 15 6 15 8 15 10 15 12 15 14 15 16 15 3 16 7 16 11 16 15 16
< RES 12044 1 1
< GRENADE
< MOVE R R
> REQ 12044 2 1
> VAMPIRE 3 1 2 3 0 2 0
> VAMPIRE 4 16 1 3 0 2 0
> VAMPIRE 2 1 16 3 0 2 0
> VAMPIRE 1 17 17 3 0 2 0
> GRENADE 1 17 15 5 2
> GRENADE 2 1 15 5 2
> GRENADE 3 1 3 5 2
> GRENADE 4 15 1 5 2
> BAT1 9 1 1 5 17 5 5 7 9 7 13 7 7 8 11 8 1 9 3 9 5 9 13 9 15 9 17 9 7 10 11 10 5 11 9 11 13 11 1 13 17 13 9 17
> BAT2 5 1 13 1 7 4 9 4 11 4 6 5 8 5 10 5 12 5 3 6 7 6 11 6 15 6 2 7 4 7 14 7 16 7 3 8 15 8 6 9 12 9 3 10 15 10 2 11 4 11 14 11 16 11 3 12 7 12 11 12 15 12 6 13 8 13 10 13 12 13 7 14 9 14 11 14 5 17 13 17
> BAT3 3 2 7 2 11 2 15 2 2 3 4 3 6 3 8 3 10 3 12 3 14 3 16 3 3 4 15 4 9 6 8 9 10 9 9 12 3 14 15 14 2 15 4 15 6 15 8 15 10 15 12 15 14 15 16 15 3 16 7 16 11 16 15 16
< RES 12044 2 1
< MOVE U U
> REQ 12044 3 1
> VAMPIRE 3 2 1 3 0 2 0
> VAMPIRE 4 17 2 3 0 2 0
> VAMPIRE 2 2 17 3 0 2 0
> VAMPIRE 1 15 17 3 0 2 0
> GRENADE 1 17 15 4 2
> GRENADE 2 1 15 4 2
> GRENADE 3 1 3 4 2
> GRENADE 4 15 1 4 2
> BAT1 9 1 1 5 17 5 5 7 9 7 13 7 7 8 11 8 1 9 3 9 5 9 13 9 15 9 17 9 7 10 11 10 5 11 9 11 13 11 1 13 17 13 9 17
> BAT2 5 1 13 1 7 4 9 4 11 4 6 5 8 5 10 5 12 5 3 6 7 6 11 6 15 6 2 7 4 7 14 7 16 7 3 8 15 8 6 9 12 9 3 10 15 10 2 11 4 11 14 11 16 11 3 12 7 12 11 12 15 12 6 13 8 13 10 13 12 13 7 14 9 14 11 14 5 17 13 17
> BAT3 3 2 7 2 11 2 15 2 2 3 4 3 6 3 8 3 10 3 12 3 14 3 16 3 3 4 15 4 9 6 8 9 10 9 9 12 3 14 15 14 2 15 4 15 6 15 8 15 10 15 12 15 14 15 16 15 3 16 7 16 11 16 15 16
< RES 12044 3 1
> REQ 12044 4 1
> VAMPIRE 3 2 1 3 0 2 0
> VAMPIRE 4 17 2 3 0 2 0
> VAMPIRE 2 2 17 3 0 2 0
> VAMPIRE 1 15 17 3 0 2 0
> GRENADE 1 17 15 3 2
> GRENADE 2 1 15 3 2
> GRENADE 3 1 3 3 2
> GRENADE 4 15 1 3 2
> BAT1 9 1 1 5 17 5 5 7 9 7 13 7 7 8 11 8 1 9 3 9 5 9 13 9 15 9 17 9 7 10 11 10 5 11 9 11 13 11 1 13 17 13 9 17
> BAT2 5 1 13 1 7 4 9 4 11 4 6 5 8 5 10 5 12 5 3 6 7 6 11 6 15 6 2 7 4 7 14 7 16 7 3 8 15 8 6 9 12 9 3 10 15 10 2 11 4 11 14 11 16 11 3 12 7 12 11 12 15 12 6 13 8 13 10 13 12 13 7 14 9 14 11 14 5 17 13 17
> BAT3 3 2 7 2 11 2 15 2 2 3 4 3 6 3 8 3 10 3 12 3 14 3 16 3 3 4 15 4 9 6 8 9 10 9 9 12 3 14 15 14 2 15 4 15 6 15 8 15 10 15 12 15 14 15 16 15 3 16 7 16 11 16 15 16
< RES 12044 4 1
> REQ 12044 5 1
> VAMPIRE 3 2 1 3 0 2 0
> VAMPIRE 4 17 2 3 0 2 0
> VAMPIRE 2 2 17 3 0 2 0
> VAMPIRE 1 15 17 3 0 2 0
> GRENADE 1 17 15 2 2
> GRENADE 2 1 15 2 2
> GRENADE 3 1 3 2 2
> GRENADE 4 15 1 2 2
> BAT1 9 1 1 5 17 5 5 7 9 7 13 7 7 8 11 8 1 9 3 9 5 9 13 9 15 9 17 9 7 10 11 10 5 11 9 11 13 11 1 13 17 13 9 17
> BAT2 5 1 13 1 7 4 9 4 11 4 6 5 8 5 10 5 12 5 3 6 7 6 11 6 15 6 2 7 4 7 14 7 16 7 3 8 15 8 6 9 12 9 3 10 15 10 2 11 4 11 14 11 16 11 3 12 7 12 11 12 15 12 6 13 8 13 10 13 12 13 7 14 9 14 11 14 5 17 13 17
> BAT3 3 2 7 2 11 2 15 2 2 3 4 3 6 3 8 3 10 3 12 3 14 3 16 3 3 4 15 4 9 6 8 9 10 9 9 12 3 14 15 14 2 15 4 15 6 15 8 15 10 15 12 15 14 15 16 15 3 16 7 16 11 16 15 16
< RES 12044 5 1
< MOVE D
> REQ 12044 6 1
> VAMPIRE 3 2 1 3 0 2 0
> VAMPIRE 4 17 2 3 0 2 0
> VAMPIRE 2 2 17 3 0 2 0
> VAMPIRE 1 16 17 3 0 2 0
> GRENADE 1 17 15 1 2
> GRENADE 2 1 15 1 2
> GRENADE 3 1 3 1 2
> GRENADE 4 15 1 1 2
> BAT1 9 1 1 5 17 5 5 7 9 7 13 7 7 8 11 8 1 9 3 9 5 9 13 9 15 9 17 9 7 10 11 10 5 11 9 11 13 11 1 13 17 13 9 17
> BAT2 5 1 13 1 7 4 9 4 11 4 6 5 8 5 10 5 12 5 3 6 7 6 11 6 15 6 2 7 4 7 14 7 16 7 3 8 15 8 6 9 12 9 3 10 15 10 2 11 4 11 14 11 16 11 3 12 7 12 11 12 15 12 6 13 8 13 10 13 12 13 7 14 9 14 11 14 5 17 13 17
> BAT3 3 2 7 2 11 2 15 2 2 3 4 3 6 3 8 3 10 3 12 3 14 3 16 3 3 4 15 4 9 6 8 9 10 9 9 12 3 14 15 14 2 15 4 15 6 15 8 15 10 15 12 15 14 15 16 15 3 16 7 16 11 16 15 16
< RES 12044 6 1
< MOVE D L
> REQ 12044 7 1
> VAMPIRE 3 2 1 3 1 2 0
> VAMPIRE 4 17 2 3 1 2 0
> VAMPIRE 2 2 17 3 1 2 0
> VAMPIRE 1 17 16 3 1 2 0
> BAT1 9 1 13 1 17 5 5 7 9 7 13 7 7 8 11 8 1 9 3 9 5 9 13 9 15 9 17 9 7 10 11 10 5 11 9 11 13 11 9 17
> BAT2 5 1 15 2 2 3 7 4 9 4 11 4 6 5 8 5 10 5 12 5 3 6 7 6 11 6 15 6 2 7 4 7 14 7 16 7 3 8 15 8 6 9 12 9 3 10 15 10 2 11 4 11 14 11 16 11 3 12 7 12 11 12 15 12 6 13 8 13 10 13 12 13 7 14 9 14 11 14 2 15 16 15 5 17 13 17
> BAT3 3 2 7 2 11 2 4 3 6 3 8 3 10 3 12 3 14 3 16 3 3 4 15 4 9 6 8 9 10 9 9 12 3 14 15 14 4 15 6 15 8 15 10 15 12 15 14 15 3 16 7 16 11 16 15 16
< RES 12044 7 1
< MOVE L L
> REQ 12044 8 1
> VAMPIRE 3 3 1 3 1 2 0
> VAMPIRE 4 17 3 3 1 2 0
> VAMPIRE 2 3 17 3 1 2 0
> VAMPIRE 1 17 14 3 1 2 0
> BAT1 9 1 13 1 17 5 5 7 9 7 13 7 7 8 11 8 1 9 3 9 5 9 13 9 15 9 17 9 7 10 11 10 5 11 9 11 13 11 9 17
> BAT2 5 1 15 2 2 3 7 4 9 4 11 4 6 5 8 5 10 5 12 5 3 6 7 6 11 6 15 6 2 7 4 7 14 7 16 7 3 8 15 8 6 9 12 9 3 10 15 10 2 11 4 11 14 11 16 11 3 12 7 12 11 12 15 12 6 13 8 13 10 13 12 13 7 14 9 14 11 14 2 15 16 15 5 17 13 17
> BAT3 3 2 7 2 11 2 4 3 6 3 8 3 10 3 12 3 14 3 16 3 3 4 15 4 9 6 8 9 10 9 9 12 3 14 15 14 4 15 6 15 8 15 10 15 12 15 14 15 3 16 7 16 11 16 15 16
< RES 12044 8 1
< MOVE L L
> REQ 12044 9 1
> VAMPIRE 3 1 1 3 0 2 0
> VAMPIRE 4 17 1 3 0 2 0
> VAMPIRE 2 2 17 3 0 2 0
> VAMPIRE 1 17 12 3 1 2 0
> GRENADE 2 3 17 5 2
> GRENADE 3 3 1 5 2
> GRENADE 4 17 3 5 2
> BAT1 9 1 13 1 17 5 5 7 9 7 13 7 7 8 11 8 1 9 3 9 5 9 13 9 15 9 17 9 7 10 11 10 5 11 9 11 13 11 9 17
> BAT2 5 1 15 2 2 3 7 4 9 4 11 4 6 5 8 5 10 5 12 5 3 6 7 6 11 6 15 6 2 7 4 7 14 7 16 7 3 8 15 8 6 9 12 9 3 10 15 10 2 11 4 11 14 11 16 11 3 12 7 12 11 12 15 12 6 13 8 13 10 13 12 13 7 14 9 14 11 14 2 15 16 15 5 17 13 17
> BAT3 3 2 7 2 11 2 4 3 6 3 8 3 10 3 12 3 14 3 16 3 3 4 15 4 9 6 8 9 10 9 9 12 3 14 15 14 4 15 6 15 8 15 10 15 12 15 14 15 3 16 7 16 11 16 15 16
< RES 12044 9 1
< MOVE L
> REQ 12044 10 1
> VAMPIRE 3 1 1 3 0 2 0
> VAMPIRE 4 15 1 3 0 2 0
> VAMPIRE 2 1 16 3 0 2 0
> VAMPIRE 1 17 11 3 1 2 0
> GRENADE 2 3 17 4 2
> GRENADE 3 3 1 4 2
> GRENADE 4 17 3 4 2
> BAT1 9 1 13 1 17 5 5 7 9 7 13 7 7 8 11 8 1 9 3 9 5 9 13 9 15 9 17 9 7 10 11 10 5 11 9 11 13 11 9 17
> BAT2 5 1 15 2 2 3 7 4 9 4 11 4 6 5 8 5 10 5 12 5 3 6 7 6 11 6 15 6 2 7 4 7 14 7 16 7 3 8 15 8 6 9 12 9 3 10 15 10 2 11 4 11 14 11 16 11 3 12 7 12 11 12 15 12 6 13 8 13 10 13 12 13 7 14 9 14 11 14 2 15 16 15 5 17 13 17
> BAT3 3 2 7 2 11 2 4 3 6 3 8 3 10 3 12 3 14 3 16 3 3 4 15 4 9 6 8 9 10 9 9 12 3 14 15 14 4 15 6 15 8 15 10 15 12 15 14 15 3 16 7 16 11 16 15 16
< RES 12044 10 1
< GRENADE
< MOVE R R
> REQ 12044 11 1
> VAMPIRE 3 1 2 3 0 2 0
> VAMPIRE 4 14 1 3 0 2 0
> VAMPIRE 2 1 15 3 0 2 0
> VAMPIRE 1 17 13 3 0 2 0
> GRENADE 2 3 17 3 2
> GRENADE 3 3 1 3 2
> GRENADE 4 17 3 3 2
> GRENADE 1 17 11 5 2
> BAT1 9 1 13 1 17 5 5 7 9 7 13 7 7 8 11 8 1 9 3 9 5 9 13 9 15 9 17 9 7 10 11 10 5 11 9 11 13 11 9 17
> BAT2 5 1 15 2 2 3 7 4 9 4 11 4 6 5 8 5 10 5 12 5 3 6 7 6 11 6 15 6 2 7 4 7 14 7 16 7 3 8 15 8 6 9 12 9 3 10 15 10 2 11 4 11 14 11 16 11 3 12 7 12 11 12 15 12 6 13 8 13 10 13 12 13 7 14 9 14 11 14 2 15 16 15 5 17 13 17
> BAT3 3 2 7 2 11 2 4 3 6 3 8 3 10 3 12 3 14 3 16 3 3 4 15 4 9 6 8 9 10 9 9 12 3 14 15 14 4 15 6 15 8 15 10 15 12 15 14 15 3 16 7 16 11 16 15 16
< RES 12044 11 1
< MOVE U U
> REQ 12044 12 1
> VAMPIRE 3 1 4 3 0 2 0
> VAMPIRE 4 14 1 3 0 2 0
> VAMPIRE 2 1 15 3 0 2 0
> VAMPIRE 1 15 13 3 0 2 0
> GRENADE 2 3 17 2 2
> GRENADE 3 3 1 2 2
> GRENADE 4 17 3 2 2
> GRENADE 1 17 11 4 2
> BAT1 9 1 13 1 17 5 5 7 9 7 13 7 7 8 11 8 1 9 3 9 5 9 13 9 15 9 17 9 7 10 11 10 5 11 9 11 13 11 9 17
> BAT2 5 1 15 2 2 3 7 4 9 4 11 4 6 5 8 5 10 5 12 5 3 6 7 6 11 6 15 6 2 7 4 7 14 7 16 7 3 8 15 8 6 9 12 9 3 10 15 10 2 11 4 11 14 11 16 11 3 12 7 12 11 12 15 12 6 13 8 13 10 13 12 13 7 14 9 14 11 14 2 15 16 15 5 17 13 17
> BAT3 3 2 7 2 11 2 4 3 6 3 8 3 10 3 12 3 14 3 16 3 3 4 15 4 9 6 8 9 10 9 9 12 3 14 15 14 4 15 6 15 8 15 10 15 12 15 14 15 3 16 7 16 11 16 15 16
< RES 12044 12 1
< MOVE U U
> REQ 12044 13 1
> VAMPIRE 3 1 6 3 0 2 0
> VAMPIRE 4 14 1 3 0 2 0
> VAMPIRE 2 1 15 3 0 2 0
> VAMPIRE 1 13 13 3 0 2 0
> GRENADE 2 3 17 1 2
> GRENADE 3 3 1 1 2
> GRENADE 4 17 3 1 2
> GRENADE 1 17 11 3 2
> BAT1 9 1 13 1 17 5 5 7 9 7 13 7 7 8 11 8 1 9 3 9 5 9 13 9 15 9 17 9 7 10 11 10 5 11 9 11 13 11 9 17
> BAT2 5 1 15 2 2 3 7 4 9 4 11 4 6 5 8 5 10 5 12 5 3 6 7 6 11 6 15 6 2 7 4 7 14 7 16 7 3 8 15 8 6 9 12 9 3 10 15 10 2 11 4 11 14 11 16 11 3 12 7 12 11 12 15 12 6 13 8 13 10 13 12 13 7 14 9 14 11 14 2 15 16 15 5 17 13 17
> BAT3 3 2 7 2 11 2 4 3 6 3 8 3 10 3 12 3 14 3 16 3 3 4 15 4 9 6 8 9 10 9 9 12 3 14 15 14 4 15 6 15 8 15 10 15 12 15 14 15 3 16 7 16 11 16 15 16
< RES 12044 13 1
> REQ 12044 14 1
> VAMPIRE 3 1 8 3 1 2 0
> VAMPIRE 4 14 1 3 1 2 0
> VAMPIRE 2 1 15 3 1 2 0
> VAMPIRE 1 13 13 3 0 2 0
> GRENADE 1 17 11 2 2
> BAT1 5 1 9 1 13 1 5 7 9 7 13 7 7 8 11 8 1 9 3 9 5 9 13 9 15 9 17 9 7 10 11 10 5 11 9 11 13 11 5 17 9 17
> BAT2 3 2 15 2 2 3 16 3 7 4 9 4 11 4 6 5 8 5 10 5 12 5 3 6 7 6 11 6 15 6 2 7 4 7 14 7 16 7 3 8 15 8 6 9 12 9 3 10 15 10 2 11 4 11 14 11 16 11 3 12 7 12 11 12 15 12 6 13 8 13 10 13 12 13 7 14 9 14 11 14 2 15 16 15 3 16 13 17
> BAT3 7 2 11 2 4 3 6 3 8 3 10 3 12 3 14 3 3 4 15 4 9 6 8 9 10 9 9 12 3 14 15 14 4 15 6 15 8 15 10 15 12 15 14 15 7 16 11 16 15 16
< RES 12044 14 1
> REQ 12044 15 1
> VAMPIRE 3 1 7 3 1 2 0
> VAMPIRE 4 15 1 3 1 2 0
> VAMPIRE 2 1 16 3 0 2 0
> VAMPIRE 1 13 13 3 0 2 0
> GRENADE 1 17 11 1 2
> GRENADE 2 1 15 5 2
> BAT1 5 1 9 1 13 1 5 7 9 7 13 7 7 8 11 8 1 9 3 9 5 9 13 9 15 9 17 9 7 10 11 10 5 11 9 11 13 11 5 17 9 17
> BAT2 3 2 15 2 2 3 16 3 7 4 9 4 11 4 6 5 8 5 10 5 12 5 3 6 7 6 11 6 15 6 2 7 4 7 14 7 16 7 3 8 15 8 6 9 12 9 3 10 15 10 2 11 4 11 14 11 16 11 3 12 7 12 11 12 15 12 6 13 8 13 10 13 12 13 7 14 9 14 11 14 2 15 16 15 3 16 13 17
> BAT3 7 2 11 2 4 3 6 3 8 3 10 3 12 3 14 3 3 4 15 4 9 6 8 9 10 9 9 12 3 14 15 14 4 15 6 15 8 15 10 15 12 15 14 15 7 16 11 16 15 16
< RES 12044 15 1
< MOVE L
> REQ 12044 16 1
> VAMPIRE 3 1 6 3 0 2 0
> VAMPIRE 4 16 1 3 0 2 0
> VAMPIRE 2 2 17 3 0 2 0
> VAMPIRE 1 13 12 3 1 2 0
> GRENADE 2 1 15 4 2
> GRENADE 3 1 7 5 2
> GRENADE 4 15 1 5 2
> BAT1 5 1 9 1 13 1 5 7 9 7 13 7 7 8 11 8 1 9 3 9 5 9 13 9 15 9 7 10 11 10 5 11 9 11 13 11 16 11 5 17 9 17
> BAT2 3 2 15 2 2 3 16 3 7 4 9 4 11 4 6 5 8 5 10 5 12 5 3 6 7 6 11 6 15 6 2 7 4 7 14 7 16 7 3 8 15 8 6 9 12 9 3 10 15 10 2 11 4 11 14 11 3 12 7 12 11 12 15 12 6 13 8 13 10 13 12 13 7 14 9 14 11 14 2 15 16 15 3 16 13 17
> BAT3 7 2 11 2 4 3 6 3 8 3 10 3 12 3 14 3 3 4 15 4 9 6 8 9 10 9 9 12 3 14 15 14 4 15 6 15 8 15 10 15 12 15 14 15 7 16 11 16 15 16
< RES 12044 16 1
< GRENADE
< MOVE R D
> REQ 12044 17 1
> VAMPIRE 3 2 5 3 0 2 0
> VAMPIRE 4 17 2 3 0 2 0
> VAMPIRE 2 2 17 3 0 2 0
> VAMPIRE 1 14 13 3 0 2 0
> GRENADE 2 1 15 3 2
> GRENADE 3 1 7 4 2
> GRENADE 4 15 1 4 2
> GRENADE 1 13 12 5 2
> BAT1 5 1 9 1 13 1 5 7 9 7 13 7 7 8 11 8 1 9 3 9 5 9 13 9 15 9 7 10 11 10 5 11 9 11 13 11 16 11 5 17 9 17
> BAT2 3 2 15 2 2 3 16 3 7 4 9 4 11 4 6 5 8 5 10 5 12 5 3 6 7 6 11 6 15 6 2 7 4 7 14 7 16 7 3 8 15 8 6 9 12 9 3 10 15 10 2 11 4 11 14 11 3 12 7 12 11 12 15 12 6 13 8 13 10 13 12 13 7 14 9 14 11 14 2 15 16 15 3 16 13 17
> BAT3 7 2 11 2 4 3 6 3 8 3 10 3 12 3 14 3 3 4 15 4 9 6 8 9 10 9 9 12 3 14 15 14 4 15 6 15 8 15 10 15 12 15 14 15 7 16 11 16 15 16
< RES 12044 17 1
< MOVE D
> REQ 12044 18 1
> VAMPIRE 3 2 5 3 0 2 0
> VAMPIRE 4 17 2 3 0 2 0
> VAMPIRE 2 2 17 3 0 2 0
> VAMPIRE 1 15 13 3 0 2 0
> GRENADE 2 1 15 2 2
> GRENADE 3 1 7 3 2
> GRENADE 4 15 1 3 2
> GRENADE 1 13 12 4 2
> BAT1 5 1 9 1 13 1 5 7 9 7 13 7 7 8 11 8 1 9 3 9 5 9 13 9 15 9 7 10 11 10 5 11 9 11 13 11 16 11 5 17 9 17
> BAT2 3 2 15 2 2 3 16 3 7 4 9 4 11 4 6 5 8 5 10 5 12 5 3 6 7 6 11 6 15 6 2 7 4 7 14 7 16 7 3 8 15 8 6 9 12 9 3 10 15 10 2 11 4 11 14 11 3 12 7 12 11 12 15 12 6 13 8 13 10 13 12 13 7 14 9 14 11 14 2 15 16 15 3 16 13 17
> BAT3 7 2 11 2 4 3 6 3 8 3 10 3 12 3 14 3 3 4 15 4 9 6 8 9 10 9 9 12 3 14 15 14 4 15 6 15 8 15 10 15 12 15 14 15 7 16 11 16 15 16
< RES 12044 18 1
< MOVE D D
> REQ 12044 19 1
> VAMPIRE 3 2 5 3 0 2 0
> VAMPIRE 4 17 2 3 0 2 0
> VAMPIRE 2 2 17 3 0 2 0
> VAMPIRE 1 17 13 3 0 2 0
> GRENADE 2 1 15 1 2
> GRENADE 3 1 7 2 2
> GRENADE 4 15 1 2 2
> GRENADE 1 13 12 3 2
> BAT1 5 1 9 1 13 1 5 7 9 7 13 7 7 8 11 8 1 9 3 9 5 9 13 9 15 9 7 10 11 10 5 11 9 11 13 11 16 11 5 17 9 17
> BAT2 3 2 15 2 2 3 16 3 7 4 9 4 11 4 6 5 8 5 10 5 12 5 3 6 7 6 11 6 15 6 2 7 4 7 14 7 16 7 3 8 15 8 6 9 12 9 3 10 15 10 2 11 4 11 14 11 3 12 7 12 11 12 15 12 6 13 8 13 10 13 12 13 7 14 9 14 11 14 2 15 16 15 3 16 13 17
> BAT3 7 2 11 2 4 3 6 3 8 3 10 3 12 3 14 3 3 4 15 4 9 6 8 9 10 9 9 12 3 14 15 14 4 15 6 15 8 15 10 15 12 15 14 15 7 16 11 16 15 16
< RES 12044 19 1
< MOVE L L
> REQ 12044 20 1
> VAMPIRE 3 2 5 3 0 2 0
> VAMPIRE 4 17 2 3 0 2 0
> VAMPIRE 2 2 17 3 1 2 0
> VAMPIRE 1 17 11 3 0 2 0
> GRENADE 3 1 7 1 2
> GRENADE 4 15 1 1 2
> GRENADE 1 13 12 2 2
> BAT1 5 1 9 1 13 1 5 7 9 7 13 7 7 8 11 8 1 9 3 9 5 9 13 9 15 9 7 10 11 10 5 11 9 11 13 11 16 11 2 15 5 17 9 17
> BAT2 3 2 15 2 2 3 16 3 7 4 9 4 11 4 6 5 8 5 10 5 12 5 3 6 7 6 11 6 15 6 2 7 4 7 14 7 16 7 3 8 15 8 6 9 12 9 3 10 15 10 2 11 4 11 14 11 3 12 7 12 11 12 15 12 6 13 8 13 10 13 12 13 7 14 9 14 11 14 16 15 3 16 13 17
> BAT3 7 2 11 2 4 3 6 3 8 3 10 3 12 3 14 3 3 4 15 4 9 6 8 9 10 9 9 12 3 14 15 14 4 15 6 15 8 15 10 15 12 15 14 15 7 16 11 16 15 16
< RES 12044 20 1
< MOVE L L
> REQ 12044 21 1
> VAMPIRE 3 2 5 3 1 2 0
> VAMPIRE 4 17 2 3 1 2 0
> VAMPIRE 2 3 17 3 1 2 0
> VAMPIRE 1 17 9 3 0 2 0
> GRENADE 1 13 12 1 2
> BAT1 5 1 9 1 15 2 2 7 5 7 9 7 13 7 7 8 11 8 3 9 5 9 13 9 15 9 7 10 11 10 5 11 9 11 13 11 16 11 2 15 5 17 9 17
> BAT2 3 2 2 3 16 3 7 4 9 4 11 4 6 5 8 5 10 5 12 5 3 6 7 6 11 6 15 6 4 7 14 7 16 7 3 8 15 8 6 9 12 9 3 10 15 10 2 11 4 11 14 11 3 12 7 12 11 12 15 12 6 13 8 13 10 13 12 13 7 14 9 14 11 14 16 15 3 16 13 17
> BAT3 7 2 11 2 4 3 6 3 8 3 10 3 12 3 14 3 3 4 15 4 9 6 8 9 10 9 9 12 3 14 15 14 4 15 6 15 8 15 10 15 12 15 14 15 7 16 11 16 15 16
< RES 12044 21 1
< MOVE U
> REQ 12044 22 1
> VAMPIRE 3 3 5 3 1 2 0
> VAMPIRE 4 17 3 3 1 2 0
> VAMPIRE 2 2 17 3 0 2 0
> VAMPIRE 1 16 9 3 1 2 0
> GRENADE 2 3 17 5 2
> BAT1 5 1 9 1 15 2 2 7 5 7 9 7 13 7 7 8 11 8 3 9 5 9 13 9 15 9 7 10 11 10 5 11 9 11 16 11 2 15 5 17 9 17
> BAT2 3 2 2 3 16 3 7 4 9 4 11 4 6 5 8 5 10 5 12 5 3 6 7 6 11 6 15 6 4 7 14 7 16 7 3 8 15 8 6 9 12 9 3 10 15 10 2 11 4 11 14 11 3 12 7 12 11 12 15 12 6 13 8 13 10 13 12 13 7 14 9 14 11 14 16 15 3 16 13 17
> BAT3 7 2 11 2 4 3 6 3 8 3 10 3 12 3 14 3 3 4 15 4 9 6 8 9 10 9 9 12 3 14 15 14 4 15 6 15 8 15 10 15 12 15 14 15 7 16 11 16 15 16
< RES 12044 22 1
< GRENADE
< MOVE D L
> REQ 12044 23 1
> VAMPIRE 3 1 5 3 0 2 0
> VAMPIRE 4 17 1 3 0 2 0
> VAMPIRE 2 1 16 3 0 2 0
> VAMPIRE 1 17 8 3 0 2 0
> GRENADE 2 3 17 4 2
> GRENADE 1 16 9 5 2
> GRENADE 3 3 5 5 2
> GRENADE 4 17 3 5 2
> BAT1 5 1 9 1 15 2 2 7 5 7 9 7 13 7 7 8 11 8 3 9 5 9 13 9 15 9 7 10 11 10 5 11 9 11 16 11 2 15 5 17 9 17
> BAT2 3 2 2 3 16 3 7 4 9 4 11 4 6 5 8 5 10 5 12 5 3 6 7 6 11 6 15 6 4 7 14 7 16 7 3 8 15 8 6 9 12 9 3 10 15 10 2 11 4 11 14 11 3 12 7 12 11 12 15 12 6 13 8 13 10 13 12 13 7 14 9 14 11 14 16 15 3 16 13 17
> BAT3 7 2 11 2 4 3 6 3 8 3 10 3 12 3 14 3 3 4 15 4 9 6 8 9 10 9 9 12 3 14 15 14 4 15 6 15 8 15 10 15 12 15 14 15 7 16 11 16 15 16
< RES 12044 23 1
< MOVE L L
> REQ 12044 24 1
> VAMPIRE 3 1 7 3 0 2 0
> VAMPIRE 4 15 1 3 0 2 0
> VAMPIRE 2 1 15 3 0 2 0
> VAMPIRE 1 17 6 3 0 2 0
> GRENADE 2 3 17 3 2
> GRENADE 1 16 9 4 2
> GRENADE 3 3 5 4 2
> GRENADE 4 17 3 4 2
> BAT1 5 1 9 1 15 2 2 7 5 7 9 7 13 7 7 8 11 8 3 9 5 9 13 9 15 9 7 10 11 10 5 11 9 11 16 11 2 15 5 17 9 17
> BAT2 3 2 2 3 16 3 7 4 9 4 11 4 6 5 8 5 10 5 12 5 3 6 7 6 11 6 15 6 4 7 14 7 16 7 3 8 15 8 6 9 12 9 3 10 15 10 2 11 4 11 14 11 3 12 7 12 11 12 15 12 6 13 8 13 10 13 12 13 7 14 9 14 11 14 16 15 3 16 13 17
> BAT3 7 2 11 2 4 3 6 3 8 3 10 3 12 3 14 3 3 4 15 4 9 6 8 9 10 9 9 12 3 14 15 14 4 15 6 15 8 15 10 15 12 15 14 15 7 16 11 16 15 16
< RES 12044 24 1
< MOVE L U
> REQ 12044 25 1
> VAMPIRE 3 1 9 3 0 2 0
> VAMPIRE 4 13 1 3 0 2 0
> VAMPIRE 2 1 15 3 0 2 0
> VAMPIRE 1 16 5 3 0 2 0
> GRENADE 2 3 17 2 2
> GRENADE 1 16 9 3 2
> GRENADE 3 3 5 3 2
> GRENADE 4 17 3 3 2
> BAT1 5 1 9 1 15 2 2 7 5 7 9 7 13 7 7 8 11 8 3 9 5 9 13 9 15 9 7 10 11 10 5 11 9 11 16 11 2 15 5 17 9 17
> BAT2 3 2 2 3 16 3 7 4 9 4 11 4 6 5 8 5 10 5 12 5 3 6 7 6 11 6 15 6 4 7 14 7 16 7 3 8 15 8 6 9 12 9 3 10 15 10 2 11 4 11 14 11 3 12 7 12 11 12 15 12 6 13 8 13 10 13 12 13 7 14 9 14 11 14 16 15 3 16 13 17
> BAT3 7 2 11 2 4 3 6 3 8 3 10 3 12 3 14 3 3 4 15 4 9 6 8 9 10 9 9 12 3 14 15 14 4 15 6 15 8 15 10 15 12 15 14 15 7 16 11 16 15 16
< RES 12044 25 1
< MOVE U
> REQ 12044 26 1
> VAMPIRE 3 1 11 3 0 2 0
> VAMPIRE 4 11 1 3 0 2 0
> VAMPIRE 2 1 15 3 0 2 0
> VAMPIRE 1 15 5 3 0 2 0
> GRENADE 2 3 17 1 2
> GRENADE 1 16 9 2 2
> GRENADE 3 3 5 2 2
> GRENADE 4 17 3 2 2
> POWERUP TOMATO -5 7 13
> POWERUP TOMATO -5 11 5
> BAT1 5 1 9 1 15 2 2 7 5 7 9 7 13 7 7 8 11 8 3 9 5 9 13 9 15 9 7 10 11 10 5 11 9 11 16 11 2 15 5 17 9 17
> BAT2 3 2 2 3 16 3 7 4 9 4 11 4 6 5 8 5 10 5 12 5 3 6 7 6 11 6 15 6 4 7 14 7 16 7 3 8 15 8 6 9 12 9 3 10 15 10 2 11 4 11 14 11 3 12 7 12 11 12 15 12 6 13 8 13 10 13 12 13 7 14 9 14 11 14 16 15 3 16 13 17
> BAT3 7 2 11 2 4 3 6 3 8 3 10 3 12 3 14 3 3 4 15 4 9 6 8 9 10 9 9 12 3 14 15 14 4 15 6 15 8 15 10 15 12 15 14 15 7 16 11 16 15 16
< RES 12044 26 1
< MOVE U U
> REQ 12044 27 1
> VAMPIRE 3 1 13 3 0 2 0
> VAMPIRE 4 10 1 3 0 2 0
> VAMPIRE 2 1 15 3 1 2 0
> VAMPIRE 1 13 5 3 0 2 0
> GRENADE 1 16 9 1 2
> GRENADE 3 3 5 1 2
> GRENADE 4 17 3 1 2
> POWERUP TOMATO -4 7 13
> POWERUP TOMATO -4 11 5
> BAT1 5 1 9 1 15 2 2 7 5 7 9 7 13 7 7 8 11 8 3 9 5 9 13 9 15 9 7 10 11 10 5 11 9 11 16 11 2 15 3 16 9 17
> BAT2 3 2 2 3 16 3 7 4 9 4 11 4 6 5 8 5 10 5 12 5 3 6 7 6 11 6 15 6 4 7 14 7 16 7 3 8 15 8 6 9 12 9 3 10 15 10 2 11 4 11 14 11 3 12 7 12 11 12 15 12 6 13 8 13 10 13 12 13 7 14 9 14 11 14 16 15 13 17
> BAT3 7 2 11 2 4 3 6 3 8 3 10 3 12 3 14 3 3 4 15 4 9 6 8 9 10 9 9 12 3 14 15 14 4 15 6 15 8 15 10 15 12 15 14 15 7 16 11 16 15 16
< RES 12044 27 1
< MOVE R
> REQ 12044 28 1
> VAMPIRE 3 1 14 3 1 2 0
> VAMPIRE 4 10 1 3 1 2 0
> VAMPIRE 2 1 16 3 0 2 0
> VAMPIRE 1 13 6 3 1 2 0
> GRENADE 2 1 15 5 2
> POWERUP TOMATO -3 7 13
> POWERUP TOMATO -3 11 5
> BAT1 5 1 9 1 15 2 16 3 3 6 2 7 5 7 9 7 13 7 7 8 11 8 3 9 5 9 13 9 7 10 11 10 5 11 9 11 16 11 2 15 3 16 9 17
> BAT2 3 2 2 3 3 4 7 4 9 4 11 4 6 5 8 5 10 5 12 5 7 6 11 6 15 6 4 7 14 7 16 7 3 8 15 8 6 9 12 9 3 10 15 10 2 11 4 11 14 11 3 12 7 12 11 12 15 12 6 13 8 13 10 13 12 13 7 14 9 14 11 14 16 15 13 17
> BAT3 7 2 11 2 4 3 6 3 8 3 10 3 12 3 14 3 15 4 9 6 8 9 10 9 9 12 3 14 15 14 4 15 6 15 8 15 10 15 12 15 14 15 7 16 11 16 15 16
< RES 12044 28 1
< GRENADE
< MOVE L D
> REQ 12044 29 1
> VAMPIRE 3 2 13 3 0 2 0
> VAMPIRE 4 11 1 3 1 2 0
> VAMPIRE 2 2 17 3 0 2 0
> VAMPIRE 1 14 5 3 0 2 0
> GRENADE 2 1 15 4 2
> GRENADE 1 13 6 5 2
> GRENADE 3 1 14 5 2
> POWERUP TOMATO -2 7 13
> POWERUP TOMATO -2 11 5
> BAT1 5 1 9 1 15 2 16 3 3 6 2 7 5 7 9 7 13 7 7 8 11 8 3 9 5 9 13 9 7 10 11 10 5 11 9 11 16 11 2 15 3 16 9 17
> BAT2 3 2 2 3 3 4 7 4 9 4 11 4 6 5 8 5 10 5 12 5 7 6 11 6 15 6 4 7 14 7 16 7 3 8 15 8 6 9 12 9 3 10 15 10 2 11 4 11 14 11 3 12 7 12 11 12 15 12 6 13 8 13 10 13 12 13 7 14 9 14 11 14 16 15 13 17
> BAT3 7 2 11 2 4 3 6 3 8 3 10 3 12 3 14 3 15 4 9 6 8 9 10 9 9 12 3 14 15 14 4 15 6 15 8 15 10 15 12 15 14 15 7 16 11 16 15 16
< RES 12044 29 1
> REQ 12044 30 1
> VAMPIRE 3 2 13 3 0 2 0
> VAMPIRE 4 12 1 3 0 2 0
> VAMPIRE 2 2 17 3 0 2 0
> VAMPIRE 1 14 5 3 0 2 0
> GRENADE 2 1 15 3 2
> GRENADE 1 13 6 4 2
> GRENADE 3 1 14 4 2
> GRENADE 4 11 1 5 2
> POWERUP TOMATO -1 7 13
> POWERUP TOMATO -1 11 5
> BAT1 5 1 9 1 15 2 16 3 3 6 2 7 5 7 9 7 13 7 7 8 11 8 3 9 5 9 13 9 7 10 11 10 5 11 9 11 16 11 2 15 3 16 9 17
> BAT2 3 2 2 3 3 4 7 4 9 4 11 4 6 5 8 5 10 5 12 5 7 6 11 6 15 6 4 7 14 7 16 7 3 8 15 8 6 9 12 9 3 10 15 10 2 11 4 11 14 11 3 12 7 12 11 12 15 12 6 13 8 13 10 13 12 13 7 14 9 14 11 14 16 15 13 17
> BAT3 7 2 11 2 4 3 6 3 8 3 10 3 12 3 14 3 15 4 9 6 8 9 10 9 9 12 3 14 15 14 4 15 6 15 8 15 10 15 12 15 14 15 7 16 11 16 15 16
< RES 12044 30 1
> REQ 12044 31 1
> VAMPIRE 3 2 13 3 0 2 0
> VAMPIRE 4 13 2 3 0 2 0
> VAMPIRE 2 2 17 3 0 2 0
> VAMPIRE 1 14 5 3 0 2 0
> GRENADE 2 1 15 2 2
> GRENADE 1 13 6 3 2
> GRENADE 3 1 14 3 2
> GRENADE 4 11 1 4 2
> POWERUP TOMATO 19 7 13
> POWERUP TOMATO 19 11 5
> BAT1 5 1 9 1 15 2 16 3 3 6 2 7 5 7 9 7 13 7 7 8 11 8 3 9 5 9 13 9 7 10 11 10 5 11 9 11 16 11 2 15 3 16 9 17
> BAT2 3 2 2 3 3 4 7 4 9 4 11 4 6 5 8 5 10 5 12 5 7 6 11 6 15 6 4 7 14 7 16 7 3 8 15 8 6 9 12 9 3 10 15 10 2 11 4 11 14 11 3 12 7 12 11 12 15 12 6 13 8 13 10 13 12 13 7 14 9 14 11 14 16 15 13 17
> BAT3 7 2 11 2 4 3 6 3 8 3 10 3 12 3 14 3 15 4 9 6 8 9 10 9 9 12 3 14 15 14 4 15 6 15 8 15 10 15 12 15 14 15 7 16 11 16 15 16
< RES 12044 31 1
> REQ 12044 32 1
> VAMPIRE 3 2 13 3 0 2 0
> VAMPIRE 4 13 2 3 0 2 0
> VAMPIRE 2 2 17 3 0 2 0
> VAMPIRE 1 14 5 3 0 2 0
> GRENADE 2 1 15 1 2
> GRENADE 1 13 6 2 2
> GRENADE 3 1 14 2 2
> GRENADE 4 11 1 3 2
> POWERUP TOMATO 18 7 13
> POWERUP TOMATO 18 11 5
> BAT1 5 1 9 1 15 2 16 3 3 6 2 7 5 7 9 7 13 7 7 8 11 8 3 9 5 9 13 9 7 10 11 10 5 11 9 11 16 11 2 15 3 16 9 17
> BAT2 3 2 2 3 3 4 7 4 9 4 11 4 6 5 8 5 10 5 12 5 7 6 11 6 15 6 4 7 14 7 16 7 3 8 15 8 6 9 12 9 3 10 15 10 2 11 4 11 14 11 3 12 7 12 11 12 15 12 6 13 8 13 10 13 12 13 7 14 9 14 11 14 16 15 13 17
> BAT3 7 2 11 2 4 3 6 3 8 3 10 3 12 3 14 3 15 4 9 6 8 9 10 9 9 12 3 14 15 14 4 15 6 15 8 15 10 15 12 15 14 15 7 16 11 16 15 16
< RES 12044 32 1
< MOVE D
> REQ 12044 33 1
> VAMPIRE 3 2 13 3 1 2 0
> VAMPIRE 4 13 2 3 0 2 0
> VAMPIRE 2 2 17 3 1 2 0
> VAMPIRE 1 15 5 3 0 2 0
> GRENADE 1 13 6 1 2
> GRENADE 4 11 1 2 2
> POWERUP TOMATO 17 7 13
> POWERUP TOMATO 17 11 5
> BAT1 5 1 9 1 15 2 16 3 3 6 2 7 5 7 9 7 13 7 7 8 11 8 3 9 5 9 13 9 7 10 11 10 5 11 9 11 16 11 3 16 9 17
> BAT2 3 2 2 3 3 4 7 4 9 4 11 4 6 5 8 5 10 5 12 5 7 6 11 6 15 6 4 7 14 7 16 7 3 8 15 8 6 9 12 9 3 10 15 10 2 11 4 11 14 11 3 12 7 12 11 12 15 12 6 13 8 13 10 13 12 13 7 14 9 14 11 14 16 15 13 17
> BAT3 7 2 11 2 4 3 6 3 8 3 10 3 12 3 14 3 15 4 9 6 8 9 10 9 9 12 3 14 15 14 4 15 6 15 8 15 10 15 12 15 14 15 7 16 11 16 15 16
< RES 12044 33 1
< MOVE U U
> REQ 12044 34 1
> VAMPIRE 3 3 13 3 1 2 0
> VAMPIRE 4 13 2 3 0 2 0
> VAMPIRE 2 1 16 3 1 2 0
> VAMPIRE 1 13 5 3 1 2 0
> GRENADE 4 11 1 1 2
> POWERUP TOMATO 16 7 13
> POWERUP TOMATO 16 11 5
> BAT1 5 1 9 1 15 2 16 3 3 6 2 7 5 7 9 7 7 8 11 8 3 9 5 9 13 9 7 10 11 10 5 11 9 11 16 11 3 16 9 17
> BAT2 3 2 2 3 3 4 7 4 9 4 11 4 6 5 8 5 10 5 12 5 7 6 11 6 15 6 4 7 14 7 16 7 3 8 15 8 6 9 12 9 3 10 15 10 2 11 4 11 14 11 3 12 7 12 11 12 15 12 6 13 8 13 10 13 12 13 7 14 9 14 11 14 16 15 13 17
> BAT3 7 2 11 2 4 3 6 3 8 3 10 3 12 3 14 3 15 4 9 6 8 9 10 9 9 12 3 14 15 14 4 15 6 15 8 15 10 15 12 15 14 15 7 16 11 16 15 16
< RES 12044 34 1
< MOVE R
> REQ 12044 35 1
> VAMPIRE 3 1 13 3 0 2 0
> VAMPIRE 4 13 2 3 1 2 0
> VAMPIRE 2 2 15 3 1 2 0
> VAMPIRE 1 13 6 3 1 2 0
> GRENADE 3 3 13 5 2
> POWERUP TOMATO 15 7 13
> POWERUP TOMATO 15 11 5
> BAT1 5 1 15 2 16 3 3 6 2 7 5 7 9 7 7 8 11 8 3 9 5 9 13 9 7 10 11 10 5 11 9 11 16 11 3 16 9 17
> BAT2 3 2 11 2 2 3 3 4 7 4 9 4 11 4 6 5 8 5 10 5 12 5 7 6 11 6 15 6 4 7 14 7 16 7 3 8 15 8 6 9 12 9 3 10 15 10 2 11 4 11 14 11 3 12 7 12 11 12 15 12 6 13 8 13 10 13 12 13 7 14 9 14 11 14 16 15 13 17
> BAT3 7 2 4 3 6 3 8 3 10 3 12 3 14 3 15 4 9 6 8 9 10 9 9 12 3 14 15 14 4 15 6 15 8 15 10 15 12 15 14 15 7 16 11 16 15 16
< RES 12044 35 1
< MOVE R U
> REQ 12044 36 1
> VAMPIRE 3 1 15 3 0 2 0
> VAMPIRE 4 13 3 3 1 2 0
> VAMPIRE 2 3 15 3 1 2 0
> VAMPIRE 1 12 7 3 1 2 0
> GRENADE 3 3 13 4 2
> POWERUP TOMATO 14 7 13
> POWERUP TOMATO 14 11 5
> BAT1 5 1 15 2 16 3 3 6 2 7 5 7 9 7 7 8 11 8 3 9 5 9 13 9 7 10 11 10 5 11 9 11 16 11 3 16 9 17
> BAT2 3 2 11 2 2 3 3 4 7 4 9 4 11 4 6 5 8 5 10 5 12 5 7 6 11 6 15 6 4 7 14 7 16 7 3 8 15 8 6 9 12 9 3 10 15 10 2 11 4 11 14 11 3 12 7 12 11 12 15 12 6 13 8 13 10 13 12 13 7 14 9 14 11 14 16 15 13 17
> BAT3 7 2 4 3 6 3 8 3 10 3 12 3 14 3 15 4 9 6 8 9 10 9 9 12 3 14 15 14 4 15 6 15 8 15 10 15 12 15 14 15 7 16 11 16 15 16
> END 89.33 No_connected_competitor_left