> MESSAGE OK
> LEVEL 2
> GAMEID 137
> TEST 1
> MAXTICK 800
> GRENADERADIUS 2
> SIZE 23
> REQ 137 0 1
> VAMPIRE 2 21 1 3 1 2 0
> VAMPIRE 1 1 1 3 1 2 0
> VAMPIRE 3 21 21 3 1 2 0
> VAMPIRE 4 1 21 3 1 2 0
> BAT1 3 1 4 1 5 1 17 1 18 1 19 1 3 2 5 2 17 2 19 2 1 3 2 3 3 3 4 3 5 3 17 3 18 3 19 3 20 3 21 3 1 4 3 4 19 4 21 4 1 5 2 5 3 5 19 5 20 5 21 5 1 17 2 17 3 17 19 17 20 17 21 17 1 18 3 18 19 18 21 18 1 19 2 19 3 19 4 19 5 19 17 19 18 19 19 19 20 19 21 19 3 20 5 20 17 20 19 20 3 21 4 21 5 21 17 21 18 21 19 21
> BAT2 7 1 9 1 13 1 15 1 7 2 9 2 13 2 15 2 1 7 2 7 20 7 21 7 1 9 2 9 20 9 21 9 1 13 2 13 20 13 21 13 1 15 2 15 20 15 21 15 7 20 9 20 13 20 15 20 7 21 9 21 13 21 15 21
> BAT3 11 1 11 2 11 3 7 5 8 5 9 5 13 5 14 5 15 5 5 7 7 7 8 7 9 7 13 7 14 7 15 7 17 7 5 8 7 8 9 8 11 8 13 8 15 8 17 8 5 9 7 9 8 9 9 9 13 9 14 9 15 9 17 9 1 11 2 11 3 11 8 11 11 11 14 11 19 11 20 11 21 11 5 13 7 13 8 13 9 13 13 13 14 13 15 13 17 13 5 14 7 14 9 14 11 14 13 14 15 14 17 14 5 15 7 15 8 15 9 15 13 15 14 15 15 15 17 15 7 17 8 17 9 17 13 17 14 17 15 17 11 19 11 20 11 21
< RES 137 0 1
< GRENADE
> REQ 137 1 1
> VAMPIRE 2 20 1 3 1 2 0
> VAMPIRE 1 1 1 3 0 2 0
> VAMPIRE 3 20 21 3 1 2 0
> VAMPIRE 4 1 20 3 1 2 0
> GRENADE 1 1 1 5 2
> BAT1 3 1 4 1 5 1 17 1 18 1 19 1 3 2 5 2 17 2 19 2 1 3 2 3 3 3 4 3 5 3 17 3 18 3 19 3 20 3 21 3 1 4 3 4 19 4 21 4 1 5 2 5 3 5 19 5 20 5 21 5 1 17 2 17 3 17 19 17 20 17 21 17 1 18 3 18 19 18 21 18 1 19 2 19 3 19 4 19 5 19 17 19 18 19 19 19 20 19 21 19 3 20 5 20 17 20 19 20 3 21 4 21 5 21 17 21 18 21 19 21
> BAT2 7 1 9 1 13 1 15 1 7 2 9 2 13 2 15 2 1 7 2 7 20 7 21 7 1 9 2 9 20 9 21 9 1 13 2 13 20 13 21 13 1 15 2 15 20 15 21 15 7 20 9 20 13 20 15 20 7 21 9 21 13 21 15 21
> BAT3 11 1 11 2 11 3 7 5 8 5 9 5 13 5 14 5 15 5 5 7 7 7 8 7 9 7 13 7 14 7 15 7 17 7 5 8 7 8 9 8 11 8 13 8 15 8 17 8 5 9 7 9 8 9 9 9 13 9 14 9 15 9 17 9 1 11 2 11 3 11 8 11 11 11 14 11 19 11 20 11 21 11 5 13 7 13 8 13 9 13 13 13 14 13 15 13 17 13 5 14 7 14 9 14 11 14 13 14 15 14 17 14 5 15 7 15 8 15 9 15 13 15 14 15 15 15 17 15 7 17 8 17 9 17 13 17 14 17 15 17 11 19 11 20 11 21
< RES 137 1 1
> REQ 137 2 1
> VAMPIRE 2 21 1 3 1 2 0
> VAMPIRE 1 1 1 3 0 2 0
> VAMPIRE 3 21 21 3 1 2 0
> VAMPIRE 4 1 21 3 1 2 0
> GRENADE 1 1 1 4 2
> BAT1 3 1 4 1 5 1 17 1 18 1 19 1 3 2 5 2 17 2 19 2 1 3 2 3 3 3 4 3 5 3 17 3 18 3 19 3 20 3 21 3 1 4 3 4 19 4 21 4 1 5 2 5 3 5 19 5 20 5 21 5 1 17 2 17 3 17 19 17 20 17 21 17 1 18 3 18 19 18 21 18 1 19 2 19 3 19 4 19 5 19 17 19 18 19 19 19 20 19 21 19 3 20 5 20 17 20 19 20 3 21 4 21 5 21 17 21 18 21 19 21
> BAT2 7 1 9 1 13 1 15 1 7 2 9 2 13 2 15 2 1 7 2 7 20 7 21 7 1 9 2 9 20 9 21 9 1 13 2 13 20 13 21 13 1 15 2 15 20 15 21 15 7 20 9 20 13 20 15 20 7 21 9 21 13 21 15 21
> BAT3 11 1 11 2 11 3 7 5 8 5 9 5 13 5 14 5 15 5 5 7 7 7 8 7 9 7 13 7 14 7 15 7 17 7 5 8 7 8 9 8 11 8 13 8 15 8 17 8 5 9 7 9 8 9 9 9 13 9 14 9 15 9 17 9 1 11 2 11 3 11 8 11 11 11 14 11 19 11 20 11 21 11 5 13 7 13 8 13 9 13 13 13 14 13 15 13 17 13 5 14 7 14 9 14 11 14 13 14 15 14 17 14 5 15 7 15 8 15 9 15 13 15 14 15 15 15 17 15 7 17 8 17 9 17 13 17 14 17 15 17 11 19 11 20 11 21
< RES 137 2 1
> REQ 137 3 1
> VAMPIRE 2 21 1 3 0 2 0
> VAMPIRE 1 1 1 3 0 2 0
> VAMPIRE 3 21 21 3 0 2 0
> VAMPIRE 4 1 21 3 0 2 0
> GRENADE 1 1 1 3 2
> GRENADE 2 21 1 5 2
> GRENADE 3 21 21 5 2
> GRENADE 4 1 21 5 2
> BAT1 3 1 4 1 5 1 17 1 18 1 19 1 3 2 5 2 17 2 19 2 1 3 2 3 3 3 4 3 5 3 17 3 18 3 19 3 20 3 21 3 1 4 3 4 19 4 21 4 1 5 2 5 3 5 19 5 20 5 21 5 1 17 2 17 3 17 19 17 20 17 21 17 1 18 3 18 19 18 21 18 1 19 2 19 3 19 4 19 5 19 17 19 18 19 19 19 20 19 21 19 3 20 5 20 17 20 19 20 3 21 4 21 5 21 17 21 18 21 19 21
> BAT2 7 1 9 1 13 1 15 1 7 2 9 2 13 2 15 2 1 7 2 7 20 7 21 7 1 9 2 9 20 9 21 9 1 13 2 13 20 13 21 13 1 15 2 15 20 15 21 15 7 20 9 20 13 20 15 20 7 21 9 21 13 21 15 21
> BAT3 11 1 11 2 11 3 7 5 8 5 9 5 13 5 14 5 15 5 5 7 7 7 8 7 9 7 13 7 14 7 15 7 17 7 5 8 7 8 9 8 11 8 13 8 15 8 17 8 5 9 7 9 8 9 9 9 13 9 14 9 15 9 17 9 1 11 2 11 3 11 8 11 11 11 14 11 19 11 20 11 21 11 5 13 7 13 8 13 9 13 13 13 14 13 15 13 17 13 5 14 7 14 9 14 11 14 13 14 15 14 17 14 5 15 7 15 8 15 9 15 13 15 14 15 15 15 17 15 7 17 8 17 9 17 13 17 14 17 15 17 11 19 11 20 11 21
< RES 137 3 1
> REQ 137 4 1
> VAMPIRE 2 20 1 3 0 2 0
> VAMPIRE 1 1 1 3 0 2 0
> VAMPIRE 3 20 21 3 0 2 0
> VAMPIRE 4 1 20 3 0 2 0
> GRENADE 1 1 1 2 2
> GRENADE 2 21 1 4 2
> GRENADE 3 21 21 4 2
> GRENADE 4 1 21 4 2
> BAT1 3 1 4 1 5 1 17 1 18 1 19 1 3 2 5 2 17 2 19 2 1 3 2 3 3 3 4 3 5 3 17 3 18 3 19 3 20 3 21 3 1 4 3 4 19 4 21 4 1 5 2 5 3 5 19 5 20 5 21 5 1 17 2 17 3 17 19 17 20 17 21 17 1 18 3 18 19 18 21 18 1 19 2 19 3 19 4 19 5 19 17 19 18 19 19 19 20 19 21 19 3 20 5 20 17 20 19 20 3 21 4 21 5 21 17 21 18 21 19 21
> BAT2 7 1 9 1 13 1 15 1 7 2 9 2 13 2 15 2 1 7 2 7 20 7 21 7 1 9 2 9 20 9 21 9 1 13 2 13 20 13 21 13 1 15 2 15 20 15 21 15 7 20 9 20 13 20 15 20 7 21 9 21 13 21 15 21
> BAT3 11 1 11 2 11 3 7 5 8 5 9 5 13 5 14 5 15 5 5 7 7 7 8 7 9 7 13 7 14 7 15 7 17 7 5 8 7 8 9 8 11 8 13 8 15 8 17 8 5 9 7 9 8 9 9 9 13 9 14 9 15 9 17 9 1 11 2 11 3 11 8 11 11 11 14 11 19 11 20 11 21 11 5 13 7 13 8 13 9 13 13 13 14 13 15 13 17 13 5 14 7 14 9 14 11 14 13 14 15 14 17 14 5 15 7 15 8 15 9 15 13 15 14 15 15 15 17 15 7 17 8 17 9 17 13 17 14 17 15 17 11 19 11 20 11 21
< RES 137 4 1
> REQ 137 5 1
> VAMPIRE 2 20 1 3 0 2 0
> VAMPIRE 1 1 1 3 0 2 0
> VAMPIRE 3 20 21 3 0 2 0
> VAMPIRE 4 1 20 3 0 2 0
> GRENADE 1 1 1 1 2
> GRENADE 2 21 1 3 2
> GRENADE 3 21 21 3 2
> GRENADE 4 1 21 3 2
> BAT1 3 1 4 1 5 1 17 1 18 1 19 1 3 2 5 2 17 2 19 2 1 3 2 3 3 3 4 3 5 3 17 3 18 3 19 3 20 3 21 3 1 4 3 4 19 4 21 4 1 5 2 5 3 5 19 5 20 5 21 5 1 17 2 17 3 17 19 17 20 17 21 17 1 18 3 18 19 18 21 18 1 19 2 19 3 19 4 19 5 19 17 19 18 19 19 19 20 19 21 19 3 20 5 20 17 20 19 20 3 21 4 21 5 21 17 21 18 21 19 21
> BAT2 7 1 9 1 13 1 15 1 7 2 9 2 13 2 15 2 1 7 2 7 20 7 21 7 1 9 2 9 20 9 21 9 1 13 2 13 20 13 21 13 1 15 2 15 20 15 21 15 7 20 9 20 13 20 15 20 7 21 9 21 13 21 15 21
> BAT3 11 1 11 2 11 3 7 5 8 5 9 5 13 5 14 5 15 5 5 7 7 7 8 7 9 7 13 7 14 7 15 7 17 7 5 8 7 8 9 8 11 8 13 8 15 8 17 8 5 9 7 9 8 9 9 9 13 9 14 9 15 9 17 9 1 11 2 11 3 11 8 11 11 11 14 11 19 11 20 11 21 11 5 13 7 13 8 13 9 13 13 13 14 13 15 13 17 13 5 14 7 14 9 14 11 14 13 14 15 14 17 14 5 15 7 15 8 15 9 15 13 15 14 15 15 15 17 15 7 17 8 17 9 17 13 17 14 17 15 17 11 19 11 20 11 21
< RES 137 5 1
< MOVE D
> REQ 137 6 1
> VAMPIRE 2 20 1 3 0 2 0
> VAMPIRE 1 2 1 2 1 2 0
> VAMPIRE 3 20 21 3 0 2 0
> VAMPIRE 4 1 20 3 0 2 0
> GRENADE 2 21 1 2 2
> GRENADE 3 21 21 2 2
> GRENADE 4 1 21 2 2
> BAT1 4 1 5 1 17 1 18 1 19 1 3 2 5 2 17 2 19 2 2 3 3 3 4 3 5 3 17 3 18 3 19 3 20 3 21 3 1 4 3 4 19 4 21 4 1 5 2 5 3 5 19 5 20 5 21 5 1 17 2 17 3 17 19 17 20 17 21 17 1 18 3 18 19 18 21 18 1 19 2 19 3 19 4 19 5 19 17 19 18 19 19 19 20 19 21 19 3 20 5 20 17 20 19 20 3 21 4 21 5 21 17 21 18 21 19 21
> BAT2 7 1 9 1 13 1 15 1 7 2 9 2 13 2 15 2 1 7 2 7 20 7 21 7 1 9 2 9 20 9 21 9 1 13 2 13 20 13 21 13 1 15 2 15 20 15 21 15 7 20 9 20 13 20 15 20 7 21 9 21 13 21 15 21
> BAT3 11 1 11 2 11 3 7 5 8 5 9 5 13 5 14 5 15 5 5 7 7 7 8 7 9 7 13 7 14 7 15 7 17 7 5 8 7 8 9 8 11 8 13 8 15 8 17 8 5 9 7 9 8 9 9 9 13 9 14 9 15 9 17 9 1 11 2 11 3 11 8 11 11 11 14 11 19 11 20 11 21 11 5 13 7 13 8 13 9 13 13 13 14 13 15 13 17 13 5 14 7 14 9 14 11 14 13 14 15 14 17 14 5 15 7 15 8 15 9 15 13 15 14 15 15 15 17 15 7 17 8 17 9 17 13 17 14 17 15 17 11 19 11 20 11 21
< RES 137 6 1
> REQ 137 7 1
> VAMPIRE 2 20 1 3 0 2 0
> VAMPIRE 1 2 1 2 1 2 0
> VAMPIRE 3 20 21 3 0 2 0
> VAMPIRE 4 1 20 3 0 2 0
> GRENADE 2 21 1 1 2
> GRENADE 3 21 21 1 2
> GRENADE 4 1 21 1 2
> BAT1 4 1 5 1 17 1 18 1 19 1 3 2 5 2 17 2 19 2 2 3 3 3 4 3 5 3 17 3 18 3 19 3 20 3 21 3 1 4 3 4 19 4 21 4 1 5 2 5 3 5 19 5 20 5 21 5 1 17 2 17 3 17 19 17 20 17 21 17 1 18 3 18 19 18 21 18 1 19 2 19 3 19 4 19 5 19 17 19 18 19 19 19 20 19 21 19 3 20 5 20 17 20 19 20 3 21 4 21 5 21 17 21 18 21 19 21
> BAT2 7 1 9 1 13 1 15 1 7 2 9 2 13 2 15 2 1 7 2 7 20 7 21 7 1 9 2 9 20 9 21 9 1 13 2 13 20 13 21 13 1 15 2 15 20 15 21 15 7 20 9 20 13 20 15 20 7 21 9 21 13 21 15 21
> BAT3 11 1 11 2 11 3 7 5 8 5 9 5 13 5 14 5 15 5 5 7 7 7 8 7 9 7 13 7 14 7 15 7 17 7 5 8 7 8 9 8 11 8 13 8 15 8 17 8 5 9 7 9 8 9 9 9 13 9 14 9 15 9 17 9 1 11 2 11 3 11 8 11 11 11 14 11 19 11 20 11 21 11 5 13 7 13 8 13 9 13 13 13 14 13 15 13 17 13 5 14 7 14 9 14 11 14 13 14 15 14 17 14 5 15 7 15 8 15 9 15 13 15 14 15 15 15 17 15 7 17 8 17 9 17 13 17 14 17 15 17 11 19 11 20 11 21
< RES 137 7 1
< GRENADE
> REQ 137 8 1
> WARN Inactive player cannot put grenade ; GRENADE
> VAMPIRE 2 20 1 2 1 2 0
> VAMPIRE 1 2 1 2 1 2 0
> VAMPIRE 3 20 21 2 1 2 0
> VAMPIRE 4 1 20 2 1 2 0
> BAT1 4 1 5 1 17 1 18 1 3 2 5 2 17 2 19 2 2 3 3 3 4 3 5 3 17 3 18 3 19 3 20 3 1 4 3 4 19 4 21 4 1 5 2 5 3 5 19 5 20 5 21 5 1 17 2 17 3 17 19 17 20 17 21 17 1 18 3 18 19 18 21 18 2 19 3 19 4 19 5 19 17 19 18 19 19 19 20 19 3 20 5 20 17 20 19 20 4 21 5 21 17 21 18 21
> BAT2 7 1 9 1 13 1 15 1 7 2 9 2 13 2 15 2 1 7 2 7 20 7 21 7 1 9 2 9 20 9 21 9 1 13 2 13 20 13 21 13 1 15 2 15 20 15 21 15 7 20 9 20 13 20 15 20 7 21 9 21 13 21 15 21
> BAT3 11 1 11 2 11 3 7 5 8 5 9 5 13 5 14 5 15 5 5 7 7 7 8 7 9 7 13 7 14 7 15 7 17 7 5 8 7 8 9 8 11 8 13 8 15 8 17 8 5 9 7 9 8 9 9 9 13 9 14 9 15 9 17 9 1 11 2 11 3 11 8 11 11 11 14 11 19 11 20 11 21 11 5 13 7 13 8 13 9 13 13 13 14 13 15 13 17 13 5 14 7 14 9 14 11 14 13 14 15 14 17 14 5 15 7 15 8 15 9 15 13 15 14 15 15 15 17 15 7 17 8 17 9 17 13 17 14 17 15 17 11 19 11 20 11 21
< RES 137 8 1
< GRENADE
> REQ 137 9 1
> WARN Inactive player cannot put grenade ; GRENADE
> VAMPIRE 2 19 1 2 1 2 0
> VAMPIRE 1 2 1 2 1 2 0
> VAMPIRE 3 19 21 2 1 2 0
> VAMPIRE 4 1 19 2 1 2 0
> BAT1 4 1 5 1 17 1 18 1 3 2 5 2 17 2 19 2 2 3 3 3 4 3 5 3 17 3 18 3 19 3 20 3 1 4 3 4 19 4 21 4 1 5 2 5 3 5 19 5 20 5 21 5 1 17 2 17 3 17 19 17 20 17 21 17 1 18 3 18 19 18 21 18 2 19 3 19 4 19 5 19 17 19 18 19 19 19 20 19 3 20 5 20 17 20 19 20 4 21 5 21 17 21 18 21
> BAT2 7 1 9 1 13 1 15 1 7 2 9 2 13 2 15 2 1 7 2 7 20 7 21 7 1 9 2 9 20 9 21 9 1 13 2 13 20 13 21 13 1 15 2 15 20 15 21 15 7 20 9 20 13 20 15 20 7 21 9 21 13 21 15 21
> BAT3 11 1 11 2 11 3 7 5 8 5 9 5 13 5 14 5 15 5 5 7 7 7 8 7 9 7 13 7 14 7 15 7 17 7 5 8 7 8 9 8 11 8 13 8 15 8 17 8 5 9 7 9 8 9 9 9 13 9 14 9 15 9 17 9 1 11 2 11 3 11 8 11 11 11 14 11 19 11 20 11 21 11 5 13 7 13 8 13 9 13 13 13 14 13 15 13 17 13 5 14 7 14 9 14 11 14 13 14 15 14 17 14 5 15 7 15 8 15 9 15 13 15 14 15 15 15 17 15 7 17 8 17 9 17 13 17 14 17 15 17 11 19 11 20 11 21
< RES 137 9 1
< GRENADE
> REQ 137 10 1
> VAMPIRE 2 19 1 2 1 2 0
> VAMPIRE 1 2 1 2 0 2 0
> VAMPIRE 3 19 21 2 1 2 0
> VAMPIRE 4 1 19 2 1 2 0
> GRENADE 1 2 1 5 2
> BAT1 4 1 5 1 17 1 18 1 3 2 5 2 17 2 19 2 2 3 3 3 4 3 5 3 17 3 18 3 19 3 20 3 1 4 3 4 19 4 21 4 1 5 2 5 3 5 19 5 20 5 21 5 1 17 2 17 3 17 19 17 20 17 21 17 1 18 3 18 19 18 21 18 2 19 3 19 4 19 5 19 17 19 18 19 19 19 20 19 3 20 5 20 17 20 19 20 4 21 5 21 17 21 18 21
> BAT2 7 1 9 1 13 1 15 1 7 2 9 2 13 2 15 2 1 7 2 7 20 7 21 7 1 9 2 9 20 9 21 9 1 13 2 13 20 13 21 13 1 15 2 15 20 15 21 15 7 20 9 20 13 20 15 20 7 21 9 21 13 21 15 21
> BAT3 11 1 11 2 11 3 7 5 8 5 9 5 13 5 14 5 15 5 5 7 7 7 8 7 9 7 13 7 14 7 15 7 17 7 5 8 7 8 9 8 11 8 13 8 15 8 17 8 5 9 7 9 8 9 9 9 13 9 14 9 15 9 17 9 1 11 2 11 3 11 8 11 11 11 14 11 19 11 20 11 21 11 5 13 7 13 8 13 9 13 13 13 14 13 15 13 17 13 5 14 7 14 9 14 11 14 13 14 15 14 17 14 5 15 7 15 8 15 9 15 13 15 14 15 15 15 17 15 7 17 8 17 9 17 13 17 14 17 15 17 11 19 11 20 11 21
< RES 137 10 1
< MOVE U R
> REQ 137 11 1
> VAMPIRE 2 19 1 2 1 2 0
> VAMPIRE 1 1 2 2 0 2 0
> VAMPIRE 3 19 21 2 1 2 0
> VAMPIRE 4 1 19 2 1 2 0
> GRENADE 1 3 1 4 2
> BAT1 4 1 5 1 17 1 18 1 3 2 5 2 17 2 19 2 2 3 3 3 4 3 5 3 17 3 18 3 19 3 20 3 1 4 3 4 19 4 21 4 1 5 2 5 3 5 19 5 20 5 21 5 1 17 2 17 3 17 19 17 20 17 21 17 1 18 3 18 19 18 21 18 2 19 3 19 4 19 5 19 17 19 18 19 19 19 20 19 3 20 5 20 17 20 19 20 4 21 5 21 17 21 18 21
> BAT2 7 1 9 1 13 1 15 1 7 2 9 2 13 2 15 2 1 7 2 7 20 7 21 7 1 9 2 9 20 9 21 9 1 13 2 13 20 13 21 13 1 15 2 15 20 15 21 15 7 20 9 20 13 20 15 20 7 21 9 21 13 21 15 21
> BAT3 11 1 11 2 11 3 7 5 8 5 9 5 13 5 14 5 15 5 5 7 7 7 8 7 9 7 13 7 14 7 15 7 17 7 5 8 7 8 9 8 11 8 13 8 15 8 17 8 5 9 7 9 8 9 9 9 13 9 14 9 15 9 17 9 1 11 2 11 3 11 8 11 11 11 14 11 19 11 20 11 21 11 5 13 7 13 8 13 9 13 13 13 14 13 15 13 17 13 5 14 7 14 9 14 11 14 13 14 15 14 17 14 5 15 7 15 8 15 9 15 13 15 14 15 15 15 17 15 7 17 8 17 9 17 13 17 14 17 15 17 11 19 11 20 11 21
< RES 137 11 1
> REQ 137 12 1
> VAMPIRE 2 19 1 2 0 2 0
> VAMPIRE 1 1 2 2 0 2 0
> VAMPIRE 3 19 21 2 0 2 0
> VAMPIRE 4 1 19 2 0 2 0
> GRENADE 1 3 1 3 2
> GRENADE 2 19 1 5 2
> GRENADE 3 19 21 5 2
> GRENADE 4 1 19 5 2
> BAT1 4 1 5 1 17 1 18 1 3 2 5 2 17 2 19 2 2 3 3 3 4 3 5 3 17 3 18 3 19 3 20 3 1 4 3 4 19 4 21 4 1 5 2 5 3 5 19 5 20 5 21 5 1 17 2 17 3 17 19 17 20 17 21 17 1 18 3 18 19 18 21 18 2 19 3 19 4 19 5 19 17 19 18 19 19 19 20 19 3 20 5 20 17 20 19 20 4 21 5 21 17 21 18 21
> BAT2 7 1 9 1 13 1 15 1 7 2 9 2 13 2 15 2 1 7 2 7 20 7 21 7 1 9 2 9 20 9 21 9 1 13 2 13 20 13 21 13 1 15 2 15 20 15 21 15 7 20 9 20 13 20 15 20 7 21 9 21 13 21 15 21
> BAT3 11 1 11 2 11 3 7 5 8 5 9 5 13 5 14 5 15 5 5 7 7 7 8 7 9 7 13 7 14 7 15 7 17 7 5 8 7 8 9 8 11 8 13 8 15 8 17 8 5 9 7 9 8 9 9 9 13 9 14 9 15 9 17 9 1 11 2 11 3 11 8 11 11 11 14 11 19 11 20 11 21 11 5 13 7 13 8 13 9 13 13 13 14 13 15 13 17 13 5 14 7 14 9 14 11 14 13 14 15 14 17 14 5 15 7 15 8 15 9 15 13 15 14 15 15 15 17 15 7 17 8 17 9 17 13 17 14 17 15 17 11 19 11 20 11 21
< RES 137 12 1
> REQ 137 13 1
> VAMPIRE 2 20 1 2 0 2 0
> VAMPIRE 1 1 2 2 0 2 0
> VAMPIRE 3 20 21 2 0 2 0
> VAMPIRE 4 1 20 2 0 2 0
> GRENADE 1 3 1 2 2
> GRENADE 2 19 1 4 2
> GRENADE 3 19 21 4 2
> GRENADE 4 1 19 4 2
> BAT1 4 1 5 1 17 1 18 1 3 2 5 2 17 2 19 2 2 3 3 3 4 3 5 3 17 3 18 3 19 3 20 3 1 4 3 4 19 4 21 4 1 5 2 5 3 5 19 5 20 5 21 5 1 17 2 17 3 17 19 17 20 17 21 17 1 18 3 18 19 18 21 18 2 19 3 19 4 19 5 19 17 19 18 19 19 19 20 19 3 20 5 20 17 20 19 20 4 21 5 21 17 21 18 21
> BAT2 7 1 9 1 13 1 15 1 7 2 9 2 13 2 15 2 1 7 2 7 20 7 21 7 1 9 2 9 20 9 21 9 1 13 2 13 20 13 21 13 1 15 2 15 20 15 21 15 7 20 9 20 13 20 15 20 7 21 9 21 13 21 15 21
> BAT3 11 1 11 2 11 3 7 5 8 5 9 5 13 5 14 5 15 5 5 7 7 7 8 7 9 7 13 7 14 7 15 7 17 7 5 8 7 8 9 8 11 8 13 8 15 8 17 8 5 9 7 9 8 9 9 9 13 9 14 9 15 9 17 9 1 11 2 11 3 11 8 11 11 11 14 11 19 11 20 11 21 11 5 13 7 13 8 13 9 13 13 13 14 13 15 13 17 13 5 14 7 14 9 14 11 14 13 14 15 14 17 14 5 15 7 15 8 15 9 15 13 15 14 15 15 15 17 15 7 17 8 17 9 17 13 17 14 17 15 17 11 19 11 20 11 21
< RES 137 13 1
> REQ 137 14 1
> VAMPIRE 2 21 2 2 0 2 0
> VAMPIRE 1 1 2 2 0 2 0
> VAMPIRE 3 21 20 2 0 2 0
> VAMPIRE 4 2 21 2 0 2 0
> GRENADE 1 3 1 1 2
> GRENADE 2 19 1 3 2
> GRENADE 3 19 21 3 2
> GRENADE 4 1 19 3 2
> BAT1 4 1 5 1 17 1 18 1 3 2 5 2 17 2 19 2 2 3 3 3 4 3 5 3 17 3 18 3 19 3 20 3 1 4 3 4 19 4 21 4 1 5 2 5 3 5 19 5 20 5 21 5 1 17 2 17 3 17 19 17 20 17 21 17 1 18 3 18 19 18 21 18 2 19 3 19 4 19 5 19 17 19 18 19 19 19 20 19 3 20 5 20 17 20 19 20 4 21 5 21 17 21 18 21
> BAT2 7 1 9 1 13 1 15 1 7 2 9 2 13 2 15 2 1 7 2 7 20 7 21 7 1 9 2 9 20 9 21 9 1 13 2 13 20 13 21 13 1 15 2 15 20 15 21 15 7 20 9 20 13 20 15 20 7 21 9 21 13 21 15 21
> BAT3 11 1 11 2 11 3 7 5 8 5 9 5 13 5 14 5 15 5 5 7 7 7 8 7 9 7 13 7 14 7 15 7 17 7 5 8 7 8 9 8 11 8 13 8 15 8 17 8 5 9 7 9 8 9 9 9 13 9 14 9 15 9 17 9 1 11 2 11 3 11 8 11 11 11 14 11 19 11 20 11 21 11 5 13 7 13 8 13 9 13 13 13 14 13 15 13 17 13 5 14 7 14 9 14 11 14 13 14 15 14 17 14 5 15 7 15 8 15 9 15 13 15 14 15 15 15 17 15 7 17 8 17 9 17 13 17 14 17 15 17 11 19 11 20 11 21
< RES 137 14 1
< MOVE R
> REQ 137 15 1
> VAMPIRE 2 21 2 2 0 2 0
> VAMPIRE 1 1 3 2 1 2 0
> VAMPIRE 3 21 19 2 0 2 0
> VAMPIRE 4 2 21 2 0 2 0
> GRENADE 2 19 1 2 2
> GRENADE 3 19 21 2 2
> GRENADE 4 1 19 2 2
> BAT1 5 1 17 1 18 1 5 2 17 2 19 2 2 3 3 3 4 3 5 3 17 3 18 3 19 3 20 3 1 4 3 4 19 4 21 4 1 5 2 5 3 5 19 5 20 5 21 5 1 17 2 17 3 17 19 17 20 17 21 17 1 18 3 18 19 18 21 18 2 19 3 19 4 19 5 19 17 19 18 19 19 19 20 19 3 20 5 20 17 20 19 20 4 21 5 21 17 21 18 21
> BAT2 7 1 9 1 13 1 15 1 7 2 9 2 13 2 15 2 1 7 2 7 20 7 21 7 1 9 2 9 20 9 21 9 1 13 2 13 20 13 21 13 1 15 2 15 20 15 21 15 7 20 9 20 13 20 15 20 7 21 9 21 13 21 15 21
> BAT3 11 1 11 2 11 3 7 5 8 5 9 5 13 5 14 5 15 5 5 7 7 7 8 7 9 7 13 7 14 7 15 7 17 7 5 8 7 8 9 8 11 8 13 8 15 8 17 8 5 9 7 9 8 9 9 9 13 9 14 9 15 9 17 9 1 11 2 11 3 11 8 11 11 11 14 11 19 11 20 11 21 11 5 13 7 13 8 13 9 13 13 13 14 13 15 13 17 13 5 14 7 14 9 14 11 14 13 14 15 14 17 14 5 15 7 15 8 15 9 15 13 15 14 15 15 15 17 15 7 17 8 17 9 17 13 17 14 17 15 17 11 19 11 20 11 21
< RES 137 15 1
< GRENADE
< MOVE L L
> REQ 137 16 1
> VAMPIRE 2 21 2 2 0 2 0
> VAMPIRE 1 1 1 2 0 2 0
> VAMPIRE 3 21 19 2 0 2 0
> VAMPIRE 4 2 21 2 0 2 0
> GRENADE 2 19 1 1 2
> GRENADE 3 19 21 1 2
> GRENADE 4 1 19 1 2
> GRENADE 1 1 3 5 2
> BAT1 5 1 17 1 18 1 5 2 17 2 19 2 2 3 3 3 4 3 5 3 17 3 18 3 19 3 20 3 1 4 3 4 19 4 21 4 1 5 2 5 3 5 19 5 20 5 21 5 1 17 2 17 3 17 19 17 20 17 21 17 1 18 3 18 19 18 21 18 2 19 3 19 4 19 5 19 17 19 18 19 19 19 20 19 3 20 5 20 17 20 19 20 4 21 5 21 17 21 18 21
> BAT2 7 1 9 1 13 1 15 1 7 2 9 2 13 2 15 2 1 7 2 7 20 7 21 7 1 9 2 9 20 9 21 9 1 13 2 13 20 13 21 13 1 15 2 15 20 15 21 15 7 20 9 20 13 20 15 20 7 21 9 21 13 21 15 21
> BAT3 11 1 11 2 11 3 7 5 8 5 9 5 13 5 14 5 15 5 5 7 7 7 8 7 9 7 13 7 14 7 15 7 17 7 5 8 7 8 9 8 11 8 13 8 15 8 17 8 5 9 7 9 8 9 9 9 13 9 14 9 15 9 17 9 1 11 2 11 3 11 8 11 11 11 14 11 19 11 20 11 21 11 5 13 7 13 8 13 9 13 13 13 14 13 15 13 17 13 5 14 7 14 9 14 11 14 13 14 15 14 17 14 5 15 7 15 8 15 9 15 13 15 14 15 15 15 17 15 7 17 8 17 9 17 13 17 14 17 15 17 11 19 11 20 11 21
< RES 137 16 1
< MOVE D D
> REQ 137 17 1
> VAMPIRE 2 21 2 2 1 2 0
> VAMPIRE 1 3 1 2 0 2 0
> VAMPIRE 3 21 19 2 1 2 0
> VAMPIRE 4 2 21 2 1 2 0
> GRENADE 1 1 3 4 2
> BAT1 5 1 17 1 5 2 17 2 2 3 3 3 4 3 5 3 17 3 18 3 19 3 20 3 1 4 3 4 19 4 21 4 1 5 2 5 3 5 19 5 20 5 21 5 1 17 2 17 3 17 19 17 20 17 21 17 3 18 19 18 21 18 3 19 4 19 5 19 17 19 18 19 19 19 20 19 3 20 5 20 17 20 4 21 5 21 17 21
> BAT2 7 1 9 1 13 1 15 1 7 2 9 2 13 2 15 2 1 7 2 7 20 7 21 7 1 9 2 9 20 9 21 9 1 13 2 13 20 13 21 13 1 15 2 15 20 15 21 15 7 20 9 20 13 20 15 20 7 21 9 21 13 21 15 21
> BAT3 11 1 11 2 11 3 7 5 8 5 9 5 13 5 14 5 15 5 5 7 7 7 8 7 9 7 13 7 14 7 15 7 17 7 5 8 7 8 9 8 11 8 13 8 15 8 17 8 5 9 7 9 8 9 9 9 13 9 14 9 15 9 17 9 1 11 2 11 3 11 8 11 11 11 14 11 19 11 20 11 21 11 5 13 7 13 8 13 9 13 13 13 14 13 15 13 17 13 5 14 7 14 9 14 11 14 13 14 15 14 17 14 5 15 7 15 8 15 9 15 13 15 14 15 15 15 17 15 7 17 8 17 9 17 13 17 14 17 15 17 11 19 11 20 11 21
< RES 137 17 1
> REQ 137 18 1
> VAMPIRE 2 21 3 2 1 2 0
> VAMPIRE 1 3 1 2 0 2 0
> VAMPIRE 3 21 19 2 0 2 0
> VAMPIRE 4 1 20 2 1 2 0
> GRENADE 1 1 3 3 2
> GRENADE 3 21 19 5 2
> BAT1 5 1 17 1 5 2 17 2 2 3 3 3 4 3 5 3 17 3 18 3 19 3 20 3 1 4 3 4 19 4 21 4 1 5 2 5 3 5 19 5 20 5 21 5 1 17 2 17 3 17 19 17 20 17 21 17 3 18 19 18 21 18 3 19 4 19 5 19 17 19 18 19 19 19 20 19 3 20 5 20 17 20 4 21 5 21 17 21
> BAT2 7 1 9 1 13 1 15 1 7 2 9 2 13 2 15 2 1 7 2 7 20 7 21 7 1 9 2 9 20 9 21 9 1 13 2 13 20 13 21 13 1 15 2 15 20 15 21 15 7 20 9 20 13 20 15 20 7 21 9 21 13 21 15 21
> BAT3 11 1 11 2 11 3 7 5 8 5 9 5 13 5 14 5 15 5 5 7 7 7 8 7 9 7 13 7 14 7 15 7 17 7 5 8 7 8 9 8 11 8 13 8 15 8 17 8 5 9 7 9 8 9 9 9 13 9 14 9 15 9 17 9 1 11 2 11 3 11 8 11 11 11 14 11 19 11 20 11 21 11 5 13 7 13 8 13 9 13 13 13 14 13 15 13 17 13 5 14 7 14 9 14 11 14 13 14 15 14 17 14 5 15 7 15 8 15 9 15 13 15 14 15 15 15 17 15 7 17 8 17 9 17 13 17 14 17 15 17 11 19 11 20 11 21
< RES 137 18 1
> REQ 137 19 1
> VAMPIRE 2 21 3 2 0 2 0
> VAMPIRE 1 3 1 2 0 2 0
> VAMPIRE 3 21 20 2 0 2 0
> VAMPIRE 4 1 19 2 1 2 0
> GRENADE 1 1 3 2 2
> GRENADE 3 21 19 4 2
> GRENADE 2 21 3 5 2
> BAT1 5 1 17 1 5 2 17 2 2 3 3 3 4 3 5 3 17 3 18 3 19 3 20 3 1 4 3 4 19 4 21 4 1 5 2 5 3 5 19 5 20 5 21 5 1 17 2 17 3 17 19 17 20 17 21 17 3 18 19 18 21 18 3 19 4 19 5 19 17 19 18 19 19 19 20 19 3 20 5 20 17 20 4 21 5 21 17 21
> BAT2 7 1 9 1 13 1 15 1 7 2 9 2 13 2 15 2 1 7 2 7 20 7 21 7 1 9 2 9 20 9 21 9 1 13 2 13 20 13 21 13 1 15 2 15 20 15 21 15 7 20 9 20 13 20 15 20 7 21 9 21 13 21 15 21
> BAT3 11 1 11 2 11 3 7 5 8 5 9 5 13 5 14 5 15 5 5 7 7 7 8 7 9 7 13 7 14 7 15 7 17 7 5 8 7 8 9 8 11 8 13 8 15 8 17 8 5 9 7 9 8 9 9 9 13 9 14 9 15 9 17 9 1 11 2 11 3 11 8 11 11 11 14 11 19 11 20 11 21 11 5 13 7 13 8 13 9 13 13 13 14 13 15 13 17 13 5 14 7 14 9 14 11 14 13 14 15 14 17 14 5 15 7 15 8 15 9 15 13 15 14 15 15 15 17 15 7 17 8 17 9 17 13 17 14 17 15 17 11 19 11 20 11 21
< RES 137 19 1
> REQ 137 20 1
> VAMPIRE 2 21 2 2 0 2 0
> VAMPIRE 1 3 1 2 0 2 0
> VAMPIRE 3 20 21 2 0 2 0
> VAMPIRE 4 1 19 2 0 2 0
> GRENADE 1 1 3 1 2
> GRENADE 3 21 19 3 2
> GRENADE 2 21 3 4 2
> GRENADE 4 1 19 5 2
> BAT1 5 1 17 1 5 2 17 2 2 3 3 3 4 3 5 3 17 3 18 3 19 3 20 3 1 4 3 4 19 4 21 4 1 5 2 5 3 5 19 5 20 5 21 5 1 17 2 17 3 17 19 17 20 17 21 17 3 18 19 18 21 18 3 19 4 19 5 19 17 19 18 19 19 19 20 19 3 20 5 20 17 20 4 21 5 21 17 21
> BAT2 7 1 9 1 13 1 15 1 7 2 9 2 13 2 15 2 1 7 2 7 20 7 21 7 1 9 2 9 20 9 21 9 1 13 2 13 20 13 21 13 1 15 2 15 20 15 21 15 7 20 9 20 13 20 15 20 7 21 9 21 13 21 15 21
> BAT3 11 1 11 2 11 3 7 5 8 5 9 5 13 5 14 5 15 5 5 7 7 7 8 7 9 7 13 7 14 7 15 7 17 7 5 8 7 8 9 8 11 8 13 8 15 8 17 8 5 9 7 9 8 9 9 9 13 9 14 9 15 9 17 9 1 11 2 11 3 11 8 11 11 11 14 11 19 11 20 11 21 11 5 13 7 13 8 13 9 13 13 13 14 13 15 13 17 13 5 14 7 14 9 14 11 14 13 14 15 14 17 14 5 15 7 15 8 15 9 15 13 15 14 15 15 15 17 15 7 17 8 17 9 17 13 17 14 17 15 17 11 19 11 20 11 21
< RES 137 20 1
> REQ 137 21 1
> VAMPIRE 2 20 1 2 0 2 0
> VAMPIRE 1 3 1 2 1 2 0
> VAMPIRE 3 20 21 2 0 2 0
> VAMPIRE 4 1 20 2 0 2 0
> GRENADE 3 21 19 2 2
> GRENADE 2 21 3 3 2
> GRENADE 4 1 19 4 2
> BAT1 5 1 17 1 5 2 17 2 3 3 4 3 5 3 17 3 18 3 19 3 20 3 3 4 19 4 21 4 1 5 2 5 3 5 19 5 20 5 21 5 1 17 2 17 3 17 19 17 20 17 21 17 3 18 19 18 21 18 3 19 4 19 5 19 17 19 18 19 19 19 20 19 3 20 5 20 17 20 4 21 5 21 17 21
> BAT2 7 1 9 1 13 1 15 1 7 2 9 2 13 2 15 2 1 7 2 7 20 7 21 7 1 9 2 9 20 9 21 9 1 13 2 13 20 13 21 13 1 15 2 15 20 15 21 15 7 20 9 20 13 20 15 20 7 21 9 21 13 21 15 21
> BAT3 11 1 11 2 11 3 7 5 8 5 9 5 13 5 14 5 15 5 5 7 7 7 8 7 9 7 13 7 14 7 15 7 17 7 5 8 7 8 9 8 11 8 13 8 15 8 17 8 5 9 7 9 8 9 9 9 13 9 14 9 15 9 17 9 1 11 2 11 3 11 8 11 11 11 14 11 19 11 20 11 21 11 5 13 7 13 8 13 9 13 13 13 14 13 15 13 17 13 5 14 7 14 9 14 11 14 13 14 15 14 17 14 5 15 7 15 8 15 9 15 13 15 14 15 15 15 17 15 7 17 8 17 9 17 13 17 14 17 15 17 11 19 11 20 11 21
< RES 137 21 1
< GRENADE
> REQ 137 22 1
> VAMPIRE 2 20 1 2 0 2 0
> VAMPIRE 1 3 1 2 0 2 0
> VAMPIRE 3 18 21 2 0 2 0
> VAMPIRE 4 2 21 2 0 2 0
> GRENADE 3 21 19 1 2
> GRENADE 2 21 3 2 2
> GRENADE 4 1 19 3 2
> GRENADE 1 3 1 5 2
> BAT1 5 1 17 1 5 2 17 2 3 3 4 3 5 3 17 3 18 3 19 3 20 3 3 4 19 4 21 4 1 5 2 5 3 5 19 5 20 5 21 5 1 17 2 17 3 17 19 17 20 17 21 17 3 18 19 18 21 18 3 19 4 19 5 19 17 19 18 19 19 19 20 19 3 20 5 20 17 20 4 21 5 21 17 21
> BAT2 7 1 9 1 13 1 15 1 7 2 9 2 13 2 15 2 1 7 2 7 20 7 21 7 1 9 2 9 20 9 21 9 1 13 2 13 20 13 21 13 1 15 2 15 20 15 21 15 7 20 9 20 13 20 15 20 7 21 9 21 13 21 15 21
> BAT3 11 1 11 2 11 3 7 5 8 5 9 5 13 5 14 5 15 5 5 7 7 7 8 7 9 7 13 7 14 7 15 7 17 7 5 8 7 8 9 8 11 8 13 8 15 8 17 8 5 9 7 9 8 9 9 9 13 9 14 9 15 9 17 9 1 11 2 11 3 11 8 11 11 11 14 11 19 11 20 11 21 11 5 13 7 13 8 13 9 13 13 13 14 13 15 13 17 13 5 14 7 14 9 14 11 14 13 14 15 14 17 14 5 15 7 15 8 15 9 15 13 15 14 15 15 15 17 15 7 17 8 17 9 17 13 17 14 17 15 17 11 19 11 20 11 21
< RES 137 22 1
> REQ 137 23 1
> VAMPIRE 2 20 1 2 0 2 0
> VAMPIRE 1 3 1 2 0 2 0
> VAMPIRE 3 18 21 2 1 2 0
> VAMPIRE 4 2 21 2 0 2 0
> GRENADE 2 21 3 1 2
> GRENADE 4 1 19 2 2
> GRENADE 1 6 1 4 2
> BAT1 5 1 17 1 5 2 17 2 3 3 4 3 5 3 17 3 18 3 19 3 20 3 3 4 19 4 21 4 1 5 2 5 3 5 19 5 20 5 21 5 1 17 2 17 3 17 19 17 20 17 21 17 3 18 19 18 3 19 4 19 5 19 17 19 18 19 19 19 3 20 5 20 17 20 4 21 5 21 17 21
> BAT2 7 1 9 1 13 1 15 1 7 2 9 2 13 2 15 2 1 7 2 7 20 7 21 7 1 9 2 9 20 9 21 9 1 13 2 13 20 13 21 13 1 15 2 15 20 15 21 15 7 20 9 20 13 20 15 20 7 21 9 21 13 21 15 21
> BAT3 11 1 11 2 11 3 7 5 8 5 9 5 13 5 14 5 15 5 5 7 7 7 8 7 9 7 13 7 14 7 15 7 17 7 5 8 7 8 9 8 11 8 13 8 15 8 17 8 5 9 7 9 8 9 9 9 13 9 14 9 15 9 17 9 1 11 2 11 3 11 8 11 11 11 14 11 19 11 20 11 21 11 5 13 7 13 8 13 9 13 13 13 14 13 15 13 17 13 5 14 7 14 9 14 11 14 13 14 15 14 17 14 5 15 7 15 8 15 9 15 13 15 14 15 15 15 17 15 7 17 8 17 9 17 13 17 14 17 15 17 11 19 11 20 11 21
< RES 137 23 1
> REQ 137 24 1
> VAMPIRE 2 20 1 2 1 2 0
> VAMPIRE 1 3 1 2 0 2 0
> VAMPIRE 3 19 21 2 1 2 0
> VAMPIRE 4 2 21 2 0 2 0
> GRENADE 4 1 19 1 2
> GRENADE 1 6 1 3 2
> BAT1 5 1 17 1 5 2 17 2 3 3 4 3 5 3 17 3 18 3 19 3 3 4 19 4 1 5 2 5 3 5 19 5 20 5 21 5 1 17 2 17 3 17 19 17 20 17 21 17 3 18 19 18 3 19 4 19 5 19 17 19 18 19 19 19 3 20 5 20 17 20 4 21 5 21 17 21
> BAT2 7 1 9 1 13 1 15 1 7 2 9 2 13 2 15 2 1 7 2 7 20 7 21 7 1 9 2 9 20 9 21 9 1 13 2 13 20 13 21 13 1 15 2 15 20 15 21 15 7 20 9 20 13 20 15 20 7 21 9 21 13 21 15 21
> BAT3 11 1 11 2 11 3 7 5 8 5 9 5 13 5 14 5 15 5 5 7 7 7 8 7 9 7 13 7 14 7 15 7 17 7 5 8 7 8 9 8 11 8 13 8 15 8 17 8 5 9 7 9 8 9 9 9 13 9 14 9 15 9 17 9 1 11 2 11 3 11 8 11 11 11 14 11 19 11 20 11 21 11 5 13 7 13 8 13 9 13 13 13 14 13 15 13 17 13 5 14 7 14 9 14 11 14 13 14 15 14 17 14 5 15 7 15 8 15 9 15 13 15 14 15 15 15 17 15 7 17 8 17 9 17 13 17 14 17 15 17 11 19 11 20 11 21
< RES 137 24 1
> REQ 137 25 1
> VAMPIRE 2 19 1 2 1 2 0
> VAMPIRE 1 3 1 2 0 2 0
> VAMPIRE 3 19 21 2 0 2 0
> VAMPIRE 4 2 21 2 1 2 0
> GRENADE 1 6 1 2 2
> GRENADE 3 19 21 5 2
> BAT1 5 1 17 1 5 2 17 2 3 3 4 3 5 3 17 3 18 3 19 3 3 4 19 4 1 5 2 5 3 5 19 5 20 5 21 5 2 17 3 17 19 17 20 17 21 17 3 18 19 18 4 19 5 19 17 19 18 19 19 19 3 20 5 20 17 20 4 21 5 21 17 21
> BAT2 7 1 9 1 13 1 15 1 7 2 9 2 13 2 15 2 1 7 2 7 20 7 21 7 1 9 2 9 20 9 21 9 1 13 2 13 20 13 21 13 1 15 2 15 20 15 21 15 7 20 9 20 13 20 15 20 7 21 9 21 13 21 15 21
> BAT3 11 1 11 2 11 3 7 5 8 5 9 5 13 5 14 5 15 5 5 7 7 7 8 7 9 7 13 7 14 7 15 7 17 7 5 8 7 8 9 8 11 8 13 8 15 8 17 8 5 9 7 9 8 9 9 9 13 9 14 9 15 9 17 9 1 11 2 11 3 11 8 11 11 11 14 11 19 11 20 11 21 11 5 13 7 13 8 13 9 13 13 13 14 13 15 13 17 13 5 14 7 14 9 14 11 14 13 14 15 14 17 14 5 15 7 15 8 15 9 15 13 15 14 15 15 15 17 15 7 17 8 17 9 17 13 17 14 17 15 17 11 19 11 20 11 21
< RES 137 25 1
< MOVE U U
> REQ 137 26 1
> VAMPIRE 2 19 1 2 0 2 0
> VAMPIRE 1 1 1 2 0 2 0
> VAMPIRE 3 20 21 2 0 2 0
> VAMPIRE 4 2 21 2 0 2 0
> GRENADE 1 6 1 1 2
> GRENADE 3 19 21 4 2
> GRENADE 2 19 1 5 2
> GRENADE 4 2 21 5 2
> BAT1 5 1 17 1 5 2 17 2 3 3 4 3 5 3 17 3 18 3 19 3 3 4 19 4 1 5 2 5 3 5 19 5 20 5 21 5 2 17 3 17 19 17 20 17 21 17 3 18 19 18 4 19 5 19 17 19 18 19 19 19 3 20 5 20 17 20 4 21 5 21 17 21
> BAT2 7 1 9 1 13 1 15 1 7 2 9 2 13 2 15 2 1 7 2 7 20 7 21 7 1 9 2 9 20 9 21 9 1 13 2 13 20 13 21 13 1 15 2 15 20 15 21 15 7 20 9 20 13 20 15 20 7 21 9 21 13 21 15 21
> BAT3 11 1 11 2 11 3 7 5 8 5 9 5 13 5 14 5 15 5 5 7 7 7 8 7 9 7 13 7 14 7 15 7 17 7 5 8 7 8 9 8 11 8 13 8 15 8 17 8 5 9 7 9 8 9 9 9 13 9 14 9 15 9 17 9 1 11 2 11 3 11 8 11 11 11 14 11 19 11 20 11 21 11 5 13 7 13 8 13 9 13 13 13 14 13 15 13 17 13 5 14 7 14 9 14 11 14 13 14 15 14 17 14 5 15 7 15 8 15 9 15 13 15 14 15 15 15 17 15 7 17 8 17 9 17 13 17 14 17 15 17 11 19 11 20 11 21
< RES 137 26 1
< MOVE R R
> REQ 137 27 1
> VAMPIRE 2 20 1 2 0 2 0
> VAMPIRE 1 1 3 2 1 2 0
> VAMPIRE 3 21 20 2 0 2 0
> VAMPIRE 4 1 20 2 0 2 0
> GRENADE 3 19 21 3 2
> GRENADE 2 19 1 4 2
> GRENADE 4 2 19 4 2
> BAT1 7 1 17 1 5 2 17 2 3 3 4 3 5 3 17 3 18 3 19 3 3 4 19 4 1 5 2 5 3 5 19 5 20 5 21 5 2 17 3 17 19 17 20 17 21 17 3 18 19 18 4 19 5 19 17 19 18 19 19 19 3 20 5 20 17 20 4 21 5 21 17 21
> BAT2 9 1 13 1 15 1 7 2 9 2 13 2 15 2 1 7 2 7 20 7 21 7 1 9 2 9 20 9 21 9 1 13 2 13 20 13 21 13 1 15 2 15 20 15 21 15 7 20 9 20 13 20 15 20 7 21 9 21 13 21 15 21
> BAT3 11 1 11 2 11 3 7 5 8 5 9 5 13 5 14 5 15 5 5 7 7 7 8 7 9 7 13 7 14 7 15 7 17 7 5 8 7 8 9 8 11 8 13 8 15 8 17 8 5 9 7 9 8 9 9 9 13 9 14 9 15 9 17 9 1 11 2 11 3 11 8 11 11 11 14 11 19 11 20 11 21 11 5 13 7 13 8 13 9 13 13 13 14 13 15 13 17 13 5 14 7 14 9 14 11 14 13 14 15 14 17 14 5 15 7 15 8 15 9 15 13 15 14 15 15 15 17 15 7 17 8 17 9 17 13 17 14 17 15 17 11 19 11 20 11 21
< RES 137 27 1
< GRENADE
> REQ 137 28 1
> VAMPIRE 2 21 2 2 0 2 0
> VAMPIRE 1 1 3 2 0 2 0
> VAMPIRE 3 21 20 2 0 2 0
> VAMPIRE 4 1 18 2 0 2 0
> GRENADE 3 19 21 2 2
> GRENADE 2 19 1 3 2
> GRENADE 4 2 19 3 2
> GRENADE 1 1 3 5 2
> BAT1 7 1 17 1 5 2 17 2 3 3 4 3 5 3 17 3 18 3 19 3 3 4 19 4 1 5 2 5 3 5 19 5 20 5 21 5 2 17 3 17 19 17 20 17 21 17 3 18 19 18 4 19 5 19 17 19 18 19 19 19 3 20 5 20 17 20 4 21 5 21 17 21
> BAT2 9 1 13 1 15 1 7 2 9 2 13 2 15 2 1 7 2 7 20 7 21 7 1 9 2 9 20 9 21 9 1 13 2 13 20 13 21 13 1 15 2 15 20 15 21 15 7 20 9 20 13 20 15 20 7 21 9 21 13 21 15 21
> BAT3 11 1 11 2 11 3 7 5 8 5 9 5 13 5 14 5 15 5 5 7 7 7 8 7 9 7 13 7 14 7 15 7 17 7 5 8 7 8 9 8 11 8 13 8 15 8 17 8 5 9 7 9 8 9 9 9 13 9 14 9 15 9 17 9 1 11 2 11 3 11 8 11 11 11 14 11 19 11 20 11 21 11 5 13 7 13 8 13 9 13 13 13 14 13 15 13 17 13 5 14 7 14 9 14 11 14 13 14 15 14 17 14 5 15 7 15 8 15 9 15 13 15 14 15 15 15 17 15 7 17 8 17 9 17 13 17 14 17 15 17 11 19 11 20 11 21
< RES 137 28 1
> REQ 137 29 1
> VAMPIRE 2 20 3 2 0 2 0
> VAMPIRE 1 1 3 2 0 2 0
> VAMPIRE 3 21 18 2 0 2 0
> VAMPIRE 4 1 16 2 0 2 0
> GRENADE 3 19 21 1 2
> GRENADE 2 19 1 2 2
> GRENADE 4 2 19 2 2
> GRENADE 1 1 6 4 2
> BAT1 7 1 17 1 5 2 17 2 3 3 4 3 5 3 17 3 18 3 19 3 3 4 19 4 1 5 2 5 3 5 19 5 20 5 21 5 2 17 3 17 19 17 20 17 21 17 3 18 19 18 4 19 5 19 17 19 18 19 19 19 3 20 5 20 17 20 4 21 5 21 17 21
> BAT2 9 1 13 1 15 1 7 2 9 2 13 2 15 2 1 7 2 7 20 7 21 7 1 9 2 9 20 9 21 9 1 13 2 13 20 13 21 13 1 15 2 15 20 15 21 15 7 20 9 20 13 20 15 20 7 21 9 21 13 21 15 21
> BAT3 11 1 11 2 11 3 7 5 8 5 9 5 13 5 14 5 15 5 5 7 7 7 8 7 9 7 13 7 14 7 15 7 17 7 5 8 7 8 9 8 11 8 13 8 15 8 17 8 5 9 7 9 8 9 9 9 13 9 14 9 15 9 17 9 1 11 2 11 3 11 8 11 11 11 14 11 19 11 20 11 21 11 5 13 7 13 8 13 9 13 13 13 14 13 15 13 17 13 5 14 7 14 9 14 11 14 13 14 15 14 17 14 5 15 7 15 8 15 9 15 13 15 14 15 15 15 17 15 7 17 8 17 9 17 13 17 14 17 15 17 11 19 11 20 11 21
< RES 137 29 1
> REQ 137 30 1
> VAMPIRE 2 20 3 2 0 2 0
> VAMPIRE 1 1 3 2 0 2 0
> VAMPIRE 3 21 18 2 1 2 0
> VAMPIRE 4 1 16 2 0 2 0
> GRENADE 2 19 1 1 2
> GRENADE 4 2 19 1 2
> GRENADE 1 1 6 3 2
> BAT1 7 1 17 1 5 2 17 2 3 3 4 3 5 3 17 3 18 3 19 3 3 4 19 4 1 5 2 5 3 5 19 5 20 5 21 5 2 17 3 17 19 17 20 17 21 17 3 18 19 18 4 19 5 19 17 19 18 19 3 20 5 20 17 20 4 21 5 21
> BAT2 9 1 13 1 15 1 7 2 9 2 13 2 15 2 1 7 2 7 20 7 21 7 1 9 2 9 20 9 21 9 1 13 2 13 20 13 21 13 1 15 2 15 20 15 21 15 7 20 9 20 13 20 15 20 7 21 9 21 13 21 15 21
> BAT3 11 1 11 2 11 3 7 5 8 5 9 5 13 5 14 5 15 5 5 7 7 7 8 7 9 7 13 7 14 7 15 7 17 7 5 8 7 8 9 8 11 8 13 8 15 8 17 8 5 9 7 9 8 9 9 9 13 9 14 9 15 9 17 9 1 11 2 11 3 11 8 11 11 11 14 11 19 11 20 11 21 11 5 13 7 13 8 13 9 13 13 13 14 13 15 13 17 13 5 14 7 14 9 14 11 14 13 14 15 14 17 14 5 15 7 15 8 15 9 15 13 15 14 15 15 15 17 15 7 17 8 17 9 17 13 17 14 17 15 17 11 19 11 20 11 21
< RES 137 30 1
> REQ 137 31 1
> VAMPIRE 2 20 3 2 1 2 0
> VAMPIRE 1 1 3 2 0 2 0
> VAMPIRE 3 21 18 2 0 2 0
> VAMPIRE 4 1 16 2 1 2 0
> GRENADE 1 1 6 2 2
> GRENADE 3 21 18 5 2
> BAT1 7 1 5 2 17 2 3 3 4 3 5 3 17 3 18 3 3 4 19 4 1 5 2 5 3 5 19 5 20 5 21 5 2 17 3 17 19 17 20 17 21 17 3 18 19 18 5 19 17 19 18 19 3 20 5 20 17 20 4 21 5 21
> BAT2 9 1 13 1 15 1 7 2 9 2 13 2 15 2 1 7 2 7 20 7 21 7 1 9 2 9 20 9 21 9 1 13 2 13 20 13 21 13 1 15 2 15 20 15 21 15 7 20 9 20 13 20 15 20 7 21 9 21 13 21 15 21
> BAT3 11 1 11 2 11 3 7 5 8 5 9 5 13 5 14 5 15 5 5 7 7 7 8 7 9 7 13 7 14 7 15 7 17 7 5 8 7 8 9 8 11 8 13 8 15 8 17 8 5 9 7 9 8 9 9 9 13 9 14 9 15 9 17 9 1 11 2 11 3 11 8 11 11 11 14 11 19 11 20 11 21 11 5 13 7 13 8 13 9 13 13 13 14 13 15 13 17 13 5 14 7 14 9 14 11 14 13 14 15 14 17 14 5 15 7 15 8 15 9 15 13 15 14 15 15 15 17 15 7 17 8 17 9 17 13 17 14 17 15 17 11 19 11 20 11 21
< RES 137 31 1
> REQ 137 32 1
> VAMPIRE 2 19 3 2 1 2 0
> VAMPIRE 1 1 3 2 0 2 0
> VAMPIRE 3 21 18 2 0 2 0
> VAMPIRE 4 1 17 2 1 2 0
> GRENADE 1 1 6 1 2
> GRENADE 3 21 16 4 2
> BAT1 7 1 5 2 17 2 3 3 4 3 5 3 17 3 18 3 3 4 19 4 1 5 2 5 3 5 19 5 20 5 21 5 2 17 3 17 19 17 20 17 21 17 3 18 19 18 5 19 17 19 18 19 3 20 5 20 17 20 4 21 5 21
> BAT2 9 1 13 1 15 1 7 2 9 2 13 2 15 2 1 7 2 7 20 7 21 7 1 9 2 9 20 9 21 9 1 13 2 13 20 13 21 13 1 15 2 15 20 15 21 15 7 20 9 20 13 20 15 20 7 21 9 21 13 21 15 21
> BAT3 11 1 11 2 11 3 7 5 8 5 9 5 13 5 14 5 15 5 5 7 7 7 8 7 9 7 13 7 14 7 15 7 17 7 5 8 7 8 9 8 11 8 13 8 15 8 17 8 5 9 7 9 8 9 9 9 13 9 14 9 15 9 17 9 1 11 2 11 3 11 8 11 11 11 14 11 19 11 20 11 21 11 5 13 7 13 8 13 9 13 13 13 14 13 15 13 17 13 5 14 7 14 9 14 11 14 13 14 15 14 17 14 5 15 7 15 8 15 9 15 13 15 14 15 15 15 17 15 7 17 8 17 9 17 13 17 14 17 15 17 11 19 11 20 11 21
< RES 137 32 1
< MOVE D
> REQ 137 33 1
> VAMPIRE 2 19 3 2 0 2 0
> VAMPIRE 1 2 3 2 1 2 0
> VAMPIRE 3 20 19 2 0 2 0
> VAMPIRE 4 1 17 2 0 2 0
> GRENADE 3 21 16 3 2
> GRENADE 2 19 3 5 2
> GRENADE 4 1 17 5 2
> BAT1 7 1 5 2 17 2 3 3 4 3 5 3 17 3 18 3 3 4 19 4 2 5 3 5 19 5 20 5 21 5 1 7 2 17 3 17 19 17 20 17 21 17 3 18 19 18 5 19 17 19 18 19 3 20 5 20 17 20 4 21 5 21
> BAT2 9 1 13 1 15 1 7 2 9 2 13 2 15 2 2 7 20 7 21 7 1 9 2 9 20 9 21 9 1 13 2 13 20 13 21 13 1 15 2 15 20 15 21 15 7 20 9 20 13 20 15 20 7 21 9 21 13 21 15 21
> BAT3 11 1 11 2 11 3 7 5 8 5 9 5 13 5 14 5 15 5 5 7 7 7 8 7 9 7 13 7 14 7 15 7 17 7 5 8 7 8 9 8 11 8 13 8 15 8 17 8 5 9 7 9 8 9 9 9 13 9 14 9 15 9 17 9 1 11 2 11 3 11 8 11 11 11 14 11 19 11 20 11 21 11 5 13 7 13 8 13 9 13 13 13 14 13 15 13 17 13 5 14 7 14 9 14 11 14 13 14 15 14 17 14 5 15 7 15 8 15 9 15 13 15 14 15 15 15 17 15 7 17 8 17 9 17 13 17 14 17 15 17 11 19 11 20 11 21
< RES 137 33 1
< GRENADE
< MOVE U R
> REQ 137 34 1
> VAMPIRE 2 19 2 2 0 2 0
> VAMPIRE 1 1 4 2 0 2 0
> VAMPIRE 3 19 19 2 0 2 0
> VAMPIRE 4 1 18 2 0 2 0
> GRENADE 3 21 16 2 2
> GRENADE 2 19 3 4 2
> GRENADE 4 1 17 4 2
> GRENADE 1 2 3 5 2
> BAT1 7 1 5 2 17 2 3 3 4 3 5 3 17 3 18 3 3 4 19 4 2 5 3 5 19 5 20 5 21 5 1 7 2 17 3 17 19 17 20 17 21 17 3 18 19 18 5 19 17 19 18 19 3 20 5 20 17 20 4 21 5 21
> BAT2 9 1 13 1 15 1 7 2 9 2 13 2 15 2 2 7 20 7 21 7 1 9 2 9 20 9 21 9 1 13 2 13 20 13 21 13 1 15 2 15 20 15 21 15 7 20 9 20 13 20 15 20 7 21 9 21 13 21 15 21
> BAT3 11 1 11 2 11 3 7 5 8 5 9 5 13 5 14 5 15 5 5 7 7 7 8 7 9 7 13 7 14 7 15 7 17 7 5 8 7 8 9 8 11 8 13 8 15 8 17 8 5 9 7 9 8 9 9 9 13 9 14 9 15 9 17 9 1 11 2 11 3 11 8 11 11 11 14 11 19 11 20 11 21 11 5 13 7 13 8 13 9 13 13 13 14 13 15 13 17 13 5 14 7 14 9 14 11 14 13 14 15 14 17 14 5 15 7 15 8 15 9 15 13 15 14 15 15 15 17 15 7 17 8 17 9 17 13 17 14 17 15 17 11 19 11 20 11 21
< RES 137 34 1
< MOVE R
> REQ 137 35 1
> VAMPIRE 2 18 1 2 0 2 0
> VAMPIRE 1 1 5 2 0 2 0
> VAMPIRE 3 19 19 2 0 2 0
> VAMPIRE 4 1 20 2 0 2 0
> GRENADE 3 21 16 1 2
> GRENADE 2 19 3 3 2
> GRENADE 4 1 17 3 2
> GRENADE 1 2 3 4 2
> BAT1 7 1 5 2 17 2 3 3 4 3 5 3 17 3 18 3 3 4 19 4 2 5 3 5 19 5 20 5 21 5 1 7 2 17 3 17 19 17 20 17 21 17 3 18 19 18 5 19 17 19 18 19 3 20 5 20 17 20 4 21 5 21
> BAT2 9 1 13 1 15 1 7 2 9 2 13 2 15 2 2 7 20 7 21 7 1 9 2 9 20 9 21 9 1 13 2 13 20 13 21 13 1 15 2 15 20 15 21 15 7 20 9 20 13 20 15 20 7 21 9 21 13 21 15 21
> BAT3 11 1 11 2 11 3 7 5 8 5 9 5 13 5 14 5 15 5 5 7 7 7 8 7 9 7 13 7 14 7 15 7 17 7 5 8 7 8 9 8 11 8 13 8 15 8 17 8 5 9 7 9 8 9 9 9 13 9 14 9 15 9 17 9 1 11 2 11 3 11 8 11 11 11 14 11 19 11 20 11 21 11 5 13 7 13 8 13 9 13 13 13 14 13 15 13 17 13 5 14 7 14 9 14 11 14 13 14 15 14 17 14 5 15 7 15 8 15 9 15 13 15 14 15 15 15 17 15 7 17 8 17 9 17 13 17 14 17 15 17 11 19 11 20 11 21
< RES 137 35 1
> REQ 137 36 1
> VAMPIRE 2 17 1 2 0 2 0
> VAMPIRE 1 1 5 2 0 2 0
> VAMPIRE 3 19 20 2 1 2 0
> VAMPIRE 4 1 20 2 0 2 0
> GRENADE 2 19 3 2 2
> GRENADE 4 1 17 2 2
> GRENADE 1 2 3 3 2
> BAT1 7 1 5 2 17 2 3 3 4 3 5 3 17 3 18 3 3 4 19 4 2 5 3 5 19 5 20 5 21 5 1 7 21 15 2 17 3 17 19 17 20 17 3 18 19 18 5 19 17 19 18 19 3 20 5 20 17 20 4 21 5 21
> BAT2 9 1 13 1 15 1 7 2 9 2 13 2 15 2 2 7 20 7 21 7 1 9 2 9 20 9 21 9 1 13 2 13 20 13 21 13 1 15 2 15 20 15 7 20 9 20 13 20 15 20 7 21 9 21 13 21 15 21
> BAT3 11 1 11 2 11 3 7 5 8 5 9 5 13 5 14 5 15 5 5 7 7 7 8 7 9 7 13 7 14 7 15 7 17 7 5 8 7 8 9 8 11 8 13 8 15 8 17 8 5 9 7 9 8 9 9 9 13 9 14 9 15 9 17 9 1 11 2 11 3 11 8 11 11 11 14 11 19 11 20 11 21 11 5 13 7 13 8 13 9 13 13 13 14 13 15 13 17 13 5 14 7 14 9 14 11 14 13 14 15 14 17 14 5 15 7 15 8 15 9 15 13 15 14 15 15 15 17 15 7 17 8 17 9 17 13 17 14 17 15 17 11 19 11 20 11 21
< RES 137 36 1
> REQ 137 37 1
> VAMPIRE 2 17 1 2 0 2 0
> VAMPIRE 1 1 5 2 0 2 0
> VAMPIRE 3 18 21 2 1 2 0
> VAMPIRE 4 1 20 2 0 2 0
> GRENADE 2 19 3 1 2
> GRENADE 4 1 17 1 2
> GRENADE 1 2 3 2 2
> BAT1 7 1 5 2 17 2 3 3 4 3 5 3 17 3 18 3 3 4 19 4 2 5 3 5 19 5 20 5 21 5 1 7 21 15 2 17 3 17 19 17 20 17 3 18 19 18 5 19 17 19 18 19 3 20 5 20 17 20 4 21 5 21
> BAT2 9 1 13 1 15 1 7 2 9 2 13 2 15 2 2 7 20 7 21 7 1 9 2 9 20 9 21 9 1 13 2 13 20 13 21 13 1 15 2 15 20 15 7 20 9 20 13 20 15 20 7 21 9 21 13 21 15 21
> BAT3 11 1 11 2 11 3 7 5 8 5 9 5 13 5 14 5 15 5 5 7 7 7 8 7 9 7 13 7 14 7 15 7 17 7 5 8 7 8 9 8 11 8 13 8 15 8 17 8 5 9 7 9 8 9 9 9 13 9 14 9 15 9 17 9 1 11 2 11 3 11 8 11 11 11 14 11 19 11 20 11 21 11 5 13 7 13 8 13 9 13 13 13 14 13 15 13 17 13 5 14 7 14 9 14 11 14 13 14 15 14 17 14 5 15 7 15 8 15 9 15 13 15 14 15 15 15 17 15 7 17 8 17 9 17 13 17 14 17 15 17 11 19 11 20 11 21
< RES 137 37 1
> REQ 137 38 1
> VAMPIRE 2 17 1 2 1 2 0
> VAMPIRE 1 1 5 2 0 2 0
> VAMPIRE 3 17 21 2 1 2 0
> VAMPIRE 4 1 20 2 1 2 0
> GRENADE 1 2 3 1 2
> BAT1 7 1 5 2 17 2 3 3 4 3 5 3 17 3 3 4 2 5 3 5 19 5 20 5 21 5 1 7 1 15 21 15 3 17 19 17 20 17 3 18 19 18 5 19 17 19 18 19 3 20 5 20 17 20 4 21 5 21
> BAT2 9 1 13 1 15 1 7 2 9 2 13 2 15 2 2 7 20 7 21 7 1 9 2 9 20 9 21 9 1 13 2 13 20 13 21 13 2 15 20 15 7 20 9 20 13 20 15 20 7 21 9 21 13 21 15 21
> BAT3 11 1 11 2 11 3 7 5 8 5 9 5 13 5 14 5 15 5 5 7 7 7 8 7 9 7 13 7 14 7 15 7 17 7 5 8 7 8 9 8 11 8 13 8 15 8 17 8 5 9 7 9 8 9 9 9 13 9 14 9 15 9 17 9 1 11 2 11 3 11 8 11 11 11 14 11 19 11 20 11 21 11 5 13 7 13 8 13 9 13 13 13 14 13 15 13 17 13 5 14 7 14 9 14 11 14 13 14 15 14 17 14 5 15 7 15 8 15 9 15 13 15 14 15 15 15 17 15 7 17 8 17 9 17 13 17 14 17 15 17 11 19 11 20 11 21
< RES 137 38 1
> REQ 137 39 1
> VAMPIRE 2 17 1 2 0 2 0
> VAMPIRE 1 1 5 2 1 2 0
> VAMPIRE 3 17 21 2 0 2 0
> VAMPIRE 4 1 19 2 1 2 0
> GRENADE 2 17 1 5 2
> GRENADE 3 17 21 5 2
> BAT1 7 1 5 2 17 2 4 3 5 3 17 3 3 4 2 5 3 5 19 5 20 5 21 5 1 7 1 15 21 15 3 17 19 17 20 17 3 18 19 18 5 19 17 19 18 19 3 20 5 20 17 20 4 21 5 21
> BAT2 9 1 13 1 15 1 7 2 9 2 13 2 15 2 2 7 20 7 21 7 1 9 2 9 20 9 21 9 1 13 2 13 20 13 21 13 2 15 20 15 7 20 9 20 13 20 15 20 7 21 9 21 13 21 15 21
> BAT3 11 1 11 2 11 3 7 5 8 5 9 5 13 5 14 5 15 5 5 7 7 7 8 7 9 7 13 7 14 7 15 7 17 7 5 8 7 8 9 8 11 8 13 8 15 8 17 8 5 9 7 9 8 9 9 9 13 9 14 9 15 9 17 9 1 11 2 11 3 11 8 11 11 11 14 11 19 11 20 11 21 11 5 13 7 13 8 13 9 13 13 13 14 13 15 13 17 13 5 14 7 14 9 14 11 14 13 14 15 14 17 14 5 15 7 15 8 15 9 15 13 15 14 15 15 15 17 15 7 17 8 17 9 17 13 17 14 17 15 17 11 19 11 20 11 21
< RES 137 39 1
< GRENADE
> REQ 137 40 1
> VAMPIRE 2 18 1 2 0 2 0
> VAMPIRE 1 1 5 2 0 2 0
> VAMPIRE 3 18 21 2 0 2 0
> VAMPIRE 4 3 19 2 1 2 0
> GRENADE 2 17 1 4 2
> GRENADE 3 17 21 4 2
> GRENADE 1 1 5 5 2
> BAT1 7 1 5 2 17 2 4 3 5 3 17 3 3 4 2 5 3 5 19 5 20 5 21 5 1 7 1 15 21 15 3 17 19 17 20 17 3 18 19 18 5 19 17 19 18 19 3 20 5 20 17 20 4 21 5 21
> BAT2 9 1 13 1 15 1 7 2 9 2 13 2 15 2 2 7 20 7 21 7 1 9 2 9 20 9 21 9 1 13 2 13 20 13 21 13 2 15 20 15 7 20 9 20 13 20 15 20 7 21 9 21 13 21 15 21
> BAT3 11 1 11 2 11 3 7 5 8 5 9 5 13 5 14 5 15 5 5 7 7 7 8 7 9 7 13 7 14 7 15 7 17 7 5 8 7 8 9 8 11 8 13 8 15 8 17 8 5 9 7 9 8 9 9 9 13 9 14 9 15 9 17 9 1 11 2 11 3 11 8 11 11 11 14 11 19 11 20 11 21 11 5 13 7 13 8 13 9 13 13 13 14 13 15 13 17 13 5 14 7 14 9 14 11 14 13 14 15 14 17 14 5 15 7 15 8 15 9 15 13 15 14 15 15 15 17 15 7 17 8 17 9 17 13 17 14 17 15 17 11 19 11 20 11 21
< RES 137 40 1
< MOVE L L
> REQ 137 41 1
> VAMPIRE 2 19 2 2 0 2 0
> VAMPIRE 1 1 3 2 0 2 0
> VAMPIRE 3 19 20 2 0 2 0
> VAMPIRE 4 3 19 2 0 2 0
> GRENADE 2 17 1 3 2
> GRENADE 3 17 21 3 2
> GRENADE 1 1 8 4 2
> GRENADE 4 3 19 5 2
> BAT1 7 1 5 2 17 2 4 3 5 3 17 3 3 4 2 5 3 5 19 5 20 5 21 5 1 7 1 15 21 15 3 17 19 17 20 17 3 18 19 18 5 19 17 19 18 19 3 20 5 20 17 20 4 21 5 21
> BAT2 9 1 13 1 15 1 7 2 9 2 13 2 15 2 2 7 20 7 21 7 1 9 2 9 20 9 21 9 1 13 2 13 20 13 21 13 2 15 20 15 7 20 9 20 13 20 15 20 7 21 9 21 13 21 15 21
> BAT3 11 1 11 2 11 3 7 5 8 5 9 5 13 5 14 5 15 5 5 7 7 7 8 7 9 7 13 7 14 7 15 7 17 7 5 8 7 8 9 8 11 8 13 8 15 8 17 8 5 9 7 9 8 9 9 9 13 9 14 9 15 9 17 9 1 11 2 11 3 11 8 11 11 11 14 11 19 11 20 11 21 11 5 13 7 13 8 13 9 13 13 13 14 13 15 13 17 13 5 14 7 14 9 14 11 14 13 14 15 14 17 14 5 15 7 15 8 15 9 15 13 15 14 15 15 15 17 15 7 17 8 17 9 17 13 17 14 17 15 17 11 19 11 20 11 21
< RES 137 41 1
> REQ 137 42 1
> VAMPIRE 2 19 2 2 0 2 0
> VAMPIRE 1 1 3 2 0 2 0
> VAMPIRE 3 19 19 2 0 2 0
> VAMPIRE 4 1 19 2 0 2 0
> GRENADE 2 17 1 2 2
> GRENADE 3 17 21 2 2
> GRENADE 1 1 8 3 2
> GRENADE 4 3 19 4 2
> BAT1 7 1 5 2 17 2 4 3 5 3 17 3 3 4 2 5 3 5 19 5 20 5 21 5 1 7 1 15 21 15 3 17 19 17 20 17 3 18 19 18 5 19 17 19 18 19 3 20 5 20 17 20 4 21 5 21
> BAT2 9 1 13 1 15 1 7 2 9 2 13 2 15 2 2 7 20 7 21 7 1 9 2 9 20 9 21 9 1 13 2 13 20 13 21 13 2 15 20 15 7 20 9 20 13 20 15 20 7 21 9 21 13 21 15 21
> BAT3 11 1 11 2 11 3 7 5 8 5 9 5 13 5 14 5 15 5 5 7 7 7 8 7 9 7 13 7 14 7 15 7 17 7 5 8 7 8 9 8 11 8 13 8 15 8 17 8 5 9 7 9 8 9 9 9 13 9 14 9 15 9 17 9 1 11 2 11 3 11 8 11 11 11 14 11 19 11 20 11 21 11 5 13 7 13 8 13 9 13 13 13 14 13 15 13 17 13 5 14 7 14 9 14 11 14 13 14 15 14 17 14 5 15 7 15 8 15 9 15 13 15 14 15 15 15 17 15 7 17 8 17 9 17 13 17 14 17 15 17 11 19 11 20 11 21
< RES 137 42 1
> REQ 137 43 1
> VAMPIRE 2 19 2 2 0 2 0
> VAMPIRE 1 1 3 2 0 2 0
> VAMPIRE 3 19 19 2 0 2 0
> VAMPIRE 4 1 17 2 0 2 0
> GRENADE 2 17 1 1 2
> GRENADE 3 17 21 1 2
> GRENADE 1 1 8 2 2
> GRENADE 4 3 19 3 2
> BAT1 7 1 5 2 17 2 4 3 5 3 17 3 3 4 2 5 3 5 19 5 20 5 21 5 1 7 1 15 21 15 3 17 19 17 20 17 3 18 19 18 5 19 17 19 18 19 3 20 5 20 17 20 4 21 5 21
> BAT2 9 1 13 1 15 1 7 2 9 2 13 2 15 2 2 7 20 7 21 7 1 9 2 9 20 9 21 9 1 13 2 13 20 13 21 13 2 15 20 15 7 20 9 20 13 20 15 20 7 21 9 21 13 21 15 21
> BAT3 11 1 11 2 11 3 7 5 8 5 9 5 13 5 14 5 15 5 5 7 7 7 8 7 9 7 13 7 14 7 15 7 17 7 5 8 7 8 9 8 11 8 13 8 15 8 17 8 5 9 7 9 8 9 9 9 13 9 14 9 15 9 17 9 1 11 2 11 3 11 8 11 11 11 14 11 19 11 20 11 21 11 5 13 7 13 8 13 9 13 13 13 14 13 15 13 17 13 5 14 7 14 9 14 11 14 13 14 15 14 17 14 5 15 7 15 8 15 9 15 13 15 14 15 15 15 17 15 7 17 8 17 9 17 13 17 14 17 15 17 11 19 11 20 11 21
< RES 137 43 1
> REQ 137 44 1
> VAMPIRE 2 19 2 2 1 2 0
> VAMPIRE 1 1 3 2 0 2 0
> VAMPIRE 3 19 19 2 1 2 0
> VAMPIRE 4 1 16 2 0 2 0
> GRENADE 1 1 8 1 2
> GRENADE 4 3 19 2 2
> BAT1 7 1 15 1 5 2 4 3 5 3 17 3 3 4 2 5 3 5 19 5 20 5 21 5 1 7 1 15 21 15 3 17 19 17 20 17 3 18 19 18 5 19 17 19 18 19 3 20 5 20 4 21 5 21 15 21
> BAT2 9 1 13 1 7 2 9 2 13 2 15 2 2 7 20 7 21 7 1 9 2 9 20 9 21 9 1 13 2 13 20 13 21 13 2 15 20 15 7 20 9 20 13 20 15 20 7 21 9 21 13 21
> BAT3 11 1 11 2 11 3 7 5 8 5 9 5 13 5 14 5 15 5 5 7 7 7 8 7 9 7 13 7 14 7 15 7 17 7 5 8 7 8 9 8 11 8 13 8 15 8 17 8 5 9 7 9 8 9 9 9 13 9 14 9 15 9 17 9 1 11 2 11 3 11 8 11 11 11 14 11 19 11 20 11 21 11 5 13 7 13 8 13 9 13 13 13 14 13 15 13 17 13 5 14 7 14 9 14 11 14 13 14 15 14 17 14 5 15 7 15 8 15 9 15 13 15 14 15 15 15 17 15 7 17 8 17 9 17 13 17 14 17 15 17 11 19 11 20 11 21
< RES 137 44 1
< MOVE D D
> REQ 137 45 1
> VAMPIRE 2 19 3 2 1 2 0
> VAMPIRE 1 3 3 2 1 2 0
> VAMPIRE 3 19 19 2 0 2 0
> VAMPIRE 4 1 16 2 0 2 0
> GRENADE 4 3 19 1 2
> GRENADE 3 19 19 5 2
> BAT1 7 1 15 1 5 2 4 3 5 3 17 3 3 4 2 5 3 5 19 5 20 5 21 5 1 9 1 15 21 15 3 17 19 17 20 17 3 18 19 18 5 19 17 19 18 19 3 20 5 20 4 21 5 21 15 21
> BAT2 9 1 13 1 7 2 9 2 13 2 15 2 2 7 20 7 21 7 2 9 20 9 21 9 1 13 2 13 20 13 21 13 2 15 20 15 7 20 9 20 13 20 15 20 7 21 9 21 13 21
> BAT3 11 1 11 2 11 3 7 5 8 5 9 5 13 5 14 5 15 5 5 7 7 7 8 7 9 7 13 7 14 7 15 7 17 7 5 8 7 8 9 8 11 8 13 8 15 8 17 8 5 9 7 9 8 9 9 9 13 9 14 9 15 9 17 9 1 11 2 11 3 11 8 11 11 11 14 11 19 11 20 11 21 11 5 13 7 13 8 13 9 13 13 13 14 13 15 13 17 13 5 14 7 14 9 14 11 14 13 14 15 14 17 14 5 15 7 15 8 15 9 15 13 15 14 15 15 15 17 15 7 17 8 17 9 17 13 17 14 17 15 17 11 19 11 20 11 21
< RES 137 45 1
< GRENADE
< MOVE L L
> REQ 137 46 1
> VAMPIRE 2 19 3 2 0 2 0
> VAMPIRE 1 3 1 2 0 2 0
> VAMPIRE 3 20 19 2 0 2 0
> VAMPIRE 4 1 16 2 1 2 0
> GRENADE 3 19 19 4 2
> GRENADE 1 3 3 5 2
> GRENADE 2 19 3 5 2
> BAT1 7 1 15 1 5 2 4 3 5 3 17 3 3 4 2 5 3 5 19 5 20 5 21 5 1 9 1 15 21 15 3 17 19 17 20 17 19 18 17 19 18 19 5 20 4 21 5 21 15 21
> BAT2 9 1 13 1 7 2 9 2 13 2 15 2 2 7 20 7 21 7 2 9 20 9 21 9 1 13 2 13 20 13 21 13 2 15 20 15 7 20 9 20 13 20 15 20 7 21 9 21 13 21
> BAT3 11 1 11 2 11 3 7 5 8 5 9 5 13 5 14 5 15 5 5 7 7 7 8 7 9 7 13 7 14 7 15 7 17 7 5 8 7 8 9 8 11 8 13 8 15 8 17 8 5 9 7 9 8 9 9 9 13 9 14 9 15 9 17 9 1 11 2 11 3 11 8 11 11 11 14 11 19 11 20 11 21 11 5 13 7 13 8 13 9 13 13 13 14 13 15 13 17 13 5 14 7 14 9 14 11 14 13 14 15 14 17 14 5 15 7 15 8 15 9 15 13 15 14 15 15 15 17 15 7 17 8 17 9 17 13 17 14 17 15 17 11 19 11 20 11 21
< RES 137 46 1
> REQ 137 47 1
> VAMPIRE 2 19 2 2 0 2 0
> VAMPIRE 1 3 1 2 0 2 0
> VAMPIRE 3 21 18 2 0 2 0
> VAMPIRE 4 1 17 2 1 2 0
> GRENADE 3 19 19 3 2
> GRENADE 1 3 3 4 2
> GRENADE 2 19 3 4 2
> BAT1 7 1 15 1 5 2 4 3 5 3 17 3 3 4 2 5 3 5 19 5 20 5 21 5 1 9 1 15 21 15 3 17 19 17 20 17 19 18 17 19 18 19 5 20 4 21 5 21 15 21
> BAT2 9 1 13 1 7 2 9 2 13 2 15 2 2 7 20 7 21 7 2 9 20 9 21 9 1 13 2 13 20 13 21 13 2 15 20 15 7 20 9 20 13 20 15 20 7 21 9 21 13 21
> BAT3 11 1 11 2 11 3 7 5 8 5 9 5 13 5 14 5 15 5 5 7 7 7 8 7 9 7 13 7 14 7 15 7 17 7 5 8 7 8 9 8 11 8 13 8 15 8 17 8 5 9 7 9 8 9 9 9 13 9 14 9 15 9 17 9 1 11 2 11 3 11 8 11 11 11 14 11 19 11 20 11 21 11 5 13 7 13 8 13 9 13 13 13 14 13 15 13 17 13 5 14 7 14 9 14 11 14 13 14 15 14 17 14 5 15 7 15 8 15 9 15 13 15 14 15 15 15 17 15 7 17 8 17 9 17 13 17 14 17 15 17 11 19 11 20 11 21
< RES 137 47 1
< MOVE D D
> REQ 137 48 1
> VAMPIRE 2 18 1 2 0 2 0
> VAMPIRE 1 5 1 2 0 2 0
> VAMPIRE 3 21 16 2 0 2 0
> VAMPIRE 4 1 17 2 0 2 0
> GRENADE 3 19 19 2 2
> GRENADE 1 3 3 3 2
> GRENADE 2 19 3 3 2
> GRENADE 4 1 17 5 2
> BAT1 7 1 15 1 5 2 4 3 5 3 17 3 3 4 2 5 3 5 19 5 20 5 21 5 1 9 1 15 21 15 3 17 19 17 20 17 19 18 17 19 18 19 5 20 4 21 5 21 15 21
> BAT2 9 1 13 1 7 2 9 2 13 2 15 2 2 7 20 7 21 7 2 9 20 9 21 9 1 13 2 13 20 13 21 13 2 15 20 15 7 20 9 20 13 20 15 20 7 21 9 21 13 21
> BAT3 11 1 11 2 11 3 7 5 8 5 9 5 13 5 14 5 15 5 5 7 7 7 8 7 9 7 13 7 14 7 15 7 17 7 5 8 7 8 9 8 11 8 13 8 15 8 17 8 5 9 7 9 8 9 9 9 13 9 14 9 15 9 17 9 1 11 2 11 3 11 8 11 11 11 14 11 19 11 20 11 21 11 5 13 7 13 8 13 9 13 13 13 14 13 15 13 17 13 5 14 7 14 9 14 11 14 13 14 15 14 17 14 5 15 7 15 8 15 9 15 13 15 14 15 15 15 17 15 7 17 8 17 9 17 13 17 14 17 15 17 11 19 11 20 11 21
< RES 137 48 1
> REQ 137 49 1
> VAMPIRE 2 16 1 2 0 2 0
> VAMPIRE 1 5 1 2 0 2 0
> VAMPIRE 3 21 16 2 0 2 0
> VAMPIRE 4 1 18 2 0 2 0
> GRENADE 3 19 19 1 2
> GRENADE 1 3 3 2 2
> GRENADE 2 19 3 2 2
> GRENADE 4 1 17 4 2
> BAT1 7 1 15 1 5 2 4 3 5 3 17 3 3 4 2 5 3 5 19 5 20 5 21 5 1 9 1 15 21 15 3 17 19 17 20 17 19 18 17 19 18 19 5 20 4 21 5 21 15 21
> BAT2 9 1 13 1 7 2 9 2 13 2 15 2 2 7 20 7 21 7 2 9 20 9 21 9 1 13 2 13 20 13 21 13 2 15 20 15 7 20 9 20 13 20 15 20 7 21 9 21 13 21
> BAT3 11 1 11 2 11 3 7 5 8 5 9 5 13 5 14 5 15 5 5 7 7 7 8 7 9 7 13 7 14 7 15 7 17 7 5 8 7 8 9 8 11 8 13 8 15 8 17 8 5 9 7 9 8 9 9 9 13 9 14 9 15 9 17 9 1 11 2 11 3 11 8 11 11 11 14 11 19 11 20 11 21 11 5 13 7 13 8 13 9 13 13 13 14 13 15 13 17 13 5 14 7 14 9 14 11 14 13 14 15 14 17 14 5 15 7 15 8 15 9 15 13 15 14 15 15 15 17 15 7 17 8 17 9 17 13 17 14 17 15 17 11 19 11 20 11 21
< RES 137 49 1
> REQ 137 50 1
> VAMPIRE 2 16 1 2 0 2 0
> VAMPIRE 1 5 1 2 0 2 0
> VAMPIRE 3 21 16 2 1 2 0
> VAMPIRE 4 1 20 2 0 2 0
> GRENADE 1 3 3 1 2
> GRENADE 2 19 3 1 2
> GRENADE 4 1 17 3 2
> BAT1 7 1 15 1 5 2 4 3 5 3 17 3 3 4 2 5 3 5 19 5 20 5 21 5 1 9 1 15 21 15 3 17 19 17 20 17 17 19 5 20 4 21 5 21 15 21
> BAT2 9 1 13 1 7 2 9 2 13 2 15 2 2 7 20 7 21 7 2 9 20 9 21 9 1 13 2 13 20 13 21 13 2 15 20 15 7 20 9 20 13 20 15 20 7 21 9 21 13 21
> BAT3 11 1 11 2 11 3 7 5 8 5 9 5 13 5 14 5 15 5 5 7 7 7 8 7 9 7 13 7 14 7 15 7 17 7 5 8 7 8 9 8 11 8 13 8 15 8 17 8 5 9 7 9 8 9 9 9 13 9 14 9 15 9 17 9 1 11 2 11 3 11 8 11 11 11 14 11 19 11 20 11 21 11 5 13 7 13 8 13 9 13 13 13 14 13 15 13 17 13 5 14 7 14 9 14 11 14 13 14 15 14 17 14 5 15 7 15 8 15 9 15 13 15 14 15 15 15 17 15 7 17 8 17 9 17 13 17 14 17 15 17 11 19 11 20 11 21
< RES 137 50 1
> REQ 137 51 1
> VAMPIRE 2 16 1 2 1 2 0
> VAMPIRE 1 5 1 2 1 2 0
> VAMPIRE 3 21 17 2 1 2 0
> VAMPIRE 4 1 20 2 0 2 0
> GRENADE 4 1 17 2 2
> BAT1 7 1 15 1 5 2 5 3 2 5 3 5 20 5 21 5 1 9 1 15 21 15 3 17 19 17 20 17 17 19 5 20 4 21 5 21 15 21
> BAT2 9 1 13 1 7 2 9 2 13 2 15 2 2 7 20 7 21 7 2 9 20 9 21 9 1 13 2 13 20 13 21 13 2 15 20 15 7 20 9 20 13 20 15 20 7 21 9 21 13 21
> BAT3 11 1 11 2 11 3 7 5 8 5 9 5 13 5 14 5 15 5 5 7 7 7 8 7 9 7 13 7 14 7 15 7 17 7 5 8 7 8 9 8 11 8 13 8 15 8 17 8 5 9 7 9 8 9 9 9 13 9 14 9 15 9 17 9 1 11 2 11 3 11 8 11 11 11 14 11 19 11 20 11 21 11 5 13 7 13 8 13 9 13 13 13 14 13 15 13 17 13 5 14 7 14 9 14 11 14 13 14 15 14 17 14 5 15 7 15 8 15 9 15 13 15 14 15 15 15 17 15 7 17 8 17 9 17 13 17 14 17 15 17 11 19 11 20 11 21
< RES 137 51 1
< GRENADE
< MOVE U U
> REQ 137 52 1
> VAMPIRE 2 16 1 2 0 2 0
> VAMPIRE 1 3 1 2 0 2 0
> VAMPIRE 3 21 17 2 0 2 0
> VAMPIRE 4 1 20 2 0 2 0
> GRENADE 4 1 17 1 2
> GRENADE 1 5 1 5 2
> GRENADE 2 16 1 5 2
> GRENADE 3 21 17 5 2
> BAT1 7 1 15 1 5 2 5 3 2 5 3 5 20 5 21 5 1 9 1 15 21 15 3 17 19 17 20 17 17 19 5 20 4 21 5 21 15 21
> BAT2 9 1 13 1 7 2 9 2 13 2 15 2 2 7 20 7 21 7 2 9 20 9 21 9 1 13 2 13 20 13 21 13 2 15 20 15 7 20 9 20 13 20 15 20 7 21 9 21 13 21
> BAT3 11 1 11 2 11 3 7 5 8 5 9 5 13 5 14 5 15 5 5 7 7 7 8 7 9 7 13 7 14 7 15 7 17 7 5 8 7 8 9 8 11 8 13 8 15 8 17 8 5 9 7 9 8 9 9 9 13 9 14 9 15 9 17 9 1 11 2 11 3 11 8 11 11 11 14 11 19 11 20 11 21 11 5 13 7 13 8 13 9 13 13 13 14 13 15 13 17 13 5 14 7 14 9 14 11 14 13 14 15 14 17 14 5 15 7 15 8 15 9 15 13 15 14 15 15 15 17 15 7 17 8 17 9 17 13 17 14 17 15 17 11 19 11 20 11 21
< RES 137 52 1
< MOVE R R
> REQ 137 53 1
> VAMPIRE 2 16 1 2 0 2 0
> VAMPIRE 1 3 3 2 0 2 0
> VAMPIRE 3 21 18 2 0 2 0
> VAMPIRE 4 1 20 2 1 2 0
> GRENADE 1 5 1 4 2
> GRENADE 2 14 1 4 2
> GRENADE 3 21 17 4 2
> BAT1 7 1 15 1 5 2 5 3 2 5 3 5 20 5 21 5 1 9 21 15 19 17 20 17 17 19 5 20 4 21 5 21 15 21
> BAT2 9 1 13 1 7 2 9 2 13 2 15 2 2 7 20 7 21 7 2 9 20 9 21 9 1 13 2 13 20 13 21 13 2 15 20 15 7 20 9 20 13 20 15 20 7 21 9 21 13 21
> BAT3 11 1 11 2 11 3 7 5 8 5 9 5 13 5 14 5 15 5 5 7 7 7 8 7 9 7 13 7 14 7 15 7 17 7 5 8 7 8 9 8 11 8 13 8 15 8 17 8 5 9 7 9 8 9 9 9 13 9 14 9 15 9 17 9 1 11 2 11 3 11 8 11 11 11 14 11 19 11 20 11 21 11 5 13 7 13 8 13 9 13 13 13 14 13 15 13 17 13 5 14 7 14 9 14 11 14 13 14 15 14 17 14 5 15 7 15 8 15 9 15 13 15 14 15 15 15 17 15 7 17 8 17 9 17 13 17 14 17 15 17 11 19 11 20 11 21
< RES 137 53 1
> REQ 137 54 1
> VAMPIRE 2 16 1 2 0 2 0
> VAMPIRE 1 3 3 2 0 2 0
> VAMPIRE 3 20 19 2 0 2 0
> VAMPIRE 4 2 21 2 1 2 0
> GRENADE 1 5 1 3 2
> GRENADE 2 14 1 3 2
> GRENADE 3 21 17 3 2
> BAT1 7 1 15 1 5 2 5 3 2 5 3 5 20 5 21 5 1 9 21 15 19 17 20 17 17 19 5 20 4 21 5 21 15 21
> BAT2 9 1 13 1 7 2 9 2 13 2 15 2 2 7 20 7 21 7 2 9 20 9 21 9 1 13 2 13 20 13 21 13 2 15 20 15 7 20 9 20 13 20 15 20 7 21 9 21 13 21
> BAT3 11 1 11 2 11 3 7 5 8 5 9 5 13 5 14 5 15 5 5 7 7 7 8 7 9 7 13 7 14 7 15 7 17 7 5 8 7 8 9 8 11 8 13 8 15 8 17 8 5 9 7 9 8 9 9 9 13 9 14 9 15 9 17 9 1 11 2 11 3 11 8 11 11 11 14 11 19 11 20 11 21 11 5 13 7 13 8 13 9 13 13 13 14 13 15 13 17 13 5 14 7 14 9 14 11 14 13 14 15 14 17 14 5 15 7 15 8 15 9 15 13 15 14 15 15 15 17 15 7 17 8 17 9 17 13 17 14 17 15 17 11 19 11 20 11 21
< RES 137 54 1
> REQ 137 55 1
> VAMPIRE 2 16 1 2 0 2 0
> VAMPIRE 1 3 3 2 0 2 0
> VAMPIRE 3 19 20 2 0 2 0
> VAMPIRE 4 2 21 2 0 2 0
> GRENADE 1 5 1 2 2
> GRENADE 2 14 1 2 2
> GRENADE 3 21 17 2 2
> GRENADE 4 2 21 5 2
> BAT1 7 1 15 1 5 2 5 3 2 5 3 5 20 5 21 5 1 9 21 15 19 17 20 17 17 19 5 20 4 21 5 21 15 21
> BAT2 9 1 13 1 7 2 9 2 13 2 15 2 2 7 20 7 21 7 2 9 20 9 21 9 1 13 2 13 20 13 21 13 2 15 20 15 7 20 9 20 13 20 15 20 7 21 9 21 13 21
> BAT3 11 1 11 2 11 3 7 5 8 5 9 5 13 5 14 5 15 5 5 7 7 7 8 7 9 7 13 7 14 7 15 7 17 7 5 8 7 8 9 8 11 8 13 8 15 8 17 8 5 9 7 9 8 9 9 9 13 9 14 9 15 9 17 9 1 11 2 11 3 11 8 11 11 11 14 11 19 11 20 11 21 11 5 13 7 13 8 13 9 13 13 13 14 13 15 13 17 13 5 14 7 14 9 14 11 14 13 14 15 14 17 14 5 15 7 15 8 15 9 15 13 15 14 15 15 15 17 15 7 17 8 17 9 17 13 17 14 17 15 17 11 19 11 20 11 21
< RES 137 55 1
> REQ 137 56 1
> VAMPIRE 2 16 1 2 0 2 0
> VAMPIRE 1 3 3 2 0 2 0
> VAMPIRE 3 18 21 2 0 2 0
> VAMPIRE 4 1 20 2 0 2 0
> GRENADE 1 5 1 1 2
> GRENADE 2 14 1 1 2
> GRENADE 3 21 17 1 2
> GRENADE 4 2 21 4 2
> BAT1 7 1 15 1 5 2 5 3 2 5 3 5 20 5 21 5 1 9 21 15 19 17 20 17 17 19 5 20 4 21 5 21 15 21
> BAT2 9 1 13 1 7 2 9 2 13 2 15 2 2 7 20 7 21 7 2 9 20 9 21 9 1 13 2 13 20 13 21 13 2 15 20 15 7 20 9 20 13 20 15 20 7 21 9 21 13 21
> BAT3 11 1 11 2 11 3 7 5 8 5 9 5 13 5 14 5 15 5 5 7 7 7 8 7 9 7 13 7 14 7 15 7 17 7 5 8 7 8 9 8 11 8 13 8 15 8 17 8 5 9 7 9 8 9 9 9 13 9 14 9 15 9 17 9 1 11 2 11 3 11 8 11 11 11 14 11 19 11 20 11 21 11 5 13 7 13 8 13 9 13 13 13 14 13 15 13 17 13 5 14 7 14 9 14 11 14 13 14 15 14 17 14 5 15 7 15 8 15 9 15 13 15 14 15 15 15 17 15 7 17 8 17 9 17 13 17 14 17 15 17 11 19 11 20 11 21
< RES 137 56 1
> REQ 137 57 1
> VAMPIRE 2 16 1 2 1 2 0
> VAMPIRE 1 3 3 2 1 2 0
> VAMPIRE 3 16 21 2 1 2 0
> VAMPIRE 4 1 18 2 0 2 0
> GRENADE 4 2 21 3 2
> BAT1 13 1 5 3 2 5 3 5 20 5 21 5 1 9 19 17 17 19 5 20 4 21 5 21 15 21
> BAT2 9 1 7 2 9 2 13 2 15 2 2 7 20 7 21 7 2 9 20 9 21 9 1 13 2 13 20 13 21 13 2 15 20 15 7 20 9 20 13 20 15 20 7 21 9 21 13 21
> BAT3 11 1 11 2 11 3 7 5 8 5 9 5 13 5 14 5 15 5 5 7 7 7 8 7 9 7 13 7 14 7 15 7 17 7 5 8 7 8 9 8 11 8 13 8 15 8 17 8 5 9 7 9 8 9 9 9 13 9 14 9 15 9 17 9 1 11 2 11 3 11 8 11 11 11 14 11 19 11 20 11 21 11 5 13 7 13 8 13 9 13 13 13 14 13 15 13 17 13 5 14 7 14 9 14 11 14 13 14 15 14 17 14 5 15 7 15 8 15 9 15 13 15 14 15 15 15 17 15 7 17 8 17 9 17 13 17 14 17 15 17 11 19 11 20 11 21
< RES 137 57 1
< GRENADE
> REQ 137 58 1
> VAMPIRE 2 15 1 2 1 2 0
> VAMPIRE 1 3 3 2 0 2 0
> VAMPIRE 3 17 21 2 1 2 0
> VAMPIRE 4 1 16 2 0 2 0
> GRENADE 4 2 21 2 2
> GRENADE 1 3 3 5 2
> BAT1 13 1 5 3 2 5 3 5 20 5 21 5 1 9 19 17 17 19 5 20 4 21 5 21 15 21
> BAT2 9 1 7 2 9 2 13 2 15 2 2 7 20 7 21 7 2 9 20 9 21 9 1 13 2 13 20 13 21 13 2 15 20 15 7 20 9 20 13 20 15 20 7 21 9 21 13 21
> BAT3 11 1 11 2 11 3 7 5 8 5 9 5 13 5 14 5 15 5 5 7 7 7 8 7 9 7 13 7 14 7 15 7 17 7 5 8 7 8 9 8 11 8 13 8 15 8 17 8 5 9 7 9 8 9 9 9 13 9 14 9 15 9 17 9 1 11 2 11 3 11 8 11 11 11 14 11 19 11 20 11 21 11 5 13 7 13 8 13 9 13 13 13 14 13 15 13 17 13 5 14 7 14 9 14 11 14 13 14 15 14 17 14 5 15 7 15 8 15 9 15 13 15 14 15 15 15 17 15 7 17 8 17 9 17 13 17 14 17 15 17 11 19 11 20 11 21
< RES 137 58 1
< MOVE L L
> REQ 137 59 1
> VAMPIRE 2 15 1 2 0 2 0
> VAMPIRE 1 3 1 2 0 2 0
> VAMPIRE 3 17 21 2 0 2 0
> VAMPIRE 4 1 14 2 0 2 0
> GRENADE 4 2 21 1 2
> GRENADE 1 3 3 4 2
> GRENADE 2 15 1 5 2
> GRENADE 3 17 21 5 2
> BAT1 13 1 5 3 2 5 3 5 20 5 21 5 1 9 19 17 17 19 5 20 4 21 5 21 15 21
> BAT2 9 1 7 2 9 2 13 2 15 2 2 7 20 7 21 7 2 9 20 9 21 9 1 13 2 13 20 13 21 13 2 15 20 15 7 20 9 20 13 20 15 20 7 21 9 21 13 21
> BAT3 11 1 11 2 11 3 7 5 8 5 9 5 13 5 14 5 15 5 5 7 7 7 8 7 9 7 13 7 14 7 15 7 17 7 5 8 7 8 9 8 11 8 13 8 15 8 17 8 5 9 7 9 8 9 9 9 13 9 14 9 15 9 17 9 1 11 2 11 3 11 8 11 11 11 14 11 19 11 20 11 21 11 5 13 7 13 8 13 9 13 13 13 14 13 15 13 17 13 5 14 7 14 9 14 11 14 13 14 15 14 17 14 5 15 7 15 8 15 9 15 13 15 14 15 15 15 17 15 7 17 8 17 9 17 13 17 14 17 15 17 11 19 11 20 11 21
< RES 137 59 1
< MOVE D D
> REQ 137 60 1
> VAMPIRE 2 15 1 2 0 2 0
> VAMPIRE 1 5 1 2 0 2 0
> VAMPIRE 3 18 21 2 0 2 0
> VAMPIRE 4 1 14 2 1 2 0
> GRENADE 1 3 3 3 2
> GRENADE 2 15 3 4 2
> GRENADE 3 17 21 4 2
> BAT1 13 1 5 3 2 5 3 5 20 5 21 5 1 9 19 17 17 19 5 20 5 21 15 21
> BAT2 9 1 7 2 9 2 13 2 15 2 2 7 20 7 21 7 2 9 20 9 21 9 1 13 2 13 20 13 21 13 2 15 20 15 7 20 9 20 13 20 15 20 7 21 9 21 13 21
> BAT3 11 1 11 2 11 3 7 5 8 5 9 5 13 5 14 5 15 5 5 7 7 7 8 7 9 7 13 7 14 7 15 7 17 7 5 8 7 8 9 8 11 8 13 8 15 8 17 8 5 9 7 9 8 9 9 9 13 9 14 9 15 9 17 9 1 11 2 11 3 11 8 11 11 11 14 11 19 11 20 11 21 11 5 13 7 13 8 13 9 13 13 13 14 13 15 13 17 13 5 14 7 14 9 14 11 14 13 14 15 14 17 14 5 15 7 15 8 15 9 15 13 15 14 15 15 15 17 15 7 17 8 17 9 17 13 17 14 17 15 17 11 19 11 20 11 21
< RES 137 60 1
> REQ 137 61 1
> VAMPIRE 2 15 1 2 0 2 0
> VAMPIRE 1 5 1 2 0 2 0
> VAMPIRE 3 19 20 2 0 2 0
> VAMPIRE 4 1 15 2 1 2 0
> GRENADE 1 3 3 2 2
> GRENADE 2 15 3 3 2
> GRENADE 3 17 21 3 2
> BAT1 13 1 5 3 2 5 3 5 20 5 21 5 1 9 19 17 17 19 5 20 5 21 15 21
> BAT2 9 1 7 2 9 2 13 2 15 2 2 7 20 7 21 7 2 9 20 9 21 9 1 13 2 13 20 13 21 13 2 15 20 15 7 20 9 20 13 20 15 20 7 21 9 21 13 21
> BAT3 11 1 11 2 11 3 7 5 8 5 9 5 13 5 14 5 15 5 5 7 7 7 8 7 9 7 13 7 14 7 15 7 17 7 5 8 7 8 9 8 11 8 13 8 15 8 17 8 5 9 7 9 8 9 9 9 13 9 14 9 15 9 17 9 1 11 2 11 3 11 8 11 11 11 14 11 19 11 20 11 21 11 5 13 7 13 8 13 9 13 13 13 14 13 15 13 17 13 5 14 7 14 9 14 11 14 13 14 15 14 17 14 5 15 7 15 8 15 9 15 13 15 14 15 15 15 17 15 7 17 8 17 9 17 13 17 14 17 15 17 11 19 11 20 11 21
< RES 137 61 1
> REQ 137 62 1
> VAMPIRE 2 15 1 2 0 2 0
> VAMPIRE 1 5 1 2 0 2 0
> VAMPIRE 3 18 19 2 0 2 0
> VAMPIRE 4 1 15 2 0 2 0
> GRENADE 1 3 3 1 2
> GRENADE 2 15 3 2 2
> GRENADE 3 17 21 2 2
> GRENADE 4 1 15 5 2
> BAT1 13 1 5 3 2 5 3 5 20 5 21 5 1 9 19 17 17 19 5 20 5 21 15 21
> BAT2 9 1 7 2 9 2 13 2 15 2 2 7 20 7 21 7 2 9 20 9 21 9 1 13 2 13 20 13 21 13 2 15 20 15 7 20 9 20 13 20 15 20 7 21 9 21 13 21
> BAT3 11 1 11 2 11 3 7 5 8 5 9 5 13 5 14 5 15 5 5 7 7 7 8 7 9 7 13 7 14 7 15 7 17 7 5 8 7 8 9 8 11 8 13 8 15 8 17 8 5 9 7 9 8 9 9 9 13 9 14 9 15 9 17 9 1 11 2 11 3 11 8 11 11 11 14 11 19 11 20 11 21 11 5 13 7 13 8 13 9 13 13 13 14 13 15 13 17 13 5 14 7 14 9 14 11 14 13 14 15 14 17 14 5 15 7 15 8 15 9 15 13 15 14 15 15 15 17 15 7 17 8 17 9 17 13 17 14 17 15 17 11 19 11 20 11 21
< RES 137 62 1
< MOVE D D
> REQ 137 63 1
> VAMPIRE 2 15 1 2 0 2 0
> VAMPIRE 1 7 1 2 1 2 0
> VAMPIRE 3 18 19 2 0 2 0
> VAMPIRE 4 1 14 2 0 2 0
> GRENADE 2 15 3 1 2
> GRENADE 3 17 21 1 2
> GRENADE 4 3 15 4 2
> BAT1 13 1 2 5 20 5 21 5 1 9 19 17 17 19 5 20 5 21 15 21
> BAT2 9 1 7 2 9 2 13 2 15 2 2 7 20 7 21 7 2 9 20 9 21 9 1 13 2 13 20 13 21 13 2 15 20 15 7 20 9 20 13 20 15 20 7 21 9 21 13 21
> BAT3 11 1 11 2 11 3 7 5 8 5 9 5 13 5 14 5 15 5 5 7 7 7 8 7 9 7 13 7 14 7 15 7 17 7 5 8 7 8 9 8 11 8 13 8 15 8 17 8 5 9 7 9 8 9 9 9 13 9 14 9 15 9 17 9 1 11 2 11 3 11 8 11 11 11 14 11 19 11 20 11 21 11 5 13 7 13 8 13 9 13 13 13 14 13 15 13 17 13 5 14 7 14 9 14 11 14 13 14 15 14 17 14 5 15 7 15 8 15 9 15 13 15 14 15 15 15 17 15 7 17 8 17 9 17 13 17 14 17 15 17 11 19 11 20 11 21
< RES 137 63 1
< GRENADE
< MOVE U U
> REQ 137 64 1
> VAMPIRE 2 15 1 2 1 2 0
> VAMPIRE 1 5 1 2 0 2 0
> VAMPIRE 3 18 19 2 1 2 0
> VAMPIRE 4 1 14 2 0 2 0
> GRENADE 4 3 15 3 2
> GRENADE 1 7 1 5 2
> BAT1 13 1 15 2 2 5 20 5 21 5 1 9 19 17 5 20 5 21
> BAT2 9 1 7 2 9 2 13 2 15 5 2 7 20 7 21 7 2 9 20 9 21 9 1 13 2 13 20 13 21 13 2 15 20 15 7 20 9 20 13 20 15 20 7 21 9 21 13 21
> BAT3 11 1 11 2 11 3 7 5 8 5 9 5 13 5 14 5 5 7 7 7 8 7 9 7 13 7 14 7 15 7 17 7 5 8 7 8 9 8 11 8 13 8 15 8 17 8 5 9 7 9 8 9 9 9 13 9 14 9 15 9 17 9 1 11 2 11 3 11 8 11 11 11 14 11 19 11 20 11 21 11 5 13 7 13 8 13 9 13 13 13 14 13 15 13 17 13 5 14 7 14 9 14 11 14 13 14 15 14 17 14 5 15 7 15 8 15 9 15 13 15 14 15 15 15 17 15 7 17 8 17 9 17 13 17 14 17 15 17 11 19 11 20 11 21
< RES 137 64 1
< MOVE R R
> REQ 137 65 1
> VAMPIRE 2 15 1 2 0 2 0
> VAMPIRE 1 5 3 2 0 2 0
> VAMPIRE 3 17 18 2 1 2 0
> VAMPIRE 4 1 14 2 0 2 0
> GRENADE 4 3 15 2 2
> GRENADE 1 7 1 4 2
> GRENADE 2 15 1 5 2
> BAT1 13 1 15 2 2 5 20 5 21 5 1 9 19 17 5 20 5 21
> BAT2 9 1 7 2 9 2 13 2 15 5 2 7 20 7 21 7 2 9 20 9 21 9 1 13 2 13 20 13 21 13 2 15 20 15 7 20 9 20 13 20 15 20 7 21 9 21 13 21
> BAT3 11 1 11 2 11 3 7 5 8 5 9 5 13 5 14 5 5 7 7 7 8 7 9 7 13 7 14 7 15 7 17 7 5 8 7 8 9 8 11 8 13 8 15 8 17 8 5 9 7 9 8 9 9 9 13 9 14 9 15 9 17 9 1 11 2 11 3 11 8 11 11 11 14 11 19 11 20 11 21 11 5 13 7 13 8 13 9 13 13 13 14 13 15 13 17 13 5 14 7 14 9 14 11 14 13 14 15 14 17 14 5 15 7 15 8 15 9 15 13 15 14 15 15 15 17 15 7 17 8 17 9 17 13 17 14 17 15 17 11 19 11 20 11 21
< RES 137 65 1
< MOVE D D
> REQ 137 66 1
> VAMPIRE 2 15 1 2 0 2 0
> VAMPIRE 1 7 3 2 0 2 0
> VAMPIRE 3 17 17 2 1 2 0
> VAMPIRE 4 1 14 2 0 2 0
> GRENADE 4 3 15 1 2
> GRENADE 1 7 1 3 2
> GRENADE 2 15 3 4 2
> BAT1 13 1 15 2 2 5 20 5 21 5 1 9 19 17 5 20 5 21
> BAT2 9 1 7 2 9 2 13 2 15 5 2 7 20 7 21 7 2 9 20 9 21 9 1 13 2 13 20 13 21 13 2 15 20 15 7 20 9 20 13 20 15 20 7 21 9 21 13 21
> BAT3 11 1 11 2 11 3 7 5 8 5 9 5 13 5 14 5 5 7 7 7 8 7 9 7 13 7 14 7 15 7 17 7 5 8 7 8 9 8 11 8 13 8 15 8 17 8 5 9 7 9 8 9 9 9 13 9 14 9 15 9 17 9 1 11 2 11 3 11 8 11 11 11 14 11 19 11 20 11 21 11 5 13 7 13 8 13 9 13 13 13 14 13 15 13 17 13 5 14 7 14 9 14 11 14 13 14 15 14 17 14 5 15 7 15 8 15 9 15 13 15 14 15 15 15 17 15 7 17 8 17 9 17 13 17 14 17 15 17 11 19 11 20 11 21
< RES 137 66 1
< MOVE D D
> REQ 137 67 1
> VAMPIRE 2 15 1 2 0 2 0
> VAMPIRE 1 9 3 2 0 2 0
> VAMPIRE 3 17 17 2 0 2 0
> VAMPIRE 4 1 14 2 1 2 0
> GRENADE 1 7 1 2 2
> GRENADE 2 15 3 3 2
> GRENADE 3 17 17 5 2
> BAT1 13 1 15 2 2 5 20 5 21 5 1 9 2 15 19 17 5 20 5 21
> BAT2 9 1 7 2 9 2 13 2 15 5 2 7 20 7 21 7 2 9 20 9 21 9 1 13 2 13 20 13 21 13 5 15 20 15 7 20 9 20 13 20 15 20 7 21 9 21 13 21
> BAT3 11 1 11 2 11 3 7 5 8 5 9 5 13 5 14 5 5 7 7 7 8 7 9 7 13 7 14 7 15 7 17 7 5 8 7 8 9 8 11 8 13 8 15 8 17 8 5 9 7 9 8 9 9 9 13 9 14 9 15 9 17 9 1 11 2 11 3 11 8 11 11 11 14 11 19 11 20 11 21 11 5 13 7 13 8 13 9 13 13 13 14 13 15 13 17 13 5 14 7 14 9 14 11 14 13 14 15 14 17 14 7 15 8 15 9 15 13 15 14 15 15 15 17 15 7 17 8 17 9 17 13 17 14 17 15 17 11 19 11 20 11 21
< RES 137 67 1
> REQ 137 68 1
> VAMPIRE 2 15 1 2 0 2 0
> VAMPIRE 1 9 3 2 0 2 0
> VAMPIRE 3 17 18 2 0 2 0
> VAMPIRE 4 1 15 2 1 2 0
> GRENADE 1 7 1 1 2
> GRENADE 2 15 3 2 2
> GRENADE 3 17 17 4 2
> BAT1 13 1 15 2 2 5 20 5 21 5 1 9 2 15 19 17 5 20 5 21
> BAT2 9 1 7 2 9 2 13 2 15 5 2 7 20 7 21 7 2 9 20 9 21 9 1 13 2 13 20 13 21 13 5 15 20 15 7 20 9 20 13 20 15 20 7 21 9 21 13 21
> BAT3 11 1 11 2 11 3 7 5 8 5 9 5 13 5 14 5 5 7 7 7 8 7 9 7 13 7 14 7 15 7 17 7 5 8 7 8 9 8 11 8 13 8 15 8 17 8 5 9 7 9 8 9 9 9 13 9 14 9 15 9 17 9 1 11 2 11 3 11 8 11 11 11 14 11 19 11 20 11 21 11 5 13 7 13 8 13 9 13 13 13 14 13 15 13 17 13 5 14 7 14 9 14 11 14 13 14 15 14 17 14 7 15 8 15 9 15 13 15 14 15 15 15 17 15 7 17 8 17 9 17 13 17 14 17 15 17 11 19 11 20 11 21
< RES 137 68 1
> REQ 137 69 1
> VAMPIRE 2 15 1 2 0 2 0
> VAMPIRE 1 9 3 2 1 2 0
> VAMPIRE 3 16 19 2 0 2 0
> VAMPIRE 4 1 15 2 0 2 0
> GRENADE 2 15 3 1 2
> GRENADE 3 17 17 3 2
> GRENADE 4 1 15 5 2
> BAT1 9 1 13 1 7 2 15 2 2 5 20 5 21 5 1 9 2 15 19 17 5 20 5 21
> BAT2 9 2 13 2 15 5 2 7 20 7 21 7 2 9 20 9 21 9 1 13 2 13 20 13 21 13 5 15 20 15 7 20 9 20 13 20 15 20 7 21 9 21 13 21
> BAT3 11 1 11 2 11 3 7 5 8 5 9 5 13 5 14 5 5 7 7 7 8 7 9 7 13 7 14 7 15 7 17 7 5 8 7 8 9 8 11 8 13 8 15 8 17 8 5 9 7 9 8 9 9 9 13 9 14 9 15 9 17 9 1 11 2 11 3 11 8 11 11 11 14 11 19 11 20 11 21 11 5 13 7 13 8 13 9 13 13 13 14 13 15 13 17 13 5 14 7 14 9 14 11 14 13 14 15 14 17 14 7 15 8 15 9 15 13 15 14 15 15 15 17 15 7 17 8 17 9 17 13 17 14 17 15 17 11 19 11 20 11 21
< RES 137 69 1
< GRENADE
> REQ 137 70 1
> VAMPIRE 2 15 1 2 1 2 0
> VAMPIRE 1 9 3 2 0 2 0
> VAMPIRE 3 14 19 2 0 2 0
> VAMPIRE 4 1 14 2 0 2 0
> GRENADE 3 17 17 2 2
> GRENADE 4 3 15 4 2
> GRENADE 1 9 3 5 2
> BAT1 9 1 13 1 7 2 2 5 15 5 20 5 21 5 1 9 2 15 19 17 5 20 5 21
> BAT2 9 2 13 2 2 7 20 7 21 7 2 9 20 9 21 9 1 13 2 13 20 13 21 13 5 15 20 15 7 20 9 20 13 20 15 20 7 21 9 21 13 21
> BAT3 11 1 11 2 11 3 7 5 8 5 9 5 13 5 14 5 5 7 7 7 8 7 9 7 13 7 14 7 15 7 17 7 5 8 7 8 9 8 11 8 13 8 15 8 17 8 5 9 7 9 8 9 9 9 13 9 14 9 15 9 17 9 1 11 2 11 3 11 8 11 11 11 14 11 19 11 20 11 21 11 5 13 7 13 8 13 9 13 13 13 14 13 15 13 17 13 5 14 7 14 9 14 11 14 13 14 15 14 17 14 7 15 8 15 9 15 13 15 14 15 15 15 17 15 7 17 8 17 9 17 13 17 14 17 15 17 11 19 11 20 11 21
< RES 137 70 1
< MOVE U U
> REQ 137 71 1
> VAMPIRE 2 15 3 2 1 2 0
> VAMPIRE 1 7 3 2 0 2 0
> VAMPIRE 3 12 19 2 0 2 0
> VAMPIRE 4 1 14 2 0 2 0
> GRENADE 3 17 17 1 2
> GRENADE 4 3 15 3 2
> GRENADE 1 9 3 4 2
> BAT1 9 1 13 1 7 2 2 5 15 5 20 5 21 5 1 9 2 15 19 17 5 20 5 21
> BAT2 9 2 13 2 2 7 20 7 21 7 2 9 20 9 21 9 1 13 2 13 20 13 21 13 5 15 20 15 7 20 9 20 13 20 15 20 7 21 9 21 13 21
> BAT3 11 1 11 2 11 3 7 5 8 5 9 5 13 5 14 5 5 7 7 7 8 7 9 7 13 7 14 7 15 7 17 7 5 8 7 8 9 8 11 8 13 8 15 8 17 8 5 9 7 9 8 9 9 9 13 9 14 9 15 9 17 9 1 11 2 11 3 11 8 11 11 11 14 11 19 11 20 11 21 11 5 13 7 13 8 13 9 13 13 13 14 13 15 13 17 13 5 14 7 14 9 14 11 14 13 14 15 14 17 14 7 15 8 15 9 15 13 15 14 15 15 15 17 15 7 17 8 17 9 17 13 17 14 17 15 17 11 19 11 20 11 21
< RES 137 71 1
< MOVE U U
> REQ 137 72 1
> VAMPIRE 2 13 3 2 1 2 0
> VAMPIRE 1 5 3 2 0 2 0
> VAMPIRE 3 12 19 2 1 2 0
> VAMPIRE 4 1 14 2 0 2 0
> GRENADE 4 3 15 2 2
> GRENADE 1 9 3 3 2
> BAT1 9 1 13 1 7 2 2 5 15 5 20 5 21 5 1 9 2 15 5 20 5 21
> BAT2 9 2 13 2 2 7 20 7 21 7 2 9 20 9 21 9 1 13 2 13 20 13 21 13 5 15 17 15 20 15 15 17 7 20 9 20 13 20 15 20 7 21 9 21 13 21
> BAT3 11 1 11 2 11 3 7 5 8 5 9 5 13 5 14 5 5 7 7 7 8 7 9 7 13 7 14 7 15 7 17 7 5 8 7 8 9 8 11 8 13 8 15 8 17 8 5 9 7 9 8 9 9 9 13 9 14 9 15 9 17 9 1 11 2 11 3 11 8 11 11 11 14 11 19 11 20 11 21 11 5 13 7 13 8 13 9 13 13 13 14 13 15 13 17 13 5 14 7 14 9 14 11 14 13 14 15 14 17 14 7 15 8 15 9 15 13 15 14 15 15 15 7 17 8 17 9 17 13 17 14 17 11 19 11 20 11 21
< RES 137 72 1
< MOVE R R
> REQ 137 73 1
> VAMPIRE 2 13 3 2 0 2 0
> VAMPIRE 1 5 5 2 0 2 0
> VAMPIRE 3 13 19 2 1 2 0
> VAMPIRE 4 1 14 2 0 2 0
> GRENADE 4 3 15 1 2
> GRENADE 1 9 3 2 2
> GRENADE 2 13 3 5 2
> BAT1 9 1 13 1 7 2 2 5 15 5 20 5 21 5 1 9 2 15 5 20 5 21
> BAT2 9 2 13 2 2 7 20 7 21 7 2 9 20 9 21 9 1 13 2 13 20 13 21 13 5 15 17 15 20 15 15 17 7 20 9 20 13 20 15 20 7 21 9 21 13 21
> BAT3 11 1 11 2 11 3 7 5 8 5 9 5 13 5 14 5 5 7 7 7 8 7 9 7 13 7 14 7 15 7 17 7 5 8 7 8 9 8 11 8 13 8 15 8 17 8 5 9 7 9 8 9 9 9 13 9 14 9 15 9 17 9 1 11 2 11 3 11 8 11 11 11 14 11 19 11 20 11 21 11 5 13 7 13 8 13 9 13 13 13 14 13 15 13 17 13 5 14 7 14 9 14 11 14 13 14 15 14 17 14 7 15 8 15 9 15 13 15 14 15 15 15 7 17 8 17 9 17 13 17 14 17 11 19 11 20 11 21
< RES 137 73 1
< MOVE L L
> REQ 137 74 1
> VAMPIRE 2 14 3 2 0 2 0
> VAMPIRE 1 5 3 2 0 2 0
> VAMPIRE 3 13 19 2 0 2 0
> VAMPIRE 4 1 14 2 1 2 0
> GRENADE 1 9 3 1 2
> GRENADE 2 13 3 4 2
> GRENADE 3 13 19 5 2
> BAT1 9 1 13 1 7 2 2 5 15 5 20 5 21 5 1 9 5 15 5 20 5 21
> BAT2 9 2 13 2 2 7 20 7 21 7 2 9 20 9 21 9 1 13 2 13 20 13 21 13 17 15 20 15 15 17 7 20 9 20 13 20 15 20 7 21 9 21 13 21
> BAT3 11 1 11 2 11 3 7 5 8 5 9 5 13 5 14 5 5 7 7 7 8 7 9 7 13 7 14 7 15 7 17 7 5 8 7 8 9 8 11 8 13 8 15 8 17 8 5 9 7 9 8 9 9 9 13 9 14 9 15 9 17 9 1 11 2 11 3 11 8 11 11 11 14 11 19 11 20 11 21 11 5 13 7 13 8 13 9 13 13 13 14 13 15 13 17 13 5 14 7 14 9 14 11 14 13 14 15 14 17 14 7 15 8 15 9 15 13 15 14 15 15 15 7 17 8 17 9 17 13 17 14 17 11 19 11 20 11 21
< RES 137 74 1
< MOVE R R
> REQ 137 75 1
> VAMPIRE 2 15 2 2 0 2 0
> VAMPIRE 1 5 5 2 1 2 0
> VAMPIRE 3 14 19 2 0 2 0
> VAMPIRE 4 1 14 2 0 2 0
> GRENADE 2 13 3 3 2
> GRENADE 3 13 19 4 2
> GRENADE 4 1 14 5 2
> BAT1 9 1 13 1 7 2 9 2 2 5 15 5 20 5 21 5 1 9 5 15 5 20 5 21
> BAT2 13 2 11 3 9 5 2 7 20 7 21 7 2 9 20 9 21 9 1 13 2 13 20 13 21 13 17 15 20 15 15 17 7 20 9 20 13 20 15 20 7 21 9 21 13 21
> BAT3 11 1 11 2 7 5 8 5 13 5 14 5 5 7 7 7 8 7 9 7 13 7 14 7 15 7 17 7 5 8 7 8 9 8 11 8 13 8 15 8 17 8 5 9 7 9 8 9 9 9 13 9 14 9 15 9 17 9 1 11 2 11 3 11 8 11 11 11 14 11 19 11 20 11 21 11 5 13 7 13 8 13 9 13 13 13 14 13 15 13 17 13 5 14 7 14 9 14 11 14 13 14 15 14 17 14 7 15 8 15 9 15 13 15 14 15 15 15 7 17 8 17 9 17 13 17 14 17 11 19 11 20 11 21
< RES 137 75 1
< GRENADE
< MOVE L L
> REQ 137 76 1
> VAMPIRE 2 15 2 2 0 2 0
> VAMPIRE 1 5 3 2 0 2 0
> VAMPIRE 3 15 18 2 0 2 0
> VAMPIRE 4 1 14 2 0 2 0
> GRENADE 2 13 3 2 2
> GRENADE 3 13 19 3 2
> GRENADE 4 1 12 4 2
> GRENADE 1 5 5 5 2
> BAT1 9 1 13 1 7 2 9 2 2 5 15 5 20 5 21 5 1 9 5 15 5 20 5 21
> BAT2 13 2 11 3 9 5 2 7 20 7 21 7 2 9 20 9 21 9 1 13 2 13 20 13 21 13 17 15 20 15 15 17 7 20 9 20 13 20 15 20 7 21 9 21 13 21
> BAT3 11 1 11 2 7 5 8 5 13 5 14 5 5 7 7 7 8 7 9 7 13 7 14 7 15 7 17 7 5 8 7 8 9 8 11 8 13 8 15 8 17 8 5 9 7 9 8 9 9 9 13 9 14 9 15 9 17 9 1 11 2 11 3 11 8 11 11 11 14 11 19 11 20 11 21 11 5 13 7 13 8 13 9 13 13 13 14 13 15 13 17 13 5 14 7 14 9 14 11 14 13 14 15 14 17 14 7 15 8 15 9 15 13 15 14 15 15 15 7 17 8 17 9 17 13 17 14 17 11 19 11 20 11 21
< RES 137 76 1
< MOVE D D
> REQ 137 77 1
> VAMPIRE 2 15 2 2 0 2 0
> VAMPIRE 1 7 3 2 0 2 0
> VAMPIRE 3 15 18 2 0 2 0
> VAMPIRE 4 1 14 2 0 2 0
> GRENADE 2 13 3 1 2
> GRENADE 3 13 19 2 2
> GRENADE 4 1 12 3 2
> GRENADE 1 5 5 4 2
> BAT1 9 1 13 1 7 2 9 2 2 5 15 5 20 5 21 5 1 9 5 15 5 20 5 21
> BAT2 13 2 11 3 9 5 2 7 20 7 21 7 2 9 20 9 21 9 1 13 2 13 20 13 21 13 17 15 20 15 15 17 7 20 9 20 13 20 15 20 7 21 9 21 13 21
> BAT3 11 1 11 2 7 5 8 5 13 5 14 5 5 7 7 7 8 7 9 7 13 7 14 7 15 7 17 7 5 8 7 8 9 8 11 8 13 8 15 8 17 8 5 9 7 9 8 9 9 9 13 9 14 9 15 9 17 9 1 11 2 11 3 11 8 11 11 11 14 11 19 11 20 11 21 11 5 13 7 13 8 13 9 13 13 13 14 13 15 13 17 13 5 14 7 14 9 14 11 14 13 14 15 14 17 14 7 15 8 15 9 15 13 15 14 15 15 15 7 17 8 17 9 17 13 17 14 17 11 19 11 20 11 21
< RES 137 77 1
< MOVE D D
> REQ 137 78 1
> VAMPIRE 2 15 2 2 1 2 0
> VAMPIRE 1 9 3 2 0 2 0
> VAMPIRE 3 15 18 2 0 2 0
> VAMPIRE 4 1 14 2 0 2 0
> GRENADE 3 13 19 1 2
> GRENADE 4 1 12 2 2
> GRENADE 1 5 5 3 2
> BAT1 9 1 13 1 7 2 9 2 13 2 11 3 2 5 15 5 20 5 21 5 1 9 5 15 5 20 5 21
> BAT2 9 5 13 5 2 7 20 7 21 7 2 9 20 9 21 9 1 13 2 13 20 13 21 13 17 15 20 15 15 17 7 20 9 20 13 20 15 20 7 21 9 21 13 21
> BAT3 11 1 11 2 7 5 8 5 14 5 5 7 7 7 8 7 9 7 13 7 14 7 15 7 17 7 5 8 7 8 9 8 11 8 13 8 15 8 17 8 5 9 7 9 8 9 9 9 13 9 14 9 15 9 17 9 1 11 2 11 3 11 8 11 11 11 14 11 19 11 20 11 21 11 5 13 7 13 8 13 9 13 13 13 14 13 15 13 17 13 5 14 7 14 9 14 11 14 13 14 15 14 17 14 7 15 8 15 9 15 13 15 14 15 15 15 7 17 8 17 9 17 13 17 14 17 11 19 11 20 11 21
< RES 137 78 1
> REQ 137 79 1
> VAMPIRE 2 14 3 2 1 2 0
> VAMPIRE 1 9 3 2 0 2 0
> VAMPIRE 3 15 18 2 1 2 0
> VAMPIRE 4 1 14 2 0 2 0
> GRENADE 4 1 12 1 2
> GRENADE 1 5 5 2 2
> BAT1 9 1 13 1 7 2 9 2 13 2 11 3 2 5 15 5 20 5 21 5 1 9 5 15 5 20 13 20 5 21
> BAT2 9 5 13 5 2 7 20 7 21 7 2 9 20 9 21 9 1 13 2 13 20 13 21 13 17 15 20 15 13 17 15 17 11 19 7 20 9 20 15 20 7 21 9 21 13 21
> BAT3 11 1 11 2 7 5 8 5 14 5 5 7 7 7 8 7 9 7 13 7 14 7 15 7 17 7 5 8 7 8 9 8 11 8 13 8 15 8 17 8 5 9 7 9 8 9 9 9 13 9 14 9 15 9 17 9 1 11 2 11 3 11 8 11 11 11 14 11 19 11 20 11 21 11 5 13 7 13 8 13 9 13 13 13 14 13 15 13 17 13 5 14 7 14 9 14 11 14 13 14 15 14 17 14 7 15 8 15 9 15 13 15 14 15 15 15 7 17 8 17 9 17 14 17 11 20 11 21
< RES 137 79 1
> REQ 137 80 1
> VAMPIRE 2 13 3 2 1 2 0
> VAMPIRE 1 9 3 2 0 2 0
> VAMPIRE 3 15 18 2 0 2 0
> VAMPIRE 4 1 14 2 1 2 0
> GRENADE 1 5 5 1 2
> GRENADE 3 15 18 5 2
> BAT1 9 1 13 1 7 2 9 2 13 2 11 3 2 5 15 5 20 5 21 5 1 9 1 13 5 15 5 20 13 20 5 21
> BAT2 9 5 13 5 2 7 20 7 21 7 2 9 20 9 21 9 1 11 2 13 20 13 21 13 17 15 20 15 13 17 15 17 11 19 7 20 9 20 15 20 7 21 9 21 13 21
> BAT3 11 1 11 2 7 5 8 5 14 5 5 7 7 7 8 7 9 7 13 7 14 7 15 7 17 7 5 8 7 8 9 8 11 8 13 8 15 8 17 8 5 9 7 9 8 9 9 9 13 9 14 9 15 9 17 9 2 11 3 11 8 11 11 11 14 11 19 11 20 11 21 11 5 13 7 13 8 13 9 13 13 13 14 13 15 13 17 13 5 14 7 14 9 14 11 14 13 14 15 14 17 14 7 15 8 15 9 15 13 15 14 15 15 15 7 17 8 17 9 17 14 17 11 20 11 21
< RES 137 80 1
> REQ 137 81 1
> VAMPIRE 2 13 3 2 0 2 0
> VAMPIRE 1 9 3 2 1 2 0
> VAMPIRE 3 14 19 2 0 2 0
> VAMPIRE 4 1 14 2 0 2 0
> GRENADE 3 15 16 4 2
> GRENADE 2 13 3 5 2
> GRENADE 4 1 14 5 2
> BAT1 9 1 13 1 7 2 9 2 13 2 11 3 2 5 15 5 20 5 21 5 1 9 1 13 5 15 5 20 13 20 5 21
> BAT2 7 5 9 5 13 5 2 7 5 7 20 7 21 7 2 9 20 9 21 9 1 11 2 13 20 13 21 13 17 15 20 15 13 17 15 17 11 19 7 20 9 20 15 20 7 21 9 21 13 21
> BAT3 11 1 11 2 8 5 14 5 7 7 8 7 9 7 13 7 14 7 15 7 17 7 5 8 7 8 9 8 11 8 13 8 15 8 17 8 5 9 7 9 8 9 9 9 13 9 14 9 15 9 17 9 2 11 3 11 8 11 11 11 14 11 19 11 20 11 21 11 5 13 7 13 8 13 9 13 13 13 14 13 15 13 17 13 5 14 7 14 9 14 11 14 13 14 15 14 17 14 7 15 8 15 9 15 13 15 14 15 15 15 7 17 8 17 9 17 14 17 11 20 11 21
< RES 137 81 1
< GRENADE
> REQ 137 82 1
> VAMPIRE 2 14 3 2 0 2 0
> VAMPIRE 1 9 3 2 0 2 0
> VAMPIRE 3 13 18 2 0 2 0
> VAMPIRE 4 1 14 2 0 2 0
> GRENADE 3 15 16 3 2
> GRENADE 2 13 3 4 2
> GRENADE 4 1 12 4 2
> GRENADE 1 9 3 5 2
> BAT1 9 1 13 1 7 2 9 2 13 2 11 3 2 5 15 5 20 5 21 5 1 9 1 13 5 15 5 20 13 20 5 21
> BAT2 7 5 9 5 13 5 2 7 5 7 20 7 21 7 2 9 20 9 21 9 1 11 2 13 20 13 21 13 17 15 20 15 13 17 15 17 11 19 7 20 9 20 15 20 7 21 9 21 13 21
> BAT3 11 1 11 2 8 5 14 5 7 7 8 7 9 7 13 7 14 7 15 7 17 7 5 8 7 8 9 8 11 8 13 8 15 8 17 8 5 9 7 9 8 9 9 9 13 9 14 9 15 9 17 9 2 11 3 11 8 11 11 11 14 11 19 11 20 11 21 11 5 13 7 13 8 13 9 13 13 13 14 13 15 13 17 13 5 14 7 14 9 14 11 14 13 14 15 14 17 14 7 15 8 15 9 15 13 15 14 15 15 15 7 17 8 17 9 17 14 17 11 20 11 21
< RES 137 82 1
< MOVE U U
> REQ 137 83 1
> VAMPIRE 2 15 2 2 0 2 0
> VAMPIRE 1 7 3 2 0 2 0
> VAMPIRE 3 13 18 2 0 2 0
> VAMPIRE 4 1 14 2 0 2 0
> GRENADE 3 15 16 2 2
> GRENADE 2 13 3 3 2
> GRENADE 4 1 12 3 2
> GRENADE 1 12 3 4 2
> BAT1 9 1 13 1 7 2 9 2 13 2 11 3 2 5 15 5 20 5 21 5 1 9 1 13 5 15 5 20 13 20 5 21
> BAT2 7 5 9 5 13 5 2 7 5 7 20 7 21 7 2 9 20 9 21 9 1 11 2 13 20 13 21 13 17 15 20 15 13 17 15 17 11 19 7 20 9 20 15 20 7 21 9 21 13 21
> BAT3 11 1 11 2 8 5 14 5 7 7 8 7 9 7 13 7 14 7 15 7 17 7 5 8 7 8 9 8 11 8 13 8 15 8 17 8 5 9 7 9 8 9 9 9 13 9 14 9 15 9 17 9 2 11 3 11 8 11 11 11 14 11 19 11 20 11 21 11 5 13 7 13 8 13 9 13 13 13 14 13 15 13 17 13 5 14 7 14 9 14 11 14 13 14 15 14 17 14 7 15 8 15 9 15 13 15 14 15 15 15 7 17 8 17 9 17 14 17 11 20 11 21
< RES 137 83 1
< MOVE U U
> REQ 137 84 1
> VAMPIRE 2 15 2 2 0 2 0
> VAMPIRE 1 5 3 2 0 2 0
> VAMPIRE 3 13 18 2 0 2 0
> VAMPIRE 4 1 14 2 0 2 0
> GRENADE 3 15 16 1 2
> GRENADE 2 13 3 2 2
> GRENADE 4 1 12 2 2
> GRENADE 1 12 3 3 2
> BAT1 9 1 13 1 7 2 9 2 13 2 11 3 2 5 15 5 20 5 21 5 1 9 1 13 5 15 5 20 13 20 5 21
> BAT2 7 5 9 5 13 5 2 7 5 7 20 7 21 7 2 9 20 9 21 9 1 11 2 13 20 13 21 13 17 15 20 15 13 17 15 17 11 19 7 20 9 20 15 20 7 21 9 21 13 21
> BAT3 11 1 11 2 8 5 14 5 7 7 8 7 9 7 13 7 14 7 15 7 17 7 5 8 7 8 9 8 11 8 13 8 15 8 17 8 5 9 7 9 8 9 9 9 13 9 14 9 15 9 17 9 2 11 3 11 8 11 11 11 14 11 19 11 20 11 21 11 5 13 7 13 8 13 9 13 13 13 14 13 15 13 17 13 5 14 7 14 9 14 11 14 13 14 15 14 17 14 7 15 8 15 9 15 13 15 14 15 15 15 7 17 8 17 9 17 14 17 11 20 11 21
< RES 137 84 1
< MOVE U U
> REQ 137 85 1
> VAMPIRE 2 15 2 2 0 2 0
> VAMPIRE 1 3 3 2 0 2 0
> VAMPIRE 3 13 18 2 1 2 0
> VAMPIRE 4 1 14 2 0 2 0
> GRENADE 2 13 3 1 2
> GRENADE 4 1 12 1 2
> GRENADE 1 12 3 2 2
> BAT1 9 1 13 1 7 2 9 2 13 2 11 3 2 5 15 5 20 5 21 5 1 9 1 13 5 15 15 17 5 20 13 20 5 21
> BAT2 7 5 9 5 13 5 2 7 5 7 20 7 21 7 2 9 20 9 21 9 1 11 2 13 20 13 21 13 15 15 17 15 20 15 13 17 11 19 7 20 9 20 15 20 7 21 9 21 13 21
> BAT3 11 1 11 2 8 5 14 5 7 7 8 7 9 7 13 7 14 7 15 7 17 7 5 8 7 8 9 8 11 8 13 8 15 8 17 8 5 9 7 9 8 9 9 9 13 9 14 9 15 9 17 9 2 11 3 11 8 11 11 11 14 11 19 11 20 11 21 11 5 13 7 13 8 13 9 13 13 13 14 13 15 13 17 13 5 14 7 14 9 14 11 14 13 14 15 14 17 14 7 15 8 15 9 15 13 15 14 15 7 17 8 17 9 17 14 17 11 20 11 21
< RES 137 85 1
< MOVE R R
> REQ 137 86 1
> VAMPIRE 2 15 2 2 1 2 0
> VAMPIRE 1 3 5 2 1 2 0
> VAMPIRE 3 13 18 2 0 2 0
> VAMPIRE 4 1 14 2 1 2 0
> GRENADE 3 13 18 5 2
> BAT1 9 1 13 1 7 2 9 2 2 5 13 5 15 5 20 5 21 5 1 9 1 11 5 15 15 17 5 20 13 20 5 21
> BAT2 7 5 9 5 2 7 5 7 20 7 21 7 2 9 20 9 21 9 2 13 20 13 21 13 15 15 17 15 20 15 13 17 11 19 7 20 9 20 15 20 7 21 9 21 13 21
> BAT3 11 1 11 2 8 5 14 5 7 7 8 7 9 7 13 7 14 7 15 7 17 7 5 8 7 8 9 8 11 8 13 8 15 8 17 8 5 9 7 9 8 9 9 9 13 9 14 9 15 9 17 9 2 11 3 11 8 11 11 11 14 11 19 11 20 11 21 11 5 13 7 13 8 13 9 13 13 13 14 13 15 13 17 13 5 14 7 14 9 14 11 14 13 14 15 14 17 14 7 15 8 15 9 15 13 15 14 15 7 17 8 17 9 17 14 17 11 20 11 21
< RES 137 86 1
< GRENADE
< MOVE L L
> REQ 137 87 1
> VAMPIRE 2 14 3 2 1 2 0
> VAMPIRE 1 3 3 2 0 2 0
> VAMPIRE 3 13 18 2 0 2 0
> VAMPIRE 4 1 13 2 1 2 0
> GRENADE 3 15 18 4 2
> GRENADE 1 3 5 5 2
> BAT1 9 1 13 1 7 2 9 2 2 5 13 5 15 5 20 5 21 5 1 9 1 11 5 15 15 17 5 20 13 20 5 21
> BAT2 7 5 9 5 2 7 5 7 20 7 21 7 2 9 20 9 21 9 2 13 20 13 21 13 15 15 17 15 20 15 13 17 11 19 7 20 9 20 15 20 7 21 9 21 13 21
> BAT3 11 1 11 2 8 5 14 5 7 7 8 7 9 7 13 7 14 7 15 7 17 7 5 8 7 8 9 8 11 8 13 8 15 8 17 8 5 9 7 9 8 9 9 9 13 9 14 9 15 9 17 9 2 11 3 11 8 11 11 11 14 11 19 11 20 11 21 11 5 13 7 13 8 13 9 13 13 13 14 13 15 13 17 13 5 14 7 14 9 14 11 14 13 14 15 14 17 14 7 15 8 15 9 15 13 15 14 15 7 17 8 17 9 17 14 17 11 20 11 21
< RES 137 87 1
> REQ 137 88 1
> VAMPIRE 2 13 3 2 1 2 0
> VAMPIRE 1 3 3 2 0 2 0
> VAMPIRE 3 13 18 2 0 2 0
> VAMPIRE 4 1 13 2 0 2 0
> GRENADE 3 15 18 3 2
> GRENADE 1 3 5 4 2
> GRENADE 4 1 13 5 2
> BAT1 9 1 13 1 7 2 9 2 2 5 13 5 15 5 20 5 21 5 1 9 1 11 5 15 15 17 5 20 13 20 5 21
> BAT2 7 5 9 5 2 7 5 7 20 7 21 7 2 9 20 9 21 9 2 13 20 13 21 13 15 15 17 15 20 15 13 17 11 19 7 20 9 20 15 20 7 21 9 21 13 21
> BAT3 11 1 11 2 8 5 14 5 7 7 8 7 9 7 13 7 14 7 15 7 17 7 5 8 7 8 9 8 11 8 13 8 15 8 17 8 5 9 7 9 8 9 9 9 13 9 14 9 15 9 17 9 2 11 3 11 8 11 11 11 14 11 19 11 20 11 21 11 5 13 7 13 8 13 9 13 13 13 14 13 15 13 17 13 5 14 7 14 9 14 11 14 13 14 15 14 17 14 7 15 8 15 9 15 13 15 14 15 7 17 8 17 9 17 14 17 11 20 11 21
< RES 137 88 1
< MOVE D D
> REQ 137 89 1
> VAMPIRE 2 13 3 2 0 2 0
> VAMPIRE 1 5 3 2 0 2 0
> VAMPIRE 3 13 18 2 0 2 0
> VAMPIRE 4 1 12 2 0 2 0
> GRENADE 3 15 18 2 2
> GRENADE 1 3 5 3 2
> GRENADE 4 3 13 4 2
> GRENADE 2 13 3 5 2
> BAT1 9 1 13 1 7 2 9 2 2 5 13 5 15 5 20 5 21 5 1 9 1 11 5 15 15 17 5 20 13 20 5 21
> BAT2 7 5 9 5 2 7 5 7 20 7 21 7 2 9 20 9 21 9 2 13 20 13 21 13 15 15 17 15 20 15 13 17 11 19 7 20 9 20 15 20 7 21 9 21 13 21
> BAT3 11 1 11 2 8 5 14 5 7 7 8 7 9 7 13 7 14 7 15 7 17 7 5 8 7 8 9 8 11 8 13 8 15 8 17 8 5 9 7 9 8 9 9 9 13 9 14 9 15 9 17 9 2 11 3 11 8 11 11 11 14 11 19 11 20 11 21 11 5 13 7 13 8 13 9 13 13 13 14 13 15 13 17 13 5 14 7 14 9 14 11 14 13 14 15 14 17 14 7 15 8 15 9 15 13 15 14 15 7 17 8 17 9 17 14 17 11 20 11 21
< RES 137 89 1
> REQ 137 90 1
> VAMPIRE 2 14 3 2 0 2 0
> VAMPIRE 1 5 3 2 0 2 0
> VAMPIRE 3 13 18 2 0 2 0
> VAMPIRE 4 1 12 2 0 2 0
> GRENADE 3 15 18 1 2
> GRENADE 1 3 5 2 2
> GRENADE 4 3 13 3 2
> GRENADE 2 13 3 4 2
> BAT1 9 1 13 1 7 2 9 2 2 5 13 5 15 5 20 5 21 5 1 9 1 11 5 15 15 17 5 20 13 20 5 21
> BAT2 7 5 9 5 2 7 5 7 20 7 21 7 2 9 20 9 21 9 2 13 20 13 21 13 15 15 17 15 20 15 13 17 11 19 7 20 9 20 15 20 7 21 9 21 13 21
> BAT3 11 1 11 2 8 5 14 5 7 7 8 7 9 7 13 7 14 7 15 7 17 7 5 8 7 8 9 8 11 8 13 8 15 8 17 8 5 9 7 9 8 9 9 9 13 9 14 9 15 9 17 9 2 11 3 11 8 11 11 11 14 11 19 11 20 11 21 11 5 13 7 13 8 13 9 13 13 13 14 13 15 13 17 13 5 14 7 14 9 14 11 14 13 14 15 14 17 14 7 15 8 15 9 15 13 15 14 15 7 17 8 17 9 17 14 17 11 20 11 21
< RES 137 90 1
> REQ 137 91 1
> VAMPIRE 2 15 4 2 0 2 0
> VAMPIRE 1 5 3 2 0 2 0
> VAMPIRE 3 13 18 2 1 2 0
> VAMPIRE 4 1 12 2 0 2 0
> GRENADE 1 3 5 1 2
> GRENADE 4 3 13 2 2
> GRENADE 2 13 3 3 2
> BAT1 9 1 13 1 7 2 9 2 2 5 13 5 15 5 20 5 21 5 1 9 1 11 5 15 5 20 13 20 15 20 5 21
> BAT2 7 5 9 5 2 7 5 7 20 7 21 7 2 9 20 9 21 9 2 13 20 13 21 13 15 15 17 15 20 15 13 17 11 19 7 20 9 20 7 21 9 21 13 21
> BAT3 11 1 11 2 8 5 14 5 7 7 8 7 9 7 13 7 14 7 15 7 17 7 5 8 7 8 9 8 11 8 13 8 15 8 17 8 5 9 7 9 8 9 9 9 13 9 14 9 15 9 17 9 2 11 3 11 8 11 11 11 14 11 19 11 20 11 21 11 5 13 7 13 8 13 9 13 13 13 14 13 15 13 17 13 5 14 7 14 9 14 11 14 13 14 15 14 17 14 7 15 8 15 9 15 13 15 14 15 7 17 8 17 9 17 14 17 11 20 11 21
< RES 137 91 1
< MOVE R R
> REQ 137 92 1
> VAMPIRE 2 15 4 2 0 2 0
> VAMPIRE 1 5 5 2 1 2 0
> VAMPIRE 3 13 18 2 0 2 0
> VAMPIRE 4 1 12 2 0 2 0
> GRENADE 4 3 13 1 2
> GRENADE 2 13 3 2 2
> GRENADE 3 13 18 5 2
> BAT1 9 1 13 1 7 2 9 2 13 5 15 5 20 5 21 5 1 9 1 11 5 15 5 20 13 20 15 20 5 21
> BAT2 7 5 9 5 2 7 5 7 20 7 21 7 2 9 20 9 21 9 2 13 20 13 21 13 15 15 17 15 20 15 13 17 11 19 7 20 9 20 7 21 9 21 13 21
> BAT3 11 1 11 2 8 5 14 5 7 7 8 7 9 7 13 7 14 7 15 7 17 7 5 8 7 8 9 8 11 8 13 8 15 8 17 8 5 9 7 9 8 9 9 9 13 9 14 9 15 9 17 9 2 11 3 11 8 11 11 11 14 11 19 11 20 11 21 11 5 13 7 13 8 13 9 13 13 13 14 13 15 13 17 13 5 14 7 14 9 14 11 14 13 14 15 14 17 14 7 15 8 15 9 15 13 15 14 15 7 17 8 17 9 17 14 17 11 20 11 21
< RES 137 92 1
< GRENADE
< MOVE U U
> REQ 137 93 1
> VAMPIRE 2 15 4 2 0 2 0
> VAMPIRE 1 3 5 2 0 2 0
> VAMPIRE 3 14 19 2 0 2 0
> VAMPIRE 4 1 12 2 1 2 0
> GRENADE 2 13 3 1 2
> GRENADE 3 13 16 4 2
> GRENADE 1 5 5 5 2
> BAT1 9 1 13 1 7 2 9 2 13 5 15 5 20 5 21 5 1 9 1 11 2 13 5 15 5 20 13 20 15 20 5 21
> BAT2 7 5 9 5 2 7 5 7 20 7 21 7 2 9 20 9 21 9 3 11 5 13 20 13 21 13 15 15 17 15 20 15 13 17 11 19 7 20 9 20 7 21 9 21 13 21
> BAT3 11 1 11 2 8 5 14 5 7 7 8 7 9 7 13 7 14 7 15 7 17 7 5 8 7 8 9 8 11 8 13 8 15 8 17 8 5 9 7 9 8 9 9 9 13 9 14 9 15 9 17 9 2 11 8 11 11 11 14 11 19 11 20 11 21 11 7 13 8 13 9 13 13 13 14 13 15 13 17 13 5 14 7 14 9 14 11 14 13 14 15 14 17 14 7 15 8 15 9 15 13 15 14 15 7 17 8 17 9 17 14 17 11 20 11 21
< RES 137 93 1
> REQ 137 94 1
> VAMPIRE 2 15 4 2 1 2 0
> VAMPIRE 1 3 5 2 0 2 0
> VAMPIRE 3 15 18 2 0 2 0
> VAMPIRE 4 1 13 2 1 2 0
> GRENADE 3 13 16 3 2
> GRENADE 1 5 5 4 2
> POWERUP BATTERY -7 13 10 5
> POWERUP BATTERY -7 9 12 5
> BAT1 9 1 7 2 9 2 15 5 20 5 21 5 1 9 1 11 2 13 5 15 5 20 13 20 15 20 5 21
> BAT2 7 5 9 5 2 7 5 7 20 7 21 7 2 9 20 9 21 9 3 11 5 13 20 13 21 13 15 15 17 15 20 15 13 17 11 19 7 20 9 20 7 21 9 21 13 21
> BAT3 11 1 11 2 8 5 14 5 7 7 8 7 9 7 13 7 14 7 15 7 17 7 5 8 7 8 9 8 11 8 13 8 15 8 17 8 5 9 7 9 8 9 9 9 13 9 14 9 15 9 17 9 2 11 8 11 11 11 14 11 19 11 20 11 21 11 7 13 8 13 9 13 13 13 14 13 15 13 17 13 5 14 7 14 9 14 11 14 13 14 15 14 17 14 7 15 8 15 9 15 13 15 14 15 7 17 8 17 9 17 14 17 11 20 11 21
< RES 137 94 1
< MOVE R R
> REQ 137 95 1
> VAMPIRE 2 15 4 2 0 2 0
> VAMPIRE 1 3 7 2 0 2 0
> VAMPIRE 3 15 16 2 0 2 0
> VAMPIRE 4 1 13 2 0 2 0
> GRENADE 3 13 16 2 2
> GRENADE 1 5 5 3 2
> GRENADE 2 15 4 5 2
> GRENADE 4 1 13 5 2
> POWERUP BATTERY -6 13 10 5
> POWERUP BATTERY -6 9 12 5
> BAT1 9 1 7 2 9 2 15 5 20 5 21 5 1 9 1 11 2 13 5 15 5 20 13 20 15 20 5 21
> BAT2 7 5 9 5 2 7 5 7 20 7 21 7 2 9 20 9 21 9 3 11 5 13 20 13 21 13 15 15 17 15 20 15 13 17 11 19 7 20 9 20 7 21 9 21 13 21
> BAT3 11 1 11 2 8 5 14 5 7 7 8 7 9 7 13 7 14 7 15 7 17 7 5 8 7 8 9 8 11 8 13 8 15 8 17 8 5 9 7 9 8 9 9 9 13 9 14 9 15 9 17 9 2 11 8 11 11 11 14 11 19 11 20 11 21 11 7 13 8 13 9 13 13 13 14 13 15 13 17 13 5 14 7 14 9 14 11 14 13 14 15 14 17 14 7 15 8 15 9 15 13 15 14 15 7 17 8 17 9 17 14 17 11 20 11 21
< RES 137 95 1
< MOVE R R
> REQ 137 96 1
> VAMPIRE 2 15 4 2 0 2 0
> VAMPIRE 1 3 9 2 0 2 0
> VAMPIRE 3 15 16 2 0 2 0
> VAMPIRE 4 1 12 2 0 2 0
> GRENADE 3 13 16 1 2
> GRENADE 1 5 5 2 2
> GRENADE 2 15 6 4 2
> GRENADE 4 3 13 4 2
> POWERUP BATTERY -5 13 10 5
> POWERUP BATTERY -5 9 12 5
> BAT1 9 1 7 2 9 2 15 5 20 5 21 5 1 9 1 11 2 13 5 15 5 20 13 20 15 20 5 21
> BAT2 7 5 9 5 2 7 5 7 20 7 21 7 2 9 20 9 21 9 3 11 5 13 20 13 21 13 15 15 17 15 20 15 13 17 11 19 7 20 9 20 7 21 9 21 13 21
> BAT3 11 1 11 2 8 5 14 5 7 7 8 7 9 7 13 7 14 7 15 7 17 7 5 8 7 8 9 8 11 8 13 8 15 8 17 8 5 9 7 9 8 9 9 9 13 9 14 9 15 9 17 9 2 11 8 11 11 11 14 11 19 11 20 11 21 11 7 13 8 13 9 13 13 13 14 13 15 13 17 13 5 14 7 14 9 14 11 14 13 14 15 14 17 14 7 15 8 15 9 15 13 15 14 15 7 17 8 17 9 17 14 17 11 20 11 21
< RES 137 96 1
< MOVE D
> REQ 137 97 1
> VAMPIRE 2 15 4 2 0 2 0
> VAMPIRE 1 4 9 2 0 2 0
> VAMPIRE 3 15 16 2 1 2 0
> VAMPIRE 4 1 12 2 0 2 0
> GRENADE 1 5 5 1 2
> GRENADE 2 15 6 3 2
> GRENADE 4 3 13 3 2
> POWERUP BATTERY -4 13 10 5
> POWERUP BATTERY -4 9 12 5
> BAT1 9 1 7 2 9 2 15 5 20 5 21 5 1 9 1 11 2 13 5 15 13 17 5 20 13 20 15 20 5 21
> BAT2 7 5 9 5 2 7 5 7 20 7 21 7 2 9 20 9 21 9 3 11 5 13 20 13 21 13 13 15 15 15 17 15 20 15 11 19 7 20 9 20 7 21 9 21 13 21
> BAT3 11 1 11 2 8 5 14 5 7 7 8 7 9 7 13 7 14 7 15 7 17 7 5 8 7 8 9 8 11 8 13 8 15 8 17 8 5 9 7 9 8 9 9 9 13 9 14 9 15 9 17 9 2 11 8 11 11 11 14 11 19 11 20 11 21 11 7 13 8 13 9 13 13 13 14 13 15 13 17 13 5 14 7 14 9 14 11 14 13 14 15 14 17 14 7 15 8 15 9 15 14 15 7 17 8 17 9 17 14 17 11 20 11 21
< RES 137 97 1
< MOVE U
> REQ 137 98 1
> VAMPIRE 2 15 4 2 0 2 0
> VAMPIRE 1 3 9 2 1 2 0
> VAMPIRE 3 15 17 2 1 2 0
> VAMPIRE 4 1 12 2 0 2 0
> GRENADE 2 15 6 2 2
> GRENADE 4 3 13 2 2
> POWERUP BATTERY -3 13 10 5
> POWERUP BATTERY -3 9 12 5
> BAT1 9 1 7 2 9 2 7 5 15 5 20 5 21 5 5 7 1 9 1 11 2 13 5 15 13 17 5 20 13 20 15 20 5 21
> BAT2 9 5 2 7 20 7 21 7 2 9 20 9 21 9 3 11 5 13 20 13 21 13 13 15 15 15 17 15 20 15 11 19 7 20 9 20 7 21 9 21 13 21
> BAT3 11 1 11 2 8 5 14 5 7 7 8 7 9 7 13 7 14 7 15 7 17 7 5 8 7 8 9 8 11 8 13 8 15 8 17 8 5 9 7 9 8 9 9 9 13 9 14 9 15 9 17 9 2 11 8 11 11 11 14 11 19 11 20 11 21 11 7 13 8 13 9 13 13 13 14 13 15 13 17 13 5 14 7 14 9 14 11 14 13 14 15 14 17 14 7 15 8 15 9 15 14 15 7 17 8 17 9 17 14 17 11 20 11 21
< RES 137 98 1
< GRENADE
< MOVE L L
> REQ 137 99 1
> VAMPIRE 2 15 4 2 0 2 0
> VAMPIRE 1 3 7 2 0 2 0
> VAMPIRE 3 15 17 2 0 2 0
> VAMPIRE 4 1 12 2 0 2 0
> GRENADE 2 15 6 1 2
> GRENADE 4 3 13 1 2
> GRENADE 1 3 9 5 2
> GRENADE 3 15 17 5 2
> POWERUP BATTERY -2 13 10 5
> POWERUP BATTERY -2 9 12 5
> BAT1 9 1 7 2 9 2 7 5 15 5 20 5 21 5 5 7 1 9 1 11 2 13 5 15 13 17 5 20 13 20 15 20 5 21
> BAT2 9 5 2 7 20 7 21 7 2 9 20 9 21 9 3 11 5 13 20 13 21 13 13 15 15 15 17 15 20 15 11 19 7 20 9 20 7 21 9 21 13 21
> BAT3 11 1 11 2 8 5 14 5 7 7 8 7 9 7 13 7 14 7 15 7 17 7 5 8 7 8 9 8 11 8 13 8 15 8 17 8 5 9 7 9 8 9 9 9 13 9 14 9 15 9 17 9 2 11 8 11 11 11 14 11 19 11 20 11 21 11 7 13 8 13 9 13 13 13 14 13 15 13 17 13 5 14 7 14 9 14 11 14 13 14 15 14 17 14 7 15 8 15 9 15 14 15 7 17 8 17 9 17 14 17 11 20 11 21
< RES 137 99 1
< MOVE L L
> REQ 137 100 1
> VAMPIRE 2 15 4 2 1 2 0
> VAMPIRE 1 3 5 2 0 2 0
> VAMPIRE 3 16 17 2 0 2 0
> VAMPIRE 4 1 12 2 1 2 0
> GRENADE 1 3 9 4 2
> GRENADE 3 15 17 4 2
> POWERUP BATTERY -1 13 10 5
> POWERUP BATTERY -1 9 12 5
> BAT1 9 1 7 2 9 2 7 5 20 5 21 5 5 7 1 9 1 11 3 11 5 13 5 15 13 17 5 20 13 20 15 20 5 21
> BAT2 9 5 2 7 15 7 20 7 21 7 2 9 20 9 21 9 20 13 21 13 13 15 15 15 17 15 20 15 11 19 7 20 9 20 7 21 9 21 13 21
> BAT3 11 1 11 2 8 5 14 5 7 7 8 7 9 7 13 7 14 7 17 7 5 8 7 8 9 8 11 8 13 8 15 8 17 8 5 9 7 9 8 9 9 9 13 9 14 9 15 9 17 9 2 11 8 11 11 11 14 11 19 11 20 11 21 11 7 13 8 13 9 13 13 13 14 13 15 13 17 13 5 14 7 14 9 14 11 14 13 14 15 14 17 14 7 15 8 15 9 15 14 15 7 17 8 17 9 17 14 17 11 20 11 21
< RES 137 100 1
< MOVE D D
> REQ 137 101 1
> VAMPIRE 2 15 5 2 1 2 0
> VAMPIRE 1 5 5 2 0 2 0
> VAMPIRE 3 17 16 2 0 2 0
> VAMPIRE 4 1 12 2 0 2 0
> GRENADE 1 3 9 3 2
> GRENADE 3 15 17 3 2
> GRENADE 4 1 12 5 2
> POWERUP BATTERY 13 13 10 5
> POWERUP BATTERY 13 9 12 5
> BAT1 9 1 7 2 9 2 7 5 20 5 21 5 5 7 1 9 1 11 3 11 5 13 5 15 13 17 5 20 13 20 15 20 5 21
> BAT2 9 5 2 7 15 7 20 7 21 7 2 9 20 9 21 9 20 13 21 13 13 15 15 15 17 15 20 15 11 19 7 20 9 20 7 21 9 21 13 21
> BAT3 11 1 11 2 8 5 14 5 7 7 8 7 9 7 13 7 14 7 17 7 5 8 7 8 9 8 11 8 13 8 15 8 17 8 5 9 7 9 8 9 9 9 13 9 14 9 15 9 17 9 2 11 8 11 11 11 14 11 19 11 20 11 21 11 7 13 8 13 9 13 13 13 14 13 15 13 17 13 5 14 7 14 9 14 11 14 13 14 15 14 17 14 7 15 8 15 9 15 14 15 7 17 8 17 9 17 14 17 11 20 11 21
< RES 137 101 1
< MOVE L L
> REQ 137 102 1
> VAMPIRE 2 15 5 2 0 2 0
> VAMPIRE 1 5 3 2 0 2 0
> VAMPIRE 3 17 16 2 0 2 0
> VAMPIRE 4 1 12 2 0 2 0
> GRENADE 1 3 9 2 2
> GRENADE 3 15 17 2 2
> GRENADE 4 1 10 4 2
> GRENADE 2 15 5 5 2
> POWERUP BATTERY 12 13 10 5
> POWERUP BATTERY 12 9 12 5
> BAT1 9 1 7 2 9 2 7 5 20 5 21 5 5 7 1 9 1 11 3 11 5 13 5 15 13 17 5 20 13 20 15 20 5 21
> BAT2 9 5 2 7 15 7 20 7 21 7 2 9 20 9 21 9 20 13 21 13 13 15 15 15 17 15 20 15 11 19 7 20 9 20 7 21 9 21 13 21
> BAT3 11 1 11 2 8 5 14 5 7 7 8 7 9 7 13 7 14 7 17 7 5 8 7 8 9 8 11 8 13 8 15 8 17 8 5 9 7 9 8 9 9 9 13 9 14 9 15 9 17 9 2 11 8 11 11 11 14 11 19 11 20 11 21 11 7 13 8 13 9 13 13 13 14 13 15 13 17 13 5 14 7 14 9 14 11 14 13 14 15 14 17 14 7 15 8 15 9 15 14 15 7 17 8 17 9 17 14 17 11 20 11 21
< RES 137 102 1
< MOVE D D
> REQ 137 103 1
> VAMPIRE 2 15 5 2 0 2 0
> VAMPIRE 1 7 3 2 0 2 0
> VAMPIRE 3 17 16 2 0 2 0
> VAMPIRE 4 1 12 2 0 2 0
> GRENADE 1 3 9 1 2
> GRENADE 3 15 17 1 2
> GRENADE 4 1 10 3 2
> GRENADE 2 13 5 4 2
> POWERUP BATTERY 11 13 10 5
> POWERUP BATTERY 11 9 12 5
> BAT1 9 1 7 2 9 2 7 5 20 5 21 5 5 7 1 9 1 11 3 11 5 13 5 15 13 17 5 20 13 20 15 20 5 21
> BAT2 9 5 2 7 15 7 20 7 21 7 2 9 20 9 21 9 20 13 21 13 13 15 15 15 17 15 20 15 11 19 7 20 9 20 7 21 9 21 13 21
> BAT3 11 1 11 2 8 5 14 5 7 7 8 7 9 7 13 7 14 7 17 7 5 8 7 8 9 8 11 8 13 8 15 8 17 8 5 9 7 9 8 9 9 9 13 9 14 9 15 9 17 9 2 11 8 11 11 11 14 11 19 11 20 11 21 11 7 13 8 13 9 13 13 13 14 13 15 13 17 13 5 14 7 14 9 14 11 14 13 14 15 14 17 14 7 15 8 15 9 15 14 15 7 17 8 17 9 17 14 17 11 20 11 21
< RES 137 103 1
< MOVE D D
> REQ 137 104 1
> VAMPIRE 2 15 5 2 0 2 0
> VAMPIRE 1 9 3 2 1 2 0
> VAMPIRE 3 17 16 2 1 2 0
> VAMPIRE 4 1 12 2 0 2 0
> GRENADE 4 1 10 2 2
> GRENADE 2 13 5 3 2
> POWERUP BATTERY 10 13 10 5
> POWERUP BATTERY 10 9 12 5
> BAT1 9 1 7 2 9 2 7 5 20 5 21 5 5 7 1 9 2 9 1 11 5 13 5 15 15 15 13 17 5 20 13 20 15 20 5 21
> BAT2 9 5 2 7 15 7 20 7 21 7 5 9 20 9 21 9 20 13 21 13 13 15 17 15 20 15 14 17 11 19 7 20 9 20 7 21 9 21 13 21
> BAT3 11 1 11 2 8 5 14 5 7 7 8 7 9 7 13 7 14 7 17 7 5 8 7 8 9 8 11 8 13 8 15 8 17 8 7 9 8 9 9 9 13 9 14 9 15 9 17 9 2 11 8 11 11 11 14 11 19 11 20 11 21 11 7 13 8 13 9 13 13 13 14 13 15 13 17 13 5 14 7 14 9 14 11 14 13 14 15 14 17 14 7 15 8 15 9 15 14 15 7 17 8 17 9 17 11 20 11 21
< RES 137 104 1
< GRENADE
< MOVE D D
> REQ 137 105 1
> VAMPIRE 2 15 5 2 0 2 0
> VAMPIRE 1 11 3 2 0 2 0
> VAMPIRE 3 16 17 2 1 2 0
> VAMPIRE 4 1 12 2 0 2 0
> GRENADE 4 1 10 1 2
> GRENADE 2 13 5 2 2
> GRENADE 1 9 3 5 2
> POWERUP BATTERY 9 13 10 5
> POWERUP BATTERY 9 9 12 5
> BAT1 9 1 7 2 9 2 7 5 20 5 21 5 5 7 1 9 2 9 1 11 5 13 5 15 15 15 13 17 5 20 13 20 15 20 5 21
> BAT2 9 5 2 7 15 7 20 7 21 7 5 9 20 9 21 9 20 13 21 13 13 15 17 15 20 15 14 17 11 19 7 20 9 20 7 21 9 21 13 21
> BAT3 11 1 11 2 8 5 14 5 7 7 8 7 9 7 13 7 14 7 17 7 5 8 7 8 9 8 11 8 13 8 15 8 17 8 7 9 8 9 9 9 13 9 14 9 15 9 17 9 2 11 8 11 11 11 14 11 19 11 20 11 21 11 7 13 8 13 9 13 13 13 14 13 15 13 17 13 5 14 7 14 9 14 11 14 13 14 15 14 17 14 7 15 8 15 9 15 14 15 7 17 8 17 9 17 11 20 11 21
< RES 137 105 1
< MOVE D
> REQ 137 106 1
> VAMPIRE 2 15 5 2 0 2 0
> VAMPIRE 1 12 3 2 0 2 0
> VAMPIRE 3 15 17 2 1 2 0
> VAMPIRE 4 1 12 2 1 2 0
> GRENADE 2 13 5 1 2
> GRENADE 1 9 3 4 2
> POWERUP BATTERY 8 13 10 5
> POWERUP BATTERY 8 9 12 5
> BAT1 9 1 7 2 9 2 7 5 20 5 21 5 5 7 2 9 5 13 5 15 15 15 13 17 5 20 13 20 15 20 5 21
> BAT2 9 5 2 7 15 7 20 7 21 7 5 9 20 9 21 9 20 13 21 13 13 15 17 15 20 15 14 17 11 19 7 20 9 20 7 21 9 21 13 21
> BAT3 11 1 11 2 8 5 14 5 7 7 8 7 9 7 13 7 14 7 17 7 5 8 7 8 9 8 11 8 13 8 15 8 17 8 7 9 8 9 9 9 13 9 14 9 15 9 17 9 2 11 8 11 11 11 14 11 19 11 20 11 21 11 7 13 8 13 9 13 13 13 14 13 15 13 17 13 5 14 7 14 9 14 11 14 13 14 15 14 17 14 7 15 8 15 9 15 14 15 7 17 8 17 9 17 11 20 11 21
< RES 137 106 1
< MOVE D R
> REQ 137 107 1
> VAMPIRE 2 15 5 2 1 2 0
> VAMPIRE 1 13 4 2 0 2 0
> VAMPIRE 3 15 17 2 0 2 0
> VAMPIRE 4 1 10 2 1 2 0
> GRENADE 1 9 3 3 2
> GRENADE 3 15 17 5 2
> POWERUP BATTERY 7 13 10 5
> POWERUP BATTERY 7 9 12 5
> BAT1 9 1 7 2 9 2 7 5 20 5 21 5 5 7 2 9 5 13 5 15 15 15 13 17 5 20 13 20 15 20 5 21
> BAT2 9 5 14 5 2 7 13 7 15 7 20 7 21 7 5 9 20 9 21 9 20 13 21 13 13 15 17 15 20 15 14 17 11 19 7 20 9 20 7 21 9 21 13 21
> BAT3 11 1 11 2 8 5 7 7 8 7 9 7 14 7 17 7 5 8 7 8 9 8 11 8 13 8 15 8 17 8 7 9 8 9 9 9 13 9 14 9 15 9 17 9 2 11 8 11 11 11 14 11 19 11 20 11 21 11 7 13 8 13 9 13 13 13 14 13 15 13 17 13 5 14 7 14 9 14 11 14 13 14 15 14 17 14 7 15 8 15 9 15 14 15 7 17 8 17 9 17 11 20 11 21
< RES 137 107 1
< MOVE R R
> REQ 137 108 1
> VAMPIRE 2 15 5 2 0 2 0
> VAMPIRE 1 13 6 2 0 2 0
> VAMPIRE 3 16 17 2 0 2 0
> VAMPIRE 4 1 8 2 1 2 0
> GRENADE 1 9 3 2 2
> GRENADE 3 15 17 4 2
> GRENADE 2 15 5 5 2
> POWERUP BATTERY 6 13 10 5
> POWERUP BATTERY 6 9 12 5
> BAT1 9 1 7 2 9 2 7 5 20 5 21 5 5 7 2 9 5 13 5 15 15 15 13 17 5 20 13 20 15 20 5 21
> BAT2 9 5 14 5 2 7 13 7 15 7 20 7 21 7 5 9 20 9 21 9 20 13 21 13 13 15 17 15 20 15 14 17 11 19 7 20 9 20 7 21 9 21 13 21
> BAT3 11 1 11 2 8 5 7 7 8 7 9 7 14 7 17 7 5 8 7 8 9 8 11 8 13 8 15 8 17 8 7 9 8 9 9 9 13 9 14 9 15 9 17 9 2 11 8 11 11 11 14 11 19 11 20 11 21 11 7 13 8 13 9 13 13 13 14 13 15 13 17 13 5 14 7 14 9 14 11 14 13 14 15 14 17 14 7 15 8 15 9 15 14 15 7 17 8 17 9 17 11 20 11 21
< RES 137 108 1
> REQ 137 109 1
> VAMPIRE 2 15 5 2 0 2 0
> VAMPIRE 1 13 6 2 0 2 0
> VAMPIRE 3 17 16 2 0 2 0
> VAMPIRE 4 1 6 2 1 2 0
> GRENADE 1 9 3 1 2
> GRENADE 3 15 17 3 2
> GRENADE 2 13 5 4 2
> POWERUP BATTERY 5 13 10 5
> POWERUP BATTERY 5 9 12 5
> BAT1 9 1 7 2 9 2 7 5 20 5 21 5 5 7 2 9 5 13 5 15 15 15 13 17 5 20 13 20 15 20 5 21
> BAT2 9 5 14 5 2 7 13 7 15 7 20 7 21 7 5 9 20 9 21 9 20 13 21 13 13 15 17 15 20 15 14 17 11 19 7 20 9 20 7 21 9 21 13 21
> BAT3 11 1 11 2 8 5 7 7 8 7 9 7 14 7 17 7 5 8 7 8 9 8 11 8 13 8 15 8 17 8 7 9 8 9 9 9 13 9 14 9 15 9 17 9 2 11 8 11 11 11 14 11 19 11 20 11 21 11 7 13 8 13 9 13 13 13 14 13 15 13 17 13 5 14 7 14 9 14 11 14 13 14 15 14 17 14 7 15 8 15 9 15 14 15 7 17 8 17 9 17 11 20 11 21
< RES 137 109 1
> REQ 137 110 1
> VAMPIRE 2 15 5 2 0 2 0
> VAMPIRE 1 13 6 2 1 2 0
> VAMPIRE 3 17 16 2 0 2 0
> VAMPIRE 4 1 5 2 1 2 0
> GRENADE 3 15 17 2 2
> GRENADE 2 13 5 3 2
> POWERUP BATTERY 4 13 10 5
> POWERUP BATTERY 4 9 12 5
> BAT1 9 1 7 2 7 5 9 5 20 5 21 5 5 7 2 9 5 13 5 15 15 15 13 17 5 20 13 20 15 20 5 21
> BAT2 14 5 2 7 13 7 15 7 20 7 21 7 5 9 20 9 21 9 20 13 21 13 13 15 17 15 20 15 14 17 11 19 7 20 9 20 7 21 9 21 13 21
> BAT3 11 1 11 2 8 5 7 7 8 7 9 7 14 7 17 7 5 8 7 8 9 8 11 8 13 8 15 8 17 8 7 9 8 9 9 9 13 9 14 9 15 9 17 9 2 11 8 11 11 11 14 11 19 11 20 11 21 11 7 13 8 13 9 13 13 13 14 13 15 13 17 13 5 14 7 14 9 14 11 14 13 14 15 14 17 14 7 15 8 15 9 15 14 15 7 17 8 17 9 17 11 20 11 21
< RES 137 110 1
< GRENADE
> REQ 137 111 1
> VAMPIRE 2 15 5 2 0 2 0
> VAMPIRE 1 13 6 2 0 2 0
> VAMPIRE 3 17 16 2 0 2 0
> VAMPIRE 4 3 5 2 1 2 0
> GRENADE 3 15 17 1 2
> GRENADE 2 13 5 2 2
> GRENADE 1 13 6 5 2
> POWERUP BATTERY 3 13 10 5
> POWERUP BATTERY 3 9 12 5
> BAT1 9 1 7 2 7 5 9 5 20 5 21 5 5 7 2 9 5 13 5 15 15 15 13 17 5 20 13 20 15 20 5 21
> BAT2 14 5 2 7 13 7 15 7 20 7 21 7 5 9 20 9 21 9 20 13 21 13 13 15 17 15 20 15 14 17 11 19 7 20 9 20 7 21 9 21 13 21
> BAT3 11 1 11 2 8 5 7 7 8 7 9 7 14 7 17 7 5 8 7 8 9 8 11 8 13 8 15 8 17 8 7 9 8 9 9 9 13 9 14 9 15 9 17 9 2 11 8 11 11 11 14 11 19 11 20 11 21 11 7 13 8 13 9 13 13 13 14 13 15 13 17 13 5 14 7 14 9 14 11 14 13 14 15 14 17 14 7 15 8 15 9 15 14 15 7 17 8 17 9 17 11 20 11 21
< RES 137 111 1
> REQ 137 112 1
> VAMPIRE 2 15 5 2 0 2 0
> VAMPIRE 1 13 6 2 0 2 0
> VAMPIRE 3 17 16 2 1 2 0
> VAMPIRE 4 3 7 2 1 2 0
> GRENADE 2 13 5 1 2
> GRENADE 1 13 6 4 2
> POWERUP BATTERY 2 13 10 5
> POWERUP BATTERY 2 9 12 5
> BAT1 9 1 7 2 7 5 9 5 20 5 21 5 5 7 2 9 5 13 5 15 13 17 14 17 5 20 13 20 15 20 5 21
> BAT2 14 5 2 7 13 7 15 7 20 7 21 7 5 9 20 9 21 9 20 13 21 13 13 15 17 15 20 15 11 19 7 20 9 20 7 21 9 21 13 21
> BAT3 11 1 11 2 8 5 7 7 8 7 9 7 14 7 17 7 5 8 7 8 9 8 11 8 13 8 15 8 17 8 7 9 8 9 9 9 13 9 14 9 15 9 17 9 2 11 8 11 11 11 14 11 19 11 20 11 21 11 7 13 8 13 9 13 13 13 14 13 15 13 17 13 5 14 7 14 9 14 11 14 13 14 15 14 17 14 7 15 8 15 9 15 14 15 7 17 8 17 9 17 11 20 11 21
< RES 137 112 1
> REQ 137 113 1
> VAMPIRE 2 15 5 2 1 2 0
> VAMPIRE 1 13 6 1 1 2 0
> VAMPIRE 3 17 16 2 0 2 0
> VAMPIRE 4 3 7 2 0 2 0
> GRENADE 3 17 16 5 2
> GRENADE 4 3 7 5 2
> POWERUP BATTERY 1 13 10 5
> POWERUP BATTERY 1 9 12 5
> BAT1 9 1 7 2 7 5 9 5 14 5 20 5 21 5 5 7 13 7 2 9 5 13 5 15 13 17 14 17 5 20 13 20 15 20 5 21
> BAT2 2 7 15 7 20 7 21 7 5 9 20 9 21 9 20 13 21 13 13 15 17 15 20 15 11 19 7 20 9 20 7 21 9 21 13 21
> BAT3 11 1 11 2 8 5 7 7 8 7 9 7 14 7 17 7 5 8 7 8 9 8 11 8 13 8 15 8 17 8 7 9 8 9 9 9 13 9 14 9 15 9 17 9 2 11 8 11 11 11 14 11 19 11 20 11 21 11 7 13 8 13 9 13 13 13 14 13 15 13 17 13 5 14 7 14 9 14 11 14 13 14 15 14 17 14 7 15 8 15 9 15 14 15 7 17 8 17 9 17 11 20 11 21
< RES 137 113 1
< MOVE L
> REQ 137 114 1
> VAMPIRE 2 15 5 2 0 2 0
> VAMPIRE 1 13 5 1 1 2 0
> VAMPIRE 3 17 16 2 0 2 0
> VAMPIRE 4 3 5 2 0 2 0
> GRENADE 3 15 16 4 2
> GRENADE 4 3 9 4 2
> GRENADE 2 15 5 5 2
> BAT1 9 1 7 2 7 5 9 5 14 5 20 5 21 5 5 7 13 7 2 9 5 13 5 15 13 17 14 17 5 20 13 20 15 20 5 21
> BAT2 2 7 15 7 20 7 21 7 5 9 20 9 21 9 20 13 21 13 13 15 17 15 20 15 11 19 7 20 9 20 7 21 9 21 13 21
> BAT3 11 1 11 2 8 5 7 7 8 7 9 7 14 7 17 7 5 8 7 8 9 8 11 8 13 8 15 8 17 8 7 9 8 9 9 9 13 9 14 9 15 9 17 9 2 11 8 11 11 11 14 11 19 11 20 11 21 11 7 13 8 13 9 13 13 13 14 13 15 13 17 13 5 14 7 14 9 14 11 14 13 14 15 14 17 14 7 15 8 15 9 15 14 15 7 17 8 17 9 17 11 20 11 21
< RES 137 114 1
< GRENADE
< MOVE U U
> REQ 137 115 1
> WARN Inactive player cannot put grenade ; GRENADE
> VAMPIRE 2 15 5 2 0 2 0
> VAMPIRE 1 11 5 1 1 2 0
> VAMPIRE 3 17 16 2 0 2 0
> VAMPIRE 4 1 5 2 0 2 0
> GRENADE 3 15 16 3 2
> GRENADE 4 3 9 3 2
> GRENADE 2 13 5 4 2
> POWERUP TOMATO -9 12 13 5
> POWERUP TOMATO -9 10 9 5
> BAT1 9 1 7 2 7 5 9 5 14 5 20 5 21 5 5 7 13 7 2 9 5 13 5 15 13 17 14 17 5 20 13 20 15 20 5 21
> BAT2 2 7 15 7 20 7 21 7 5 9 20 9 21 9 20 13 21 13 13 15 17 15 20 15 11 19 7 20 9 20 7 21 9 21 13 21
> BAT3 11 1 11 2 8 5 7 7 8 7 9 7 14 7 17 7 5 8 7 8 9 8 11 8 13 8 15 8 17 8 7 9 8 9 9 9 13 9 14 9 15 9 17 9 2 11 8 11 11 11 14 11 19 11 20 11 21 11 7 13 8 13 9 13 13 13 14 13 15 13 17 13 5 14 7 14 9 14 11 14 13 14 15 14 17 14 7 15 8 15 9 15 14 15 7 17 8 17 9 17 11 20 11 21
< RES 137 115 1
< GRENADE
> REQ 137 116 1
> WARN Inactive player cannot put grenade ; GRENADE
> VAMPIRE 2 15 5 2 0 2 0
> VAMPIRE 1 11 5 1 1 2 0
> VAMPIRE 3 17 16 2 0 2 0
> VAMPIRE 4 1 3 2 0 2 0
> GRENADE 3 15 16 2 2
> GRENADE 4 3 9 2 2
> GRENADE 2 13 5 3 2
> POWERUP TOMATO -8 12 13 5
> POWERUP TOMATO -8 10 9 5
> BAT1 9 1 7 2 7 5 9 5 14 5 20 5 21 5 5 7 13 7 2 9 5 13 5 15 13 17 14 17 5 20 13 20 15 20 5 21
> BAT2 2 7 15 7 20 7 21 7 5 9 20 9 21 9 20 13 21 13 13 15 17 15 20 15 11 19 7 20 9 20 7 21 9 21 13 21
> BAT3 11 1 11 2 8 5 7 7 8 7 9 7 14 7 17 7 5 8 7 8 9 8 11 8 13 8 15 8 17 8 7 9 8 9 9 9 13 9 14 9 15 9 17 9 2 11 8 11 11 11 14 11 19 11 20 11 21 11 7 13 8 13 9 13 13 13 14 13 15 13 17 13 5 14 7 14 9 14 11 14 13 14 15 14 17 14 7 15 8 15 9 15 14 15 7 17 8 17 9 17 11 20 11 21
< RES 137 116 1
< GRENADE
> REQ 137 117 1
> VAMPIRE 2 15 5 2 0 2 0
> VAMPIRE 1 11 5 1 0 2 0
> VAMPIRE 3 17 16 2 0 2 0
> VAMPIRE 4 1 1 2 0 2 0
> GRENADE 3 15 16 1 2
> GRENADE 4 3 9 1 2
> GRENADE 2 13 5 2 2
> GRENADE 1 11 5 5 2
> POWERUP TOMATO -7 12 13 5
> POWERUP TOMATO -7 10 9 5
> BAT1 9 1 7 2 7 5 9 5 14 5 20 5 21 5 5 7 13 7 2 9 5 13 5 15 13 17 14 17 5 20 13 20 15 20 5 21
> BAT2 2 7 15 7 20 7 21 7 5 9 20 9 21 9 20 13 21 13 13 15 17 15 20 15 11 19 7 20 9 20 7 21 9 21 13 21
> BAT3 11 1 11 2 8 5 7 7 8 7 9 7 14 7 17 7 5 8 7 8 9 8 11 8 13 8 15 8 17 8 7 9 8 9 9 9 13 9 14 9 15 9 17 9 2 11 8 11 11 11 14 11 19 11 20 11 21 11 7 13 8 13 9 13 13 13 14 13 15 13 17 13 5 14 7 14 9 14 11 14 13 14 15 14 17 14 7 15 8 15 9 15 14 15 7 17 8 17 9 17 11 20 11 21
< RES 137 117 1
< MOVE U
> WARN Wrong header, expected: RES 137 118 1 ; RES 137 117 1
> END 309.24 No_competitor_left