> MESSAGE OK
> LEVEL 5
> GAMEID 153
> TEST 1
> MAXTICK 800
> GRENADERADIUS 2
> SIZE 17
> REQ 153 0 1
> VAMPIRE 2 15 1 3 1 2 0
> VAMPIRE 3 15 15 3 1 2 0
> VAMPIRE 1 1 1 3 1 2 0
> VAMPIRE 4 1 15 3 1 2 0
> BAT1 3 1 5 3 10 3 15 3 7 4 9 5 13 5 3 6 5 7 12 7 4 9 11 9 13 10 3 11 7 11 9 12 1 13 6 13 11 13 13 15
> BAT2 4 1 11 1 11 2 4 3 9 3 5 4 13 4 15 4 1 5 2 5 12 5 7 6 3 7 8 7 10 7 7 8 9 8 6 9 8 9 13 9 9 10 4 11 14 11 15 11 1 12 3 12 11 12 7 13 12 13 5 14 5 15 12 15
> BAT3 6 1 7 1 3 2 3 3 13 3 14 3 5 5 11 5 15 6 15 7 1 9 1 10 5 11 11 11 2 13 3 13 13 13 13 14 9 15 10 15
< RES 153 0 1
< MOVE D
> REQ 153 1 1
> VAMPIRE 2 13 1 3 1 2 0
> VAMPIRE 3 15 13 3 1 2 0
> VAMPIRE 1 2 1 3 1 2 0
> VAMPIRE 4 3 15 3 1 2 0
> BAT1 3 1 5 3 10 3 15 3 7 4 9 5 13 5 3 6 5 7 12 7 4 9 11 9 13 10 3 11 7 11 9 12 1 13 6 13 11 13 13 15
> BAT2 4 1 11 1 11 2 4 3 9 3 5 4 13 4 15 4 1 5 2 5 12 5 7 6 3 7 8 7 10 7 7 8 9 8 6 9 8 9 13 9 9 10 4 11 14 11 15 11 1 12 3 12 11 12 7 13 12 13 5 14 5 15 12 15
> BAT3 6 1 7 1 3 2 3 3 13 3 14 3 5 5 11 5 15 6 15 7 1 9 1 10 5 11 11 11 2 13 3 13 13 13 13 14 9 15 10 15
< RES 153 1 1
< GRENADE
> REQ 153 2 1
> VAMPIRE 2 13 1 3 0 2 0
> VAMPIRE 3 15 13 3 0 2 0
> VAMPIRE 1 2 1 3 0 2 0
> VAMPIRE 4 3 15 3 0 2 0
> GRENADE 1 2 1 5 2
> GRENADE 2 13 1 5 2
> GRENADE 3 15 13 5 2
> GRENADE 4 3 15 5 2
> BAT1 3 1 5 3 10 3 15 3 7 4 9 5 13 5 3 6 5 7 12 7 4 9 11 9 13 10 3 11 7 11 9 12 1 13 6 13 11 13 13 15
> BAT2 4 1 11 1 11 2 4 3 9 3 5 4 13 4 15 4 1 5 2 5 12 5 7 6 3 7 8 7 10 7 7 8 9 8 6 9 8 9 13 9 9 10 4 11 14 11 15 11 1 12 3 12 11 12 7 13 12 13 5 14 5 15 12 15
> BAT3 6 1 7 1 3 2 3 3 13 3 14 3 5 5 11 5 15 6 15 7 1 9 1 10 5 11 11 11 2 13 3 13 13 13 13 14 9 15 10 15
< RES 153 2 1
< MOVE U
> REQ 153 3 1
> VAMPIRE 2 14 1 3 0 2 0
> VAMPIRE 3 15 15 3 0 2 0
> VAMPIRE 1 1 1 3 0 2 0
> VAMPIRE 4 1 15 3 0 2 0
> GRENADE 1 5 1 4 2
> GRENADE 2 13 1 4 2
> GRENADE 3 15 13 4 2
> GRENADE 4 3 15 4 2
> BAT1 3 1 5 3 10 3 15 3 7 4 9 5 13 5 3 6 5 7 12 7 4 9 11 9 13 10 3 11 7 11 9 12 1 13 6 13 11 13 13 15
> BAT2 4 1 11 1 11 2 4 3 9 3 5 4 13 4 15 4 1 5 2 5 12 5 7 6 3 7 8 7 10 7 7 8 9 8 6 9 8 9 13 9 9 10 4 11 14 11 15 11 1 12 3 12 11 12 7 13 12 13 5 14 5 15 12 15
> BAT3 6 1 7 1 3 2 3 3 13 3 14 3 5 5 11 5 15 6 15 7 1 9 1 10 5 11 11 11 2 13 3 13 13 13 13 14 9 15 10 15
< RES 153 3 1
< MOVE R R
> REQ 153 4 1
> VAMPIRE 2 15 2 3 0 2 0
> VAMPIRE 3 14 15 3 0 2 0
> VAMPIRE 1 1 3 3 0 2 0
> VAMPIRE 4 1 14 3 0 2 0
> GRENADE 1 5 1 3 2
> GRENADE 2 13 1 3 2
> GRENADE 3 15 13 3 2
> GRENADE 4 3 15 3 2
> BAT1 3 1 5 3 10 3 15 3 7 4 9 5 13 5 3 6 5 7 12 7 4 9 11 9 13 10 3 11 7 11 9 12 1 13 6 13 11 13 13 15
> BAT2 4 1 11 1 11 2 4 3 9 3 5 4 13 4 15 4 1 5 2 5 12 5 7 6 3 7 8 7 10 7 7 8 9 8 6 9 8 9 13 9 9 10 4 11 14 11 15 11 1 12 3 12 11 12 7 13 12 13 5 14 5 15 12 15
> BAT3 6 1 7 1 3 2 3 3 13 3 14 3 5 5 11 5 15 6 15 7 1 9 1 10 5 11 11 11 2 13 3 13 13 13 13 14 9 15 10 15
< RES 153 4 1
> REQ 153 5 1
> VAMPIRE 2 15 2 3 0 2 0
> VAMPIRE 3 14 15 3 0 2 0
> VAMPIRE 1 1 3 3 0 2 0
> VAMPIRE 4 1 14 3 0 2 0
> GRENADE 1 5 1 2 2
> GRENADE 2 13 1 2 2
> GRENADE 3 15 13 2 2
> GRENADE 4 3 15 2 2
> BAT1 3 1 5 3 10 3 15 3 7 4 9 5 13 5 3 6 5 7 12 7 4 9 11 9 13 10 3 11 7 11 9 12 1 13 6 13 11 13 13 15
> BAT2 4 1 11 1 11 2 4 3 9 3 5 4 13 4 15 4 1 5 2 5 12 5 7 6 3 7 8 7 10 7 7 8 9 8 6 9 8 9 13 9 9 10 4 11 14 11 15 11 1 12 3 12 11 12 7 13 12 13 5 14 5 15 12 15
> BAT3 6 1 7 1 3 2 3 3 13 3 14 3 5 5 11 5 15 6 15 7 1 9 1 10 5 11 11 11 2 13 3 13 13 13 13 14 9 15 10 15
< RES 153 5 1
> REQ 153 6 1
> VAMPIRE 2 15 2 3 0 2 0
> VAMPIRE 3 14 15 3 0 2 0
> VAMPIRE 1 1 3 3 0 2 0
> VAMPIRE 4 1 14 3 0 2 0
> GRENADE 1 5 1 1 2
> GRENADE 2 13 1 1 2
> GRENADE 3 15 13 1 2
> GRENADE 4 3 15 1 2
> BAT1 3 1 5 3 10 3 15 3 7 4 9 5 13 5 3 6 5 7 12 7 4 9 11 9 13 10 3 11 7 11 9 12 1 13 6 13 11 13 13 15
> BAT2 4 1 11 1 11 2 4 3 9 3 5 4 13 4 15 4 1 5 2 5 12 5 7 6 3 7 8 7 10 7 7 8 9 8 6 9 8 9 13 9 9 10 4 11 14 11 15 11 1 12 3 12 11 12 7 13 12 13 5 14 5 15 12 15
> BAT3 6 1 7 1 3 2 3 3 13 3 14 3 5 5 11 5 15 6 15 7 1 9 1 10 5 11 11 11 2 13 3 13 13 13 13 14 9 15 10 15
< RES 153 6 1
< MOVE R
> REQ 153 7 1
> VAMPIRE 2 15 2 3 1 2 0
> VAMPIRE 3 14 15 3 1 2 0
> VAMPIRE 1 1 4 3 1 2 0
> VAMPIRE 4 1 14 3 1 2 0
> BAT1 3 1 4 1 11 1 10 3 15 3 7 4 9 5 13 5 3 6 5 7 12 7 4 9 11 9 13 10 3 11 7 11 15 11 9 12 1 13 6 13 11 13 5 15 13 15
> BAT2 6 1 11 2 4 3 9 3 13 3 5 4 13 4 15 4 1 5 2 5 12 5 7 6 3 7 8 7 10 7 7 8 9 8 6 9 8 9 13 9 9 10 4 11 14 11 1 12 3 12 11 12 3 13 7 13 12 13 13 13 5 14 12 15
> BAT3 7 1 3 2 3 3 14 3 5 5 11 5 15 6 15 7 1 9 1 10 5 11 11 11 2 13 13 14 9 15 10 15
< RES 153 7 1
< GRENADE
> REQ 153 8 1
> VAMPIRE 2 15 2 3 0 2 0
> VAMPIRE 3 14 15 3 0 2 0
> VAMPIRE 1 1 4 3 0 2 0
> VAMPIRE 4 1 14 3 0 2 0
> GRENADE 1 1 4 5 2
> GRENADE 2 15 2 5 2
> GRENADE 3 14 15 5 2
> GRENADE 4 1 14 5 2
> BAT1 3 1 4 1 11 1 10 3 15 3 7 4 9 5 13 5 3 6 5 7 12 7 4 9 11 9 13 10 3 11 7 11 15 11 9 12 1 13 6 13 11 13 5 15 13 15
> BAT2 6 1 11 2 4 3 9 3 13 3 5 4 13 4 15 4 1 5 2 5 12 5 7 6 3 7 8 7 10 7 7 8 9 8 6 9 8 9 13 9 9 10 4 11 14 11 1 12 3 12 11 12 3 13 7 13 12 13 13 13 5 14 12 15
> BAT3 7 1 3 2 3 3 14 3 5 5 11 5 15 6 15 7 1 9 1 10 5 11 11 11 2 13 13 14 9 15 10 15
< RES 153 8 1
< MOVE L
> REQ 153 9 1
> VAMPIRE 2 15 2 3 0 2 0
> VAMPIRE 3 14 15 3 0 2 0
> VAMPIRE 1 1 3 3 0 2 0
> VAMPIRE 4 1 14 3 0 2 0
> GRENADE 1 1 7 4 2
> GRENADE 2 13 2 4 2
> GRENADE 3 14 13 4 2
> GRENADE 4 3 14 4 2
> BAT1 3 1 4 1 11 1 10 3 15 3 7 4 9 5 13 5 3 6 5 7 12 7 4 9 11 9 13 10 3 11 7 11 15 11 9 12 1 13 6 13 11 13 5 15 13 15
> BAT2 6 1 11 2 4 3 9 3 13 3 5 4 13 4 15 4 1 5 2 5 12 5 7 6 3 7 8 7 10 7 7 8 9 8 6 9 8 9 13 9 9 10 4 11 14 11 1 12 3 12 11 12 3 13 7 13 12 13 13 13 5 14 12 15
> BAT3 7 1 3 2 3 3 14 3 5 5 11 5 15 6 15 7 1 9 1 10 5 11 11 11 2 13 13 14 9 15 10 15
< RES 153 9 1
> REQ 153 10 1
> VAMPIRE 2 15 2 3 0 2 0
> VAMPIRE 3 14 15 3 0 2 0
> VAMPIRE 1 1 3 3 0 2 0
> VAMPIRE 4 1 14 3 0 2 0
> GRENADE 1 1 7 3 2
> GRENADE 2 13 2 3 2
> GRENADE 3 14 13 3 2
> GRENADE 4 3 14 3 2
> BAT1 3 1 4 1 11 1 10 3 15 3 7 4 9 5 13 5 3 6 5 7 12 7 4 9 11 9 13 10 3 11 7 11 15 11 9 12 1 13 6 13 11 13 5 15 13 15
> BAT2 6 1 11 2 4 3 9 3 13 3 5 4 13 4 15 4 1 5 2 5 12 5 7 6 3 7 8 7 10 7 7 8 9 8 6 9 8 9 13 9 9 10 4 11 14 11 1 12 3 12 11 12 3 13 7 13 12 13 13 13 5 14 12 15
> BAT3 7 1 3 2 3 3 14 3 5 5 11 5 15 6 15 7 1 9 1 10 5 11 11 11 2 13 13 14 9 15 10 15
< RES 153 10 1
> REQ 153 11 1
> VAMPIRE 2 15 2 3 0 2 0
> VAMPIRE 3 14 15 3 0 2 0
> VAMPIRE 1 1 3 3 0 2 0
> VAMPIRE 4 1 14 3 0 2 0
> GRENADE 1 1 7 2 2
> GRENADE 2 13 2 2 2
> GRENADE 3 14 13 2 2
> GRENADE 4 3 14 2 2
> BAT1 3 1 4 1 11 1 10 3 15 3 7 4 9 5 13 5 3 6 5 7 12 7 4 9 11 9 13 10 3 11 7 11 15 11 9 12 1 13 6 13 11 13 5 15 13 15
> BAT2 6 1 11 2 4 3 9 3 13 3 5 4 13 4 15 4 1 5 2 5 12 5 7 6 3 7 8 7 10 7 7 8 9 8 6 9 8 9 13 9 9 10 4 11 14 11 1 12 3 12 11 12 3 13 7 13 12 13 13 13 5 14 12 15
> BAT3 7 1 3 2 3 3 14 3 5 5 11 5 15 6 15 7 1 9 1 10 5 11 11 11 2 13 13 14 9 15 10 15
< RES 153 11 1
> REQ 153 12 1
> VAMPIRE 2 15 2 3 0 2 0
> VAMPIRE 3 14 15 3 0 2 0
> VAMPIRE 1 1 3 3 0 2 0
> VAMPIRE 4 1 14 3 0 2 0
> GRENADE 1 1 7 1 2
> GRENADE 2 13 2 1 2
> GRENADE 3 14 13 1 2
> GRENADE 4 3 14 1 2
> BAT1 3 1 4 1 11 1 10 3 15 3 7 4 9 5 13 5 3 6 5 7 12 7 4 9 11 9 13 10 3 11 7 11 15 11 9 12 1 13 6 13 11 13 5 15 13 15
> BAT2 6 1 11 2 4 3 9 3 13 3 5 4 13 4 15 4 1 5 2 5 12 5 7 6 3 7 8 7 10 7 7 8 9 8 6 9 8 9 13 9 9 10 4 11 14 11 1 12 3 12 11 12 3 13 7 13 12 13 13 13 5 14 12 15
> BAT3 7 1 3 2 3 3 14 3 5 5 11 5 15 6 15 7 1 9 1 10 5 11 11 11 2 13 13 14 9 15 10 15
< RES 153 12 1
< MOVE R
> REQ 153 13 1
> VAMPIRE 2 15 2 3 1 2 0
> VAMPIRE 3 14 15 3 1 2 0
> VAMPIRE 1 1 4 3 1 2 0
> VAMPIRE 4 1 14 3 1 2 0
> BAT1 3 1 4 1 11 1 10 3 13 3 15 3 7 4 1 5 9 5 13 5 3 6 3 7 5 7 12 7 4 9 11 9 13 10 3 11 7 11 15 11 9 12 1 13 3 13 6 13 11 13 13 13 5 15 13 15
> BAT2 6 1 11 2 4 3 9 3 5 4 13 4 15 4 2 5 12 5 7 6 8 7 10 7 7 8 9 8 1 9 6 9 8 9 13 9 9 10 4 11 14 11 1 12 3 12 11 12 7 13 12 13 5 14 12 15
> BAT3 7 1 3 2 3 3 14 3 5 5 11 5 15 6 15 7 1 10 5 11 11 11 2 13 13 14 9 15 10 15
< RES 153 13 1
< GRENADE
> REQ 153 14 1
> VAMPIRE 2 15 2 3 0 2 0
> VAMPIRE 3 14 15 3 0 2 0
> VAMPIRE 1 1 4 3 0 2 0
> VAMPIRE 4 1 14 3 0 2 0
> GRENADE 1 1 4 5 2
> GRENADE 2 15 2 5 2
> GRENADE 3 14 15 5 2
> GRENADE 4 1 14 5 2
> BAT1 3 1 4 1 11 1 10 3 13 3 15 3 7 4 1 5 9 5 13 5 3 6 3 7 5 7 12 7 4 9 11 9 13 10 3 11 7 11 15 11 9 12 1 13 3 13 6 13 11 13 13 13 5 15 13 15
> BAT2 6 1 11 2 4 3 9 3 5 4 13 4 15 4 2 5 12 5 7 6 8 7 10 7 7 8 9 8 1 9 6 9 8 9 13 9 9 10 4 11 14 11 1 12 3 12 11 12 7 13 12 13 5 14 12 15
> BAT3 7 1 3 2 3 3 14 3 5 5 11 5 15 6 15 7 1 10 5 11 11 11 2 13 13 14 9 15 10 15
< RES 153 14 1
< MOVE L
> REQ 153 15 1
> VAMPIRE 2 15 2 3 0 2 0
> VAMPIRE 3 14 15 3 0 2 0
> VAMPIRE 1 1 3 3 0 2 0
> VAMPIRE 4 1 14 3 0 2 0
> GRENADE 1 1 7 4 2
> GRENADE 2 13 2 4 2
> GRENADE 3 14 13 4 2
> GRENADE 4 3 14 4 2
> BAT1 3 1 4 1 11 1 10 3 13 3 15 3 7 4 1 5 9 5 13 5 3 6 3 7 5 7 12 7 4 9 11 9 13 10 3 11 7 11 15 11 9 12 1 13 3 13 6 13 11 13 13 13 5 15 13 15
> BAT2 6 1 11 2 4 3 9 3 5 4 13 4 15 4 2 5 12 5 7 6 8 7 10 7 7 8 9 8 1 9 6 9 8 9 13 9 9 10 4 11 14 11 1 12 3 12 11 12 7 13 12 13 5 14 12 15
> BAT3 7 1 3 2 3 3 14 3 5 5 11 5 15 6 15 7 1 10 5 11 11 11 2 13 13 14 9 15 10 15
< RES 153 15 1
> REQ 153 16 1
> VAMPIRE 2 15 2 3 0 2 0
> VAMPIRE 3 14 15 3 0 2 0
> VAMPIRE 1 1 3 3 0 2 0
> VAMPIRE 4 1 14 3 0 2 0
> GRENADE 1 1 7 3 2
> GRENADE 2 13 2 3 2
> GRENADE 3 14 13 3 2
> GRENADE 4 3 14 3 2
> BAT1 3 1 4 1 11 1 10 3 13 3 15 3 7 4 1 5 9 5 13 5 3 6 3 7 5 7 12 7 4 9 11 9 13 10 3 11 7 11 15 11 9 12 1 13 3 13 6 13 11 13 13 13 5 15 13 15
> BAT2 6 1 11 2 4 3 9 3 5 4 13 4 15 4 2 5 12 5 7 6 8 7 10 7 7 8 9 8 1 9 6 9 8 9 13 9 9 10 4 11 14 11 1 12 3 12 11 12 7 13 12 13 5 14 12 15
> BAT3 7 1 3 2 3 3 14 3 5 5 11 5 15 6 15 7 1 10 5 11 11 11 2 13 13 14 9 15 10 15
< RES 153 16 1
> REQ 153 17 1
> VAMPIRE 2 15 2 3 0 2 0
> VAMPIRE 3 14 15 3 0 2 0
> VAMPIRE 1 1 3 3 0 2 0
> VAMPIRE 4 1 14 3 0 2 0
> GRENADE 1 1 7 2 2
> GRENADE 2 13 2 2 2
> GRENADE 3 14 13 2 2
> GRENADE 4 3 14 2 2
> BAT1 3 1 4 1 11 1 10 3 13 3 15 3 7 4 1 5 9 5 13 5 3 6 3 7 5 7 12 7 4 9 11 9 13 10 3 11 7 11 15 11 9 12 1 13 3 13 6 13 11 13 13 13 5 15 13 15
> BAT2 6 1 11 2 4 3 9 3 5 4 13 4 15 4 2 5 12 5 7 6 8 7 10 7 7 8 9 8 1 9 6 9 8 9 13 9 9 10 4 11 14 11 1 12 3 12 11 12 7 13 12 13 5 14 12 15
> BAT3 7 1 3 2 3 3 14 3 5 5 11 5 15 6 15 7 1 10 5 11 11 11 2 13 13 14 9 15 10 15
< RES 153 17 1
> REQ 153 18 1
> VAMPIRE 2 15 2 3 0 2 0
> VAMPIRE 3 14 15 3 0 2 0
> VAMPIRE 1 1 3 3 0 2 0
> VAMPIRE 4 1 14 3 0 2 0
> GRENADE 1 1 7 1 2
> GRENADE 2 13 2 1 2
> GRENADE 3 14 13 1 2
> GRENADE 4 3 14 1 2
> BAT1 3 1 4 1 11 1 10 3 13 3 15 3 7 4 1 5 9 5 13 5 3 6 3 7 5 7 12 7 4 9 11 9 13 10 3 11 7 11 15 11 9 12 1 13 3 13 6 13 11 13 13 13 5 15 13 15
> BAT2 6 1 11 2 4 3 9 3 5 4 13 4 15 4 2 5 12 5 7 6 8 7 10 7 7 8 9 8 1 9 6 9 8 9 13 9 9 10 4 11 14 11 1 12 3 12 11 12 7 13 12 13 5 14 12 15
> BAT3 7 1 3 2 3 3 14 3 5 5 11 5 15 6 15 7 1 10 5 11 11 11 2 13 13 14 9 15 10 15
< RES 153 18 1
< MOVE D
> REQ 153 19 1
> VAMPIRE 2 15 2 3 1 2 0
> VAMPIRE 3 14 15 3 1 2 0
> VAMPIRE 1 2 3 3 1 2 0
> VAMPIRE 4 1 14 3 1 2 0
> BAT1 3 1 4 1 11 1 10 3 15 3 7 4 9 5 13 5 3 6 5 7 12 7 1 9 4 9 11 9 13 10 3 11 7 11 15 11 9 12 1 13 6 13 11 13 5 15 13 15
> BAT2 6 1 11 2 4 3 9 3 5 4 13 4 15 4 2 5 12 5 7 6 8 7 10 7 7 8 9 8 6 9 8 9 13 9 9 10 4 11 14 11 1 12 3 12 11 12 7 13 12 13 5 14 12 15
> BAT3 7 1 3 2 3 3 14 3 5 5 11 5 15 6 15 7 1 10 5 11 11 11 2 13 13 14 9 15 10 15
< RES 153 19 1
< GRENADE
> REQ 153 20 1
> VAMPIRE 2 15 2 3 0 2 0
> VAMPIRE 3 14 15 3 0 2 0
> VAMPIRE 1 2 3 3 0 2 0
> VAMPIRE 4 1 14 3 0 2 0
> GRENADE 1 2 3 5 2
> GRENADE 2 15 2 5 2
> GRENADE 3 14 15 5 2
> GRENADE 4 1 14 5 2
> BAT1 3 1 4 1 11 1 10 3 15 3 7 4 9 5 13 5 3 6 5 7 12 7 1 9 4 9 11 9 13 10 3 11 7 11 15 11 9 12 1 13 6 13 11 13 5 15 13 15
> BAT2 6 1 11 2 4 3 9 3 5 4 13 4 15 4 2 5 12 5 7 6 8 7 10 7 7 8 9 8 6 9 8 9 13 9 9 10 4 11 14 11 1 12 3 12 11 12 7 13 12 13 5 14 12 15
> BAT3 7 1 3 2 3 3 14 3 5 5 11 5 15 6 15 7 1 10 5 11 11 11 2 13 13 14 9 15 10 15
< RES 153 20 1
< MOVE U
> REQ 153 21 1
> VAMPIRE 2 15 2 3 0 2 0
> VAMPIRE 3 14 15 3 0 2 0
> VAMPIRE 1 1 3 3 0 2 0
> VAMPIRE 4 1 14 3 0 2 0
> GRENADE 1 5 3 4 2
> GRENADE 2 13 2 4 2
> GRENADE 3 14 13 4 2
> GRENADE 4 3 14 4 2
> BAT1 3 1 4 1 11 1 10 3 15 3 7 4 9 5 13 5 3 6 5 7 12 7 1 9 4 9 11 9 13 10 3 11 7 11 15 11 9 12 1 13 6 13 11 13 5 15 13 15
> BAT2 6 1 11 2 4 3 9 3 5 4 13 4 15 4 2 5 12 5 7 6 8 7 10 7 7 8 9 8 6 9 8 9 13 9 9 10 4 11 14 11 1 12 3 12 11 12 7 13 12 13 5 14 12 15
> BAT3 7 1 3 2 3 3 14 3 5 5 11 5 15 6 15 7 1 10 5 11 11 11 2 13 13 14 9 15 10 15
< RES 153 21 1
< MOVE R R
> REQ 153 22 1
> VAMPIRE 2 15 2 3 0 2 0
> VAMPIRE 3 14 15 3 0 2 0
> VAMPIRE 1 1 5 3 0 2 0
> VAMPIRE 4 1 14 3 0 2 0
> GRENADE 1 5 3 3 2
> GRENADE 2 13 2 3 2
> GRENADE 3 14 13 3 2
> GRENADE 4 3 14 3 2
> BAT1 3 1 4 1 11 1 10 3 15 3 7 4 9 5 13 5 3 6 5 7 12 7 1 9 4 9 11 9 13 10 3 11 7 11 15 11 9 12 1 13 6 13 11 13 5 15 13 15
> BAT2 6 1 11 2 4 3 9 3 5 4 13 4 15 4 2 5 12 5 7 6 8 7 10 7 7 8 9 8 6 9 8 9 13 9 9 10 4 11 14 11 1 12 3 12 11 12 7 13 12 13 5 14 12 15
> BAT3 7 1 3 2 3 3 14 3 5 5 11 5 15 6 15 7 1 10 5 11 11 11 2 13 13 14 9 15 10 15
< RES 153 22 1
< MOVE R R
> REQ 153 23 1
> VAMPIRE 2 15 2 3 0 2 0
> VAMPIRE 3 14 15 3 0 2 0
> VAMPIRE 1 1 7 3 0 2 0
> VAMPIRE 4 1 14 3 0 2 0
> GRENADE 1 5 3 2 2
> GRENADE 2 13 2 2 2
> GRENADE 3 14 13 2 2
> GRENADE 4 3 14 2 2
> BAT1 3 1 4 1 11 1 10 3 15 3 7 4 9 5 13 5 3 6 5 7 12 7 1 9 4 9 11 9 13 10 3 11 7 11 15 11 9 12 1 13 6 13 11 13 5 15 13 15
> BAT2 6 1 11 2 4 3 9 3 5 4 13 4 15 4 2 5 12 5 7 6 8 7 10 7 7 8 9 8 6 9 8 9 13 9 9 10 4 11 14 11 1 12 3 12 11 12 7 13 12 13 5 14 12 15
> BAT3 7 1 3 2 3 3 14 3 5 5 11 5 15 6 15 7 1 10 5 11 11 11 2 13 13 14 9 15 10 15
< RES 153 23 1
< MOVE D D
> REQ 153 24 1
> VAMPIRE 2 15 2 3 0 2 0
> VAMPIRE 3 14 15 3 0 2 0
> VAMPIRE 1 3 7 3 0 2 0
> VAMPIRE 4 1 14 3 0 2 0
> GRENADE 1 5 3 1 2
> GRENADE 2 13 2 1 2
> GRENADE 3 14 13 1 2
> GRENADE 4 3 14 1 2
> BAT1 3 1 4 1 11 1 10 3 15 3 7 4 9 5 13 5 3 6 5 7 12 7 1 9 4 9 11 9 13 10 3 11 7 11 15 11 9 12 1 13 6 13 11 13 5 15 13 15
> BAT2 6 1 11 2 4 3 9 3 5 4 13 4 15 4 2 5 12 5 7 6 8 7 10 7 7 8 9 8 6 9 8 9 13 9 9 10 4 11 14 11 1 12 3 12 11 12 7 13 12 13 5 14 12 15
> BAT3 7 1 3 2 3 3 14 3 5 5 11 5 15 6 15 7 1 10 5 11 11 11 2 13 13 14 9 15 10 15
< RES 153 24 1
< MOVE R R
> REQ 153 25 1
> VAMPIRE 2 15 2 3 1 2 0
> VAMPIRE 3 14 15 3 1 2 0
> VAMPIRE 1 3 9 3 1 2 0
> VAMPIRE 4 1 14 3 1 2 0
> BAT1 3 1 4 1 11 1 4 3 10 3 15 3 5 4 7 4 13 4 9 5 13 5 3 6 5 7 12 7 1 9 4 9 11 9 13 10 3 11 7 11 15 11 3 12 9 12 1 13 6 13 11 13 12 13 5 15 13 15
> BAT2 6 1 11 2 9 3 15 4 2 5 12 5 7 6 8 7 10 7 7 8 9 8 6 9 8 9 13 9 9 10 4 11 14 11 1 12 11 12 7 13 5 14 12 15
> BAT3 7 1 3 2 3 3 14 3 5 5 11 5 15 6 15 7 1 10 5 11 11 11 2 13 13 14 9 15 10 15
< RES 153 25 1
< GRENADE
> REQ 153 26 1
> VAMPIRE 2 15 2 3 0 2 0
> VAMPIRE 3 14 15 3 0 2 0
> VAMPIRE 1 3 9 3 0 2 0
> VAMPIRE 4 1 14 3 0 2 0
> GRENADE 1 3 9 5 2
> GRENADE 2 15 2 5 2
> GRENADE 3 14 15 5 2
> GRENADE 4 1 14 5 2
> BAT1 3 1 4 1 11 1 4 3 10 3 15 3 5 4 7 4 13 4 9 5 13 5 3 6 5 7 12 7 1 9 4 9 11 9 13 10 3 11 7 11 15 11 3 12 9 12 1 13 6 13 11 13 12 13 5 15 13 15
> BAT2 6 1 11 2 9 3 15 4 2 5 12 5 7 6 8 7 10 7 7 8 9 8 6 9 8 9 13 9 9 10 4 11 14 11 1 12 11 12 7 13 5 14 12 15
> BAT3 7 1 3 2 3 3 14 3 5 5 11 5 15 6 15 7 1 10 5 11 11 11 2 13 13 14 9 15 10 15
< RES 153 26 1
< MOVE L L
> REQ 153 27 1
> VAMPIRE 2 15 2 3 0 2 0
> VAMPIRE 3 14 15 3 0 2 0
> VAMPIRE 1 3 7 3 0 2 0
> VAMPIRE 4 1 14 3 0 2 0
> GRENADE 1 5 9 4 2
> GRENADE 2 13 2 4 2
> GRENADE 3 14 13 4 2
> GRENADE 4 3 14 4 2
> BAT1 3 1 4 1 11 1 4 3 10 3 15 3 5 4 7 4 13 4 9 5 13 5 3 6 5 7 12 7 1 9 4 9 11 9 13 10 3 11 7 11 15 11 3 12 9 12 1 13 6 13 11 13 12 13 5 15 13 15
> BAT2 6 1 11 2 9 3 15 4 2 5 12 5 7 6 8 7 10 7 7 8 9 8 6 9 8 9 13 9 9 10 4 11 14 11 1 12 11 12 7 13 5 14 12 15
> BAT3 7 1 3 2 3 3 14 3 5 5 11 5 15 6 15 7 1 10 5 11 11 11 2 13 13 14 9 15 10 15
< RES 153 27 1
> REQ 153 28 1
> VAMPIRE 2 15 2 3 0 2 0
> VAMPIRE 3 14 15 3 0 2 0
> VAMPIRE 1 3 7 3 0 2 0
> VAMPIRE 4 1 14 3 0 2 0
> GRENADE 1 5 9 3 2
> GRENADE 2 13 2 3 2
> GRENADE 3 14 13 3 2
> GRENADE 4 3 14 3 2
> BAT1 3 1 4 1 11 1 4 3 10 3 15 3 5 4 7 4 13 4 9 5 13 5 3 6 5 7 12 7 1 9 4 9 11 9 13 10 3 11 7 11 15 11 3 12 9 12 1 13 6 13 11 13 12 13 5 15 13 15
> BAT2 6 1 11 2 9 3 15 4 2 5 12 5 7 6 8 7 10 7 7 8 9 8 6 9 8 9 13 9 9 10 4 11 14 11 1 12 11 12 7 13 5 14 12 15
> BAT3 7 1 3 2 3 3 14 3 5 5 11 5 15 6 15 7 1 10 5 11 11 11 2 13 13 14 9 15 10 15
< RES 153 28 1
> REQ 153 29 1
> VAMPIRE 2 15 2 3 0 2 0
> VAMPIRE 3 14 15 3 0 2 0
> VAMPIRE 1 3 7 3 0 2 0
> VAMPIRE 4 1 14 3 0 2 0
> GRENADE 1 5 9 2 2
> GRENADE 2 13 2 2 2
> GRENADE 3 14 13 2 2
> GRENADE 4 3 14 2 2
> BAT1 3 1 4 1 11 1 4 3 10 3 15 3 5 4 7 4 13 4 9 5 13 5 3 6 5 7 12 7 1 9 4 9 11 9 13 10 3 11 7 11 15 11 3 12 9 12 1 13 6 13 11 13 12 13 5 15 13 15
> BAT2 6 1 11 2 9 3 15 4 2 5 12 5 7 6 8 7 10 7 7 8 9 8 6 9 8 9 13 9 9 10 4 11 14 11 1 12 11 12 7 13 5 14 12 15
> BAT3 7 1 3 2 3 3 14 3 5 5 11 5 15 6 15 7 1 10 5 11 11 11 2 13 13 14 9 15 10 15
< RES 153 29 1
> REQ 153 30 1
> VAMPIRE 2 15 2 3 0 2 0
> VAMPIRE 3 14 15 3 0 2 0
> VAMPIRE 1 3 7 3 0 2 0
> VAMPIRE 4 1 14 3 0 2 0
> GRENADE 1 5 9 1 2
> GRENADE 2 13 2 1 2
> GRENADE 3 14 13 1 2
> GRENADE 4 3 14 1 2
> BAT1 3 1 4 1 11 1 4 3 10 3 15 3 5 4 7 4 13 4 9 5 13 5 3 6 5 7 12 7 1 9 4 9 11 9 13 10 3 11 7 11 15 11 3 12 9 12 1 13 6 13 11 13 12 13 5 15 13 15
> BAT2 6 1 11 2 9 3 15 4 2 5 12 5 7 6 8 7 10 7 7 8 9 8 6 9 8 9 13 9 9 10 4 11 14 11 1 12 11 12 7 13 5 14 12 15
> BAT3 7 1 3 2 3 3 14 3 5 5 11 5 15 6 15 7 1 10 5 11 11 11 2 13 13 14 9 15 10 15
< RES 153 30 1
< MOVE R
> REQ 153 31 1
> VAMPIRE 2 15 2 3 1 2 0
> VAMPIRE 3 14 15 3 1 2 0
> VAMPIRE 1 3 8 3 1 2 0
> VAMPIRE 4 1 14 3 1 2 0
> BAT1 3 1 4 1 11 1 4 3 10 3 15 3 5 4 7 4 9 5 13 5 3 6 12 7 1 9 6 9 11 9 13 10 3 11 7 11 15 11 9 12 1 13 6 13 11 13 5 15 13 15
> BAT2 6 1 11 2 9 3 15 4 2 5 12 5 7 6 8 7 10 7 7 8 9 8 8 9 13 9 9 10 4 11 5 11 14 11 1 12 11 12 7 13 5 14 12 15
> BAT3 7 1 3 2 3 3 14 3 5 5 11 5 15 6 15 7 1 10 11 11 2 13 13 14 9 15 10 15
< RES 153 31 1
< GRENADE
> REQ 153 32 1
> VAMPIRE 2 15 2 3 0 2 0
> VAMPIRE 3 14 15 3 0 2 0
> VAMPIRE 1 3 8 3 0 2 0
> VAMPIRE 4 1 14 3 0 2 0
> GRENADE 1 3 8 5 2
> GRENADE 2 15 2 5 2
> GRENADE 3 14 15 5 2
> GRENADE 4 1 14 5 2
> BAT1 3 1 4 1 11 1 4 3 10 3 15 3 5 4 7 4 9 5 13 5 3 6 12 7 1 9 6 9 11 9 13 10 3 11 7 11 15 11 9 12 1 13 6 13 11 13 5 15 13 15
> BAT2 6 1 11 2 9 3 15 4 2 5 12 5 7 6 8 7 10 7 7 8 9 8 8 9 13 9 9 10 4 11 5 11 14 11 1 12 11 12 7 13 5 14 12 15
> BAT3 7 1 3 2 3 3 14 3 5 5 11 5 15 6 15 7 1 10 11 11 2 13 13 14 9 15 10 15
< RES 153 32 1
< MOVE L
> REQ 153 33 1
> VAMPIRE 2 14 1 3 0 2 0
> VAMPIRE 3 15 14 3 0 2 0
> VAMPIRE 1 3 7 3 0 2 0
> VAMPIRE 4 2 15 3 0 2 0
> GRENADE 1 3 5 4 2
> GRENADE 2 15 2 4 2
> GRENADE 3 14 15 4 2
> GRENADE 4 1 14 4 2
> BAT1 3 1 4 1 11 1 4 3 10 3 15 3 5 4 7 4 9 5 13 5 3 6 12 7 1 9 6 9 11 9 13 10 3 11 7 11 15 11 9 12 1 13 6 13 11 13 5 15 13 15
> BAT2 6 1 11 2 9 3 15 4 2 5 12 5 7 6 8 7 10 7 7 8 9 8 8 9 13 9 9 10 4 11 5 11 14 11 1 12 11 12 7 13 5 14 12 15
> BAT3 7 1 3 2 3 3 14 3 5 5 11 5 15 6 15 7 1 10 11 11 2 13 13 14 9 15 10 15
< RES 153 33 1
< MOVE D D
> REQ 153 34 1
> VAMPIRE 2 13 2 3 0 2 0
> VAMPIRE 3 14 13 3 0 2 0
> VAMPIRE 1 5 7 3 0 2 0
> VAMPIRE 4 3 14 3 0 2 0
> GRENADE 1 3 5 3 2
> GRENADE 2 15 2 3 2
> GRENADE 3 14 15 3 2
> GRENADE 4 1 14 3 2
> BAT1 3 1 4 1 11 1 4 3 10 3 15 3 5 4 7 4 9 5 13 5 3 6 12 7 1 9 6 9 11 9 13 10 3 11 7 11 15 11 9 12 1 13 6 13 11 13 5 15 13 15
> BAT2 6 1 11 2 9 3 15 4 2 5 12 5 7 6 8 7 10 7 7 8 9 8 8 9 13 9 9 10 4 11 5 11 14 11 1 12 11 12 7 13 5 14 12 15
> BAT3 7 1 3 2 3 3 14 3 5 5 11 5 15 6 15 7 1 10 11 11 2 13 13 14 9 15 10 15
< RES 153 34 1
> REQ 153 35 1
> VAMPIRE 2 12 3 3 0 2 0
> VAMPIRE 3 12 13 3 0 2 0
> VAMPIRE 1 5 7 3 0 2 0
> VAMPIRE 4 3 12 3 0 2 0
> GRENADE 1 3 5 2 2
> GRENADE 2 15 2 2 2
> GRENADE 3 14 15 2 2
> GRENADE 4 1 14 2 2
> BAT1 3 1 4 1 11 1 4 3 10 3 15 3 5 4 7 4 9 5 13 5 3 6 12 7 1 9 6 9 11 9 13 10 3 11 7 11 15 11 9 12 1 13 6 13 11 13 5 15 13 15
> BAT2 6 1 11 2 9 3 15 4 2 5 12 5 7 6 8 7 10 7 7 8 9 8 8 9 13 9 9 10 4 11 5 11 14 11 1 12 11 12 7 13 5 14 12 15
> BAT3 7 1 3 2 3 3 14 3 5 5 11 5 15 6 15 7 1 10 11 11 2 13 13 14 9 15 10 15
< RES 153 35 1
> REQ 153 36 1
> VAMPIRE 2 11 3 3 0 2 0
> VAMPIRE 3 12 13 3 0 2 0
> VAMPIRE 1 5 7 3 0 2 0
> VAMPIRE 4 3 12 3 0 2 0
> GRENADE 1 3 5 1 2
> GRENADE 2 15 2 1 2
> GRENADE 3 14 15 1 2
> GRENADE 4 1 14 1 2
> BAT1 3 1 4 1 11 1 4 3 10 3 15 3 5 4 7 4 9 5 13 5 3 6 12 7 1 9 6 9 11 9 13 10 3 11 7 11 15 11 9 12 1 13 6 13 11 13 5 15 13 15
> BAT2 6 1 11 2 9 3 15 4 2 5 12 5 7 6 8 7 10 7 7 8 9 8 8 9 13 9 9 10 4 11 5 11 14 11 1 12 11 12 7 13 5 14 12 15
> BAT3 7 1 3 2 3 3 14 3 5 5 11 5 15 6 15 7 1 10 11 11 2 13 13 14 9 15 10 15
< RES 153 36 1
< MOVE D D
> REQ 153 37 1
> VAMPIRE 2 11 3 3 1 2 0
> VAMPIRE 3 12 13 3 1 2 0
> VAMPIRE 1 7 7 3 1 2 0
> VAMPIRE 4 3 12 3 1 2 0
> BAT1 3 1 4 1 11 1 4 3 10 3 5 4 7 4 2 5 9 5 13 5 12 7 1 9 6 9 11 9 13 10 3 11 7 11 15 11 9 12 6 13 11 13 5 15
> BAT2 6 1 11 2 3 3 9 3 15 4 5 5 12 5 7 6 8 7 10 7 7 8 9 8 8 9 13 9 9 10 4 11 5 11 14 11 1 12 11 12 7 13 5 14 12 15
> BAT3 7 1 3 2 14 3 11 5 15 6 15 7 1 10 11 11 2 13 13 14 9 15 10 15
< RES 153 37 1
< GRENADE
> REQ 153 38 1
> VAMPIRE 2 11 3 3 0 2 0
> VAMPIRE 3 13 12 3 1 2 0
> VAMPIRE 1 7 7 3 0 2 0
> VAMPIRE 4 4 13 3 1 2 0
> GRENADE 1 7 7 5 2
> GRENADE 2 11 3 5 2
> BAT1 3 1 4 1 11 1 4 3 10 3 5 4 7 4 2 5 9 5 13 5 12 7 1 9 6 9 11 9 13 10 3 11 7 11 15 11 9 12 6 13 11 13 5 15
> BAT2 6 1 11 2 3 3 9 3 15 4 5 5 12 5 7 6 8 7 10 7 7 8 9 8 8 9 13 9 9 10 4 11 5 11 14 11 1 12 11 12 7 13 5 14 12 15
> BAT3 7 1 3 2 14 3 11 5 15 6 15 7 1 10 11 11 2 13 13 14 9 15 10 15
< RES 153 38 1
> REQ 153 39 1
> VAMPIRE 2 12 3 3 0 2 0
> VAMPIRE 3 13 12 3 0 2 0
> VAMPIRE 1 7 7 3 0 2 0
> VAMPIRE 4 4 13 3 0 2 0
> GRENADE 1 9 7 4 2
> GRENADE 2 11 3 4 2
> GRENADE 3 13 12 5 2
> GRENADE 4 4 13 5 2
> BAT1 3 1 4 1 11 1 4 3 10 3 5 4 7 4 2 5 9 5 13 5 12 7 1 9 6 9 11 9 13 10 3 11 7 11 15 11 9 12 6 13 11 13 5 15
> BAT2 6 1 11 2 3 3 9 3 15 4 5 5 12 5 7 6 8 7 10 7 7 8 9 8 8 9 13 9 9 10 4 11 5 11 14 11 1 12 11 12 7 13 5 14 12 15
> BAT3 7 1 3 2 14 3 11 5 15 6 15 7 1 10 11 11 2 13 13 14 9 15 10 15
< RES 153 39 1
< MOVE U U
> REQ 153 40 1
> VAMPIRE 2 13 4 3 0 2 0
> VAMPIRE 3 12 13 3 0 2 0
> VAMPIRE 1 5 7 3 0 2 0
> VAMPIRE 4 3 12 3 0 2 0
> GRENADE 1 9 7 3 2
> GRENADE 2 11 3 3 2
> GRENADE 3 13 12 4 2
> GRENADE 4 4 13 4 2
> BAT1 3 1 4 1 11 1 4 3 10 3 5 4 7 4 2 5 9 5 13 5 12 7 1 9 6 9 11 9 13 10 3 11 7 11 15 11 9 12 6 13 11 13 5 15
> BAT2 6 1 11 2 3 3 9 3 15 4 5 5 12 5 7 6 8 7 10 7 7 8 9 8 8 9 13 9 9 10 4 11 5 11 14 11 1 12 11 12 7 13 5 14 12 15
> BAT3 7 1 3 2 14 3 11 5 15 6 15 7 1 10 11 11 2 13 13 14 9 15 10 15
< RES 153 40 1
< MOVE U U
> REQ 153 41 1
> VAMPIRE 2 13 4 3 0 2 0
> VAMPIRE 3 12 13 3 0 2 0
> VAMPIRE 1 3 7 3 0 2 0
> VAMPIRE 4 3 12 3 0 2 0
> GRENADE 1 9 7 2 2
> GRENADE 2 11 3 2 2
> GRENADE 3 13 12 3 2
> GRENADE 4 4 13 3 2
> BAT1 3 1 4 1 11 1 4 3 10 3 5 4 7 4 2 5 9 5 13 5 12 7 1 9 6 9 11 9 13 10 3 11 7 11 15 11 9 12 6 13 11 13 5 15
> BAT2 6 1 11 2 3 3 9 3 15 4 5 5 12 5 7 6 8 7 10 7 7 8 9 8 8 9 13 9 9 10 4 11 5 11 14 11 1 12 11 12 7 13 5 14 12 15
> BAT3 7 1 3 2 14 3 11 5 15 6 15 7 1 10 11 11 2 13 13 14 9 15 10 15
< RES 153 41 1
> REQ 153 42 1
> VAMPIRE 2 13 4 3 0 2 0
> VAMPIRE 3 12 13 3 0 2 0
> VAMPIRE 1 3 7 3 0 2 0
> VAMPIRE 4 3 12 3 0 2 0
> GRENADE 1 9 7 1 2
> GRENADE 2 11 3 1 2
> GRENADE 3 13 12 2 2
> GRENADE 4 4 13 2 2
> BAT1 3 1 4 1 11 1 4 3 10 3 5 4 7 4 2 5 9 5 13 5 12 7 1 9 6 9 11 9 13 10 3 11 7 11 15 11 9 12 6 13 11 13 5 15
> BAT2 6 1 11 2 3 3 9 3 15 4 5 5 12 5 7 6 8 7 10 7 7 8 9 8 8 9 13 9 9 10 4 11 5 11 14 11 1 12 11 12 7 13 5 14 12 15
> BAT3 7 1 3 2 14 3 11 5 15 6 15 7 1 10 11 11 2 13 13 14 9 15 10 15
< RES 153 42 1
< MOVE L L
> REQ 153 43 1
> VAMPIRE 2 13 4 3 1 2 0
> VAMPIRE 3 12 13 3 0 2 0
> VAMPIRE 1 3 5 3 1 2 0
> VAMPIRE 4 3 12 3 0 2 0
> GRENADE 3 13 12 1 2
> GRENADE 4 4 13 1 2
> BAT1 3 1 4 1 11 1 11 2 4 3 5 4 7 4 2 5 13 5 8 7 10 7 12 7 9 8 1 9 6 9 11 9 13 10 3 11 7 11 15 11 9 12 6 13 11 13 5 15
> BAT2 6 1 3 3 9 3 15 4 5 5 11 5 12 5 7 6 7 8 8 9 13 9 9 10 4 11 5 11 14 11 1 12 11 12 7 13 5 14 12 15
> BAT3 7 1 3 2 14 3 15 6 15 7 1 10 11 11 2 13 13 14 9 15 10 15
< RES 153 43 1
< GRENADE
< MOVE R R
> REQ 153 44 1
> VAMPIRE 2 13 3 3 1 2 0
> VAMPIRE 3 12 13 3 1 2 0
> VAMPIRE 1 3 7 3 0 2 0
> VAMPIRE 4 3 12 3 1 2 0
> GRENADE 1 3 5 5 2
> BAT1 3 1 4 1 11 1 11 2 4 3 5 4 7 4 2 5 13 5 8 7 10 7 12 7 9 8 1 9 6 9 11 9 3 11 7 11 15 11 9 12 11 13 5 15
> BAT2 6 1 3 3 9 3 15 4 5 5 11 5 12 5 7 6 7 8 8 9 13 9 9 10 4 11 5 11 14 11 1 12 11 12 2 13 7 13 5 14 13 14 12 15
> BAT3 7 1 3 2 14 3 15 6 15 7 1 10 11 11 9 15 10 15
< RES 153 44 1
< MOVE D D
> REQ 153 45 1
> VAMPIRE 2 11 3 3 1 2 0
> VAMPIRE 3 13 12 3 1 2 0
> VAMPIRE 1 5 7 3 0 2 0
> VAMPIRE 4 3 13 3 1 2 0
> GRENADE 1 3 5 4 2
> BAT1 3 1 4 1 11 1 11 2 4 3 5 4 7 4 2 5 13 5 8 7 10 7 12 7 9 8 1 9 6 9 11 9 3 11 7 11 15 11 9 12 11 13 5 15
> BAT2 6 1 3 3 9 3 15 4 5 5 11 5 12 5 7 6 7 8 8 9 13 9 9 10 4 11 5 11 14 11 1 12 11 12 2 13 7 13 5 14 13 14 12 15
> BAT3 7 1 3 2 14 3 15 6 15 7 1 10 11 11 9 15 10 15
< RES 153 45 1
> REQ 153 46 1
> VAMPIRE 2 11 3 3 0 2 0
> VAMPIRE 3 13 11 3 1 2 0
> VAMPIRE 1 5 7 3 0 2 0
> VAMPIRE 4 5 13 3 1 2 0
> GRENADE 1 3 5 3 2
> GRENADE 2 11 3 5 2
> BAT1 3 1 4 1 11 1 11 2 4 3 5 4 7 4 2 5 13 5 8 7 10 7 12 7 9 8 1 9 6 9 11 9 3 11 7 11 15 11 9 12 11 13 5 15
> BAT2 6 1 3 3 9 3 15 4 5 5 11 5 12 5 7 6 7 8 8 9 13 9 9 10 4 11 5 11 14 11 1 12 11 12 2 13 7 13 5 14 13 14 12 15
> BAT3 7 1 3 2 14 3 15 6 15 7 1 10 11 11 9 15 10 15
< RES 153 46 1
> REQ 153 47 1
> VAMPIRE 2 12 3 3 0 2 0
> VAMPIRE 3 13 11 3 0 2 0
> VAMPIRE 1 5 7 3 0 2 0
> VAMPIRE 4 5 13 3 0 2 0
> GRENADE 1 3 5 2 2
> GRENADE 2 11 3 4 2
> GRENADE 3 13 11 5 2
> GRENADE 4 5 13 5 2
> BAT1 3 1 4 1 11 1 11 2 4 3 5 4 7 4 2 5 13 5 8 7 10 7 12 7 9 8 1 9 6 9 11 9 3 11 7 11 15 11 9 12 11 13 5 15
> BAT2 6 1 3 3 9 3 15 4 5 5 11 5 12 5 7 6 7 8 8 9 13 9 9 10 4 11 5 11 14 11 1 12 11 12 2 13 7 13 5 14 13 14 12 15
> BAT3 7 1 3 2 14 3 15 6 15 7 1 10 11 11 9 15 10 15
< RES 153 47 1
> REQ 153 48 1
> VAMPIRE 2 13 2 3 0 2 0
> VAMPIRE 3 13 12 3 0 2 0
> VAMPIRE 1 5 7 3 0 2 0
> VAMPIRE 4 3 13 3 0 2 0
> GRENADE 1 3 5 1 2
> GRENADE 2 11 3 3 2
> GRENADE 3 13 11 4 2
> GRENADE 4 5 13 4 2
> BAT1 3 1 4 1 11 1 11 2 4 3 5 4 7 4 2 5 13 5 8 7 10 7 12 7 9 8 1 9 6 9 11 9 3 11 7 11 15 11 9 12 11 13 5 15
> BAT2 6 1 3 3 9 3 15 4 5 5 11 5 12 5 7 6 7 8 8 9 13 9 9 10 4 11 5 11 14 11 1 12 11 12 2 13 7 13 5 14 13 14 12 15
> BAT3 7 1 3 2 14 3 15 6 15 7 1 10 11 11 9 15 10 15
< RES 153 48 1
< MOVE D D
> REQ 153 49 1
> VAMPIRE 2 13 2 3 0 2 0
> VAMPIRE 3 12 13 3 0 2 0
> VAMPIRE 1 7 7 3 1 2 0
> VAMPIRE 4 3 12 3 0 2 0
> GRENADE 2 11 3 2 2
> GRENADE 3 13 11 3 2
> GRENADE 4 5 13 3 2
> BAT1 3 1 4 1 11 1 11 2 3 3 4 3 5 4 7 4 5 5 13 5 8 7 10 7 12 7 9 8 1 9 6 9 11 9 3 11 7 11 15 11 9 12 11 13 5 15
> BAT2 6 1 9 3 15 4 11 5 12 5 7 6 7 8 8 9 13 9 9 10 4 11 5 11 14 11 1 12 11 12 2 13 7 13 5 14 13 14 12 15
> BAT3 7 1 3 2 14 3 15 6 15 7 1 10 11 11 9 15 10 15
< RES 153 49 1
< GRENADE
< MOVE U U
> REQ 153 50 1
> VAMPIRE 2 13 2 3 0 2 0
> VAMPIRE 3 12 13 3 0 2 0
> VAMPIRE 1 5 7 3 0 2 0
> VAMPIRE 4 3 12 3 0 2 0
> GRENADE 2 11 3 1 2
> GRENADE 3 13 11 2 2
> GRENADE 4 5 13 2 2
> GRENADE 1 7 7 5 2
> BAT1 3 1 4 1 11 1 11 2 3 3 4 3 5 4 7 4 5 5 13 5 8 7 10 7 12 7 9 8 1 9 6 9 11 9 3 11 7 11 15 11 9 12 11 13 5 15
> BAT2 6 1 9 3 15 4 11 5 12 5 7 6 7 8 8 9 13 9 9 10 4 11 5 11 14 11 1 12 11 12 2 13 7 13 5 14 13 14 12 15
> BAT3 7 1 3 2 14 3 15 6 15 7 1 10 11 11 9 15 10 15
< RES 153 50 1
> REQ 153 51 1
> VAMPIRE 2 13 2 3 1 2 0
> VAMPIRE 3 12 13 3 0 2 0
> VAMPIRE 1 5 7 3 0 2 0
> VAMPIRE 4 3 12 3 0 2 0
> GRENADE 3 13 11 1 2
> GRENADE 4 5 13 1 2
> GRENADE 1 7 7 4 2
> BAT1 3 1 4 1 11 1 3 3 4 3 9 3 5 4 7 4 5 5 11 5 13 5 8 7 10 7 12 7 9 8 1 9 6 9 11 9 3 11 7 11 15 11 9 12 11 13 5 15
> BAT2 6 1 15 4 12 5 7 6 7 8 8 9 13 9 9 10 4 11 5 11 14 11 1 12 11 12 2 13 7 13 5 14 13 14 12 15
> BAT3 7 1 3 2 14 3 15 6 15 7 1 10 11 11 9 15 10 15
< RES 153 51 1
< MOVE U U
> REQ 153 52 1
> VAMPIRE 2 13 3 3 1 2 0
> VAMPIRE 3 12 13 3 1 2 0
> VAMPIRE 1 3 7 3 0 2 0
> VAMPIRE 4 3 12 3 1 2 0
> GRENADE 1 7 7 3 2
> BAT1 3 1 4 1 11 1 3 3 4 3 9 3 5 4 7 4 5 5 11 5 13 5 8 7 10 7 12 7 9 8 1 9 6 9 11 9 13 9 3 11 5 11 7 11 14 11 15 11 9 12 7 13 11 13 5 14 5 15
> BAT2 6 1 15 4 12 5 7 6 7 8 8 9 9 10 4 11 11 11 1 12 11 12 2 13 13 14 12 15
> BAT3 7 1 3 2 14 3 15 6 15 7 1 10 9 15 10 15
< RES 153 52 1
> REQ 153 53 1
> VAMPIRE 2 11 3 3 1 2 0
> VAMPIRE 3 13 12 3 1 2 0
> VAMPIRE 1 3 7 3 0 2 0
> VAMPIRE 4 3 13 3 1 2 0
> GRENADE 1 7 7 2 2
> BAT1 3 1 4 1 11 1 3 3 4 3 9 3 5 4 7 4 5 5 11 5 13 5 8 7 10 7 12 7 9 8 1 9 6 9 11 9 13 9 3 11 5 11 7 11 14 11 15 11 9 12 7 13 11 13 5 14 5 15
> BAT2 6 1 15 4 12 5 7 6 7 8 8 9 9 10 4 11 11 11 1 12 11 12 2 13 13 14 12 15
> BAT3 7 1 3 2 14 3 15 6 15 7 1 10 9 15 10 15
< RES 153 53 1
< MOVE R R
> REQ 153 54 1
> VAMPIRE 2 11 3 3 0 2 0
> VAMPIRE 3 13 11 3 1 2 0
> VAMPIRE 1 3 9 3 0 2 0
> VAMPIRE 4 5 13 3 1 2 0
> GRENADE 1 7 7 1 2
> GRENADE 2 11 3 5 2
> BAT1 3 1 4 1 11 1 3 3 4 3 9 3 5 4 7 4 5 5 11 5 13 5 8 7 10 7 12 7 9 8 1 9 6 9 11 9 13 9 3 11 5 11 7 11 14 11 15 11 9 12 7 13 11 13 5 14 5 15
> BAT2 6 1 15 4 12 5 7 6 7 8 8 9 9 10 4 11 11 11 1 12 11 12 2 13 13 14 12 15
> BAT3 7 1 3 2 14 3 15 6 15 7 1 10 9 15 10 15
< RES 153 54 1
< MOVE D D
> REQ 153 55 1
> VAMPIRE 2 12 3 3 0 2 0
> VAMPIRE 3 13 11 3 0 2 0
> VAMPIRE 1 5 9 3 1 2 0
> VAMPIRE 4 5 13 3 0 2 0
> GRENADE 2 11 3 4 2
> GRENADE 3 13 11 5 2
> GRENADE 4 5 13 5 2
> BAT1 3 1 4 1 11 1 3 3 4 3 9 3 5 4 7 4 5 5 11 5 13 5 7 6 10 7 12 7 7 8 9 8 1 9 6 9 11 9 13 9 3 11 5 11 7 11 14 11 15 11 9 12 7 13 11 13 5 14 5 15
> BAT2 6 1 15 4 12 5 8 9 9 10 4 11 11 11 1 12 11 12 2 13 13 14 12 15
> BAT3 7 1 3 2 14 3 15 6 15 7 1 10 9 15 10 15
< RES 153 55 1
< GRENADE
> REQ 153 56 1
> VAMPIRE 2 13 4 3 0 2 0
> VAMPIRE 3 13 12 3 0 2 0
> VAMPIRE 1 5 9 3 0 2 0
> VAMPIRE 4 3 13 3 0 2 0
> GRENADE 2 11 3 3 2
> GRENADE 3 13 11 4 2
> GRENADE 4 5 13 4 2
> GRENADE 1 5 9 5 2
> BAT1 3 1 4 1 11 1 3 3 4 3 9 3 5 4 7 4 5 5 11 5 13 5 7 6 10 7 12 7 7 8 9 8 1 9 6 9 11 9 13 9 3 11 5 11 7 11 14 11 15 11 9 12 7 13 11 13 5 14 5 15
> BAT2 6 1 15 4 12 5 8 9 9 10 4 11 11 11 1 12 11 12 2 13 13 14 12 15
> BAT3 7 1 3 2 14 3 15 6 15 7 1 10 9 15 10 15
< RES 153 56 1
< MOVE L L
> REQ 153 57 1
> VAMPIRE 2 13 4 3 0 2 0
> VAMPIRE 3 12 13 3 0 2 0
> VAMPIRE 1 5 7 3 0 2 0
> VAMPIRE 4 3 12 3 0 2 0
> GRENADE 2 11 3 2 2
> GRENADE 3 13 11 3 2
> GRENADE 4 5 13 3 2
> GRENADE 1 7 9 4 2
> BAT1 3 1 4 1 11 1 3 3 4 3 9 3 5 4 7 4 5 5 11 5 13 5 7 6 10 7 12 7 7 8 9 8 1 9 6 9 11 9 13 9 3 11 5 11 7 11 14 11 15 11 9 12 7 13 11 13 5 14 5 15
> BAT2 6 1 15 4 12 5 8 9 9 10 4 11 11 11 1 12 11 12 2 13 13 14 12 15
> BAT3 7 1 3 2 14 3 15 6 15 7 1 10 9 15 10 15
< RES 153 57 1
> REQ 153 58 1
> VAMPIRE 2 13 4 3 0 2 0
> VAMPIRE 3 12 13 3 0 2 0
> VAMPIRE 1 5 7 3 0 2 0
> VAMPIRE 4 3 12 3 0 2 0
> GRENADE 2 11 3 1 2
> GRENADE 3 13 11 2 2
> GRENADE 4 5 13 2 2
> GRENADE 1 7 9 3 2
> BAT1 3 1 4 1 11 1 3 3 4 3 9 3 5 4 7 4 5 5 11 5 13 5 7 6 10 7 12 7 7 8 9 8 1 9 6 9 11 9 13 9 3 11 5 11 7 11 14 11 15 11 9 12 7 13 11 13 5 14 5 15
> BAT2 6 1 15 4 12 5 8 9 9 10 4 11 11 11 1 12 11 12 2 13 13 14 12 15
> BAT3 7 1 3 2 14 3 15 6 15 7 1 10 9 15 10 15
< RES 153 58 1
> REQ 153 59 1
> VAMPIRE 2 13 4 3 1 2 0
> VAMPIRE 3 12 13 3 0 2 0
> VAMPIRE 1 5 7 3 0 2 0
> VAMPIRE 4 3 12 3 0 2 0
> GRENADE 3 13 11 1 2
> GRENADE 4 5 13 1 2
> GRENADE 1 7 9 2 2
> BAT1 3 1 4 1 3 3 4 3 5 4 7 4 5 5 13 5 7 6 10 7 12 7 7 8 9 8 1 9 6 9 11 9 13 9 3 11 5 11 7 11 14 11 15 11 9 12 7 13 11 13 5 14 5 15
> BAT2 6 1 15 4 12 5 8 9 9 10 4 11 11 11 1 12 11 12 2 13 13 14 12 15
> BAT3 7 1 3 2 14 3 15 6 15 7 1 10 9 15 10 15
< RES 153 59 1
< MOVE D D
> REQ 153 60 1
> VAMPIRE 2 13 3 3 1 2 0
> VAMPIRE 3 12 13 3 1 2 0
> VAMPIRE 1 7 7 3 0 2 0
> VAMPIRE 4 3 12 3 1 2 0
> GRENADE 1 7 9 1 2
> BAT1 3 1 4 1 3 3 4 3 5 4 7 4 5 5 13 5 7 6 10 7 12 7 7 8 9 8 1 9 6 9 11 9 3 11 7 11 11 11 15 11 9 12 11 13 5 15
> BAT2 6 1 15 4 12 5 8 9 9 10 4 11 1 12 11 12 2 13 13 14 12 15
> BAT3 7 1 3 2 14 3 15 6 15 7 1 10 9 15 10 15
< RES 153 60 1
< MOVE D D
> REQ 153 61 1
> VAMPIRE 2 13 3 3 0 2 0
> VAMPIRE 3 13 13 3 1 2 0
> VAMPIRE 1 9 7 3 1 2 0
> VAMPIRE 4 3 13 3 1 2 0
> GRENADE 2 13 3 5 2
> BAT1 3 1 4 1 3 3 4 3 5 4 7 4 5 5 13 5 7 6 10 7 12 7 9 8 1 9 8 9 11 9 3 11 11 11 15 11 9 12 11 13 5 15
> BAT2 6 1 15 4 12 5 9 10 4 11 1 12 11 12 2 13 13 14 12 15
> BAT3 7 1 3 2 14 3 15 6 15 7 1 10 9 15 10 15
< RES 153 61 1
< GRENADE
> REQ 153 62 1
> VAMPIRE 2 13 3 3 0 2 0
> VAMPIRE 3 13 13 3 0 2 0
> VAMPIRE 1 9 7 3 0 2 0
> VAMPIRE 4 3 13 3 0 2 0
> GRENADE 2 15 3 4 2
> GRENADE 1 9 7 5 2
> GRENADE 3 13 13 5 2
> GRENADE 4 3 13 5 2
> BAT1 3 1 4 1 3 3 4 3 5 4 7 4 5 5 13 5 7 6 10 7 12 7 9 8 1 9 8 9 11 9 3 11 11 11 15 11 9 12 11 13 5 15
> BAT2 6 1 15 4 12 5 9 10 4 11 1 12 11 12 2 13 13 14 12 15
> BAT3 7 1 3 2 14 3 15 6 15 7 1 10 9 15 10 15
< RES 153 62 1
< MOVE U U
> REQ 153 63 1
> VAMPIRE 2 13 3 3 0 2 0
> VAMPIRE 3 12 13 3 0 2 0
> VAMPIRE 1 7 7 3 0 2 0
> VAMPIRE 4 3 12 3 0 2 0
> GRENADE 2 15 3 3 2
> GRENADE 1 9 9 4 2
> GRENADE 3 13 15 4 2
> GRENADE 4 1 13 4 2
> BAT1 3 1 4 1 3 3 4 3 5 4 7 4 5 5 13 5 7 6 10 7 12 7 9 8 1 9 8 9 11 9 3 11 11 11 15 11 9 12 11 13 5 15
> BAT2 6 1 15 4 12 5 9 10 4 11 1 12 11 12 2 13 13 14 12 15
> BAT3 7 1 3 2 14 3 15 6 15 7 1 10 9 15 10 15
< RES 153 63 1
> REQ 153 64 1
> VAMPIRE 2 13 3 3 0 2 0
> VAMPIRE 3 12 13 3 0 2 0
> VAMPIRE 1 7 7 3 0 2 0
> VAMPIRE 4 3 12 3 0 2 0
> GRENADE 2 15 3 2 2
> GRENADE 1 9 9 3 2
> GRENADE 3 13 15 3 2
> GRENADE 4 1 13 3 2
> BAT1 3 1 4 1 3 3 4 3 5 4 7 4 5 5 13 5 7 6 10 7 12 7 9 8 1 9 8 9 11 9 3 11 11 11 15 11 9 12 11 13 5 15
> BAT2 6 1 15 4 12 5 9 10 4 11 1 12 11 12 2 13 13 14 12 15
> BAT3 7 1 3 2 14 3 15 6 15 7 1 10 9 15 10 15
< RES 153 64 1
< MOVE R R
> REQ 153 65 1
> VAMPIRE 2 13 3 3 0 2 0
> VAMPIRE 3 12 13 3 0 2 0
> VAMPIRE 1 7 9 3 0 2 0
> VAMPIRE 4 3 12 3 0 2 0
> GRENADE 2 15 3 1 2
> GRENADE 1 9 9 2 2
> GRENADE 3 13 15 2 2
> GRENADE 4 1 13 2 2
> BAT1 3 1 4 1 3 3 4 3 5 4 7 4 5 5 13 5 7 6 10 7 12 7 9 8 1 9 8 9 11 9 3 11 11 11 15 11 9 12 11 13 5 15
> BAT2 6 1 15 4 12 5 9 10 4 11 1 12 11 12 2 13 13 14 12 15
> BAT3 7 1 3 2 14 3 15 6 15 7 1 10 9 15 10 15
< RES 153 65 1
< MOVE R R
> REQ 153 66 1
> VAMPIRE 2 13 3 3 1 2 0
> VAMPIRE 3 13 12 3 0 2 0
> VAMPIRE 1 7 11 3 0 2 0
> VAMPIRE 4 3 12 3 0 2 0
> GRENADE 1 9 9 1 2
> GRENADE 3 13 15 1 2
> GRENADE 4 1 13 1 2
> BAT1 3 1 4 1 3 3 4 3 5 4 7 4 15 4 5 5 13 5 7 6 10 7 12 7 9 8 1 9 8 9 11 9 3 11 11 11 15 11 9 12 11 13 5 15
> BAT2 6 1 14 3 12 5 9 10 4 11 1 12 11 12 2 13 13 14 12 15
> BAT3 7 1 3 2 15 6 15 7 1 10 9 15 10 15
< RES 153 66 1
< MOVE D D
> REQ 153 67 1
> VAMPIRE 2 13 3 3 0 2 0
> VAMPIRE 3 12 11 3 1 2 0
> VAMPIRE 1 9 11 3 1 2 0
> VAMPIRE 4 3 12 3 1 2 0
> GRENADE 2 13 3 5 2
> BAT1 3 1 4 1 3 3 4 3 5 4 7 4 15 4 5 5 13 5 7 6 10 7 12 7 1 9 9 10 3 11 11 11 15 11 1 12 9 12 2 13 11 13 13 14 5 15 12 15
> BAT2 6 1 14 3 12 5 4 11 11 12
> BAT3 7 1 3 2 15 6 15 7 1 10 9 15 10 15
< RES 153 67 1
< GRENADE
< MOVE U U
> REQ 153 68 1
> VAMPIRE 2 13 3 3 0 2 0
> VAMPIRE 3 13 11 3 1 2 0
> VAMPIRE 1 7 11 3 0 2 0
> VAMPIRE 4 3 13 3 1 2 0
> GRENADE 2 15 3 4 2
> GRENADE 1 9 11 5 2
> BAT1 3 1 4 1 3 3 4 3 5 4 7 4 15 4 5 5 13 5 7 6 10 7 12 7 1 9 9 10 3 11 11 11 15 11 1 12 9 12 2 13 11 13 13 14 5 15 12 15
> BAT2 6 1 14 3 12 5 4 11 11 12
> BAT3 7 1 3 2 15 6 15 7 1 10 9 15 10 15
< RES 153 68 1
< MOVE L L
> REQ 153 69 1
> VAMPIRE 2 13 3 3 0 2 0
> VAMPIRE 3 13 11 3 0 2 0
> VAMPIRE 1 7 9 3 0 2 0
> VAMPIRE 4 3 13 3 0 2 0
> GRENADE 2 15 3 3 2
> GRENADE 1 9 11 4 2
> GRENADE 3 13 11 5 2
> GRENADE 4 3 13 5 2
> BAT1 3 1 4 1 3 3 4 3 5 4 7 4 15 4 5 5 13 5 7 6 10 7 12 7 1 9 9 10 3 11 11 11 15 11 1 12 9 12 2 13 11 13 13 14 5 15 12 15
> BAT2 6 1 14 3 12 5 4 11 11 12
> BAT3 7 1 3 2 15 6 15 7 1 10 9 15 10 15
< RES 153 69 1
> REQ 153 70 1
> VAMPIRE 2 13 3 3 0 2 0
> VAMPIRE 3 13 9 3 0 2 0
> VAMPIRE 1 7 9 3 0 2 0
> VAMPIRE 4 3 12 3 0 2 0
> GRENADE 2 15 3 2 2
> GRENADE 1 9 11 3 2
> GRENADE 3 13 13 4 2
> GRENADE 4 1 13 4 2
> BAT1 3 1 4 1 3 3 4 3 5 4 7 4 15 4 5 5 13 5 7 6 10 7 12 7 1 9 9 10 3 11 11 11 15 11 1 12 9 12 2 13 11 13 13 14 5 15 12 15
> BAT2 6 1 14 3 12 5 4 11 11 12
> BAT3 7 1 3 2 15 6 15 7 1 10 9 15 10 15
< RES 153 70 1
> REQ 153 71 1
> VAMPIRE 2 13 3 3 0 2 0
> VAMPIRE 3 11 9 3 0 2 0
> VAMPIRE 1 7 9 3 0 2 0
> VAMPIRE 4 3 12 3 0 2 0
> GRENADE 2 15 3 1 2
> GRENADE 1 9 11 2 2
> GRENADE 3 13 13 3 2
> GRENADE 4 1 13 3 2
> BAT1 3 1 4 1 3 3 4 3 5 4 7 4 15 4 5 5 13 5 7 6 10 7 12 7 1 9 9 10 3 11 11 11 15 11 1 12 9 12 2 13 11 13 13 14 5 15 12 15
> BAT2 6 1 14 3 12 5 4 11 11 12
> BAT3 7 1 3 2 15 6 15 7 1 10 9 15 10 15
< RES 153 71 1
< MOVE U U
> REQ 153 72 1
> VAMPIRE 2 13 3 3 1 2 0
> VAMPIRE 3 9 9 3 0 2 0
> VAMPIRE 1 5 9 3 0 2 0
> VAMPIRE 4 3 12 3 0 2 0
> GRENADE 1 9 11 1 2
> GRENADE 3 13 13 2 2
> GRENADE 4 1 13 2 2
> BAT1 3 1 4 1 3 3 4 3 14 3 5 4 7 4 5 5 13 5 7 6 10 7 12 7 1 9 9 10 3 11 11 11 15 11 1 12 9 12 2 13 11 13 13 14 5 15 12 15
> BAT2 6 1 12 5 4 11 11 12
> BAT3 7 1 3 2 15 6 15 7 1 10 9 15 10 15
< RES 153 72 1
< MOVE U U
> REQ 153 73 1
> VAMPIRE 2 13 3 3 0 2 0
> VAMPIRE 3 7 9 3 0 2 0
> VAMPIRE 1 3 9 3 1 2 0
> VAMPIRE 4 3 12 3 0 2 0
> GRENADE 3 13 13 1 2
> GRENADE 4 1 13 1 2
> GRENADE 2 13 3 5 2
> BAT1 3 1 4 1 3 3 4 3 14 3 5 4 7 4 5 5 13 5 7 6 10 7 12 7 1 9 3 11 15 11 1 12 2 13 11 13 13 14 5 15 12 15
> BAT2 6 1 12 5 4 11 11 12
> BAT3 7 1 3 2 15 6 15 7 1 10 9 15 10 15
< RES 153 73 1
< GRENADE
< MOVE D D
> REQ 153 74 1
> VAMPIRE 2 13 2 3 0 2 0
> VAMPIRE 3 5 9 3 1 2 0
> VAMPIRE 1 5 9 3 0 2 0
> VAMPIRE 4 3 12 3 1 2 0
> GRENADE 2 13 3 4 2
> GRENADE 1 3 9 5 2
> BAT1 3 1 4 1 3 3 4 3 14 3 5 4 7 4 5 5 13 5 7 6 10 7 12 7 1 9 3 11 15 11 5 15 12 15
> BAT2 6 1 12 5 4 11 11 12
> BAT3 7 1 3 2 15 6 15 7 1 10 9 15 10 15
< RES 153 74 1
< MOVE D D
> REQ 153 75 1
> VAMPIRE 2 14 1 3 0 2 0
> VAMPIRE 3 5 7 3 1 2 0
> VAMPIRE 1 7 9 3 0 2 0
> VAMPIRE 4 3 12 3 0 2 0
> GRENADE 2 13 3 3 2
> GRENADE 1 3 9 4 2
> GRENADE 4 3 12 5 2
> BAT1 3 1 4 1 3 3 4 3 14 3 5 4 7 4 5 5 13 5 7 6 10 7 12 7 1 9 3 11 15 11 5 15 12 15
> BAT2 6 1 12 5 4 11 11 12
> BAT3 7 1 3 2 15 6 15 7 1 10 9 15 10 15
< RES 153 75 1
> REQ 153 76 1
> VAMPIRE 2 15 2 3 0 2 0
> VAMPIRE 3 7 7 3 1 2 0
> VAMPIRE 1 7 9 3 0 2 0
> VAMPIRE 4 2 13 3 0 2 0
> GRENADE 2 13 3 2 2
> GRENADE 1 3 9 3 2
> GRENADE 4 3 10 4 2
> BAT1 3 1 4 1 3 3 4 3 14 3 5 4 7 4 5 5 13 5 7 6 10 7 12 7 1 9 3 11 15 11 5 15 12 15
> BAT2 6 1 12 5 4 11 11 12
> BAT3 7 1 3 2 15 6 15 7 1 10 9 15 10 15
< RES 153 76 1
< MOVE D D
> REQ 153 77 1
> VAMPIRE 2 15 3 3 0 2 0
> VAMPIRE 3 7 7 3 0 2 0
> VAMPIRE 1 9 9 3 0 2 0
> VAMPIRE 4 1 12 3 0 2 0
> GRENADE 2 13 3 1 2
> GRENADE 1 3 9 2 2
> GRENADE 4 3 10 3 2
> GRENADE 3 7 7 5 2
> BAT1 3 1 4 1 3 3 4 3 14 3 5 4 7 4 5 5 13 5 7 6 10 7 12 7 1 9 3 11 15 11 5 15 12 15
> BAT2 6 1 12 5 4 11 11 12
> BAT3 7 1 3 2 15 6 15 7 1 10 9 15 10 15
< RES 153 77 1
< MOVE D D
> REQ 153 78 1
> VAMPIRE 2 15 3 3 1 2 0
> VAMPIRE 3 7 9 3 0 2 0
> VAMPIRE 1 11 9 3 0 2 0
> VAMPIRE 4 1 11 3 0 2 0
> GRENADE 1 3 9 1 2
> GRENADE 4 3 10 2 2
> GRENADE 3 9 7 4 2
> BAT1 3 1 4 1 3 3 4 3 5 4 7 4 5 5 7 6 10 7 12 7 1 9 3 11 15 11 5 15 12 15
> BAT2 6 1 12 5 4 11 11 12
> BAT3 7 1 3 2 15 6 15 7 1 10 9 15 10 15
< RES 153 78 1
< MOVE L L
> REQ 153 79 1
> VAMPIRE 2 15 4 3 1 2 0
> VAMPIRE 3 8 9 3 0 2 0
> VAMPIRE 1 11 7 3 1 2 0
> VAMPIRE 4 1 11 3 1 2 0
> GRENADE 3 9 7 3 2
> BAT1 3 1 4 1 3 3 4 3 5 4 7 4 5 5 7 6 10 7 12 7 15 11 5 15 12 15
> BAT2 6 1 12 5 4 11 11 12
> BAT3 7 1 3 2 15 6 15 7 1 10 9 15 10 15
< RES 153 79 1
< GRENADE
< MOVE R R
> REQ 153 80 1
> VAMPIRE 2 15 4 3 0 2 0
> VAMPIRE 3 10 9 3 0 2 0
> VAMPIRE 1 11 9 3 0 2 0
> VAMPIRE 4 1 12 3 1 2 0
> GRENADE 3 9 7 2 2
> GRENADE 1 11 7 5 2
> GRENADE 2 15 4 5 2
> BAT1 3 1 4 1 3 3 4 3 5 4 7 4 5 5 7 6 10 7 12 7 15 11 5 15 12 15
> BAT2 6 1 12 5 4 11 11 12
> BAT3 7 1 3 2 15 6 15 7 1 10 9 15 10 15
< RES 153 80 1
< MOVE U
> REQ 153 81 1
> VAMPIRE 2 14 5 3 0 2 0
> VAMPIRE 3 10 9 3 0 2 0
> VAMPIRE 1 10 9 3 0 2 0
> VAMPIRE 4 1 12 3 0 2 0
> GRENADE 3 9 7 1 2
> GRENADE 1 11 7 4 2
> GRENADE 2 15 4 4 2
> GRENADE 4 1 12 5 2
> BAT1 3 1 4 1 3 3 4 3 5 4 7 4 5 5 7 6 10 7 12 7 15 11 5 15 12 15
> BAT2 6 1 12 5 4 11 11 12
> BAT3 7 1 3 2 15 6 15 7 1 10 9 15 10 15
< RES 153 81 1
< MOVE U L
> REQ 153 82 1
> VAMPIRE 2 13 5 3 0 2 0
> VAMPIRE 3 12 9 3 1 2 0
> VAMPIRE 1 9 8 3 0 2 0
> VAMPIRE 4 2 11 3 0 2 0
> GRENADE 1 11 7 3 2
> GRENADE 2 15 4 3 2
> GRENADE 4 1 12 4 2
> BAT1 3 1 4 1 3 3 4 3 5 4 7 4 5 5 7 6 12 7 15 11 5 15 12 15
> BAT2 6 1 12 5 4 11 11 12
> BAT3 7 1 3 2 15 6 15 7 1 10 9 15 10 15
< RES 153 82 1
< MOVE L L
> REQ 153 83 1
> VAMPIRE 2 13 5 3 0 2 0
> VAMPIRE 3 13 8 3 1 2 0
> VAMPIRE 1 9 6 3 0 2 0
> VAMPIRE 4 3 10 3 0 2 0
> GRENADE 1 11 7 2 2
> GRENADE 2 15 4 2 2
> GRENADE 4 1 12 3 2
> BAT1 3 1 4 1 3 3 4 3 5 4 7 4 5 5 7 6 12 7 15 11 5 15 12 15
> BAT2 6 1 12 5 4 11 11 12
> BAT3 7 1 3 2 15 6 15 7 1 10 9 15 10 15
< RES 153 83 1
< MOVE L
> REQ 153 84 1
> VAMPIRE 2 13 5 3 0 2 0
> VAMPIRE 3 13 7 3 1 2 0
> VAMPIRE 1 9 5 3 0 2 0
> VAMPIRE 4 2 9 3 0 2 0
> GRENADE 1 11 7 1 2
> GRENADE 2 15 4 1 2
> GRENADE 4 1 12 2 2
> BAT1 3 1 4 1 3 3 4 3 5 4 7 4 5 5 7 6 12 7 15 11 5 15 12 15
> BAT2 6 1 12 5 4 11 11 12
> BAT3 7 1 3 2 15 6 15 7 1 10 9 15 10 15
< RES 153 84 1
< MOVE U U
> REQ 153 85 1
> VAMPIRE 2 13 5 3 1 2 0
> VAMPIRE 3 13 7 3 0 2 0
> VAMPIRE 1 7 5 3 1 2 0
> VAMPIRE 4 1 8 3 0 2 0
> GRENADE 4 1 12 1 2
> GRENADE 3 13 7 5 2
> BAT1 3 1 4 1 3 3 4 3 5 4 7 4 5 5 7 6 15 11 5 15 12 15
> BAT2 6 1 12 5 15 6 4 11 11 12
> BAT3 7 1 3 2 15 7 1 10 9 15 10 15
< RES 153 85 1
< GRENADE
< MOVE D D
> REQ 153 86 1
> VAMPIRE 2 13 5 3 0 2 0
> VAMPIRE 3 13 6 3 0 2 0
> VAMPIRE 1 9 5 3 0 2 0
> VAMPIRE 4 1 6 3 1 2 0
> GRENADE 3 13 7 4 2
> GRENADE 1 7 5 5 2
> GRENADE 2 13 5 5 2
> BAT1 3 1 4 1 3 3 4 3 5 4 7 4 5 5 7 6 15 11 5 15 12 15
> BAT2 6 1 12 5 15 6 1 10 4 11 11 12
> BAT3 7 1 3 2 15 7 9 15 10 15
< RES 153 86 1
< MOVE R R
> REQ 153 87 1
> VAMPIRE 2 14 5 3 0 2 0
> VAMPIRE 3 13 6 3 0 2 0
> VAMPIRE 1 9 7 3 0 2 0
> VAMPIRE 4 1 5 3 1 2 0
> GRENADE 3 13 7 3 2
> GRENADE 1 7 5 4 2
> GRENADE 2 11 5 4 2
> BAT1 3 1 4 1 3 3 4 3 5 4 7 4 5 5 7 6 15 11 5 15 12 15
> BAT2 6 1 12 5 15 6 1 10 4 11 11 12
> BAT3 7 1 3 2 15 7 9 15 10 15
> END 526.02 No_connected_competitor_left