> MESSAGE OK
> LEVEL 4
> GAMEID 169
> TEST 1
> MAXTICK 600
> GRENADERADIUS 2
> SIZE 15
> REQ 169 0 1
> VAMPIRE 1 1 1 3 1 2 0
> VAMPIRE 2 13 1 3 1 2 0
> VAMPIRE 4 1 13 3 1 2 0
> VAMPIRE 3 13 13 3 1 2 0
> BAT1 2 1 3 1 4 1 3 2 5 2 9 2 11 2 13 2 2 3 3 3 4 3 5 3 6 3 8 3 9 3 10 3 11 3 12 3 13 3 3 4 5 4 9 4 11 4 13 4 2 5 3 5 4 5 5 5 6 5 8 5 9 5 10 5 11 5 12 5 3 6 5 6 9 6 11 6 3 8 5 8 9 8 11 8 2 9 3 9 4 9 5 9 6 9 8 9 9 9 10 9 11 9 12 9 1 10 3 10 5 10 9 10 11 10 1 11 2 11 3 11 4 11 5 11 6 11 8 11 9 11 10 11 11 11 12 11 1 12 3 12 5 12 9 12 11 12 10 13 11 13 12 13
< RES 169 0 1
< GRENADE
< MOVE R R
> REQ 169 1 1
> VAMPIRE 1 1 3 3 0 2 0
> VAMPIRE 2 12 1 3 0 2 0
> VAMPIRE 4 2 13 3 0 2 0
> VAMPIRE 3 13 12 3 0 2 0
> GRENADE 1 1 1 5 2
> GRENADE 2 13 1 5 2
> GRENADE 3 13 13 5 2
> GRENADE 4 1 13 5 2
> POWERUP BATTERY -8 7 4 7
> POWERUP BATTERY -8 7 10 7
> BAT1 2 1 3 1 4 1 3 2 5 2 9 2 11 2 13 2 2 3 3 3 4 3 5 3 6 3 8 3 9 3 10 3 11 3 12 3 13 3 3 4 5 4 9 4 11 4 13 4 2 5 3 5 4 5 5 5 6 5 8 5 9 5 10 5 11 5 12 5 3 6 5 6 9 6 11 6 3 8 5 8 9 8 11 8 2 9 3 9 4 9 5 9 6 9 8 9 9 9 10 9 11 9 12 9 1 10 3 10 5 10 9 10 11 10 1 11 2 11 3 11 4 11 5 11 6 11 8 11 9 11 10 11 11 11 12 11 1 12 3 12 5 12 9 12 11 12 10 13 11 13 12 13
< RES 169 1 1
< MOVE R R
> REQ 169 2 1
> VAMPIRE 1 1 5 3 0 2 0
> VAMPIRE 2 10 1 3 0 2 0
> VAMPIRE 4 4 13 3 0 2 0
> VAMPIRE 3 13 10 3 0 2 0
> GRENADE 1 1 1 4 2
> GRENADE 2 13 1 4 2
> GRENADE 3 13 13 4 2
> GRENADE 4 1 13 4 2
> POWERUP BATTERY -7 7 4 7
> POWERUP BATTERY -7 7 10 7
> BAT1 2 1 3 1 4 1 3 2 5 2 9 2 11 2 13 2 2 3 3 3 4 3 5 3 6 3 8 3 9 3 10 3 11 3 12 3 13 3 3 4 5 4 9 4 11 4 13 4 2 5 3 5 4 5 5 5 6 5 8 5 9 5 10 5 11 5 12 5 3 6 5 6 9 6 11 6 3 8 5 8 9 8 11 8 2 9 3 9 4 9 5 9 6 9 8 9 9 9 10 9 11 9 12 9 1 10 3 10 5 10 9 10 11 10 1 11 2 11 3 11 4 11 5 11 6 11 8 11 9 11 10 11 11 11 12 11 1 12 3 12 5 12 9 12 11 12 10 13 11 13 12 13
< RES 169 2 1
< MOVE R
> REQ 169 3 1
> VAMPIRE 1 1 6 3 0 2 0
> VAMPIRE 2 8 1 3 0 2 0
> VAMPIRE 4 6 13 3 0 2 0
> VAMPIRE 3 13 10 3 0 2 0
> GRENADE 1 1 1 3 2
> GRENADE 2 13 1 3 2
> GRENADE 3 13 13 3 2
> GRENADE 4 1 13 3 2
> POWERUP BATTERY -6 7 4 7
> POWERUP BATTERY -6 7 10 7
> BAT1 2 1 3 1 4 1 3 2 5 2 9 2 11 2 13 2 2 3 3 3 4 3 5 3 6 3 8 3 9 3 10 3 11 3 12 3 13 3 3 4 5 4 9 4 11 4 13 4 2 5 3 5 4 5 5 5 6 5 8 5 9 5 10 5 11 5 12 5 3 6 5 6 9 6 11 6 3 8 5 8 9 8 11 8 2 9 3 9 4 9 5 9 6 9 8 9 9 9 10 9 11 9 12 9 1 10 3 10 5 10 9 10 11 10 1 11 2 11 3 11 4 11 5 11 6 11 8 11 9 11 10 11 11 11 12 11 1 12 3 12 5 12 9 12 11 12 10 13 11 13 12 13
< RES 169 3 1
< MOVE R D
> REQ 169 4 1
> VAMPIRE 1 2 7 3 0 2 0
> VAMPIRE 2 7 2 3 0 2 0
> VAMPIRE 4 7 12 3 0 2 0
> VAMPIRE 3 13 10 3 0 2 0
> GRENADE 1 1 1 2 2
> GRENADE 2 13 1 2 2
> GRENADE 3 13 13 2 2
> GRENADE 4 1 13 2 2
> POWERUP BATTERY -5 7 4 7
> POWERUP BATTERY -5 7 10 7
> BAT1 2 1 3 1 4 1 3 2 5 2 9 2 11 2 13 2 2 3 3 3 4 3 5 3 6 3 8 3 9 3 10 3 11 3 12 3 13 3 3 4 5 4 9 4 11 4 13 4 2 5 3 5 4 5 5 5 6 5 8 5 9 5 10 5 11 5 12 5 3 6 5 6 9 6 11 6 3 8 5 8 9 8 11 8 2 9 3 9 4 9 5 9 6 9 8 9 9 9 10 9 11 9 12 9 1 10 3 10 5 10 9 10 11 10 1 11 2 11 3 11 4 11 5 11 6 11 8 11 9 11 10 11 11 11 12 11 1 12 3 12 5 12 9 12 11 12 10 13 11 13 12 13
< RES 169 4 1
< MOVE D D
> REQ 169 5 1
> VAMPIRE 1 4 7 3 0 2 0
> VAMPIRE 2 7 4 3 0 2 0
> VAMPIRE 4 7 10 3 0 2 0
> VAMPIRE 3 13 10 3 0 2 0
> GRENADE 1 1 1 1 2
> GRENADE 2 13 1 1 2
> GRENADE 3 13 13 1 2
> GRENADE 4 1 13 1 2
> POWERUP BATTERY -4 7 4 7
> POWERUP BATTERY -4 7 10 7
> BAT1 2 1 3 1 4 1 3 2 5 2 9 2 11 2 13 2 2 3 3 3 4 3 5 3 6 3 8 3 9 3 10 3 11 3 12 3 13 3 3 4 5 4 9 4 11 4 13 4 2 5 3 5 4 5 5 5 6 5 8 5 9 5 10 5 11 5 12 5 3 6 5 6 9 6 11 6 3 8 5 8 9 8 11 8 2 9 3 9 4 9 5 9 6 9 8 9 9 9 10 9 11 9 12 9 1 10 3 10 5 10 9 10 11 10 1 11 2 11 3 11 4 11 5 11 6 11 8 11 9 11 10 11 11 11 12 11 1 12 3 12 5 12 9 12 11 12 10 13 11 13 12 13
< RES 169 5 1
< MOVE D
> REQ 169 6 1
> VAMPIRE 1 5 7 3 1 2 0
> VAMPIRE 2 7 4 3 1 2 0
> VAMPIRE 4 7 10 3 1 2 0
> VAMPIRE 3 13 10 3 1 2 0
> POWERUP BATTERY -3 7 4 7
> POWERUP BATTERY -3 7 10 7
> BAT1 3 1 4 1 3 2 5 2 9 2 11 2 2 3 3 3 4 3 5 3 6 3 8 3 9 3 10 3 11 3 12 3 13 3 3 4 5 4 9 4 11 4 13 4 2 5 3 5 4 5 5 5 6 5 8 5 9 5 10 5 11 5 12 5 3 6 5 6 9 6 11 6 3 8 5 8 9 8 11 8 2 9 3 9 4 9 5 9 6 9 8 9 9 9 10 9 11 9 12 9 1 10 3 10 5 10 9 10 11 10 1 11 2 11 3 11 4 11 5 11 6 11 8 11 9 11 10 11 11 11 12 11 3 12 5 12 9 12 11 12 10 13 11 13
< RES 169 6 1
< GRENADE
< MOVE D D
> REQ 169 7 1
> VAMPIRE 1 7 7 3 0 2 0
> VAMPIRE 2 7 5 3 1 2 0
> VAMPIRE 4 7 10 3 1 2 0
> VAMPIRE 3 13 11 3 1 2 0
> GRENADE 1 5 7 5 2
> POWERUP BATTERY -2 7 4 7
> POWERUP BATTERY -2 7 10 7
> BAT1 3 1 4 1 3 2 5 2 9 2 11 2 2 3 3 3 4 3 5 3 6 3 8 3 9 3 10 3 11 3 12 3 13 3 3 4 5 4 9 4 11 4 13 4 2 5 3 5 4 5 5 5 6 5 8 5 9 5 10 5 11 5 12 5 3 6 5 6 9 6 11 6 3 8 5 8 9 8 11 8 2 9 3 9 4 9 5 9 6 9 8 9 9 9 10 9 11 9 12 9 1 10 3 10 5 10 9 10 11 10 1 11 2 11 3 11 4 11 5 11 6 11 8 11 9 11 10 11 11 11 12 11 3 12 5 12 9 12 11 12 10 13 11 13
< RES 169 7 1
< MOVE L L
> REQ 169 8 1
> VAMPIRE 1 7 6 3 0 2 0
> VAMPIRE 2 7 5 3 0 2 0
> VAMPIRE 4 7 9 3 1 2 0
> VAMPIRE 3 13 11 3 0 2 0
> GRENADE 1 5 7 4 2
> GRENADE 2 7 5 5 2
> GRENADE 3 13 11 5 2
> POWERUP BATTERY -1 7 4 7
> POWERUP BATTERY -1 7 10 7
> BAT1 3 1 4 1 3 2 5 2 9 2 11 2 2 3 3 3 4 3 5 3 6 3 8 3 9 3 10 3 11 3 12 3 13 3 3 4 5 4 9 4 11 4 13 4 2 5 3 5 4 5 5 5 6 5 8 5 9 5 10 5 11 5 12 5 3 6 5 6 9 6 11 6 3 8 5 8 9 8 11 8 2 9 3 9 4 9 5 9 6 9 8 9 9 9 10 9 11 9 12 9 1 10 3 10 5 10 9 10 11 10 1 11 2 11 3 11 4 11 5 11 6 11 8 11 9 11 10 11 11 11 12 11 3 12 5 12 9 12 11 12 10 13 11 13
< RES 169 8 1
< MOVE R R
> REQ 169 9 1
> VAMPIRE 1 7 8 3 0 2 0
> VAMPIRE 2 7 4 3 0 2 0
> VAMPIRE 4 7 9 3 0 2 0
> VAMPIRE 3 13 9 3 0 2 0
> GRENADE 1 5 7 3 2
> GRENADE 2 7 5 4 2
> GRENADE 3 13 13 4 2
> GRENADE 4 7 9 5 2
> POWERUP BATTERY 16 7 4 7
> POWERUP BATTERY 16 7 10 7
> BAT1 3 1 4 1 3 2 5 2 9 2 11 2 2 3 3 3 4 3 5 3 6 3 8 3 9 3 10 3 11 3 12 3 13 3 3 4 5 4 9 4 11 4 13 4 2 5 3 5 4 5 5 5 6 5 8 5 9 5 10 5 11 5 12 5 3 6 5 6 9 6 11 6 3 8 5 8 9 8 11 8 2 9 3 9 4 9 5 9 6 9 8 9 9 9 10 9 11 9 12 9 1 10 3 10 5 10 9 10 11 10 1 11 2 11 3 11 4 11 5 11 6 11 8 11 9 11 10 11 11 11 12 11 3 12 5 12 9 12 11 12 10 13 11 13
< RES 169 9 1
> REQ 169 10 1
> VAMPIRE 1 7 8 3 0 2 0
> VAMPIRE 2 7 2 3 0 2 0
> VAMPIRE 4 7 10 3 0 2 0
> VAMPIRE 3 13 9 3 0 2 0
> GRENADE 1 5 7 2 2
> GRENADE 2 7 5 3 2
> GRENADE 3 13 13 3 2
> GRENADE 4 7 9 4 2
> POWERUP BATTERY 15 7 4 7
> POWERUP BATTERY 15 7 10 7
> BAT1 3 1 4 1 3 2 5 2 9 2 11 2 2 3 3 3 4 3 5 3 6 3 8 3 9 3 10 3 11 3 12 3 13 3 3 4 5 4 9 4 11 4 13 4 2 5 3 5 4 5 5 5 6 5 8 5 9 5 10 5 11 5 12 5 3 6 5 6 9 6 11 6 3 8 5 8 9 8 11 8 2 9 3 9 4 9 5 9 6 9 8 9 9 9 10 9 11 9 12 9 1 10 3 10 5 10 9 10 11 10 1 11 2 11 3 11 4 11 5 11 6 11 8 11 9 11 10 11 11 11 12 11 3 12 5 12 9 12 11 12 10 13 11 13
< RES 169 10 1
< GRENADE
> REQ 169 11 1
> WARN Not enough grenade ; GRENADE
> VAMPIRE 1 7 8 3 0 2 0
> VAMPIRE 2 6 1 3 0 2 0
> VAMPIRE 4 7 12 3 0 2 0
> VAMPIRE 3 13 7 3 0 2 0
> GRENADE 1 5 7 1 2
> GRENADE 2 7 5 2 2
> GRENADE 3 13 13 2 2
> GRENADE 4 7 9 3 2
> POWERUP BATTERY 14 7 4 7
> POWERUP BATTERY 14 7 10 7
> BAT1 3 1 4 1 3 2 5 2 9 2 11 2 2 3 3 3 4 3 5 3 6 3 8 3 9 3 10 3 11 3 12 3 13 3 3 4 5 4 9 4 11 4 13 4 2 5 3 5 4 5 5 5 6 5 8 5 9 5 10 5 11 5 12 5 3 6 5 6 9 6 11 6 3 8 5 8 9 8 11 8 2 9 3 9 4 9 5 9 6 9 8 9 9 9 10 9 11 9 12 9 1 10 3 10 5 10 9 10 11 10 1 11 2 11 3 11 4 11 5 11 6 11 8 11 9 11 10 11 11 11 12 11 3 12 5 12 9 12 11 12 10 13 11 13
< RES 169 11 1
> REQ 169 12 1
> VAMPIRE 1 7 8 3 1 2 0
> VAMPIRE 2 5 1 3 0 2 0
> VAMPIRE 4 6 13 3 0 2 0
> VAMPIRE 3 11 7 3 0 2 0
> GRENADE 2 7 5 1 2
> GRENADE 3 13 13 1 2
> GRENADE 4 7 9 2 2
> POWERUP BATTERY 13 7 4 7
> POWERUP BATTERY 13 7 10 7
> BAT1 3 1 4 1 3 2 5 2 9 2 11 2 2 3 3 3 4 3 5 3 6 3 8 3 9 3 10 3 11 3 12 3 13 3 3 4 5 4 9 4 11 4 13 4 2 5 3 5 4 5 5 5 6 5 8 5 9 5 10 5 11 5 12 5 3 6 9 6 11 6 3 8 9 8 11 8 2 9 3 9 4 9 5 9 6 9 8 9 9 9 10 9 11 9 12 9 1 10 3 10 5 10 9 10 11 10 1 11 2 11 3 11 4 11 5 11 6 11 8 11 9 11 10 11 11 11 12 11 3 12 5 12 9 12 11 12 10 13 11 13
< RES 169 12 1
< MOVE L L
> REQ 169 13 1
> VAMPIRE 1 7 6 3 1 2 0
> VAMPIRE 2 5 1 3 1 2 0
> VAMPIRE 4 4 13 3 0 2 0
> VAMPIRE 3 9 7 3 1 2 0
> GRENADE 4 7 9 1 2
> POWERUP BATTERY 12 7 4 7
> POWERUP BATTERY 12 7 10 7
> BAT1 3 1 4 1 3 2 5 2 9 2 11 2 2 3 3 3 4 3 5 3 6 3 8 3 9 3 10 3 11 3 12 3 13 3 3 4 5 4 9 4 11 4 13 4 2 5 3 5 4 5 5 5 9 5 10 5 11 5 12 5 3 6 9 6 11 6 3 8 9 8 11 8 2 9 3 9 4 9 5 9 6 9 8 9 9 9 10 9 11 9 12 9 1 10 3 10 5 10 9 10 11 10 1 11 2 11 3 11 4 11 5 11 6 11 8 11 9 11 10 11 11 11 12 11 3 12 5 12 9 12 11 12 10 13
< RES 169 13 1
< GRENADE
> REQ 169 14 1
> VAMPIRE 1 7 6 3 0 2 0
> VAMPIRE 2 5 1 3 0 2 0
> VAMPIRE 4 2 13 3 1 2 0
> VAMPIRE 3 8 7 3 0 2 0
> GRENADE 1 7 6 5 2
> GRENADE 2 5 1 5 2
> GRENADE 3 9 7 5 2
> POWERUP BATTERY 11 7 4 7
> POWERUP BATTERY 11 7 10 7
> BAT1 3 1 4 1 3 2 5 2 9 2 11 2 2 3 3 3 4 3 5 3 6 3 8 3 9 3 10 3 11 3 12 3 13 3 3 4 5 4 9 4 11 4 13 4 2 5 3 5 4 5 5 5 9 5 10 5 11 5 12 5 3 6 9 6 11 6 3 8 9 8 11 8 2 9 3 9 4 9 5 9 9 9 10 9 11 9 12 9 1 10 3 10 5 10 9 10 11 10 1 11 2 11 3 11 4 11 5 11 6 11 8 11 9 11 10 11 11 11 12 11 3 12 5 12 9 12 11 12 10 13
< RES 169 14 1
< MOVE L L
> REQ 169 15 1
> VAMPIRE 1 7 4 3 0 2 0
> VAMPIRE 2 6 1 3 0 2 0
> VAMPIRE 4 1 12 3 1 2 0
> VAMPIRE 3 7 8 3 0 2 0
> GRENADE 1 7 9 4 2
> GRENADE 2 5 1 4 2
> GRENADE 3 9 7 4 2
> POWERUP BATTERY 10 7 4 7
> POWERUP BATTERY 10 7 10 7
> BAT1 3 1 4 1 3 2 5 2 9 2 11 2 2 3 3 3 4 3 5 3 6 3 8 3 9 3 10 3 11 3 12 3 13 3 3 4 5 4 9 4 11 4 13 4 2 5 3 5 4 5 5 5 9 5 10 5 11 5 12 5 3 6 9 6 11 6 3 8 9 8 11 8 2 9 3 9 4 9 5 9 9 9 10 9 11 9 12 9 1 10 3 10 5 10 9 10 11 10 1 11 2 11 3 11 4 11 5 11 6 11 8 11 9 11 10 11 11 11 12 11 3 12 5 12 9 12 11 12 10 13
< RES 169 15 1
> REQ 169 16 1
> VAMPIRE 1 7 4 3 0 2 0
> VAMPIRE 2 7 2 3 0 2 0
> VAMPIRE 4 1 12 3 0 2 0
> VAMPIRE 3 7 6 3 0 2 0
> GRENADE 1 7 9 3 2
> GRENADE 2 5 1 3 2
> GRENADE 3 9 7 3 2
> GRENADE 4 1 12 5 2
> POWERUP BATTERY 9 7 4 7
> POWERUP BATTERY 9 7 10 7
> BAT1 3 1 4 1 3 2 5 2 9 2 11 2 2 3 3 3 4 3 5 3 6 3 8 3 9 3 10 3 11 3 12 3 13 3 3 4 5 4 9 4 11 4 13 4 2 5 3 5 4 5 5 5 9 5 10 5 11 5 12 5 3 6 9 6 11 6 3 8 9 8 11 8 2 9 3 9 4 9 5 9 9 9 10 9 11 9 12 9 1 10 3 10 5 10 9 10 11 10 1 11 2 11 3 11 4 11 5 11 6 11 8 11 9 11 10 11 11 11 12 11 3 12 5 12 9 12 11 12 10 13
< RES 169 16 1
> REQ 169 17 1
> VAMPIRE 1 7 4 3 0 2 0
> VAMPIRE 2 7 4 3 0 2 0
> VAMPIRE 4 2 13 3 0 2 0
> VAMPIRE 3 7 4 3 0 2 0
> GRENADE 1 7 9 2 2
> GRENADE 2 5 1 2 2
> GRENADE 3 9 7 2 2
> GRENADE 4 1 12 4 2
> POWERUP BATTERY 8 7 4 7
> POWERUP BATTERY 8 7 10 7
> BAT1 3 1 4 1 3 2 5 2 9 2 11 2 2 3 3 3 4 3 5 3 6 3 8 3 9 3 10 3 11 3 12 3 13 3 3 4 5 4 9 4 11 4 13 4 2 5 3 5 4 5 5 5 9 5 10 5 11 5 12 5 3 6 9 6 11 6 3 8 9 8 11 8 2 9 3 9 4 9 5 9 9 9 10 9 11 9 12 9 1 10 3 10 5 10 9 10 11 10 1 11 2 11 3 11 4 11 5 11 6 11 8 11 9 11 10 11 11 11 12 11 3 12 5 12 9 12 11 12 10 13
< RES 169 17 1
> REQ 169 18 1
> VAMPIRE 1 7 4 3 0 2 0
> VAMPIRE 2 7 4 3 0 2 0
> VAMPIRE 4 2 13 3 0 2 0
> VAMPIRE 3 7 4 3 0 2 0
> GRENADE 1 7 9 1 2
> GRENADE 2 5 1 1 2
> GRENADE 3 9 7 1 2
> GRENADE 4 1 12 3 2
> POWERUP BATTERY 7 7 4 7
> POWERUP BATTERY 7 7 10 7
> BAT1 3 1 4 1 3 2 5 2 9 2 11 2 2 3 3 3 4 3 5 3 6 3 8 3 9 3 10 3 11 3 12 3 13 3 3 4 5 4 9 4 11 4 13 4 2 5 3 5 4 5 5 5 9 5 10 5 11 5 12 5 3 6 9 6 11 6 3 8 9 8 11 8 2 9 3 9 4 9 5 9 9 9 10 9 11 9 12 9 1 10 3 10 5 10 9 10 11 10 1 11 2 11 3 11 4 11 5 11 6 11 8 11 9 11 10 11 11 11 12 11 3 12 5 12 9 12 11 12 10 13
< RES 169 18 1
< MOVE R
> REQ 169 19 1
> VAMPIRE 1 7 5 3 1 2 0
> VAMPIRE 2 7 4 3 1 2 0
> VAMPIRE 4 2 13 3 0 2 0
> VAMPIRE 3 7 4 3 1 2 0
> GRENADE 4 1 12 2 2
> POWERUP BATTERY 6 7 4 7
> POWERUP BATTERY 6 7 10 7
> BAT1 3 1 3 2 9 2 11 2 2 3 3 3 4 3 5 3 6 3 8 3 9 3 10 3 11 3 12 3 13 3 3 4 5 4 9 4 11 4 13 4 2 5 3 5 4 5 5 5 9 5 10 5 11 5 12 5 3 6 11 6 3 8 11 8 2 9 3 9 4 9 10 9 11 9 12 9 1 10 3 10 5 10 9 10 11 10 1 11 2 11 3 11 4 11 5 11 6 11 8 11 9 11 10 11 11 11 12 11 3 12 5 12 9 12 11 12 10 13
< RES 169 19 1
< GRENADE
> REQ 169 20 1
> VAMPIRE 1 7 5 3 0 2 0
> VAMPIRE 2 7 3 3 1 2 0
> VAMPIRE 4 2 13 3 0 2 0
> VAMPIRE 3 7 3 3 1 2 0
> GRENADE 4 1 12 1 2
> GRENADE 1 7 5 5 2
> POWERUP BATTERY 5 7 4 7
> POWERUP BATTERY 5 7 10 7
> BAT1 3 1 3 2 9 2 11 2 2 3 3 3 4 3 5 3 6 3 8 3 9 3 10 3 11 3 12 3 13 3 3 4 5 4 9 4 11 4 13 4 2 5 3 5 4 5 5 5 9 5 10 5 11 5 12 5 3 6 11 6 3 8 11 8 2 9 3 9 4 9 10 9 11 9 12 9 1 10 3 10 5 10 9 10 11 10 1 11 2 11 3 11 4 11 5 11 6 11 8 11 9 11 10 11 11 11 12 11 3 12 5 12 9 12 11 12 10 13
< RES 169 20 1
< MOVE R R
> REQ 169 21 1
> VAMPIRE 1 7 7 3 0 2 0
> VAMPIRE 2 7 3 3 0 2 0
> VAMPIRE 4 2 13 3 1 2 0
> VAMPIRE 3 7 4 3 1 2 0
> GRENADE 1 7 5 4 2
> GRENADE 2 7 3 5 2
> POWERUP BATTERY 4 7 4 7
> POWERUP BATTERY 4 7 10 7
> BAT1 3 1 3 2 9 2 11 2 2 3 3 3 4 3 5 3 6 3 8 3 9 3 10 3 11 3 12 3 13 3 3 4 5 4 9 4 11 4 13 4 2 5 3 5 4 5 5 5 9 5 10 5 11 5 12 5 3 6 11 6 3 8 11 8 2 9 3 9 4 9 10 9 11 9 12 9 1 10 3 10 5 10 9 10 11 10 2 11 3 11 4 11 5 11 6 11 8 11 9 11 10 11 11 11 12 11 3 12 5 12 9 12 11 12 10 13
< RES 169 21 1
< MOVE R R
> REQ 169 22 1
> VAMPIRE 1 7 9 3 0 2 0
> VAMPIRE 2 7 2 3 0 2 0
> VAMPIRE 4 1 12 3 1 2 0
> VAMPIRE 3 7 4 3 0 2 0
> GRENADE 1 7 5 3 2
> GRENADE 2 7 5 4 2
> GRENADE 3 7 4 5 2
> POWERUP BATTERY 3 7 4 7
> POWERUP BATTERY 3 7 10 7
> BAT1 3 1 3 2 9 2 11 2 2 3 3 3 4 3 5 3 6 3 8 3 9 3 10 3 11 3 12 3 13 3 3 4 5 4 9 4 11 4 13 4 2 5 3 5 4 5 5 5 9 5 10 5 11 5 12 5 3 6 11 6 3 8 11 8 2 9 3 9 4 9 10 9 11 9 12 9 1 10 3 10 5 10 9 10 11 10 2 11 3 11 4 11 5 11 6 11 8 11 9 11 10 11 11 11 12 11 3 12 5 12 9 12 11 12 10 13
< RES 169 22 1
< MOVE R
> REQ 169 23 1
> VAMPIRE 1 7 10 3 0 2 0
> VAMPIRE 2 6 1 3 0 2 0
> VAMPIRE 4 1 11 3 1 2 0
> VAMPIRE 3 7 2 3 0 2 0
> GRENADE 1 7 5 2 2
> GRENADE 2 7 5 3 2
> GRENADE 3 7 4 4 2
> POWERUP BATTERY 2 7 4 7
> POWERUP BATTERY 2 7 10 7
> BAT1 3 1 3 2 9 2 11 2 2 3 3 3 4 3 5 3 6 3 8 3 9 3 10 3 11 3 12 3 13 3 3 4 5 4 9 4 11 4 13 4 2 5 3 5 4 5 5 5 9 5 10 5 11 5 12 5 3 6 11 6 3 8 11 8 2 9 3 9 4 9 10 9 11 9 12 9 1 10 3 10 5 10 9 10 11 10 2 11 3 11 4 11 5 11 6 11 8 11 9 11 10 11 11 11 12 11 3 12 5 12 9 12 11 12 10 13
< RES 169 23 1
> REQ 169 24 1
> VAMPIRE 1 7 10 3 0 2 0
> VAMPIRE 2 6 1 3 0 2 0
> VAMPIRE 4 1 11 3 0 2 0
> VAMPIRE 3 6 1 3 0 2 0
> GRENADE 1 7 5 1 2
> GRENADE 2 7 5 2 2
> GRENADE 3 7 4 3 2
> GRENADE 4 1 11 5 2
> POWERUP BATTERY 1 7 4 7
> POWERUP BATTERY 1 7 10 7
> BAT1 3 1 3 2 9 2 11 2 2 3 3 3 4 3 5 3 6 3 8 3 9 3 10 3 11 3 12 3 13 3 3 4 5 4 9 4 11 4 13 4 2 5 3 5 4 5 5 5 9 5 10 5 11 5 12 5 3 6 11 6 3 8 11 8 2 9 3 9 4 9 10 9 11 9 12 9 1 10 3 10 5 10 9 10 11 10 2 11 3 11 4 11 5 11 6 11 8 11 9 11 10 11 11 11 12 11 3 12 5 12 9 12 11 12 10 13
< RES 169 24 1
> REQ 169 25 1
> VAMPIRE 1 7 10 3 1 2 0
> VAMPIRE 2 6 1 3 1 2 0
> VAMPIRE 4 1 11 3 0 2 0
> VAMPIRE 3 7 1 3 1 2 0
> GRENADE 4 1 9 4 2
> BAT1 3 1 3 2 9 2 11 2 2 3 3 3 4 3 5 3 6 3 8 3 9 3 10 3 11 3 12 3 13 3 3 4 5 4 9 4 11 4 13 4 2 5 3 5 4 5 10 5 11 5 12 5 3 6 11 6 3 8 11 8 2 9 3 9 4 9 10 9 11 9 12 9 1 10 3 10 5 10 9 10 11 10 2 11 3 11 4 11 5 11 6 11 8 11 9 11 10 11 11 11 12 11 3 12 5 12 9 12 11 12 10 13
< RES 169 25 1
< MOVE R
> REQ 169 26 1
> VAMPIRE 1 7 11 3 1 2 0
> VAMPIRE 2 5 1 3 1 2 0
> VAMPIRE 4 1 11 3 0 2 0
> VAMPIRE 3 5 1 3 1 2 0
> GRENADE 4 1 9 3 2
> BAT1 3 1 3 2 9 2 11 2 2 3 3 3 4 3 5 3 6 3 8 3 9 3 10 3 11 3 12 3 13 3 3 4 5 4 9 4 11 4 13 4 2 5 3 5 4 5 10 5 11 5 12 5 3 6 11 6 3 8 11 8 2 9 3 9 4 9 10 9 11 9 12 9 1 10 3 10 5 10 9 10 11 10 2 11 3 11 4 11 5 11 6 11 8 11 9 11 10 11 11 11 12 11 3 12 5 12 9 12 11 12 10 13
< RES 169 26 1
< GRENADE
< MOVE L L
> REQ 169 27 1
> VAMPIRE 1 7 9 3 0 2 0
> VAMPIRE 2 5 1 3 0 2 0
> VAMPIRE 4 1 11 3 0 2 0
> VAMPIRE 3 5 2 3 1 2 0
> GRENADE 4 1 9 2 2
> GRENADE 1 7 11 5 2
> GRENADE 2 5 1 5 2
> BAT1 3 1 3 2 9 2 11 2 2 3 3 3 4 3 5 3 6 3 8 3 9 3 10 3 11 3 12 3 13 3 3 4 5 4 9 4 11 4 13 4 2 5 3 5 4 5 10 5 11 5 12 5 3 6 11 6 3 8 11 8 2 9 3 9 4 9 10 9 11 9 12 9 1 10 3 10 5 10 9 10 11 10 2 11 3 11 4 11 5 11 6 11 8 11 9 11 10 11 11 11 12 11 3 12 5 12 9 12 11 12 10 13
< RES 169 27 1
< MOVE L L
> REQ 169 28 1
> VAMPIRE 1 7 7 3 0 2 0
> VAMPIRE 2 6 1 3 0 2 0
> VAMPIRE 4 1 11 3 0 2 0
> VAMPIRE 3 5 2 3 0 2 0
> GRENADE 4 1 9 1 2
> GRENADE 1 7 11 4 2
> GRENADE 2 5 1 4 2
> GRENADE 3 5 2 5 2
> BAT1 3 1 3 2 9 2 11 2 2 3 3 3 4 3 5 3 6 3 8 3 9 3 10 3 11 3 12 3 13 3 3 4 5 4 9 4 11 4 13 4 2 5 3 5 4 5 10 5 11 5 12 5 3 6 11 6 3 8 11 8 2 9 3 9 4 9 10 9 11 9 12 9 1 10 3 10 5 10 9 10 11 10 2 11 3 11 4 11 5 11 6 11 8 11 9 11 10 11 11 11 12 11 3 12 5 12 9 12 11 12 10 13
< RES 169 28 1
> REQ 169 29 1
> VAMPIRE 1 7 7 3 0 2 0
> VAMPIRE 2 7 2 3 0 2 0
> VAMPIRE 4 1 11 3 1 2 0
> VAMPIRE 3 5 2 3 0 2 0
> GRENADE 1 7 11 3 2
> GRENADE 2 5 1 3 2
> GRENADE 3 5 2 4 2
> BAT1 3 1 3 2 9 2 11 2 2 3 3 3 4 3 5 3 6 3 8 3 9 3 10 3 11 3 12 3 13 3 3 4 5 4 9 4 11 4 13 4 2 5 3 5 4 5 10 5 11 5 12 5 3 6 11 6 3 8 11 8 3 9 4 9 10 9 11 9 12 9 3 10 5 10 9 10 11 10 2 11 3 11 4 11 5 11 6 11 8 11 9 11 10 11 11 11 12 11 3 12 5 12 9 12 11 12 10 13
< RES 169 29 1
> REQ 169 30 1
> VAMPIRE 1 7 7 3 0 2 0
> VAMPIRE 2 7 3 3 0 2 0
> VAMPIRE 4 1 11 3 0 2 0
> VAMPIRE 3 5 2 3 0 2 0
> GRENADE 1 7 11 2 2
> GRENADE 2 5 1 2 2
> GRENADE 3 5 2 3 2
> GRENADE 4 1 11 5 2
> POWERUP GRENADE -8 10 7 6
> POWERUP GRENADE -8 4 7 6
> BAT1 3 1 3 2 9 2 11 2 2 3 3 3 4 3 5 3 6 3 8 3 9 3 10 3 11 3 12 3 13 3 3 4 5 4 9 4 11 4 13 4 2 5 3 5 4 5 10 5 11 5 12 5 3 6 11 6 3 8 11 8 3 9 4 9 10 9 11 9 12 9 3 10 5 10 9 10 11 10 2 11 3 11 4 11 5 11 6 11 8 11 9 11 10 11 11 11 12 11 3 12 5 12 9 12 11 12 10 13
< RES 169 30 1
< MOVE D D
> REQ 169 31 1
> VAMPIRE 1 9 7 3 0 2 0
> VAMPIRE 2 7 3 3 0 2 0
> VAMPIRE 4 1 12 3 0 2 0
> VAMPIRE 3 5 2 3 0 2 0
> GRENADE 1 7 11 1 2
> GRENADE 2 5 1 1 2
> GRENADE 3 7 2 2 2
> GRENADE 4 1 9 4 2
> POWERUP GRENADE -7 10 7 6
> POWERUP GRENADE -7 4 7 6
> BAT1 3 1 3 2 9 2 11 2 2 3 3 3 4 3 5 3 6 3 8 3 9 3 10 3 11 3 12 3 13 3 3 4 5 4 9 4 11 4 13 4 2 5 3 5 4 5 10 5 11 5 12 5 3 6 11 6 3 8 11 8 3 9 4 9 10 9 11 9 12 9 3 10 5 10 9 10 11 10 2 11 3 11 4 11 5 11 6 11 8 11 9 11 10 11 11 11 12 11 3 12 5 12 9 12 11 12 10 13
< RES 169 31 1
< MOVE L
> REQ 169 32 1
> VAMPIRE 1 9 6 3 1 2 0
> VAMPIRE 2 7 5 3 1 2 0
> VAMPIRE 4 1 12 3 0 2 0
> VAMPIRE 3 5 2 2 0 2 0
> GRENADE 3 7 2 1 2
> GRENADE 4 1 9 3 2
> POWERUP GRENADE -6 10 7 6
> POWERUP GRENADE -6 4 7 6
> BAT1 3 2 9 2 11 2 2 3 3 3 4 3 6 3 8 3 9 3 10 3 11 3 12 3 13 3 3 4 5 4 9 4 11 4 13 4 2 5 3 5 4 5 10 5 11 5 12 5 3 6 11 6 3 8 11 8 3 9 4 9 10 9 11 9 12 9 3 10 5 10 9 10 11 10 2 11 3 11 4 11 5 11 9 11 10 11 11 11 12 11 3 12 5 12 9 12 11 12 10 13
< RES 169 32 1
< GRENADE
< MOVE R D
> REQ 169 33 1
> VAMPIRE 1 10 7 3 0 2 0
> VAMPIRE 2 9 5 3 1 2 0
> VAMPIRE 4 1 12 3 0 2 0
> VAMPIRE 3 5 3 2 1 2 0
> GRENADE 4 1 9 2 2
> GRENADE 1 9 6 5 2
> POWERUP GRENADE -5 10 7 6
> POWERUP GRENADE -5 4 7 6
> BAT1 3 2 9 2 11 2 2 3 3 3 4 3 6 3 8 3 9 3 10 3 11 3 12 3 13 3 3 4 5 4 9 4 11 4 13 4 2 5 3 5 4 5 10 5 11 5 12 5 3 6 11 6 3 8 11 8 3 9 4 9 10 9 11 9 12 9 3 10 5 10 9 10 11 10 2 11 3 11 4 11 5 11 9 11 10 11 11 11 12 11 3 12 5 12 9 12 11 12 10 13
< RES 169 33 1
< MOVE U
> REQ 169 34 1
> VAMPIRE 1 9 7 3 0 2 0
> VAMPIRE 2 9 5 3 0 2 0
> VAMPIRE 4 1 12 3 0 2 0
> VAMPIRE 3 5 3 2 1 2 0
> GRENADE 4 1 9 1 2
> GRENADE 1 9 6 4 2
> GRENADE 2 9 5 5 2
> POWERUP GRENADE -4 10 7 6
> POWERUP GRENADE -4 4 7 6
> BAT1 3 2 9 2 11 2 2 3 3 3 4 3 6 3 8 3 9 3 10 3 11 3 12 3 13 3 3 4 5 4 9 4 11 4 13 4 2 5 3 5 4 5 10 5 11 5 12 5 3 6 11 6 3 8 11 8 3 9 4 9 10 9 11 9 12 9 3 10 5 10 9 10 11 10 2 11 3 11 4 11 5 11 9 11 10 11 11 11 12 11 3 12 5 12 9 12 11 12 10 13
< RES 169 34 1
< MOVE D
> REQ 169 35 1
> VAMPIRE 1 10 7 3 0 2 0
> VAMPIRE 2 8 5 3 0 2 0
> VAMPIRE 4 1 12 3 1 2 0
> VAMPIRE 3 5 3 2 1 2 0
> GRENADE 1 9 5 3 2
> GRENADE 2 9 5 4 2
> POWERUP GRENADE -3 10 7 6
> POWERUP GRENADE -3 4 7 6
> BAT1 3 2 9 2 11 2 2 3 3 3 4 3 6 3 8 3 9 3 10 3 11 3 12 3 13 3 3 4 5 4 9 4 11 4 13 4 2 5 3 5 4 5 10 5 11 5 12 5 3 6 11 6 3 8 11 8 4 9 10 9 11 9 12 9 3 10 5 10 9 10 11 10 2 11 3 11 4 11 5 11 9 11 10 11 11 11 12 11 3 12 5 12 9 12 11 12 10 13
< RES 169 35 1
> REQ 169 36 1
> VAMPIRE 1 10 7 3 0 2 0
> VAMPIRE 2 7 6 3 0 2 0
> VAMPIRE 4 1 10 3 1 2 0
> VAMPIRE 3 5 3 2 0 2 0
> GRENADE 1 9 5 2 2
> GRENADE 2 9 5 3 2
> GRENADE 3 5 3 5 2
> POWERUP GRENADE -2 10 7 6
> POWERUP GRENADE -2 4 7 6
> BAT1 3 2 9 2 11 2 2 3 3 3 4 3 6 3 8 3 9 3 10 3 11 3 12 3 13 3 3 4 5 4 9 4 11 4 13 4 2 5 3 5 4 5 10 5 11 5 12 5 3 6 11 6 3 8 11 8 4 9 10 9 11 9 12 9 3 10 5 10 9 10 11 10 2 11 3 11 4 11 5 11 9 11 10 11 11 11 12 11 3 12 5 12 9 12 11 12 10 13
< RES 169 36 1
> REQ 169 37 1
> VAMPIRE 1 10 7 3 0 2 0
> VAMPIRE 2 6 7 3 0 2 0
> VAMPIRE 4 1 9 3 1 2 0
> VAMPIRE 3 5 1 2 0 2 0
> GRENADE 1 9 5 1 2
> GRENADE 2 9 5 2 2
> GRENADE 3 5 3 4 2
> POWERUP GRENADE -1 10 7 6
> POWERUP GRENADE -1 4 7 6
> BAT1 3 2 9 2 11 2 2 3 3 3 4 3 6 3 8 3 9 3 10 3 11 3 12 3 13 3 3 4 5 4 9 4 11 4 13 4 2 5 3 5 4 5 10 5 11 5 12 5 3 6 11 6 3 8 11 8 4 9 10 9 11 9 12 9 3 10 5 10 9 10 11 10 2 11 3 11 4 11 5 11 9 11 10 11 11 11 12 11 3 12 5 12 9 12 11 12 10 13
< RES 169 37 1
< MOVE D
> REQ 169 38 1
> VAMPIRE 1 11 7 3 1 2 0
> VAMPIRE 2 4 7 3 1 2 0
> VAMPIRE 4 3 9 3 1 2 0
> VAMPIRE 3 6 1 2 0 2 0
> GRENADE 3 5 3 3 2
> POWERUP GRENADE 10 10 7 6
> POWERUP GRENADE 10 4 7 6
> BAT1 3 2 9 2 11 2 2 3 3 3 4 3 6 3 8 3 9 3 10 3 11 3 12 3 13 3 3 4 5 4 11 4 13 4 2 5 3 5 4 5 11 5 12 5 3 6 11 6 3 8 11 8 4 9 10 9 11 9 12 9 3 10 5 10 9 10 11 10 2 11 3 11 4 11 5 11 9 11 10 11 11 11 12 11 3 12 5 12 9 12 11 12 10 13
< RES 169 38 1
< GRENADE
< MOVE U U
> REQ 169 39 1
> VAMPIRE 1 9 7 3 0 2 0
> VAMPIRE 2 3 7 3 1 2 0
> VAMPIRE 4 3 9 3 0 2 0
> VAMPIRE 3 4 1 2 0 2 0
> GRENADE 3 5 3 2 2
> GRENADE 1 11 7 5 2
> GRENADE 4 3 9 5 2
> POWERUP GRENADE 9 10 7 6
> POWERUP GRENADE 9 4 7 6
> BAT1 3 2 9 2 11 2 2 3 3 3 4 3 6 3 8 3 9 3 10 3 11 3 12 3 13 3 3 4 5 4 11 4 13 4 2 5 3 5 4 5 11 5 12 5 3 6 11 6 3 8 11 8 4 9 10 9 11 9 12 9 3 10 5 10 9 10 11 10 2 11 3 11 4 11 5 11 9 11 10 11 11 11 12 11 3 12 5 12 9 12 11 12 10 13
< RES 169 39 1
< MOVE D
> REQ 169 40 1
> VAMPIRE 1 10 7 3 0 2 0
> VAMPIRE 2 3 7 3 0 2 0
> VAMPIRE 4 1 9 3 0 2 0
> VAMPIRE 3 3 1 2 0 2 0
> GRENADE 3 5 3 1 2
> GRENADE 1 11 7 4 2
> GRENADE 4 3 9 4 2
> GRENADE 2 3 7 5 2
> POWERUP GRENADE 8 10 7 6
> POWERUP GRENADE 8 4 7 6
> BAT1 3 2 9 2 11 2 2 3 3 3 4 3 6 3 8 3 9 3 10 3 11 3 12 3 13 3 3 4 5 4 11 4 13 4 2 5 3 5 4 5 11 5 12 5 3 6 11 6 3 8 11 8 4 9 10 9 11 9 12 9 3 10 5 10 9 10 11 10 2 11 3 11 4 11 5 11 9 11 10 11 11 11 12 11 3 12 5 12 9 12 11 12 10 13
< RES 169 40 1
> REQ 169 41 1
> VAMPIRE 1 10 7 3 0 2 0
> VAMPIRE 2 4 7 3 0 2 0
> VAMPIRE 4 1 8 3 0 2 0
> VAMPIRE 3 3 1 2 1 2 0
> GRENADE 1 11 7 3 2
> GRENADE 4 3 9 3 2
> GRENADE 2 3 9 4 2
> POWERUP GRENADE 7 10 7 6
> POWERUP GRENADE 7 4 7 6
> BAT1 3 2 9 2 11 2 2 3 3 3 8 3 9 3 10 3 11 3 12 3 13 3 3 4 11 4 13 4 2 5 3 5 4 5 11 5 12 5 3 6 11 6 3 8 11 8 4 9 10 9 11 9 12 9 3 10 5 10 9 10 11 10 2 11 3 11 4 11 5 11 9 11 10 11 11 11 12 11 3 12 5 12 9 12 11 12 10 13
< RES 169 41 1
< MOVE U
> REQ 169 42 1
> VAMPIRE 1 9 7 3 0 2 0
> VAMPIRE 2 4 7 3 0 2 0
> VAMPIRE 4 2 7 3 0 2 0
> VAMPIRE 3 3 1 2 0 2 0
> GRENADE 1 11 7 2 2
> GRENADE 4 3 9 2 2
> GRENADE 2 3 9 3 2
> GRENADE 3 3 1 5 2
> POWERUP GRENADE 6 10 7 6
> POWERUP GRENADE 6 4 7 6
> BAT1 3 2 9 2 11 2 2 3 3 3 8 3 9 3 10 3 11 3 12 3 13 3 3 4 11 4 13 4 2 5 3 5 4 5 11 5 12 5 3 6 11 6 3 8 11 8 4 9 10 9 11 9 12 9 3 10 5 10 9 10 11 10 2 11 3 11 4 11 5 11 9 11 10 11 11 11 12 11 3 12 5 12 9 12 11 12 10 13
< RES 169 42 1
< MOVE L
> REQ 169 43 1
> VAMPIRE 1 9 6 3 0 2 0
> VAMPIRE 2 4 7 3 0 2 0
> VAMPIRE 4 4 7 3 0 2 0
> VAMPIRE 3 1 1 2 0 2 0
> GRENADE 1 11 7 1 2
> GRENADE 4 3 9 1 2
> GRENADE 2 3 9 2 2
> GRENADE 3 3 1 4 2
> POWERUP GRENADE 5 10 7 6
> POWERUP GRENADE 5 4 7 6
> BAT1 3 2 9 2 11 2 2 3 3 3 8 3 9 3 10 3 11 3 12 3 13 3 3 4 11 4 13 4 2 5 3 5 4 5 11 5 12 5 3 6 11 6 3 8 11 8 4 9 10 9 11 9 12 9 3 10 5 10 9 10 11 10 2 11 3 11 4 11 5 11 9 11 10 11 11 11 12 11 3 12 5 12 9 12 11 12 10 13
< RES 169 43 1
< MOVE L
> REQ 169 44 1
> VAMPIRE 1 9 5 3 1 2 0
> VAMPIRE 2 4 7 3 1 2 0
> VAMPIRE 4 4 7 3 1 2 0
> VAMPIRE 3 1 3 2 0 2 0
> GRENADE 3 3 1 3 2
> POWERUP GRENADE 4 10 7 6
> POWERUP GRENADE 4 4 7 6
> BAT1 3 2 9 2 11 2 2 3 3 3 8 3 9 3 10 3 11 3 12 3 13 3 3 4 11 4 13 4 2 5 3 5 4 5 11 5 12 5 3 6 10 9 11 9 12 9 5 10 9 10 11 10 2 11 3 11 4 11 5 11 9 11 10 11 11 11 12 11 3 12 5 12 9 12 11 12 10 13
< RES 169 44 1
< GRENADE
< MOVE R R
> REQ 169 45 1
> VAMPIRE 1 9 7 3 0 2 0
> VAMPIRE 2 3 7 3 1 2 0
> VAMPIRE 4 3 7 3 1 2 0
> VAMPIRE 3 1 5 2 0 2 0
> GRENADE 3 3 1 2 2
> GRENADE 1 9 5 5 2
> POWERUP GRENADE 3 10 7 6
> POWERUP GRENADE 3 4 7 6
> BAT1 3 2 9 2 11 2 2 3 3 3 8 3 9 3 10 3 11 3 12 3 13 3 3 4 11 4 13 4 2 5 3 5 4 5 11 5 12 5 3 6 10 9 11 9 12 9 5 10 9 10 11 10 2 11 3 11 4 11 5 11 9 11 10 11 11 11 12 11 3 12 5 12 9 12 11 12 10 13
< RES 169 45 1
< MOVE D
> REQ 169 46 1
> VAMPIRE 1 10 7 3 0 2 0
> VAMPIRE 2 3 8 3 1 2 0
> VAMPIRE 4 3 8 3 1 2 0
> VAMPIRE 3 1 7 2 0 2 0
> GRENADE 3 3 1 1 2
> GRENADE 1 9 5 4 2
> POWERUP GRENADE 2 10 7 6
> POWERUP GRENADE 2 4 7 6
> BAT1 3 2 9 2 11 2 2 3 3 3 8 3 9 3 10 3 11 3 12 3 13 3 3 4 11 4 13 4 2 5 3 5 4 5 11 5 12 5 3 6 10 9 11 9 12 9 5 10 9 10 11 10 2 11 3 11 4 11 5 11 9 11 10 11 11 11 12 11 3 12 5 12 9 12 11 12 10 13
< RES 169 46 1
> REQ 169 47 1
> VAMPIRE 1 10 7 3 0 2 0
> VAMPIRE 2 3 7 3 1 2 0
> VAMPIRE 4 3 7 3 1 2 0
> VAMPIRE 3 3 7 2 1 2 0
> GRENADE 1 9 5 3 2
> POWERUP GRENADE 1 10 7 6
> POWERUP GRENADE 1 4 7 6
> BAT1 9 2 11 2 2 3 3 3 8 3 9 3 10 3 11 3 12 3 13 3 3 4 11 4 13 4 2 5 3 5 4 5 11 5 12 5 3 6 10 9 11 9 12 9 5 10 9 10 11 10 2 11 3 11 4 11 5 11 9 11 10 11 11 11 12 11 3 12 5 12 9 12 11 12 10 13
< RES 169 47 1
> REQ 169 48 1
> VAMPIRE 1 10 7 3 0 2 0
> VAMPIRE 2 3 8 3 1 2 0
> VAMPIRE 4 3 8 3 1 2 0
> VAMPIRE 3 3 8 2 1 2 0
> GRENADE 1 9 5 2 2
> BAT1 9 2 11 2 2 3 3 3 8 3 9 3 10 3 11 3 12 3 13 3 3 4 11 4 13 4 2 5 3 5 4 5 11 5 12 5 3 6 10 9 11 9 12 9 5 10 9 10 11 10 2 11 3 11 4 11 5 11 9 11 10 11 11 11 12 11 3 12 5 12 9 12 11 12 10 13
< RES 169 48 1
< MOVE D
> REQ 169 49 1
> VAMPIRE 1 11 7 3 0 2 0
> VAMPIRE 2 3 10 3 1 2 0
> VAMPIRE 4 3 10 3 1 2 0
> VAMPIRE 3 3 10 2 1 2 0
> GRENADE 1 9 5 1 2
> BAT1 9 2 11 2 2 3 3 3 8 3 9 3 10 3 11 3 12 3 13 3 3 4 11 4 13 4 2 5 3 5 4 5 11 5 12 5 3 6 10 9 11 9 12 9 5 10 9 10 11 10 2 11 3 11 4 11 5 11 9 11 10 11 11 11 12 11 3 12 5 12 9 12 11 12 10 13
< RES 169 49 1
> REQ 169 50 1
> VAMPIRE 1 11 7 3 1 2 0
> VAMPIRE 2 3 8 3 1 2 0
> VAMPIRE 4 3 8 3 1 2 0
> VAMPIRE 3 3 8 2 1 2 0
> BAT1 9 2 11 2 2 3 3 3 8 3 10 3 11 3 12 3 13 3 3 4 11 4 13 4 2 5 3 5 4 5 12 5 3 6 10 9 11 9 12 9 5 10 9 10 11 10 2 11 3 11 4 11 5 11 9 11 10 11 11 11 12 11 3 12 5 12 9 12 11 12 10 13
< RES 169 50 1
< GRENADE
> REQ 169 51 1
> VAMPIRE 1 11 7 3 0 2 0
> VAMPIRE 2 3 10 3 1 2 0
> VAMPIRE 4 3 10 3 1 2 0
> VAMPIRE 3 3 10 2 1 2 0
> GRENADE 1 11 7 5 2
> BAT1 9 2 11 2 2 3 3 3 8 3 10 3 11 3 12 3 13 3 3 4 11 4 13 4 2 5 3 5 4 5 12 5 3 6 10 9 11 9 12 9 5 10 9 10 11 10 2 11 3 11 4 11 5 11 9 11 10 11 11 11 12 11 3 12 5 12 9 12 11 12 10 13
< RES 169 51 1
< MOVE U U
> REQ 169 52 1
> VAMPIRE 1 9 7 3 0 2 0
> VAMPIRE 2 3 8 3 1 2 0
> VAMPIRE 4 3 8 3 1 2 0
> VAMPIRE 3 3 8 2 1 2 0
> GRENADE 1 11 5 4 2
> BAT1 9 2 11 2 2 3 3 3 8 3 10 3 11 3 12 3 13 3 3 4 11 4 13 4 2 5 3 5 4 5 12 5 3 6 10 9 11 9 12 9 5 10 9 10 11 10 2 11 3 11 4 11 5 11 9 11 10 11 11 11 12 11 3 12 5 12 9 12 11 12 10 13
< RES 169 52 1
< MOVE U U
> REQ 169 53 1
> VAMPIRE 1 7 7 3 0 2 0
> VAMPIRE 2 3 10 3 1 2 0
> VAMPIRE 4 3 10 3 1 2 0
> VAMPIRE 3 3 10 2 1 2 0
> GRENADE 1 11 5 3 2
> BAT1 9 2 11 2 2 3 3 3 8 3 10 3 11 3 12 3 13 3 3 4 11 4 13 4 2 5 3 5 4 5 12 5 3 6 10 9 11 9 12 9 5 10 9 10 11 10 2 11 3 11 4 11 5 11 9 11 10 11 11 11 12 11 3 12 5 12 9 12 11 12 10 13
< RES 169 53 1
> REQ 169 54 1
> VAMPIRE 1 7 7 3 0 2 0
> VAMPIRE 2 3 8 3 1 2 0
> VAMPIRE 4 3 8 3 1 2 0
> VAMPIRE 3 3 8 2 1 2 0
> GRENADE 1 11 5 2 2
> BAT1 9 2 11 2 2 3 3 3 8 3 10 3 11 3 12 3 13 3 3 4 11 4 13 4 2 5 3 5 4 5 12 5 3 6 10 9 11 9 12 9 5 10 9 10 11 10 2 11 3 11 4 11 5 11 9 11 10 11 11 11 12 11 3 12 5 12 9 12 11 12 10 13
< RES 169 54 1
< MOVE R R
> REQ 169 55 1
> VAMPIRE 1 7 9 3 0 2 0
> VAMPIRE 2 3 10 3 1 2 0
> VAMPIRE 4 3 10 3 1 2 0
> VAMPIRE 3 3 10 2 1 2 0
> GRENADE 1 11 5 1 2
> BAT1 9 2 11 2 2 3 3 3 8 3 10 3 11 3 12 3 13 3 3 4 11 4 13 4 2 5 3 5 4 5 12 5 3 6 10 9 11 9 12 9 5 10 9 10 11 10 2 11 3 11 4 11 5 11 9 11 10 11 11 11 12 11 3 12 5 12 9 12 11 12 10 13
< RES 169 55 1
< MOVE R R
> REQ 169 56 1
> VAMPIRE 1 7 11 3 1 2 0
> VAMPIRE 2 3 8 3 1 2 0
> VAMPIRE 4 3 8 3 1 2 0
> VAMPIRE 3 3 8 2 1 2 0
> BAT1 9 2 11 2 2 3 3 3 8 3 10 3 11 3 12 3 13 3 3 4 13 4 2 5 3 5 4 5 3 6 10 9 11 9 12 9 5 10 9 10 11 10 2 11 3 11 4 11 5 11 9 11 10 11 11 11 12 11 3 12 5 12 9 12 11 12 10 13
< RES 169 56 1
< GRENADE
< MOVE L L
> REQ 169 57 1
> VAMPIRE 1 7 9 3 0 2 0
> VAMPIRE 2 3 10 3 1 2 0
> VAMPIRE 4 3 10 3 1 2 0
> VAMPIRE 3 3 10 2 1 2 0
> GRENADE 1 7 11 5 2
> BAT1 9 2 11 2 2 3 3 3 8 3 10 3 11 3 12 3 13 3 3 4 13 4 2 5 3 5 4 5 3 6 10 9 11 9 12 9 5 10 9 10 11 10 2 11 3 11 4 11 5 11 9 11 10 11 11 11 12 11 3 12 5 12 9 12 11 12 10 13
< RES 169 57 1
< MOVE L L
> REQ 169 58 1
> VAMPIRE 1 7 7 3 0 2 0
> VAMPIRE 2 3 8 3 1 2 0
> VAMPIRE 4 3 8 3 1 2 0
> VAMPIRE 3 3 8 2 1 2 0
> GRENADE 1 7 11 4 2
> BAT1 9 2 11 2 2 3 3 3 8 3 10 3 11 3 12 3 13 3 3 4 13 4 2 5 3 5 4 5 3 6 10 9 11 9 12 9 5 10 9 10 11 10 2 11 3 11 4 11 5 11 9 11 10 11 11 11 12 11 3 12 5 12 9 12 11 12 10 13
< RES 169 58 1
> REQ 169 59 1
> VAMPIRE 1 7 7 3 0 2 0
> VAMPIRE 2 3 10 3 1 2 0
> VAMPIRE 4 3 10 3 1 2 0
> VAMPIRE 3 3 10 2 1 2 0
> GRENADE 1 7 11 3 2
> POWERUP BATTERY -8 7 8 6
> POWERUP BATTERY -8 7 6 6
> BAT1 9 2 11 2 2 3 3 3 8 3 10 3 11 3 12 3 13 3 3 4 13 4 2 5 3 5 4 5 3 6 10 9 11 9 12 9 5 10 9 10 11 10 2 11 3 11 4 11 5 11 9 11 10 11 11 11 12 11 3 12 5 12 9 12 11 12 10 13
< RES 169 59 1
< MOVE R
> REQ 169 60 1
> VAMPIRE 1 7 8 3 0 2 0
> VAMPIRE 2 3 8 3 1 2 0
> VAMPIRE 4 3 8 3 1 2 0
> VAMPIRE 3 3 8 2 1 2 0
> GRENADE 1 7 11 2 2
> POWERUP BATTERY -7 7 8 6
> POWERUP BATTERY -7 7 6 6
> BAT1 9 2 11 2 2 3 3 3 8 3 10 3 11 3 12 3 13 3 3 4 13 4 2 5 3 5 4 5 3 6 10 9 11 9 12 9 5 10 9 10 11 10 2 11 3 11 4 11 5 11 9 11 10 11 11 11 12 11 3 12 5 12 9 12 11 12 10 13
< RES 169 60 1
> REQ 169 61 1
> VAMPIRE 1 7 8 3 0 2 0
> VAMPIRE 2 3 10 3 1 2 0
> VAMPIRE 4 3 10 3 1 2 0
> VAMPIRE 3 3 10 2 1 2 0
> GRENADE 1 7 11 1 2
> POWERUP BATTERY -6 7 8 6
> POWERUP BATTERY -6 7 6 6
> BAT1 9 2 11 2 2 3 3 3 8 3 10 3 11 3 12 3 13 3 3 4 13 4 2 5 3 5 4 5 3 6 10 9 11 9 12 9 5 10 9 10 11 10 2 11 3 11 4 11 5 11 9 11 10 11 11 11 12 11 3 12 5 12 9 12 11 12 10 13
< RES 169 61 1
> REQ 169 62 1
> VAMPIRE 1 7 8 3 1 2 0
> VAMPIRE 2 3 8 3 1 2 0
> VAMPIRE 4 3 8 3 1 2 0
> VAMPIRE 3 3 8 2 1 2 0
> POWERUP BATTERY -5 7 8 6
> POWERUP BATTERY -5 7 6 6
> BAT1 9 2 11 2 2 3 3 3 8 3 10 3 11 3 12 3 13 3 3 4 13 4 2 5 3 5 4 5 3 6 10 9 11 9 12 9 5 10 9 10 11 10 2 11 3 11 4 11 10 11 11 11 12 11 3 12 5 12 9 12 11 12 10 13
< RES 169 62 1
> REQ 169 63 1
> VAMPIRE 1 7 8 3 1 2 0
> VAMPIRE 2 3 10 3 1 2 0
> VAMPIRE 4 3 10 3 1 2 0
> VAMPIRE 3 3 10 2 1 2 0
> POWERUP BATTERY -4 7 8 6
> POWERUP BATTERY -4 7 6 6
> BAT1 9 2 11 2 2 3 3 3 8 3 10 3 11 3 12 3 13 3 3 4 13 4 2 5 3 5 4 5 3 6 10 9 11 9 12 9 5 10 9 10 11 10 2 11 3 11 4 11 10 11 11 11 12 11 3 12 5 12 9 12 11 12 10 13
< RES 169 63 1
> REQ 169 64 1
> VAMPIRE 1 7 8 3 1 2 0
> VAMPIRE 2 3 8 3 1 2 0
> VAMPIRE 4 3 8 3 1 2 0
> VAMPIRE 3 3 8 2 1 2 0
> POWERUP BATTERY -3 7 8 6
> POWERUP BATTERY -3 7 6 6
> BAT1 9 2 11 2 2 3 3 3 8 3 10 3 11 3 12 3 13 3 3 4 13 4 2 5 3 5 4 5 3 6 10 9 11 9 12 9 5 10 9 10 11 10 2 11 3 11 4 11 10 11 11 11 12 11 3 12 5 12 9 12 11 12 10 13
< RES 169 64 1
> REQ 169 65 1
> VAMPIRE 1 7 8 3 1 2 0
> VAMPIRE 2 3 10 3 1 2 0
> VAMPIRE 4 3 10 3 1 2 0
> VAMPIRE 3 3 10 2 1 2 0
> POWERUP BATTERY -2 7 8 6
> POWERUP BATTERY -2 7 6 6
> BAT1 9 2 11 2 2 3 3 3 8 3 10 3 11 3 12 3 13 3 3 4 13 4 2 5 3 5 4 5 3 6 10 9 11 9 12 9 5 10 9 10 11 10 2 11 3 11 4 11 10 11 11 11 12 11 3 12 5 12 9 12 11 12 10 13
< RES 169 65 1
> REQ 169 66 1
> VAMPIRE 1 7 8 3 1 2 0
> VAMPIRE 2 3 8 3 1 2 0
> VAMPIRE 4 3 8 3 1 2 0
> VAMPIRE 3 3 8 2 1 2 0
> POWERUP BATTERY -1 7 8 6
> POWERUP BATTERY -1 7 6 6
> BAT1 9 2 11 2 2 3 3 3 8 3 10 3 11 3 12 3 13 3 3 4 13 4 2 5 3 5 4 5 3 6 10 9 11 9 12 9 5 10 9 10 11 10 2 11 3 11 4 11 10 11 11 11 12 11 3 12 5 12 9 12 11 12 10 13
< RES 169 66 1
> REQ 169 67 1
> VAMPIRE 1 7 8 3 1 2 0
> VAMPIRE 2 3 10 3 1 2 0
> VAMPIRE 4 3 10 3 1 2 0
> VAMPIRE 3 3 10 2 1 2 0
> POWERUP BATTERY 18 7 8 6
> POWERUP BATTERY 18 7 6 6
> BAT1 9 2 11 2 2 3 3 3 8 3 10 3 11 3 12 3 13 3 3 4 13 4 2 5 3 5 4 5 3 6 10 9 11 9 12 9 5 10 9 10 11 10 2 11 3 11 4 11 10 11 11 11 12 11 3 12 5 12 9 12 11 12 10 13
< RES 169 67 1
> REQ 169 68 1
> VAMPIRE 1 7 8 3 1 2 0
> VAMPIRE 2 3 8 3 1 2 0
> VAMPIRE 4 3 8 3 1 2 0
> VAMPIRE 3 3 8 2 1 2 0
> POWERUP BATTERY 17 7 8 6
> POWERUP BATTERY 17 7 6 6
> BAT1 9 2 11 2 2 3 3 3 8 3 10 3 11 3 12 3 13 3 3 4 13 4 2 5 3 5 4 5 3 6 10 9 11 9 12 9 5 10 9 10 11 10 2 11 3 11 4 11 10 11 11 11 12 11 3 12 5 12 9 12 11 12 10 13
< RES 169 68 1
> REQ 169 69 1
> VAMPIRE 1 7 8 3 1 2 0
> VAMPIRE 2 3 10 3 1 2 0
> VAMPIRE 4 3 10 3 1 2 0
> VAMPIRE 3 3 10 2 1 2 0
> POWERUP BATTERY 16 7 8 6
> POWERUP BATTERY 16 7 6 6
> BAT1 9 2 11 2 2 3 3 3 8 3 10 3 11 3 12 3 13 3 3 4 13 4 2 5 3 5 4 5 3 6 10 9 11 9 12 9 5 10 9 10 11 10 2 11 3 11 4 11 10 11 11 11 12 11 3 12 5 12 9 12 11 12 10 13
< RES 169 69 1
> REQ 169 70 1
> VAMPIRE 1 7 8 3 1 2 0
> VAMPIRE 2 3 8 3 1 2 0
> VAMPIRE 4 3 8 3 1 2 0
> VAMPIRE 3 3 8 2 1 2 0
> POWERUP BATTERY 15 7 8 6
> POWERUP BATTERY 15 7 6 6
> BAT1 9 2 11 2 2 3 3 3 8 3 10 3 11 3 12 3 13 3 3 4 13 4 2 5 3 5 4 5 3 6 10 9 11 9 12 9 5 10 9 10 11 10 2 11 3 11 4 11 10 11 11 11 12 11 3 12 5 12 9 12 11 12 10 13
< RES 169 70 1
> REQ 169 71 1
> VAMPIRE 1 7 8 3 1 2 0
> VAMPIRE 2 3 10 3 1 2 0
> VAMPIRE 4 3 10 3 1 2 0
> VAMPIRE 3 3 10 2 1 2 0
> POWERUP BATTERY 14 7 8 6
> POWERUP BATTERY 14 7 6 6
> BAT1 9 2 11 2 2 3 3 3 8 3 10 3 11 3 12 3 13 3 3 4 13 4 2 5 3 5 4 5 3 6 10 9 11 9 12 9 5 10 9 10 11 10 2 11 3 11 4 11 10 11 11 11 12 11 3 12 5 12 9 12 11 12 10 13
< RES 169 71 1
> REQ 169 72 1
> VAMPIRE 1 7 8 3 1 3 0
> VAMPIRE 2 3 8 3 1 2 0
> VAMPIRE 4 3 8 3 1 2 0
> VAMPIRE 3 3 8 2 1 2 0
> POWERUP BATTERY 13 7 6 6
> BAT1 9 2 11 2 2 3 3 3 8 3 10 3 11 3 12 3 13 3 3 4 13 4 2 5 3 5 4 5 3 6 10 9 11 9 12 9 5 10 9 10 11 10 2 11 3 11 4 11 10 11 11 11 12 11 3 12 5 12 9 12 11 12 10 13
< RES 169 72 1
< GRENADE
> REQ 169 73 1
> VAMPIRE 1 7 8 3 0 3 0
> VAMPIRE 2 3 10 3 1 2 0
> VAMPIRE 4 3 10 3 1 2 0
> VAMPIRE 3 3 10 2 1 2 0
> GRENADE 1 7 8 5 3
> POWERUP BATTERY 12 7 6 6
> BAT1 9 2 11 2 2 3 3 3 8 3 10 3 11 3 12 3 13 3 3 4 13 4 2 5 3 5 4 5 3 6 10 9 11 9 12 9 5 10 9 10 11 10 2 11 3 11 4 11 10 11 11 11 12 11 3 12 5 12 9 12 11 12 10 13
< RES 169 73 1
< MOVE L L
> REQ 169 74 1
> VAMPIRE 1 7 6 3 0 3 0
> VAMPIRE 2 3 8 3 1 2 0
> VAMPIRE 4 3 8 3 1 2 0
> VAMPIRE 3 3 8 2 1 2 0
> GRENADE 1 7 11 4 3
> POWERUP BATTERY 11 7 6 6
> BAT1 9 2 11 2 2 3 3 3 8 3 10 3 11 3 12 3 13 3 3 4 13 4 2 5 3 5 4 5 3 6 10 9 11 9 12 9 5 10 9 10 11 10 2 11 3 11 4 11 10 11 11 11 12 11 3 12 5 12 9 12 11 12 10 13
< RES 169 74 1
> REQ 169 75 1
> VAMPIRE 1 7 6 3 0 3 0
> VAMPIRE 2 3 10 3 1 2 0
> VAMPIRE 4 3 10 3 1 2 0
> VAMPIRE 3 3 10 2 1 2 0
> GRENADE 1 7 11 3 3
> POWERUP BATTERY 10 7 6 6
> BAT1 9 2 11 2 2 3 3 3 8 3 10 3 11 3 12 3 13 3 3 4 13 4 2 5 3 5 4 5 3 6 10 9 11 9 12 9 5 10 9 10 11 10 2 11 3 11 4 11 10 11 11 11 12 11 3 12 5 12 9 12 11 12 10 13
< RES 169 75 1
> REQ 169 76 1
> VAMPIRE 1 7 6 3 0 3 0
> VAMPIRE 2 3 8 3 1 2 0
> VAMPIRE 4 3 8 3 1 2 0
> VAMPIRE 3 3 8 2 1 2 0
> GRENADE 1 7 11 2 3
> POWERUP BATTERY 9 7 6 6
> BAT1 9 2 11 2 2 3 3 3 8 3 10 3 11 3 12 3 13 3 3 4 13 4 2 5 3 5 4 5 3 6 10 9 11 9 12 9 5 10 9 10 11 10 2 11 3 11 4 11 10 11 11 11 12 11 3 12 5 12 9 12 11 12 10 13
< RES 169 76 1
> REQ 169 77 1
> VAMPIRE 1 7 6 3 0 3 0
> VAMPIRE 2 3 10 3 1 2 0
> VAMPIRE 4 3 10 3 1 2 0
> VAMPIRE 3 3 10 2 1 2 0
> GRENADE 1 7 11 1 3
> POWERUP BATTERY 8 7 6 6
> BAT1 9 2 11 2 2 3 3 3 8 3 10 3 11 3 12 3 13 3 3 4 13 4 2 5 3 5 4 5 3 6 10 9 11 9 12 9 5 10 9 10 11 10 2 11 3 11 4 11 10 11 11 11 12 11 3 12 5 12 9 12 11 12 10 13
< RES 169 77 1
> REQ 169 78 1
> VAMPIRE 1 7 6 3 1 3 0
> VAMPIRE 2 3 8 3 1 2 0
> VAMPIRE 4 3 8 3 1 2 0
> VAMPIRE 3 3 8 2 1 2 0
> POWERUP BATTERY 7 7 6 6
> BAT1 9 2 11 2 2 3 3 3 8 3 10 3 11 3 12 3 13 3 3 4 13 4 2 5 3 5 4 5 3 6 10 9 11 9 12 9 5 10 9 10 11 10 2 11 3 11 11 11 12 11 3 12 5 12 9 12 11 12 10 13
< RES 169 78 1
< GRENADE
> REQ 169 79 1
> VAMPIRE 1 7 6 3 0 3 0
> VAMPIRE 2 3 10 3 1 2 0
> VAMPIRE 4 3 10 3 1 2 0
> VAMPIRE 3 3 10 2 1 2 0
> GRENADE 1 7 6 5 3
> POWERUP BATTERY 6 7 6 6
> BAT1 9 2 11 2 2 3 3 3 8 3 10 3 11 3 12 3 13 3 3 4 13 4 2 5 3 5 4 5 3 6 10 9 11 9 12 9 5 10 9 10 11 10 2 11 3 11 11 11 12 11 3 12 5 12 9 12 11 12 10 13
< RES 169 79 1
> REQ 169 80 1
> VAMPIRE 1 7 6 3 0 4 0
> VAMPIRE 2 3 8 3 1 2 0
> VAMPIRE 4 3 8 3 1 2 0
> VAMPIRE 3 3 8 2 1 2 0
> GRENADE 1 7 3 4 3
> BAT1 9 2 11 2 2 3 3 3 8 3 10 3 11 3 12 3 13 3 3 4 13 4 2 5 3 5 4 5 3 6 10 9 11 9 12 9 5 10 9 10 11 10 2 11 3 11 11 11 12 11 3 12 5 12 9 12 11 12 10 13
< RES 169 80 1
< MOVE R
> REQ 169 81 1
> VAMPIRE 1 7 7 3 0 4 0
> VAMPIRE 2 3 10 3 1 2 0
> VAMPIRE 4 3 10 3 1 2 0
> VAMPIRE 3 3 10 2 1 2 0
> GRENADE 1 7 3 3 3
> BAT1 9 2 11 2 2 3 3 3 8 3 10 3 11 3 12 3 13 3 3 4 13 4 2 5 3 5 4 5 3 6 10 9 11 9 12 9 5 10 9 10 11 10 2 11 3 11 11 11 12 11 3 12 5 12 9 12 11 12 10 13
< RES 169 81 1
< MOVE R R
> REQ 169 82 1
> VAMPIRE 1 7 9 3 0 4 0
> VAMPIRE 2 3 8 3 1 2 0
> VAMPIRE 4 3 8 3 1 2 0
> VAMPIRE 3 3 8 2 1 2 0
> GRENADE 1 7 3 2 3
> BAT1 9 2 11 2 2 3 3 3 8 3 10 3 11 3 12 3 13 3 3 4 13 4 2 5 3 5 4 5 3 6 10 9 11 9 12 9 5 10 9 10 11 10 2 11 3 11 11 11 12 11 3 12 5 12 9 12 11 12 10 13
< RES 169 82 1
< MOVE R R
> REQ 169 83 1
> VAMPIRE 1 7 11 3 0 4 0
> VAMPIRE 2 3 10 3 1 2 0
> VAMPIRE 4 3 10 3 1 2 0
> VAMPIRE 3 3 10 2 1 2 0
> GRENADE 1 7 3 1 3
> BAT1 9 2 11 2 2 3 3 3 8 3 10 3 11 3 12 3 13 3 3 4 13 4 2 5 3 5 4 5 3 6 10 9 11 9 12 9 5 10 9 10 11 10 2 11 3 11 11 11 12 11 3 12 5 12 9 12 11 12 10 13
< RES 169 83 1
< MOVE U U
> REQ 169 84 1
> VAMPIRE 1 5 11 3 1 4 0
> VAMPIRE 2 3 8 3 1 2 0
> VAMPIRE 4 3 8 3 1 2 0
> VAMPIRE 3 3 8 2 1 2 0
> BAT1 9 2 11 2 2 3 3 3 10 3 11 3 12 3 13 3 3 4 13 4 2 5 3 5 4 5 3 6 10 9 11 9 12 9 5 10 9 10 11 10 2 11 3 11 11 11 12 11 3 12 5 12 9 12 11 12 10 13
< RES 169 84 1
< GRENADE
< MOVE D D
> REQ 169 85 1
> VAMPIRE 1 7 11 3 0 4 0
> VAMPIRE 2 3 10 3 1 2 0
> VAMPIRE 4 3 10 3 1 2 0
> VAMPIRE 3 3 10 2 1 2 0
> GRENADE 1 5 11 5 4
> BAT1 9 2 11 2 2 3 3 3 10 3 11 3 12 3 13 3 3 4 13 4 2 5 3 5 4 5 3 6 10 9 11 9 12 9 5 10 9 10 11 10 2 11 3 11 11 11 12 11 3 12 5 12 9 12 11 12 10 13
< RES 169 85 1
< MOVE L L
> REQ 169 86 1
> VAMPIRE 1 7 9 3 0 4 0
> VAMPIRE 2 3 8 3 1 2 0
> VAMPIRE 4 3 8 3 1 2 0
> VAMPIRE 3 3 8 2 1 2 0
> GRENADE 1 5 11 4 4
> BAT1 9 2 11 2 2 3 3 3 10 3 11 3 12 3 13 3 3 4 13 4 2 5 3 5 4 5 3 6 10 9 11 9 12 9 5 10 9 10 11 10 2 11 3 11 11 11 12 11 3 12 5 12 9 12 11 12 10 13
< RES 169 86 1
< MOVE L L
> REQ 169 87 1
> VAMPIRE 1 7 7 3 0 4 0
> VAMPIRE 2 3 10 3 1 2 0
> VAMPIRE 4 3 10 3 1 2 0
> VAMPIRE 3 3 10 2 1 2 0
> GRENADE 1 5 11 3 4
> BAT1 9 2 11 2 2 3 3 3 10 3 11 3 12 3 13 3 3 4 13 4 2 5 3 5 4 5 3 6 10 9 11 9 12 9 5 10 9 10 11 10 2 11 3 11 11 11 12 11 3 12 5 12 9 12 11 12 10 13
< RES 169 87 1
> REQ 169 88 1
> VAMPIRE 1 7 7 3 0 4 0
> VAMPIRE 2 3 8 3 1 2 0
> VAMPIRE 4 3 8 3 1 2 0
> VAMPIRE 3 3 8 2 1 2 0
> GRENADE 1 5 11 2 4
> BAT1 9 2 11 2 2 3 3 3 10 3 11 3 12 3 13 3 3 4 13 4 2 5 3 5 4 5 3 6 10 9 11 9 12 9 5 10 9 10 11 10 2 11 3 11 11 11 12 11 3 12 5 12 9 12 11 12 10 13
< RES 169 88 1
< MOVE D D
> REQ 169 89 1
> VAMPIRE 1 9 7 3 0 4 0
> VAMPIRE 2 3 10 3 1 2 0
> VAMPIRE 4 3 10 3 1 2 0
> VAMPIRE 3 3 10 2 1 2 0
> GRENADE 1 5 11 1 4
> BAT1 9 2 11 2 2 3 3 3 10 3 11 3 12 3 13 3 3 4 13 4 2 5 3 5 4 5 3 6 10 9 11 9 12 9 5 10 9 10 11 10 2 11 3 11 11 11 12 11 3 12 5 12 9 12 11 12 10 13
< RES 169 89 1
< MOVE R R
> REQ 169 90 1
> VAMPIRE 1 9 9 3 1 4 0
> VAMPIRE 2 3 8 3 1 2 0
> VAMPIRE 4 3 8 3 1 2 0
> VAMPIRE 3 3 8 2 1 2 0
> BAT1 9 2 11 2 2 3 3 3 10 3 11 3 12 3 13 3 3 4 13 4 2 5 3 5 4 5 3 6 10 9 11 9 12 9 9 10 11 10 2 11 11 11 12 11 3 12 9 12 11 12 10 13
< RES 169 90 1
< GRENADE
> REQ 169 91 1
> VAMPIRE 1 9 9 3 0 4 0
> VAMPIRE 2 3 10 3 1 2 0
> VAMPIRE 4 3 10 3 1 2 0
> VAMPIRE 3 3 10 2 1 2 0
> GRENADE 1 9 9 5 4
> POWERUP BATTERY -5 8 7 7
> POWERUP BATTERY -5 6 7 7
> BAT1 9 2 11 2 2 3 3 3 10 3 11 3 12 3 13 3 3 4 13 4 2 5 3 5 4 5 3 6 10 9 11 9 12 9 9 10 11 10 2 11 11 11 12 11 3 12 9 12 11 12 10 13
< RES 169 91 1
< MOVE L L
> REQ 169 92 1
> VAMPIRE 1 9 7 3 0 4 0
> VAMPIRE 2 3 11 3 1 2 0
> VAMPIRE 4 3 11 3 1 2 0
> VAMPIRE 3 3 11 2 1 2 0
> GRENADE 1 9 11 4 4
> POWERUP BATTERY -4 8 7 7
> POWERUP BATTERY -4 6 7 7
> BAT1 9 2 11 2 2 3 3 3 10 3 11 3 12 3 13 3 3 4 13 4 2 5 3 5 4 5 3 6 10 9 11 9 12 9 9 10 11 10 2 11 11 11 12 11 3 12 9 12 11 12 10 13
< RES 169 92 1
< MOVE U
> REQ 169 93 1
> VAMPIRE 1 8 7 3 0 4 0
> VAMPIRE 2 4 11 3 1 2 0
> VAMPIRE 4 3 10 3 1 2 0
> VAMPIRE 3 4 11 2 1 2 0
> GRENADE 1 9 11 3 4
> POWERUP BATTERY -3 8 7 7
> POWERUP BATTERY -3 6 7 7
> BAT1 9 2 11 2 2 3 3 3 10 3 11 3 12 3 13 3 3 4 13 4 2 5 3 5 4 5 3 6 10 9 11 9 12 9 9 10 11 10 2 11 11 11 12 11 3 12 9 12 11 12 10 13
< RES 169 93 1
> REQ 169 94 1
> VAMPIRE 1 8 7 3 0 4 0
> VAMPIRE 2 3 11 3 1 2 0
> VAMPIRE 4 3 11 3 1 2 0
> VAMPIRE 3 3 11 2 1 2 0
> GRENADE 1 9 11 2 4
> POWERUP BATTERY -2 8 7 7
> POWERUP BATTERY -2 6 7 7
> BAT1 9 2 11 2 2 3 3 3 10 3 11 3 12 3 13 3 3 4 13 4 2 5 3 5 4 5 3 6 10 9 11 9 12 9 9 10 11 10 2 11 11 11 12 11 3 12 9 12 11 12 10 13
< RES 169 94 1
> REQ 169 95 1
> VAMPIRE 1 8 7 3 0 4 0
> VAMPIRE 2 4 11 3 1 2 0
> VAMPIRE 4 3 10 3 1 2 0
> VAMPIRE 3 4 11 2 1 2 0
> GRENADE 1 9 11 1 4
> POWERUP BATTERY -1 8 7 7
> POWERUP BATTERY -1 6 7 7
> BAT1 9 2 11 2 2 3 3 3 10 3 11 3 12 3 13 3 3 4 13 4 2 5 3 5 4 5 3 6 10 9 11 9 12 9 9 10 11 10 2 11 11 11 12 11 3 12 9 12 11 12 10 13
< RES 169 95 1
> REQ 169 96 1
> VAMPIRE 1 8 7 3 1 4 0
> VAMPIRE 2 3 11 3 1 2 0
> VAMPIRE 4 3 11 3 1 2 0
> VAMPIRE 3 3 11 2 1 2 0
> POWERUP BATTERY 15 8 7 7
> POWERUP BATTERY 15 6 7 7
> BAT1 9 2 11 2 2 3 3 3 10 3 11 3 12 3 13 3 3 4 13 4 2 5 3 5 4 5 3 6 10 9 11 9 12 9 11 10 2 11 12 11 3 12 11 12 10 13
< RES 169 96 1
< GRENADE
> REQ 169 97 1
> VAMPIRE 1 8 7 3 0 4 0
> VAMPIRE 2 4 11 3 1 2 0
> VAMPIRE 4 3 10 3 1 2 0
> VAMPIRE 3 4 11 2 1 2 0
> GRENADE 1 8 7 5 4
> POWERUP BATTERY 14 8 7 7
> POWERUP BATTERY 14 6 7 7
> BAT1 9 2 11 2 2 3 3 3 10 3 11 3 12 3 13 3 3 4 13 4 2 5 3 5 4 5 3 6 10 9 11 9 12 9 11 10 2 11 12 11 3 12 11 12 10 13
< RES 169 97 1
< MOVE U U
> REQ 169 98 1
> VAMPIRE 1 6 7 3 0 4 0
> VAMPIRE 2 3 11 3 1 2 0
> VAMPIRE 4 3 11 3 1 2 0
> VAMPIRE 3 3 11 2 1 2 0
> GRENADE 1 11 7 4 4
> POWERUP BATTERY 13 8 7 7
> POWERUP BATTERY 13 6 7 7
> BAT1 9 2 11 2 2 3 3 3 10 3 11 3 12 3 13 3 3 4 13 4 2 5 3 5 4 5 3 6 10 9 11 9 12 9 11 10 2 11 12 11 3 12 11 12 10 13
< RES 169 98 1
> REQ 169 99 1
> VAMPIRE 1 6 7 3 0 4 0
> VAMPIRE 2 4 11 3 1 2 0
> VAMPIRE 4 3 10 3 1 2 0
> VAMPIRE 3 4 11 2 1 2 0
> GRENADE 1 11 7 3 4
> POWERUP BATTERY 12 8 7 7
> POWERUP BATTERY 12 6 7 7
> BAT1 9 2 11 2 2 3 3 3 10 3 11 3 12 3 13 3 3 4 13 4 2 5 3 5 4 5 3 6 10 9 11 9 12 9 11 10 2 11 12 11 3 12 11 12 10 13
< RES 169 99 1
> REQ 169 100 1
> VAMPIRE 1 6 7 3 0 4 0
> VAMPIRE 2 3 11 3 1 2 0
> VAMPIRE 4 3 11 3 1 2 0
> VAMPIRE 3 3 11 2 1 2 0
> GRENADE 1 11 7 2 4
> POWERUP BATTERY 11 8 7 7
> POWERUP BATTERY 11 6 7 7
> BAT1 9 2 11 2 2 3 3 3 10 3 11 3 12 3 13 3 3 4 13 4 2 5 3 5 4 5 3 6 10 9 11 9 12 9 11 10 2 11 12 11 3 12 11 12 10 13
< RES 169 100 1
> REQ 169 101 1
> VAMPIRE 1 6 7 3 0 4 0
> VAMPIRE 2 4 11 3 1 2 0
> VAMPIRE 4 3 10 3 1 2 0
> VAMPIRE 3 4 11 2 1 2 0
> GRENADE 1 11 7 1 4
> POWERUP BATTERY 10 8 7 7
> POWERUP BATTERY 10 6 7 7
> BAT1 9 2 11 2 2 3 3 3 10 3 11 3 12 3 13 3 3 4 13 4 2 5 3 5 4 5 3 6 10 9 11 9 12 9 11 10 2 11 12 11 3 12 11 12 10 13
< RES 169 101 1
> REQ 169 102 1
> VAMPIRE 1 6 7 3 1 4 0
> VAMPIRE 2 3 11 3 1 2 0
> VAMPIRE 4 3 11 3 1 2 0
> VAMPIRE 3 3 11 2 1 2 0
> POWERUP BATTERY 9 8 7 7
> POWERUP BATTERY 9 6 7 7
> BAT1 9 2 11 2 2 3 3 3 10 3 12 3 13 3 3 4 13 4 2 5 3 5 4 5 3 6 10 9 12 9 11 10 2 11 12 11 3 12 11 12 10 13
< RES 169 102 1
< GRENADE
> REQ 169 103 1
> VAMPIRE 1 6 7 3 0 4 0
> VAMPIRE 2 4 11 3 1 2 0
> VAMPIRE 4 3 10 3 1 2 0
> VAMPIRE 3 4 11 2 1 2 0
> GRENADE 1 6 7 5 4
> POWERUP BATTERY 8 8 7 7
> POWERUP BATTERY 8 6 7 7
> BAT1 9 2 11 2 2 3 3 3 10 3 12 3 13 3 3 4 13 4 2 5 3 5 4 5 3 6 10 9 12 9 11 10 2 11 12 11 3 12 11 12 10 13
< RES 169 103 1
< MOVE D D
> REQ 169 104 1
> VAMPIRE 1 8 7 3 0 4 0
> VAMPIRE 2 3 11 3 1 2 0
> VAMPIRE 4 3 11 3 1 2 0
> VAMPIRE 3 3 11 2 1 2 0
> GRENADE 1 3 7 4 4
> POWERUP BATTERY 7 8 7 7
> POWERUP BATTERY 7 6 7 7
> BAT1 9 2 11 2 2 3 3 3 10 3 12 3 13 3 3 4 13 4 2 5 3 5 4 5 3 6 10 9 12 9 11 10 2 11 12 11 3 12 11 12 10 13
< RES 169 104 1
> REQ 169 105 1
> VAMPIRE 1 8 7 3 0 4 0
> VAMPIRE 2 4 11 3 1 2 0
> VAMPIRE 4 4 11 3 1 2 0
> VAMPIRE 3 4 11 2 1 2 0
> GRENADE 1 3 7 3 4
> POWERUP BATTERY 6 8 7 7
> POWERUP BATTERY 6 6 7 7
> BAT1 9 2 11 2 2 3 3 3 10 3 12 3 13 3 3 4 13 4 2 5 3 5 4 5 3 6 10 9 12 9 11 10 2 11 12 11 3 12 11 12 10 13
< RES 169 105 1
> REQ 169 106 1
> VAMPIRE 1 8 7 3 0 4 0
> VAMPIRE 2 6 11 3 1 2 0
> VAMPIRE 4 6 11 3 1 2 0
> VAMPIRE 3 6 11 2 1 2 0
> GRENADE 1 3 7 2 4
> POWERUP BATTERY 5 8 7 7
> POWERUP BATTERY 5 6 7 7
> BAT1 9 2 11 2 2 3 3 3 10 3 12 3 13 3 3 4 13 4 2 5 3 5 4 5 3 6 10 9 12 9 11 10 2 11 12 11 3 12 11 12 10 13
< RES 169 106 1
> REQ 169 107 1
> VAMPIRE 1 8 7 3 0 4 0
> VAMPIRE 2 4 11 3 1 2 0
> VAMPIRE 4 4 11 3 1 2 0
> VAMPIRE 3 4 11 2 1 2 0
> GRENADE 1 3 7 1 4
> POWERUP BATTERY 4 8 7 7
> POWERUP BATTERY 4 6 7 7
> BAT1 9 2 11 2 2 3 3 3 10 3 12 3 13 3 3 4 13 4 2 5 3 5 4 5 3 6 10 9 12 9 11 10 2 11 12 11 3 12 11 12 10 13
< RES 169 107 1
> REQ 169 108 1
> VAMPIRE 1 8 7 3 1 5 0
> VAMPIRE 2 6 11 3 1 2 0
> VAMPIRE 4 6 11 3 1 2 0
> VAMPIRE 3 6 11 2 1 2 0
> POWERUP BATTERY 3 6 7 7
> BAT1 9 2 11 2 2 3 3 3 10 3 12 3 13 3 3 4 13 4 2 5 3 5 4 5 10 9 12 9 11 10 2 11 12 11 3 12 11 12 10 13
< RES 169 108 1
< MOVE U U
> REQ 169 109 1
> VAMPIRE 1 6 7 3 1 5 0
> VAMPIRE 2 4 11 3 1 2 0
> VAMPIRE 4 4 11 3 1 2 0
> VAMPIRE 3 4 11 2 1 2 0
> POWERUP BATTERY 2 6 7 7
> BAT1 9 2 11 2 2 3 3 3 10 3 12 3 13 3 3 4 13 4 2 5 3 5 4 5 10 9 12 9 11 10 2 11 12 11 3 12 11 12 10 13
< RES 169 109 1
< GRENADE
> REQ 169 110 1
> VAMPIRE 1 6 7 3 0 6 0
> VAMPIRE 2 3 11 3 1 2 0
> VAMPIRE 4 3 11 3 1 2 0
> VAMPIRE 3 3 11 2 1 2 0
> GRENADE 1 6 7 5 6
> BAT1 9 2 11 2 2 3 3 3 10 3 12 3 13 3 3 4 13 4 2 5 3 5 4 5 10 9 12 9 11 10 2 11 12 11 3 12 11 12 10 13
< RES 169 110 1
< MOVE U L
> REQ 169 111 1
> VAMPIRE 1 5 6 3 0 6 0
> VAMPIRE 2 4 11 3 1 2 0
> VAMPIRE 4 3 10 3 1 2 0
> VAMPIRE 3 4 11 2 1 2 0
> GRENADE 1 3 7 4 6
> BAT1 9 2 11 2 2 3 3 3 10 3 12 3 13 3 3 4 13 4 2 5 3 5 4 5 10 9 12 9 11 10 2 11 12 11 3 12 11 12 10 13
< RES 169 111 1
< MOVE L
> REQ 169 112 1
> VAMPIRE 1 5 5 3 0 6 0
> VAMPIRE 2 3 11 3 1 2 0
> VAMPIRE 4 3 11 3 1 2 0
> VAMPIRE 3 3 11 2 1 2 0
> GRENADE 1 3 7 3 6
> BAT1 9 2 11 2 2 3 3 3 10 3 12 3 13 3 3 4 13 4 2 5 3 5 4 5 10 9 12 9 11 10 2 11 12 11 3 12 11 12 10 13
< RES 169 112 1
< MOVE L L
> REQ 169 113 1
> VAMPIRE 1 5 3 3 0 6 0
> VAMPIRE 2 4 11 3 1 2 0
> VAMPIRE 4 4 11 3 1 2 0
> VAMPIRE 3 4 11 2 1 2 0
> GRENADE 1 3 7 2 6
> BAT1 9 2 11 2 2 3 3 3 10 3 12 3 13 3 3 4 13 4 2 5 3 5 4 5 10 9 12 9 11 10 2 11 12 11 3 12 11 12 10 13
< RES 169 113 1
< MOVE D D
> REQ 169 114 1
> VAMPIRE 1 7 3 3 0 6 0
> VAMPIRE 2 6 11 3 1 2 0
> VAMPIRE 4 6 11 3 1 2 0
> VAMPIRE 3 6 11 2 1 2 0
> GRENADE 1 3 7 1 6
> BAT1 9 2 11 2 2 3 3 3 10 3 12 3 13 3 3 4 13 4 2 5 3 5 4 5 10 9 12 9 11 10 2 11 12 11 3 12 11 12 10 13
< RES 169 114 1
< MOVE D D
> REQ 169 115 1
> VAMPIRE 1 9 3 3 1 6 0
> VAMPIRE 2 4 11 3 1 2 0
> VAMPIRE 4 4 11 3 1 2 0
> VAMPIRE 3 4 11 2 1 2 0
> BAT1 9 2 11 2 2 3 3 3 10 3 12 3 13 3 3 4 13 4 2 5 4 5 10 9 12 9 11 10 2 11 12 11 11 12 10 13
< RES 169 115 1
< GRENADE
< MOVE U U
> REQ 169 116 1
> VAMPIRE 1 7 3 3 0 6 0
> VAMPIRE 2 3 11 3 1 2 0
> VAMPIRE 4 3 11 3 1 2 0
> VAMPIRE 3 3 11 2 1 2 0
> GRENADE 1 9 3 5 6
> BAT1 9 2 11 2 2 3 3 3 10 3 12 3 13 3 3 4 13 4 2 5 4 5 10 9 12 9 11 10 2 11 12 11 11 12 10 13
< RES 169 116 1
< MOVE R R
> REQ 169 117 1
> VAMPIRE 1 7 5 3 0 6 0
> VAMPIRE 2 4 11 3 1 2 0
> VAMPIRE 4 4 11 3 1 2 0
> VAMPIRE 3 4 11 2 1 2 0
> GRENADE 1 9 3 4 6
> BAT1 9 2 11 2 2 3 3 3 10 3 12 3 13 3 3 4 13 4 2 5 4 5 10 9 12 9 11 10 2 11 12 11 11 12 10 13
< RES 169 117 1
< MOVE R R
> REQ 169 118 1
> VAMPIRE 1 7 7 3 0 6 0
> VAMPIRE 2 3 11 3 1 2 0
> VAMPIRE 4 3 11 3 1 2 0
> VAMPIRE 3 3 11 2 1 2 0
> GRENADE 1 9 3 3 6
> POWERUP SHOE -7 8 7 5
> POWERUP SHOE -7 6 7 5
> BAT1 9 2 11 2 2 3 3 3 10 3 12 3 13 3 3 4 13 4 2 5 4 5 10 9 12 9 11 10 2 11 12 11 11 12 10 13
< RES 169 118 1
< MOVE D
> REQ 169 119 1
> VAMPIRE 1 8 7 3 0 6 0
> VAMPIRE 2 4 11 3 1 2 0
> VAMPIRE 4 4 11 3 1 2 0
> VAMPIRE 3 4 11 2 1 2 0
> GRENADE 1 9 3 2 6
> POWERUP SHOE -6 8 7 5
> POWERUP SHOE -6 6 7 5
> BAT1 9 2 11 2 2 3 3 3 10 3 12 3 13 3 3 4 13 4 2 5 4 5 10 9 12 9 11 10 2 11 12 11 11 12 10 13
< RES 169 119 1
> REQ 169 120 1
> VAMPIRE 1 8 7 3 0 6 0
> VAMPIRE 2 3 11 3 1 2 0
> VAMPIRE 4 3 11 3 1 2 0
> VAMPIRE 3 3 11 2 1 2 0
> GRENADE 1 9 3 1 6
> POWERUP SHOE -5 8 7 5
> POWERUP SHOE -5 6 7 5
> BAT1 9 2 11 2 2 3 3 3 10 3 12 3 13 3 3 4 13 4 2 5 4 5 10 9 12 9 11 10 2 11 12 11 11 12 10 13
< RES 169 120 1
> REQ 169 121 1
> VAMPIRE 1 8 7 3 1 6 0
> VAMPIRE 2 4 11 3 1 2 0
> VAMPIRE 4 4 11 3 1 2 0
> VAMPIRE 3 4 11 2 1 2 0
> POWERUP SHOE -4 8 7 5
> POWERUP SHOE -4 6 7 5
> BAT1 11 2 2 3 12 3 13 3 3 4 13 4 2 5 4 5 10 9 12 9 11 10 2 11 12 11 11 12 10 13
< RES 169 121 1
< GRENADE
> REQ 169 122 1
> VAMPIRE 1 8 7 3 0 6 0
> VAMPIRE 2 3 11 3 1 2 0
> VAMPIRE 4 3 11 3 1 2 0
> VAMPIRE 3 3 11 2 1 2 0
> GRENADE 1 8 7 5 6
> POWERUP SHOE -3 8 7 5
> POWERUP SHOE -3 6 7 5
> BAT1 11 2 2 3 12 3 13 3 3 4 13 4 2 5 4 5 10 9 12 9 11 10 2 11 12 11 11 12 10 13
< RES 169 122 1
> REQ 169 123 1
> VAMPIRE 1 8 7 3 0 6 0
> VAMPIRE 2 4 11 3 1 2 0
> VAMPIRE 4 4 11 3 1 2 0
> VAMPIRE 3 4 11 2 1 2 0
> GRENADE 1 11 7 4 6
> POWERUP SHOE -2 8 7 5
> POWERUP SHOE -2 6 7 5
> BAT1 11 2 2 3 12 3 13 3 3 4 13 4 2 5 4 5 10 9 12 9 11 10 2 11 12 11 11 12 10 13
< RES 169 123 1
> REQ 169 124 1
> VAMPIRE 1 8 7 3 0 6 0
> VAMPIRE 2 3 11 3 1 2 0
> VAMPIRE 4 3 11 3 1 2 0
> VAMPIRE 3 3 11 2 1 2 0
> GRENADE 1 11 7 3 6
> POWERUP SHOE -1 8 7 5
> POWERUP SHOE -1 6 7 5
> BAT1 11 2 2 3 12 3 13 3 3 4 13 4 2 5 4 5 10 9 12 9 11 10 2 11 12 11 11 12 10 13
< RES 169 124 1
> REQ 169 125 1
> VAMPIRE 1 8 7 3 0 6 0
> VAMPIRE 2 4 11 3 1 2 0
> VAMPIRE 4 4 11 3 1 2 0
> VAMPIRE 3 4 11 2 1 2 0
> GRENADE 1 11 7 2 6
> POWERUP SHOE 15 8 7 5
> POWERUP SHOE 15 6 7 5
> BAT1 11 2 2 3 12 3 13 3 3 4 13 4 2 5 4 5 10 9 12 9 11 10 2 11 12 11 11 12 10 13
< RES 169 125 1
< MOVE D R
> REQ 169 126 1
> VAMPIRE 1 9 8 3 0 6 0
> VAMPIRE 2 3 11 3 1 2 0
> VAMPIRE 4 3 11 3 1 2 0
> VAMPIRE 3 3 11 2 1 2 0
> GRENADE 1 11 7 1 6
> POWERUP SHOE 14 8 7 5
> POWERUP SHOE 14 6 7 5
> BAT1 11 2 2 3 12 3 13 3 3 4 13 4 2 5 4 5 10 9 12 9 11 10 2 11 12 11 11 12 10 13
< RES 169 126 1
< MOVE L U
> REQ 169 127 1
> VAMPIRE 1 8 7 3 1 6 0
> VAMPIRE 2 4 11 3 1 2 0
> VAMPIRE 4 4 11 3 1 2 0
> VAMPIRE 3 4 11 2 1 2 0
> POWERUP SHOE 13 8 7 5
> POWERUP SHOE 13 6 7 5
> BAT1 2 3 12 3 13 3 3 4 13 4 2 5 4 5 10 9 12 9 2 11 12 11 11 12 10 13
< RES 169 127 1
< GRENADE
> REQ 169 128 1
> VAMPIRE 1 8 7 3 0 6 0
> VAMPIRE 2 3 11 3 1 2 0
> VAMPIRE 4 3 11 3 1 2 0
> VAMPIRE 3 3 11 2 1 2 0
> GRENADE 1 8 7 5 6
> POWERUP SHOE 12 8 7 5
> POWERUP SHOE 12 6 7 5
> BAT1 2 3 12 3 13 3 3 4 13 4 2 5 4 5 10 9 12 9 2 11 12 11 11 12 10 13
< RES 169 128 1
> REQ 169 129 1
> VAMPIRE 1 8 7 3 0 6 0
> VAMPIRE 2 4 11 3 1 2 0
> VAMPIRE 4 4 11 3 1 2 0
> VAMPIRE 3 4 11 2 1 2 0
> GRENADE 1 11 7 4 6
> POWERUP SHOE 11 8 7 5
> POWERUP SHOE 11 6 7 5
> BAT1 2 3 12 3 13 3 3 4 13 4 2 5 4 5 10 9 12 9 2 11 12 11 11 12 10 13
< RES 169 129 1
> REQ 169 130 1
> VAMPIRE 1 8 7 3 0 6 29
> VAMPIRE 2 3 11 3 1 2 0
> VAMPIRE 4 3 11 3 1 2 0
> VAMPIRE 3 3 11 2 1 2 0
> GRENADE 1 11 7 3 6
> POWERUP SHOE 10 6 7 5
> BAT1 2 3 12 3 13 3 3 4 13 4 2 5 4 5 10 9 12 9 2 11 12 11 11 12 10 13
< RES 169 130 1
< MOVE U U
> REQ 169 131 1
> VAMPIRE 1 6 7 3 0 6 28
> VAMPIRE 2 4 11 3 1 2 0
> VAMPIRE 4 4 11 3 1 2 0
> VAMPIRE 3 4 11 2 1 2 0
> GRENADE 1 11 7 2 6
> POWERUP SHOE 9 6 7 5
> BAT1 2 3 12 3 13 3 3 4 13 4 2 5 4 5 10 9 12 9 2 11 12 11 11 12 10 13
< RES 169 131 1
< MOVE U U
> REQ 169 132 1
> VAMPIRE 1 4 7 3 0 6 27
> VAMPIRE 2 3 11 3 1 2 0
> VAMPIRE 4 3 11 3 1 2 0
> VAMPIRE 3 3 11 2 1 2 0
> GRENADE 1 11 7 1 6
> POWERUP SHOE 8 6 7 5
> BAT1 2 3 12 3 13 3 3 4 13 4 2 5 4 5 10 9 12 9 2 11 12 11 11 12 10 13
< RES 169 132 1
< MOVE D D
> REQ 169 133 1
> VAMPIRE 1 6 7 3 1 6 26
> VAMPIRE 2 4 11 3 1 2 0
> VAMPIRE 4 4 11 3 1 2 0
> VAMPIRE 3 4 11 2 1 2 0
> POWERUP SHOE 7 6 7 5
> BAT1 2 3 12 3 13 3 3 4 13 4 2 5 4 5 10 9 12 9 2 11 12 11 10 13
< RES 169 133 1
< GRENADE
> REQ 169 134 1
> VAMPIRE 1 6 7 3 0 6 25
> VAMPIRE 2 3 11 3 1 2 0
> VAMPIRE 4 3 11 3 1 2 0
> VAMPIRE 3 3 11 2 1 2 0
> GRENADE 1 6 7 5 6
> POWERUP SHOE 6 6 7 5
> BAT1 2 3 12 3 13 3 3 4 13 4 2 5 4 5 10 9 12 9 2 11 12 11 10 13
< RES 169 134 1
> REQ 169 135 1
> VAMPIRE 1 6 7 3 0 6 24
> VAMPIRE 2 4 11 3 1 2 0
> VAMPIRE 4 4 11 3 1 2 0
> VAMPIRE 3 4 11 2 1 2 0
> GRENADE 1 3 7 4 6
> POWERUP SHOE 5 6 7 5
> BAT1 2 3 12 3 13 3 3 4 13 4 2 5 4 5 10 9 12 9 2 11 12 11 10 13
< RES 169 135 1
> REQ 169 136 1
> VAMPIRE 1 6 7 3 0 6 23
> VAMPIRE 2 6 11 3 1 2 0
> VAMPIRE 4 6 11 3 1 2 0
> VAMPIRE 3 6 11 2 1 2 0
> GRENADE 1 3 7 3 6
> POWERUP SHOE 4 6 7 5
> BAT1 2 3 12 3 13 3 3 4 13 4 2 5 4 5 10 9 12 9 2 11 12 11 10 13
< RES 169 136 1
> REQ 169 137 1
> VAMPIRE 1 6 7 3 0 6 52
> VAMPIRE 2 4 11 3 1 2 0
> VAMPIRE 4 4 11 3 1 2 0
> VAMPIRE 3 4 11 2 1 2 0
> GRENADE 1 3 7 2 6
> BAT1 2 3 12 3 13 3 3 4 13 4 2 5 4 5 10 9 12 9 2 11 12 11 10 13
< RES 169 137 1
< MOVE D R R
> REQ 169 138 1
> VAMPIRE 1 7 9 3 0 6 51
> VAMPIRE 2 6 11 3 1 2 0
> VAMPIRE 4 6 11 3 1 2 0
> VAMPIRE 3 6 11 2 1 2 0
> GRENADE 1 3 7 1 6
> BAT1 2 3 12 3 13 3 3 4 13 4 2 5 4 5 10 9 12 9 2 11 12 11 10 13
< RES 169 138 1
< MOVE R R D
> REQ 169 139 1
> VAMPIRE 1 8 11 3 1 6 50
> VAMPIRE 2 4 11 3 1 2 0
> VAMPIRE 4 4 11 3 1 2 0
> VAMPIRE 3 7 11 2 1 2 0
> BAT1 2 3 12 3 13 3 13 4 2 5 4 5 10 9 12 9 2 11 12 11 10 13
< RES 169 139 1
< GRENADE
< MOVE D L L
> REQ 169 140 1
> VAMPIRE 1 9 9 3 0 6 49
> VAMPIRE 2 6 11 3 1 2 0
> VAMPIRE 4 6 11 3 1 2 0
> VAMPIRE 3 6 11 2 1 2 0
> GRENADE 1 8 11 5 6
> BAT1 2 3 12 3 13 3 13 4 2 5 4 5 10 9 12 9 2 11 12 11 10 13
< RES 169 140 1
< MOVE U U
> REQ 169 141 1
> VAMPIRE 1 7 9 3 0 6 48
> VAMPIRE 2 4 11 3 1 2 0
> VAMPIRE 4 4 11 3 1 2 0
> VAMPIRE 3 4 11 2 1 2 0
> GRENADE 1 8 11 4 6
> BAT1 2 3 12 3 13 3 13 4 2 5 4 5 10 9 12 9 2 11 12 11 10 13
< RES 169 141 1
< MOVE L L
> REQ 169 142 1
> VAMPIRE 1 7 7 3 0 6 47
> VAMPIRE 2 3 11 3 1 2 0
> VAMPIRE 4 3 11 3 1 2 0
> VAMPIRE 3 3 11 2 1 2 0
> GRENADE 1 8 11 3 6
> BAT1 2 3 12 3 13 3 13 4 2 5 4 5 10 9 12 9 2 11 12 11 10 13
< RES 169 142 1
> REQ 169 143 1
> VAMPIRE 1 7 7 3 0 6 46
> VAMPIRE 2 3 12 3 1 2 0
> VAMPIRE 4 3 10 3 1 2 0
> VAMPIRE 3 3 10 2 1 2 0
> GRENADE 1 8 11 2 6
> BAT1 2 3 12 3 13 3 13 4 2 5 4 5 10 9 12 9 2 11 12 11 10 13
< RES 169 143 1
< MOVE L L
> REQ 169 144 1
> VAMPIRE 1 7 5 3 0 6 45
> VAMPIRE 2 3 12 3 0 2 0
> VAMPIRE 4 3 10 3 0 2 0
> VAMPIRE 3 3 10 2 0 2 0
> GRENADE 1 8 11 1 6
> GRENADE 2 3 12 5 2
> GRENADE 3 3 10 5 2
> GRENADE 4 3 10 5 2
> BAT1 2 3 12 3 13 3 13 4 2 5 4 5 10 9 12 9 2 11 12 11 10 13
< RES 169 144 1
< MOVE L L
> REQ 169 145 1
> VAMPIRE 1 7 3 3 1 6 44
> VAMPIRE 2 2 13 3 0 2 0
> VAMPIRE 4 2 9 3 0 2 0
> VAMPIRE 3 2 9 2 0 2 0
> GRENADE 2 3 12 4 2
> GRENADE 3 3 12 4 2
> GRENADE 4 3 12 4 2
> BAT1 2 3 12 3 13 3 13 4 2 5 4 5 10 9 12 9 10 13
< RES 169 145 1
< GRENADE
< MOVE R R
> REQ 169 146 1
> VAMPIRE 1 7 5 3 0 6 43
> VAMPIRE 2 1 12 3 0 2 0
> VAMPIRE 4 1 8 3 0 2 0
> VAMPIRE 3 1 10 2 0 2 0
> GRENADE 2 3 12 3 2
> GRENADE 3 3 12 3 2
> GRENADE 4 3 12 3 2
> GRENADE 1 7 3 5 6
> BAT1 2 3 12 3 13 3 13 4 2 5 4 5 10 9 12 9 10 13
< RES 169 146 1
< MOVE D D
> REQ 169 147 1
> VAMPIRE 1 9 5 3 0 6 42
> VAMPIRE 2 1 10 3 0 2 0
> VAMPIRE 4 1 6 3 0 2 0
> VAMPIRE 3 1 8 2 0 2 0
> GRENADE 2 3 12 2 2
> GRENADE 3 3 12 2 2
> GRENADE 4 3 12 2 2
> GRENADE 1 7 3 4 6
> BAT1 2 3 12 3 13 3 13 4 2 5 4 5 10 9 12 9 10 13
< RES 169 147 1
< MOVE D D
> REQ 169 148 1
> VAMPIRE 1 11 5 3 0 6 41
> VAMPIRE 2 1 8 3 0 2 0
> VAMPIRE 4 1 4 3 0 2 0
> VAMPIRE 3 1 6 2 0 2 0
> GRENADE 2 3 12 1 2
> GRENADE 3 3 12 1 2
> GRENADE 4 3 12 1 2
> GRENADE 1 7 3 3 6
> BAT1 2 3 12 3 13 3 13 4 2 5 4 5 10 9 12 9 10 13
< RES 169 148 1
< MOVE R R
> REQ 169 149 1
> VAMPIRE 1 11 7 3 0 6 40
> VAMPIRE 2 1 6 3 1 2 0
> VAMPIRE 4 1 2 3 1 2 0
> VAMPIRE 3 1 4 2 1 2 0
> GRENADE 1 7 3 2 6
> POWERUP BATTERY -5 7 10 4
> POWERUP BATTERY -5 7 4 4
> BAT1 2 3 12 3 13 3 13 4 2 5 4 5 10 9 12 9 10 13
< RES 169 149 1
< MOVE U U R
> REQ 169 150 1
> VAMPIRE 1 9 8 3 0 6 39
> VAMPIRE 2 1 5 3 1 2 0
> VAMPIRE 4 1 3 3 1 2 0
> VAMPIRE 3 1 4 2 0 2 0
> GRENADE 1 7 3 1 6
> GRENADE 3 1 4 5 2
> POWERUP BATTERY -4 7 10 4
> POWERUP BATTERY -4 7 4 4
> BAT1 2 3 12 3 13 3 13 4 2 5 4 5 10 9 12 9 10 13
< RES 169 150 1
< MOVE R U
> REQ 169 151 1
> VAMPIRE 1 8 9 3 1 6 38
> VAMPIRE 2 1 5 3 0 2 0
> VAMPIRE 4 1 3 3 0 2 0
> VAMPIRE 3 1 4 2 0 2 0
> GRENADE 3 1 4 4 2
> GRENADE 2 1 5 5 2
> GRENADE 4 1 3 5 2
> POWERUP BATTERY -3 7 10 4
> POWERUP BATTERY -3 7 4 4
> BAT1 13 3 13 4 2 5 4 5 10 9 12 9 10 13
< RES 169 151 1
< GRENADE
< MOVE U R
> REQ 169 152 1
> VAMPIRE 1 7 10 3 0 6 37
> VAMPIRE 2 1 7 3 0 2 0
> VAMPIRE 4 1 1 3 0 2 0
> VAMPIRE 3 1 4 2 0 2 0
> GRENADE 3 1 4 3 2
> GRENADE 2 1 5 4 2
> GRENADE 4 1 3 4 2
> GRENADE 1 8 9 5 6
> POWERUP BATTERY -2 7 10 4
> POWERUP BATTERY -2 7 4 4
> BAT1 13 3 13 4 2 5 4 5 10 9 12 9 10 13
< RES 169 152 1
> REQ 169 153 1
> VAMPIRE 1 7 10 3 0 6 36
> VAMPIRE 2 2 7 3 0 2 0
> VAMPIRE 4 3 1 3 0 2 0
> VAMPIRE 3 1 4 2 0 2 0
> GRENADE 3 1 6 2 2
> GRENADE 2 1 5 3 2
> GRENADE 4 1 3 3 2
> GRENADE 1 8 9 4 6
> POWERUP BATTERY -1 7 10 4
> POWERUP BATTERY -1 7 4 4
> BAT1 13 3 13 4 2 5 4 5 10 9 12 9 10 13
< RES 169 153 1
> REQ 169 154 1
> VAMPIRE 1 7 10 3 0 6 35
> VAMPIRE 2 3 6 3 0 2 0
> VAMPIRE 4 5 1 3 0 2 0
> VAMPIRE 3 1 4 2 0 2 0
> GRENADE 3 1 6 1 2
> GRENADE 2 1 5 2 2
> GRENADE 4 1 3 2 2
> GRENADE 1 8 9 3 6
> POWERUP BATTERY 11 7 10 4
> POWERUP BATTERY 11 7 4 4
> BAT1 13 3 13 4 2 5 4 5 10 9 12 9 10 13
< RES 169 154 1
> REQ 169 155 1
> VAMPIRE 1 7 10 3 0 6 34
> VAMPIRE 2 3 5 3 1 2 0
> VAMPIRE 4 5 3 3 1 2 0
> VAMPIRE 3 1 4 1 1 2 0
> GRENADE 1 8 9 2 6
> POWERUP BATTERY 10 7 10 4
> POWERUP BATTERY 10 7 4 4
> BAT1 13 3 13 4 4 5 10 9 12 9 10 13
< RES 169 155 1
> REQ 169 156 1
> VAMPIRE 1 7 10 3 0 6 33
> VAMPIRE 2 2 5 3 1 2 0
> VAMPIRE 4 7 3 3 1 2 0
> VAMPIRE 3 2 5 1 1 2 0
> GRENADE 1 8 9 1 6
> POWERUP BATTERY 9 7 10 4
> POWERUP BATTERY 9 7 4 4
> BAT1 13 3 13 4 4 5 10 9 12 9 10 13
< RES 169 156 1
> REQ 169 157 1
> VAMPIRE 1 7 10 3 1 7 32
> VAMPIRE 2 3 5 3 1 2 0
> VAMPIRE 4 7 4 3 1 2 0
> VAMPIRE 3 3 5 1 1 2 0
> POWERUP BATTERY 8 7 4 4
> BAT1 13 3 13 4 4 5 12 9 10 13
< RES 169 157 1
< MOVE L L L
> REQ 169 158 1
> VAMPIRE 1 7 7 3 1 7 31
> VAMPIRE 2 2 5 3 1 2 0
> VAMPIRE 4 7 4 3 1 2 0
> VAMPIRE 3 2 5 1 1 2 0
> POWERUP BATTERY 7 7 4 4
> BAT1 13 3 13 4 4 5 12 9 10 13
< RES 169 158 1
< MOVE L L L
> REQ 169 159 1
> VAMPIRE 1 7 4 3 1 7 30
> VAMPIRE 2 3 5 3 1 2 0
> VAMPIRE 4 7 4 3 1 2 0
> VAMPIRE 3 3 5 1 1 2 0
> POWERUP BATTERY 6 7 4 4
> BAT1 13 3 13 4 4 5 12 9 10 13
< RES 169 159 1
> REQ 169 160 1
> VAMPIRE 1 7 4 3 1 7 29
> VAMPIRE 2 2 5 3 1 2 0
> VAMPIRE 4 7 4 3 1 2 0
> VAMPIRE 3 2 5 1 1 2 0
> POWERUP BATTERY 5 7 4 4
> BAT1 13 3 13 4 4 5 12 9 10 13
< RES 169 160 1
> REQ 169 161 1
> VAMPIRE 1 7 4 3 1 7 28
> VAMPIRE 2 3 5 3 1 2 0
> VAMPIRE 4 7 4 3 1 3 0
> VAMPIRE 3 3 5 1 1 2 0
> BAT1 13 3 13 4 4 5 12 9 10 13
< RES 169 161 1
< MOVE R D D
> REQ 169 162 1
> VAMPIRE 1 9 5 3 1 7 27
> VAMPIRE 2 2 5 3 1 2 0
> VAMPIRE 4 7 5 3 1 3 0
> VAMPIRE 3 2 5 1 1 2 0
> BAT1 13 3 13 4 4 5 12 9 10 13
< RES 169 162 1
< GRENADE
< MOVE R R
> REQ 169 163 1
> VAMPIRE 1 9 7 3 0 7 26
> VAMPIRE 2 3 5 3 1 2 0
> VAMPIRE 4 7 5 3 0 3 0
> VAMPIRE 3 3 5 1 1 2 0
> GRENADE 1 9 5 5 7
> GRENADE 4 7 5 5 3
> BAT1 13 3 13 4 4 5 12 9 10 13
< RES 169 163 1
< MOVE D D
> REQ 169 164 1
> VAMPIRE 1 11 7 3 0 7 25
> VAMPIRE 2 2 5 3 1 2 0
> VAMPIRE 4 7 7 3 0 3 0
> VAMPIRE 3 2 5 1 1 2 0
> GRENADE 1 9 5 4 7
> GRENADE 4 9 5 4 3
> BAT1 13 3 13 4 4 5 12 9 10 13
< RES 169 164 1
> REQ 169 165 1
> VAMPIRE 1 11 7 3 0 7 24
> VAMPIRE 2 3 5 3 1 2 0
> VAMPIRE 4 7 9 3 0 3 0
> VAMPIRE 3 3 5 1 1 2 0
> GRENADE 1 9 5 3 7
> GRENADE 4 9 5 3 3
> BAT1 13 3 13 4 4 5 12 9 10 13
< RES 169 165 1
> REQ 169 166 1
> VAMPIRE 1 11 7 3 0 7 23
> VAMPIRE 2 2 5 3 1 2 0
> VAMPIRE 4 7 11 3 0 3 0
> VAMPIRE 3 2 5 1 1 2 0
> GRENADE 1 9 5 2 7
> GRENADE 4 9 5 2 3
> BAT1 13 3 13 4 4 5 12 9 10 13
< RES 169 166 1
< MOVE D D
> REQ 169 167 1
> VAMPIRE 1 13 7 3 0 7 22
> VAMPIRE 2 3 5 3 1 2 0
> VAMPIRE 4 7 13 3 0 3 0
> VAMPIRE 3 3 5 1 1 2 0
> GRENADE 1 9 5 1 7
> GRENADE 4 9 5 1 3
> BAT1 13 3 13 4 4 5 12 9 10 13
< RES 169 167 1
< MOVE R R
> REQ 169 168 1
> VAMPIRE 1 13 9 3 1 7 21
> VAMPIRE 2 2 5 3 1 2 0
> VAMPIRE 4 9 13 3 1 3 0
> VAMPIRE 3 2 5 1 1 2 0
> BAT1 13 3 13 4 12 9 10 13
< RES 169 168 1
< GRENADE
< MOVE L L U
> REQ 169 169 1
> VAMPIRE 1 12 7 3 0 7 20
> VAMPIRE 2 4 5 3 1 2 0
> VAMPIRE 4 8 13 3 1 3 0
> VAMPIRE 3 4 5 1 1 2 0
> GRENADE 1 13 9 5 7
> BAT1 13 3 13 4 12 9 10 13
< RES 169 169 1
< MOVE U U U
> REQ 169 170 1
> VAMPIRE 1 9 7 3 0 7 19
> VAMPIRE 2 6 5 3 1 2 0
> VAMPIRE 4 8 13 3 0 3 0
> VAMPIRE 3 6 5 1 1 2 0
> GRENADE 1 13 9 4 7
> GRENADE 4 8 13 5 3
> BAT1 13 3 13 4 12 9 10 13
< RES 169 170 1
< MOVE R R
> REQ 169 171 1
> VAMPIRE 1 9 9 3 0 7 18
> VAMPIRE 2 8 5 3 1 2 0
> VAMPIRE 4 9 12 3 0 3 0
> VAMPIRE 3 8 5 1 1 2 0
> GRENADE 1 13 9 3 7
> GRENADE 4 8 13 4 3
> BAT1 13 3 13 4 12 9 10 13
< RES 169 171 1
< MOVE L L
> REQ 169 172 1
> VAMPIRE 1 9 7 3 0 7 17
> VAMPIRE 2 10 5 3 1 2 0
> VAMPIRE 4 10 11 3 0 3 0
> VAMPIRE 3 10 5 1 1 2 0
> GRENADE 1 13 9 2 7
> GRENADE 4 8 13 3 3
> BAT1 13 3 13 4 12 9 10 13
< RES 169 172 1
< MOVE U U L
> REQ 169 173 1
> VAMPIRE 1 7 6 3 0 7 16
> VAMPIRE 2 9 5 3 1 2 0
> VAMPIRE 4 11 12 3 0 3 0
> VAMPIRE 3 9 5 1 1 2 0
> GRENADE 1 13 9 1 7
> GRENADE 4 8 13 2 3
> BAT1 13 3 13 4 12 9 10 13
< RES 169 173 1
< MOVE L L L
> REQ 169 174 1
> VAMPIRE 1 7 3 3 1 7 15
> VAMPIRE 2 7 5 3 1 2 0
> VAMPIRE 4 12 13 3 0 3 0
> VAMPIRE 3 7 5 1 1 2 0
> GRENADE 4 8 13 1 3
> BAT1 13 3 10 13
< RES 169 174 1
< GRENADE
< MOVE L L D
> REQ 169 175 1
> VAMPIRE 1 8 1 3 0 7 14
> VAMPIRE 2 7 4 3 1 2 0
> VAMPIRE 4 13 13 3 1 3 0
> VAMPIRE 3 7 4 1 1 2 0
> GRENADE 1 7 3 5 7
> BAT1 13 3
< RES 169 175 1
< MOVE D R
> REQ 169 176 1
> VAMPIRE 1 9 2 3 0 7 13
> VAMPIRE 2 7 6 3 1 2 0
> VAMPIRE 4 11 13 3 1 3 0
> VAMPIRE 3 7 6 1 1 2 0
> GRENADE 1 7 3 4 7
> BAT1 13 3
< RES 169 176 1
< MOVE R R R
> REQ 169 177 1
> VAMPIRE 1 9 5 3 0 7 12
> VAMPIRE 2 8 5 3 1 2 0
> VAMPIRE 4 9 13 3 1 3 0
> VAMPIRE 3 8 5 1 1 2 0
> GRENADE 1 7 3 3 7
> POWERUP GRENADE -6 7 8 7
> POWERUP GRENADE -6 7 6 7
> BAT1 13 3
< RES 169 177 1
< MOVE U U R
> REQ 169 178 1
> VAMPIRE 1 7 6 3 0 7 11
> VAMPIRE 2 10 5 3 1 2 0
> VAMPIRE 4 7 13 3 1 3 0
> VAMPIRE 3 10 5 1 1 2 0
> GRENADE 1 7 3 2 7
> POWERUP GRENADE -5 7 8 7
> POWERUP GRENADE -5 7 6 7
> BAT1 13 3
< RES 169 178 1
< MOVE L D
> REQ 169 179 1
> VAMPIRE 1 8 5 3 0 7 10
> VAMPIRE 2 12 5 3 1 2 0
> VAMPIRE 4 5 13 3 1 3 0
> VAMPIRE 3 8 5 1 1 2 0
> GRENADE 1 7 3 1 7
> POWERUP GRENADE -4 7 8 7
> POWERUP GRENADE -4 7 6 7
> BAT1 13 3
< RES 169 179 1
< MOVE U R
> REQ 169 180 1
> VAMPIRE 1 7 6 3 1 7 9
> VAMPIRE 2 10 5 3 1 2 0
> VAMPIRE 4 3 13 3 1 3 0
> VAMPIRE 3 10 5 1 1 2 0
> POWERUP GRENADE -3 7 8 7
> POWERUP GRENADE -3 7 6 7
< RES 169 180 1
> REQ 169 181 1
> VAMPIRE 1 7 6 3 1 7 8
> VAMPIRE 2 8 5 3 1 2 0
> VAMPIRE 4 1 13 3 1 3 0
> VAMPIRE 3 8 5 1 1 2 0
> POWERUP GRENADE -2 7 8 7
> POWERUP GRENADE -2 7 6 7
< RES 169 181 1
> REQ 169 182 1
> VAMPIRE 1 7 6 3 1 7 7
> VAMPIRE 2 7 6 3 1 2 0
> VAMPIRE 4 3 13 3 1 3 0
> VAMPIRE 3 7 5 1 1 2 0
> POWERUP GRENADE -1 7 8 7
> POWERUP GRENADE -1 7 6 7
< RES 169 182 1
> REQ 169 183 1
> VAMPIRE 1 7 6 3 1 7 6
> VAMPIRE 2 7 8 3 1 2 0
> VAMPIRE 4 5 13 3 1 3 0
> VAMPIRE 3 7 6 1 0 2 0
> GRENADE 3 7 5 5 2
> POWERUP GRENADE 14 7 8 7
> POWERUP GRENADE 14 7 6 7
< RES 169 183 1
< MOVE R R
> REQ 169 184 1
> VAMPIRE 1 7 7 3 1 7 5
> VAMPIRE 2 7 8 3 0 2 0
> VAMPIRE 4 7 13 3 1 3 0
> VAMPIRE 3 7 7 1 0 2 0
> GRENADE 3 7 5 4 2
> GRENADE 2 7 8 5 2
> POWERUP GRENADE 13 7 8 7
> POWERUP GRENADE 13 7 6 7
< RES 169 184 1
< MOVE L
> REQ 169 185 1
> VAMPIRE 1 7 7 3 1 7 4
> VAMPIRE 2 7 8 3 0 2 0
> VAMPIRE 4 7 11 3 1 3 0
> VAMPIRE 3 6 7 1 0 2 0
> GRENADE 3 7 5 3 2
> GRENADE 2 7 6 4 2
> POWERUP GRENADE 12 7 8 7
> POWERUP GRENADE 12 7 6 7
< RES 169 185 1
< MOVE R
> REQ 169 186 1
> VAMPIRE 1 7 8 3 1 7 3
> VAMPIRE 2 7 9 3 0 2 0
> VAMPIRE 4 7 10 3 1 3 0
> VAMPIRE 3 6 7 1 0 2 0
> GRENADE 3 7 5 2 2
> GRENADE 2 7 6 3 2
> POWERUP GRENADE 11 7 8 7
> POWERUP GRENADE 11 7 6 7
< RES 169 186 1
< GRENADE
< MOVE R U
> REQ 169 187 1
> VAMPIRE 1 6 9 3 0 7 2
> VAMPIRE 2 7 9 3 0 2 0
> VAMPIRE 4 7 10 3 0 3 0
> VAMPIRE 3 5 8 1 0 2 0
> GRENADE 3 7 5 1 2
> GRENADE 2 7 6 2 2
> GRENADE 1 7 8 5 7
> GRENADE 4 7 10 5 3
> POWERUP GRENADE 10 7 8 7
> POWERUP GRENADE 10 7 6 7
< RES 169 187 1
< MOVE U L L
> REQ 169 188 1
> VAMPIRE 1 5 7 3 1 7 1
> VAMPIRE 2 6 9 2 1 2 0
> VAMPIRE 4 8 9 2 1 3 0
> VAMPIRE 3 6 9 1 1 2 0
> POWERUP GRENADE 9 7 8 7
> POWERUP GRENADE 9 7 6 7
< RES 169 188 1
< MOVE D D R
> REQ 169 189 1
> VAMPIRE 1 7 8 3 1 7 0
> VAMPIRE 2 7 8 2 1 2 0
> VAMPIRE 4 7 8 2 1 3 0
> VAMPIRE 3 7 9 1 1 2 0
> POWERUP GRENADE 8 7 8 7
> POWERUP GRENADE 8 7 6 7
< RES 169 189 1
> REQ 169 190 1
> VAMPIRE 1 7 8 3 1 7 0
> VAMPIRE 2 7 6 2 1 2 0
> VAMPIRE 4 7 6 2 1 3 0
> VAMPIRE 3 7 9 1 0 2 0
> GRENADE 3 7 9 5 2
> POWERUP GRENADE 7 7 8 7
> POWERUP GRENADE 7 7 6 7
< RES 169 190 1
< MOVE L L
> REQ 169 191 1
> VAMPIRE 1 7 8 3 1 7 0
> VAMPIRE 2 7 6 2 1 2 0
> VAMPIRE 4 7 6 2 1 3 0
> VAMPIRE 3 7 8 1 0 2 0
> GRENADE 3 7 7 4 2
> POWERUP GRENADE 6 7 8 7
> POWERUP GRENADE 6 7 6 7
< RES 169 191 1
< GRENADE
> REQ 169 192 1
> VAMPIRE 1 7 8 3 0 7 0
> VAMPIRE 2 7 6 2 0 2 0
> VAMPIRE 4 7 6 2 0 3 0
> VAMPIRE 3 7 8 1 0 2 0
> GRENADE 3 7 7 3 2
> GRENADE 1 7 8 5 7
> GRENADE 2 7 6 5 2
> GRENADE 4 7 6 5 3
> POWERUP GRENADE 5 7 8 7
> POWERUP GRENADE 5 7 6 7
< RES 169 192 1
< MOVE R
> REQ 169 193 1
> VAMPIRE 1 7 9 3 0 7 0
> VAMPIRE 2 7 6 2 0 2 0
> VAMPIRE 4 7 6 2 0 3 0
> VAMPIRE 3 6 9 1 0 2 0
> GRENADE 3 7 7 2 2
> GRENADE 1 7 5 4 7
> GRENADE 2 7 6 4 2
> GRENADE 4 7 6 4 3
> POWERUP GRENADE 4 7 8 7
> POWERUP GRENADE 4 7 6 7
< RES 169 193 1
< GRENADE
> REQ 169 194 1
> WARN Not enough grenade ; GRENADE
> VAMPIRE 1 7 9 3 0 7 0
> VAMPIRE 2 7 6 2 0 2 0
> VAMPIRE 4 7 6 2 0 3 0
> VAMPIRE 3 6 9 1 0 2 0
> GRENADE 3 7 7 1 2
> GRENADE 1 7 5 3 7
> GRENADE 2 7 8 3 2
> GRENADE 4 7 8 3 3
> POWERUP GRENADE 3 7 8 7
> POWERUP GRENADE 3 7 6 7
< RES 169 194 1
> REQ 169 195 1
> VAMPIRE 1 7 9 2 1 7 0
> VAMPIRE 2 7 6 1 1 2 0
> VAMPIRE 4 7 6 1 1 3 0
> VAMPIRE 3 6 9 1 1 2 0
> POWERUP GRENADE 2 7 8 7
> POWERUP GRENADE 2 7 6 7
< RES 169 195 1
< MOVE L
> REQ 169 196 1
> VAMPIRE 1 7 8 2 1 7 0
> VAMPIRE 2 7 8 1 1 2 0
> VAMPIRE 4 7 8 1 1 3 0
> VAMPIRE 3 7 8 1 1 2 0
> POWERUP GRENADE 1 7 8 7
> POWERUP GRENADE 1 7 6 7
< RES 169 196 1
> REQ 169 197 1
> VAMPIRE 1 7 8 2 1 7 0
> VAMPIRE 2 7 10 1 1 2 0
> VAMPIRE 4 7 6 1 1 3 0
> VAMPIRE 3 7 10 1 1 2 0
< RES 169 197 1
< GRENADE
< MOVE L U
> REQ 169 198 1
> WARN Inactive player cannot put grenade ; GRENADE
> VAMPIRE 1 6 7 2 1 7 0
> VAMPIRE 2 7 8 1 1 2 0
> VAMPIRE 4 7 7 1 1 3 0
> VAMPIRE 3 7 8 1 1 2 0
< RES 169 198 1
< MOVE U U
> REQ 169 199 1
> VAMPIRE 1 4 7 2 1 7 0
> VAMPIRE 2 7 8 1 1 2 0
> VAMPIRE 4 7 7 1 0 3 0
> VAMPIRE 3 7 8 1 1 2 0
> GRENADE 4 7 7 5 3
< RES 169 199 1
< MOVE U
> REQ 169 200 1
> VAMPIRE 1 3 7 2 1 7 0
> VAMPIRE 2 7 8 1 0 2 0
> VAMPIRE 4 9 7 1 0 3 0
> VAMPIRE 3 7 9 1 1 2 0
> GRENADE 4 7 7 4 3
> GRENADE 2 7 8 5 2
< RES 169 200 1
> REQ 169 201 1
> VAMPIRE 1 3 7 2 1 7 0
> VAMPIRE 2 7 8 1 0 2 0
> VAMPIRE 4 11 7 1 0 3 0
> VAMPIRE 3 7 9 1 0 2 0
> GRENADE 4 7 7 3 3
> GRENADE 2 7 10 4 2
> GRENADE 3 7 9 5 2
< RES 169 201 1
> REQ 169 202 1
> VAMPIRE 1 3 7 2 1 7 0
> VAMPIRE 2 7 8 1 0 2 0
> VAMPIRE 4 13 7 1 0 3 0
> VAMPIRE 3 6 9 1 0 2 0
> GRENADE 4 7 7 2 3
> GRENADE 2 7 10 3 2
> GRENADE 3 7 7 4 2
< RES 169 202 1
> REQ 169 203 1
> VAMPIRE 1 3 7 2 1 7 0
> VAMPIRE 2 6 9 1 0 2 0
> VAMPIRE 4 13 5 1 0 3 0
> VAMPIRE 3 6 9 1 0 2 0
> GRENADE 4 7 7 1 3
> GRENADE 2 7 10 2 2
> GRENADE 3 7 7 3 2
< RES 169 203 1
< MOVE D D
> REQ 169 204 1
> VAMPIRE 1 5 7 2 1 7 0
> VAMPIRE 2 6 9 1 1 2 0
> VAMPIRE 4 13 3 1 1 3 0
> VAMPIRE 3 8 9 1 1 2 0
> POWERUP SHOE -8 10 7 5
> POWERUP SHOE -8 4 7 5
< RES 169 204 1
< MOVE U
> REQ 169 205 1
> VAMPIRE 1 4 7 2 1 7 0
> VAMPIRE 2 5 8 1 0 2 0
> VAMPIRE 4 13 1 1 1 3 0
> VAMPIRE 3 8 9 1 0 2 0
> GRENADE 2 6 9 5 2
> GRENADE 3 8 9 5 2
> POWERUP SHOE -7 10 7 5
> POWERUP SHOE -7 4 7 5
< RES 169 205 1
> REQ 169 206 1
> VAMPIRE 1 4 7 2 1 7 0
> VAMPIRE 2 4 7 1 0 2 0
> VAMPIRE 4 11 1 1 1 3 0
> VAMPIRE 3 9 8 1 0 2 0
> GRENADE 2 6 9 4 2
> GRENADE 3 6 9 4 2
> POWERUP SHOE -6 10 7 5
> POWERUP SHOE -6 4 7 5
< RES 169 206 1
> REQ 169 207 1
> VAMPIRE 1 4 7 2 1 7 0
> VAMPIRE 2 4 7 1 0 2 0
> VAMPIRE 4 9 1 1 1 3 0
> VAMPIRE 3 10 7 1 0 2 0
> GRENADE 2 6 9 3 2
> GRENADE 3 6 9 3 2
> POWERUP SHOE -5 10 7 5
> POWERUP SHOE -5 4 7 5
< RES 169 207 1
> REQ 169 208 1
> VAMPIRE 1 4 7 2 1 7 0
> VAMPIRE 2 4 7 1 0 2 0
> VAMPIRE 4 7 1 1 1 3 0
> VAMPIRE 3 10 7 1 0 2 0
> GRENADE 2 6 9 2 2
> GRENADE 3 6 9 2 2
> POWERUP SHOE -4 10 7 5
> POWERUP SHOE -4 4 7 5
< RES 169 208 1
> REQ 169 209 1
> VAMPIRE 1 4 7 2 1 7 0
> VAMPIRE 2 4 7 1 0 2 0
> VAMPIRE 4 5 1 1 1 3 0
> VAMPIRE 3 10 7 1 0 2 0
> GRENADE 2 6 9 1 2
> GRENADE 3 6 9 1 2
> POWERUP SHOE -3 10 7 5
> POWERUP SHOE -3 4 7 5
< RES 169 209 1
> REQ 169 210 1
> VAMPIRE 1 4 7 2 1 7 0
> VAMPIRE 2 4 7 1 1 2 0
> VAMPIRE 4 3 1 1 1 3 0
> VAMPIRE 3 10 7 1 1 2 0
> POWERUP SHOE -2 10 7 5
> POWERUP SHOE -2 4 7 5
< RES 169 210 1
> REQ 169 211 1
> VAMPIRE 1 4 7 2 1 7 0
> VAMPIRE 2 4 7 1 1 2 0
> VAMPIRE 4 1 1 1 1 3 0
> VAMPIRE 3 8 7 1 1 2 0
> POWERUP SHOE -1 10 7 5
> POWERUP SHOE -1 4 7 5
< RES 169 211 1
> REQ 169 212 1
> VAMPIRE 1 4 7 2 1 7 0
> VAMPIRE 2 6 7 1 1 2 0
> VAMPIRE 4 1 3 1 1 3 0
> VAMPIRE 3 6 7 1 1 2 0
> POWERUP SHOE 11 10 7 5
> POWERUP SHOE 11 4 7 5
< RES 169 212 1
> REQ 169 213 1
> VAMPIRE 1 4 7 2 1 7 0
> VAMPIRE 2 4 7 1 1 2 0
> VAMPIRE 4 1 5 1 1 3 0
> VAMPIRE 3 5 7 1 1 2 0
> POWERUP SHOE 10 10 7 5
> POWERUP SHOE 10 4 7 5
< RES 169 213 1
> REQ 169 214 1
> VAMPIRE 1 4 7 2 1 7 0
> VAMPIRE 2 4 7 1 1 2 0
> VAMPIRE 4 1 7 1 1 3 0
> VAMPIRE 3 5 7 1 0 2 0
> GRENADE 3 5 7 5 2
> POWERUP SHOE 9 10 7 5
> POWERUP SHOE 9 4 7 5
< RES 169 214 1
< GRENADE
> REQ 169 215 1
> VAMPIRE 1 4 7 2 0 7 0
> VAMPIRE 2 4 7 1 1 2 0
> VAMPIRE 4 2 7 1 1 3 0
> VAMPIRE 3 5 7 1 0 2 0
> GRENADE 3 3 7 4 2
> GRENADE 1 4 7 5 7
> POWERUP SHOE 8 10 7 5
> POWERUP SHOE 8 4 7 5
< RES 169 215 1
> REQ 169 216 1
> VAMPIRE 1 4 7 2 0 7 29
> VAMPIRE 2 4 7 1 0 2 0
> VAMPIRE 4 1 8 1 0 3 0
> VAMPIRE 3 5 8 1 0 2 0
> GRENADE 3 3 7 3 2
> GRENADE 1 4 7 4 7
> GRENADE 2 4 7 5 2
> GRENADE 4 2 7 5 3
> POWERUP SHOE 7 10 7 5
< RES 169 216 1
< MOVE D D D
> REQ 169 217 1
> VAMPIRE 1 7 7 2 0 7 28
> VAMPIRE 2 5 8 1 0 2 0
> VAMPIRE 4 1 10 1 0 3 0
> VAMPIRE 3 5 8 1 0 2 0
> GRENADE 3 3 7 2 2
> GRENADE 1 1 7 3 7
> GRENADE 2 1 7 4 2
> GRENADE 4 2 7 4 3
> POWERUP SHOE 6 10 7 5
< RES 169 217 1
< MOVE D D D
> REQ 169 218 1
> VAMPIRE 1 10 7 2 0 7 27
> VAMPIRE 2 6 9 1 0 2 0
> VAMPIRE 4 2 11 1 0 3 0
> VAMPIRE 3 6 9 1 0 2 0
> GRENADE 3 3 7 1 2
> GRENADE 1 1 7 2 7
> GRENADE 2 1 7 3 2
> GRENADE 4 2 7 3 3
> POWERUP SHOE 5 10 7 5
< RES 169 218 1
> REQ 169 219 1
> VAMPIRE 1 10 7 2 1 7 26
> VAMPIRE 2 8 9 1 1 2 0
> VAMPIRE 4 3 12 1 1 3 0
> VAMPIRE 3 8 9 1 1 2 0
> POWERUP SHOE 4 10 7 5
< RES 169 219 1
> REQ 169 220 1
> VAMPIRE 1 10 7 2 1 7 25
> VAMPIRE 2 9 8 1 1 2 0
> VAMPIRE 4 2 13 1 1 3 0
> VAMPIRE 3 10 9 1 1 2 0
> POWERUP SHOE 3 10 7 5
< RES 169 220 1
> REQ 169 221 1
> VAMPIRE 1 10 7 2 1 7 24
> VAMPIRE 2 10 7 1 1 2 0
> VAMPIRE 4 1 13 1 1 3 0
> VAMPIRE 3 9 8 1 1 2 0
> POWERUP SHOE 2 10 7 5
< RES 169 221 1
> REQ 169 222 1
> VAMPIRE 1 10 7 2 1 7 23
> VAMPIRE 2 9 7 1 1 2 0
> VAMPIRE 4 3 13 1 1 3 0
> VAMPIRE 3 9 7 1 1 2 0
> POWERUP SHOE 1 10 7 5
< RES 169 222 1
< MOVE D
> REQ 169 223 1
> VAMPIRE 1 11 7 2 1 7 22
> VAMPIRE 2 8 7 1 1 2 0
> VAMPIRE 4 5 13 1 1 3 0
> VAMPIRE 3 8 7 1 1 2 0
< RES 169 223 1
< MOVE U U
> REQ 169 224 1
> VAMPIRE 1 9 7 2 1 7 21
> VAMPIRE 2 10 7 1 1 2 0
> VAMPIRE 4 7 13 1 1 3 0
> VAMPIRE 3 10 7 1 1 2 0
< RES 169 224 1
< MOVE U U
> REQ 169 225 1
> VAMPIRE 1 7 7 2 1 7 20
> VAMPIRE 2 8 7 1 1 2 0
> VAMPIRE 4 9 13 1 1 3 0
> VAMPIRE 3 8 7 1 1 2 0
< RES 169 225 1
> REQ 169 226 1
> VAMPIRE 1 7 7 2 1 7 19
> VAMPIRE 2 6 7 1 1 2 0
> VAMPIRE 4 11 13 1 1 3 0
> VAMPIRE 3 6 7 1 1 2 0
< RES 169 226 1
< MOVE D D
> REQ 169 227 1
> VAMPIRE 1 9 7 2 1 7 18
> VAMPIRE 2 8 7 1 1 2 0
> VAMPIRE 4 13 13 1 1 3 0
> VAMPIRE 3 8 7 1 1 2 0
< RES 169 227 1
< MOVE R R
> REQ 169 228 1
> VAMPIRE 1 9 9 2 1 7 17
> VAMPIRE 2 10 7 1 1 2 0
> VAMPIRE 4 13 11 1 1 3 0
> VAMPIRE 3 10 7 1 1 2 0
< RES 169 228 1
< MOVE R R
> REQ 169 229 1
> VAMPIRE 1 9 11 2 1 7 16
> VAMPIRE 2 9 7 1 1 2 0
> VAMPIRE 4 13 9 1 1 3 0
> VAMPIRE 3 9 7 1 1 2 0
< RES 169 229 1
< MOVE L L
> REQ 169 230 1
> VAMPIRE 1 9 9 2 1 7 15
> VAMPIRE 2 9 9 1 1 2 0
> VAMPIRE 4 11 9 1 1 3 0
> VAMPIRE 3 9 9 1 1 2 0
< RES 169 230 1
< GRENADE
< MOVE U U
> REQ 169 231 1
> VAMPIRE 1 7 9 2 0 7 14
> VAMPIRE 2 10 9 1 1 2 0
> VAMPIRE 4 11 9 1 0 3 0
> VAMPIRE 3 10 9 1 1 2 0
> GRENADE 1 9 9 5 7
> GRENADE 4 11 9 5 3
< RES 169 231 1
< MOVE L L
> REQ 169 232 1
> VAMPIRE 1 7 7 2 0 7 13
> VAMPIRE 2 10 9 1 0 2 0
> VAMPIRE 4 11 7 1 0 3 0
> VAMPIRE 3 10 9 1 0 2 0
> GRENADE 1 9 9 4 7
> GRENADE 4 9 9 4 3
> GRENADE 2 10 9 5 2
> GRENADE 3 10 9 5 2
> POWERUP SHOE -9 7 10 4
> POWERUP SHOE -9 7 4 4
< RES 169 232 1
< MOVE R R R
> REQ 169 233 1
> VAMPIRE 1 7 10 2 0 7 12
> VAMPIRE 2 11 10 1 0 2 0
> VAMPIRE 4 13 7 1 0 3 0
> VAMPIRE 3 11 8 1 0 2 0
> GRENADE 1 9 9 3 7
> GRENADE 4 9 9 3 3
> GRENADE 2 8 9 4 2
> GRENADE 3 8 9 4 2
> POWERUP SHOE -8 7 10 4
> POWERUP SHOE -8 7 4 4
< RES 169 233 1
> REQ 169 234 1
> VAMPIRE 1 7 10 2 0 7 11
> VAMPIRE 2 10 11 1 0 2 0
> VAMPIRE 4 13 5 1 0 3 0
> VAMPIRE 3 11 10 1 0 2 0
> GRENADE 1 9 9 2 7
> GRENADE 4 9 9 2 3
> GRENADE 2 8 9 3 2
> GRENADE 3 8 9 3 2
> POWERUP SHOE -7 7 10 4
> POWERUP SHOE -7 7 4 4
< RES 169 234 1
> REQ 169 235 1
> VAMPIRE 1 7 10 2 0 7 10
> VAMPIRE 2 8 11 1 0 2 0
> VAMPIRE 4 13 3 1 0 3 0
> VAMPIRE 3 10 11 1 0 2 0
> GRENADE 1 9 9 1 7
> GRENADE 4 9 9 1 3
> GRENADE 2 8 9 2 2
> GRENADE 3 8 9 2 2
> POWERUP SHOE -6 7 10 4
> POWERUP SHOE -6 7 4 4
< RES 169 235 1
> REQ 169 236 1
> VAMPIRE 1 7 10 2 1 7 9
> VAMPIRE 2 7 10 1 1 2 0
> VAMPIRE 4 13 1 1 1 3 0
> VAMPIRE 3 8 11 1 1 2 0
> POWERUP SHOE -5 7 10 4
> POWERUP SHOE -5 7 4 4
< RES 169 236 1
> REQ 169 237 1
> VAMPIRE 1 7 10 2 1 7 8
> VAMPIRE 2 7 11 1 1 2 0
> VAMPIRE 4 13 3 1 1 3 0
> VAMPIRE 3 7 11 1 1 2 0
> POWERUP SHOE -4 7 10 4
> POWERUP SHOE -4 7 4 4
< RES 169 237 1
< GRENADE
> REQ 169 238 1
> VAMPIRE 1 7 10 2 0 7 7
> VAMPIRE 2 7 11 1 1 2 0
> VAMPIRE 4 13 5 1 1 3 0
> VAMPIRE 3 7 11 1 1 2 0
> GRENADE 1 7 10 5 7
> POWERUP SHOE -3 7 10 4
> POWERUP SHOE -3 7 4 4
< RES 169 238 1
< MOVE L
> REQ 169 239 1
> VAMPIRE 1 7 9 2 0 7 6
> VAMPIRE 2 7 12 1 1 2 0
> VAMPIRE 4 13 7 1 1 3 0
> VAMPIRE 3 7 12 1 1 2 0
> GRENADE 1 7 7 4 7
> POWERUP SHOE -2 7 10 4
> POWERUP SHOE -2 7 4 4
< RES 169 239 1
< MOVE R
> REQ 169 240 1
> VAMPIRE 1 7 10 2 0 7 5
> VAMPIRE 2 7 10 1 1 2 0
> VAMPIRE 4 13 9 1 1 3 0
> VAMPIRE 3 7 10 1 1 2 0
> GRENADE 1 7 7 3 7
> POWERUP SHOE -1 7 10 4
> POWERUP SHOE -1 7 4 4
< RES 169 240 1
> REQ 169 241 1
> VAMPIRE 1 7 10 2 0 7 4
> VAMPIRE 2 7 12 1 1 2 0
> VAMPIRE 4 13 11 1 1 3 0
> VAMPIRE 3 7 8 1 1 2 0
> GRENADE 1 7 7 2 7
> POWERUP SHOE 13 7 10 4
> POWERUP SHOE 13 7 4 4
< RES 169 241 1
< GRENADE
> REQ 169 242 1
> WARN Not enough grenade ; GRENADE
> VAMPIRE 1 7 10 2 0 7 3
> VAMPIRE 2 6 11 1 0 2 0
> VAMPIRE 4 13 13 1 1 3 0
> VAMPIRE 3 6 9 1 0 2 0
> GRENADE 1 7 7 1 7
> GRENADE 2 7 12 5 2
> GRENADE 3 7 8 5 2
> POWERUP SHOE 12 7 10 4
> POWERUP SHOE 12 7 4 4
< RES 169 242 1
> REQ 169 243 1
> VAMPIRE 1 7 10 1 1 7 2
> VAMPIRE 2 6 11 1 1 2 0
> VAMPIRE 4 11 13 1 1 3 0
> VAMPIRE 3 5 10 1 1 2 0
> POWERUP SHOE 11 7 10 4
> POWERUP SHOE 11 7 4 4
< RES 169 243 1
> REQ 169 244 1
> VAMPIRE 1 7 10 1 1 7 1
> VAMPIRE 2 7 10 1 1 2 0
> VAMPIRE 4 9 13 1 1 3 0
> VAMPIRE 3 6 11 1 1 2 0
> POWERUP SHOE 10 7 10 4
> POWERUP SHOE 10 7 4 4
< RES 169 244 1
> REQ 169 245 1
> VAMPIRE 1 7 10 1 1 7 0
> VAMPIRE 2 7 11 1 1 2 0
> VAMPIRE 4 7 13 1 1 3 0
> VAMPIRE 3 7 11 1 1 2 0
> POWERUP SHOE 9 7 10 4
> POWERUP SHOE 9 7 4 4
< RES 169 245 1
< MOVE L
> REQ 169 246 1
> VAMPIRE 1 7 9 1 1 7 0
> VAMPIRE 2 7 11 1 0 2 0
> VAMPIRE 4 7 13 1 0 3 0
> VAMPIRE 3 7 12 1 1 2 0
> GRENADE 2 7 11 5 2
> GRENADE 4 7 13 5 3
> POWERUP SHOE 8 7 10 4
> POWERUP SHOE 8 7 4 4
< RES 169 246 1
< MOVE R
> REQ 169 247 1
> VAMPIRE 1 7 10 1 1 7 0
> VAMPIRE 2 7 10 1 0 2 0
> VAMPIRE 4 5 13 1 0 3 0
> VAMPIRE 3 7 12 1 0 2 0
> GRENADE 2 7 11 4 2
> GRENADE 4 7 11 4 3
> GRENADE 3 7 12 5 2
> POWERUP SHOE 7 7 10 4
> POWERUP SHOE 7 7 4 4
< RES 169 247 1
> REQ 169 248 1
> VAMPIRE 1 7 10 1 1 7 0
> VAMPIRE 2 6 9 1 0 2 0
> VAMPIRE 4 3 13 1 0 3 0
> VAMPIRE 3 6 13 1 0 2 0
> GRENADE 2 7 11 3 2
> GRENADE 4 7 11 3 3
> GRENADE 3 7 12 4 2
> POWERUP SHOE 6 7 10 4
> POWERUP SHOE 6 7 4 4
< RES 169 248 1
> REQ 169 249 1
> VAMPIRE 1 7 10 1 1 7 0
> VAMPIRE 2 6 9 1 0 2 0
> VAMPIRE 4 1 13 1 0 3 0
> VAMPIRE 3 4 13 1 0 2 0
> GRENADE 2 7 11 2 2
> GRENADE 4 7 11 2 3
> GRENADE 3 7 12 3 2
> POWERUP SHOE 5 7 10 4
> POWERUP SHOE 5 7 4 4
< RES 169 249 1
< MOVE L U
> REQ 169 250 1
> VAMPIRE 1 6 9 1 1 7 0
> VAMPIRE 2 6 9 1 0 2 0
> VAMPIRE 4 1 11 1 0 3 0
> VAMPIRE 3 2 13 1 0 2 0
> GRENADE 2 7 11 1 2
> GRENADE 4 7 11 1 3
> GRENADE 3 7 12 2 2
> POWERUP SHOE 4 7 10 4
> POWERUP SHOE 4 7 4 4
< RES 169 250 1
< MOVE D R
> REQ 169 251 1
> VAMPIRE 1 7 10 1 1 7 0
> VAMPIRE 2 6 9 1 1 2 0
> VAMPIRE 4 1 9 1 1 3 0
> VAMPIRE 3 1 12 1 1 2 0
> POWERUP SHOE 3 7 10 4
> POWERUP SHOE 3 7 4 4
< RES 169 251 1
> REQ 169 252 1
> VAMPIRE 1 7 10 1 1 7 29
> VAMPIRE 2 7 10 1 1 2 0
> VAMPIRE 4 1 9 1 0 3 0
> VAMPIRE 3 1 10 1 1 2 0
> GRENADE 4 1 9 5 3
> POWERUP SHOE 2 7 4 4
< RES 169 252 1
< MOVE L L L
> REQ 169 253 1
> VAMPIRE 1 7 7 1 1 7 28
> VAMPIRE 2 7 8 1 1 2 0
> VAMPIRE 4 1 7 1 0 3 0
> VAMPIRE 3 1 10 1 0 2 0
> GRENADE 4 1 11 4 3
> GRENADE 3 1 10 5 2
> POWERUP SHOE 1 7 4 4
< RES 169 253 1
< GRENADE
< MOVE L L U
> REQ 169 254 1
> VAMPIRE 1 6 5 1 0 7 27
> VAMPIRE 2 7 8 1 0 2 0
> VAMPIRE 4 1 5 1 0 3 0
> VAMPIRE 3 2 9 1 0 2 0
> GRENADE 4 1 11 3 3
> GRENADE 3 1 8 4 2
> GRENADE 1 7 7 5 7
> GRENADE 2 7 8 5 2
< RES 169 254 1
< MOVE U
> REQ 169 255 1
> VAMPIRE 1 5 5 1 0 7 26
> VAMPIRE 2 6 9 1 0 2 0
> VAMPIRE 4 1 3 1 0 3 0
> VAMPIRE 3 3 8 1 0 2 0
> GRENADE 4 1 11 2 3
> GRENADE 3 1 8 3 2
> GRENADE 1 7 7 4 7
> GRENADE 2 5 8 4 2
< RES 169 255 1
> REQ 169 256 1
> VAMPIRE 1 5 5 1 0 7 25
> VAMPIRE 2 6 9 1 0 2 0
> VAMPIRE 4 1 1 1 0 3 0
> VAMPIRE 3 4 9 1 0 2 0
> GRENADE 4 1 11 1 3
> GRENADE 3 1 8 2 2
> GRENADE 1 7 7 3 7
> GRENADE 2 5 8 3 2
< RES 169 256 1
> REQ 169 257 1
> VAMPIRE 1 5 5 1 0 7 24
> VAMPIRE 2 6 9 1 0 2 0
> VAMPIRE 4 1 3 1 1 3 0
> VAMPIRE 3 6 9 1 1 2 0
> GRENADE 1 7 7 2 7
> GRENADE 2 5 8 2 2
< RES 169 257 1
< MOVE L L
> REQ 169 258 1
> VAMPIRE 1 5 3 1 0 7 23
> VAMPIRE 2 6 9 1 0 2 0
> VAMPIRE 4 1 5 1 1 3 0
> VAMPIRE 3 4 9 1 1 2 0
> GRENADE 1 7 7 1 7
> GRENADE 2 5 8 1 2
< RES 169 258 1
< MOVE R R
> REQ 169 259 1
> VAMPIRE 1 5 5 1 1 7 22
> VAMPIRE 2 6 9 1 1 2 0
> VAMPIRE 4 3 5 1 1 3 0
> VAMPIRE 3 4 9 1 0 2 0
> GRENADE 3 4 9 5 2
< RES 169 259 1
< MOVE D D
> REQ 169 260 1
> VAMPIRE 1 7 5 1 1 7 21
> VAMPIRE 2 6 9 1 0 2 0
> VAMPIRE 4 3 7 1 1 3 0
> VAMPIRE 3 5 10 1 0 2 0
> GRENADE 3 4 9 4 2
> GRENADE 2 6 9 5 2
< RES 169 260 1
< MOVE R R
> REQ 169 261 1
> VAMPIRE 1 7 7 1 1 7 20
> VAMPIRE 2 7 9 1 0 2 0
> VAMPIRE 4 5 7 1 1 3 0
> VAMPIRE 3 5 10 1 0 2 0
> GRENADE 3 4 9 3 2
> GRENADE 2 4 9 4 2
< RES 169 261 1
< MOVE D D
> REQ 169 262 1
> VAMPIRE 1 9 7 1 1 7 19
> VAMPIRE 2 7 9 1 0 2 0
> VAMPIRE 4 5 7 1 0 3 0
> VAMPIRE 3 5 8 1 0 2 0
> GRENADE 3 4 9 2 2
> GRENADE 2 4 9 3 2
> GRENADE 4 5 7 5 3
< RES 169 262 1
> REQ 169 263 1
> VAMPIRE 1 9 7 1 1 7 18
> VAMPIRE 2 7 9 1 0 2 0
> VAMPIRE 4 7 7 1 0 3 0
> VAMPIRE 3 5 8 1 0 2 0
> GRENADE 3 4 9 1 2
> GRENADE 2 4 9 2 2
> GRENADE 4 5 9 4 3
< RES 169 263 1
< MOVE L L
> REQ 169 264 1
> VAMPIRE 1 9 5 1 1 7 17
> VAMPIRE 4 9 7 1 1 3 0
< RES 169 264 1
< MOVE U U
> REQ 169 265 1
> VAMPIRE 1 7 5 1 1 7 16
> VAMPIRE 4 9 7 1 0 3 0
> GRENADE 4 9 7 5 3
> POWERUP GRENADE -5 4 7 7
< RES 169 265 1
< MOVE U U R
> REQ 169 266 1
> VAMPIRE 1 5 6 1 1 7 15
> VAMPIRE 4 8 7 1 0 3 0
> GRENADE 4 9 5 4 3
> POWERUP GRENADE -4 4 7 7
< RES 169 266 1
< MOVE R U
> REQ 169 267 1
> VAMPIRE 1 4 7 1 1 7 14
> VAMPIRE 4 6 7 1 0 3 0
> GRENADE 4 9 5 3 3
> POWERUP GRENADE -3 4 7 7
< RES 169 267 1
> REQ 169 268 1
> VAMPIRE 1 4 7 1 1 7 13
> VAMPIRE 4 4 7 1 0 3 0
> GRENADE 4 9 5 2 3
> POWERUP GRENADE -2 4 7 7
< RES 169 268 1
> REQ 169 269 1
> VAMPIRE 1 4 7 1 1 7 12
> VAMPIRE 4 4 7 1 0 3 0
> GRENADE 4 9 5 1 3
> POWERUP GRENADE -1 4 7 7
< RES 169 269 1
> REQ 169 270 1
> VAMPIRE 1 4 7 1 1 7 11
> VAMPIRE 4 4 7 1 1 3 0
> POWERUP GRENADE 15 4 7 7
< RES 169 270 1
> REQ 169 271 1
> VAMPIRE 1 4 7 1 1 7 10
> VAMPIRE 4 4 7 1 1 3 0
> POWERUP GRENADE 14 4 7 7
< RES 169 271 1
> REQ 169 272 1
> VAMPIRE 1 4 7 1 1 7 9
> VAMPIRE 4 4 7 1 1 3 0
> POWERUP GRENADE 13 4 7 7
< RES 169 272 1
> REQ 169 273 1
> VAMPIRE 1 4 7 1 1 7 8
> VAMPIRE 4 4 7 1 1 3 0
> POWERUP GRENADE 12 4 7 7
< RES 169 273 1
> REQ 169 274 1
> VAMPIRE 1 4 7 1 1 7 7
> VAMPIRE 4 4 7 1 1 3 0
> POWERUP GRENADE 11 4 7 7
< RES 169 274 1
> REQ 169 275 1
> VAMPIRE 1 4 7 1 1 7 6
> VAMPIRE 4 4 7 1 1 3 0
> POWERUP GRENADE 10 4 7 7
< RES 169 275 1
> REQ 169 276 1
> VAMPIRE 1 4 7 1 2 7 5
> VAMPIRE 4 4 7 1 2 3 0
< RES 169 276 1
< MOVE D D D
> REQ 169 277 1
> VAMPIRE 1 7 7 1 2 7 4
> VAMPIRE 4 5 7 1 2 3 0
< RES 169 277 1
< MOVE D D
> REQ 169 278 1
> VAMPIRE 1 9 7 1 2 7 3
> VAMPIRE 4 5 9 1 1 3 0
> GRENADE 4 5 7 5 3
< RES 169 278 1
> REQ 169 279 1
> VAMPIRE 1 9 7 1 2 7 2
> VAMPIRE 4 7 9 1 1 3 0
> GRENADE 4 5 7 4 3
< RES 169 279 1
< MOVE L L
> REQ 169 280 1
> VAMPIRE 1 9 5 1 2 7 1
> VAMPIRE 4 9 9 1 1 3 0
> GRENADE 4 5 7 3 3
< RES 169 280 1
> REQ 169 281 1
> VAMPIRE 1 9 5 1 2 7 0
> VAMPIRE 4 9 8 1 1 3 0
> GRENADE 4 5 7 2 3
< RES 169 281 1
< MOVE U U
> REQ 169 282 1
> VAMPIRE 1 7 5 1 2 7 0
> VAMPIRE 4 9 8 1 0 3 0
> GRENADE 4 5 7 1 3
> GRENADE 4 9 8 5 3
< RES 169 282 1
< MOVE U U
> REQ 169 283 1
> VAMPIRE 1 5 5 1 2 7 0
> VAMPIRE 4 9 10 1 1 3 0
> GRENADE 4 7 8 4 3
< RES 169 283 1
> REQ 169 284 1
> VAMPIRE 1 5 5 1 2 7 0
> VAMPIRE 4 9 12 1 1 3 0
> GRENADE 4 7 8 3 3
< RES 169 284 1
> REQ 169 285 1
> VAMPIRE 1 5 5 1 2 7 0
> VAMPIRE 4 10 13 1 1 3 0
> GRENADE 4 7 8 2 3
< RES 169 285 1
> REQ 169 286 1
> VAMPIRE 1 5 5 1 2 7 0
> VAMPIRE 4 12 13 1 1 3 0
> GRENADE 4 7 8 1 3
< RES 169 286 1
< MOVE D D
> REQ 169 287 1
> VAMPIRE 1 7 5 1 2 7 0
> VAMPIRE 4 13 13 1 2 3 0
< RES 169 287 1
< MOVE R R
> REQ 169 288 1
> VAMPIRE 1 7 7 1 2 7 0
> VAMPIRE 4 11 13 1 2 3 0
< RES 169 288 1
< MOVE D D
> REQ 169 289 1
> VAMPIRE 1 9 7 1 2 7 0
> VAMPIRE 4 9 13 1 2 3 0
< RES 169 289 1
> REQ 169 290 1
> VAMPIRE 1 9 7 1 2 7 0
> VAMPIRE 4 9 12 1 2 3 0
< RES 169 290 1
< MOVE L L
> REQ 169 291 1
> VAMPIRE 1 9 5 1 2 7 0
> VAMPIRE 4 9 10 1 2 3 0
< RES 169 291 1
< MOVE U U
> REQ 169 292 1
> VAMPIRE 1 7 5 1 2 7 0
> VAMPIRE 4 9 8 1 2 3 0
< RES 169 292 1
< MOVE U U
> REQ 169 293 1
> VAMPIRE 1 5 5 1 2 7 0
> VAMPIRE 4 8 9 1 2 3 0
> POWERUP BATTERY -6 7 6 4
< RES 169 293 1
< MOVE D D
> REQ 169 294 1
> VAMPIRE 1 7 5 1 2 7 0
> VAMPIRE 4 7 8 1 2 3 0
> POWERUP BATTERY -5 7 6 4
< RES 169 294 1
< MOVE R
> REQ 169 295 1
> VAMPIRE 1 7 6 1 2 7 0
> VAMPIRE 4 7 6 1 1 3 0
> GRENADE 4 7 8 5 3
> POWERUP BATTERY -4 7 6 4
< RES 169 295 1
> REQ 169 296 1
> VAMPIRE 1 7 6 1 2 7 0
> VAMPIRE 4 7 4 1 1 3 0
> GRENADE 4 7 8 4 3
> POWERUP BATTERY -3 7 6 4
< RES 169 296 1
> REQ 169 297 1
> VAMPIRE 1 7 6 1 2 7 0
> VAMPIRE 4 7 4 1 0 3 0
> GRENADE 4 7 8 3 3
> GRENADE 4 7 4 5 3
> POWERUP BATTERY -2 7 6 4
< RES 169 297 1
< GRENADE
> REQ 169 298 1
> VAMPIRE 1 7 6 1 1 7 0
> VAMPIRE 4 6 5 1 0 3 0
> GRENADE 4 7 8 2 3
> GRENADE 4 7 4 4 3
> GRENADE 1 7 6 5 7
> POWERUP BATTERY -1 7 6 4
< RES 169 298 1
< MOVE L U
> REQ 169 299 1
> VAMPIRE 1 6 5 1 1 7 0
> VAMPIRE 4 4 5 1 0 3 0
> GRENADE 4 7 8 1 3
> GRENADE 4 7 4 3 3
> GRENADE 1 7 9 4 7
> POWERUP BATTERY 12 7 6 4
< RES 169 299 1
> REQ 169 300 1
> VAMPIRE 1 6 5 1 2 7 0
> VAMPIRE 4 2 5 1 2 3 0
> POWERUP BATTERY 11 7 6 4
< RES 169 300 1
< MOVE D R
> REQ 169 301 1
> VAMPIRE 1 7 6 1 2 7 0
> VAMPIRE 4 3 5 1 2 3 0
> POWERUP BATTERY 10 7 6 4
< RES 169 301 1
> REQ 169 302 1
> VAMPIRE 1 7 6 1 2 7 0
> VAMPIRE 4 5 5 1 2 3 0
> POWERUP BATTERY 9 7 6 4
< RES 169 302 1
> REQ 169 303 1
> VAMPIRE 1 7 6 1 2 7 0
> VAMPIRE 4 7 5 1 2 3 0
> POWERUP BATTERY 8 7 6 4
< RES 169 303 1
< MOVE R
> REQ 169 304 1
> VAMPIRE 1 7 7 1 2 8 0
> VAMPIRE 4 7 5 1 1 3 0
> GRENADE 4 7 5 5 3
< RES 169 304 1
< MOVE R R
> REQ 169 305 1
> VAMPIRE 1 7 9 1 2 8 0
> VAMPIRE 4 5 5 1 1 3 0
> GRENADE 4 7 5 4 3
< RES 169 305 1
> REQ 169 306 1
> VAMPIRE 1 7 9 1 2 8 0
> VAMPIRE 4 5 7 1 1 3 0
> GRENADE 4 7 5 3 3
< RES 169 306 1
< MOVE D D
> REQ 169 307 1
> VAMPIRE 1 9 9 1 2 8 0
> VAMPIRE 4 5 9 1 1 3 0
> GRENADE 4 7 5 2 3
< RES 169 307 1
< MOVE D D
> REQ 169 308 1
> VAMPIRE 1 11 9 1 2 8 0
> VAMPIRE 4 6 9 1 1 3 0
> GRENADE 4 7 5 1 3
< RES 169 308 1
< MOVE L L
> REQ 169 309 1
> VAMPIRE 1 11 7 1 2 8 0
> VAMPIRE 4 8 9 1 2 3 0
< RES 169 309 1
< MOVE L L
> REQ 169 310 1
> VAMPIRE 1 11 5 1 2 8 0
> VAMPIRE 4 7 8 1 2 3 0
< RES 169 310 1
< MOVE R R
> REQ 169 311 1
> VAMPIRE 1 11 7 1 2 8 0
> VAMPIRE 4 7 8 1 1 3 0
> GRENADE 4 7 8 5 3
< RES 169 311 1
> REQ 169 312 1
> VAMPIRE 1 11 7 1 2 8 0
> VAMPIRE 4 8 7 1 1 3 0
> GRENADE 4 5 8 4 3
< RES 169 312 1
> REQ 169 313 1
> VAMPIRE 1 11 7 1 2 8 0
> VAMPIRE 4 8 7 1 0 3 0
> GRENADE 4 5 8 3 3
> GRENADE 4 8 7 5 3
< RES 169 313 1
< MOVE L L
> REQ 169 314 1
> VAMPIRE 1 11 5 1 2 8 0
> VAMPIRE 4 6 7 1 0 3 0
> GRENADE 4 5 8 2 3
> GRENADE 4 10 7 4 3
< RES 169 314 1
> REQ 169 315 1
> VAMPIRE 1 11 5 1 2 8 0
> VAMPIRE 4 4 7 1 0 3 0
> GRENADE 4 5 8 1 3
> GRENADE 4 10 7 3 3
< RES 169 315 1
< MOVE U U
> REQ 169 316 1
> VAMPIRE 1 9 5 1 2 8 0
> VAMPIRE 4 2 7 1 1 3 0
> GRENADE 4 10 7 2 3
< RES 169 316 1
> REQ 169 317 1
> VAMPIRE 1 9 5 1 2 8 0
> VAMPIRE 4 1 8 1 1 3 0
> GRENADE 4 10 7 1 3
< RES 169 317 1
< MOVE R R
> REQ 169 318 1
> VAMPIRE 1 9 7 1 2 8 0
> VAMPIRE 4 1 10 1 2 3 0
< RES 169 318 1
< MOVE R R
> REQ 169 319 1
> VAMPIRE 1 9 9 1 2 8 0
> VAMPIRE 4 1 10 1 1 3 0
> GRENADE 4 1 10 5 3
< RES 169 319 1
< MOVE U U
> REQ 169 320 1
> VAMPIRE 1 7 9 1 2 8 0
> VAMPIRE 4 1 12 1 1 3 0
> GRENADE 4 3 10 4 3
< RES 169 320 1
> REQ 169 321 1
> VAMPIRE 1 7 9 1 2 8 0
> VAMPIRE 4 1 13 1 1 3 0
> GRENADE 4 3 10 3 3
< RES 169 321 1
< MOVE U U
> REQ 169 322 1
> VAMPIRE 1 5 9 1 2 8 0
> VAMPIRE 4 1 11 1 1 3 0
> GRENADE 4 3 10 2 3
< RES 169 322 1
< MOVE D D
> REQ 169 323 1
> VAMPIRE 1 7 9 1 2 8 0
> VAMPIRE 4 1 9 1 1 3 0
> GRENADE 4 3 10 1 3
< RES 169 323 1
> REQ 169 324 1
> VAMPIRE 1 7 9 1 2 8 0
> VAMPIRE 4 2 9 1 2 3 0
< RES 169 324 1
< MOVE D D
> REQ 169 325 1
> VAMPIRE 1 9 9 1 2 8 0
> VAMPIRE 4 4 9 1 2 3 0
> POWERUP GRENADE -3 6 7 5
< RES 169 325 1
< MOVE U U
> REQ 169 326 1
> VAMPIRE 1 7 9 1 2 8 0
> VAMPIRE 4 6 9 1 2 3 0
> POWERUP GRENADE -2 6 7 5
< RES 169 326 1
< GRENADE
< MOVE U U
> REQ 169 327 1
> VAMPIRE 1 7 9 1 1 8 0
> VAMPIRE 4 6 9 1 1 3 0
> GRENADE 1 7 9 5 8
> GRENADE 4 6 9 5 3
> POWERUP GRENADE -1 6 7 5
< RES 169 327 1
< GRENADE
< MOVE L L
> REQ 169 328 1
> VAMPIRE 1 7 7 1 0 8 0
> VAMPIRE 4 5 8 1 1 3 0
> GRENADE 1 7 9 4 8
> GRENADE 4 4 9 4 3
> GRENADE 1 7 9 5 8
> POWERUP GRENADE 12 6 7 5
< RES 169 328 1
< MOVE U
> REQ 169 329 1
> VAMPIRE 1 6 7 1 0 8 0
> VAMPIRE 4 6 7 1 1 3 0
> GRENADE 1 7 9 3 8
> GRENADE 4 4 9 3 3
> GRENADE 1 7 9 4 8
> POWERUP GRENADE 11 6 7 5
< RES 169 329 1
> REQ 169 330 1
> VAMPIRE 1 6 7 1 0 8 0
> VAMPIRE 4 6 7 1 1 3 0
> GRENADE 1 7 9 2 8
> GRENADE 4 4 9 2 3
> GRENADE 1 7 9 3 8
> POWERUP GRENADE 10 6 7 5
< RES 169 330 1
> REQ 169 331 1
> VAMPIRE 1 6 7 1 0 8 0
> VAMPIRE 4 6 7 1 1 3 0
> GRENADE 1 7 9 1 8
> GRENADE 4 4 9 1 3
> GRENADE 1 7 9 2 8
> POWERUP GRENADE 9 6 7 5
< RES 169 331 1
> REQ 169 332 1
> VAMPIRE 1 6 7 1 2 8 0
> VAMPIRE 4 6 7 1 2 3 0
> POWERUP GRENADE 8 6 7 5
< RES 169 332 1
> REQ 169 333 1
> VAMPIRE 1 6 7 1 2 8 0
> VAMPIRE 4 8 7 1 2 3 0
> POWERUP GRENADE 7 6 7 5
< RES 169 333 1
> REQ 169 334 1
> VAMPIRE 1 6 7 1 3 8 0
> VAMPIRE 4 8 7 1 1 3 0
> GRENADE 4 8 7 5 3
< RES 169 334 1
< MOVE U U
> REQ 169 335 1
> VAMPIRE 1 4 7 1 3 8 0
> VAMPIRE 4 9 6 1 1 3 0
> GRENADE 4 8 7 4 3
< RES 169 335 1
< MOVE U
> REQ 169 336 1
> VAMPIRE 1 3 7 1 3 8 0
> VAMPIRE 4 10 5 1 1 3 0
> GRENADE 4 8 7 3 3
< RES 169 336 1
> REQ 169 337 1
> VAMPIRE 1 3 7 1 3 8 0
> VAMPIRE 4 12 5 1 1 3 0
> GRENADE 4 8 7 2 3
< RES 169 337 1
> REQ 169 338 1
> VAMPIRE 1 3 7 1 3 8 0
> VAMPIRE 4 13 4 1 1 3 0
> GRENADE 4 8 7 1 3
< RES 169 338 1
< MOVE D D
> REQ 169 339 1
> VAMPIRE 1 5 7 1 3 8 0
> VAMPIRE 4 13 2 1 2 3 0
< RES 169 339 1
< MOVE D D
> REQ 169 340 1
> VAMPIRE 1 7 7 1 3 8 0
> VAMPIRE 4 13 2 1 1 3 0
> GRENADE 4 13 2 5 3
< RES 169 340 1
< MOVE L L
> REQ 169 341 1
> VAMPIRE 1 7 5 1 3 8 0
> VAMPIRE 4 13 1 1 1 3 0
> GRENADE 4 11 2 4 3
< RES 169 341 1
< MOVE D D
> REQ 169 342 1
> VAMPIRE 1 9 5 1 3 8 0
> VAMPIRE 4 12 1 1 1 3 0
> GRENADE 4 11 2 3 3
< RES 169 342 1
> REQ 169 343 1
> VAMPIRE 1 9 5 1 3 8 0
> VAMPIRE 4 10 1 1 1 3 0
> GRENADE 4 11 2 2 3
< RES 169 343 1
< MOVE R R
> REQ 169 344 1
> VAMPIRE 1 9 7 1 3 8 0
> VAMPIRE 4 9 2 1 1 3 0
> GRENADE 4 11 2 1 3
< RES 169 344 1
< MOVE R R
> REQ 169 345 1
> VAMPIRE 1 9 9 1 3 8 0
> VAMPIRE 4 9 4 1 2 3 0
< RES 169 345 1
< MOVE U U
> REQ 169 346 1
> VAMPIRE 1 7 9 1 3 8 0
> VAMPIRE 4 9 6 1 2 3 0
< RES 169 346 1
< MOVE U U
> REQ 169 347 1
> VAMPIRE 1 5 9 1 3 8 0
> VAMPIRE 4 8 5 1 2 3 0
< RES 169 347 1
> REQ 169 348 1
> VAMPIRE 1 5 9 1 3 8 0
> VAMPIRE 4 6 5 1 2 3 0
< RES 169 348 1
< MOVE R R
> REQ 169 349 1
> VAMPIRE 1 5 11 1 3 8 0
> VAMPIRE 4 5 6 1 2 3 0
< RES 169 349 1
< MOVE D D
> REQ 169 350 1
> VAMPIRE 1 7 11 1 3 8 0
> VAMPIRE 4 5 8 1 2 3 0
< RES 169 350 1
< MOVE D D
> REQ 169 351 1
> VAMPIRE 1 9 11 1 3 8 0
> VAMPIRE 4 6 7 1 2 3 0
< RES 169 351 1
< MOVE U U
> REQ 169 352 1
> VAMPIRE 1 7 11 1 3 8 0
> VAMPIRE 4 6 7 1 1 3 0
> GRENADE 4 6 7 5 3
< RES 169 352 1
> REQ 169 353 1
> VAMPIRE 1 7 11 1 3 8 0
> VAMPIRE 4 7 8 1 1 3 0
> GRENADE 4 6 9 4 3
< RES 169 353 1
> REQ 169 354 1
> VAMPIRE 1 7 11 1 3 8 0
> VAMPIRE 4 7 8 1 0 3 0
> GRENADE 4 6 9 3 3
> GRENADE 4 7 8 5 3
> POWERUP BATTERY -3 6 7 5
< RES 169 354 1
< MOVE U U
> REQ 169 355 1
> VAMPIRE 1 5 11 1 3 8 0
> VAMPIRE 4 6 7 1 0 3 0
> GRENADE 4 6 9 2 3
> GRENADE 4 7 10 4 3
> POWERUP BATTERY -2 6 7 5
< RES 169 355 1
< MOVE L
> REQ 169 356 1
> VAMPIRE 1 5 10 1 3 8 0
> VAMPIRE 4 6 7 1 0 3 0
> GRENADE 4 6 9 1 3
> GRENADE 4 7 10 3 3
> POWERUP BATTERY -1 6 7 5
< RES 169 356 1
< MOVE L L
> REQ 169 357 1
> VAMPIRE 1 5 8 1 3 8 0
> VAMPIRE 4 6 7 1 1 3 0
> GRENADE 4 7 10 2 3
> POWERUP BATTERY 13 6 7 5
< RES 169 357 1
< MOVE L D
> REQ 169 358 1
> VAMPIRE 1 6 7 1 3 8 0
> VAMPIRE 4 5 6 1 1 3 0
> GRENADE 4 7 10 1 3
> POWERUP BATTERY 12 6 7 5
< RES 169 358 1
> REQ 169 359 1
> VAMPIRE 1 6 7 1 3 8 0
> VAMPIRE 4 6 7 1 2 3 0
> POWERUP BATTERY 11 6 7 5
< RES 169 359 1
> REQ 169 360 1
> VAMPIRE 1 6 7 1 3 8 0
> VAMPIRE 4 4 7 1 2 3 0
> POWERUP BATTERY 10 6 7 5
< RES 169 360 1
> REQ 169 361 1
> VAMPIRE 1 6 7 1 3 8 0
> VAMPIRE 4 4 7 1 1 3 0
> GRENADE 4 4 7 5 3
> POWERUP BATTERY 9 6 7 5
< RES 169 361 1
> REQ 169 362 1
> VAMPIRE 1 6 7 1 3 8 0
> VAMPIRE 4 6 7 1 1 3 0
> GRENADE 4 4 7 4 3
> POWERUP BATTERY 8 6 7 5
< RES 169 362 1
> REQ 169 363 1
> VAMPIRE 1 6 7 1 3 9 0
> VAMPIRE 4 8 7 1 1 3 0
> GRENADE 4 4 7 3 3
< RES 169 363 1
< MOVE U L
> REQ 169 364 1
> VAMPIRE 1 5 6 1 3 9 0
> VAMPIRE 4 8 7 1 0 3 0
> GRENADE 4 4 7 2 3
> GRENADE 4 8 7 5 3
< RES 169 364 1
< MOVE L
> REQ 169 365 1
> VAMPIRE 1 5 5 1 3 9 0
> VAMPIRE 4 7 6 1 0 3 0
> GRENADE 4 4 7 1 3
> GRENADE 4 6 7 4 3
< RES 169 365 1
< MOVE U U
> REQ 169 366 1
> VAMPIRE 1 3 5 1 3 9 0
> VAMPIRE 4 6 5 1 2 3 0
< RES 169 366 1
< MOVE R R
> REQ 169 367 1
> VAMPIRE 1 3 7 1 3 9 0
> VAMPIRE 4 4 5 1 1 3 0
> GRENADE 4 6 5 5 3
< RES 169 367 1
< MOVE D D
> REQ 169 368 1
> VAMPIRE 1 5 7 1 3 9 0
> VAMPIRE 4 3 4 1 1 3 0
> GRENADE 4 6 5 4 3
< RES 169 368 1
< MOVE D D
> REQ 169 369 1
> VAMPIRE 1 7 7 1 3 9 0
> VAMPIRE 4 4 3 1 1 3 0
> GRENADE 4 6 5 3 3
< RES 169 369 1
< MOVE R R
> REQ 169 370 1
> VAMPIRE 1 7 9 1 3 9 0
> VAMPIRE 4 6 3 1 1 3 0
> GRENADE 4 6 5 2 3
< RES 169 370 1
> REQ 169 371 1
> VAMPIRE 1 7 9 1 3 9 0
> VAMPIRE 4 7 4 1 1 3 0
> GRENADE 4 6 5 1 3
< RES 169 371 1
< MOVE R R
> REQ 169 372 1
> VAMPIRE 1 7 11 1 3 9 0
> VAMPIRE 4 7 6 1 2 3 0
< RES 169 372 1
> REQ 169 373 1
> VAMPIRE 1 7 11 1 3 9 0
> VAMPIRE 4 7 8 1 2 3 0
< RES 169 373 1
> REQ 169 374 1
> VAMPIRE 1 7 11 1 3 9 0
> VAMPIRE 4 7 8 1 1 3 0
> GRENADE 4 7 8 5 3
< RES 169 374 1
< MOVE U U
> REQ 169 375 1
> VAMPIRE 1 5 11 1 3 9 0
> VAMPIRE 4 7 10 1 1 3 0
> GRENADE 4 7 8 4 3
< RES 169 375 1
< MOVE L L
> REQ 169 376 1
> VAMPIRE 1 5 9 1 3 9 0
> VAMPIRE 4 6 11 1 1 3 0
> GRENADE 4 7 8 3 3
< RES 169 376 1
< MOVE L L
> REQ 169 377 1
> VAMPIRE 1 5 7 1 3 9 0
> VAMPIRE 4 5 10 1 1 3 0
> GRENADE 4 7 8 2 3
< RES 169 377 1
< MOVE L L
> REQ 169 378 1
> VAMPIRE 1 5 5 1 3 9 0
> VAMPIRE 4 5 10 1 0 3 0
> GRENADE 4 7 8 1 3
> GRENADE 4 5 10 5 3
< RES 169 378 1
< MOVE D D
> REQ 169 379 1
> VAMPIRE 1 7 5 1 3 9 0
> VAMPIRE 4 4 9 1 1 3 0
> GRENADE 4 5 8 4 3
< RES 169 379 1
> REQ 169 380 1
> VAMPIRE 1 7 5 1 3 9 0
> VAMPIRE 4 6 9 1 1 3 0
> GRENADE 4 5 8 3 3
> POWERUP SHOE -6 7 4 6
< RES 169 380 1
< MOVE L
> REQ 169 381 1
> VAMPIRE 1 7 4 1 3 9 0
> VAMPIRE 4 7 8 1 1 3 0
> GRENADE 4 5 8 2 3
> POWERUP SHOE -5 7 4 6
< RES 169 381 1
> REQ 169 382 1
> VAMPIRE 1 7 4 1 3 9 0
> VAMPIRE 4 7 6 1 1 3 0
> GRENADE 4 5 8 1 3
> POWERUP SHOE -4 7 4 6
< RES 169 382 1
> REQ 169 383 1
> VAMPIRE 1 7 4 1 3 9 0
> VAMPIRE 4 7 6 1 1 3 0
> GRENADE 4 7 6 5 3
> POWERUP SHOE -3 7 4 6
< RES 169 383 1
> REQ 169 384 1
> VAMPIRE 1 7 4 1 3 9 0
> VAMPIRE 4 7 4 1 1 3 0
> GRENADE 4 7 6 4 3
> POWERUP SHOE -2 7 4 6
< RES 169 384 1
> REQ 169 385 1
> VAMPIRE 1 7 4 1 3 9 0
> VAMPIRE 4 7 2 1 1 3 0
> GRENADE 4 7 6 3 3
> POWERUP SHOE -1 7 4 6
< RES 169 385 1
< GRENADE
> REQ 169 386 1
> VAMPIRE 1 7 4 1 2 9 0
> VAMPIRE 4 7 2 1 0 3 0
> GRENADE 4 7 6 2 3
> GRENADE 1 7 4 5 9
> GRENADE 4 7 2 5 3
> POWERUP SHOE 10 7 4 6
< RES 169 386 1
< GRENADE
> REQ 169 387 1
> VAMPIRE 1 7 4 1 1 9 0
> VAMPIRE 4 6 1 1 0 3 0
> GRENADE 4 7 6 1 3
> GRENADE 1 7 4 4 9
> GRENADE 4 7 2 4 3
> GRENADE 1 7 4 5 9
> POWERUP SHOE 9 7 4 6
< RES 169 387 1
> END 1252.88 No_opponent_left;No_competitor_left