> MESSAGE OK
> LEVEL 9
> GAMEID 1808
> TEST 1
> MAXTICK 1000
> GRENADERADIUS 2
> SIZE 21
> REQ 1808 0 1
> VAMPIRE 1 1 1 3 1 2 0
> VAMPIRE 2 19 1 3 1 2 0
> VAMPIRE 3 19 19 3 1 2 0
> VAMPIRE 4 1 19 3 1 2 0
> BAT1 4 1 6 1 8 1 10 1 12 1 14 1 16 1 1 4 19 4 6 5 8 5 10 5 12 5 14 5 1 6 5 6 15 6 19 6 1 8 5 8 15 8 19 8 10 9 1 10 5 10 9 10 11 10 15 10 19 10 10 11 1 12 5 12 15 12 19 12 1 14 5 14 15 14 19 14 6 15 8 15 10 15 12 15 14 15 1 16 19 16 4 19 6 19 8 19 10 19 12 19 14 19 16 19
> BAT2 4 3 6 3 8 3 10 3 12 3 14 3 16 3 3 4 17 4 3 6 17 6 8 7 10 7 12 7 3 8 7 8 13 8 17 8 3 10 7 10 13 10 17 10 3 12 7 12 13 12 17 12 8 13 10 13 12 13 3 14 17 14 3 16 17 16 4 17 6 17 8 17 10 17 12 17 14 17 16 17
< RES 1808 0 1
< MOVE R L
> REQ 1808 1 1
> VAMPIRE 1 1 1 3 1 2 0
> VAMPIRE 2 18 1 3 1 2 0
> VAMPIRE 3 18 19 3 1 2 0
> VAMPIRE 4 1 18 3 1 2 0
> BAT1 4 1 6 1 8 1 10 1 12 1 14 1 16 1 1 4 19 4 6 5 8 5 10 5 12 5 14 5 1 6 5 6 15 6 19 6 1 8 5 8 15 8 19 8 10 9 1 10 5 10 9 10 11 10 15 10 19 10 10 11 1 12 5 12 15 12 19 12 1 14 5 14 15 14 19 14 6 15 8 15 10 15 12 15 14 15 1 16 19 16 4 19 6 19 8 19 10 19 12 19 14 19 16 19
> BAT2 4 3 6 3 8 3 10 3 12 3 14 3 16 3 3 4 17 4 3 6 17 6 8 7 10 7 12 7 3 8 7 8 13 8 17 8 3 10 7 10 13 10 17 10 3 12 7 12 13 12 17 12 8 13 10 13 12 13 3 14 17 14 3 16 17 16 4 17 6 17 8 17 10 17 12 17 14 17 16 17
< RES 1808 1 1
< MOVE R L
> REQ 1808 2 1
> VAMPIRE 1 1 1 3 1 2 0
> VAMPIRE 2 17 2 3 0 2 0
> VAMPIRE 3 17 18 3 0 2 0
> VAMPIRE 4 2 17 3 0 2 0
> GRENADE 2 18 1 5 2
> GRENADE 3 18 19 5 2
> GRENADE 4 1 18 5 2
> BAT1 4 1 6 1 8 1 10 1 12 1 14 1 16 1 1 4 19 4 6 5 8 5 10 5 12 5 14 5 1 6 5 6 15 6 19 6 1 8 5 8 15 8 19 8 10 9 1 10 5 10 9 10 11 10 15 10 19 10 10 11 1 12 5 12 15 12 19 12 1 14 5 14 15 14 19 14 6 15 8 15 10 15 12 15 14 15 1 16 19 16 4 19 6 19 8 19 10 19 12 19 14 19 16 19
> BAT2 4 3 6 3 8 3 10 3 12 3 14 3 16 3 3 4 17 4 3 6 17 6 8 7 10 7 12 7 3 8 7 8 13 8 17 8 3 10 7 10 13 10 17 10 3 12 7 12 13 12 17 12 8 13 10 13 12 13 3 14 17 14 3 16 17 16 4 17 6 17 8 17 10 17 12 17 14 17 16 17
< RES 1808 2 1
< MOVE R L
> REQ 1808 3 1
> VAMPIRE 1 1 1 3 1 2 0
> VAMPIRE 2 17 2 3 0 2 0
> VAMPIRE 3 17 17 3 0 2 0
> VAMPIRE 4 2 17 3 0 2 0
> GRENADE 2 18 1 4 2
> GRENADE 3 18 19 4 2
> GRENADE 4 1 18 4 2
> BAT1 4 1 6 1 8 1 10 1 12 1 14 1 16 1 1 4 19 4 6 5 8 5 10 5 12 5 14 5 1 6 5 6 15 6 19 6 1 8 5 8 15 8 19 8 10 9 1 10 5 10 9 10 11 10 15 10 19 10 10 11 1 12 5 12 15 12 19 12 1 14 5 14 15 14 19 14 6 15 8 15 10 15 12 15 14 15 1 16 19 16 4 19 6 19 8 19 10 19 12 19 14 19 16 19
> BAT2 4 3 6 3 8 3 10 3 12 3 14 3 16 3 3 4 17 4 3 6 17 6 8 7 10 7 12 7 3 8 7 8 13 8 17 8 3 10 7 10 13 10 17 10 3 12 7 12 13 12 17 12 8 13 10 13 12 13 3 14 17 14 3 16 17 16 4 17 6 17 8 17 10 17 12 17 14 17 16 17
< RES 1808 3 1
< MOVE R L
> REQ 1808 4 1
> VAMPIRE 1 1 1 3 1 2 0
> VAMPIRE 2 17 2 3 0 2 0
> VAMPIRE 3 17 17 3 0 2 0
> VAMPIRE 4 2 17 3 0 2 0
> GRENADE 2 18 1 3 2
> GRENADE 3 18 19 3 2
> GRENADE 4 1 18 3 2
> BAT1 4 1 6 1 8 1 10 1 12 1 14 1 16 1 1 4 19 4 6 5 8 5 10 5 12 5 14 5 1 6 5 6 15 6 19 6 1 8 5 8 15 8 19 8 10 9 1 10 5 10 9 10 11 10 15 10 19 10 10 11 1 12 5 12 15 12 19 12 1 14 5 14 15 14 19 14 6 15 8 15 10 15 12 15 14 15 1 16 19 16 4 19 6 19 8 19 10 19 12 19 14 19 16 19
> BAT2 4 3 6 3 8 3 10 3 12 3 14 3 16 3 3 4 17 4 3 6 17 6 8 7 10 7 12 7 3 8 7 8 13 8 17 8 3 10 7 10 13 10 17 10 3 12 7 12 13 12 17 12 8 13 10 13 12 13 3 14 17 14 3 16 17 16 4 17 6 17 8 17 10 17 12 17 14 17 16 17
< RES 1808 4 1
< MOVE R L
> REQ 1808 5 1
> VAMPIRE 1 1 1 3 1 2 0
> VAMPIRE 2 17 2 3 0 2 0
> VAMPIRE 3 17 17 3 0 2 0
> VAMPIRE 4 2 17 3 0 2 0
> GRENADE 2 18 1 2 2
> GRENADE 3 18 19 2 2
> GRENADE 4 1 18 2 2
> BAT1 4 1 6 1 8 1 10 1 12 1 14 1 16 1 1 4 19 4 6 5 8 5 10 5 12 5 14 5 1 6 5 6 15 6 19 6 1 8 5 8 15 8 19 8 10 9 1 10 5 10 9 10 11 10 15 10 19 10 10 11 1 12 5 12 15 12 19 12 1 14 5 14 15 14 19 14 6 15 8 15 10 15 12 15 14 15 1 16 19 16 4 19 6 19 8 19 10 19 12 19 14 19 16 19
> BAT2 4 3 6 3 8 3 10 3 12 3 14 3 16 3 3 4 17 4 3 6 17 6 8 7 10 7 12 7 3 8 7 8 13 8 17 8 3 10 7 10 13 10 17 10 3 12 7 12 13 12 17 12 8 13 10 13 12 13 3 14 17 14 3 16 17 16 4 17 6 17 8 17 10 17 12 17 14 17 16 17
< RES 1808 5 1
< MOVE R L
> REQ 1808 6 1
> VAMPIRE 1 1 1 3 1 2 0
> VAMPIRE 2 17 2 3 0 2 0
> VAMPIRE 3 17 17 3 0 2 0
> VAMPIRE 4 2 17 3 0 2 0
> GRENADE 2 18 1 1 2
> GRENADE 3 18 19 1 2
> GRENADE 4 1 18 1 2
> BAT1 4 1 6 1 8 1 10 1 12 1 14 1 16 1 1 4 19 4 6 5 8 5 10 5 12 5 14 5 1 6 5 6 15 6 19 6 1 8 5 8 15 8 19 8 10 9 1 10 5 10 9 10 11 10 15 10 19 10 10 11 1 12 5 12 15 12 19 12 1 14 5 14 15 14 19 14 6 15 8 15 10 15 12 15 14 15 1 16 19 16 4 19 6 19 8 19 10 19 12 19 14 19 16 19
> BAT2 4 3 6 3 8 3 10 3 12 3 14 3 16 3 3 4 17 4 3 6 17 6 8 7 10 7 12 7 3 8 7 8 13 8 17 8 3 10 7 10 13 10 17 10 3 12 7 12 13 12 17 12 8 13 10 13 12 13 3 14 17 14 3 16 17 16 4 17 6 17 8 17 10 17 12 17 14 17 16 17
< RES 1808 6 1
< MOVE R L
> REQ 1808 7 1
> VAMPIRE 1 1 1 3 1 2 0
> VAMPIRE 2 17 2 3 1 2 0
> VAMPIRE 3 17 17 3 1 2 0
> VAMPIRE 4 2 17 3 1 2 0
> BAT1 4 1 6 1 8 1 10 1 12 1 14 1 1 4 19 4 6 5 8 5 10 5 12 5 14 5 1 6 5 6 15 6 19 6 1 8 5 8 15 8 19 8 10 9 1 10 5 10 9 10 11 10 15 10 19 10 10 11 1 12 5 12 15 12 19 12 1 14 5 14 15 14 19 14 6 15 8 15 10 15 12 15 14 15 19 16 4 19 6 19 8 19 10 19 12 19 14 19
> BAT2 4 3 6 3 8 3 10 3 12 3 14 3 16 3 3 4 17 4 3 6 17 6 8 7 10 7 12 7 3 8 7 8 13 8 17 8 3 10 7 10 13 10 17 10 3 12 7 12 13 12 17 12 8 13 10 13 12 13 3 14 17 14 3 16 17 16 4 17 6 17 8 17 10 17 12 17 14 17 16 17
< RES 1808 7 1
< MOVE R L
> REQ 1808 8 1
> VAMPIRE 1 1 1 3 1 2 0
> VAMPIRE 2 16 1 3 0 2 0
> VAMPIRE 3 17 19 3 0 2 0
> VAMPIRE 4 1 16 3 0 2 0
> GRENADE 2 17 2 5 2
> GRENADE 3 17 17 5 2
> GRENADE 4 2 17 5 2
> BAT1 4 1 6 1 8 1 10 1 12 1 14 1 1 4 19 4 6 5 8 5 10 5 12 5 14 5 1 6 5 6 15 6 19 6 1 8 5 8 15 8 19 8 10 9 1 10 5 10 9 10 11 10 15 10 19 10 10 11 1 12 5 12 15 12 19 12 1 14 5 14 15 14 19 14 6 15 8 15 10 15 12 15 14 15 19 16 4 19 6 19 8 19 10 19 12 19 14 19
> BAT2 4 3 6 3 8 3 10 3 12 3 14 3 16 3 3 4 17 4 3 6 17 6 8 7 10 7 12 7 3 8 7 8 13 8 17 8 3 10 7 10 13 10 17 10 3 12 7 12 13 12 17 12 8 13 10 13 12 13 3 14 17 14 3 16 17 16 4 17 6 17 8 17 10 17 12 17 14 17 16 17
< RES 1808 8 1
< MOVE R L
> REQ 1808 9 1
> VAMPIRE 1 1 1 3 1 2 0
> VAMPIRE 2 15 1 3 0 2 0
> VAMPIRE 3 15 19 3 0 2 0
> VAMPIRE 4 1 15 3 0 2 0
> GRENADE 2 17 2 4 2
> GRENADE 3 17 17 4 2
> GRENADE 4 2 17 4 2
> BAT1 4 1 6 1 8 1 10 1 12 1 14 1 1 4 19 4 6 5 8 5 10 5 12 5 14 5 1 6 5 6 15 6 19 6 1 8 5 8 15 8 19 8 10 9 1 10 5 10 9 10 11 10 15 10 19 10 10 11 1 12 5 12 15 12 19 12 1 14 5 14 15 14 19 14 6 15 8 15 10 15 12 15 14 15 19 16 4 19 6 19 8 19 10 19 12 19 14 19
> BAT2 4 3 6 3 8 3 10 3 12 3 14 3 16 3 3 4 17 4 3 6 17 6 8 7 10 7 12 7 3 8 7 8 13 8 17 8 3 10 7 10 13 10 17 10 3 12 7 12 13 12 17 12 8 13 10 13 12 13 3 14 17 14 3 16 17 16 4 17 6 17 8 17 10 17 12 17 14 17 16 17
< RES 1808 9 1
< MOVE R L
> REQ 1808 10 1
> VAMPIRE 1 1 1 3 1 2 0
> VAMPIRE 2 15 1 3 0 2 0
> VAMPIRE 3 15 17 3 0 2 0
> VAMPIRE 4 1 15 3 0 2 0
> GRENADE 2 17 2 3 2
> GRENADE 3 17 17 3 2
> GRENADE 4 2 17 3 2
> BAT1 4 1 6 1 8 1 10 1 12 1 14 1 1 4 19 4 6 5 8 5 10 5 12 5 14 5 1 6 5 6 15 6 19 6 1 8 5 8 15 8 19 8 10 9 1 10 5 10 9 10 11 10 15 10 19 10 10 11 1 12 5 12 15 12 19 12 1 14 5 14 15 14 19 14 6 15 8 15 10 15 12 15 14 15 19 16 4 19 6 19 8 19 10 19 12 19 14 19
> BAT2 4 3 6 3 8 3 10 3 12 3 14 3 16 3 3 4 17 4 3 6 17 6 8 7 10 7 12 7 3 8 7 8 13 8 17 8 3 10 7 10 13 10 17 10 3 12 7 12 13 12 17 12 8 13 10 13 12 13 3 14 17 14 3 16 17 16 4 17 6 17 8 17 10 17 12 17 14 17 16 17
< RES 1808 10 1
< MOVE R L
> REQ 1808 11 1
> VAMPIRE 1 1 1 3 1 2 0
> VAMPIRE 2 15 1 3 0 2 0
> VAMPIRE 3 15 15 3 0 2 0
> VAMPIRE 4 1 15 3 0 2 0
> GRENADE 2 17 2 2 2
> GRENADE 3 17 17 2 2
> GRENADE 4 2 17 2 2
> BAT1 4 1 6 1 8 1 10 1 12 1 14 1 1 4 19 4 6 5 8 5 10 5 12 5 14 5 1 6 5 6 15 6 19 6 1 8 5 8 15 8 19 8 10 9 1 10 5 10 9 10 11 10 15 10 19 10 10 11 1 12 5 12 15 12 19 12 1 14 5 14 15 14 19 14 6 15 8 15 10 15 12 15 14 15 19 16 4 19 6 19 8 19 10 19 12 19 14 19
> BAT2 4 3 6 3 8 3 10 3 12 3 14 3 16 3 3 4 17 4 3 6 17 6 8 7 10 7 12 7 3 8 7 8 13 8 17 8 3 10 7 10 13 10 17 10 3 12 7 12 13 12 17 12 8 13 10 13 12 13 3 14 17 14 3 16 17 16 4 17 6 17 8 17 10 17 12 17 14 17 16 17
< RES 1808 11 1
< MOVE R L
> REQ 1808 12 1
> VAMPIRE 1 1 1 3 1 2 0
> VAMPIRE 2 15 1 3 0 2 0
> VAMPIRE 3 15 15 3 0 2 0
> VAMPIRE 4 1 15 3 0 2 0
> GRENADE 2 17 2 1 2
> GRENADE 3 17 17 1 2
> GRENADE 4 2 17 1 2
> BAT1 4 1 6 1 8 1 10 1 12 1 14 1 1 4 19 4 6 5 8 5 10 5 12 5 14 5 1 6 5 6 15 6 19 6 1 8 5 8 15 8 19 8 10 9 1 10 5 10 9 10 11 10 15 10 19 10 10 11 1 12 5 12 15 12 19 12 1 14 5 14 15 14 19 14 6 15 8 15 10 15 12 15 14 15 19 16 4 19 6 19 8 19 10 19 12 19 14 19
> BAT2 4 3 6 3 8 3 10 3 12 3 14 3 16 3 3 4 17 4 3 6 17 6 8 7 10 7 12 7 3 8 7 8 13 8 17 8 3 10 7 10 13 10 17 10 3 12 7 12 13 12 17 12 8 13 10 13 12 13 3 14 17 14 3 16 17 16 4 17 6 17 8 17 10 17 12 17 14 17 16 17
< RES 1808 12 1
< MOVE R L
> REQ 1808 13 1
> VAMPIRE 1 1 1 3 1 2 0
> VAMPIRE 2 15 1 3 1 2 0
> VAMPIRE 3 15 15 3 1 2 0
> VAMPIRE 4 1 15 3 1 2 0
> BAT1 4 1 6 1 8 1 10 1 12 1 14 1 1 4 17 4 19 4 6 5 8 5 10 5 12 5 14 5 1 6 5 6 15 6 19 6 1 8 5 8 15 8 19 8 10 9 1 10 5 10 9 10 11 10 15 10 19 10 10 11 1 12 5 12 15 12 19 12 1 14 5 14 15 14 19 14 6 15 8 15 10 15 12 15 14 15 17 16 19 16 4 17 16 17 4 19 6 19 8 19 10 19 12 19 14 19
> BAT2 4 3 6 3 8 3 10 3 12 3 14 3 16 3 3 4 3 6 17 6 8 7 10 7 12 7 3 8 7 8 13 8 17 8 3 10 7 10 13 10 17 10 3 12 7 12 13 12 17 12 8 13 10 13 12 13 3 14 17 14 3 16 6 17 8 17 10 17 12 17 14 17
< RES 1808 13 1
< MOVE R L
> REQ 1808 14 1
> VAMPIRE 1 1 1 3 1 2 0
> VAMPIRE 2 15 3 3 1 2 0
> VAMPIRE 3 15 16 3 0 2 0
> VAMPIRE 4 3 15 3 1 2 0
> GRENADE 3 15 15 5 2
> BAT1 4 1 6 1 8 1 10 1 12 1 14 1 1 4 17 4 19 4 6 5 8 5 10 5 12 5 14 5 1 6 5 6 15 6 19 6 1 8 5 8 15 8 19 8 10 9 1 10 5 10 9 10 11 10 15 10 19 10 10 11 1 12 5 12 15 12 19 12 1 14 5 14 15 14 19 14 6 15 8 15 10 15 12 15 14 15 17 16 19 16 4 17 16 17 4 19 6 19 8 19 10 19 12 19 14 19
> BAT2 4 3 6 3 8 3 10 3 12 3 14 3 16 3 3 4 3 6 17 6 8 7 10 7 12 7 3 8 7 8 13 8 17 8 3 10 7 10 13 10 17 10 3 12 7 12 13 12 17 12 8 13 10 13 12 13 3 14 17 14 3 16 6 17 8 17 10 17 12 17 14 17
< RES 1808 14 1
< MOVE R L
> REQ 1808 15 1
> VAMPIRE 1 1 1 3 1 2 0
> VAMPIRE 2 15 1 3 0 2 0
> VAMPIRE 3 15 18 3 0 2 0
> VAMPIRE 4 1 15 3 0 2 0
> GRENADE 3 15 15 4 2
> GRENADE 2 15 3 5 2
> GRENADE 4 3 15 5 2
> BAT1 4 1 6 1 8 1 10 1 12 1 14 1 1 4 17 4 19 4 6 5 8 5 10 5 12 5 14 5 1 6 5 6 15 6 19 6 1 8 5 8 15 8 19 8 10 9 1 10 5 10 9 10 11 10 15 10 19 10 10 11 1 12 5 12 15 12 19 12 1 14 5 14 15 14 19 14 6 15 8 15 10 15 12 15 14 15 17 16 19 16 4 17 16 17 4 19 6 19 8 19 10 19 12 19 14 19
> BAT2 4 3 6 3 8 3 10 3 12 3 14 3 16 3 3 4 3 6 17 6 8 7 10 7 12 7 3 8 7 8 13 8 17 8 3 10 7 10 13 10 17 10 3 12 7 12 13 12 17 12 8 13 10 13 12 13 3 14 17 14 3 16 6 17 8 17 10 17 12 17 14 17
< RES 1808 15 1
< MOVE R L
> REQ 1808 16 1
> VAMPIRE 1 1 1 3 1 2 0
> VAMPIRE 2 16 1 3 0 2 0
> VAMPIRE 3 15 18 3 0 2 0
> VAMPIRE 4 1 16 3 0 2 0
> GRENADE 3 15 15 3 2
> GRENADE 2 15 3 4 2
> GRENADE 4 3 15 4 2
> BAT1 4 1 6 1 8 1 10 1 12 1 14 1 1 4 17 4 19 4 6 5 8 5 10 5 12 5 14 5 1 6 5 6 15 6 19 6 1 8 5 8 15 8 19 8 10 9 1 10 5 10 9 10 11 10 15 10 19 10 10 11 1 12 5 12 15 12 19 12 1 14 5 14 15 14 19 14 6 15 8 15 10 15 12 15 14 15 17 16 19 16 4 17 16 17 4 19 6 19 8 19 10 19 12 19 14 19
> BAT2 4 3 6 3 8 3 10 3 12 3 14 3 16 3 3 4 3 6 17 6 8 7 10 7 12 7 3 8 7 8 13 8 17 8 3 10 7 10 13 10 17 10 3 12 7 12 13 12 17 12 8 13 10 13 12 13 3 14 17 14 3 16 6 17 8 17 10 17 12 17 14 17
< RES 1808 16 1
< MOVE R L
> REQ 1808 17 1
> VAMPIRE 1 1 1 3 1 2 0
> VAMPIRE 2 16 1 3 0 2 0
> VAMPIRE 3 15 18 3 0 2 0
> VAMPIRE 4 1 16 3 0 2 0
> GRENADE 3 15 15 2 2
> GRENADE 2 15 3 3 2
> GRENADE 4 3 15 3 2
> BAT1 4 1 6 1 8 1 10 1 12 1 14 1 1 4 17 4 19 4 6 5 8 5 10 5 12 5 14 5 1 6 5 6 15 6 19 6 1 8 5 8 15 8 19 8 10 9 1 10 5 10 9 10 11 10 15 10 19 10 10 11 1 12 5 12 15 12 19 12 1 14 5 14 15 14 19 14 6 15 8 15 10 15 12 15 14 15 17 16 19 16 4 17 16 17 4 19 6 19 8 19 10 19 12 19 14 19
> BAT2 4 3 6 3 8 3 10 3 12 3 14 3 16 3 3 4 3 6 17 6 8 7 10 7 12 7 3 8 7 8 13 8 17 8 3 10 7 10 13 10 17 10 3 12 7 12 13 12 17 12 8 13 10 13 12 13 3 14 17 14 3 16 6 17 8 17 10 17 12 17 14 17
< RES 1808 17 1
< MOVE R L
> REQ 1808 18 1
> VAMPIRE 1 1 1 3 1 2 0
> VAMPIRE 2 16 1 3 0 2 0
> VAMPIRE 3 15 18 3 0 2 0
> VAMPIRE 4 1 16 3 0 2 0
> GRENADE 3 15 15 1 2
> GRENADE 2 15 3 2 2
> GRENADE 4 3 15 2 2
> BAT1 4 1 6 1 8 1 10 1 12 1 14 1 1 4 17 4 19 4 6 5 8 5 10 5 12 5 14 5 1 6 5 6 15 6 19 6 1 8 5 8 15 8 19 8 10 9 1 10 5 10 9 10 11 10 15 10 19 10 10 11 1 12 5 12 15 12 19 12 1 14 5 14 15 14 19 14 6 15 8 15 10 15 12 15 14 15 17 16 19 16 4 17 16 17 4 19 6 19 8 19 10 19 12 19 14 19
> BAT2 4 3 6 3 8 3 10 3 12 3 14 3 16 3 3 4 3 6 17 6 8 7 10 7 12 7 3 8 7 8 13 8 17 8 3 10 7 10 13 10 17 10 3 12 7 12 13 12 17 12 8 13 10 13 12 13 3 14 17 14 3 16 6 17 8 17 10 17 12 17 14 17
< RES 1808 18 1
< MOVE R L
> REQ 1808 19 1
> VAMPIRE 1 1 1 3 1 2 0
> VAMPIRE 2 16 1 3 0 2 0
> VAMPIRE 3 15 18 3 1 2 0
> VAMPIRE 4 1 16 3 0 2 0
> GRENADE 2 15 3 1 2
> GRENADE 4 3 15 1 2
> BAT1 4 1 6 1 8 1 10 1 12 1 14 1 1 4 17 4 19 4 6 5 8 5 10 5 12 5 14 5 1 6 5 6 15 6 19 6 1 8 5 8 15 8 19 8 10 9 1 10 5 10 9 10 11 10 15 10 19 10 10 11 1 12 5 12 15 12 19 12 1 14 5 14 19 14 6 15 8 15 10 15 12 15 17 16 19 16 4 17 16 17 4 19 6 19 8 19 10 19 12 19 14 19
> BAT2 4 3 6 3 8 3 10 3 12 3 14 3 16 3 3 4 3 6 17 6 8 7 10 7 12 7 3 8 7 8 13 8 17 8 3 10 7 10 13 10 17 10 3 12 7 12 13 12 17 12 8 13 10 13 12 13 3 14 17 14 3 16 6 17 8 17 10 17 12 17 14 17
< RES 1808 19 1
< MOVE R L
> REQ 1808 20 1
> VAMPIRE 1 1 1 3 1 2 0
> VAMPIRE 2 16 1 3 1 2 0
> VAMPIRE 3 15 17 3 1 2 0
> VAMPIRE 4 1 16 3 1 2 0
> BAT1 4 1 6 1 8 1 10 1 12 1 14 1 14 3 16 3 1 4 17 4 19 4 6 5 8 5 10 5 12 5 14 5 1 6 5 6 15 6 19 6 1 8 5 8 15 8 19 8 10 9 1 10 5 10 9 10 11 10 15 10 19 10 10 11 1 12 5 12 15 12 19 12 1 14 3 14 5 14 19 14 6 15 8 15 10 15 12 15 3 16 17 16 19 16 4 17 16 17 4 19 6 19 8 19 10 19 12 19 14 19
> BAT2 4 3 6 3 8 3 10 3 12 3 3 4 3 6 17 6 8 7 10 7 12 7 3 8 7 8 13 8 17 8 3 10 7 10 13 10 17 10 3 12 7 12 13 12 17 12 8 13 10 13 12 13 17 14 6 17 8 17 10 17 12 17 14 17
< RES 1808 20 1
< MOVE R L
> REQ 1808 21 1
> VAMPIRE 1 1 1 3 1 2 0
> VAMPIRE 2 15 2 3 0 2 0
> VAMPIRE 3 15 15 3 0 2 0
> VAMPIRE 4 2 15 3 0 2 0
> GRENADE 2 16 1 5 2
> GRENADE 3 15 17 5 2
> GRENADE 4 1 16 5 2
> BAT1 4 1 6 1 8 1 10 1 12 1 14 1 14 3 16 3 1 4 17 4 19 4 6 5 8 5 10 5 12 5 14 5 1 6 5 6 15 6 19 6 1 8 5 8 15 8 19 8 10 9 1 10 5 10 9 10 11 10 15 10 19 10 10 11 1 12 5 12 15 12 19 12 1 14 3 14 5 14 19 14 6 15 8 15 10 15 12 15 3 16 17 16 19 16 4 17 16 17 4 19 6 19 8 19 10 19 12 19 14 19
> BAT2 4 3 6 3 8 3 10 3 12 3 3 4 3 6 17 6 8 7 10 7 12 7 3 8 7 8 13 8 17 8 3 10 7 10 13 10 17 10 3 12 7 12 13 12 17 12 8 13 10 13 12 13 17 14 6 17 8 17 10 17 12 17 14 17
< RES 1808 21 1
< MOVE R L
> REQ 1808 22 1
> VAMPIRE 1 1 1 3 1 2 0
> VAMPIRE 2 15 2 3 0 2 0
> VAMPIRE 3 13 15 3 0 2 0
> VAMPIRE 4 2 15 3 0 2 0
> GRENADE 2 16 1 4 2
> GRENADE 3 15 17 4 2
> GRENADE 4 1 16 4 2
> BAT1 4 1 6 1 8 1 10 1 12 1 14 1 14 3 16 3 1 4 17 4 19 4 6 5 8 5 10 5 12 5 14 5 1 6 5 6 15 6 19 6 1 8 5 8 15 8 19 8 10 9 1 10 5 10 9 10 11 10 15 10 19 10 10 11 1 12 5 12 15 12 19 12 1 14 3 14 5 14 19 14 6 15 8 15 10 15 12 15 3 16 17 16 19 16 4 17 16 17 4 19 6 19 8 19 10 19 12 19 14 19
> BAT2 4 3 6 3 8 3 10 3 12 3 3 4 3 6 17 6 8 7 10 7 12 7 3 8 7 8 13 8 17 8 3 10 7 10 13 10 17 10 3 12 7 12 13 12 17 12 8 13 10 13 12 13 17 14 6 17 8 17 10 17 12 17 14 17
< RES 1808 22 1
< MOVE R L
> REQ 1808 23 1
> VAMPIRE 1 1 1 3 1 2 0
> VAMPIRE 2 15 2 3 0 2 0
> VAMPIRE 3 13 13 3 0 2 0
> VAMPIRE 4 2 15 3 0 2 0
> GRENADE 2 16 1 3 2
> GRENADE 3 15 17 3 2
> GRENADE 4 1 16 3 2
> BAT1 4 1 6 1 8 1 10 1 12 1 14 1 14 3 16 3 1 4 17 4 19 4 6 5 8 5 10 5 12 5 14 5 1 6 5 6 15 6 19 6 1 8 5 8 15 8 19 8 10 9 1 10 5 10 9 10 11 10 15 10 19 10 10 11 1 12 5 12 15 12 19 12 1 14 3 14 5 14 19 14 6 15 8 15 10 15 12 15 3 16 17 16 19 16 4 17 16 17 4 19 6 19 8 19 10 19 12 19 14 19
> BAT2 4 3 6 3 8 3 10 3 12 3 3 4 3 6 17 6 8 7 10 7 12 7 3 8 7 8 13 8 17 8 3 10 7 10 13 10 17 10 3 12 7 12 13 12 17 12 8 13 10 13 12 13 17 14 6 17 8 17 10 17 12 17 14 17
< RES 1808 23 1
< MOVE R L
> REQ 1808 24 1
> VAMPIRE 1 1 1 3 1 2 0
> VAMPIRE 2 15 2 3 0 2 0
> VAMPIRE 3 13 13 3 0 2 0
> VAMPIRE 4 2 15 3 0 2 0
> GRENADE 2 16 1 2 2
> GRENADE 3 15 17 2 2
> GRENADE 4 1 16 2 2
> BAT1 4 1 6 1 8 1 10 1 12 1 14 1 14 3 16 3 1 4 17 4 19 4 6 5 8 5 10 5 12 5 14 5 1 6 5 6 15 6 19 6 1 8 5 8 15 8 19 8 10 9 1 10 5 10 9 10 11 10 15 10 19 10 10 11 1 12 5 12 15 12 19 12 1 14 3 14 5 14 19 14 6 15 8 15 10 15 12 15 3 16 17 16 19 16 4 17 16 17 4 19 6 19 8 19 10 19 12 19 14 19
> BAT2 4 3 6 3 8 3 10 3 12 3 3 4 3 6 17 6 8 7 10 7 12 7 3 8 7 8 13 8 17 8 3 10 7 10 13 10 17 10 3 12 7 12 13 12 17 12 8 13 10 13 12 13 17 14 6 17 8 17 10 17 12 17 14 17
< RES 1808 24 1
< MOVE R L
> REQ 1808 25 1
> VAMPIRE 1 1 1 3 1 2 0
> VAMPIRE 2 15 2 3 0 2 0
> VAMPIRE 3 13 13 3 0 2 0
> VAMPIRE 4 2 15 3 0 2 0
> GRENADE 2 16 1 1 2
> GRENADE 3 15 17 1 2
> GRENADE 4 1 16 1 2
> BAT1 4 1 6 1 8 1 10 1 12 1 14 1 14 3 16 3 1 4 17 4 19 4 6 5 8 5 10 5 12 5 14 5 1 6 5 6 15 6 19 6 1 8 5 8 15 8 19 8 10 9 1 10 5 10 9 10 11 10 15 10 19 10 10 11 1 12 5 12 15 12 19 12 1 14 3 14 5 14 19 14 6 15 8 15 10 15 12 15 3 16 17 16 19 16 4 17 16 17 4 19 6 19 8 19 10 19 12 19 14 19
> BAT2 4 3 6 3 8 3 10 3 12 3 3 4 3 6 17 6 8 7 10 7 12 7 3 8 7 8 13 8 17 8 3 10 7 10 13 10 17 10 3 12 7 12 13 12 17 12 8 13 10 13 12 13 17 14 6 17 8 17 10 17 12 17 14 17
< RES 1808 25 1
< MOVE R L
> REQ 1808 26 1
> VAMPIRE 1 1 1 3 1 2 0
> VAMPIRE 2 15 2 3 1 2 0
> VAMPIRE 3 13 13 3 1 2 0
> VAMPIRE 4 2 15 3 1 2 0
> BAT1 4 1 6 1 8 1 10 1 12 1 14 3 16 3 1 4 17 4 19 4 6 5 8 5 10 5 12 5 14 5 1 6 5 6 15 6 19 6 1 8 5 8 15 8 19 8 10 9 1 10 5 10 9 10 11 10 15 10 19 10 10 11 1 12 5 12 15 12 19 12 3 14 5 14 19 14 6 15 8 15 10 15 12 15 3 16 17 16 19 16 4 17 14 17 4 19 6 19 8 19 10 19 12 19 14 19
> BAT2 4 3 6 3 8 3 10 3 12 3 3 4 3 6 17 6 8 7 10 7 12 7 3 8 7 8 13 8 17 8 3 10 7 10 13 10 17 10 3 12 7 12 13 12 17 12 8 13 10 13 12 13 17 14 6 17 8 17 10 17 12 17
< RES 1808 26 1
< MOVE R L
> REQ 1808 27 1
> VAMPIRE 1 1 1 3 1 2 0
> VAMPIRE 2 15 3 3 1 2 0
> VAMPIRE 3 13 14 3 0 2 0
> VAMPIRE 4 3 15 3 1 2 0
> GRENADE 3 13 13 5 2
> BAT1 4 1 6 1 8 1 10 1 12 1 14 3 16 3 1 4 17 4 19 4 6 5 8 5 10 5 12 5 14 5 1 6 5 6 15 6 19 6 1 8 5 8 15 8 19 8 10 9 1 10 5 10 9 10 11 10 15 10 19 10 10 11 1 12 5 12 15 12 19 12 3 14 5 14 19 14 6 15 8 15 10 15 12 15 3 16 17 16 19 16 4 17 14 17 4 19 6 19 8 19 10 19 12 19 14 19
> BAT2 4 3 6 3 8 3 10 3 12 3 3 4 3 6 17 6 8 7 10 7 12 7 3 8 7 8 13 8 17 8 3 10 7 10 13 10 17 10 3 12 7 12 13 12 17 12 8 13 10 13 12 13 17 14 6 17 8 17 10 17 12 17
< RES 1808 27 1
< MOVE R L
> REQ 1808 28 1
> VAMPIRE 1 1 1 3 1 2 0
> VAMPIRE 2 15 1 3 0 2 0
> VAMPIRE 3 13 16 3 0 2 0
> VAMPIRE 4 1 15 3 0 2 0
> GRENADE 3 13 13 4 2
> GRENADE 2 15 3 5 2
> GRENADE 4 3 15 5 2
> BAT1 4 1 6 1 8 1 10 1 12 1 14 3 16 3 1 4 17 4 19 4 6 5 8 5 10 5 12 5 14 5 1 6 5 6 15 6 19 6 1 8 5 8 15 8 19 8 10 9 1 10 5 10 9 10 11 10 15 10 19 10 10 11 1 12 5 12 15 12 19 12 3 14 5 14 19 14 6 15 8 15 10 15 12 15 3 16 17 16 19 16 4 17 14 17 4 19 6 19 8 19 10 19 12 19 14 19
> BAT2 4 3 6 3 8 3 10 3 12 3 3 4 3 6 17 6 8 7 10 7 12 7 3 8 7 8 13 8 17 8 3 10 7 10 13 10 17 10 3 12 7 12 13 12 17 12 8 13 10 13 12 13 17 14 6 17 8 17 10 17 12 17
< RES 1808 28 1
< MOVE R L
> REQ 1808 29 1
> VAMPIRE 1 1 1 3 1 2 0
> VAMPIRE 2 13 1 3 0 2 0
> VAMPIRE 3 13 16 3 0 2 0
> VAMPIRE 4 1 13 3 0 2 0
> GRENADE 3 13 13 3 2
> GRENADE 2 15 3 4 2
> GRENADE 4 3 15 4 2
> BAT1 4 1 6 1 8 1 10 1 12 1 14 3 16 3 1 4 17 4 19 4 6 5 8 5 10 5 12 5 14 5 1 6 5 6 15 6 19 6 1 8 5 8 15 8 19 8 10 9 1 10 5 10 9 10 11 10 15 10 19 10 10 11 1 12 5 12 15 12 19 12 3 14 5 14 19 14 6 15 8 15 10 15 12 15 3 16 17 16 19 16 4 17 14 17 4 19 6 19 8 19 10 19 12 19 14 19
> BAT2 4 3 6 3 8 3 10 3 12 3 3 4 3 6 17 6 8 7 10 7 12 7 3 8 7 8 13 8 17 8 3 10 7 10 13 10 17 10 3 12 7 12 13 12 17 12 8 13 10 13 12 13 17 14 6 17 8 17 10 17 12 17
< RES 1808 29 1
< MOVE R L
> REQ 1808 30 1
> VAMPIRE 1 1 1 3 1 2 0
> VAMPIRE 2 13 1 3 0 2 0
> VAMPIRE 3 13 16 3 0 2 0
> VAMPIRE 4 1 13 3 0 2 0
> GRENADE 3 13 13 2 2
> GRENADE 2 15 3 3 2
> GRENADE 4 3 15 3 2
> BAT1 4 1 6 1 8 1 10 1 12 1 14 3 16 3 1 4 17 4 19 4 6 5 8 5 10 5 12 5 14 5 1 6 5 6 15 6 19 6 1 8 5 8 15 8 19 8 10 9 1 10 5 10 9 10 11 10 15 10 19 10 10 11 1 12 5 12 15 12 19 12 3 14 5 14 19 14 6 15 8 15 10 15 12 15 3 16 17 16 19 16 4 17 14 17 4 19 6 19 8 19 10 19 12 19 14 19
> BAT2 4 3 6 3 8 3 10 3 12 3 3 4 3 6 17 6 8 7 10 7 12 7 3 8 7 8 13 8 17 8 3 10 7 10 13 10 17 10 3 12 7 12 13 12 17 12 8 13 10 13 12 13 17 14 6 17 8 17 10 17 12 17
< RES 1808 30 1
< MOVE R L
> REQ 1808 31 1
> VAMPIRE 1 1 1 3 1 2 0
> VAMPIRE 2 13 1 3 0 2 0
> VAMPIRE 3 13 16 3 0 2 0
> VAMPIRE 4 1 13 3 0 2 0
> GRENADE 3 13 13 1 2
> GRENADE 2 15 3 2 2
> GRENADE 4 3 15 2 2
> BAT1 4 1 6 1 8 1 10 1 12 1 14 3 16 3 1 4 17 4 19 4 6 5 8 5 10 5 12 5 14 5 1 6 5 6 15 6 19 6 1 8 5 8 15 8 19 8 10 9 1 10 5 10 9 10 11 10 15 10 19 10 10 11 1 12 5 12 15 12 19 12 3 14 5 14 19 14 6 15 8 15 10 15 12 15 3 16 17 16 19 16 4 17 14 17 4 19 6 19 8 19 10 19 12 19 14 19
> BAT2 4 3 6 3 8 3 10 3 12 3 3 4 3 6 17 6 8 7 10 7 12 7 3 8 7 8 13 8 17 8 3 10 7 10 13 10 17 10 3 12 7 12 13 12 17 12 8 13 10 13 12 13 17 14 6 17 8 17 10 17 12 17
< RES 1808 31 1
< MOVE R L
> REQ 1808 32 1
> VAMPIRE 1 1 1 3 1 2 0
> VAMPIRE 2 13 1 3 0 2 0
> VAMPIRE 3 13 16 3 1 2 0
> VAMPIRE 4 1 13 3 0 2 0
> GRENADE 2 15 3 1 2
> GRENADE 4 3 15 1 2
> BAT1 4 1 6 1 8 1 10 1 12 1 14 3 16 3 1 4 17 4 19 4 6 5 8 5 10 5 12 5 14 5 1 6 5 6 15 6 19 6 1 8 5 8 15 8 19 8 10 9 1 10 5 10 9 10 11 10 15 10 19 10 10 11 1 12 5 12 13 12 15 12 19 12 12 13 3 14 5 14 19 14 6 15 8 15 10 15 12 15 3 16 17 16 19 16 4 17 14 17 4 19 6 19 8 19 10 19 12 19 14 19
> BAT2 4 3 6 3 8 3 10 3 12 3 3 4 3 6 17 6 8 7 10 7 12 7 3 8 7 8 13 8 17 8 3 10 7 10 13 10 17 10 3 12 7 12 17 12 8 13 10 13 17 14 6 17 8 17 10 17 12 17
< RES 1808 32 1
< MOVE R L
> REQ 1808 33 1
> VAMPIRE 1 1 1 3 1 2 0
> VAMPIRE 2 13 1 3 1 2 0
> VAMPIRE 3 13 17 3 1 2 0
> VAMPIRE 4 1 13 3 1 2 0
> BAT1 4 1 6 1 8 1 10 1 12 1 1 4 17 4 19 4 6 5 8 5 10 5 12 5 14 5 1 6 5 6 15 6 19 6 1 8 5 8 15 8 19 8 10 9 1 10 5 10 9 10 11 10 15 10 19 10 10 11 1 12 5 12 13 12 15 12 19 12 12 13 5 14 19 14 6 15 8 15 10 15 12 15 17 16 19 16 4 17 14 17 4 19 6 19 8 19 10 19 12 19 14 19
> BAT2 4 3 6 3 8 3 10 3 12 3 3 4 3 6 17 6 8 7 10 7 12 7 3 8 7 8 13 8 17 8 3 10 7 10 13 10 17 10 3 12 7 12 17 12 8 13 10 13 17 14 6 17 8 17 10 17 12 17
< RES 1808 33 1
< MOVE R L
> REQ 1808 34 1
> VAMPIRE 1 1 1 3 1 2 0
> VAMPIRE 2 14 1 3 1 2 0
> VAMPIRE 3 13 15 3 0 2 0
> VAMPIRE 4 1 14 3 1 2 0
> GRENADE 3 13 17 5 2
> BAT1 4 1 6 1 8 1 10 1 12 1 1 4 17 4 19 4 6 5 8 5 10 5 12 5 14 5 1 6 5 6 15 6 19 6 1 8 5 8 15 8 19 8 10 9 1 10 5 10 9 10 11 10 15 10 19 10 10 11 1 12 5 12 13 12 15 12 19 12 12 13 5 14 19 14 6 15 8 15 10 15 12 15 17 16 19 16 4 17 14 17 4 19 6 19 8 19 10 19 12 19 14 19
> BAT2 4 3 6 3 8 3 10 3 12 3 3 4 3 6 17 6 8 7 10 7 12 7 3 8 7 8 13 8 17 8 3 10 7 10 13 10 17 10 3 12 7 12 17 12 8 13 10 13 17 14 6 17 8 17 10 17 12 17
< RES 1808 34 1
< MOVE R L
> REQ 1808 35 1
> VAMPIRE 1 1 1 3 1 2 0
> VAMPIRE 2 13 2 3 0 2 0
> VAMPIRE 3 13 13 3 0 2 0
> VAMPIRE 4 2 13 3 0 2 0
> GRENADE 3 13 17 4 2
> GRENADE 2 14 1 5 2
> GRENADE 4 1 14 5 2
> BAT1 4 1 6 1 8 1 10 1 12 1 1 4 17 4 19 4 6 5 8 5 10 5 12 5 14 5 1 6 5 6 15 6 19 6 1 8 5 8 15 8 19 8 10 9 1 10 5 10 9 10 11 10 15 10 19 10 10 11 1 12 5 12 13 12 15 12 19 12 12 13 5 14 19 14 6 15 8 15 10 15 12 15 17 16 19 16 4 17 14 17 4 19 6 19 8 19 10 19 12 19 14 19
> BAT2 4 3 6 3 8 3 10 3 12 3 3 4 3 6 17 6 8 7 10 7 12 7 3 8 7 8 13 8 17 8 3 10 7 10 13 10 17 10 3 12 7 12 17 12 8 13 10 13 17 14 6 17 8 17 10 17 12 17
< RES 1808 35 1
< MOVE R L
> REQ 1808 36 1
> VAMPIRE 1 1 1 3 1 2 0
> VAMPIRE 2 13 2 3 0 2 0
> VAMPIRE 3 13 13 3 0 2 0
> VAMPIRE 4 2 13 3 0 2 0
> GRENADE 3 13 17 3 2
> GRENADE 2 14 1 4 2
> GRENADE 4 1 14 4 2
> BAT1 4 1 6 1 8 1 10 1 12 1 1 4 17 4 19 4 6 5 8 5 10 5 12 5 14 5 1 6 5 6 15 6 19 6 1 8 5 8 15 8 19 8 10 9 1 10 5 10 9 10 11 10 15 10 19 10 10 11 1 12 5 12 13 12 15 12 19 12 12 13 5 14 19 14 6 15 8 15 10 15 12 15 17 16 19 16 4 17 14 17 4 19 6 19 8 19 10 19 12 19 14 19
> BAT2 4 3 6 3 8 3 10 3 12 3 3 4 3 6 17 6 8 7 10 7 12 7 3 8 7 8 13 8 17 8 3 10 7 10 13 10 17 10 3 12 7 12 17 12 8 13 10 13 17 14 6 17 8 17 10 17 12 17
< RES 1808 36 1
< MOVE R L
> REQ 1808 37 1
> VAMPIRE 1 1 1 3 1 2 0
> VAMPIRE 2 13 2 3 0 2 0
> VAMPIRE 3 13 13 3 0 2 0
> VAMPIRE 4 2 13 3 0 2 0
> GRENADE 3 13 17 2 2
> GRENADE 2 14 1 3 2
> GRENADE 4 1 14 3 2
> BAT1 4 1 6 1 8 1 10 1 12 1 1 4 17 4 19 4 6 5 8 5 10 5 12 5 14 5 1 6 5 6 15 6 19 6 1 8 5 8 15 8 19 8 10 9 1 10 5 10 9 10 11 10 15 10 19 10 10 11 1 12 5 12 13 12 15 12 19 12 12 13 5 14 19 14 6 15 8 15 10 15 12 15 17 16 19 16 4 17 14 17 4 19 6 19 8 19 10 19 12 19 14 19
> BAT2 4 3 6 3 8 3 10 3 12 3 3 4 3 6 17 6 8 7 10 7 12 7 3 8 7 8 13 8 17 8 3 10 7 10 13 10 17 10 3 12 7 12 17 12 8 13 10 13 17 14 6 17 8 17 10 17 12 17
< RES 1808 37 1
< MOVE R L
> REQ 1808 38 1
> VAMPIRE 1 1 1 3 1 2 0
> VAMPIRE 2 13 2 3 0 2 0
> VAMPIRE 3 13 13 3 0 2 0
> VAMPIRE 4 2 13 3 0 2 0
> GRENADE 3 13 17 1 2
> GRENADE 2 14 1 2 2
> GRENADE 4 1 14 2 2
> BAT1 4 1 6 1 8 1 10 1 12 1 1 4 17 4 19 4 6 5 8 5 10 5 12 5 14 5 1 6 5 6 15 6 19 6 1 8 5 8 15 8 19 8 10 9 1 10 5 10 9 10 11 10 15 10 19 10 10 11 1 12 5 12 13 12 15 12 19 12 12 13 5 14 19 14 6 15 8 15 10 15 12 15 17 16 19 16 4 17 14 17 4 19 6 19 8 19 10 19 12 19 14 19
> BAT2 4 3 6 3 8 3 10 3 12 3 3 4 3 6 17 6 8 7 10 7 12 7 3 8 7 8 13 8 17 8 3 10 7 10 13 10 17 10 3 12 7 12 17 12 8 13 10 13 17 14 6 17 8 17 10 17 12 17
< RES 1808 38 1
< MOVE R L
> REQ 1808 39 1
> VAMPIRE 1 1 1 3 1 2 0
> VAMPIRE 2 13 2 3 0 2 0
> VAMPIRE 3 13 13 3 1 2 0
> VAMPIRE 4 2 13 3 0 2 0
> GRENADE 2 14 1 1 2
> GRENADE 4 1 14 1 2
> BAT1 4 1 6 1 8 1 10 1 12 1 1 4 17 4 19 4 6 5 8 5 10 5 12 5 14 5 1 6 5 6 15 6 19 6 1 8 5 8 15 8 19 8 10 9 1 10 5 10 9 10 11 10 15 10 19 10 10 11 1 12 5 12 13 12 15 12 19 12 12 13 5 14 19 14 6 15 8 15 10 15 12 15 17 16 19 16 4 17 12 17 4 19 6 19 8 19 10 19 12 19 14 19
> BAT2 4 3 6 3 8 3 10 3 12 3 3 4 3 6 17 6 8 7 10 7 12 7 3 8 7 8 13 8 17 8 3 10 7 10 13 10 17 10 3 12 7 12 17 12 8 13 10 13 17 14 6 17 8 17 10 17
< RES 1808 39 1
< MOVE R L
> REQ 1808 40 1
> VAMPIRE 1 1 1 3 1 2 0
> VAMPIRE 2 13 2 3 1 2 0
> VAMPIRE 3 13 14 3 0 2 0
> VAMPIRE 4 2 13 3 1 2 0
> GRENADE 3 13 13 5 2
> BAT1 4 1 6 1 8 1 10 1 1 4 17 4 19 4 6 5 8 5 10 5 12 5 14 5 1 6 5 6 15 6 19 6 1 8 5 8 15 8 19 8 10 9 1 10 5 10 9 10 11 10 15 10 19 10 10 11 5 12 13 12 15 12 19 12 12 13 5 14 19 14 6 15 8 15 10 15 12 15 17 16 19 16 4 17 12 17 4 19 6 19 8 19 10 19 12 19 14 19
> BAT2 4 3 6 3 8 3 10 3 12 3 3 4 3 6 17 6 8 7 10 7 12 7 3 8 7 8 13 8 17 8 3 10 7 10 13 10 17 10 3 12 7 12 17 12 8 13 10 13 17 14 6 17 8 17 10 17
< RES 1808 40 1
< MOVE R L
> REQ 1808 41 1
> VAMPIRE 1 1 1 3 1 2 0
> VAMPIRE 2 12 1 3 1 2 0
> VAMPIRE 3 13 16 3 0 2 0
> VAMPIRE 4 1 12 3 1 2 0
> GRENADE 3 13 13 4 2
> BAT1 4 1 6 1 8 1 10 1 1 4 17 4 19 4 6 5 8 5 10 5 12 5 14 5 1 6 5 6 15 6 19 6 1 8 5 8 15 8 19 8 10 9 1 10 5 10 9 10 11 10 15 10 19 10 10 11 5 12 13 12 15 12 19 12 12 13 5 14 19 14 6 15 8 15 10 15 12 15 17 16 19 16 4 17 12 17 4 19 6 19 8 19 10 19 12 19 14 19
> BAT2 4 3 6 3 8 3 10 3 12 3 3 4 3 6 17 6 8 7 10 7 12 7 3 8 7 8 13 8 17 8 3 10 7 10 13 10 17 10 3 12 7 12 17 12 8 13 10 13 17 14 6 17 8 17 10 17
< RES 1808 41 1
< MOVE R L
> REQ 1808 42 1
> VAMPIRE 1 1 1 3 1 2 0
> VAMPIRE 2 11 2 3 0 2 0
> VAMPIRE 3 13 16 3 0 2 0
> VAMPIRE 4 2 11 3 0 2 0
> GRENADE 3 13 13 3 2
> GRENADE 2 12 1 5 2
> GRENADE 4 1 12 5 2
> BAT1 4 1 6 1 8 1 10 1 1 4 17 4 19 4 6 5 8 5 10 5 12 5 14 5 1 6 5 6 15 6 19 6 1 8 5 8 15 8 19 8 10 9 1 10 5 10 9 10 11 10 15 10 19 10 10 11 5 12 13 12 15 12 19 12 12 13 5 14 19 14 6 15 8 15 10 15 12 15 17 16 19 16 4 17 12 17 4 19 6 19 8 19 10 19 12 19 14 19
> BAT2 4 3 6 3 8 3 10 3 12 3 3 4 3 6 17 6 8 7 10 7 12 7 3 8 7 8 13 8 17 8 3 10 7 10 13 10 17 10 3 12 7 12 17 12 8 13 10 13 17 14 6 17 8 17 10 17
< RES 1808 42 1
< MOVE R L
> REQ 1808 43 1
> VAMPIRE 1 1 1 3 1 2 0
> VAMPIRE 2 11 2 3 0 2 0
> VAMPIRE 3 13 16 3 0 2 0
> VAMPIRE 4 2 11 3 0 2 0
> GRENADE 3 13 13 2 2
> GRENADE 2 12 1 4 2
> GRENADE 4 1 12 4 2
> BAT1 4 1 6 1 8 1 10 1 1 4 17 4 19 4 6 5 8 5 10 5 12 5 14 5 1 6 5 6 15 6 19 6 1 8 5 8 15 8 19 8 10 9 1 10 5 10 9 10 11 10 15 10 19 10 10 11 5 12 13 12 15 12 19 12 12 13 5 14 19 14 6 15 8 15 10 15 12 15 17 16 19 16 4 17 12 17 4 19 6 19 8 19 10 19 12 19 14 19
> BAT2 4 3 6 3 8 3 10 3 12 3 3 4 3 6 17 6 8 7 10 7 12 7 3 8 7 8 13 8 17 8 3 10 7 10 13 10 17 10 3 12 7 12 17 12 8 13 10 13 17 14 6 17 8 17 10 17
< RES 1808 43 1
< MOVE R L
> REQ 1808 44 1
> VAMPIRE 1 1 1 3 1 2 0
> VAMPIRE 2 11 2 3 0 2 0
> VAMPIRE 3 13 16 3 0 2 0
> VAMPIRE 4 2 11 3 0 2 0
> GRENADE 3 13 13 1 2
> GRENADE 2 12 1 3 2
> GRENADE 4 1 12 3 2
> BAT1 4 1 6 1 8 1 10 1 1 4 17 4 19 4 6 5 8 5 10 5 12 5 14 5 1 6 5 6 15 6 19 6 1 8 5 8 15 8 19 8 10 9 1 10 5 10 9 10 11 10 15 10 19 10 10 11 5 12 13 12 15 12 19 12 12 13 5 14 19 14 6 15 8 15 10 15 12 15 17 16 19 16 4 17 12 17 4 19 6 19 8 19 10 19 12 19 14 19
> BAT2 4 3 6 3 8 3 10 3 12 3 3 4 3 6 17 6 8 7 10 7 12 7 3 8 7 8 13 8 17 8 3 10 7 10 13 10 17 10 3 12 7 12 17 12 8 13 10 13 17 14 6 17 8 17 10 17
< RES 1808 44 1
< MOVE R L
> REQ 1808 45 1
> VAMPIRE 1 1 1 3 1 2 0
> VAMPIRE 2 11 2 3 0 2 0
> VAMPIRE 3 13 16 3 1 2 0
> VAMPIRE 4 2 11 3 0 2 0
> GRENADE 2 12 1 2 2
> GRENADE 4 1 12 2 2
> BAT1 4 1 6 1 8 1 10 1 1 4 17 4 19 4 6 5 8 5 10 5 12 5 14 5 1 6 5 6 15 6 19 6 1 8 5 8 15 8 19 8 10 9 1 10 5 10 9 10 11 10 15 10 19 10 10 11 5 12 15 12 19 12 5 14 19 14 6 15 8 15 10 15 12 15 17 16 19 16 4 17 12 17 4 19 6 19 8 19 10 19 12 19 14 19
> BAT2 4 3 6 3 8 3 10 3 12 3 3 4 3 6 17 6 8 7 10 7 12 7 3 8 7 8 13 8 17 8 3 10 7 10 13 10 17 10 3 12 7 12 17 12 8 13 10 13 17 14 6 17 8 17 10 17
< RES 1808 45 1
< MOVE R L
> REQ 1808 46 1
> VAMPIRE 1 1 1 3 1 2 0
> VAMPIRE 2 11 2 3 0 2 0
> VAMPIRE 3 14 15 3 1 2 0
> VAMPIRE 4 2 11 3 0 2 0
> GRENADE 2 12 1 1 2
> GRENADE 4 1 12 1 2
> BAT1 4 1 6 1 8 1 10 1 1 4 17 4 19 4 6 5 8 5 10 5 12 5 14 5 1 6 5 6 15 6 19 6 1 8 5 8 15 8 19 8 10 9 1 10 5 10 9 10 11 10 15 10 19 10 10 11 5 12 15 12 19 12 5 14 19 14 6 15 8 15 10 15 12 15 17 16 19 16 4 17 12 17 4 19 6 19 8 19 10 19 12 19 14 19
> BAT2 4 3 6 3 8 3 10 3 12 3 3 4 3 6 17 6 8 7 10 7 12 7 3 8 7 8 13 8 17 8 3 10 7 10 13 10 17 10 3 12 7 12 17 12 8 13 10 13 17 14 6 17 8 17 10 17
< RES 1808 46 1
< MOVE R L
> REQ 1808 47 1
> VAMPIRE 1 1 1 3 1 2 0
> VAMPIRE 2 11 2 3 1 2 0
> VAMPIRE 3 13 14 3 0 2 0
> VAMPIRE 4 2 11 3 1 2 0
> GRENADE 3 14 15 5 2
> BAT1 4 1 6 1 8 1 1 4 17 4 19 4 6 5 8 5 10 5 12 5 14 5 1 6 5 6 15 6 19 6 1 8 5 8 15 8 19 8 10 9 5 10 9 10 11 10 15 10 19 10 10 11 5 12 15 12 19 12 5 14 19 14 6 15 8 15 10 15 12 15 17 16 19 16 4 17 12 17 4 19 6 19 8 19 10 19 12 19 14 19
> BAT2 4 3 6 3 8 3 10 3 12 3 3 4 3 6 17 6 8 7 10 7 12 7 3 8 7 8 13 8 17 8 3 10 7 10 13 10 17 10 3 12 7 12 17 12 8 13 10 13 17 14 6 17 8 17 10 17
< RES 1808 47 1
< MOVE R L
> REQ 1808 48 1
> VAMPIRE 1 1 1 3 1 2 0
> VAMPIRE 2 11 3 3 1 2 0
> VAMPIRE 3 12 13 3 0 2 0
> VAMPIRE 4 3 11 3 1 2 0
> GRENADE 3 14 15 4 2
> BAT1 4 1 6 1 8 1 1 4 17 4 19 4 6 5 8 5 10 5 12 5 14 5 1 6 5 6 15 6 19 6 1 8 5 8 15 8 19 8 10 9 5 10 9 10 11 10 15 10 19 10 10 11 5 12 15 12 19 12 5 14 19 14 6 15 8 15 10 15 12 15 17 16 19 16 4 17 12 17 4 19 6 19 8 19 10 19 12 19 14 19
> BAT2 4 3 6 3 8 3 10 3 12 3 3 4 3 6 17 6 8 7 10 7 12 7 3 8 7 8 13 8 17 8 3 10 7 10 13 10 17 10 3 12 7 12 17 12 8 13 10 13 17 14 6 17 8 17 10 17
< RES 1808 48 1
< MOVE R L
> REQ 1808 49 1
> VAMPIRE 1 1 1 3 1 2 0
> VAMPIRE 2 11 1 3 0 2 0
> VAMPIRE 3 11 12 3 0 2 0
> VAMPIRE 4 1 11 3 0 2 0
> GRENADE 3 14 15 3 2
> GRENADE 2 11 3 5 2
> GRENADE 4 3 11 5 2
> BAT1 4 1 6 1 8 1 1 4 17 4 19 4 6 5 8 5 10 5 12 5 14 5 1 6 5 6 15 6 19 6 1 8 5 8 15 8 19 8 10 9 5 10 9 10 11 10 15 10 19 10 10 11 5 12 15 12 19 12 5 14 19 14 6 15 8 15 10 15 12 15 17 16 19 16 4 17 12 17 4 19 6 19 8 19 10 19 12 19 14 19
> BAT2 4 3 6 3 8 3 10 3 12 3 3 4 3 6 17 6 8 7 10 7 12 7 3 8 7 8 13 8 17 8 3 10 7 10 13 10 17 10 3 12 7 12 17 12 8 13 10 13 17 14 6 17 8 17 10 17
< RES 1808 49 1
< MOVE R L
> REQ 1808 50 1
> VAMPIRE 1 1 1 3 1 2 0
> VAMPIRE 2 11 1 3 0 2 0
> VAMPIRE 3 11 12 3 0 2 0
> VAMPIRE 4 1 11 3 0 2 0
> GRENADE 3 14 15 2 2
> GRENADE 2 11 3 4 2
> GRENADE 4 3 11 4 2
> BAT1 4 1 6 1 8 1 1 4 17 4 19 4 6 5 8 5 10 5 12 5 14 5 1 6 5 6 15 6 19 6 1 8 5 8 15 8 19 8 10 9 5 10 9 10 11 10 15 10 19 10 10 11 5 12 15 12 19 12 5 14 19 14 6 15 8 15 10 15 12 15 17 16 19 16 4 17 12 17 4 19 6 19 8 19 10 19 12 19 14 19
> BAT2 4 3 6 3 8 3 10 3 12 3 3 4 3 6 17 6 8 7 10 7 12 7 3 8 7 8 13 8 17 8 3 10 7 10 13 10 17 10 3 12 7 12 17 12 8 13 10 13 17 14 6 17 8 17 10 17
< RES 1808 50 1
< MOVE R L
> REQ 1808 51 1
> VAMPIRE 1 1 1 3 1 2 0
> VAMPIRE 2 11 1 3 0 2 0
> VAMPIRE 3 11 12 3 0 2 0
> VAMPIRE 4 1 11 3 0 2 0
> GRENADE 3 14 15 1 2
> GRENADE 2 11 3 3 2
> GRENADE 4 3 11 3 2
> BAT1 4 1 6 1 8 1 1 4 17 4 19 4 6 5 8 5 10 5 12 5 14 5 1 6 5 6 15 6 19 6 1 8 5 8 15 8 19 8 10 9 5 10 9 10 11 10 15 10 19 10 10 11 5 12 15 12 19 12 5 14 19 14 6 15 8 15 10 15 12 15 17 16 19 16 4 17 12 17 4 19 6 19 8 19 10 19 12 19 14 19
> BAT2 4 3 6 3 8 3 10 3 12 3 3 4 3 6 17 6 8 7 10 7 12 7 3 8 7 8 13 8 17 8 3 10 7 10 13 10 17 10 3 12 7 12 17 12 8 13 10 13 17 14 6 17 8 17 10 17
< RES 1808 51 1
< MOVE R L
> REQ 1808 52 1
> VAMPIRE 1 1 1 3 1 2 0
> VAMPIRE 2 11 1 3 0 2 0
> VAMPIRE 3 11 12 3 1 2 0
> VAMPIRE 4 1 11 3 0 2 0
> GRENADE 2 11 3 2 2
> GRENADE 4 3 11 2 2
> BAT1 4 1 6 1 8 1 1 4 17 4 19 4 6 5 8 5 10 5 12 5 14 5 1 6 5 6 15 6 19 6 1 8 5 8 15 8 19 8 10 9 5 10 9 10 11 10 15 10 19 10 10 11 5 12 15 12 19 12 5 14 19 14 6 15 8 15 10 15 17 16 19 16 4 17 12 17 4 19 6 19 8 19 10 19 12 19 14 19
> BAT2 4 3 6 3 8 3 10 3 12 3 3 4 3 6 17 6 8 7 10 7 12 7 3 8 7 8 13 8 17 8 3 10 7 10 13 10 17 10 3 12 7 12 17 12 8 13 10 13 17 14 6 17 8 17 10 17
< RES 1808 52 1
< MOVE R L
> REQ 1808 53 1
> VAMPIRE 1 1 1 3 1 2 0
> VAMPIRE 2 11 1 3 0 2 0
> VAMPIRE 3 11 12 3 1 2 0
> VAMPIRE 4 1 11 3 0 2 0
> GRENADE 2 11 3 1 2
> GRENADE 4 3 11 1 2
> BAT1 4 1 6 1 8 1 1 4 17 4 19 4 6 5 8 5 10 5 12 5 14 5 1 6 5 6 15 6 19 6 1 8 5 8 15 8 19 8 10 9 5 10 9 10 11 10 15 10 19 10 10 11 5 12 15 12 19 12 5 14 19 14 6 15 8 15 10 15 17 16 19 16 4 17 12 17 4 19 6 19 8 19 10 19 12 19 14 19
> BAT2 4 3 6 3 8 3 10 3 12 3 3 4 3 6 17 6 8 7 10 7 12 7 3 8 7 8 13 8 17 8 3 10 7 10 13 10 17 10 3 12 7 12 17 12 8 13 10 13 17 14 6 17 8 17 10 17
< RES 1808 53 1
< MOVE R L
> REQ 1808 54 1
> VAMPIRE 1 1 1 3 1 2 0
> VAMPIRE 2 11 1 2 1 2 0
> VAMPIRE 3 11 12 3 1 2 0
> VAMPIRE 4 1 11 2 1 2 0
> BAT1 4 1 6 1 8 1 10 3 12 3 1 4 17 4 19 4 6 5 8 5 10 5 12 5 14 5 1 6 5 6 15 6 19 6 1 8 5 8 15 8 19 8 10 9 3 10 5 10 9 10 11 10 15 10 19 10 10 11 3 12 5 12 15 12 19 12 5 14 19 14 6 15 8 15 10 15 17 16 19 16 4 17 12 17 4 19 6 19 8 19 10 19 12 19 14 19
> BAT2 4 3 6 3 8 3 3 4 3 6 17 6 8 7 10 7 12 7 3 8 7 8 13 8 17 8 7 10 13 10 17 10 7 12 17 12 8 13 10 13 17 14 6 17 8 17 10 17
< RES 1808 54 1
< MOVE R L
> REQ 1808 55 1
> VAMPIRE 1 1 1 3 1 2 0
> VAMPIRE 2 11 1 2 1 2 0
> VAMPIRE 3 11 12 3 1 2 0
> VAMPIRE 4 1 11 2 1 2 0
> BAT1 4 1 6 1 8 1 10 3 12 3 1 4 17 4 19 4 6 5 8 5 10 5 12 5 14 5 1 6 5 6 15 6 19 6 1 8 5 8 15 8 19 8 10 9 3 10 5 10 9 10 11 10 15 10 19 10 10 11 3 12 5 12 15 12 19 12 5 14 19 14 6 15 8 15 10 15 17 16 19 16 4 17 12 17 4 19 6 19 8 19 10 19 12 19 14 19
> BAT2 4 3 6 3 8 3 3 4 3 6 17 6 8 7 10 7 12 7 3 8 7 8 13 8 17 8 7 10 13 10 17 10 7 12 17 12 8 13 10 13 17 14 6 17 8 17 10 17
< RES 1808 55 1
< MOVE R L
> REQ 1808 56 1
> VAMPIRE 1 1 1 3 1 2 0
> VAMPIRE 2 11 1 2 1 2 0
> VAMPIRE 3 11 12 3 1 2 0
> VAMPIRE 4 1 11 2 1 2 0
> BAT1 4 1 6 1 8 1 10 3 12 3 1 4 17 4 19 4 6 5 8 5 10 5 12 5 14 5 1 6 5 6 15 6 19 6 1 8 5 8 15 8 19 8 10 9 3 10 5 10 9 10 11 10 15 10 19 10 10 11 3 12 5 12 15 12 19 12 5 14 19 14 6 15 8 15 10 15 17 16 19 16 4 17 12 17 4 19 6 19 8 19 10 19 12 19 14 19
> BAT2 4 3 6 3 8 3 3 4 3 6 17 6 8 7 10 7 12 7 3 8 7 8 13 8 17 8 7 10 13 10 17 10 7 12 17 12 8 13 10 13 17 14 6 17 8 17 10 17
< RES 1808 56 1
< MOVE R L
> REQ 1808 57 1
> VAMPIRE 1 1 1 3 1 2 0
> VAMPIRE 2 11 1 2 1 2 0
> VAMPIRE 3 11 12 3 1 2 0
> VAMPIRE 4 1 11 2 1 2 0
> BAT1 4 1 6 1 8 1 10 3 12 3 1 4 17 4 19 4 6 5 8 5 10 5 12 5 14 5 1 6 5 6 15 6 19 6 1 8 5 8 15 8 19 8 10 9 3 10 5 10 9 10 11 10 15 10 19 10 10 11 3 12 5 12 15 12 19 12 5 14 19 14 6 15 8 15 10 15 17 16 19 16 4 17 12 17 4 19 6 19 8 19 10 19 12 19 14 19
> BAT2 4 3 6 3 8 3 3 4 3 6 17 6 8 7 10 7 12 7 3 8 7 8 13 8 17 8 7 10 13 10 17 10 7 12 17 12 8 13 10 13 17 14 6 17 8 17 10 17
< RES 1808 57 1
< MOVE R L
> REQ 1808 58 1
> VAMPIRE 1 1 1 3 1 2 0
> VAMPIRE 2 11 1 2 1 2 0
> VAMPIRE 3 11 12 3 1 2 0
> VAMPIRE 4 1 11 2 1 2 0
> BAT1 4 1 6 1 8 1 10 3 12 3 1 4 17 4 19 4 6 5 8 5 10 5 12 5 14 5 1 6 5 6 15 6 19 6 1 8 5 8 15 8 19 8 10 9 3 10 5 10 9 10 11 10 15 10 19 10 10 11 3 12 5 12 15 12 19 12 5 14 19 14 6 15 8 15 10 15 17 16 19 16 4 17 12 17 4 19 6 19 8 19 10 19 12 19 14 19
> BAT2 4 3 6 3 8 3 3 4 3 6 17 6 8 7 10 7 12 7 3 8 7 8 13 8 17 8 7 10 13 10 17 10 7 12 17 12 8 13 10 13 17 14 6 17 8 17 10 17
< RES 1808 58 1
< MOVE R L
> END 8.5 No_opponent_left