> MESSAGE OK
> LEVEL 10
> GAMEID 1959
> TEST 1
> MAXTICK 800
> GRENADERADIUS 3
> SIZE 15
> REQ 1959 0 1
> VAMPIRE 4 1 13 3 1 3 0
> VAMPIRE 3 13 13 3 1 3 0
> VAMPIRE 1 1 1 3 1 3 0
> VAMPIRE 2 13 1 3 1 3 0
> BAT1 8 1 9 1 10 1 11 1 1 3 7 3 1 4 1 5 6 5 8 5 1 6 5 6 9 6 3 7 11 7 5 8 9 8 13 8 6 9 8 9 13 9 13 10 7 11 13 11 3 13 4 13 5 13 6 13
> BAT2 3 1 4 1 5 1 6 1 8 3 9 3 13 3 13 4 3 5 7 5 13 5 3 6 13 6 5 7 9 7 1 8 11 8 1 9 7 9 11 9 1 10 1 11 5 11 6 11 8 13 9 13 10 13 11 13
> BAT3 7 1 5 3 6 3 11 5 11 6 1 7 7 7 13 7 3 8 3 9 8 11 9 11 7 13
< RES 1959 0 1
< MOVE R
> REQ 1959 1 1
> VAMPIRE 4 1 13 3 1 3 0
> VAMPIRE 3 13 13 3 1 3 0
> VAMPIRE 1 1 2 3 1 3 0
> VAMPIRE 2 13 1 3 1 3 0
> BAT1 8 1 9 1 10 1 11 1 1 3 7 3 1 4 1 5 6 5 8 5 1 6 5 6 9 6 3 7 11 7 5 8 9 8 13 8 6 9 8 9 13 9 13 10 7 11 13 11 3 13 4 13 5 13 6 13
> BAT2 3 1 4 1 5 1 6 1 8 3 9 3 13 3 13 4 3 5 7 5 13 5 3 6 13 6 5 7 9 7 1 8 11 8 1 9 7 9 11 9 1 10 1 11 5 11 6 11 8 13 9 13 10 13 11 13
> BAT3 7 1 5 3 6 3 11 5 11 6 1 7 7 7 13 7 3 8 3 9 8 11 9 11 7 13
< RES 1959 1 1
< MOVE
> REQ 1959 2 1
> VAMPIRE 4 1 13 3 1 3 0
> VAMPIRE 3 13 13 3 1 3 0
> VAMPIRE 1 1 2 3 1 3 0
> VAMPIRE 2 13 1 3 1 3 0
> BAT1 8 1 9 1 10 1 11 1 1 3 7 3 1 4 1 5 6 5 8 5 1 6 5 6 9 6 3 7 11 7 5 8 9 8 13 8 6 9 8 9 13 9 13 10 7 11 13 11 3 13 4 13 5 13 6 13
> BAT2 3 1 4 1 5 1 6 1 8 3 9 3 13 3 13 4 3 5 7 5 13 5 3 6 13 6 5 7 9 7 1 8 11 8 1 9 7 9 11 9 1 10 1 11 5 11 6 11 8 13 9 13 10 13 11 13
> BAT3 7 1 5 3 6 3 11 5 11 6 1 7 7 7 13 7 3 8 3 9 8 11 9 11 7 13
< RES 1959 2 1
< MOVE
> REQ 1959 3 1
> VAMPIRE 4 1 13 3 1 3 0
> VAMPIRE 3 13 13 3 1 3 0
> VAMPIRE 1 1 2 3 1 3 0
> VAMPIRE 2 13 1 3 1 3 0
> BAT1 8 1 9 1 10 1 11 1 1 3 7 3 1 4 1 5 6 5 8 5 1 6 5 6 9 6 3 7 11 7 5 8 9 8 13 8 6 9 8 9 13 9 13 10 7 11 13 11 3 13 4 13 5 13 6 13
> BAT2 3 1 4 1 5 1 6 1 8 3 9 3 13 3 13 4 3 5 7 5 13 5 3 6 13 6 5 7 9 7 1 8 11 8 1 9 7 9 11 9 1 10 1 11 5 11 6 11 8 13 9 13 10 13 11 13
> BAT3 7 1 5 3 6 3 11 5 11 6 1 7 7 7 13 7 3 8 3 9 8 11 9 11 7 13
< RES 1959 3 1
< MOVE
> REQ 1959 4 1
> VAMPIRE 4 1 13 3 1 3 0
> VAMPIRE 3 13 13 3 1 3 0
> VAMPIRE 1 1 2 3 1 3 0
> VAMPIRE 2 13 1 3 1 3 0
> BAT1 8 1 9 1 10 1 11 1 1 3 7 3 1 4 1 5 6 5 8 5 1 6 5 6 9 6 3 7 11 7 5 8 9 8 13 8 6 9 8 9 13 9 13 10 7 11 13 11 3 13 4 13 5 13 6 13
> BAT2 3 1 4 1 5 1 6 1 8 3 9 3 13 3 13 4 3 5 7 5 13 5 3 6 13 6 5 7 9 7 1 8 11 8 1 9 7 9 11 9 1 10 1 11 5 11 6 11 8 13 9 13 10 13 11 13
> BAT3 7 1 5 3 6 3 11 5 11 6 1 7 7 7 13 7 3 8 3 9 8 11 9 11 7 13
< RES 1959 4 1
< MOVE
> REQ 1959 5 1
> VAMPIRE 4 1 13 3 1 3 0
> VAMPIRE 3 13 13 3 1 3 0
> VAMPIRE 1 1 2 3 1 3 0
> VAMPIRE 2 13 1 3 1 3 0
> BAT1 8 1 9 1 10 1 11 1 1 3 7 3 1 4 1 5 6 5 8 5 1 6 5 6 9 6 3 7 11 7 5 8 9 8 13 8 6 9 8 9 13 9 13 10 7 11 13 11 3 13 4 13 5 13 6 13
> BAT2 3 1 4 1 5 1 6 1 8 3 9 3 13 3 13 4 3 5 7 5 13 5 3 6 13 6 5 7 9 7 1 8 11 8 1 9 7 9 11 9 1 10 1 11 5 11 6 11 8 13 9 13 10 13 11 13
> BAT3 7 1 5 3 6 3 11 5 11 6 1 7 7 7 13 7 3 8 3 9 8 11 9 11 7 13
< RES 1959 5 1
< MOVE
> REQ 1959 6 1
> VAMPIRE 4 1 13 3 1 3 0
> VAMPIRE 3 13 13 3 1 3 0
> VAMPIRE 1 1 2 3 1 3 0
> VAMPIRE 2 13 1 3 1 3 0
> BAT1 8 1 9 1 10 1 11 1 1 3 7 3 1 4 1 5 6 5 8 5 1 6 5 6 9 6 3 7 11 7 5 8 9 8 13 8 6 9 8 9 13 9 13 10 7 11 13 11 3 13 4 13 5 13 6 13
> BAT2 3 1 4 1 5 1 6 1 8 3 9 3 13 3 13 4 3 5 7 5 13 5 3 6 13 6 5 7 9 7 1 8 11 8 1 9 7 9 11 9 1 10 1 11 5 11 6 11 8 13 9 13 10 13 11 13
> BAT3 7 1 5 3 6 3 11 5 11 6 1 7 7 7 13 7 3 8 3 9 8 11 9 11 7 13
< RES 1959 6 1
< MOVE
> REQ 1959 7 1
> VAMPIRE 4 1 13 3 1 3 0
> VAMPIRE 3 13 13 3 1 3 0
> VAMPIRE 1 1 2 3 1 3 0
> VAMPIRE 2 13 1 3 1 3 0
> BAT1 8 1 9 1 10 1 11 1 1 3 7 3 1 4 1 5 6 5 8 5 1 6 5 6 9 6 3 7 11 7 5 8 9 8 13 8 6 9 8 9 13 9 13 10 7 11 13 11 3 13 4 13 5 13 6 13
> BAT2 3 1 4 1 5 1 6 1 8 3 9 3 13 3 13 4 3 5 7 5 13 5 3 6 13 6 5 7 9 7 1 8 11 8 1 9 7 9 11 9 1 10 1 11 5 11 6 11 8 13 9 13 10 13 11 13
> BAT3 7 1 5 3 6 3 11 5 11 6 1 7 7 7 13 7 3 8 3 9 8 11 9 11 7 13
< RES 1959 7 1
< MOVE
> REQ 1959 8 1
> VAMPIRE 4 1 13 3 1 3 0
> VAMPIRE 3 13 13 3 1 3 0
> VAMPIRE 1 1 2 3 1 3 0
> VAMPIRE 2 13 1 3 1 3 0
> BAT1 8 1 9 1 10 1 11 1 1 3 7 3 1 4 1 5 6 5 8 5 1 6 5 6 9 6 3 7 11 7 5 8 9 8 13 8 6 9 8 9 13 9 13 10 7 11 13 11 3 13 4 13 5 13 6 13
> BAT2 3 1 4 1 5 1 6 1 8 3 9 3 13 3 13 4 3 5 7 5 13 5 3 6 13 6 5 7 9 7 1 8 11 8 1 9 7 9 11 9 1 10 1 11 5 11 6 11 8 13 9 13 10 13 11 13
> BAT3 7 1 5 3 6 3 11 5 11 6 1 7 7 7 13 7 3 8 3 9 8 11 9 11 7 13
< RES 1959 8 1
< MOVE
> REQ 1959 9 1
> VAMPIRE 4 1 13 3 1 3 0
> VAMPIRE 3 13 13 3 1 3 0
> VAMPIRE 1 1 2 3 1 3 0
> VAMPIRE 2 13 1 3 1 3 0
> BAT1 8 1 9 1 10 1 11 1 1 3 7 3 1 4 1 5 6 5 8 5 1 6 5 6 9 6 3 7 11 7 5 8 9 8 13 8 6 9 8 9 13 9 13 10 7 11 13 11 3 13 4 13 5 13 6 13
> BAT2 3 1 4 1 5 1 6 1 8 3 9 3 13 3 13 4 3 5 7 5 13 5 3 6 13 6 5 7 9 7 1 8 11 8 1 9 7 9 11 9 1 10 1 11 5 11 6 11 8 13 9 13 10 13 11 13
> BAT3 7 1 5 3 6 3 11 5 11 6 1 7 7 7 13 7 3 8 3 9 8 11 9 11 7 13
< RES 1959 9 1
< MOVE
> END 1.8 No_opponent_left