> MESSAGE OK
> LEVEL 5
> GAMEID 4190
> TEST 1
> MAXTICK 850
> GRENADERADIUS 2
> SIZE 17
> REQ 4190 0 1
> VAMPIRE 1 1 1 3 1 2 0
> VAMPIRE 4 1 15 3 1 2 0
> VAMPIRE 2 15 1 3 1 2 0
> VAMPIRE 3 15 15 3 1 2 0
> BAT1 12 1 14 1 1 2 1 4 7 7 9 7 7 9 9 9 15 12 15 14 2 15 4 15
> BAT2 13 1 1 3 3 3 5 3 7 3 9 3 11 3 13 3 3 5 13 5 3 7 13 7 3 9 13 9 3 11 13 11 3 13 5 13 7 13 9 13 11 13 13 13 15 13 3 15
> BAT3 5 5 7 5 9 5 11 5 5 7 11 7 5 9 11 9 5 11 7 11 9 11 11 11
< RES 4190 0 1
> REQ 4190 1 1
> VAMPIRE 1 1 1 3 1 2 0
> VAMPIRE 4 1 13 3 0 2 0
> VAMPIRE 2 15 2 3 1 2 0
> VAMPIRE 3 13 15 3 0 2 0
> GRENADE 3 15 15 5 2
> GRENADE 4 1 15 5 2
> BAT1 12 1 14 1 1 2 1 4 7 7 9 7 7 9 9 9 15 12 15 14 2 15 4 15
> BAT2 13 1 1 3 3 3 5 3 7 3 9 3 11 3 13 3 3 5 13 5 3 7 13 7 3 9 13 9 3 11 13 11 3 13 5 13 7 13 9 13 11 13 13 13 15 13 3 15
> BAT3 5 5 7 5 9 5 11 5 5 7 11 7 5 9 11 9 5 11 7 11 9 11 11 11
< RES 4190 1 1
> REQ 4190 2 1
> VAMPIRE 1 1 1 3 1 2 0
> VAMPIRE 4 1 11 3 0 2 0
> VAMPIRE 2 14 3 3 1 2 0
> VAMPIRE 3 11 15 3 0 2 0
> GRENADE 3 15 15 4 2
> GRENADE 4 1 15 4 2
> BAT1 12 1 14 1 1 2 1 4 7 7 9 7 7 9 9 9 15 12 15 14 2 15 4 15
> BAT2 13 1 1 3 3 3 5 3 7 3 9 3 11 3 13 3 3 5 13 5 3 7 13 7 3 9 13 9 3 11 13 11 3 13 5 13 7 13 9 13 11 13 13 13 15 13 3 15
> BAT3 5 5 7 5 9 5 11 5 5 7 11 7 5 9 11 9 5 11 7 11 9 11 11 11
< RES 4190 2 1
> REQ 4190 3 1
> VAMPIRE 1 1 1 3 1 2 0
> VAMPIRE 4 1 9 3 0 2 0
> VAMPIRE 2 15 4 3 0 2 0
> VAMPIRE 3 9 15 3 0 2 0
> GRENADE 3 15 15 3 2
> GRENADE 4 1 15 3 2
> GRENADE 2 14 3 5 2
> BAT1 12 1 14 1 1 2 1 4 7 7 9 7 7 9 9 9 15 12 15 14 2 15 4 15
> BAT2 13 1 1 3 3 3 5 3 7 3 9 3 11 3 13 3 3 5 13 5 3 7 13 7 3 9 13 9 3 11 13 11 3 13 5 13 7 13 9 13 11 13 13 13 15 13 3 15
> BAT3 5 5 7 5 9 5 11 5 5 7 11 7 5 9 11 9 5 11 7 11 9 11 11 11
< RES 4190 3 1
> REQ 4190 4 1
> VAMPIRE 1 1 1 3 1 2 0
> VAMPIRE 4 1 7 3 0 2 0
> VAMPIRE 2 15 4 3 0 2 0
> VAMPIRE 3 7 15 3 0 2 0
> GRENADE 3 15 15 2 2
> GRENADE 4 1 15 2 2
> GRENADE 2 14 3 4 2
> BAT1 12 1 14 1 1 2 1 4 7 7 9 7 7 9 9 9 15 12 15 14 2 15 4 15
> BAT2 13 1 1 3 3 3 5 3 7 3 9 3 11 3 13 3 3 5 13 5 3 7 13 7 3 9 13 9 3 11 13 11 3 13 5 13 7 13 9 13 11 13 13 13 15 13 3 15
> BAT3 5 5 7 5 9 5 11 5 5 7 11 7 5 9 11 9 5 11 7 11 9 11 11 11
< RES 4190 4 1
> REQ 4190 5 1
> VAMPIRE 1 1 1 3 1 2 0
> VAMPIRE 4 1 5 3 0 2 0
> VAMPIRE 2 15 4 3 0 2 0
> VAMPIRE 3 5 15 3 0 2 0
> GRENADE 3 15 15 1 2
> GRENADE 4 1 15 1 2
> GRENADE 2 14 3 3 2
> BAT1 12 1 14 1 1 2 1 4 7 7 9 7 7 9 9 9 15 12 15 14 2 15 4 15
> BAT2 13 1 1 3 3 3 5 3 7 3 9 3 11 3 13 3 3 5 13 5 3 7 13 7 3 9 13 9 3 11 13 11 3 13 5 13 7 13 9 13 11 13 13 13 15 13 3 15
> BAT3 5 5 7 5 9 5 11 5 5 7 11 7 5 9 11 9 5 11 7 11 9 11 11 11
< RES 4190 5 1
> REQ 4190 6 1
> VAMPIRE 1 1 1 3 1 2 0
> VAMPIRE 4 1 5 3 1 2 0
> VAMPIRE 2 15 4 3 0 2 0
> VAMPIRE 3 5 14 3 1 2 0
> GRENADE 2 14 3 2 2
> BAT1 12 1 14 1 1 2 1 4 7 7 9 7 7 9 9 9 15 12 4 15
> BAT2 13 1 1 3 3 3 5 3 7 3 9 3 11 3 13 3 3 5 13 5 3 7 13 7 3 9 13 9 3 11 13 11 3 13 5 13 7 13 9 13 11 13 13 13 15 13 3 15
> BAT3 5 5 7 5 9 5 11 5 5 7 11 7 5 9 11 9 5 11 7 11 9 11 11 11
< RES 4190 6 1
> REQ 4190 7 1
> VAMPIRE 1 1 1 3 1 2 0
> VAMPIRE 4 1 6 3 0 2 0
> VAMPIRE 2 15 4 3 0 2 0
> VAMPIRE 3 5 15 3 1 2 0
> GRENADE 2 14 3 1 2
> GRENADE 4 1 5 5 2
> BAT1 12 1 14 1 1 2 1 4 7 7 9 7 7 9 9 9 15 12 4 15
> BAT2 13 1 1 3 3 3 5 3 7 3 9 3 11 3 13 3 3 5 13 5 3 7 13 7 3 9 13 9 3 11 13 11 3 13 5 13 7 13 9 13 11 13 13 13 15 13 3 15
> BAT3 5 5 7 5 9 5 11 5 5 7 11 7 5 9 11 9 5 11 7 11 9 11 11 11
< RES 4190 7 1
> REQ 4190 8 1
> VAMPIRE 1 1 1 3 1 2 0
> VAMPIRE 4 1 8 3 0 2 0
> VAMPIRE 2 15 4 3 1 2 0
> VAMPIRE 3 6 15 3 0 2 0
> GRENADE 4 1 5 4 2
> GRENADE 3 5 15 5 2
> BAT1 12 1 14 1 1 2 13 3 1 4 7 7 9 7 7 9 9 9 15 12 4 15
> BAT2 13 1 1 3 3 3 5 3 7 3 9 3 11 3 3 5 13 5 3 7 13 7 3 9 13 9 3 11 13 11 3 13 5 13 7 13 9 13 11 13 13 13 15 13 3 15
> BAT3 5 5 7 5 9 5 11 5 5 7 11 7 5 9 11 9 5 11 7 11 9 11 11 11
< RES 4190 8 1
> REQ 4190 9 1
> VAMPIRE 1 1 1 3 1 2 0
> VAMPIRE 4 1 8 3 0 2 0
> VAMPIRE 2 14 5 3 1 2 0
> VAMPIRE 3 7 14 3 0 2 0
> GRENADE 4 1 5 3 2
> GRENADE 3 5 15 4 2
> BAT1 12 1 14 1 1 2 13 3 1 4 7 7 9 7 7 9 9 9 15 12 4 15
> BAT2 13 1 1 3 3 3 5 3 7 3 9 3 11 3 3 5 13 5 3 7 13 7 3 9 13 9 3 11 13 11 3 13 5 13 7 13 9 13 11 13 13 13 15 13 3 15
> BAT3 5 5 7 5 9 5 11 5 5 7 11 7 5 9 11 9 5 11 7 11 9 11 11 11
< RES 4190 9 1
> REQ 4190 10 1
> VAMPIRE 1 1 1 3 1 2 0
> VAMPIRE 4 1 8 3 0 2 0
> VAMPIRE 2 15 6 3 0 2 0
> VAMPIRE 3 7 14 3 0 2 0
> GRENADE 4 1 5 2 2
> GRENADE 3 5 15 3 2
> GRENADE 2 14 5 5 2
> BAT1 12 1 14 1 1 2 13 3 1 4 7 7 9 7 7 9 9 9 15 12 4 15
> BAT2 13 1 1 3 3 3 5 3 7 3 9 3 11 3 3 5 13 5 3 7 13 7 3 9 13 9 3 11 13 11 3 13 5 13 7 13 9 13 11 13 13 13 15 13 3 15
> BAT3 5 5 7 5 9 5 11 5 5 7 11 7 5 9 11 9 5 11 7 11 9 11 11 11
< RES 4190 10 1
> REQ 4190 11 1
> VAMPIRE 1 1 1 3 1 2 0
> VAMPIRE 4 1 8 3 0 2 0
> VAMPIRE 2 15 6 3 0 2 0
> VAMPIRE 3 7 14 3 0 2 0
> GRENADE 4 1 5 1 2
> GRENADE 3 5 15 2 2
> GRENADE 2 14 5 4 2
> BAT1 12 1 14 1 1 2 13 3 1 4 7 7 9 7 7 9 9 9 15 12 4 15
> BAT2 13 1 1 3 3 3 5 3 7 3 9 3 11 3 3 5 13 5 3 7 13 7 3 9 13 9 3 11 13 11 3 13 5 13 7 13 9 13 11 13 13 13 15 13 3 15
> BAT3 5 5 7 5 9 5 11 5 5 7 11 7 5 9 11 9 5 11 7 11 9 11 11 11
< RES 4190 11 1
> REQ 4190 12 1
> VAMPIRE 1 1 1 3 1 2 0
> VAMPIRE 4 1 8 3 1 2 0
> VAMPIRE 2 15 6 3 0 2 0
> VAMPIRE 3 7 14 3 0 2 0
> GRENADE 3 5 15 1 2
> GRENADE 2 14 5 3 2
> BAT1 12 1 14 1 1 2 13 3 3 5 7 7 9 7 7 9 9 9 15 12 4 15
> BAT2 13 1 1 3 3 3 5 3 7 3 9 3 11 3 13 5 3 7 13 7 3 9 13 9 3 11 13 11 3 13 5 13 7 13 9 13 11 13 13 13 15 13 3 15
> BAT3 5 5 7 5 9 5 11 5 5 7 11 7 5 9 11 9 5 11 7 11 9 11 11 11
< RES 4190 12 1
> REQ 4190 13 1
> VAMPIRE 1 1 1 3 1 2 0
> VAMPIRE 4 2 7 3 1 2 0
> VAMPIRE 2 15 6 3 0 2 0
> VAMPIRE 3 7 14 3 1 2 0
> GRENADE 2 14 5 2 2
> BAT1 12 1 14 1 1 2 13 3 3 5 7 7 9 7 7 9 9 9 15 12 5 13
> BAT2 13 1 1 3 3 3 5 3 7 3 9 3 11 3 13 5 3 7 13 7 3 9 13 9 3 11 13 11 3 13 7 13 9 13 11 13 13 13 15 13 3 15
> BAT3 5 5 7 5 9 5 11 5 5 7 11 7 5 9 11 9 5 11 7 11 9 11 11 11
< RES 4190 13 1
> REQ 4190 14 1
> VAMPIRE 1 1 1 3 1 2 0
> VAMPIRE 4 1 6 3 0 2 0
> VAMPIRE 2 15 6 3 0 2 0
> VAMPIRE 3 6 15 3 0 2 0
> GRENADE 2 14 5 1 2
> GRENADE 3 7 14 5 2
> GRENADE 4 2 7 5 2
> BAT1 12 1 14 1 1 2 13 3 3 5 7 7 9 7 7 9 9 9 15 12 5 13
> BAT2 13 1 1 3 3 3 5 3 7 3 9 3 11 3 13 5 3 7 13 7 3 9 13 9 3 11 13 11 3 13 7 13 9 13 11 13 13 13 15 13 3 15
> BAT3 5 5 7 5 9 5 11 5 5 7 11 7 5 9 11 9 5 11 7 11 9 11 11 11
< RES 4190 14 1
> REQ 4190 15 1
> VAMPIRE 1 1 1 3 1 2 0
> VAMPIRE 4 1 4 3 0 2 0
> VAMPIRE 2 15 6 3 1 2 0
> VAMPIRE 3 4 15 3 0 2 0
> GRENADE 3 7 14 4 2
> GRENADE 4 2 7 4 2
> BAT1 12 1 14 1 1 2 13 3 3 5 13 5 7 7 9 7 7 9 9 9 15 12 5 13
> BAT2 13 1 1 3 3 3 5 3 7 3 9 3 11 3 3 7 13 7 3 9 13 9 3 11 13 11 3 13 7 13 9 13 11 13 13 13 15 13 3 15
> BAT3 5 5 7 5 9 5 11 5 5 7 11 7 5 9 11 9 5 11 7 11 9 11 11 11
< RES 4190 15 1
> REQ 4190 16 1
> VAMPIRE 1 1 1 3 1 2 0
> VAMPIRE 4 1 4 3 0 2 0
> VAMPIRE 2 14 7 3 1 2 0
> VAMPIRE 3 4 15 3 0 2 0
> GRENADE 3 7 14 3 2
> GRENADE 4 2 7 3 2
> BAT1 12 1 14 1 1 2 13 3 3 5 13 5 7 7 9 7 7 9 9 9 15 12 5 13
> BAT2 13 1 1 3 3 3 5 3 7 3 9 3 11 3 3 7 13 7 3 9 13 9 3 11 13 11 3 13 7 13 9 13 11 13 13 13 15 13 3 15
> BAT3 5 5 7 5 9 5 11 5 5 7 11 7 5 9 11 9 5 11 7 11 9 11 11 11
< RES 4190 16 1
> REQ 4190 17 1
> VAMPIRE 1 1 1 3 1 2 0
> VAMPIRE 4 1 4 3 0 2 0
> VAMPIRE 2 15 8 3 0 2 0
> VAMPIRE 3 4 15 3 0 2 0
> GRENADE 3 7 14 2 2
> GRENADE 4 2 7 2 2
> GRENADE 2 14 7 5 2
> BAT1 12 1 14 1 1 2 13 3 3 5 13 5 7 7 9 7 7 9 9 9 15 12 5 13
> BAT2 13 1 1 3 3 3 5 3 7 3 9 3 11 3 3 7 13 7 3 9 13 9 3 11 13 11 3 13 7 13 9 13 11 13 13 13 15 13 3 15
> BAT3 5 5 7 5 9 5 11 5 5 7 11 7 5 9 11 9 5 11 7 11 9 11 11 11
< RES 4190 17 1
> REQ 4190 18 1
> VAMPIRE 1 1 1 3 1 2 0
> VAMPIRE 4 1 4 3 0 2 0
> VAMPIRE 2 15 8 3 0 2 0
> VAMPIRE 3 4 15 3 0 2 0
> GRENADE 3 7 14 1 2
> GRENADE 4 2 7 1 2
> GRENADE 2 14 7 4 2
> BAT1 12 1 14 1 1 2 13 3 3 5 13 5 7 7 9 7 7 9 9 9 15 12 5 13
> BAT2 13 1 1 3 3 3 5 3 7 3 9 3 11 3 3 7 13 7 3 9 13 9 3 11 13 11 3 13 7 13 9 13 11 13 13 13 15 13 3 15
> BAT3 5 5 7 5 9 5 11 5 5 7 11 7 5 9 11 9 5 11 7 11 9 11 11 11
< RES 4190 18 1
> REQ 4190 19 1
> VAMPIRE 1 1 1 3 1 2 0
> VAMPIRE 4 1 4 3 1 2 0
> VAMPIRE 2 15 8 3 0 2 0
> VAMPIRE 3 4 15 3 1 2 0
> GRENADE 2 14 7 3 2
> BAT1 12 1 14 1 1 2 13 3 3 5 13 5 3 7 7 7 9 7 7 9 9 9 15 12 5 13 7 13
> BAT2 13 1 1 3 3 3 5 3 7 3 9 3 11 3 13 7 3 9 13 9 3 11 13 11 3 13 9 13 11 13 13 13 15 13 3 15
> BAT3 5 5 7 5 9 5 11 5 5 7 11 7 5 9 11 9 5 11 7 11 9 11 11 11
< RES 4190 19 1
> REQ 4190 20 1
> VAMPIRE 1 1 1 3 1 2 0
> VAMPIRE 4 2 5 3 0 2 0
> VAMPIRE 2 15 8 3 0 2 0
> VAMPIRE 3 5 14 3 0 2 0
> GRENADE 2 14 7 2 2
> GRENADE 3 4 15 5 2
> GRENADE 4 1 4 5 2
> BAT1 12 1 14 1 1 2 13 3 3 5 13 5 3 7 7 7 9 7 7 9 9 9 15 12 5 13 7 13
> BAT2 13 1 1 3 3 3 5 3 7 3 9 3 11 3 13 7 3 9 13 9 3 11 13 11 3 13 9 13 11 13 13 13 15 13 3 15
> BAT3 5 5 7 5 9 5 11 5 5 7 11 7 5 9 11 9 5 11 7 11 9 11 11 11
< RES 4190 20 1
> REQ 4190 21 1
> VAMPIRE 1 1 1 3 1 2 0
> VAMPIRE 4 2 5 3 0 2 0
> VAMPIRE 2 15 8 3 0 2 0
> VAMPIRE 3 5 14 3 0 2 0
> GRENADE 2 14 7 1 2
> GRENADE 3 4 15 4 2
> GRENADE 4 1 4 4 2
> BAT1 12 1 14 1 1 2 13 3 3 5 13 5 3 7 7 7 9 7 7 9 9 9 15 12 5 13 7 13
> BAT2 13 1 1 3 3 3 5 3 7 3 9 3 11 3 13 7 3 9 13 9 3 11 13 11 3 13 9 13 11 13 13 13 15 13 3 15
> BAT3 5 5 7 5 9 5 11 5 5 7 11 7 5 9 11 9 5 11 7 11 9 11 11 11
< RES 4190 21 1
> REQ 4190 22 1
> VAMPIRE 1 1 1 3 1 2 0
> VAMPIRE 4 2 5 3 0 2 0
> VAMPIRE 2 15 8 3 1 2 0
> VAMPIRE 3 5 14 3 0 2 0
> GRENADE 3 4 15 3 2
> GRENADE 4 1 4 3 2
> BAT1 12 1 14 1 1 2 13 3 3 5 13 5 3 7 7 7 9 7 13 7 7 9 9 9 15 12 5 13 7 13
> BAT2 13 1 1 3 3 3 5 3 7 3 9 3 11 3 3 9 13 9 3 11 13 11 3 13 9 13 11 13 13 13 15 13 3 15
> BAT3 5 5 7 5 9 5 11 5 5 7 11 7 5 9 11 9 5 11 7 11 9 11 11 11
< RES 4190 22 1
> REQ 4190 23 1
> VAMPIRE 1 1 1 3 1 2 0
> VAMPIRE 4 2 5 3 0 2 0
> VAMPIRE 2 14 9 3 1 2 0
> VAMPIRE 3 5 14 3 0 2 0
> GRENADE 3 4 15 2 2
> GRENADE 4 1 4 2 2
> BAT1 12 1 14 1 1 2 13 3 3 5 13 5 3 7 7 7 9 7 13 7 7 9 9 9 15 12 5 13 7 13
> BAT2 13 1 1 3 3 3 5 3 7 3 9 3 11 3 3 9 13 9 3 11 13 11 3 13 9 13 11 13 13 13 15 13 3 15
> BAT3 5 5 7 5 9 5 11 5 5 7 11 7 5 9 11 9 5 11 7 11 9 11 11 11
< RES 4190 23 1
> REQ 4190 24 1
> VAMPIRE 1 1 1 3 1 2 0
> VAMPIRE 4 2 5 3 0 2 0
> VAMPIRE 2 15 10 3 0 2 0
> VAMPIRE 3 5 14 3 0 2 0
> GRENADE 3 4 15 1 2
> GRENADE 4 1 4 1 2
> GRENADE 2 14 9 5 2
> BAT1 12 1 14 1 1 2 13 3 3 5 13 5 3 7 7 7 9 7 13 7 7 9 9 9 15 12 5 13 7 13
> BAT2 13 1 1 3 3 3 5 3 7 3 9 3 11 3 3 9 13 9 3 11 13 11 3 13 9 13 11 13 13 13 15 13 3 15
> BAT3 5 5 7 5 9 5 11 5 5 7 11 7 5 9 11 9 5 11 7 11 9 11 11 11
< RES 4190 24 1
> REQ 4190 25 1
> VAMPIRE 1 1 1 3 1 2 0
> VAMPIRE 4 2 5 3 1 2 0
> VAMPIRE 2 15 11 3 0 2 0
> VAMPIRE 3 5 14 3 1 2 0
> GRENADE 2 14 9 4 2
> BAT1 12 1 14 1 1 2 1 3 13 3 3 5 13 5 3 7 7 7 9 7 13 7 7 9 9 9 15 12 5 13 7 13 3 15
> BAT2 13 1 3 3 5 3 7 3 9 3 11 3 3 9 13 9 3 11 13 11 3 13 9 13 11 13 13 13 15 13
> BAT3 5 5 7 5 9 5 11 5 5 7 11 7 5 9 11 9 5 11 7 11 9 11 11 11
< RES 4190 25 1
> REQ 4190 26 1
> VAMPIRE 1 1 1 3 1 2 0
> VAMPIRE 4 1 4 3 0 2 0
> VAMPIRE 2 15 11 3 0 2 0
> VAMPIRE 3 4 15 3 0 2 0
> GRENADE 2 14 9 3 2
> GRENADE 3 5 14 5 2
> GRENADE 4 2 5 5 2
> BAT1 12 1 14 1 1 2 1 3 13 3 3 5 13 5 3 7 7 7 9 7 13 7 7 9 9 9 15 12 5 13 7 13 3 15
> BAT2 13 1 3 3 5 3 7 3 9 3 11 3 3 9 13 9 3 11 13 11 3 13 9 13 11 13 13 13 15 13
> BAT3 5 5 7 5 9 5 11 5 5 7 11 7 5 9 11 9 5 11 7 11 9 11 11 11
< RES 4190 26 1
> REQ 4190 27 1
> VAMPIRE 1 1 1 3 1 2 0
> VAMPIRE 4 1 4 3 0 2 0
> VAMPIRE 2 15 11 3 0 2 0
> VAMPIRE 3 4 15 3 0 2 0
> GRENADE 2 14 9 2 2
> GRENADE 3 5 14 4 2
> GRENADE 4 2 5 4 2
> BAT1 12 1 14 1 1 2 1 3 13 3 3 5 13 5 3 7 7 7 9 7 13 7 7 9 9 9 15 12 5 13 7 13 3 15
> BAT2 13 1 3 3 5 3 7 3 9 3 11 3 3 9 13 9 3 11 13 11 3 13 9 13 11 13 13 13 15 13
> BAT3 5 5 7 5 9 5 11 5 5 7 11 7 5 9 11 9 5 11 7 11 9 11 11 11
< RES 4190 27 1
> REQ 4190 28 1
> VAMPIRE 1 1 1 3 1 2 0
> VAMPIRE 4 1 4 3 0 2 0
> VAMPIRE 2 15 11 3 0 2 0
> VAMPIRE 3 4 15 3 0 2 0
> GRENADE 2 14 9 1 2
> GRENADE 3 5 14 3 2
> GRENADE 4 2 5 3 2
> BAT1 12 1 14 1 1 2 1 3 13 3 3 5 13 5 3 7 7 7 9 7 13 7 7 9 9 9 15 12 5 13 7 13 3 15
> BAT2 13 1 3 3 5 3 7 3 9 3 11 3 3 9 13 9 3 11 13 11 3 13 9 13 11 13 13 13 15 13
> BAT3 5 5 7 5 9 5 11 5 5 7 11 7 5 9 11 9 5 11 7 11 9 11 11 11
< RES 4190 28 1
> REQ 4190 29 1
> VAMPIRE 1 1 1 3 1 2 0
> VAMPIRE 4 1 4 3 0 2 0
> VAMPIRE 2 15 11 3 1 2 0
> VAMPIRE 3 4 15 3 0 2 0
> GRENADE 3 5 14 2 2
> GRENADE 4 2 5 2 2
> BAT1 12 1 14 1 1 2 1 3 13 3 3 5 13 5 3 7 7 7 9 7 13 7 7 9 9 9 13 9 15 12 5 13 7 13 3 15
> BAT2 13 1 3 3 5 3 7 3 9 3 11 3 3 9 3 11 13 11 3 13 9 13 11 13 13 13 15 13
> BAT3 5 5 7 5 9 5 11 5 5 7 11 7 5 9 11 9 5 11 7 11 9 11 11 11
< RES 4190 29 1
> REQ 4190 30 1
> VAMPIRE 1 1 1 3 1 2 0
> VAMPIRE 4 1 4 3 0 2 0
> VAMPIRE 2 15 10 3 0 2 0
> VAMPIRE 3 4 15 3 0 2 0
> GRENADE 3 5 14 1 2
> GRENADE 4 2 5 1 2
> GRENADE 2 15 11 5 2
> BAT1 12 1 14 1 1 2 1 3 13 3 3 5 13 5 3 7 7 7 9 7 13 7 7 9 9 9 13 9 15 12 5 13 7 13 3 15
> BAT2 13 1 3 3 5 3 7 3 9 3 11 3 3 9 3 11 13 11 3 13 9 13 11 13 13 13 15 13
> BAT3 5 5 7 5 9 5 11 5 5 7 11 7 5 9 11 9 5 11 7 11 9 11 11 11
< RES 4190 30 1
> REQ 4190 31 1
> VAMPIRE 1 1 1 3 1 2 0
> VAMPIRE 4 1 4 3 1 2 0
> VAMPIRE 2 14 9 3 0 2 0
> VAMPIRE 3 4 15 3 1 2 0
> GRENADE 2 15 11 4 2
> BAT1 12 1 14 1 1 2 1 3 13 3 13 5 3 7 7 7 9 7 13 7 7 9 9 9 13 9 15 12 7 13 3 15
> BAT2 13 1 3 3 5 3 7 3 9 3 11 3 3 9 3 11 13 11 3 13 9 13 11 13 13 13 15 13
> BAT3 5 5 7 5 9 5 11 5 5 7 11 7 5 9 11 9 5 11 7 11 9 11 11 11
< RES 4190 31 1
> REQ 4190 32 1
> VAMPIRE 1 1 1 3 1 2 0
> VAMPIRE 4 1 5 3 1 2 0
> VAMPIRE 2 14 9 3 0 2 0
> VAMPIRE 3 5 14 3 0 2 0
> GRENADE 2 15 11 3 2
> GRENADE 3 4 15 5 2
> BAT1 12 1 14 1 1 2 1 3 13 3 13 5 3 7 7 7 9 7 13 7 7 9 9 9 13 9 15 12 7 13 3 15
> BAT2 13 1 3 3 5 3 7 3 9 3 11 3 3 9 3 11 13 11 3 13 9 13 11 13 13 13 15 13
> BAT3 5 5 7 5 9 5 11 5 5 7 11 7 5 9 11 9 5 11 7 11 9 11 11 11
< RES 4190 32 1
> REQ 4190 33 1
> VAMPIRE 1 1 1 3 1 2 0
> VAMPIRE 4 3 5 3 1 2 0
> VAMPIRE 2 14 9 3 0 2 0
> VAMPIRE 3 4 13 3 0 2 0
> GRENADE 2 15 11 2 2
> GRENADE 3 4 15 4 2
> BAT1 12 1 14 1 1 2 1 3 13 3 13 5 3 7 7 7 9 7 13 7 7 9 9 9 13 9 15 12 7 13 3 15
> BAT2 13 1 3 3 5 3 7 3 9 3 11 3 3 9 3 11 13 11 3 13 9 13 11 13 13 13 15 13
> BAT3 5 5 7 5 9 5 11 5 5 7 11 7 5 9 11 9 5 11 7 11 9 11 11 11
< RES 4190 33 1
> REQ 4190 34 1
> VAMPIRE 1 1 1 3 1 2 0
> VAMPIRE 4 1 5 3 0 2 0
> VAMPIRE 2 14 9 3 0 2 0
> VAMPIRE 3 4 13 3 0 2 0
> GRENADE 2 15 11 1 2
> GRENADE 3 4 15 3 2
> GRENADE 4 3 5 5 2
> BAT1 12 1 14 1 1 2 1 3 13 3 13 5 3 7 7 7 9 7 13 7 7 9 9 9 13 9 15 12 7 13 3 15
> BAT2 13 1 3 3 5 3 7 3 9 3 11 3 3 9 3 11 13 11 3 13 9 13 11 13 13 13 15 13
> BAT3 5 5 7 5 9 5 11 5 5 7 11 7 5 9 11 9 5 11 7 11 9 11 11 11
< RES 4190 34 1
> REQ 4190 35 1
> VAMPIRE 1 1 1 3 1 2 0
> VAMPIRE 4 1 4 3 0 2 0
> VAMPIRE 2 14 9 3 1 2 0
> VAMPIRE 3 4 13 3 0 2 0
> GRENADE 3 4 15 2 2
> GRENADE 4 3 5 4 2
> BAT1 12 1 14 1 1 2 1 3 13 3 13 5 3 7 7 7 9 7 13 7 7 9 9 9 13 9 13 11 7 13 3 15
> BAT2 13 1 3 3 5 3 7 3 9 3 11 3 3 9 3 11 3 13 9 13 11 13 13 13 15 13
> BAT3 5 5 7 5 9 5 11 5 5 7 11 7 5 9 11 9 5 11 7 11 9 11 11 11
< RES 4190 35 1
> REQ 4190 36 1
> VAMPIRE 1 1 1 3 1 2 0
> VAMPIRE 4 1 4 3 0 2 0
> VAMPIRE 2 15 10 3 0 2 0
> VAMPIRE 3 4 13 3 0 2 0
> GRENADE 3 4 15 1 2
> GRENADE 4 3 5 3 2
> GRENADE 2 14 9 5 2
> BAT1 12 1 14 1 1 2 1 3 13 3 13 5 3 7 7 7 9 7 13 7 7 9 9 9 13 9 13 11 7 13 3 15
> BAT2 13 1 3 3 5 3 7 3 9 3 11 3 3 9 3 11 3 13 9 13 11 13 13 13 15 13
> BAT3 5 5 7 5 9 5 11 5 5 7 11 7 5 9 11 9 5 11 7 11 9 11 11 11
< RES 4190 36 1
> REQ 4190 37 1
> VAMPIRE 1 1 1 3 1 2 0
> VAMPIRE 4 1 4 3 0 2 0
> VAMPIRE 2 15 10 3 0 2 0
> VAMPIRE 3 4 13 3 1 2 0
> GRENADE 4 3 5 2 2
> GRENADE 2 14 9 4 2
> BAT1 12 1 14 1 1 2 1 3 13 3 13 5 3 7 7 7 9 7 13 7 7 9 9 9 13 9 13 11 7 13
> BAT2 13 1 3 3 5 3 7 3 9 3 11 3 3 9 3 11 3 13 9 13 11 13 13 13 15 13
> BAT3 5 5 7 5 9 5 11 5 5 7 11 7 5 9 11 9 5 11 7 11 9 11 11 11
< RES 4190 37 1
> REQ 4190 38 1
> VAMPIRE 1 1 1 3 1 2 0
> VAMPIRE 4 1 4 3 0 2 0
> VAMPIRE 2 15 10 3 0 2 0
> VAMPIRE 3 5 13 3 1 2 0
> GRENADE 4 3 5 1 2
> GRENADE 2 14 9 3 2
> BAT1 12 1 14 1 1 2 1 3 13 3 13 5 3 7 7 7 9 7 13 7 7 9 9 9 13 9 13 11 7 13
> BAT2 13 1 3 3 5 3 7 3 9 3 11 3 3 9 3 11 3 13 9 13 11 13 13 13 15 13
> BAT3 5 5 7 5 9 5 11 5 5 7 11 7 5 9 11 9 5 11 7 11 9 11 11 11
< RES 4190 38 1
> REQ 4190 39 1
> VAMPIRE 1 1 1 3 1 2 0
> VAMPIRE 4 1 4 3 1 2 0
> VAMPIRE 2 15 10 3 0 2 0
> VAMPIRE 3 5 15 3 0 2 0
> GRENADE 2 14 9 2 2
> GRENADE 3 5 13 5 2
> BAT1 12 1 14 1 1 2 1 3 3 3 13 3 13 5 7 7 9 7 13 7 7 9 9 9 13 9 13 11 7 13
> BAT2 13 1 5 3 7 3 9 3 11 3 5 5 3 9 3 11 3 13 9 13 11 13 13 13 15 13
> BAT3 7 5 9 5 11 5 5 7 11 7 5 9 11 9 5 11 7 11 9 11 11 11
< RES 4190 39 1
> REQ 4190 40 1
> VAMPIRE 1 1 1 3 1 2 0
> VAMPIRE 4 2 5 3 0 2 0
> VAMPIRE 2 15 10 3 0 2 0
> VAMPIRE 3 3 15 3 0 2 0
> GRENADE 2 14 9 1 2
> GRENADE 3 5 13 4 2
> GRENADE 4 1 4 5 2
> BAT1 12 1 14 1 1 2 1 3 3 3 13 3 13 5 7 7 9 7 13 7 7 9 9 9 13 9 13 11 7 13
> BAT2 13 1 5 3 7 3 9 3 11 3 5 5 3 9 3 11 3 13 9 13 11 13 13 13 15 13
> BAT3 7 5 9 5 11 5 5 7 11 7 5 9 11 9 5 11 7 11 9 11 11 11
< RES 4190 40 1
> REQ 4190 41 1
> VAMPIRE 1 1 1 3 1 2 0
> VAMPIRE 4 2 5 3 0 2 0
> VAMPIRE 2 15 10 3 1 2 0
> VAMPIRE 3 1 15 3 0 2 0
> GRENADE 3 5 13 3 2
> GRENADE 4 1 4 4 2
> BAT1 12 1 14 1 1 2 1 3 3 3 13 3 13 5 7 7 9 7 13 7 7 9 9 9 13 11 7 13
> BAT2 13 1 5 3 7 3 9 3 11 3 5 5 3 9 3 11 3 13 9 13 11 13 13 13 15 13
> BAT3 7 5 9 5 11 5 5 7 11 7 5 9 11 9 5 11 7 11 9 11 11 11
< RES 4190 41 1
> REQ 4190 42 1
> VAMPIRE 1 1 1 3 1 2 0
> VAMPIRE 4 2 5 3 0 2 0
> VAMPIRE 2 14 9 3 1 2 0
> VAMPIRE 3 1 13 3 0 2 0
> GRENADE 3 5 13 2 2
> GRENADE 4 1 4 3 2
> BAT1 12 1 14 1 1 2 1 3 3 3 13 3 13 5 7 7 9 7 13 7 7 9 9 9 13 11 7 13
> BAT2 13 1 5 3 7 3 9 3 11 3 5 5 3 9 3 11 3 13 9 13 11 13 13 13 15 13
> BAT3 7 5 9 5 11 5 5 7 11 7 5 9 11 9 5 11 7 11 9 11 11 11
< RES 4190 42 1
> REQ 4190 43 1
> VAMPIRE 1 1 1 3 1 2 0
> VAMPIRE 4 2 5 3 0 2 0
> VAMPIRE 2 13 9 3 1 2 0
> VAMPIRE 3 1 11 3 0 2 0
> GRENADE 3 5 13 1 2
> GRENADE 4 1 4 2 2
> BAT1 12 1 14 1 1 2 1 3 3 3 13 3 13 5 7 7 9 7 13 7 7 9 9 9 13 11 7 13
> BAT2 13 1 5 3 7 3 9 3 11 3 5 5 3 9 3 11 3 13 9 13 11 13 13 13 15 13
> BAT3 7 5 9 5 11 5 5 7 11 7 5 9 11 9 5 11 7 11 9 11 11 11
< RES 4190 43 1
> REQ 4190 44 1
> VAMPIRE 1 1 1 3 1 2 0
> VAMPIRE 4 2 5 3 0 2 0
> VAMPIRE 2 14 9 3 0 2 0
> VAMPIRE 3 1 9 3 1 2 0
> GRENADE 4 1 4 1 2
> GRENADE 2 13 9 5 2
> BAT1 12 1 14 1 1 2 1 3 3 3 13 3 13 5 7 7 9 7 13 7 7 9 9 9 13 11 3 13
> BAT2 13 1 5 3 7 3 9 3 11 3 5 5 3 9 3 11 5 11 9 13 11 13 13 13 15 13
> BAT3 7 5 9 5 11 5 5 7 11 7 5 9 11 9 7 11 9 11 11 11
< RES 4190 44 1
> REQ 4190 45 1
> VAMPIRE 1 1 1 3 1 2 0
> VAMPIRE 4 2 5 3 1 2 0
> VAMPIRE 2 15 10 3 0 2 0
> VAMPIRE 3 2 9 3 1 2 0
> GRENADE 2 13 9 4 2
> BAT1 12 1 14 1 1 2 3 3 13 3 13 5 7 7 9 7 13 7 7 9 9 9 13 11 3 13
> BAT2 13 1 5 3 7 3 9 3 11 3 5 5 3 9 3 11 5 11 9 13 11 13 13 13 15 13
> BAT3 7 5 9 5 11 5 5 7 11 7 5 9 11 9 7 11 9 11 11 11
< RES 4190 45 1
> REQ 4190 46 1
> VAMPIRE 1 1 1 3 1 2 0
> VAMPIRE 4 3 5 3 1 2 0
> VAMPIRE 2 14 11 3 0 2 0
> VAMPIRE 3 1 8 3 0 2 0
> GRENADE 2 13 9 3 2
> GRENADE 3 2 9 5 2
> BAT1 12 1 14 1 1 2 3 3 13 3 13 5 7 7 9 7 13 7 7 9 9 9 13 11 3 13
> BAT2 13 1 5 3 7 3 9 3 11 3 5 5 3 9 3 11 5 11 9 13 11 13 13 13 15 13
> BAT3 7 5 9 5 11 5 5 7 11 7 5 9 11 9 7 11 9 11 11 11
< RES 4190 46 1
> REQ 4190 47 1
> VAMPIRE 1 1 1 3 1 2 0
> VAMPIRE 4 1 5 3 0 2 0
> VAMPIRE 2 14 11 3 0 2 0
> VAMPIRE 3 2 7 3 0 2 0
> GRENADE 2 13 9 2 2
> GRENADE 3 2 9 4 2
> GRENADE 4 3 5 5 2
> BAT1 12 1 14 1 1 2 3 3 13 3 13 5 7 7 9 7 13 7 7 9 9 9 13 11 3 13
> BAT2 13 1 5 3 7 3 9 3 11 3 5 5 3 9 3 11 5 11 9 13 11 13 13 13 15 13
> BAT3 7 5 9 5 11 5 5 7 11 7 5 9 11 9 7 11 9 11 11 11
< RES 4190 47 1
> REQ 4190 48 1
> VAMPIRE 1 1 1 3 1 2 0
> VAMPIRE 4 1 3 3 0 2 0
> VAMPIRE 2 14 11 3 0 2 0
> VAMPIRE 3 1 6 3 0 2 0
> GRENADE 2 13 9 1 2
> GRENADE 3 2 9 3 2
> GRENADE 4 3 5 4 2
> BAT1 12 1 14 1 1 2 3 3 13 3 13 5 7 7 9 7 13 7 7 9 9 9 13 11 3 13
> BAT2 13 1 5 3 7 3 9 3 11 3 5 5 3 9 3 11 5 11 9 13 11 13 13 13 15 13
> BAT3 7 5 9 5 11 5 5 7 11 7 5 9 11 9 7 11 9 11 11 11
< RES 4190 48 1
> REQ 4190 49 1
> VAMPIRE 1 1 1 3 1 2 0
> VAMPIRE 4 1 3 3 0 2 0
> VAMPIRE 2 14 11 3 1 2 0
> VAMPIRE 3 1 4 3 0 2 0
> GRENADE 3 2 9 2 2
> GRENADE 4 3 5 3 2
> BAT1 12 1 14 1 1 2 3 3 13 3 13 5 7 7 9 7 7 9 9 9 3 13
> BAT2 13 1 5 3 7 3 9 3 11 3 5 5 3 9 11 9 3 11 5 11 9 13 11 13 13 13 15 13
> BAT3 7 5 9 5 11 5 5 7 11 7 5 9 7 11 9 11 11 11
< RES 4190 49 1
> REQ 4190 50 1
> VAMPIRE 1 1 1 3 1 2 0
> VAMPIRE 4 1 3 3 0 2 0
> VAMPIRE 2 13 11 3 1 2 0
> VAMPIRE 3 1 3 3 0 2 0
> GRENADE 3 2 9 1 2
> GRENADE 4 3 5 2 2
> BAT1 12 1 14 1 1 2 3 3 13 3 13 5 7 7 9 7 7 9 9 9 3 13
> BAT2 13 1 5 3 7 3 9 3 11 3 5 5 3 9 11 9 3 11 5 11 9 13 11 13 13 13 15 13
> BAT3 7 5 9 5 11 5 5 7 11 7 5 9 7 11 9 11 11 11
< RES 4190 50 1
> REQ 4190 51 1
> VAMPIRE 1 1 1 3 1 2 0
> VAMPIRE 4 1 3 3 0 2 0
> VAMPIRE 2 13 10 3 0 2 0
> VAMPIRE 3 1 4 3 1 2 0
> GRENADE 4 3 5 1 2
> GRENADE 2 13 11 5 2
> BAT1 12 1 14 1 1 2 3 3 13 3 13 5 7 7 9 7 3 9 7 9 9 9 3 13
> BAT2 13 1 5 3 7 3 9 3 11 3 5 5 11 9 3 11 5 11 9 13 11 13 13 13 15 13
> BAT3 7 5 9 5 11 5 5 7 11 7 5 9 7 11 9 11 11 11
< RES 4190 51 1
> REQ 4190 52 1
> VAMPIRE 1 1 1 3 1 2 0
> VAMPIRE 4 1 3 3 1 2 0
> VAMPIRE 2 12 9 3 0 2 0
> VAMPIRE 3 2 3 3 0 2 0
> GRENADE 2 13 11 4 2
> GRENADE 3 1 4 5 2
> BAT1 12 1 14 1 1 2 13 3 5 5 13 5 7 7 9 7 3 9 7 9 9 9 3 13
> BAT2 13 1 5 3 7 3 9 3 11 3 11 9 3 11 5 11 9 13 11 13 13 13 15 13
> BAT3 7 5 9 5 11 5 5 7 11 7 5 9 7 11 9 11 11 11
< RES 4190 52 1
> REQ 4190 53 1
> VAMPIRE 1 1 1 3 1 2 0
> VAMPIRE 4 3 3 3 0 2 0
> VAMPIRE 2 12 9 3 0 2 0
> VAMPIRE 3 2 3 3 0 2 0
> GRENADE 2 13 11 3 2
> GRENADE 3 1 4 4 2
> GRENADE 4 1 3 5 2
> BAT1 12 1 14 1 1 2 13 3 5 5 13 5 7 7 9 7 3 9 7 9 9 9 3 13
> BAT2 13 1 5 3 7 3 9 3 11 3 11 9 3 11 5 11 9 13 11 13 13 13 15 13
> BAT3 7 5 9 5 11 5 5 7 11 7 5 9 7 11 9 11 11 11
< RES 4190 53 1
> REQ 4190 54 1
> VAMPIRE 1 1 1 3 1 2 0
> VAMPIRE 4 3 1 3 0 2 0
> VAMPIRE 2 12 9 3 0 2 0
> VAMPIRE 3 3 4 3 0 2 0
> GRENADE 2 13 11 2 2
> GRENADE 3 1 4 3 2
> GRENADE 4 1 3 4 2
> BAT1 12 1 14 1 1 2 13 3 5 5 13 5 7 7 9 7 3 9 7 9 9 9 3 13
> BAT2 13 1 5 3 7 3 9 3 11 3 11 9 3 11 5 11 9 13 11 13 13 13 15 13
> BAT3 7 5 9 5 11 5 5 7 11 7 5 9 7 11 9 11 11 11
< RES 4190 54 1
> REQ 4190 55 1
> VAMPIRE 1 1 1 3 1 2 0
> VAMPIRE 4 1 1 3 0 2 0
> VAMPIRE 2 12 9 3 0 2 0
> VAMPIRE 3 3 2 3 0 2 0
> GRENADE 2 13 11 1 2
> GRENADE 3 1 4 2 2
> GRENADE 4 1 3 3 2
> BAT1 12 1 14 1 1 2 13 3 5 5 13 5 7 7 9 7 3 9 7 9 9 9 3 13
> BAT2 13 1 5 3 7 3 9 3 11 3 11 9 3 11 5 11 9 13 11 13 13 13 15 13
> BAT3 7 5 9 5 11 5 5 7 11 7 5 9 7 11 9 11 11 11
< RES 4190 55 1
> REQ 4190 56 1
> VAMPIRE 1 1 1 3 1 2 0
> VAMPIRE 4 3 1 3 0 2 0
> VAMPIRE 2 12 9 3 1 2 0
> VAMPIRE 3 2 1 3 0 2 0
> GRENADE 3 1 4 1 2
> GRENADE 4 1 3 2 2
> POWERUP TOMATO -5 6 11
> POWERUP TOMATO -5 10 5
> BAT1 12 1 14 1 1 2 13 3 5 5 13 5 7 7 9 7 3 9 7 9 9 9 3 13 13 13
> BAT2 13 1 5 3 7 3 9 3 11 3 11 9 3 11 5 11 11 11 9 13 11 13 15 13
> BAT3 7 5 9 5 11 5 5 7 11 7 5 9 7 11 9 11
< RES 4190 56 1
> REQ 4190 57 1
> VAMPIRE 1 1 1 3 1 2 0
> VAMPIRE 4 5 1 3 1 2 0
> VAMPIRE 2 13 10 3 0 2 0
> VAMPIRE 3 1 1 3 1 2 0
> GRENADE 2 12 9 5 2
> POWERUP TOMATO -4 6 11
> POWERUP TOMATO -4 10 5
> BAT1 12 1 14 1 13 3 5 5 13 5 7 7 9 7 3 9 7 9 9 9 3 13 13 13
> BAT2 13 1 5 3 7 3 9 3 11 3 11 9 3 11 5 11 11 11 9 13 11 13 15 13
> BAT3 7 5 9 5 11 5 5 7 11 7 5 9 7 11 9 11
< RES 4190 57 1
< MOVE R
> REQ 4190 58 1
> VAMPIRE 1 1 2 3 1 2 0
> VAMPIRE 4 3 1 3 1 2 0
> VAMPIRE 2 13 10 3 0 2 0
> VAMPIRE 3 3 1 3 1 2 0
> GRENADE 2 12 9 4 2
> POWERUP TOMATO -3 6 11
> POWERUP TOMATO -3 10 5
> BAT1 12 1 14 1 13 3 5 5 13 5 7 7 9 7 3 9 7 9 9 9 3 13 13 13
> BAT2 13 1 5 3 7 3 9 3 11 3 11 9 3 11 5 11 11 11 9 13 11 13 15 13
> BAT3 7 5 9 5 11 5 5 7 11 7 5 9 7 11 9 11
< RES 4190 58 1
< MOVE R R
> REQ 4190 59 1
> VAMPIRE 1 1 4 3 1 2 0
> VAMPIRE 4 1 1 3 1 2 0
> VAMPIRE 2 13 10 3 0 2 0
> VAMPIRE 3 1 1 3 1 2 0
> GRENADE 2 12 9 3 2
> POWERUP TOMATO -2 6 11
> POWERUP TOMATO -2 10 5
> BAT1 12 1 14 1 13 3 5 5 13 5 7 7 9 7 3 9 7 9 9 9 3 13 13 13
> BAT2 13 1 5 3 7 3 9 3 11 3 11 9 3 11 5 11 11 11 9 13 11 13 15 13
> BAT3 7 5 9 5 11 5 5 7 11 7 5 9 7 11 9 11
< RES 4190 59 1
< MOVE R R
> REQ 4190 60 1
> VAMPIRE 1 1 6 3 1 2 0
> VAMPIRE 4 1 2 3 1 2 0
> VAMPIRE 2 13 10 3 0 2 0
> VAMPIRE 3 1 2 3 1 2 0
> GRENADE 2 12 9 2 2
> POWERUP TOMATO -1 6 11
> POWERUP TOMATO -1 10 5
> BAT1 12 1 14 1 13 3 5 5 13 5 7 7 9 7 3 9 7 9 9 9 3 13 13 13
> BAT2 13 1 5 3 7 3 9 3 11 3 11 9 3 11 5 11 11 11 9 13 11 13 15 13
> BAT3 7 5 9 5 11 5 5 7 11 7 5 9 7 11 9 11
< RES 4190 60 1
< MOVE R R
> REQ 4190 61 1
> VAMPIRE 1 1 8 3 1 2 0
> VAMPIRE 4 1 4 3 1 2 0
> VAMPIRE 2 13 10 3 0 2 0
> VAMPIRE 3 1 4 3 1 2 0
> GRENADE 2 12 9 1 2
> POWERUP TOMATO 12 6 11
> POWERUP TOMATO 12 10 5
> BAT1 12 1 14 1 13 3 5 5 13 5 7 7 9 7 3 9 7 9 9 9 3 13 13 13
> BAT2 13 1 5 3 7 3 9 3 11 3 11 9 3 11 5 11 11 11 9 13 11 13 15 13
> BAT3 7 5 9 5 11 5 5 7 11 7 5 9 7 11 9 11
< RES 4190 61 1
< MOVE R R
> REQ 4190 62 1
> VAMPIRE 1 1 10 3 1 2 0
> VAMPIRE 4 1 6 3 1 2 0
> VAMPIRE 2 13 10 3 1 2 0
> VAMPIRE 3 1 6 3 1 2 0
> POWERUP TOMATO 11 6 11
> POWERUP TOMATO 11 10 5
> BAT1 12 1 14 1 13 3 5 5 13 5 7 7 9 7 3 9 7 9 9 9 11 9 3 13 13 13
> BAT2 13 1 5 3 7 3 9 3 11 3 3 11 5 11 11 11 9 13 11 13 15 13
> BAT3 7 5 9 5 11 5 5 7 11 7 5 9 7 11 9 11
< RES 4190 62 1
< MOVE R R
> REQ 4190 63 1
> VAMPIRE 1 1 12 3 1 2 0
> VAMPIRE 4 1 8 3 1 2 0
> VAMPIRE 2 13 11 3 1 2 0
> VAMPIRE 3 1 8 3 1 2 0
> POWERUP TOMATO 10 6 11
> POWERUP TOMATO 10 10 5
> BAT1 12 1 14 1 13 3 5 5 13 5 7 7 9 7 3 9 7 9 9 9 11 9 3 13 13 13
> BAT2 13 1 5 3 7 3 9 3 11 3 3 11 5 11 11 11 9 13 11 13 15 13
> BAT3 7 5 9 5 11 5 5 7 11 7 5 9 7 11 9 11
< RES 4190 63 1
< MOVE R R
> REQ 4190 64 1
> VAMPIRE 1 1 14 3 1 2 0
> VAMPIRE 4 1 10 3 1 2 0
> VAMPIRE 2 13 10 3 0 2 0
> VAMPIRE 3 1 10 3 1 2 0
> GRENADE 2 13 11 5 2
> POWERUP TOMATO 9 6 11
> POWERUP TOMATO 9 10 5
> BAT1 12 1 14 1 13 3 5 5 13 5 7 7 9 7 3 9 7 9 9 9 11 9 3 13 13 13
> BAT2 13 1 5 3 7 3 9 3 11 3 3 11 5 11 11 11 9 13 11 13 15 13
> BAT3 7 5 9 5 11 5 5 7 11 7 5 9 7 11 9 11
< RES 4190 64 1
< MOVE R D
> REQ 4190 65 1
> VAMPIRE 1 2 15 3 1 2 0
> VAMPIRE 4 1 12 3 1 2 0
> VAMPIRE 2 12 9 3 0 2 0
> VAMPIRE 3 1 12 3 1 2 0
> GRENADE 2 13 11 4 2
> POWERUP TOMATO 8 6 11
> POWERUP TOMATO 8 10 5
> BAT1 12 1 14 1 13 3 5 5 13 5 7 7 9 7 3 9 7 9 9 9 11 9 3 13 13 13
> BAT2 13 1 5 3 7 3 9 3 11 3 3 11 5 11 11 11 9 13 11 13 15 13
> BAT3 7 5 9 5 11 5 5 7 11 7 5 9 7 11 9 11
< RES 4190 65 1
< MOVE D D
> REQ 4190 66 1
> VAMPIRE 1 4 15 3 1 2 0
> VAMPIRE 4 1 13 3 1 2 0
> VAMPIRE 2 12 9 3 0 2 0
> VAMPIRE 3 1 13 3 1 2 0
> GRENADE 2 13 11 3 2
> POWERUP TOMATO 7 6 11
> POWERUP TOMATO 7 10 5
> BAT1 12 1 14 1 13 3 5 5 13 5 7 7 9 7 3 9 7 9 9 9 11 9 3 13 13 13
> BAT2 13 1 5 3 7 3 9 3 11 3 3 11 5 11 11 11 9 13 11 13 15 13
> BAT3 7 5 9 5 11 5 5 7 11 7 5 9 7 11 9 11
< RES 4190 66 1
< MOVE D L
> REQ 4190 67 1
> VAMPIRE 1 5 14 3 1 2 0
> VAMPIRE 4 2 13 3 1 2 0
> VAMPIRE 2 12 9 3 0 2 0
> VAMPIRE 3 2 13 3 1 2 0
> GRENADE 2 13 11 2 2
> POWERUP TOMATO 6 6 11
> POWERUP TOMATO 6 10 5
> BAT1 12 1 14 1 13 3 5 5 13 5 7 7 9 7 3 9 7 9 9 9 11 9 3 13 13 13
> BAT2 13 1 5 3 7 3 9 3 11 3 3 11 5 11 11 11 9 13 11 13 15 13
> BAT3 7 5 9 5 11 5 5 7 11 7 5 9 7 11 9 11
< RES 4190 67 1
< MOVE L L
> REQ 4190 68 1
> VAMPIRE 1 5 12 3 1 2 0
> VAMPIRE 4 1 13 3 1 2 0
> VAMPIRE 2 12 9 3 0 2 0
> VAMPIRE 3 1 13 3 1 2 0
> GRENADE 2 13 11 1 2
> POWERUP TOMATO 5 6 11
> POWERUP TOMATO 5 10 5
> BAT1 12 1 14 1 13 3 5 5 13 5 7 7 9 7 3 9 7 9 9 9 11 9 3 13 13 13
> BAT2 13 1 5 3 7 3 9 3 11 3 3 11 5 11 11 11 9 13 11 13 15 13
> BAT3 7 5 9 5 11 5 5 7 11 7 5 9 7 11 9 11
< RES 4190 68 1
> REQ 4190 69 1
> VAMPIRE 1 5 12 3 1 2 0
> VAMPIRE 4 2 13 3 1 2 0
> VAMPIRE 2 12 9 3 1 2 0
> VAMPIRE 3 2 13 3 1 2 0
> POWERUP TOMATO 4 6 11
> POWERUP TOMATO 4 10 5
> BAT1 12 1 14 1 13 3 5 5 13 5 7 7 9 7 3 9 7 9 9 9 11 9 11 11 3 13
> BAT2 13 1 5 3 7 3 9 3 11 3 3 11 5 11 9 13 11 13 15 13
> BAT3 7 5 9 5 11 5 5 7 11 7 5 9 7 11 9 11
< RES 4190 69 1
> REQ 4190 70 1
> VAMPIRE 1 5 12 3 1 2 0
> VAMPIRE 4 1 13 3 1 2 0
> VAMPIRE 2 13 10 3 0 2 0
> VAMPIRE 3 1 13 3 1 2 0
> GRENADE 2 12 9 5 2
> POWERUP TOMATO 3 6 11
> POWERUP TOMATO 3 10 5
> BAT1 12 1 14 1 13 3 5 5 13 5 7 7 9 7 3 9 7 9 9 9 11 9 11 11 3 13
> BAT2 13 1 5 3 7 3 9 3 11 3 3 11 5 11 9 13 11 13 15 13
> BAT3 7 5 9 5 11 5 5 7 11 7 5 9 7 11 9 11
< RES 4190 70 1
> REQ 4190 71 1
> VAMPIRE 1 5 12 3 1 2 0
> VAMPIRE 4 2 13 3 1 2 0
> VAMPIRE 2 13 10 3 0 2 0
> VAMPIRE 3 2 13 3 1 2 0
> GRENADE 2 12 9 4 2
> POWERUP TOMATO 2 6 11
> POWERUP TOMATO 2 10 5
> BAT1 12 1 14 1 13 3 5 5 13 5 7 7 9 7 3 9 7 9 9 9 11 9 11 11 3 13
> BAT2 13 1 5 3 7 3 9 3 11 3 3 11 5 11 9 13 11 13 15 13
> BAT3 7 5 9 5 11 5 5 7 11 7 5 9 7 11 9 11
< RES 4190 71 1
> REQ 4190 72 1
> VAMPIRE 1 5 12 3 1 2 0
> VAMPIRE 4 1 13 3 1 2 0
> VAMPIRE 2 13 10 3 0 2 0
> VAMPIRE 3 1 13 3 1 2 0
> GRENADE 2 12 9 3 2
> POWERUP TOMATO 1 6 11
> POWERUP TOMATO 1 10 5
> BAT1 12 1 14 1 13 3 5 5 13 5 7 7 9 7 3 9 7 9 9 9 11 9 11 11 3 13
> BAT2 13 1 5 3 7 3 9 3 11 3 3 11 5 11 9 13 11 13 15 13
> BAT3 7 5 9 5 11 5 5 7 11 7 5 9 7 11 9 11
< RES 4190 72 1
> REQ 4190 73 1
> VAMPIRE 1 5 12 3 1 2 0
> VAMPIRE 4 2 13 3 1 2 0
> VAMPIRE 2 13 10 3 0 2 0
> VAMPIRE 3 2 13 3 1 2 0
> GRENADE 2 12 9 2 2
> BAT1 12 1 14 1 13 3 5 5 13 5 7 7 9 7 3 9 7 9 9 9 11 9 11 11 3 13
> BAT2 13 1 5 3 7 3 9 3 11 3 3 11 5 11 9 13 11 13 15 13
> BAT3 7 5 9 5 11 5 5 7 11 7 5 9 7 11 9 11
< RES 4190 73 1
> REQ 4190 74 1
> VAMPIRE 1 5 12 3 1 2 0
> VAMPIRE 4 1 13 3 1 2 0
> VAMPIRE 2 13 10 3 0 2 0
> VAMPIRE 3 1 13 3 1 2 0
> GRENADE 2 12 9 1 2
> BAT1 12 1 14 1 13 3 5 5 13 5 7 7 9 7 3 9 7 9 9 9 11 9 11 11 3 13
> BAT2 13 1 5 3 7 3 9 3 11 3 3 11 5 11 9 13 11 13 15 13
> BAT3 7 5 9 5 11 5 5 7 11 7 5 9 7 11 9 11
< RES 4190 74 1
> REQ 4190 75 1
> VAMPIRE 1 5 12 3 1 2 0
> VAMPIRE 4 2 13 3 1 2 0
> VAMPIRE 2 13 10 3 1 2 0
> VAMPIRE 3 2 13 3 1 2 0
> BAT1 12 1 14 1 13 3 5 5 13 5 7 7 9 7 3 9 7 9 9 9 11 11 3 13
> BAT2 13 1 5 3 7 3 9 3 11 3 3 11 5 11 9 13 11 13 15 13
> BAT3 7 5 9 5 11 5 5 7 11 7 5 9 7 11 9 11
< RES 4190 75 1
> REQ 4190 76 1
> VAMPIRE 1 5 12 3 1 2 0
> VAMPIRE 4 1 13 3 1 2 0
> VAMPIRE 2 12 9 3 1 2 0
> VAMPIRE 3 1 13 3 1 2 0
> BAT1 12 1 14 1 13 3 5 5 13 5 7 7 9 7 3 9 7 9 9 9 11 11 3 13
> BAT2 13 1 5 3 7 3 9 3 11 3 3 11 5 11 9 13 11 13 15 13
> BAT3 7 5 9 5 11 5 5 7 11 7 5 9 7 11 9 11
< RES 4190 76 1
> REQ 4190 77 1
> VAMPIRE 1 5 12 3 1 2 0
> VAMPIRE 4 2 13 3 1 2 0
> VAMPIRE 2 11 9 3 1 2 0
> VAMPIRE 3 2 13 3 1 2 0
> BAT1 12 1 14 1 13 3 5 5 13 5 7 7 9 7 3 9 7 9 9 9 11 11 3 13
> BAT2 13 1 5 3 7 3 9 3 11 3 3 11 5 11 9 13 11 13 15 13
> BAT3 7 5 9 5 11 5 5 7 11 7 5 9 7 11 9 11
< RES 4190 77 1
> REQ 4190 78 1
> VAMPIRE 1 5 12 3 1 2 0
> VAMPIRE 4 1 13 3 1 2 0
> VAMPIRE 2 12 9 3 0 2 0
> VAMPIRE 3 1 13 3 1 2 0
> GRENADE 2 11 9 5 2
> BAT1 12 1 14 1 13 3 5 5 13 5 7 7 9 7 3 9 7 9 9 9 11 11 3 13
> BAT2 13 1 5 3 7 3 9 3 11 3 3 11 5 11 9 13 11 13 15 13
> BAT3 7 5 9 5 11 5 5 7 11 7 5 9 7 11 9 11
< RES 4190 78 1
> REQ 4190 79 1
> VAMPIRE 1 5 12 3 1 2 0
> VAMPIRE 4 2 13 3 1 2 0
> VAMPIRE 2 13 10 3 0 2 0
> VAMPIRE 3 2 13 3 1 2 0
> GRENADE 2 11 9 4 2
> BAT1 12 1 14 1 13 3 5 5 13 5 7 7 9 7 3 9 7 9 9 9 11 11 3 13
> BAT2 13 1 5 3 7 3 9 3 11 3 3 11 5 11 9 13 11 13 15 13
> BAT3 7 5 9 5 11 5 5 7 11 7 5 9 7 11 9 11
< RES 4190 79 1
> REQ 4190 80 1
> VAMPIRE 1 5 12 3 1 2 0
> VAMPIRE 4 1 13 3 1 2 0
> VAMPIRE 2 12 11 3 0 2 0
> VAMPIRE 3 1 13 3 1 2 0
> GRENADE 2 11 9 3 2
> BAT1 12 1 14 1 13 3 5 5 13 5 7 7 9 7 3 9 7 9 9 9 11 11 3 13
> BAT2 13 1 5 3 7 3 9 3 11 3 3 11 5 11 9 13 11 13 15 13
> BAT3 7 5 9 5 11 5 5 7 11 7 5 9 7 11 9 11
< RES 4190 80 1
> REQ 4190 81 1
> VAMPIRE 1 5 12 3 1 2 0
> VAMPIRE 4 2 13 3 1 2 0
> VAMPIRE 2 12 11 3 0 2 0
> VAMPIRE 3 2 13 3 1 2 0
> GRENADE 2 11 9 2 2
> BAT1 12 1 14 1 13 3 5 5 13 5 7 7 9 7 3 9 7 9 9 9 11 11 3 13
> BAT2 13 1 5 3 7 3 9 3 11 3 3 11 5 11 9 13 11 13 15 13
> BAT3 7 5 9 5 11 5 5 7 11 7 5 9 7 11 9 11
< RES 4190 81 1
> REQ 4190 82 1
> VAMPIRE 1 5 12 3 1 2 0
> VAMPIRE 4 1 13 3 1 2 0
> VAMPIRE 2 12 11 3 0 2 0
> VAMPIRE 3 1 13 3 1 2 0
> GRENADE 2 11 9 1 2
> BAT1 12 1 14 1 13 3 5 5 13 5 7 7 9 7 3 9 7 9 9 9 11 11 3 13
> BAT2 13 1 5 3 7 3 9 3 11 3 3 11 5 11 9 13 11 13 15 13
> BAT3 7 5 9 5 11 5 5 7 11 7 5 9 7 11 9 11
< RES 4190 82 1
> REQ 4190 83 1
> VAMPIRE 1 5 12 3 1 2 0
> VAMPIRE 4 2 13 3 1 2 0
> VAMPIRE 2 12 11 3 1 2 0
> VAMPIRE 3 2 13 3 1 2 0
> POWERUP TOMATO -8 5 6
> POWERUP TOMATO -8 11 10
> BAT1 12 1 14 1 13 3 5 5 13 5 7 7 9 7 3 9 7 9 3 13
> BAT2 13 1 5 3 7 3 9 3 11 3 11 7 3 11 5 11 9 13 11 13 15 13
> BAT3 7 5 9 5 11 5 5 7 5 9 7 11 9 11
< RES 4190 83 1
< MOVE R R
> REQ 4190 84 1
> VAMPIRE 1 5 14 3 1 2 0
> VAMPIRE 4 1 13 3 1 2 0
> VAMPIRE 2 11 11 3 1 2 0
> VAMPIRE 3 1 13 3 1 2 0
> POWERUP TOMATO -7 5 6
> POWERUP TOMATO -7 11 10
> BAT1 12 1 14 1 13 3 5 5 13 5 7 7 9 7 3 9 7 9 3 13
> BAT2 13 1 5 3 7 3 9 3 11 3 11 7 3 11 5 11 9 13 11 13 15 13
> BAT3 7 5 9 5 11 5 5 7 5 9 7 11 9 11
< RES 4190 84 1
< MOVE R D
> REQ 4190 85 1
> VAMPIRE 1 6 15 3 1 2 0
> VAMPIRE 4 2 13 3 1 2 0
> VAMPIRE 2 11 10 3 0 2 0
> VAMPIRE 3 2 13 3 1 2 0
> GRENADE 2 11 11 5 2
> POWERUP TOMATO -6 5 6
> POWERUP TOMATO -6 11 10
> BAT1 12 1 14 1 13 3 5 5 13 5 7 7 9 7 3 9 7 9 3 13
> BAT2 13 1 5 3 7 3 9 3 11 3 11 7 3 11 5 11 9 13 11 13 15 13
> BAT3 7 5 9 5 11 5 5 7 5 9 7 11 9 11
< RES 4190 85 1
< MOVE D D
> REQ 4190 86 1
> VAMPIRE 1 8 15 3 1 2 0
> VAMPIRE 4 1 13 3 1 2 0
> VAMPIRE 2 10 9 3 0 2 0
> VAMPIRE 3 1 13 3 1 2 0
> GRENADE 2 11 11 4 2
> POWERUP TOMATO -5 5 6
> POWERUP TOMATO -5 11 10
> BAT1 12 1 14 1 13 3 5 5 13 5 7 7 9 7 3 9 7 9 3 13
> BAT2 13 1 5 3 7 3 9 3 11 3 11 7 3 11 5 11 9 13 11 13 15 13
> BAT3 7 5 9 5 11 5 5 7 5 9 7 11 9 11
< RES 4190 86 1
< MOVE D D
> REQ 4190 87 1
> VAMPIRE 1 10 15 3 1 2 0
> VAMPIRE 4 2 13 3 1 2 0
> VAMPIRE 2 8 9 3 0 2 0
> VAMPIRE 3 2 13 3 1 2 0
> GRENADE 2 11 11 3 2
> POWERUP TOMATO -4 5 6
> POWERUP TOMATO -4 11 10
> BAT1 12 1 14 1 13 3 5 5 13 5 7 7 9 7 3 9 7 9 3 13
> BAT2 13 1 5 3 7 3 9 3 11 3 11 7 3 11 5 11 9 13 11 13 15 13
> BAT3 7 5 9 5 11 5 5 7 5 9 7 11 9 11
< RES 4190 87 1
< MOVE D D
> REQ 4190 88 1
> VAMPIRE 1 12 15 3 1 2 0
> VAMPIRE 4 1 13 3 1 2 0
> VAMPIRE 2 8 9 3 0 2 0
> VAMPIRE 3 1 13 3 1 2 0
> GRENADE 2 11 11 2 2
> POWERUP TOMATO -3 5 6
> POWERUP TOMATO -3 11 10
> BAT1 12 1 14 1 13 3 5 5 13 5 7 7 9 7 3 9 7 9 3 13
> BAT2 13 1 5 3 7 3 9 3 11 3 11 7 3 11 5 11 9 13 11 13 15 13
> BAT3 7 5 9 5 11 5 5 7 5 9 7 11 9 11
< RES 4190 88 1
< MOVE D L
> REQ 4190 89 1
> VAMPIRE 1 13 14 3 1 2 0
> VAMPIRE 4 2 13 3 1 2 0
> VAMPIRE 2 8 9 3 0 2 0
> VAMPIRE 3 2 13 3 1 2 0
> GRENADE 2 11 11 1 2
> POWERUP TOMATO -2 5 6
> POWERUP TOMATO -2 11 10
> BAT1 12 1 14 1 13 3 5 5 13 5 7 7 9 7 3 9 7 9 3 13
> BAT2 13 1 5 3 7 3 9 3 11 3 11 7 3 11 5 11 9 13 11 13 15 13
> BAT3 7 5 9 5 11 5 5 7 5 9 7 11 9 11
< RES 4190 89 1
< MOVE L L
> REQ 4190 90 1
> VAMPIRE 1 13 12 3 1 2 0
> VAMPIRE 4 1 13 3 1 2 0
> VAMPIRE 2 8 9 3 1 2 0
> VAMPIRE 3 1 13 3 1 2 0
> POWERUP TOMATO -1 5 6
> POWERUP TOMATO -1 11 10
> BAT1 12 1 14 1 13 3 5 5 13 5 7 7 9 7 3 9 7 9 3 13 11 13
> BAT2 13 1 5 3 7 3 9 3 11 3 11 7 3 11 5 11 9 11 9 13 15 13
> BAT3 7 5 9 5 11 5 5 7 5 9 7 11
< RES 4190 90 1
< MOVE L U
> REQ 4190 91 1
> VAMPIRE 1 12 11 3 1 2 0
> VAMPIRE 4 2 13 3 1 2 0
> VAMPIRE 2 9 9 3 1 2 0
> VAMPIRE 3 2 13 3 1 2 0
> POWERUP TOMATO 15 5 6
> POWERUP TOMATO 15 11 10
> BAT1 12 1 14 1 13 3 5 5 13 5 7 7 9 7 3 9 7 9 3 13 11 13
> BAT2 13 1 5 3 7 3 9 3 11 3 11 7 3 11 5 11 9 11 9 13 15 13
> BAT3 7 5 9 5 11 5 5 7 5 9 7 11
< RES 4190 91 1
< MOVE U L
> REQ 4190 92 1
> VAMPIRE 1 11 10 3 1 2 0
> VAMPIRE 4 1 13 3 1 2 0
> VAMPIRE 2 10 9 3 0 2 0
> VAMPIRE 3 1 13 3 1 2 0
> GRENADE 2 9 9 5 2
> POWERUP TOMATO 14 5 6
> POWERUP TOMATO 14 11 10
> BAT1 12 1 14 1 13 3 5 5 13 5 7 7 9 7 3 9 7 9 3 13 11 13
> BAT2 13 1 5 3 7 3 9 3 11 3 11 7 3 11 5 11 9 11 9 13 15 13
> BAT3 7 5 9 5 11 5 5 7 5 9 7 11
< RES 4190 92 1
> REQ 4190 93 1
> VAMPIRE 1 11 10 3 1 2 0
> VAMPIRE 4 2 13 3 1 2 0
> VAMPIRE 2 11 10 3 0 2 0
> VAMPIRE 3 2 13 3 1 2 0
> GRENADE 2 9 9 4 2
> POWERUP TOMATO 13 5 6
> BAT1 12 1 14 1 13 3 5 5 13 5 7 7 9 7 3 9 7 9 3 13 11 13
> BAT2 13 1 5 3 7 3 9 3 11 3 11 7 3 11 5 11 9 11 9 13 15 13
> BAT3 7 5 9 5 11 5 5 7 5 9 7 11
< RES 4190 93 1
< MOVE R D
> REQ 4190 94 1
> VAMPIRE 1 12 11 3 1 2 0
> VAMPIRE 4 1 13 3 1 2 0
> VAMPIRE 2 10 11 3 0 2 0
> VAMPIRE 3 1 13 3 1 2 0
> GRENADE 2 9 9 3 2
> POWERUP TOMATO 12 5 6
> BAT1 12 1 14 1 13 3 5 5 13 5 7 7 9 7 3 9 7 9 3 13 11 13
> BAT2 13 1 5 3 7 3 9 3 11 3 11 7 3 11 5 11 9 11 9 13 15 13
> BAT3 7 5 9 5 11 5 5 7 5 9 7 11
< RES 4190 94 1
< MOVE D R
> REQ 4190 95 1
> VAMPIRE 1 13 12 3 1 2 0
> VAMPIRE 4 2 13 3 1 2 0
> VAMPIRE 2 10 11 3 0 2 0
> VAMPIRE 3 2 13 3 1 2 0
> GRENADE 2 9 9 2 2
> POWERUP TOMATO 11 5 6
> BAT1 12 1 14 1 13 3 5 5 13 5 7 7 9 7 3 9 7 9 3 13 11 13
> BAT2 13 1 5 3 7 3 9 3 11 3 11 7 3 11 5 11 9 11 9 13 15 13
> BAT3 7 5 9 5 11 5 5 7 5 9 7 11
< RES 4190 95 1
< MOVE R R
> REQ 4190 96 1
> VAMPIRE 1 13 14 3 1 2 0
> VAMPIRE 4 1 13 3 1 2 0
> VAMPIRE 2 10 11 3 0 2 0
> VAMPIRE 3 1 13 3 1 2 0
> GRENADE 2 9 9 1 2
> POWERUP TOMATO 10 5 6
> BAT1 12 1 14 1 13 3 5 5 13 5 7 7 9 7 3 9 7 9 3 13 11 13
> BAT2 13 1 5 3 7 3 9 3 11 3 11 7 3 11 5 11 9 11 9 13 15 13
> BAT3 7 5 9 5 11 5 5 7 5 9 7 11
< RES 4190 96 1
< MOVE R U
> REQ 4190 97 1
> VAMPIRE 1 12 15 3 1 2 0
> VAMPIRE 4 2 13 3 1 2 0
> VAMPIRE 2 10 11 3 1 2 0
> VAMPIRE 3 2 13 3 1 2 0
> POWERUP TOMATO 9 5 6
> BAT1 12 1 14 1 13 3 5 5 13 5 7 7 3 9 9 11 3 13 11 13
> BAT2 13 1 5 3 7 3 9 3 11 3 11 7 3 11 5 11 9 13 15 13
> BAT3 7 5 9 5 11 5 5 7 5 9 7 11
< RES 4190 97 1
< MOVE U U
> REQ 4190 98 1
> VAMPIRE 1 10 15 3 1 2 0
> VAMPIRE 4 1 13 3 1 2 0
> VAMPIRE 2 11 10 3 0 2 0
> VAMPIRE 3 1 13 3 1 2 0
> GRENADE 2 10 11 5 2
> POWERUP TOMATO 8 5 6
> BAT1 12 1 14 1 13 3 5 5 13 5 7 7 3 9 9 11 3 13 11 13
> BAT2 13 1 5 3 7 3 9 3 11 3 11 7 3 11 5 11 9 13 15 13
> BAT3 7 5 9 5 11 5 5 7 5 9 7 11
< RES 4190 98 1
< MOVE U U
> REQ 4190 99 1
> VAMPIRE 1 8 15 3 1 2 0
> VAMPIRE 4 2 13 3 1 2 0
> VAMPIRE 2 10 9 3 0 2 0
> VAMPIRE 3 2 13 3 1 2 0
> GRENADE 2 10 11 4 2
> POWERUP TOMATO 7 5 6
> BAT1 12 1 14 1 13 3 5 5 13 5 7 7 3 9 9 11 3 13 11 13
> BAT2 13 1 5 3 7 3 9 3 11 3 11 7 3 11 5 11 9 13 15 13
> BAT3 7 5 9 5 11 5 5 7 5 9 7 11
< RES 4190 99 1
< MOVE U U
> REQ 4190 100 1
> VAMPIRE 1 6 15 3 1 2 0
> VAMPIRE 4 1 13 3 1 2 0
> VAMPIRE 2 9 10 3 0 2 0
> VAMPIRE 3 1 13 3 1 2 0
> GRENADE 2 10 11 3 2
> POWERUP TOMATO 6 5 6
> BAT1 12 1 14 1 13 3 5 5 13 5 7 7 3 9 9 11 3 13 11 13
> BAT2 13 1 5 3 7 3 9 3 11 3 11 7 3 11 5 11 9 13 15 13
> BAT3 7 5 9 5 11 5 5 7 5 9 7 11
< RES 4190 100 1
< MOVE U U
> REQ 4190 101 1
> VAMPIRE 1 4 15 3 1 2 0
> VAMPIRE 4 2 13 3 1 2 0
> VAMPIRE 2 9 10 3 0 2 0
> VAMPIRE 3 2 13 3 1 2 0
> GRENADE 2 10 11 2 2
> POWERUP TOMATO 5 5 6
> BAT1 12 1 14 1 13 3 5 5 13 5 7 7 3 9 9 11 3 13 11 13
> BAT2 13 1 5 3 7 3 9 3 11 3 11 7 3 11 5 11 9 13 15 13
> BAT3 7 5 9 5 11 5 5 7 5 9 7 11
< RES 4190 101 1
< MOVE U U
> REQ 4190 102 1
> VAMPIRE 1 2 15 3 1 2 0
> VAMPIRE 4 1 13 3 1 2 0
> VAMPIRE 2 9 10 3 0 2 0
> VAMPIRE 3 1 13 3 1 2 0
> GRENADE 2 10 11 1 2
> POWERUP TOMATO 4 5 6
> BAT1 12 1 14 1 13 3 5 5 13 5 7 7 3 9 9 11 3 13 11 13
> BAT2 13 1 5 3 7 3 9 3 11 3 11 7 3 11 5 11 9 13 15 13
> BAT3 7 5 9 5 11 5 5 7 5 9 7 11
< RES 4190 102 1
< MOVE U L
> REQ 4190 103 1
> VAMPIRE 1 1 14 3 1 2 0
> VAMPIRE 4 1 15 3 1 2 0
> VAMPIRE 2 9 10 3 1 2 0
> VAMPIRE 3 1 15 3 1 2 0
> POWERUP TOMATO 3 5 6
> BAT1 12 1 14 1 13 3 5 5 13 5 7 7 3 9 3 13 11 13
> BAT2 13 1 5 3 7 3 9 3 11 3 11 7 3 11 5 11 9 13 15 13
> BAT3 7 5 9 5 11 5 5 7 5 9 7 11
< RES 4190 103 1
< MOVE L L
> REQ 4190 104 1
> VAMPIRE 1 1 12 3 1 2 0
> VAMPIRE 4 1 13 3 1 2 0
> VAMPIRE 2 8 9 3 1 2 0
> VAMPIRE 3 1 13 3 1 2 0
> POWERUP TOMATO 2 5 6
> BAT1 12 1 14 1 13 3 5 5 13 5 7 7 3 9 3 13 11 13
> BAT2 13 1 5 3 7 3 9 3 11 3 11 7 3 11 5 11 9 13 15 13
> BAT3 7 5 9 5 11 5 5 7 5 9 7 11
< RES 4190 104 1
< MOVE L L
> REQ 4190 105 1
> VAMPIRE 1 1 10 3 1 2 0
> VAMPIRE 4 1 14 3 1 2 0
> VAMPIRE 2 7 9 3 1 2 0
> VAMPIRE 3 1 11 3 1 2 0
> POWERUP TOMATO 1 5 6
> BAT1 12 1 14 1 13 3 5 5 13 5 7 7 3 9 3 13 11 13
> BAT2 13 1 5 3 7 3 9 3 11 3 11 7 3 11 5 11 9 13 15 13
> BAT3 7 5 9 5 11 5 5 7 5 9 7 11
< RES 4190 105 1
< MOVE L L
> REQ 4190 106 1
> VAMPIRE 1 1 8 3 1 2 0
> VAMPIRE 4 1 12 3 1 2 0
> VAMPIRE 2 8 9 3 0 2 0
> VAMPIRE 3 1 12 3 1 2 0
> GRENADE 2 7 9 5 2
> BAT1 12 1 14 1 13 3 5 5 13 5 7 7 3 9 3 13 11 13
> BAT2 13 1 5 3 7 3 9 3 11 3 11 7 3 11 5 11 9 13 15 13
> BAT3 7 5 9 5 11 5 5 7 5 9 7 11
< RES 4190 106 1
< MOVE L D
> REQ 4190 107 1
> VAMPIRE 1 2 7 3 1 2 0
> VAMPIRE 4 1 10 3 1 2 0
> VAMPIRE 2 9 10 3 0 2 0
> VAMPIRE 3 1 10 3 1 2 0
> GRENADE 2 7 9 4 2
> BAT1 12 1 14 1 13 3 5 5 13 5 7 7 3 9 3 13 11 13
> BAT2 13 1 5 3 7 3 9 3 11 3 11 7 3 11 5 11 9 13 15 13
> BAT3 7 5 9 5 11 5 5 7 5 9 7 11
< RES 4190 107 1
> REQ 4190 108 1
> VAMPIRE 1 2 7 3 1 2 0
> VAMPIRE 4 1 11 3 1 2 0
> VAMPIRE 2 8 11 3 0 2 0
> VAMPIRE 3 1 9 3 1 2 0
> GRENADE 2 7 9 3 2
> BAT1 12 1 14 1 13 3 5 5 13 5 7 7 3 9 3 13 11 13
> BAT2 13 1 5 3 7 3 9 3 11 3 11 7 3 11 5 11 9 13 15 13
> BAT3 7 5 9 5 11 5 5 7 5 9 7 11
< RES 4190 108 1
> REQ 4190 109 1
> VAMPIRE 1 2 7 3 1 2 0
> VAMPIRE 4 1 13 3 0 2 0
> VAMPIRE 2 8 11 3 0 2 0
> VAMPIRE 3 1 10 3 0 2 0
> GRENADE 2 7 9 2 2
> GRENADE 3 1 9 5 2
> GRENADE 4 1 11 5 2
> BAT1 12 1 14 1 13 3 5 5 13 5 7 7 3 9 3 13 11 13
> BAT2 13 1 5 3 7 3 9 3 11 3 11 7 3 11 5 11 9 13 15 13
> BAT3 7 5 9 5 11 5 5 7 5 9 7 11
< RES 4190 109 1
< MOVE D R
> REQ 4190 110 1
> VAMPIRE 1 3 8 3 1 2 0
> VAMPIRE 4 1 15 3 0 2 0
> VAMPIRE 2 8 11 3 0 2 0
> VAMPIRE 3 1 10 3 0 2 0
> GRENADE 2 7 9 1 2
> GRENADE 3 1 9 4 2
> GRENADE 4 1 11 4 2
> BAT1 12 1 14 1 13 3 5 5 13 5 7 7 3 9 3 13 11 13
> BAT2 13 1 5 3 7 3 9 3 11 3 11 7 3 11 5 11 9 13 15 13
> BAT3 7 5 9 5 11 5 5 7 5 9 7 11
< RES 4190 110 1
> REQ 4190 111 1
> VAMPIRE 1 3 8 3 1 2 0
> VAMPIRE 4 3 15 3 0 2 0
> VAMPIRE 2 8 11 3 1 2 0
> VAMPIRE 3 1 10 3 0 2 0
> GRENADE 3 1 9 3 2
> GRENADE 4 1 11 3 2
> BAT1 12 1 14 1 13 3 5 5 13 5 3 9 3 13 11 13
> BAT2 13 1 5 3 7 3 9 3 11 3 11 7 5 9 3 11 5 11 7 11 9 13 15 13
> BAT3 7 5 9 5 11 5 5 7
< RES 4190 111 1
> REQ 4190 112 1
> VAMPIRE 1 3 8 3 1 2 0
> VAMPIRE 4 5 15 3 0 2 0
> VAMPIRE 2 9 10 3 0 2 0
> VAMPIRE 3 1 10 3 0 2 0
> GRENADE 3 1 9 2 2
> GRENADE 4 1 11 2 2
> GRENADE 2 8 11 5 2
> BAT1 12 1 14 1 13 3 5 5 13 5 3 9 3 13 11 13
> BAT2 13 1 5 3 7 3 9 3 11 3 11 7 5 9 3 11 5 11 7 11 9 13 15 13
> BAT3 7 5 9 5 11 5 5 7
< RES 4190 112 1
> REQ 4190 113 1
> VAMPIRE 1 3 8 3 1 2 0
> VAMPIRE 4 7 15 3 0 2 0
> VAMPIRE 2 8 9 3 0 2 0
> VAMPIRE 3 1 10 3 0 2 0
> GRENADE 3 1 9 1 2
> GRENADE 4 1 11 1 2
> GRENADE 2 8 11 4 2
> BAT1 12 1 14 1 13 3 5 5 13 5 3 9 3 13 11 13
> BAT2 13 1 5 3 7 3 9 3 11 3 11 7 5 9 3 11 5 11 7 11 9 13 15 13
> BAT3 7 5 9 5 11 5 5 7
< RES 4190 113 1
> REQ 4190 114 1
> VAMPIRE 1 3 8 3 1 2 0
> VAMPIRE 4 9 15 3 1 2 0
> VAMPIRE 2 6 9 3 0 2 0
> VAMPIRE 3 1 10 2 1 2 0
> GRENADE 2 8 11 3 2
> BAT1 12 1 14 1 13 3 5 5 13 5 3 11 3 13 11 13
> BAT2 13 1 5 3 7 3 9 3 11 3 11 7 5 9 5 11 7 11 9 13 15 13
> BAT3 7 5 9 5 11 5 5 7
< RES 4190 114 1
> REQ 4190 115 1
> VAMPIRE 1 3 8 3 1 2 0
> VAMPIRE 4 11 15 3 0 2 0
> VAMPIRE 2 6 9 3 0 2 0
> VAMPIRE 3 2 9 2 1 2 0
> GRENADE 2 8 11 2 2
> GRENADE 4 9 15 5 2
> BAT1 12 1 14 1 13 3 5 5 13 5 3 11 3 13 11 13
> BAT2 13 1 5 3 7 3 9 3 11 3 11 7 5 9 5 11 7 11 9 13 15 13
> BAT3 7 5 9 5 11 5 5 7
< RES 4190 115 1
> REQ 4190 116 1
> VAMPIRE 1 3 8 3 1 2 0
> VAMPIRE 4 13 15 3 0 2 0
> VAMPIRE 2 6 9 3 0 2 0
> VAMPIRE 3 3 9 2 1 2 0
> GRENADE 2 8 11 1 2
> GRENADE 4 9 15 4 2
> BAT1 12 1 14 1 13 3 5 5 13 5 3 11 3 13 11 13
> BAT2 13 1 5 3 7 3 9 3 11 3 11 7 5 9 5 11 7 11 9 13 15 13
> BAT3 7 5 9 5 11 5 5 7
< RES 4190 116 1
> REQ 4190 117 1
> VAMPIRE 1 3 8 3 1 2 0
> VAMPIRE 4 15 15 3 0 2 0
> VAMPIRE 2 6 9 3 1 2 0
> VAMPIRE 3 3 8 2 1 2 0
> GRENADE 4 9 15 3 2
> BAT1 12 1 14 1 13 3 5 5 13 5 3 11 7 11 3 13 11 13
> BAT2 13 1 5 3 7 3 9 3 11 3 11 7 5 9 5 11 9 13 15 13
> BAT3 7 5 9 5 11 5 5 7
< RES 4190 117 1
> REQ 4190 118 1
> VAMPIRE 1 3 8 3 1 2 0
> VAMPIRE 4 13 15 3 0 2 0
> VAMPIRE 2 7 9 3 1 2 0
> VAMPIRE 3 3 9 2 1 2 0
> GRENADE 4 9 15 2 2
> POWERUP SHOE -3 4 7
> POWERUP SHOE -3 12 9
> BAT1 12 1 14 1 13 3 5 5 13 5 3 11 7 11 3 13 11 13
> BAT2 13 1 5 3 7 3 9 3 11 3 11 7 5 9 5 11 9 13 15 13
> BAT3 7 5 9 5 11 5 5 7
< RES 4190 118 1
< MOVE L D
> REQ 4190 119 1
> VAMPIRE 1 4 7 3 1 2 0
> VAMPIRE 4 12 15 3 0 2 0
> VAMPIRE 2 7 8 3 0 2 0
> VAMPIRE 3 3 8 2 0 2 0
> GRENADE 4 9 15 1 2
> GRENADE 2 7 9 5 2
> GRENADE 3 3 9 5 2
> POWERUP SHOE -2 4 7
> POWERUP SHOE -2 12 9
> BAT1 12 1 14 1 13 3 5 5 13 5 3 11 7 11 3 13 11 13
> BAT2 13 1 5 3 7 3 9 3 11 3 11 7 5 9 5 11 9 13 15 13
> BAT3 7 5 9 5 11 5 5 7
< RES 4190 119 1
> REQ 4190 120 1
> VAMPIRE 1 4 7 3 1 2 0
> VAMPIRE 4 12 15 3 1 2 0
> VAMPIRE 2 6 7 3 0 2 0
> VAMPIRE 3 4 7 2 0 2 0
> GRENADE 2 7 9 4 2
> GRENADE 3 3 9 4 2
> POWERUP SHOE -1 4 7
> POWERUP SHOE -1 12 9
> BAT1 12 1 14 1 13 3 5 5 13 5 3 11 7 11 3 13 9 13 11 13
> BAT2 13 1 5 3 7 3 9 3 11 3 11 7 5 9 5 11 15 13
> BAT3 7 5 9 5 11 5 5 7
< RES 4190 120 1
> REQ 4190 121 1
> VAMPIRE 1 4 7 3 1 2 34
> VAMPIRE 4 11 14 3 1 2 0
> VAMPIRE 2 6 7 3 0 2 0
> VAMPIRE 3 4 7 2 0 2 34
> GRENADE 2 7 9 3 2
> GRENADE 3 3 9 3 2
> POWERUP SHOE 13 12 9
> BAT1 12 1 14 1 13 3 5 5 13 5 3 11 7 11 3 13 9 13 11 13
> BAT2 13 1 5 3 7 3 9 3 11 3 11 7 5 9 5 11 15 13
> BAT3 7 5 9 5 11 5 5 7
< RES 4190 121 1
< MOVE U U U
> REQ 4190 122 1
> VAMPIRE 1 1 7 3 1 2 34
> VAMPIRE 4 10 15 3 0 2 0
> VAMPIRE 2 6 7 3 0 2 0
> VAMPIRE 3 4 7 2 0 2 34
> GRENADE 2 7 9 2 2
> GRENADE 3 3 9 2 2
> GRENADE 4 11 14 5 2
> POWERUP SHOE 12 12 9
> BAT1 12 1 14 1 13 3 5 5 13 5 3 11 7 11 3 13 9 13 11 13
> BAT2 13 1 5 3 7 3 9 3 11 3 11 7 5 9 5 11 15 13
> BAT3 7 5 9 5 11 5 5 7
< RES 4190 122 1
< MOVE R
> REQ 4190 123 1
> VAMPIRE 1 1 8 3 1 2 34
> VAMPIRE 4 8 15 3 0 2 0
> VAMPIRE 2 6 7 3 0 2 0
> VAMPIRE 3 4 7 2 0 2 34
> GRENADE 2 7 9 1 2
> GRENADE 3 3 9 1 2
> GRENADE 4 11 14 4 2
> POWERUP SHOE 11 12 9
> BAT1 12 1 14 1 13 3 5 5 13 5 3 11 7 11 3 13 9 13 11 13
> BAT2 13 1 5 3 7 3 9 3 11 3 11 7 5 9 5 11 15 13
> BAT3 7 5 9 5 11 5 5 7
< RES 4190 123 1
< MOVE R R R
> REQ 4190 124 1
> VAMPIRE 1 1 11 3 1 2 34
> VAMPIRE 4 6 15 3 0 2 0
> VAMPIRE 2 6 7 3 1 2 0
> VAMPIRE 3 4 7 2 1 2 34
> GRENADE 4 11 14 3 2
> POWERUP SHOE 10 12 9
> BAT1 12 1 14 1 13 3 5 5 13 5 5 9 3 13 9 13 11 13
> BAT2 13 1 5 3 7 3 9 3 11 3 11 7 5 11 15 13
> BAT3 7 5 9 5 11 5 5 7
< RES 4190 124 1
< MOVE R R R
> REQ 4190 125 1
> VAMPIRE 1 1 14 3 1 2 34
> VAMPIRE 4 4 15 3 0 2 0
> VAMPIRE 2 7 7 3 1 2 0
> VAMPIRE 3 3 8 2 0 2 34
> GRENADE 4 11 14 2 2
> GRENADE 3 4 7 5 2
> POWERUP SHOE 9 12 9
> BAT1 12 1 14 1 13 3 5 5 13 5 5 9 3 13 9 13 11 13
> BAT2 13 1 5 3 7 3 9 3 11 3 11 7 5 11 15 13
> BAT3 7 5 9 5 11 5 5 7
< RES 4190 125 1
< MOVE R D D
> REQ 4190 126 1
> VAMPIRE 1 3 15 3 1 2 34
> VAMPIRE 4 2 15 3 0 2 0
> VAMPIRE 2 7 8 3 0 2 0
> VAMPIRE 3 3 8 2 0 2 34
> GRENADE 4 11 14 1 2
> GRENADE 3 4 7 4 2
> GRENADE 2 7 7 5 2
> POWERUP SHOE 8 12 9
> BAT1 12 1 14 1 13 3 5 5 13 5 5 9 3 13 9 13 11 13
> BAT2 13 1 5 3 7 3 9 3 11 3 11 7 5 11 15 13
> BAT3 7 5 9 5 11 5 5 7
< RES 4190 126 1
< MOVE D D D
> REQ 4190 127 1
> VAMPIRE 1 6 15 3 1 2 34
> VAMPIRE 4 1 15 3 1 2 0
> VAMPIRE 2 6 9 3 0 2 0
> VAMPIRE 3 3 8 2 0 2 34
> GRENADE 3 4 7 3 2
> GRENADE 2 7 7 4 2
> POWERUP SHOE 7 12 9
> BAT1 12 1 14 1 13 3 5 5 13 5 5 9 3 13 9 13
> BAT2 13 1 5 3 7 3 9 3 11 3 11 7 5 11 15 13
> BAT3 7 5 9 5 11 5 5 7
< RES 4190 127 1
< MOVE D D D
> REQ 4190 128 1
> VAMPIRE 1 9 15 3 1 2 34
> VAMPIRE 4 3 15 3 1 2 0
> VAMPIRE 2 6 9 3 0 2 0
> VAMPIRE 3 4 9 2 0 2 34
> GRENADE 3 4 7 2 2
> GRENADE 2 7 7 3 2
> POWERUP SHOE 6 12 9
> BAT1 12 1 14 1 13 3 5 5 13 5 5 9 3 13 9 13
> BAT2 13 1 5 3 7 3 9 3 11 3 11 7 5 11 15 13
> BAT3 7 5 9 5 11 5 5 7
< RES 4190 128 1
< MOVE D D L
> REQ 4190 129 1
> VAMPIRE 1 11 14 3 1 2 34
> VAMPIRE 4 5 15 3 1 2 0
> VAMPIRE 2 6 9 3 0 2 0
> VAMPIRE 3 4 9 2 0 2 34
> GRENADE 3 4 7 1 2
> GRENADE 2 7 7 2 2
> POWERUP SHOE 5 12 9
> BAT1 12 1 14 1 13 3 5 5 13 5 5 9 3 13 9 13
> BAT2 13 1 5 3 7 3 9 3 11 3 11 7 5 11 15 13
> BAT3 7 5 9 5 11 5 5 7
< RES 4190 129 1
< MOVE L L L
> REQ 4190 130 1
> VAMPIRE 1 11 11 3 1 2 34
> VAMPIRE 4 5 13 3 1 2 0
> VAMPIRE 2 6 9 3 0 2 0
> VAMPIRE 3 4 9 2 1 2 34
> GRENADE 2 7 7 1 2
> POWERUP SHOE 4 12 9
> BAT1 12 1 14 1 13 3 5 5 13 5 5 9 3 13 9 13
> BAT2 13 1 5 3 7 3 9 3 11 3 5 7 11 7 5 11 15 13
> BAT3 7 5 9 5 11 5
< RES 4190 130 1
< MOVE L L D
> REQ 4190 131 1
> VAMPIRE 1 12 9 3 1 2 34
> VAMPIRE 4 7 13 3 0 2 0
> VAMPIRE 2 6 9 3 1 2 0
> VAMPIRE 3 3 10 2 0 2 34
> GRENADE 3 4 9 5 2
> GRENADE 4 5 13 5 2
> POWERUP SHOE 3 12 9
> BAT1 12 1 14 1 13 3 5 5 13 5 5 7 5 9 3 13 9 13
> BAT2 13 1 5 3 7 3 9 3 11 3 7 5 11 7 5 11 15 13
> BAT3 9 5 11 5
< RES 4190 131 1
> REQ 4190 132 1
> VAMPIRE 1 12 9 3 1 2 68
> VAMPIRE 4 7 11 3 0 2 0
> VAMPIRE 2 7 9 3 1 2 0
> VAMPIRE 3 3 10 2 0 2 34
> GRENADE 3 4 9 4 2
> GRENADE 4 5 13 4 2
> BAT1 12 1 14 1 13 3 5 5 13 5 5 7 5 9 3 13 9 13
> BAT2 13 1 5 3 7 3 9 3 11 3 7 5 11 7 5 11 15 13
> BAT3 9 5 11 5
< RES 4190 132 1
< MOVE U U U
> REQ 4190 133 1
> VAMPIRE 1 9 9 3 1 2 68
> VAMPIRE 4 9 11 3 0 2 0
> VAMPIRE 2 7 10 3 0 2 0
> VAMPIRE 3 3 10 2 0 2 34
> GRENADE 3 4 9 3 2
> GRENADE 4 5 13 3 2
> GRENADE 2 7 9 5 2
> BAT1 12 1 14 1 13 3 5 5 13 5 5 7 5 9 3 13 9 13
> BAT2 13 1 5 3 7 3 9 3 11 3 7 5 11 7 5 11 15 13
> BAT3 9 5 11 5
< RES 4190 133 1
< MOVE R R U
> REQ 4190 134 1
> VAMPIRE 1 8 11 3 1 2 68
> VAMPIRE 4 11 11 3 0 2 0
> VAMPIRE 2 6 11 3 0 2 0
> VAMPIRE 3 3 10 2 0 2 34
> GRENADE 3 4 9 2 2
> GRENADE 4 5 13 2 2
> GRENADE 2 7 9 4 2
> BAT1 12 1 14 1 13 3 5 5 13 5 5 7 5 9 3 13 9 13
> BAT2 13 1 5 3 7 3 9 3 11 3 7 5 11 7 5 11 15 13
> BAT3 9 5 11 5
< RES 4190 134 1
< MOVE U R R
> REQ 4190 135 1
> VAMPIRE 1 7 13 3 1 2 68
> VAMPIRE 4 13 11 3 0 2 0
> VAMPIRE 2 6 11 3 0 2 0
> VAMPIRE 3 4 11 2 0 2 34
> GRENADE 3 4 9 1 2
> GRENADE 4 5 13 1 2
> GRENADE 2 7 9 3 2
> BAT1 12 1 14 1 13 3 5 5 13 5 5 7 5 9 3 13 9 13
> BAT2 13 1 5 3 7 3 9 3 11 3 7 5 11 7 5 11 15 13
> BAT3 9 5 11 5
< RES 4190 135 1
< MOVE L
> REQ 4190 136 1
> VAMPIRE 1 7 12 2 1 2 68
> VAMPIRE 4 15 11 3 1 2 0
> VAMPIRE 2 6 11 3 0 2 0
> VAMPIRE 3 4 11 2 1 2 34
> GRENADE 2 7 9 2 2
> BAT1 12 1 14 1 13 3 5 5 13 5 5 7 5 11 9 13
> BAT2 13 1 5 3 7 3 9 3 11 3 7 5 11 7 15 13
> BAT3 9 5 11 5
< RES 4190 136 1
< MOVE L
> REQ 4190 137 1
> VAMPIRE 1 7 11 2 1 2 68
> VAMPIRE 4 15 9 3 0 2 0
> VAMPIRE 2 6 11 3 0 2 0
> VAMPIRE 3 3 12 2 0 2 34
> GRENADE 2 7 9 1 2
> GRENADE 3 4 11 5 2
> GRENADE 4 15 11 5 2
> BAT1 12 1 14 1 13 3 5 5 13 5 5 7 5 11 9 13
> BAT2 13 1 5 3 7 3 9 3 11 3 7 5 11 7 15 13
> BAT3 9 5 11 5
< RES 4190 137 1
< MOVE R
> REQ 4190 138 1
> VAMPIRE 1 7 12 2 1 2 68
> VAMPIRE 4 15 7 3 0 2 0
> VAMPIRE 2 6 11 3 1 2 0
> VAMPIRE 3 4 13 2 0 2 34
> GRENADE 3 4 11 4 2
> GRENADE 4 15 11 4 2
> BAT1 12 1 14 1 13 3 5 5 13 5 5 7 5 11 9 13
> BAT2 13 1 5 3 7 3 9 3 11 3 7 5 11 7 15 13
> BAT3 9 5 11 5
< RES 4190 138 1
< MOVE L L L
> REQ 4190 139 1
> VAMPIRE 1 7 9 2 1 2 68
> VAMPIRE 4 15 5 3 0 2 0
> VAMPIRE 2 7 11 3 1 2 0
> VAMPIRE 3 6 13 2 0 2 34
> GRENADE 3 4 11 3 2
> GRENADE 4 15 11 3 2
> BAT1 12 1 14 1 13 3 5 5 13 5 5 7 5 11 9 13
> BAT2 13 1 5 3 7 3 9 3 11 3 7 5 11 7 15 13
> BAT3 9 5 11 5
< RES 4190 139 1
> REQ 4190 140 1
> VAMPIRE 1 7 9 2 1 2 68
> VAMPIRE 4 15 3 3 0 2 0
> VAMPIRE 2 7 12 3 0 2 0
> VAMPIRE 3 7 12 2 0 2 34
> GRENADE 3 4 11 2 2
> GRENADE 4 15 11 2 2
> GRENADE 2 7 11 5 2
> BAT1 12 1 14 1 13 3 5 5 13 5 5 7 5 11 9 13
> BAT2 13 1 5 3 7 3 9 3 11 3 7 5 11 7 15 13
> BAT3 9 5 11 5
< RES 4190 140 1
< MOVE D
> REQ 4190 141 1
> VAMPIRE 1 8 9 2 1 2 68
> VAMPIRE 4 15 1 3 0 2 0
> VAMPIRE 2 6 13 3 0 2 0
> VAMPIRE 3 8 13 2 0 2 34
> GRENADE 3 4 11 1 2
> GRENADE 4 15 11 1 2
> GRENADE 2 7 11 4 2
> BAT1 12 1 14 1 13 3 5 5 13 5 5 7 5 11 9 13
> BAT2 13 1 5 3 7 3 9 3 11 3 7 5 11 7 15 13
> BAT3 9 5 11 5
< RES 4190 141 1
< MOVE D
> REQ 4190 142 1
> VAMPIRE 1 9 9 2 1 2 68
> VAMPIRE 4 15 1 3 1 2 0
> VAMPIRE 2 5 12 3 0 2 0
> VAMPIRE 3 6 13 2 1 2 34
> GRENADE 2 7 11 3 2
> BAT1 12 1 14 1 13 3 5 5 13 5 5 7 9 13 15 13
> BAT2 13 1 5 3 7 3 9 3 11 3 7 5 11 7
> BAT3 9 5 11 5
< RES 4190 142 1
< MOVE U U U
> REQ 4190 143 1
> VAMPIRE 1 6 9 2 1 2 68
> VAMPIRE 4 15 2 3 1 2 0
> VAMPIRE 2 5 10 3 0 2 0
> VAMPIRE 3 5 14 2 1 2 34
> GRENADE 2 7 11 2 2
> BAT1 12 1 14 1 13 3 5 5 13 5 5 7 9 13 15 13
> BAT2 13 1 5 3 7 3 9 3 11 3 7 5 11 7
> BAT3 9 5 11 5
< RES 4190 143 1
< MOVE D
> REQ 4190 144 1
> VAMPIRE 1 7 9 2 1 2 68
> VAMPIRE 4 14 3 3 1 2 0
> VAMPIRE 2 5 8 3 0 2 0
> VAMPIRE 3 5 12 2 1 2 34
> GRENADE 2 7 11 1 2
> BAT1 12 1 14 1 13 3 5 5 13 5 5 7 9 13 15 13
> BAT2 13 1 5 3 7 3 9 3 11 3 7 5 11 7
> BAT3 9 5 11 5
< RES 4190 144 1
< MOVE U
> REQ 4190 145 1
> VAMPIRE 1 6 9 1 1 2 68
> VAMPIRE 4 15 2 3 0 2 0
> VAMPIRE 2 5 8 3 1 2 0
> VAMPIRE 3 5 10 2 1 2 34
> GRENADE 4 14 3 5 2
> BAT1 12 1 14 1 13 3 5 5 13 5 5 7 9 13 15 13
> BAT2 13 1 5 3 7 3 9 3 11 3 7 5 11 7
> BAT3 9 5 11 5
< RES 4190 145 1
< MOVE D D D
> REQ 4190 146 1
> VAMPIRE 1 9 9 1 1 2 68
> VAMPIRE 4 15 1 3 0 2 0
> VAMPIRE 2 5 9 3 1 2 0
> VAMPIRE 3 5 9 2 1 2 34
> GRENADE 4 14 3 4 2
> POWERUP GRENADE -5 5 10
> POWERUP GRENADE -5 11 6
> BAT1 12 1 14 1 13 3 5 5 13 5 5 7 9 13 15 13
> BAT2 13 1 5 3 7 3 9 3 11 3 7 5 11 7
> BAT3 9 5 11 5
< RES 4190 146 1
< MOVE U U U
> REQ 4190 147 1
> VAMPIRE 1 6 9 1 1 2 68
> VAMPIRE 4 15 1 3 0 2 0
> VAMPIRE 2 5 8 3 1 2 0
> VAMPIRE 3 7 9 2 1 2 34
> GRENADE 4 14 3 3 2
> POWERUP GRENADE -4 5 10
> POWERUP GRENADE -4 11 6
> BAT1 12 1 14 1 13 3 5 5 13 5 5 7 9 13 15 13
> BAT2 13 1 5 3 7 3 9 3 11 3 7 5 11 7
> BAT3 9 5 11 5
< RES 4190 147 1
< MOVE U R
> REQ 4190 148 1
> VAMPIRE 1 5 10 1 1 2 68
> VAMPIRE 4 15 1 3 0 2 0
> VAMPIRE 2 5 9 3 1 2 0
> VAMPIRE 3 5 9 2 1 2 34
> GRENADE 4 14 3 2 2
> POWERUP GRENADE -3 5 10
> POWERUP GRENADE -3 11 6
> BAT1 12 1 14 1 13 3 5 5 13 5 5 7 9 13 15 13
> BAT2 13 1 5 3 7 3 9 3 11 3 7 5 11 7
> BAT3 9 5 11 5
< RES 4190 148 1
> REQ 4190 149 1
> VAMPIRE 1 5 10 1 1 2 68
> VAMPIRE 4 15 1 3 0 2 0
> VAMPIRE 2 5 11 3 0 2 0
> VAMPIRE 3 5 11 2 0 2 34
> GRENADE 4 14 3 1 2
> GRENADE 2 5 9 5 2
> GRENADE 3 5 9 5 2
> POWERUP GRENADE -2 5 10
> POWERUP GRENADE -2 11 6
> BAT1 12 1 14 1 13 3 5 5 13 5 5 7 9 13 15 13
> BAT2 13 1 5 3 7 3 9 3 11 3 7 5 11 7
> BAT3 9 5 11 5
< RES 4190 149 1
> REQ 4190 150 1
> VAMPIRE 1 5 10 1 1 2 68
> VAMPIRE 4 15 1 3 1 2 0
> VAMPIRE 2 5 10 3 0 2 0
> VAMPIRE 3 5 10 2 0 2 34
> GRENADE 2 5 9 4 2
> GRENADE 3 5 9 4 2
> POWERUP GRENADE -1 5 10
> POWERUP GRENADE -1 11 6
> BAT1 12 1 14 1 5 5 13 5 5 7 9 13 15 13
> BAT2 13 1 5 3 7 3 9 3 11 3 7 5 11 7
> BAT3 9 5 11 5
< RES 4190 150 1
> REQ 4190 151 1
> VAMPIRE 1 5 10 1 2 2 68
> VAMPIRE 4 15 3 3 1 2 0
> VAMPIRE 2 5 12 3 1 2 0
> VAMPIRE 3 5 12 2 1 2 34
> GRENADE 2 5 9 3 2
> GRENADE 3 5 9 3 2
> POWERUP GRENADE 17 11 6
> BAT1 12 1 14 1 5 5 13 5 5 7 9 13 15 13
> BAT2 13 1 5 3 7 3 9 3 11 3 7 5 11 7
> BAT3 9 5 11 5
< RES 4190 151 1
< MOVE R D D
> REQ 4190 152 1
> VAMPIRE 1 7 11 1 2 2 68
> VAMPIRE 4 13 3 3 1 2 0
> VAMPIRE 2 4 11 3 0 2 0
> VAMPIRE 3 6 11 2 0 2 34
> GRENADE 2 5 9 2 2
> GRENADE 3 5 9 2 2
> GRENADE 2 5 12 5 2
> GRENADE 3 5 12 5 2
> POWERUP GRENADE 16 11 6
> BAT1 12 1 14 1 5 5 13 5 5 7 9 13 15 13
> BAT2 13 1 5 3 7 3 9 3 11 3 7 5 11 7
> BAT3 9 5 11 5
< RES 4190 152 1
< MOVE D D L
> REQ 4190 153 1
> VAMPIRE 1 9 10 1 2 2 68
> VAMPIRE 4 14 3 3 0 2 0
> VAMPIRE 2 3 10 3 0 2 0
> VAMPIRE 3 7 11 2 0 2 34
> GRENADE 2 5 9 1 2
> GRENADE 3 5 9 1 2
> GRENADE 2 5 12 4 2
> GRENADE 3 5 12 4 2
> GRENADE 4 13 3 5 2
> POWERUP GRENADE 15 11 6
> BAT1 12 1 14 1 5 5 13 5 5 7 9 13 15 13
> BAT2 13 1 5 3 7 3 9 3 11 3 7 5 11 7
> BAT3 9 5 11 5
< RES 4190 153 1
< MOVE L L L
> REQ 4190 154 1
> VAMPIRE 1 9 7 1 2 2 68
> VAMPIRE 4 15 2 3 0 2 0
> VAMPIRE 2 3 8 3 1 2 0
> VAMPIRE 3 9 11 2 1 2 34
> GRENADE 2 5 12 3 2
> GRENADE 3 5 12 3 2
> GRENADE 4 13 3 4 2
> POWERUP GRENADE 14 11 6
> BAT1 12 1 14 1 5 5 13 5 9 13 15 13
> BAT2 13 1 5 3 7 3 9 3 11 3 7 5 11 7
> BAT3 9 5 11 5
< RES 4190 154 1
< MOVE D
> REQ 4190 155 1
> VAMPIRE 1 10 7 1 2 2 68
> VAMPIRE 4 15 1 3 0 2 0
> VAMPIRE 2 4 7 3 1 2 0
> VAMPIRE 3 9 9 2 1 2 34
> GRENADE 2 5 12 2 2
> GRENADE 3 5 12 2 2
> GRENADE 4 13 3 3 2
> POWERUP GRENADE 13 11 6
> BAT1 12 1 14 1 5 5 13 5 9 13 15 13
> BAT2 13 1 5 3 7 3 9 3 11 3 7 5 11 7
> BAT3 9 5 11 5
< RES 4190 155 1
> REQ 4190 156 1
> VAMPIRE 1 10 7 1 2 2 68
> VAMPIRE 4 15 1 3 0 2 0
> VAMPIRE 2 6 7 3 1 2 0
> VAMPIRE 3 9 7 2 1 2 34
> GRENADE 2 5 12 1 2
> GRENADE 3 5 12 1 2
> GRENADE 4 13 3 2 2
> POWERUP GRENADE 12 11 6
> BAT1 12 1 14 1 5 5 13 5 9 13 15 13
> BAT2 13 1 5 3 7 3 9 3 11 3 7 5 11 7
> BAT3 9 5 11 5
< RES 4190 156 1
> REQ 4190 157 1
> VAMPIRE 1 10 7 1 2 2 68
> VAMPIRE 4 15 1 3 0 2 0
> VAMPIRE 2 8 7 3 2 2 0
> VAMPIRE 3 9 8 2 1 2 34
> GRENADE 4 13 3 1 2
> GRENADE 3 9 7 5 2
> POWERUP GRENADE 11 11 6
> BAT1 12 1 14 1 5 5 13 5 9 13 15 13
> BAT2 13 1 5 3 7 3 9 3 11 3 7 5 11 7
> BAT3 9 5 11 5
< RES 4190 157 1
> REQ 4190 158 1
> VAMPIRE 1 10 7 1 2 2 68
> VAMPIRE 4 15 1 3 1 2 0
> VAMPIRE 2 7 6 3 1 2 0
> VAMPIRE 3 10 9 2 1 2 34
> GRENADE 3 9 7 4 2
> GRENADE 2 8 7 5 2
> POWERUP GRENADE 10 11 6
> BAT1 12 1 13 1 14 1 11 3 5 5 9 13 15 13
> BAT2 5 3 7 3 9 3 7 5 11 7
> BAT3 9 5 11 5
< RES 4190 158 1
> REQ 4190 159 1
> VAMPIRE 1 10 7 1 2 2 68
> VAMPIRE 4 15 3 3 1 2 0
> VAMPIRE 2 7 8 3 1 2 0
> VAMPIRE 3 8 9 2 1 2 34
> GRENADE 3 9 7 3 2
> GRENADE 2 8 7 4 2
> POWERUP GRENADE 9 11 6
> BAT1 12 1 13 1 14 1 11 3 5 5 9 13 15 13
> BAT2 5 3 7 3 9 3 7 5 11 7
> BAT3 9 5 11 5
< RES 4190 159 1
> REQ 4190 160 1
> VAMPIRE 1 10 7 1 2 2 68
> VAMPIRE 4 13 3 3 1 2 0
> VAMPIRE 2 6 9 3 1 2 0
> VAMPIRE 3 7 10 2 1 2 34
> GRENADE 3 9 7 2 2
> GRENADE 2 8 7 3 2
> POWERUP GRENADE 8 11 6
> BAT1 12 1 13 1 14 1 11 3 5 5 9 13 15 13
> BAT2 5 3 7 3 9 3 7 5 11 7
> BAT3 9 5 11 5
< RES 4190 160 1
> REQ 4190 161 1
> VAMPIRE 1 10 7 1 2 2 68
> VAMPIRE 4 14 3 3 0 2 0
> VAMPIRE 2 7 8 3 1 2 0
> VAMPIRE 3 8 9 2 1 2 34
> GRENADE 3 9 7 1 2
> GRENADE 2 8 7 2 2
> GRENADE 4 13 3 5 2
> POWERUP GRENADE 7 11 6
> BAT1 12 1 13 1 14 1 11 3 5 5 9 13 15 13
> BAT2 5 3 7 3 9 3 7 5 11 7
> BAT3 9 5 11 5
< RES 4190 161 1
> END 219.28 No_competitor_left