> MESSAGE OK
> LEVEL 6
> GAMEID 6826
> TEST 1
> MAXTICK 900
> GRENADERADIUS 4
> SIZE 21
> REQ 6826 0 1
> VAMPIRE 1 1 1 3 1 4 0
> VAMPIRE 4 19 19 3 1 4 0
> VAMPIRE 2 19 1 3 1 4 0
> VAMPIRE 3 1 19 3 1 4 0
> BAT1 5 1 15 1 5 2 15 2 5 3 15 4 1 5 2 5 4 5 5 5 6 5 8 5 9 5 10 5 11 5 12 5 15 5 17 5 18 5 19 5 15 6 5 8 15 8 5 9 15 9 5 10 15 10 5 11 15 11 5 12 15 12 5 14 1 15 2 15 3 15 5 15 8 15 9 15 10 15 11 15 12 15 14 15 15 15 16 15 18 15 19 15 5 16 15 17 5 18 15 18 5 19 15 19
> BAT2 3 1 17 1 3 2 17 2 1 3 2 3 3 3 4 3 6 3 8 3 9 3 10 3 11 3 12 3 15 3 17 3 18 3 19 3 17 4 3 5 17 6 3 8 17 8 3 9 17 9 3 10 17 10 3 11 17 11 3 12 17 12 3 14 17 15 3 16 1 17 2 17 3 17 5 17 8 17 9 17 10 17 11 17 12 17 14 17 16 17 17 17 18 17 19 17 3 18 17 18 3 19 17 19
> BAT3 7 1 13 1 7 2 13 2 7 3 13 3 7 4 13 4 7 5 13 5 7 6 13 6 1 7 2 7 3 7 4 7 5 7 6 7 7 7 8 7 9 7 10 7 11 7 12 7 13 7 14 7 15 7 16 7 17 7 18 7 19 7 7 8 13 8 7 9 13 9 7 10 13 10 7 11 13 11 7 12 13 12 1 13 2 13 3 13 4 13 5 13 6 13 7 13 8 13 9 13 10 13 11 13 12 13 13 13 14 13 15 13 16 13 17 13 18 13 19 13 7 14 13 14 7 15 13 15 7 16 13 16 7 17 13 17 7 18 13 18 7 19 13 19
< RES 6826 0 1
< MOVE D
> REQ 6826 1 1
> VAMPIRE 1 2 1 3 1 4 0
> VAMPIRE 4 18 19 3 1 4 0
> VAMPIRE 2 18 1 3 0 4 0
> VAMPIRE 3 1 18 3 0 4 0
> GRENADE 2 19 1 5 4
> GRENADE 3 1 19 5 4
> BAT1 5 1 15 1 5 2 15 2 5 3 15 4 1 5 2 5 4 5 5 5 6 5 8 5 9 5 10 5 11 5 12 5 15 5 17 5 18 5 19 5 15 6 5 8 15 8 5 9 15 9 5 10 15 10 5 11 15 11 5 12 15 12 5 14 1 15 2 15 3 15 5 15 8 15 9 15 10 15 11 15 12 15 14 15 15 15 16 15 18 15 19 15 5 16 15 17 5 18 15 18 5 19 15 19
> BAT2 3 1 17 1 3 2 17 2 1 3 2 3 3 3 4 3 6 3 8 3 9 3 10 3 11 3 12 3 15 3 17 3 18 3 19 3 17 4 3 5 17 6 3 8 17 8 3 9 17 9 3 10 17 10 3 11 17 11 3 12 17 12 3 14 17 15 3 16 1 17 2 17 3 17 5 17 8 17 9 17 10 17 11 17 12 17 14 17 16 17 17 17 18 17 19 17 3 18 17 18 3 19 17 19
> BAT3 7 1 13 1 7 2 13 2 7 3 13 3 7 4 13 4 7 5 13 5 7 6 13 6 1 7 2 7 3 7 4 7 5 7 6 7 7 7 8 7 9 7 10 7 11 7 12 7 13 7 14 7 15 7 16 7 17 7 18 7 19 7 7 8 13 8 7 9 13 9 7 10 13 10 7 11 13 11 7 12 13 12 1 13 2 13 3 13 4 13 5 13 6 13 7 13 8 13 9 13 10 13 11 13 12 13 13 13 14 13 15 13 16 13 17 13 18 13 19 13 7 14 13 14 7 15 13 15 7 16 13 16 7 17 13 17 7 18 13 18 7 19 13 19
< RES 6826 1 1
< GRENADE
< MOVE U R
> REQ 6826 2 1
> VAMPIRE 1 1 2 3 0 4 0
> VAMPIRE 4 19 18 3 0 4 0
> VAMPIRE 2 18 1 3 0 4 0
> VAMPIRE 3 1 18 3 0 4 0
> GRENADE 2 19 1 4 4
> GRENADE 3 1 19 4 4
> GRENADE 1 2 1 5 4
> GRENADE 4 18 19 5 4
> BAT1 5 1 15 1 5 2 15 2 5 3 15 4 1 5 2 5 4 5 5 5 6 5 8 5 9 5 10 5 11 5 12 5 15 5 17 5 18 5 19 5 15 6 5 8 15 8 5 9 15 9 5 10 15 10 5 11 15 11 5 12 15 12 5 14 1 15 2 15 3 15 5 15 8 15 9 15 10 15 11 15 12 15 14 15 15 15 16 15 18 15 19 15 5 16 15 17 5 18 15 18 5 19 15 19
> BAT2 3 1 17 1 3 2 17 2 1 3 2 3 3 3 4 3 6 3 8 3 9 3 10 3 11 3 12 3 15 3 17 3 18 3 19 3 17 4 3 5 17 6 3 8 17 8 3 9 17 9 3 10 17 10 3 11 17 11 3 12 17 12 3 14 17 15 3 16 1 17 2 17 3 17 5 17 8 17 9 17 10 17 11 17 12 17 14 17 16 17 17 17 18 17 19 17 3 18 17 18 3 19 17 19
> BAT3 7 1 13 1 7 2 13 2 7 3 13 3 7 4 13 4 7 5 13 5 7 6 13 6 1 7 2 7 3 7 4 7 5 7 6 7 7 7 8 7 9 7 10 7 11 7 12 7 13 7 14 7 15 7 16 7 17 7 18 7 19 7 7 8 13 8 7 9 13 9 7 10 13 10 7 11 13 11 7 12 13 12 1 13 2 13 3 13 4 13 5 13 6 13 7 13 8 13 9 13 10 13 11 13 12 13 13 13 14 13 15 13 16 13 17 13 18 13 19 13 7 14 13 14 7 15 13 15 7 16 13 16 7 17 13 17 7 18 13 18 7 19 13 19
< RES 6826 2 1
> REQ 6826 3 1
> VAMPIRE 1 1 2 3 0 4 0
> VAMPIRE 4 19 18 3 0 4 0
> VAMPIRE 2 18 1 3 0 4 0
> VAMPIRE 3 1 18 3 0 4 0
> GRENADE 2 19 1 3 4
> GRENADE 3 1 19 3 4
> GRENADE 1 2 1 4 4
> GRENADE 4 18 19 4 4
> BAT1 5 1 15 1 5 2 15 2 5 3 15 4 1 5 2 5 4 5 5 5 6 5 8 5 9 5 10 5 11 5 12 5 15 5 17 5 18 5 19 5 15 6 5 8 15 8 5 9 15 9 5 10 15 10 5 11 15 11 5 12 15 12 5 14 1 15 2 15 3 15 5 15 8 15 9 15 10 15 11 15 12 15 14 15 15 15 16 15 18 15 19 15 5 16 15 17 5 18 15 18 5 19 15 19
> BAT2 3 1 17 1 3 2 17 2 1 3 2 3 3 3 4 3 6 3 8 3 9 3 10 3 11 3 12 3 15 3 17 3 18 3 19 3 17 4 3 5 17 6 3 8 17 8 3 9 17 9 3 10 17 10 3 11 17 11 3 12 17 12 3 14 17 15 3 16 1 17 2 17 3 17 5 17 8 17 9 17 10 17 11 17 12 17 14 17 16 17 17 17 18 17 19 17 3 18 17 18 3 19 17 19
> BAT3 7 1 13 1 7 2 13 2 7 3 13 3 7 4 13 4 7 5 13 5 7 6 13 6 1 7 2 7 3 7 4 7 5 7 6 7 7 7 8 7 9 7 10 7 11 7 12 7 13 7 14 7 15 7 16 7 17 7 18 7 19 7 7 8 13 8 7 9 13 9 7 10 13 10 7 11 13 11 7 12 13 12 1 13 2 13 3 13 4 13 5 13 6 13 7 13 8 13 9 13 10 13 11 13 12 13 13 13 14 13 15 13 16 13 17 13 18 13 19 13 7 14 13 14 7 15 13 15 7 16 13 16 7 17 13 17 7 18 13 18 7 19 13 19
< RES 6826 3 1
> REQ 6826 4 1
> VAMPIRE 1 1 2 3 0 4 0
> VAMPIRE 4 19 18 3 0 4 0
> VAMPIRE 2 18 1 3 0 4 0
> VAMPIRE 3 1 18 3 0 4 0
> GRENADE 2 19 1 2 4
> GRENADE 3 1 19 2 4
> GRENADE 1 2 1 3 4
> GRENADE 4 18 19 3 4
> BAT1 5 1 15 1 5 2 15 2 5 3 15 4 1 5 2 5 4 5 5 5 6 5 8 5 9 5 10 5 11 5 12 5 15 5 17 5 18 5 19 5 15 6 5 8 15 8 5 9 15 9 5 10 15 10 5 11 15 11 5 12 15 12 5 14 1 15 2 15 3 15 5 15 8 15 9 15 10 15 11 15 12 15 14 15 15 15 16 15 18 15 19 15 5 16 15 17 5 18 15 18 5 19 15 19
> BAT2 3 1 17 1 3 2 17 2 1 3 2 3 3 3 4 3 6 3 8 3 9 3 10 3 11 3 12 3 15 3 17 3 18 3 19 3 17 4 3 5 17 6 3 8 17 8 3 9 17 9 3 10 17 10 3 11 17 11 3 12 17 12 3 14 17 15 3 16 1 17 2 17 3 17 5 17 8 17 9 17 10 17 11 17 12 17 14 17 16 17 17 17 18 17 19 17 3 18 17 18 3 19 17 19
> BAT3 7 1 13 1 7 2 13 2 7 3 13 3 7 4 13 4 7 5 13 5 7 6 13 6 1 7 2 7 3 7 4 7 5 7 6 7 7 7 8 7 9 7 10 7 11 7 12 7 13 7 14 7 15 7 16 7 17 7 18 7 19 7 7 8 13 8 7 9 13 9 7 10 13 10 7 11 13 11 7 12 13 12 1 13 2 13 3 13 4 13 5 13 6 13 7 13 8 13 9 13 10 13 11 13 12 13 13 13 14 13 15 13 16 13 17 13 18 13 19 13 7 14 13 14 7 15 13 15 7 16 13 16 7 17 13 17 7 18 13 18 7 19 13 19
< RES 6826 4 1
> REQ 6826 5 1
> VAMPIRE 1 1 2 3 0 4 0
> VAMPIRE 4 19 18 3 0 4 0
> VAMPIRE 2 18 1 3 0 4 0
> VAMPIRE 3 1 18 3 0 4 0
> GRENADE 2 19 1 1 4
> GRENADE 3 1 19 1 4
> GRENADE 1 2 1 2 4
> GRENADE 4 18 19 2 4
> BAT1 5 1 15 1 5 2 15 2 5 3 15 4 1 5 2 5 4 5 5 5 6 5 8 5 9 5 10 5 11 5 12 5 15 5 17 5 18 5 19 5 15 6 5 8 15 8 5 9 15 9 5 10 15 10 5 11 15 11 5 12 15 12 5 14 1 15 2 15 3 15 5 15 8 15 9 15 10 15 11 15 12 15 14 15 15 15 16 15 18 15 19 15 5 16 15 17 5 18 15 18 5 19 15 19
> BAT2 3 1 17 1 3 2 17 2 1 3 2 3 3 3 4 3 6 3 8 3 9 3 10 3 11 3 12 3 15 3 17 3 18 3 19 3 17 4 3 5 17 6 3 8 17 8 3 9 17 9 3 10 17 10 3 11 17 11 3 12 17 12 3 14 17 15 3 16 1 17 2 17 3 17 5 17 8 17 9 17 10 17 11 17 12 17 14 17 16 17 17 17 18 17 19 17 3 18 17 18 3 19 17 19
> BAT3 7 1 13 1 7 2 13 2 7 3 13 3 7 4 13 4 7 5 13 5 7 6 13 6 1 7 2 7 3 7 4 7 5 7 6 7 7 7 8 7 9 7 10 7 11 7 12 7 13 7 14 7 15 7 16 7 17 7 18 7 19 7 7 8 13 8 7 9 13 9 7 10 13 10 7 11 13 11 7 12 13 12 1 13 2 13 3 13 4 13 5 13 6 13 7 13 8 13 9 13 10 13 11 13 12 13 13 13 14 13 15 13 16 13 17 13 18 13 19 13 7 14 13 14 7 15 13 15 7 16 13 16 7 17 13 17 7 18 13 18 7 19 13 19
< RES 6826 5 1
> REQ 6826 6 1
> VAMPIRE 1 1 2 3 0 4 0
> VAMPIRE 4 19 18 3 0 4 0
> VAMPIRE 2 18 1 2 1 4 0
> VAMPIRE 3 1 18 2 1 4 0
> GRENADE 1 2 1 1 4
> GRENADE 4 18 19 1 4
> BAT1 5 1 15 1 17 1 5 2 15 2 5 3 19 3 15 4 1 5 2 5 4 5 5 5 6 5 8 5 9 5 10 5 11 5 12 5 15 5 17 5 18 5 19 5 15 6 5 8 15 8 5 9 15 9 5 10 15 10 5 11 15 11 5 12 15 12 5 14 1 15 2 15 3 15 5 15 8 15 9 15 10 15 11 15 12 15 14 15 15 15 16 15 18 15 19 15 5 16 1 17 15 17 5 18 15 18 3 19 5 19 15 19
> BAT2 3 1 3 2 17 2 1 3 2 3 3 3 4 3 6 3 8 3 9 3 10 3 11 3 12 3 15 3 17 3 18 3 17 4 3 5 17 6 3 8 17 8 3 9 17 9 3 10 17 10 3 11 17 11 3 12 17 12 3 14 17 15 3 16 2 17 3 17 5 17 8 17 9 17 10 17 11 17 12 17 14 17 16 17 17 17 18 17 19 17 3 18 17 18 17 19
> BAT3 7 1 13 1 7 2 13 2 7 3 13 3 7 4 13 4 7 5 13 5 7 6 13 6 1 7 2 7 3 7 4 7 5 7 6 7 7 7 8 7 9 7 10 7 11 7 12 7 13 7 14 7 15 7 16 7 17 7 18 7 19 7 7 8 13 8 7 9 13 9 7 10 13 10 7 11 13 11 7 12 13 12 1 13 2 13 3 13 4 13 5 13 6 13 7 13 8 13 9 13 10 13 11 13 12 13 13 13 14 13 15 13 16 13 17 13 18 13 19 13 7 14 13 14 7 15 13 15 7 16 13 16 7 17 13 17 7 18 13 18 7 19 13 19
< RES 6826 6 1
< MOVE L
> REQ 6826 7 1
> VAMPIRE 1 1 1 3 1 4 0
> VAMPIRE 4 19 18 3 1 4 0
> VAMPIRE 2 19 1 2 1 4 0
> VAMPIRE 3 2 19 2 1 4 0
> BAT1 3 1 5 1 15 1 17 1 5 2 15 2 5 3 19 3 15 4 1 5 2 5 4 5 5 5 6 5 8 5 9 5 10 5 11 5 12 5 15 5 17 5 18 5 19 5 15 6 5 8 15 8 5 9 15 9 5 10 15 10 5 11 15 11 5 12 15 12 5 14 1 15 2 15 3 15 5 15 8 15 9 15 10 15 11 15 12 15 14 15 15 15 16 15 18 15 19 15 5 16 1 17 15 17 5 18 15 18 3 19 5 19 15 19 17 19
> BAT2 3 2 17 2 1 3 2 3 3 3 4 3 6 3 8 3 9 3 10 3 11 3 12 3 15 3 17 3 18 3 17 4 3 5 17 6 3 8 17 8 3 9 17 9 3 10 17 10 3 11 17 11 3 12 17 12 3 14 17 15 3 16 2 17 3 17 5 17 8 17 9 17 10 17 11 17 12 17 14 17 16 17 17 17 18 17 19 17 3 18 17 18
> BAT3 7 1 13 1 7 2 13 2 7 3 13 3 7 4 13 4 7 5 13 5 7 6 13 6 1 7 2 7 3 7 4 7 5 7 6 7 7 7 8 7 9 7 10 7 11 7 12 7 13 7 14 7 15 7 16 7 17 7 18 7 19 7 7 8 13 8 7 9 13 9 7 10 13 10 7 11 13 11 7 12 13 12 1 13 2 13 3 13 4 13 5 13 6 13 7 13 8 13 9 13 10 13 11 13 12 13 13 13 14 13 15 13 16 13 17 13 18 13 19 13 7 14 13 14 7 15 13 15 7 16 13 16 7 17 13 17 7 18 13 18 7 19 13 19
< RES 6826 7 1
< MOVE D
> REQ 6826 8 1
> VAMPIRE 1 2 1 3 1 4 0
> VAMPIRE 4 18 19 3 0 4 0
> VAMPIRE 2 18 1 2 1 4 0
> VAMPIRE 3 1 18 2 1 4 0
> GRENADE 4 19 18 5 4
> BAT1 3 1 5 1 15 1 17 1 5 2 15 2 5 3 19 3 15 4 1 5 2 5 4 5 5 5 6 5 8 5 9 5 10 5 11 5 12 5 15 5 17 5 18 5 19 5 15 6 5 8 15 8 5 9 15 9 5 10 15 10 5 11 15 11 5 12 15 12 5 14 1 15 2 15 3 15 5 15 8 15 9 15 10 15 11 15 12 15 14 15 15 15 16 15 18 15 19 15 5 16 1 17 15 17 5 18 15 18 3 19 5 19 15 19 17 19
> BAT2 3 2 17 2 1 3 2 3 3 3 4 3 6 3 8 3 9 3 10 3 11 3 12 3 15 3 17 3 18 3 17 4 3 5 17 6 3 8 17 8 3 9 17 9 3 10 17 10 3 11 17 11 3 12 17 12 3 14 17 15 3 16 2 17 3 17 5 17 8 17 9 17 10 17 11 17 12 17 14 17 16 17 17 17 18 17 19 17 3 18 17 18
> BAT3 7 1 13 1 7 2 13 2 7 3 13 3 7 4 13 4 7 5 13 5 7 6 13 6 1 7 2 7 3 7 4 7 5 7 6 7 7 7 8 7 9 7 10 7 11 7 12 7 13 7 14 7 15 7 16 7 17 7 18 7 19 7 7 8 13 8 7 9 13 9 7 10 13 10 7 11 13 11 7 12 13 12 1 13 2 13 3 13 4 13 5 13 6 13 7 13 8 13 9 13 10 13 11 13 12 13 13 13 14 13 15 13 16 13 17 13 18 13 19 13 7 14 13 14 7 15 13 15 7 16 13 16 7 17 13 17 7 18 13 18 7 19 13 19
< RES 6826 8 1
< GRENADE
< MOVE U R
> REQ 6826 9 1
> VAMPIRE 1 1 2 3 0 4 0
> VAMPIRE 4 18 19 3 0 4 0
> VAMPIRE 2 19 1 2 1 4 0
> VAMPIRE 3 2 19 2 1 4 0
> GRENADE 4 19 18 4 4
> GRENADE 1 2 1 5 4
> BAT1 3 1 5 1 15 1 17 1 5 2 15 2 5 3 19 3 15 4 1 5 2 5 4 5 5 5 6 5 8 5 9 5 10 5 11 5 12 5 15 5 17 5 18 5 19 5 15 6 5 8 15 8 5 9 15 9 5 10 15 10 5 11 15 11 5 12 15 12 5 14 1 15 2 15 3 15 5 15 8 15 9 15 10 15 11 15 12 15 14 15 15 15 16 15 18 15 19 15 5 16 1 17 15 17 5 18 15 18 3 19 5 19 15 19 17 19
> BAT2 3 2 17 2 1 3 2 3 3 3 4 3 6 3 8 3 9 3 10 3 11 3 12 3 15 3 17 3 18 3 17 4 3 5 17 6 3 8 17 8 3 9 17 9 3 10 17 10 3 11 17 11 3 12 17 12 3 14 17 15 3 16 2 17 3 17 5 17 8 17 9 17 10 17 11 17 12 17 14 17 16 17 17 17 18 17 19 17 3 18 17 18
> BAT3 7 1 13 1 7 2 13 2 7 3 13 3 7 4 13 4 7 5 13 5 7 6 13 6 1 7 2 7 3 7 4 7 5 7 6 7 7 7 8 7 9 7 10 7 11 7 12 7 13 7 14 7 15 7 16 7 17 7 18 7 19 7 7 8 13 8 7 9 13 9 7 10 13 10 7 11 13 11 7 12 13 12 1 13 2 13 3 13 4 13 5 13 6 13 7 13 8 13 9 13 10 13 11 13 12 13 13 13 14 13 15 13 16 13 17 13 18 13 19 13 7 14 13 14 7 15 13 15 7 16 13 16 7 17 13 17 7 18 13 18 7 19 13 19
< RES 6826 9 1
> REQ 6826 10 1
> VAMPIRE 1 1 2 3 0 4 0
> VAMPIRE 4 18 19 3 0 4 0
> VAMPIRE 2 18 1 2 0 4 0
> VAMPIRE 3 1 18 2 0 4 0
> GRENADE 4 19 18 3 4
> GRENADE 1 2 1 4 4
> GRENADE 2 19 1 5 4
> GRENADE 3 2 19 5 4
> BAT1 3 1 5 1 15 1 17 1 5 2 15 2 5 3 19 3 15 4 1 5 2 5 4 5 5 5 6 5 8 5 9 5 10 5 11 5 12 5 15 5 17 5 18 5 19 5 15 6 5 8 15 8 5 9 15 9 5 10 15 10 5 11 15 11 5 12 15 12 5 14 1 15 2 15 3 15 5 15 8 15 9 15 10 15 11 15 12 15 14 15 15 15 16 15 18 15 19 15 5 16 1 17 15 17 5 18 15 18 3 19 5 19 15 19 17 19
> BAT2 3 2 17 2 1 3 2 3 3 3 4 3 6 3 8 3 9 3 10 3 11 3 12 3 15 3 17 3 18 3 17 4 3 5 17 6 3 8 17 8 3 9 17 9 3 10 17 10 3 11 17 11 3 12 17 12 3 14 17 15 3 16 2 17 3 17 5 17 8 17 9 17 10 17 11 17 12 17 14 17 16 17 17 17 18 17 19 17 3 18 17 18
> BAT3 7 1 13 1 7 2 13 2 7 3 13 3 7 4 13 4 7 5 13 5 7 6 13 6 1 7 2 7 3 7 4 7 5 7 6 7 7 7 8 7 9 7 10 7 11 7 12 7 13 7 14 7 15 7 16 7 17 7 18 7 19 7 7 8 13 8 7 9 13 9 7 10 13 10 7 11 13 11 7 12 13 12 1 13 2 13 3 13 4 13 5 13 6 13 7 13 8 13 9 13 10 13 11 13 12 13 13 13 14 13 15 13 16 13 17 13 18 13 19 13 7 14 13 14 7 15 13 15 7 16 13 16 7 17 13 17 7 18 13 18 7 19 13 19
< RES 6826 10 1
> REQ 6826 11 1
> VAMPIRE 1 1 2 3 0 4 0
> VAMPIRE 4 18 19 3 0 4 0
> VAMPIRE 2 18 1 2 0 4 0
> VAMPIRE 3 1 18 2 0 4 0
> GRENADE 4 19 18 2 4
> GRENADE 1 2 1 3 4
> GRENADE 2 19 1 4 4
> GRENADE 3 2 19 4 4
> BAT1 3 1 5 1 15 1 17 1 5 2 15 2 5 3 19 3 15 4 1 5 2 5 4 5 5 5 6 5 8 5 9 5 10 5 11 5 12 5 15 5 17 5 18 5 19 5 15 6 5 8 15 8 5 9 15 9 5 10 15 10 5 11 15 11 5 12 15 12 5 14 1 15 2 15 3 15 5 15 8 15 9 15 10 15 11 15 12 15 14 15 15 15 16 15 18 15 19 15 5 16 1 17 15 17 5 18 15 18 3 19 5 19 15 19 17 19
> BAT2 3 2 17 2 1 3 2 3 3 3 4 3 6 3 8 3 9 3 10 3 11 3 12 3 15 3 17 3 18 3 17 4 3 5 17 6 3 8 17 8 3 9 17 9 3 10 17 10 3 11 17 11 3 12 17 12 3 14 17 15 3 16 2 17 3 17 5 17 8 17 9 17 10 17 11 17 12 17 14 17 16 17 17 17 18 17 19 17 3 18 17 18
> BAT3 7 1 13 1 7 2 13 2 7 3 13 3 7 4 13 4 7 5 13 5 7 6 13 6 1 7 2 7 3 7 4 7 5 7 6 7 7 7 8 7 9 7 10 7 11 7 12 7 13 7 14 7 15 7 16 7 17 7 18 7 19 7 7 8 13 8 7 9 13 9 7 10 13 10 7 11 13 11 7 12 13 12 1 13 2 13 3 13 4 13 5 13 6 13 7 13 8 13 9 13 10 13 11 13 12 13 13 13 14 13 15 13 16 13 17 13 18 13 19 13 7 14 13 14 7 15 13 15 7 16 13 16 7 17 13 17 7 18 13 18 7 19 13 19
< RES 6826 11 1
> REQ 6826 12 1
> VAMPIRE 1 1 2 3 0 4 0
> VAMPIRE 4 18 19 3 0 4 0
> VAMPIRE 2 18 1 2 0 4 0
> VAMPIRE 3 1 18 2 0 4 0
> GRENADE 4 19 18 1 4
> GRENADE 1 2 1 2 4
> GRENADE 2 19 1 3 4
> GRENADE 3 2 19 3 4
> BAT1 3 1 5 1 15 1 17 1 5 2 15 2 5 3 19 3 15 4 1 5 2 5 4 5 5 5 6 5 8 5 9 5 10 5 11 5 12 5 15 5 17 5 18 5 19 5 15 6 5 8 15 8 5 9 15 9 5 10 15 10 5 11 15 11 5 12 15 12 5 14 1 15 2 15 3 15 5 15 8 15 9 15 10 15 11 15 12 15 14 15 15 15 16 15 18 15 19 15 5 16 1 17 15 17 5 18 15 18 3 19 5 19 15 19 17 19
> BAT2 3 2 17 2 1 3 2 3 3 3 4 3 6 3 8 3 9 3 10 3 11 3 12 3 15 3 17 3 18 3 17 4 3 5 17 6 3 8 17 8 3 9 17 9 3 10 17 10 3 11 17 11 3 12 17 12 3 14 17 15 3 16 2 17 3 17 5 17 8 17 9 17 10 17 11 17 12 17 14 17 16 17 17 17 18 17 19 17 3 18 17 18
> BAT3 7 1 13 1 7 2 13 2 7 3 13 3 7 4 13 4 7 5 13 5 7 6 13 6 1 7 2 7 3 7 4 7 5 7 6 7 7 7 8 7 9 7 10 7 11 7 12 7 13 7 14 7 15 7 16 7 17 7 18 7 19 7 7 8 13 8 7 9 13 9 7 10 13 10 7 11 13 11 7 12 13 12 1 13 2 13 3 13 4 13 5 13 6 13 7 13 8 13 9 13 10 13 11 13 12 13 13 13 14 13 15 13 16 13 17 13 18 13 19 13 7 14 13 14 7 15 13 15 7 16 13 16 7 17 13 17 7 18 13 18 7 19 13 19
< RES 6826 12 1
> REQ 6826 13 1
> VAMPIRE 1 1 2 3 0 4 0
> VAMPIRE 4 18 19 3 1 4 0
> VAMPIRE 2 18 1 2 0 4 0
> VAMPIRE 3 1 18 2 0 4 0
> GRENADE 1 2 1 1 4
> GRENADE 2 19 1 2 4
> GRENADE 3 2 19 2 4
> BAT1 3 1 5 1 15 1 17 1 5 2 15 2 5 3 19 3 15 4 1 5 2 5 4 5 5 5 6 5 8 5 9 5 10 5 11 5 12 5 15 5 17 5 18 5 19 5 15 6 5 8 15 8 5 9 15 9 5 10 15 10 5 11 15 11 5 12 15 12 5 14 1 15 2 15 3 15 5 15 8 15 9 15 10 15 11 15 12 15 14 15 15 15 16 15 18 15 19 15 5 16 1 17 15 17 19 17 5 18 15 18 3 19 5 19 15 19 17 19
> BAT2 3 2 17 2 1 3 2 3 3 3 4 3 6 3 8 3 9 3 10 3 11 3 12 3 15 3 17 3 18 3 17 4 3 5 17 6 3 8 17 8 3 9 17 9 3 10 17 10 3 11 17 11 3 12 17 12 3 14 17 15 3 16 2 17 3 17 5 17 8 17 9 17 10 17 11 17 12 17 14 17 16 17 17 17 18 17 3 18 17 18
> BAT3 7 1 13 1 7 2 13 2 7 3 13 3 7 4 13 4 7 5 13 5 7 6 13 6 1 7 2 7 3 7 4 7 5 7 6 7 7 7 8 7 9 7 10 7 11 7 12 7 13 7 14 7 15 7 16 7 17 7 18 7 19 7 7 8 13 8 7 9 13 9 7 10 13 10 7 11 13 11 7 12 13 12 1 13 2 13 3 13 4 13 5 13 6 13 7 13 8 13 9 13 10 13 11 13 12 13 13 13 14 13 15 13 16 13 17 13 18 13 19 13 7 14 13 14 7 15 13 15 7 16 13 16 7 17 13 17 7 18 13 18 7 19 13 19
< RES 6826 13 1
> REQ 6826 14 1
> VAMPIRE 1 1 2 3 1 4 0
> VAMPIRE 4 19 18 3 0 4 0
> VAMPIRE 2 18 1 2 0 4 0
> VAMPIRE 3 1 18 2 0 4 0
> GRENADE 2 19 1 1 4
> GRENADE 3 2 19 1 4
> GRENADE 4 18 19 5 4
> BAT1 5 1 15 1 17 1 5 2 15 2 5 3 19 3 15 4 1 5 2 5 4 5 5 5 6 5 8 5 9 5 10 5 11 5 12 5 15 5 17 5 18 5 19 5 15 6 5 8 15 8 5 9 15 9 5 10 15 10 5 11 15 11 5 12 15 12 5 14 1 15 2 15 3 15 5 15 8 15 9 15 10 15 11 15 12 15 14 15 15 15 16 15 18 15 19 15 5 16 1 17 15 17 19 17 5 18 15 18 3 19 5 19 15 19 17 19
> BAT2 3 2 17 2 1 3 2 3 3 3 4 3 6 3 8 3 9 3 10 3 11 3 12 3 15 3 17 3 18 3 17 4 3 5 17 6 3 8 17 8 3 9 17 9 3 10 17 10 3 11 17 11 3 12 17 12 3 14 17 15 3 16 2 17 3 17 5 17 8 17 9 17 10 17 11 17 12 17 14 17 16 17 17 17 18 17 3 18 17 18
> BAT3 7 1 13 1 7 2 13 2 7 3 13 3 7 4 13 4 7 5 13 5 7 6 13 6 1 7 2 7 3 7 4 7 5 7 6 7 7 7 8 7 9 7 10 7 11 7 12 7 13 7 14 7 15 7 16 7 17 7 18 7 19 7 7 8 13 8 7 9 13 9 7 10 13 10 7 11 13 11 7 12 13 12 1 13 2 13 3 13 4 13 5 13 6 13 7 13 8 13 9 13 10 13 11 13 12 13 13 13 14 13 15 13 16 13 17 13 18 13 19 13 7 14 13 14 7 15 13 15 7 16 13 16 7 17 13 17 7 18 13 18 7 19 13 19
< RES 6826 14 1
< MOVE L D
> REQ 6826 15 1
> VAMPIRE 1 2 1 3 1 4 0
> VAMPIRE 4 19 18 3 0 4 0
> VAMPIRE 2 18 1 1 1 4 0
> VAMPIRE 3 1 18 2 1 4 0
> GRENADE 4 18 19 4 4
> BAT1 5 1 15 1 5 2 15 2 5 3 15 4 1 5 2 5 4 5 5 5 6 5 8 5 9 5 10 5 11 5 12 5 15 5 17 5 18 5 19 5 15 6 5 8 15 8 5 9 15 9 5 10 15 10 5 11 15 11 5 12 15 12 5 14 1 15 2 15 3 15 5 15 8 15 9 15 10 15 11 15 12 15 14 15 15 15 16 15 18 15 19 15 5 16 1 17 15 17 19 17 5 18 15 18 5 19 15 19 17 19
> BAT2 3 2 17 2 1 3 2 3 3 3 4 3 6 3 8 3 9 3 10 3 11 3 12 3 15 3 17 3 18 3 17 4 3 5 17 6 3 8 17 8 3 9 17 9 3 10 17 10 3 11 17 11 3 12 17 12 3 14 17 15 3 16 2 17 3 17 5 17 8 17 9 17 10 17 11 17 12 17 14 17 16 17 17 17 18 17 3 18 17 18
> BAT3 7 1 13 1 7 2 13 2 7 3 13 3 7 4 13 4 7 5 13 5 7 6 13 6 1 7 2 7 3 7 4 7 5 7 6 7 7 7 8 7 9 7 10 7 11 7 12 7 13 7 14 7 15 7 16 7 17 7 18 7 19 7 7 8 13 8 7 9 13 9 7 10 13 10 7 11 13 11 7 12 13 12 1 13 2 13 3 13 4 13 5 13 6 13 7 13 8 13 9 13 10 13 11 13 12 13 13 13 14 13 15 13 16 13 17 13 18 13 19 13 7 14 13 14 7 15 13 15 7 16 13 16 7 17 13 17 7 18 13 18 7 19 13 19
< RES 6826 15 1
< MOVE D
> REQ 6826 16 1
> VAMPIRE 1 3 1 3 1 4 0
> VAMPIRE 4 19 18 3 0 4 0
> VAMPIRE 2 17 1 1 1 4 0
> VAMPIRE 3 2 19 2 0 4 0
> GRENADE 4 18 19 3 4
> GRENADE 3 1 18 5 4
> BAT1 5 1 15 1 5 2 15 2 5 3 15 4 1 5 2 5 4 5 5 5 6 5 8 5 9 5 10 5 11 5 12 5 15 5 17 5 18 5 19 5 15 6 5 8 15 8 5 9 15 9 5 10 15 10 5 11 15 11 5 12 15 12 5 14 1 15 2 15 3 15 5 15 8 15 9 15 10 15 11 15 12 15 14 15 15 15 16 15 18 15 19 15 5 16 1 17 15 17 19 17 5 18 15 18 5 19 15 19 17 19
> BAT2 3 2 17 2 1 3 2 3 3 3 4 3 6 3 8 3 9 3 10 3 11 3 12 3 15 3 17 3 18 3 17 4 3 5 17 6 3 8 17 8 3 9 17 9 3 10 17 10 3 11 17 11 3 12 17 12 3 14 17 15 3 16 2 17 3 17 5 17 8 17 9 17 10 17 11 17 12 17 14 17 16 17 17 17 18 17 3 18 17 18
> BAT3 7 1 13 1 7 2 13 2 7 3 13 3 7 4 13 4 7 5 13 5 7 6 13 6 1 7 2 7 3 7 4 7 5 7 6 7 7 7 8 7 9 7 10 7 11 7 12 7 13 7 14 7 15 7 16 7 17 7 18 7 19 7 7 8 13 8 7 9 13 9 7 10 13 10 7 11 13 11 7 12 13 12 1 13 2 13 3 13 4 13 5 13 6 13 7 13 8 13 9 13 10 13 11 13 12 13 13 13 14 13 15 13 16 13 17 13 18 13 19 13 7 14 13 14 7 15 13 15 7 16 13 16 7 17 13 17 7 18 13 18 7 19 13 19
< RES 6826 16 1
< GRENADE
< MOVE U U
> REQ 6826 17 1
> VAMPIRE 1 1 1 3 0 4 0
> VAMPIRE 4 19 18 3 0 4 0
> VAMPIRE 2 18 1 1 1 4 0
> VAMPIRE 3 4 19 2 0 4 0
> GRENADE 4 18 19 2 4
> GRENADE 3 1 18 4 4
> GRENADE 1 3 1 5 4
> BAT1 5 1 15 1 5 2 15 2 5 3 15 4 1 5 2 5 4 5 5 5 6 5 8 5 9 5 10 5 11 5 12 5 15 5 17 5 18 5 19 5 15 6 5 8 15 8 5 9 15 9 5 10 15 10 5 11 15 11 5 12 15 12 5 14 1 15 2 15 3 15 5 15 8 15 9 15 10 15 11 15 12 15 14 15 15 15 16 15 18 15 19 15 5 16 1 17 15 17 19 17 5 18 15 18 5 19 15 19 17 19
> BAT2 3 2 17 2 1 3 2 3 3 3 4 3 6 3 8 3 9 3 10 3 11 3 12 3 15 3 17 3 18 3 17 4 3 5 17 6 3 8 17 8 3 9 17 9 3 10 17 10 3 11 17 11 3 12 17 12 3 14 17 15 3 16 2 17 3 17 5 17 8 17 9 17 10 17 11 17 12 17 14 17 16 17 17 17 18 17 3 18 17 18
> BAT3 7 1 13 1 7 2 13 2 7 3 13 3 7 4 13 4 7 5 13 5 7 6 13 6 1 7 2 7 3 7 4 7 5 7 6 7 7 7 8 7 9 7 10 7 11 7 12 7 13 7 14 7 15 7 16 7 17 7 18 7 19 7 7 8 13 8 7 9 13 9 7 10 13 10 7 11 13 11 7 12 13 12 1 13 2 13 3 13 4 13 5 13 6 13 7 13 8 13 9 13 10 13 11 13 12 13 13 13 14 13 15 13 16 13 17 13 18 13 19 13 7 14 13 14 7 15 13 15 7 16 13 16 7 17 13 17 7 18 13 18 7 19 13 19
< RES 6826 17 1
< MOVE R
> REQ 6826 18 1
> VAMPIRE 1 1 2 3 0 4 0
> VAMPIRE 4 19 18 3 0 4 0
> VAMPIRE 2 17 1 1 1 4 0
> VAMPIRE 3 4 19 2 0 4 0
> GRENADE 4 18 19 1 4
> GRENADE 3 1 18 3 4
> GRENADE 1 3 1 4 4
> BAT1 5 1 15 1 5 2 15 2 5 3 15 4 1 5 2 5 4 5 5 5 6 5 8 5 9 5 10 5 11 5 12 5 15 5 17 5 18 5 19 5 15 6 5 8 15 8 5 9 15 9 5 10 15 10 5 11 15 11 5 12 15 12 5 14 1 15 2 15 3 15 5 15 8 15 9 15 10 15 11 15 12 15 14 15 15 15 16 15 18 15 19 15 5 16 1 17 15 17 19 17 5 18 15 18 5 19 15 19 17 19
> BAT2 3 2 17 2 1 3 2 3 3 3 4 3 6 3 8 3 9 3 10 3 11 3 12 3 15 3 17 3 18 3 17 4 3 5 17 6 3 8 17 8 3 9 17 9 3 10 17 10 3 11 17 11 3 12 17 12 3 14 17 15 3 16 2 17 3 17 5 17 8 17 9 17 10 17 11 17 12 17 14 17 16 17 17 17 18 17 3 18 17 18
> BAT3 7 1 13 1 7 2 13 2 7 3 13 3 7 4 13 4 7 5 13 5 7 6 13 6 1 7 2 7 3 7 4 7 5 7 6 7 7 7 8 7 9 7 10 7 11 7 12 7 13 7 14 7 15 7 16 7 17 7 18 7 19 7 7 8 13 8 7 9 13 9 7 10 13 10 7 11 13 11 7 12 13 12 1 13 2 13 3 13 4 13 5 13 6 13 7 13 8 13 9 13 10 13 11 13 12 13 13 13 14 13 15 13 16 13 17 13 18 13 19 13 7 14 13 14 7 15 13 15 7 16 13 16 7 17 13 17 7 18 13 18 7 19 13 19
< RES 6826 18 1
> REQ 6826 19 1
> VAMPIRE 1 1 2 3 0 4 0
> VAMPIRE 4 19 18 3 1 4 0
> VAMPIRE 2 18 1 1 0 4 0
> VAMPIRE 3 4 19 2 0 4 0
> GRENADE 3 1 18 2 4
> GRENADE 1 3 1 3 4
> GRENADE 2 17 1 5 4
> BAT1 5 1 15 1 5 2 15 2 5 3 15 4 1 5 2 5 4 5 5 5 6 5 8 5 9 5 10 5 11 5 12 5 15 5 17 5 18 5 19 5 15 6 5 8 15 8 5 9 15 9 5 10 15 10 5 11 15 11 5 12 15 12 5 14 1 15 2 15 3 15 5 15 8 15 9 15 10 15 11 15 12 15 14 15 15 15 16 15 18 15 19 15 5 16 1 17 15 17 19 17 5 18 15 18 5 19 15 19
> BAT2 3 2 17 2 1 3 2 3 3 3 4 3 6 3 8 3 9 3 10 3 11 3 12 3 15 3 17 3 18 3 17 4 3 5 17 6 3 8 17 8 3 9 17 9 3 10 17 10 3 11 17 11 3 12 17 12 3 14 17 15 3 16 2 17 3 17 5 17 8 17 9 17 10 17 11 17 12 17 14 17 16 17 17 17 18 17 3 18 17 18
> BAT3 7 1 13 1 7 2 13 2 7 3 13 3 7 4 13 4 7 5 13 5 7 6 13 6 1 7 2 7 3 7 4 7 5 7 6 7 7 7 8 7 9 7 10 7 11 7 12 7 13 7 14 7 15 7 16 7 17 7 18 7 19 7 7 8 13 8 7 9 13 9 7 10 13 10 7 11 13 11 7 12 13 12 1 13 2 13 3 13 4 13 5 13 6 13 7 13 8 13 9 13 10 13 11 13 12 13 13 13 14 13 15 13 16 13 17 13 18 13 19 13 7 14 13 14 7 15 13 15 7 16 13 16 7 17 13 17 7 18 13 18 7 19 13 19
< RES 6826 19 1
> REQ 6826 20 1
> VAMPIRE 1 1 2 3 0 4 0
> VAMPIRE 4 18 19 3 0 4 0
> VAMPIRE 2 19 2 1 0 4 0
> VAMPIRE 3 4 19 2 0 4 0
> GRENADE 3 1 18 1 4
> GRENADE 1 3 1 2 4
> GRENADE 2 17 1 4 4
> GRENADE 4 19 18 5 4
> BAT1 5 1 15 1 5 2 15 2 5 3 15 4 1 5 2 5 4 5 5 5 6 5 8 5 9 5 10 5 11 5 12 5 15 5 17 5 18 5 19 5 15 6 5 8 15 8 5 9 15 9 5 10 15 10 5 11 15 11 5 12 15 12 5 14 1 15 2 15 3 15 5 15 8 15 9 15 10 15 11 15 12 15 14 15 15 15 16 15 18 15 19 15 5 16 1 17 15 17 19 17 5 18 15 18 5 19 15 19
> BAT2 3 2 17 2 1 3 2 3 3 3 4 3 6 3 8 3 9 3 10 3 11 3 12 3 15 3 17 3 18 3 17 4 3 5 17 6 3 8 17 8 3 9 17 9 3 10 17 10 3 11 17 11 3 12 17 12 3 14 17 15 3 16 2 17 3 17 5 17 8 17 9 17 10 17 11 17 12 17 14 17 16 17 17 17 18 17 3 18 17 18
> BAT3 7 1 13 1 7 2 13 2 7 3 13 3 7 4 13 4 7 5 13 5 7 6 13 6 1 7 2 7 3 7 4 7 5 7 6 7 7 7 8 7 9 7 10 7 11 7 12 7 13 7 14 7 15 7 16 7 17 7 18 7 19 7 7 8 13 8 7 9 13 9 7 10 13 10 7 11 13 11 7 12 13 12 1 13 2 13 3 13 4 13 5 13 6 13 7 13 8 13 9 13 10 13 11 13 12 13 13 13 14 13 15 13 16 13 17 13 18 13 19 13 7 14 13 14 7 15 13 15 7 16 13 16 7 17 13 17 7 18 13 18 7 19 13 19
< RES 6826 20 1
> REQ 6826 21 1
> VAMPIRE 1 1 2 3 0 4 0
> VAMPIRE 4 16 19 3 0 4 0
> VAMPIRE 2 19 2 1 0 4 0
> VAMPIRE 3 4 19 2 1 4 0
> GRENADE 1 3 1 1 4
> GRENADE 2 17 1 3 4
> GRENADE 4 19 18 4 4
> BAT1 5 1 15 1 5 2 15 2 5 3 15 4 1 5 2 5 4 5 5 5 6 5 8 5 9 5 10 5 11 5 12 5 15 5 17 5 18 5 19 5 15 6 5 8 15 8 5 9 15 9 5 10 15 10 5 11 15 11 5 12 15 12 5 14 1 15 2 15 3 15 5 15 8 15 9 15 10 15 11 15 12 15 14 15 15 15 16 15 18 15 19 15 5 16 15 17 19 17 5 18 15 18 5 19 15 19
> BAT2 3 2 17 2 1 3 2 3 3 3 4 3 6 3 8 3 9 3 10 3 11 3 12 3 15 3 17 3 18 3 17 4 3 5 17 6 3 8 17 8 3 9 17 9 3 10 17 10 3 11 17 11 3 12 17 12 3 14 17 15 3 16 2 17 3 17 5 17 8 17 9 17 10 17 11 17 12 17 14 17 16 17 17 17 18 17 3 18 17 18
> BAT3 7 1 13 1 7 2 13 2 7 3 13 3 7 4 13 4 7 5 13 5 7 6 13 6 1 7 2 7 3 7 4 7 5 7 6 7 7 7 8 7 9 7 10 7 11 7 12 7 13 7 14 7 15 7 16 7 17 7 18 7 19 7 7 8 13 8 7 9 13 9 7 10 13 10 7 11 13 11 7 12 13 12 1 13 2 13 3 13 4 13 5 13 6 13 7 13 8 13 9 13 10 13 11 13 12 13 13 13 14 13 15 13 16 13 17 13 18 13 19 13 7 14 13 14 7 15 13 15 7 16 13 16 7 17 13 17 7 18 13 18 7 19 13 19
< RES 6826 21 1
< MOVE L D
> REQ 6826 23 1
> WARN Wrong header, expected: RES 6826 22 1 ; RES 6826 21 1
> VAMPIRE 1 1 2 3 1 4 0
> VAMPIRE 4 16 19 3 0 4 0
> VAMPIRE 2 19 2 1 0 4 0
> VAMPIRE 3 2 19 2 0 4 0
> GRENADE 2 17 1 1 4
> GRENADE 4 19 18 2 4
> GRENADE 3 3 19 5 4
> BAT1 15 1 3 2 5 2 15 2 5 3 15 4 1 5 2 5 4 5 5 5 6 5 8 5 9 5 10 5 11 5 12 5 15 5 17 5 18 5 19 5 15 6 5 8 15 8 5 9 15 9 5 10 15 10 5 11 15 11 5 12 15 12 5 14 1 15 2 15 3 15 5 15 8 15 9 15 10 15 11 15 12 15 14 15 15 15 16 15 18 15 19 15 5 16 15 17 19 17 5 18 15 18 5 19 15 19
> BAT2 17 2 1 3 2 3 3 3 4 3 6 3 8 3 9 3 10 3 11 3 12 3 15 3 17 3 18 3 17 4 3 5 17 6 3 8 17 8 3 9 17 9 3 10 17 10 3 11 17 11 3 12 17 12 3 14 17 15 3 16 2 17 3 17 5 17 8 17 9 17 10 17 11 17 12 17 14 17 16 17 17 17 18 17 3 18 17 18
> BAT3 7 1 13 1 7 2 13 2 7 3 13 3 7 4 13 4 7 5 13 5 7 6 13 6 1 7 2 7 3 7 4 7 5 7 6 7 7 7 8 7 9 7 10 7 11 7 12 7 13 7 14 7 15 7 16 7 17 7 18 7 19 7 7 8 13 8 7 9 13 9 7 10 13 10 7 11 13 11 7 12 13 12 1 13 2 13 3 13 4 13 5 13 6 13 7 13 8 13 9 13 10 13 11 13 12 13 13 13 14 13 15 13 16 13 17 13 18 13 19 13 7 14 13 14 7 15 13 15 7 16 13 16 7 17 13 17 7 18 13 18 7 19 13 19
< RES 6826 23 1
< MOVE L D
> REQ 6826 25 1
> WARN Wrong header, expected: RES 6826 24 1 ; RES 6826 23 1
> VAMPIRE 1 1 2 3 1 4 0
> VAMPIRE 4 16 19 3 1 4 0
> VAMPIRE 2 19 3 1 1 4 0
> VAMPIRE 3 1 16 2 0 4 0
> GRENADE 3 3 19 3 4
> BAT1 3 2 5 2 15 2 17 2 5 3 15 4 1 5 2 5 4 5 5 5 6 5 8 5 9 5 10 5 11 5 12 5 15 5 17 5 18 5 19 5 15 6 5 8 15 8 5 9 15 9 5 10 15 10 5 11 15 11 5 12 15 12 5 14 1 15 2 15 3 15 5 15 8 15 9 15 10 15 11 15 12 15 14 15 15 15 16 15 18 15 19 15 5 16 15 17 5 18 15 18 5 19 15 19
> BAT2 1 3 2 3 3 3 4 3 6 3 8 3 9 3 10 3 11 3 12 3 15 3 17 3 18 3 17 4 3 5 17 6 3 8 17 8 3 9 17 9 3 10 17 10 3 11 17 11 3 12 17 12 3 14 17 15 3 16 2 17 3 17 5 17 8 17 9 17 10 17 11 17 12 17 14 17 16 17 17 17 18 17 3 18 17 18
> BAT3 7 1 13 1 7 2 13 2 7 3 13 3 7 4 13 4 7 5 13 5 7 6 13 6 1 7 2 7 3 7 4 7 5 7 6 7 7 7 8 7 9 7 10 7 11 7 12 7 13 7 14 7 15 7 16 7 17 7 18 7 19 7 7 8 13 8 7 9 13 9 7 10 13 10 7 11 13 11 7 12 13 12 1 13 2 13 3 13 4 13 5 13 6 13 7 13 8 13 9 13 10 13 11 13 12 13 13 13 14 13 15 13 16 13 17 13 18 13 19 13 7 14 13 14 7 15 13 15 7 16 13 16 7 17 13 17 7 18 13 18 7 19 13 19
< RES 6826 25 1
< MOVE L D
> REQ 6826 27 1
> WARN Wrong header, expected: RES 6826 26 1 ; RES 6826 25 1
> VAMPIRE 1 1 2 3 1 4 0
> VAMPIRE 4 19 19 3 0 4 0
> VAMPIRE 2 18 1 1 0 4 0
> VAMPIRE 3 1 16 2 0 4 0
> GRENADE 3 3 19 1 4
> GRENADE 2 19 3 4 4
> GRENADE 4 17 19 5 4
> BAT1 3 2 5 2 15 2 17 2 5 3 15 4 1 5 2 5 4 5 5 5 6 5 8 5 9 5 10 5 11 5 12 5 15 5 17 5 18 5 19 5 15 6 5 8 15 8 5 9 15 9 5 10 15 10 5 11 15 11 5 12 15 12 5 14 1 15 2 15 3 15 5 15 8 15 9 15 10 15 11 15 12 15 14 15 15 15 16 15 18 15 19 15 5 16 15 17 5 18 15 18 5 19 15 19
> BAT2 1 3 2 3 3 3 4 3 6 3 8 3 9 3 10 3 11 3 12 3 15 3 17 3 18 3 17 4 3 5 17 6 3 8 17 8 3 9 17 9 3 10 17 10 3 11 17 11 3 12 17 12 3 14 17 15 3 16 2 17 3 17 5 17 8 17 9 17 10 17 11 17 12 17 14 17 16 17 17 17 18 17 3 18 17 18
> BAT3 7 1 13 1 7 2 13 2 7 3 13 3 7 4 13 4 7 5 13 5 7 6 13 6 1 7 2 7 3 7 4 7 5 7 6 7 7 7 8 7 9 7 10 7 11 7 12 7 13 7 14 7 15 7 16 7 17 7 18 7 19 7 7 8 13 8 7 9 13 9 7 10 13 10 7 11 13 11 7 12 13 12 1 13 2 13 3 13 4 13 5 13 6 13 7 13 8 13 9 13 10 13 11 13 12 13 13 13 14 13 15 13 16 13 17 13 18 13 19 13 7 14 13 14 7 15 13 15 7 16 13 16 7 17 13 17 7 18 13 18 7 19 13 19
< RES 6826 27 1
< MOVE L D
> REQ 6826 29 1
> WARN Wrong header, expected: RES 6826 28 1 ; RES 6826 27 1
> VAMPIRE 1 1 2 3 1 4 0
> VAMPIRE 4 19 16 3 0 4 0
> VAMPIRE 2 17 1 1 0 4 0
> VAMPIRE 3 1 17 2 1 4 0
> GRENADE 2 19 3 2 4
> GRENADE 4 17 19 3 4
> BAT1 3 2 5 2 15 2 17 2 5 3 15 4 1 5 2 5 4 5 5 5 6 5 8 5 9 5 10 5 11 5 12 5 15 5 17 5 18 5 19 5 15 6 5 8 15 8 5 9 15 9 5 10 15 10 5 11 15 11 5 12 15 12 5 14 1 15 2 15 3 15 5 15 8 15 9 15 10 15 11 15 12 15 14 15 15 15 16 15 18 15 19 15 5 16 15 17 3 18 5 18 15 18 15 19
> BAT2 1 3 2 3 3 3 4 3 6 3 8 3 9 3 10 3 11 3 12 3 15 3 17 3 18 3 17 4 3 5 17 6 3 8 17 8 3 9 17 9 3 10 17 10 3 11 17 11 3 12 17 12 3 14 17 15 3 16 2 17 3 17 5 17 8 17 9 17 10 17 11 17 12 17 14 17 16 17 17 17 18 17 17 18
> BAT3 7 1 13 1 7 2 13 2 7 3 13 3 7 4 13 4 7 5 13 5 7 6 13 6 1 7 2 7 3 7 4 7 5 7 6 7 7 7 8 7 9 7 10 7 11 7 12 7 13 7 14 7 15 7 16 7 17 7 18 7 19 7 7 8 13 8 7 9 13 9 7 10 13 10 7 11 13 11 7 12 13 12 1 13 2 13 3 13 4 13 5 13 6 13 7 13 8 13 9 13 10 13 11 13 12 13 13 13 14 13 15 13 16 13 17 13 18 13 19 13 7 14 13 14 7 15 13 15 7 16 13 16 7 17 13 17 7 18 13 18 7 19 13 19
< RES 6826 29 1
< MOVE L D
> WARN Wrong header, expected: RES 6826 30 1 ; RES 6826 29 1
> END 52.8 No_competitor_left;Inactivity