> MESSAGE OK
> LEVEL 9
> GAMEID 6829
> TEST 1
> MAXTICK 1000
> GRENADERADIUS 2
> SIZE 21
> REQ 6829 0 1
> VAMPIRE 2 19 1 3 1 2 0
> VAMPIRE 4 1 19 3 1 2 0
> VAMPIRE 1 1 1 3 1 2 0
> VAMPIRE 3 19 19 3 1 2 0
> BAT1 4 1 6 1 8 1 10 1 12 1 14 1 16 1 1 4 19 4 6 5 8 5 10 5 12 5 14 5 1 6 5 6 15 6 19 6 1 8 5 8 15 8 19 8 10 9 1 10 5 10 9 10 11 10 15 10 19 10 10 11 1 12 5 12 15 12 19 12 1 14 5 14 15 14 19 14 6 15 8 15 10 15 12 15 14 15 1 16 19 16 4 19 6 19 8 19 10 19 12 19 14 19 16 19
> BAT2 4 3 6 3 8 3 10 3 12 3 14 3 16 3 3 4 17 4 3 6 17 6 8 7 10 7 12 7 3 8 7 8 13 8 17 8 3 10 7 10 13 10 17 10 3 12 7 12 13 12 17 12 8 13 10 13 12 13 3 14 17 14 3 16 17 16 4 17 6 17 8 17 10 17 12 17 14 17 16 17
< RES 6829 0 1
< MOVE R R
> REQ 6829 2 1
> WARN Wrong header, expected: RES 6829 1 1 ; RES 6829 0 1
> VAMPIRE 2 17 2 3 0 2 0
> VAMPIRE 4 2 17 3 0 2 0
> VAMPIRE 1 1 1 3 1 2 0
> VAMPIRE 3 17 18 3 0 2 0
> GRENADE 2 18 1 5 2
> GRENADE 3 18 19 5 2
> GRENADE 4 1 18 5 2
> BAT1 4 1 6 1 8 1 10 1 12 1 14 1 16 1 1 4 19 4 6 5 8 5 10 5 12 5 14 5 1 6 5 6 15 6 19 6 1 8 5 8 15 8 19 8 10 9 1 10 5 10 9 10 11 10 15 10 19 10 10 11 1 12 5 12 15 12 19 12 1 14 5 14 15 14 19 14 6 15 8 15 10 15 12 15 14 15 1 16 19 16 4 19 6 19 8 19 10 19 12 19 14 19 16 19
> BAT2 4 3 6 3 8 3 10 3 12 3 14 3 16 3 3 4 17 4 3 6 17 6 8 7 10 7 12 7 3 8 7 8 13 8 17 8 3 10 7 10 13 10 17 10 3 12 7 12 13 12 17 12 8 13 10 13 12 13 3 14 17 14 3 16 17 16 4 17 6 17 8 17 10 17 12 17 14 17 16 17
< RES 6829 2 1
< MOVE R R
> REQ 6829 4 1
> WARN Wrong header, expected: RES 6829 3 1 ; RES 6829 2 1
> VAMPIRE 2 17 2 3 0 2 0
> VAMPIRE 4 2 17 3 0 2 0
> VAMPIRE 1 1 1 3 1 2 0
> VAMPIRE 3 17 17 3 0 2 0
> GRENADE 2 18 1 3 2
> GRENADE 3 18 19 3 2
> GRENADE 4 1 18 3 2
> BAT1 4 1 6 1 8 1 10 1 12 1 14 1 16 1 1 4 19 4 6 5 8 5 10 5 12 5 14 5 1 6 5 6 15 6 19 6 1 8 5 8 15 8 19 8 10 9 1 10 5 10 9 10 11 10 15 10 19 10 10 11 1 12 5 12 15 12 19 12 1 14 5 14 15 14 19 14 6 15 8 15 10 15 12 15 14 15 1 16 19 16 4 19 6 19 8 19 10 19 12 19 14 19 16 19
> BAT2 4 3 6 3 8 3 10 3 12 3 14 3 16 3 3 4 17 4 3 6 17 6 8 7 10 7 12 7 3 8 7 8 13 8 17 8 3 10 7 10 13 10 17 10 3 12 7 12 13 12 17 12 8 13 10 13 12 13 3 14 17 14 3 16 17 16 4 17 6 17 8 17 10 17 12 17 14 17 16 17
< RES 6829 4 1
< MOVE R R
> REQ 6829 6 1
> WARN Wrong header, expected: RES 6829 5 1 ; RES 6829 4 1
> VAMPIRE 2 17 2 3 0 2 0
> VAMPIRE 4 2 17 3 0 2 0
> VAMPIRE 1 1 1 3 1 2 0
> VAMPIRE 3 17 17 3 0 2 0
> GRENADE 2 18 1 1 2
> GRENADE 3 18 19 1 2
> GRENADE 4 1 18 1 2
> BAT1 4 1 6 1 8 1 10 1 12 1 14 1 16 1 1 4 19 4 6 5 8 5 10 5 12 5 14 5 1 6 5 6 15 6 19 6 1 8 5 8 15 8 19 8 10 9 1 10 5 10 9 10 11 10 15 10 19 10 10 11 1 12 5 12 15 12 19 12 1 14 5 14 15 14 19 14 6 15 8 15 10 15 12 15 14 15 1 16 19 16 4 19 6 19 8 19 10 19 12 19 14 19 16 19
> BAT2 4 3 6 3 8 3 10 3 12 3 14 3 16 3 3 4 17 4 3 6 17 6 8 7 10 7 12 7 3 8 7 8 13 8 17 8 3 10 7 10 13 10 17 10 3 12 7 12 13 12 17 12 8 13 10 13 12 13 3 14 17 14 3 16 17 16 4 17 6 17 8 17 10 17 12 17 14 17 16 17
< RES 6829 6 1
< MOVE R R
> REQ 6829 8 1
> WARN Wrong header, expected: RES 6829 7 1 ; RES 6829 6 1
> VAMPIRE 2 17 3 3 1 2 0
> VAMPIRE 4 1 16 3 0 2 0
> VAMPIRE 1 1 1 3 1 2 0
> VAMPIRE 3 17 19 3 0 2 0
> GRENADE 3 17 17 5 2
> GRENADE 4 2 17 5 2
> BAT1 4 1 6 1 8 1 10 1 12 1 14 1 1 4 19 4 6 5 8 5 10 5 12 5 14 5 1 6 5 6 15 6 19 6 1 8 5 8 15 8 19 8 10 9 1 10 5 10 9 10 11 10 15 10 19 10 10 11 1 12 5 12 15 12 19 12 1 14 5 14 15 14 19 14 6 15 8 15 10 15 12 15 14 15 19 16 4 19 6 19 8 19 10 19 12 19 14 19
> BAT2 4 3 6 3 8 3 10 3 12 3 14 3 16 3 3 4 17 4 3 6 17 6 8 7 10 7 12 7 3 8 7 8 13 8 17 8 3 10 7 10 13 10 17 10 3 12 7 12 13 12 17 12 8 13 10 13 12 13 3 14 17 14 3 16 17 16 4 17 6 17 8 17 10 17 12 17 14 17 16 17
< RES 6829 8 1
< MOVE R R
> WARN Wrong header, expected: RES 6829 9 1 ; RES 6829 8 1
> END 1.3 No_competitor_left;Inactivity