> MESSAGE OK
> LEVEL 14
> GAMEID 706
> TEST 0
> MAXTICK 600
> GRENADERADIUS 2
> SIZE 15
> REQ 706 0 1
> VAMPIRE 2 13 1 3 1 2 0
> VAMPIRE 4 1 13 3 1 2 0
> VAMPIRE 1 1 1 3 1 2 0
> VAMPIRE 3 13 13 3 1 2 0
> BAT1 3 2 3 3 4 3 5 3 9 3 10 3 11 3 12 3 3 4 5 4 9 4 11 4 3 5 4 5 5 5 9 5 10 5 11 5 3 9 4 9 5 9 9 9 10 9 11 9 3 10 5 10 9 10 11 10 2 11 3 11 4 11 5 11 9 11 10 11 11 11 11 12
> BAT3 2 1 3 1 4 1 5 2 9 2 11 2 13 2 2 3 6 3 8 3 13 3 13 4 2 5 6 5 8 5 12 5 3 6 5 6 9 6 11 6 3 8 5 8 9 8 11 8 2 9 6 9 8 9 12 9 1 10 1 11 6 11 8 11 12 11 1 12 3 12 5 12 9 12 10 13 11 13 12 13
< RES 706 0 1
< GRENADE
< MOVE R R
> REQ 706 1 1
> VAMPIRE 2 11 1 3 0 2 0
> VAMPIRE 4 3 13 3 0 2 0
> VAMPIRE 1 1 3 3 0 2 0
> VAMPIRE 3 13 12 3 1 2 0
> GRENADE 1 1 1 5 2
> GRENADE 2 13 1 5 2
> GRENADE 4 1 13 5 2
> BAT1 3 2 3 3 4 3 5 3 9 3 10 3 11 3 12 3 3 4 5 4 9 4 11 4 3 5 4 5 5 5 9 5 10 5 11 5 3 9 4 9 5 9 9 9 10 9 11 9 3 10 5 10 9 10 11 10 2 11 3 11 4 11 5 11 9 11 10 11 11 11 11 12
> BAT3 2 1 3 1 4 1 5 2 9 2 11 2 13 2 2 3 6 3 8 3 13 3 13 4 2 5 6 5 8 5 12 5 3 6 5 6 9 6 11 6 3 8 5 8 9 8 11 8 2 9 6 9 8 9 12 9 1 10 1 11 6 11 8 11 12 11 1 12 3 12 5 12 9 12 10 13 11 13 12 13
< RES 706 1 1
< MOVE R R
> REQ 706 2 1
> VAMPIRE 2 9 1 3 0 2 0
> VAMPIRE 4 5 13 3 0 2 0
> VAMPIRE 1 1 5 3 0 2 0
> VAMPIRE 3 13 10 3 1 2 0
> GRENADE 1 1 1 4 2
> GRENADE 2 13 1 4 2
> GRENADE 4 1 13 4 2
> BAT1 3 2 3 3 4 3 5 3 9 3 10 3 11 3 12 3 3 4 5 4 9 4 11 4 3 5 4 5 5 5 9 5 10 5 11 5 3 9 4 9 5 9 9 9 10 9 11 9 3 10 5 10 9 10 11 10 2 11 3 11 4 11 5 11 9 11 10 11 11 11 11 12
> BAT3 2 1 3 1 4 1 5 2 9 2 11 2 13 2 2 3 6 3 8 3 13 3 13 4 2 5 6 5 8 5 12 5 3 6 5 6 9 6 11 6 3 8 5 8 9 8 11 8 2 9 6 9 8 9 12 9 1 10 1 11 6 11 8 11 12 11 1 12 3 12 5 12 9 12 10 13 11 13 12 13
< RES 706 2 1
< MOVE R R
> REQ 706 3 1
> VAMPIRE 2 7 1 3 0 2 0
> VAMPIRE 4 7 13 3 0 2 0
> VAMPIRE 1 1 7 3 0 2 0
> VAMPIRE 3 13 8 3 1 2 0
> GRENADE 1 1 1 3 2
> GRENADE 2 13 1 3 2
> GRENADE 4 1 13 3 2
> BAT1 3 2 3 3 4 3 5 3 9 3 10 3 11 3 12 3 3 4 5 4 9 4 11 4 3 5 4 5 5 5 9 5 10 5 11 5 3 9 4 9 5 9 9 9 10 9 11 9 3 10 5 10 9 10 11 10 2 11 3 11 4 11 5 11 9 11 10 11 11 11 11 12
> BAT3 2 1 3 1 4 1 5 2 9 2 11 2 13 2 2 3 6 3 8 3 13 3 13 4 2 5 6 5 8 5 12 5 3 6 5 6 9 6 11 6 3 8 5 8 9 8 11 8 2 9 6 9 8 9 12 9 1 10 1 11 6 11 8 11 12 11 1 12 3 12 5 12 9 12 10 13 11 13 12 13
< RES 706 3 1
> REQ 706 4 1
> VAMPIRE 2 7 1 3 0 2 0
> VAMPIRE 4 7 11 3 0 2 0
> VAMPIRE 1 1 7 3 0 2 0
> VAMPIRE 3 13 6 3 1 2 0
> GRENADE 1 1 1 2 2
> GRENADE 2 13 1 2 2
> GRENADE 4 1 13 2 2
> POWERUP GRENADE -5 7 8 6
> POWERUP GRENADE -5 7 6 6
> BAT1 3 2 3 3 4 3 5 3 9 3 10 3 11 3 12 3 3 4 5 4 9 4 11 4 3 5 4 5 5 5 9 5 10 5 11 5 3 9 4 9 5 9 9 9 10 9 11 9 3 10 5 10 9 10 11 10 2 11 3 11 4 11 5 11 9 11 10 11 11 11 11 12
> BAT3 2 1 3 1 4 1 5 2 9 2 11 2 13 2 2 3 6 3 8 3 13 3 13 4 2 5 6 5 8 5 12 5 3 6 5 6 9 6 11 6 3 8 5 8 9 8 11 8 2 9 6 9 8 9 12 9 1 10 1 11 6 11 8 11 12 11 1 12 3 12 5 12 9 12 10 13 11 13 12 13
< RES 706 4 1
< MOVE D D
> REQ 706 5 1
> VAMPIRE 2 7 3 3 0 2 0
> VAMPIRE 4 7 11 3 0 2 0
> VAMPIRE 1 3 7 3 0 2 0
> VAMPIRE 3 12 7 3 1 2 0
> GRENADE 1 1 1 1 2
> GRENADE 2 13 1 1 2
> GRENADE 4 1 13 1 2
> POWERUP GRENADE -4 7 8 6
> POWERUP GRENADE -4 7 6 6
> BAT1 3 2 3 3 4 3 5 3 9 3 10 3 11 3 12 3 3 4 5 4 9 4 11 4 3 5 4 5 5 5 9 5 10 5 11 5 3 9 4 9 5 9 9 9 10 9 11 9 3 10 5 10 9 10 11 10 2 11 3 11 4 11 5 11 9 11 10 11 11 11 11 12
> BAT3 2 1 3 1 4 1 5 2 9 2 11 2 13 2 2 3 6 3 8 3 13 3 13 4 2 5 6 5 8 5 12 5 3 6 5 6 9 6 11 6 3 8 5 8 9 8 11 8 2 9 6 9 8 9 12 9 1 10 1 11 6 11 8 11 12 11 1 12 3 12 5 12 9 12 10 13 11 13 12 13
< RES 706 5 1
< MOVE D D
> REQ 706 6 1
> VAMPIRE 2 7 3 3 1 2 0
> VAMPIRE 4 7 11 3 1 2 0
> VAMPIRE 1 5 7 3 1 2 0
> VAMPIRE 3 10 7 3 1 2 0
> POWERUP GRENADE -3 7 8 6
> POWERUP GRENADE -3 7 6 6
> BAT1 3 2 3 3 4 3 5 3 9 3 10 3 11 3 12 3 3 4 5 4 9 4 11 4 3 5 4 5 5 5 9 5 10 5 11 5 3 9 4 9 5 9 9 9 10 9 11 9 3 10 5 10 9 10 11 10 2 11 3 11 4 11 5 11 9 11 10 11 11 11 11 12
> BAT2 2 1 13 2 1 12
> BAT3 3 1 4 1 5 2 9 2 11 2 2 3 6 3 8 3 13 3 13 4 2 5 6 5 8 5 12 5 3 6 5 6 9 6 11 6 3 8 5 8 9 8 11 8 2 9 6 9 8 9 12 9 1 10 1 11 6 11 8 11 12 11 3 12 5 12 9 12 10 13 11 13 12 13
< RES 706 6 1
< GRENADE
< MOVE D D
> REQ 706 7 1
> VAMPIRE 2 7 3 3 0 2 0
> VAMPIRE 4 7 9 3 0 2 0
> VAMPIRE 1 7 7 3 0 2 0
> VAMPIRE 3 8 7 3 1 2 0
> GRENADE 1 5 7 5 2
> GRENADE 2 7 3 5 2
> GRENADE 4 7 11 5 2
> POWERUP GRENADE -2 7 8 6
> POWERUP GRENADE -2 7 6 6
> BAT1 3 2 3 3 4 3 5 3 9 3 10 3 11 3 12 3 3 4 5 4 9 4 11 4 3 5 4 5 5 5 9 5 10 5 11 5 3 9 4 9 5 9 9 9 10 9 11 9 3 10 5 10 9 10 11 10 2 11 3 11 4 11 5 11 9 11 10 11 11 11 11 12
> BAT2 2 1 13 2 1 12
> BAT3 3 1 4 1 5 2 9 2 11 2 2 3 6 3 8 3 13 3 13 4 2 5 6 5 8 5 12 5 3 6 5 6 9 6 11 6 3 8 5 8 9 8 11 8 2 9 6 9 8 9 12 9 1 10 1 11 6 11 8 11 12 11 3 12 5 12 9 12 10 13 11 13 12 13
< RES 706 7 1
< MOVE R
> REQ 706 8 1
> VAMPIRE 2 7 1 3 0 2 0
> VAMPIRE 4 7 8 3 0 2 0
> VAMPIRE 1 7 8 3 0 2 0
> VAMPIRE 3 7 7 3 1 2 0
> GRENADE 1 5 7 4 2
> GRENADE 2 7 5 4 2
> GRENADE 4 7 11 4 2
> POWERUP GRENADE -1 7 8 6
> POWERUP GRENADE -1 7 6 6
> BAT1 3 2 3 3 4 3 5 3 9 3 10 3 11 3 12 3 3 4 5 4 9 4 11 4 3 5 4 5 5 5 9 5 10 5 11 5 3 9 4 9 5 9 9 9 10 9 11 9 3 10 5 10 9 10 11 10 2 11 3 11 4 11 5 11 9 11 10 11 11 11 11 12
> BAT2 2 1 13 2 1 12
> BAT3 3 1 4 1 5 2 9 2 11 2 2 3 6 3 8 3 13 3 13 4 2 5 6 5 8 5 12 5 3 6 5 6 9 6 11 6 3 8 5 8 9 8 11 8 2 9 6 9 8 9 12 9 1 10 1 11 6 11 8 11 12 11 3 12 5 12 9 12 10 13 11 13 12 13
< RES 706 8 1
< MOVE L L
> REQ 706 9 1
> VAMPIRE 2 7 1 3 0 2 0
> VAMPIRE 4 7 8 3 0 2 0
> VAMPIRE 1 7 6 3 0 2 0
> VAMPIRE 3 9 7 3 1 2 0
> GRENADE 1 5 7 3 2
> GRENADE 2 7 5 3 2
> GRENADE 4 7 11 3 2
> POWERUP GRENADE 6 7 8 6
> POWERUP GRENADE 6 7 6 6
> BAT1 3 2 3 3 4 3 5 3 9 3 10 3 11 3 12 3 3 4 5 4 9 4 11 4 3 5 4 5 5 5 9 5 10 5 11 5 3 9 4 9 5 9 9 9 10 9 11 9 3 10 5 10 9 10 11 10 2 11 3 11 4 11 5 11 9 11 10 11 11 11 11 12
> BAT2 2 1 13 2 1 12
> BAT3 3 1 4 1 5 2 9 2 11 2 2 3 6 3 8 3 13 3 13 4 2 5 6 5 8 5 12 5 3 6 5 6 9 6 11 6 3 8 5 8 9 8 11 8 2 9 6 9 8 9 12 9 1 10 1 11 6 11 8 11 12 11 3 12 5 12 9 12 10 13 11 13 12 13
< RES 706 9 1
< MOVE R R
> REQ 706 10 1
> VAMPIRE 2 7 1 3 0 2 0
> VAMPIRE 4 7 8 3 0 2 0
> VAMPIRE 1 7 8 3 0 2 0
> VAMPIRE 3 10 7 3 0 2 0
> GRENADE 1 5 7 2 2
> GRENADE 2 7 5 2 2
> GRENADE 4 7 11 2 2
> GRENADE 3 9 7 5 2
> POWERUP GRENADE 5 7 8 6
> POWERUP GRENADE 5 7 6 6
> BAT1 3 2 3 3 4 3 5 3 9 3 10 3 11 3 12 3 3 4 5 4 9 4 11 4 3 5 4 5 5 5 9 5 10 5 11 5 3 9 4 9 5 9 9 9 10 9 11 9 3 10 5 10 9 10 11 10 2 11 3 11 4 11 5 11 9 11 10 11 11 11 11 12
> BAT2 2 1 13 2 1 12
> BAT3 3 1 4 1 5 2 9 2 11 2 2 3 6 3 8 3 13 3 13 4 2 5 6 5 8 5 12 5 3 6 5 6 9 6 11 6 3 8 5 8 9 8 11 8 2 9 6 9 8 9 12 9 1 10 1 11 6 11 8 11 12 11 3 12 5 12 9 12 10 13 11 13 12 13
< RES 706 10 1
< MOVE R
> REQ 706 11 1
> VAMPIRE 2 7 2 3 0 2 0
> VAMPIRE 4 7 8 3 0 2 0
> VAMPIRE 1 7 9 3 0 2 0
> VAMPIRE 3 12 7 3 0 2 0
> GRENADE 1 5 7 1 2
> GRENADE 2 7 5 1 2
> GRENADE 4 7 11 1 2
> GRENADE 3 9 7 4 2
> POWERUP GRENADE 4 7 8 6
> POWERUP GRENADE 4 7 6 6
> BAT1 3 2 3 3 4 3 5 3 9 3 10 3 11 3 12 3 3 4 5 4 9 4 11 4 3 5 4 5 5 5 9 5 10 5 11 5 3 9 4 9 5 9 9 9 10 9 11 9 3 10 5 10 9 10 11 10 2 11 3 11 4 11 5 11 9 11 10 11 11 11 11 12
> BAT2 2 1 13 2 1 12
> BAT3 3 1 4 1 5 2 9 2 11 2 2 3 6 3 8 3 13 3 13 4 2 5 6 5 8 5 12 5 3 6 5 6 9 6 11 6 3 8 5 8 9 8 11 8 2 9 6 9 8 9 12 9 1 10 1 11 6 11 8 11 12 11 3 12 5 12 9 12 10 13 11 13 12 13
< RES 706 11 1
< MOVE L
> REQ 706 12 1
> VAMPIRE 2 7 4 3 1 2 0
> VAMPIRE 4 7 8 3 1 2 0
> VAMPIRE 1 7 8 2 1 2 0
> VAMPIRE 3 11 7 3 0 2 0
> GRENADE 3 9 7 3 2
> POWERUP GRENADE 3 7 8 6
> POWERUP GRENADE 3 7 6 6
> BAT1 3 2 3 3 4 3 5 3 9 3 10 3 11 3 12 3 3 4 5 4 9 4 11 4 3 5 4 5 5 5 9 5 10 5 11 5 3 9 4 9 5 9 9 9 10 9 11 9 3 10 5 10 9 10 11 10 2 11 3 11 4 11 5 11 9 11 10 11 11 11 11 12
> BAT2 2 1 13 2 6 5 8 5 5 6 5 8 6 11 8 11 1 12
> BAT3 3 1 4 1 5 2 9 2 11 2 2 3 6 3 8 3 13 3 13 4 2 5 12 5 3 6 9 6 11 6 3 8 9 8 11 8 2 9 6 9 8 9 12 9 1 10 1 11 12 11 3 12 5 12 9 12 10 13 11 13 12 13
< RES 706 12 1
< GRENADE
> REQ 706 13 1
> WARN Inactive player cannot put grenade ; GRENADE
> VAMPIRE 2 7 6 3 1 2 0
> VAMPIRE 4 7 6 3 1 2 0
> VAMPIRE 1 7 8 2 1 2 0
> VAMPIRE 3 13 7 3 0 2 0
> GRENADE 3 9 7 2 2
> POWERUP GRENADE 2 7 8 6
> POWERUP GRENADE 2 7 6 6
> BAT1 3 2 3 3 4 3 5 3 9 3 10 3 11 3 12 3 3 4 5 4 9 4 11 4 3 5 4 5 5 5 9 5 10 5 11 5 3 9 4 9 5 9 9 9 10 9 11 9 3 10 5 10 9 10 11 10 2 11 3 11 4 11 5 11 9 11 10 11 11 11 11 12
> BAT2 2 1 13 2 6 5 8 5 5 6 5 8 6 11 8 11 1 12
> BAT3 3 1 4 1 5 2 9 2 11 2 2 3 6 3 8 3 13 3 13 4 2 5 12 5 3 6 9 6 11 6 3 8 9 8 11 8 2 9 6 9 8 9 12 9 1 10 1 11 12 11 3 12 5 12 9 12 10 13 11 13 12 13
< RES 706 13 1
< GRENADE
> REQ 706 14 1
> WARN Inactive player cannot put grenade ; GRENADE
> VAMPIRE 2 7 6 3 0 2 0
> VAMPIRE 4 7 5 3 1 2 0
> VAMPIRE 1 7 8 2 1 2 0
> VAMPIRE 3 13 5 3 0 2 0
> GRENADE 3 9 7 1 2
> GRENADE 2 7 6 5 2
> POWERUP GRENADE 1 7 8 6
> POWERUP GRENADE 1 7 6 6
> BAT1 3 2 3 3 4 3 5 3 9 3 10 3 11 3 12 3 3 4 5 4 9 4 11 4 3 5 4 5 5 5 9 5 10 5 11 5 3 9 4 9 5 9 9 9 10 9 11 9 3 10 5 10 9 10 11 10 2 11 3 11 4 11 5 11 9 11 10 11 11 11 11 12
> BAT2 2 1 13 2 6 5 8 5 5 6 5 8 6 11 8 11 1 12
> BAT3 3 1 4 1 5 2 9 2 11 2 2 3 6 3 8 3 13 3 13 4 2 5 12 5 3 6 9 6 11 6 3 8 9 8 11 8 2 9 6 9 8 9 12 9 1 10 1 11 12 11 3 12 5 12 9 12 10 13 11 13 12 13
< RES 706 14 1
< GRENADE
> REQ 706 15 1
> WARN Inactive player cannot put grenade ; GRENADE
> VAMPIRE 2 6 7 3 0 2 0
> VAMPIRE 4 7 4 3 1 2 0
> VAMPIRE 1 7 8 2 1 2 0
> VAMPIRE 3 13 5 3 1 2 0
> GRENADE 2 7 3 4 2
> BAT1 3 2 3 3 4 3 5 3 9 3 10 3 11 3 12 3 3 4 5 4 9 4 11 4 3 5 4 5 5 5 9 5 10 5 11 5 3 9 4 9 5 9 9 9 10 9 11 9 3 10 5 10 9 10 11 10 2 11 3 11 4 11 5 11 9 11 10 11 11 11 11 12
> BAT2 2 1 13 2 6 5 8 5 5 6 9 6 5 8 9 8 6 11 8 11 1 12
> BAT3 3 1 4 1 5 2 9 2 11 2 2 3 6 3 8 3 13 3 13 4 2 5 12 5 3 6 11 6 3 8 11 8 2 9 6 9 8 9 12 9 1 10 1 11 12 11 3 12 5 12 9 12 10 13 11 13 12 13
< RES 706 15 1
< MOVE R
> REQ 706 16 1
> VAMPIRE 2 4 7 3 0 2 0
> VAMPIRE 4 7 6 3 1 2 0
> VAMPIRE 1 7 9 2 1 2 0
> VAMPIRE 3 13 6 3 0 2 0
> GRENADE 2 7 3 3 2
> GRENADE 3 13 5 5 2
> BAT1 3 2 3 3 4 3 5 3 9 3 10 3 11 3 12 3 3 4 5 4 9 4 11 4 3 5 4 5 5 5 9 5 10 5 11 5 3 9 4 9 5 9 9 9 10 9 11 9 3 10 5 10 9 10 11 10 2 11 3 11 4 11 5 11 9 11 10 11 11 11 11 12
> BAT2 2 1 13 2 6 5 8 5 5 6 9 6 5 8 9 8 6 11 8 11 1 12
> BAT3 3 1 4 1 5 2 9 2 11 2 2 3 6 3 8 3 13 3 13 4 2 5 12 5 3 6 11 6 3 8 11 8 2 9 6 9 8 9 12 9 1 10 1 11 12 11 3 12 5 12 9 12 10 13 11 13 12 13
< RES 706 16 1
< GRENADE
< MOVE R R
> REQ 706 17 1
> VAMPIRE 2 2 7 3 0 2 0
> VAMPIRE 4 7 6 3 0 2 0
> VAMPIRE 1 7 11 2 0 2 0
> VAMPIRE 3 12 7 3 0 2 0
> GRENADE 2 7 3 2 2
> GRENADE 3 13 5 4 2
> GRENADE 1 7 9 5 2
> GRENADE 4 7 6 5 2
> BAT1 3 2 3 3 4 3 5 3 9 3 10 3 11 3 12 3 3 4 5 4 9 4 11 4 3 5 4 5 5 5 9 5 10 5 11 5 3 9 4 9 5 9 9 9 10 9 11 9 3 10 5 10 9 10 11 10 2 11 3 11 4 11 5 11 9 11 10 11 11 11 11 12
> BAT2 2 1 13 2 6 5 8 5 5 6 9 6 5 8 9 8 6 11 8 11 1 12
> BAT3 3 1 4 1 5 2 9 2 11 2 2 3 6 3 8 3 13 3 13 4 2 5 12 5 3 6 11 6 3 8 11 8 2 9 6 9 8 9 12 9 1 10 1 11 12 11 3 12 5 12 9 12 10 13 11 13 12 13
< RES 706 17 1
< MOVE R R
> REQ 706 18 1
> VAMPIRE 2 1 6 3 0 2 0
> VAMPIRE 4 6 7 3 0 2 0
> VAMPIRE 1 7 13 2 0 2 0
> VAMPIRE 3 11 7 3 0 2 0
> GRENADE 2 7 3 1 2
> GRENADE 3 13 5 3 2
> GRENADE 1 7 9 4 2
> GRENADE 4 7 5 4 2
> BAT1 3 2 3 3 4 3 5 3 9 3 10 3 11 3 12 3 3 4 5 4 9 4 11 4 3 5 4 5 5 5 9 5 10 5 11 5 3 9 4 9 5 9 9 9 10 9 11 9 3 10 5 10 9 10 11 10 2 11 3 11 4 11 5 11 9 11 10 11 11 11 11 12
> BAT2 2 1 13 2 6 5 8 5 5 6 9 6 5 8 9 8 6 11 8 11 1 12
> BAT3 3 1 4 1 5 2 9 2 11 2 2 3 6 3 8 3 13 3 13 4 2 5 12 5 3 6 11 6 3 8 11 8 2 9 6 9 8 9 12 9 1 10 1 11 12 11 3 12 5 12 9 12 10 13 11 13 12 13
< RES 706 18 1
> REQ 706 19 1
> VAMPIRE 2 1 6 3 1 2 0
> VAMPIRE 4 8 7 3 1 2 0
> VAMPIRE 1 7 13 2 0 2 0
> VAMPIRE 3 11 7 3 0 2 0
> GRENADE 3 13 5 2 2
> GRENADE 1 7 9 3 2
> BAT1 3 2 3 3 4 3 5 3 9 3 10 3 11 3 12 3 3 4 5 4 9 4 11 4 3 5 4 5 5 5 6 5 8 5 9 5 10 5 11 5 3 9 4 9 5 9 9 9 10 9 11 9 3 10 5 10 9 10 11 10 2 11 3 11 4 11 5 11 9 11 10 11 11 11 11 12
> BAT2 2 1 13 2 6 3 8 3 5 6 9 6 5 8 9 8 6 11 8 11 1 12
> BAT3 3 1 4 1 5 2 9 2 11 2 2 3 13 3 13 4 2 5 12 5 3 6 11 6 3 8 11 8 2 9 6 9 8 9 12 9 1 10 1 11 12 11 3 12 5 12 9 12 10 13 11 13 12 13
< RES 706 19 1
> REQ 706 20 1
> VAMPIRE 2 1 6 3 0 2 0
> VAMPIRE 4 10 7 3 1 2 0
> VAMPIRE 1 7 13 2 0 2 0
> VAMPIRE 3 11 7 3 0 2 0
> GRENADE 3 13 5 1 2
> GRENADE 1 7 9 2 2
> GRENADE 2 1 6 5 2
> BAT1 3 2 3 3 4 3 5 3 9 3 10 3 11 3 12 3 3 4 5 4 9 4 11 4 3 5 4 5 5 5 6 5 8 5 9 5 10 5 11 5 3 9 4 9 5 9 9 9 10 9 11 9 3 10 5 10 9 10 11 10 2 11 3 11 4 11 5 11 9 11 10 11 11 11 11 12
> BAT2 2 1 13 2 6 3 8 3 5 6 9 6 5 8 9 8 6 11 8 11 1 12
> BAT3 3 1 4 1 5 2 9 2 11 2 2 3 13 3 13 4 2 5 12 5 3 6 11 6 3 8 11 8 2 9 6 9 8 9 12 9 1 10 1 11 12 11 3 12 5 12 9 12 10 13 11 13 12 13
< RES 706 20 1
> REQ 706 21 1
> VAMPIRE 2 1 7 3 0 2 0
> VAMPIRE 4 11 7 3 1 2 0
> VAMPIRE 1 7 13 2 0 2 0
> VAMPIRE 3 11 7 3 1 2 0
> GRENADE 1 7 9 1 2
> GRENADE 2 1 9 4 2
> BAT1 3 2 3 3 4 3 5 3 9 3 10 3 11 3 12 3 3 4 5 4 9 4 11 4 3 5 4 5 5 5 6 5 8 5 9 5 10 5 11 5 3 9 4 9 5 9 9 9 10 9 11 9 3 10 5 10 9 10 11 10 2 11 3 11 4 11 5 11 9 11 10 11 11 11 11 12
> BAT2 2 1 13 2 6 3 8 3 13 4 12 5 5 6 9 6 5 8 9 8 6 11 8 11 1 12
> BAT3 3 1 4 1 5 2 9 2 11 2 2 3 13 3 2 5 3 6 11 6 3 8 11 8 2 9 6 9 8 9 12 9 1 10 1 11 12 11 3 12 5 12 9 12 10 13 11 13 12 13
< RES 706 21 1
< MOVE L L
> REQ 706 22 1
> VAMPIRE 2 3 7 3 0 2 0
> VAMPIRE 4 10 7 3 1 2 0
> VAMPIRE 1 7 11 2 1 2 0
> VAMPIRE 3 9 7 3 1 2 0
> GRENADE 2 1 9 3 2
> BAT1 3 2 3 3 4 3 5 3 9 3 10 3 11 3 12 3 3 4 5 4 9 4 11 4 3 5 4 5 5 5 6 5 8 5 9 5 10 5 11 5 3 9 4 9 5 9 9 9 10 9 11 9 3 10 5 10 9 10 11 10 2 11 3 11 4 11 5 11 9 11 10 11 11 11 11 12
> BAT2 2 1 13 2 6 3 8 3 13 4 12 5 5 6 9 6 5 8 9 8 6 9 8 9 6 11 8 11 1 12
> BAT3 3 1 4 1 5 2 9 2 11 2 2 3 13 3 2 5 3 6 11 6 3 8 11 8 2 9 12 9 1 10 1 11 12 11 3 12 5 12 9 12 10 13 11 13 12 13
< RES 706 22 1
< GRENADE
< MOVE L L
> REQ 706 23 1
> VAMPIRE 2 5 7 3 0 2 0
> VAMPIRE 4 11 7 3 1 2 0
> VAMPIRE 1 7 9 2 0 2 0
> VAMPIRE 3 8 7 3 0 2 0
> GRENADE 2 1 9 2 2
> GRENADE 1 7 11 5 2
> GRENADE 3 9 7 5 2
> BAT1 3 2 3 3 4 3 5 3 9 3 10 3 11 3 12 3 3 4 5 4 9 4 11 4 3 5 4 5 5 5 6 5 8 5 9 5 10 5 11 5 3 9 4 9 5 9 9 9 10 9 11 9 3 10 5 10 9 10 11 10 2 11 3 11 4 11 5 11 9 11 10 11 11 11 11 12
> BAT2 2 1 13 2 6 3 8 3 13 4 12 5 5 6 9 6 5 8 9 8 6 9 8 9 6 11 8 11 1 12
> BAT3 3 1 4 1 5 2 9 2 11 2 2 3 13 3 2 5 3 6 11 6 3 8 11 8 2 9 12 9 1 10 1 11 12 11 3 12 5 12 9 12 10 13 11 13 12 13
< RES 706 23 1
< MOVE R
> REQ 706 24 1
> VAMPIRE 2 7 7 3 0 2 0
> VAMPIRE 4 12 7 3 1 2 0
> VAMPIRE 1 7 10 2 0 2 0
> VAMPIRE 3 7 6 3 0 2 0
> GRENADE 2 1 9 1 2
> GRENADE 1 7 11 4 2
> GRENADE 3 9 7 4 2
> BAT1 3 2 3 3 4 3 5 3 9 3 10 3 11 3 12 3 3 4 5 4 9 4 11 4 3 5 4 5 5 5 6 5 8 5 9 5 10 5 11 5 3 9 4 9 5 9 9 9 10 9 11 9 3 10 5 10 9 10 11 10 2 11 3 11 4 11 5 11 9 11 10 11 11 11 11 12
> BAT2 2 1 13 2 6 3 8 3 13 4 12 5 5 6 9 6 5 8 9 8 6 9 8 9 6 11 8 11 1 12
> BAT3 3 1 4 1 5 2 9 2 11 2 2 3 13 3 2 5 3 6 11 6 3 8 11 8 2 9 12 9 1 10 1 11 12 11 3 12 5 12 9 12 10 13 11 13 12 13
< RES 706 24 1
< MOVE L
> REQ 706 25 1
> VAMPIRE 2 7 7 3 1 2 0
> VAMPIRE 4 12 7 3 0 2 0
> VAMPIRE 1 7 9 2 0 2 0
> VAMPIRE 3 7 5 3 0 2 0
> GRENADE 1 7 11 3 2
> GRENADE 3 9 7 3 2
> GRENADE 4 12 7 5 2
> POWERUP BATTERY -7 10 7 4
> POWERUP BATTERY -7 4 7 4
> BAT1 3 2 3 3 4 3 5 3 9 3 10 3 11 3 12 3 3 4 5 4 9 4 11 4 3 5 4 5 5 5 6 5 8 5 9 5 10 5 11 5 3 9 4 9 5 9 9 9 10 9 11 9 3 10 5 10 9 10 11 10 2 11 3 11 4 11 5 11 9 11 10 11 11 11 11 12
> BAT2 2 1 13 2 6 3 8 3 13 4 12 5 5 6 9 6 5 8 9 8 2 9 6 9 8 9 1 10 6 11 8 11 1 12
> BAT3 3 1 4 1 5 2 9 2 11 2 2 3 13 3 2 5 3 6 11 6 3 8 11 8 12 9 1 11 12 11 3 12 5 12 9 12 10 13 11 13 12 13
< RES 706 25 1
< MOVE L
> REQ 706 26 1
> VAMPIRE 2 7 5 3 0 2 0
> VAMPIRE 4 13 6 3 0 2 0
> VAMPIRE 1 7 8 2 0 2 0
> VAMPIRE 3 7 3 3 0 2 0
> GRENADE 1 7 11 2 2
> GRENADE 3 9 7 2 2
> GRENADE 4 11 7 4 2
> GRENADE 2 7 7 5 2
> POWERUP BATTERY -6 10 7 4
> POWERUP BATTERY -6 4 7 4
> BAT1 3 2 3 3 4 3 5 3 9 3 10 3 11 3 12 3 3 4 5 4 9 4 11 4 3 5 4 5 5 5 6 5 8 5 9 5 10 5 11 5 3 9 4 9 5 9 9 9 10 9 11 9 3 10 5 10 9 10 11 10 2 11 3 11 4 11 5 11 9 11 10 11 11 11 11 12
> BAT2 2 1 13 2 6 3 8 3 13 4 12 5 5 6 9 6 5 8 9 8 2 9 6 9 8 9 1 10 6 11 8 11 1 12
> BAT3 3 1 4 1 5 2 9 2 11 2 2 3 13 3 2 5 3 6 11 6 3 8 11 8 12 9 1 11 12 11 3 12 5 12 9 12 10 13 11 13 12 13
< RES 706 26 1
> REQ 706 27 1
> VAMPIRE 2 7 4 3 0 2 0
> VAMPIRE 4 13 6 3 0 2 0
> VAMPIRE 1 7 8 2 0 2 0
> VAMPIRE 3 7 3 3 0 2 0
> GRENADE 1 7 11 1 2
> GRENADE 3 9 7 1 2
> GRENADE 4 11 7 3 2
> GRENADE 2 7 7 4 2
> POWERUP BATTERY -5 10 7 4
> POWERUP BATTERY -5 4 7 4
> BAT1 3 2 3 3 4 3 5 3 9 3 10 3 11 3 12 3 3 4 5 4 9 4 11 4 3 5 4 5 5 5 6 5 8 5 9 5 10 5 11 5 3 9 4 9 5 9 9 9 10 9 11 9 3 10 5 10 9 10 11 10 2 11 3 11 4 11 5 11 9 11 10 11 11 11 11 12
> BAT2 2 1 13 2 6 3 8 3 13 4 12 5 5 6 9 6 5 8 9 8 2 9 6 9 8 9 1 10 6 11 8 11 1 12
> BAT3 3 1 4 1 5 2 9 2 11 2 2 3 13 3 2 5 3 6 11 6 3 8 11 8 12 9 1 11 12 11 3 12 5 12 9 12 10 13 11 13 12 13
< RES 706 27 1
< MOVE R
> REQ 706 28 1
> VAMPIRE 2 7 6 3 1 2 0
> VAMPIRE 4 13 6 3 1 2 0
> VAMPIRE 1 7 9 1 1 2 0
> VAMPIRE 3 7 1 3 1 2 0
> POWERUP BATTERY -4 10 7 4
> POWERUP BATTERY -4 4 7 4
> BAT1 3 2 3 3 4 3 5 3 9 3 10 3 11 3 12 3 3 4 5 4 9 4 11 4 3 5 4 5 5 5 6 5 8 5 9 5 10 5 11 5 9 6 9 8 3 9 4 9 5 9 9 9 10 9 11 9 3 10 5 10 9 10 11 10 2 11 3 11 4 11 5 11 6 11 8 11 9 11 10 11 11 11 11 12
> BAT2 2 1 13 2 6 3 8 3 13 4 12 5 5 6 11 6 5 8 11 8 2 9 6 9 8 9 1 10 1 12
> BAT3 3 1 4 1 5 2 9 2 11 2 2 3 13 3 2 5 3 6 3 8 12 9 1 11 12 11 3 12 5 12 9 12 10 13 11 13 12 13
< RES 706 28 1
< MOVE R R
> REQ 706 29 1
> VAMPIRE 2 8 7 3 1 2 0
> VAMPIRE 4 13 6 3 0 2 0
> VAMPIRE 1 7 11 1 1 2 0
> VAMPIRE 3 7 3 3 1 2 0
> GRENADE 4 13 6 5 2
> POWERUP BATTERY -3 10 7 4
> POWERUP BATTERY -3 4 7 4
> BAT1 3 2 3 3 4 3 5 3 9 3 10 3 11 3 12 3 3 4 5 4 9 4 11 4 3 5 4 5 5 5 6 5 8 5 9 5 10 5 11 5 9 6 9 8 3 9 4 9 5 9 9 9 10 9 11 9 3 10 5 10 9 10 11 10 2 11 3 11 4 11 5 11 6 11 8 11 9 11 10 11 11 11 11 12
> BAT2 2 1 13 2 6 3 8 3 13 4 12 5 5 6 11 6 5 8 11 8 2 9 6 9 8 9 1 10 1 12
> BAT3 3 1 4 1 5 2 9 2 11 2 2 3 13 3 2 5 3 6 3 8 12 9 1 11 12 11 3 12 5 12 9 12 10 13 11 13 12 13
< RES 706 29 1
< GRENADE
< MOVE R R
> REQ 706 30 1
> WARN Inactive player cannot put grenade ; GRENADE
> VAMPIRE 2 10 7 3 1 2 0
> VAMPIRE 4 12 7 3 0 2 0
> VAMPIRE 1 7 13 1 1 2 0
> VAMPIRE 3 7 5 3 1 2 0
> GRENADE 4 13 5 4 2
> POWERUP BATTERY -2 10 7 4
> POWERUP BATTERY -2 4 7 4
> BAT1 3 2 3 3 4 3 5 3 9 3 10 3 11 3 12 3 3 4 5 4 9 4 11 4 3 5 4 5 5 5 6 5 8 5 9 5 10 5 11 5 9 6 9 8 3 9 4 9 5 9 9 9 10 9 11 9 3 10 5 10 9 10 11 10 2 11 3 11 4 11 5 11 6 11 8 11 9 11 10 11 11 11 11 12
> BAT2 2 1 13 2 6 3 8 3 13 4 12 5 5 6 11 6 5 8 11 8 2 9 6 9 8 9 1 10 1 12
> BAT3 3 1 4 1 5 2 9 2 11 2 2 3 13 3 2 5 3 6 3 8 12 9 1 11 12 11 3 12 5 12 9 12 10 13 11 13 12 13
< RES 706 30 1
< MOVE L L
> REQ 706 31 1
> VAMPIRE 2 10 7 3 1 2 0
> VAMPIRE 4 10 7 3 0 2 0
> VAMPIRE 1 7 11 1 1 2 0
> VAMPIRE 3 7 7 3 1 2 0
> GRENADE 4 13 5 3 2
> POWERUP BATTERY -1 10 7 4
> POWERUP BATTERY -1 4 7 4
> BAT1 3 2 3 3 4 3 5 3 9 3 10 3 11 3 12 3 3 4 5 4 9 4 11 4 3 5 4 5 5 5 6 5 8 5 9 5 10 5 11 5 9 6 9 8 3 9 4 9 5 9 9 9 10 9 11 9 3 10 5 10 9 10 11 10 2 11 3 11 4 11 5 11 6 11 8 11 9 11 10 11 11 11 11 12
> BAT2 2 1 13 2 6 3 8 3 13 4 12 5 5 6 11 6 5 8 11 8 2 9 6 9 8 9 1 10 1 12
> BAT3 3 1 4 1 5 2 9 2 11 2 2 3 13 3 2 5 3 6 3 8 12 9 1 11 12 11 3 12 5 12 9 12 10 13 11 13 12 13
< RES 706 31 1
< GRENADE
< MOVE R R
> REQ 706 32 1
> VAMPIRE 2 10 7 3 1 2 0
> VAMPIRE 4 8 7 3 0 2 0
> VAMPIRE 1 7 13 1 0 2 0
> VAMPIRE 3 5 7 3 1 2 0
> GRENADE 4 13 5 2 2
> GRENADE 1 7 11 5 2
> POWERUP BATTERY 12 10 7 4
> POWERUP BATTERY 12 4 7 4
> BAT1 3 2 3 3 4 3 5 3 9 3 10 3 11 3 12 3 3 4 5 4 9 4 11 4 3 5 4 5 5 5 6 5 8 5 9 5 10 5 11 5 9 6 9 8 3 9 4 9 5 9 9 9 10 9 11 9 3 10 5 10 9 10 11 10 2 11 3 11 4 11 5 11 6 11 8 11 9 11 10 11 11 11 11 12
> BAT2 2 1 13 2 6 3 8 3 13 4 12 5 5 6 11 6 5 8 11 8 2 9 6 9 8 9 1 10 1 12
> BAT3 3 1 4 1 5 2 9 2 11 2 2 3 13 3 2 5 3 6 3 8 12 9 1 11 12 11 3 12 5 12 9 12 10 13 11 13 12 13
< RES 706 32 1
< MOVE U U
> REQ 706 33 1
> VAMPIRE 2 10 7 3 1 2 0
> VAMPIRE 4 6 7 3 0 2 0
> VAMPIRE 1 5 13 1 0 2 0
> VAMPIRE 3 4 7 3 1 2 0
> GRENADE 4 13 5 1 2
> GRENADE 1 7 11 4 2
> POWERUP BATTERY 11 10 7 4
> POWERUP BATTERY 11 4 7 4
> BAT1 3 2 3 3 4 3 5 3 9 3 10 3 11 3 12 3 3 4 5 4 9 4 11 4 3 5 4 5 5 5 6 5 8 5 9 5 10 5 11 5 9 6 9 8 3 9 4 9 5 9 9 9 10 9 11 9 3 10 5 10 9 10 11 10 2 11 3 11 4 11 5 11 6 11 8 11 9 11 10 11 11 11 11 12
> BAT2 2 1 13 2 6 3 8 3 13 4 12 5 5 6 11 6 5 8 11 8 2 9 6 9 8 9 1 10 1 12
> BAT3 3 1 4 1 5 2 9 2 11 2 2 3 13 3 2 5 3 6 3 8 12 9 1 11 12 11 3 12 5 12 9 12 10 13 11 13 12 13
< RES 706 33 1
> REQ 706 34 1
> VAMPIRE 2 10 7 3 1 2 0
> VAMPIRE 4 5 7 3 1 2 0
> VAMPIRE 1 5 13 1 0 2 0
> VAMPIRE 3 4 7 3 1 2 0
> GRENADE 1 7 11 3 2
> POWERUP BATTERY 10 10 7 4
> POWERUP BATTERY 10 4 7 4
> BAT1 3 2 3 3 4 3 5 3 9 3 10 3 11 3 12 3 3 4 5 4 9 4 11 4 13 4 3 5 4 5 5 5 6 5 8 5 9 5 10 5 11 5 12 5 9 6 9 8 3 9 4 9 5 9 9 9 10 9 11 9 3 10 5 10 9 10 11 10 2 11 3 11 4 11 5 11 6 11 8 11 9 11 10 11 11 11 11 12
> BAT2 2 1 13 2 6 3 8 3 5 6 11 6 5 8 11 8 2 9 6 9 8 9 1 10 1 12
> BAT3 3 1 4 1 5 2 9 2 11 2 2 3 13 3 2 5 3 6 3 8 12 9 1 11 12 11 3 12 5 12 9 12 10 13 11 13 12 13
< RES 706 34 1
< MOVE D
> REQ 706 35 1
> VAMPIRE 2 8 7 3 1 3 0
> VAMPIRE 4 5 7 3 0 2 0
> VAMPIRE 1 6 13 1 0 2 0
> VAMPIRE 3 2 7 3 1 2 0
> GRENADE 1 7 11 2 2
> GRENADE 4 5 7 5 2
> POWERUP BATTERY 9 4 7 4
> BAT1 3 2 3 3 4 3 5 3 9 3 10 3 11 3 12 3 3 4 5 4 9 4 11 4 13 4 3 5 4 5 5 5 6 5 8 5 9 5 10 5 11 5 12 5 9 6 9 8 3 9 4 9 5 9 9 9 10 9 11 9 3 10 5 10 9 10 11 10 2 11 3 11 4 11 5 11 6 11 8 11 9 11 10 11 11 11 11 12
> BAT2 2 1 13 2 6 3 8 3 5 6 11 6 5 8 11 8 2 9 6 9 8 9 1 10 1 12
> BAT3 3 1 4 1 5 2 9 2 11 2 2 3 13 3 2 5 3 6 3 8 12 9 1 11 12 11 3 12 5 12 9 12 10 13 11 13 12 13
< RES 706 35 1
> REQ 706 36 1
> VAMPIRE 2 8 7 3 0 3 0
> VAMPIRE 4 7 7 3 0 2 0
> VAMPIRE 1 6 13 1 0 2 0
> VAMPIRE 3 3 7 3 1 2 0
> GRENADE 1 7 11 1 2
> GRENADE 4 8 7 4 2
> GRENADE 2 8 7 5 3
> POWERUP BATTERY 8 4 7 4
> BAT1 3 2 3 3 4 3 5 3 9 3 10 3 11 3 12 3 3 4 5 4 9 4 11 4 13 4 3 5 4 5 5 5 6 5 8 5 9 5 10 5 11 5 12 5 9 6 9 8 3 9 4 9 5 9 9 9 10 9 11 9 3 10 5 10 9 10 11 10 2 11 3 11 4 11 5 11 6 11 8 11 9 11 10 11 11 11 11 12
> BAT2 2 1 13 2 6 3 8 3 5 6 11 6 5 8 11 8 2 9 6 9 8 9 1 10 1 12
> BAT3 3 1 4 1 5 2 9 2 11 2 2 3 13 3 2 5 3 6 3 8 12 9 1 11 12 11 3 12 5 12 9 12 10 13 11 13 12 13
< RES 706 36 1
< MOVE D
> REQ 706 37 1
> VAMPIRE 2 6 7 3 0 3 0
> VAMPIRE 4 7 9 3 0 2 0
> VAMPIRE 1 7 13 1 1 2 0
> VAMPIRE 3 4 7 3 1 2 0
> GRENADE 4 9 7 3 2
> GRENADE 2 9 7 4 3
> POWERUP BATTERY 7 4 7 4
> BAT1 3 2 3 3 4 3 5 3 9 3 10 3 11 3 12 3 3 4 5 4 9 4 11 4 13 4 3 5 4 5 5 5 6 5 8 5 9 5 10 5 11 5 12 5 9 6 9 8 3 9 4 9 5 9 9 9 10 9 11 9 3 10 5 10 9 10 11 10 2 11 3 11 4 11 5 11 9 11 10 11 11 11 11 12
> BAT2 2 1 13 2 6 3 8 3 5 6 11 6 5 8 11 8 2 9 6 9 8 9 1 10 1 12
> BAT3 3 1 4 1 5 2 9 2 11 2 2 3 13 3 2 5 3 6 3 8 12 9 1 11 12 11 3 12 5 12 9 12 10 13 11 13 12 13
< RES 706 37 1
< MOVE L L
> REQ 706 38 1
> VAMPIRE 2 4 7 3 0 3 0
> VAMPIRE 4 7 9 3 0 2 0
> VAMPIRE 1 7 11 1 1 2 0
> VAMPIRE 3 4 7 3 1 2 0
> GRENADE 4 9 7 2 2
> GRENADE 2 9 7 3 3
> POWERUP BATTERY 6 4 7 4
> BAT1 3 2 3 3 4 3 5 3 9 3 10 3 11 3 12 3 3 4 5 4 9 4 11 4 13 4 3 5 4 5 5 5 6 5 8 5 9 5 10 5 11 5 12 5 9 6 9 8 3 9 4 9 5 9 9 9 10 9 11 9 3 10 5 10 9 10 11 10 2 11 3 11 4 11 5 11 9 11 10 11 11 11 11 12
> BAT2 2 1 13 2 6 3 8 3 5 6 11 6 5 8 11 8 2 9 6 9 8 9 1 10 1 12
> BAT3 3 1 4 1 5 2 9 2 11 2 2 3 13 3 2 5 3 6 3 8 12 9 1 11 12 11 3 12 5 12 9 12 10 13 11 13 12 13
< RES 706 38 1
< GRENADE
< MOVE L L
> REQ 706 39 1
> VAMPIRE 2 4 7 3 0 3 0
> VAMPIRE 4 7 9 3 0 2 0
> VAMPIRE 1 7 9 1 0 2 0
> VAMPIRE 3 4 7 3 0 3 0
> GRENADE 4 9 7 1 2
> GRENADE 2 9 7 2 3
> GRENADE 1 7 11 5 2
> GRENADE 3 4 7 5 3
> BAT1 3 2 3 3 4 3 5 3 9 3 10 3 11 3 12 3 3 4 5 4 9 4 11 4 13 4 3 5 4 5 5 5 6 5 8 5 9 5 10 5 11 5 12 5 9 6 9 8 3 9 4 9 5 9 9 9 10 9 11 9 3 10 5 10 9 10 11 10 2 11 3 11 4 11 5 11 9 11 10 11 11 11 11 12
> BAT2 2 1 13 2 6 3 8 3 5 6 11 6 5 8 11 8 2 9 6 9 8 9 1 10 1 12
> BAT3 3 1 4 1 5 2 9 2 11 2 2 3 13 3 2 5 3 6 3 8 12 9 1 11 12 11 3 12 5 12 9 12 10 13 11 13 12 13
< RES 706 39 1
< MOVE R
> REQ 706 40 1
> VAMPIRE 2 6 7 3 1 3 0
> VAMPIRE 4 7 8 3 1 2 0
> VAMPIRE 1 7 10 1 0 2 0
> VAMPIRE 3 4 7 3 0 3 0
> GRENADE 1 7 11 4 2
> GRENADE 3 4 7 4 3
> BAT1 3 2 3 3 4 3 5 3 9 3 10 3 11 3 12 3 3 4 5 4 9 4 11 4 13 4 3 5 4 5 5 5 6 5 8 5 9 5 10 5 11 5 12 5 3 9 4 9 5 9 9 9 10 9 11 9 3 10 5 10 9 10 11 10 2 11 3 11 4 11 5 11 9 11 10 11 11 11 11 12
> BAT2 2 1 13 2 6 3 8 3 5 6 11 6 5 8 11 8 2 9 6 9 8 9 1 10 1 12
> BAT3 3 1 4 1 5 2 9 2 11 2 2 3 13 3 2 5 3 6 3 8 12 9 1 11 12 11 3 12 5 12 9 12 10 13 11 13 12 13
< RES 706 40 1
< MOVE L
> REQ 706 41 1
> VAMPIRE 2 7 6 3 0 3 0
> VAMPIRE 4 8 7 3 1 2 0
> VAMPIRE 1 7 9 1 0 2 0
> VAMPIRE 3 2 7 3 0 3 0
> GRENADE 1 7 11 3 2
> GRENADE 3 4 7 3 3
> GRENADE 2 6 7 5 3
> BAT1 3 2 3 3 4 3 5 3 9 3 10 3 11 3 12 3 3 4 5 4 9 4 11 4 13 4 3 5 4 5 5 5 6 5 8 5 9 5 10 5 11 5 12 5 3 9 4 9 5 9 9 9 10 9 11 9 3 10 5 10 9 10 11 10 2 11 3 11 4 11 5 11 9 11 10 11 11 11 11 12
> BAT2 2 1 13 2 6 3 8 3 5 6 11 6 5 8 11 8 2 9 6 9 8 9 1 10 1 12
> BAT3 3 1 4 1 5 2 9 2 11 2 2 3 13 3 2 5 3 6 3 8 12 9 1 11 12 11 3 12 5 12 9 12 10 13 11 13 12 13
< RES 706 41 1
< MOVE L
> REQ 706 42 1
> VAMPIRE 2 7 7 3 0 3 0
> VAMPIRE 4 9 6 3 1 2 0
> VAMPIRE 1 7 8 1 0 2 0
> VAMPIRE 3 1 6 3 0 3 0
> GRENADE 1 7 11 2 2
> GRENADE 3 4 7 2 3
> GRENADE 2 6 7 4 3
> BAT1 3 2 3 3 4 3 5 3 9 3 10 3 11 3 12 3 3 4 5 4 9 4 11 4 13 4 3 5 4 5 5 5 6 5 8 5 9 5 10 5 11 5 12 5 3 9 4 9 5 9 9 9 10 9 11 9 3 10 5 10 9 10 11 10 2 11 3 11 4 11 5 11 9 11 10 11 11 11 11 12
> BAT2 2 1 13 2 6 3 8 3 5 6 11 6 5 8 11 8 2 9 6 9 8 9 1 10 1 12
> BAT3 3 1 4 1 5 2 9 2 11 2 2 3 13 3 2 5 3 6 3 8 12 9 1 11 12 11 3 12 5 12 9 12 10 13 11 13 12 13
< RES 706 42 1
> REQ 706 43 1
> VAMPIRE 2 7 8 3 0 3 0
> VAMPIRE 4 9 6 3 1 2 0
> VAMPIRE 1 7 8 1 0 2 0
> VAMPIRE 3 1 8 3 0 3 0
> GRENADE 1 7 11 1 2
> GRENADE 3 4 7 1 3
> GRENADE 2 6 7 3 3
> BAT1 3 2 3 3 4 3 5 3 9 3 10 3 11 3 12 3 3 4 5 4 9 4 11 4 13 4 3 5 4 5 5 5 6 5 8 5 9 5 10 5 11 5 12 5 3 9 4 9 5 9 9 9 10 9 11 9 3 10 5 10 9 10 11 10 2 11 3 11 4 11 5 11 9 11 10 11 11 11 11 12
> BAT2 2 1 13 2 6 3 8 3 5 6 11 6 5 8 11 8 2 9 6 9 8 9 1 10 1 12
> BAT3 3 1 4 1 5 2 9 2 11 2 2 3 13 3 2 5 3 6 3 8 12 9 1 11 12 11 3 12 5 12 9 12 10 13 11 13 12 13
< RES 706 43 1
< MOVE L
> REQ 706 44 1
> VAMPIRE 2 7 10 3 1 3 0
> VAMPIRE 4 9 8 3 1 2 0
> VAMPIRE 1 7 7 1 1 2 0
> VAMPIRE 3 1 9 3 1 3 0
> BAT1 3 2 3 3 4 3 5 3 9 3 10 3 11 3 12 3 3 4 5 4 9 4 11 4 13 4 3 5 4 5 5 5 6 5 8 5 9 5 10 5 11 5 12 5 3 9 4 9 5 9 9 9 10 9 11 9 3 10 5 10 9 10 11 10 2 11 3 11 4 11 10 11 11 11 11 12
> BAT2 2 1 13 2 6 3 8 3 5 6 11 6 5 8 11 8 2 9 6 9 8 9 1 10 1 12
> BAT3 3 1 4 1 5 2 9 2 11 2 2 3 13 3 2 5 3 6 3 8 12 9 1 11 12 11 3 12 5 12 9 12 10 13 11 13 12 13
< RES 706 44 1
< MOVE L L
> REQ 706 45 1
> VAMPIRE 2 6 11 3 1 3 0
> VAMPIRE 4 9 7 3 1 2 0
> VAMPIRE 1 7 5 1 1 2 0
> VAMPIRE 3 1 8 3 0 3 0
> GRENADE 3 1 9 5 3
> BAT1 3 2 3 3 4 3 5 3 9 3 10 3 11 3 12 3 3 4 5 4 9 4 11 4 13 4 3 5 4 5 5 5 6 5 8 5 9 5 10 5 11 5 12 5 3 9 4 9 5 9 9 9 10 9 11 9 3 10 5 10 9 10 11 10 2 11 3 11 4 11 10 11 11 11 11 12
> BAT2 2 1 13 2 6 3 8 3 5 6 11 6 5 8 11 8 2 9 6 9 8 9 1 10 1 12
> BAT3 3 1 4 1 5 2 9 2 11 2 2 3 13 3 2 5 3 6 3 8 12 9 1 11 12 11 3 12 5 12 9 12 10 13 11 13 12 13
< RES 706 45 1
< GRENADE
< MOVE L L
> REQ 706 46 1
> VAMPIRE 2 6 11 3 0 3 0
> VAMPIRE 4 7 7 3 0 2 0
> VAMPIRE 1 7 3 1 0 2 0
> VAMPIRE 3 2 7 3 0 3 0
> GRENADE 3 1 9 4 3
> GRENADE 1 7 5 5 2
> GRENADE 2 6 11 5 3
> GRENADE 4 9 7 5 2
> POWERUP GRENADE -9 8 7 4
> POWERUP GRENADE -9 6 7 4
> BAT1 3 2 3 3 4 3 5 3 9 3 10 3 11 3 12 3 3 4 5 4 9 4 11 4 13 4 3 5 4 5 5 5 6 5 8 5 9 5 10 5 11 5 12 5 3 9 4 9 5 9 9 9 10 9 11 9 3 10 5 10 9 10 11 10 2 11 3 11 4 11 10 11 11 11 11 12
> BAT2 2 1 13 2 6 3 8 3 5 6 11 6 5 8 11 8 2 9 6 9 8 9 1 10 1 12
> BAT3 3 1 4 1 5 2 9 2 11 2 2 3 13 3 2 5 3 6 3 8 12 9 1 11 12 11 3 12 5 12 9 12 10 13 11 13 12 13
< RES 706 46 1
< MOVE L L
> REQ 706 47 1
> VAMPIRE 2 7 10 3 0 3 0
> VAMPIRE 4 5 7 3 0 2 0
> VAMPIRE 1 7 1 1 0 2 0
> VAMPIRE 3 4 7 3 0 3 0
> GRENADE 3 1 9 3 3
> GRENADE 1 7 5 4 2
> GRENADE 2 5 11 4 3
> GRENADE 4 9 7 4 2
> POWERUP GRENADE -8 8 7 4
> POWERUP GRENADE -8 6 7 4
> BAT1 3 2 3 3 4 3 5 3 9 3 10 3 11 3 12 3 3 4 5 4 9 4 11 4 13 4 3 5 4 5 5 5 6 5 8 5 9 5 10 5 11 5 12 5 3 9 4 9 5 9 9 9 10 9 11 9 3 10 5 10 9 10 11 10 2 11 3 11 4 11 10 11 11 11 11 12
> BAT2 2 1 13 2 6 3 8 3 5 6 11 6 5 8 11 8 2 9 6 9 8 9 1 10 1 12
> BAT3 3 1 4 1 5 2 9 2 11 2 2 3 13 3 2 5 3 6 3 8 12 9 1 11 12 11 3 12 5 12 9 12 10 13 11 13 12 13
< RES 706 47 1
> REQ 706 48 1
> VAMPIRE 2 7 8 3 0 3 0
> VAMPIRE 4 4 7 3 0 2 0
> VAMPIRE 1 7 1 1 0 2 0
> VAMPIRE 3 6 7 3 0 3 0
> GRENADE 3 1 9 2 3
> GRENADE 1 7 5 3 2
> GRENADE 2 5 11 3 3
> GRENADE 4 9 7 3 2
> POWERUP GRENADE -7 8 7 4
> POWERUP GRENADE -7 6 7 4
> BAT1 3 2 3 3 4 3 5 3 9 3 10 3 11 3 12 3 3 4 5 4 9 4 11 4 13 4 3 5 4 5 5 5 6 5 8 5 9 5 10 5 11 5 12 5 3 9 4 9 5 9 9 9 10 9 11 9 3 10 5 10 9 10 11 10 2 11 3 11 4 11 10 11 11 11 11 12
> BAT2 2 1 13 2 6 3 8 3 5 6 11 6 5 8 11 8 2 9 6 9 8 9 1 10 1 12
> BAT3 3 1 4 1 5 2 9 2 11 2 2 3 13 3 2 5 3 6 3 8 12 9 1 11 12 11 3 12 5 12 9 12 10 13 11 13 12 13
< RES 706 48 1
< MOVE U
> REQ 706 49 1
> VAMPIRE 2 6 7 3 0 3 0
> VAMPIRE 4 2 7 3 0 2 0
> VAMPIRE 1 6 1 1 0 2 0
> VAMPIRE 3 6 7 3 0 3 0
> GRENADE 3 1 9 1 3
> GRENADE 1 7 5 2 2
> GRENADE 2 5 11 2 3
> GRENADE 4 9 7 2 2
> POWERUP GRENADE -6 8 7 4
> POWERUP GRENADE -6 6 7 4
> BAT1 3 2 3 3 4 3 5 3 9 3 10 3 11 3 12 3 3 4 5 4 9 4 11 4 13 4 3 5 4 5 5 5 6 5 8 5 9 5 10 5 11 5 12 5 3 9 4 9 5 9 9 9 10 9 11 9 3 10 5 10 9 10 11 10 2 11 3 11 4 11 10 11 11 11 11 12
> BAT2 2 1 13 2 6 3 8 3 5 6 11 6 5 8 11 8 2 9 6 9 8 9 1 10 1 12
> BAT3 3 1 4 1 5 2 9 2 11 2 2 3 13 3 2 5 3 6 3 8 12 9 1 11 12 11 3 12 5 12 9 12 10 13 11 13 12 13
< RES 706 49 1
> REQ 706 50 1
> VAMPIRE 2 6 7 3 0 3 0
> VAMPIRE 4 4 7 3 0 2 0
> VAMPIRE 1 6 1 1 0 2 0
> VAMPIRE 3 6 7 3 1 3 0
> GRENADE 1 7 5 1 2
> GRENADE 2 5 11 1 3
> GRENADE 4 9 7 1 2
> POWERUP GRENADE -5 8 7 4
> POWERUP GRENADE -5 6 7 4
> BAT1 3 2 3 3 4 3 5 3 9 3 10 3 11 3 12 3 3 4 5 4 9 4 11 4 13 4 3 5 4 5 5 5 6 5 8 5 9 5 10 5 11 5 12 5 2 9 3 9 4 9 5 9 9 9 10 9 11 9 1 10 3 10 5 10 9 10 11 10 2 11 3 11 4 11 10 11 11 11 11 12
> BAT2 2 1 13 2 6 3 8 3 5 6 11 6 5 8 11 8 6 9 8 9 1 12
> BAT3 3 1 4 1 5 2 9 2 11 2 2 3 13 3 2 5 3 6 3 8 12 9 1 11 12 11 3 12 5 12 9 12 10 13 11 13 12 13
< RES 706 50 1
< MOVE U
> REQ 706 51 1
> VAMPIRE 2 8 7 3 1 3 0
> VAMPIRE 4 3 7 3 1 2 0
> VAMPIRE 1 5 1 1 1 2 0
> VAMPIRE 3 7 8 3 0 3 0
> GRENADE 3 6 7 5 3
> POWERUP GRENADE -4 8 7 4
> POWERUP GRENADE -4 6 7 4
> BAT1 3 2 3 3 4 3 5 3 9 3 10 3 11 3 12 3 3 4 5 4 9 4 11 4 13 4 3 5 4 5 5 5 10 5 11 5 12 5 2 9 3 9 4 9 5 9 10 9 11 9 1 10 3 10 9 10 11 10 2 11 3 11 10 11 11 11 11 12
> BAT2 2 1 13 2 6 3 8 3 5 6 11 6 5 8 11 8 6 9 8 9 1 12 5 12
> BAT3 3 1 4 1 5 2 9 2 11 2 2 3 13 3 2 5 3 6 3 8 12 9 1 11 12 11 3 12 9 12 10 13 11 13 12 13
< RES 706 51 1
< GRENADE
< MOVE D D
> REQ 706 52 1
> VAMPIRE 2 7 7 3 1 3 0
> VAMPIRE 4 2 7 3 1 2 0
> VAMPIRE 1 7 1 1 0 2 0
> VAMPIRE 3 8 7 3 0 3 0
> GRENADE 3 6 7 4 3
> GRENADE 1 5 1 5 2
> POWERUP GRENADE -3 8 7 4
> POWERUP GRENADE -3 6 7 4
> BAT1 3 2 3 3 4 3 5 3 9 3 10 3 11 3 12 3 3 4 5 4 9 4 11 4 13 4 3 5 4 5 5 5 10 5 11 5 12 5 2 9 3 9 4 9 5 9 10 9 11 9 1 10 3 10 9 10 11 10 2 11 3 11 10 11 11 11 11 12
> BAT2 2 1 13 2 6 3 8 3 5 6 11 6 5 8 11 8 6 9 8 9 1 12 5 12
> BAT3 3 1 4 1 5 2 9 2 11 2 2 3 13 3 2 5 3 6 3 8 12 9 1 11 12 11 3 12 9 12 10 13 11 13 12 13
< RES 706 52 1
< MOVE R R
> REQ 706 53 1
> VAMPIRE 2 9 7 3 0 3 0
> VAMPIRE 4 2 7 3 0 2 0
> VAMPIRE 1 7 3 1 0 2 0
> VAMPIRE 3 9 6 3 0 3 0
> GRENADE 3 6 7 3 3
> GRENADE 1 5 1 4 2
> GRENADE 2 7 7 5 3
> GRENADE 4 2 7 5 2
> POWERUP GRENADE -2 8 7 4
> POWERUP GRENADE -2 6 7 4
> BAT1 3 2 3 3 4 3 5 3 9 3 10 3 11 3 12 3 3 4 5 4 9 4 11 4 13 4 3 5 4 5 5 5 10 5 11 5 12 5 2 9 3 9 4 9 5 9 10 9 11 9 1 10 3 10 9 10 11 10 2 11 3 11 10 11 11 11 11 12
> BAT2 2 1 13 2 6 3 8 3 5 6 11 6 5 8 11 8 6 9 8 9 1 12 5 12
> BAT3 3 1 4 1 5 2 9 2 11 2 2 3 13 3 2 5 3 6 3 8 12 9 1 11 12 11 3 12 9 12 10 13 11 13 12 13
< RES 706 53 1
< MOVE R R
> REQ 706 54 1
> VAMPIRE 2 8 7 3 0 3 0
> VAMPIRE 4 1 8 3 0 2 0
> VAMPIRE 1 7 5 1 0 2 0
> VAMPIRE 3 9 7 3 0 3 0
> GRENADE 3 6 7 2 3
> GRENADE 1 5 1 3 2
> GRENADE 2 7 7 4 3
> GRENADE 4 3 7 4 2
> POWERUP GRENADE -1 8 7 4
> POWERUP GRENADE -1 6 7 4
> BAT1 3 2 3 3 4 3 5 3 9 3 10 3 11 3 12 3 3 4 5 4 9 4 11 4 13 4 3 5 4 5 5 5 10 5 11 5 12 5 2 9 3 9 4 9 5 9 10 9 11 9 1 10 3 10 9 10 11 10 2 11 3 11 10 11 11 11 11 12
> BAT2 2 1 13 2 6 3 8 3 5 6 11 6 5 8 11 8 6 9 8 9 1 12 5 12
> BAT3 3 1 4 1 5 2 9 2 11 2 2 3 13 3 2 5 3 6 3 8 12 9 1 11 12 11 3 12 9 12 10 13 11 13 12 13
< RES 706 54 1
< MOVE D D
> REQ 706 55 1
> VAMPIRE 2 9 8 3 0 3 0
> VAMPIRE 4 1 8 3 0 2 0
> VAMPIRE 1 9 5 1 0 2 0
> VAMPIRE 3 9 5 3 0 3 0
> GRENADE 3 6 7 1 3
> GRENADE 1 5 1 2 2
> GRENADE 2 7 7 3 3
> GRENADE 4 3 7 3 2
> POWERUP GRENADE 16 8 7 4
> POWERUP GRENADE 16 6 7 4
> BAT1 3 2 3 3 4 3 5 3 9 3 10 3 11 3 12 3 3 4 5 4 9 4 11 4 13 4 3 5 4 5 5 5 10 5 11 5 12 5 2 9 3 9 4 9 5 9 10 9 11 9 1 10 3 10 9 10 11 10 2 11 3 11 10 11 11 11 11 12
> BAT2 2 1 13 2 6 3 8 3 5 6 11 6 5 8 11 8 6 9 8 9 1 12 5 12
> BAT3 3 1 4 1 5 2 9 2 11 2 2 3 13 3 2 5 3 6 3 8 12 9 1 11 12 11 3 12 9 12 10 13 11 13 12 13
< RES 706 55 1
< MOVE U U
> REQ 706 56 1
> VAMPIRE 2 8 7 3 1 3 0
> VAMPIRE 4 2 7 3 1 2 0
> VAMPIRE 1 7 5 1 0 2 0
> VAMPIRE 3 9 6 3 1 3 0
> GRENADE 1 5 1 1 2
> POWERUP GRENADE 15 8 7 4
> POWERUP GRENADE 15 6 7 4
> BAT1 3 2 3 3 4 3 5 3 9 3 10 3 11 3 12 3 3 4 5 4 9 4 11 4 13 4 3 5 4 5 5 5 10 5 11 5 12 5 2 9 3 9 4 9 5 9 10 9 11 9 1 10 3 10 9 10 11 10 2 11 3 11 10 11 11 11 11 12
> BAT2 2 1 13 2 6 3 8 3 3 6 5 6 11 6 3 8 5 8 11 8 6 9 8 9 1 12 5 12
> BAT3 3 1 4 1 5 2 9 2 11 2 2 3 13 3 2 5 12 9 1 11 12 11 3 12 9 12 10 13 11 13 12 13
< RES 706 56 1
< MOVE L L
> REQ 706 57 1
> VAMPIRE 2 8 7 3 1 3 0
> VAMPIRE 4 4 7 3 1 2 0
> VAMPIRE 1 7 3 1 1 2 0
> VAMPIRE 3 10 7 3 0 3 0
> GRENADE 3 9 6 5 3
> POWERUP GRENADE 14 8 7 4
> POWERUP GRENADE 14 6 7 4
> BAT1 3 2 3 3 4 3 5 3 9 3 10 3 11 3 12 3 3 4 5 4 9 4 11 4 13 4 3 5 4 5 5 5 10 5 11 5 12 5 2 9 3 9 4 9 5 9 10 9 11 9 1 10 3 10 9 10 11 10 2 11 3 11 10 11 11 11 11 12
> BAT2 2 1 4 1 5 2 13 2 6 3 8 3 3 6 5 6 11 6 3 8 5 8 11 8 6 9 8 9 1 12 5 12
> BAT3 3 1 9 2 11 2 2 3 13 3 2 5 12 9 1 11 12 11 3 12 9 12 10 13 11 13 12 13
< RES 706 57 1
< GRENADE
< MOVE L L
> REQ 706 58 1
> VAMPIRE 2 8 7 3 1 3 0
> VAMPIRE 4 6 7 3 1 2 0
> VAMPIRE 1 7 1 1 0 2 0
> VAMPIRE 3 8 7 3 0 3 0
> GRENADE 3 9 6 4 3
> GRENADE 1 7 3 5 2
> POWERUP GRENADE 13 8 7 4
> POWERUP GRENADE 13 6 7 4
> BAT1 3 2 3 3 4 3 5 3 9 3 10 3 11 3 12 3 3 4 5 4 9 4 11 4 13 4 3 5 4 5 5 5 10 5 11 5 12 5 2 9 3 9 4 9 5 9 10 9 11 9 1 10 3 10 9 10 11 10 2 11 3 11 10 11 11 11 11 12
> BAT2 2 1 4 1 5 2 13 2 6 3 8 3 3 6 5 6 11 6 3 8 5 8 11 8 6 9 8 9 1 12 5 12
> BAT3 3 1 9 2 11 2 2 3 13 3 2 5 12 9 1 11 12 11 3 12 9 12 10 13 11 13 12 13
< RES 706 58 1
< MOVE D D
> REQ 706 59 1
> VAMPIRE 2 8 7 3 2 3 0
> VAMPIRE 4 6 7 3 0 2 0
> VAMPIRE 1 9 1 1 0 2 0
> VAMPIRE 3 10 7 3 0 3 0
> GRENADE 3 9 6 3 3
> GRENADE 1 7 3 4 2
> GRENADE 4 6 7 5 2
> POWERUP GRENADE 12 6 7 4
> BAT1 3 2 3 3 4 3 5 3 9 3 10 3 11 3 12 3 3 4 5 4 9 4 11 4 13 4 3 5 4 5 5 5 10 5 11 5 12 5 2 9 3 9 4 9 5 9 10 9 11 9 1 10 3 10 9 10 11 10 2 11 3 11 10 11 11 11 11 12
> BAT2 2 1 4 1 5 2 13 2 6 3 8 3 3 6 5 6 11 6 3 8 5 8 11 8 6 9 8 9 1 12 5 12
> BAT3 3 1 9 2 11 2 2 3 13 3 2 5 12 9 1 11 12 11 3 12 9 12 10 13 11 13 12 13
< RES 706 59 1
> REQ 706 60 1
> VAMPIRE 2 8 7 3 1 3 0
> VAMPIRE 4 7 8 3 0 2 0
> VAMPIRE 1 9 1 1 0 2 0
> VAMPIRE 3 9 7 3 0 3 0
> GRENADE 3 9 6 2 3
> GRENADE 1 7 3 3 2
> GRENADE 4 8 7 4 2
> GRENADE 2 8 7 5 3
> POWERUP GRENADE 11 6 7 4
> BAT1 3 2 3 3 4 3 5 3 9 3 10 3 11 3 12 3 3 4 5 4 9 4 11 4 13 4 3 5 4 5 5 5 10 5 11 5 12 5 2 9 3 9 4 9 5 9 10 9 11 9 1 10 3 10 9 10 11 10 2 11 3 11 10 11 11 11 11 12
> BAT2 2 1 4 1 5 2 13 2 6 3 8 3 3 6 5 6 11 6 3 8 5 8 11 8 6 9 8 9 1 12 5 12
> BAT3 3 1 9 2 11 2 2 3 13 3 2 5 12 9 1 11 12 11 3 12 9 12 10 13 11 13 12 13
< RES 706 60 1
< MOVE U
> REQ 706 61 1
> VAMPIRE 2 6 7 3 1 3 0
> VAMPIRE 4 7 10 3 0 2 0
> VAMPIRE 1 8 1 1 0 2 0
> VAMPIRE 3 10 7 3 0 3 0
> GRENADE 3 9 6 1 3
> GRENADE 1 7 3 2 2
> GRENADE 4 8 5 3 2
> GRENADE 2 8 5 4 3
> POWERUP GRENADE 10 6 7 4
> BAT1 3 2 3 3 4 3 5 3 9 3 10 3 11 3 12 3 3 4 5 4 9 4 11 4 13 4 3 5 4 5 5 5 10 5 11 5 12 5 2 9 3 9 4 9 5 9 10 9 11 9 1 10 3 10 9 10 11 10 2 11 3 11 10 11 11 11 11 12
> BAT2 2 1 4 1 5 2 13 2 6 3 8 3 3 6 5 6 11 6 3 8 5 8 11 8 6 9 8 9 1 12 5 12
> BAT3 3 1 9 2 11 2 2 3 13 3 2 5 12 9 1 11 12 11 3 12 9 12 10 13 11 13 12 13
< RES 706 61 1
> REQ 706 62 1
> VAMPIRE 2 6 7 3 1 3 0
> VAMPIRE 4 6 11 3 0 2 0
> VAMPIRE 1 8 1 1 0 2 0
> VAMPIRE 3 8 7 3 1 3 0
> GRENADE 1 7 3 1 2
> GRENADE 4 8 5 2 2
> GRENADE 2 8 5 3 3
> POWERUP GRENADE 9 6 7 4
> BAT1 3 2 3 3 4 3 5 3 9 3 10 3 11 3 12 3 3 4 5 4 11 4 13 4 3 5 4 5 5 5 10 5 11 5 12 5 2 9 3 9 4 9 5 9 10 9 11 9 1 10 3 10 9 10 11 10 2 11 3 11 10 11 11 11 11 12
> BAT2 2 1 4 1 5 2 13 2 6 3 8 3 3 6 5 6 11 6 3 8 5 8 11 8 6 9 8 9 1 12 5 12
> BAT3 3 1 9 2 11 2 2 3 13 3 2 5 12 9 1 11 12 11 3 12 9 12 10 13 11 13 12 13
< RES 706 62 1
< MOVE U
> REQ 706 63 1
> VAMPIRE 2 6 7 3 1 3 0
> VAMPIRE 4 5 11 3 0 2 0
> VAMPIRE 1 7 1 1 1 2 0
> VAMPIRE 3 9 6 3 0 3 0
> GRENADE 4 8 5 1 2
> GRENADE 2 8 5 2 3
> GRENADE 3 8 7 5 3
> POWERUP GRENADE 8 6 7 4
> BAT1 3 2 3 3 4 3 5 3 6 3 8 3 9 3 10 3 11 3 12 3 3 4 5 4 11 4 13 4 3 5 4 5 5 5 10 5 11 5 12 5 2 9 3 9 4 9 5 9 10 9 11 9 1 10 3 10 9 10 11 10 2 11 3 11 10 11 11 11 11 12
> BAT2 2 1 4 1 5 2 13 2 3 6 5 6 11 6 3 8 5 8 11 8 6 9 8 9 1 12 5 12
> BAT3 3 1 9 2 11 2 2 3 13 3 2 5 12 9 1 11 12 11 3 12 9 12 10 13 11 13 12 13
< RES 706 63 1
< MOVE R R
> REQ 706 64 1
> VAMPIRE 2 6 7 3 2 3 0
> VAMPIRE 4 5 11 3 1 2 0
> VAMPIRE 1 7 3 1 1 2 0
> VAMPIRE 3 10 7 3 0 3 0
> GRENADE 3 8 7 4 3
> POWERUP GRENADE 7 6 7 4
> BAT1 3 2 3 3 4 3 5 3 6 3 8 3 9 3 10 3 11 3 12 3 3 4 5 4 11 4 13 4 3 5 4 5 11 5 12 5 2 9 3 9 4 9 5 9 10 9 11 9 1 10 3 10 9 10 11 10 2 11 3 11 10 11 11 11 11 12
> BAT2 2 1 4 1 5 2 13 2 3 6 5 6 11 6 3 8 5 8 11 8 6 9 8 9 1 12 5 12
> BAT3 3 1 9 2 11 2 2 3 13 3 2 5 12 9 1 11 12 11 3 12 9 12 10 13 11 13 12 13
< RES 706 64 1
< GRENADE
< MOVE L L
> REQ 706 65 1
> VAMPIRE 2 5 7 3 3 3 0
> VAMPIRE 4 7 11 3 0 2 0
> VAMPIRE 1 7 1 1 0 2 0
> VAMPIRE 3 12 7 3 0 3 0
> GRENADE 3 8 7 3 3
> GRENADE 1 7 3 5 2
> GRENADE 4 5 11 5 2
> BAT1 3 2 3 3 4 3 5 3 6 3 8 3 9 3 10 3 11 3 12 3 3 4 5 4 11 4 13 4 3 5 4 5 11 5 12 5 2 9 3 9 4 9 5 9 10 9 11 9 1 10 3 10 9 10 11 10 2 11 3 11 10 11 11 11 11 12
> BAT2 2 1 4 1 5 2 13 2 3 6 5 6 11 6 3 8 5 8 11 8 6 9 8 9 1 12 5 12
> BAT3 3 1 9 2 11 2 2 3 13 3 2 5 12 9 1 11 12 11 3 12 9 12 10 13 11 13 12 13
< RES 706 65 1
< MOVE D D
> REQ 706 66 1
> VAMPIRE 2 5 7 3 2 3 0
> VAMPIRE 4 9 11 3 0 2 0
> VAMPIRE 1 9 1 1 0 2 0
> VAMPIRE 3 10 7 3 0 3 0
> GRENADE 3 8 7 2 3
> GRENADE 1 7 3 4 2
> GRENADE 4 5 11 4 2
> GRENADE 2 5 7 5 3
> BAT1 3 2 3 3 4 3 5 3 6 3 8 3 9 3 10 3 11 3 12 3 3 4 5 4 11 4 13 4 3 5 4 5 11 5 12 5 2 9 3 9 4 9 5 9 10 9 11 9 1 10 3 10 9 10 11 10 2 11 3 11 10 11 11 11 11 12
> BAT2 2 1 4 1 5 2 13 2 3 6 5 6 11 6 3 8 5 8 11 8 6 9 8 9 1 12 5 12
> BAT3 3 1 9 2 11 2 2 3 13 3 2 5 12 9 1 11 12 11 3 12 9 12 10 13 11 13 12 13
< RES 706 66 1
> REQ 706 67 1
> VAMPIRE 2 3 7 3 2 3 0
> VAMPIRE 4 9 11 3 0 2 0
> VAMPIRE 1 9 1 1 0 2 0
> VAMPIRE 3 9 6 3 0 3 0
> GRENADE 3 8 7 1 3
> GRENADE 1 7 3 3 2
> GRENADE 4 5 11 3 2
> GRENADE 2 5 5 4 3
> BAT1 3 2 3 3 4 3 5 3 6 3 8 3 9 3 10 3 11 3 12 3 3 4 5 4 11 4 13 4 3 5 4 5 11 5 12 5 2 9 3 9 4 9 5 9 10 9 11 9 1 10 3 10 9 10 11 10 2 11 3 11 10 11 11 11 11 12
> BAT2 2 1 4 1 5 2 13 2 3 6 5 6 11 6 3 8 5 8 11 8 6 9 8 9 1 12 5 12
> BAT3 3 1 9 2 11 2 2 3 13 3 2 5 12 9 1 11 12 11 3 12 9 12 10 13 11 13 12 13
< RES 706 67 1
< MOVE U
> REQ 706 68 1
> VAMPIRE 2 3 7 3 1 3 0
> VAMPIRE 4 9 11 3 0 2 0
> VAMPIRE 1 8 1 1 0 2 0
> VAMPIRE 3 9 8 3 1 3 0
> GRENADE 1 7 3 2 2
> GRENADE 4 5 11 2 2
> GRENADE 2 5 5 3 3
> GRENADE 2 3 7 5 3
> BAT1 3 2 3 3 4 3 5 3 6 3 8 3 9 3 10 3 11 3 12 3 3 4 5 4 11 4 13 4 3 5 4 5 11 5 12 5 2 9 3 9 4 9 5 9 10 9 11 9 1 10 3 10 9 10 11 10 2 11 3 11 10 11 11 11 11 12
> BAT2 2 1 4 1 5 2 13 2 3 6 5 6 11 6 3 8 5 8 11 8 6 9 8 9 1 12 5 12
> BAT3 3 1 9 2 11 2 2 3 13 3 2 5 12 9 1 11 12 11 3 12 9 12 10 13 11 13 12 13
< RES 706 68 1
> REQ 706 69 1
> VAMPIRE 2 3 7 3 1 3 0
> VAMPIRE 4 9 11 3 0 2 0
> VAMPIRE 1 8 1 1 0 2 0
> VAMPIRE 3 9 9 3 1 3 0
> GRENADE 1 7 3 1 2
> GRENADE 4 5 11 1 2
> GRENADE 2 5 5 2 3
> GRENADE 2 5 7 4 3
> POWERUP GRENADE -9 7 10 4
> POWERUP GRENADE -9 7 4 4
> BAT1 3 2 3 3 4 3 5 3 6 3 8 3 9 3 10 3 11 3 12 3 3 4 5 4 11 4 13 4 3 5 4 5 11 5 12 5 2 9 3 9 4 9 5 9 10 9 11 9 1 10 3 10 9 10 11 10 2 11 3 11 10 11 11 11 11 12
> BAT2 2 1 4 1 5 2 13 2 3 6 5 6 11 6 3 8 5 8 11 8 6 9 8 9 1 12 5 12
> BAT3 3 1 9 2 11 2 2 3 13 3 2 5 12 9 1 11 12 11 3 12 9 12 10 13 11 13 12 13
< RES 706 69 1
< MOVE U
> REQ 706 70 1
> VAMPIRE 2 1 7 3 0 3 0
> VAMPIRE 4 9 11 3 1 2 0
> VAMPIRE 1 7 1 1 1 2 0
> VAMPIRE 3 9 7 3 1 3 0
> GRENADE 2 5 5 1 3
> GRENADE 2 5 7 3 3
> GRENADE 2 3 7 5 3
> POWERUP GRENADE -8 7 10 4
> POWERUP GRENADE -8 7 4 4
> BAT1 3 2 3 3 4 3 5 3 9 3 10 3 11 3 12 3 3 4 5 4 11 4 13 4 3 5 4 5 11 5 12 5 2 9 3 9 4 9 10 9 11 9 1 10 3 10 9 10 11 10 2 11 10 11 11 11 5 12 11 12
> BAT2 2 1 4 1 5 2 13 2 3 6 5 6 11 6 3 8 5 8 11 8 6 9 8 9 1 12
> BAT3 3 1 9 2 11 2 2 3 13 3 2 5 12 9 1 11 12 11 3 12 9 12 10 13 11 13 12 13
< RES 706 70 1
< MOVE U U
> REQ 706 71 1
> VAMPIRE 2 1 7 3 1 3 0
> VAMPIRE 4 7 11 3 0 2 0
> VAMPIRE 1 5 1 1 1 2 0
> VAMPIRE 3 7 7 3 1 3 0
> GRENADE 2 5 7 2 3
> GRENADE 2 3 7 4 3
> GRENADE 4 9 11 5 2
> POWERUP GRENADE -7 7 10 4
> POWERUP GRENADE -7 7 4 4
> BAT1 3 2 3 3 4 3 5 3 9 3 10 3 11 3 12 3 3 4 11 4 13 4 3 5 11 5 12 5 5 6 2 9 3 9 4 9 10 9 11 9 1 10 3 10 9 10 11 10 2 11 10 11 11 11 5 12 11 12
> BAT2 2 1 4 1 5 2 13 2 3 6 11 6 3 8 5 8 11 8 6 9 8 9 1 12
> BAT3 3 1 9 2 11 2 2 3 13 3 2 5 12 9 1 11 12 11 3 12 9 12 10 13 11 13 12 13
< RES 706 71 1
< GRENADE
< MOVE D D
> REQ 706 72 1
> VAMPIRE 2 1 9 3 1 3 0
> VAMPIRE 4 5 11 3 0 2 0
> VAMPIRE 1 7 1 1 0 2 0
> VAMPIRE 3 7 5 3 1 3 0
> GRENADE 2 5 7 1 3
> GRENADE 2 3 7 3 3
> GRENADE 4 9 11 4 2
> GRENADE 1 5 1 5 2
> POWERUP GRENADE -6 7 10 4
> POWERUP GRENADE -6 7 4 4
> BAT1 3 2 3 3 4 3 5 3 9 3 10 3 11 3 12 3 3 4 11 4 13 4 3 5 11 5 12 5 5 6 2 9 3 9 4 9 10 9 11 9 1 10 3 10 9 10 11 10 2 11 10 11 11 11 5 12 11 12
> BAT2 2 1 4 1 5 2 13 2 3 6 11 6 3 8 5 8 11 8 6 9 8 9 1 12
> BAT3 3 1 9 2 11 2 2 3 13 3 2 5 12 9 1 11 12 11 3 12 9 12 10 13 11 13 12 13
< RES 706 72 1
< MOVE D
> REQ 706 73 1
> VAMPIRE 2 1 7 3 2 3 0
> VAMPIRE 4 5 9 3 0 2 0
> VAMPIRE 1 8 1 1 0 2 0
> VAMPIRE 3 7 4 3 1 3 0
> GRENADE 4 9 11 3 2
> GRENADE 1 5 1 4 2
> GRENADE 2 1 9 5 3
> POWERUP GRENADE -5 7 10 4
> POWERUP GRENADE -5 7 4 4
> BAT1 3 2 3 3 4 3 5 3 9 3 10 3 11 3 12 3 3 4 11 4 13 4 3 5 11 5 12 5 3 6 3 8 5 8 2 9 3 9 4 9 10 9 11 9 1 10 3 10 9 10 11 10 2 11 10 11 11 11 5 12 11 12
> BAT2 2 1 4 1 5 2 13 2 11 6 11 8 6 9 8 9 1 12
> BAT3 3 1 9 2 11 2 2 3 13 3 2 5 12 9 1 11 12 11 3 12 9 12 10 13 11 13 12 13
< RES 706 73 1
< MOVE D
> REQ 706 74 1
> VAMPIRE 2 3 7 3 2 3 0
> VAMPIRE 4 5 9 3 0 2 0
> VAMPIRE 1 9 1 1 0 2 0
> VAMPIRE 3 7 4 3 1 3 0
> GRENADE 4 9 11 2 2
> GRENADE 1 5 1 3 2
> GRENADE 2 1 9 4 3
> POWERUP GRENADE -4 7 10 4
> POWERUP GRENADE -4 7 4 4
> BAT1 3 2 3 3 4 3 5 3 9 3 10 3 11 3 12 3 3 4 11 4 13 4 3 5 11 5 12 5 3 6 3 8 5 8 2 9 3 9 4 9 10 9 11 9 1 10 3 10 9 10 11 10 2 11 10 11 11 11 5 12 11 12
> BAT2 2 1 4 1 5 2 13 2 11 6 11 8 6 9 8 9 1 12
> BAT3 3 1 9 2 11 2 2 3 13 3 2 5 12 9 1 11 12 11 3 12 9 12 10 13 11 13 12 13
< RES 706 74 1
< MOVE U
> REQ 706 75 1
> VAMPIRE 2 5 7 3 1 3 0
> VAMPIRE 4 5 9 3 0 2 0
> VAMPIRE 1 8 1 1 0 2 0
> VAMPIRE 3 7 4 3 1 3 0
> GRENADE 4 9 11 1 2
> GRENADE 1 5 1 2 2
> GRENADE 2 1 9 3 3
> GRENADE 2 3 7 5 3
> POWERUP GRENADE -3 7 10 4
> POWERUP GRENADE -3 7 4 4
> BAT1 3 2 3 3 4 3 5 3 9 3 10 3 11 3 12 3 3 4 11 4 13 4 3 5 11 5 12 5 3 6 3 8 5 8 2 9 3 9 4 9 10 9 11 9 1 10 3 10 9 10 11 10 2 11 10 11 11 11 5 12 11 12
> BAT2 2 1 4 1 5 2 13 2 11 6 11 8 6 9 8 9 1 12
> BAT3 3 1 9 2 11 2 2 3 13 3 2 5 12 9 1 11 12 11 3 12 9 12 10 13 11 13 12 13
< RES 706 75 1
< MOVE D
> REQ 706 76 1
> VAMPIRE 2 5 7 3 0 3 0
> VAMPIRE 4 5 9 3 1 2 0
> VAMPIRE 1 9 1 1 0 2 0
> VAMPIRE 3 7 4 3 1 3 0
> GRENADE 1 5 1 1 2
> GRENADE 2 1 9 2 3
> GRENADE 2 3 7 4 3
> GRENADE 2 5 7 5 3
> POWERUP GRENADE -2 7 10 4
> POWERUP GRENADE -2 7 4 4
> BAT1 3 2 3 3 4 3 5 3 9 3 10 3 11 3 12 3 3 4 11 4 13 4 3 5 11 5 12 5 3 6 3 8 5 8 2 9 3 9 4 9 10 9 11 9 1 10 3 10 11 10 2 11 11 11 5 12 11 12
> BAT2 2 1 4 1 5 2 13 2 11 6 11 8 6 9 8 9 1 12 9 12
> BAT3 3 1 9 2 11 2 2 3 13 3 2 5 12 9 1 11 12 11 3 12 10 13 11 13 12 13
< RES 706 76 1
< MOVE U U
> REQ 706 77 1
> VAMPIRE 2 5 7 3 0 3 0
> VAMPIRE 4 5 9 3 0 2 0
> VAMPIRE 1 7 1 1 1 2 0
> VAMPIRE 3 7 4 3 1 3 0
> GRENADE 2 1 9 1 3
> GRENADE 2 3 7 3 3
> GRENADE 2 5 9 4 3
> GRENADE 4 5 9 5 2
> POWERUP GRENADE -1 7 10 4
> POWERUP GRENADE -1 7 4 4
> BAT1 4 1 3 2 5 2 3 3 4 3 5 3 9 3 10 3 11 3 12 3 3 4 11 4 13 4 3 5 11 5 12 5 3 6 3 8 5 8 2 9 3 9 4 9 10 9 11 9 1 10 3 10 11 10 2 11 11 11 5 12 11 12
> BAT2 2 1 13 2 11 6 11 8 6 9 8 9 1 12 9 12
> BAT3 3 1 9 2 11 2 2 3 13 3 2 5 12 9 1 11 12 11 3 12 10 13 11 13 12 13
< RES 706 77 1
< MOVE U U
> REQ 706 78 1
> VAMPIRE 2 5 7 3 1 3 0
> VAMPIRE 4 5 10 3 0 2 0
> VAMPIRE 1 5 1 1 1 2 0
> VAMPIRE 3 7 4 3 1 3 0
> GRENADE 2 3 7 2 3
> GRENADE 2 5 7 3 3
> GRENADE 4 5 7 4 2
> POWERUP GRENADE 14 7 10 4
> POWERUP GRENADE 14 7 4 4
> BAT1 4 1 3 2 5 2 3 3 4 3 5 3 9 3 10 3 11 3 12 3 3 4 11 4 13 4 3 5 11 5 12 5 3 6 3 8 5 8 3 9 4 9 10 9 11 9 3 10 11 10 2 11 11 11 5 12 11 12
> BAT2 2 1 13 2 11 6 11 8 6 9 8 9 1 12 9 12
> BAT3 3 1 9 2 11 2 2 3 13 3 2 5 12 9 1 11 12 11 3 12 10 13 11 13 12 13
< RES 706 78 1
< GRENADE
< MOVE D D
> REQ 706 79 1
> VAMPIRE 2 5 7 3 1 3 0
> VAMPIRE 4 6 11 3 0 2 0
> VAMPIRE 1 7 1 1 0 2 0
> VAMPIRE 3 7 4 3 1 3 0
> GRENADE 2 3 7 1 3
> GRENADE 2 5 9 2 3
> GRENADE 4 5 9 3 2
> GRENADE 1 5 1 5 2
> POWERUP GRENADE 13 7 10 4
> POWERUP GRENADE 13 7 4 4
> BAT1 4 1 3 2 5 2 3 3 4 3 5 3 9 3 10 3 11 3 12 3 3 4 11 4 13 4 3 5 11 5 12 5 3 6 3 8 5 8 3 9 4 9 10 9 11 9 3 10 11 10 2 11 11 11 5 12 11 12
> BAT2 2 1 13 2 11 6 11 8 6 9 8 9 1 12 9 12
> BAT3 3 1 9 2 11 2 2 3 13 3 2 5 12 9 1 11 12 11 3 12 10 13 11 13 12 13
< RES 706 79 1
< MOVE D
> REQ 706 80 1
> VAMPIRE 2 5 7 2 1 3 0
> VAMPIRE 4 7 10 3 0 2 0
> VAMPIRE 1 8 1 1 0 2 0
> VAMPIRE 3 7 4 3 1 3 0
> GRENADE 2 5 9 1 3
> GRENADE 4 5 9 2 2
> GRENADE 1 5 1 4 2
> GRENADE 2 5 7 5 3
> POWERUP GRENADE 12 7 10 4
> POWERUP GRENADE 12 7 4 4
> BAT1 4 1 3 2 5 2 3 3 4 3 5 3 9 3 10 3 11 3 12 3 3 4 11 4 13 4 3 5 11 5 12 5 5 8 3 9 4 9 10 9 11 9 3 10 11 10 2 11 11 11 5 12 11 12
> BAT2 2 1 13 2 11 6 11 8 6 9 8 9 1 12 9 12
> BAT3 3 1 9 2 11 2 2 3 13 3 2 5 12 9 1 11 12 11 3 12 10 13 11 13 12 13
< RES 706 80 1
> REQ 706 81 1
> VAMPIRE 2 7 7 2 2 3 0
> VAMPIRE 4 7 10 3 1 2 0
> VAMPIRE 1 8 1 1 0 2 0
> VAMPIRE 3 7 4 3 2 3 0
> GRENADE 1 5 1 3 2
> GRENADE 2 3 7 4 3
> POWERUP GRENADE 11 7 10 4
> BAT1 4 1 3 2 5 2 3 3 4 3 5 3 9 3 10 3 11 3 12 3 3 4 11 4 13 4 3 5 11 5 12 5 3 9 6 9 10 9 11 9 3 10 11 10 2 11 11 11 11 12
> BAT2 2 1 13 2 11 6 11 8 8 9 1 12 9 12
> BAT3 3 1 9 2 11 2 2 3 13 3 2 5 12 9 1 11 12 11 3 12 10 13 11 13 12 13
< RES 706 81 1
> REQ 706 82 1
> VAMPIRE 2 7 9 2 2 3 0
> VAMPIRE 4 7 10 3 0 2 0
> VAMPIRE 1 8 1 1 0 2 0
> VAMPIRE 3 6 3 3 1 3 0
> GRENADE 1 5 1 2 2
> GRENADE 2 3 7 3 3
> GRENADE 3 7 4 5 3
> GRENADE 4 7 10 5 2
> POWERUP GRENADE 10 7 10 4
> BAT1 4 1 3 2 5 2 3 3 4 3 5 3 9 3 10 3 11 3 12 3 3 4 11 4 13 4 3 5 11 5 12 5 3 9 6 9 10 9 11 9 3 10 11 10 2 11 11 11 11 12
> BAT2 2 1 13 2 11 6 11 8 8 9 1 12 9 12
> BAT3 3 1 9 2 11 2 2 3 13 3 2 5 12 9 1 11 12 11 3 12 10 13 11 13 12 13
< RES 706 82 1
< MOVE D
> REQ 706 83 1
> VAMPIRE 2 7 9 2 2 3 0
> VAMPIRE 4 6 11 3 0 2 0
> VAMPIRE 1 9 1 1 0 2 0
> VAMPIRE 3 7 3 3 0 3 0
> GRENADE 1 5 1 1 2
> GRENADE 2 3 7 2 3
> GRENADE 3 7 4 4 3
> GRENADE 4 7 9 4 2
> GRENADE 3 6 3 5 3
> POWERUP GRENADE 9 7 10 4
> BAT1 4 1 3 2 5 2 3 3 4 3 5 3 9 3 10 3 11 3 12 3 3 4 11 4 13 4 3 5 11 5 12 5 3 9 6 9 10 9 11 9 3 10 11 10 2 11 11 11 11 12
> BAT2 2 1 13 2 11 6 11 8 8 9 1 12 9 12
> BAT3 3 1 9 2 11 2 2 3 13 3 2 5 12 9 1 11 12 11 3 12 10 13 11 13 12 13
< RES 706 83 1
< MOVE U U
> REQ 706 84 1
> VAMPIRE 2 7 10 2 2 3 0
> VAMPIRE 4 4 11 3 0 2 0
> VAMPIRE 1 7 1 1 1 2 0
> VAMPIRE 3 7 3 3 0 3 0
> GRENADE 2 3 7 1 3
> GRENADE 3 7 4 3 3
> GRENADE 4 7 9 3 2
> GRENADE 3 6 3 4 3
> POWERUP GRENADE 8 7 10 4
> BAT1 3 2 3 3 4 3 5 3 9 3 10 3 11 3 12 3 3 4 11 4 13 4 3 5 11 5 12 5 3 9 6 9 10 9 11 9 3 10 11 10 2 11 11 11 11 12
> BAT2 2 1 13 2 11 6 11 8 8 9 1 12 9 12
> BAT3 3 1 9 2 11 2 2 3 13 3 2 5 12 9 1 11 12 11 3 12 10 13 11 13 12 13
< RES 706 84 1
< MOVE U U
> REQ 706 85 1
> VAMPIRE 2 7 11 2 3 3 0
> VAMPIRE 4 3 11 3 0 2 0
> VAMPIRE 1 5 1 1 1 2 0
> VAMPIRE 3 7 2 3 0 3 0
> GRENADE 3 7 4 2 3
> GRENADE 4 7 9 2 2
> GRENADE 3 6 3 3 3
> POWERUP GRENADE 7 7 10 4
> BAT1 3 2 3 3 4 3 5 3 9 3 10 3 11 3 12 3 3 4 11 4 13 4 11 5 12 5 6 9 10 9 11 9 3 10 11 10 2 11 11 11 11 12
> BAT2 2 1 13 2 11 6 11 8 8 9 1 12 9 12
> BAT3 3 1 9 2 11 2 2 3 13 3 2 5 12 9 1 11 12 11 3 12 10 13 11 13 12 13
< RES 706 85 1
< GRENADE
> REQ 706 86 1
> VAMPIRE 2 8 11 2 3 3 0
> VAMPIRE 4 3 11 3 0 2 0
> VAMPIRE 1 5 1 1 0 2 0
> VAMPIRE 3 8 1 3 0 3 0
> GRENADE 3 7 4 1 3
> GRENADE 4 7 9 1 2
> GRENADE 3 6 3 2 3
> GRENADE 1 5 1 5 2
> POWERUP GRENADE 6 7 10 4
> BAT1 3 2 3 3 4 3 5 3 9 3 10 3 11 3 12 3 3 4 11 4 13 4 11 5 12 5 6 9 10 9 11 9 3 10 11 10 2 11 11 11 11 12
> BAT2 2 1 13 2 11 6 11 8 8 9 1 12 9 12
> BAT3 3 1 9 2 11 2 2 3 13 3 2 5 12 9 1 11 12 11 3 12 10 13 11 13 12 13
< RES 706 86 1
< MOVE D D
> REQ 706 87 1
> VAMPIRE 2 7 10 2 3 3 0
> VAMPIRE 4 3 11 3 1 2 0
> VAMPIRE 1 7 1 1 0 2 0
> VAMPIRE 3 6 1 3 1 3 0
> GRENADE 3 6 3 1 3
> GRENADE 1 5 1 4 2
> POWERUP GRENADE 5 7 10 4
> BAT1 3 2 3 3 4 3 5 3 9 3 10 3 11 3 12 3 3 4 11 4 13 4 11 5 12 5 8 9 10 9 11 9 3 10 11 10 2 11 11 11 11 12
> BAT2 2 1 13 2 11 6 11 8 1 12 9 12
> BAT3 3 1 9 2 11 2 2 3 13 3 2 5 12 9 1 11 12 11 3 12 10 13 11 13 12 13
< RES 706 87 1
< MOVE R R
> REQ 706 88 1
> VAMPIRE 2 7 10 2 3 3 0
> VAMPIRE 4 5 11 3 0 2 0
> VAMPIRE 1 7 3 1 0 2 0
> VAMPIRE 3 7 2 3 2 3 0
> GRENADE 1 5 1 3 2
> GRENADE 4 3 11 5 2
> POWERUP GRENADE 4 7 10 4
> BAT1 3 2 3 3 4 3 10 3 11 3 12 3 3 4 11 4 13 4 11 5 12 5 8 9 10 9 11 9 3 10 11 10 2 11 11 11 11 12
> BAT2 2 1 13 2 11 6 11 8 1 12 9 12
> BAT3 3 1 9 2 11 2 2 3 13 3 2 5 12 9 1 11 12 11 3 12 10 13 11 13 12 13
< RES 706 88 1
< MOVE R R
> REQ 706 89 1
> VAMPIRE 2 7 10 2 3 3 0
> VAMPIRE 4 7 11 3 0 2 0
> VAMPIRE 1 7 5 1 0 2 0
> VAMPIRE 3 6 3 3 1 3 0
> GRENADE 1 5 1 2 2
> GRENADE 4 3 11 4 2
> GRENADE 3 7 2 5 3
> POWERUP GRENADE 3 7 10 4
> BAT1 3 2 3 3 4 3 10 3 11 3 12 3 3 4 11 4 13 4 11 5 12 5 8 9 10 9 11 9 3 10 11 10 2 11 11 11 11 12
> BAT2 2 1 13 2 11 6 11 8 1 12 9 12
> BAT3 3 1 9 2 11 2 2 3 13 3 2 5 12 9 1 11 12 11 3 12 10 13 11 13 12 13
< RES 706 89 1
< MOVE D D
> REQ 706 90 1
> VAMPIRE 2 7 10 2 4 3 0
> VAMPIRE 4 7 11 3 0 2 0
> VAMPIRE 1 9 5 1 0 2 0
> VAMPIRE 3 5 4 3 0 3 0
> GRENADE 1 5 1 1 2
> GRENADE 4 3 11 3 2
> GRENADE 3 7 2 4 3
> GRENADE 3 6 3 5 3
> BAT1 3 2 3 3 4 3 10 3 11 3 12 3 3 4 11 4 13 4 11 5 12 5 8 9 10 9 11 9 3 10 11 10 2 11 11 11 11 12
> BAT2 2 1 13 2 11 6 11 8 1 12 9 12
> BAT3 3 1 9 2 11 2 2 3 13 3 2 5 12 9 1 11 12 11 3 12 10 13 11 13 12 13
< RES 706 90 1
< MOVE L L
> REQ 706 91 1
> VAMPIRE 2 6 11 2 4 3 0
> VAMPIRE 4 9 11 3 0 2 0
> VAMPIRE 1 9 3 1 1 2 0
> VAMPIRE 3 4 5 3 0 3 0
> GRENADE 4 3 11 2 2
> GRENADE 3 7 2 3 3
> GRENADE 3 6 3 4 3
> BAT1 3 2 3 3 4 3 10 3 11 3 12 3 3 4 11 4 13 4 11 5 12 5 8 9 10 9 11 9 3 10 11 10 2 11 11 11 11 12
> BAT2 2 1 3 1 13 2 11 6 11 8 1 12 9 12
> BAT3 9 2 11 2 2 3 13 3 2 5 12 9 1 11 12 11 3 12 10 13 11 13 12 13
< RES 706 91 1
< GRENADE
< MOVE R R
> REQ 706 92 1
> VAMPIRE 2 6 11 2 3 3 0
> VAMPIRE 4 9 11 3 0 2 0
> VAMPIRE 1 9 5 1 0 2 0
> VAMPIRE 3 3 5 3 0 3 0
> GRENADE 4 3 11 1 2
> GRENADE 3 7 2 2 3
> GRENADE 3 6 3 3 3
> GRENADE 1 9 3 5 2
> GRENADE 2 6 11 5 3
> BAT1 3 2 3 3 4 3 10 3 11 3 12 3 3 4 11 4 13 4 11 5 12 5 8 9 10 9 11 9 3 10 11 10 2 11 11 11 11 12
> BAT2 2 1 3 1 13 2 11 6 11 8 1 12 9 12
> BAT3 9 2 11 2 2 3 13 3 2 5 12 9 1 11 12 11 3 12 10 13 11 13 12 13
< RES 706 92 1
< MOVE R R
> REQ 706 93 1
> VAMPIRE 2 6 11 2 3 3 0
> VAMPIRE 4 9 9 3 1 2 0
> VAMPIRE 1 9 7 1 0 2 0
> VAMPIRE 3 3 5 3 0 3 0
> GRENADE 3 7 2 1 3
> GRENADE 3 6 3 2 3
> GRENADE 1 9 3 4 2
> GRENADE 2 9 11 4 3
> POWERUP GRENADE -8 8 7 6
> POWERUP GRENADE -8 6 7 6
> BAT1 3 2 3 3 4 3 10 3 11 3 12 3 3 4 11 4 13 4 11 5 12 5 8 9 10 9 11 9 11 10 11 11 11 12
> BAT2 2 1 3 1 13 2 11 6 11 8 1 12 3 12 9 12
> BAT3 9 2 11 2 2 3 13 3 2 5 12 9 1 11 12 11 10 13 11 13 12 13
< RES 706 93 1
< MOVE L
> REQ 706 94 1
> VAMPIRE 2 7 10 2 3 3 0
> VAMPIRE 4 9 7 3 1 2 0
> VAMPIRE 1 9 6 1 0 2 0
> VAMPIRE 3 5 5 3 1 3 0
> GRENADE 3 6 3 1 3
> GRENADE 1 9 3 3 2
> GRENADE 2 9 11 3 3
> POWERUP GRENADE -7 8 7 6
> POWERUP GRENADE -7 6 7 6
> BAT1 3 2 3 3 4 3 10 3 11 3 12 3 3 4 11 4 13 4 11 5 12 5 8 9 10 9 11 9 11 10 11 11 11 12
> BAT2 2 1 3 1 13 2 11 6 11 8 1 12 3 12 9 12
> BAT3 9 2 11 2 2 3 13 3 2 5 12 9 1 11 12 11 10 13 11 13 12 13
< RES 706 94 1
< MOVE L
> REQ 706 95 1
> VAMPIRE 2 7 10 2 2 3 0
> VAMPIRE 4 9 6 3 1 2 0
> VAMPIRE 1 9 5 1 1 2 0
> VAMPIRE 3 5 7 3 2 3 0
> GRENADE 2 9 11 2 3
> GRENADE 2 7 10 5 3
> POWERUP GRENADE -6 8 7 6
> POWERUP GRENADE -6 6 7 6
> BAT1 3 2 3 3 11 3 12 3 3 4 11 4 13 4 11 5 12 5 8 9 10 9 11 9 11 10 11 11 11 12
> BAT2 2 1 3 1 9 2 13 2 11 6 11 8 1 12 3 12 9 12
> BAT3 11 2 2 3 13 3 2 5 12 9 1 11 12 11 10 13 11 13 12 13
< RES 706 95 1
< GRENADE
> REQ 706 96 1
> VAMPIRE 2 6 9 2 2 3 0
> VAMPIRE 4 9 6 3 1 2 0
> VAMPIRE 1 9 5 1 0 2 0
> VAMPIRE 3 6 7 3 2 3 0
> GRENADE 2 9 11 1 3
> GRENADE 2 5 10 4 3
> GRENADE 1 9 5 5 2
> POWERUP GRENADE -5 8 7 6
> POWERUP GRENADE -5 6 7 6
> BAT1 3 2 3 3 11 3 12 3 3 4 11 4 13 4 11 5 12 5 8 9 10 9 11 9 11 10 11 11 11 12
> BAT2 2 1 3 1 9 2 13 2 11 6 11 8 1 12 3 12 9 12
> BAT3 11 2 2 3 13 3 2 5 12 9 1 11 12 11 10 13 11 13 12 13
< RES 706 96 1
< MOVE U U
> REQ 706 97 1
> VAMPIRE 2 7 8 2 3 3 0
> VAMPIRE 4 8 7 3 1 2 0
> VAMPIRE 1 7 5 1 0 2 0
> VAMPIRE 3 6 7 3 2 3 0
> GRENADE 2 5 10 3 3
> GRENADE 1 9 3 4 2
> POWERUP GRENADE -4 8 7 6
> POWERUP GRENADE -4 6 7 6
> BAT1 3 2 3 3 11 3 12 3 3 4 11 4 13 4 11 5 12 5 8 9 10 9 11 9 11 10 9 12 11 12
> BAT2 2 1 3 1 9 2 13 2 11 6 11 8 1 12 3 12
> BAT3 11 2 2 3 13 3 2 5 12 9 1 11 12 11 10 13 11 13 12 13
< RES 706 97 1
< MOVE U U
> REQ 706 98 1
> VAMPIRE 2 6 9 2 3 3 0
> VAMPIRE 4 7 6 3 1 2 0
> VAMPIRE 1 5 5 1 0 2 0
> VAMPIRE 3 6 7 3 2 3 0
> GRENADE 2 5 10 2 3
> GRENADE 1 9 3 3 2
> POWERUP GRENADE -3 8 7 6
> POWERUP GRENADE -3 6 7 6
> BAT1 3 2 3 3 11 3 12 3 3 4 11 4 13 4 11 5 12 5 8 9 10 9 11 9 11 10 9 12 11 12
> BAT2 2 1 3 1 9 2 13 2 11 6 11 8 1 12 3 12
> BAT3 11 2 2 3 13 3 2 5 12 9 1 11 12 11 10 13 11 13 12 13
< RES 706 98 1
> REQ 706 99 1
> VAMPIRE 2 6 9 2 2 3 0
> VAMPIRE 4 6 5 3 1 2 0
> VAMPIRE 1 5 5 1 0 2 0
> VAMPIRE 3 6 7 3 2 3 0
> GRENADE 2 5 10 1 3
> GRENADE 1 9 3 2 2
> GRENADE 2 6 9 5 3
> POWERUP GRENADE -2 8 7 6
> POWERUP GRENADE -2 6 7 6
> BAT1 3 2 3 3 11 3 12 3 3 4 11 4 13 4 11 5 12 5 8 9 10 9 11 9 11 10 9 12 11 12
> BAT2 2 1 3 1 9 2 13 2 11 6 11 8 1 12 3 12
> BAT3 11 2 2 3 13 3 2 5 12 9 1 11 12 11 10 13 11 13 12 13
< RES 706 99 1
< MOVE U U
> REQ 706 100 1
> VAMPIRE 2 7 8 2 3 3 0
> VAMPIRE 4 5 5 3 1 2 0
> VAMPIRE 1 3 5 1 0 2 0
> VAMPIRE 3 6 7 3 2 3 0
> GRENADE 1 9 3 1 2
> GRENADE 2 9 9 4 3
> POWERUP GRENADE -1 8 7 6
> POWERUP GRENADE -1 6 7 6
> BAT1 3 2 3 3 11 3 12 3 3 4 11 4 13 4 11 5 12 5 8 9 10 9 11 9 11 10 9 12 11 12
> BAT2 2 1 3 1 9 2 13 2 11 6 11 8 1 12 3 12
> BAT3 11 2 2 3 13 3 2 5 12 9 1 11 12 11 10 13 11 13 12 13
< RES 706 100 1
> REQ 706 101 1
> VAMPIRE 2 8 7 2 3 3 0
> VAMPIRE 4 3 5 3 1 2 0
> VAMPIRE 1 3 5 1 1 2 0
> VAMPIRE 3 6 7 3 2 3 0
> GRENADE 2 9 9 3 3
> POWERUP GRENADE 12 8 7 6
> POWERUP GRENADE 12 6 7 6
> BAT1 3 2 9 2 3 3 12 3 3 4 11 4 13 4 11 5 12 5 8 9 10 9 11 9 11 10 9 12 11 12
> BAT2 2 1 3 1 13 2 11 6 11 8 1 12 3 12
> BAT3 11 2 2 3 13 3 2 5 12 9 1 11 12 11 10 13 11 13 12 13
< RES 706 101 1
< GRENADE
< MOVE D D
> REQ 706 102 1
> VAMPIRE 2 8 7 2 3 3 0
> VAMPIRE 4 3 7 3 1 2 0
> VAMPIRE 1 5 5 1 0 2 0
> VAMPIRE 3 6 7 3 2 3 0
> GRENADE 2 9 9 2 3
> GRENADE 1 3 5 5 2
> POWERUP GRENADE 11 8 7 6
> POWERUP GRENADE 11 6 7 6
> BAT1 3 2 9 2 3 3 12 3 3 4 11 4 13 4 11 5 12 5 8 9 10 9 11 9 11 10 9 12 11 12
> BAT2 2 1 3 1 13 2 11 6 11 8 1 12 3 12
> BAT3 11 2 2 3 13 3 2 5 12 9 1 11 12 11 10 13 11 13 12 13
< RES 706 102 1
< MOVE L L
> REQ 706 103 1
> VAMPIRE 2 8 7 2 3 3 0
> VAMPIRE 4 4 7 3 1 2 0
> VAMPIRE 1 5 3 1 0 2 0
> VAMPIRE 3 6 7 3 2 3 0
> GRENADE 2 9 9 1 3
> GRENADE 1 3 5 4 2
> POWERUP GRENADE 10 8 7 6
> POWERUP GRENADE 10 6 7 6
> BAT1 3 2 9 2 3 3 12 3 3 4 11 4 13 4 11 5 12 5 8 9 10 9 11 9 11 10 9 12 11 12
> BAT2 2 1 3 1 13 2 11 6 11 8 1 12 3 12
> BAT3 11 2 2 3 13 3 2 5 12 9 1 11 12 11 10 13 11 13 12 13
< RES 706 103 1
> REQ 706 104 1
> VAMPIRE 2 8 7 2 4 3 0
> VAMPIRE 4 5 6 3 1 2 0
> VAMPIRE 1 5 3 1 0 2 0
> VAMPIRE 3 6 7 3 2 3 0
> GRENADE 1 3 5 3 2
> POWERUP GRENADE 9 8 7 6
> POWERUP GRENADE 9 6 7 6
> BAT1 3 2 9 2 3 3 12 3 3 4 11 4 13 4 11 5 12 5 11 9 11 10 11 12
> BAT2 2 1 3 1 13 2 11 6 11 8 1 12 3 12
> BAT3 11 2 2 3 13 3 2 5 12 9 1 11 12 11 10 13 11 13 12 13
< RES 706 104 1
< MOVE D D
> REQ 706 105 1
> VAMPIRE 2 8 7 2 4 3 0
> VAMPIRE 4 5 4 3 1 2 0
> VAMPIRE 1 7 3 1 0 2 0
> VAMPIRE 3 6 7 3 2 3 0
> GRENADE 1 3 5 2 2
> POWERUP GRENADE 8 8 7 6
> POWERUP GRENADE 8 6 7 6
> BAT1 3 2 9 2 3 3 12 3 3 4 11 4 13 4 11 5 12 5 11 9 11 10 11 12
> BAT2 2 1 3 1 13 2 11 6 11 8 1 12 3 12
> BAT3 11 2 2 3 13 3 2 5 12 9 1 11 12 11 10 13 11 13 12 13
< RES 706 105 1
< MOVE D D
> REQ 706 106 1
> VAMPIRE 2 8 7 2 4 3 0
> VAMPIRE 4 6 3 3 1 2 0
> VAMPIRE 1 9 3 1 0 2 0
> VAMPIRE 3 6 7 3 3 3 0
> GRENADE 1 3 5 1 2
> POWERUP GRENADE 7 8 7 6
> BAT1 3 2 9 2 3 3 12 3 3 4 11 4 13 4 11 5 12 5 11 9 11 10 11 12
> BAT2 2 1 3 1 13 2 11 6 11 8 1 12 3 12
> BAT3 11 2 2 3 13 3 2 5 12 9 1 11 12 11 10 13 11 13 12 13
< RES 706 106 1
< MOVE D D
> REQ 706 107 1
> VAMPIRE 2 8 7 2 4 3 0
> VAMPIRE 4 7 3 3 1 2 0
> VAMPIRE 1 11 3 1 1 2 0
> VAMPIRE 3 5 6 3 2 3 0
> GRENADE 2 8 7 5 3
> GRENADE 3 6 7 5 3
> BAT1 3 2 9 2 3 3 12 3 11 4 13 4 11 5 12 5 11 9 11 10 11 12
> BAT2 2 1 3 1 13 2 2 5 11 6 11 8 1 12 3 12
> BAT3 11 2 2 3 13 3 12 9 1 11 12 11 10 13 11 13 12 13
< RES 706 107 1
< GRENADE
> REQ 706 108 1
> VAMPIRE 2 9 6 2 4 3 0
> VAMPIRE 4 8 3 3 1 2 0
> VAMPIRE 1 11 3 1 0 2 0
> VAMPIRE 3 4 5 3 2 3 0
> GRENADE 2 11 7 4 3
> GRENADE 3 6 7 4 3
> GRENADE 1 11 3 5 2
> BAT1 3 2 9 2 3 3 12 3 11 4 13 4 11 5 12 5 11 9 11 10 11 12
> BAT2 2 1 3 1 13 2 2 5 11 6 11 8 1 12 3 12
> BAT3 11 2 2 3 13 3 12 9 1 11 12 11 10 13 11 13 12 13
< RES 706 108 1
> REQ 706 109 1
> VAMPIRE 2 9 6 2 3 3 0
> VAMPIRE 4 8 3 3 0 2 0
> VAMPIRE 1 11 3 1 0 2 0
> VAMPIRE 3 3 5 3 2 3 0
> GRENADE 2 11 7 3 3
> GRENADE 3 6 7 3 3
> GRENADE 1 11 3 4 2
> GRENADE 2 9 6 5 3
> GRENADE 4 8 3 5 2
> BAT1 3 2 9 2 3 3 12 3 11 4 13 4 11 5 12 5 11 9 11 10 11 12
> BAT2 2 1 3 1 13 2 2 5 11 6 11 8 1 12 3 12
> BAT3 11 2 2 3 13 3 12 9 1 11 12 11 10 13 11 13 12 13
< RES 706 109 1
> REQ 706 110 1
> VAMPIRE 2 9 6 2 3 3 0
> VAMPIRE 4 7 2 3 0 2 0
> VAMPIRE 1 11 3 1 0 2 0
> VAMPIRE 3 3 6 3 1 3 0
> GRENADE 2 11 7 2 3
> GRENADE 3 6 7 2 3
> GRENADE 1 11 3 3 2
> GRENADE 2 9 5 4 3
> GRENADE 4 11 3 4 2
> GRENADE 3 3 5 5 3
> BAT1 3 2 9 2 3 3 12 3 11 4 13 4 11 5 12 5 11 9 11 10 11 12
> BAT2 2 1 3 1 13 2 2 5 11 6 11 8 1 12 3 12
> BAT3 11 2 2 3 13 3 12 9 1 11 12 11 10 13 11 13 12 13
< RES 706 110 1
< MOVE U U
> REQ 706 111 1
> VAMPIRE 2 9 6 2 3 3 0
> VAMPIRE 4 8 3 3 0 2 0
> VAMPIRE 1 10 3 1 0 2 0
> VAMPIRE 3 2 7 3 1 3 0
> GRENADE 2 11 7 1 3
> GRENADE 3 6 7 1 3
> GRENADE 1 11 3 2 2
> GRENADE 2 9 3 3 3
> GRENADE 4 11 3 3 2
> GRENADE 3 3 5 4 3
> BAT1 3 2 9 2 3 3 12 3 11 4 13 4 11 5 12 5 11 9 11 10 11 12
> BAT2 2 1 3 1 13 2 2 5 11 6 11 8 1 12 3 12
> BAT3 11 2 2 3 13 3 12 9 1 11 12 11 10 13 11 13 12 13
< RES 706 111 1
> REQ 706 112 1
> VAMPIRE 2 8 5 2 4 3 0
> VAMPIRE 4 8 3 3 0 2 0
> VAMPIRE 1 10 3 1 0 2 0
> VAMPIRE 3 3 8 3 2 3 0
> GRENADE 1 11 3 1 2
> GRENADE 2 9 3 2 3
> GRENADE 4 11 3 2 2
> GRENADE 3 3 5 3 3
> BAT1 3 2 9 2 3 3 12 3 11 4 13 4 11 5 12 5 11 6 11 8 11 9 11 10 11 12
> BAT2 2 1 3 1 13 2 2 5 1 12 3 12
> BAT3 11 2 2 3 13 3 12 9 1 11 12 11 10 13 11 13 12 13
< RES 706 112 1
> REQ 706 113 1
> VAMPIRE 2 8 5 2 4 3 0
> VAMPIRE 4 10 3 2 1 2 0
> VAMPIRE 3 2 9 3 2 3 0
> GRENADE 3 3 5 2 3
> GRENADE 2 8 5 5 3
> BAT1 3 2 3 3 13 4 11 5 12 5 11 6 11 8 11 9 11 10 11 12
> BAT2 2 1 3 1 11 2 13 2 2 5 1 12 3 12
> BAT3 2 3 13 3 12 9 1 11 12 11 10 13 11 13 12 13
> END 354.88 No_opponent_left