> MESSAGE OK
> LEVEL 3
> GAMEID 7733
> TEST 1
> MAXTICK 1000
> GRENADERADIUS 2
> SIZE 19
> REQ 7733 0 1
> VAMPIRE 4 17 1 3 1 2 0
> VAMPIRE 3 1 1 3 1 2 0
> VAMPIRE 1 17 17 3 1 2 0
> VAMPIRE 2 1 17 3 1 2 0
> BAT1 9 1 1 5 17 5 5 7 9 7 13 7 7 8 11 8 1 9 3 9 5 9 13 9 15 9 17 9 7 10 11 10 5 11 9 11 13 11 1 13 17 13 9 17
> BAT2 5 1 13 1 7 4 9 4 11 4 6 5 8 5 10 5 12 5 3 6 7 6 11 6 15 6 2 7 4 7 14 7 16 7 3 8 15 8 6 9 12 9 3 10 15 10 2 11 4 11 14 11 16 11 3 12 7 12 11 12 15 12 6 13 8 13 10 13 12 13 7 14 9 14 11 14 5 17 13 17
> BAT3 3 2 7 2 11 2 15 2 2 3 4 3 6 3 8 3 10 3 12 3 14 3 16 3 3 4 15 4 9 6 8 9 10 9 9 12 3 14 15 14 2 15 4 15 6 15 8 15 10 15 12 15 14 15 16 15 3 16 7 16 11 16 15 16
< RES 7733 0 1
< MOVE L L
> REQ 7733 1 1
> VAMPIRE 4 15 1 3 1 2 0
> VAMPIRE 3 1 3 3 1 2 0
> VAMPIRE 1 17 15 3 1 2 0
> VAMPIRE 2 1 15 3 1 2 0
> BAT1 9 1 1 5 17 5 5 7 9 7 13 7 7 8 11 8 1 9 3 9 5 9 13 9 15 9 17 9 7 10 11 10 5 11 9 11 13 11 1 13 17 13 9 17
> BAT2 5 1 13 1 7 4 9 4 11 4 6 5 8 5 10 5 12 5 3 6 7 6 11 6 15 6 2 7 4 7 14 7 16 7 3 8 15 8 6 9 12 9 3 10 15 10 2 11 4 11 14 11 16 11 3 12 7 12 11 12 15 12 6 13 8 13 10 13 12 13 7 14 9 14 11 14 5 17 13 17
> BAT3 3 2 7 2 11 2 15 2 2 3 4 3 6 3 8 3 10 3 12 3 14 3 16 3 3 4 15 4 9 6 8 9 10 9 9 12 3 14 15 14 2 15 4 15 6 15 8 15 10 15 12 15 14 15 16 15 3 16 7 16 11 16 15 16
< RES 7733 1 1
< GRENADE
< MOVE R R
> REQ 7733 2 1
> VAMPIRE 4 15 1 3 1 2 0
> VAMPIRE 3 1 3 3 1 2 0
> VAMPIRE 1 17 17 3 0 2 0
> VAMPIRE 2 1 15 3 1 2 0
> GRENADE 1 17 15 5 2
> BAT1 9 1 1 5 17 5 5 7 9 7 13 7 7 8 11 8 1 9 3 9 5 9 13 9 15 9 17 9 7 10 11 10 5 11 9 11 13 11 1 13 17 13 9 17
> BAT2 5 1 13 1 7 4 9 4 11 4 6 5 8 5 10 5 12 5 3 6 7 6 11 6 15 6 2 7 4 7 14 7 16 7 3 8 15 8 6 9 12 9 3 10 15 10 2 11 4 11 14 11 16 11 3 12 7 12 11 12 15 12 6 13 8 13 10 13 12 13 7 14 9 14 11 14 5 17 13 17
> BAT3 3 2 7 2 11 2 15 2 2 3 4 3 6 3 8 3 10 3 12 3 14 3 16 3 3 4 15 4 9 6 8 9 10 9 9 12 3 14 15 14 2 15 4 15 6 15 8 15 10 15 12 15 14 15 16 15 3 16 7 16 11 16 15 16
< RES 7733 2 1
< MOVE U U
> REQ 7733 3 1
> VAMPIRE 4 16 1 3 0 2 0
> VAMPIRE 3 1 2 3 0 2 0
> VAMPIRE 1 15 17 3 0 2 0
> VAMPIRE 2 1 16 3 0 2 0
> GRENADE 1 17 15 4 2
> GRENADE 2 1 15 5 2
> GRENADE 3 1 3 5 2
> GRENADE 4 15 1 5 2
> BAT1 9 1 1 5 17 5 5 7 9 7 13 7 7 8 11 8 1 9 3 9 5 9 13 9 15 9 17 9 7 10 11 10 5 11 9 11 13 11 1 13 17 13 9 17
> BAT2 5 1 13 1 7 4 9 4 11 4 6 5 8 5 10 5 12 5 3 6 7 6 11 6 15 6 2 7 4 7 14 7 16 7 3 8 15 8 6 9 12 9 3 10 15 10 2 11 4 11 14 11 16 11 3 12 7 12 11 12 15 12 6 13 8 13 10 13 12 13 7 14 9 14 11 14 5 17 13 17
> BAT3 3 2 7 2 11 2 15 2 2 3 4 3 6 3 8 3 10 3 12 3 14 3 16 3 3 4 15 4 9 6 8 9 10 9 9 12 3 14 15 14 2 15 4 15 6 15 8 15 10 15 12 15 14 15 16 15 3 16 7 16 11 16 15 16
< RES 7733 3 1
> REQ 7733 4 1
> VAMPIRE 4 17 2 3 0 2 0
> VAMPIRE 3 2 1 3 0 2 0
> VAMPIRE 1 15 17 3 0 2 0
> VAMPIRE 2 2 17 3 0 2 0
> GRENADE 1 17 15 3 2
> GRENADE 2 1 15 4 2
> GRENADE 3 1 3 4 2
> GRENADE 4 15 1 4 2
> BAT1 9 1 1 5 17 5 5 7 9 7 13 7 7 8 11 8 1 9 3 9 5 9 13 9 15 9 17 9 7 10 11 10 5 11 9 11 13 11 1 13 17 13 9 17
> BAT2 5 1 13 1 7 4 9 4 11 4 6 5 8 5 10 5 12 5 3 6 7 6 11 6 15 6 2 7 4 7 14 7 16 7 3 8 15 8 6 9 12 9 3 10 15 10 2 11 4 11 14 11 16 11 3 12 7 12 11 12 15 12 6 13 8 13 10 13 12 13 7 14 9 14 11 14 5 17 13 17
> BAT3 3 2 7 2 11 2 15 2 2 3 4 3 6 3 8 3 10 3 12 3 14 3 16 3 3 4 15 4 9 6 8 9 10 9 9 12 3 14 15 14 2 15 4 15 6 15 8 15 10 15 12 15 14 15 16 15 3 16 7 16 11 16 15 16
< RES 7733 4 1
> REQ 7733 5 1
> VAMPIRE 4 17 2 3 0 2 0
> VAMPIRE 3 2 1 3 0 2 0
> VAMPIRE 1 15 17 3 0 2 0
> VAMPIRE 2 2 17 3 0 2 0
> GRENADE 1 17 15 2 2
> GRENADE 2 1 15 3 2
> GRENADE 3 1 3 3 2
> GRENADE 4 15 1 3 2
> BAT1 9 1 1 5 17 5 5 7 9 7 13 7 7 8 11 8 1 9 3 9 5 9 13 9 15 9 17 9 7 10 11 10 5 11 9 11 13 11 1 13 17 13 9 17
> BAT2 5 1 13 1 7 4 9 4 11 4 6 5 8 5 10 5 12 5 3 6 7 6 11 6 15 6 2 7 4 7 14 7 16 7 3 8 15 8 6 9 12 9 3 10 15 10 2 11 4 11 14 11 16 11 3 12 7 12 11 12 15 12 6 13 8 13 10 13 12 13 7 14 9 14 11 14 5 17 13 17
> BAT3 3 2 7 2 11 2 15 2 2 3 4 3 6 3 8 3 10 3 12 3 14 3 16 3 3 4 15 4 9 6 8 9 10 9 9 12 3 14 15 14 2 15 4 15 6 15 8 15 10 15 12 15 14 15 16 15 3 16 7 16 11 16 15 16
< RES 7733 5 1
> REQ 7733 6 1
> VAMPIRE 4 17 2 3 0 2 0
> VAMPIRE 3 2 1 3 0 2 0
> VAMPIRE 1 15 17 3 0 2 0
> VAMPIRE 2 2 17 3 0 2 0
> GRENADE 1 17 15 1 2
> GRENADE 2 1 15 2 2
> GRENADE 3 1 3 2 2
> GRENADE 4 15 1 2 2
> BAT1 9 1 1 5 17 5 5 7 9 7 13 7 7 8 11 8 1 9 3 9 5 9 13 9 15 9 17 9 7 10 11 10 5 11 9 11 13 11 1 13 17 13 9 17
> BAT2 5 1 13 1 7 4 9 4 11 4 6 5 8 5 10 5 12 5 3 6 7 6 11 6 15 6 2 7 4 7 14 7 16 7 3 8 15 8 6 9 12 9 3 10 15 10 2 11 4 11 14 11 16 11 3 12 7 12 11 12 15 12 6 13 8 13 10 13 12 13 7 14 9 14 11 14 5 17 13 17
> BAT3 3 2 7 2 11 2 15 2 2 3 4 3 6 3 8 3 10 3 12 3 14 3 16 3 3 4 15 4 9 6 8 9 10 9 9 12 3 14 15 14 2 15 4 15 6 15 8 15 10 15 12 15 14 15 16 15 3 16 7 16 11 16 15 16
< RES 7733 6 1
< MOVE D D
> REQ 7733 7 1
> VAMPIRE 4 17 2 3 0 2 0
> VAMPIRE 3 2 1 3 0 2 0
> VAMPIRE 1 17 17 3 1 2 0
> VAMPIRE 2 2 17 3 0 2 0
> GRENADE 2 1 15 1 2
> GRENADE 3 1 3 1 2
> GRENADE 4 15 1 1 2
> BAT1 9 1 1 5 17 5 5 7 9 7 13 7 7 8 11 8 1 9 3 9 5 9 13 9 15 9 17 9 7 10 11 10 5 11 9 11 13 11 1 13 9 17
> BAT2 5 1 13 1 7 4 9 4 11 4 6 5 8 5 10 5 12 5 3 6 7 6 11 6 15 6 2 7 4 7 14 7 16 7 3 8 15 8 6 9 12 9 3 10 15 10 2 11 4 11 14 11 16 11 3 12 7 12 11 12 15 12 6 13 8 13 10 13 12 13 7 14 9 14 11 14 16 15 5 17 13 17
> BAT3 3 2 7 2 11 2 15 2 2 3 4 3 6 3 8 3 10 3 12 3 14 3 16 3 3 4 15 4 9 6 8 9 10 9 9 12 3 14 15 14 2 15 4 15 6 15 8 15 10 15 12 15 14 15 3 16 7 16 11 16 15 16
< RES 7733 7 1
< MOVE L L
> REQ 7733 8 1
> VAMPIRE 4 17 2 3 1 2 0
> VAMPIRE 3 2 1 3 1 2 0
> VAMPIRE 1 17 15 3 1 2 0
> VAMPIRE 2 2 17 3 1 2 0
> BAT1 9 1 13 1 17 5 5 7 9 7 13 7 7 8 11 8 1 9 3 9 5 9 13 9 15 9 17 9 7 10 11 10 5 11 9 11 13 11 9 17
> BAT2 5 1 15 2 2 3 7 4 9 4 11 4 6 5 8 5 10 5 12 5 3 6 7 6 11 6 15 6 2 7 4 7 14 7 16 7 3 8 15 8 6 9 12 9 3 10 15 10 2 11 4 11 14 11 16 11 3 12 7 12 11 12 15 12 6 13 8 13 10 13 12 13 7 14 9 14 11 14 2 15 16 15 5 17 13 17
> BAT3 3 2 7 2 11 2 4 3 6 3 8 3 10 3 12 3 14 3 16 3 3 4 15 4 9 6 8 9 10 9 9 12 3 14 15 14 4 15 6 15 8 15 10 15 12 15 14 15 3 16 7 16 11 16 15 16
< RES 7733 8 1
< MOVE L L
> REQ 7733 9 1
> VAMPIRE 4 17 3 3 1 2 0
> VAMPIRE 3 3 1 3 1 2 0
> VAMPIRE 1 17 13 3 1 2 0
> VAMPIRE 2 3 17 3 1 2 0
> BAT1 9 1 13 1 17 5 5 7 9 7 13 7 7 8 11 8 1 9 3 9 5 9 13 9 15 9 17 9 7 10 11 10 5 11 9 11 13 11 9 17
> BAT2 5 1 15 2 2 3 7 4 9 4 11 4 6 5 8 5 10 5 12 5 3 6 7 6 11 6 15 6 2 7 4 7 14 7 16 7 3 8 15 8 6 9 12 9 3 10 15 10 2 11 4 11 14 11 16 11 3 12 7 12 11 12 15 12 6 13 8 13 10 13 12 13 7 14 9 14 11 14 2 15 16 15 5 17 13 17
> BAT3 3 2 7 2 11 2 4 3 6 3 8 3 10 3 12 3 14 3 16 3 3 4 15 4 9 6 8 9 10 9 9 12 3 14 15 14 4 15 6 15 8 15 10 15 12 15 14 15 3 16 7 16 11 16 15 16
< RES 7733 9 1
< MOVE U U
> REQ 7733 10 1
> VAMPIRE 4 17 1 3 0 2 0
> VAMPIRE 3 1 1 3 0 2 0
> VAMPIRE 1 15 13 3 1 2 0
> VAMPIRE 2 2 17 3 0 2 0
> GRENADE 2 3 17 5 2
> GRENADE 3 3 1 5 2
> GRENADE 4 17 3 5 2
> BAT1 9 1 13 1 17 5 5 7 9 7 13 7 7 8 11 8 1 9 3 9 5 9 13 9 15 9 17 9 7 10 11 10 5 11 9 11 13 11 9 17
> BAT2 5 1 15 2 2 3 7 4 9 4 11 4 6 5 8 5 10 5 12 5 3 6 7 6 11 6 15 6 2 7 4 7 14 7 16 7 3 8 15 8 6 9 12 9 3 10 15 10 2 11 4 11 14 11 16 11 3 12 7 12 11 12 15 12 6 13 8 13 10 13 12 13 7 14 9 14 11 14 2 15 16 15 5 17 13 17
> BAT3 3 2 7 2 11 2 4 3 6 3 8 3 10 3 12 3 14 3 16 3 3 4 15 4 9 6 8 9 10 9 9 12 3 14 15 14 4 15 6 15 8 15 10 15 12 15 14 15 3 16 7 16 11 16 15 16
< RES 7733 10 1
< MOVE U U
> REQ 7733 11 1
> VAMPIRE 4 15 1 3 0 2 0
> VAMPIRE 3 1 2 3 0 2 0
> VAMPIRE 1 13 13 3 1 2 0
> VAMPIRE 2 1 16 3 0 2 0
> GRENADE 2 3 17 4 2
> GRENADE 3 3 1 4 2
> GRENADE 4 17 3 4 2
> BAT1 9 1 13 1 17 5 5 7 9 7 13 7 7 8 11 8 1 9 3 9 5 9 13 9 15 9 17 9 7 10 11 10 5 11 9 11 13 11 9 17
> BAT2 5 1 15 2 2 3 7 4 9 4 11 4 6 5 8 5 10 5 12 5 3 6 7 6 11 6 15 6 2 7 4 7 14 7 16 7 3 8 15 8 6 9 12 9 3 10 15 10 2 11 4 11 14 11 16 11 3 12 7 12 11 12 15 12 6 13 8 13 10 13 12 13 7 14 9 14 11 14 2 15 16 15 5 17 13 17
> BAT3 3 2 7 2 11 2 4 3 6 3 8 3 10 3 12 3 14 3 16 3 3 4 15 4 9 6 8 9 10 9 9 12 3 14 15 14 4 15 6 15 8 15 10 15 12 15 14 15 3 16 7 16 11 16 15 16
< RES 7733 11 1
< GRENADE
< MOVE D D
> REQ 7733 12 1
> VAMPIRE 4 14 1 3 0 2 0
> VAMPIRE 3 1 4 3 0 2 0
> VAMPIRE 1 15 13 3 0 2 0
> VAMPIRE 2 1 15 3 0 2 0
> GRENADE 2 3 17 3 2
> GRENADE 3 3 1 3 2
> GRENADE 4 17 3 3 2
> GRENADE 1 13 13 5 2
> BAT1 9 1 13 1 17 5 5 7 9 7 13 7 7 8 11 8 1 9 3 9 5 9 13 9 15 9 17 9 7 10 11 10 5 11 9 11 13 11 9 17
> BAT2 5 1 15 2 2 3 7 4 9 4 11 4 6 5 8 5 10 5 12 5 3 6 7 6 11 6 15 6 2 7 4 7 14 7 16 7 3 8 15 8 6 9 12 9 3 10 15 10 2 11 4 11 14 11 16 11 3 12 7 12 11 12 15 12 6 13 8 13 10 13 12 13 7 14 9 14 11 14 2 15 16 15 5 17 13 17
> BAT3 3 2 7 2 11 2 4 3 6 3 8 3 10 3 12 3 14 3 16 3 3 4 15 4 9 6 8 9 10 9 9 12 3 14 15 14 4 15 6 15 8 15 10 15 12 15 14 15 3 16 7 16 11 16 15 16
< RES 7733 12 1
< MOVE D
> REQ 7733 13 1
> VAMPIRE 4 14 1 3 0 2 0
> VAMPIRE 3 1 6 3 0 2 0
> VAMPIRE 1 16 13 3 0 2 0
> VAMPIRE 2 1 15 3 0 2 0
> GRENADE 2 3 17 2 2
> GRENADE 3 3 1 2 2
> GRENADE 4 17 3 2 2
> GRENADE 1 13 13 4 2
> BAT1 9 1 13 1 17 5 5 7 9 7 13 7 7 8 11 8 1 9 3 9 5 9 13 9 15 9 17 9 7 10 11 10 5 11 9 11 13 11 9 17
> BAT2 5 1 15 2 2 3 7 4 9 4 11 4 6 5 8 5 10 5 12 5 3 6 7 6 11 6 15 6 2 7 4 7 14 7 16 7 3 8 15 8 6 9 12 9 3 10 15 10 2 11 4 11 14 11 16 11 3 12 7 12 11 12 15 12 6 13 8 13 10 13 12 13 7 14 9 14 11 14 2 15 16 15 5 17 13 17
> BAT3 3 2 7 2 11 2 4 3 6 3 8 3 10 3 12 3 14 3 16 3 3 4 15 4 9 6 8 9 10 9 9 12 3 14 15 14 4 15 6 15 8 15 10 15 12 15 14 15 3 16 7 16 11 16 15 16
< RES 7733 13 1
< MOVE D
> REQ 7733 14 1
> VAMPIRE 4 14 1 3 0 2 0
> VAMPIRE 3 1 8 3 0 2 0
> VAMPIRE 1 17 13 3 0 2 0
> VAMPIRE 2 1 15 3 0 2 0
> GRENADE 2 3 17 1 2
> GRENADE 3 3 1 1 2
> GRENADE 4 17 3 1 2
> GRENADE 1 13 13 3 2
> BAT1 9 1 13 1 17 5 5 7 9 7 13 7 7 8 11 8 1 9 3 9 5 9 13 9 15 9 17 9 7 10 11 10 5 11 9 11 13 11 9 17
> BAT2 5 1 15 2 2 3 7 4 9 4 11 4 6 5 8 5 10 5 12 5 3 6 7 6 11 6 15 6 2 7 4 7 14 7 16 7 3 8 15 8 6 9 12 9 3 10 15 10 2 11 4 11 14 11 16 11 3 12 7 12 11 12 15 12 6 13 8 13 10 13 12 13 7 14 9 14 11 14 2 15 16 15 5 17 13 17
> BAT3 3 2 7 2 11 2 4 3 6 3 8 3 10 3 12 3 14 3 16 3 3 4 15 4 9 6 8 9 10 9 9 12 3 14 15 14 4 15 6 15 8 15 10 15 12 15 14 15 3 16 7 16 11 16 15 16
< RES 7733 14 1
< MOVE L L
> REQ 7733 15 1
> VAMPIRE 4 14 1 3 1 2 0
> VAMPIRE 3 1 8 3 1 2 0
> VAMPIRE 1 17 11 3 0 2 0
> VAMPIRE 2 1 15 3 1 2 0
> GRENADE 1 13 13 2 2
> BAT1 5 1 9 1 13 1 5 7 9 7 13 7 7 8 11 8 1 9 3 9 5 9 13 9 15 9 17 9 7 10 11 10 5 11 9 11 13 11 5 17 9 17
> BAT2 3 2 15 2 2 3 16 3 7 4 9 4 11 4 6 5 8 5 10 5 12 5 3 6 7 6 11 6 15 6 2 7 4 7 14 7 16 7 3 8 15 8 6 9 12 9 3 10 15 10 2 11 4 11 14 11 16 11 3 12 7 12 11 12 15 12 6 13 8 13 10 13 12 13 7 14 9 14 11 14 2 15 16 15 3 16 13 17
> BAT3 7 2 11 2 4 3 6 3 8 3 10 3 12 3 14 3 3 4 15 4 9 6 8 9 10 9 9 12 3 14 15 14 4 15 6 15 8 15 10 15 12 15 14 15 7 16 11 16 15 16
< RES 7733 15 1
> REQ 7733 16 1
> VAMPIRE 4 14 1 3 1 2 0
> VAMPIRE 3 1 8 3 1 2 0
> VAMPIRE 1 17 11 3 0 2 0
> VAMPIRE 2 1 15 3 1 2 0
> GRENADE 1 13 13 1 2
> BAT1 5 1 9 1 13 1 5 7 9 7 13 7 7 8 11 8 1 9 3 9 5 9 13 9 15 9 17 9 7 10 11 10 5 11 9 11 13 11 5 17 9 17
> BAT2 3 2 15 2 2 3 16 3 7 4 9 4 11 4 6 5 8 5 10 5 12 5 3 6 7 6 11 6 15 6 2 7 4 7 14 7 16 7 3 8 15 8 6 9 12 9 3 10 15 10 2 11 4 11 14 11 16 11 3 12 7 12 11 12 15 12 6 13 8 13 10 13 12 13 7 14 9 14 11 14 2 15 16 15 3 16 13 17
> BAT3 7 2 11 2 4 3 6 3 8 3 10 3 12 3 14 3 3 4 15 4 9 6 8 9 10 9 9 12 3 14 15 14 4 15 6 15 8 15 10 15 12 15 14 15 7 16 11 16 15 16
< RES 7733 16 1
> REQ 7733 17 1
> VAMPIRE 4 15 1 3 1 2 0
> VAMPIRE 3 1 7 3 1 2 0
> VAMPIRE 1 17 11 3 1 2 0
> VAMPIRE 2 1 16 3 0 2 0
> GRENADE 2 1 15 5 2
> BAT1 5 1 9 1 13 1 5 7 9 7 13 7 7 8 11 8 1 9 3 9 5 9 13 9 15 9 17 9 7 10 11 10 5 11 9 11 12 13 5 17 9 17
> BAT2 3 2 15 2 2 3 16 3 7 4 9 4 11 4 6 5 8 5 10 5 12 5 3 6 7 6 11 6 15 6 2 7 4 7 14 7 16 7 3 8 15 8 6 9 12 9 3 10 15 10 2 11 4 11 14 11 16 11 3 12 7 12 11 12 15 12 6 13 8 13 10 13 7 14 9 14 11 14 2 15 16 15 3 16 13 17
> BAT3 7 2 11 2 4 3 6 3 8 3 10 3 12 3 14 3 3 4 15 4 9 6 8 9 10 9 9 12 3 14 15 14 4 15 6 15 8 15 10 15 12 15 14 15 7 16 11 16 15 16
< RES 7733 17 1
< GRENADE
< MOVE R R
> REQ 7733 18 1
> VAMPIRE 4 15 1 3 1 2 0
> VAMPIRE 3 1 7 3 1 2 0
> VAMPIRE 1 17 13 3 0 2 0
> VAMPIRE 2 1 16 3 0 2 0
> GRENADE 2 1 15 4 2
> GRENADE 1 17 11 5 2
> BAT1 5 1 9 1 13 1 5 7 9 7 13 7 7 8 11 8 1 9 3 9 5 9 13 9 15 9 17 9 7 10 11 10 5 11 9 11 12 13 5 17 9 17
> BAT2 3 2 15 2 2 3 16 3 7 4 9 4 11 4 6 5 8 5 10 5 12 5 3 6 7 6 11 6 15 6 2 7 4 7 14 7 16 7 3 8 15 8 6 9 12 9 3 10 15 10 2 11 4 11 14 11 16 11 3 12 7 12 11 12 15 12 6 13 8 13 10 13 7 14 9 14 11 14 2 15 16 15 3 16 13 17
> BAT3 7 2 11 2 4 3 6 3 8 3 10 3 12 3 14 3 3 4 15 4 9 6 8 9 10 9 9 12 3 14 15 14 4 15 6 15 8 15 10 15 12 15 14 15 7 16 11 16 15 16
< RES 7733 18 1
< MOVE U U
> REQ 7733 19 1
> VAMPIRE 4 16 1 3 0 2 0
> VAMPIRE 3 1 6 3 0 2 0
> VAMPIRE 1 15 13 3 0 2 0
> VAMPIRE 2 2 17 3 0 2 0
> GRENADE 2 1 15 3 2
> GRENADE 1 17 11 4 2
> GRENADE 3 1 7 5 2
> GRENADE 4 15 1 5 2
> BAT1 5 1 9 1 13 1 5 7 9 7 13 7 7 8 11 8 1 9 3 9 5 9 13 9 15 9 17 9 7 10 11 10 5 11 9 11 12 13 5 17 9 17
> BAT2 3 2 15 2 2 3 16 3 7 4 9 4 11 4 6 5 8 5 10 5 12 5 3 6 7 6 11 6 15 6 2 7 4 7 14 7 16 7 3 8 15 8 6 9 12 9 3 10 15 10 2 11 4 11 14 11 16 11 3 12 7 12 11 12 15 12 6 13 8 13 10 13 7 14 9 14 11 14 2 15 16 15 3 16 13 17
> BAT3 7 2 11 2 4 3 6 3 8 3 10 3 12 3 14 3 3 4 15 4 9 6 8 9 10 9 9 12 3 14 15 14 4 15 6 15 8 15 10 15 12 15 14 15 7 16 11 16 15 16
< RES 7733 19 1
< MOVE U
> REQ 7733 20 1
> VAMPIRE 4 17 2 3 0 2 0
> VAMPIRE 3 2 5 3 0 2 0
> VAMPIRE 1 14 13 3 0 2 0
> VAMPIRE 2 2 17 3 0 2 0
> GRENADE 2 1 15 2 2
> GRENADE 1 17 11 3 2
> GRENADE 3 1 7 4 2
> GRENADE 4 15 1 4 2
> BAT1 5 1 9 1 13 1 5 7 9 7 13 7 7 8 11 8 1 9 3 9 5 9 13 9 15 9 17 9 7 10 11 10 5 11 9 11 12 13 5 17 9 17
> BAT2 3 2 15 2 2 3 16 3 7 4 9 4 11 4 6 5 8 5 10 5 12 5 3 6 7 6 11 6 15 6 2 7 4 7 14 7 16 7 3 8 15 8 6 9 12 9 3 10 15 10 2 11 4 11 14 11 16 11 3 12 7 12 11 12 15 12 6 13 8 13 10 13 7 14 9 14 11 14 2 15 16 15 3 16 13 17
> BAT3 7 2 11 2 4 3 6 3 8 3 10 3 12 3 14 3 3 4 15 4 9 6 8 9 10 9 9 12 3 14 15 14 4 15 6 15 8 15 10 15 12 15 14 15 7 16 11 16 15 16
< RES 7733 20 1
< MOVE U L
> REQ 7733 21 1
> VAMPIRE 4 17 2 3 0 2 0
> VAMPIRE 3 2 5 3 0 2 0
> VAMPIRE 1 13 12 3 0 2 0
> VAMPIRE 2 2 17 3 0 2 0
> GRENADE 2 1 15 1 2
> GRENADE 1 17 11 2 2
> GRENADE 3 1 7 3 2
> GRENADE 4 15 1 3 2
> BAT1 5 1 9 1 13 1 5 7 9 7 13 7 7 8 11 8 1 9 3 9 5 9 13 9 15 9 17 9 7 10 11 10 5 11 9 11 12 13 5 17 9 17
> BAT2 3 2 15 2 2 3 16 3 7 4 9 4 11 4 6 5 8 5 10 5 12 5 3 6 7 6 11 6 15 6 2 7 4 7 14 7 16 7 3 8 15 8 6 9 12 9 3 10 15 10 2 11 4 11 14 11 16 11 3 12 7 12 11 12 15 12 6 13 8 13 10 13 7 14 9 14 11 14 2 15 16 15 3 16 13 17
> BAT3 7 2 11 2 4 3 6 3 8 3 10 3 12 3 14 3 3 4 15 4 9 6 8 9 10 9 9 12 3 14 15 14 4 15 6 15 8 15 10 15 12 15 14 15 7 16 11 16 15 16
< RES 7733 21 1
< MOVE L U
> REQ 7733 22 1
> VAMPIRE 4 17 2 3 0 2 0
> VAMPIRE 3 2 5 3 0 2 0
> VAMPIRE 1 12 11 3 0 2 0
> VAMPIRE 2 2 17 3 1 2 0
> GRENADE 1 17 11 1 2
> GRENADE 3 1 7 2 2
> GRENADE 4 15 1 2 2
> BAT1 5 1 9 1 13 1 5 7 9 7 13 7 7 8 11 8 1 9 3 9 5 9 13 9 15 9 17 9 7 10 11 10 5 11 9 11 12 13 2 15 5 17 9 17
> BAT2 3 2 15 2 2 3 16 3 7 4 9 4 11 4 6 5 8 5 10 5 12 5 3 6 7 6 11 6 15 6 2 7 4 7 14 7 16 7 3 8 15 8 6 9 12 9 3 10 15 10 2 11 4 11 14 11 16 11 3 12 7 12 11 12 15 12 6 13 8 13 10 13 7 14 9 14 11 14 16 15 3 16 13 17
> BAT3 7 2 11 2 4 3 6 3 8 3 10 3 12 3 14 3 3 4 15 4 9 6 8 9 10 9 9 12 3 14 15 14 4 15 6 15 8 15 10 15 12 15 14 15 7 16 11 16 15 16
< RES 7733 22 1
< MOVE U
> REQ 7733 23 1
> VAMPIRE 4 17 2 3 0 2 0
> VAMPIRE 3 2 5 3 0 2 0
> VAMPIRE 1 11 11 3 1 2 0
> VAMPIRE 2 3 17 3 1 2 0
> GRENADE 3 1 7 1 2
> GRENADE 4 15 1 1 2
> BAT1 5 1 9 1 13 1 5 7 9 7 13 7 7 8 11 8 1 9 3 9 5 9 13 9 15 9 7 10 11 10 5 11 9 11 16 11 12 13 2 15 5 17 9 17
> BAT2 3 2 15 2 2 3 16 3 7 4 9 4 11 4 6 5 8 5 10 5 12 5 3 6 7 6 11 6 15 6 2 7 4 7 14 7 16 7 3 8 15 8 6 9 12 9 3 10 15 10 2 11 4 11 14 11 3 12 7 12 11 12 15 12 6 13 8 13 10 13 7 14 9 14 11 14 16 15 3 16 13 17
> BAT3 7 2 11 2 4 3 6 3 8 3 10 3 12 3 14 3 3 4 15 4 9 6 8 9 10 9 9 12 3 14 15 14 4 15 6 15 8 15 10 15 12 15 14 15 7 16 11 16 15 16
< RES 7733 23 1
< GRENADE
< MOVE D D
> REQ 7733 24 1
> VAMPIRE 4 17 2 3 1 2 0
> VAMPIRE 3 2 5 3 1 2 0
> VAMPIRE 1 13 11 3 0 2 0
> VAMPIRE 2 3 17 3 1 2 0
> GRENADE 1 11 11 5 2
> BAT1 5 1 9 1 15 2 2 7 5 7 9 7 13 7 7 8 11 8 3 9 5 9 13 9 15 9 7 10 11 10 5 11 9 11 16 11 12 13 2 15 5 17 9 17
> BAT2 3 2 2 3 16 3 7 4 9 4 11 4 6 5 8 5 10 5 12 5 3 6 7 6 11 6 15 6 4 7 14 7 16 7 3 8 15 8 6 9 12 9 3 10 15 10 2 11 4 11 14 11 3 12 7 12 11 12 15 12 6 13 8 13 10 13 7 14 9 14 11 14 16 15 3 16 13 17
> BAT3 7 2 11 2 4 3 6 3 8 3 10 3 12 3 14 3 3 4 15 4 9 6 8 9 10 9 9 12 3 14 15 14 4 15 6 15 8 15 10 15 12 15 14 15 7 16 11 16 15 16
< RES 7733 24 1
< MOVE R R
> REQ 7733 25 1
> VAMPIRE 4 17 3 3 1 2 0
> VAMPIRE 3 3 5 3 1 2 0
> VAMPIRE 1 13 13 3 0 2 0
> VAMPIRE 2 2 17 3 0 2 0
> GRENADE 1 11 11 4 2
> GRENADE 2 3 17 5 2
> BAT1 5 1 9 1 15 2 2 7 5 7 9 7 13 7 7 8 11 8 3 9 5 9 13 9 15 9 7 10 11 10 5 11 9 11 16 11 12 13 2 15 5 17 9 17
> BAT2 3 2 2 3 16 3 7 4 9 4 11 4 6 5 8 5 10 5 12 5 3 6 7 6 11 6 15 6 4 7 14 7 16 7 3 8 15 8 6 9 12 9 3 10 15 10 2 11 4 11 14 11 3 12 7 12 11 12 15 12 6 13 8 13 10 13 7 14 9 14 11 14 16 15 3 16 13 17
> BAT3 7 2 11 2 4 3 6 3 8 3 10 3 12 3 14 3 3 4 15 4 9 6 8 9 10 9 9 12 3 14 15 14 4 15 6 15 8 15 10 15 12 15 14 15 7 16 11 16 15 16
< RES 7733 25 1
> REQ 7733 26 1
> VAMPIRE 4 17 1 3 0 2 0
> VAMPIRE 3 1 5 3 0 2 0
> VAMPIRE 1 13 13 3 0 2 0
> VAMPIRE 2 1 16 3 0 2 0
> GRENADE 1 11 11 3 2
> GRENADE 2 3 17 4 2
> GRENADE 3 3 5 5 2
> GRENADE 4 17 3 5 2
> POWERUP TOMATO -5 7 13
> POWERUP TOMATO -5 11 5
> BAT1 5 1 9 1 15 2 2 7 5 7 9 7 13 7 7 8 11 8 3 9 5 9 13 9 15 9 7 10 11 10 5 11 9 11 16 11 12 13 2 15 5 17 9 17
> BAT2 3 2 2 3 16 3 7 4 9 4 11 4 6 5 8 5 10 5 12 5 3 6 7 6 11 6 15 6 4 7 14 7 16 7 3 8 15 8 6 9 12 9 3 10 15 10 2 11 4 11 14 11 3 12 7 12 11 12 15 12 6 13 8 13 10 13 7 14 9 14 11 14 16 15 3 16 13 17
> BAT3 7 2 11 2 4 3 6 3 8 3 10 3 12 3 14 3 3 4 15 4 9 6 8 9 10 9 9 12 3 14 15 14 4 15 6 15 8 15 10 15 12 15 14 15 7 16 11 16 15 16
< RES 7733 26 1
> REQ 7733 27 1
> VAMPIRE 4 15 1 3 0 2 0
> VAMPIRE 3 1 7 3 0 2 0
> VAMPIRE 1 13 13 3 0 2 0
> VAMPIRE 2 1 15 3 0 2 0
> GRENADE 1 11 11 2 2
> GRENADE 2 3 17 3 2
> GRENADE 3 3 5 4 2
> GRENADE 4 17 3 4 2
> POWERUP TOMATO -4 7 13
> POWERUP TOMATO -4 11 5
> BAT1 5 1 9 1 15 2 2 7 5 7 9 7 13 7 7 8 11 8 3 9 5 9 13 9 15 9 7 10 11 10 5 11 9 11 16 11 12 13 2 15 5 17 9 17
> BAT2 3 2 2 3 16 3 7 4 9 4 11 4 6 5 8 5 10 5 12 5 3 6 7 6 11 6 15 6 4 7 14 7 16 7 3 8 15 8 6 9 12 9 3 10 15 10 2 11 4 11 14 11 3 12 7 12 11 12 15 12 6 13 8 13 10 13 7 14 9 14 11 14 16 15 3 16 13 17
> BAT3 7 2 11 2 4 3 6 3 8 3 10 3 12 3 14 3 3 4 15 4 9 6 8 9 10 9 9 12 3 14 15 14 4 15 6 15 8 15 10 15 12 15 14 15 7 16 11 16 15 16
< RES 7733 27 1
< MOVE L
> REQ 7733 28 1
> VAMPIRE 4 13 1 3 0 2 0
> VAMPIRE 3 1 9 3 0 2 0
> VAMPIRE 1 13 12 3 0 2 0
> VAMPIRE 2 1 15 3 0 2 0
> GRENADE 1 11 11 1 2
> GRENADE 2 3 17 2 2
> GRENADE 3 3 5 3 2
> GRENADE 4 17 3 3 2
> POWERUP TOMATO -3 7 13
> POWERUP TOMATO -3 11 5
> BAT1 5 1 9 1 15 2 2 7 5 7 9 7 13 7 7 8 11 8 3 9 5 9 13 9 15 9 7 10 11 10 5 11 9 11 16 11 12 13 2 15 5 17 9 17
> BAT2 3 2 2 3 16 3 7 4 9 4 11 4 6 5 8 5 10 5 12 5 3 6 7 6 11 6 15 6 4 7 14 7 16 7 3 8 15 8 6 9 12 9 3 10 15 10 2 11 4 11 14 11 3 12 7 12 11 12 15 12 6 13 8 13 10 13 7 14 9 14 11 14 16 15 3 16 13 17
> BAT3 7 2 11 2 4 3 6 3 8 3 10 3 12 3 14 3 3 4 15 4 9 6 8 9 10 9 9 12 3 14 15 14 4 15 6 15 8 15 10 15 12 15 14 15 7 16 11 16 15 16
< RES 7733 28 1
< MOVE L L
> REQ 7733 29 1
> VAMPIRE 4 13 1 3 0 2 0
> VAMPIRE 3 1 9 3 0 2 0
> VAMPIRE 1 13 10 3 1 2 0
> VAMPIRE 2 1 15 3 0 2 0
> GRENADE 2 3 17 1 2
> GRENADE 3 3 5 2 2
> GRENADE 4 17 3 2 2
> POWERUP TOMATO -2 7 13
> POWERUP TOMATO -2 11 5
> BAT1 5 1 9 1 15 2 2 7 5 7 9 7 13 7 7 8 11 8 3 9 5 9 13 9 15 9 7 10 5 11 16 11 11 12 12 13 2 15 5 17 9 17
> BAT2 3 2 2 3 16 3 7 4 9 4 11 4 6 5 8 5 10 5 12 5 3 6 7 6 11 6 15 6 4 7 14 7 16 7 3 8 15 8 6 9 12 9 3 10 15 10 2 11 4 11 14 11 3 12 7 12 15 12 6 13 8 13 10 13 7 14 9 14 11 14 16 15 3 16 13 17
> BAT3 7 2 11 2 4 3 6 3 8 3 10 3 12 3 14 3 3 4 15 4 9 6 8 9 10 9 9 12 3 14 15 14 4 15 6 15 8 15 10 15 12 15 14 15 7 16 11 16 15 16
< RES 7733 29 1
< MOVE R U
> REQ 7733 30 1
> VAMPIRE 4 11 1 3 0 2 0
> VAMPIRE 3 1 11 3 0 2 0
> VAMPIRE 1 12 11 3 1 2 0
> VAMPIRE 2 1 15 3 1 2 0
> GRENADE 3 3 5 1 2
> GRENADE 4 17 3 1 2
> POWERUP TOMATO -1 7 13
> POWERUP TOMATO -1 11 5
> BAT1 5 1 9 1 15 2 2 7 5 7 9 7 13 7 7 8 11 8 3 9 5 9 13 9 15 9 7 10 5 11 16 11 11 12 12 13 2 15 3 16 9 17
> BAT2 3 2 2 3 16 3 7 4 9 4 11 4 6 5 8 5 10 5 12 5 3 6 7 6 11 6 15 6 4 7 14 7 16 7 3 8 15 8 6 9 12 9 3 10 15 10 2 11 4 11 14 11 3 12 7 12 15 12 6 13 8 13 10 13 7 14 9 14 11 14 16 15 13 17
> BAT3 7 2 11 2 4 3 6 3 8 3 10 3 12 3 14 3 3 4 15 4 9 6 8 9 10 9 9 12 3 14 15 14 4 15 6 15 8 15 10 15 12 15 14 15 7 16 11 16 15 16
< RES 7733 30 1
< MOVE U U
> REQ 7733 31 1
> VAMPIRE 4 10 1 3 1 2 0
> VAMPIRE 3 1 13 3 1 2 0
> VAMPIRE 1 10 11 3 1 2 0
> VAMPIRE 2 1 16 3 0 2 0
> GRENADE 2 1 15 5 2
> POWERUP TOMATO 19 7 13
> POWERUP TOMATO 19 11 5
> BAT1 5 1 9 1 15 2 16 3 3 6 2 7 5 7 9 7 13 7 7 8 11 8 3 9 5 9 13 9 15 9 7 10 5 11 16 11 11 12 12 13 2 15 3 16 9 17
> BAT2 3 2 2 3 3 4 7 4 9 4 11 4 6 5 8 5 10 5 12 5 7 6 11 6 15 6 4 7 14 7 16 7 3 8 15 8 6 9 12 9 3 10 15 10 2 11 4 11 14 11 3 12 7 12 15 12 6 13 8 13 10 13 7 14 9 14 11 14 16 15 13 17
> BAT3 7 2 11 2 4 3 6 3 8 3 10 3 12 3 14 3 15 4 9 6 8 9 10 9 9 12 3 14 15 14 4 15 6 15 8 15 10 15 12 15 14 15 7 16 11 16 15 16
< RES 7733 31 1
< MOVE U U
> REQ 7733 32 1
> VAMPIRE 4 11 1 3 1 2 0
> VAMPIRE 3 1 14 3 1 2 0
> VAMPIRE 1 8 11 3 1 2 0
> VAMPIRE 2 2 17 3 0 2 0
> GRENADE 2 1 15 4 2
> POWERUP TOMATO 18 7 13
> POWERUP TOMATO 18 11 5
> BAT1 5 1 9 1 15 2 16 3 3 6 2 7 5 7 9 7 13 7 7 8 11 8 3 9 5 9 13 9 15 9 7 10 5 11 16 11 11 12 12 13 2 15 3 16 9 17
> BAT2 3 2 2 3 3 4 7 4 9 4 11 4 6 5 8 5 10 5 12 5 7 6 11 6 15 6 4 7 14 7 16 7 3 8 15 8 6 9 12 9 3 10 15 10 2 11 4 11 14 11 3 12 7 12 15 12 6 13 8 13 10 13 7 14 9 14 11 14 16 15 13 17
> BAT3 7 2 11 2 4 3 6 3 8 3 10 3 12 3 14 3 15 4 9 6 8 9 10 9 9 12 3 14 15 14 4 15 6 15 8 15 10 15 12 15 14 15 7 16 11 16 15 16
< RES 7733 32 1
< MOVE U
> REQ 7733 33 1
> VAMPIRE 4 12 1 3 0 2 0
> VAMPIRE 3 2 13 3 1 2 0
> VAMPIRE 1 7 11 3 1 2 0
> VAMPIRE 2 2 17 3 0 2 0
> GRENADE 2 1 15 3 2
> GRENADE 4 11 1 5 2
> POWERUP TOMATO 17 7 13
> POWERUP TOMATO 17 11 5
> BAT1 5 1 9 1 15 2 16 3 3 6 2 7 5 7 9 7 13 7 7 8 11 8 3 9 5 9 13 9 15 9 7 10 5 11 16 11 11 12 12 13 2 15 3 16 9 17
> BAT2 3 2 2 3 3 4 7 4 9 4 11 4 6 5 8 5 10 5 12 5 7 6 11 6 15 6 4 7 14 7 16 7 3 8 15 8 6 9 12 9 3 10 15 10 2 11 4 11 14 11 3 12 7 12 15 12 6 13 8 13 10 13 7 14 9 14 11 14 16 15 13 17
> BAT3 7 2 11 2 4 3 6 3 8 3 10 3 12 3 14 3 15 4 9 6 8 9 10 9 9 12 3 14 15 14 4 15 6 15 8 15 10 15 12 15 14 15 7 16 11 16 15 16
< RES 7733 33 1
< GRENADE
< MOVE D D
> REQ 7733 34 1
> VAMPIRE 4 13 2 3 0 2 0
> VAMPIRE 3 3 13 3 1 2 0
> VAMPIRE 1 9 11 3 0 2 0
> VAMPIRE 2 2 17 3 0 2 0
> GRENADE 2 1 15 2 2
> GRENADE 4 11 1 4 2
> GRENADE 1 7 11 5 2
> POWERUP TOMATO 16 7 13
> POWERUP TOMATO 16 11 5
> BAT1 5 1 9 1 15 2 16 3 3 6 2 7 5 7 9 7 13 7 7 8 11 8 3 9 5 9 13 9 15 9 7 10 5 11 16 11 11 12 12 13 2 15 3 16 9 17
> BAT2 3 2 2 3 3 4 7 4 9 4 11 4 6 5 8 5 10 5 12 5 7 6 11 6 15 6 4 7 14 7 16 7 3 8 15 8 6 9 12 9 3 10 15 10 2 11 4 11 14 11 3 12 7 12 15 12 6 13 8 13 10 13 7 14 9 14 11 14 16 15 13 17
> BAT3 7 2 11 2 4 3 6 3 8 3 10 3 12 3 14 3 15 4 9 6 8 9 10 9 9 12 3 14 15 14 4 15 6 15 8 15 10 15 12 15 14 15 7 16 11 16 15 16
< RES 7733 34 1
< MOVE D D
> REQ 7733 35 1
> VAMPIRE 4 13 2 3 0 2 0
> VAMPIRE 3 5 13 3 0 2 0
> VAMPIRE 1 11 11 3 0 2 0
> VAMPIRE 2 2 17 3 0 2 0
> GRENADE 2 1 15 1 2
> GRENADE 4 11 1 3 2
> GRENADE 1 7 11 4 2
> GRENADE 3 3 13 5 2
> POWERUP TOMATO 15 7 13
> POWERUP TOMATO 15 11 5
> BAT1 5 1 9 1 15 2 16 3 3 6 2 7 5 7 9 7 13 7 7 8 11 8 3 9 5 9 13 9 15 9 7 10 5 11 16 11 11 12 12 13 2 15 3 16 9 17
> BAT2 3 2 2 3 3 4 7 4 9 4 11 4 6 5 8 5 10 5 12 5 7 6 11 6 15 6 4 7 14 7 16 7 3 8 15 8 6 9 12 9 3 10 15 10 2 11 4 11 14 11 3 12 7 12 15 12 6 13 8 13 10 13 7 14 9 14 11 14 16 15 13 17
> BAT3 7 2 11 2 4 3 6 3 8 3 10 3 12 3 14 3 15 4 9 6 8 9 10 9 9 12 3 14 15 14 4 15 6 15 8 15 10 15 12 15 14 15 7 16 11 16 15 16
< RES 7733 35 1
< MOVE L L
> REQ 7733 36 1
> VAMPIRE 4 13 2 3 0 2 0
> VAMPIRE 3 5 15 3 0 2 0
> VAMPIRE 1 11 9 3 0 2 0
> VAMPIRE 2 2 17 3 1 2 0
> GRENADE 4 11 1 2 2
> GRENADE 1 7 11 3 2
> GRENADE 3 3 13 4 2
> POWERUP TOMATO 14 7 13
> POWERUP TOMATO 14 11 5
> BAT1 5 1 9 1 15 2 16 3 3 6 2 7 5 7 9 7 13 7 7 8 11 8 3 9 5 9 13 9 15 9 7 10 5 11 16 11 11 12 12 13 3 16 9 17
> BAT2 3 2 2 3 3 4 7 4 9 4 11 4 6 5 8 5 10 5 12 5 7 6 11 6 15 6 4 7 14 7 16 7 3 8 15 8 6 9 12 9 3 10 15 10 2 11 4 11 14 11 3 12 7 12 15 12 6 13 8 13 10 13 7 14 9 14 11 14 16 15 13 17
> BAT3 7 2 11 2 4 3 6 3 8 3 10 3 12 3 14 3 15 4 9 6 8 9 10 9 9 12 3 14 15 14 4 15 6 15 8 15 10 15 12 15 14 15 7 16 11 16 15 16
< RES 7733 36 1
< MOVE R R
> REQ 7733 37 1
> VAMPIRE 4 13 2 3 0 2 0
> VAMPIRE 3 5 17 3 0 2 0
> VAMPIRE 1 11 11 3 0 2 0
> VAMPIRE 2 1 16 3 1 2 0
> GRENADE 4 11 1 1 2
> GRENADE 1 7 11 2 2
> GRENADE 3 3 13 3 2
> POWERUP TOMATO 13 7 13
> POWERUP TOMATO 13 11 5
> BAT1 5 1 9 1 15 2 16 3 3 6 2 7 5 7 9 7 13 7 7 8 11 8 3 9 5 9 13 9 15 9 7 10 5 11 16 11 11 12 12 13 3 16 9 17
> BAT2 3 2 2 3 3 4 7 4 9 4 11 4 6 5 8 5 10 5 12 5 7 6 11 6 15 6 4 7 14 7 16 7 3 8 15 8 6 9 12 9 3 10 15 10 2 11 4 11 14 11 3 12 7 12 15 12 6 13 8 13 10 13 7 14 9 14 11 14 16 15 13 17
> BAT3 7 2 11 2 4 3 6 3 8 3 10 3 12 3 14 3 15 4 9 6 8 9 10 9 9 12 3 14 15 14 4 15 6 15 8 15 10 15 12 15 14 15 7 16 11 16 15 16
< RES 7733 37 1
< MOVE U
> REQ 7733 38 1
> VAMPIRE 4 13 2 3 1 2 0
> VAMPIRE 3 3 17 3 0 2 0
> VAMPIRE 1 10 11 3 0 2 0
> VAMPIRE 2 2 15 3 1 2 0
> GRENADE 1 7 11 1 2
> GRENADE 3 3 13 2 2
> POWERUP TOMATO 12 7 13
> POWERUP TOMATO 12 11 5
> BAT1 5 1 15 2 16 3 3 6 2 7 5 7 9 7 13 7 7 8 11 8 3 9 5 9 13 9 15 9 7 10 5 11 16 11 11 12 12 13 3 16 9 17
> BAT2 3 2 11 2 2 3 3 4 7 4 9 4 11 4 6 5 8 5 10 5 12 5 7 6 11 6 15 6 4 7 14 7 16 7 3 8 15 8 6 9 12 9 3 10 15 10 2 11 4 11 14 11 3 12 7 12 15 12 6 13 8 13 10 13 7 14 9 14 11 14 16 15 13 17
> BAT3 7 2 4 3 6 3 8 3 10 3 12 3 14 3 15 4 9 6 8 9 10 9 9 12 3 14 15 14 4 15 6 15 8 15 10 15 12 15 14 15 7 16 11 16 15 16
< RES 7733 38 1
< MOVE U U
> REQ 7733 39 1
> VAMPIRE 4 13 3 3 1 2 0
> VAMPIRE 3 2 17 3 0 2 0
> VAMPIRE 1 8 11 3 1 2 0
> VAMPIRE 2 3 15 3 1 2 0
> GRENADE 3 3 13 1 2
> POWERUP TOMATO 11 7 13
> POWERUP TOMATO 11 11 5
> BAT1 5 1 15 2 16 3 3 6 2 7 5 7 9 7 13 7 7 8 11 8 3 9 5 9 13 9 15 9 16 11 7 12 11 12 12 13 3 16 9 17
> BAT2 3 2 11 2 2 3 3 4 7 4 9 4 11 4 6 5 8 5 10 5 12 5 7 6 11 6 15 6 4 7 14 7 16 7 3 8 15 8 6 9 12 9 3 10 15 10 2 11 4 11 14 11 3 12 15 12 6 13 8 13 10 13 7 14 9 14 11 14 16 15 13 17
> BAT3 7 2 4 3 6 3 8 3 10 3 12 3 14 3 15 4 9 6 8 9 10 9 9 12 3 14 15 14 4 15 6 15 8 15 10 15 12 15 14 15 7 16 11 16 15 16
< RES 7733 39 1
< MOVE U L
> REQ 7733 40 1
> VAMPIRE 4 13 1 3 0 2 0
> VAMPIRE 3 1 16 3 1 2 0
> VAMPIRE 1 7 10 3 1 2 0
> VAMPIRE 2 2 15 3 0 2 0
> GRENADE 2 3 15 5 2
> GRENADE 4 13 3 5 2
> POWERUP TOMATO 10 7 13
> POWERUP TOMATO 10 11 5
> BAT1 5 1 15 2 16 3 3 6 2 7 5 7 9 7 13 7 7 8 11 8 3 9 5 9 13 9 15 9 16 11 3 12 7 12 11 12 12 13 3 16 9 17
> BAT2 3 2 11 2 2 3 3 4 7 4 9 4 11 4 6 5 8 5 10 5 12 5 7 6 11 6 15 6 4 7 14 7 16 7 3 8 15 8 6 9 12 9 3 10 15 10 2 11 4 11 14 11 15 12 6 13 8 13 10 13 3 14 7 14 9 14 11 14 16 15 13 17
> BAT3 7 2 4 3 6 3 8 3 10 3 12 3 14 3 15 4 9 6 8 9 10 9 9 12 15 14 4 15 6 15 8 15 10 15 12 15 14 15 7 16 11 16 15 16
< RES 7733 40 1
< GRENADE
< MOVE R U
> REQ 7733 41 1
> VAMPIRE 4 13 1 3 0 2 0
> VAMPIRE 3 1 16 3 1 2 0
> VAMPIRE 1 6 11 3 0 2 0
> VAMPIRE 2 2 15 3 0 2 0
> GRENADE 2 3 15 4 2
> GRENADE 4 13 3 4 2
> GRENADE 1 7 10 5 2
> POWERUP TOMATO 9 7 13
> POWERUP TOMATO 9 11 5
> BAT1 5 1 15 2 16 3 3 6 2 7 5 7 9 7 13 7 7 8 11 8 3 9 5 9 13 9 15 9 16 11 3 12 7 12 11 12 12 13 3 16 9 17
> BAT2 3 2 11 2 2 3 3 4 7 4 9 4 11 4 6 5 8 5 10 5 12 5 7 6 11 6 15 6 4 7 14 7 16 7 3 8 15 8 6 9 12 9 3 10 15 10 2 11 4 11 14 11 15 12 6 13 8 13 10 13 3 14 7 14 9 14 11 14 16 15 13 17
> BAT3 7 2 4 3 6 3 8 3 10 3 12 3 14 3 15 4 9 6 8 9 10 9 9 12 15 14 4 15 6 15 8 15 10 15 12 15 14 15 7 16 11 16 15 16
< RES 7733 41 1
< MOVE U R
> REQ 7733 42 1
> VAMPIRE 4 11 1 3 0 2 0
> VAMPIRE 3 1 15 3 1 2 0
> VAMPIRE 1 5 12 3 0 2 0
> VAMPIRE 2 1 14 3 0 2 0
> GRENADE 2 3 15 3 2
> GRENADE 4 13 3 3 2
> GRENADE 1 7 10 4 2
> POWERUP TOMATO 8 7 13
> POWERUP TOMATO 8 11 5
> BAT1 5 1 15 2 16 3 3 6 2 7 5 7 9 7 13 7 7 8 11 8 3 9 5 9 13 9 15 9 16 11 3 12 7 12 11 12 12 13 3 16 9 17
> BAT2 3 2 11 2 2 3 3 4 7 4 9 4 11 4 6 5 8 5 10 5 12 5 7 6 11 6 15 6 4 7 14 7 16 7 3 8 15 8 6 9 12 9 3 10 15 10 2 11 4 11 14 11 15 12 6 13 8 13 10 13 3 14 7 14 9 14 11 14 16 15 13 17
> BAT3 7 2 4 3 6 3 8 3 10 3 12 3 14 3 15 4 9 6 8 9 10 9 9 12 15 14 4 15 6 15 8 15 10 15 12 15 14 15 7 16 11 16 15 16
< RES 7733 42 1
< MOVE R
> REQ 7733 43 1
> VAMPIRE 4 9 1 3 0 2 0
> VAMPIRE 3 1 14 3 0 2 0
> VAMPIRE 1 5 13 3 0 2 0
> VAMPIRE 2 2 13 3 0 2 0
> GRENADE 2 3 15 2 2
> GRENADE 4 13 3 2 2
> GRENADE 1 7 10 3 2
> GRENADE 3 1 15 5 2
> POWERUP TOMATO 7 7 13
> POWERUP TOMATO 7 11 5
> BAT1 5 1 15 2 16 3 3 6 2 7 5 7 9 7 13 7 7 8 11 8 3 9 5 9 13 9 15 9 16 11 3 12 7 12 11 12 12 13 3 16 9 17
> BAT2 3 2 11 2 2 3 3 4 7 4 9 4 11 4 6 5 8 5 10 5 12 5 7 6 11 6 15 6 4 7 14 7 16 7 3 8 15 8 6 9 12 9 3 10 15 10 2 11 4 11 14 11 15 12 6 13 8 13 10 13 3 14 7 14 9 14 11 14 16 15 13 17
> BAT3 7 2 4 3 6 3 8 3 10 3 12 3 14 3 15 4 9 6 8 9 10 9 9 12 15 14 4 15 6 15 8 15 10 15 12 15 14 15 7 16 11 16 15 16
< RES 7733 43 1
< MOVE L
> REQ 7733 44 1
> VAMPIRE 4 7 1 3 0 2 0
> VAMPIRE 3 2 13 3 0 2 0
> VAMPIRE 1 5 12 3 0 2 0
> VAMPIRE 2 1 12 3 0 2 0
> GRENADE 2 3 15 1 2
> GRENADE 4 13 3 1 2
> GRENADE 1 7 10 2 2
> GRENADE 3 1 15 4 2
> POWERUP TOMATO 6 7 13
> POWERUP TOMATO 6 11 5
> BAT1 5 1 15 2 16 3 3 6 2 7 5 7 9 7 13 7 7 8 11 8 3 9 5 9 13 9 15 9 16 11 3 12 7 12 11 12 12 13 3 16 9 17
> BAT2 3 2 11 2 2 3 3 4 7 4 9 4 11 4 6 5 8 5 10 5 12 5 7 6 11 6 15 6 4 7 14 7 16 7 3 8 15 8 6 9 12 9 3 10 15 10 2 11 4 11 14 11 15 12 6 13 8 13 10 13 3 14 7 14 9 14 11 14 16 15 13 17
> BAT3 7 2 4 3 6 3 8 3 10 3 12 3 14 3 15 4 9 6 8 9 10 9 9 12 15 14 4 15 6 15 8 15 10 15 12 15 14 15 7 16 11 16 15 16
< RES 7733 44 1
< MOVE L D
> REQ 7733 45 1
> VAMPIRE 4 6 1 3 1 2 0
> VAMPIRE 3 1 12 3 1 2 0
> VAMPIRE 1 6 11 3 0 2 0
> VAMPIRE 2 1 11 3 1 2 0
> GRENADE 1 7 10 1 2
> POWERUP TOMATO 5 7 13
> POWERUP TOMATO 5 11 5
> BAT1 5 1 15 2 16 3 3 6 2 7 5 7 9 7 13 7 7 8 11 8 3 9 5 9 13 9 15 9 16 11 3 12 7 12 11 12 12 13 3 14 9 17
> BAT2 3 2 11 2 2 3 12 3 14 3 3 4 7 4 9 4 11 4 6 5 8 5 10 5 12 5 7 6 11 6 15 6 4 7 14 7 16 7 3 8 15 8 6 9 12 9 3 10 15 10 2 11 4 11 14 11 15 12 6 13 8 13 10 13 7 14 9 14 11 14 4 15 16 15 13 17
> BAT3 7 2 4 3 6 3 8 3 10 3 15 4 9 6 8 9 10 9 9 12 15 14 6 15 8 15 10 15 12 15 14 15 7 16 11 16 15 16
< RES 7733 45 1
< MOVE U
> REQ 7733 46 1
> VAMPIRE 4 7 1 3 1 2 0
> VAMPIRE 3 2 13 3 0 2 0
> VAMPIRE 1 5 11 3 1 2 0
> VAMPIRE 2 1 11 3 0 2 0
> GRENADE 2 1 11 5 2
> GRENADE 3 1 12 5 2
> POWERUP TOMATO 4 7 13
> POWERUP TOMATO 4 11 5
> BAT1 5 1 15 2 16 3 3 6 2 7 5 7 9 7 13 7 11 8 3 9 5 9 13 9 15 9 16 11 3 12 11 12 12 13 3 14 9 17
> BAT2 3 2 11 2 2 3 12 3 14 3 3 4 7 4 9 4 11 4 6 5 8 5 10 5 12 5 7 6 11 6 15 6 4 7 14 7 16 7 3 8 15 8 6 9 12 9 3 10 15 10 2 11 4 11 14 11 15 12 6 13 8 13 10 13 7 14 9 14 11 14 4 15 16 15 13 17
> BAT3 7 2 4 3 6 3 8 3 10 3 15 4 9 6 8 9 10 9 9 12 15 14 6 15 8 15 10 15 12 15 14 15 7 16 11 16 15 16
< RES 7733 46 1
< GRENADE
< MOVE D D
> REQ 7733 47 1
> VAMPIRE 4 8 1 3 0 2 0
> VAMPIRE 3 2 13 3 0 2 0
> VAMPIRE 1 7 11 3 0 2 0
> VAMPIRE 2 1 10 3 0 2 0
> GRENADE 2 1 11 4 2
> GRENADE 3 1 12 4 2
> GRENADE 1 5 11 5 2
> GRENADE 4 7 1 5 2
> POWERUP TOMATO 3 7 13
> POWERUP TOMATO 3 11 5
> BAT1 5 1 15 2 16 3 3 6 2 7 5 7 9 7 13 7 11 8 3 9 5 9 13 9 15 9 16 11 3 12 11 12 12 13 3 14 9 17
> BAT2 3 2 11 2 2 3 12 3 14 3 3 4 7 4 9 4 11 4 6 5 8 5 10 5 12 5 7 6 11 6 15 6 4 7 14 7 16 7 3 8 15 8 6 9 12 9 3 10 15 10 2 11 4 11 14 11 15 12 6 13 8 13 10 13 7 14 9 14 11 14 4 15 16 15 13 17
> BAT3 7 2 4 3 6 3 8 3 10 3 15 4 9 6 8 9 10 9 9 12 15 14 6 15 8 15 10 15 12 15 14 15 7 16 11 16 15 16
< RES 7733 47 1
< MOVE R R
> REQ 7733 48 1
> VAMPIRE 4 9 2 3 0 2 0
> VAMPIRE 3 2 13 3 0 2 0
> VAMPIRE 1 7 13 3 0 2 0
> VAMPIRE 2 2 9 3 0 2 0
> GRENADE 2 1 11 3 2
> GRENADE 3 1 12 3 2
> GRENADE 1 5 11 4 2
> GRENADE 4 7 1 4 2
> POWERUP TOMATO 2 7 13
> POWERUP TOMATO 2 11 5
> BAT1 5 1 15 2 16 3 3 6 2 7 5 7 9 7 13 7 11 8 3 9 5 9 13 9 15 9 16 11 3 12 11 12 12 13 3 14 9 17
> BAT2 3 2 11 2 2 3 12 3 14 3 3 4 7 4 9 4 11 4 6 5 8 5 10 5 12 5 7 6 11 6 15 6 4 7 14 7 16 7 3 8 15 8 6 9 12 9 3 10 15 10 2 11 4 11 14 11 15 12 6 13 8 13 10 13 7 14 9 14 11 14 4 15 16 15 13 17
> BAT3 7 2 4 3 6 3 8 3 10 3 15 4 9 6 8 9 10 9 9 12 15 14 6 15 8 15 10 15 12 15 14 15 7 16 11 16 15 16
< RES 7733 48 1
< MOVE L
> REQ 7733 49 1
> VAMPIRE 4 9 2 3 0 2 0
> VAMPIRE 3 2 13 3 0 2 0
> VAMPIRE 1 7 12 3 0 2 0
> VAMPIRE 2 2 9 3 0 2 0
> GRENADE 2 1 11 2 2
> GRENADE 3 1 12 2 2
> GRENADE 1 5 11 3 2
> GRENADE 4 7 1 3 2
> POWERUP TOMATO 1 11 5
> BAT1 5 1 15 2 16 3 3 6 2 7 5 7 9 7 13 7 11 8 3 9 5 9 13 9 15 9 16 11 3 12 11 12 12 13 3 14 9 17
> BAT2 3 2 11 2 2 3 12 3 14 3 3 4 7 4 9 4 11 4 6 5 8 5 10 5 12 5 7 6 11 6 15 6 4 7 14 7 16 7 3 8 15 8 6 9 12 9 3 10 15 10 2 11 4 11 14 11 15 12 6 13 8 13 10 13 7 14 9 14 11 14 4 15 16 15 13 17
> BAT3 7 2 4 3 6 3 8 3 10 3 15 4 9 6 8 9 10 9 9 12 15 14 6 15 8 15 10 15 12 15 14 15 7 16 11 16 15 16
< RES 7733 49 1
< MOVE L L
> REQ 7733 50 1
> VAMPIRE 4 9 2 3 0 2 0
> VAMPIRE 3 2 13 3 0 2 0
> VAMPIRE 1 7 10 3 0 2 0
> VAMPIRE 2 2 9 3 0 2 0
> GRENADE 2 1 11 1 2
> GRENADE 3 1 12 1 2
> GRENADE 1 5 11 2 2
> GRENADE 4 7 1 2 2
> BAT1 5 1 15 2 16 3 3 6 2 7 5 7 9 7 13 7 11 8 3 9 5 9 13 9 15 9 16 11 3 12 11 12 12 13 3 14 9 17
> BAT2 3 2 11 2 2 3 12 3 14 3 3 4 7 4 9 4 11 4 6 5 8 5 10 5 12 5 7 6 11 6 15 6 4 7 14 7 16 7 3 8 15 8 6 9 12 9 3 10 15 10 2 11 4 11 14 11 15 12 6 13 8 13 10 13 7 14 9 14 11 14 4 15 16 15 13 17
> BAT3 7 2 4 3 6 3 8 3 10 3 15 4 9 6 8 9 10 9 9 12 15 14 6 15 8 15 10 15 12 15 14 15 7 16 11 16 15 16
< RES 7733 50 1
< MOVE L L
> REQ 7733 51 1
> VAMPIRE 4 9 2 3 0 2 0
> VAMPIRE 3 2 13 3 1 2 0
> VAMPIRE 1 7 8 3 0 2 0
> VAMPIRE 2 2 9 3 1 2 0
> GRENADE 1 5 11 1 2
> GRENADE 4 7 1 1 2
> BAT1 5 1 15 2 16 3 3 6 2 7 5 7 9 7 13 7 11 8 3 9 5 9 13 9 15 9 2 11 16 11 3 12 11 12 12 13 3 14 9 17
> BAT2 3 2 11 2 2 3 12 3 14 3 3 4 7 4 9 4 11 4 6 5 8 5 10 5 12 5 7 6 11 6 15 6 4 7 14 7 16 7 3 8 15 8 6 9 12 9 3 10 15 10 4 11 14 11 15 12 6 13 8 13 10 13 7 14 9 14 11 14 4 15 16 15 13 17
> BAT3 7 2 4 3 6 3 8 3 10 3 15 4 9 6 8 9 10 9 9 12 15 14 6 15 8 15 10 15 12 15 14 15 7 16 11 16 15 16
< RES 7733 51 1
< MOVE L
> REQ 7733 52 1
> VAMPIRE 4 9 2 3 1 2 0
> VAMPIRE 3 2 13 3 1 2 0
> VAMPIRE 1 7 7 3 1 2 0
> VAMPIRE 2 2 9 3 1 2 0
> BAT1 15 2 16 3 3 6 2 7 5 7 9 7 13 7 11 8 3 9 13 9 15 9 2 11 4 11 16 11 3 12 11 12 12 13 3 14 9 17
> BAT2 3 2 7 2 11 2 2 3 12 3 14 3 3 4 7 4 9 4 11 4 6 5 8 5 10 5 12 5 7 6 11 6 15 6 4 7 14 7 16 7 3 8 15 8 6 9 12 9 3 10 15 10 14 11 15 12 6 13 8 13 10 13 7 14 9 14 11 14 4 15 16 15 13 17
> BAT3 4 3 6 3 8 3 10 3 15 4 9 6 8 9 10 9 9 12 15 14 6 15 8 15 10 15 12 15 14 15 7 16 11 16 15 16
< RES 7733 52 1
< GRENADE
< MOVE R R
> REQ 7733 53 1
> VAMPIRE 4 9 3 3 1 2 0
> VAMPIRE 3 3 13 3 1 2 0
> VAMPIRE 1 7 9 3 0 2 0
> VAMPIRE 2 1 10 3 0 2 0
> GRENADE 1 7 7 5 2
> GRENADE 2 2 9 5 2
> BAT1 15 2 16 3 3 6 2 7 5 7 9 7 13 7 11 8 3 9 13 9 15 9 2 11 4 11 16 11 3 12 11 12 12 13 3 14 9 17
> BAT2 3 2 7 2 11 2 2 3 12 3 14 3 3 4 7 4 9 4 11 4 6 5 8 5 10 5 12 5 7 6 11 6 15 6 4 7 14 7 16 7 3 8 15 8 6 9 12 9 3 10 15 10 14 11 15 12 6 13 8 13 10 13 7 14 9 14 11 14 4 15 16 15 13 17
> BAT3 4 3 6 3 8 3 10 3 15 4 9 6 8 9 10 9 9 12 15 14 6 15 8 15 10 15 12 15 14 15 7 16 11 16 15 16
< RES 7733 53 1
< MOVE R R
> REQ 7733 54 1
> VAMPIRE 4 9 1 3 0 2 0
> VAMPIRE 3 1 13 3 1 2 0
> VAMPIRE 1 7 11 3 0 2 0
> VAMPIRE 2 1 11 3 0 2 0
> GRENADE 1 7 7 4 2
> GRENADE 2 2 9 4 2
> GRENADE 4 9 3 5 2
> BAT1 15 2 16 3 3 6 2 7 5 7 9 7 13 7 11 8 3 9 13 9 15 9 2 11 4 11 16 11 3 12 11 12 12 13 3 14 9 17
> BAT2 3 2 7 2 11 2 2 3 12 3 14 3 3 4 7 4 9 4 11 4 6 5 8 5 10 5 12 5 7 6 11 6 15 6 4 7 14 7 16 7 3 8 15 8 6 9 12 9 3 10 15 10 14 11 15 12 6 13 8 13 10 13 7 14 9 14 11 14 4 15 16 15 13 17
> BAT3 4 3 6 3 8 3 10 3 15 4 9 6 8 9 10 9 9 12 15 14 6 15 8 15 10 15 12 15 14 15 7 16 11 16 15 16
< RES 7733 54 1
> REQ 7733 55 1
> VAMPIRE 4 7 1 3 0 2 0
> VAMPIRE 3 1 11 3 0 2 0
> VAMPIRE 1 7 11 3 0 2 0
> VAMPIRE 2 1 11 3 0 2 0
> GRENADE 1 7 7 3 2
> GRENADE 2 2 9 3 2
> GRENADE 4 9 3 4 2
> GRENADE 3 1 13 5 2
> BAT1 15 2 16 3 3 6 2 7 5 7 9 7 13 7 11 8 3 9 13 9 15 9 2 11 4 11 16 11 3 12 11 12 12 13 3 14 9 17
> BAT2 3 2 7 2 11 2 2 3 12 3 14 3 3 4 7 4 9 4 11 4 6 5 8 5 10 5 12 5 7 6 11 6 15 6 4 7 14 7 16 7 3 8 15 8 6 9 12 9 3 10 15 10 14 11 15 12 6 13 8 13 10 13 7 14 9 14 11 14 4 15 16 15 13 17
> BAT3 4 3 6 3 8 3 10 3 15 4 9 6 8 9 10 9 9 12 15 14 6 15 8 15 10 15 12 15 14 15 7 16 11 16 15 16
< RES 7733 55 1
< MOVE D D
> REQ 7733 56 1
> VAMPIRE 4 5 1 3 0 2 0
> VAMPIRE 3 1 10 3 0 2 0
> VAMPIRE 1 9 11 3 0 2 0
> VAMPIRE 2 1 10 3 0 2 0
> GRENADE 1 7 7 2 2
> GRENADE 2 2 9 2 2
> GRENADE 4 9 3 3 2
> GRENADE 3 1 13 4 2
> BAT1 15 2 16 3 3 6 2 7 5 7 9 7 13 7 11 8 3 9 13 9 15 9 2 11 4 11 16 11 3 12 11 12 12 13 3 14 9 17
> BAT2 3 2 7 2 11 2 2 3 12 3 14 3 3 4 7 4 9 4 11 4 6 5 8 5 10 5 12 5 7 6 11 6 15 6 4 7 14 7 16 7 3 8 15 8 6 9 12 9 3 10 15 10 14 11 15 12 6 13 8 13 10 13 7 14 9 14 11 14 4 15 16 15 13 17
> BAT3 4 3 6 3 8 3 10 3 15 4 9 6 8 9 10 9 9 12 15 14 6 15 8 15 10 15 12 15 14 15 7 16 11 16 15 16
< RES 7733 56 1
< MOVE D D
> REQ 7733 57 1
> VAMPIRE 4 3 1 3 0 2 0
> VAMPIRE 3 1 10 3 0 2 0
> VAMPIRE 1 11 11 3 0 2 0
> VAMPIRE 2 1 10 3 0 2 0
> GRENADE 1 7 7 1 2
> GRENADE 2 2 9 1 2
> GRENADE 4 9 3 2 2
> GRENADE 3 1 13 3 2
> BAT1 15 2 16 3 3 6 2 7 5 7 9 7 13 7 11 8 3 9 13 9 15 9 2 11 4 11 16 11 3 12 11 12 12 13 3 14 9 17
> BAT2 3 2 7 2 11 2 2 3 12 3 14 3 3 4 7 4 9 4 11 4 6 5 8 5 10 5 12 5 7 6 11 6 15 6 4 7 14 7 16 7 3 8 15 8 6 9 12 9 3 10 15 10 14 11 15 12 6 13 8 13 10 13 7 14 9 14 11 14 4 15 16 15 13 17
> BAT3 4 3 6 3 8 3 10 3 15 4 9 6 8 9 10 9 9 12 15 14 6 15 8 15 10 15 12 15 14 15 7 16 11 16 15 16
< RES 7733 57 1
< MOVE L
> REQ 7733 58 1
> VAMPIRE 4 3 1 3 0 2 0
> VAMPIRE 3 1 10 3 0 2 0
> VAMPIRE 1 11 10 3 1 2 0
> VAMPIRE 2 1 10 3 1 2 0
> GRENADE 4 9 3 1 2
> GRENADE 3 1 13 2 2
> BAT1 15 2 16 3 3 6 7 6 2 7 13 7 11 8 13 9 15 9 2 11 4 11 16 11 3 12 11 12 12 13 3 14 9 17
> BAT2 3 2 7 2 11 2 2 3 12 3 14 3 3 4 7 4 9 4 11 4 6 5 8 5 10 5 12 5 11 6 15 6 4 7 14 7 16 7 3 8 15 8 6 9 12 9 3 10 15 10 14 11 15 12 6 13 8 13 10 13 7 14 9 14 11 14 4 15 16 15 13 17
> BAT3 4 3 6 3 8 3 10 3 15 4 9 6 8 9 10 9 9 12 15 14 6 15 8 15 10 15 12 15 14 15 7 16 11 16 15 16
< RES 7733 58 1
< GRENADE
< MOVE R U
> REQ 7733 59 1
> VAMPIRE 4 1 1 3 1 2 0
> VAMPIRE 3 2 9 3 0 2 0
> VAMPIRE 1 10 11 3 0 2 0
> VAMPIRE 2 1 8 3 1 2 0
> GRENADE 3 1 13 1 2
> GRENADE 1 11 10 5 2
> BAT1 15 2 16 3 9 4 3 6 7 6 2 7 13 7 11 8 13 9 15 9 2 11 4 11 16 11 3 12 11 12 12 13 3 14 9 17
> BAT2 3 2 7 2 11 2 2 3 8 3 10 3 12 3 14 3 3 4 7 4 11 4 6 5 8 5 10 5 12 5 11 6 15 6 4 7 14 7 16 7 3 8 15 8 6 9 12 9 3 10 15 10 14 11 15 12 6 13 8 13 10 13 7 14 9 14 11 14 4 15 16 15 13 17
> BAT3 4 3 6 3 15 4 9 6 8 9 10 9 9 12 15 14 6 15 8 15 10 15 12 15 14 15 7 16 11 16 15 16
< RES 7733 59 1
< MOVE D D
> REQ 7733 60 1
> VAMPIRE 4 1 3 3 1 2 0
> VAMPIRE 3 1 8 3 1 2 0
> VAMPIRE 1 12 11 3 0 2 0
> VAMPIRE 2 2 9 3 1 2 0
> GRENADE 1 11 10 4 2
> BAT1 15 2 16 3 9 4 3 6 7 6 2 7 13 7 11 8 13 9 15 9 2 11 4 11 16 11 3 12 11 12 12 13 3 14 9 17
> BAT2 3 2 7 2 11 2 2 3 8 3 10 3 12 3 14 3 3 4 7 4 11 4 6 5 8 5 10 5 12 5 11 6 15 6 4 7 14 7 16 7 3 8 15 8 6 9 12 9 3 10 15 10 14 11 15 12 6 13 8 13 10 13 7 14 9 14 11 14 4 15 16 15 13 17
> BAT3 4 3 6 3 15 4 9 6 8 9 10 9 9 12 15 14 6 15 8 15 10 15 12 15 14 15 7 16 11 16 15 16
< RES 7733 60 1
< MOVE D
> REQ 7733 61 1
> VAMPIRE 4 1 5 3 1 2 0
> VAMPIRE 3 2 9 3 1 2 0
> VAMPIRE 1 13 11 3 0 2 0
> VAMPIRE 2 3 9 3 1 2 0
> GRENADE 1 11 10 3 2
> BAT1 15 2 16 3 9 4 3 6 7 6 2 7 13 7 11 8 13 9 15 9 2 11 4 11 16 11 3 12 11 12 12 13 3 14 9 17
> BAT2 3 2 7 2 11 2 2 3 8 3 10 3 12 3 14 3 3 4 7 4 11 4 6 5 8 5 10 5 12 5 11 6 15 6 4 7 14 7 16 7 3 8 15 8 6 9 12 9 3 10 15 10 14 11 15 12 6 13 8 13 10 13 7 14 9 14 11 14 4 15 16 15 13 17
> BAT3 4 3 6 3 15 4 9 6 8 9 10 9 9 12 15 14 6 15 8 15 10 15 12 15 14 15 7 16 11 16 15 16
< RES 7733 61 1
> REQ 7733 62 1
> VAMPIRE 4 1 7 3 1 2 0
> VAMPIRE 3 1 10 3 0 2 0
> VAMPIRE 1 13 11 3 0 2 0
> VAMPIRE 2 3 9 3 0 2 0
> GRENADE 1 11 10 2 2
> GRENADE 2 3 9 5 2
> GRENADE 3 2 9 5 2
> BAT1 15 2 16 3 9 4 3 6 7 6 2 7 13 7 11 8 13 9 15 9 2 11 4 11 16 11 3 12 11 12 12 13 3 14 9 17
> BAT2 3 2 7 2 11 2 2 3 8 3 10 3 12 3 14 3 3 4 7 4 11 4 6 5 8 5 10 5 12 5 11 6 15 6 4 7 14 7 16 7 3 8 15 8 6 9 12 9 3 10 15 10 14 11 15 12 6 13 8 13 10 13 7 14 9 14 11 14 4 15 16 15 13 17
> BAT3 4 3 6 3 15 4 9 6 8 9 10 9 9 12 15 14 6 15 8 15 10 15 12 15 14 15 7 16 11 16 15 16
< RES 7733 62 1
> REQ 7733 63 1
> VAMPIRE 4 1 9 3 1 2 0
> VAMPIRE 3 1 8 3 0 2 0
> VAMPIRE 1 13 11 3 0 2 0
> VAMPIRE 2 4 9 3 0 2 0
> GRENADE 1 11 10 1 2
> GRENADE 2 3 9 4 2
> GRENADE 3 2 9 4 2
> BAT1 15 2 16 3 9 4 3 6 7 6 2 7 13 7 11 8 13 9 15 9 2 11 4 11 16 11 3 12 11 12 12 13 3 14 9 17
> BAT2 3 2 7 2 11 2 2 3 8 3 10 3 12 3 14 3 3 4 7 4 11 4 6 5 8 5 10 5 12 5 11 6 15 6 4 7 14 7 16 7 3 8 15 8 6 9 12 9 3 10 15 10 14 11 15 12 6 13 8 13 10 13 7 14 9 14 11 14 4 15 16 15 13 17
> BAT3 4 3 6 3 15 4 9 6 8 9 10 9 9 12 15 14 6 15 8 15 10 15 12 15 14 15 7 16 11 16 15 16
< RES 7733 63 1
> REQ 7733 64 1
> VAMPIRE 4 1 11 3 0 2 0
> VAMPIRE 3 1 8 3 0 2 0
> VAMPIRE 1 13 11 3 1 2 0
> VAMPIRE 2 5 8 3 0 2 0
> GRENADE 2 3 9 3 2
> GRENADE 3 2 9 3 2
> GRENADE 4 1 9 5 2
> BAT1 15 2 16 3 9 4 3 6 7 6 2 7 13 7 13 9 15 9 2 11 4 11 16 11 3 12 12 13 3 14 9 17
> BAT2 3 2 7 2 11 2 2 3 8 3 10 3 12 3 14 3 3 4 7 4 11 4 6 5 8 5 10 5 12 5 11 6 15 6 4 7 14 7 16 7 3 8 15 8 6 9 12 9 3 10 15 10 14 11 15 12 6 13 8 13 10 13 7 14 9 14 11 14 4 15 16 15 13 17
> BAT3 4 3 6 3 15 4 9 6 8 9 10 9 9 12 15 14 6 15 8 15 10 15 12 15 14 15 7 16 11 16 15 16
< RES 7733 64 1
< GRENADE
< MOVE U U
> REQ 7733 65 1
> VAMPIRE 4 1 13 3 0 2 0
> VAMPIRE 3 1 6 3 0 2 0
> VAMPIRE 1 11 11 3 0 2 0
> VAMPIRE 2 5 8 3 0 2 0
> GRENADE 2 3 9 2 2
> GRENADE 3 2 9 2 2
> GRENADE 4 1 9 4 2
> GRENADE 1 13 11 5 2
> BAT1 15 2 16 3 9 4 3 6 7 6 2 7 13 7 13 9 15 9 2 11 4 11 16 11 3 12 12 13 3 14 9 17
> BAT2 3 2 7 2 11 2 2 3 8 3 10 3 12 3 14 3 3 4 7 4 11 4 6 5 8 5 10 5 12 5 11 6 15 6 4 7 14 7 16 7 3 8 15 8 6 9 12 9 3 10 15 10 14 11 15 12 6 13 8 13 10 13 7 14 9 14 11 14 4 15 16 15 13 17
> BAT3 4 3 6 3 15 4 9 6 8 9 10 9 9 12 15 14 6 15 8 15 10 15 12 15 14 15 7 16 11 16 15 16
< RES 7733 65 1
< MOVE L L
> REQ 7733 66 1
> VAMPIRE 4 1 15 3 0 2 0
> VAMPIRE 3 2 5 3 0 2 0
> VAMPIRE 1 11 9 3 0 2 0
> VAMPIRE 2 5 8 3 0 2 0
> GRENADE 2 3 9 1 2
> GRENADE 3 2 9 1 2
> GRENADE 4 1 9 3 2
> GRENADE 1 13 11 4 2
> BAT1 15 2 16 3 9 4 3 6 7 6 2 7 13 7 13 9 15 9 2 11 4 11 16 11 3 12 12 13 3 14 9 17
> BAT2 3 2 7 2 11 2 2 3 8 3 10 3 12 3 14 3 3 4 7 4 11 4 6 5 8 5 10 5 12 5 11 6 15 6 4 7 14 7 16 7 3 8 15 8 6 9 12 9 3 10 15 10 14 11 15 12 6 13 8 13 10 13 7 14 9 14 11 14 4 15 16 15 13 17
> BAT3 4 3 6 3 15 4 9 6 8 9 10 9 9 12 15 14 6 15 8 15 10 15 12 15 14 15 7 16 11 16 15 16
< RES 7733 66 1
< MOVE L L
> REQ 7733 67 1
> VAMPIRE 4 1 17 3 1 2 0
> VAMPIRE 3 4 5 3 1 2 0
> VAMPIRE 1 11 7 3 0 2 0
> VAMPIRE 2 5 8 3 1 2 0
> GRENADE 1 13 11 3 2
> POWERUP TOMATO -8 11 13
> POWERUP TOMATO -8 7 5
> BAT1 15 2 16 3 9 4 3 6 7 6 2 7 13 7 3 8 13 9 15 9 3 10 2 11 4 11 16 11 3 12 12 13 3 14 9 17
> BAT2 3 2 7 2 11 2 2 3 8 3 10 3 12 3 14 3 3 4 7 4 11 4 6 5 8 5 10 5 12 5 11 6 15 6 4 7 14 7 16 7 15 8 6 9 12 9 15 10 14 11 15 12 6 13 8 13 10 13 7 14 9 14 11 14 4 15 16 15 13 17
> BAT3 4 3 6 3 15 4 9 6 8 9 10 9 9 12 15 14 6 15 8 15 10 15 12 15 14 15 7 16 11 16 15 16
< RES 7733 67 1
< MOVE R R
> REQ 7733 68 1
> VAMPIRE 4 3 17 3 1 2 0
> VAMPIRE 3 5 6 3 1 2 0
> VAMPIRE 1 11 9 3 0 2 0
> VAMPIRE 2 4 9 3 1 2 0
> GRENADE 1 13 11 2 2
> POWERUP TOMATO -7 11 13
> POWERUP TOMATO -7 7 5
> BAT1 15 2 16 3 9 4 3 6 7 6 2 7 13 7 3 8 13 9 15 9 3 10 2 11 4 11 16 11 3 12 12 13 3 14 9 17
> BAT2 3 2 7 2 11 2 2 3 8 3 10 3 12 3 14 3 3 4 7 4 11 4 6 5 8 5 10 5 12 5 11 6 15 6 4 7 14 7 16 7 15 8 6 9 12 9 15 10 14 11 15 12 6 13 8 13 10 13 7 14 9 14 11 14 4 15 16 15 13 17
> BAT3 4 3 6 3 15 4 9 6 8 9 10 9 9 12 15 14 6 15 8 15 10 15 12 15 14 15 7 16 11 16 15 16
< RES 7733 68 1
< MOVE R
> REQ 7733 69 1
> VAMPIRE 4 3 15 3 1 2 0
> VAMPIRE 3 5 8 3 1 2 0
> VAMPIRE 1 11 10 3 0 2 0
> VAMPIRE 2 3 9 3 1 2 0
> GRENADE 1 13 11 1 2
> POWERUP TOMATO -6 11 13
> POWERUP TOMATO -6 7 5
> BAT1 15 2 16 3 9 4 3 6 7 6 2 7 13 7 3 8 13 9 15 9 3 10 2 11 4 11 16 11 3 12 12 13 3 14 9 17
> BAT2 3 2 7 2 11 2 2 3 8 3 10 3 12 3 14 3 3 4 7 4 11 4 6 5 8 5 10 5 12 5 11 6 15 6 4 7 14 7 16 7 15 8 6 9 12 9 15 10 14 11 15 12 6 13 8 13 10 13 7 14 9 14 11 14 4 15 16 15 13 17
> BAT3 4 3 6 3 15 4 9 6 8 9 10 9 9 12 15 14 6 15 8 15 10 15 12 15 14 15 7 16 11 16 15 16
< RES 7733 69 1
< MOVE R D
> REQ 7733 70 1
> VAMPIRE 4 3 17 3 0 2 0
> VAMPIRE 3 4 9 3 1 2 0
> VAMPIRE 1 12 11 3 1 2 0
> VAMPIRE 2 2 9 3 0 2 0
> GRENADE 2 3 9 5 2
> GRENADE 4 3 15 5 2
> POWERUP TOMATO -5 11 13
> POWERUP TOMATO -5 7 5
> BAT1 15 2 16 3 9 4 3 6 7 6 2 7 13 7 3 8 15 9 3 10 2 11 4 11 14 11 16 11 3 12 12 13 3 14 9 17
> BAT2 3 2 7 2 11 2 2 3 8 3 10 3 12 3 14 3 3 4 7 4 11 4 6 5 8 5 10 5 12 5 11 6 15 6 4 7 14 7 16 7 15 8 6 9 12 9 15 10 15 12 6 13 8 13 10 13 7 14 9 14 11 14 4 15 16 15 13 17
> BAT3 4 3 6 3 15 4 9 6 8 9 10 9 9 12 15 14 6 15 8 15 10 15 12 15 14 15 7 16 11 16 15 16
< RES 7733 70 1
< GRENADE
< MOVE U R
> REQ 7733 71 1
> VAMPIRE 4 5 17 3 0 2 0
> VAMPIRE 3 5 10 3 0 2 0
> VAMPIRE 1 11 12 3 0 2 0
> VAMPIRE 2 1 8 3 0 2 0
> GRENADE 2 3 9 4 2
> GRENADE 4 3 15 4 2
> GRENADE 1 12 11 5 2
> GRENADE 3 4 9 5 2
> POWERUP TOMATO -4 11 13
> POWERUP TOMATO -4 7 5
> BAT1 15 2 16 3 9 4 3 6 7 6 2 7 13 7 3 8 15 9 3 10 2 11 4 11 14 11 16 11 3 12 12 13 3 14 9 17
> BAT2 3 2 7 2 11 2 2 3 8 3 10 3 12 3 14 3 3 4 7 4 11 4 6 5 8 5 10 5 12 5 11 6 15 6 4 7 14 7 16 7 15 8 6 9 12 9 15 10 15 12 6 13 8 13 10 13 7 14 9 14 11 14 4 15 16 15 13 17
> BAT3 4 3 6 3 15 4 9 6 8 9 10 9 9 12 15 14 6 15 8 15 10 15 12 15 14 15 7 16 11 16 15 16
< RES 7733 71 1
< MOVE R
> REQ 7733 72 1
> VAMPIRE 4 7 17 3 0 2 0
> VAMPIRE 3 5 8 3 0 2 0
> VAMPIRE 1 11 13 3 0 2 0
> VAMPIRE 2 1 7 3 0 2 0
> GRENADE 2 3 9 3 2
> GRENADE 4 3 15 3 2
> GRENADE 1 12 11 4 2
> GRENADE 3 4 9 4 2
> POWERUP TOMATO -3 11 13
> POWERUP TOMATO -3 7 5
> BAT1 15 2 16 3 9 4 3 6 7 6 2 7 13 7 3 8 15 9 3 10 2 11 4 11 14 11 16 11 3 12 12 13 3 14 9 17
> BAT2 3 2 7 2 11 2 2 3 8 3 10 3 12 3 14 3 3 4 7 4 11 4 6 5 8 5 10 5 12 5 11 6 15 6 4 7 14 7 16 7 15 8 6 9 12 9 15 10 15 12 6 13 8 13 10 13 7 14 9 14 11 14 4 15 16 15 13 17
> BAT3 4 3 6 3 15 4 9 6 8 9 10 9 9 12 15 14 6 15 8 15 10 15 12 15 14 15 7 16 11 16 15 16
< RES 7733 72 1
> REQ 7733 73 1
> VAMPIRE 4 8 17 3 0 2 0
> VAMPIRE 3 5 7 3 0 2 0
> VAMPIRE 1 11 13 3 0 2 0
> VAMPIRE 2 1 7 3 0 2 0
> GRENADE 2 3 9 2 2
> GRENADE 4 3 15 2 2
> GRENADE 1 12 11 3 2
> GRENADE 3 4 9 3 2
> POWERUP TOMATO -2 11 13
> POWERUP TOMATO -2 7 5
> BAT1 15 2 16 3 9 4 3 6 7 6 2 7 13 7 3 8 15 9 3 10 2 11 4 11 14 11 16 11 3 12 12 13 3 14 9 17
> BAT2 3 2 7 2 11 2 2 3 8 3 10 3 12 3 14 3 3 4 7 4 11 4 6 5 8 5 10 5 12 5 11 6 15 6 4 7 14 7 16 7 15 8 6 9 12 9 15 10 15 12 6 13 8 13 10 13 7 14 9 14 11 14 4 15 16 15 13 17
> BAT3 4 3 6 3 15 4 9 6 8 9 10 9 9 12 15 14 6 15 8 15 10 15 12 15 14 15 7 16 11 16 15 16
< RES 7733 73 1
> REQ 7733 74 1
> VAMPIRE 4 8 17 3 0 2 0
> VAMPIRE 3 5 7 3 0 2 0
> VAMPIRE 1 11 13 3 0 2 0
> VAMPIRE 2 1 7 3 0 2 0
> GRENADE 2 3 9 1 2
> GRENADE 4 3 15 1 2
> GRENADE 1 12 11 2 2
> GRENADE 3 4 9 2 2
> POWERUP TOMATO -1 11 13
> POWERUP TOMATO -1 7 5
> BAT1 15 2 16 3 9 4 3 6 7 6 2 7 13 7 3 8 15 9 3 10 2 11 4 11 14 11 16 11 3 12 12 13 3 14 9 17
> BAT2 3 2 7 2 11 2 2 3 8 3 10 3 12 3 14 3 3 4 7 4 11 4 6 5 8 5 10 5 12 5 11 6 15 6 4 7 14 7 16 7 15 8 6 9 12 9 15 10 15 12 6 13 8 13 10 13 7 14 9 14 11 14 4 15 16 15 13 17
> BAT3 4 3 6 3 15 4 9 6 8 9 10 9 9 12 15 14 6 15 8 15 10 15 12 15 14 15 7 16 11 16 15 16
< RES 7733 74 1
< MOVE L
> REQ 7733 75 1
> VAMPIRE 4 8 17 3 1 2 0
> VAMPIRE 3 5 7 3 1 2 0
> VAMPIRE 1 11 12 3 0 2 0
> VAMPIRE 2 1 7 3 1 2 0
> GRENADE 1 12 11 1 2
> POWERUP TOMATO 22 7 5
> BAT1 15 2 16 3 9 4 3 6 7 6 2 7 13 7 6 9 15 9 2 11 4 11 14 11 16 11 3 12 12 13 4 15 9 17
> BAT2 3 2 7 2 11 2 2 3 8 3 10 3 12 3 14 3 3 4 7 4 11 4 6 5 8 5 10 5 12 5 11 6 15 6 4 7 14 7 16 7 15 8 12 9 15 10 15 12 6 13 8 13 10 13 7 14 9 14 11 14 16 15 13 17
> BAT3 4 3 6 3 15 4 9 6 8 9 10 9 9 12 15 14 6 15 8 15 10 15 12 15 14 15 7 16 11 16 15 16
< RES 7733 75 1
< MOVE R
> REQ 7733 76 1
> VAMPIRE 4 7 17 3 1 2 0
> VAMPIRE 3 6 7 3 1 2 0
> VAMPIRE 1 11 13 3 1 2 0
> VAMPIRE 2 1 8 3 0 2 0
> GRENADE 2 1 7 5 2
> POWERUP TOMATO 21 7 5
> BAT1 15 2 16 3 9 4 3 6 7 6 2 7 13 7 6 9 15 9 2 11 4 11 16 11 3 12 12 13 4 15 9 17
> BAT2 3 2 7 2 11 2 2 3 8 3 10 3 12 3 14 3 3 4 7 4 11 4 6 5 8 5 10 5 12 5 11 6 15 6 4 7 14 7 16 7 15 8 12 9 15 10 15 12 6 13 8 13 10 13 7 14 9 14 11 14 16 15 13 17
> BAT3 4 3 6 3 15 4 9 6 8 9 10 9 9 12 15 14 6 15 8 15 10 15 12 15 14 15 7 16 11 16 15 16
< RES 7733 76 1
< GRENADE
< MOVE L L
> REQ 7733 77 1
> VAMPIRE 4 6 17 3 0 2 0
> VAMPIRE 3 5 8 3 0 2 0
> VAMPIRE 1 11 11 3 0 2 0
> VAMPIRE 2 2 9 3 0 2 0
> GRENADE 2 1 7 4 2
> GRENADE 1 11 13 5 2
> GRENADE 3 6 7 5 2
> GRENADE 4 7 17 5 2
> POWERUP TOMATO 20 7 5
> BAT1 15 2 16 3 9 4 3 6 7 6 2 7 13 7 6 9 15 9 2 11 4 11 16 11 3 12 12 13 4 15 9 17
> BAT2 3 2 7 2 11 2 2 3 8 3 10 3 12 3 14 3 3 4 7 4 11 4 6 5 8 5 10 5 12 5 11 6 15 6 4 7 14 7 16 7 15 8 12 9 15 10 15 12 6 13 8 13 10 13 7 14 9 14 11 14 16 15 13 17
> BAT3 4 3 6 3 15 4 9 6 8 9 10 9 9 12 15 14 6 15 8 15 10 15 12 15 14 15 7 16 11 16 15 16
< RES 7733 77 1
< MOVE U U
> REQ 7733 78 1
> VAMPIRE 4 4 17 3 0 2 0
> VAMPIRE 3 4 9 3 0 2 0
> VAMPIRE 1 9 11 3 0 2 0
> VAMPIRE 2 3 8 3 0 2 0
> GRENADE 2 1 7 3 2
> GRENADE 1 11 13 4 2
> GRENADE 3 6 7 4 2
> GRENADE 4 7 17 4 2
> POWERUP TOMATO 19 7 5
> BAT1 15 2 16 3 9 4 3 6 7 6 2 7 13 7 6 9 15 9 2 11 4 11 16 11 3 12 12 13 4 15 9 17
> BAT2 3 2 7 2 11 2 2 3 8 3 10 3 12 3 14 3 3 4 7 4 11 4 6 5 8 5 10 5 12 5 11 6 15 6 4 7 14 7 16 7 15 8 12 9 15 10 15 12 6 13 8 13 10 13 7 14 9 14 11 14 16 15 13 17
> BAT3 4 3 6 3 15 4 9 6 8 9 10 9 9 12 15 14 6 15 8 15 10 15 12 15 14 15 7 16 11 16 15 16
< RES 7733 78 1
< MOVE U U
> REQ 7733 79 1
> VAMPIRE 4 4 17 3 0 2 0
> VAMPIRE 3 3 8 3 0 2 0
> VAMPIRE 1 7 11 3 0 2 0
> VAMPIRE 2 3 7 3 0 2 0
> GRENADE 2 1 7 2 2
> GRENADE 1 11 13 3 2
> GRENADE 3 6 7 3 2
> GRENADE 4 7 17 3 2
> POWERUP TOMATO 18 7 5
> BAT1 15 2 16 3 9 4 3 6 7 6 2 7 13 7 6 9 15 9 2 11 4 11 16 11 3 12 12 13 4 15 9 17
> BAT2 3 2 7 2 11 2 2 3 8 3 10 3 12 3 14 3 3 4 7 4 11 4 6 5 8 5 10 5 12 5 11 6 15 6 4 7 14 7 16 7 15 8 12 9 15 10 15 12 6 13 8 13 10 13 7 14 9 14 11 14 16 15 13 17
> BAT3 4 3 6 3 15 4 9 6 8 9 10 9 9 12 15 14 6 15 8 15 10 15 12 15 14 15 7 16 11 16 15 16
< RES 7733 79 1
< MOVE L
> REQ 7733 80 1
> VAMPIRE 4 4 17 3 0 2 0
> VAMPIRE 3 3 7 3 0 2 0
> VAMPIRE 1 7 10 3 0 2 0
> VAMPIRE 2 3 7 3 0 2 0
> GRENADE 2 1 7 1 2
> GRENADE 1 11 13 2 2
> GRENADE 3 6 7 2 2
> GRENADE 4 7 17 2 2
> POWERUP TOMATO 17 7 5
> BAT1 15 2 16 3 9 4 3 6 7 6 2 7 13 7 6 9 15 9 2 11 4 11 16 11 3 12 12 13 4 15 9 17
> BAT2 3 2 7 2 11 2 2 3 8 3 10 3 12 3 14 3 3 4 7 4 11 4 6 5 8 5 10 5 12 5 11 6 15 6 4 7 14 7 16 7 15 8 12 9 15 10 15 12 6 13 8 13 10 13 7 14 9 14 11 14 16 15 13 17
> BAT3 4 3 6 3 15 4 9 6 8 9 10 9 9 12 15 14 6 15 8 15 10 15 12 15 14 15 7 16 11 16 15 16
< RES 7733 80 1
< MOVE L L
> REQ 7733 81 1
> VAMPIRE 4 4 17 3 0 2 0
> VAMPIRE 3 3 9 3 0 2 0
> VAMPIRE 1 7 8 3 0 2 0
> VAMPIRE 2 3 7 3 1 2 0
> GRENADE 1 11 13 1 2
> GRENADE 3 6 7 1 2
> GRENADE 4 7 17 1 2
> POWERUP TOMATO 16 7 5
> BAT1 15 2 16 3 9 4 3 6 7 6 13 7 6 9 15 9 2 11 4 11 16 11 3 12 12 13 4 15 9 17
> BAT2 3 2 7 2 11 2 2 3 8 3 10 3 12 3 14 3 3 4 7 4 11 4 6 5 8 5 10 5 12 5 11 6 15 6 4 7 14 7 16 7 15 8 12 9 15 10 15 12 6 13 8 13 10 13 7 14 9 14 11 14 16 15 13 17
> BAT3 4 3 6 3 15 4 9 6 8 9 10 9 9 12 15 14 6 15 8 15 10 15 12 15 14 15 7 16 11 16 15 16
< RES 7733 81 1
< MOVE L
> REQ 7733 82 1
> VAMPIRE 4 4 17 3 1 2 0
> VAMPIRE 3 3 8 3 1 2 0
> VAMPIRE 1 7 7 3 1 2 0
> VAMPIRE 2 2 7 3 0 2 0
> GRENADE 2 3 7 5 2
> POWERUP TOMATO 15 7 5
> BAT1 15 2 16 3 9 4 3 6 7 6 4 7 13 7 6 9 15 9 2 11 4 11 16 11 3 12 10 13 11 14 4 15
> BAT2 3 2 7 2 11 2 2 3 8 3 10 3 12 3 14 3 3 4 7 4 11 4 6 5 8 5 10 5 12 5 11 6 15 6 14 7 16 7 15 8 12 9 15 10 15 12 6 13 8 13 7 14 9 14 16 15 7 16 13 17
> BAT3 4 3 6 3 15 4 9 6 8 9 10 9 9 12 15 14 6 15 8 15 10 15 12 15 14 15 11 16 15 16
< RES 7733 82 1
< GRENADE
< MOVE U U
> REQ 7733 83 1
> VAMPIRE 4 5 17 3 1 2 0
> VAMPIRE 3 2 9 3 0 2 0
> VAMPIRE 1 5 7 3 0 2 0
> VAMPIRE 2 1 6 3 0 2 0
> GRENADE 2 3 7 4 2
> GRENADE 1 7 7 5 2
> GRENADE 3 3 8 5 2
> POWERUP TOMATO 14 7 5
> BAT1 15 2 16 3 9 4 3 6 7 6 4 7 13 7 6 9 15 9 2 11 4 11 16 11 3 12 10 13 11 14 4 15
> BAT2 3 2 7 2 11 2 2 3 8 3 10 3 12 3 14 3 3 4 7 4 11 4 6 5 8 5 10 5 12 5 11 6 15 6 14 7 16 7 15 8 12 9 15 10 15 12 6 13 8 13 7 14 9 14 16 15 7 16 13 17
> BAT3 4 3 6 3 15 4 9 6 8 9 10 9 9 12 15 14 6 15 8 15 10 15 12 15 14 15 11 16 15 16
< RES 7733 83 1
< MOVE R R
> REQ 7733 84 1
> VAMPIRE 4 5 15 3 1 2 0
> VAMPIRE 3 1 8 3 0 2 0
> VAMPIRE 1 5 9 3 0 2 0
> VAMPIRE 2 2 5 3 0 2 0
> GRENADE 2 3 7 3 2
> GRENADE 1 7 7 4 2
> GRENADE 3 3 8 4 2
> POWERUP TOMATO 13 7 5
> BAT1 15 2 16 3 9 4 3 6 7 6 4 7 13 7 6 9 15 9 2 11 4 11 16 11 3 12 10 13 11 14 4 15
> BAT2 3 2 7 2 11 2 2 3 8 3 10 3 12 3 14 3 3 4 7 4 11 4 6 5 8 5 10 5 12 5 11 6 15 6 14 7 16 7 15 8 12 9 15 10 15 12 6 13 8 13 7 14 9 14 16 15 7 16 13 17
> BAT3 4 3 6 3 15 4 9 6 8 9 10 9 9 12 15 14 6 15 8 15 10 15 12 15 14 15 11 16 15 16
< RES 7733 84 1
< MOVE R R
> REQ 7733 85 1
> VAMPIRE 4 5 17 3 0 2 0
> VAMPIRE 3 1 6 3 0 2 0
> VAMPIRE 1 5 11 3 0 2 0
> VAMPIRE 2 1 4 3 0 2 0
> GRENADE 2 3 7 2 2
> GRENADE 1 7 7 3 2
> GRENADE 3 3 8 3 2
> GRENADE 4 5 15 5 2
> POWERUP TOMATO 12 7 5
> BAT1 15 2 16 3 9 4 3 6 7 6 4 7 13 7 6 9 15 9 2 11 4 11 16 11 3 12 10 13 11 14 4 15
> BAT2 3 2 7 2 11 2 2 3 8 3 10 3 12 3 14 3 3 4 7 4 11 4 6 5 8 5 10 5 12 5 11 6 15 6 14 7 16 7 15 8 12 9 15 10 15 12 6 13 8 13 7 14 9 14 16 15 7 16 13 17
> BAT3 4 3 6 3 15 4 9 6 8 9 10 9 9 12 15 14 6 15 8 15 10 15 12 15 14 15 11 16 15 16
< RES 7733 85 1
< MOVE D D
> REQ 7733 86 1
> VAMPIRE 4 7 17 3 0 2 0
> VAMPIRE 3 1 4 3 0 2 0
> VAMPIRE 1 7 11 3 0 2 0
> VAMPIRE 2 1 3 3 0 2 0
> GRENADE 2 3 7 1 2
> GRENADE 1 7 7 2 2
> GRENADE 3 3 8 2 2
> GRENADE 4 5 15 4 2
> POWERUP TOMATO 11 7 5
> BAT1 15 2 16 3 9 4 3 6 7 6 4 7 13 7 6 9 15 9 2 11 4 11 16 11 3 12 10 13 11 14 4 15
> BAT2 3 2 7 2 11 2 2 3 8 3 10 3 12 3 14 3 3 4 7 4 11 4 6 5 8 5 10 5 12 5 11 6 15 6 14 7 16 7 15 8 12 9 15 10 15 12 6 13 8 13 7 14 9 14 16 15 7 16 13 17
> BAT3 4 3 6 3 15 4 9 6 8 9 10 9 9 12 15 14 6 15 8 15 10 15 12 15 14 15 11 16 15 16
< RES 7733 86 1
< MOVE L
> REQ 7733 87 1
> VAMPIRE 4 7 17 3 0 2 0
> VAMPIRE 3 1 4 3 1 2 0
> VAMPIRE 1 7 10 3 0 2 0
> VAMPIRE 2 1 3 3 1 2 0
> GRENADE 1 7 7 1 2
> GRENADE 4 5 15 3 2
> POWERUP TOMATO 10 7 5
> BAT1 15 2 16 3 9 4 7 6 13 7 6 9 15 9 2 11 4 11 16 11 3 12 10 13 11 14 4 15
> BAT2 3 2 7 2 11 2 2 3 8 3 10 3 12 3 14 3 3 4 7 4 11 4 6 5 8 5 10 5 12 5 11 6 15 6 14 7 16 7 15 8 12 9 15 10 15 12 6 13 8 13 7 14 9 14 16 15 7 16 13 17
> BAT3 4 3 6 3 15 4 9 6 8 9 10 9 9 12 15 14 6 15 8 15 10 15 12 15 14 15 11 16 15 16
< RES 7733 87 1
< MOVE L
> REQ 7733 88 1
> VAMPIRE 4 9 17 3 0 2 0
> VAMPIRE 3 2 5 3 0 2 0
> VAMPIRE 1 7 9 3 1 2 0
> VAMPIRE 2 1 3 3 0 2 0
> GRENADE 4 5 15 2 2
> GRENADE 2 1 3 5 2
> GRENADE 3 1 4 5 2
> POWERUP TOMATO 9 7 5
> BAT1 15 2 16 3 9 4 13 7 6 9 15 9 2 11 4 11 16 11 3 12 10 13 11 14 4 15
> BAT2 3 2 7 2 11 2 2 3 8 3 10 3 12 3 14 3 3 4 7 4 11 4 6 5 8 5 10 5 12 5 11 6 15 6 14 7 16 7 15 8 12 9 15 10 15 12 6 13 8 13 7 14 9 14 16 15 7 16 13 17
> BAT3 4 3 6 3 15 4 9 6 8 9 10 9 9 12 15 14 6 15 8 15 10 15 12 15 14 15 11 16 15 16
< RES 7733 88 1
< GRENADE
< MOVE L L
> REQ 7733 89 1
> VAMPIRE 4 11 17 3 0 2 0
> VAMPIRE 3 2 5 3 0 2 0
> VAMPIRE 1 7 7 3 0 2 0
> VAMPIRE 2 1 2 3 0 2 0
> GRENADE 4 5 15 1 2
> GRENADE 2 1 3 4 2
> GRENADE 3 1 4 4 2
> GRENADE 1 7 9 5 2
> POWERUP TOMATO 8 7 5
> BAT1 15 2 16 3 9 4 13 7 6 9 15 9 2 11 4 11 16 11 3 12 10 13 11 14 4 15
> BAT2 3 2 7 2 11 2 2 3 8 3 10 3 12 3 14 3 3 4 7 4 11 4 6 5 8 5 10 5 12 5 11 6 15 6 14 7 16 7 15 8 12 9 15 10 15 12 6 13 8 13 7 14 9 14 16 15 7 16 13 17
> BAT3 4 3 6 3 15 4 9 6 8 9 10 9 9 12 15 14 6 15 8 15 10 15 12 15 14 15 11 16 15 16
< RES 7733 89 1
< MOVE L L
> REQ 7733 90 1
> VAMPIRE 4 12 17 3 1 2 0
> VAMPIRE 3 2 5 3 0 2 0
> VAMPIRE 1 7 5 3 0 2 0
> VAMPIRE 2 2 1 3 0 2 0
> GRENADE 2 1 3 3 2
> GRENADE 3 1 4 3 2
> GRENADE 1 7 9 4 2
> POWERUP TOMATO 7 7 5
> BAT1 15 2 16 3 9 4 13 7 6 9 15 9 2 11 4 11 16 11 3 12 10 13 11 14
> BAT2 3 2 7 2 11 2 2 3 8 3 10 3 12 3 14 3 3 4 7 4 11 4 6 5 8 5 10 5 12 5 11 6 15 6 14 7 16 7 15 8 12 9 15 10 15 12 6 13 8 13 7 14 9 14 6 15 16 15 7 16 13 17
> BAT3 4 3 6 3 15 4 9 6 8 9 10 9 9 12 15 14 8 15 10 15 12 15 14 15 11 16 15 16
< RES 7733 90 1
< MOVE R
> REQ 7733 91 1
> VAMPIRE 4 11 17 3 1 2 0
> VAMPIRE 3 2 5 3 0 2 0
> VAMPIRE 1 7 6 3 0 2 0
> VAMPIRE 2 2 1 3 0 2 0
> GRENADE 2 1 3 2 2
> GRENADE 3 1 4 2 2
> GRENADE 1 7 9 3 2
> BAT1 15 2 16 3 9 4 13 7 6 9 15 9 2 11 4 11 16 11 3 12 10 13 11 14
> BAT2 3 2 7 2 11 2 2 3 8 3 10 3 12 3 14 3 3 4 7 4 11 4 6 5 8 5 10 5 12 5 11 6 15 6 14 7 16 7 15 8 12 9 15 10 15 12 6 13 8 13 7 14 9 14 6 15 16 15 7 16 13 17
> BAT3 4 3 6 3 15 4 9 6 8 9 10 9 9 12 15 14 8 15 10 15 12 15 14 15 11 16 15 16
< RES 7733 91 1
< MOVE R D
> REQ 7733 92 1
> VAMPIRE 4 10 17 3 0 2 0
> VAMPIRE 3 2 5 3 0 2 0
> VAMPIRE 1 8 7 3 0 2 0
> VAMPIRE 2 2 1 3 0 2 0
> GRENADE 2 1 3 1 2
> GRENADE 3 1 4 1 2
> GRENADE 1 7 9 2 2
> GRENADE 4 11 17 5 2
> BAT1 15 2 16 3 9 4 13 7 6 9 15 9 2 11 4 11 16 11 3 12 10 13 11 14
> BAT2 3 2 7 2 11 2 2 3 8 3 10 3 12 3 14 3 3 4 7 4 11 4 6 5 8 5 10 5 12 5 11 6 15 6 14 7 16 7 15 8 12 9 15 10 15 12 6 13 8 13 7 14 9 14 6 15 16 15 7 16 13 17
> BAT3 4 3 6 3 15 4 9 6 8 9 10 9 9 12 15 14 8 15 10 15 12 15 14 15 11 16 15 16
< RES 7733 92 1
< MOVE D
> REQ 7733 93 1
> VAMPIRE 4 8 17 3 0 2 0
> VAMPIRE 3 2 5 3 1 2 0
> VAMPIRE 1 9 7 3 0 2 0
> VAMPIRE 2 2 1 3 1 2 0
> GRENADE 1 7 9 1 2
> GRENADE 4 11 17 4 2
> BAT1 15 2 2 3 16 3 9 4 13 7 6 9 15 9 2 11 4 11 16 11 3 12 10 13 11 14
> BAT2 3 2 7 2 11 2 8 3 10 3 12 3 14 3 3 4 7 4 11 4 6 5 8 5 10 5 12 5 11 6 15 6 14 7 16 7 15 8 12 9 15 10 15 12 6 13 8 13 7 14 9 14 6 15 16 15 7 16 13 17
> BAT3 4 3 6 3 15 4 9 6 8 9 10 9 9 12 15 14 8 15 10 15 12 15 14 15 11 16 15 16
< RES 7733 93 1
< MOVE D D
> REQ 7733 94 1
> VAMPIRE 4 8 17 3 0 2 0
> VAMPIRE 3 3 6 3 1 2 0
> VAMPIRE 1 11 7 3 1 2 0
> VAMPIRE 2 3 1 3 1 2 0
> GRENADE 4 11 17 3 2
> BAT1 15 2 2 3 16 3 9 4 13 7 15 9 2 11 4 11 16 11 3 12 10 13 11 14
> BAT2 3 2 7 2 11 2 8 3 10 3 12 3 14 3 3 4 7 4 11 4 6 5 8 5 10 5 12 5 11 6 15 6 14 7 16 7 15 8 8 9 12 9 15 10 15 12 6 13 8 13 7 14 9 14 6 15 16 15 7 16 13 17
> BAT3 4 3 6 3 15 4 9 6 10 9 9 12 15 14 8 15 10 15 12 15 14 15 11 16 15 16
< RES 7733 94 1
< GRENADE
< MOVE U U
> REQ 7733 95 1
> VAMPIRE 4 8 17 3 0 2 0
> VAMPIRE 3 2 5 3 0 2 0
> VAMPIRE 1 9 7 3 0 2 0
> VAMPIRE 2 2 1 3 0 2 0
> GRENADE 4 11 17 2 2
> GRENADE 1 11 7 5 2
> GRENADE 2 3 1 5 2
> GRENADE 3 3 6 5 2
> BAT1 15 2 2 3 16 3 9 4 13 7 15 9 2 11 4 11 16 11 3 12 10 13 11 14
> BAT2 3 2 7 2 11 2 8 3 10 3 12 3 14 3 3 4 7 4 11 4 6 5 8 5 10 5 12 5 11 6 15 6 14 7 16 7 15 8 8 9 12 9 15 10 15 12 6 13 8 13 7 14 9 14 6 15 16 15 7 16 13 17
> BAT3 4 3 6 3 15 4 9 6 10 9 9 12 15 14 8 15 10 15 12 15 14 15 11 16 15 16
< RES 7733 95 1
< MOVE R R
> REQ 7733 96 1
> VAMPIRE 4 8 17 3 0 2 0
> VAMPIRE 3 1 4 3 0 2 0
> VAMPIRE 1 9 9 3 0 2 0
> VAMPIRE 2 1 2 3 0 2 0
> GRENADE 4 11 17 1 2
> GRENADE 1 11 7 4 2
> GRENADE 2 3 1 4 2
> GRENADE 3 3 6 4 2
> BAT1 15 2 2 3 16 3 9 4 13 7 15 9 2 11 4 11 16 11 3 12 10 13 11 14
> BAT2 3 2 7 2 11 2 8 3 10 3 12 3 14 3 3 4 7 4 11 4 6 5 8 5 10 5 12 5 11 6 15 6 14 7 16 7 15 8 8 9 12 9 15 10 15 12 6 13 8 13 7 14 9 14 6 15 16 15 7 16 13 17
> BAT3 4 3 6 3 15 4 9 6 10 9 9 12 15 14 8 15 10 15 12 15 14 15 11 16 15 16
< RES 7733 96 1
< MOVE R R
> REQ 7733 97 1
> VAMPIRE 4 8 17 3 1 2 0
> VAMPIRE 3 1 2 3 0 2 0
> VAMPIRE 1 9 11 3 0 2 0
> VAMPIRE 2 1 3 3 0 2 0
> GRENADE 1 11 7 3 2
> GRENADE 2 3 1 3 2
> GRENADE 3 3 6 3 2
> BAT1 15 2 2 3 16 3 9 4 13 7 15 9 2 11 4 11 16 11 3 12 10 13 11 14 13 17
> BAT2 3 2 7 2 11 2 8 3 10 3 12 3 14 3 3 4 7 4 11 4 6 5 8 5 10 5 12 5 11 6 15 6 14 7 16 7 15 8 8 9 12 9 15 10 15 12 6 13 8 13 7 14 9 14 6 15 16 15 7 16 11 16
> BAT3 4 3 6 3 15 4 9 6 10 9 9 12 15 14 8 15 10 15 12 15 14 15 15 16
< RES 7733 97 1
< MOVE D D
> REQ 7733 98 1
> VAMPIRE 4 9 17 3 1 2 0
> VAMPIRE 3 1 3 3 0 2 0
> VAMPIRE 1 11 11 3 0 2 0
> VAMPIRE 2 1 3 3 0 2 0
> GRENADE 1 11 7 2 2
> GRENADE 2 3 1 2 2
> GRENADE 3 3 6 2 2
> BAT1 15 2 2 3 16 3 9 4 13 7 15 9 2 11 4 11 16 11 3 12 10 13 11 14 13 17
> BAT2 3 2 7 2 11 2 8 3 10 3 12 3 14 3 3 4 7 4 11 4 6 5 8 5 10 5 12 5 11 6 15 6 14 7 16 7 15 8 8 9 12 9 15 10 15 12 6 13 8 13 7 14 9 14 6 15 16 15 7 16 11 16
> BAT3 4 3 6 3 15 4 9 6 10 9 9 12 15 14 8 15 10 15 12 15 14 15 15 16
< RES 7733 98 1
> REQ 7733 99 1
> VAMPIRE 4 9 15 3 1 2 0
> VAMPIRE 3 1 5 3 0 2 0
> VAMPIRE 1 11 11 3 0 2 0
> VAMPIRE 2 1 3 3 0 2 0
> GRENADE 1 11 7 1 2
> GRENADE 2 3 1 1 2
> GRENADE 3 3 6 1 2
> BAT1 15 2 2 3 16 3 9 4 13 7 15 9 2 11 4 11 16 11 3 12 10 13 11 14 13 17
> BAT2 3 2 7 2 11 2 8 3 10 3 12 3 14 3 3 4 7 4 11 4 6 5 8 5 10 5 12 5 11 6 15 6 14 7 16 7 15 8 8 9 12 9 15 10 15 12 6 13 8 13 7 14 9 14 6 15 16 15 7 16 11 16
> BAT3 4 3 6 3 15 4 9 6 10 9 9 12 15 14 8 15 10 15 12 15 14 15 15 16
< RES 7733 99 1
< MOVE R R
> REQ 7733 100 1
> VAMPIRE 4 9 17 3 0 2 0
> VAMPIRE 3 1 3 3 1 2 0
> VAMPIRE 1 11 13 3 1 2 0
> VAMPIRE 2 1 3 3 1 2 0
> GRENADE 4 9 15 5 2
> BAT1 3 2 15 2 2 3 16 3 3 4 9 4 11 6 15 9 2 11 4 11 16 11 3 12 10 13 11 14 13 17
> BAT2 7 2 11 2 8 3 10 3 12 3 14 3 7 4 11 4 6 5 8 5 10 5 12 5 15 6 14 7 16 7 15 8 8 9 12 9 15 10 15 12 6 13 8 13 7 14 9 14 6 15 16 15 7 16 11 16
> BAT3 4 3 6 3 15 4 9 6 10 9 9 12 15 14 8 15 10 15 12 15 14 15 15 16
< RES 7733 100 1
< GRENADE
< MOVE L L
> REQ 7733 101 1
> VAMPIRE 4 11 17 3 0 2 0
> VAMPIRE 3 1 4 3 1 2 0
> VAMPIRE 1 11 11 3 0 2 0
> VAMPIRE 2 1 4 3 1 2 0
> GRENADE 4 9 15 4 2
> GRENADE 1 11 13 5 2
> BAT1 3 2 15 2 2 3 16 3 3 4 9 4 11 6 15 9 2 11 4 11 16 11 3 12 10 13 11 14 13 17
> BAT2 7 2 11 2 8 3 10 3 12 3 14 3 7 4 11 4 6 5 8 5 10 5 12 5 15 6 14 7 16 7 15 8 8 9 12 9 15 10 15 12 6 13 8 13 7 14 9 14 6 15 16 15 7 16 11 16
> BAT3 4 3 6 3 15 4 9 6 10 9 9 12 15 14 8 15 10 15 12 15 14 15 15 16
< RES 7733 101 1
> REQ 7733 102 1
> VAMPIRE 4 12 17 3 0 2 0
> VAMPIRE 3 1 3 3 1 2 0
> VAMPIRE 1 11 11 3 0 2 0
> VAMPIRE 2 1 3 3 1 2 0
> GRENADE 4 9 15 3 2
> GRENADE 1 11 13 4 2
> BAT1 3 2 15 2 2 3 16 3 3 4 9 4 11 6 15 9 2 11 4 11 16 11 3 12 10 13 11 14 13 17
> BAT2 7 2 11 2 8 3 10 3 12 3 14 3 7 4 11 4 6 5 8 5 10 5 12 5 15 6 14 7 16 7 15 8 8 9 12 9 15 10 15 12 6 13 8 13 7 14 9 14 6 15 16 15 7 16 11 16
> BAT3 4 3 6 3 15 4 9 6 10 9 9 12 15 14 8 15 10 15 12 15 14 15 15 16
< RES 7733 102 1
< MOVE U
> REQ 7733 103 1
> VAMPIRE 4 12 17 3 0 2 0
> VAMPIRE 3 1 4 3 1 2 0
> VAMPIRE 1 10 11 3 0 2 0
> VAMPIRE 2 1 4 3 1 2 0
> GRENADE 4 9 15 2 2
> GRENADE 1 11 13 3 2
> BAT1 3 2 15 2 2 3 16 3 3 4 9 4 11 6 15 9 2 11 4 11 16 11 3 12 10 13 11 14 13 17
> BAT2 7 2 11 2 8 3 10 3 12 3 14 3 7 4 11 4 6 5 8 5 10 5 12 5 15 6 14 7 16 7 15 8 8 9 12 9 15 10 15 12 6 13 8 13 7 14 9 14 6 15 16 15 7 16 11 16
> BAT3 4 3 6 3 15 4 9 6 10 9 9 12 15 14 8 15 10 15 12 15 14 15 15 16
< RES 7733 103 1
< MOVE D D
> REQ 7733 104 1
> VAMPIRE 4 12 17 3 0 2 0
> VAMPIRE 3 1 3 3 1 2 0
> VAMPIRE 1 12 11 3 0 2 0
> VAMPIRE 2 1 3 3 1 2 0
> GRENADE 4 9 15 1 2
> GRENADE 1 11 13 2 2
> BAT1 3 2 15 2 2 3 16 3 3 4 9 4 11 6 15 9 2 11 4 11 16 11 3 12 10 13 11 14 13 17
> BAT2 7 2 11 2 8 3 10 3 12 3 14 3 7 4 11 4 6 5 8 5 10 5 12 5 15 6 14 7 16 7 15 8 8 9 12 9 15 10 15 12 6 13 8 13 7 14 9 14 6 15 16 15 7 16 11 16
> BAT3 4 3 6 3 15 4 9 6 10 9 9 12 15 14 8 15 10 15 12 15 14 15 15 16
< RES 7733 104 1
< MOVE D D
> REQ 7733 105 1
> VAMPIRE 4 12 17 3 1 2 0
> VAMPIRE 3 1 4 3 1 2 0
> VAMPIRE 1 14 11 3 0 2 0
> VAMPIRE 2 1 4 3 1 2 0
> GRENADE 1 11 13 1 2
> BAT1 3 2 15 2 2 3 16 3 3 4 9 4 11 6 15 9 2 11 4 11 16 11 3 12 10 13 9 14 11 14 13 17
> BAT2 7 2 11 2 8 3 10 3 12 3 14 3 7 4 11 4 6 5 8 5 10 5 12 5 15 6 14 7 16 7 15 8 8 9 12 9 15 10 15 12 6 13 8 13 7 14 6 15 8 15 10 15 16 15 7 16 11 16
> BAT3 4 3 6 3 15 4 9 6 10 9 9 12 15 14 12 15 14 15 15 16
< RES 7733 105 1
< MOVE D
> REQ 7733 106 1
> VAMPIRE 4 11 17 3 1 2 0
> VAMPIRE 3 1 3 3 1 2 0
> VAMPIRE 1 15 11 3 1 2 0
> VAMPIRE 2 1 3 3 1 2 0
> BAT1 3 2 15 2 2 3 16 3 3 4 9 4 11 6 15 9 2 11 4 11 16 11 3 12 9 14 13 17
> BAT2 7 2 11 2 8 3 10 3 12 3 14 3 7 4 11 4 6 5 8 5 10 5 12 5 15 6 14 7 16 7 15 8 8 9 12 9 15 10 15 12 6 13 8 13 7 14 6 15 8 15 10 15 16 15 7 16 11 16
> BAT3 4 3 6 3 15 4 9 6 10 9 9 12 15 14 12 15 14 15 15 16
< RES 7733 106 1
< GRENADE
< MOVE U U
> REQ 7733 107 1
> VAMPIRE 4 10 17 3 0 2 0
> VAMPIRE 3 1 4 3 1 2 0
> VAMPIRE 1 13 11 3 0 2 0
> VAMPIRE 2 1 4 3 1 2 0
> GRENADE 1 15 11 5 2
> GRENADE 4 11 17 5 2
> BAT1 3 2 15 2 2 3 16 3 3 4 9 4 11 6 15 9 2 11 4 11 16 11 3 12 9 14 13 17
> BAT2 7 2 11 2 8 3 10 3 12 3 14 3 7 4 11 4 6 5 8 5 10 5 12 5 15 6 14 7 16 7 15 8 8 9 12 9 15 10 15 12 6 13 8 13 7 14 6 15 8 15 10 15 16 15 7 16 11 16
> BAT3 4 3 6 3 15 4 9 6 10 9 9 12 15 14 12 15 14 15 15 16
< RES 7733 107 1
< MOVE U U
> REQ 7733 108 1
> VAMPIRE 4 8 17 3 0 2 0
> VAMPIRE 3 1 3 3 1 2 0
> VAMPIRE 1 11 11 3 0 2 0
> VAMPIRE 2 1 3 3 1 2 0
> GRENADE 1 15 11 4 2
> GRENADE 4 11 17 4 2
> BAT1 3 2 15 2 2 3 16 3 3 4 9 4 11 6 15 9 2 11 4 11 16 11 3 12 9 14 13 17
> BAT2 7 2 11 2 8 3 10 3 12 3 14 3 7 4 11 4 6 5 8 5 10 5 12 5 15 6 14 7 16 7 15 8 8 9 12 9 15 10 15 12 6 13 8 13 7 14 6 15 8 15 10 15 16 15 7 16 11 16
> BAT3 4 3 6 3 15 4 9 6 10 9 9 12 15 14 12 15 14 15 15 16
< RES 7733 108 1
> REQ 7733 109 1
> VAMPIRE 4 8 17 3 0 2 0
> VAMPIRE 3 1 4 3 1 2 0
> VAMPIRE 1 11 11 3 0 2 0
> VAMPIRE 2 1 4 3 1 2 0
> GRENADE 1 15 11 3 2
> GRENADE 4 11 17 3 2
> BAT1 3 2 15 2 2 3 16 3 3 4 9 4 11 6 15 9 2 11 4 11 16 11 3 12 9 14 13 17
> BAT2 7 2 11 2 8 3 10 3 12 3 14 3 7 4 11 4 6 5 8 5 10 5 12 5 15 6 14 7 16 7 15 8 8 9 12 9 15 10 15 12 6 13 8 13 7 14 6 15 8 15 10 15 16 15 7 16 11 16
> BAT3 4 3 6 3 15 4 9 6 10 9 9 12 15 14 12 15 14 15 15 16
< RES 7733 109 1
< MOVE R
> REQ 7733 110 1
> VAMPIRE 4 8 17 3 0 2 0
> VAMPIRE 3 1 3 3 1 2 0
> VAMPIRE 1 11 12 3 0 2 0
> VAMPIRE 2 1 3 3 1 2 0
> GRENADE 1 15 11 2 2
> GRENADE 4 11 17 2 2
> BAT1 3 2 15 2 2 3 16 3 3 4 9 4 11 6 15 9 2 11 4 11 16 11 3 12 9 14 13 17
> BAT2 7 2 11 2 8 3 10 3 12 3 14 3 7 4 11 4 6 5 8 5 10 5 12 5 15 6 14 7 16 7 15 8 8 9 12 9 15 10 15 12 6 13 8 13 7 14 6 15 8 15 10 15 16 15 7 16 11 16
> BAT3 4 3 6 3 15 4 9 6 10 9 9 12 15 14 12 15 14 15 15 16
< RES 7733 110 1
< MOVE R U
> REQ 7733 111 1
> VAMPIRE 4 8 17 3 0 2 0
> VAMPIRE 3 1 4 3 1 2 0
> VAMPIRE 1 10 13 3 0 2 0
> VAMPIRE 2 1 4 3 1 2 0
> GRENADE 1 15 11 1 2
> GRENADE 4 11 17 1 2
> BAT1 3 2 15 2 2 3 16 3 3 4 9 4 11 6 15 9 2 11 4 11 16 11 3 12 9 14 13 17
> BAT2 7 2 11 2 8 3 10 3 12 3 14 3 7 4 11 4 6 5 8 5 10 5 12 5 15 6 14 7 16 7 15 8 8 9 12 9 15 10 15 12 6 13 8 13 7 14 6 15 8 15 10 15 16 15 7 16 11 16
> BAT3 4 3 6 3 15 4 9 6 10 9 9 12 15 14 12 15 14 15 15 16
< RES 7733 111 1
< MOVE U
> REQ 7733 112 1
> VAMPIRE 4 8 17 3 1 2 0
> VAMPIRE 3 1 3 3 1 2 0
> VAMPIRE 1 9 13 3 1 2 0
> VAMPIRE 2 1 3 3 1 2 0
> BAT1 3 2 15 2 2 3 16 3 3 4 9 4 11 6 15 9 15 10 2 11 4 11 3 12 15 12 9 14 11 16
> BAT2 7 2 11 2 8 3 10 3 12 3 14 3 7 4 11 4 6 5 8 5 10 5 12 5 15 6 14 7 16 7 15 8 8 9 12 9 6 13 8 13 7 14 6 15 8 15 10 15 16 15 7 16
> BAT3 4 3 6 3 15 4 9 6 10 9 9 12 15 14 12 15 14 15 15 16
< RES 7733 112 1
< GRENADE
< MOVE D D
> REQ 7733 113 1
> VAMPIRE 4 9 17 3 1 2 0
> VAMPIRE 3 1 4 3 1 2 0
> VAMPIRE 1 11 13 3 0 2 0
> VAMPIRE 2 1 4 3 1 2 0
> GRENADE 1 9 13 5 2
> BAT1 3 2 15 2 2 3 16 3 3 4 9 4 11 6 15 9 15 10 2 11 4 11 3 12 15 12 9 14 11 16
> BAT2 7 2 11 2 8 3 10 3 12 3 14 3 7 4 11 4 6 5 8 5 10 5 12 5 15 6 14 7 16 7 15 8 8 9 12 9 6 13 8 13 7 14 6 15 8 15 10 15 16 15 7 16
> BAT3 4 3 6 3 15 4 9 6 10 9 9 12 15 14 12 15 14 15 15 16
< RES 7733 113 1
< MOVE L L
> REQ 7733 114 1
> VAMPIRE 4 9 15 3 1 2 0
> VAMPIRE 3 1 3 3 1 2 0
> VAMPIRE 1 11 11 3 0 2 0
> VAMPIRE 2 1 3 3 1 2 0
> GRENADE 1 9 13 4 2
> BAT1 3 2 15 2 2 3 16 3 3 4 9 4 11 6 15 9 15 10 2 11 4 11 3 12 15 12 9 14 11 16
> BAT2 7 2 11 2 8 3 10 3 12 3 14 3 7 4 11 4 6 5 8 5 10 5 12 5 15 6 14 7 16 7 15 8 8 9 12 9 6 13 8 13 7 14 6 15 8 15 10 15 16 15 7 16
> BAT3 4 3 6 3 15 4 9 6 10 9 9 12 15 14 12 15 14 15 15 16
< RES 7733 114 1
> REQ 7733 115 1
> VAMPIRE 4 9 17 3 0 2 0
> VAMPIRE 3 1 4 3 1 2 0
> VAMPIRE 1 11 11 3 0 2 0
> VAMPIRE 2 1 4 3 1 2 0
> GRENADE 1 9 13 3 2
> GRENADE 4 9 15 5 2
> BAT1 3 2 15 2 2 3 16 3 3 4 9 4 11 6 15 9 15 10 2 11 4 11 3 12 15 12 9 14 11 16
> BAT2 7 2 11 2 8 3 10 3 12 3 14 3 7 4 11 4 6 5 8 5 10 5 12 5 15 6 14 7 16 7 15 8 8 9 12 9 6 13 8 13 7 14 6 15 8 15 10 15 16 15 7 16
> BAT3 4 3 6 3 15 4 9 6 10 9 9 12 15 14 12 15 14 15 15 16
< RES 7733 115 1
> REQ 7733 116 1
> VAMPIRE 4 11 17 3 0 2 0
> VAMPIRE 3 1 3 3 1 2 0
> VAMPIRE 1 11 11 3 0 2 0
> VAMPIRE 2 1 3 3 1 2 0
> GRENADE 1 9 13 2 2
> GRENADE 4 9 15 4 2
> POWERUP SHOE -3 3 11
> POWERUP SHOE -3 15 7
> BAT1 3 2 15 2 2 3 16 3 3 4 9 4 11 6 15 9 15 10 2 11 4 11 3 12 15 12 9 14 11 16
> BAT2 7 2 11 2 8 3 10 3 12 3 14 3 7 4 11 4 6 5 8 5 10 5 12 5 15 6 14 7 16 7 15 8 8 9 12 9 6 13 8 13 7 14 6 15 8 15 10 15 16 15 7 16
> BAT3 4 3 6 3 15 4 9 6 10 9 9 12 15 14 12 15 14 15 15 16
< RES 7733 116 1
< MOVE U U
> REQ 7733 117 1
> VAMPIRE 4 13 17 3 0 2 0
> VAMPIRE 3 1 4 3 1 2 0
> VAMPIRE 1 9 11 3 0 2 0
> VAMPIRE 2 1 4 3 1 2 0
> GRENADE 1 9 13 1 2
> GRENADE 4 9 15 3 2
> POWERUP SHOE -2 3 11
> POWERUP SHOE -2 15 7
> BAT1 3 2 15 2 2 3 16 3 3 4 9 4 11 6 15 9 15 10 2 11 4 11 3 12 15 12 9 14 11 16
> BAT2 7 2 11 2 8 3 10 3 12 3 14 3 7 4 11 4 6 5 8 5 10 5 12 5 15 6 14 7 16 7 15 8 8 9 12 9 6 13 8 13 7 14 6 15 8 15 10 15 16 15 7 16
> BAT3 4 3 6 3 15 4 9 6 10 9 9 12 15 14 12 15 14 15 15 16
< RES 7733 117 1
< MOVE U U
> REQ 7733 118 1
> VAMPIRE 4 15 17 3 0 2 0
> VAMPIRE 3 1 3 3 1 2 0
> VAMPIRE 1 7 11 3 1 2 0
> VAMPIRE 2 1 3 3 1 2 0
> GRENADE 4 9 15 2 2
> POWERUP SHOE -1 3 11
> POWERUP SHOE -1 15 7
> BAT1 3 2 15 2 2 3 16 3 3 4 9 4 11 6 15 9 15 10 2 11 4 11 3 12 15 12 8 13 11 16
> BAT2 7 2 11 2 8 3 10 3 12 3 14 3 7 4 11 4 6 5 8 5 10 5 12 5 15 6 14 7 16 7 15 8 8 9 12 9 9 12 6 13 7 14 6 15 8 15 10 15 16 15 7 16
> BAT3 4 3 6 3 15 4 9 6 10 9 15 14 12 15 14 15 15 16
< RES 7733 118 1
< MOVE U U
> REQ 7733 119 1
> VAMPIRE 4 17 17 3 0 2 0
> VAMPIRE 3 1 4 3 1 2 0
> VAMPIRE 1 5 11 3 1 2 0
> VAMPIRE 2 1 4 3 1 2 0
> GRENADE 4 9 15 1 2
> POWERUP SHOE 20 3 11
> POWERUP SHOE 20 15 7
> BAT1 3 2 15 2 2 3 16 3 3 4 9 4 11 6 15 9 15 10 2 11 4 11 3 12 15 12 8 13 11 16
> BAT2 7 2 11 2 8 3 10 3 12 3 14 3 7 4 11 4 6 5 8 5 10 5 12 5 15 6 14 7 16 7 15 8 8 9 12 9 9 12 6 13 7 14 6 15 8 15 10 15 16 15 7 16
> BAT3 4 3 6 3 15 4 9 6 10 9 15 14 12 15 14 15 15 16
< RES 7733 119 1
< GRENADE
< MOVE L L
> REQ 7733 120 1
> VAMPIRE 4 15 17 3 1 2 0
> VAMPIRE 3 1 3 3 1 2 0
> VAMPIRE 1 5 9 3 0 2 0
> VAMPIRE 2 1 3 3 1 2 0
> GRENADE 1 5 11 5 2
> POWERUP SHOE 19 3 11
> POWERUP SHOE 19 15 7
> BAT1 3 2 15 2 2 3 16 3 3 4 9 4 11 6 15 9 15 10 2 11 4 11 3 12 15 12 8 13 8 15 10 15 11 16
> BAT2 7 2 11 2 8 3 10 3 12 3 14 3 7 4 11 4 6 5 8 5 10 5 12 5 15 6 14 7 16 7 15 8 8 9 12 9 9 12 6 13 7 14 6 15 16 15 7 16
> BAT3 4 3 6 3 15 4 9 6 10 9 15 14 12 15 14 15 15 16
< RES 7733 120 1
< MOVE U U
> REQ 7733 121 1
> VAMPIRE 4 13 17 3 0 2 0
> VAMPIRE 3 1 4 3 1 2 0
> VAMPIRE 1 3 9 3 0 2 0
> VAMPIRE 2 1 4 3 1 2 0
> GRENADE 1 5 11 4 2
> GRENADE 4 15 17 5 2
> POWERUP SHOE 18 3 11
> POWERUP SHOE 18 15 7
> BAT1 3 2 15 2 2 3 16 3 3 4 9 4 11 6 15 9 15 10 2 11 4 11 3 12 15 12 8 13 8 15 10 15 11 16
> BAT2 7 2 11 2 8 3 10 3 12 3 14 3 7 4 11 4 6 5 8 5 10 5 12 5 15 6 14 7 16 7 15 8 8 9 12 9 9 12 6 13 7 14 6 15 16 15 7 16
> BAT3 4 3 6 3 15 4 9 6 10 9 15 14 12 15 14 15 15 16
< RES 7733 121 1
< MOVE R R
> REQ 7733 122 1
> VAMPIRE 4 11 17 3 0 2 0
> VAMPIRE 3 1 3 3 1 2 0
> VAMPIRE 1 3 11 3 0 2 0
> VAMPIRE 2 1 3 3 1 2 0
> GRENADE 1 5 11 3 2
> GRENADE 4 15 17 4 2
> POWERUP SHOE 17 3 11
> POWERUP SHOE 17 15 7
> BAT1 3 2 15 2 2 3 16 3 3 4 9 4 11 6 15 9 15 10 2 11 4 11 3 12 15 12 8 13 8 15 10 15 11 16
> BAT2 7 2 11 2 8 3 10 3 12 3 14 3 7 4 11 4 6 5 8 5 10 5 12 5 15 6 14 7 16 7 15 8 8 9 12 9 9 12 6 13 7 14 6 15 16 15 7 16
> BAT3 4 3 6 3 15 4 9 6 10 9 15 14 12 15 14 15 15 16
< RES 7733 122 1
< MOVE L L
> REQ 7733 123 1
> VAMPIRE 4 9 17 3 0 2 0
> VAMPIRE 3 1 4 3 1 2 0
> VAMPIRE 1 3 9 3 0 2 37
> VAMPIRE 2 1 4 3 1 2 0
> GRENADE 1 5 11 2 2
> GRENADE 4 15 17 3 2
> POWERUP SHOE 16 15 7
> BAT1 3 2 15 2 2 3 16 3 3 4 9 4 11 6 15 9 15 10 2 11 4 11 3 12 15 12 8 13 8 15 10 15 11 16
> BAT2 7 2 11 2 8 3 10 3 12 3 14 3 7 4 11 4 6 5 8 5 10 5 12 5 15 6 14 7 16 7 15 8 8 9 12 9 9 12 6 13 7 14 6 15 16 15 7 16
> BAT3 4 3 6 3 15 4 9 6 10 9 15 14 12 15 14 15 15 16
< RES 7733 123 1
> REQ 7733 124 1
> VAMPIRE 4 7 17 3 0 2 0
> VAMPIRE 3 1 3 3 1 2 0
> VAMPIRE 1 3 9 3 0 2 36
> VAMPIRE 2 1 3 3 1 2 0
> GRENADE 1 5 11 1 2
> GRENADE 4 15 17 2 2
> POWERUP SHOE 15 15 7
> BAT1 3 2 15 2 2 3 16 3 3 4 9 4 11 6 15 9 15 10 2 11 4 11 3 12 15 12 8 13 8 15 10 15 11 16
> BAT2 7 2 11 2 8 3 10 3 12 3 14 3 7 4 11 4 6 5 8 5 10 5 12 5 15 6 14 7 16 7 15 8 8 9 12 9 9 12 6 13 7 14 6 15 16 15 7 16
> BAT3 4 3 6 3 15 4 9 6 10 9 15 14 12 15 14 15 15 16
< RES 7733 124 1
< MOVE R R
> REQ 7733 125 1
> VAMPIRE 4 5 17 3 0 2 0
> VAMPIRE 3 1 4 3 1 2 0
> VAMPIRE 1 3 11 3 1 2 35
> VAMPIRE 2 1 4 3 1 2 0
> GRENADE 4 15 17 1 2
> POWERUP SHOE 14 15 7
> BAT1 3 2 15 2 2 3 16 3 3 4 9 4 11 6 15 9 15 10 2 11 3 12 15 12 8 13 8 15 10 15 11 16
> BAT2 7 2 11 2 8 3 10 3 12 3 14 3 7 4 11 4 6 5 8 5 10 5 12 5 15 6 14 7 16 7 15 8 8 9 12 9 9 12 6 13 7 14 6 15 16 15 7 16
> BAT3 4 3 6 3 15 4 9 6 10 9 15 14 12 15 14 15 15 16
< RES 7733 125 1
< GRENADE
< MOVE D D D
> REQ 7733 126 1
> VAMPIRE 4 3 17 3 1 2 0
> VAMPIRE 3 1 3 3 1 2 0
> VAMPIRE 1 6 11 3 0 2 34
> VAMPIRE 2 1 3 3 1 2 0
> GRENADE 1 3 11 5 2
> POWERUP SHOE 13 15 7
> BAT1 3 2 15 2 2 3 16 3 3 4 9 4 11 6 15 9 15 10 2 11 3 12 15 12 8 13 8 15 10 15 11 16
> BAT2 7 2 11 2 8 3 10 3 12 3 14 3 7 4 11 4 6 5 8 5 10 5 12 5 15 6 14 7 16 7 15 8 8 9 12 9 9 12 6 13 7 14 6 15 16 15 7 16 15 16
> BAT3 4 3 6 3 15 4 9 6 10 9 15 14 12 15 14 15
< RES 7733 126 1
< MOVE D D D
> REQ 7733 127 1
> VAMPIRE 4 3 16 3 1 2 0
> VAMPIRE 3 1 4 3 1 2 0
> VAMPIRE 1 9 11 3 0 2 33
> VAMPIRE 2 1 4 3 1 2 0
> GRENADE 1 3 11 4 2
> POWERUP SHOE 12 15 7
> BAT1 3 2 15 2 2 3 16 3 3 4 9 4 11 6 15 9 15 10 2 11 3 12 15 12 8 13 8 15 10 15 11 16
> BAT2 7 2 11 2 8 3 10 3 12 3 14 3 7 4 11 4 6 5 8 5 10 5 12 5 15 6 14 7 16 7 15 8 8 9 12 9 9 12 6 13 7 14 6 15 16 15 7 16 15 16
> BAT3 4 3 6 3 15 4 9 6 10 9 15 14 12 15 14 15
< RES 7733 127 1
< MOVE D D D
> REQ 7733 128 1
> VAMPIRE 4 4 15 3 1 2 0
> VAMPIRE 3 1 3 3 1 2 0
> VAMPIRE 1 12 11 3 0 2 32
> VAMPIRE 2 1 3 3 1 2 0
> GRENADE 1 3 11 3 2
> POWERUP SHOE 11 15 7
> BAT1 3 2 15 2 2 3 16 3 3 4 9 4 11 6 15 9 15 10 2 11 3 12 15 12 8 13 8 15 10 15 11 16
> BAT2 7 2 11 2 8 3 10 3 12 3 14 3 7 4 11 4 6 5 8 5 10 5 12 5 15 6 14 7 16 7 15 8 8 9 12 9 9 12 6 13 7 14 6 15 16 15 7 16 15 16
> BAT3 4 3 6 3 15 4 9 6 10 9 15 14 12 15 14 15
< RES 7733 128 1
< MOVE D L L
> REQ 7733 129 1
> VAMPIRE 4 4 15 3 1 2 0
> VAMPIRE 3 1 3 3 1 2 0
> VAMPIRE 1 13 9 3 0 2 31
> VAMPIRE 2 1 3 3 1 2 0
> GRENADE 1 3 11 2 2
> POWERUP SHOE 10 15 7
> BAT1 3 2 15 2 2 3 16 3 3 4 9 4 11 6 15 9 15 10 2 11 3 12 15 12 8 13 8 15 10 15 11 16
> BAT2 7 2 11 2 8 3 10 3 12 3 14 3 7 4 11 4 6 5 8 5 10 5 12 5 15 6 14 7 16 7 15 8 8 9 12 9 9 12 6 13 7 14 6 15 16 15 7 16 15 16
> BAT3 4 3 6 3 15 4 9 6 10 9 15 14 12 15 14 15
< RES 7733 129 1
< MOVE L L
> REQ 7733 130 1
> VAMPIRE 4 3 16 3 0 2 0
> VAMPIRE 3 1 4 3 1 2 0
> VAMPIRE 1 13 7 3 0 2 30
> VAMPIRE 2 1 4 3 1 2 0
> GRENADE 1 3 11 1 2
> GRENADE 4 4 15 5 2
> POWERUP SHOE 9 15 7
> BAT1 3 2 15 2 2 3 16 3 3 4 9 4 11 6 15 9 15 10 2 11 3 12 15 12 8 13 8 15 10 15 11 16
> BAT2 7 2 11 2 8 3 10 3 12 3 14 3 7 4 11 4 6 5 8 5 10 5 12 5 15 6 14 7 16 7 15 8 8 9 12 9 9 12 6 13 7 14 6 15 16 15 7 16 15 16
> BAT3 4 3 6 3 15 4 9 6 10 9 15 14 12 15 14 15
< RES 7733 130 1
> REQ 7733 131 1
> VAMPIRE 4 2 17 3 0 2 0
> VAMPIRE 3 1 3 3 1 2 0
> VAMPIRE 1 13 7 3 1 2 29
> VAMPIRE 2 1 3 3 1 2 0
> GRENADE 4 4 15 4 2
> POWERUP SHOE 8 15 7
> BAT1 3 2 15 2 2 3 16 3 3 4 9 4 11 6 15 9 15 10 15 12 8 13 8 15 10 15 11 16
> BAT2 7 2 11 2 8 3 10 3 12 3 14 3 7 4 11 4 6 5 8 5 10 5 12 5 15 6 14 7 16 7 15 8 8 9 12 9 9 12 6 13 7 14 6 15 16 15 7 16 15 16
> BAT3 4 3 6 3 15 4 9 6 10 9 15 14 12 15 14 15
< RES 7733 131 1
< GRENADE
< MOVE L L D
> REQ 7733 132 1
> VAMPIRE 4 1 17 3 0 2 0
> VAMPIRE 3 1 4 3 1 2 0
> VAMPIRE 1 14 5 3 0 2 28
> VAMPIRE 2 1 4 3 1 2 0
> GRENADE 4 4 15 3 2
> GRENADE 1 13 7 5 2
> POWERUP SHOE 7 15 7
> BAT1 3 2 15 2 2 3 16 3 3 4 9 4 11 6 15 9 15 10 15 12 8 13 8 15 10 15 11 16
> BAT2 7 2 11 2 8 3 10 3 12 3 14 3 7 4 11 4 6 5 8 5 10 5 12 5 15 6 14 7 16 7 15 8 8 9 12 9 9 12 6 13 7 14 6 15 16 15 7 16 15 16
> BAT3 4 3 6 3 15 4 9 6 10 9 15 14 12 15 14 15
< RES 7733 132 1
< MOVE U R
> REQ 7733 133 1
> VAMPIRE 4 3 17 3 0 2 0
> VAMPIRE 3 1 3 3 1 2 0
> VAMPIRE 1 13 6 3 0 2 27
> VAMPIRE 2 1 3 3 1 2 0
> GRENADE 4 4 15 2 2
> GRENADE 1 13 7 4 2
> POWERUP SHOE 6 15 7
> BAT1 3 2 15 2 2 3 16 3 3 4 9 4 11 6 15 9 15 10 15 12 8 13 8 15 10 15 11 16
> BAT2 7 2 11 2 8 3 10 3 12 3 14 3 7 4 11 4 6 5 8 5 10 5 12 5 15 6 14 7 16 7 15 8 8 9 12 9 9 12 6 13 7 14 6 15 16 15 7 16 15 16
> BAT3 4 3 6 3 15 4 9 6 10 9 15 14 12 15 14 15
< RES 7733 133 1
< MOVE L D D
> REQ 7733 134 1
> VAMPIRE 4 5 17 3 0 2 0
> VAMPIRE 3 1 4 3 1 2 0
> VAMPIRE 1 15 5 3 0 2 26
> VAMPIRE 2 1 4 3 1 2 0
> GRENADE 4 4 15 1 2
> GRENADE 1 13 7 3 2
> POWERUP SHOE 5 15 7
> BAT1 3 2 15 2 2 3 16 3 3 4 9 4 11 6 15 9 15 10 15 12 8 13 8 15 10 15 11 16
> BAT2 7 2 11 2 8 3 10 3 12 3 14 3 7 4 11 4 6 5 8 5 10 5 12 5 15 6 14 7 16 7 15 8 8 9 12 9 9 12 6 13 7 14 6 15 16 15 7 16 15 16
> BAT3 4 3 6 3 15 4 9 6 10 9 15 14 12 15 14 15
< RES 7733 134 1
> REQ 7733 135 1
> VAMPIRE 4 7 17 3 1 2 0
> VAMPIRE 3 1 3 3 1 2 0
> VAMPIRE 1 15 5 3 0 2 25
> VAMPIRE 2 1 3 3 1 2 0
> GRENADE 1 13 7 2 2
> POWERUP SHOE 4 15 7
> BAT1 3 2 15 2 2 3 16 3 3 4 9 4 11 6 15 9 15 10 15 12 8 13 6 15 8 15 10 15 11 16
> BAT2 7 2 11 2 8 3 10 3 12 3 14 3 7 4 11 4 6 5 8 5 10 5 12 5 15 6 14 7 16 7 15 8 8 9 12 9 9 12 6 13 7 14 16 15 7 16 15 16
> BAT3 4 3 6 3 15 4 9 6 10 9 15 14 12 15 14 15
< RES 7733 135 1
> REQ 7733 136 1
> VAMPIRE 4 7 17 3 1 2 0
> VAMPIRE 3 1 3 3 1 2 0
> VAMPIRE 1 15 5 3 0 2 24
> VAMPIRE 2 1 3 3 1 2 0
> GRENADE 1 13 7 1 2
> POWERUP SHOE 3 15 7
> BAT1 3 2 15 2 2 3 16 3 3 4 9 4 11 6 15 9 15 10 15 12 8 13 6 15 8 15 10 15 11 16
> BAT2 7 2 11 2 8 3 10 3 12 3 14 3 7 4 11 4 6 5 8 5 10 5 12 5 15 6 14 7 16 7 15 8 8 9 12 9 9 12 6 13 7 14 16 15 7 16 15 16
> BAT3 4 3 6 3 15 4 9 6 10 9 15 14 12 15 14 15
< RES 7733 136 1
< MOVE U U R
> REQ 7733 137 1
> VAMPIRE 4 9 17 3 1 2 0
> VAMPIRE 3 1 4 3 1 2 0
> VAMPIRE 1 13 6 3 1 2 23
> VAMPIRE 2 1 4 3 1 2 0
> POWERUP SHOE 2 15 7
> BAT1 3 2 15 2 2 3 16 3 3 4 9 4 11 6 14 7 15 9 15 10 15 12 8 13 6 15 8 15 10 15 11 16
> BAT2 7 2 11 2 8 3 10 3 12 3 14 3 7 4 11 4 6 5 8 5 10 5 12 5 15 6 16 7 15 8 8 9 12 9 9 12 6 13 7 14 16 15 7 16 15 16
> BAT3 4 3 6 3 15 4 9 6 10 9 15 14 12 15 14 15
< RES 7733 137 1
< MOVE R
> REQ 7733 138 1
> VAMPIRE 4 9 15 3 1 2 0
> VAMPIRE 3 1 3 3 1 2 0
> VAMPIRE 1 13 7 3 1 2 22
> VAMPIRE 2 1 3 3 1 2 0
> POWERUP SHOE 1 15 7
> BAT1 3 2 15 2 2 3 16 3 3 4 9 4 11 6 14 7 15 9 15 10 15 12 8 13 6 15 8 15 10 15 11 16
> BAT2 7 2 11 2 8 3 10 3 12 3 14 3 7 4 11 4 6 5 8 5 10 5 12 5 15 6 16 7 15 8 8 9 12 9 9 12 6 13 7 14 16 15 7 16 15 16
> BAT3 4 3 6 3 15 4 9 6 10 9 15 14 12 15 14 15
< RES 7733 138 1
< GRENADE
< MOVE U U U
> REQ 7733 139 1
> VAMPIRE 4 9 13 3 0 2 0
> VAMPIRE 3 1 4 3 1 2 0
> VAMPIRE 1 10 7 3 0 2 21
> VAMPIRE 2 1 4 3 1 2 0
> GRENADE 1 13 7 5 2
> GRENADE 4 9 15 5 2
> BAT1 3 2 15 2 2 3 16 3 3 4 9 4 11 6 14 7 15 9 15 10 15 12 8 13 6 15 8 15 10 15 11 16
> BAT2 7 2 11 2 8 3 10 3 12 3 14 3 7 4 11 4 6 5 8 5 10 5 12 5 15 6 16 7 15 8 8 9 12 9 9 12 6 13 7 14 16 15 7 16 15 16
> BAT3 4 3 6 3 15 4 9 6 10 9 15 14 12 15 14 15
< RES 7733 139 1
< MOVE U
> REQ 7733 140 1
> VAMPIRE 4 11 13 3 0 2 0
> VAMPIRE 3 1 3 3 1 2 0
> VAMPIRE 1 9 7 3 0 2 20
> VAMPIRE 2 1 3 3 1 2 0
> GRENADE 1 13 7 4 2
> GRENADE 4 9 15 4 2
> BAT1 3 2 15 2 2 3 16 3 3 4 9 4 11 6 14 7 15 9 15 10 15 12 8 13 6 15 8 15 10 15 11 16
> BAT2 7 2 11 2 8 3 10 3 12 3 14 3 7 4 11 4 6 5 8 5 10 5 12 5 15 6 16 7 15 8 8 9 12 9 9 12 6 13 7 14 16 15 7 16 15 16
> BAT3 4 3 6 3 15 4 9 6 10 9 15 14 12 15 14 15
< RES 7733 140 1
> REQ 7733 141 1
> VAMPIRE 4 13 13 3 0 2 0
> VAMPIRE 3 1 4 3 1 2 0
> VAMPIRE 1 9 7 3 0 2 19
> VAMPIRE 2 1 4 3 1 2 0
> GRENADE 1 13 7 3 2
> GRENADE 4 9 15 3 2
> BAT1 3 2 15 2 2 3 16 3 3 4 9 4 11 6 14 7 15 9 15 10 15 12 8 13 6 15 8 15 10 15 11 16
> BAT2 7 2 11 2 8 3 10 3 12 3 14 3 7 4 11 4 6 5 8 5 10 5 12 5 15 6 16 7 15 8 8 9 12 9 9 12 6 13 7 14 16 15 7 16 15 16
> BAT3 4 3 6 3 15 4 9 6 10 9 15 14 12 15 14 15
> END 753.6 No_competitor_left;Inactivity