> MESSAGE OK
> LEVEL 10
> GAMEID 1637247401
> TEST 1
> MAXTICK 800
> GRENADERADIUS 3
> SIZE 15
> REQ 1637247401 0 2
> VAMPIRE 1 1 1 3 1 3 0
> VAMPIRE 2 13 1 3 1 3 0
> VAMPIRE 3 13 13 3 1 3 0
> VAMPIRE 4 1 13 3 1 3 0
> BAT1 8 1 9 1 10 1 11 1 1 3 7 3 1 4 1 5 6 5 8 5 1 6 5 6 9 6 3 7 11 7 5 8 9 8 13 8 6 9 8 9 13 9 13 10 7 11 13 11 3 13 4 13 5 13 6 13
> BAT2 3 1 4 1 5 1 6 1 8 3 9 3 13 3 13 4 3 5 7 5 13 5 3 6 13 6 5 7 9 7 1 8 11 8 1 9 7 9 11 9 1 10 1 11 5 11 6 11 8 13 9 13 10 13 11 13
> BAT3 7 1 5 3 6 3 11 5 11 6 1 7 7 7 13 7 3 8 3 9 8 11 9 11 7 13
< RES 1637247401 0 2
< MOVE U
> REQ 1637247401 1 2
> VAMPIRE 1 1 2 3 1 3 0
> VAMPIRE 2 12 1 3 1 3 0
> VAMPIRE 3 13 12 3 1 3 0
> VAMPIRE 4 2 13 3 1 3 0
> BAT1 8 1 9 1 10 1 11 1 1 3 7 3 1 4 1 5 6 5 8 5 1 6 5 6 9 6 3 7 11 7 5 8 9 8 13 8 6 9 8 9 13 9 13 10 7 11 13 11 3 13 4 13 5 13 6 13
> BAT2 3 1 4 1 5 1 6 1 8 3 9 3 13 3 13 4 3 5 7 5 13 5 3 6 13 6 5 7 9 7 1 8 11 8 1 9 7 9 11 9 1 10 1 11 5 11 6 11 8 13 9 13 10 13 11 13
> BAT3 7 1 5 3 6 3 11 5 11 6 1 7 7 7 13 7 3 8 3 9 8 11 9 11 7 13
< RES 1637247401 1 2
< GRENADE
< MOVE D R
> REQ 1637247401 2 2
> VAMPIRE 1 2 1 3 0 3 0
> VAMPIRE 2 13 2 3 0 3 0
> VAMPIRE 3 12 13 3 0 3 0
> VAMPIRE 4 1 12 3 0 3 0
> GRENADE 1 1 2 5 3
> GRENADE 2 12 1 5 3
> GRENADE 3 13 12 5 3
> GRENADE 4 2 13 5 3
> BAT1 8 1 9 1 10 1 11 1 1 3 7 3 1 4 1 5 6 5 8 5 1 6 5 6 9 6 3 7 11 7 5 8 9 8 13 8 6 9 8 9 13 9 13 10 7 11 13 11 3 13 4 13 5 13 6 13
> BAT2 3 1 4 1 5 1 6 1 8 3 9 3 13 3 13 4 3 5 7 5 13 5 3 6 13 6 5 7 9 7 1 8 11 8 1 9 7 9 11 9 1 10 1 11 5 11 6 11 8 13 9 13 10 13 11 13
> BAT3 7 1 5 3 6 3 11 5 11 6 1 7 7 7 13 7 3 8 3 9 8 11 9 11 7 13
< RES 1637247401 2 2
> REQ 1637247401 3 2
> VAMPIRE 1 2 1 3 0 3 0
> VAMPIRE 2 13 2 3 0 3 0
> VAMPIRE 3 12 13 3 0 3 0
> VAMPIRE 4 1 12 3 0 3 0
> GRENADE 1 1 2 4 3
> GRENADE 2 12 1 4 3
> GRENADE 3 13 12 4 3
> GRENADE 4 2 13 4 3
> BAT1 8 1 9 1 10 1 11 1 1 3 7 3 1 4 1 5 6 5 8 5 1 6 5 6 9 6 3 7 11 7 5 8 9 8 13 8 6 9 8 9 13 9 13 10 7 11 13 11 3 13 4 13 5 13 6 13
> BAT2 3 1 4 1 5 1 6 1 8 3 9 3 13 3 13 4 3 5 7 5 13 5 3 6 13 6 5 7 9 7 1 8 11 8 1 9 7 9 11 9 1 10 1 11 5 11 6 11 8 13 9 13 10 13 11 13
> BAT3 7 1 5 3 6 3 11 5 11 6 1 7 7 7 13 7 3 8 3 9 8 11 9 11 7 13
< RES 1637247401 3 2
> REQ 1637247401 4 2
> VAMPIRE 1 2 1 3 0 3 0
> VAMPIRE 2 13 2 3 0 3 0
> VAMPIRE 3 12 13 3 0 3 0
> VAMPIRE 4 1 12 3 0 3 0
> GRENADE 1 1 2 3 3
> GRENADE 2 12 1 3 3
> GRENADE 3 13 12 3 3
> GRENADE 4 2 13 3 3
> BAT1 8 1 9 1 10 1 11 1 1 3 7 3 1 4 1 5 6 5 8 5 1 6 5 6 9 6 3 7 11 7 5 8 9 8 13 8 6 9 8 9 13 9 13 10 7 11 13 11 3 13 4 13 5 13 6 13
> BAT2 3 1 4 1 5 1 6 1 8 3 9 3 13 3 13 4 3 5 7 5 13 5 3 6 13 6 5 7 9 7 1 8 11 8 1 9 7 9 11 9 1 10 1 11 5 11 6 11 8 13 9 13 10 13 11 13
> BAT3 7 1 5 3 6 3 11 5 11 6 1 7 7 7 13 7 3 8 3 9 8 11 9 11 7 13
< RES 1637247401 4 2
> REQ 1637247401 5 2
> VAMPIRE 1 2 1 3 0 3 0
> VAMPIRE 2 13 2 3 0 3 0
> VAMPIRE 3 12 13 3 0 3 0
> VAMPIRE 4 1 12 3 0 3 0
> GRENADE 1 1 2 2 3
> GRENADE 2 12 1 2 3
> GRENADE 3 13 12 2 3
> GRENADE 4 2 13 2 3
> BAT1 8 1 9 1 10 1 11 1 1 3 7 3 1 4 1 5 6 5 8 5 1 6 5 6 9 6 3 7 11 7 5 8 9 8 13 8 6 9 8 9 13 9 13 10 7 11 13 11 3 13 4 13 5 13 6 13
> BAT2 3 1 4 1 5 1 6 1 8 3 9 3 13 3 13 4 3 5 7 5 13 5 3 6 13 6 5 7 9 7 1 8 11 8 1 9 7 9 11 9 1 10 1 11 5 11 6 11 8 13 9 13 10 13 11 13
> BAT3 7 1 5 3 6 3 11 5 11 6 1 7 7 7 13 7 3 8 3 9 8 11 9 11 7 13
< RES 1637247401 5 2
> REQ 1637247401 6 2
> VAMPIRE 1 2 1 3 0 3 0
> VAMPIRE 2 13 2 3 0 3 0
> VAMPIRE 3 12 13 3 0 3 0
> VAMPIRE 4 1 12 3 0 3 0
> GRENADE 1 1 2 1 3
> GRENADE 2 12 1 1 3
> GRENADE 3 13 12 1 3
> GRENADE 4 2 13 1 3
> BAT1 8 1 9 1 10 1 11 1 1 3 7 3 1 4 1 5 6 5 8 5 1 6 5 6 9 6 3 7 11 7 5 8 9 8 13 8 6 9 8 9 13 9 13 10 7 11 13 11 3 13 4 13 5 13 6 13
> BAT2 3 1 4 1 5 1 6 1 8 3 9 3 13 3 13 4 3 5 7 5 13 5 3 6 13 6 5 7 9 7 1 8 11 8 1 9 7 9 11 9 1 10 1 11 5 11 6 11 8 13 9 13 10 13 11 13
> BAT3 7 1 5 3 6 3 11 5 11 6 1 7 7 7 13 7 3 8 3 9 8 11 9 11 7 13
< RES 1637247401 6 2
< MOVE L
> REQ 1637247401 7 2
> VAMPIRE 1 1 1 3 1 3 0
> VAMPIRE 2 13 1 3 1 3 0
> VAMPIRE 3 12 13 3 1 3 0
> VAMPIRE 4 1 12 3 1 3 0
> BAT1 8 1 9 1 10 1 7 3 1 4 1 5 6 5 8 5 1 6 5 6 9 6 3 7 11 7 5 8 9 8 13 8 6 9 8 9 13 9 13 10 7 11 4 13 5 13 6 13
> BAT2 3 1 4 1 5 1 6 1 8 3 9 3 13 3 13 4 3 5 7 5 13 5 3 6 13 6 5 7 9 7 1 8 11 8 1 9 7 9 11 9 1 10 1 11 5 11 6 11 8 13 9 13 10 13 11 13
> BAT3 7 1 5 3 6 3 11 5 11 6 1 7 7 7 13 7 3 8 3 9 8 11 9 11 7 13
< RES 1637247401 7 2
< GRENADE
< MOVE U U
> REQ 1637247401 8 2
> VAMPIRE 1 1 3 3 0 3 0
> VAMPIRE 2 11 1 3 0 3 0
> VAMPIRE 3 13 12 3 1 3 0
> VAMPIRE 4 2 13 3 1 3 0
> GRENADE 1 1 1 5 3
> GRENADE 2 13 1 5 3
> BAT1 8 1 9 1 10 1 7 3 1 4 1 5 6 5 8 5 1 6 5 6 9 6 3 7 11 7 5 8 9 8 13 8 6 9 8 9 13 9 13 10 7 11 4 13 5 13 6 13
> BAT2 3 1 4 1 5 1 6 1 8 3 9 3 13 3 13 4 3 5 7 5 13 5 3 6 13 6 5 7 9 7 1 8 11 8 1 9 7 9 11 9 1 10 1 11 5 11 6 11 8 13 9 13 10 13 11 13
> BAT3 7 1 5 3 6 3 11 5 11 6 1 7 7 7 13 7 3 8 3 9 8 11 9 11 7 13
< RES 1637247401 8 2
< MOVE R R
> REQ 1637247401 9 2
> VAMPIRE 1 3 3 3 0 3 0
> VAMPIRE 2 11 3 3 0 3 0
> VAMPIRE 3 12 11 3 1 3 0
> VAMPIRE 4 3 12 3 1 3 0
> GRENADE 1 1 1 4 3
> GRENADE 2 13 1 4 3
> BAT1 8 1 9 1 10 1 7 3 1 4 1 5 6 5 8 5 1 6 5 6 9 6 3 7 11 7 5 8 9 8 13 8 6 9 8 9 13 9 13 10 7 11 4 13 5 13 6 13
> BAT2 3 1 4 1 5 1 6 1 8 3 9 3 13 3 13 4 3 5 7 5 13 5 3 6 13 6 5 7 9 7 1 8 11 8 1 9 7 9 11 9 1 10 1 11 5 11 6 11 8 13 9 13 10 13 11 13
> BAT3 7 1 5 3 6 3 11 5 11 6 1 7 7 7 13 7 3 8 3 9 8 11 9 11 7 13
< RES 1637247401 9 2
> REQ 1637247401 10 2
> VAMPIRE 1 3 3 3 0 3 0
> VAMPIRE 2 11 3 3 0 3 0
> VAMPIRE 3 11 11 3 1 3 0
> VAMPIRE 4 3 11 3 1 3 0
> GRENADE 1 1 1 3 3
> GRENADE 2 13 1 3 3
> BAT1 8 1 9 1 10 1 7 3 1 4 1 5 6 5 8 5 1 6 5 6 9 6 3 7 11 7 5 8 9 8 13 8 6 9 8 9 13 9 13 10 7 11 4 13 5 13 6 13
> BAT2 3 1 4 1 5 1 6 1 8 3 9 3 13 3 13 4 3 5 7 5 13 5 3 6 13 6 5 7 9 7 1 8 11 8 1 9 7 9 11 9 1 10 1 11 5 11 6 11 8 13 9 13 10 13 11 13
> BAT3 7 1 5 3 6 3 11 5 11 6 1 7 7 7 13 7 3 8 3 9 8 11 9 11 7 13
< RES 1637247401 10 2
> REQ 1637247401 11 2
> VAMPIRE 1 3 3 3 0 3 0
> VAMPIRE 2 11 3 3 0 3 0
> VAMPIRE 3 13 11 3 0 3 0
> VAMPIRE 4 3 13 3 0 3 0
> GRENADE 1 1 1 2 3
> GRENADE 2 13 1 2 3
> GRENADE 3 11 11 5 3
> GRENADE 4 3 11 5 3
> BAT1 8 1 9 1 10 1 7 3 1 4 1 5 6 5 8 5 1 6 5 6 9 6 3 7 11 7 5 8 9 8 13 8 6 9 8 9 13 9 13 10 7 11 4 13 5 13 6 13
> BAT2 3 1 4 1 5 1 6 1 8 3 9 3 13 3 13 4 3 5 7 5 13 5 3 6 13 6 5 7 9 7 1 8 11 8 1 9 7 9 11 9 1 10 1 11 5 11 6 11 8 13 9 13 10 13 11 13
> BAT3 7 1 5 3 6 3 11 5 11 6 1 7 7 7 13 7 3 8 3 9 8 11 9 11 7 13
< RES 1637247401 11 2
> REQ 1637247401 12 2
> VAMPIRE 1 3 3 3 0 3 0
> VAMPIRE 2 11 3 3 0 3 0
> VAMPIRE 3 13 12 3 0 3 0
> VAMPIRE 4 2 13 3 0 3 0
> GRENADE 1 1 1 1 3
> GRENADE 2 13 1 1 3
> GRENADE 3 11 11 4 3
> GRENADE 4 3 11 4 3
> BAT1 8 1 9 1 10 1 7 3 1 4 1 5 6 5 8 5 1 6 5 6 9 6 3 7 11 7 5 8 9 8 13 8 6 9 8 9 13 9 13 10 7 11 4 13 5 13 6 13
> BAT2 3 1 4 1 5 1 6 1 8 3 9 3 13 3 13 4 3 5 7 5 13 5 3 6 13 6 5 7 9 7 1 8 11 8 1 9 7 9 11 9 1 10 1 11 5 11 6 11 8 13 9 13 10 13 11 13
> BAT3 7 1 5 3 6 3 11 5 11 6 1 7 7 7 13 7 3 8 3 9 8 11 9 11 7 13
< RES 1637247401 12 2
> REQ 1637247401 13 2
> VAMPIRE 1 3 3 3 1 3 0
> VAMPIRE 2 11 3 3 1 3 0
> VAMPIRE 3 13 12 3 0 3 0
> VAMPIRE 4 2 13 3 0 3 0
> GRENADE 3 11 11 3 3
> GRENADE 4 3 11 3 3
> BAT1 8 1 9 1 7 3 1 5 6 5 8 5 1 6 5 6 9 6 3 7 11 7 5 8 9 8 13 8 6 9 8 9 13 9 13 10 7 11 4 13 5 13 6 13 3 1 13 3
> BAT2 4 1 5 1 6 1 8 3 9 3 13 4 3 5 7 5 13 5 3 6 13 6 5 7 9 7 1 8 11 8 1 9 7 9 11 9 1 10 1 11 5 11 6 11 8 13 9 13 10 13 11 13
> BAT3 7 1 5 3 6 3 11 5 11 6 1 7 7 7 13 7 3 8 3 9 8 11 9 11 7 13
< RES 1637247401 13 2
< GRENADE
< MOVE L L
> REQ 1637247401 14 2
> VAMPIRE 1 1 3 3 0 3 0
> VAMPIRE 2 11 1 3 0 3 0
> VAMPIRE 3 13 12 3 0 3 0
> VAMPIRE 4 2 13 3 0 3 0
> GRENADE 3 11 11 2 3
> GRENADE 4 3 11 2 3
> GRENADE 1 3 3 5 3
> GRENADE 2 11 3 5 3
> BAT1 8 1 9 1 7 3 1 5 6 5 8 5 1 6 5 6 9 6 3 7 11 7 5 8 9 8 13 8 6 9 8 9 13 9 13 10 7 11 4 13 5 13 6 13 3 1 13 3
> BAT2 4 1 5 1 6 1 8 3 9 3 13 4 3 5 7 5 13 5 3 6 13 6 5 7 9 7 1 8 11 8 1 9 7 9 11 9 1 10 1 11 5 11 6 11 8 13 9 13 10 13 11 13
> BAT3 7 1 5 3 6 3 11 5 11 6 1 7 7 7 13 7 3 8 3 9 8 11 9 11 7 13
< RES 1637247401 14 2
< MOVE D D
> REQ 1637247401 15 2
> VAMPIRE 1 1 1 3 0 3 0
> VAMPIRE 2 13 1 3 0 3 0
> VAMPIRE 3 13 12 3 0 3 0
> VAMPIRE 4 2 13 3 0 3 0
> GRENADE 3 11 11 1 3
> GRENADE 4 3 11 1 3
> GRENADE 1 3 3 4 3
> GRENADE 2 11 3 4 3
> BAT1 8 1 9 1 7 3 1 5 6 5 8 5 1 6 5 6 9 6 3 7 11 7 5 8 9 8 13 8 6 9 8 9 13 9 13 10 7 11 4 13 5 13 6 13 3 1 13 3
> BAT2 4 1 5 1 6 1 8 3 9 3 13 4 3 5 7 5 13 5 3 6 13 6 5 7 9 7 1 8 11 8 1 9 7 9 11 9 1 10 1 11 5 11 6 11 8 13 9 13 10 13 11 13
> BAT3 7 1 5 3 6 3 11 5 11 6 1 7 7 7 13 7 3 8 3 9 8 11 9 11 7 13
< RES 1637247401 15 2
> REQ 1637247401 16 2
> VAMPIRE 1 1 1 3 0 3 0
> VAMPIRE 2 13 1 3 0 3 0
> VAMPIRE 3 12 11 3 1 3 0
> VAMPIRE 4 3 12 3 1 3 0
> GRENADE 1 3 3 3 3
> GRENADE 2 11 3 3 3
> BAT1 8 1 9 1 7 3 1 5 6 5 8 5 1 6 5 6 9 6 3 7 11 7 5 8 9 8 13 8 6 9 8 9 13 9 13 10 7 11 4 13 5 13 6 13 3 1 13 3 11 9 1 11 5 11 11 13
> BAT2 4 1 5 1 6 1 8 3 9 3 13 4 3 5 7 5 13 5 3 6 13 6 5 7 9 7 1 8 11 8 1 9 7 9 1 10 6 11 8 13 9 13 10 13 3 9 9 11
> BAT3 7 1 5 3 6 3 11 5 11 6 1 7 7 7 13 7 3 8 8 11 7 13
< RES 1637247401 16 2
> REQ 1637247401 17 2
> VAMPIRE 1 1 1 3 0 3 0
> VAMPIRE 2 13 1 3 0 3 0
> VAMPIRE 3 11 11 3 1 3 0
> VAMPIRE 4 3 11 3 1 3 0
> GRENADE 1 3 3 2 3
> GRENADE 2 11 3 2 3
> BAT1 8 1 9 1 7 3 1 5 6 5 8 5 1 6 5 6 9 6 3 7 11 7 5 8 9 8 13 8 6 9 8 9 13 9 13 10 7 11 4 13 5 13 6 13 3 1 13 3 11 9 1 11 5 11 11 13
> BAT2 4 1 5 1 6 1 8 3 9 3 13 4 3 5 7 5 13 5 3 6 13 6 5 7 9 7 1 8 11 8 1 9 7 9 1 10 6 11 8 13 9 13 10 13 3 9 9 11
> BAT3 7 1 5 3 6 3 11 5 11 6 1 7 7 7 13 7 3 8 8 11 7 13
< RES 1637247401 17 2
< MOVE U
> REQ 1637247401 18 2
> VAMPIRE 1 1 1 3 0 3 0
> VAMPIRE 2 12 1 3 0 3 0
> VAMPIRE 3 13 11 3 0 3 0
> VAMPIRE 4 3 13 3 0 3 0
> GRENADE 1 3 3 1 3
> GRENADE 2 11 3 1 3
> GRENADE 3 11 11 5 3
> GRENADE 4 3 11 5 3
> BAT1 8 1 9 1 7 3 1 5 6 5 8 5 1 6 5 6 9 6 3 7 11 7 5 8 9 8 13 8 6 9 8 9 13 9 13 10 7 11 4 13 5 13 6 13 3 1 13 3 11 9 1 11 5 11 11 13
> BAT2 4 1 5 1 6 1 8 3 9 3 13 4 3 5 7 5 13 5 3 6 13 6 5 7 9 7 1 8 11 8 1 9 7 9 1 10 6 11 8 13 9 13 10 13 3 9 9 11
> BAT3 7 1 5 3 6 3 11 5 11 6 1 7 7 7 13 7 3 8 8 11 7 13
< RES 1637247401 18 2
< MOVE U U
> REQ 1637247401 19 2
> VAMPIRE 1 2 1 3 1 3 0
> VAMPIRE 2 10 1 3 1 3 0
> VAMPIRE 3 13 12 3 0 3 0
> VAMPIRE 4 2 13 3 0 3 0
> GRENADE 3 11 11 4 3
> GRENADE 4 3 11 4 3
> BAT1 8 1 9 1 7 3 1 5 6 5 8 5 1 6 5 6 9 6 3 7 11 7 5 8 9 8 13 8 6 9 8 9 13 9 13 10 7 11 4 13 5 13 6 13 9 3 3 5 11 9 1 11 5 11 11 13
> BAT2 4 1 5 1 6 1 8 3 13 4 7 5 13 5 3 6 13 6 5 7 9 7 1 8 11 8 1 9 7 9 1 10 6 11 8 13 9 13 10 13 5 3 11 5 3 9 9 11
> BAT3 7 1 6 3 11 6 1 7 7 7 13 7 3 8 8 11 7 13
< RES 1637247401 19 2
< GRENADE
< MOVE D R
> REQ 1637247401 20 2
> VAMPIRE 1 1 2 3 1 3 0
> VAMPIRE 2 11 2 3 0 3 0
> VAMPIRE 3 13 12 3 0 3 0
> VAMPIRE 4 2 13 3 0 3 0
> GRENADE 3 11 11 3 3
> GRENADE 4 3 11 3 3
> GRENADE 2 10 1 5 3
> BAT1 8 1 9 1 7 3 1 5 6 5 8 5 1 6 5 6 9 6 3 7 11 7 5 8 9 8 13 8 6 9 8 9 13 9 13 10 7 11 4 13 5 13 6 13 9 3 3 5 11 9 1 11 5 11 11 13
> BAT2 4 1 5 1 6 1 8 3 13 4 7 5 13 5 3 6 13 6 5 7 9 7 1 8 11 8 1 9 7 9 1 10 6 11 8 13 9 13 10 13 5 3 11 5 3 9 9 11
> BAT3 7 1 6 3 11 6 1 7 7 7 13 7 3 8 8 11 7 13
< RES 1637247401 20 2
< MOVE R
> REQ 1637247401 21 2
> VAMPIRE 1 2 3 3 0 3 0
> VAMPIRE 2 11 3 3 0 3 0
> VAMPIRE 3 13 12 3 0 3 0
> VAMPIRE 4 2 13 3 0 3 0
> GRENADE 3 11 11 2 3
> GRENADE 4 3 11 2 3
> GRENADE 2 10 1 4 3
> GRENADE 1 1 2 5 3
> BAT1 8 1 9 1 7 3 1 5 6 5 8 5 1 6 5 6 9 6 3 7 11 7 5 8 9 8 13 8 6 9 8 9 13 9 13 10 7 11 4 13 5 13 6 13 9 3 3 5 11 9 1 11 5 11 11 13
> BAT2 4 1 5 1 6 1 8 3 13 4 7 5 13 5 3 6 13 6 5 7 9 7 1 8 11 8 1 9 7 9 1 10 6 11 8 13 9 13 10 13 5 3 11 5 3 9 9 11
> BAT3 7 1 6 3 11 6 1 7 7 7 13 7 3 8 8 11 7 13
< RES 1637247401 21 2
> REQ 1637247401 22 2
> VAMPIRE 1 3 3 3 0 3 0
> VAMPIRE 2 11 3 3 0 3 0
> VAMPIRE 3 13 12 3 0 3 0
> VAMPIRE 4 2 13 3 0 3 0
> GRENADE 3 11 11 1 3
> GRENADE 4 3 11 1 3
> GRENADE 2 10 1 3 3
> GRENADE 1 1 2 4 3
> BAT1 8 1 9 1 7 3 1 5 6 5 8 5 1 6 5 6 9 6 3 7 11 7 5 8 9 8 13 8 6 9 8 9 13 9 13 10 7 11 4 13 5 13 6 13 9 3 3 5 11 9 1 11 5 11 11 13
> BAT2 4 1 5 1 6 1 8 3 13 4 7 5 13 5 3 6 13 6 5 7 9 7 1 8 11 8 1 9 7 9 1 10 6 11 8 13 9 13 10 13 5 3 11 5 3 9 9 11
> BAT3 7 1 6 3 11 6 1 7 7 7 13 7 3 8 8 11 7 13
< RES 1637247401 22 2
> REQ 1637247401 23 2
> VAMPIRE 1 3 3 3 0 3 0
> VAMPIRE 2 11 3 3 0 3 0
> VAMPIRE 3 13 11 3 1 3 0
> VAMPIRE 4 3 13 3 1 3 0
> GRENADE 2 10 1 2 3
> GRENADE 1 1 2 3 3
> BAT1 8 1 9 1 7 3 1 5 6 5 8 5 1 6 5 6 9 6 3 7 11 7 5 8 9 8 13 8 6 9 8 9 13 9 13 10 7 11 4 13 5 13 6 13 9 3 3 5 3 9 9 11
> BAT2 4 1 5 1 6 1 8 3 13 4 7 5 13 5 3 6 13 6 5 7 9 7 1 8 11 8 1 9 7 9 1 10 6 11 8 13 9 13 10 13 5 3 11 5
> BAT3 7 1 6 3 11 6 1 7 7 7 13 7 3 8 8 11 7 13
< RES 1637247401 23 2
> REQ 1637247401 24 2
> VAMPIRE 1 3 3 3 0 3 0
> VAMPIRE 2 11 3 3 0 3 0
> VAMPIRE 3 11 11 3 1 3 0
> VAMPIRE 4 3 11 3 1 3 0
> GRENADE 2 10 1 1 3
> GRENADE 1 1 2 2 3
> BAT1 8 1 9 1 7 3 1 5 6 5 8 5 1 6 5 6 9 6 3 7 11 7 5 8 9 8 13 8 6 9 8 9 13 9 13 10 7 11 4 13 5 13 6 13 9 3 3 5 3 9 9 11
> BAT2 4 1 5 1 6 1 8 3 13 4 7 5 13 5 3 6 13 6 5 7 9 7 1 8 11 8 1 9 7 9 1 10 6 11 8 13 9 13 10 13 5 3 11 5
> BAT3 7 1 6 3 11 6 1 7 7 7 13 7 3 8 8 11 7 13
< RES 1637247401 24 2
> REQ 1637247401 25 2
> VAMPIRE 1 3 3 3 0 3 0
> VAMPIRE 2 11 3 3 1 3 0
> VAMPIRE 3 11 9 3 1 3 0
> VAMPIRE 4 5 11 3 0 3 0
> GRENADE 1 1 2 1 3
> GRENADE 4 3 11 5 3
> BAT1 8 1 7 3 1 5 6 5 8 5 1 6 5 6 9 6 3 7 11 7 5 8 9 8 13 8 6 9 8 9 13 9 13 10 7 11 4 13 5 13 6 13 9 3 3 5 3 9 9 11
> BAT2 4 1 5 1 6 1 8 3 13 4 7 5 13 5 3 6 13 6 5 7 9 7 1 8 11 8 1 9 7 9 1 10 6 11 8 13 9 13 10 13 5 3 11 5
> BAT3 7 1 6 3 11 6 1 7 7 7 13 7 3 8 8 11 7 13
< RES 1637247401 25 2
< GRENADE
< MOVE L L
> REQ 1637247401 26 2
> VAMPIRE 1 3 2 3 1 3 0
> VAMPIRE 2 11 1 3 0 3 0
> VAMPIRE 3 9 9 3 1 3 0
> VAMPIRE 4 5 9 3 0 3 0
> GRENADE 4 3 11 4 3
> GRENADE 2 11 3 5 3
> BAT1 8 1 7 3 6 5 8 5 1 6 5 6 9 6 3 7 11 7 5 8 9 8 13 8 6 9 8 9 13 9 13 10 7 11 4 13 5 13 6 13 9 3 3 5 3 9 9 11
> BAT2 4 1 5 1 6 1 8 3 13 4 7 5 13 5 3 6 13 6 5 7 9 7 1 8 11 8 1 9 7 9 1 10 6 11 8 13 9 13 10 13 5 3 11 5
> BAT3 7 1 6 3 11 6 1 7 7 7 13 7 3 8 8 11 7 13
< RES 1637247401 26 2
< MOVE U U
> REQ 1637247401 27 2
> VAMPIRE 1 2 3 3 0 3 0
> VAMPIRE 2 9 1 3 0 3 0
> VAMPIRE 3 11 9 3 0 3 0
> VAMPIRE 4 5 9 3 0 3 0
> GRENADE 4 3 11 3 3
> GRENADE 2 11 3 4 3
> GRENADE 1 3 2 5 3
> GRENADE 3 9 9 5 3
> BAT1 8 1 7 3 6 5 8 5 1 6 5 6 9 6 3 7 11 7 5 8 9 8 13 8 6 9 8 9 13 9 13 10 7 11 4 13 5 13 6 13 9 3 3 5 3 9 9 11
> BAT2 4 1 5 1 6 1 8 3 13 4 7 5 13 5 3 6 13 6 5 7 9 7 1 8 11 8 1 9 7 9 1 10 6 11 8 13 9 13 10 13 5 3 11 5
> BAT3 7 1 6 3 11 6 1 7 7 7 13 7 3 8 8 11 7 13
< RES 1637247401 27 2
> REQ 1637247401 28 2
> VAMPIRE 1 1 3 3 0 3 0
> VAMPIRE 2 9 1 3 0 3 0
> VAMPIRE 3 11 11 3 0 3 0
> VAMPIRE 4 5 9 3 0 3 0
> GRENADE 4 3 11 2 3
> GRENADE 2 11 3 3 3
> GRENADE 1 3 2 4 3
> GRENADE 3 9 9 4 3
> BAT1 8 1 7 3 6 5 8 5 1 6 5 6 9 6 3 7 11 7 5 8 9 8 13 8 6 9 8 9 13 9 13 10 7 11 4 13 5 13 6 13 9 3 3 5 3 9 9 11
> BAT2 4 1 5 1 6 1 8 3 13 4 7 5 13 5 3 6 13 6 5 7 9 7 1 8 11 8 1 9 7 9 1 10 6 11 8 13 9 13 10 13 5 3 11 5
> BAT3 7 1 6 3 11 6 1 7 7 7 13 7 3 8 8 11 7 13
< RES 1637247401 28 2
> REQ 1637247401 29 2
> VAMPIRE 1 1 3 3 0 3 0
> VAMPIRE 2 9 1 3 0 3 0
> VAMPIRE 3 11 11 3 0 3 0
> VAMPIRE 4 5 9 3 0 3 0
> GRENADE 4 3 11 1 3
> GRENADE 2 11 3 2 3
> GRENADE 1 3 2 3 3
> GRENADE 3 9 9 3 3
> BAT1 8 1 7 3 6 5 8 5 1 6 5 6 9 6 3 7 11 7 5 8 9 8 13 8 6 9 8 9 13 9 13 10 7 11 4 13 5 13 6 13 9 3 3 5 3 9 9 11
> BAT2 4 1 5 1 6 1 8 3 13 4 7 5 13 5 3 6 13 6 5 7 9 7 1 8 11 8 1 9 7 9 1 10 6 11 8 13 9 13 10 13 5 3 11 5
> BAT3 7 1 6 3 11 6 1 7 7 7 13 7 3 8 8 11 7 13
< RES 1637247401 29 2
> REQ 1637247401 30 2
> VAMPIRE 1 1 3 3 0 3 0
> VAMPIRE 2 9 1 3 0 3 0
> VAMPIRE 3 11 11 3 0 3 0
> VAMPIRE 4 5 9 3 1 3 0
> GRENADE 2 11 3 1 3
> GRENADE 1 3 2 2 3
> GRENADE 3 9 9 2 3
> BAT1 8 1 7 3 6 5 8 5 1 6 5 6 9 6 3 7 11 7 5 8 9 8 13 8 6 9 8 9 13 9 13 10 7 11 4 13 5 13 6 13 9 3 3 5 6 11 9 11
> BAT2 4 1 5 1 6 1 8 3 13 4 7 5 13 5 3 6 13 6 5 7 9 7 1 8 11 8 1 9 7 9 1 10 8 13 9 13 10 13 5 3 11 5
> BAT3 7 1 6 3 11 6 1 7 7 7 13 7 3 8 8 11 7 13
< RES 1637247401 30 2
< MOVE D
> REQ 1637247401 31 2
> VAMPIRE 1 1 3 3 0 3 0
> VAMPIRE 2 10 1 3 1 3 0
> VAMPIRE 3 11 11 3 0 3 0
> VAMPIRE 4 3 9 3 1 3 0
> GRENADE 1 3 2 1 3
> GRENADE 3 9 9 1 3
> BAT1 8 1 7 3 6 5 8 5 1 6 5 6 9 6 3 7 11 7 5 8 9 8 13 8 6 9 8 9 13 9 13 10 7 11 4 13 5 13 6 13 3 5 6 11 11 5 9 11
> BAT2 4 1 5 1 6 1 8 3 13 4 7 5 13 5 3 6 13 6 5 7 9 7 1 8 11 8 1 9 7 9 1 10 8 13 9 13 10 13 5 3
> BAT3 7 1 6 3 11 6 1 7 7 7 13 7 3 8 8 11 7 13
< RES 1637247401 31 2
< MOVE U
> REQ 1637247401 32 2
> VAMPIRE 1 3 3 3 1 3 0
> VAMPIRE 2 9 1 3 1 3 0
> VAMPIRE 3 11 9 3 1 3 0
> VAMPIRE 4 3 11 3 0 3 0
> GRENADE 4 3 9 5 3
> BAT1 8 1 7 3 6 5 8 5 1 6 5 6 9 6 3 7 11 7 5 8 13 8 6 9 13 9 13 10 7 11 4 13 5 13 6 13 6 11 11 5
> BAT2 4 1 5 1 6 1 8 3 13 4 7 5 13 5 3 6 13 6 5 7 9 7 1 8 11 8 1 9 7 9 1 10 8 13 9 13 10 13 5 3
> BAT3 7 1 6 3 11 6 1 7 7 7 13 7 3 8 8 11 7 13
< RES 1637247401 32 2
< MOVE D
> REQ 1637247401 33 2
> VAMPIRE 1 3 5 3 0 3 0
> VAMPIRE 2 10 1 3 1 3 0
> VAMPIRE 3 9 9 3 1 3 0
> VAMPIRE 4 5 11 3 0 3 0
> GRENADE 4 3 9 4 3
> GRENADE 1 3 3 5 3
> BAT1 8 1 7 3 6 5 8 5 1 6 5 6 9 6 3 7 11 7 5 8 13 8 6 9 13 9 13 10 7 11 4 13 5 13 6 13 6 11 11 5
> BAT2 4 1 5 1 6 1 8 3 13 4 7 5 13 5 3 6 13 6 5 7 9 7 1 8 11 8 1 9 7 9 1 10 8 13 9 13 10 13 5 3
> BAT3 7 1 6 3 11 6 1 7 7 7 13 7 3 8 8 11 7 13
< RES 1637247401 33 2
< MOVE U
> REQ 1637247401 34 2
> VAMPIRE 1 5 5 3 0 3 0
> VAMPIRE 2 9 1 3 1 3 0
> VAMPIRE 3 11 9 3 0 3 0
> VAMPIRE 4 5 11 3 0 3 0
> GRENADE 4 3 9 3 3
> GRENADE 1 3 3 4 3
> GRENADE 3 9 9 5 3
> BAT1 8 1 7 3 6 5 8 5 1 6 5 6 9 6 3 7 11 7 5 8 13 8 6 9 13 9 13 10 7 11 4 13 5 13 6 13 6 11 11 5
> BAT2 4 1 5 1 6 1 8 3 13 4 7 5 13 5 3 6 13 6 5 7 9 7 1 8 11 8 1 9 7 9 1 10 8 13 9 13 10 13 5 3
> BAT3 7 1 6 3 11 6 1 7 7 7 13 7 3 8 8 11 7 13
< RES 1637247401 34 2
< MOVE D
> REQ 1637247401 35 2
> VAMPIRE 1 5 5 3 0 3 0
> VAMPIRE 2 10 1 3 1 3 0
> VAMPIRE 3 11 11 3 0 3 0
> VAMPIRE 4 5 11 3 0 3 0
> GRENADE 4 3 9 2 3
> GRENADE 1 3 3 3 3
> GRENADE 3 9 9 4 3
> BAT1 8 1 7 3 6 5 8 5 1 6 5 6 9 6 3 7 11 7 5 8 13 8 6 9 13 9 13 10 7 11 4 13 5 13 6 13 6 11 11 5
> BAT2 4 1 5 1 6 1 8 3 13 4 7 5 13 5 3 6 13 6 5 7 9 7 1 8 11 8 1 9 7 9 1 10 8 13 9 13 10 13 5 3
> BAT3 7 1 6 3 11 6 1 7 7 7 13 7 3 8 8 11 7 13
< RES 1637247401 35 2
< MOVE U
> REQ 1637247401 36 2
> VAMPIRE 1 5 5 3 0 3 0
> VAMPIRE 2 9 1 3 1 3 0
> VAMPIRE 3 11 11 3 0 3 0
> VAMPIRE 4 5 11 3 0 3 0
> GRENADE 4 3 9 1 3
> GRENADE 1 3 3 2 3
> GRENADE 3 9 9 3 3
> BAT1 8 1 7 3 6 5 8 5 1 6 5 6 9 6 3 7 11 7 5 8 13 8 6 9 13 9 13 10 7 11 4 13 5 13 6 13 6 11 11 5
> BAT2 4 1 5 1 6 1 8 3 13 4 7 5 13 5 3 6 13 6 5 7 9 7 1 8 11 8 1 9 7 9 1 10 8 13 9 13 10 13 5 3
> BAT3 7 1 6 3 11 6 1 7 7 7 13 7 3 8 8 11 7 13
< RES 1637247401 36 2
< MOVE D
> REQ 1637247401 37 2
> VAMPIRE 1 5 5 3 0 3 0
> VAMPIRE 2 10 1 3 1 3 0
> VAMPIRE 3 11 11 3 0 3 0
> VAMPIRE 4 5 11 3 1 3 0
> GRENADE 1 3 3 1 3
> GRENADE 3 9 9 2 3
> BAT1 8 1 7 3 6 5 8 5 1 6 5 6 9 6 3 7 11 7 5 8 13 8 13 9 13 10 7 11 4 13 5 13 6 13 1 9 6 11 11 5
> BAT2 4 1 5 1 6 1 8 3 13 4 7 5 13 5 3 6 13 6 5 7 9 7 1 8 11 8 7 9 1 10 8 13 9 13 10 13 5 3 3 8
> BAT3 7 1 6 3 11 6 1 7 7 7 13 7 8 11 7 13
< RES 1637247401 37 2
< MOVE U
> REQ 1637247401 38 2
> VAMPIRE 1 5 5 3 1 3 0
> VAMPIRE 2 9 1 3 1 3 0
> VAMPIRE 3 11 11 3 0 3 0
> VAMPIRE 4 3 11 3 0 3 0
> GRENADE 3 9 9 1 3
> GRENADE 4 5 11 5 3
> BAT1 8 1 7 3 6 5 8 5 1 6 5 6 9 6 3 7 11 7 5 8 13 8 13 9 13 10 7 11 4 13 5 13 6 13 3 6 1 9 6 11 5 3 11 5
> BAT2 4 1 5 1 6 1 8 3 13 4 7 5 13 5 13 6 5 7 9 7 1 8 11 8 7 9 1 10 8 13 9 13 10 13 3 8
> BAT3 7 1 6 3 11 6 1 7 7 7 13 7 8 11 7 13
< RES 1637247401 38 2
< MOVE D
> REQ 1637247401 39 2
> VAMPIRE 1 3 5 3 0 3 0
> VAMPIRE 2 10 1 3 1 3 0
> VAMPIRE 3 9 11 3 1 3 0
> VAMPIRE 4 3 9 3 0 3 0
> GRENADE 4 5 11 4 3
> GRENADE 1 5 5 5 3
> BAT1 8 1 7 3 6 5 8 5 1 6 5 6 9 6 3 7 11 7 5 8 13 8 13 9 13 10 7 11 4 13 5 13 6 13 3 6 9 7 1 9 7 9 6 11 5 3 11 5
> BAT2 4 1 5 1 6 1 8 3 13 4 7 5 13 5 13 6 5 7 1 8 11 8 1 10 8 13 9 13 10 13 3 8
> BAT3 7 1 6 3 11 6 1 7 7 7 13 7 8 11 7 13
< RES 1637247401 39 2
< MOVE U
> REQ 1637247401 40 2
> VAMPIRE 1 3 3 3 0 3 0
> VAMPIRE 2 9 1 3 1 3 0
> VAMPIRE 3 9 9 3 1 3 0
> VAMPIRE 4 3 9 3 0 3 0
> GRENADE 4 5 11 3 3
> GRENADE 1 5 5 4 3
> BAT1 8 1 7 3 6 5 8 5 1 6 5 6 9 6 3 7 11 7 5 8 13 8 13 9 13 10 7 11 4 13 5 13 6 13 3 6 9 7 1 9 7 9 6 11 5 3 11 5
> BAT2 4 1 5 1 6 1 8 3 13 4 7 5 13 5 13 6 5 7 1 8 11 8 1 10 8 13 9 13 10 13 3 8
> BAT3 7 1 6 3 11 6 1 7 7 7 13 7 8 11 7 13
< RES 1637247401 40 2
< MOVE D
> REQ 1637247401 41 2
> VAMPIRE 1 3 3 3 0 3 0
> VAMPIRE 2 10 1 3 1 3 0
> VAMPIRE 3 11 9 3 0 3 0
> VAMPIRE 4 3 9 3 0 3 0
> GRENADE 4 5 11 2 3
> GRENADE 1 5 5 3 3
> GRENADE 3 9 9 5 3
> BAT1 8 1 7 3 6 5 8 5 1 6 5 6 9 6 3 7 11 7 5 8 13 8 13 9 13 10 7 11 4 13 5 13 6 13 3 6 9 7 1 9 7 9 6 11 5 3 11 5
> BAT2 4 1 5 1 6 1 8 3 13 4 7 5 13 5 13 6 5 7 1 8 11 8 1 10 8 13 9 13 10 13 3 8
> BAT3 7 1 6 3 11 6 1 7 7 7 13 7 8 11 7 13
< RES 1637247401 41 2
< MOVE U
> REQ 1637247401 42 2
> VAMPIRE 1 3 3 3 0 3 0
> VAMPIRE 2 9 1 3 1 3 0
> VAMPIRE 3 11 11 3 0 3 0
> VAMPIRE 4 3 9 3 0 3 0
> GRENADE 4 5 11 1 3
> GRENADE 1 5 5 2 3
> GRENADE 3 9 9 4 3
> BAT1 8 1 7 3 6 5 8 5 1 6 5 6 9 6 3 7 11 7 5 8 13 8 13 9 13 10 7 11 4 13 5 13 6 13 3 6 9 7 1 9 7 9 6 11 5 3 11 5
> BAT2 4 1 5 1 6 1 8 3 13 4 7 5 13 5 13 6 5 7 1 8 11 8 1 10 8 13 9 13 10 13 3 8
> BAT3 7 1 6 3 11 6 1 7 7 7 13 7 8 11 7 13
< RES 1637247401 42 2
< MOVE D
> REQ 1637247401 43 2
> VAMPIRE 1 3 3 3 0 3 0
> VAMPIRE 2 10 1 3 1 3 0
> VAMPIRE 3 11 11 3 0 3 0
> VAMPIRE 4 3 9 3 1 3 0
> GRENADE 1 5 5 1 3
> GRENADE 3 9 9 3 3
> BAT1 8 1 7 3 6 5 8 5 1 6 5 6 9 6 3 7 11 7 13 8 13 9 13 10 7 11 4 13 6 13 3 6 9 7 1 9 7 9 5 3 11 5
> BAT2 4 1 5 1 6 1 8 3 13 4 7 5 13 5 13 6 5 7 1 8 11 8 1 10 8 13 9 13 10 13 3 8
> BAT3 7 1 6 3 11 6 1 7 7 7 13 7 8 11 7 13
< RES 1637247401 43 2
< MOVE U
> REQ 1637247401 44 2
> VAMPIRE 1 3 3 3 1 3 0
> VAMPIRE 2 9 1 3 1 3 0
> VAMPIRE 3 11 11 3 0 3 0
> VAMPIRE 4 5 9 3 0 3 0
> GRENADE 3 9 9 2 3
> GRENADE 4 3 9 5 3
> BAT1 8 1 7 3 8 5 1 6 9 6 3 7 11 7 13 8 13 9 13 10 7 11 4 13 6 13 3 6 9 7 1 9 7 9 11 5
> BAT2 4 1 5 1 6 1 8 3 13 4 7 5 13 5 13 6 5 7 1 8 11 8 1 10 8 13 9 13 10 13 3 8
> BAT3 7 1 6 3 11 6 1 7 7 7 13 7 8 11 7 13
< RES 1637247401 44 2
< MOVE D
> REQ 1637247401 45 2
> VAMPIRE 1 5 3 3 0 3 0
> VAMPIRE 2 10 1 3 1 3 0
> VAMPIRE 3 11 11 3 0 3 0
> VAMPIRE 4 5 10 3 0 3 0
> GRENADE 3 9 9 1 3
> GRENADE 4 3 9 4 3
> GRENADE 1 3 3 5 3
> BAT1 8 1 7 3 8 5 1 6 9 6 3 7 11 7 13 8 13 9 13 10 7 11 4 13 6 13 3 6 9 7 1 9 7 9 11 5
> BAT2 4 1 5 1 6 1 8 3 13 4 7 5 13 5 13 6 5 7 1 8 11 8 1 10 8 13 9 13 10 13 3 8
> BAT3 7 1 6 3 11 6 1 7 7 7 13 7 8 11 7 13
< RES 1637247401 45 2
< MOVE U
> REQ 1637247401 46 2
> VAMPIRE 1 5 5 3 0 3 0
> VAMPIRE 2 9 1 3 1 3 0
> VAMPIRE 3 9 11 3 1 3 0
> VAMPIRE 4 6 9 3 0 3 0
> GRENADE 4 3 9 3 3
> GRENADE 1 3 3 4 3
> BAT1 8 1 7 3 8 5 1 6 9 6 3 7 11 7 13 8 13 9 13 10 7 11 4 13 6 13 3 6 1 9 11 5
> BAT2 4 1 5 1 6 1 8 3 13 4 7 5 13 5 13 6 5 7 1 8 11 8 1 10 8 13 9 13 10 13 3 8
> BAT3 7 1 6 3 11 6 1 7 7 7 13 7 8 11 7 13
< RES 1637247401 46 2
< GRENADE
< MOVE R R
> REQ 1637247401 47 2
> VAMPIRE 1 5 5 3 0 3 0
> VAMPIRE 2 9 3 3 0 3 0
> VAMPIRE 3 9 9 3 0 3 0
> VAMPIRE 4 8 9 3 0 3 0
> GRENADE 4 3 9 2 3
> GRENADE 1 3 3 3 3
> GRENADE 2 9 1 5 3
> GRENADE 3 9 11 5 3
> BAT1 8 1 7 3 8 5 1 6 9 6 3 7 11 7 13 8 13 9 13 10 7 11 4 13 6 13 3 6 1 9 11 5
> BAT2 4 1 5 1 6 1 8 3 13 4 7 5 13 5 13 6 5 7 1 8 11 8 1 10 8 13 9 13 10 13 3 8
> BAT3 7 1 6 3 11 6 1 7 7 7 13 7 8 11 7 13
< RES 1637247401 47 2
< MOVE R R
> REQ 1637247401 48 2
> VAMPIRE 1 5 5 3 0 3 0
> VAMPIRE 2 9 5 3 0 3 0
> VAMPIRE 3 7 9 3 0 3 0
> VAMPIRE 4 9 8 3 0 3 0
> GRENADE 4 3 9 1 3
> GRENADE 1 3 3 2 3
> GRENADE 2 9 1 4 3
> GRENADE 3 9 11 4 3
> BAT1 8 1 7 3 8 5 1 6 9 6 3 7 11 7 13 8 13 9 13 10 7 11 4 13 6 13 3 6 1 9 11 5
> BAT2 4 1 5 1 6 1 8 3 13 4 7 5 13 5 13 6 5 7 1 8 11 8 1 10 8 13 9 13 10 13 3 8
> BAT3 7 1 6 3 11 6 1 7 7 7 13 7 8 11 7 13
< RES 1637247401 48 2
> REQ 1637247401 49 2
> VAMPIRE 1 5 5 3 0 3 0
> VAMPIRE 2 9 5 3 0 3 0
> VAMPIRE 3 8 9 3 0 3 0
> VAMPIRE 4 9 7 3 1 3 0
> GRENADE 1 3 3 1 3
> GRENADE 2 9 1 3 3
> GRENADE 3 9 11 3 3
> BAT1 8 1 7 3 8 5 1 6 9 6 3 7 11 7 13 8 13 9 13 10 7 11 4 13 6 13 3 6 11 5 3 8
> BAT2 4 1 5 1 6 1 8 3 13 4 7 5 13 5 13 6 5 7 1 8 11 8 1 10 8 13 9 13 10 13
> BAT3 7 1 6 3 11 6 1 7 7 7 13 7 8 11 7 13
< RES 1637247401 49 2
> REQ 1637247401 50 2
> VAMPIRE 1 5 4 3 1 3 0
> VAMPIRE 2 9 5 3 0 3 0
> VAMPIRE 3 9 8 3 0 3 0
> VAMPIRE 4 9 9 3 0 3 0
> GRENADE 2 9 1 2 3
> GRENADE 3 9 11 2 3
> GRENADE 4 9 7 5 3
> BAT1 8 1 7 3 8 5 1 6 9 6 3 7 11 7 13 8 13 9 13 10 7 11 4 13 6 13 11 5 3 8
> BAT2 4 1 5 1 6 1 8 3 13 4 7 5 13 5 13 6 5 7 1 8 11 8 1 10 8 13 9 13 10 13 6 3
> BAT3 7 1 11 6 1 7 7 7 13 7 8 11 7 13
< RES 1637247401 50 2
> REQ 1637247401 51 2
> VAMPIRE 1 4 3 3 0 3 0
> VAMPIRE 2 9 5 3 0 3 0
> VAMPIRE 3 10 9 3 0 3 0
> VAMPIRE 4 7 9 3 0 3 0
> GRENADE 2 9 1 1 3
> GRENADE 3 9 11 1 3
> GRENADE 4 9 7 4 3
> GRENADE 1 5 4 5 3
> BAT1 8 1 7 3 8 5 1 6 9 6 3 7 11 7 13 8 13 9 13 10 7 11 4 13 6 13 11 5 3 8
> BAT2 4 1 5 1 6 1 8 3 13 4 7 5 13 5 13 6 5 7 1 8 11 8 1 10 8 13 9 13 10 13 6 3
> BAT3 7 1 11 6 1 7 7 7 13 7 8 11 7 13
< RES 1637247401 51 2
> REQ 1637247401 52 2
> VAMPIRE 1 3 3 3 0 3 0
> VAMPIRE 2 9 5 3 1 3 0
> VAMPIRE 3 9 10 3 1 3 0
> VAMPIRE 4 7 9 3 0 3 0
> GRENADE 4 9 7 3 3
> GRENADE 1 5 4 4 3
> BAT1 7 3 8 5 1 6 9 6 3 7 11 7 13 8 13 9 13 10 7 11 4 13 6 13 9 13 11 5 3 8
> BAT2 4 1 5 1 6 1 8 3 13 4 7 5 13 5 13 6 5 7 1 8 11 8 1 10 8 13 10 13 6 3 8 11
> BAT3 7 1 11 6 1 7 7 7 13 7 7 13
< RES 1637247401 52 2
< GRENADE
< MOVE L L
> REQ 1637247401 53 2
> VAMPIRE 1 3 5 3 0 3 0
> VAMPIRE 2 9 3 3 0 3 0
> VAMPIRE 3 10 11 3 0 3 0
> VAMPIRE 4 7 9 3 0 3 0
> GRENADE 4 9 7 2 3
> GRENADE 1 5 4 3 3
> GRENADE 2 9 5 5 3
> GRENADE 3 9 10 5 3
> BAT1 7 3 8 5 1 6 9 6 3 7 11 7 13 8 13 9 13 10 7 11 4 13 6 13 9 13 11 5 3 8
> BAT2 4 1 5 1 6 1 8 3 13 4 7 5 13 5 13 6 5 7 1 8 11 8 1 10 8 13 10 13 6 3 8 11
> BAT3 7 1 11 6 1 7 7 7 13 7 7 13
< RES 1637247401 53 2
< MOVE D D
> REQ 1637247401 54 2
> VAMPIRE 1 3 3 3 0 3 0
> VAMPIRE 2 11 3 3 0 3 0
> VAMPIRE 3 11 11 3 0 3 0
> VAMPIRE 4 7 9 3 0 3 0
> GRENADE 4 9 7 1 3
> GRENADE 1 5 4 2 3
> GRENADE 2 9 5 4 3
> GRENADE 3 9 10 4 3
> BAT1 7 3 8 5 1 6 9 6 3 7 11 7 13 8 13 9 13 10 7 11 4 13 6 13 9 13 11 5 3 8
> BAT2 4 1 5 1 6 1 8 3 13 4 7 5 13 5 13 6 5 7 1 8 11 8 1 10 8 13 10 13 6 3 8 11
> BAT3 7 1 11 6 1 7 7 7 13 7 7 13
< RES 1637247401 54 2
> REQ 1637247401 55 2
> VAMPIRE 1 3 3 3 0 3 0
> VAMPIRE 2 11 3 3 0 3 0
> VAMPIRE 3 11 9 3 1 3 0
> VAMPIRE 4 7 8 3 1 3 0
> GRENADE 1 5 4 1 3
> GRENADE 2 9 5 3 3
> BAT1 7 3 8 5 1 6 3 7 13 8 13 9 13 10 7 11 4 13 6 13 11 5 3 8
> BAT2 4 1 5 1 6 1 8 3 13 4 7 5 13 5 13 6 5 7 1 8 11 8 1 10 8 13 10 13 6 3 7 7 8 11
> BAT3 7 1 11 6 1 7 13 7 7 13
< RES 1637247401 55 2
> REQ 1637247401 56 2
> VAMPIRE 1 5 3 3 1 3 0
> VAMPIRE 2 11 3 3 0 3 0
> VAMPIRE 3 9 9 3 0 3 0
> VAMPIRE 4 6 9 3 0 3 0
> GRENADE 2 9 5 2 3
> GRENADE 3 11 9 5 3
> GRENADE 4 7 8 5 3
> BAT1 7 3 8 5 1 6 3 7 13 8 13 9 13 10 7 11 4 13 6 13 5 1 5 7 11 5 3 8
> BAT2 4 1 6 1 8 3 13 4 7 5 13 5 13 6 1 8 11 8 1 10 8 13 10 13 6 3 7 7 8 11
> BAT3 7 1 11 6 1 7 13 7 7 13
< RES 1637247401 56 2
> REQ 1637247401 57 2
> VAMPIRE 1 5 5 3 0 3 0
> VAMPIRE 2 11 3 3 0 3 0
> VAMPIRE 3 9 11 3 0 3 0
> VAMPIRE 4 5 9 3 0 3 0
> GRENADE 2 9 5 1 3
> GRENADE 3 11 9 4 3
> GRENADE 4 7 8 4 3
> GRENADE 1 5 3 5 3
> BAT1 7 3 8 5 1 6 3 7 13 8 13 9 13 10 7 11 4 13 6 13 5 1 5 7 11 5 3 8
> BAT2 4 1 6 1 8 3 13 4 7 5 13 5 13 6 1 8 11 8 1 10 8 13 10 13 6 3 7 7 8 11
> BAT3 7 1 11 6 1 7 13 7 7 13
< RES 1637247401 57 2
> REQ 1637247401 58 2
> VAMPIRE 1 3 5 3 0 3 0
> VAMPIRE 2 11 3 3 1 3 0
> VAMPIRE 3 9 10 3 0 3 0
> VAMPIRE 4 5 9 3 0 3 0
> GRENADE 3 11 9 3 3
> GRENADE 4 7 8 3 3
> GRENADE 1 5 3 4 3
> BAT1 7 3 1 6 3 7 13 8 13 9 13 10 7 11 4 13 6 13 5 1 5 7 3 8
> BAT2 4 1 6 1 8 3 13 4 7 5 13 5 13 6 1 8 11 8 1 10 8 13 10 13 6 3 7 7 8 11
> BAT3 7 1 11 6 1 7 13 7 7 13
< RES 1637247401 58 2
< GRENADE
< MOVE U U
> REQ 1637247401 59 2
> VAMPIRE 1 3 5 3 0 3 0
> VAMPIRE 2 9 3 3 0 3 0
> VAMPIRE 3 9 8 3 0 3 0
> VAMPIRE 4 5 9 3 0 3 0
> GRENADE 3 11 9 2 3
> GRENADE 4 7 8 2 3
> GRENADE 1 5 3 3 3
> GRENADE 2 11 3 5 3
> BAT1 7 3 1 6 3 7 13 8 13 9 13 10 7 11 4 13 6 13 5 1 5 7 3 8
> BAT2 4 1 6 1 8 3 13 4 7 5 13 5 13 6 1 8 11 8 1 10 8 13 10 13 6 3 7 7 8 11
> BAT3 7 1 11 6 1 7 13 7 7 13
< RES 1637247401 59 2
< MOVE R R
> REQ 1637247401 60 2
> VAMPIRE 1 3 5 3 0 3 0
> VAMPIRE 2 9 5 3 0 3 0
> VAMPIRE 3 10 7 3 0 3 0
> VAMPIRE 4 6 9 3 0 3 0
> GRENADE 3 11 9 1 3
> GRENADE 4 7 8 1 3
> GRENADE 1 5 3 2 3
> GRENADE 2 11 3 4 3
> BAT1 7 3 1 6 3 7 13 8 13 9 13 10 7 11 4 13 6 13 5 1 5 7 3 8
> BAT2 4 1 6 1 8 3 13 4 7 5 13 5 13 6 1 8 11 8 1 10 8 13 10 13 6 3 7 7 8 11
> BAT3 7 1 11 6 1 7 13 7 7 13
< RES 1637247401 60 2
> REQ 1637247401 61 2
> VAMPIRE 1 3 5 3 0 3 0
> VAMPIRE 2 9 5 3 0 3 0
> VAMPIRE 3 11 7 3 1 3 0
> VAMPIRE 4 7 10 3 1 3 0
> GRENADE 1 5 3 1 3
> GRENADE 2 11 3 3 3
> BAT1 7 3 1 6 3 7 13 8 13 10 4 13 6 13 5 1 5 7 11 8 7 7 3 8
> BAT2 4 1 6 1 8 3 13 4 7 5 13 5 13 6 1 8 1 10 8 13 10 13 6 3 8 11
> BAT3 7 1 11 6 1 7 13 7 7 13
< RES 1637247401 61 2
> REQ 1637247401 62 2
> VAMPIRE 1 5 5 3 1 3 0
> VAMPIRE 2 9 5 3 0 3 0
> VAMPIRE 3 9 7 3 0 3 0
> VAMPIRE 4 8 9 3 0 3 0
> GRENADE 2 11 3 2 3
> GRENADE 3 11 7 5 3
> GRENADE 4 7 10 5 3
> BAT1 7 3 1 6 3 7 13 8 13 10 4 13 6 13 5 7 11 8 6 3 7 7 3 8
> BAT2 4 1 6 1 8 3 13 4 7 5 13 5 13 6 1 8 1 10 8 13 10 13 8 11
> BAT3 7 1 11 6 1 7 13 7 7 13
< RES 1637247401 62 2
< MOVE R
> REQ 1637247401 63 2
> VAMPIRE 1 3 5 3 0 3 0
> VAMPIRE 2 9 6 3 0 3 0
> VAMPIRE 3 9 5 3 0 3 0
> VAMPIRE 4 6 9 3 0 3 0
> GRENADE 2 11 3 1 3
> GRENADE 3 11 7 4 3
> GRENADE 4 7 10 4 3
> GRENADE 1 5 5 5 3
> BAT1 7 3 1 6 3 7 13 8 13 10 4 13 6 13 5 7 11 8 6 3 7 7 3 8
> BAT2 4 1 6 1 8 3 13 4 7 5 13 5 13 6 1 8 1 10 8 13 10 13 8 11
> BAT3 7 1 11 6 1 7 13 7 7 13
< RES 1637247401 63 2
< MOVE R U
> REQ 1637247401 64 2
> VAMPIRE 1 3 3 3 0 3 0
> VAMPIRE 2 8 7 3 1 3 0
> VAMPIRE 3 9 5 3 0 3 0
> VAMPIRE 4 8 9 3 0 3 0
> GRENADE 3 11 7 3 3
> GRENADE 4 7 10 3 3
> GRENADE 1 5 5 4 3
> BAT1 7 3 1 6 3 7 13 8 13 10 4 13 6 13 8 3 5 7 11 8 6 3 7 7 3 8
> BAT2 4 1 6 1 13 4 7 5 13 5 13 6 1 8 1 10 8 13 10 13 11 6 8 11
> BAT3 7 1 1 7 13 7 7 13
< RES 1637247401 64 2
< GRENADE
< MOVE D L
> REQ 1637247401 65 2
> VAMPIRE 1 3 3 3 0 3 0
> VAMPIRE 2 9 6 3 0 3 0
> VAMPIRE 3 11 5 3 0 3 0
> VAMPIRE 4 10 9 3 0 3 0
> GRENADE 3 11 7 2 3
> GRENADE 4 7 10 2 3
> GRENADE 1 5 5 3 3
> GRENADE 2 8 7 5 3
> BAT1 7 3 1 6 3 7 13 8 13 10 4 13 6 13 8 3 5 7 11 8 6 3 7 7 3 8
> BAT2 4 1 6 1 13 4 7 5 13 5 13 6 1 8 1 10 8 13 10 13 11 6 8 11
> BAT3 7 1 1 7 13 7 7 13
< RES 1637247401 65 2
< MOVE L
> REQ 1637247401 66 2
> VAMPIRE 1 3 3 3 0 3 0
> VAMPIRE 2 9 5 3 0 3 0
> VAMPIRE 3 11 3 3 0 3 0
> VAMPIRE 4 12 9 3 0 3 0
> GRENADE 3 11 7 1 3
> GRENADE 4 7 10 1 3
> GRENADE 1 5 5 2 3
> GRENADE 2 8 7 4 3
> BAT1 7 3 1 6 3 7 13 8 13 10 4 13 6 13 8 3 5 7 11 8 6 3 7 7 3 8
> BAT2 4 1 6 1 13 4 7 5 13 5 13 6 1 8 1 10 8 13 10 13 11 6 8 11
> BAT3 7 1 1 7 13 7 7 13
< RES 1637247401 66 2
< MOVE D
> REQ 1637247401 67 2
> VAMPIRE 1 1 3 3 0 3 0
> VAMPIRE 2 10 5 3 1 3 0
> VAMPIRE 3 9 3 3 1 3 0
> VAMPIRE 4 13 9 3 1 3 0
> GRENADE 1 5 5 1 3
> BAT1 7 3 1 6 3 7 13 8 13 10 4 13 6 13 8 3 5 7 6 3 11 6 3 8
> BAT2 4 1 6 1 13 4 7 5 13 5 13 6 1 8 1 10 8 13 10 13 13 7 8 11 7 13
> BAT3 7 1 1 7
< RES 1637247401 67 2
< GRENADE
< MOVE U R
> REQ 1637247401 68 2
> VAMPIRE 1 1 4 3 1 3 0
> VAMPIRE 2 9 6 3 0 3 0
> VAMPIRE 3 9 5 3 0 3 0
> VAMPIRE 4 11 9 3 0 3 0
> GRENADE 2 10 5 5 3
> GRENADE 3 9 3 5 3
> GRENADE 4 13 9 5 3
> BAT1 7 3 1 6 3 7 13 8 13 10 4 13 6 13 8 3 7 5 6 3 11 6 3 8
> BAT2 4 1 6 1 13 4 13 5 13 6 1 8 1 10 8 13 10 13 13 7 8 11 7 13
> BAT3 7 1 1 7
< RES 1637247401 68 2
< MOVE R
> REQ 1637247401 69 2
> VAMPIRE 1 2 5 3 0 3 0
> VAMPIRE 2 9 7 3 0 3 0
> VAMPIRE 3 9 7 3 0 3 0
> VAMPIRE 4 11 11 3 0 3 0
> GRENADE 2 10 5 4 3
> GRENADE 3 9 3 4 3
> GRENADE 4 13 9 4 3
> GRENADE 1 1 4 5 3
> BAT1 7 3 1 6 3 7 13 8 13 10 4 13 6 13 8 3 7 5 6 3 11 6 3 8
> BAT2 4 1 6 1 13 4 13 5 13 6 1 8 1 10 8 13 10 13 13 7 8 11 7 13
> BAT3 7 1 1 7
< RES 1637247401 69 2
< MOVE U U
> REQ 1637247401 70 2
> VAMPIRE 1 3 5 3 0 3 0
> VAMPIRE 2 7 7 3 0 3 0
> VAMPIRE 3 7 7 3 0 3 0
> VAMPIRE 4 11 11 3 0 3 0
> GRENADE 2 10 5 3 3
> GRENADE 3 9 3 3 3
> GRENADE 4 13 9 3 3
> GRENADE 1 1 4 4 3
> BAT1 7 3 1 6 3 7 13 8 13 10 4 13 6 13 8 3 7 5 6 3 11 6 3 8
> BAT2 4 1 6 1 13 4 13 5 13 6 1 8 1 10 8 13 10 13 13 7 8 11 7 13
> BAT3 7 1 1 7
< RES 1637247401 70 2
> REQ 1637247401 71 2
> VAMPIRE 1 5 5 3 0 3 0
> VAMPIRE 2 7 7 3 0 3 0
> VAMPIRE 3 7 7 3 0 3 0
> VAMPIRE 4 11 10 3 0 3 0
> GRENADE 2 10 5 2 3
> GRENADE 3 9 3 2 3
> GRENADE 4 13 9 2 3
> GRENADE 1 1 4 3 3
> BAT1 7 3 1 6 3 7 13 8 13 10 4 13 6 13 8 3 7 5 6 3 11 6 3 8
> BAT2 4 1 6 1 13 4 13 5 13 6 1 8 1 10 8 13 10 13 13 7 8 11 7 13
> BAT3 7 1 1 7
< RES 1637247401 71 2
< MOVE D D
> REQ 1637247401 72 2
> VAMPIRE 1 5 4 3 0 3 0
> VAMPIRE 2 9 7 3 0 3 0
> VAMPIRE 3 9 7 3 0 3 0
> VAMPIRE 4 11 11 3 0 3 0
> GRENADE 2 10 5 1 3
> GRENADE 3 9 3 1 3
> GRENADE 4 13 9 1 3
> GRENADE 1 1 4 2 3
> BAT1 7 3 1 6 3 7 13 8 13 10 4 13 6 13 8 3 7 5 6 3 11 6 3 8
> BAT2 4 1 6 1 13 4 13 5 13 6 1 8 1 10 8 13 10 13 13 7 8 11 7 13
> BAT3 7 1 1 7
< RES 1637247401 72 2
< MOVE D D
> REQ 1637247401 73 2
> VAMPIRE 1 5 2 3 0 3 0
> VAMPIRE 2 11 7 3 1 3 0
> VAMPIRE 3 11 7 3 1 3 0
> VAMPIRE 4 11 9 3 1 3 0
> GRENADE 1 1 4 1 3
> BAT1 7 3 1 6 3 7 4 13 6 13 13 5 6 3 11 6 3 8
> BAT2 4 1 6 1 13 4 13 6 1 8 1 10 8 13 10 13 13 7 8 11 7 13
> BAT3 7 1 1 7
< RES 1637247401 73 2
< GRENADE
< MOVE U U
> REQ 1637247401 74 2
> VAMPIRE 1 5 1 3 1 3 0
> VAMPIRE 2 9 7 3 0 3 0
> VAMPIRE 3 9 7 3 0 3 0
> VAMPIRE 4 11 11 3 0 3 0
> GRENADE 2 11 7 5 3
> GRENADE 3 11 7 5 3
> GRENADE 4 11 9 5 3
> BAT1 7 3 3 7 4 13 6 13 13 5 6 3 11 6 3 8
> BAT2 4 1 6 1 13 4 13 6 1 8 1 10 8 13 10 13 13 7 8 11 7 13
> BAT3 7 1 1 7
< RES 1637247401 74 2
< MOVE L L
> REQ 1637247401 75 2
> VAMPIRE 1 5 3 3 0 3 0
> VAMPIRE 2 9 5 3 0 3 0
> VAMPIRE 3 9 5 3 0 3 0
> VAMPIRE 4 10 11 3 0 3 0
> GRENADE 2 11 7 4 3
> GRENADE 3 11 7 4 3
> GRENADE 4 11 9 4 3
> GRENADE 1 5 1 5 3
> BAT1 7 3 3 7 4 13 6 13 13 5 6 3 11 6 3 8
> BAT2 4 1 6 1 13 4 13 6 1 8 1 10 8 13 10 13 13 7 8 11 7 13
> BAT3 7 1 1 7
< RES 1637247401 75 2
< MOVE U U
> REQ 1637247401 76 2
> VAMPIRE 1 3 3 3 0 3 0
> VAMPIRE 2 7 5 3 0 3 0
> VAMPIRE 3 7 5 3 0 3 0
> VAMPIRE 4 10 11 3 0 3 0
> GRENADE 2 11 7 3 3
> GRENADE 3 11 7 3 3
> GRENADE 4 11 9 3 3
> GRENADE 1 5 1 4 3
> POWERUP SHOE -6 9 1
> POWERUP SHOE -6 5 13
> BAT1 7 3 3 7 4 13 6 13 13 5 6 3 11 6 3 8
> BAT2 4 1 6 1 13 4 13 6 1 8 1 10 8 13 10 13 13 7 8 11 7 13
> BAT3 7 1 1 7
< RES 1637247401 76 2
< MOVE D D
> REQ 1637247401 77 2
> VAMPIRE 1 3 5 3 0 3 0
> VAMPIRE 2 9 5 3 0 3 0
> VAMPIRE 3 9 5 3 0 3 0
> VAMPIRE 4 9 10 3 0 3 0
> GRENADE 2 11 7 2 3
> GRENADE 3 11 7 2 3
> GRENADE 4 11 9 2 3
> GRENADE 1 5 1 3 3
> POWERUP SHOE -5 9 1
> POWERUP SHOE -5 5 13
> BAT1 7 3 3 7 4 13 6 13 13 5 6 3 11 6 3 8
> BAT2 4 1 6 1 13 4 13 6 1 8 1 10 8 13 10 13 13 7 8 11 7 13
> BAT3 7 1 1 7
< RES 1637247401 77 2
< MOVE L L
> REQ 1637247401 78 2
> VAMPIRE 1 5 5 3 0 3 0
> VAMPIRE 2 9 3 3 0 3 0
> VAMPIRE 3 9 3 3 0 3 0
> VAMPIRE 4 9 12 3 0 3 0
> GRENADE 2 11 7 1 3
> GRENADE 3 11 7 1 3
> GRENADE 4 11 9 1 3
> GRENADE 1 5 1 2 3
> POWERUP SHOE -4 9 1
> POWERUP SHOE -4 5 13
> BAT1 7 3 3 7 4 13 6 13 13 5 6 3 11 6 3 8
> BAT2 4 1 6 1 13 4 13 6 1 8 1 10 8 13 10 13 13 7 8 11 7 13
> BAT3 7 1 1 7
< RES 1637247401 78 2
< MOVE L L
> REQ 1637247401 79 2
> VAMPIRE 1 7 5 3 0 3 0
> VAMPIRE 2 9 1 3 1 3 0
> VAMPIRE 3 9 1 3 1 3 0
> VAMPIRE 4 9 13 3 1 3 0
> GRENADE 1 5 1 1 3
> POWERUP SHOE -3 9 1
> POWERUP SHOE -3 5 13
> BAT1 7 3 3 7 4 13 6 13 13 5 6 3 13 7 3 8
> BAT2 4 1 6 1 13 4 13 6 1 8 1 10 8 13 10 13 8 11 7 13
> BAT3 7 1 1 7
< RES 1637247401 79 2
> REQ 1637247401 80 2
> VAMPIRE 1 9 5 3 1 3 0
> VAMPIRE 2 9 1 3 1 3 0
> VAMPIRE 3 9 1 3 1 3 0
> VAMPIRE 4 9 11 3 0 3 0
> GRENADE 4 9 13 5 3
> POWERUP SHOE -2 9 1
> POWERUP SHOE -2 5 13
> BAT1 7 3 3 7 4 13 6 13 4 1 6 1 13 5 6 3 13 7 3 8
> BAT2 13 4 13 6 1 8 1 10 8 13 10 13 8 11 7 13
> BAT3 7 1 1 7
< RES 1637247401 80 2
> REQ 1637247401 81 2
> VAMPIRE 1 9 3 3 1 3 0
> VAMPIRE 2 9 1 3 1 3 0
> VAMPIRE 3 9 1 3 1 3 0
> VAMPIRE 4 9 9 3 0 3 0
> GRENADE 4 9 13 4 3
> POWERUP SHOE -1 9 1
> POWERUP SHOE -1 5 13
> BAT1 7 3 3 7 4 13 6 13 4 1 6 1 13 5 6 3 13 7 3 8
> BAT2 13 4 13 6 1 8 1 10 8 13 10 13 8 11 7 13
> BAT3 7 1 1 7
< RES 1637247401 81 2
< GRENADE
< MOVE D D
> REQ 1637247401 82 2
> VAMPIRE 1 11 3 3 0 3 0
> VAMPIRE 2 11 1 3 0 3 30
> VAMPIRE 3 11 1 3 0 3 30
> VAMPIRE 4 7 9 3 0 3 0
> GRENADE 4 9 13 3 3
> GRENADE 1 9 3 5 3
> GRENADE 2 9 1 5 3
> GRENADE 3 9 1 5 3
> POWERUP SHOE 11 5 13
> BAT1 7 3 3 7 4 13 6 13 4 1 6 1 13 5 6 3 13 7 3 8
> BAT2 13 4 13 6 1 8 1 10 8 13 10 13 8 11 7 13
> BAT3 7 1 1 7
< RES 1637247401 82 2
< MOVE R R R
> REQ 1637247401 83 2
> VAMPIRE 1 11 5 3 0 3 0
> VAMPIRE 2 11 4 3 0 3 29
> VAMPIRE 3 11 4 3 0 3 29
> VAMPIRE 4 5 9 3 0 3 0
> GRENADE 4 9 13 2 3
> GRENADE 1 9 3 4 3
> GRENADE 2 9 1 4 3
> GRENADE 3 9 1 4 3
> POWERUP SHOE 10 5 13
> BAT1 7 3 3 7 4 13 6 13 4 1 6 1 13 5 6 3 13 7 3 8
> BAT2 13 4 13 6 1 8 1 10 8 13 10 13 8 11 7 13
> BAT3 7 1 1 7
< RES 1637247401 83 2
< MOVE R
> REQ 1637247401 84 2
> VAMPIRE 1 11 5 3 0 3 0
> VAMPIRE 2 11 5 3 0 3 28
> VAMPIRE 3 11 5 3 0 3 28
> VAMPIRE 4 5 11 3 0 3 0
> GRENADE 4 9 13 1 3
> GRENADE 1 9 3 3 3
> GRENADE 2 9 1 3 3
> GRENADE 3 9 1 3 3
> POWERUP SHOE 9 5 13
> BAT1 7 3 3 7 4 13 6 13 4 1 6 1 13 5 6 3 13 7 3 8
> BAT2 13 4 13 6 1 8 1 10 8 13 10 13 8 11 7 13
> BAT3 7 1 1 7
< RES 1637247401 84 2
< MOVE R R R
> REQ 1637247401 85 2
> VAMPIRE 1 11 5 3 0 3 0
> VAMPIRE 2 11 8 3 0 3 27
> VAMPIRE 3 8 5 3 0 3 27
> VAMPIRE 4 5 13 3 1 3 0
> GRENADE 1 9 3 2 3
> GRENADE 2 9 1 2 3
> GRENADE 3 9 1 2 3
> POWERUP SHOE 8 5 13
> BAT1 7 3 3 7 4 13 6 13 4 1 6 1 13 5 8 13 10 13 6 3 13 7 3 8
> BAT2 13 4 13 6 1 8 1 10 8 11 7 13
> BAT3 7 1 1 7
< RES 1637247401 85 2
< MOVE R
> REQ 1637247401 86 2
> VAMPIRE 1 11 5 3 0 3 0
> VAMPIRE 2 11 9 3 0 3 26
> VAMPIRE 3 7 5 3 0 3 26
> VAMPIRE 4 5 11 3 0 3 30
> GRENADE 1 9 3 1 3
> GRENADE 2 9 1 1 3
> GRENADE 3 9 1 1 3
> GRENADE 4 5 13 5 3
> BAT1 7 3 3 7 4 13 6 13 4 1 6 1 13 5 8 13 10 13 6 3 13 7 3 8
> BAT2 13 4 13 6 1 8 1 10 8 11 7 13
> BAT3 7 1 1 7
< RES 1637247401 86 2
< MOVE D D
> REQ 1637247401 87 2
> VAMPIRE 1 10 5 3 1 3 0
> VAMPIRE 2 13 9 3 1 3 25
> VAMPIRE 3 7 8 3 1 3 25
> VAMPIRE 4 3 11 3 0 3 29
> GRENADE 4 5 13 4 3
> BAT1 3 7 4 13 6 13 4 1 6 1 13 5 8 13 10 13 6 3 13 7 3 8
> BAT2 13 4 13 6 1 8 1 10 7 1 8 11 7 13
> BAT3 1 7
< RES 1637247401 87 2
< GRENADE
< MOVE U U L
> REQ 1637247401 88 2
> VAMPIRE 1 11 6 3 0 3 0
> VAMPIRE 2 11 8 3 0 3 24
> VAMPIRE 3 7 11 3 1 3 24
> VAMPIRE 4 3 11 3 0 3 28
> GRENADE 4 5 13 3 3
> GRENADE 1 10 5 5 3
> GRENADE 2 13 9 5 3
> BAT1 3 7 4 13 6 13 4 1 6 1 13 5 8 13 10 13 6 3 13 7 3 8
> BAT2 13 4 13 6 1 8 1 10 7 1 8 11 7 13
> BAT3 1 7
< RES 1637247401 88 2
< MOVE L
> REQ 1637247401 89 2
> VAMPIRE 1 11 7 3 0 3 0
> VAMPIRE 2 11 7 3 0 3 23
> VAMPIRE 3 8 9 3 0 3 23
> VAMPIRE 4 2 9 3 0 3 27
> GRENADE 4 5 13 2 3
> GRENADE 1 10 5 4 3
> GRENADE 2 13 9 4 3
> GRENADE 3 7 11 5 3
> BAT1 3 7 4 13 6 13 4 1 6 1 13 5 8 13 10 13 6 3 13 7 3 8
> BAT2 13 4 13 6 1 8 1 10 7 1 8 11 7 13
> BAT3 1 7
< RES 1637247401 89 2
> REQ 1637247401 90 2
> VAMPIRE 1 11 5 3 0 3 0
> VAMPIRE 2 11 7 3 0 3 22
> VAMPIRE 3 5 9 3 0 3 22
> VAMPIRE 4 1 9 3 0 3 26
> GRENADE 4 5 13 1 3
> GRENADE 1 10 5 3 3
> GRENADE 2 13 9 3 3
> GRENADE 3 7 11 4 3
> BAT1 3 7 4 13 6 13 4 1 6 1 13 5 8 13 10 13 6 3 13 7 3 8
> BAT2 13 4 13 6 1 8 1 10 7 1 8 11 7 13
> BAT3 1 7
< RES 1637247401 90 2
> REQ 1637247401 91 2
> VAMPIRE 1 11 3 3 0 3 0
> VAMPIRE 2 11 7 3 0 3 21
> VAMPIRE 3 5 7 3 0 3 21
> VAMPIRE 4 1 9 3 1 3 25
> GRENADE 1 10 5 2 3
> GRENADE 2 13 9 2 3
> GRENADE 3 7 11 3 3
> BAT1 3 7 4 1 6 1 13 5 8 13 10 13 6 3 13 7 3 8
> BAT2 13 4 13 6 1 8 1 10 7 1 8 11 7 13
> BAT3 1 7
< RES 1637247401 91 2
< MOVE R R R
> REQ 1637247401 92 2
> VAMPIRE 1 9 3 3 0 3 0
> VAMPIRE 2 11 10 3 0 3 20
> VAMPIRE 3 5 7 3 0 3 20
> VAMPIRE 4 3 10 3 0 3 24
> GRENADE 1 10 5 1 3
> GRENADE 2 13 9 1 3
> GRENADE 3 7 11 2 3
> GRENADE 4 1 9 5 3
> BAT1 3 7 4 1 6 1 13 5 8 13 10 13 6 3 13 7 3 8
> BAT2 13 4 13 6 1 8 1 10 7 1 8 11 7 13
> BAT3 1 7
< RES 1637247401 92 2
< MOVE R
> REQ 1637247401 93 2
> VAMPIRE 1 7 3 3 1 3 0
> VAMPIRE 2 11 11 3 1 3 19
> VAMPIRE 3 5 4 3 0 3 19
> VAMPIRE 4 3 11 3 0 3 23
> GRENADE 3 7 11 1 3
> GRENADE 4 1 9 4 3
> BAT1 3 7 4 1 6 1 8 13 10 13 6 3 3 8
> BAT2 13 4 13 6 1 8 1 10 7 1 8 11 7 13
> BAT3 1 7
< RES 1637247401 93 2
< GRENADE
< MOVE U U L
> REQ 1637247401 94 2
> VAMPIRE 1 7 5 3 0 3 0
> VAMPIRE 2 9 10 3 0 3 18
> VAMPIRE 3 5 1 3 1 3 18
> VAMPIRE 4 5 11 3 0 3 22
> GRENADE 4 1 9 3 3
> GRENADE 1 7 3 5 3
> GRENADE 2 11 11 5 3
> BAT1 3 7 4 1 6 1 8 13 10 13 6 3 3 8 8 11 7 13
> BAT2 13 4 13 6 1 8 1 10 7 1
> BAT3 1 7
< RES 1637247401 94 2
< MOVE L U U
> REQ 1637247401 95 2
> VAMPIRE 1 5 5 3 0 3 0
> VAMPIRE 2 7 9 3 0 3 17
> VAMPIRE 3 4 3 3 0 3 17
> VAMPIRE 4 5 9 3 0 3 21
> GRENADE 4 1 9 2 3
> GRENADE 1 7 3 4 3
> GRENADE 2 11 11 4 3
> GRENADE 3 5 1 5 3
> BAT1 3 7 4 1 6 1 8 13 10 13 6 3 3 8 8 11 7 13
> BAT2 13 4 13 6 1 8 1 10 7 1
> BAT3 1 7
< RES 1637247401 95 2
< MOVE U U
> REQ 1637247401 96 2
> VAMPIRE 1 5 7 3 0 3 0
> VAMPIRE 2 5 9 3 0 3 16
> VAMPIRE 3 3 5 3 0 3 16
> VAMPIRE 4 5 6 3 0 3 20
> GRENADE 4 1 9 1 3
> GRENADE 1 7 3 3 3
> GRENADE 2 11 11 3 3
> GRENADE 3 5 1 4 3
> BAT1 3 7 4 1 6 1 8 13 10 13 6 3 3 8 8 11 7 13
> BAT2 13 4 13 6 1 8 1 10 7 1
> BAT3 1 7
< RES 1637247401 96 2
< MOVE L L
> REQ 1637247401 97 2
> VAMPIRE 1 5 9 3 0 3 0
> VAMPIRE 2 5 7 3 0 3 15
> VAMPIRE 3 3 5 3 0 3 15
> VAMPIRE 4 5 3 3 1 3 19
> GRENADE 1 7 3 2 3
> GRENADE 2 11 11 2 3
> GRENADE 3 5 1 3 3
> BAT1 3 7 4 1 6 1 1 8 1 10 8 13 10 13 6 3 3 8 8 11 7 13
> BAT2 13 4 13 6 7 1
> BAT3 1 7
< RES 1637247401 97 2
< MOVE R R U
> REQ 1637247401 98 2
> VAMPIRE 1 5 7 3 0 3 0
> VAMPIRE 2 4 9 3 0 3 14
> VAMPIRE 3 3 5 3 0 3 14
> VAMPIRE 4 3 2 3 0 3 18
> GRENADE 1 7 3 1 3
> GRENADE 2 11 11 1 3
> GRENADE 3 5 1 2 3
> GRENADE 4 5 3 5 3
> BAT1 3 7 4 1 6 1 1 8 1 10 8 13 10 13 6 3 3 8 8 11 7 13
> BAT2 13 4 13 6 7 1
> BAT3 1 7
< RES 1637247401 98 2
< MOVE U U U
> REQ 1637247401 99 2
> VAMPIRE 1 6 7 3 1 3 0
> VAMPIRE 2 1 9 3 1 3 13
> VAMPIRE 3 3 5 3 0 3 13
> VAMPIRE 4 3 1 3 0 3 17
> GRENADE 3 5 1 1 3
> GRENADE 4 5 3 4 3
> BAT1 3 7 4 1 6 1 1 8 1 10 8 13 10 13 7 1 3 8 7 13
> BAT2 13 4 13 6
> BAT3 1 7
< RES 1637247401 99 2
< GRENADE
< MOVE D D R
> REQ 1637247401 100 2
> VAMPIRE 1 5 8 3 0 3 0
> VAMPIRE 2 3 10 3 0 3 12
> VAMPIRE 3 3 5 3 1 3 12
> VAMPIRE 4 3 1 3 1 3 16
> GRENADE 1 6 7 5 3
> GRENADE 2 1 9 5 3
> POWERUP GRENADE -9 12 7
> POWERUP GRENADE -9 2 7
> BAT1 3 7 1 8 1 10 8 13 10 13 7 1 3 8 7 13
> BAT2 13 4 13 6
> BAT3 1 7
< RES 1637247401 100 2
< MOVE L D D
> REQ 1637247401 101 2
> VAMPIRE 1 6 9 3 0 3 0
> VAMPIRE 2 5 9 3 0 3 11
> VAMPIRE 3 1 6 3 0 3 11
> VAMPIRE 4 3 4 3 1 3 15
> GRENADE 1 6 7 4 3
> GRENADE 2 1 9 4 3
> GRENADE 3 3 5 5 3
> POWERUP GRENADE -8 12 7
> POWERUP GRENADE -8 2 7
> BAT1 3 7 1 8 1 10 8 13 10 13 7 1 3 8 7 13
> BAT2 13 4 13 6
> BAT3 1 7
< RES 1637247401 101 2
< MOVE D D D
> REQ 1637247401 102 2
> VAMPIRE 1 8 9 3 0 3 0
> VAMPIRE 2 8 9 3 0 3 10
> VAMPIRE 3 1 3 3 0 3 10
> VAMPIRE 4 1 3 3 0 3 14
> GRENADE 1 6 7 3 3
> GRENADE 2 1 9 3 3
> GRENADE 3 3 5 4 3
> GRENADE 4 3 4 5 3
> POWERUP GRENADE -7 12 7
> POWERUP GRENADE -7 2 7
> BAT1 3 7 1 8 1 10 8 13 10 13 7 1 3 8 7 13
> BAT2 13 4 13 6
> BAT3 1 7
< RES 1637247401 102 2
< MOVE D D D
> REQ 1637247401 103 2
> VAMPIRE 1 10 9 3 0 3 0
> VAMPIRE 2 11 9 3 0 3 9
> VAMPIRE 3 4 3 3 0 3 9
> VAMPIRE 4 4 3 3 0 3 13
> GRENADE 1 6 7 2 3
> GRENADE 2 1 9 2 3
> GRENADE 3 3 5 3 3
> GRENADE 4 3 4 4 3
> POWERUP GRENADE -6 12 7
> POWERUP GRENADE -6 2 7
> BAT1 3 7 1 8 1 10 8 13 10 13 7 1 3 8 7 13
> BAT2 13 4 13 6
> BAT3 1 7
< RES 1637247401 103 2
< MOVE L L D
> REQ 1637247401 104 2
> VAMPIRE 1 11 8 3 0 3 0
> VAMPIRE 2 12 7 3 0 3 8
> VAMPIRE 3 5 5 3 0 3 8
> VAMPIRE 4 5 5 3 0 3 12
> GRENADE 1 6 7 1 3
> GRENADE 2 1 9 1 3
> GRENADE 3 3 5 2 3
> GRENADE 4 3 4 3 3
> POWERUP GRENADE -5 12 7
> POWERUP GRENADE -5 2 7
> BAT1 3 7 1 8 1 10 8 13 10 13 7 1 3 8 7 13
> BAT2 13 4 13 6
> BAT3 1 7
< RES 1637247401 104 2
> REQ 1637247401 105 2
> VAMPIRE 1 12 7 3 1 3 0
> VAMPIRE 2 12 7 3 1 3 7
> VAMPIRE 3 4 7 3 0 3 7
> VAMPIRE 4 4 7 3 0 3 11
> GRENADE 3 3 5 1 3
> GRENADE 4 3 4 2 3
> POWERUP GRENADE -4 12 7
> POWERUP GRENADE -4 2 7
> BAT1 8 13 10 13 7 1 3 8 7 13
> BAT2 13 4 13 6
> BAT3 1 7
< RES 1637247401 105 2
> REQ 1637247401 106 2
> VAMPIRE 1 12 7 3 1 3 0
> VAMPIRE 2 12 7 3 1 3 6
> VAMPIRE 3 7 7 3 1 3 6
> VAMPIRE 4 7 7 3 1 3 10
> POWERUP GRENADE -3 12 7
> POWERUP GRENADE -3 2 7
> BAT1 8 13 10 13 7 1 7 13
> BAT2 13 4 13 6
> BAT3 1 7
< RES 1637247401 106 2
> REQ 1637247401 107 2
> VAMPIRE 1 12 7 3 1 3 0
> VAMPIRE 2 12 7 3 1 3 5
> VAMPIRE 3 10 7 3 1 3 5
> VAMPIRE 4 10 7 3 1 3 9
> POWERUP GRENADE -2 12 7
> POWERUP GRENADE -2 2 7
> BAT1 8 13 10 13 7 1 7 13
> BAT2 13 4 13 6
> BAT3 1 7
< RES 1637247401 107 2
< GRENADE
> REQ 1637247401 108 2
> VAMPIRE 1 12 7 3 0 3 0
> VAMPIRE 2 12 7 3 0 3 4
> VAMPIRE 3 11 7 3 1 3 4
> VAMPIRE 4 11 7 3 1 3 8
> GRENADE 1 12 7 5 3
> GRENADE 2 12 7 5 3
> POWERUP GRENADE -1 12 7
> POWERUP GRENADE -1 2 7
> BAT1 8 13 10 13 7 1 7 13
> BAT2 13 4 13 6
> BAT3 1 7
< RES 1637247401 108 2
< MOVE D R R
> REQ 1637247401 109 2
> VAMPIRE 1 12 7 3 1 3 0
> VAMPIRE 2 13 9 3 1 3 3
> VAMPIRE 3 8 7 3 0 3 3
> VAMPIRE 4 8 7 3 0 3 7
> GRENADE 1 12 7 4 3
> GRENADE 2 12 7 4 3
> GRENADE 3 11 7 5 3
> GRENADE 4 11 7 5 3
> POWERUP GRENADE 12 2 7
> BAT1 8 13 10 13 7 1 7 13
> BAT2 13 4 13 6
> BAT3 1 7
< RES 1637247401 109 2
< MOVE L L
> REQ 1637247401 110 2
> VAMPIRE 1 13 8 3 1 3 0
> VAMPIRE 2 13 7 3 1 3 2
> VAMPIRE 3 5 7 3 0 3 2
> VAMPIRE 4 5 7 3 0 3 6
> GRENADE 1 12 7 3 3
> GRENADE 2 12 7 3 3
> GRENADE 3 11 7 4 3
> GRENADE 4 11 7 4 3
> POWERUP GRENADE 11 2 7
> BAT1 8 13 10 13 7 1 7 13
> BAT2 13 4 13 6
> BAT3 1 7
< RES 1637247401 110 2
< GRENADE
< MOVE R R U
> REQ 1637247401 111 2
> VAMPIRE 1 13 10 3 0 3 0
> VAMPIRE 2 13 7 3 0 3 1
> VAMPIRE 3 2 7 3 0 3 1
> VAMPIRE 4 2 7 3 0 3 5
> GRENADE 1 12 7 2 3
> GRENADE 2 12 7 2 3
> GRENADE 3 11 7 3 3
> GRENADE 4 11 7 3 3
> GRENADE 1 13 8 5 3
> GRENADE 2 13 7 5 3
> POWERUP GRENADE 10 2 7
> BAT1 8 13 10 13 7 1 7 13
> BAT2 13 4 13 6
> BAT3 1 7
< RES 1637247401 111 2
> REQ 1637247401 112 2
> VAMPIRE 1 13 12 3 0 3 0
> VAMPIRE 2 13 7 3 0 3 0
> VAMPIRE 3 3 7 3 1 3 0
> VAMPIRE 4 5 7 3 1 3 4
> GRENADE 1 12 7 1 3
> GRENADE 2 12 7 1 3
> GRENADE 3 11 7 2 3
> GRENADE 4 11 7 2 3
> GRENADE 1 13 8 4 3
> GRENADE 2 13 7 4 3
> BAT1 8 13 10 13 7 1 7 13
> BAT2 13 4 13 6
> BAT3 1 7
< RES 1637247401 112 2
> REQ 1637247401 113 2
> VAMPIRE 1 13 13 3 2 3 0
> VAMPIRE 2 13 7 2 2 3 0
> VAMPIRE 3 3 5 3 1 3 0
> VAMPIRE 4 6 5 3 2 3 3
> GRENADE 3 3 7 5 3
> BAT1 13 6 8 13 10 13 7 1 7 13
> BAT2 13 4
> BAT3 1 7
< RES 1637247401 113 2
< MOVE U U
> REQ 1637247401 114 2
> VAMPIRE 1 13 11 3 1 3 0
> VAMPIRE 2 11 7 2 2 3 0
> VAMPIRE 3 1 5 3 1 3 0
> VAMPIRE 4 3 5 3 2 3 2
> GRENADE 3 3 7 4 3
> GRENADE 1 13 13 5 3
> BAT1 13 6 8 13 10 13 7 1 7 13
> BAT2 13 4
> BAT3 1 7
< RES 1637247401 114 2
< MOVE D D
> REQ 1637247401 115 2
> VAMPIRE 1 13 9 3 1 3 0
> VAMPIRE 2 13 7 2 2 3 0
> VAMPIRE 3 1 3 3 0 3 0
> VAMPIRE 4 2 5 3 1 3 1
> GRENADE 3 3 7 3 3
> GRENADE 1 13 13 4 3
> GRENADE 3 1 5 5 3
> GRENADE 4 3 5 5 3
> BAT1 13 6 8 13 10 13 7 1 7 13
> BAT2 13 4
> BAT3 1 7
< RES 1637247401 115 2
< GRENADE
< MOVE U U
> REQ 1637247401 116 2
> VAMPIRE 1 11 9 3 0 3 0
> VAMPIRE 2 11 7 2 1 3 0
> VAMPIRE 3 3 3 3 0 3 0
> VAMPIRE 4 2 5 3 1 3 0
> GRENADE 3 3 7 2 3
> GRENADE 1 13 13 3 3
> GRENADE 3 1 5 4 3
> GRENADE 4 3 5 4 3
> GRENADE 1 13 9 5 3
> GRENADE 2 13 7 5 3
> BAT1 13 6 8 13 10 13 7 1 7 13
> BAT2 13 4
> BAT3 1 7
< RES 1637247401 116 2
< MOVE L L
> REQ 1637247401 117 2
> VAMPIRE 1 9 9 3 0 3 0
> VAMPIRE 2 11 5 2 1 3 0
> VAMPIRE 3 5 3 3 0 3 0
> VAMPIRE 4 2 5 3 1 3 0
> GRENADE 3 3 7 1 3
> GRENADE 1 13 13 2 3
> GRENADE 3 1 5 3 3
> GRENADE 4 3 5 3 3
> GRENADE 1 13 9 4 3
> GRENADE 2 13 7 4 3
> BAT1 13 6 8 13 10 13 7 1 7 13
> BAT2 13 4
> BAT3 1 7
< RES 1637247401 117 2
< MOVE L L
> REQ 1637247401 118 2
> VAMPIRE 1 7 9 3 0 3 0
> VAMPIRE 2 11 3 2 1 3 0
> VAMPIRE 3 7 3 3 2 3 0
> VAMPIRE 4 2 5 2 2 3 0
> GRENADE 1 13 13 1 3
> GRENADE 1 13 9 3 3
> GRENADE 2 13 7 3 3
> BAT1 13 6 8 13 10 13 7 1 7 13
> BAT2 13 4 1 7
< RES 1637247401 118 2
< MOVE D D
> REQ 1637247401 119 2
> VAMPIRE 1 7 11 3 1 3 0
> VAMPIRE 2 13 3 2 1 3 0
> VAMPIRE 3 9 3 3 1 3 0
> VAMPIRE 4 3 5 2 2 3 0
> GRENADE 1 13 9 2 3
> GRENADE 2 13 7 2 3
> GRENADE 3 7 3 5 3
> BAT1 13 6 8 13 7 1 7 13
> BAT2 13 4 1 7
< RES 1637247401 119 2
< GRENADE
< MOVE U U
> REQ 1637247401 120 2
> VAMPIRE 1 9 11 3 0 3 0
> VAMPIRE 2 11 3 2 0 3 0
> VAMPIRE 3 11 3 3 1 3 0
> VAMPIRE 4 1 5 2 2 3 0
> GRENADE 1 13 9 1 3
> GRENADE 2 13 7 1 3
> GRENADE 3 7 3 4 3
> GRENADE 1 7 11 5 3
> GRENADE 2 13 3 5 3
> BAT1 13 6 8 13 7 1 7 13
> BAT2 13 4 1 7
< RES 1637247401 120 2
< MOVE U U
> REQ 1637247401 121 2
> VAMPIRE 1 9 13 3 1 3 0
> VAMPIRE 2 9 3 2 1 3 0
> VAMPIRE 3 11 5 3 0 3 0
> VAMPIRE 4 3 5 2 1 3 0
> GRENADE 3 7 3 3 3
> GRENADE 1 7 11 4 3
> GRENADE 2 13 3 4 3
> GRENADE 3 11 3 5 3
> GRENADE 4 1 5 5 3
> BAT1 8 13 7 1 7 13
> BAT2 13 4 1 7
< RES 1637247401 121 2
< GRENADE
< MOVE R R
> REQ 1637247401 122 2
> VAMPIRE 1 11 13 3 0 3 0
> VAMPIRE 2 9 5 2 0 3 0
> VAMPIRE 3 11 7 3 0 3 0
> VAMPIRE 4 3 7 2 1 3 0
> GRENADE 3 7 3 2 3
> GRENADE 1 7 11 3 3
> GRENADE 2 13 3 3 3
> GRENADE 3 11 3 4 3
> GRENADE 4 1 5 4 3
> GRENADE 1 9 13 5 3
> GRENADE 2 9 3 5 3
> BAT1 8 13 7 1 7 13
> BAT2 13 4 1 7
< RES 1637247401 122 2
< MOVE D
> REQ 1637247401 123 2
> VAMPIRE 1 11 11 3 0 3 0
> VAMPIRE 2 10 5 2 0 3 0
> VAMPIRE 3 13 7 3 0 3 0
> VAMPIRE 4 5 7 2 0 3 0
> GRENADE 3 7 3 1 3
> GRENADE 1 7 11 2 3
> GRENADE 2 13 3 2 3
> GRENADE 3 11 3 3 3
> GRENADE 4 1 5 3 3
> GRENADE 1 9 13 4 3
> GRENADE 2 9 3 4 3
> GRENADE 4 3 7 5 3
> BAT1 8 13 7 1 7 13
> BAT2 13 4 1 7
< RES 1637247401 123 2
< MOVE D D
> REQ 1637247401 124 2
> VAMPIRE 1 11 9 3 0 3 0
> VAMPIRE 2 12 5 2 2 3 0
> VAMPIRE 3 13 6 3 2 3 0
> VAMPIRE 4 7 7 2 0 3 0
> GRENADE 1 7 11 1 3
> GRENADE 4 1 5 2 3
> GRENADE 1 9 13 3 3
> GRENADE 4 3 7 4 3
> BAT1 13 4 8 13 7 13
> BAT2 1 7
< RES 1637247401 124 2
< MOVE D R
> REQ 1637247401 125 2
> VAMPIRE 1 11 7 3 1 3 0
> VAMPIRE 2 13 5 2 2 3 0
> VAMPIRE 3 12 5 3 1 3 0
> VAMPIRE 4 9 7 2 0 3 0
> GRENADE 4 1 5 1 3
> GRENADE 1 9 13 2 3
> GRENADE 4 3 7 3 3
> GRENADE 3 13 6 5 3
> BAT1 13 4 8 13
> BAT2 1 7
< RES 1637247401 125 2
< GRENADE
< MOVE U U
> REQ 1637247401 126 2
> VAMPIRE 1 13 7 3 1 3 0
> VAMPIRE 2 13 5 2 1 3 0
> VAMPIRE 3 11 4 3 0 3 0
> VAMPIRE 4 11 7 2 1 3 0
> GRENADE 1 9 13 1 3
> GRENADE 4 3 7 2 3
> GRENADE 3 13 6 4 3
> GRENADE 2 13 5 5 3
> GRENADE 3 12 5 5 3
> BAT1 13 4 8 13 1 7
< RES 1637247401 126 2
> REQ 1637247401 127 2
> VAMPIRE 1 13 9 3 1 3 0
> VAMPIRE 2 13 5 2 1 3 0
> VAMPIRE 3 11 3 3 0 3 0
> VAMPIRE 4 12 7 2 1 3 0
> GRENADE 4 3 7 1 3
> GRENADE 3 13 6 3 3
> GRENADE 2 13 5 4 3
> GRENADE 3 12 5 4 3
> GRENADE 1 13 7 5 3
> POWERUP TOMATO -4 9 1
> POWERUP TOMATO -4 5 13
> BAT1 13 4 1 7
< RES 1637247401 127 2
> REQ 1637247401 128 2
> VAMPIRE 1 11 9 3 1 3 0
> VAMPIRE 2 13 5 2 1 3 0
> VAMPIRE 3 9 3 3 0 3 0
> VAMPIRE 4 11 6 2 1 3 0
> GRENADE 3 13 6 2 3
> GRENADE 2 13 5 3 3
> GRENADE 3 12 5 3 3
> GRENADE 1 13 7 4 3
> GRENADE 4 12 7 5 3
> POWERUP TOMATO -3 9 1
> POWERUP TOMATO -3 5 13
> BAT1 13 4
< RES 1637247401 128 2
> REQ 1637247401 129 2
> VAMPIRE 1 9 9 3 1 3 0
> VAMPIRE 2 13 5 2 1 3 0
> VAMPIRE 3 9 1 3 0 3 0
> VAMPIRE 4 11 4 2 1 3 0
> GRENADE 3 13 6 1 3
> GRENADE 2 13 5 2 3
> GRENADE 3 12 5 2 3
> GRENADE 1 13 7 3 3
> GRENADE 4 12 7 4 3
> POWERUP TOMATO -2 9 1
> POWERUP TOMATO -2 5 13
> BAT1 13 4
< RES 1637247401 129 2
> REQ 1637247401 130 2
> VAMPIRE 1 7 9 3 2 3 0
> VAMPIRE 2 13 5 1 2 3 0
> VAMPIRE 3 9 1 3 2 3 0
> VAMPIRE 4 11 3 2 2 3 0
> POWERUP TOMATO -1 9 1
> POWERUP TOMATO -1 5 13
< RES 1637247401 130 2
< MOVE U U
> REQ 1637247401 131 2
> VAMPIRE 1 5 9 3 2 3 0
> VAMPIRE 2 11 5 1 2 3 0
> VAMPIRE 3 7 1 3 2 3 0
> VAMPIRE 4 9 3 2 2 3 0
> POWERUP TOMATO 17 5 13
< RES 1637247401 131 2
< MOVE R R
> REQ 1637247401 132 2
> VAMPIRE 1 5 11 3 2 3 0
> VAMPIRE 2 11 7 1 2 3 0
> VAMPIRE 3 7 3 3 2 3 0
> VAMPIRE 4 7 3 2 2 3 0
> POWERUP TOMATO 16 5 13
< RES 1637247401 132 2
< MOVE U U
> REQ 1637247401 133 2
> VAMPIRE 1 5 13 3 2 3 0
> VAMPIRE 2 9 7 1 2 3 0
> VAMPIRE 3 7 5 3 2 3 0
> VAMPIRE 4 7 5 2 2 3 0
> POWERUP TOMATO 15 5 13
< RES 1637247401 133 2
< MOVE U U
> REQ 1637247401 134 2
> VAMPIRE 1 5 11 3 2 3 0
> VAMPIRE 2 7 7 1 2 3 0
> VAMPIRE 3 7 7 3 2 3 0
> VAMPIRE 4 7 5 2 2 3 0
< RES 1637247401 134 2
> REQ 1637247401 135 2
> VAMPIRE 1 7 11 3 2 3 0
> VAMPIRE 2 7 7 1 2 3 0
> VAMPIRE 3 7 7 3 2 3 0
> VAMPIRE 4 7 5 2 2 3 0
< RES 1637247401 135 2
> REQ 1637247401 136 2
> VAMPIRE 1 7 9 3 2 3 0
> VAMPIRE 2 7 7 1 2 3 0
> VAMPIRE 3 7 7 3 2 3 0
> VAMPIRE 4 7 5 2 2 3 0
< RES 1637247401 136 2
> REQ 1637247401 137 2
> VAMPIRE 1 7 9 3 2 3 0
> VAMPIRE 2 7 7 1 2 3 0
> VAMPIRE 3 7 7 3 2 3 0
> VAMPIRE 4 7 5 2 2 3 0
< RES 1637247401 137 2
> REQ 1637247401 138 2
> VAMPIRE 1 7 9 3 2 3 0
> VAMPIRE 2 7 7 1 2 3 0
> VAMPIRE 3 7 7 3 2 3 0
> VAMPIRE 4 7 5 2 2 3 0
< RES 1637247401 138 2
> REQ 1637247401 139 2
> VAMPIRE 1 7 9 3 2 3 0
> VAMPIRE 2 7 7 1 2 3 0
> VAMPIRE 3 7 7 3 2 3 0
> VAMPIRE 4 7 5 2 2 3 0
< RES 1637247401 139 2
> REQ 1637247401 140 2
> VAMPIRE 1 7 9 3 2 3 0
> VAMPIRE 2 7 7 1 2 3 0
> VAMPIRE 3 7 7 3 2 3 0
> VAMPIRE 4 7 5 2 2 3 0
< RES 1637247401 140 2
> REQ 1637247401 141 2
> VAMPIRE 1 7 9 3 2 3 0
> VAMPIRE 2 7 7 1 2 3 0
> VAMPIRE 3 7 7 3 2 3 0
> VAMPIRE 4 7 5 2 2 3 0
< RES 1637247401 141 2
> REQ 1637247401 142 2
> VAMPIRE 1 7 9 3 2 3 0
> VAMPIRE 2 7 7 1 2 3 0
> VAMPIRE 3 7 7 3 2 3 0
> VAMPIRE 4 7 5 2 2 3 0
< RES 1637247401 142 2
> REQ 1637247401 143 2
> VAMPIRE 1 7 9 3 2 3 0
> VAMPIRE 2 7 7 1 2 3 0
> VAMPIRE 3 7 7 3 2 3 0
> VAMPIRE 4 7 5 2 2 3 0
< RES 1637247401 143 2
> REQ 1637247401 144 2
> VAMPIRE 1 7 9 3 2 3 0
> VAMPIRE 2 7 7 1 2 3 0
> VAMPIRE 3 7 7 3 2 3 0
> VAMPIRE 4 7 5 2 2 3 0
< RES 1637247401 144 2
> REQ 1637247401 145 2
> VAMPIRE 1 7 9 3 2 3 0
> VAMPIRE 2 7 7 1 2 3 0
> VAMPIRE 3 7 7 3 2 3 0
> VAMPIRE 4 7 5 2 2 3 0
< RES 1637247401 145 2
> REQ 1637247401 146 2
> VAMPIRE 1 7 9 3 2 3 0
> VAMPIRE 2 7 7 1 2 3 0
> VAMPIRE 3 7 7 3 2 3 0
> VAMPIRE 4 7 5 2 2 3 0
< RES 1637247401 146 2
> REQ 1637247401 147 2
> VAMPIRE 1 7 9 3 2 3 0
> VAMPIRE 2 7 7 1 2 3 0
> VAMPIRE 3 7 7 3 2 3 0
> VAMPIRE 4 7 5 2 2 3 0
< RES 1637247401 147 2
> REQ 1637247401 148 2
> VAMPIRE 1 7 9 3 2 3 0
> VAMPIRE 2 7 7 1 2 3 0
> VAMPIRE 3 7 7 3 2 3 0
> VAMPIRE 4 7 5 2 2 3 0
< RES 1637247401 148 2
> REQ 1637247401 149 2
> VAMPIRE 1 7 9 3 2 3 0
> VAMPIRE 2 7 7 1 2 3 0
> VAMPIRE 3 7 7 3 2 3 0
> VAMPIRE 4 7 5 2 2 3 0
> POWERUP BATTERY -7 6 1
> POWERUP BATTERY -7 8 13
< RES 1637247401 149 2
< MOVE U
> REQ 1637247401 150 2
> VAMPIRE 1 7 11 3 2 3 0
> VAMPIRE 2 6 7 1 2 3 0
> VAMPIRE 3 5 7 3 2 3 0
> VAMPIRE 4 7 3 2 2 3 0
> POWERUP BATTERY -6 6 1
> POWERUP BATTERY -6 8 13
< RES 1637247401 150 2
< MOVE U L
> REQ 1637247401 151 2
> VAMPIRE 1 7 13 3 2 3 0
> VAMPIRE 2 6 7 1 2 3 0
> VAMPIRE 3 7 7 3 1 3 0
> VAMPIRE 4 7 1 2 2 3 0
> GRENADE 3 5 7 5 3
> POWERUP BATTERY -5 6 1
> POWERUP BATTERY -5 8 13
< RES 1637247401 151 2
< MOVE D L
> REQ 1637247401 152 2
> VAMPIRE 1 8 13 3 2 3 0
> VAMPIRE 2 6 7 1 2 3 0
> VAMPIRE 3 7 5 3 0 3 0
> VAMPIRE 4 6 1 2 2 3 0
> GRENADE 3 5 7 4 3
> GRENADE 3 7 7 5 3
> POWERUP BATTERY -4 6 1
> POWERUP BATTERY -4 8 13
< RES 1637247401 152 2
> REQ 1637247401 153 2
> VAMPIRE 1 8 13 3 2 3 0
> VAMPIRE 2 6 7 1 2 3 0
> VAMPIRE 3 7 3 3 0 3 0
> VAMPIRE 4 6 1 2 2 3 0
> GRENADE 3 5 7 3 3
> GRENADE 3 7 7 4 3
> POWERUP BATTERY -3 6 1
> POWERUP BATTERY -3 8 13
< RES 1637247401 153 2
> REQ 1637247401 154 2
> VAMPIRE 1 8 13 3 2 3 0
> VAMPIRE 2 6 7 1 2 3 0
> VAMPIRE 3 7 1 3 0 3 0
> VAMPIRE 4 6 1 2 2 3 0
> GRENADE 3 5 7 2 3
> GRENADE 3 7 7 3 3
> POWERUP BATTERY -2 6 1
> POWERUP BATTERY -2 8 13
< RES 1637247401 154 2
> REQ 1637247401 155 2
> VAMPIRE 1 8 13 3 2 3 0
> VAMPIRE 2 6 7 1 2 3 0
> VAMPIRE 3 7 1 3 0 3 0
> VAMPIRE 4 6 1 2 1 3 0
> GRENADE 3 5 7 1 3
> GRENADE 3 7 7 2 3
> GRENADE 4 6 1 5 3
> POWERUP BATTERY -1 6 1
> POWERUP BATTERY -1 8 13
< RES 1637247401 155 2
> END 372 Could_not_be_more_deaded
