> MESSAGE OK
> LEVEL 10
> GAMEID 1637330534
> TEST 1
> MAXTICK 800
> GRENADERADIUS 3
> SIZE 15
> REQ 1637330534 0 1
> VAMPIRE 1 1 1 3 1 3 0
> VAMPIRE 2 13 1 3 1 3 0
> VAMPIRE 3 13 13 3 1 3 0
> VAMPIRE 4 1 13 3 1 3 0
> BAT1 8 1 9 1 10 1 11 1 1 3 7 3 1 4 1 5 6 5 8 5 1 6 5 6 9 6 3 7 11 7 5 8 9 8 13 8 6 9 8 9 13 9 13 10 7 11 13 11 3 13 4 13 5 13 6 13
> BAT2 3 1 4 1 5 1 6 1 8 3 9 3 13 3 13 4 3 5 7 5 13 5 3 6 13 6 5 7 9 7 1 8 11 8 1 9 7 9 11 9 1 10 1 11 5 11 6 11 8 13 9 13 10 13 11 13
> BAT3 7 1 5 3 6 3 11 5 11 6 1 7 7 7 13 7 3 8 3 9 8 11 9 11 7 13
< RES 1637330534 0 1
< GRENADE
> REQ 1637330534 1 1
> VAMPIRE 1 1 1 3 0 3 0
> VAMPIRE 2 13 1 3 0 3 0
> VAMPIRE 3 13 13 3 1 3 0
> VAMPIRE 4 1 13 3 1 3 0
> GRENADE 1 1 1 5 3
> GRENADE 2 13 1 5 3
> BAT1 8 1 9 1 10 1 11 1 1 3 7 3 1 4 1 5 6 5 8 5 1 6 5 6 9 6 3 7 11 7 5 8 9 8 13 8 6 9 8 9 13 9 13 10 7 11 13 11 3 13 4 13 5 13 6 13
> BAT2 3 1 4 1 5 1 6 1 8 3 9 3 13 3 13 4 3 5 7 5 13 5 3 6 13 6 5 7 9 7 1 8 11 8 1 9 7 9 11 9 1 10 1 11 5 11 6 11 8 13 9 13 10 13 11 13
> BAT3 7 1 5 3 6 3 11 5 11 6 1 7 7 7 13 7 3 8 3 9 8 11 9 11 7 13
< RES 1637330534 1 1
> REQ 1637330534 2 1
> VAMPIRE 1 1 1 3 0 3 0
> VAMPIRE 2 13 1 3 0 3 0
> VAMPIRE 3 13 13 3 1 3 0
> VAMPIRE 4 1 13 3 1 3 0
> GRENADE 1 1 1 4 3
> GRENADE 2 13 1 4 3
> BAT1 8 1 9 1 10 1 11 1 1 3 7 3 1 4 1 5 6 5 8 5 1 6 5 6 9 6 3 7 11 7 5 8 9 8 13 8 6 9 8 9 13 9 13 10 7 11 13 11 3 13 4 13 5 13 6 13
> BAT2 3 1 4 1 5 1 6 1 8 3 9 3 13 3 13 4 3 5 7 5 13 5 3 6 13 6 5 7 9 7 1 8 11 8 1 9 7 9 11 9 1 10 1 11 5 11 6 11 8 13 9 13 10 13 11 13
> BAT3 7 1 5 3 6 3 11 5 11 6 1 7 7 7 13 7 3 8 3 9 8 11 9 11 7 13
< RES 1637330534 2 1
> REQ 1637330534 3 1
> VAMPIRE 1 1 1 3 0 3 0
> VAMPIRE 2 13 1 3 0 3 0
> VAMPIRE 3 13 13 3 1 3 0
> VAMPIRE 4 1 13 3 1 3 0
> GRENADE 1 1 1 3 3
> GRENADE 2 13 1 3 3
> BAT1 8 1 9 1 10 1 11 1 1 3 7 3 1 4 1 5 6 5 8 5 1 6 5 6 9 6 3 7 11 7 5 8 9 8 13 8 6 9 8 9 13 9 13 10 7 11 13 11 3 13 4 13 5 13 6 13
> BAT2 3 1 4 1 5 1 6 1 8 3 9 3 13 3 13 4 3 5 7 5 13 5 3 6 13 6 5 7 9 7 1 8 11 8 1 9 7 9 11 9 1 10 1 11 5 11 6 11 8 13 9 13 10 13 11 13
> BAT3 7 1 5 3 6 3 11 5 11 6 1 7 7 7 13 7 3 8 3 9 8 11 9 11 7 13
< RES 1637330534 3 1
< THROW XR 1
< MOVE D
> REQ 1637330534 4 1
> VAMPIRE 1 2 1 3 0 3 0
> VAMPIRE 2 13 2 3 0 3 0
> VAMPIRE 3 13 13 3 1 3 0
> VAMPIRE 4 1 13 3 1 3 0
> GRENADE 1 1 2 2 3
> GRENADE 2 12 1 2 3
> BAT1 8 1 9 1 10 1 11 1 1 3 7 3 1 4 1 5 6 5 8 5 1 6 5 6 9 6 3 7 11 7 5 8 9 8 13 8 6 9 8 9 13 9 13 10 7 11 13 11 3 13 4 13 5 13 6 13
> BAT2 3 1 4 1 5 1 6 1 8 3 9 3 13 3 13 4 3 5 7 5 13 5 3 6 13 6 5 7 9 7 1 8 11 8 1 9 7 9 11 9 1 10 1 11 5 11 6 11 8 13 9 13 10 13 11 13
> BAT3 7 1 5 3 6 3 11 5 11 6 1 7 7 7 13 7 3 8 3 9 8 11 9 11 7 13
< RES 1637330534 4 1
> REQ 1637330534 5 1
> VAMPIRE 1 2 1 3 0 3 0
> VAMPIRE 2 13 2 3 0 3 0
> VAMPIRE 3 13 13 3 1 3 0
> VAMPIRE 4 1 13 3 1 3 0
> GRENADE 1 1 2 1 3
> GRENADE 2 12 1 1 3
> BAT1 8 1 9 1 10 1 11 1 1 3 7 3 1 4 1 5 6 5 8 5 1 6 5 6 9 6 3 7 11 7 5 8 9 8 13 8 6 9 8 9 13 9 13 10 7 11 13 11 3 13 4 13 5 13 6 13
> BAT2 3 1 4 1 5 1 6 1 8 3 9 3 13 3 13 4 3 5 7 5 13 5 3 6 13 6 5 7 9 7 1 8 11 8 1 9 7 9 11 9 1 10 1 11 5 11 6 11 8 13 9 13 10 13 11 13
> BAT3 7 1 5 3 6 3 11 5 11 6 1 7 7 7 13 7 3 8 3 9 8 11 9 11 7 13
< RES 1637330534 5 1
< MOVE U
> REQ 1637330534 6 1
> VAMPIRE 1 1 1 3 1 3 0
> VAMPIRE 2 13 1 3 1 3 0
> VAMPIRE 3 13 13 3 1 3 0
> VAMPIRE 4 1 13 3 1 3 0
> BAT1 8 1 9 1 10 1 7 3 1 4 1 5 6 5 8 5 1 6 5 6 9 6 3 7 11 7 5 8 9 8 13 8 6 9 8 9 13 9 13 10 7 11 13 11 3 13 4 13 5 13 6 13
> BAT2 3 1 4 1 5 1 6 1 8 3 9 3 13 3 13 4 3 5 7 5 13 5 3 6 13 6 5 7 9 7 1 8 11 8 1 9 7 9 11 9 1 10 1 11 5 11 6 11 8 13 9 13 10 13 11 13
> BAT3 7 1 5 3 6 3 11 5 11 6 1 7 7 7 13 7 3 8 3 9 8 11 9 11 7 13
< RES 1637330534 6 1
< MOVE R R
> REQ 1637330534 7 1
> VAMPIRE 1 1 3 3 1 3 0
> VAMPIRE 2 11 1 3 1 3 0
> VAMPIRE 3 13 13 3 1 3 0
> VAMPIRE 4 1 13 3 1 3 0
> BAT1 8 1 9 1 10 1 7 3 1 4 1 5 6 5 8 5 1 6 5 6 9 6 3 7 11 7 5 8 9 8 13 8 6 9 8 9 13 9 13 10 7 11 13 11 3 13 4 13 5 13 6 13
> BAT2 3 1 4 1 5 1 6 1 8 3 9 3 13 3 13 4 3 5 7 5 13 5 3 6 13 6 5 7 9 7 1 8 11 8 1 9 7 9 11 9 1 10 1 11 5 11 6 11 8 13 9 13 10 13 11 13
> BAT3 7 1 5 3 6 3 11 5 11 6 1 7 7 7 13 7 3 8 3 9 8 11 9 11 7 13
< RES 1637330534 7 1
< MOVE D D
> REQ 1637330534 8 1
> VAMPIRE 1 3 3 3 1 3 0
> VAMPIRE 2 11 3 3 1 3 0
> VAMPIRE 3 13 13 3 1 3 0
> VAMPIRE 4 1 13 3 1 3 0
> BAT1 8 1 9 1 10 1 7 3 1 4 1 5 6 5 8 5 1 6 5 6 9 6 3 7 11 7 5 8 9 8 13 8 6 9 8 9 13 9 13 10 7 11 13 11 3 13 4 13 5 13 6 13
> BAT2 3 1 4 1 5 1 6 1 8 3 9 3 13 3 13 4 3 5 7 5 13 5 3 6 13 6 5 7 9 7 1 8 11 8 1 9 7 9 11 9 1 10 1 11 5 11 6 11 8 13 9 13 10 13 11 13
> BAT3 7 1 5 3 6 3 11 5 11 6 1 7 7 7 13 7 3 8 3 9 8 11 9 11 7 13
< RES 1637330534 8 1
< GRENADE
< MOVE U U
> REQ 1637330534 9 1
> VAMPIRE 1 1 3 3 0 3 0
> VAMPIRE 2 11 1 3 0 3 0
> VAMPIRE 3 13 13 3 1 3 0
> VAMPIRE 4 1 13 3 1 3 0
> GRENADE 1 3 3 5 3
> GRENADE 2 11 3 5 3
> BAT1 8 1 9 1 10 1 7 3 1 4 1 5 6 5 8 5 1 6 5 6 9 6 3 7 11 7 5 8 9 8 13 8 6 9 8 9 13 9 13 10 7 11 13 11 3 13 4 13 5 13 6 13
> BAT2 3 1 4 1 5 1 6 1 8 3 9 3 13 3 13 4 3 5 7 5 13 5 3 6 13 6 5 7 9 7 1 8 11 8 1 9 7 9 11 9 1 10 1 11 5 11 6 11 8 13 9 13 10 13 11 13
> BAT3 7 1 5 3 6 3 11 5 11 6 1 7 7 7 13 7 3 8 3 9 8 11 9 11 7 13
< RES 1637330534 9 1
< MOVE L
> REQ 1637330534 10 1
> VAMPIRE 1 1 2 3 0 3 0
> VAMPIRE 2 12 1 3 0 3 0
> VAMPIRE 3 13 13 3 1 3 0
> VAMPIRE 4 1 13 3 1 3 0
> GRENADE 1 3 3 4 3
> GRENADE 2 11 3 4 3
> BAT1 8 1 9 1 10 1 7 3 1 4 1 5 6 5 8 5 1 6 5 6 9 6 3 7 11 7 5 8 9 8 13 8 6 9 8 9 13 9 13 10 7 11 13 11 3 13 4 13 5 13 6 13
> BAT2 3 1 4 1 5 1 6 1 8 3 9 3 13 3 13 4 3 5 7 5 13 5 3 6 13 6 5 7 9 7 1 8 11 8 1 9 7 9 11 9 1 10 1 11 5 11 6 11 8 13 9 13 10 13 11 13
> BAT3 7 1 5 3 6 3 11 5 11 6 1 7 7 7 13 7 3 8 3 9 8 11 9 11 7 13
< RES 1637330534 10 1
> REQ 1637330534 11 1
> VAMPIRE 1 1 2 3 0 3 0
> VAMPIRE 2 12 1 3 0 3 0
> VAMPIRE 3 13 13 3 1 3 0
> VAMPIRE 4 1 13 3 1 3 0
> GRENADE 1 3 3 3 3
> GRENADE 2 11 3 3 3
> BAT1 8 1 9 1 10 1 7 3 1 4 1 5 6 5 8 5 1 6 5 6 9 6 3 7 11 7 5 8 9 8 13 8 6 9 8 9 13 9 13 10 7 11 13 11 3 13 4 13 5 13 6 13
> BAT2 3 1 4 1 5 1 6 1 8 3 9 3 13 3 13 4 3 5 7 5 13 5 3 6 13 6 5 7 9 7 1 8 11 8 1 9 7 9 11 9 1 10 1 11 5 11 6 11 8 13 9 13 10 13 11 13
> BAT3 7 1 5 3 6 3 11 5 11 6 1 7 7 7 13 7 3 8 3 9 8 11 9 11 7 13
< RES 1637330534 11 1
> REQ 1637330534 12 1
> VAMPIRE 1 1 2 3 0 3 0
> VAMPIRE 2 12 1 3 0 3 0
> VAMPIRE 3 13 13 3 1 3 0
> VAMPIRE 4 1 13 3 1 3 0
> GRENADE 1 3 3 2 3
> GRENADE 2 11 3 2 3
> BAT1 8 1 9 1 10 1 7 3 1 4 1 5 6 5 8 5 1 6 5 6 9 6 3 7 11 7 5 8 9 8 13 8 6 9 8 9 13 9 13 10 7 11 13 11 3 13 4 13 5 13 6 13
> BAT2 3 1 4 1 5 1 6 1 8 3 9 3 13 3 13 4 3 5 7 5 13 5 3 6 13 6 5 7 9 7 1 8 11 8 1 9 7 9 11 9 1 10 1 11 5 11 6 11 8 13 9 13 10 13 11 13
> BAT3 7 1 5 3 6 3 11 5 11 6 1 7 7 7 13 7 3 8 3 9 8 11 9 11 7 13
< RES 1637330534 12 1
> REQ 1637330534 13 1
> VAMPIRE 1 1 2 3 0 3 0
> VAMPIRE 2 12 1 3 0 3 0
> VAMPIRE 3 13 13 3 1 3 0
> VAMPIRE 4 1 13 3 1 3 0
> GRENADE 1 3 3 1 3
> GRENADE 2 11 3 1 3
> BAT1 8 1 9 1 10 1 7 3 1 4 1 5 6 5 8 5 1 6 5 6 9 6 3 7 11 7 5 8 9 8 13 8 6 9 8 9 13 9 13 10 7 11 13 11 3 13 4 13 5 13 6 13
> BAT2 3 1 4 1 5 1 6 1 8 3 9 3 13 3 13 4 3 5 7 5 13 5 3 6 13 6 5 7 9 7 1 8 11 8 1 9 7 9 11 9 1 10 1 11 5 11 6 11 8 13 9 13 10 13 11 13
> BAT3 7 1 5 3 6 3 11 5 11 6 1 7 7 7 13 7 3 8 3 9 8 11 9 11 7 13
< RES 1637330534 13 1
< MOVE R D
> REQ 1637330534 14 1
> VAMPIRE 1 2 3 3 1 3 0
> VAMPIRE 2 11 2 3 1 3 0
> VAMPIRE 3 13 13 3 1 3 0
> VAMPIRE 4 1 13 3 1 3 0
> BAT1 8 1 9 1 10 1 7 3 1 4 1 5 6 5 8 5 1 6 5 6 9 6 3 7 11 7 5 8 9 8 13 8 6 9 8 9 13 9 13 10 7 11 13 11 3 13 4 13 5 13 6 13 3 1 9 3 13 3 3 5
> BAT2 4 1 5 1 6 1 8 3 13 4 7 5 13 5 3 6 13 6 5 7 9 7 1 8 11 8 1 9 7 9 11 9 1 10 1 11 5 11 6 11 8 13 9 13 10 13 11 13 5 3 11 5
> BAT3 7 1 6 3 11 6 1 7 7 7 13 7 3 8 3 9 8 11 9 11 7 13
< RES 1637330534 14 1
< MOVE D
> REQ 1637330534 15 1
> VAMPIRE 1 3 3 3 1 3 0
> VAMPIRE 2 10 3 3 1 3 0
> VAMPIRE 3 13 13 3 1 3 0
> VAMPIRE 4 1 13 3 1 3 0
> BAT1 8 1 9 1 10 1 7 3 1 4 1 5 6 5 8 5 1 6 5 6 9 6 3 7 11 7 5 8 9 8 13 8 6 9 8 9 13 9 13 10 7 11 13 11 3 13 4 13 5 13 6 13 3 1 9 3 13 3 3 5
> BAT2 4 1 5 1 6 1 8 3 13 4 7 5 13 5 3 6 13 6 5 7 9 7 1 8 11 8 1 9 7 9 11 9 1 10 1 11 5 11 6 11 8 13 9 13 10 13 11 13 5 3 11 5
> BAT3 7 1 6 3 11 6 1 7 7 7 13 7 3 8 3 9 8 11 9 11 7 13
< RES 1637330534 15 1
< GRENADE
> REQ 1637330534 16 1
> VAMPIRE 1 3 3 3 0 3 0
> VAMPIRE 2 11 2 3 0 3 0
> VAMPIRE 3 13 13 3 1 3 0
> VAMPIRE 4 1 13 3 1 3 0
> GRENADE 1 3 3 5 3
> GRENADE 2 10 3 5 3
> BAT1 8 1 9 1 10 1 7 3 1 4 1 5 6 5 8 5 1 6 5 6 9 6 3 7 11 7 5 8 9 8 13 8 6 9 8 9 13 9 13 10 7 11 13 11 3 13 4 13 5 13 6 13 3 1 9 3 13 3 3 5
> BAT2 4 1 5 1 6 1 8 3 13 4 7 5 13 5 3 6 13 6 5 7 9 7 1 8 11 8 1 9 7 9 11 9 1 10 1 11 5 11 6 11 8 13 9 13 10 13 11 13 5 3 11 5
> BAT3 7 1 6 3 11 6 1 7 7 7 13 7 3 8 3 9 8 11 9 11 7 13
< RES 1637330534 16 1
< MOVE U U
> REQ 1637330534 17 1
> VAMPIRE 1 1 3 3 0 3 0
> VAMPIRE 2 11 1 3 0 3 0
> VAMPIRE 3 13 13 3 1 3 0
> VAMPIRE 4 1 13 3 1 3 0
> GRENADE 1 3 3 4 3
> GRENADE 2 10 3 4 3
> BAT1 8 1 9 1 10 1 7 3 1 4 1 5 6 5 8 5 1 6 5 6 9 6 3 7 11 7 5 8 9 8 13 8 6 9 8 9 13 9 13 10 7 11 13 11 3 13 4 13 5 13 6 13 3 1 9 3 13 3 3 5
> BAT2 4 1 5 1 6 1 8 3 13 4 7 5 13 5 3 6 13 6 5 7 9 7 1 8 11 8 1 9 7 9 11 9 1 10 1 11 5 11 6 11 8 13 9 13 10 13 11 13 5 3 11 5
> BAT3 7 1 6 3 11 6 1 7 7 7 13 7 3 8 3 9 8 11 9 11 7 13
< RES 1637330534 17 1
< MOVE L
> REQ 1637330534 18 1
> VAMPIRE 1 1 2 3 0 3 0
> VAMPIRE 2 11 1 3 0 3 0
> VAMPIRE 3 13 13 3 1 3 0
> VAMPIRE 4 1 13 3 1 3 0
> GRENADE 1 3 3 3 3
> GRENADE 2 10 3 3 3
> BAT1 8 1 9 1 10 1 7 3 1 4 1 5 6 5 8 5 1 6 5 6 9 6 3 7 11 7 5 8 9 8 13 8 6 9 8 9 13 9 13 10 7 11 13 11 3 13 4 13 5 13 6 13 3 1 9 3 13 3 3 5
> BAT2 4 1 5 1 6 1 8 3 13 4 7 5 13 5 3 6 13 6 5 7 9 7 1 8 11 8 1 9 7 9 11 9 1 10 1 11 5 11 6 11 8 13 9 13 10 13 11 13 5 3 11 5
> BAT3 7 1 6 3 11 6 1 7 7 7 13 7 3 8 3 9 8 11 9 11 7 13
< RES 1637330534 18 1
> REQ 1637330534 19 1
> VAMPIRE 1 1 2 3 0 3 0
> VAMPIRE 2 11 1 3 0 3 0
> VAMPIRE 3 13 13 3 1 3 0
> VAMPIRE 4 1 13 3 1 3 0
> GRENADE 1 3 3 2 3
> GRENADE 2 10 3 2 3
> BAT1 8 1 9 1 10 1 7 3 1 4 1 5 6 5 8 5 1 6 5 6 9 6 3 7 11 7 5 8 9 8 13 8 6 9 8 9 13 9 13 10 7 11 13 11 3 13 4 13 5 13 6 13 3 1 9 3 13 3 3 5
> BAT2 4 1 5 1 6 1 8 3 13 4 7 5 13 5 3 6 13 6 5 7 9 7 1 8 11 8 1 9 7 9 11 9 1 10 1 11 5 11 6 11 8 13 9 13 10 13 11 13 5 3 11 5
> BAT3 7 1 6 3 11 6 1 7 7 7 13 7 3 8 3 9 8 11 9 11 7 13
< RES 1637330534 19 1
> REQ 1637330534 20 1
> VAMPIRE 1 1 2 3 0 3 0
> VAMPIRE 2 11 1 3 0 3 0
> VAMPIRE 3 13 13 3 1 3 0
> VAMPIRE 4 1 13 3 1 3 0
> GRENADE 1 3 3 1 3
> GRENADE 2 10 3 1 3
> BAT1 8 1 9 1 10 1 7 3 1 4 1 5 6 5 8 5 1 6 5 6 9 6 3 7 11 7 5 8 9 8 13 8 6 9 8 9 13 9 13 10 7 11 13 11 3 13 4 13 5 13 6 13 3 1 9 3 13 3 3 5
> BAT2 4 1 5 1 6 1 8 3 13 4 7 5 13 5 3 6 13 6 5 7 9 7 1 8 11 8 1 9 7 9 11 9 1 10 1 11 5 11 6 11 8 13 9 13 10 13 11 13 5 3 11 5
> BAT3 7 1 6 3 11 6 1 7 7 7 13 7 3 8 3 9 8 11 9 11 7 13
< RES 1637330534 20 1
< MOVE R
> REQ 1637330534 21 1
> VAMPIRE 1 1 3 3 1 3 0
> VAMPIRE 2 11 3 3 1 3 0
> VAMPIRE 3 13 13 3 1 3 0
> VAMPIRE 4 1 13 3 1 3 0
> BAT1 8 1 9 1 10 1 7 3 1 4 1 5 6 5 8 5 1 6 5 6 9 6 3 7 11 7 5 8 9 8 13 8 6 9 8 9 13 9 13 10 7 11 13 11 3 13 4 13 5 13 6 13 5 3
> BAT2 4 1 5 1 6 1 8 3 13 4 7 5 13 5 3 6 13 6 5 7 9 7 1 8 11 8 1 9 7 9 11 9 1 10 1 11 5 11 6 11 8 13 9 13 10 13 11 13 11 5
> BAT3 7 1 6 3 11 6 1 7 7 7 13 7 3 8 3 9 8 11 9 11 7 13
< RES 1637330534 21 1
< MOVE D D
> REQ 1637330534 22 1
> VAMPIRE 1 3 3 3 1 3 0
> VAMPIRE 2 11 3 3 0 3 0
> VAMPIRE 3 13 13 3 1 3 0
> VAMPIRE 4 1 13 3 1 3 0
> GRENADE 2 11 3 5 3
> BAT1 8 1 9 1 10 1 7 3 1 4 1 5 6 5 8 5 1 6 5 6 9 6 3 7 11 7 5 8 9 8 13 8 6 9 8 9 13 9 13 10 7 11 13 11 3 13 4 13 5 13 6 13 5 3
> BAT2 4 1 5 1 6 1 8 3 13 4 7 5 13 5 3 6 13 6 5 7 9 7 1 8 11 8 1 9 7 9 11 9 1 10 1 11 5 11 6 11 8 13 9 13 10 13 11 13 11 5
> BAT3 7 1 6 3 11 6 1 7 7 7 13 7 3 8 3 9 8 11 9 11 7 13
< RES 1637330534 22 1
< GRENADE
> REQ 1637330534 23 1
> VAMPIRE 1 3 3 3 0 3 0
> VAMPIRE 2 11 1 3 0 3 0
> VAMPIRE 3 13 13 3 1 3 0
> VAMPIRE 4 1 13 3 1 3 0
> GRENADE 2 9 3 4 3
> GRENADE 1 3 3 5 3
> BAT1 8 1 9 1 10 1 7 3 1 4 1 5 6 5 8 5 1 6 5 6 9 6 3 7 11 7 5 8 9 8 13 8 6 9 8 9 13 9 13 10 7 11 13 11 3 13 4 13 5 13 6 13 5 3
> BAT2 4 1 5 1 6 1 8 3 13 4 7 5 13 5 3 6 13 6 5 7 9 7 1 8 11 8 1 9 7 9 11 9 1 10 1 11 5 11 6 11 8 13 9 13 10 13 11 13 11 5
> BAT3 7 1 6 3 11 6 1 7 7 7 13 7 3 8 3 9 8 11 9 11 7 13
< RES 1637330534 23 1
< THROW XR 2
< MOVE U U
> REQ 1637330534 24 1
> VAMPIRE 1 1 3 3 0 3 0
> VAMPIRE 2 11 1 3 0 3 0
> VAMPIRE 3 13 13 3 1 3 0
> VAMPIRE 4 1 13 3 1 3 0
> GRENADE 2 9 3 3 3
> GRENADE 1 3 5 4 3
> BAT1 8 1 9 1 10 1 7 3 1 4 1 5 6 5 8 5 1 6 5 6 9 6 3 7 11 7 5 8 9 8 13 8 6 9 8 9 13 9 13 10 7 11 13 11 3 13 4 13 5 13 6 13 5 3
> BAT2 4 1 5 1 6 1 8 3 13 4 7 5 13 5 3 6 13 6 5 7 9 7 1 8 11 8 1 9 7 9 11 9 1 10 1 11 5 11 6 11 8 13 9 13 10 13 11 13 11 5
> BAT3 7 1 6 3 11 6 1 7 7 7 13 7 3 8 3 9 8 11 9 11 7 13
< RES 1637330534 24 1
> REQ 1637330534 25 1
> VAMPIRE 1 1 3 3 0 3 0
> VAMPIRE 2 11 1 3 0 3 0
> VAMPIRE 3 13 13 3 1 3 0
> VAMPIRE 4 1 13 3 1 3 0
> GRENADE 2 9 3 2 3
> GRENADE 1 3 5 3 3
> BAT1 8 1 9 1 10 1 7 3 1 4 1 5 6 5 8 5 1 6 5 6 9 6 3 7 11 7 5 8 9 8 13 8 6 9 8 9 13 9 13 10 7 11 13 11 3 13 4 13 5 13 6 13 5 3
> BAT2 4 1 5 1 6 1 8 3 13 4 7 5 13 5 3 6 13 6 5 7 9 7 1 8 11 8 1 9 7 9 11 9 1 10 1 11 5 11 6 11 8 13 9 13 10 13 11 13 11 5
> BAT3 7 1 6 3 11 6 1 7 7 7 13 7 3 8 3 9 8 11 9 11 7 13
< RES 1637330534 25 1
> REQ 1637330534 26 1
> VAMPIRE 1 1 3 3 0 3 0
> VAMPIRE 2 11 1 3 0 3 0
> VAMPIRE 3 13 13 3 1 3 0
> VAMPIRE 4 1 13 3 1 3 0
> GRENADE 2 9 3 1 3
> GRENADE 1 3 5 2 3
> BAT1 8 1 9 1 10 1 7 3 1 4 1 5 6 5 8 5 1 6 5 6 9 6 3 7 11 7 5 8 9 8 13 8 6 9 8 9 13 9 13 10 7 11 13 11 3 13 4 13 5 13 6 13 5 3
> BAT2 4 1 5 1 6 1 8 3 13 4 7 5 13 5 3 6 13 6 5 7 9 7 1 8 11 8 1 9 7 9 11 9 1 10 1 11 5 11 6 11 8 13 9 13 10 13 11 13 11 5
> BAT3 7 1 6 3 11 6 1 7 7 7 13 7 3 8 3 9 8 11 9 11 7 13
< RES 1637330534 26 1
> REQ 1637330534 27 1
> VAMPIRE 1 1 3 3 0 3 0
> VAMPIRE 2 11 3 3 1 3 0
> VAMPIRE 3 13 13 3 1 3 0
> VAMPIRE 4 1 13 3 1 3 0
> GRENADE 1 3 5 1 3
> BAT1 8 1 10 1 7 3 1 4 1 5 6 5 8 5 1 6 5 6 3 7 11 7 5 8 9 8 13 8 6 9 8 9 13 9 13 10 7 11 13 11 3 13 4 13 5 13 6 13 8 3 5 3
> BAT2 4 1 5 1 6 1 13 4 7 5 13 5 3 6 13 6 5 7 9 7 1 8 11 8 1 9 7 9 11 9 1 10 1 11 5 11 6 11 8 13 9 13 10 13 11 13 11 5
> BAT3 7 1 6 3 11 6 1 7 7 7 13 7 3 8 3 9 8 11 9 11 7 13
< RES 1637330534 27 1
< MOVE L L
> REQ 1637330534 28 1
> VAMPIRE 1 1 1 3 1 3 0
> VAMPIRE 2 9 3 3 0 3 0
> VAMPIRE 3 13 13 3 1 3 0
> VAMPIRE 4 1 13 3 1 3 0
> GRENADE 2 11 3 5 3
> BAT1 8 1 10 1 7 3 1 4 8 5 1 6 5 6 3 7 11 7 5 8 9 8 13 8 6 9 8 9 13 9 13 10 7 11 13 11 3 13 4 13 5 13 6 13 8 3 3 6 5 3
> BAT2 4 1 5 1 6 1 13 4 7 5 13 5 13 6 5 7 9 7 1 8 11 8 1 9 7 9 11 9 1 10 1 11 5 11 6 11 8 13 9 13 10 13 11 13 11 5
> BAT3 7 1 6 3 11 6 1 7 7 7 13 7 3 8 3 9 8 11 9 11 7 13
< RES 1637330534 28 1
< GRENADE
< MOVE D D
> REQ 1637330534 29 1
> VAMPIRE 1 3 1 3 0 3 0
> VAMPIRE 2 9 5 3 0 3 0
> VAMPIRE 3 13 13 3 1 3 0
> VAMPIRE 4 1 13 3 1 3 0
> GRENADE 2 11 3 4 3
> GRENADE 1 1 1 5 3
> BAT1 8 1 10 1 7 3 1 4 8 5 1 6 5 6 3 7 11 7 5 8 9 8 13 8 6 9 8 9 13 9 13 10 7 11 13 11 3 13 4 13 5 13 6 13 8 3 3 6 5 3
> BAT2 4 1 5 1 6 1 13 4 7 5 13 5 13 6 5 7 9 7 1 8 11 8 1 9 7 9 11 9 1 10 1 11 5 11 6 11 8 13 9 13 10 13 11 13 11 5
> BAT3 7 1 6 3 11 6 1 7 7 7 13 7 3 8 3 9 8 11 9 11 7 13
< RES 1637330534 29 1
< MOVE R R
> REQ 1637330534 30 1
> VAMPIRE 1 3 3 3 0 3 0
> VAMPIRE 2 9 5 3 0 3 0
> VAMPIRE 3 13 13 3 1 3 0
> VAMPIRE 4 1 13 3 1 3 0
> GRENADE 2 11 3 3 3
> GRENADE 1 1 1 4 3
> BAT1 8 1 10 1 7 3 1 4 8 5 1 6 5 6 3 7 11 7 5 8 9 8 13 8 6 9 8 9 13 9 13 10 7 11 13 11 3 13 4 13 5 13 6 13 8 3 3 6 5 3
> BAT2 4 1 5 1 6 1 13 4 7 5 13 5 13 6 5 7 9 7 1 8 11 8 1 9 7 9 11 9 1 10 1 11 5 11 6 11 8 13 9 13 10 13 11 13 11 5
> BAT3 7 1 6 3 11 6 1 7 7 7 13 7 3 8 3 9 8 11 9 11 7 13
< RES 1637330534 30 1
> REQ 1637330534 31 1
> VAMPIRE 1 3 3 3 0 3 0
> VAMPIRE 2 9 5 3 0 3 0
> VAMPIRE 3 13 13 3 1 3 0
> VAMPIRE 4 1 13 3 1 3 0
> GRENADE 2 11 3 2 3
> GRENADE 1 1 1 3 3
> BAT1 8 1 10 1 7 3 1 4 8 5 1 6 5 6 3 7 11 7 5 8 9 8 13 8 6 9 8 9 13 9 13 10 7 11 13 11 3 13 4 13 5 13 6 13 8 3 3 6 5 3
> BAT2 4 1 5 1 6 1 13 4 7 5 13 5 13 6 5 7 9 7 1 8 11 8 1 9 7 9 11 9 1 10 1 11 5 11 6 11 8 13 9 13 10 13 11 13 11 5
> BAT3 7 1 6 3 11 6 1 7 7 7 13 7 3 8 3 9 8 11 9 11 7 13
< RES 1637330534 31 1
> REQ 1637330534 32 1
> VAMPIRE 1 3 3 3 0 3 0
> VAMPIRE 2 9 5 3 0 3 0
> VAMPIRE 3 13 13 3 1 3 0
> VAMPIRE 4 1 13 3 1 3 0
> GRENADE 2 11 3 1 3
> GRENADE 1 1 1 2 3
> BAT1 8 1 10 1 7 3 1 4 8 5 1 6 5 6 3 7 11 7 5 8 9 8 13 8 6 9 8 9 13 9 13 10 7 11 13 11 3 13 4 13 5 13 6 13 8 3 3 6 5 3
> BAT2 4 1 5 1 6 1 13 4 7 5 13 5 13 6 5 7 9 7 1 8 11 8 1 9 7 9 11 9 1 10 1 11 5 11 6 11 8 13 9 13 10 13 11 13 11 5
> BAT3 7 1 6 3 11 6 1 7 7 7 13 7 3 8 3 9 8 11 9 11 7 13
< RES 1637330534 32 1
< MOVE R R
> REQ 1637330534 33 1
> VAMPIRE 1 3 5 3 0 3 0
> VAMPIRE 2 9 5 3 1 3 0
> VAMPIRE 3 13 13 3 1 3 0
> VAMPIRE 4 1 13 3 1 3 0
> GRENADE 1 1 1 1 3
> BAT1 8 1 10 1 7 3 1 4 8 5 1 6 5 6 3 7 11 7 5 8 9 8 13 8 6 9 8 9 13 9 13 10 7 11 13 11 3 13 4 13 5 13 6 13 3 6 5 3 11 5
> BAT2 4 1 5 1 6 1 13 4 7 5 13 5 13 6 5 7 9 7 1 8 11 8 1 9 7 9 11 9 1 10 1 11 5 11 6 11 8 13 9 13 10 13 11 13
> BAT3 7 1 6 3 11 6 1 7 7 7 13 7 3 8 3 9 8 11 9 11 7 13
< RES 1637330534 33 1
< MOVE D D
> REQ 1637330534 34 1
> VAMPIRE 1 5 5 3 1 3 0
> VAMPIRE 2 9 5 3 0 3 0
> VAMPIRE 3 13 13 3 1 3 0
> VAMPIRE 4 1 13 3 1 3 0
> GRENADE 2 9 5 5 3
> BAT1 8 1 10 1 7 3 8 5 1 6 5 6 3 7 11 7 5 8 9 8 13 8 6 9 8 9 13 9 13 10 7 11 13 11 3 13 4 13 5 13 6 13 4 1 3 6 5 3 11 5
> BAT2 5 1 6 1 13 4 7 5 13 5 13 6 5 7 9 7 1 8 11 8 1 9 7 9 11 9 1 10 1 11 5 11 6 11 8 13 9 13 10 13 11 13
> BAT3 7 1 6 3 11 6 1 7 7 7 13 7 3 8 3 9 8 11 9 11 7 13
< RES 1637330534 34 1
< GRENADE
> REQ 1637330534 35 1
> VAMPIRE 1 5 5 3 0 3 0
> VAMPIRE 2 9 5 3 0 3 0
> VAMPIRE 3 13 13 3 1 3 0
> VAMPIRE 4 1 13 3 1 3 0
> GRENADE 2 9 9 4 3
> GRENADE 1 5 5 5 3
> BAT1 8 1 10 1 7 3 8 5 1 6 5 6 3 7 11 7 5 8 9 8 13 8 6 9 8 9 13 9 13 10 7 11 13 11 3 13 4 13 5 13 6 13 4 1 3 6 5 3 11 5
> BAT2 5 1 6 1 13 4 7 5 13 5 13 6 5 7 9 7 1 8 11 8 1 9 7 9 11 9 1 10 1 11 5 11 6 11 8 13 9 13 10 13 11 13
> BAT3 7 1 6 3 11 6 1 7 7 7 13 7 3 8 3 9 8 11 9 11 7 13
< RES 1637330534 35 1
< THROW XR 4
< MOVE U U
> REQ 1637330534 36 1
> VAMPIRE 1 3 5 3 0 3 0
> VAMPIRE 2 9 3 3 0 3 0
> VAMPIRE 3 13 13 3 1 3 0
> VAMPIRE 4 1 13 3 1 3 0
> GRENADE 2 9 9 3 3
> GRENADE 1 5 9 4 3
> BAT1 8 1 10 1 7 3 8 5 1 6 5 6 3 7 11 7 5 8 9 8 13 8 6 9 8 9 13 9 13 10 7 11 13 11 3 13 4 13 5 13 6 13 4 1 3 6 5 3 11 5
> BAT2 5 1 6 1 13 4 7 5 13 5 13 6 5 7 9 7 1 8 11 8 1 9 7 9 11 9 1 10 1 11 5 11 6 11 8 13 9 13 10 13 11 13
> BAT3 7 1 6 3 11 6 1 7 7 7 13 7 3 8 3 9 8 11 9 11 7 13
< RES 1637330534 36 1
< MOVE L L
> REQ 1637330534 37 1
> VAMPIRE 1 3 3 3 0 3 0
> VAMPIRE 2 9 3 3 0 3 0
> VAMPIRE 3 13 13 3 1 3 0
> VAMPIRE 4 1 13 3 1 3 0
> GRENADE 2 9 9 2 3
> GRENADE 1 5 9 3 3
> BAT1 8 1 10 1 7 3 8 5 1 6 5 6 3 7 11 7 5 8 9 8 13 8 6 9 8 9 13 9 13 10 7 11 13 11 3 13 4 13 5 13 6 13 4 1 3 6 5 3 11 5
> BAT2 5 1 6 1 13 4 7 5 13 5 13 6 5 7 9 7 1 8 11 8 1 9 7 9 11 9 1 10 1 11 5 11 6 11 8 13 9 13 10 13 11 13
> BAT3 7 1 6 3 11 6 1 7 7 7 13 7 3 8 3 9 8 11 9 11 7 13
< RES 1637330534 37 1
> REQ 1637330534 38 1
> VAMPIRE 1 3 3 3 0 3 0
> VAMPIRE 2 9 3 3 0 3 0
> VAMPIRE 3 13 13 3 1 3 0
> VAMPIRE 4 1 13 3 1 3 0
> GRENADE 2 9 9 1 3
> GRENADE 1 5 9 2 3
> BAT1 8 1 10 1 7 3 8 5 1 6 5 6 3 7 11 7 5 8 9 8 13 8 6 9 8 9 13 9 13 10 7 11 13 11 3 13 4 13 5 13 6 13 4 1 3 6 5 3 11 5
> BAT2 5 1 6 1 13 4 7 5 13 5 13 6 5 7 9 7 1 8 11 8 1 9 7 9 11 9 1 10 1 11 5 11 6 11 8 13 9 13 10 13 11 13
> BAT3 7 1 6 3 11 6 1 7 7 7 13 7 3 8 3 9 8 11 9 11 7 13
< RES 1637330534 38 1
> REQ 1637330534 39 1
> VAMPIRE 1 3 3 3 0 3 0
> VAMPIRE 2 9 5 3 1 3 0
> VAMPIRE 3 13 13 3 1 3 0
> VAMPIRE 4 1 13 3 1 3 0
> GRENADE 1 5 9 1 3
> BAT1 8 1 10 1 7 3 8 5 1 6 5 6 3 7 11 7 5 8 13 8 6 9 13 9 13 10 7 11 13 11 3 13 4 13 5 13 6 13 4 1 3 6 11 9 5 3 11 5
> BAT2 5 1 6 1 13 4 7 5 13 5 13 6 5 7 9 7 1 8 11 8 1 9 7 9 1 10 1 11 5 11 6 11 8 13 9 13 10 13 11 13 9 11
> BAT3 7 1 6 3 11 6 1 7 7 7 13 7 3 8 3 9 8 11 7 13
< RES 1637330534 39 1
> REQ 1637330534 40 1
> VAMPIRE 1 3 3 3 1 3 0
> VAMPIRE 2 9 5 3 0 3 0
> VAMPIRE 3 13 13 3 1 3 0
> VAMPIRE 4 1 13 3 1 3 0
> GRENADE 2 9 5 5 3
> BAT1 8 1 10 1 7 3 8 5 1 6 5 6 3 7 11 7 13 8 13 9 13 10 7 11 13 11 3 13 4 13 5 13 6 13 4 1 3 6 11 9 5 11 5 3 11 5
> BAT2 5 1 6 1 13 4 7 5 13 5 13 6 5 7 9 7 1 8 11 8 1 9 7 9 1 10 1 11 6 11 8 13 9 13 10 13 11 13 3 9 9 11
> BAT3 7 1 6 3 11 6 1 7 7 7 13 7 3 8 8 11 7 13
< RES 1637330534 40 1
< GRENADE
< MOVE R R
> REQ 1637330534 41 1
> VAMPIRE 1 3 5 3 0 3 0
> VAMPIRE 2 9 5 3 0 3 0
> VAMPIRE 3 13 13 3 1 3 0
> VAMPIRE 4 1 13 3 1 3 0
> GRENADE 2 9 9 4 3
> GRENADE 1 3 3 5 3
> BAT1 8 1 10 1 7 3 8 5 1 6 5 6 3 7 11 7 13 8 13 9 13 10 7 11 13 11 3 13 4 13 5 13 6 13 4 1 3 6 11 9 5 11 5 3 11 5
> BAT2 5 1 6 1 13 4 7 5 13 5 13 6 5 7 9 7 1 8 11 8 1 9 7 9 1 10 1 11 6 11 8 13 9 13 10 13 11 13 3 9 9 11
> BAT3 7 1 6 3 11 6 1 7 7 7 13 7 3 8 8 11 7 13
< RES 1637330534 41 1
< MOVE D D
> REQ 1637330534 42 1
> VAMPIRE 1 5 5 3 0 3 0
> VAMPIRE 2 9 3 3 0 3 0
> VAMPIRE 3 13 13 3 1 3 0
> VAMPIRE 4 1 13 3 1 3 0
> GRENADE 2 9 9 3 3
> GRENADE 1 3 3 4 3
> BAT1 8 1 10 1 7 3 8 5 1 6 5 6 3 7 11 7 13 8 13 9 13 10 7 11 13 11 3 13 4 13 5 13 6 13 4 1 3 6 11 9 5 11 5 3 11 5
> BAT2 5 1 6 1 13 4 7 5 13 5 13 6 5 7 9 7 1 8 11 8 1 9 7 9 1 10 1 11 6 11 8 13 9 13 10 13 11 13 3 9 9 11
> BAT3 7 1 6 3 11 6 1 7 7 7 13 7 3 8 8 11 7 13
< RES 1637330534 42 1
> REQ 1637330534 43 1
> VAMPIRE 1 5 5 3 0 3 0
> VAMPIRE 2 9 3 3 0 3 0
> VAMPIRE 3 13 13 3 1 3 0
> VAMPIRE 4 1 13 3 1 3 0
> GRENADE 2 9 9 2 3
> GRENADE 1 3 3 3 3
> BAT1 8 1 10 1 7 3 8 5 1 6 5 6 3 7 11 7 13 8 13 9 13 10 7 11 13 11 3 13 4 13 5 13 6 13 4 1 3 6 11 9 5 11 5 3 11 5
> BAT2 5 1 6 1 13 4 7 5 13 5 13 6 5 7 9 7 1 8 11 8 1 9 7 9 1 10 1 11 6 11 8 13 9 13 10 13 11 13 3 9 9 11
> BAT3 7 1 6 3 11 6 1 7 7 7 13 7 3 8 8 11 7 13
< RES 1637330534 43 1
> REQ 1637330534 44 1
> VAMPIRE 1 5 5 3 0 3 0
> VAMPIRE 2 9 5 3 0 3 0
> VAMPIRE 3 13 13 3 1 3 0
> VAMPIRE 4 1 13 3 1 3 0
> GRENADE 2 9 9 1 3
> GRENADE 1 3 3 2 3
> BAT1 8 1 10 1 7 3 8 5 1 6 5 6 3 7 11 7 13 8 13 9 13 10 7 11 13 11 3 13 4 13 5 13 6 13 4 1 3 6 11 9 5 11 5 3 11 5
> BAT2 5 1 6 1 13 4 7 5 13 5 13 6 5 7 9 7 1 8 11 8 1 9 7 9 1 10 1 11 6 11 8 13 9 13 10 13 11 13 3 9 9 11
> BAT3 7 1 6 3 11 6 1 7 7 7 13 7 3 8 8 11 7 13
< RES 1637330534 44 1
> REQ 1637330534 45 1
> VAMPIRE 1 5 5 3 0 3 0
> VAMPIRE 2 9 5 3 1 3 0
> VAMPIRE 3 13 13 3 1 3 0
> VAMPIRE 4 1 13 3 1 3 0
> GRENADE 1 3 3 1 3
> BAT1 8 1 10 1 7 3 8 5 1 6 5 6 3 7 11 7 13 8 13 9 13 10 7 11 13 11 3 13 4 13 5 13 6 13 4 1 3 6 9 7 7 9 5 11 5 3 11 5 9 11
> BAT2 5 1 6 1 13 4 7 5 13 5 13 6 5 7 1 8 11 8 1 9 1 10 1 11 6 11 8 13 9 13 10 13 11 13 3 9
> BAT3 7 1 6 3 11 6 1 7 7 7 13 7 3 8 8 11 7 13
< RES 1637330534 45 1
> REQ 1637330534 46 1
> VAMPIRE 1 5 5 3 1 3 0
> VAMPIRE 2 9 3 3 0 3 0
> VAMPIRE 3 13 13 3 1 3 0
> VAMPIRE 4 1 13 3 1 3 0
> GRENADE 2 9 5 5 3
> BAT1 8 1 10 1 7 3 8 5 1 6 5 6 3 7 11 7 13 8 13 9 13 10 7 11 13 11 3 13 4 13 5 13 6 13 4 1 9 7 7 9 5 11 11 5 9 11
> BAT2 5 1 6 1 13 4 7 5 13 5 13 6 5 7 1 8 11 8 1 9 1 10 1 11 6 11 8 13 9 13 10 13 11 13 3 9
> BAT3 7 1 6 3 11 6 1 7 7 7 13 7 3 8 8 11 7 13
< RES 1637330534 46 1
< GRENADE
> REQ 1637330534 47 1
> VAMPIRE 1 5 5 3 0 3 0
> VAMPIRE 2 11 3 3 0 3 0
> VAMPIRE 3 13 13 3 1 3 0
> VAMPIRE 4 1 13 3 1 3 0
> GRENADE 2 9 5 4 3
> GRENADE 1 5 5 5 3
> BAT1 8 1 10 1 7 3 8 5 1 6 5 6 3 7 11 7 13 8 13 9 13 10 7 11 13 11 3 13 4 13 5 13 6 13 4 1 9 7 7 9 5 11 11 5 9 11
> BAT2 5 1 6 1 13 4 7 5 13 5 13 6 5 7 1 8 11 8 1 9 1 10 1 11 6 11 8 13 9 13 10 13 11 13 3 9
> BAT3 7 1 6 3 11 6 1 7 7 7 13 7 3 8 8 11 7 13
< RES 1637330534 47 1
< THROW XR 4
< MOVE U U
> REQ 1637330534 48 1
> VAMPIRE 1 3 5 3 0 3 0
> VAMPIRE 2 11 3 3 0 3 0
> VAMPIRE 3 13 13 3 1 3 0
> VAMPIRE 4 1 13 3 1 3 0
> GRENADE 2 9 5 3 3
> GRENADE 1 5 9 4 3
> BAT1 8 1 10 1 7 3 8 5 1 6 5 6 3 7 11 7 13 8 13 9 13 10 7 11 13 11 3 13 4 13 5 13 6 13 4 1 9 7 7 9 5 11 11 5 9 11
> BAT2 5 1 6 1 13 4 7 5 13 5 13 6 5 7 1 8 11 8 1 9 1 10 1 11 6 11 8 13 9 13 10 13 11 13 3 9
> BAT3 7 1 6 3 11 6 1 7 7 7 13 7 3 8 8 11 7 13
< RES 1637330534 48 1
> REQ 1637330534 49 1
> VAMPIRE 1 3 5 3 0 3 0
> VAMPIRE 2 11 3 3 0 3 0
> VAMPIRE 3 13 13 3 1 3 0
> VAMPIRE 4 1 13 3 1 3 0
> GRENADE 2 9 5 2 3
> GRENADE 1 5 9 3 3
> BAT1 8 1 10 1 7 3 8 5 1 6 5 6 3 7 11 7 13 8 13 9 13 10 7 11 13 11 3 13 4 13 5 13 6 13 4 1 9 7 7 9 5 11 11 5 9 11
> BAT2 5 1 6 1 13 4 7 5 13 5 13 6 5 7 1 8 11 8 1 9 1 10 1 11 6 11 8 13 9 13 10 13 11 13 3 9
> BAT3 7 1 6 3 11 6 1 7 7 7 13 7 3 8 8 11 7 13
< RES 1637330534 49 1
> REQ 1637330534 50 1
> VAMPIRE 1 3 5 3 0 3 0
> VAMPIRE 2 11 3 3 0 3 0
> VAMPIRE 3 13 13 3 1 3 0
> VAMPIRE 4 1 13 3 1 3 0
> GRENADE 2 9 5 1 3
> GRENADE 1 5 9 2 3
> BAT1 8 1 10 1 7 3 8 5 1 6 5 6 3 7 11 7 13 8 13 9 13 10 7 11 13 11 3 13 4 13 5 13 6 13 4 1 9 7 7 9 5 11 11 5 9 11
> BAT2 5 1 6 1 13 4 7 5 13 5 13 6 5 7 1 8 11 8 1 9 1 10 1 11 6 11 8 13 9 13 10 13 11 13 3 9
> BAT3 7 1 6 3 11 6 1 7 7 7 13 7 3 8 8 11 7 13
< RES 1637330534 50 1
< MOVE D D
> REQ 1637330534 51 1
> VAMPIRE 1 5 5 3 0 3 0
> VAMPIRE 2 9 3 3 1 3 0
> VAMPIRE 3 13 13 3 1 3 0
> VAMPIRE 4 1 13 3 1 3 0
> GRENADE 1 5 9 1 3
> BAT1 8 1 10 1 7 3 1 6 5 6 3 7 11 7 13 8 13 9 13 10 7 11 13 11 3 13 4 13 5 13 6 13 4 1 7 9 5 11 9 11
> BAT2 5 1 6 1 13 4 7 5 13 5 13 6 5 7 1 8 11 8 1 9 1 10 1 11 6 11 8 13 9 13 10 13 11 13 3 9
> BAT3 7 1 6 3 11 6 1 7 7 7 13 7 3 8 8 11 7 13
< RES 1637330534 51 1
< MOVE L L
> REQ 1637330534 52 1
> VAMPIRE 1 5 3 3 1 3 0
> VAMPIRE 2 9 3 3 0 3 0
> VAMPIRE 3 13 12 3 1 3 0
> VAMPIRE 4 1 13 3 1 3 0
> GRENADE 2 9 3 5 3
> BAT1 8 1 10 1 7 3 1 6 5 6 3 7 11 7 13 8 13 9 13 10 7 11 13 11 3 13 4 13 5 13 6 13 4 1 5 7 3 9 9 11
> BAT2 5 1 6 1 13 4 7 5 13 5 13 6 1 8 11 8 1 9 1 10 1 11 6 11 8 13 9 13 10 13 11 13
> BAT3 7 1 6 3 11 6 1 7 7 7 13 7 3 8 8 11 7 13
< RES 1637330534 52 1
< GRENADE
< MOVE U U
> REQ 1637330534 53 1
> VAMPIRE 1 3 3 3 0 3 0
> VAMPIRE 2 9 3 3 0 3 0
> VAMPIRE 3 12 13 3 0 3 0
> VAMPIRE 4 1 13 3 1 3 0
> GRENADE 2 5 3 4 3
> GRENADE 1 5 3 5 3
> GRENADE 3 13 12 5 3
> BAT1 8 1 10 1 7 3 1 6 5 6 3 7 11 7 13 8 13 9 13 10 7 11 13 11 3 13 4 13 5 13 6 13 4 1 5 7 3 9 9 11
> BAT2 5 1 6 1 13 4 7 5 13 5 13 6 1 8 11 8 1 9 1 10 1 11 6 11 8 13 9 13 10 13 11 13
> BAT3 7 1 6 3 11 6 1 7 7 7 13 7 3 8 8 11 7 13
< RES 1637330534 53 1
< MOVE R R
> REQ 1637330534 54 1
> VAMPIRE 1 3 5 3 0 3 0
> VAMPIRE 2 9 3 3 0 3 0
> VAMPIRE 3 12 13 3 0 3 0
> VAMPIRE 4 1 13 3 1 3 0
> GRENADE 2 5 3 3 3
> GRENADE 1 5 3 4 3
> GRENADE 3 13 12 4 3
> BAT1 8 1 10 1 7 3 1 6 5 6 3 7 11 7 13 8 13 9 13 10 7 11 13 11 3 13 4 13 5 13 6 13 4 1 5 7 3 9 9 11
> BAT2 5 1 6 1 13 4 7 5 13 5 13 6 1 8 11 8 1 9 1 10 1 11 6 11 8 13 9 13 10 13 11 13
> BAT3 7 1 6 3 11 6 1 7 7 7 13 7 3 8 8 11 7 13
< RES 1637330534 54 1
> REQ 1637330534 55 1
> VAMPIRE 1 3 5 3 0 3 0
> VAMPIRE 2 9 3 3 0 3 0
> VAMPIRE 3 12 13 3 0 3 0
> VAMPIRE 4 1 13 3 1 3 0
> GRENADE 2 5 3 2 3
> GRENADE 1 5 3 3 3
> GRENADE 3 13 12 3 3
> BAT1 8 1 10 1 7 3 1 6 5 6 3 7 11 7 13 8 13 9 13 10 7 11 13 11 3 13 4 13 5 13 6 13 4 1 5 7 3 9 9 11
> BAT2 5 1 6 1 13 4 7 5 13 5 13 6 1 8 11 8 1 9 1 10 1 11 6 11 8 13 9 13 10 13 11 13
> BAT3 7 1 6 3 11 6 1 7 7 7 13 7 3 8 8 11 7 13
< RES 1637330534 55 1
< MOVE D
> REQ 1637330534 56 1
> VAMPIRE 1 4 5 3 0 3 0
> VAMPIRE 2 9 2 3 0 3 0
> VAMPIRE 3 12 13 3 0 3 0
> VAMPIRE 4 1 13 3 1 3 0
> GRENADE 2 5 3 1 3
> GRENADE 1 5 3 2 3
> GRENADE 3 13 12 2 3
> BAT1 8 1 10 1 7 3 1 6 5 6 3 7 11 7 13 8 13 9 13 10 7 11 13 11 3 13 4 13 5 13 6 13 4 1 5 7 3 9 9 11
> BAT2 5 1 6 1 13 4 7 5 13 5 13 6 1 8 11 8 1 9 1 10 1 11 6 11 8 13 9 13 10 13 11 13
> BAT3 7 1 6 3 11 6 1 7 7 7 13 7 3 8 8 11 7 13
< RES 1637330534 56 1
< MOVE U L
> REQ 1637330534 57 1
> VAMPIRE 1 3 4 3 1 3 0
> VAMPIRE 2 9 1 3 1 3 0
> VAMPIRE 3 12 13 3 0 3 0
> VAMPIRE 4 1 13 3 1 3 0
> GRENADE 3 13 12 1 3
> BAT1 8 1 10 1 7 3 1 6 3 7 11 7 13 8 13 9 13 10 7 11 13 11 3 13 4 13 5 13 6 13 4 1 5 1 5 7 3 9 9 11
> BAT2 6 1 13 4 7 5 13 5 13 6 1 8 11 8 1 9 1 10 1 11 6 11 8 13 9 13 10 13 11 13 6 3
> BAT3 7 1 11 6 1 7 7 7 13 7 3 8 8 11 7 13
< RES 1637330534 57 1
< GRENADE
> REQ 1637330534 58 1
> VAMPIRE 1 3 4 3 0 3 0
> VAMPIRE 2 9 3 3 0 3 0
> VAMPIRE 3 13 13 3 1 3 0
> VAMPIRE 4 1 13 3 1 3 0
> GRENADE 1 3 4 5 3
> GRENADE 2 9 1 5 3
> BAT1 8 1 10 1 7 3 1 6 3 7 11 7 13 8 13 9 13 10 7 11 3 13 4 13 5 13 6 13 4 1 5 1 5 7 3 9 9 11
> BAT2 6 1 13 4 7 5 13 5 13 6 1 8 11 8 1 9 1 10 1 11 6 11 8 13 9 13 10 13 11 13 6 3
> BAT3 7 1 11 6 1 7 7 7 13 7 3 8 8 11 7 13
< RES 1637330534 58 1
< THROW XD 4
< MOVE R
> REQ 1637330534 59 1
> VAMPIRE 1 3 5 3 0 3 0
> VAMPIRE 2 9 5 3 0 3 0
> VAMPIRE 3 13 11 3 0 3 0
> VAMPIRE 4 1 13 3 1 3 0
> GRENADE 1 7 4 4 3
> GRENADE 2 9 1 4 3
> GRENADE 3 13 13 5 3
> BAT1 8 1 10 1 7 3 1 6 3 7 11 7 13 8 13 9 13 10 7 11 3 13 4 13 5 13 6 13 4 1 5 1 5 7 3 9 9 11
> BAT2 6 1 13 4 7 5 13 5 13 6 1 8 11 8 1 9 1 10 1 11 6 11 8 13 9 13 10 13 11 13 6 3
> BAT3 7 1 11 6 1 7 7 7 13 7 3 8 8 11 7 13
< RES 1637330534 59 1
> REQ 1637330534 60 1
> VAMPIRE 1 3 5 3 0 3 0
> VAMPIRE 2 9 5 3 0 3 0
> VAMPIRE 3 11 11 3 0 3 0
> VAMPIRE 4 1 13 3 1 3 0
> GRENADE 1 7 4 3 3
> GRENADE 2 9 1 3 3
> GRENADE 3 13 13 4 3
> BAT1 8 1 10 1 7 3 1 6 3 7 11 7 13 8 13 9 13 10 7 11 3 13 4 13 5 13 6 13 4 1 5 1 5 7 3 9 9 11
> BAT2 6 1 13 4 7 5 13 5 13 6 1 8 11 8 1 9 1 10 1 11 6 11 8 13 9 13 10 13 11 13 6 3
> BAT3 7 1 11 6 1 7 7 7 13 7 3 8 8 11 7 13
< RES 1637330534 60 1
> REQ 1637330534 61 1
> VAMPIRE 1 3 5 3 0 3 0
> VAMPIRE 2 9 5 3 0 3 0
> VAMPIRE 3 11 11 3 0 3 0
> VAMPIRE 4 1 13 3 1 3 0
> GRENADE 1 7 4 2 3
> GRENADE 2 9 1 2 3
> GRENADE 3 13 13 3 3
> BAT1 8 1 10 1 7 3 1 6 3 7 11 7 13 8 13 9 13 10 7 11 3 13 4 13 5 13 6 13 4 1 5 1 5 7 3 9 9 11
> BAT2 6 1 13 4 7 5 13 5 13 6 1 8 11 8 1 9 1 10 1 11 6 11 8 13 9 13 10 13 11 13 6 3
> BAT3 7 1 11 6 1 7 7 7 13 7 3 8 8 11 7 13
< RES 1637330534 61 1
< MOVE D D
> REQ 1637330534 62 1
> VAMPIRE 1 5 5 3 0 3 0
> VAMPIRE 2 9 5 3 0 3 0
> VAMPIRE 3 11 11 3 0 3 0
> VAMPIRE 4 1 13 3 1 3 0
> GRENADE 1 7 4 1 3
> GRENADE 2 9 1 1 3
> GRENADE 3 13 13 2 3
> BAT1 8 1 10 1 7 3 1 6 3 7 11 7 13 8 13 9 13 10 7 11 3 13 4 13 5 13 6 13 4 1 5 1 5 7 3 9 9 11
> BAT2 6 1 13 4 7 5 13 5 13 6 1 8 11 8 1 9 1 10 1 11 6 11 8 13 9 13 10 13 11 13 6 3
> BAT3 7 1 11 6 1 7 7 7 13 7 3 8 8 11 7 13
< RES 1637330534 62 1
> REQ 1637330534 63 1
> VAMPIRE 1 5 5 3 1 3 0
> VAMPIRE 2 10 5 3 1 3 0
> VAMPIRE 3 11 11 3 0 3 0
> VAMPIRE 4 1 13 3 1 3 0
> GRENADE 3 13 13 1 3
> BAT1 1 6 3 7 11 7 13 8 13 9 13 10 7 11 3 13 4 13 5 13 6 13 4 1 5 1 7 5 5 7 3 9 9 11
> BAT2 6 1 13 4 13 5 13 6 1 8 11 8 1 9 1 10 1 11 6 11 8 13 9 13 10 13 11 13 6 3
> BAT3 7 1 11 6 1 7 7 7 13 7 3 8 8 11 7 13
< RES 1637330534 63 1
< GRENADE
< MOVE U U
> REQ 1637330534 64 1
> VAMPIRE 1 3 5 3 0 3 0
> VAMPIRE 2 9 6 3 0 3 0
> VAMPIRE 3 11 11 3 1 3 0
> VAMPIRE 4 1 13 3 1 3 0
> GRENADE 1 5 5 5 3
> GRENADE 2 10 5 5 3
> BAT1 1 6 3 7 11 7 13 8 13 9 7 11 3 13 4 13 5 13 6 13 4 1 5 1 7 5 5 7 11 13 3 9 9 11
> BAT2 6 1 13 4 13 5 13 6 1 8 11 8 1 9 1 10 1 11 6 11 8 13 9 13 10 13 6 3
> BAT3 7 1 11 6 1 7 7 7 13 7 3 8 8 11 7 13
< RES 1637330534 64 1
< MOVE L L
> REQ 1637330534 65 1
> VAMPIRE 1 3 3 3 0 3 0
> VAMPIRE 2 9 7 3 0 3 0
> VAMPIRE 3 11 9 3 0 3 0
> VAMPIRE 4 1 13 3 1 3 0
> GRENADE 1 5 5 4 3
> GRENADE 2 10 5 4 3
> GRENADE 3 11 11 5 3
> BAT1 1 6 3 7 11 7 13 8 13 9 7 11 3 13 4 13 5 13 6 13 4 1 5 1 7 5 5 7 11 13 3 9 9 11
> BAT2 6 1 13 4 13 5 13 6 1 8 11 8 1 9 1 10 1 11 6 11 8 13 9 13 10 13 6 3
> BAT3 7 1 11 6 1 7 7 7 13 7 3 8 8 11 7 13
< RES 1637330534 65 1
> REQ 1637330534 66 1
> VAMPIRE 1 3 3 3 0 3 0
> VAMPIRE 2 9 6 3 0 3 0
> VAMPIRE 3 12 9 3 0 3 0
> VAMPIRE 4 1 13 3 1 3 0
> GRENADE 1 5 5 3 3
> GRENADE 2 10 5 3 3
> GRENADE 3 11 11 4 3
> BAT1 1 6 3 7 11 7 13 8 13 9 7 11 3 13 4 13 5 13 6 13 4 1 5 1 7 5 5 7 11 13 3 9 9 11
> BAT2 6 1 13 4 13 5 13 6 1 8 11 8 1 9 1 10 1 11 6 11 8 13 9 13 10 13 6 3
> BAT3 7 1 11 6 1 7 7 7 13 7 3 8 8 11 7 13
< RES 1637330534 66 1
> REQ 1637330534 67 1
> VAMPIRE 1 3 3 3 0 3 0
> VAMPIRE 2 9 4 3 0 3 0
> VAMPIRE 3 12 9 3 0 3 0
> VAMPIRE 4 1 13 3 1 3 0
> GRENADE 1 5 5 2 3
> GRENADE 2 10 5 2 3
> GRENADE 3 11 11 3 3
> BAT1 1 6 3 7 11 7 13 8 13 9 7 11 3 13 4 13 5 13 6 13 4 1 5 1 7 5 5 7 11 13 3 9 9 11
> BAT2 6 1 13 4 13 5 13 6 1 8 11 8 1 9 1 10 1 11 6 11 8 13 9 13 10 13 6 3
> BAT3 7 1 11 6 1 7 7 7 13 7 3 8 8 11 7 13
< RES 1637330534 67 1
> REQ 1637330534 68 1
> VAMPIRE 1 3 3 3 0 3 0
> VAMPIRE 2 9 3 3 0 3 0
> VAMPIRE 3 10 9 3 0 3 0
> VAMPIRE 4 1 13 3 1 3 0
> GRENADE 1 5 5 1 3
> GRENADE 2 10 5 1 3
> GRENADE 3 11 11 2 3
> BAT1 1 6 3 7 11 7 13 8 13 9 7 11 3 13 4 13 5 13 6 13 4 1 5 1 7 5 5 7 11 13 3 9 9 11
> BAT2 6 1 13 4 13 5 13 6 1 8 11 8 1 9 1 10 1 11 6 11 8 13 9 13 10 13 6 3
> BAT3 7 1 11 6 1 7 7 7 13 7 3 8 8 11 7 13
< RES 1637330534 68 1
< MOVE D D
> REQ 1637330534 69 1
> VAMPIRE 1 5 3 3 1 3 0
> VAMPIRE 2 7 3 3 1 3 0
> VAMPIRE 3 8 9 3 0 3 0
> VAMPIRE 4 1 13 3 1 3 0
> GRENADE 3 11 11 1 3
> BAT1 1 6 3 7 11 7 13 8 13 9 7 11 3 13 4 13 5 13 6 13 4 1 5 1 13 5 11 13 3 9 9 11
> BAT2 6 1 13 4 13 6 1 8 11 8 1 9 1 10 1 11 6 11 8 13 9 13 10 13 6 3
> BAT3 7 1 11 6 1 7 7 7 13 7 3 8 8 11 7 13
< RES 1637330534 69 1
< GRENADE
< MOVE U U
> REQ 1637330534 70 1
> VAMPIRE 1 3 3 3 0 3 0
> VAMPIRE 2 9 3 3 0 3 0
> VAMPIRE 3 7 8 3 1 3 0
> VAMPIRE 4 1 13 3 1 3 0
> GRENADE 1 5 3 5 3
> GRENADE 2 7 3 5 3
> BAT1 1 6 3 7 11 7 13 8 13 9 7 11 3 13 4 13 5 13 6 13 4 1 5 1 13 5 11 8 3 9
> BAT2 6 1 13 4 13 6 1 8 1 9 1 10 1 11 6 11 8 13 9 13 10 13 6 3
> BAT3 7 1 11 6 1 7 7 7 13 7 3 8 8 11 7 13
< RES 1637330534 70 1
< MOVE R R
> REQ 1637330534 71 1
> VAMPIRE 1 3 5 3 0 3 0
> VAMPIRE 2 9 5 3 0 3 0
> VAMPIRE 3 7 8 3 0 3 0
> VAMPIRE 4 1 13 3 1 3 0
> GRENADE 1 5 3 4 3
> GRENADE 2 7 3 4 3
> GRENADE 3 7 8 5 3
> BAT1 1 6 3 7 11 7 13 8 13 9 7 11 3 13 4 13 5 13 6 13 4 1 5 1 13 5 11 8 3 9
> BAT2 6 1 13 4 13 6 1 8 1 9 1 10 1 11 6 11 8 13 9 13 10 13 6 3
> BAT3 7 1 11 6 1 7 7 7 13 7 3 8 8 11 7 13
< RES 1637330534 71 1
> REQ 1637330534 72 1
> VAMPIRE 1 3 5 3 0 3 0
> VAMPIRE 2 9 7 3 0 3 0
> VAMPIRE 3 7 8 3 0 3 0
> VAMPIRE 4 1 13 3 1 3 0
> GRENADE 1 5 3 3 3
> GRENADE 2 7 3 3 3
> GRENADE 3 7 4 4 3
> BAT1 1 6 3 7 11 7 13 8 13 9 7 11 3 13 4 13 5 13 6 13 4 1 5 1 13 5 11 8 3 9
> BAT2 6 1 13 4 13 6 1 8 1 9 1 10 1 11 6 11 8 13 9 13 10 13 6 3
> BAT3 7 1 11 6 1 7 7 7 13 7 3 8 8 11 7 13
< RES 1637330534 72 1
< MOVE U U
> REQ 1637330534 73 1
> VAMPIRE 1 1 5 3 0 3 0
> VAMPIRE 2 9 7 3 0 3 0
> VAMPIRE 3 6 9 3 0 3 0
> VAMPIRE 4 1 13 3 1 3 0
> GRENADE 1 5 3 2 3
> GRENADE 2 7 3 2 3
> GRENADE 3 7 4 3 3
> BAT1 1 6 3 7 11 7 13 8 13 9 7 11 3 13 4 13 5 13 6 13 4 1 5 1 13 5 11 8 3 9
> BAT2 6 1 13 4 13 6 1 8 1 9 1 10 1 11 6 11 8 13 9 13 10 13 6 3
> BAT3 7 1 11 6 1 7 7 7 13 7 3 8 8 11 7 13
< RES 1637330534 73 1
< MOVE L L
> REQ 1637330534 74 1
> VAMPIRE 1 1 3 3 0 3 0
> VAMPIRE 2 9 7 3 0 3 0
> VAMPIRE 3 7 9 3 0 3 0
> VAMPIRE 4 1 13 3 1 3 0
> GRENADE 1 5 3 1 3
> GRENADE 2 7 3 1 3
> GRENADE 3 7 4 2 3
> BAT1 1 6 3 7 11 7 13 8 13 9 7 11 3 13 4 13 5 13 6 13 4 1 5 1 13 5 11 8 3 9
> BAT2 6 1 13 4 13 6 1 8 1 9 1 10 1 11 6 11 8 13 9 13 10 13 6 3
> BAT3 7 1 11 6 1 7 7 7 13 7 3 8 8 11 7 13
< RES 1637330534 74 1
< MOVE L L
> REQ 1637330534 75 1
> VAMPIRE 1 1 1 3 1 3 0
> VAMPIRE 2 8 7 3 1 3 0
> VAMPIRE 3 7 8 3 1 3 0
> VAMPIRE 4 1 13 3 1 3 0
> BAT1 1 6 3 7 11 7 13 8 13 9 7 11 3 13 4 13 5 13 6 13 4 1 13 5 11 8 3 9
> BAT2 6 1 13 4 13 6 1 8 1 9 1 10 1 11 6 11 8 13 9 13 10 13 7 1 7 7
> BAT3 11 6 1 7 13 7 3 8 8 11 7 13
< RES 1637330534 75 1
< GRENADE
< MOVE R R
> REQ 1637330534 76 1
> VAMPIRE 1 1 3 3 0 3 0
> VAMPIRE 2 8 7 3 0 3 0
> VAMPIRE 3 6 9 3 0 3 0
> VAMPIRE 4 1 13 3 1 3 0
> GRENADE 1 1 1 5 3
> GRENADE 2 8 7 5 3
> GRENADE 3 7 8 5 3
> POWERUP BATTERY -5 1 13 4
> POWERUP BATTERY -5 13 1 4
> BAT1 1 6 3 7 11 7 13 8 13 9 7 11 3 13 4 13 5 13 6 13 4 1 13 5 11 8 3 9
> BAT2 6 1 13 4 13 6 1 8 1 9 1 10 1 11 6 11 8 13 9 13 10 13 7 1 7 7
> BAT3 11 6 1 7 13 7 3 8 8 11 7 13
< RES 1637330534 76 1
< MOVE D D
> REQ 1637330534 77 1
> VAMPIRE 1 3 3 3 0 3 0
> VAMPIRE 2 9 6 3 0 3 0
> VAMPIRE 3 5 10 3 0 3 0
> VAMPIRE 4 1 13 3 1 3 0
> GRENADE 1 1 1 4 3
> GRENADE 2 8 7 4 3
> GRENADE 3 7 8 4 3
> POWERUP BATTERY -4 1 13 4
> POWERUP BATTERY -4 13 1 4
> BAT1 1 6 3 7 11 7 13 8 13 9 7 11 3 13 4 13 5 13 6 13 4 1 13 5 11 8 3 9
> BAT2 6 1 13 4 13 6 1 8 1 9 1 10 1 11 6 11 8 13 9 13 10 13 7 1 7 7
> BAT3 11 6 1 7 13 7 3 8 8 11 7 13
< RES 1637330534 77 1
< MOVE D D
> REQ 1637330534 78 1
> VAMPIRE 1 5 3 3 0 3 0
> VAMPIRE 2 10 5 3 0 3 0
> VAMPIRE 3 4 11 3 0 3 0
> VAMPIRE 4 1 13 3 1 3 0
> GRENADE 1 1 1 3 3
> GRENADE 2 8 7 3 3
> GRENADE 3 7 8 3 3
> POWERUP BATTERY -3 1 13 4
> POWERUP BATTERY -3 13 1 4
> BAT1 1 6 3 7 11 7 13 8 13 9 7 11 3 13 4 13 5 13 6 13 4 1 13 5 11 8 3 9
> BAT2 6 1 13 4 13 6 1 8 1 9 1 10 1 11 6 11 8 13 9 13 10 13 7 1 7 7
> BAT3 11 6 1 7 13 7 3 8 8 11 7 13
< RES 1637330534 78 1
< MOVE D D
> REQ 1637330534 79 1
> VAMPIRE 1 7 3 3 0 3 0
> VAMPIRE 2 11 4 3 0 3 0
> VAMPIRE 3 2 11 3 0 3 0
> VAMPIRE 4 1 13 3 1 3 0
> GRENADE 1 1 1 2 3
> GRENADE 2 8 7 2 3
> GRENADE 3 7 8 2 3
> POWERUP BATTERY -2 1 13 4
> POWERUP BATTERY -2 13 1 4
> BAT1 1 6 3 7 11 7 13 8 13 9 7 11 3 13 4 13 5 13 6 13 4 1 13 5 11 8 3 9
> BAT2 6 1 13 4 13 6 1 8 1 9 1 10 1 11 6 11 8 13 9 13 10 13 7 1 7 7
> BAT3 11 6 1 7 13 7 3 8 8 11 7 13
< RES 1637330534 79 1
< MOVE D D
> REQ 1637330534 80 1
> VAMPIRE 1 9 3 3 0 3 0
> VAMPIRE 2 12 3 3 0 3 0
> VAMPIRE 3 2 11 3 0 3 0
> VAMPIRE 4 1 13 3 1 3 0
> GRENADE 1 1 1 1 3
> GRENADE 2 8 7 1 3
> GRENADE 3 7 8 1 3
> POWERUP BATTERY -1 1 13 4
> POWERUP BATTERY -1 13 1 4
> BAT1 1 6 3 7 11 7 13 8 13 9 7 11 3 13 4 13 5 13 6 13 4 1 13 5 11 8 3 9
> BAT2 6 1 13 4 13 6 1 8 1 9 1 10 1 11 6 11 8 13 9 13 10 13 7 1 7 7
> BAT3 11 6 1 7 13 7 3 8 8 11 7 13
< RES 1637330534 80 1
< MOVE D D
> REQ 1637330534 81 1
> VAMPIRE 1 11 3 3 1 3 0
> VAMPIRE 2 13 3 3 1 3 0
> VAMPIRE 3 3 11 3 1 3 0
> VAMPIRE 4 1 13 3 1 3 0
> POWERUP BATTERY 10 1 13 4
> POWERUP BATTERY 10 13 1 4
> BAT1 1 6 3 7 13 8 13 9 3 13 4 13 5 13 6 13 13 5 11 8 3 9
> BAT2 6 1 13 4 13 6 1 8 1 9 1 10 1 11 6 11 8 13 9 13 10 13 7 1
> BAT3 11 6 1 7 13 7 3 8 8 11 7 13
< RES 1637330534 81 1
< GRENADE
> REQ 1637330534 82 1
> VAMPIRE 1 11 3 3 0 3 0
> VAMPIRE 2 13 1 3 0 3 0
> VAMPIRE 3 3 11 3 0 3 0
> VAMPIRE 4 1 13 3 1 3 0
> GRENADE 1 11 3 5 3
> GRENADE 2 13 3 5 3
> GRENADE 3 3 11 5 3
> POWERUP BATTERY 9 1 13 4
> POWERUP BATTERY 9 13 1 4
> BAT1 1 6 3 7 13 8 13 9 3 13 4 13 5 13 6 13 13 5 11 8 3 9
> BAT2 6 1 13 4 13 6 1 8 1 9 1 10 1 11 6 11 8 13 9 13 10 13 7 1
> BAT3 11 6 1 7 13 7 3 8 8 11 7 13
< RES 1637330534 82 1
< THROW XR 4
< MOVE L L
> REQ 1637330534 83 1
> VAMPIRE 1 11 1 3 0 3 0
> VAMPIRE 2 13 1 3 0 3 0
> VAMPIRE 3 4 11 3 0 3 0
> VAMPIRE 4 1 13 3 1 3 0
> GRENADE 1 11 7 4 3
> GRENADE 2 13 3 4 3
> GRENADE 3 3 11 4 3
> POWERUP BATTERY 8 1 13 4
> POWERUP BATTERY 8 13 1 4
> BAT1 1 6 3 7 13 8 13 9 3 13 4 13 5 13 6 13 13 5 11 8 3 9
> BAT2 6 1 13 4 13 6 1 8 1 9 1 10 1 11 6 11 8 13 9 13 10 13 7 1
> BAT3 11 6 1 7 13 7 3 8 8 11 7 13
< RES 1637330534 83 1
< MOVE D D
> REQ 1637330534 84 1
> VAMPIRE 1 13 1 3 0 3 0
> VAMPIRE 2 12 1 3 0 3 0
> VAMPIRE 3 5 12 3 0 3 0
> VAMPIRE 4 1 13 3 1 4 0
> GRENADE 1 11 7 3 3
> GRENADE 2 13 3 3 3
> GRENADE 3 3 11 3 3
> POWERUP BATTERY 7 13 1 4
> BAT1 1 6 3 7 13 8 13 9 3 13 4 13 5 13 6 13 13 5 11 8 3 9
> BAT2 6 1 13 4 13 6 1 8 1 9 1 10 1 11 6 11 8 13 9 13 10 13 7 1
> BAT3 11 6 1 7 13 7 3 8 8 11 7 13
< RES 1637330534 84 1
< MOVE U
> REQ 1637330534 85 1
> VAMPIRE 1 12 1 3 0 3 0
> VAMPIRE 2 12 1 3 0 3 0
> VAMPIRE 3 5 10 3 0 3 0
> VAMPIRE 4 1 13 3 0 4 0
> GRENADE 1 11 7 2 3
> GRENADE 2 13 3 2 3
> GRENADE 3 3 11 2 3
> GRENADE 4 1 13 5 4
> POWERUP BATTERY 6 13 1 4
> BAT1 1 6 3 7 13 8 13 9 3 13 4 13 5 13 6 13 13 5 11 8 3 9
> BAT2 6 1 13 4 13 6 1 8 1 9 1 10 1 11 6 11 8 13 9 13 10 13 7 1
> BAT3 11 6 1 7 13 7 3 8 8 11 7 13
< RES 1637330534 85 1
< MOVE U
> REQ 1637330534 86 1
> VAMPIRE 1 11 1 3 0 3 0
> VAMPIRE 2 11 1 3 0 3 0
> VAMPIRE 3 5 10 3 0 3 0
> VAMPIRE 4 2 13 3 0 4 0
> GRENADE 1 11 7 1 3
> GRENADE 2 13 3 1 3
> GRENADE 3 3 11 1 3
> GRENADE 4 1 13 4 4
> POWERUP BATTERY 5 13 1 4
> BAT1 1 6 3 7 13 8 13 9 3 13 4 13 5 13 6 13 13 5 11 8 3 9
> BAT2 6 1 13 4 13 6 1 8 1 9 1 10 1 11 6 11 8 13 9 13 10 13 7 1
> BAT3 11 6 1 7 13 7 3 8 8 11 7 13
< RES 1637330534 86 1
< MOVE D D
> REQ 1637330534 87 1
> VAMPIRE 1 13 1 3 1 3 0
> VAMPIRE 2 13 1 3 1 3 0
> VAMPIRE 3 4 11 3 1 3 0
> VAMPIRE 4 2 13 3 0 4 0
> GRENADE 4 1 13 3 4
> POWERUP BATTERY 4 13 1 4
> BAT1 1 6 3 7 13 8 13 9 4 13 5 13 6 13 13 4 13 5 1 11 6 11
> BAT2 6 1 13 6 1 8 1 9 1 10 8 13 9 13 10 13 7 1 11 6 13 7
> BAT3 1 7 3 8 8 11 7 13
< RES 1637330534 87 1
< GRENADE
> REQ 1637330534 88 1
> VAMPIRE 1 13 1 3 0 3 0
> VAMPIRE 2 13 1 3 0 3 0
> VAMPIRE 3 4 11 3 0 3 0
> VAMPIRE 4 3 12 3 0 4 0
> GRENADE 4 1 13 2 4
> GRENADE 1 13 1 5 3
> GRENADE 2 13 1 5 3
> GRENADE 3 4 11 5 3
> POWERUP BATTERY 3 13 1 4
> BAT1 1 6 3 7 13 8 13 9 4 13 5 13 6 13 13 4 13 5 1 11 6 11
> BAT2 6 1 13 6 1 8 1 9 1 10 8 13 9 13 10 13 7 1 11 6 13 7
> BAT3 1 7 3 8 8 11 7 13
< RES 1637330534 88 1
> REQ 1637330534 89 1
> VAMPIRE 1 13 1 3 0 3 0
> VAMPIRE 2 13 1 3 0 3 0
> VAMPIRE 3 5 11 3 0 3 0
> VAMPIRE 4 3 10 3 0 4 0
> GRENADE 4 1 13 1 4
> GRENADE 1 13 1 4 3
> GRENADE 2 13 1 4 3
> GRENADE 3 7 11 4 3
> POWERUP BATTERY 2 13 1 4
> BAT1 1 6 3 7 13 8 13 9 4 13 5 13 6 13 13 4 13 5 1 11 6 11
> BAT2 6 1 13 6 1 8 1 9 1 10 8 13 9 13 10 13 7 1 11 6 13 7
> BAT3 1 7 3 8 8 11 7 13
< RES 1637330534 89 1
> REQ 1637330534 90 1
> VAMPIRE 1 13 1 3 0 3 0
> VAMPIRE 2 13 1 3 0 3 0
> VAMPIRE 3 5 10 3 0 3 0
> VAMPIRE 4 3 9 3 1 4 0
> GRENADE 1 13 1 3 3
> GRENADE 2 13 1 3 3
> GRENADE 3 7 11 3 3
> POWERUP BATTERY 1 13 1 4
> BAT1 1 6 3 7 13 8 13 9 5 13 6 13 13 4 13 5 6 11
> BAT2 6 1 13 6 1 8 1 9 1 10 8 13 9 13 10 13 7 1 11 6 13 7
> BAT3 1 7 3 8 8 11 7 13
< RES 1637330534 90 1
> REQ 1637330534 91 1
> VAMPIRE 1 13 1 3 0 3 0
> VAMPIRE 2 13 1 3 0 3 0
> VAMPIRE 3 5 12 3 0 3 0
> VAMPIRE 4 5 9 3 0 4 0
> GRENADE 1 13 1 2 3
> GRENADE 2 13 1 2 3
> GRENADE 3 7 11 2 3
> GRENADE 4 3 9 5 4
> POWERUP BATTERY 1 13 1 4
> BAT1 1 6 3 7 13 8 13 9 5 13 6 13 13 4 13 5 6 11
> BAT2 6 1 13 6 1 8 1 9 1 10 8 13 9 13 10 13 7 1 11 6 13 7
> BAT3 1 7 3 8 8 11 7 13
< RES 1637330534 91 1
< GRENADE
> REQ 1637330534 92 1
> VAMPIRE 1 13 1 3 0 3 0
> VAMPIRE 2 13 1 3 0 3 0
> VAMPIRE 3 5 11 3 0 3 0
> VAMPIRE 4 5 7 3 0 4 0
> GRENADE 1 13 1 1 3
> GRENADE 2 13 1 1 3
> GRENADE 3 7 11 1 3
> GRENADE 4 3 9 4 4
> POWERUP BATTERY 1 13 1 4
> BAT1 1 6 3 7 13 8 13 9 5 13 6 13 13 4 13 5 6 11
> BAT2 6 1 13 6 1 8 1 9 1 10 8 13 9 13 10 13 7 1 11 6 13 7
> BAT3 1 7 3 8 8 11 7 13
< RES 1637330534 92 1
< THROW XU 4
> REQ 1637330534 93 1
> VAMPIRE 1 13 1 2 1 3 0
> VAMPIRE 2 13 1 2 1 3 0
> VAMPIRE 3 3 11 3 1 3 0
> VAMPIRE 4 7 7 3 0 4 0
> GRENADE 4 3 9 3 4
> POWERUP BATTERY 1 13 1 4
> BAT1 1 6 3 7 13 8 13 9 5 13 6 13 13 5
> BAT2 6 1 13 6 1 8 1 9 1 10 8 13 9 13 10 13 7 1 11 6 13 7 8 11 7 13
> BAT3 1 7 3 8
< RES 1637330534 93 1
< GRENADE
> REQ 1637330534 94 1
> VAMPIRE 1 13 1 2 1 3 0
> VAMPIRE 2 13 1 2 1 3 0
> VAMPIRE 3 3 11 3 0 3 0
> VAMPIRE 4 5 7 3 0 4 0
> GRENADE 4 3 9 2 4
> GRENADE 3 3 11 5 3
> POWERUP BATTERY 1 13 1 4
> BAT1 1 6 3 7 13 8 13 9 5 13 6 13 13 5
> BAT2 6 1 13 6 1 8 1 9 1 10 8 13 9 13 10 13 7 1 11 6 13 7 8 11 7 13
> BAT3 1 7 3 8
< RES 1637330534 94 1
< GRENADE
> REQ 1637330534 95 1
> VAMPIRE 1 13 1 2 1 3 0
> VAMPIRE 2 13 1 2 1 3 0
> VAMPIRE 3 5 11 3 0 3 0
> VAMPIRE 4 5 7 3 0 4 0
> GRENADE 4 3 9 1 4
> GRENADE 3 3 13 4 3
> POWERUP BATTERY 1 13 1 4
> BAT1 1 6 3 7 13 8 13 9 5 13 6 13 13 5
> BAT2 6 1 13 6 1 8 1 9 1 10 8 13 9 13 10 13 7 1 11 6 13 7 8 11 7 13
> BAT3 1 7 3 8
< RES 1637330534 95 1
< GRENADE
> REQ 1637330534 96 1
> VAMPIRE 1 13 1 2 0 3 0
> VAMPIRE 2 13 1 2 0 3 0
> VAMPIRE 3 7 11 3 1 3 0
> VAMPIRE 4 7 7 3 1 4 0
> GRENADE 1 13 1 5 3
> GRENADE 2 13 1 5 3
> POWERUP BATTERY 1 13 1 4
> BAT1 1 6 3 7 13 8 13 9 6 13 13 5 1 9
> BAT2 6 1 13 6 1 8 1 10 8 13 9 13 10 13 7 1 11 6 13 7 3 8 8 11 7 13
> BAT3 1 7
< RES 1637330534 96 1
< THROW XR 3
> REQ 1637330534 97 1
> VAMPIRE 1 13 1 2 0 3 0
> VAMPIRE 2 13 1 2 0 3 0
> VAMPIRE 3 5 11 3 0 3 0
> VAMPIRE 4 7 7 3 0 4 0
> GRENADE 1 13 4 4 3
> GRENADE 2 13 4 4 3
> GRENADE 3 7 11 5 3
> GRENADE 4 7 7 5 4
> POWERUP BATTERY 1 13 1 4
> BAT1 1 6 3 7 13 8 13 9 6 13 13 5 1 9
> BAT2 6 1 13 6 1 8 1 10 8 13 9 13 10 13 7 1 11 6 13 7 3 8 8 11 7 13
> BAT3 1 7
< RES 1637330534 97 1
> REQ 1637330534 98 1
> VAMPIRE 1 13 1 2 0 3 0
> VAMPIRE 2 13 1 2 0 3 0
> VAMPIRE 3 3 11 3 0 3 0
> VAMPIRE 4 9 7 3 0 4 0
> GRENADE 1 13 4 3 3
> GRENADE 2 13 4 3 3
> GRENADE 3 7 11 4 3
> GRENADE 4 7 7 4 4
> POWERUP BATTERY 1 13 1 4
> BAT1 1 6 3 7 13 8 13 9 6 13 13 5 1 9
> BAT2 6 1 13 6 1 8 1 10 8 13 9 13 10 13 7 1 11 6 13 7 3 8 8 11 7 13
> BAT3 1 7
< RES 1637330534 98 1
> REQ 1637330534 99 1
> VAMPIRE 1 13 1 2 0 3 0
> VAMPIRE 2 13 1 2 0 3 0
> VAMPIRE 3 3 11 3 0 3 0
> VAMPIRE 4 9 9 3 0 4 0
> GRENADE 1 13 4 2 3
> GRENADE 2 13 4 2 3
> GRENADE 3 7 11 3 3
> GRENADE 4 7 7 3 4
> POWERUP BATTERY 1 13 1 4
> BAT1 1 6 3 7 13 8 13 9 6 13 13 5 1 9
> BAT2 6 1 13 6 1 8 1 10 8 13 9 13 10 13 7 1 11 6 13 7 3 8 8 11 7 13
> BAT3 1 7
< RES 1637330534 99 1
< MOVE U U
> REQ 1637330534 100 1
> VAMPIRE 1 11 1 2 0 3 0
> VAMPIRE 2 11 1 2 0 3 0
> VAMPIRE 3 3 11 3 0 3 0
> VAMPIRE 4 11 9 3 0 4 0
> GRENADE 1 13 4 1 3
> GRENADE 2 13 4 1 3
> GRENADE 3 7 11 2 3
> GRENADE 4 7 7 2 4
> POWERUP SHOE -5 4 9 5
> POWERUP SHOE -5 10 5 5
> BAT1 1 6 3 7 13 8 13 9 6 13 13 5 1 9
> BAT2 6 1 13 6 1 8 1 10 8 13 9 13 10 13 7 1 11 6 13 7 3 8 8 11 7 13
> BAT3 1 7
< RES 1637330534 100 1
< MOVE R R
> REQ 1637330534 101 1
> VAMPIRE 1 11 3 2 1 3 0
> VAMPIRE 2 11 3 2 1 3 0
> VAMPIRE 3 3 9 3 0 3 0
> VAMPIRE 4 9 9 3 0 4 0
> GRENADE 3 7 11 1 3
> GRENADE 4 7 7 1 4
> POWERUP SHOE -4 4 9 5
> POWERUP SHOE -4 10 5 5
> BAT1 1 6 3 7 13 8 13 9 6 13 1 9
> BAT2 6 1 13 6 1 8 1 10 8 13 9 13 10 13 7 1 11 6 13 7 3 8 8 11 7 13
> BAT3 1 7
< RES 1637330534 101 1
< GRENADE
< MOVE R R
> REQ 1637330534 102 1
> VAMPIRE 1 11 5 2 0 3 0
> VAMPIRE 2 11 5 2 0 3 0
> VAMPIRE 3 4 9 3 1 3 0
> VAMPIRE 4 7 9 3 1 4 0
> GRENADE 1 11 3 5 3
> GRENADE 2 11 3 5 3
> POWERUP SHOE -3 4 9 5
> POWERUP SHOE -3 10 5 5
> BAT1 1 6 13 8 13 9 6 13 1 9 8 11 7 13
> BAT2 6 1 13 6 1 8 1 10 8 13 9 13 10 13 7 1 11 6 13 7 3 8
> BAT3 1 7
< RES 1637330534 102 1
< MOVE U
> REQ 1637330534 103 1
> VAMPIRE 1 10 5 2 0 3 0
> VAMPIRE 2 10 5 2 0 3 0
> VAMPIRE 3 4 9 3 0 3 0
> VAMPIRE 4 5 9 3 0 4 0
> GRENADE 1 11 3 4 3
> GRENADE 2 11 3 4 3
> GRENADE 3 4 9 5 3
> GRENADE 4 7 9 5 4
> POWERUP SHOE -2 4 9 5
> POWERUP SHOE -2 10 5 5
> BAT1 1 6 13 8 13 9 6 13 1 9 8 11 7 13
> BAT2 6 1 13 6 1 8 1 10 8 13 9 13 10 13 7 1 11 6 13 7 3 8
> BAT3 1 7
< RES 1637330534 103 1
> REQ 1637330534 104 1
> VAMPIRE 1 10 5 2 0 3 0
> VAMPIRE 2 10 5 2 0 3 0
> VAMPIRE 3 4 9 3 0 3 0
> VAMPIRE 4 5 7 3 0 4 0
> GRENADE 1 11 3 3 3
> GRENADE 2 11 3 3 3
> GRENADE 3 4 9 4 3
> GRENADE 4 7 9 4 4
> POWERUP SHOE -1 4 9 5
> POWERUP SHOE -1 10 5 5
> BAT1 1 6 13 8 13 9 6 13 1 9 8 11 7 13
> BAT2 6 1 13 6 1 8 1 10 8 13 9 13 10 13 7 1 11 6 13 7 3 8
> BAT3 1 7
< RES 1637330534 104 1
> REQ 1637330534 105 1
> VAMPIRE 1 10 5 2 0 3 0
> VAMPIRE 2 10 5 2 0 3 0
> VAMPIRE 3 4 9 3 0 3 0
> VAMPIRE 4 7 7 3 0 4 0
> GRENADE 1 11 3 2 3
> GRENADE 2 11 3 2 3
> GRENADE 3 4 9 3 3
> GRENADE 4 7 9 3 4
> POWERUP SHOE 11 4 9 5
> POWERUP SHOE 11 10 5 5
> BAT1 1 6 13 8 13 9 6 13 1 9 8 11 7 13
> BAT2 6 1 13 6 1 8 1 10 8 13 9 13 10 13 7 1 11 6 13 7 3 8
> BAT3 1 7
< RES 1637330534 105 1
> REQ 1637330534 106 1
> VAMPIRE 1 10 5 2 0 3 0
> VAMPIRE 2 10 5 2 0 3 0
> VAMPIRE 3 4 9 3 0 3 0
> VAMPIRE 4 5 7 3 0 4 0
> GRENADE 1 11 3 1 3
> GRENADE 2 11 3 1 3
> GRENADE 3 4 9 2 3
> GRENADE 4 7 9 2 4
> POWERUP SHOE 10 4 9 5
> POWERUP SHOE 10 10 5 5
> BAT1 1 6 13 8 13 9 6 13 1 9 8 11 7 13
> BAT2 6 1 13 6 1 8 1 10 8 13 9 13 10 13 7 1 11 6 13 7 3 8
> BAT3 1 7
< RES 1637330534 106 1
> REQ 1637330534 107 1
> VAMPIRE 1 10 5 2 1 3 0
> VAMPIRE 2 10 5 2 1 3 0
> VAMPIRE 3 5 8 3 0 3 0
> VAMPIRE 4 6 7 3 0 4 0
> GRENADE 3 2 9 1 3
> GRENADE 4 7 9 1 4
> POWERUP SHOE 9 4 9 5
> POWERUP SHOE 9 10 5 5
> BAT1 1 6 13 8 13 9 6 13 1 9 11 6 8 11 7 13
> BAT2 6 1 13 6 1 8 1 10 8 13 9 13 10 13 7 1 13 7 3 8
> BAT3 1 7
< RES 1637330534 107 1
< GRENADE
> REQ 1637330534 108 1
> VAMPIRE 1 10 5 2 0 3 0
> VAMPIRE 2 10 5 2 0 3 0
> VAMPIRE 3 4 9 3 1 3 0
> VAMPIRE 4 5 8 3 1 4 0
> GRENADE 1 10 5 5 3
> GRENADE 2 10 5 5 3
> POWERUP SHOE 8 4 9 5
> POWERUP SHOE 8 10 5 5
> BAT1 1 6 13 8 13 9 6 13 11 6 8 11
> BAT2 6 1 13 6 1 8 1 10 8 13 9 13 10 13 7 1 13 7 3 8
> BAT3 1 7
< RES 1637330534 108 1
< THROW XD 3
> REQ 1637330534 109 1
> VAMPIRE 1 10 5 2 0 3 30
> VAMPIRE 2 10 5 2 0 3 30
> VAMPIRE 3 4 9 3 0 3 0
> VAMPIRE 4 5 9 3 1 4 0
> GRENADE 1 13 5 4 3
> GRENADE 2 13 5 4 3
> GRENADE 3 4 9 5 3
> POWERUP SHOE 7 4 9 5
> BAT1 1 6 13 8 13 9 6 13 11 6 8 11
> BAT2 6 1 13 6 1 8 1 10 8 13 9 13 10 13 7 1 13 7 3 8
> BAT3 1 7
< RES 1637330534 109 1
< MOVE U U U
> REQ 1637330534 110 1
> VAMPIRE 1 7 5 2 0 3 29
> VAMPIRE 2 7 5 2 0 3 29
> VAMPIRE 3 4 9 3 0 3 0
> VAMPIRE 4 5 9 3 0 4 0
> GRENADE 1 13 5 3 3
> GRENADE 2 13 5 3 3
> GRENADE 3 1 9 4 3
> GRENADE 4 5 9 5 4
> POWERUP SHOE 6 4 9 5
> BAT1 1 6 13 8 13 9 6 13 11 6 8 11
> BAT2 6 1 13 6 1 8 1 10 8 13 9 13 10 13 7 1 13 7 3 8
> BAT3 1 7
< RES 1637330534 110 1
< MOVE R R U
> REQ 1637330534 111 1
> VAMPIRE 1 6 7 2 0 3 28
> VAMPIRE 2 7 7 2 0 3 28
> VAMPIRE 3 4 9 3 0 3 0
> VAMPIRE 4 4 9 3 0 4 0
> GRENADE 1 13 5 2 3
> GRENADE 2 13 5 2 3
> GRENADE 3 1 9 3 3
> GRENADE 4 5 9 4 4
> POWERUP SHOE 5 4 9 5
> BAT1 1 6 13 8 13 9 6 13 11 6 8 11
> BAT2 6 1 13 6 1 8 1 10 8 13 9 13 10 13 7 1 13 7 3 8
> BAT3 1 7
< RES 1637330534 111 1
< MOVE D R R
> REQ 1637330534 112 1
> VAMPIRE 1 7 9 2 0 3 27
> VAMPIRE 2 4 7 2 0 3 27
> VAMPIRE 3 3 9 3 0 3 0
> VAMPIRE 4 3 9 3 0 4 0
> GRENADE 1 13 5 1 3
> GRENADE 2 13 5 1 3
> GRENADE 3 1 9 2 3
> GRENADE 4 9 9 3 4
> POWERUP SHOE 4 4 9 5
> BAT1 1 6 13 8 13 9 6 13 11 6 8 11
> BAT2 6 1 13 6 1 8 1 10 8 13 9 13 10 13 7 1 13 7 3 8
> BAT3 1 7
< RES 1637330534 112 1
< MOVE U U
> REQ 1637330534 113 1
> VAMPIRE 1 5 9 2 1 3 26
> VAMPIRE 2 5 8 2 1 3 26
> VAMPIRE 3 3 10 3 0 3 0
> VAMPIRE 4 3 10 3 0 4 0
> GRENADE 3 1 9 1 3
> GRENADE 4 9 9 2 4
> POWERUP SHOE 3 4 9 5
> BAT1 1 6 13 8 13 9 6 13 13 6 11 6 8 11
> BAT2 6 1 1 8 1 10 8 13 9 13 10 13 7 1 13 7 3 8
> BAT3 1 7
< RES 1637330534 113 1
< GRENADE
< MOVE U U R
> REQ 1637330534 114 1
> VAMPIRE 1 3 10 2 0 3 25
> VAMPIRE 2 5 7 2 1 3 25
> VAMPIRE 3 4 9 3 1 3 0
> VAMPIRE 4 4 9 3 0 4 0
> GRENADE 4 9 9 1 4
> GRENADE 1 5 9 5 3
> POWERUP SHOE 2 4 9 5
> BAT1 1 6 13 8 13 9 6 13 13 6 1 8 1 10 11 6 8 11
> BAT2 6 1 8 13 9 13 10 13 7 1 13 7 3 8
> BAT3 1 7
< RES 1637330534 114 1
< MOVE L D
> REQ 1637330534 115 1
> VAMPIRE 1 4 9 2 1 3 24
> VAMPIRE 2 4 7 1 1 3 24
> VAMPIRE 3 3 9 2 1 3 0
> VAMPIRE 4 3 9 2 1 4 0
> POWERUP SHOE 1 4 9 5
> BAT1 1 6 13 8 6 13 13 6 1 8 1 10 9 13 11 6 8 11
> BAT2 6 1 8 13 10 13 7 1 13 7 3 8
> BAT3 1 7
< RES 1637330534 115 1
< GRENADE
< MOVE D L
> REQ 1637330534 116 1
> VAMPIRE 1 5 8 2 0 3 23
> VAMPIRE 2 5 9 1 1 3 23
> VAMPIRE 3 3 9 2 1 3 0
> VAMPIRE 4 3 9 2 1 4 0
> GRENADE 1 4 9 5 3
> POWERUP SHOE 1 4 9 5
> BAT1 1 6 13 8 6 13 13 6 1 8 1 10 9 13 11 6 8 11
> BAT2 6 1 8 13 10 13 7 1 13 7 3 8
> BAT3 1 7
< RES 1637330534 116 1
< MOVE R
> REQ 1637330534 117 1
> VAMPIRE 1 5 9 2 0 3 22
> VAMPIRE 2 5 9 1 1 3 22
> VAMPIRE 3 3 11 2 1 3 0
> VAMPIRE 4 3 11 2 1 4 0
> GRENADE 1 4 9 4 3
> BAT1 1 6 13 8 6 13 13 6 1 8 1 10 9 13 11 6 8 11
> BAT2 6 1 8 13 10 13 7 1 13 7 3 8
> BAT3 1 7
< RES 1637330534 117 1
< THROW U 3
> REQ 1637330534 118 1
> VAMPIRE 1 5 9 2 0 3 21
> VAMPIRE 2 5 9 1 0 3 21
> VAMPIRE 3 3 13 2 0 3 0
> VAMPIRE 4 3 13 2 0 4 0
> GRENADE 1 1 9 3 3
> GRENADE 2 5 9 5 3
> GRENADE 3 3 11 5 3
> GRENADE 4 3 11 5 4
> BAT1 1 6 13 8 6 13 13 6 1 8 1 10 9 13 11 6 8 11
> BAT2 6 1 8 13 10 13 7 1 13 7 3 8
> BAT3 1 7
< RES 1637330534 118 1
< MOVE L L D
> REQ 1637330534 119 1
> VAMPIRE 1 6 7 2 0 3 20
> VAMPIRE 2 7 9 1 0 3 20
> VAMPIRE 3 3 12 2 0 3 0
> VAMPIRE 4 3 12 2 0 4 0
> GRENADE 1 1 9 2 3
> GRENADE 2 5 13 4 3
> GRENADE 3 3 11 4 3
> GRENADE 4 3 11 4 4
> BAT1 1 6 13 8 6 13 13 6 1 8 1 10 9 13 11 6 8 11
> BAT2 6 1 8 13 10 13 7 1 13 7 3 8
> BAT3 1 7
< RES 1637330534 119 1
< MOVE U L L
> REQ 1637330534 120 1
> VAMPIRE 1 5 5 2 0 3 19
> VAMPIRE 2 10 9 1 0 3 19
> VAMPIRE 3 2 13 2 0 3 0
> VAMPIRE 4 2 13 2 0 4 0
> GRENADE 1 1 9 1 3
> GRENADE 2 5 13 3 3
> GRENADE 3 3 7 3 3
> GRENADE 4 3 7 3 4
> BAT1 1 6 13 8 6 13 13 6 1 8 1 10 9 13 11 6 8 11
> BAT2 6 1 8 13 10 13 7 1 13 7 3 8
> BAT3 1 7
< RES 1637330534 120 1
< MOVE U U
> REQ 1637330534 121 1
> VAMPIRE 1 3 5 2 1 3 18
> VAMPIRE 2 9 9 1 0 3 18
> VAMPIRE 3 1 12 2 0 3 0
> VAMPIRE 4 1 12 2 0 4 0
> GRENADE 2 5 13 2 3
> GRENADE 3 3 7 2 3
> GRENADE 4 3 7 2 4
> BAT1 1 6 13 8 6 13 13 6 9 13 11 6 8 11
> BAT2 6 1 8 13 10 13 7 1 13 7 3 8
> BAT3 1 7
< RES 1637330534 121 1
< GRENADE
< MOVE D D L
> REQ 1637330534 122 1
> VAMPIRE 1 5 4 2 0 3 17
> VAMPIRE 2 9 9 1 0 3 17
> VAMPIRE 3 2 11 2 0 3 0
> VAMPIRE 4 2 11 2 0 4 0
> GRENADE 2 5 13 1 3
> GRENADE 3 3 7 1 3
> GRENADE 4 3 7 1 4
> GRENADE 1 3 5 5 3
> BAT1 1 6 13 8 6 13 13 6 9 13 11 6 8 11
> BAT2 6 1 8 13 10 13 7 1 13 7 3 8
> BAT3 1 7
< RES 1637330534 122 1
< MOVE L D D
> REQ 1637330534 123 1
> VAMPIRE 1 7 3 2 1 3 16
> VAMPIRE 2 9 11 1 1 3 16
> VAMPIRE 3 3 11 2 1 3 0
> VAMPIRE 4 3 11 2 1 4 0
> BAT1 1 6 13 8 13 6 9 13 11 6 3 8 8 11
> BAT2 6 1 8 13 10 13 7 1 1 7 13 7
< RES 1637330534 123 1
< GRENADE
> REQ 1637330534 124 1
> VAMPIRE 1 7 3 2 0 3 15
> VAMPIRE 2 8 9 1 0 3 15
> VAMPIRE 3 3 11 2 0 3 0
> VAMPIRE 4 3 11 2 0 4 0
> GRENADE 1 7 3 5 3
> GRENADE 2 9 11 5 3
> GRENADE 3 3 11 5 3
> GRENADE 4 3 11 5 4
> BAT1 1 6 13 8 13 6 9 13 11 6 3 8 8 11
> BAT2 6 1 8 13 10 13 7 1 1 7 13 7
< RES 1637330534 124 1
< THROW XD 4
> REQ 1637330534 125 1
> VAMPIRE 1 7 3 2 0 3 14
> VAMPIRE 2 5 9 1 0 3 14
> VAMPIRE 3 2 11 2 0 3 0
> VAMPIRE 4 3 13 2 0 4 0
> GRENADE 1 11 3 4 3
> GRENADE 2 9 11 4 3
> GRENADE 3 3 7 4 3
> GRENADE 4 1 11 4 4
> BAT1 1 6 13 8 13 6 9 13 11 6 3 8 8 11
> BAT2 6 1 8 13 10 13 7 1 1 7 13 7
< RES 1637330534 125 1
> REQ 1637330534 126 1
> VAMPIRE 1 7 3 2 0 3 13
> VAMPIRE 2 5 9 1 0 3 13
> VAMPIRE 3 2 11 2 0 3 0
> VAMPIRE 4 3 13 2 0 4 0
> GRENADE 1 11 3 3 3
> GRENADE 2 9 11 3 3
> GRENADE 3 3 7 3 3
> GRENADE 4 1 11 3 4
> BAT1 1 6 13 8 13 6 9 13 11 6 3 8 8 11
> BAT2 6 1 8 13 10 13 7 1 1 7 13 7
< RES 1637330534 126 1
> REQ 1637330534 127 1
> VAMPIRE 1 7 3 2 0 3 12
> VAMPIRE 2 5 9 1 0 3 12
> VAMPIRE 3 3 10 2 0 3 0
> VAMPIRE 4 3 13 2 0 4 0
> GRENADE 1 11 3 2 3
> GRENADE 2 9 11 2 3
> GRENADE 3 3 7 2 3
> GRENADE 4 1 11 2 4
> POWERUP GRENADE -5 2 13 5
> POWERUP GRENADE -5 12 1 5
> BAT1 1 6 13 8 13 6 9 13 11 6 3 8 8 11
> BAT2 6 1 8 13 10 13 7 1 1 7 13 7
< RES 1637330534 127 1
< MOVE R R D
> REQ 1637330534 128 1
> VAMPIRE 1 8 5 2 0 3 11
> VAMPIRE 2 5 12 1 0 3 11
> VAMPIRE 3 2 9 2 0 3 0
> VAMPIRE 4 2 13 2 0 4 0
> GRENADE 1 11 3 1 3
> GRENADE 2 9 11 1 3
> GRENADE 3 3 7 1 3
> GRENADE 4 1 11 1 4
> POWERUP GRENADE -4 2 13 5
> POWERUP GRENADE -4 12 1 5
> BAT1 1 6 13 8 13 6 9 13 11 6 3 8 8 11
> BAT2 6 1 8 13 10 13 7 1 1 7 13 7
< RES 1637330534 128 1
< MOVE D D D
> REQ 1637330534 129 1
> VAMPIRE 1 11 5 2 1 3 10
> VAMPIRE 2 3 13 1 1 3 10
> VAMPIRE 3 1 10 2 1 3 0
> VAMPIRE 4 2 13 2 1 4 0
> POWERUP GRENADE -3 2 13 5
> POWERUP GRENADE -3 12 1 5
> BAT1 1 6 13 8 13 6
> BAT2 6 1 8 13 10 13 7 1 13 7
< RES 1637330534 129 1
< MOVE L L L
> REQ 1637330534 130 1
> VAMPIRE 1 11 2 2 1 3 9
> VAMPIRE 2 3 13 1 1 3 9
> VAMPIRE 3 1 12 2 1 3 0
> VAMPIRE 4 2 13 2 0 4 0
> GRENADE 4 2 13 5 4
> POWERUP GRENADE -2 2 13 5
> POWERUP GRENADE -2 12 1 5
> BAT1 1 6 13 8 13 6
> BAT2 6 1 8 13 10 13 7 1 13 7
< RES 1637330534 130 1
< MOVE L D
> REQ 1637330534 131 1
> VAMPIRE 1 12 1 2 1 3 8
> VAMPIRE 2 5 13 1 0 3 8
> VAMPIRE 3 1 10 2 1 3 0
> VAMPIRE 4 2 13 2 0 4 0
> GRENADE 4 6 13 4 4
> GRENADE 2 3 13 5 3
> POWERUP GRENADE -1 2 13 5
> POWERUP GRENADE -1 12 1 5
> BAT1 1 6 13 8 13 6
> BAT2 6 1 8 13 10 13 7 1 13 7
< RES 1637330534 131 1
< GRENADE
> REQ 1637330534 132 1
> VAMPIRE 1 12 1 2 0 3 7
> VAMPIRE 2 4 11 1 0 3 7
> VAMPIRE 3 1 12 2 1 3 0
> VAMPIRE 4 2 13 2 0 4 0
> GRENADE 4 6 13 3 4
> GRENADE 2 3 13 4 3
> GRENADE 1 12 1 5 3
> POWERUP GRENADE 18 2 13 5
> POWERUP GRENADE 18 12 1 5
> BAT1 1 6 13 8 13 6
> BAT2 6 1 8 13 10 13 7 1 13 7
< RES 1637330534 132 1
< THROW XU 4
> REQ 1637330534 133 1
> VAMPIRE 1 12 1 2 0 3 6
> VAMPIRE 2 2 11 1 0 3 6
> VAMPIRE 3 2 13 2 1 3 0
> VAMPIRE 4 1 13 2 0 4 0
> GRENADE 4 6 13 2 4
> GRENADE 2 3 13 3 3
> GRENADE 1 8 1 4 3
> POWERUP GRENADE 17 2 13 5
> POWERUP GRENADE 17 12 1 5
> BAT1 1 6 13 8 13 6
> BAT2 6 1 8 13 10 13 7 1 13 7
< RES 1637330534 133 1
> REQ 1637330534 134 1
> VAMPIRE 1 12 1 2 0 3 5
> VAMPIRE 2 1 12 1 0 3 5
> VAMPIRE 3 1 12 2 0 3 0
> VAMPIRE 4 1 12 2 0 4 0
> GRENADE 4 6 13 1 4
> GRENADE 2 3 13 2 3
> GRENADE 1 8 1 3 3
> GRENADE 3 2 13 5 3
> POWERUP GRENADE 16 2 13 5
> POWERUP GRENADE 16 12 1 5
> BAT1 1 6 13 8 13 6
> BAT2 6 1 8 13 10 13 7 1 13 7
< RES 1637330534 134 1
> REQ 1637330534 135 1
> VAMPIRE 1 12 1 2 0 3 4
> VAMPIRE 2 1 9 1 1 3 4
> VAMPIRE 3 1 12 2 1 3 0
> VAMPIRE 4 1 10 2 1 4 0
> GRENADE 1 8 1 2 3
> POWERUP GRENADE 15 2 13 5
> POWERUP GRENADE 15 12 1 5
> BAT1 1 6 13 8 13 6 8 13
> BAT2 6 1 10 13 7 1 13 7
< RES 1637330534 135 1
> REQ 1637330534 136 1
> VAMPIRE 1 12 1 2 1 3 3
> VAMPIRE 2 1 9 1 0 3 3
> VAMPIRE 3 2 13 2 0 3 0
> VAMPIRE 4 1 11 2 0 4 0
> GRENADE 1 8 1 1 3
> GRENADE 2 1 9 5 3
> GRENADE 3 1 12 5 3
> GRENADE 4 1 10 5 4
> POWERUP GRENADE 14 2 13 5
> BAT1 1 6 13 8 13 6 8 13
> BAT2 6 1 10 13 7 1 13 7
< RES 1637330534 136 1
< MOVE U U
> REQ 1637330534 137 1
> VAMPIRE 1 10 1 2 2 3 2
> VAMPIRE 2 3 10 1 0 3 2
> VAMPIRE 3 2 13 2 0 3 0
> VAMPIRE 4 3 11 2 0 4 0
> GRENADE 2 1 13 4 3
> GRENADE 3 1 12 4 3
> GRENADE 4 1 10 4 4
> POWERUP GRENADE 13 2 13 5
> BAT1 1 6 13 8 13 6 8 13 7 1
> BAT2 6 1 10 13 13 7
< RES 1637330534 137 1
< GRENADE
< MOVE U R R
> REQ 1637330534 138 1
> VAMPIRE 1 9 3 2 1 3 1
> VAMPIRE 2 3 13 1 0 3 1
> VAMPIRE 3 2 13 2 0 3 0
> VAMPIRE 4 3 13 2 0 4 0
> GRENADE 2 1 13 3 3
> GRENADE 3 1 12 3 3
> GRENADE 4 1 10 3 4
> GRENADE 1 10 1 5 3
> POWERUP GRENADE 12 2 13 5
> BAT1 1 6 13 8 13 6 8 13 7 1
> BAT2 6 1 10 13 13 7
< RES 1637330534 138 1
< MOVE L L
> REQ 1637330534 139 1
> VAMPIRE 1 9 1 2 1 3 0
> VAMPIRE 2 3 13 1 0 3 0
> VAMPIRE 3 3 13 2 0 3 0
> VAMPIRE 4 3 13 2 0 4 0
> GRENADE 2 1 13 2 3
> GRENADE 3 1 12 2 3
> GRENADE 4 1 10 2 4
> GRENADE 1 10 1 4 3
> POWERUP GRENADE 11 2 13 5
> BAT1 1 6 13 8 13 6 8 13 7 1
> BAT2 6 1 10 13 13 7
< RES 1637330534 139 1
< GRENADE
< MOVE R R
> REQ 1637330534 140 1
> VAMPIRE 1 9 3 2 0 3 0
> VAMPIRE 2 3 12 1 0 3 0
> VAMPIRE 3 3 12 2 0 3 0
> VAMPIRE 4 3 12 2 0 4 0
> GRENADE 2 1 13 1 3
> GRENADE 3 1 12 1 3
> GRENADE 4 1 10 1 4
> GRENADE 1 10 1 3 3
> GRENADE 1 9 1 5 3
> POWERUP GRENADE 10 2 13 5
> BAT1 1 6 13 8 13 6 8 13 7 1
> BAT2 6 1 10 13 13 7
< RES 1637330534 140 1
< MOVE R R
> REQ 1637330534 141 1
> VAMPIRE 1 9 5 2 0 3 0
> VAMPIRE 2 2 11 1 1 3 0
> VAMPIRE 3 3 12 2 1 3 0
> VAMPIRE 4 3 12 2 1 4 0
> GRENADE 1 10 1 2 3
> GRENADE 1 9 1 4 3
> POWERUP GRENADE 9 2 13 5
> BAT1 13 8 13 6 8 13 7 1
> BAT2 6 1 10 13 13 7
< RES 1637330534 141 1
< MOVE D D
> REQ 1637330534 142 1
> VAMPIRE 1 11 5 2 0 3 0
> VAMPIRE 2 1 12 1 1 3 0
> VAMPIRE 3 2 13 2 1 3 0
> VAMPIRE 4 2 13 2 1 4 0
> GRENADE 1 10 1 1 3
> GRENADE 1 9 1 3 3
> POWERUP GRENADE 8 2 13 5
> BAT1 13 8 13 6 8 13 7 1
> BAT2 6 1 10 13 13 7
< RES 1637330534 142 1
< MOVE D D
> REQ 1637330534 143 1
> VAMPIRE 1 13 5 2 2 3 0
> VAMPIRE 2 2 11 1 1 3 0
> VAMPIRE 3 2 13 2 0 3 0
> VAMPIRE 4 2 13 2 0 4 0
> GRENADE 3 2 13 5 3
> GRENADE 4 2 13 5 4
> POWERUP GRENADE 7 2 13 5
> BAT1 13 8 13 6 8 13
> BAT2 6 1 10 13 13 7
< RES 1637330534 143 1
< GRENADE
< MOVE U U
> REQ 1637330534 144 1
> VAMPIRE 1 11 5 2 1 3 0
> VAMPIRE 2 4 11 1 1 3 0
> VAMPIRE 3 2 13 2 0 3 0
> VAMPIRE 4 2 13 2 0 4 0
> GRENADE 3 6 13 4 3
> GRENADE 4 6 13 4 4
> GRENADE 1 13 5 5 3
> POWERUP GRENADE 6 2 13 5
> BAT1 13 8 13 6 8 13
> BAT2 6 1 10 13 13 7
< RES 1637330534 144 1
< MOVE R R
> REQ 1637330534 145 1
> VAMPIRE 1 11 7 2 1 3 0
> VAMPIRE 2 3 12 1 1 3 0
> VAMPIRE 3 2 13 2 0 3 0
> VAMPIRE 4 2 13 2 0 4 0
> GRENADE 3 6 13 3 3
> GRENADE 4 6 13 3 4
> GRENADE 1 13 5 4 3
> POWERUP GRENADE 5 2 13 5
> BAT1 13 8 13 6 8 13
> BAT2 6 1 10 13 13 7
< RES 1637330534 145 1
< GRENADE
< MOVE R R
> REQ 1637330534 146 1
> VAMPIRE 1 11 9 2 0 3 0
> VAMPIRE 2 2 13 1 1 3 0
> VAMPIRE 3 1 13 2 0 3 0
> VAMPIRE 4 1 13 2 0 4 0
> GRENADE 3 6 13 2 3
> GRENADE 4 6 13 2 4
> GRENADE 1 13 5 3 3
> GRENADE 1 11 7 5 3
> POWERUP GRENADE 4 2 13 5
> BAT1 13 8 13 6 8 13
> BAT2 6 1 10 13 13 7
< RES 1637330534 146 1
< MOVE R R
> REQ 1637330534 147 1
> VAMPIRE 1 11 11 2 0 3 0
> VAMPIRE 2 1 12 1 0 3 0
> VAMPIRE 3 1 12 2 0 3 0
> VAMPIRE 4 1 12 2 0 4 0
> GRENADE 3 6 13 1 3
> GRENADE 4 6 13 1 4
> GRENADE 1 13 5 2 3
> GRENADE 1 11 7 4 3
> GRENADE 2 2 13 5 3
> POWERUP GRENADE 3 2 13 5
> BAT1 13 8 13 6 8 13
> BAT2 6 1 10 13 13 7
< RES 1637330534 147 1
< MOVE U U
> REQ 1637330534 148 1
> VAMPIRE 1 9 11 2 0 3 0
> VAMPIRE 2 1 13 1 1 3 0
> VAMPIRE 3 1 13 2 1 3 0
> VAMPIRE 4 1 13 2 1 4 0
> GRENADE 1 13 5 1 3
> GRENADE 1 11 7 3 3
> POWERUP GRENADE 2 2 13 5
> BAT1 13 8 13 6
> BAT2 6 1 10 13 13 7
< RES 1637330534 148 1
< MOVE U U
> REQ 1637330534 149 1
> VAMPIRE 1 7 11 2 1 3 0
> VAMPIRE 2 2 13 1 1 3 0
> VAMPIRE 3 2 13 2 1 3 0
> VAMPIRE 4 2 13 2 1 4 0
> GRENADE 1 11 7 2 3
> POWERUP GRENADE 1 2 13 5
> BAT1 13 8
> BAT2 6 1 10 13 13 7
< RES 1637330534 149 1
< MOVE R R
> REQ 1637330534 150 1
> VAMPIRE 1 7 13 2 1 3 0
> VAMPIRE 2 2 13 1 0 3 0
> VAMPIRE 3 2 13 2 1 3 0
> VAMPIRE 4 2 13 2 0 4 0
> GRENADE 1 11 7 1 3
> GRENADE 2 2 13 5 3
> GRENADE 4 2 13 5 4
> POWERUP GRENADE 1 2 13 5
> BAT1 13 8
> BAT2 6 1 10 13 13 7
< RES 1637330534 150 1
< GRENADE
> REQ 1637330534 151 1
> VAMPIRE 1 7 13 2 1 3 0
> VAMPIRE 2 2 13 1 0 3 0
> VAMPIRE 3 2 13 2 1 3 0
> VAMPIRE 4 2 13 2 0 4 0
> GRENADE 2 2 13 4 3
> GRENADE 4 6 13 4 4
> GRENADE 1 7 13 5 3
> POWERUP GRENADE 1 2 13 5
> BAT1 13 8 13 7
> BAT2 6 1 10 13
< RES 1637330534 151 1
< THROW XU 4
< MOVE D D
> REQ 1637330534 152 1
> VAMPIRE 1 9 13 2 1 3 0
> VAMPIRE 2 2 13 1 0 3 0
> VAMPIRE 3 2 13 2 0 3 0
> VAMPIRE 4 2 13 2 0 4 0
> GRENADE 2 2 13 3 3
> GRENADE 4 6 13 3 4
> GRENADE 1 3 13 4 3
> GRENADE 3 2 13 5 3
> POWERUP GRENADE 1 2 13 5
> BAT1 13 8 13 7
> BAT2 6 1 10 13
< RES 1637330534 152 1
< GRENADE
> REQ 1637330534 153 1
> VAMPIRE 1 9 13 2 0 3 0
> VAMPIRE 2 2 13 1 0 3 0
> VAMPIRE 3 2 13 2 0 3 0
> VAMPIRE 4 2 13 2 0 4 0
> GRENADE 2 2 13 2 3
> GRENADE 4 6 13 2 4
> GRENADE 1 3 13 3 3
> GRENADE 3 2 13 4 3
> GRENADE 1 9 13 5 3
> POWERUP GRENADE 1 2 13 5
> BAT1 13 8 13 7
> BAT2 6 1 10 13
< RES 1637330534 153 1
< THROW XU 4
< MOVE L
> REQ 1637330534 154 1
> VAMPIRE 1 9 12 2 0 3 0
> VAMPIRE 2 2 13 1 0 3 0
> VAMPIRE 3 2 13 2 0 3 0
> VAMPIRE 4 2 13 2 0 4 0
> GRENADE 2 2 13 1 3
> GRENADE 4 6 13 1 4
> GRENADE 1 3 13 2 3
> GRENADE 3 2 13 3 3
> GRENADE 1 5 13 4 3
> POWERUP GRENADE 1 2 13 5
> BAT1 13 8 13 7
> BAT2 6 1 10 13
< RES 1637330534 154 1
< MOVE R U
> REQ 1637330534 155 1
> VAMPIRE 1 8 13 2 2 3 0
> VAMPIRE 3 2 13 1 1 3 0
> VAMPIRE 4 1 13 1 1 4 0
> POWERUP GRENADE 1 2 13 5
> BAT1 13 8 10 13 13 7
> BAT2 6 1
< RES 1637330534 155 1
< GRENADE
< MOVE D L
> REQ 1637330534 156 1
> VAMPIRE 1 9 12 2 1 3 0
> VAMPIRE 3 2 13 1 1 3 0
> VAMPIRE 4 3 13 1 1 4 0
> GRENADE 1 8 13 5 3
> POWERUP GRENADE 1 2 13 5
> BAT1 13 8 10 13 13 7
> BAT2 6 1
< RES 1637330534 156 1
< MOVE L
> REQ 1637330534 157 1
> VAMPIRE 1 9 11 2 1 3 0
> VAMPIRE 3 2 13 1 1 3 0
> VAMPIRE 4 4 13 1 1 4 0
> GRENADE 1 8 13 4 3
> POWERUP GRENADE 1 2 13 5
> BAT1 13 8 10 13 13 7
> BAT2 6 1
< RES 1637330534 157 1
< MOVE D D
> REQ 1637330534 158 1
> VAMPIRE 1 11 11 2 1 3 0
> VAMPIRE 3 2 13 1 0 3 0
> VAMPIRE 4 5 12 1 0 4 0
> GRENADE 1 8 13 3 3
> GRENADE 3 2 13 5 3
> GRENADE 4 4 13 5 4
> POWERUP GRENADE 1 2 13 5
> BAT1 13 8 10 13 13 7
> BAT2 6 1
< RES 1637330534 158 1
< MOVE D D
> REQ 1637330534 159 1
> VAMPIRE 1 13 11 2 1 3 0
> VAMPIRE 3 2 13 1 0 3 0
> VAMPIRE 4 5 11 1 0 4 0
> GRENADE 1 8 13 2 3
> GRENADE 3 2 13 4 3
> GRENADE 4 4 13 4 4
> POWERUP GRENADE 1 2 13 5
> BAT1 13 8 10 13 13 7
> BAT2 6 1
< RES 1637330534 159 1
< GRENADE
< MOVE U U
> REQ 1637330534 160 1
> VAMPIRE 1 11 11 2 0 3 0
> VAMPIRE 3 3 12 1 0 3 0
> VAMPIRE 4 7 11 1 0 4 0
> GRENADE 1 8 13 1 3
> GRENADE 3 6 13 3 3
> GRENADE 4 4 13 3 4
> GRENADE 1 13 11 5 3
> POWERUP GRENADE 1 2 13 5
> BAT1 13 8 10 13 13 7
> BAT2 6 1
< RES 1637330534 160 1
< MOVE L L
> REQ 1637330534 161 1
> VAMPIRE 1 11 9 2 1 3 0
> VAMPIRE 3 3 11 1 1 3 0
> VAMPIRE 4 9 11 1 1 4 0
> GRENADE 1 13 11 4 3
> BAT1 13 8 13 7
> BAT2 6 1
< RES 1637330534 161 1
< MOVE L L
> REQ 1637330534 162 1
> VAMPIRE 1 11 7 2 1 3 0
> VAMPIRE 3 3 9 1 1 3 0
> VAMPIRE 4 7 11 1 0 4 0
> GRENADE 1 13 11 3 3
> GRENADE 4 9 11 5 4
> BAT1 13 8 13 7
> BAT2 6 1
< RES 1637330534 162 1
< GRENADE
> REQ 1637330534 163 1
> VAMPIRE 1 11 7 2 0 3 0
> VAMPIRE 3 3 7 1 1 3 0
> VAMPIRE 4 8 11 1 0 4 0
> GRENADE 1 13 11 2 3
> GRENADE 4 9 11 4 4
> GRENADE 1 11 7 5 3
> POWERUP BATTERY -7 3 7 6
> POWERUP BATTERY -7 11 7 6
> BAT1 13 8 13 7
> BAT2 6 1
< RES 1637330534 163 1
< THROW XR 4
< MOVE U
> REQ 1637330534 164 1
> VAMPIRE 1 10 7 2 0 3 0
> VAMPIRE 3 3 7 1 1 3 0
> VAMPIRE 4 6 11 1 0 4 0
> GRENADE 1 13 11 1 3
> GRENADE 4 13 11 3 4
> GRENADE 1 11 11 4 3
> POWERUP BATTERY -6 3 7 6
> POWERUP BATTERY -6 11 7 6
> BAT1 13 8 13 7
> BAT2 6 1
< RES 1637330534 164 1
< MOVE D
> REQ 1637330534 165 1
> VAMPIRE 1 11 7 2 2 3 0
> VAMPIRE 3 3 7 1 1 3 0
> VAMPIRE 4 4 11 1 1 4 0
> POWERUP BATTERY -5 3 7 6
> POWERUP BATTERY -5 11 7 6
> BAT1 13 7
> BAT2 6 1
< RES 1637330534 165 1
< GRENADE
> REQ 1637330534 166 1
> VAMPIRE 1 11 7 2 1 3 0
> VAMPIRE 3 3 7 1 1 3 0
> VAMPIRE 4 3 10 1 1 4 0
> GRENADE 1 11 7 5 3
> POWERUP BATTERY -4 3 7 6
> POWERUP BATTERY -4 11 7 6
> BAT1 13 7
> BAT2 6 1
< RES 1637330534 166 1
> REQ 1637330534 167 1
> VAMPIRE 1 11 7 2 1 3 0
> VAMPIRE 3 3 7 1 1 3 0
> VAMPIRE 4 3 8 1 1 4 0
> GRENADE 1 11 7 4 3
> POWERUP BATTERY -3 3 7 6
> POWERUP BATTERY -3 11 7 6
> BAT1 13 7
> BAT2 6 1
< RES 1637330534 167 1
> REQ 1637330534 168 1
> VAMPIRE 1 11 7 2 1 3 0
> VAMPIRE 3 3 7 1 1 3 0
> VAMPIRE 4 3 7 1 1 4 0
> GRENADE 1 11 7 3 3
> POWERUP BATTERY -2 3 7 6
> POWERUP BATTERY -2 11 7 6
> BAT1 13 7
> BAT2 6 1
< RES 1637330534 168 1
> REQ 1637330534 169 1
> VAMPIRE 1 11 7 2 1 3 0
> VAMPIRE 3 3 7 1 1 3 0
> VAMPIRE 4 3 7 1 1 4 0
> GRENADE 1 11 7 2 3
> POWERUP BATTERY -1 3 7 6
> POWERUP BATTERY -1 11 7 6
> BAT1 13 7
> BAT2 6 1
< RES 1637330534 169 1
< THROW XU 4
> REQ 1637330534 170 1
> VAMPIRE 1 11 7 2 1 3 0
> VAMPIRE 3 3 7 1 1 3 0
> VAMPIRE 4 3 7 1 1 4 0
> GRENADE 1 7 7 1 3
> POWERUP BATTERY 19 3 7 6
> POWERUP BATTERY 19 11 7 6
> BAT1 13 7
> BAT2 6 1
< RES 1637330534 170 1
< GRENADE
> REQ 1637330534 171 1
> VAMPIRE 1 11 7 2 1 3 0
> VAMPIRE 3 3 7 1 1 3 0
> VAMPIRE 4 3 7 1 1 4 0
> GRENADE 1 11 7 5 3
> POWERUP BATTERY 18 3 7 6
> POWERUP BATTERY 18 11 7 6
> BAT1 13 7
> BAT2 6 1
< RES 1637330534 171 1
> REQ 1637330534 172 1
> VAMPIRE 1 11 7 2 1 3 0
> VAMPIRE 3 3 7 1 1 3 0
> VAMPIRE 4 3 7 1 0 4 0
> GRENADE 1 11 7 4 3
> GRENADE 4 3 7 5 4
> POWERUP BATTERY 17 3 7 6
> POWERUP BATTERY 17 11 7 6
> BAT1 13 7
> BAT2 6 1
< RES 1637330534 172 1
> REQ 1637330534 173 1
> VAMPIRE 1 11 7 2 1 3 0
> VAMPIRE 3 3 7 1 1 3 0
> VAMPIRE 4 3 7 1 0 4 0
> GRENADE 1 11 7 3 3
> GRENADE 4 7 7 4 4
> POWERUP BATTERY 16 3 7 6
> POWERUP BATTERY 16 11 7 6
> BAT1 13 7
> BAT2 6 1
< RES 1637330534 173 1
> REQ 1637330534 174 1
> VAMPIRE 1 11 7 2 1 3 0
> VAMPIRE 3 3 7 1 0 3 0
> VAMPIRE 4 3 6 1 0 4 0
> GRENADE 1 11 7 2 3
> GRENADE 4 7 7 3 4
> GRENADE 3 3 7 5 3
> POWERUP BATTERY 15 3 7 6
> POWERUP BATTERY 15 11 7 6
> BAT1 13 7
> BAT2 6 1
< RES 1637330534 174 1
< THROW XD 1
< MOVE L
> REQ 1637330534 175 1
> VAMPIRE 1 11 6 2 1 4 0
> VAMPIRE 3 3 6 1 0 4 0
> VAMPIRE 4 4 5 1 0 4 0
> GRENADE 1 12 7 1 3
> GRENADE 4 7 7 2 4
> GRENADE 3 7 7 4 3
> BAT1 13 7
> BAT2 6 1
< RES 1637330534 175 1
< MOVE L
> REQ 1637330534 176 1
> VAMPIRE 1 11 5 2 2 4 0
> VAMPIRE 3 4 5 1 0 4 0
> VAMPIRE 4 5 4 1 0 4 0
> GRENADE 4 7 7 1 4
> GRENADE 3 7 7 3 3
> BAT2 6 1
< RES 1637330534 176 1
< MOVE R R
> REQ 1637330534 177 1
> VAMPIRE 1 11 7 2 2 4 0
> VAMPIRE 3 3 5 1 1 4 0
> VAMPIRE 4 5 2 1 1 4 0
> BAT2 6 1
< RES 1637330534 177 1
< MOVE U U
> REQ 1637330534 178 1
> VAMPIRE 1 9 7 2 2 4 0
> VAMPIRE 3 3 5 1 0 4 0
> VAMPIRE 4 4 1 1 1 4 0
> GRENADE 3 3 5 5 4
> BAT2 6 1
< RES 1637330534 178 1
< MOVE L L
> REQ 1637330534 179 1
> VAMPIRE 1 9 5 2 2 4 0
> VAMPIRE 3 5 5 1 0 4 0
> VAMPIRE 4 5 2 1 0 4 0
> GRENADE 3 3 1 4 4
> GRENADE 4 4 1 5 4
> BAT2 6 1
< RES 1637330534 179 1
< GRENADE
> REQ 1637330534 180 1
> VAMPIRE 1 9 5 2 1 4 0
> VAMPIRE 3 5 7 1 0 4 0
> VAMPIRE 4 5 2 1 0 4 0
> GRENADE 3 3 1 3 4
> GRENADE 4 4 1 4 4
> GRENADE 1 9 5 5 4
> BAT2 6 1
< RES 1637330534 180 1
< THROW XL 4
< MOVE D D
> REQ 1637330534 181 1
> VAMPIRE 1 11 5 2 1 4 0
> VAMPIRE 3 5 5 1 0 4 0
> VAMPIRE 4 5 3 1 0 4 0
> GRENADE 3 3 1 2 4
> GRENADE 4 4 1 3 4
> GRENADE 1 9 1 4 4
> BAT2 6 1
< RES 1637330534 181 1
< MOVE R R
> REQ 1637330534 182 1
> VAMPIRE 1 11 7 2 1 4 0
> VAMPIRE 3 5 3 1 0 4 0
> VAMPIRE 4 5 2 1 0 4 0
> GRENADE 3 3 1 1 4
> GRENADE 4 4 1 2 4
> GRENADE 1 9 1 3 4
> BAT2 6 1
< RES 1637330534 182 1
< MOVE U U
> REQ 1637330534 183 1
> VAMPIRE 1 9 7 2 1 4 0
> VAMPIRE 3 5 5 1 1 4 0
> VAMPIRE 4 5 2 1 1 4 0
> GRENADE 1 9 1 2 4
> BAT1 6 1
< RES 1637330534 183 1
> REQ 1637330534 184 1
> VAMPIRE 1 9 7 2 1 4 0
> VAMPIRE 3 5 7 1 1 4 0
> VAMPIRE 4 5 1 1 1 4 0
> GRENADE 1 9 1 1 4
> BAT1 6 1
< RES 1637330534 184 1
< MOVE D D
> REQ 1637330534 185 1
> VAMPIRE 1 11 7 2 2 4 0
> VAMPIRE 3 5 9 1 1 4 0
> VAMPIRE 4 5 3 1 1 4 0
< RES 1637330534 185 1
> REQ 1637330534 186 1
> VAMPIRE 1 11 7 2 2 4 0
> VAMPIRE 3 5 9 1 1 4 0
> VAMPIRE 4 5 3 1 1 4 0
< RES 1637330534 186 1
> REQ 1637330534 187 1
> VAMPIRE 1 11 7 2 2 4 0
> VAMPIRE 3 5 9 1 1 4 0
> VAMPIRE 4 5 3 1 1 4 0
< RES 1637330534 187 1
> REQ 1637330534 188 1
> VAMPIRE 1 11 7 2 2 4 0
> VAMPIRE 3 5 9 1 1 4 0
> VAMPIRE 4 5 3 1 1 4 0
< RES 1637330534 188 1
> REQ 1637330534 189 1
> VAMPIRE 1 11 7 2 2 4 0
> VAMPIRE 3 5 9 1 1 4 0
> VAMPIRE 4 5 3 1 1 4 0
< RES 1637330534 189 1
> REQ 1637330534 190 1
> VAMPIRE 1 11 7 2 2 4 0
> VAMPIRE 3 5 9 1 1 4 0
> VAMPIRE 4 5 3 1 1 4 0
< RES 1637330534 190 1
> REQ 1637330534 191 1
> VAMPIRE 1 11 7 2 2 4 0
> VAMPIRE 3 5 9 1 1 4 0
> VAMPIRE 4 5 3 1 1 4 0
< RES 1637330534 191 1
> REQ 1637330534 192 1
> VAMPIRE 1 11 7 2 2 4 0
> VAMPIRE 3 5 9 1 1 4 0
> VAMPIRE 4 5 3 1 1 4 0
< RES 1637330534 192 1
> REQ 1637330534 193 1
> VAMPIRE 1 11 7 2 2 4 0
> VAMPIRE 3 5 9 1 1 4 0
> VAMPIRE 4 5 3 1 1 4 0
< RES 1637330534 193 1
> REQ 1637330534 194 1
> VAMPIRE 1 11 7 2 2 4 0
> VAMPIRE 3 5 9 1 1 4 0
> VAMPIRE 4 5 3 1 1 4 0
< RES 1637330534 194 1
> REQ 1637330534 195 1
> VAMPIRE 1 11 7 2 2 4 0
> VAMPIRE 3 5 9 1 1 4 0
> VAMPIRE 4 5 3 1 1 4 0
< RES 1637330534 195 1
> REQ 1637330534 196 1
> VAMPIRE 1 11 7 2 2 4 0
> VAMPIRE 3 5 9 1 1 4 0
> VAMPIRE 4 5 3 1 1 4 0
< RES 1637330534 196 1
> REQ 1637330534 197 1
> VAMPIRE 1 11 7 2 2 4 0
> VAMPIRE 3 5 9 1 1 4 0
> VAMPIRE 4 5 3 1 1 4 0
< RES 1637330534 197 1
> REQ 1637330534 198 1
> VAMPIRE 1 11 7 2 2 4 0
> VAMPIRE 3 5 9 1 1 4 0
> VAMPIRE 4 5 3 1 1 4 0
< RES 1637330534 198 1
> REQ 1637330534 199 1
> VAMPIRE 1 11 7 2 2 4 0
> VAMPIRE 3 5 9 1 1 4 0
> VAMPIRE 4 5 3 1 1 4 0
> POWERUP BATTERY -5 9 4 4
> POWERUP BATTERY -5 5 10 4
< RES 1637330534 199 1
< MOVE U U
> REQ 1637330534 200 1
> VAMPIRE 1 9 7 2 2 4 0
> VAMPIRE 3 5 10 1 1 4 0
> VAMPIRE 4 7 3 1 1 4 0
> POWERUP BATTERY -4 9 4 4
> POWERUP BATTERY -4 5 10 4
< RES 1637330534 200 1
< MOVE L L
> REQ 1637330534 201 1
> VAMPIRE 1 9 5 2 2 4 0
> VAMPIRE 3 5 10 1 1 4 0
> VAMPIRE 4 9 3 1 1 4 0
> POWERUP BATTERY -3 9 4 4
> POWERUP BATTERY -3 5 10 4
< RES 1637330534 201 1
< GRENADE
< MOVE L L
> REQ 1637330534 202 1
> VAMPIRE 1 9 3 2 1 4 0
> VAMPIRE 3 5 10 1 1 4 0
> VAMPIRE 4 9 4 1 1 4 0
> GRENADE 1 9 5 5 4
> POWERUP BATTERY -2 9 4 4
> POWERUP BATTERY -2 5 10 4
< RES 1637330534 202 1
< GRENADE
> REQ 1637330534 203 1
> VAMPIRE 1 9 3 2 0 4 0
> VAMPIRE 3 5 10 1 1 4 0
> VAMPIRE 4 9 4 1 1 4 0
> GRENADE 1 9 5 4 4
> GRENADE 1 9 3 5 4
> POWERUP BATTERY -1 9 4 4
> POWERUP BATTERY -1 5 10 4
< RES 1637330534 203 1
< THROW XL 2
> REQ 1637330534 204 1
> VAMPIRE 1 9 3 2 0 4 0
> VAMPIRE 3 5 10 1 1 4 0
> VAMPIRE 4 9 4 1 1 4 0
> GRENADE 1 9 5 3 4
> GRENADE 1 9 1 4 4
> POWERUP BATTERY 11 9 4 4
> POWERUP BATTERY 11 5 10 4
< RES 1637330534 204 1
> REQ 1637330534 205 1
> VAMPIRE 1 9 3 2 0 4 0
> VAMPIRE 3 5 10 1 1 4 0
> VAMPIRE 4 9 4 1 0 4 0
> GRENADE 1 9 5 2 4
> GRENADE 1 9 1 3 4
> GRENADE 4 9 4 5 4
> POWERUP BATTERY 10 9 4 4
> POWERUP BATTERY 10 5 10 4
< RES 1637330534 205 1
< GRENADE
> REQ 1637330534 206 1
> VAMPIRE 1 9 3 2 0 4 0
> VAMPIRE 3 5 10 1 1 4 0
> VAMPIRE 4 8 3 1 0 4 0
> GRENADE 1 9 5 1 4
> GRENADE 1 9 1 2 4
> GRENADE 4 9 1 4 4
> POWERUP BATTERY 9 9 4 4
> POWERUP BATTERY 9 5 10 4
< RES 1637330534 206 1
< MOVE U
> REQ 1637330534 207 1
> VAMPIRE 1 8 3 1 2 4 0
> VAMPIRE 3 5 10 1 1 5 0
> VAMPIRE 4 9 4 1 1 4 0
> POWERUP BATTERY 8 9 4 4
< RES 1637330534 207 1
< MOVE D R
> REQ 1637330534 208 1
> VAMPIRE 1 9 4 1 2 4 0
> VAMPIRE 3 6 9 1 1 5 0
> VAMPIRE 4 9 4 1 1 4 0
> POWERUP BATTERY 7 9 4 4
< RES 1637330534 208 1
> REQ 1637330534 209 1
> VAMPIRE 1 9 4 1 2 4 0
> VAMPIRE 3 8 9 1 1 5 0
> VAMPIRE 4 9 4 1 1 4 0
> POWERUP BATTERY 6 9 4 4
< RES 1637330534 209 1
> REQ 1637330534 210 1
> VAMPIRE 1 9 4 1 2 4 0
> VAMPIRE 3 9 8 1 1 5 0
> VAMPIRE 4 9 4 1 1 4 0
> POWERUP BATTERY 5 9 4 4
< RES 1637330534 210 1
< GRENADE
> REQ 1637330534 211 1
> VAMPIRE 1 9 4 1 1 4 0
> VAMPIRE 3 9 6 1 1 5 0
> VAMPIRE 4 9 4 1 1 5 0
> GRENADE 1 9 4 5 4
< RES 1637330534 211 1
< GRENADE
< MOVE L U
> REQ 1637330534 212 1
> VAMPIRE 1 8 3 1 0 4 0
> VAMPIRE 3 8 7 1 1 5 0
> VAMPIRE 4 8 3 1 1 5 0
> GRENADE 1 9 4 4 4
> GRENADE 1 9 4 5 4
< RES 1637330534 212 1
> REQ 1637330534 213 1
> VAMPIRE 1 8 3 1 0 4 0
> VAMPIRE 3 7 7 1 1 5 0
> VAMPIRE 4 7 3 1 1 5 0
> GRENADE 1 9 4 3 4
> GRENADE 1 9 4 4 4
< RES 1637330534 213 1
< MOVE D D
> REQ 1637330534 214 1
> VAMPIRE 1 10 3 1 0 4 0
> VAMPIRE 3 7 9 1 1 5 0
> VAMPIRE 4 7 5 1 1 5 0
> GRENADE 1 9 4 2 4
> GRENADE 1 9 4 3 4
< RES 1637330534 214 1
< MOVE D
> REQ 1637330534 215 1
> VAMPIRE 1 11 3 1 0 4 0
> VAMPIRE 3 7 11 1 1 5 0
> VAMPIRE 4 5 5 1 1 5 0
> GRENADE 1 9 4 1 4
> GRENADE 1 9 4 2 4
< RES 1637330534 215 1
< MOVE R R
> REQ 1637330534 216 1
> VAMPIRE 1 11 5 1 2 4 0
> VAMPIRE 3 7 11 1 1 5 0
> VAMPIRE 4 5 5 1 1 5 0
< RES 1637330534 216 1
> REQ 1637330534 217 1
> VAMPIRE 1 11 5 1 2 4 0
> VAMPIRE 3 7 11 1 1 5 0
> VAMPIRE 4 5 5 1 1 5 0
< RES 1637330534 217 1
> REQ 1637330534 218 1
> VAMPIRE 1 11 5 1 2 4 0
> VAMPIRE 3 7 11 1 1 5 0
> VAMPIRE 4 5 5 1 1 5 0
< RES 1637330534 218 1
> REQ 1637330534 219 1
> VAMPIRE 1 11 5 1 2 4 0
> VAMPIRE 3 7 11 1 1 5 0
> VAMPIRE 4 5 5 1 1 5 0
< RES 1637330534 219 1
> REQ 1637330534 220 1
> VAMPIRE 1 11 5 1 2 4 0
> VAMPIRE 3 7 11 1 1 5 0
> VAMPIRE 4 5 5 1 1 5 0
< RES 1637330534 220 1
> REQ 1637330534 221 1
> VAMPIRE 1 11 5 1 2 4 0
> VAMPIRE 3 7 11 1 1 5 0
> VAMPIRE 4 5 5 1 1 5 0
> POWERUP TOMATO -4 7 2 7
> POWERUP TOMATO -4 7 12 7
< RES 1637330534 221 1
< MOVE U U
> REQ 1637330534 222 1
> VAMPIRE 1 9 5 1 2 4 0
> VAMPIRE 3 7 12 1 1 5 0
> VAMPIRE 4 7 5 1 1 5 0
> POWERUP TOMATO -3 7 2 7
> POWERUP TOMATO -3 7 12 7
< RES 1637330534 222 1
< MOVE U U
> REQ 1637330534 223 1
> VAMPIRE 1 7 5 1 2 4 0
> VAMPIRE 3 7 12 1 1 5 0
> VAMPIRE 4 7 3 1 1 5 0
> POWERUP TOMATO -2 7 2 7
> POWERUP TOMATO -2 7 12 7
< RES 1637330534 223 1
< MOVE L L
> REQ 1637330534 224 1
> VAMPIRE 1 7 3 1 2 4 0
> VAMPIRE 3 7 12 1 1 5 0
> VAMPIRE 4 7 2 1 1 5 0
> POWERUP TOMATO -1 7 2 7
> POWERUP TOMATO -1 7 12 7
< RES 1637330534 224 1
< GRENADE
< MOVE L L
> REQ 1637330534 225 1
> VAMPIRE 1 7 1 1 1 4 0
> VAMPIRE 3 7 12 1 1 5 0
> VAMPIRE 4 7 1 1 1 5 0
> GRENADE 1 7 3 5 4
> POWERUP TOMATO 13 7 2 7
> POWERUP TOMATO 13 7 12 7
< RES 1637330534 225 1
> REQ 1637330534 226 1
> VAMPIRE 1 7 1 1 1 4 0
> VAMPIRE 3 7 12 1 1 5 0
> VAMPIRE 4 7 1 1 1 5 0
> GRENADE 1 7 3 4 4
> POWERUP TOMATO 12 7 2 7
> POWERUP TOMATO 12 7 12 7
< RES 1637330534 226 1
< GRENADE
> REQ 1637330534 227 1
> VAMPIRE 1 7 1 1 0 4 0
> VAMPIRE 3 7 12 1 1 5 0
> VAMPIRE 4 7 1 1 1 5 0
> GRENADE 1 7 3 3 4
> GRENADE 1 7 1 5 4
> POWERUP TOMATO 11 7 2 7
> POWERUP TOMATO 11 7 12 7
< RES 1637330534 227 1
< MOVE R
> REQ 1637330534 228 1
> VAMPIRE 1 7 2 1 0 4 0
> VAMPIRE 3 7 12 1 1 5 0
> VAMPIRE 4 9 1 1 1 5 0
> GRENADE 1 7 3 2 4
> GRENADE 1 7 1 4 4
> POWERUP TOMATO 10 7 2 7
> POWERUP TOMATO 10 7 12 7
< RES 1637330534 228 1
< GRENADE
> REQ 1637330534 229 1
> VAMPIRE 1 7 2 1 0 4 0
> VAMPIRE 3 7 12 1 1 5 0
> VAMPIRE 4 9 2 1 1 5 0
> GRENADE 1 7 3 1 4
> GRENADE 1 7 1 3 4
> POWERUP TOMATO 9 7 2 7
> POWERUP TOMATO 9 7 12 7
< RES 1637330534 229 1
> END 736 Could_not_be_more_deaded
