> MESSAGE OK
> LEVEL 8
> GAMEID 1637099853
> TEST 1
> MAXTICK 1200
> GRENADERADIUS 2
> SIZE 21
> REQ 1637099853 0 4
> VAMPIRE 1 1 1 3 1 2 0
> VAMPIRE 3 19 19 3 1 2 0
> VAMPIRE 2 19 1 3 1 2 0
> VAMPIRE 4 1 19 3 1 2 0
> BAT1 3 1 7 1 9 1 11 1 13 1 17 1 1 3 3 3 5 3 9 3 11 3 15 3 17 3 19 3 3 5 5 5 7 5 13 5 15 5 17 5 1 7 5 7 7 7 9 7 11 7 13 7 15 7 19 7 1 9 3 9 7 9 13 9 17 9 19 9 1 11 3 11 7 11 13 11 17 11 19 11 1 13 5 13 7 13 9 13 11 13 13 13 15 13 19 13 3 15 5 15 7 15 13 15 15 15 17 15 1 17 3 17 5 17 9 17 11 17 15 17 17 17 19 17 3 19 7 19 9 19 11 19 13 19 17 19
< RES 1637099853 0 4
< MOVE L
> REQ 1637099853 1 4
> VAMPIRE 1 2 1 3 1 2 0
> VAMPIRE 3 19 18 3 1 2 0
> VAMPIRE 2 18 1 3 1 2 0
> VAMPIRE 4 1 18 3 1 2 0
> BAT1 3 1 7 1 9 1 11 1 13 1 17 1 1 3 3 3 5 3 9 3 11 3 15 3 17 3 19 3 3 5 5 5 7 5 13 5 15 5 17 5 1 7 5 7 7 7 9 7 11 7 13 7 15 7 19 7 1 9 3 9 7 9 13 9 17 9 19 9 1 11 3 11 7 11 13 11 17 11 19 11 1 13 5 13 7 13 9 13 11 13 13 13 15 13 19 13 3 15 5 15 7 15 13 15 15 15 17 15 1 17 3 17 5 17 9 17 11 17 15 17 17 17 19 17 3 19 7 19 9 19 11 19 13 19 17 19
< RES 1637099853 1 4
< GRENADE
< MOVE R D
> REQ 1637099853 2 4
> VAMPIRE 1 1 2 3 0 2 0
> VAMPIRE 3 18 19 3 0 2 0
> VAMPIRE 2 19 2 3 0 2 0
> VAMPIRE 4 2 19 3 0 2 0
> GRENADE 1 2 1 5 2
> GRENADE 3 19 18 5 2
> GRENADE 2 18 1 5 2
> GRENADE 4 1 18 5 2
> BAT1 3 1 7 1 9 1 11 1 13 1 17 1 1 3 3 3 5 3 9 3 11 3 15 3 17 3 19 3 3 5 5 5 7 5 13 5 15 5 17 5 1 7 5 7 7 7 9 7 11 7 13 7 15 7 19 7 1 9 3 9 7 9 13 9 17 9 19 9 1 11 3 11 7 11 13 11 17 11 19 11 1 13 5 13 7 13 9 13 11 13 13 13 15 13 19 13 3 15 5 15 7 15 13 15 15 15 17 15 1 17 3 17 5 17 9 17 11 17 15 17 17 17 19 17 3 19 7 19 9 19 11 19 13 19 17 19
< RES 1637099853 2 4
> REQ 1637099853 3 4
> VAMPIRE 1 1 2 3 0 2 0
> VAMPIRE 3 18 19 3 0 2 0
> VAMPIRE 2 19 2 3 0 2 0
> VAMPIRE 4 2 19 3 0 2 0
> GRENADE 1 2 1 4 2
> GRENADE 3 19 18 4 2
> GRENADE 2 18 1 4 2
> GRENADE 4 1 18 4 2
> BAT1 3 1 7 1 9 1 11 1 13 1 17 1 1 3 3 3 5 3 9 3 11 3 15 3 17 3 19 3 3 5 5 5 7 5 13 5 15 5 17 5 1 7 5 7 7 7 9 7 11 7 13 7 15 7 19 7 1 9 3 9 7 9 13 9 17 9 19 9 1 11 3 11 7 11 13 11 17 11 19 11 1 13 5 13 7 13 9 13 11 13 13 13 15 13 19 13 3 15 5 15 7 15 13 15 15 15 17 15 1 17 3 17 5 17 9 17 11 17 15 17 17 17 19 17 3 19 7 19 9 19 11 19 13 19 17 19
< RES 1637099853 3 4
> REQ 1637099853 4 4
> VAMPIRE 1 1 2 3 0 2 0
> VAMPIRE 3 18 19 3 0 2 0
> VAMPIRE 2 19 2 3 0 2 0
> VAMPIRE 4 2 19 3 0 2 0
> GRENADE 1 2 1 3 2
> GRENADE 3 19 18 3 2
> GRENADE 2 18 1 3 2
> GRENADE 4 1 18 3 2
> BAT1 3 1 7 1 9 1 11 1 13 1 17 1 1 3 3 3 5 3 9 3 11 3 15 3 17 3 19 3 3 5 5 5 7 5 13 5 15 5 17 5 1 7 5 7 7 7 9 7 11 7 13 7 15 7 19 7 1 9 3 9 7 9 13 9 17 9 19 9 1 11 3 11 7 11 13 11 17 11 19 11 1 13 5 13 7 13 9 13 11 13 13 13 15 13 19 13 3 15 5 15 7 15 13 15 15 15 17 15 1 17 3 17 5 17 9 17 11 17 15 17 17 17 19 17 3 19 7 19 9 19 11 19 13 19 17 19
< RES 1637099853 4 4
> REQ 1637099853 5 4
> VAMPIRE 1 1 2 3 0 2 0
> VAMPIRE 3 18 19 3 0 2 0
> VAMPIRE 2 19 2 3 0 2 0
> VAMPIRE 4 2 19 3 0 2 0
> GRENADE 1 2 1 2 2
> GRENADE 3 19 18 2 2
> GRENADE 2 18 1 2 2
> GRENADE 4 1 18 2 2
> BAT1 3 1 7 1 9 1 11 1 13 1 17 1 1 3 3 3 5 3 9 3 11 3 15 3 17 3 19 3 3 5 5 5 7 5 13 5 15 5 17 5 1 7 5 7 7 7 9 7 11 7 13 7 15 7 19 7 1 9 3 9 7 9 13 9 17 9 19 9 1 11 3 11 7 11 13 11 17 11 19 11 1 13 5 13 7 13 9 13 11 13 13 13 15 13 19 13 3 15 5 15 7 15 13 15 15 15 17 15 1 17 3 17 5 17 9 17 11 17 15 17 17 17 19 17 3 19 7 19 9 19 11 19 13 19 17 19
< RES 1637099853 5 4
> REQ 1637099853 6 4
> VAMPIRE 1 1 2 3 0 2 0
> VAMPIRE 3 18 19 3 0 2 0
> VAMPIRE 2 19 2 3 0 2 0
> VAMPIRE 4 2 19 3 0 2 0
> GRENADE 1 2 1 1 2
> GRENADE 3 19 18 1 2
> GRENADE 2 18 1 1 2
> GRENADE 4 1 18 1 2
> BAT1 3 1 7 1 9 1 11 1 13 1 17 1 1 3 3 3 5 3 9 3 11 3 15 3 17 3 19 3 3 5 5 5 7 5 13 5 15 5 17 5 1 7 5 7 7 7 9 7 11 7 13 7 15 7 19 7 1 9 3 9 7 9 13 9 17 9 19 9 1 11 3 11 7 11 13 11 17 11 19 11 1 13 5 13 7 13 9 13 11 13 13 13 15 13 19 13 3 15 5 15 7 15 13 15 15 15 17 15 1 17 3 17 5 17 9 17 11 17 15 17 17 17 19 17 3 19 7 19 9 19 11 19 13 19 17 19
< RES 1637099853 6 4
> REQ 1637099853 7 4
> VAMPIRE 1 1 1 3 1 2 0
> VAMPIRE 3 18 19 3 1 2 0
> VAMPIRE 2 19 2 3 1 2 0
> VAMPIRE 4 2 19 3 1 2 0
> BAT1 7 1 9 1 11 1 13 1 1 3 3 3 5 3 9 3 11 3 15 3 17 3 19 3 3 5 5 5 7 5 13 5 15 5 17 5 1 7 5 7 7 7 9 7 11 7 13 7 15 7 19 7 1 9 3 9 7 9 13 9 17 9 19 9 1 11 3 11 7 11 13 11 17 11 19 11 1 13 5 13 7 13 9 13 11 13 13 13 15 13 19 13 3 15 5 15 7 15 13 15 15 15 17 15 3 17 5 17 9 17 11 17 15 17 17 17 3 19 7 19 9 19 11 19 13 19 17 19
< RES 1637099853 7 4
< GRENADE
< MOVE U L
> REQ 1637099853 8 4
> VAMPIRE 1 3 1 3 0 2 0
> VAMPIRE 3 19 18 3 0 2 0
> VAMPIRE 2 18 1 3 0 2 0
> VAMPIRE 4 1 18 3 0 2 0
> GRENADE 1 1 1 5 2
> GRENADE 3 18 19 5 2
> GRENADE 2 19 2 5 2
> GRENADE 4 2 19 5 2
> BAT1 7 1 9 1 11 1 13 1 1 3 3 3 5 3 9 3 11 3 15 3 17 3 19 3 3 5 5 5 7 5 13 5 15 5 17 5 1 7 5 7 7 7 9 7 11 7 13 7 15 7 19 7 1 9 3 9 7 9 13 9 17 9 19 9 1 11 3 11 7 11 13 11 17 11 19 11 1 13 5 13 7 13 9 13 11 13 13 13 15 13 19 13 3 15 5 15 7 15 13 15 15 15 17 15 3 17 5 17 9 17 11 17 15 17 17 17 3 19 7 19 9 19 11 19 13 19 17 19
< RES 1637099853 8 4
< MOVE L
> REQ 1637099853 9 4
> VAMPIRE 1 5 1 3 0 2 0
> VAMPIRE 3 19 17 3 0 2 0
> VAMPIRE 2 17 1 3 0 2 0
> VAMPIRE 4 1 17 3 0 2 0
> GRENADE 1 1 1 4 2
> GRENADE 3 18 19 4 2
> GRENADE 2 19 2 4 2
> GRENADE 4 2 19 4 2
> BAT1 7 1 9 1 11 1 13 1 1 3 3 3 5 3 9 3 11 3 15 3 17 3 19 3 3 5 5 5 7 5 13 5 15 5 17 5 1 7 5 7 7 7 9 7 11 7 13 7 15 7 19 7 1 9 3 9 7 9 13 9 17 9 19 9 1 11 3 11 7 11 13 11 17 11 19 11 1 13 5 13 7 13 9 13 11 13 13 13 15 13 19 13 3 15 5 15 7 15 13 15 15 15 17 15 3 17 5 17 9 17 11 17 15 17 17 17 3 19 7 19 9 19 11 19 13 19 17 19
< RES 1637099853 9 4
> REQ 1637099853 10 4
> VAMPIRE 1 5 1 3 0 2 0
> VAMPIRE 3 19 17 3 0 2 0
> VAMPIRE 2 17 1 3 0 2 0
> VAMPIRE 4 1 17 3 0 2 0
> GRENADE 1 1 1 3 2
> GRENADE 3 18 19 3 2
> GRENADE 2 19 2 3 2
> GRENADE 4 2 19 3 2
> BAT1 7 1 9 1 11 1 13 1 1 3 3 3 5 3 9 3 11 3 15 3 17 3 19 3 3 5 5 5 7 5 13 5 15 5 17 5 1 7 5 7 7 7 9 7 11 7 13 7 15 7 19 7 1 9 3 9 7 9 13 9 17 9 19 9 1 11 3 11 7 11 13 11 17 11 19 11 1 13 5 13 7 13 9 13 11 13 13 13 15 13 19 13 3 15 5 15 7 15 13 15 15 15 17 15 3 17 5 17 9 17 11 17 15 17 17 17 3 19 7 19 9 19 11 19 13 19 17 19
< RES 1637099853 10 4
> REQ 1637099853 11 4
> VAMPIRE 1 5 1 3 0 2 0
> VAMPIRE 3 19 17 3 0 2 0
> VAMPIRE 2 17 1 3 0 2 0
> VAMPIRE 4 1 17 3 0 2 0
> GRENADE 1 1 1 2 2
> GRENADE 3 18 19 2 2
> GRENADE 2 19 2 2 2
> GRENADE 4 2 19 2 2
> BAT1 7 1 9 1 11 1 13 1 1 3 3 3 5 3 9 3 11 3 15 3 17 3 19 3 3 5 5 5 7 5 13 5 15 5 17 5 1 7 5 7 7 7 9 7 11 7 13 7 15 7 19 7 1 9 3 9 7 9 13 9 17 9 19 9 1 11 3 11 7 11 13 11 17 11 19 11 1 13 5 13 7 13 9 13 11 13 13 13 15 13 19 13 3 15 5 15 7 15 13 15 15 15 17 15 3 17 5 17 9 17 11 17 15 17 17 17 3 19 7 19 9 19 11 19 13 19 17 19
< RES 1637099853 11 4
< MOVE L L
> REQ 1637099853 12 4
> VAMPIRE 1 5 1 3 0 2 0
> VAMPIRE 3 19 15 3 0 2 0
> VAMPIRE 2 15 1 3 0 2 0
> VAMPIRE 4 1 15 3 0 2 0
> GRENADE 1 1 1 1 2
> GRENADE 3 18 19 1 2
> GRENADE 2 19 2 1 2
> GRENADE 4 2 19 1 2
> BAT1 7 1 9 1 11 1 13 1 1 3 3 3 5 3 9 3 11 3 15 3 17 3 19 3 3 5 5 5 7 5 13 5 15 5 17 5 1 7 5 7 7 7 9 7 11 7 13 7 15 7 19 7 1 9 3 9 7 9 13 9 17 9 19 9 1 11 3 11 7 11 13 11 17 11 19 11 1 13 5 13 7 13 9 13 11 13 13 13 15 13 19 13 3 15 5 15 7 15 13 15 15 15 17 15 3 17 5 17 9 17 11 17 15 17 17 17 3 19 7 19 9 19 11 19 13 19 17 19
< RES 1637099853 12 4
< MOVE L
> REQ 1637099853 13 4
> VAMPIRE 1 5 1 3 1 2 0
> VAMPIRE 3 19 14 3 1 2 0
> VAMPIRE 2 14 1 3 1 2 0
> VAMPIRE 4 1 14 3 1 2 0
> BAT1 7 1 9 1 11 1 13 1 3 3 5 3 9 3 11 3 15 3 17 3 3 5 5 5 7 5 13 5 15 5 17 5 1 7 5 7 7 7 9 7 11 7 13 7 15 7 19 7 1 9 3 9 7 9 13 9 17 9 19 9 1 11 3 11 7 11 13 11 17 11 19 11 1 13 5 13 7 13 9 13 11 13 13 13 15 13 19 13 3 15 5 15 7 15 13 15 15 15 17 15 3 17 5 17 9 17 11 17 15 17 17 17 7 19 9 19 11 19 13 19
< RES 1637099853 13 4
< GRENADE
< MOVE R D
> REQ 1637099853 14 4
> VAMPIRE 1 3 1 3 0 2 0
> VAMPIRE 3 18 15 3 0 2 0
> VAMPIRE 2 15 2 3 0 2 0
> VAMPIRE 4 2 15 3 0 2 0
> GRENADE 1 5 1 5 2
> GRENADE 3 19 14 5 2
> GRENADE 2 14 1 5 2
> GRENADE 4 1 14 5 2
> BAT1 7 1 9 1 11 1 13 1 3 3 5 3 9 3 11 3 15 3 17 3 3 5 5 5 7 5 13 5 15 5 17 5 1 7 5 7 7 7 9 7 11 7 13 7 15 7 19 7 1 9 3 9 7 9 13 9 17 9 19 9 1 11 3 11 7 11 13 11 17 11 19 11 1 13 5 13 7 13 9 13 11 13 13 13 15 13 19 13 3 15 5 15 7 15 13 15 15 15 17 15 3 17 5 17 9 17 11 17 15 17 17 17 7 19 9 19 11 19 13 19
< RES 1637099853 14 4
> REQ 1637099853 15 4
> VAMPIRE 1 1 1 3 0 2 0
> VAMPIRE 3 18 15 3 0 2 0
> VAMPIRE 2 16 1 3 0 2 0
> VAMPIRE 4 2 15 3 0 2 0
> GRENADE 1 5 1 4 2
> GRENADE 3 19 14 4 2
> GRENADE 2 14 1 4 2
> GRENADE 4 1 14 4 2
> BAT1 7 1 9 1 11 1 13 1 3 3 5 3 9 3 11 3 15 3 17 3 3 5 5 5 7 5 13 5 15 5 17 5 1 7 5 7 7 7 9 7 11 7 13 7 15 7 19 7 1 9 3 9 7 9 13 9 17 9 19 9 1 11 3 11 7 11 13 11 17 11 19 11 1 13 5 13 7 13 9 13 11 13 13 13 15 13 19 13 3 15 5 15 7 15 13 15 15 15 17 15 3 17 5 17 9 17 11 17 15 17 17 17 7 19 9 19 11 19 13 19
< RES 1637099853 15 4
> REQ 1637099853 16 4
> VAMPIRE 1 1 3 3 0 2 0
> VAMPIRE 3 18 15 3 0 2 0
> VAMPIRE 2 15 2 3 0 2 0
> VAMPIRE 4 2 15 3 0 2 0
> GRENADE 1 5 1 3 2
> GRENADE 3 19 14 3 2
> GRENADE 2 14 1 3 2
> GRENADE 4 1 14 3 2
> BAT1 7 1 9 1 11 1 13 1 3 3 5 3 9 3 11 3 15 3 17 3 3 5 5 5 7 5 13 5 15 5 17 5 1 7 5 7 7 7 9 7 11 7 13 7 15 7 19 7 1 9 3 9 7 9 13 9 17 9 19 9 1 11 3 11 7 11 13 11 17 11 19 11 1 13 5 13 7 13 9 13 11 13 13 13 15 13 19 13 3 15 5 15 7 15 13 15 15 15 17 15 3 17 5 17 9 17 11 17 15 17 17 17 7 19 9 19 11 19 13 19
< RES 1637099853 16 4
> REQ 1637099853 17 4
> VAMPIRE 1 1 2 3 0 2 0
> VAMPIRE 3 18 15 3 0 2 0
> VAMPIRE 2 16 1 3 0 2 0
> VAMPIRE 4 2 15 3 0 2 0
> GRENADE 1 5 1 2 2
> GRENADE 3 19 14 2 2
> GRENADE 2 14 1 2 2
> GRENADE 4 1 14 2 2
> BAT1 7 1 9 1 11 1 13 1 3 3 5 3 9 3 11 3 15 3 17 3 3 5 5 5 7 5 13 5 15 5 17 5 1 7 5 7 7 7 9 7 11 7 13 7 15 7 19 7 1 9 3 9 7 9 13 9 17 9 19 9 1 11 3 11 7 11 13 11 17 11 19 11 1 13 5 13 7 13 9 13 11 13 13 13 15 13 19 13 3 15 5 15 7 15 13 15 15 15 17 15 3 17 5 17 9 17 11 17 15 17 17 17 7 19 9 19 11 19 13 19
< RES 1637099853 17 4
> REQ 1637099853 18 4
> VAMPIRE 1 2 1 3 0 2 0
> VAMPIRE 3 18 15 3 0 2 0
> VAMPIRE 2 17 1 3 0 2 0
> VAMPIRE 4 2 15 3 0 2 0
> GRENADE 1 5 1 1 2
> GRENADE 3 19 14 1 2
> GRENADE 2 14 1 1 2
> GRENADE 4 1 14 1 2
> BAT1 7 1 9 1 11 1 13 1 3 3 5 3 9 3 11 3 15 3 17 3 3 5 5 5 7 5 13 5 15 5 17 5 1 7 5 7 7 7 9 7 11 7 13 7 15 7 19 7 1 9 3 9 7 9 13 9 17 9 19 9 1 11 3 11 7 11 13 11 17 11 19 11 1 13 5 13 7 13 9 13 11 13 13 13 15 13 19 13 3 15 5 15 7 15 13 15 15 15 17 15 3 17 5 17 9 17 11 17 15 17 17 17 7 19 9 19 11 19 13 19
< RES 1637099853 18 4
< MOVE U
> REQ 1637099853 19 4
> VAMPIRE 1 3 2 3 1 2 0
> VAMPIRE 3 19 16 3 1 2 0
> VAMPIRE 2 17 2 3 1 2 0
> VAMPIRE 4 1 15 3 1 2 0
> BAT1 9 1 11 1 3 3 9 3 11 3 15 3 17 3 3 5 5 5 7 5 13 5 15 5 17 5 1 7 5 7 7 7 9 7 11 7 13 7 15 7 19 7 1 9 3 9 7 9 13 9 17 9 19 9 1 11 3 11 7 11 13 11 17 11 19 11 5 13 7 13 9 13 11 13 13 13 15 13 3 15 5 15 7 15 13 15 15 15 17 15 3 17 5 17 9 17 11 17 15 17 17 17 7 19 9 19 11 19 13 19
< RES 1637099853 19 4
< MOVE L L
> REQ 1637099853 20 4
> VAMPIRE 1 4 1 3 0 2 0
> VAMPIRE 3 19 14 3 1 2 0
> VAMPIRE 2 16 1 3 0 2 0
> VAMPIRE 4 1 13 3 1 2 0
> GRENADE 1 3 2 5 2
> GRENADE 2 17 2 5 2
> BAT1 9 1 11 1 3 3 9 3 11 3 15 3 17 3 3 5 5 5 7 5 13 5 15 5 17 5 1 7 5 7 7 7 9 7 11 7 13 7 15 7 19 7 1 9 3 9 7 9 13 9 17 9 19 9 1 11 3 11 7 11 13 11 17 11 19 11 5 13 7 13 9 13 11 13 13 13 15 13 3 15 5 15 7 15 13 15 15 15 17 15 3 17 5 17 9 17 11 17 15 17 17 17 7 19 9 19 11 19 13 19
< RES 1637099853 20 4
< MOVE D D
> REQ 1637099853 21 4
> VAMPIRE 1 5 1 3 0 2 0
> VAMPIRE 3 18 13 3 1 2 0
> VAMPIRE 2 14 1 3 0 2 0
> VAMPIRE 4 3 13 3 1 2 0
> GRENADE 1 3 2 4 2
> GRENADE 2 17 2 4 2
> BAT1 9 1 11 1 3 3 9 3 11 3 15 3 17 3 3 5 5 5 7 5 13 5 15 5 17 5 1 7 5 7 7 7 9 7 11 7 13 7 15 7 19 7 1 9 3 9 7 9 13 9 17 9 19 9 1 11 3 11 7 11 13 11 17 11 19 11 5 13 7 13 9 13 11 13 13 13 15 13 3 15 5 15 7 15 13 15 15 15 17 15 3 17 5 17 9 17 11 17 15 17 17 17 7 19 9 19 11 19 13 19
< RES 1637099853 21 4
< GRENADE
< MOVE U U
> REQ 1637099853 22 4
> VAMPIRE 1 5 3 3 0 2 0
> VAMPIRE 3 17 13 3 1 2 0
> VAMPIRE 2 13 2 3 0 2 0
> VAMPIRE 4 1 13 3 0 2 0
> GRENADE 1 3 2 3 2
> GRENADE 2 17 2 3 2
> GRENADE 4 3 13 5 2
> BAT1 9 1 11 1 3 3 9 3 11 3 15 3 17 3 3 5 5 5 7 5 13 5 15 5 17 5 1 7 5 7 7 7 9 7 11 7 13 7 15 7 19 7 1 9 3 9 7 9 13 9 17 9 19 9 1 11 3 11 7 11 13 11 17 11 19 11 5 13 7 13 9 13 11 13 13 13 15 13 3 15 5 15 7 15 13 15 15 15 17 15 3 17 5 17 9 17 11 17 15 17 17 17 7 19 9 19 11 19 13 19
< RES 1637099853 22 4
< MOVE R R
> REQ 1637099853 23 4
> VAMPIRE 1 5 1 3 0 2 0
> VAMPIRE 3 19 13 3 0 2 0
> VAMPIRE 2 13 3 3 0 2 0
> VAMPIRE 4 1 15 3 0 2 0
> GRENADE 1 3 2 2 2
> GRENADE 2 17 2 2 2
> GRENADE 4 3 13 4 2
> GRENADE 3 17 13 5 2
> BAT1 9 1 11 1 3 3 9 3 11 3 15 3 17 3 3 5 5 5 7 5 13 5 15 5 17 5 1 7 5 7 7 7 9 7 11 7 13 7 15 7 19 7 1 9 3 9 7 9 13 9 17 9 19 9 1 11 3 11 7 11 13 11 17 11 19 11 5 13 7 13 9 13 11 13 13 13 15 13 3 15 5 15 7 15 13 15 15 15 17 15 3 17 5 17 9 17 11 17 15 17 17 17 7 19 9 19 11 19 13 19
< RES 1637099853 23 4
> REQ 1637099853 24 4
> VAMPIRE 1 7 1 3 0 2 0
> VAMPIRE 3 19 15 3 0 2 0
> VAMPIRE 2 13 3 3 0 2 0
> VAMPIRE 4 1 15 3 0 2 0
> GRENADE 1 3 2 1 2
> GRENADE 2 17 2 1 2
> GRENADE 4 3 13 3 2
> GRENADE 3 17 13 4 2
> BAT1 9 1 11 1 3 3 9 3 11 3 15 3 17 3 3 5 5 5 7 5 13 5 15 5 17 5 1 7 5 7 7 7 9 7 11 7 13 7 15 7 19 7 1 9 3 9 7 9 13 9 17 9 19 9 1 11 3 11 7 11 13 11 17 11 19 11 5 13 7 13 9 13 11 13 13 13 15 13 3 15 5 15 7 15 13 15 15 15 17 15 3 17 5 17 9 17 11 17 15 17 17 17 7 19 9 19 11 19 13 19
< RES 1637099853 24 4
> REQ 1637099853 25 4
> VAMPIRE 1 7 3 3 1 2 0
> VAMPIRE 3 19 15 3 0 2 0
> VAMPIRE 2 13 3 3 1 2 0
> VAMPIRE 4 1 15 3 0 2 0
> GRENADE 4 3 13 2 2
> GRENADE 3 17 13 3 2
> BAT1 9 1 11 1 9 3 11 3 15 3 3 5 5 5 7 5 13 5 15 5 17 5 1 7 5 7 7 7 9 7 11 7 13 7 15 7 19 7 1 9 3 9 7 9 13 9 17 9 19 9 1 11 3 11 7 11 13 11 17 11 19 11 5 13 7 13 9 13 11 13 13 13 15 13 3 15 5 15 7 15 13 15 15 15 17 15 3 17 5 17 9 17 11 17 15 17 17 17 7 19 9 19 11 19 13 19
< RES 1637099853 25 4
< MOVE L
> REQ 1637099853 26 4
> VAMPIRE 1 5 3 3 0 2 0
> VAMPIRE 3 19 15 3 0 2 0
> VAMPIRE 2 13 1 3 0 2 0
> VAMPIRE 4 1 14 3 0 2 0
> GRENADE 4 3 13 1 2
> GRENADE 3 17 13 2 2
> GRENADE 1 7 3 5 2
> GRENADE 2 13 3 5 2
> BAT1 9 1 11 1 9 3 11 3 15 3 3 5 5 5 7 5 13 5 15 5 17 5 1 7 5 7 7 7 9 7 11 7 13 7 15 7 19 7 1 9 3 9 7 9 13 9 17 9 19 9 1 11 3 11 7 11 13 11 17 11 19 11 5 13 7 13 9 13 11 13 13 13 15 13 3 15 5 15 7 15 13 15 15 15 17 15 3 17 5 17 9 17 11 17 15 17 17 17 7 19 9 19 11 19 13 19
< RES 1637099853 26 4
< MOVE L L
> REQ 1637099853 27 4
> VAMPIRE 1 3 3 3 0 2 0
> VAMPIRE 3 19 14 3 0 2 0
> VAMPIRE 2 15 1 3 0 2 0
> VAMPIRE 4 1 12 3 1 2 0
> GRENADE 3 17 13 1 2
> GRENADE 1 7 3 4 2
> GRENADE 2 13 3 4 2
> BAT1 9 1 11 1 9 3 11 3 15 3 3 5 5 5 7 5 13 5 15 5 17 5 1 7 5 7 7 7 9 7 11 7 13 7 15 7 19 7 1 9 3 9 7 9 13 9 17 9 19 9 1 11 7 11 13 11 17 11 19 11 7 13 9 13 11 13 13 13 15 13 5 15 7 15 13 15 15 15 17 15 3 17 5 17 9 17 11 17 15 17 17 17 7 19 9 19 11 19 13 19
< RES 1637099853 27 4
< GRENADE
< MOVE R D
> REQ 1637099853 28 4
> VAMPIRE 1 3 1 3 0 2 0
> VAMPIRE 3 19 15 3 1 2 0
> VAMPIRE 2 15 1 3 0 2 0
> VAMPIRE 4 2 13 3 0 2 0
> GRENADE 1 7 3 3 2
> GRENADE 2 13 3 3 2
> GRENADE 4 1 12 5 2
> BAT1 9 1 11 1 9 3 11 3 15 3 3 5 5 5 7 5 13 5 15 5 17 5 1 7 5 7 7 7 9 7 11 7 13 7 15 7 19 7 1 9 3 9 7 9 13 9 17 9 19 9 1 11 7 11 13 11 19 11 7 13 9 13 11 13 13 13 5 15 7 15 13 15 15 15 3 17 5 17 9 17 11 17 15 17 17 17 7 19 9 19 11 19 13 19
< RES 1637099853 28 4
< MOVE D
> REQ 1637099853 29 4
> VAMPIRE 1 3 3 3 0 2 0
> VAMPIRE 3 17 15 3 1 2 0
> VAMPIRE 2 15 1 3 0 2 0
> VAMPIRE 4 3 13 3 0 2 0
> GRENADE 1 7 3 2 2
> GRENADE 2 13 3 2 2
> GRENADE 4 1 12 4 2
> BAT1 9 1 11 1 9 3 11 3 15 3 3 5 5 5 7 5 13 5 15 5 17 5 1 7 5 7 7 7 9 7 11 7 13 7 15 7 19 7 1 9 3 9 7 9 13 9 17 9 19 9 1 11 7 11 13 11 19 11 7 13 9 13 11 13 13 13 5 15 7 15 13 15 15 15 3 17 5 17 9 17 11 17 15 17 17 17 7 19 9 19 11 19 13 19
< RES 1637099853 29 4
< MOVE D D
> REQ 1637099853 30 4
> VAMPIRE 1 2 3 3 0 2 0
> VAMPIRE 3 17 13 3 0 2 0
> VAMPIRE 2 14 1 3 0 2 0
> VAMPIRE 4 5 13 3 0 2 0
> GRENADE 1 7 3 1 2
> GRENADE 2 13 3 1 2
> GRENADE 4 1 12 3 2
> GRENADE 3 17 15 5 2
> BAT1 9 1 11 1 9 3 11 3 15 3 3 5 5 5 7 5 13 5 15 5 17 5 1 7 5 7 7 7 9 7 11 7 13 7 15 7 19 7 1 9 3 9 7 9 13 9 17 9 19 9 1 11 7 11 13 11 19 11 7 13 9 13 11 13 13 13 5 15 7 15 13 15 15 15 3 17 5 17 9 17 11 17 15 17 17 17 7 19 9 19 11 19 13 19
< RES 1637099853 30 4
< MOVE L
> REQ 1637099853 31 4
> VAMPIRE 1 1 4 3 1 2 0
> VAMPIRE 3 15 13 3 0 2 0
> VAMPIRE 2 12 1 3 1 2 0
> VAMPIRE 4 5 12 3 0 2 0
> GRENADE 4 1 12 2 2
> GRENADE 3 17 15 4 2
> BAT1 9 1 11 1 3 5 5 5 15 5 17 5 1 7 5 7 7 7 9 7 11 7 13 7 15 7 19 7 1 9 3 9 7 9 13 9 17 9 19 9 1 11 7 11 13 11 19 11 7 13 9 13 11 13 13 13 5 15 7 15 13 15 15 15 3 17 5 17 9 17 11 17 15 17 17 17 7 19 9 19 11 19 13 19
< RES 1637099853 31 4
< MOVE L L
> REQ 1637099853 32 4
> VAMPIRE 1 1 5 3 1 2 0
> VAMPIRE 3 15 13 3 0 2 0
> VAMPIRE 2 13 2 3 0 2 0
> VAMPIRE 4 5 10 3 0 2 0
> GRENADE 4 1 12 1 2
> GRENADE 3 17 15 3 2
> GRENADE 2 12 1 5 2
> BAT1 9 1 11 1 3 5 5 5 15 5 17 5 1 7 5 7 7 7 9 7 11 7 13 7 15 7 19 7 1 9 3 9 7 9 13 9 17 9 19 9 1 11 7 11 13 11 19 11 7 13 9 13 11 13 13 13 5 15 7 15 13 15 15 15 3 17 5 17 9 17 11 17 15 17 17 17 7 19 9 19 11 19 13 19
< RES 1637099853 32 4
< MOVE L
> REQ 1637099853 33 4
> VAMPIRE 1 1 3 3 0 2 0
> VAMPIRE 3 15 12 3 0 2 0
> VAMPIRE 2 13 3 3 0 2 0
> VAMPIRE 4 5 9 3 1 2 0
> GRENADE 3 17 15 2 2
> GRENADE 2 12 1 4 2
> GRENADE 1 1 5 5 2
> BAT1 9 1 11 1 3 5 5 5 15 5 17 5 1 7 5 7 7 7 9 7 11 7 13 7 15 7 19 7 1 9 3 9 7 9 13 9 17 9 19 9 7 11 13 11 19 11 7 13 9 13 11 13 13 13 5 15 7 15 13 15 15 15 3 17 5 17 9 17 11 17 15 17 17 17 7 19 9 19 11 19 13 19
< RES 1637099853 33 4
< GRENADE
< MOVE R R
> REQ 1637099853 34 4
> VAMPIRE 1 3 3 3 0 2 0
> VAMPIRE 3 15 10 3 0 2 0
> VAMPIRE 2 13 5 3 0 2 0
> VAMPIRE 4 5 11 3 0 2 0
> GRENADE 3 17 15 1 2
> GRENADE 2 12 1 3 2
> GRENADE 1 1 5 4 2
> GRENADE 4 5 9 5 2
> BAT1 9 1 11 1 3 5 5 5 15 5 17 5 1 7 5 7 7 7 9 7 11 7 13 7 15 7 19 7 1 9 3 9 7 9 13 9 17 9 19 9 7 11 13 11 19 11 7 13 9 13 11 13 13 13 5 15 7 15 13 15 15 15 3 17 5 17 9 17 11 17 15 17 17 17 7 19 9 19 11 19 13 19
< RES 1637099853 34 4
< MOVE U U
> REQ 1637099853 35 4
> VAMPIRE 1 3 3 3 0 2 0
> VAMPIRE 3 15 9 3 1 2 0
> VAMPIRE 2 13 5 3 0 2 0
> VAMPIRE 4 3 11 3 0 2 0
> GRENADE 2 12 1 2 2
> GRENADE 1 1 5 3 2
> GRENADE 4 5 9 4 2
> BAT1 9 1 11 1 3 5 5 5 15 5 17 5 1 7 5 7 7 7 9 7 11 7 13 7 15 7 19 7 1 9 3 9 7 9 13 9 17 9 19 9 7 11 13 11 19 11 7 13 9 13 11 13 13 13 5 15 7 15 13 15 3 17 5 17 9 17 11 17 15 17 7 19 9 19 11 19 13 19
< RES 1637099853 35 4
> REQ 1637099853 36 4
> VAMPIRE 1 5 3 3 0 2 0
> VAMPIRE 3 15 11 3 0 2 0
> VAMPIRE 2 13 5 3 0 2 0
> VAMPIRE 4 3 11 3 0 2 0
> GRENADE 2 12 1 1 2
> GRENADE 1 1 5 2 2
> GRENADE 4 5 9 3 2
> GRENADE 3 15 9 5 2
> BAT1 9 1 11 1 3 5 5 5 15 5 17 5 1 7 5 7 7 7 9 7 11 7 13 7 15 7 19 7 1 9 3 9 7 9 13 9 17 9 19 9 7 11 13 11 19 11 7 13 9 13 11 13 13 13 5 15 7 15 13 15 3 17 5 17 9 17 11 17 15 17 7 19 9 19 11 19 13 19
< RES 1637099853 36 4
> REQ 1637099853 37 4
> VAMPIRE 1 7 3 3 0 2 0
> VAMPIRE 3 17 11 3 0 2 0
> VAMPIRE 2 13 5 3 1 2 0
> VAMPIRE 4 3 11 3 0 2 0
> GRENADE 1 1 5 1 2
> GRENADE 4 5 9 2 2
> GRENADE 3 15 9 4 2
> BAT1 9 1 3 5 5 5 15 5 17 5 1 7 5 7 7 7 9 7 11 7 13 7 15 7 19 7 1 9 3 9 7 9 13 9 17 9 19 9 7 11 13 11 19 11 7 13 9 13 11 13 13 13 5 15 7 15 13 15 3 17 5 17 9 17 11 17 15 17 7 19 9 19 11 19 13 19
< RES 1637099853 37 4
< MOVE U U
> REQ 1637099853 38 4
> VAMPIRE 1 7 5 3 1 2 0
> VAMPIRE 3 17 11 3 0 2 0
> VAMPIRE 2 11 5 3 0 2 0
> VAMPIRE 4 1 11 3 0 2 0
> GRENADE 4 5 9 1 2
> GRENADE 3 15 9 3 2
> GRENADE 2 13 5 5 2
> BAT1 9 1 5 5 15 5 17 5 5 7 7 7 9 7 11 7 13 7 15 7 19 7 1 9 3 9 7 9 13 9 17 9 19 9 7 11 13 11 19 11 7 13 9 13 11 13 13 13 5 15 7 15 13 15 3 17 5 17 9 17 11 17 15 17 7 19 9 19 11 19 13 19
< RES 1637099853 38 4
< MOVE L
> REQ 1637099853 39 4
> VAMPIRE 1 9 5 3 0 2 0
> VAMPIRE 3 17 13 3 0 2 0
> VAMPIRE 2 9 5 3 0 2 0
> VAMPIRE 4 1 10 3 1 2 0
> GRENADE 3 15 9 2 2
> GRENADE 2 13 5 4 2
> GRENADE 1 7 5 5 2
> BAT1 9 1 5 5 15 5 17 5 7 7 9 7 11 7 13 7 15 7 19 7 1 9 13 9 17 9 19 9 7 11 13 11 19 11 7 13 9 13 11 13 13 13 5 15 7 15 13 15 3 17 5 17 9 17 11 17 15 17 7 19 9 19 11 19 13 19
< RES 1637099853 39 4
< GRENADE
< MOVE R D
> REQ 1637099853 40 4
> VAMPIRE 1 9 3 3 0 2 0
> VAMPIRE 3 15 13 3 0 2 0
> VAMPIRE 2 9 3 3 0 2 0
> VAMPIRE 4 2 11 3 0 2 0
> GRENADE 3 15 9 1 2
> GRENADE 2 13 5 3 2
> GRENADE 1 7 5 4 2
> GRENADE 4 1 10 5 2
> BAT1 9 1 5 5 15 5 17 5 7 7 9 7 11 7 13 7 15 7 19 7 1 9 13 9 17 9 19 9 7 11 13 11 19 11 7 13 9 13 11 13 13 13 5 15 7 15 13 15 3 17 5 17 9 17 11 17 15 17 7 19 9 19 11 19 13 19
< RES 1637099853 40 4
< MOVE D
> REQ 1637099853 41 4
> VAMPIRE 1 9 3 3 0 2 0
> VAMPIRE 3 15 15 3 1 2 0
> VAMPIRE 2 8 3 3 0 2 0
> VAMPIRE 4 3 11 3 0 2 0
> GRENADE 2 13 5 2 2
> GRENADE 1 7 5 3 2
> GRENADE 4 1 10 4 2
> BAT1 9 1 5 5 15 5 17 5 7 7 9 7 11 7 13 7 19 7 1 9 19 9 7 11 13 11 19 11 7 13 9 13 11 13 13 13 5 15 7 15 13 15 3 17 5 17 9 17 11 17 15 17 7 19 9 19 11 19 13 19
< RES 1637099853 41 4
< MOVE D D
> REQ 1637099853 42 4
> VAMPIRE 1 8 3 3 0 2 0
> VAMPIRE 3 15 13 3 0 2 0
> VAMPIRE 2 7 2 3 0 2 0
> VAMPIRE 4 5 11 3 0 2 0
> GRENADE 2 13 5 1 2
> GRENADE 1 7 5 2 2
> GRENADE 4 1 10 3 2
> GRENADE 3 15 15 5 2
> BAT1 9 1 5 5 15 5 17 5 7 7 9 7 11 7 13 7 19 7 1 9 19 9 7 11 13 11 19 11 7 13 9 13 11 13 13 13 5 15 7 15 13 15 3 17 5 17 9 17 11 17 15 17 7 19 9 19 11 19 13 19
< RES 1637099853 42 4
< MOVE R R
> REQ 1637099853 43 4
> VAMPIRE 1 9 3 3 0 2 0
> VAMPIRE 3 15 11 3 0 2 0
> VAMPIRE 2 7 1 3 1 2 0
> VAMPIRE 4 5 13 3 0 2 0
> GRENADE 1 7 5 1 2
> GRENADE 4 1 10 2 2
> GRENADE 3 15 15 4 2
> BAT1 9 1 5 5 17 5 7 7 9 7 11 7 19 7 1 9 19 9 7 11 13 11 19 11 7 13 9 13 11 13 13 13 5 15 7 15 13 15 3 17 5 17 9 17 11 17 15 17 7 19 9 19 11 19 13 19
< RES 1637099853 43 4
> REQ 1637099853 44 4
> VAMPIRE 1 7 3 3 1 2 0
> VAMPIRE 3 15 11 3 0 2 0
> VAMPIRE 2 7 3 3 0 2 0
> VAMPIRE 4 5 13 3 0 2 0
> GRENADE 4 1 10 1 2
> GRENADE 3 15 15 3 2
> GRENADE 2 7 1 5 2
> BAT1 9 1 17 5 9 7 11 7 19 7 1 9 19 9 7 11 13 11 19 11 7 13 9 13 11 13 13 13 5 15 7 15 13 15 3 17 5 17 9 17 11 17 15 17 7 19 9 19 11 19 13 19
< RES 1637099853 44 4
> REQ 1637099853 45 4
> VAMPIRE 1 9 3 3 0 2 0
> VAMPIRE 3 17 11 3 0 2 0
> VAMPIRE 2 9 3 3 0 2 0
> VAMPIRE 4 5 13 3 1 2 0
> GRENADE 3 15 15 2 2
> GRENADE 2 7 1 4 2
> GRENADE 1 7 3 5 2
> BAT1 9 1 17 5 9 7 11 7 19 7 19 9 7 11 13 11 19 11 7 13 9 13 11 13 13 13 5 15 7 15 13 15 3 17 5 17 9 17 11 17 15 17 7 19 9 19 11 19 13 19
< RES 1637099853 45 4
< GRENADE
< MOVE L L
> REQ 1637099853 46 4
> VAMPIRE 1 9 5 3 0 2 0
> VAMPIRE 3 17 9 3 0 2 0
> VAMPIRE 2 9 5 3 0 2 0
> VAMPIRE 4 5 11 3 0 2 0
> GRENADE 3 15 15 1 2
> GRENADE 2 7 1 3 2
> GRENADE 1 7 3 4 2
> GRENADE 4 5 13 5 2
> BAT1 9 1 17 5 9 7 11 7 19 7 19 9 7 11 13 11 19 11 7 13 9 13 11 13 13 13 5 15 7 15 13 15 3 17 5 17 9 17 11 17 15 17 7 19 9 19 11 19 13 19
< RES 1637099853 46 4
< MOVE L L
> REQ 1637099853 47 4
> VAMPIRE 1 11 5 3 0 2 0
> VAMPIRE 3 17 7 3 1 2 0
> VAMPIRE 2 11 5 3 0 2 0
> VAMPIRE 4 5 9 3 0 2 0
> GRENADE 2 7 1 2 2
> GRENADE 1 7 3 3 2
> GRENADE 4 5 13 4 2
> BAT1 9 1 17 5 9 7 11 7 19 7 19 9 7 11 13 11 19 11 7 13 9 13 11 13 13 13 5 15 7 15 3 17 5 17 9 17 11 17 7 19 9 19 11 19 13 19
< RES 1637099853 47 4
< MOVE D D
> REQ 1637099853 48 4
> VAMPIRE 1 11 5 3 0 2 0
> VAMPIRE 3 17 9 3 0 2 0
> VAMPIRE 2 11 5 3 0 2 0
> VAMPIRE 4 7 9 3 0 2 0
> GRENADE 2 7 1 1 2
> GRENADE 1 7 3 2 2
> GRENADE 4 5 13 3 2
> GRENADE 3 17 7 5 2
> BAT1 9 1 17 5 9 7 11 7 19 7 19 9 7 11 13 11 19 11 7 13 9 13 11 13 13 13 5 15 7 15 3 17 5 17 9 17 11 17 7 19 9 19 11 19 13 19
< RES 1637099853 48 4
> REQ 1637099853 49 4
> VAMPIRE 1 11 6 3 1 2 0
> VAMPIRE 3 17 11 3 0 2 0
> VAMPIRE 2 11 6 3 1 2 0
> VAMPIRE 4 7 9 3 0 2 0
> GRENADE 4 5 13 2 2
> GRENADE 3 17 7 4 2
> BAT1 17 5 9 7 11 7 19 7 19 9 7 11 13 11 19 11 7 13 9 13 11 13 13 13 5 15 7 15 3 17 5 17 9 17 11 17 7 19 9 19 11 19 13 19
< RES 1637099853 49 4
< MOVE D D
> REQ 1637099853 50 4
> VAMPIRE 1 10 5 3 0 2 0
> VAMPIRE 3 17 11 3 0 2 0
> VAMPIRE 2 10 5 3 0 2 0
> VAMPIRE 4 9 9 3 0 2 0
> GRENADE 4 5 13 1 2
> GRENADE 3 17 7 3 2
> GRENADE 1 11 6 5 2
> GRENADE 2 11 6 5 2
> BAT1 17 5 9 7 11 7 19 7 19 9 7 11 13 11 19 11 7 13 9 13 11 13 13 13 5 15 7 15 3 17 5 17 9 17 11 17 7 19 9 19 11 19 13 19
< RES 1637099853 50 4
< MOVE R R
> REQ 1637099853 51 4
> VAMPIRE 1 9 5 3 0 2 0
> VAMPIRE 3 17 11 3 0 2 0
> VAMPIRE 2 9 5 3 0 2 0
> VAMPIRE 4 9 11 3 1 2 0
> GRENADE 3 17 7 2 2
> GRENADE 1 11 6 4 2
> GRENADE 2 11 6 4 2
> BAT1 17 5 9 7 11 7 19 7 19 9 7 11 13 11 19 11 9 13 11 13 13 13 7 15 3 17 5 17 9 17 11 17 7 19 9 19 11 19 13 19
< RES 1637099853 51 4
< GRENADE
< MOVE D D
> REQ 1637099853 52 4
> VAMPIRE 1 9 5 3 0 2 0
> VAMPIRE 3 17 11 3 0 2 0
> VAMPIRE 2 9 5 3 0 2 0
> VAMPIRE 4 11 11 3 0 2 0
> GRENADE 3 17 7 1 2
> GRENADE 1 11 6 3 2
> GRENADE 2 11 6 3 2
> GRENADE 4 9 11 5 2
> BAT1 17 5 9 7 11 7 19 7 19 9 7 11 13 11 19 11 9 13 11 13 13 13 7 15 3 17 5 17 9 17 11 17 7 19 9 19 11 19 13 19
< RES 1637099853 52 4
< MOVE L L
> REQ 1637099853 53 4
> VAMPIRE 1 9 5 3 0 2 0
> VAMPIRE 3 18 11 3 1 2 0
> VAMPIRE 2 9 5 3 0 2 0
> VAMPIRE 4 11 9 3 0 2 0
> GRENADE 1 11 6 2 2
> GRENADE 2 11 6 2 2
> GRENADE 4 9 11 4 2
> BAT1 9 7 11 7 19 9 7 11 13 11 19 11 9 13 11 13 13 13 7 15 3 17 5 17 9 17 11 17 7 19 9 19 11 19 13 19
< RES 1637099853 53 4
< MOVE D D
> REQ 1637099853 54 4
> VAMPIRE 1 9 5 3 0 2 0
> VAMPIRE 3 17 10 3 0 2 0
> VAMPIRE 2 9 5 3 0 2 0
> VAMPIRE 4 13 9 3 0 2 0
> GRENADE 1 11 6 1 2
> GRENADE 2 11 6 1 2
> GRENADE 4 9 11 3 2
> GRENADE 3 18 11 5 2
> BAT1 9 7 11 7 19 9 7 11 13 11 19 11 9 13 11 13 13 13 7 15 3 17 5 17 9 17 11 17 7 19 9 19 11 19 13 19
< RES 1637099853 54 4
> REQ 1637099853 55 4
> VAMPIRE 1 9 5 3 1 2 0
> VAMPIRE 3 17 9 3 0 2 0
> VAMPIRE 2 9 5 3 1 2 0
> VAMPIRE 4 13 9 3 0 2 0
> GRENADE 4 9 11 2 2
> GRENADE 3 18 11 4 2
> BAT1 9 7 19 9 7 11 13 11 19 11 9 13 11 13 13 13 7 15 3 17 5 17 9 17 11 17 7 19 9 19 11 19 13 19
< RES 1637099853 55 4
< MOVE U U
> REQ 1637099853 56 4
> VAMPIRE 1 7 5 3 0 2 0
> VAMPIRE 3 15 9 3 0 2 0
> VAMPIRE 2 7 5 3 0 2 0
> VAMPIRE 4 11 9 3 0 2 0
> GRENADE 4 9 11 1 2
> GRENADE 3 18 11 3 2
> GRENADE 1 9 5 5 2
> GRENADE 2 9 5 5 2
> BAT1 9 7 19 9 7 11 13 11 19 11 9 13 11 13 13 13 7 15 3 17 5 17 9 17 11 17 7 19 9 19 11 19 13 19
< RES 1637099853 56 4
< MOVE R R
> REQ 1637099853 57 4
> VAMPIRE 1 7 7 3 0 2 0
> VAMPIRE 3 13 9 3 0 2 0
> VAMPIRE 2 7 7 3 0 2 0
> VAMPIRE 4 11 11 3 1 2 0
> GRENADE 3 18 11 2 2
> GRENADE 1 9 5 4 2
> GRENADE 2 9 5 4 2
> BAT1 9 7 19 9 13 11 19 11 11 13 13 13 7 15 3 17 5 17 9 17 11 17 7 19 9 19 11 19 13 19
< RES 1637099853 57 4
< GRENADE
< MOVE U U
> REQ 1637099853 58 4
> VAMPIRE 1 7 9 3 0 2 0
> VAMPIRE 3 11 9 3 0 2 0
> VAMPIRE 2 7 9 3 0 2 0
> VAMPIRE 4 9 11 3 0 2 0
> GRENADE 3 18 11 1 2
> GRENADE 1 9 5 3 2
> GRENADE 2 9 5 3 2
> GRENADE 4 11 11 5 2
> BAT1 9 7 19 9 13 11 19 11 11 13 13 13 7 15 3 17 5 17 9 17 11 17 7 19 9 19 11 19 13 19
< RES 1637099853 58 4
< MOVE R R
> REQ 1637099853 59 4
> VAMPIRE 1 9 9 3 0 2 0
> VAMPIRE 3 11 9 3 1 2 0
> VAMPIRE 2 9 9 3 0 2 0
> VAMPIRE 4 9 13 3 0 2 0
> GRENADE 1 9 5 2 2
> GRENADE 2 9 5 2 2
> GRENADE 4 11 11 4 2
> BAT1 9 7 19 9 13 11 11 13 13 13 7 15 3 17 5 17 9 17 11 17 7 19 9 19 11 19 13 19
< RES 1637099853 59 4
> REQ 1637099853 60 4
> VAMPIRE 1 9 10 3 0 2 0
> VAMPIRE 3 13 9 3 0 2 0
> VAMPIRE 2 9 10 3 0 2 0
> VAMPIRE 4 9 13 3 0 2 0
> GRENADE 1 9 5 1 2
> GRENADE 2 9 5 1 2
> GRENADE 4 11 11 3 2
> GRENADE 3 11 9 5 2
> BAT1 9 7 19 9 13 11 11 13 13 13 7 15 3 17 5 17 9 17 11 17 7 19 9 19 11 19 13 19
< RES 1637099853 60 4
> REQ 1637099853 61 4
> VAMPIRE 1 10 11 3 1 2 0
> VAMPIRE 3 15 9 3 0 2 0
> VAMPIRE 2 10 11 3 1 2 0
> VAMPIRE 4 9 13 3 0 2 0
> GRENADE 4 11 11 2 2
> GRENADE 3 11 9 4 2
> BAT1 19 9 13 11 11 13 13 13 7 15 3 17 5 17 9 17 11 17 7 19 9 19 11 19 13 19
< RES 1637099853 61 4
> REQ 1637099853 62 4
> VAMPIRE 1 9 12 3 0 2 0
> VAMPIRE 3 17 9 3 0 2 0
> VAMPIRE 2 9 12 3 0 2 0
> VAMPIRE 4 9 13 3 0 2 0
> GRENADE 4 11 11 1 2
> GRENADE 3 11 9 3 2
> GRENADE 1 10 11 5 2
> GRENADE 2 10 11 5 2
> BAT1 19 9 13 11 11 13 13 13 7 15 3 17 5 17 9 17 11 17 7 19 9 19 11 19 13 19
< RES 1637099853 62 4
< MOVE R R
> REQ 1637099853 63 4
> VAMPIRE 1 9 13 3 1 2 0
> VAMPIRE 3 17 7 3 1 2 0
> VAMPIRE 2 9 13 3 1 2 0
> VAMPIRE 4 9 15 3 1 2 0
> BAT1 19 9 13 13 7 15 3 17 5 17 9 17 11 17 7 19 9 19 11 19 13 19
< RES 1637099853 63 4
< GRENADE
< MOVE D D
> REQ 1637099853 64 4
> VAMPIRE 1 9 14 3 1 2 0
> VAMPIRE 3 19 7 3 1 2 0
> VAMPIRE 2 9 14 3 1 2 0
> VAMPIRE 4 11 15 3 0 2 0
> GRENADE 4 9 15 5 2
> BAT1 19 9 13 13 7 15 3 17 5 17 9 17 11 17 7 19 9 19 11 19 13 19
< RES 1637099853 64 4
< MOVE D D
> REQ 1637099853 65 4
> VAMPIRE 1 8 13 3 0 2 0
> VAMPIRE 3 17 7 3 0 2 0
> VAMPIRE 2 8 13 3 0 2 0
> VAMPIRE 4 13 15 3 0 2 0
> GRENADE 4 9 15 4 2
> GRENADE 1 9 14 5 2
> GRENADE 3 19 7 5 2
> GRENADE 2 9 14 5 2
> BAT1 19 9 13 13 7 15 3 17 5 17 9 17 11 17 7 19 9 19 11 19 13 19
< RES 1637099853 65 4
< MOVE R R
> REQ 1637099853 66 4
> VAMPIRE 1 7 13 3 0 2 0
> VAMPIRE 3 17 9 3 0 2 0
> VAMPIRE 2 7 13 3 0 2 0
> VAMPIRE 4 13 17 3 0 2 0
> GRENADE 4 9 15 3 2
> GRENADE 1 9 14 4 2
> GRENADE 3 19 7 4 2
> GRENADE 2 9 14 4 2
> BAT1 19 9 13 13 7 15 3 17 5 17 9 17 11 17 7 19 9 19 11 19 13 19
< RES 1637099853 66 4
> REQ 1637099853 67 4
> VAMPIRE 1 5 13 3 0 2 0
> VAMPIRE 3 17 9 3 0 2 0
> VAMPIRE 2 5 13 3 0 2 0
> VAMPIRE 4 13 17 3 0 2 0
> GRENADE 4 9 15 2 2
> GRENADE 1 9 14 3 2
> GRENADE 3 19 7 3 2
> GRENADE 2 9 14 3 2
> BAT1 19 9 13 13 7 15 3 17 5 17 9 17 11 17 7 19 9 19 11 19 13 19
< RES 1637099853 67 4
> REQ 1637099853 68 4
> VAMPIRE 1 5 15 3 0 2 0
> VAMPIRE 3 15 9 3 0 2 0
> VAMPIRE 2 5 15 3 0 2 0
> VAMPIRE 4 13 17 3 0 2 0
> GRENADE 4 9 15 1 2
> GRENADE 1 9 14 2 2
> GRENADE 3 19 7 2 2
> GRENADE 2 9 14 2 2
> BAT1 19 9 13 13 7 15 3 17 5 17 9 17 11 17 7 19 9 19 11 19 13 19
< RES 1637099853 68 4
> REQ 1637099853 69 4
> VAMPIRE 1 3 15 3 1 2 0
> VAMPIRE 3 13 9 3 0 2 0
> VAMPIRE 2 3 15 3 1 2 0
> VAMPIRE 4 13 17 3 1 2 0
> GRENADE 3 19 7 1 2
> BAT1 19 9 13 13 3 17 5 17 11 17 7 19 9 19 11 19 13 19
< RES 1637099853 69 4
< GRENADE
< MOVE L L
> REQ 1637099853 70 4
> VAMPIRE 1 5 15 3 0 2 0
> VAMPIRE 3 13 11 3 1 2 0
> VAMPIRE 2 5 15 3 0 2 0
> VAMPIRE 4 13 15 3 0 2 0
> GRENADE 1 3 15 5 2
> GRENADE 2 3 15 5 2
> GRENADE 4 13 17 5 2
> BAT1 13 13 3 17 5 17 11 17 7 19 9 19 11 19 13 19
< RES 1637099853 70 4
< MOVE U U
> REQ 1637099853 71 4
> VAMPIRE 1 7 15 3 0 2 0
> VAMPIRE 3 11 11 3 0 2 0
> VAMPIRE 2 7 15 3 0 2 0
> VAMPIRE 4 11 15 3 0 2 0
> GRENADE 1 3 15 4 2
> GRENADE 2 3 15 4 2
> GRENADE 4 13 17 4 2
> GRENADE 3 13 11 5 2
> BAT1 13 13 3 17 5 17 11 17 7 19 9 19 11 19 13 19
< RES 1637099853 71 4
> REQ 1637099853 72 4
> VAMPIRE 1 7 17 3 0 2 0
> VAMPIRE 3 11 13 3 0 2 0
> VAMPIRE 2 7 17 3 0 2 0
> VAMPIRE 4 11 15 3 0 2 0
> GRENADE 1 3 15 3 2
> GRENADE 2 3 15 3 2
> GRENADE 4 13 17 3 2
> GRENADE 3 13 11 4 2
> BAT1 13 13 3 17 5 17 11 17 7 19 9 19 11 19 13 19
< RES 1637099853 72 4
< MOVE U U
> REQ 1637099853 73 4
> VAMPIRE 1 7 17 3 0 2 0
> VAMPIRE 3 11 15 3 0 2 0
> VAMPIRE 2 7 17 3 0 2 0
> VAMPIRE 4 9 15 3 0 2 0
> GRENADE 1 3 15 2 2
> GRENADE 2 3 15 2 2
> GRENADE 4 13 17 2 2
> GRENADE 3 13 11 3 2
> BAT1 13 13 3 17 5 17 11 17 7 19 9 19 11 19 13 19
< RES 1637099853 73 4
< MOVE U U
> REQ 1637099853 74 4
> VAMPIRE 1 7 17 3 0 2 0
> VAMPIRE 3 9 15 3 0 2 0
> VAMPIRE 2 7 17 3 0 2 0
> VAMPIRE 4 7 15 3 0 2 0
> GRENADE 1 3 15 1 2
> GRENADE 2 3 15 1 2
> GRENADE 4 13 17 1 2
> GRENADE 3 13 11 2 2
> BAT1 13 13 3 17 5 17 11 17 7 19 9 19 11 19 13 19
< RES 1637099853 74 4
< MOVE R R
> REQ 1637099853 75 4
> VAMPIRE 1 7 17 3 1 2 0
> VAMPIRE 3 7 15 3 0 2 0
> VAMPIRE 2 7 17 3 1 2 0
> VAMPIRE 4 7 17 3 1 2 0
> GRENADE 3 13 11 1 2
> BAT1 13 13 5 17 7 19 9 19 11 19
< RES 1637099853 75 4
< GRENADE
< MOVE D D
> REQ 1637099853 76 4
> VAMPIRE 1 9 17 3 0 2 0
> VAMPIRE 3 7 15 3 1 2 0
> VAMPIRE 2 9 17 3 0 2 0
> VAMPIRE 4 9 17 3 0 2 0
> GRENADE 1 7 17 5 2
> GRENADE 2 7 17 5 2
> GRENADE 4 7 17 5 2
> BAT1 5 17 7 19 9 19 11 19
< RES 1637099853 76 4
< MOVE D D
> REQ 1637099853 77 4
> VAMPIRE 1 11 17 3 0 2 0
> VAMPIRE 3 5 15 3 0 2 0
> VAMPIRE 2 11 17 3 0 2 0
> VAMPIRE 4 11 17 3 0 2 0
> GRENADE 1 7 17 4 2
> GRENADE 2 7 17 4 2
> GRENADE 4 7 17 4 2
> GRENADE 3 7 15 5 2
> BAT1 5 17 7 19 9 19 11 19
< RES 1637099853 77 4
> REQ 1637099853 78 4
> VAMPIRE 1 11 17 3 0 2 0
> VAMPIRE 3 3 15 3 0 2 0
> VAMPIRE 2 11 17 3 0 2 0
> VAMPIRE 4 11 17 3 0 2 0
> GRENADE 1 7 17 3 2
> GRENADE 2 7 17 3 2
> GRENADE 4 7 17 3 2
> GRENADE 3 7 15 4 2
> BAT1 5 17 7 19 9 19 11 19
< RES 1637099853 78 4
< MOVE D D
> REQ 1637099853 79 4
> VAMPIRE 1 13 17 3 0 2 0
> VAMPIRE 3 3 17 3 0 2 0
> VAMPIRE 2 13 17 3 0 2 0
> VAMPIRE 4 13 17 3 0 2 0
> GRENADE 1 7 17 2 2
> GRENADE 2 7 17 2 2
> GRENADE 4 7 17 2 2
> GRENADE 3 7 15 3 2
> BAT1 5 17 7 19 9 19 11 19
< RES 1637099853 79 4
< MOVE R R
> REQ 1637099853 80 4
> VAMPIRE 1 13 19 3 0 2 0
> VAMPIRE 3 3 19 3 0 2 0
> VAMPIRE 2 13 19 3 0 2 0
> VAMPIRE 4 13 19 3 0 2 0
> GRENADE 1 7 17 1 2
> GRENADE 2 7 17 1 2
> GRENADE 4 7 17 1 2
> GRENADE 3 7 15 2 2
> BAT1 5 17 7 19 9 19 11 19
< RES 1637099853 80 4
< MOVE U
> REQ 1637099853 81 4
> VAMPIRE 1 12 19 3 1 2 0
> VAMPIRE 3 5 19 3 1 2 0
> VAMPIRE 2 12 19 3 1 2 0
> VAMPIRE 4 12 19 3 1 2 0
> BAT1 9 19 11 19
< RES 1637099853 81 4
< GRENADE
< MOVE D L
> REQ 1637099853 82 4
> VAMPIRE 1 13 18 3 0 2 0
> VAMPIRE 3 7 19 3 1 2 0
> VAMPIRE 2 13 18 3 0 2 0
> VAMPIRE 4 13 18 3 0 2 0
> GRENADE 1 12 19 5 2
> GRENADE 2 12 19 5 2
> GRENADE 4 12 19 5 2
> BAT1 9 19 11 19
< RES 1637099853 82 4
< MOVE L
> REQ 1637099853 83 4
> VAMPIRE 1 13 17 3 0 2 0
> VAMPIRE 3 7 17 3 0 2 0
> VAMPIRE 2 13 17 3 0 2 0
> VAMPIRE 4 13 17 3 0 2 0
> GRENADE 1 12 19 4 2
> GRENADE 2 12 19 4 2
> GRENADE 4 12 19 4 2
> GRENADE 3 7 19 5 2
> BAT1 9 19 11 19
< RES 1637099853 83 4
< MOVE U U
> REQ 1637099853 84 4
> VAMPIRE 1 11 17 3 0 2 0
> VAMPIRE 3 9 17 3 0 2 0
> VAMPIRE 2 11 17 3 0 2 0
> VAMPIRE 4 11 17 3 0 2 0
> GRENADE 1 12 19 3 2
> GRENADE 2 12 19 3 2
> GRENADE 4 12 19 3 2
> GRENADE 3 7 19 4 2
> BAT1 9 19 11 19
< RES 1637099853 84 4
> REQ 1637099853 85 4
> VAMPIRE 1 11 17 3 0 2 0
> VAMPIRE 3 9 17 3 0 2 0
> VAMPIRE 2 11 17 3 0 2 0
> VAMPIRE 4 11 17 3 0 2 0
> GRENADE 1 12 19 2 2
> GRENADE 2 12 19 2 2
> GRENADE 4 12 19 2 2
> GRENADE 3 7 19 3 2
> BAT1 9 19 11 19
< RES 1637099853 85 4
> REQ 1637099853 86 4
> VAMPIRE 1 11 17 3 0 2 0
> VAMPIRE 3 9 17 3 0 2 0
> VAMPIRE 2 11 17 3 0 2 0
> VAMPIRE 4 11 17 3 0 2 0
> GRENADE 1 12 19 1 2
> GRENADE 2 12 19 1 2
> GRENADE 4 12 19 1 2
> GRENADE 3 7 19 2 2
> BAT1 9 19 11 19
< RES 1637099853 86 4
< MOVE U U
> REQ 1637099853 87 4
> VAMPIRE 1 9 17 3 1 2 0
> VAMPIRE 3 9 17 3 0 2 0
> VAMPIRE 2 9 17 3 1 2 0
> VAMPIRE 4 9 17 3 1 2 0
> GRENADE 3 7 19 1 2
> BAT1 9 19
< RES 1637099853 87 4
> REQ 1637099853 88 4
> VAMPIRE 1 9 17 3 1 2 0
> VAMPIRE 3 9 17 3 1 2 0
> VAMPIRE 2 9 17 3 1 2 0
> VAMPIRE 4 9 17 3 1 2 0
< RES 1637099853 88 4
> REQ 1637099853 89 4
> VAMPIRE 1 9 17 3 1 2 0
> VAMPIRE 3 9 17 3 1 2 0
> VAMPIRE 2 9 17 3 1 2 0
> VAMPIRE 4 9 17 3 1 2 0
< RES 1637099853 89 4
> REQ 1637099853 90 4
> VAMPIRE 1 9 17 3 1 2 0
> VAMPIRE 3 9 17 3 1 2 0
> VAMPIRE 2 9 17 3 1 2 0
> VAMPIRE 4 9 17 3 1 2 0
< RES 1637099853 90 4
> REQ 1637099853 91 4
> VAMPIRE 1 9 17 3 1 2 0
> VAMPIRE 3 9 17 3 1 2 0
> VAMPIRE 2 9 17 3 1 2 0
> VAMPIRE 4 9 17 3 1 2 0
< RES 1637099853 91 4
> REQ 1637099853 92 4
> VAMPIRE 1 9 17 3 1 2 0
> VAMPIRE 3 9 17 3 1 2 0
> VAMPIRE 2 9 17 3 1 2 0
> VAMPIRE 4 9 17 3 1 2 0
< RES 1637099853 92 4
> REQ 1637099853 93 4
> VAMPIRE 1 9 17 3 1 2 0
> VAMPIRE 3 9 17 3 1 2 0
> VAMPIRE 2 9 17 3 1 2 0
> VAMPIRE 4 9 17 3 1 2 0
< RES 1637099853 93 4
> REQ 1637099853 94 4
> VAMPIRE 1 9 17 3 1 2 0
> VAMPIRE 3 9 17 3 1 2 0
> VAMPIRE 2 9 17 3 1 2 0
> VAMPIRE 4 9 17 3 1 2 0
< RES 1637099853 94 4
> REQ 1637099853 95 4
> VAMPIRE 1 9 17 3 1 2 0
> VAMPIRE 3 9 17 3 1 2 0
> VAMPIRE 2 9 17 3 1 2 0
> VAMPIRE 4 9 17 3 1 2 0
< RES 1637099853 95 4
> REQ 1637099853 96 4
> VAMPIRE 1 9 17 3 1 2 0
> VAMPIRE 3 9 17 3 1 2 0
> VAMPIRE 2 9 17 3 1 2 0
> VAMPIRE 4 9 17 3 1 2 0
< RES 1637099853 96 4
> REQ 1637099853 97 4
> VAMPIRE 1 9 17 3 1 2 0
> VAMPIRE 3 9 17 3 1 2 0
> VAMPIRE 2 9 17 3 1 2 0
> VAMPIRE 4 9 17 3 1 2 0
< RES 1637099853 97 4
> REQ 1637099853 98 4
> VAMPIRE 1 9 17 3 1 2 0
> VAMPIRE 3 9 17 3 1 2 0
> VAMPIRE 2 9 17 3 1 2 0
> VAMPIRE 4 9 17 3 1 2 0
< RES 1637099853 98 4
> REQ 1637099853 99 4
> VAMPIRE 1 9 17 3 1 2 0
> VAMPIRE 3 9 17 3 1 2 0
> VAMPIRE 2 9 17 3 1 2 0
> VAMPIRE 4 9 17 3 1 2 0
< RES 1637099853 99 4
> REQ 1637099853 100 4
> VAMPIRE 1 9 17 3 1 2 0
> VAMPIRE 3 9 17 3 1 2 0
> VAMPIRE 2 9 17 3 1 2 0
> VAMPIRE 4 9 17 3 1 2 0
< RES 1637099853 100 4
> REQ 1637099853 101 4
> VAMPIRE 1 9 17 3 1 2 0
> VAMPIRE 3 9 17 3 1 2 0
> VAMPIRE 2 9 17 3 1 2 0
> VAMPIRE 4 9 17 3 1 2 0
< RES 1637099853 101 4
> REQ 1637099853 102 4
> VAMPIRE 1 9 17 3 1 2 0
> VAMPIRE 3 9 17 3 1 2 0
> VAMPIRE 2 9 17 3 1 2 0
> VAMPIRE 4 9 17 3 1 2 0
< RES 1637099853 102 4
> REQ 1637099853 103 4
> VAMPIRE 1 9 17 3 1 2 0
> VAMPIRE 3 9 17 3 1 2 0
> VAMPIRE 2 9 17 3 1 2 0
> VAMPIRE 4 9 17 3 1 2 0
< RES 1637099853 103 4
> REQ 1637099853 104 4
> VAMPIRE 1 9 17 3 1 2 0
> VAMPIRE 3 9 17 3 1 2 0
> VAMPIRE 2 9 17 3 1 2 0
> VAMPIRE 4 9 17 3 1 2 0
< RES 1637099853 104 4
> REQ 1637099853 105 4
> VAMPIRE 1 9 17 3 1 2 0
> VAMPIRE 3 9 17 3 1 2 0
> VAMPIRE 2 9 17 3 1 2 0
> VAMPIRE 4 9 17 3 1 2 0
< RES 1637099853 105 4
> REQ 1637099853 106 4
> VAMPIRE 1 9 17 3 1 2 0
> VAMPIRE 3 9 17 3 1 2 0
> VAMPIRE 2 9 17 3 1 2 0
> VAMPIRE 4 9 17 3 1 2 0
< RES 1637099853 106 4
> REQ 1637099853 107 4
> VAMPIRE 1 9 17 3 1 2 0
> VAMPIRE 3 9 17 3 1 2 0
> VAMPIRE 2 9 17 3 1 2 0
> VAMPIRE 4 9 17 3 1 2 0
< RES 1637099853 107 4
> REQ 1637099853 108 4
> VAMPIRE 1 9 17 3 1 2 0
> VAMPIRE 3 9 17 3 1 2 0
> VAMPIRE 2 9 17 3 1 2 0
> VAMPIRE 4 9 17 3 1 2 0
< RES 1637099853 108 4
> REQ 1637099853 109 4
> VAMPIRE 1 9 17 3 1 2 0
> VAMPIRE 3 9 17 3 1 2 0
> VAMPIRE 2 9 17 3 1 2 0
> VAMPIRE 4 9 17 3 1 2 0
< RES 1637099853 109 4
> REQ 1637099853 110 4
> VAMPIRE 1 9 17 3 1 2 0
> VAMPIRE 3 9 17 3 1 2 0
> VAMPIRE 2 9 17 3 1 2 0
> VAMPIRE 4 9 17 3 1 2 0
< RES 1637099853 110 4
> REQ 1637099853 111 4
> VAMPIRE 1 9 17 3 1 2 0
> VAMPIRE 3 9 17 3 1 2 0
> VAMPIRE 2 9 17 3 1 2 0
> VAMPIRE 4 9 17 3 1 2 0
< RES 1637099853 111 4
> REQ 1637099853 112 4
> VAMPIRE 1 9 17 3 1 2 0
> VAMPIRE 3 9 17 3 1 2 0
> VAMPIRE 2 9 17 3 1 2 0
> VAMPIRE 4 9 17 3 1 2 0
< RES 1637099853 112 4
> REQ 1637099853 113 4
> VAMPIRE 1 9 17 3 1 2 0
> VAMPIRE 3 9 17 3 1 2 0
> VAMPIRE 2 9 17 3 1 2 0
> VAMPIRE 4 9 17 3 1 2 0
< RES 1637099853 113 4
> REQ 1637099853 114 4
> VAMPIRE 1 9 17 3 1 2 0
> VAMPIRE 3 9 17 3 1 2 0
> VAMPIRE 2 9 17 3 1 2 0
> VAMPIRE 4 9 17 3 1 2 0
< RES 1637099853 114 4
> REQ 1637099853 115 4
> VAMPIRE 1 9 17 3 1 2 0
> VAMPIRE 3 9 17 3 1 2 0
> VAMPIRE 2 9 17 3 1 2 0
> VAMPIRE 4 9 17 3 1 2 0
< RES 1637099853 115 4
> REQ 1637099853 116 4
> VAMPIRE 1 9 17 3 1 2 0
> VAMPIRE 3 9 17 3 1 2 0
> VAMPIRE 2 9 17 3 1 2 0
> VAMPIRE 4 9 17 3 1 2 0
< RES 1637099853 116 4
> REQ 1637099853 117 4
> VAMPIRE 1 9 17 3 1 2 0
> VAMPIRE 3 9 17 3 1 2 0
> VAMPIRE 2 9 17 3 1 2 0
> VAMPIRE 4 9 17 3 1 2 0
< RES 1637099853 117 4
> REQ 1637099853 118 4
> VAMPIRE 1 9 17 3 1 2 0
> VAMPIRE 3 9 17 3 1 2 0
> VAMPIRE 2 9 17 3 1 2 0
> VAMPIRE 4 9 17 3 1 2 0
< RES 1637099853 118 4
> REQ 1637099853 119 4
> VAMPIRE 1 9 17 3 1 2 0
> VAMPIRE 3 9 17 3 1 2 0
> VAMPIRE 2 9 17 3 1 2 0
> VAMPIRE 4 9 17 3 1 2 0
< RES 1637099853 119 4
> REQ 1637099853 120 4
> VAMPIRE 1 9 17 3 1 2 0
> VAMPIRE 3 9 17 3 1 2 0
> VAMPIRE 2 9 17 3 1 2 0
> VAMPIRE 4 9 17 3 1 2 0
< RES 1637099853 120 4
> REQ 1637099853 121 4
> VAMPIRE 1 9 17 3 1 2 0
> VAMPIRE 3 9 17 3 1 2 0
> VAMPIRE 2 9 17 3 1 2 0
> VAMPIRE 4 9 17 3 1 2 0
< RES 1637099853 121 4
> REQ 1637099853 122 4
> VAMPIRE 1 9 17 3 1 2 0
> VAMPIRE 3 9 17 3 1 2 0
> VAMPIRE 2 9 17 3 1 2 0
> VAMPIRE 4 9 17 3 1 2 0
< RES 1637099853 122 4
> REQ 1637099853 123 4
> VAMPIRE 1 9 17 3 1 2 0
> VAMPIRE 3 9 17 3 1 2 0
> VAMPIRE 2 9 17 3 1 2 0
> VAMPIRE 4 9 17 3 1 2 0
< RES 1637099853 123 4
> REQ 1637099853 124 4
> VAMPIRE 1 9 17 3 1 2 0
> VAMPIRE 3 9 17 3 1 2 0
> VAMPIRE 2 9 17 3 1 2 0
> VAMPIRE 4 9 17 3 1 2 0
< RES 1637099853 124 4
> REQ 1637099853 125 4
> VAMPIRE 1 9 17 3 1 2 0
> VAMPIRE 3 9 17 3 1 2 0
> VAMPIRE 2 9 17 3 1 2 0
> VAMPIRE 4 9 17 3 1 2 0
< RES 1637099853 125 4
> REQ 1637099853 126 4
> VAMPIRE 1 9 17 3 1 2 0
> VAMPIRE 3 9 17 3 1 2 0
> VAMPIRE 2 9 17 3 1 2 0
> VAMPIRE 4 9 17 3 1 2 0
< RES 1637099853 126 4
> REQ 1637099853 127 4
> VAMPIRE 1 9 17 3 1 2 0
> VAMPIRE 3 9 17 3 1 2 0
> VAMPIRE 2 9 17 3 1 2 0
> VAMPIRE 4 9 17 3 1 2 0
< RES 1637099853 127 4
> REQ 1637099853 128 4
> VAMPIRE 1 9 17 3 1 2 0
> VAMPIRE 3 9 17 3 1 2 0
> VAMPIRE 2 9 17 3 1 2 0
> VAMPIRE 4 9 17 3 1 2 0
< RES 1637099853 128 4
> REQ 1637099853 129 4
> VAMPIRE 1 9 17 3 1 2 0
> VAMPIRE 3 9 17 3 1 2 0
> VAMPIRE 2 9 17 3 1 2 0
> VAMPIRE 4 9 17 3 1 2 0
< RES 1637099853 129 4
> REQ 1637099853 130 4
> VAMPIRE 1 9 17 3 1 2 0
> VAMPIRE 3 9 17 3 1 2 0
> VAMPIRE 2 9 17 3 1 2 0
> VAMPIRE 4 9 17 3 1 2 0
< RES 1637099853 130 4
> REQ 1637099853 131 4
> VAMPIRE 1 9 17 3 1 2 0
> VAMPIRE 3 9 17 3 1 2 0
> VAMPIRE 2 9 17 3 1 2 0
> VAMPIRE 4 9 17 3 1 2 0
< RES 1637099853 131 4
> REQ 1637099853 132 4
> VAMPIRE 1 9 17 3 1 2 0
> VAMPIRE 3 9 17 3 1 2 0
> VAMPIRE 2 9 17 3 1 2 0
> VAMPIRE 4 9 17 3 1 2 0
< RES 1637099853 132 4
> REQ 1637099853 133 4
> VAMPIRE 1 9 17 3 1 2 0
> VAMPIRE 3 9 17 3 1 2 0
> VAMPIRE 2 9 17 3 1 2 0
> VAMPIRE 4 9 17 3 1 2 0
< RES 1637099853 133 4
> REQ 1637099853 134 4
> VAMPIRE 1 9 17 3 1 2 0
> VAMPIRE 3 9 17 3 1 2 0
> VAMPIRE 2 9 17 3 1 2 0
> VAMPIRE 4 9 17 3 1 2 0
< RES 1637099853 134 4
> REQ 1637099853 135 4
> VAMPIRE 1 9 17 3 1 2 0
> VAMPIRE 3 9 17 3 1 2 0
> VAMPIRE 2 9 17 3 1 2 0
> VAMPIRE 4 9 17 3 1 2 0
< RES 1637099853 135 4
> REQ 1637099853 136 4
> VAMPIRE 1 9 17 3 1 2 0
> VAMPIRE 3 9 17 3 1 2 0
> VAMPIRE 2 9 17 3 1 2 0
> VAMPIRE 4 9 17 3 1 2 0
< RES 1637099853 136 4
> REQ 1637099853 137 4
> VAMPIRE 1 9 17 3 1 2 0
> VAMPIRE 3 9 17 3 1 2 0
> VAMPIRE 2 9 17 3 1 2 0
> VAMPIRE 4 9 17 3 1 2 0
< RES 1637099853 137 4
> REQ 1637099853 138 4
> VAMPIRE 1 9 17 3 1 2 0
> VAMPIRE 3 9 17 3 1 2 0
> VAMPIRE 2 9 17 3 1 2 0
> VAMPIRE 4 9 17 3 1 2 0
< RES 1637099853 138 4
> REQ 1637099853 139 4
> VAMPIRE 1 9 17 3 1 2 0
> VAMPIRE 3 9 17 3 1 2 0
> VAMPIRE 2 9 17 3 1 2 0
> VAMPIRE 4 9 17 3 1 2 0
< RES 1637099853 139 4
> REQ 1637099853 140 4
> VAMPIRE 1 9 17 3 1 2 0
> VAMPIRE 3 9 17 3 1 2 0
> VAMPIRE 2 9 17 3 1 2 0
> VAMPIRE 4 9 17 3 1 2 0
< RES 1637099853 140 4
> REQ 1637099853 141 4
> VAMPIRE 1 9 17 3 1 2 0
> VAMPIRE 3 9 17 3 1 2 0
> VAMPIRE 2 9 17 3 1 2 0
> VAMPIRE 4 9 17 3 1 2 0
< RES 1637099853 141 4
> REQ 1637099853 142 4
> VAMPIRE 1 9 17 3 1 2 0
> VAMPIRE 3 9 17 3 1 2 0
> VAMPIRE 2 9 17 3 1 2 0
> VAMPIRE 4 9 17 3 1 2 0
< RES 1637099853 142 4
> REQ 1637099853 143 4
> VAMPIRE 1 9 17 3 1 2 0
> VAMPIRE 3 9 17 3 1 2 0
> VAMPIRE 2 9 17 3 1 2 0
> VAMPIRE 4 9 17 3 1 2 0
< RES 1637099853 143 4
> REQ 1637099853 144 4
> VAMPIRE 1 9 17 3 1 2 0
> VAMPIRE 3 9 17 3 1 2 0
> VAMPIRE 2 9 17 3 1 2 0
> VAMPIRE 4 9 17 3 1 2 0
< RES 1637099853 144 4
> REQ 1637099853 145 4
> VAMPIRE 1 9 17 3 1 2 0
> VAMPIRE 3 9 17 3 1 2 0
> VAMPIRE 2 9 17 3 1 2 0
> VAMPIRE 4 9 17 3 1 2 0
< RES 1637099853 145 4
> REQ 1637099853 146 4
> VAMPIRE 1 9 17 3 1 2 0
> VAMPIRE 3 9 17 3 1 2 0
> VAMPIRE 2 9 17 3 1 2 0
> VAMPIRE 4 9 17 3 1 2 0
< RES 1637099853 146 4
> REQ 1637099853 147 4
> VAMPIRE 1 9 17 3 1 2 0
> VAMPIRE 3 9 17 3 1 2 0
> VAMPIRE 2 9 17 3 1 2 0
> VAMPIRE 4 9 17 3 1 2 0
< RES 1637099853 147 4
> REQ 1637099853 148 4
> VAMPIRE 1 9 17 3 1 2 0
> VAMPIRE 3 9 17 3 1 2 0
> VAMPIRE 2 9 17 3 1 2 0
> VAMPIRE 4 9 17 3 1 2 0
> POWERUP GRENADE -6 4 5
> POWERUP GRENADE -6 16 15
< RES 1637099853 148 4
< MOVE D D
> REQ 1637099853 149 4
> VAMPIRE 1 11 17 3 1 2 0
> VAMPIRE 3 11 17 3 1 2 0
> VAMPIRE 2 11 17 3 1 2 0
> VAMPIRE 4 11 17 3 1 2 0
> POWERUP GRENADE -5 4 5
> POWERUP GRENADE -5 16 15
< RES 1637099853 149 4
< MOVE D D
> REQ 1637099853 150 4
> VAMPIRE 1 13 17 3 1 2 0
> VAMPIRE 3 13 17 3 1 2 0
> VAMPIRE 2 13 17 3 1 2 0
> VAMPIRE 4 13 17 3 1 2 0
> POWERUP GRENADE -4 4 5
> POWERUP GRENADE -4 16 15
< RES 1637099853 150 4
< MOVE D D
> REQ 1637099853 151 4
> VAMPIRE 1 15 17 3 1 2 0
> VAMPIRE 3 15 17 3 1 2 0
> VAMPIRE 2 15 17 3 1 2 0
> VAMPIRE 4 15 17 3 1 2 0
> POWERUP GRENADE -3 4 5
> POWERUP GRENADE -3 16 15
< RES 1637099853 151 4
< MOVE L L
> REQ 1637099853 152 4
> VAMPIRE 1 15 15 3 1 2 0
> VAMPIRE 3 15 15 3 1 2 0
> VAMPIRE 2 15 15 3 1 2 0
> VAMPIRE 4 15 15 3 1 2 0
> POWERUP GRENADE -2 4 5
> POWERUP GRENADE -2 16 15
< RES 1637099853 152 4
< MOVE D
> REQ 1637099853 153 4
> VAMPIRE 1 16 15 3 1 2 0
> VAMPIRE 3 16 15 3 1 2 0
> VAMPIRE 2 16 15 3 1 2 0
> VAMPIRE 4 16 15 3 1 2 0
> POWERUP GRENADE -1 4 5
> POWERUP GRENADE -1 16 15
< RES 1637099853 153 4
< MOVE U U
> REQ 1637099853 154 4
> VAMPIRE 1 14 15 3 2 2 0
> VAMPIRE 3 14 15 3 2 2 0
> VAMPIRE 2 14 15 3 2 2 0
> VAMPIRE 4 14 15 3 2 2 0
> POWERUP GRENADE 15 4 5
< RES 1637099853 154 4
< MOVE U U
> REQ 1637099853 155 4
> VAMPIRE 1 12 15 3 2 2 0
> VAMPIRE 3 12 15 3 2 2 0
> VAMPIRE 2 12 15 3 2 2 0
> VAMPIRE 4 12 15 3 2 2 0
> POWERUP GRENADE 14 4 5
< RES 1637099853 155 4
< MOVE U U
> REQ 1637099853 156 4
> VAMPIRE 1 10 15 3 2 2 0
> VAMPIRE 3 10 15 3 2 2 0
> VAMPIRE 2 10 15 3 2 2 0
> VAMPIRE 4 10 15 3 2 2 0
> POWERUP GRENADE 13 4 5
< RES 1637099853 156 4
< MOVE U U
> REQ 1637099853 157 4
> VAMPIRE 1 8 15 3 2 2 0
> VAMPIRE 3 8 15 3 2 2 0
> VAMPIRE 2 8 15 3 2 2 0
> VAMPIRE 4 8 15 3 2 2 0
> POWERUP GRENADE 12 4 5
< RES 1637099853 157 4
< MOVE U U
> REQ 1637099853 158 4
> VAMPIRE 1 6 15 3 2 2 0
> VAMPIRE 3 6 15 3 2 2 0
> VAMPIRE 2 6 15 3 2 2 0
> VAMPIRE 4 6 15 3 2 2 0
> POWERUP GRENADE 11 4 5
< RES 1637099853 158 4
< MOVE U L
> REQ 1637099853 159 4
> VAMPIRE 1 5 14 3 2 2 0
> VAMPIRE 3 5 14 3 2 2 0
> VAMPIRE 2 5 14 3 2 2 0
> VAMPIRE 4 5 14 3 2 2 0
> POWERUP GRENADE 10 4 5
< RES 1637099853 159 4
< MOVE L L
> REQ 1637099853 160 4
> VAMPIRE 1 5 12 3 2 2 0
> VAMPIRE 3 5 12 3 2 2 0
> VAMPIRE 2 5 12 3 2 2 0
> VAMPIRE 4 5 12 3 2 2 0
> POWERUP GRENADE 9 4 5
< RES 1637099853 160 4
< MOVE L L
> REQ 1637099853 161 4
> VAMPIRE 1 5 10 3 2 2 0
> VAMPIRE 3 5 10 3 2 2 0
> VAMPIRE 2 5 10 3 2 2 0
> VAMPIRE 4 5 10 3 2 2 0
> POWERUP GRENADE 8 4 5
< RES 1637099853 161 4
< MOVE L L
> REQ 1637099853 162 4
> VAMPIRE 1 5 8 3 2 2 0
> VAMPIRE 3 5 8 3 2 2 0
> VAMPIRE 2 5 8 3 2 2 0
> VAMPIRE 4 5 8 3 2 2 0
> POWERUP GRENADE 7 4 5
< RES 1637099853 162 4
< MOVE L L
> REQ 1637099853 163 4
> VAMPIRE 1 5 6 3 2 2 0
> VAMPIRE 3 5 6 3 2 2 0
> VAMPIRE 2 5 6 3 2 2 0
> VAMPIRE 4 5 6 3 2 2 0
> POWERUP GRENADE 6 4 5
< RES 1637099853 163 4
< MOVE L U
> REQ 1637099853 164 4
> VAMPIRE 1 4 5 3 2 2 0
> VAMPIRE 3 4 5 3 2 2 0
> VAMPIRE 2 4 5 3 2 2 0
> VAMPIRE 4 4 5 3 2 2 0
> POWERUP GRENADE 5 4 5
< RES 1637099853 164 4
< MOVE U
> REQ 1637099853 165 4
> VAMPIRE 1 3 5 3 3 2 0
> VAMPIRE 3 3 5 3 3 2 0
> VAMPIRE 2 3 5 3 3 2 0
> VAMPIRE 4 3 5 3 3 2 0
< RES 1637099853 165 4
< MOVE R R
> REQ 1637099853 166 4
> VAMPIRE 1 3 7 3 3 2 0
> VAMPIRE 3 3 7 3 3 2 0
> VAMPIRE 2 3 7 3 3 2 0
> VAMPIRE 4 3 7 3 3 2 0
< RES 1637099853 166 4
< MOVE R R
> REQ 1637099853 167 4
> VAMPIRE 1 3 9 3 3 2 0
> VAMPIRE 3 3 9 3 3 2 0
> VAMPIRE 2 3 9 3 3 2 0
> VAMPIRE 4 3 9 3 3 2 0
< RES 1637099853 167 4
< MOVE D D
> REQ 1637099853 168 4
> VAMPIRE 1 5 9 3 3 2 0
> VAMPIRE 3 5 9 3 3 2 0
> VAMPIRE 2 5 9 3 3 2 0
> VAMPIRE 4 5 9 3 3 2 0
< RES 1637099853 168 4
< MOVE D D
> REQ 1637099853 169 4
> VAMPIRE 1 7 9 3 3 2 0
> VAMPIRE 3 7 9 3 3 2 0
> VAMPIRE 2 7 9 3 3 2 0
> VAMPIRE 4 7 9 3 3 2 0
< RES 1637099853 169 4
< MOVE D D
> REQ 1637099853 170 4
> VAMPIRE 1 9 9 3 3 2 0
> VAMPIRE 3 9 9 3 3 2 0
> VAMPIRE 2 9 9 3 3 2 0
> VAMPIRE 4 9 9 3 3 2 0
< RES 1637099853 170 4
> REQ 1637099853 171 4
> VAMPIRE 1 9 9 3 3 2 0
> VAMPIRE 3 9 9 3 3 2 0
> VAMPIRE 2 9 9 3 3 2 0
> VAMPIRE 4 9 9 3 3 2 0
< RES 1637099853 171 4
> REQ 1637099853 172 4
> VAMPIRE 1 9 9 3 3 2 0
> VAMPIRE 3 9 9 3 3 2 0
> VAMPIRE 2 9 9 3 3 2 0
> VAMPIRE 4 9 9 3 3 2 0
< RES 1637099853 172 4
> REQ 1637099853 173 4
> VAMPIRE 1 9 9 3 3 2 0
> VAMPIRE 3 9 9 3 3 2 0
> VAMPIRE 2 9 9 3 3 2 0
> VAMPIRE 4 9 9 3 3 2 0
< RES 1637099853 173 4
> REQ 1637099853 174 4
> VAMPIRE 1 9 9 3 3 2 0
> VAMPIRE 3 9 9 3 3 2 0
> VAMPIRE 2 9 9 3 3 2 0
> VAMPIRE 4 9 9 3 3 2 0
< RES 1637099853 174 4
> REQ 1637099853 175 4
> VAMPIRE 1 9 9 3 3 2 0
> VAMPIRE 3 9 9 3 3 2 0
> VAMPIRE 2 9 9 3 3 2 0
> VAMPIRE 4 9 9 3 3 2 0
< RES 1637099853 175 4
> REQ 1637099853 176 4
> VAMPIRE 1 9 9 3 3 2 0
> VAMPIRE 3 9 9 3 3 2 0
> VAMPIRE 2 9 9 3 3 2 0
> VAMPIRE 4 9 9 3 3 2 0
< RES 1637099853 176 4
> REQ 1637099853 177 4
> VAMPIRE 1 9 9 3 3 2 0
> VAMPIRE 3 9 9 3 3 2 0
> VAMPIRE 2 9 9 3 3 2 0
> VAMPIRE 4 9 9 3 3 2 0
< RES 1637099853 177 4
> REQ 1637099853 178 4
> VAMPIRE 1 9 9 3 3 2 0
> VAMPIRE 3 9 9 3 3 2 0
> VAMPIRE 2 9 9 3 3 2 0
> VAMPIRE 4 9 9 3 3 2 0
< RES 1637099853 178 4
> REQ 1637099853 179 4
> VAMPIRE 1 9 9 3 3 2 0
> VAMPIRE 3 9 9 3 3 2 0
> VAMPIRE 2 9 9 3 3 2 0
> VAMPIRE 4 9 9 3 3 2 0
< RES 1637099853 179 4
> REQ 1637099853 180 4
> VAMPIRE 1 9 9 3 3 2 0
> VAMPIRE 3 9 9 3 3 2 0
> VAMPIRE 2 9 9 3 3 2 0
> VAMPIRE 4 9 9 3 3 2 0
> POWERUP GRENADE -6 16 11
> POWERUP GRENADE -6 4 9
< RES 1637099853 180 4
< MOVE U U
> REQ 1637099853 181 4
> VAMPIRE 1 7 9 3 3 2 0
> VAMPIRE 3 7 9 3 3 2 0
> VAMPIRE 2 7 9 3 3 2 0
> VAMPIRE 4 7 9 3 3 2 0
> POWERUP GRENADE -5 16 11
> POWERUP GRENADE -5 4 9
< RES 1637099853 181 4
< MOVE U U
> REQ 1637099853 182 4
> VAMPIRE 1 5 9 3 3 2 0
> VAMPIRE 3 5 9 3 3 2 0
> VAMPIRE 2 5 9 3 3 2 0
> VAMPIRE 4 5 9 3 3 2 0
> POWERUP GRENADE -4 16 11
> POWERUP GRENADE -4 4 9
< RES 1637099853 182 4
< GRENADE
< MOVE U U
> REQ 1637099853 183 4
> VAMPIRE 1 3 9 3 2 2 0
> VAMPIRE 3 3 9 3 2 2 0
> VAMPIRE 2 3 9 3 2 2 0
> VAMPIRE 4 3 9 3 2 2 0
> GRENADE 1 5 9 5 2
> GRENADE 3 5 9 5 2
> GRENADE 2 5 9 5 2
> GRENADE 4 5 9 5 2
> POWERUP GRENADE -3 16 11
> POWERUP GRENADE -3 4 9
< RES 1637099853 183 4
< MOVE D
> REQ 1637099853 184 4
> VAMPIRE 1 4 9 3 2 2 0
> VAMPIRE 3 4 9 3 2 2 0
> VAMPIRE 2 4 9 3 2 2 0
> VAMPIRE 4 4 9 3 2 2 0
> GRENADE 1 5 9 4 2
> GRENADE 3 5 9 4 2
> GRENADE 2 5 9 4 2
> GRENADE 4 5 9 4 2
> POWERUP GRENADE -2 16 11
> POWERUP GRENADE -2 4 9
< RES 1637099853 184 4
> REQ 1637099853 185 4
> VAMPIRE 1 4 9 3 2 2 0
> VAMPIRE 3 4 9 3 2 2 0
> VAMPIRE 2 4 9 3 2 2 0
> VAMPIRE 4 4 9 3 2 2 0
> GRENADE 1 5 9 3 2
> GRENADE 3 5 9 3 2
> GRENADE 2 5 9 3 2
> GRENADE 4 5 9 3 2
> POWERUP GRENADE -1 16 11
> POWERUP GRENADE -1 4 9
< RES 1637099853 185 4
< GRENADE
< MOVE U R
> REQ 1637099853 186 4
> VAMPIRE 1 3 8 3 3 2 0
> VAMPIRE 3 3 8 3 3 2 0
> VAMPIRE 2 3 8 3 3 2 0
> VAMPIRE 4 3 10 3 2 2 0
> GRENADE 1 5 9 2 2
> GRENADE 3 5 9 2 2
> GRENADE 2 5 9 2 2
> GRENADE 4 5 9 2 2
> GRENADE 4 4 9 5 2
> POWERUP GRENADE 12 16 11
< RES 1637099853 186 4
< MOVE R D
> REQ 1637099853 187 4
> VAMPIRE 1 3 7 3 3 2 0
> VAMPIRE 3 3 7 3 3 2 0
> VAMPIRE 2 3 7 3 3 2 0
> VAMPIRE 4 4 11 3 2 2 0
> GRENADE 1 5 9 1 2
> GRENADE 3 5 9 1 2
> GRENADE 2 5 9 1 2
> GRENADE 4 5 9 1 2
> GRENADE 4 4 9 4 2
> POWERUP GRENADE 11 16 11
< RES 1637099853 187 4
< MOVE D D
> REQ 1637099853 188 4
> VAMPIRE 1 5 7 3 4 2 0
> VAMPIRE 3 5 7 3 4 2 0
> VAMPIRE 2 5 7 3 4 2 0
> VAMPIRE 4 6 11 3 4 2 0
> POWERUP GRENADE 10 16 11
< RES 1637099853 188 4
< MOVE D D
> REQ 1637099853 189 4
> VAMPIRE 1 5 9 3 4 2 0
> VAMPIRE 3 5 9 3 4 2 0
> VAMPIRE 2 5 9 3 4 2 0
> VAMPIRE 4 8 11 3 4 2 0
> POWERUP GRENADE 9 16 11
< RES 1637099853 189 4
< MOVE D D
> REQ 1637099853 190 4
> VAMPIRE 1 7 9 3 4 2 0
> VAMPIRE 3 7 9 3 4 2 0
> VAMPIRE 2 7 9 3 4 2 0
> VAMPIRE 4 10 11 3 4 2 0
> POWERUP GRENADE 8 16 11
< RES 1637099853 190 4
< MOVE D D
> REQ 1637099853 191 4
> VAMPIRE 1 9 9 3 4 2 0
> VAMPIRE 3 9 9 3 4 2 0
> VAMPIRE 2 9 9 3 4 2 0
> VAMPIRE 4 12 11 3 4 2 0
> POWERUP GRENADE 7 16 11
< RES 1637099853 191 4
< MOVE D D
> REQ 1637099853 192 4
> VAMPIRE 1 9 9 3 4 2 0
> VAMPIRE 3 9 9 3 4 2 0
> VAMPIRE 2 9 9 3 4 2 0
> VAMPIRE 4 14 11 3 4 2 0
> POWERUP GRENADE 6 16 11
< RES 1637099853 192 4
< MOVE D D
> REQ 1637099853 193 4
> VAMPIRE 1 9 9 3 4 2 0
> VAMPIRE 3 9 9 3 4 2 0
> VAMPIRE 2 9 9 3 4 2 0
> VAMPIRE 4 16 11 3 4 2 0
> POWERUP GRENADE 5 16 11
< RES 1637099853 193 4
< MOVE U
> REQ 1637099853 194 4
> VAMPIRE 1 9 9 3 4 2 0
> VAMPIRE 3 9 9 3 4 2 0
> VAMPIRE 2 9 9 3 4 2 0
> VAMPIRE 4 15 11 3 5 2 0
< RES 1637099853 194 4
< MOVE U U
> REQ 1637099853 195 4
> VAMPIRE 1 9 9 3 4 2 0
> VAMPIRE 3 9 9 3 4 2 0
> VAMPIRE 2 9 9 3 4 2 0
> VAMPIRE 4 13 11 3 5 2 0
< RES 1637099853 195 4
< MOVE U U
> REQ 1637099853 196 4
> VAMPIRE 1 9 9 3 4 2 0
> VAMPIRE 3 9 9 3 4 2 0
> VAMPIRE 2 9 9 3 4 2 0
> VAMPIRE 4 11 11 3 5 2 0
< RES 1637099853 196 4
> REQ 1637099853 197 4
> VAMPIRE 1 9 9 3 4 2 0
> VAMPIRE 3 9 9 3 4 2 0
> VAMPIRE 2 9 9 3 4 2 0
> VAMPIRE 4 11 11 3 5 2 0
< RES 1637099853 197 4
> REQ 1637099853 198 4
> VAMPIRE 1 9 9 3 4 2 0
> VAMPIRE 3 9 9 3 4 2 0
> VAMPIRE 2 9 9 3 4 2 0
> VAMPIRE 4 11 11 3 5 2 0
< RES 1637099853 198 4
> REQ 1637099853 199 4
> VAMPIRE 1 9 9 3 4 2 0
> VAMPIRE 3 9 9 3 4 2 0
> VAMPIRE 2 9 9 3 4 2 0
> VAMPIRE 4 11 11 3 5 2 0
< RES 1637099853 199 4
> REQ 1637099853 200 4
> VAMPIRE 1 9 9 3 4 2 0
> VAMPIRE 3 9 9 3 4 2 0
> VAMPIRE 2 9 9 3 4 2 0
> VAMPIRE 4 11 11 3 5 2 0
< RES 1637099853 200 4
> REQ 1637099853 201 4
> VAMPIRE 1 9 9 3 4 2 0
> VAMPIRE 3 9 9 3 4 2 0
> VAMPIRE 2 9 9 3 4 2 0
> VAMPIRE 4 11 11 3 5 2 0
< RES 1637099853 201 4
> REQ 1637099853 202 4
> VAMPIRE 1 9 9 3 4 2 0
> VAMPIRE 3 9 9 3 4 2 0
> VAMPIRE 2 9 9 3 4 2 0
> VAMPIRE 4 11 11 3 5 2 0
< RES 1637099853 202 4
> REQ 1637099853 203 4
> VAMPIRE 1 9 9 3 4 2 0
> VAMPIRE 3 9 9 3 4 2 0
> VAMPIRE 2 9 9 3 4 2 0
> VAMPIRE 4 11 11 3 5 2 0
< RES 1637099853 203 4
> REQ 1637099853 204 4
> VAMPIRE 1 9 9 3 4 2 0
> VAMPIRE 3 9 9 3 4 2 0
> VAMPIRE 2 9 9 3 4 2 0
> VAMPIRE 4 11 11 3 5 2 0
< RES 1637099853 204 4
> REQ 1637099853 205 4
> VAMPIRE 1 9 9 3 4 2 0
> VAMPIRE 3 9 9 3 4 2 0
> VAMPIRE 2 9 9 3 4 2 0
> VAMPIRE 4 11 11 3 5 2 0
< RES 1637099853 205 4
> REQ 1637099853 206 4
> VAMPIRE 1 9 9 3 4 2 0
> VAMPIRE 3 9 9 3 4 2 0
> VAMPIRE 2 9 9 3 4 2 0
> VAMPIRE 4 11 11 3 5 2 0
< RES 1637099853 206 4
> REQ 1637099853 207 4
> VAMPIRE 1 9 9 3 4 2 0
> VAMPIRE 3 9 9 3 4 2 0
> VAMPIRE 2 9 9 3 4 2 0
> VAMPIRE 4 11 11 3 5 2 0
< RES 1637099853 207 4
> REQ 1637099853 208 4
> VAMPIRE 1 9 9 3 4 2 0
> VAMPIRE 3 9 9 3 4 2 0
> VAMPIRE 2 9 9 3 4 2 0
> VAMPIRE 4 11 11 3 5 2 0
< RES 1637099853 208 4
> REQ 1637099853 209 4
> VAMPIRE 1 9 9 3 4 2 0
> VAMPIRE 3 9 9 3 4 2 0
> VAMPIRE 2 9 9 3 4 2 0
> VAMPIRE 4 11 11 3 5 2 0
< RES 1637099853 209 4
> REQ 1637099853 210 4
> VAMPIRE 1 9 9 3 4 2 0
> VAMPIRE 3 9 9 3 4 2 0
> VAMPIRE 2 9 9 3 4 2 0
> VAMPIRE 4 11 11 3 5 2 0
< RES 1637099853 210 4
> REQ 1637099853 211 4
> VAMPIRE 1 9 9 3 4 2 0
> VAMPIRE 3 9 9 3 4 2 0
> VAMPIRE 2 9 9 3 4 2 0
> VAMPIRE 4 11 11 3 5 2 0
< RES 1637099853 211 4
> REQ 1637099853 212 4
> VAMPIRE 1 9 9 3 4 2 0
> VAMPIRE 3 9 9 3 4 2 0
> VAMPIRE 2 9 9 3 4 2 0
> VAMPIRE 4 11 11 3 5 2 0
< RES 1637099853 212 4
> REQ 1637099853 213 4
> VAMPIRE 1 9 9 3 4 2 0
> VAMPIRE 3 9 9 3 4 2 0
> VAMPIRE 2 9 9 3 4 2 0
> VAMPIRE 4 11 11 3 5 2 0
< RES 1637099853 213 4
> REQ 1637099853 214 4
> VAMPIRE 1 9 9 3 4 2 0
> VAMPIRE 3 9 9 3 4 2 0
> VAMPIRE 2 9 9 3 4 2 0
> VAMPIRE 4 11 11 3 5 2 0
> POWERUP BATTERY -9 12 17
> POWERUP BATTERY -9 8 3
< RES 1637099853 214 4
< MOVE R R
> REQ 1637099853 215 4
> VAMPIRE 1 9 7 3 4 2 0
> VAMPIRE 3 9 7 3 4 2 0
> VAMPIRE 2 9 7 3 4 2 0
> VAMPIRE 4 11 13 3 5 2 0
> POWERUP BATTERY -8 12 17
> POWERUP BATTERY -8 8 3
< RES 1637099853 215 4
< MOVE R R
> REQ 1637099853 216 4
> VAMPIRE 1 9 5 3 4 2 0
> VAMPIRE 3 9 5 3 4 2 0
> VAMPIRE 2 9 5 3 4 2 0
> VAMPIRE 4 11 15 3 5 2 0
> POWERUP BATTERY -7 12 17
> POWERUP BATTERY -7 8 3
< RES 1637099853 216 4
< MOVE R R
> REQ 1637099853 217 4
> VAMPIRE 1 9 3 3 4 2 0
> VAMPIRE 3 9 3 3 4 2 0
> VAMPIRE 2 9 3 3 4 2 0
> VAMPIRE 4 11 17 3 5 2 0
> POWERUP BATTERY -6 12 17
> POWERUP BATTERY -6 8 3
< RES 1637099853 217 4
< MOVE D
> REQ 1637099853 218 4
> VAMPIRE 1 8 3 3 4 2 0
> VAMPIRE 3 8 3 3 4 2 0
> VAMPIRE 2 8 3 3 4 2 0
> VAMPIRE 4 12 17 3 5 2 0
> POWERUP BATTERY -5 12 17
> POWERUP BATTERY -5 8 3
< RES 1637099853 218 4
> REQ 1637099853 219 4
> VAMPIRE 1 8 3 3 4 2 0
> VAMPIRE 3 8 3 3 4 2 0
> VAMPIRE 2 8 3 3 4 2 0
> VAMPIRE 4 12 17 3 5 2 0
> POWERUP BATTERY -4 12 17
> POWERUP BATTERY -4 8 3
< RES 1637099853 219 4
> REQ 1637099853 220 4
> VAMPIRE 1 8 3 3 4 2 0
> VAMPIRE 3 8 3 3 4 2 0
> VAMPIRE 2 8 3 3 4 2 0
> VAMPIRE 4 12 17 3 5 2 0
> POWERUP BATTERY -3 12 17
> POWERUP BATTERY -3 8 3
< RES 1637099853 220 4
> REQ 1637099853 221 4
> VAMPIRE 1 8 3 3 4 2 0
> VAMPIRE 3 8 3 3 4 2 0
> VAMPIRE 2 8 3 3 4 2 0
> VAMPIRE 4 12 17 3 5 2 0
> POWERUP BATTERY -2 12 17
> POWERUP BATTERY -2 8 3
< RES 1637099853 221 4
> REQ 1637099853 222 4
> VAMPIRE 1 8 3 3 4 2 0
> VAMPIRE 3 8 3 3 4 2 0
> VAMPIRE 2 8 3 3 4 2 0
> VAMPIRE 4 12 17 3 5 2 0
> POWERUP BATTERY -1 12 17
> POWERUP BATTERY -1 8 3
< RES 1637099853 222 4
< MOVE U
> REQ 1637099853 223 4
> VAMPIRE 1 7 3 3 4 3 0
> VAMPIRE 3 7 3 3 4 3 0
> VAMPIRE 2 7 3 3 4 3 0
> VAMPIRE 4 11 17 3 5 3 0
< RES 1637099853 223 4
< MOVE L L
> REQ 1637099853 224 4
> VAMPIRE 1 7 5 3 4 3 0
> VAMPIRE 3 7 5 3 4 3 0
> VAMPIRE 2 7 5 3 4 3 0
> VAMPIRE 4 11 15 3 5 3 0
< RES 1637099853 224 4
< MOVE L L
> REQ 1637099853 225 4
> VAMPIRE 1 9 5 3 4 3 0
> VAMPIRE 3 9 5 3 4 3 0
> VAMPIRE 2 9 5 3 4 3 0
> VAMPIRE 4 11 13 3 5 3 0
< RES 1637099853 225 4
< MOVE L L
> REQ 1637099853 226 4
> VAMPIRE 1 9 7 3 4 3 0
> VAMPIRE 3 9 7 3 4 3 0
> VAMPIRE 2 9 7 3 4 3 0
> VAMPIRE 4 11 11 3 5 3 0
< RES 1637099853 226 4
> REQ 1637099853 227 4
> VAMPIRE 1 7 7 3 4 3 0
> VAMPIRE 3 7 7 3 4 3 0
> VAMPIRE 2 7 7 3 4 3 0
> VAMPIRE 4 11 11 3 5 3 0
< RES 1637099853 227 4
< MOVE U U
> REQ 1637099853 228 4
> VAMPIRE 1 7 9 3 4 3 0
> VAMPIRE 3 7 9 3 4 3 0
> VAMPIRE 2 7 9 3 4 3 0
> VAMPIRE 4 9 11 3 5 3 0
< RES 1637099853 228 4
< MOVE L L
> REQ 1637099853 229 4
> VAMPIRE 1 7 7 3 4 3 0
> VAMPIRE 3 7 7 3 4 3 0
> VAMPIRE 2 7 7 3 4 3 0
> VAMPIRE 4 9 9 3 5 3 0
< RES 1637099853 229 4
< MOVE U U
> REQ 1637099853 230 4
> VAMPIRE 1 7 9 3 4 3 0
> VAMPIRE 3 7 9 3 4 3 0
> VAMPIRE 2 7 9 3 4 3 0
> VAMPIRE 4 7 9 3 5 3 0
< RES 1637099853 230 4
< MOVE D D
> REQ 1637099853 231 4
> VAMPIRE 1 9 9 3 4 3 0
> VAMPIRE 3 9 9 3 4 3 0
> VAMPIRE 2 9 9 3 4 3 0
> VAMPIRE 4 9 9 3 5 3 0
< RES 1637099853 231 4
< MOVE R R
> REQ 1637099853 232 4
> VAMPIRE 1 9 11 3 4 3 0
> VAMPIRE 3 9 11 3 4 3 0
> VAMPIRE 2 9 11 3 4 3 0
> VAMPIRE 4 9 11 3 5 3 0
< RES 1637099853 232 4
< MOVE D D
> REQ 1637099853 233 4
> VAMPIRE 1 11 11 3 4 3 0
> VAMPIRE 3 11 11 3 4 3 0
> VAMPIRE 2 11 11 3 4 3 0
> VAMPIRE 4 11 11 3 5 3 0
< RES 1637099853 233 4
< MOVE U U
> REQ 1637099853 234 4
> VAMPIRE 1 9 11 3 4 3 0
> VAMPIRE 3 9 11 3 4 3 0
> VAMPIRE 2 9 11 3 4 3 0
> VAMPIRE 4 9 11 3 5 3 0
< RES 1637099853 234 4
< MOVE D D
> REQ 1637099853 235 4
> VAMPIRE 1 11 11 3 4 3 0
> VAMPIRE 3 11 11 3 4 3 0
> VAMPIRE 2 11 11 3 4 3 0
> VAMPIRE 4 11 11 3 5 3 0
< RES 1637099853 235 4
< MOVE U U
> REQ 1637099853 236 4
> VAMPIRE 1 9 11 3 4 3 0
> VAMPIRE 3 9 11 3 4 3 0
> VAMPIRE 2 9 11 3 4 3 0
> VAMPIRE 4 9 11 3 5 3 0
< RES 1637099853 236 4
< MOVE D D
> REQ 1637099853 237 4
> VAMPIRE 1 11 11 3 4 3 0
> VAMPIRE 3 11 11 3 4 3 0
> VAMPIRE 2 11 11 3 4 3 0
> VAMPIRE 4 11 11 3 5 3 0
< RES 1637099853 237 4
< MOVE U U
> REQ 1637099853 238 4
> VAMPIRE 1 9 11 3 4 3 0
> VAMPIRE 3 9 11 3 4 3 0
> VAMPIRE 2 9 11 3 4 3 0
> VAMPIRE 4 9 11 3 5 3 0
< RES 1637099853 238 4
< MOVE D D
> REQ 1637099853 239 4
> VAMPIRE 1 11 11 3 4 3 0
> VAMPIRE 3 11 11 3 4 3 0
> VAMPIRE 2 11 11 3 4 3 0
> VAMPIRE 4 11 11 3 5 3 0
< RES 1637099853 239 4
< MOVE U U
> REQ 1637099853 240 4
> VAMPIRE 1 9 11 3 4 3 0
> VAMPIRE 3 9 11 3 4 3 0
> VAMPIRE 2 9 11 3 4 3 0
> VAMPIRE 4 9 11 3 5 3 0
< RES 1637099853 240 4
< MOVE D D
> REQ 1637099853 241 4
> VAMPIRE 1 11 11 3 4 3 0
> VAMPIRE 3 11 11 3 4 3 0
> VAMPIRE 2 11 11 3 4 3 0
> VAMPIRE 4 11 11 3 5 3 0
< RES 1637099853 241 4
< MOVE U U
> REQ 1637099853 242 4
> VAMPIRE 1 9 11 3 4 3 0
> VAMPIRE 3 9 11 3 4 3 0
> VAMPIRE 2 9 11 3 4 3 0
> VAMPIRE 4 9 11 3 5 3 0
< RES 1637099853 242 4
< MOVE D D
> REQ 1637099853 243 4
> VAMPIRE 1 11 11 3 4 3 0
> VAMPIRE 3 11 11 3 4 3 0
> VAMPIRE 2 11 11 3 4 3 0
> VAMPIRE 4 11 11 3 5 3 0
< RES 1637099853 243 4
< MOVE U U
> REQ 1637099853 244 4
> VAMPIRE 1 9 11 3 4 3 0
> VAMPIRE 3 9 11 3 4 3 0
> VAMPIRE 2 9 11 3 4 3 0
> VAMPIRE 4 9 11 3 5 3 0
> POWERUP TOMATO -5 18 11
> POWERUP TOMATO -5 2 9
< RES 1637099853 244 4
< MOVE D D
> REQ 1637099853 245 4
> VAMPIRE 1 11 11 3 4 3 0
> VAMPIRE 3 11 11 3 4 3 0
> VAMPIRE 2 11 11 3 4 3 0
> VAMPIRE 4 11 11 3 5 3 0
> POWERUP TOMATO -4 18 11
> POWERUP TOMATO -4 2 9
< RES 1637099853 245 4
< MOVE D D
> REQ 1637099853 246 4
> VAMPIRE 1 13 11 3 4 3 0
> VAMPIRE 3 13 11 3 4 3 0
> VAMPIRE 2 13 11 3 4 3 0
> VAMPIRE 4 13 11 3 5 3 0
> POWERUP TOMATO -3 18 11
> POWERUP TOMATO -3 2 9
< RES 1637099853 246 4
< MOVE D D
> REQ 1637099853 247 4
> VAMPIRE 1 15 11 3 4 3 0
> VAMPIRE 3 15 11 3 4 3 0
> VAMPIRE 2 15 11 3 4 3 0
> VAMPIRE 4 15 11 3 5 3 0
> POWERUP TOMATO -2 18 11
> POWERUP TOMATO -2 2 9
< RES 1637099853 247 4
< MOVE D D
> REQ 1637099853 248 4
> VAMPIRE 1 17 11 3 4 3 0
> VAMPIRE 3 17 11 3 4 3 0
> VAMPIRE 2 17 11 3 4 3 0
> VAMPIRE 4 17 11 3 5 3 0
> POWERUP TOMATO -1 18 11
> POWERUP TOMATO -1 2 9
< RES 1637099853 248 4
< GRENADE
< MOVE D D
> REQ 1637099853 249 4
> VAMPIRE 1 18 11 3 4 3 0
> VAMPIRE 3 18 11 3 4 3 0
> VAMPIRE 2 18 11 3 4 3 0
> VAMPIRE 4 19 11 3 4 3 0
> GRENADE 4 17 11 5 3
> POWERUP TOMATO 20 18 11
> POWERUP TOMATO 20 2 9
< RES 1637099853 249 4
< GRENADE
< MOVE L L
> REQ 1637099853 250 4
> VAMPIRE 1 18 11 3 4 3 0
> VAMPIRE 3 18 11 3 4 3 0
> VAMPIRE 2 18 11 3 4 3 0
> VAMPIRE 4 19 9 3 3 3 0
> GRENADE 4 17 11 4 3
> GRENADE 4 19 11 5 3
> POWERUP TOMATO 19 2 9
< RES 1637099853 250 4
< MOVE L L
> REQ 1637099853 251 4
> VAMPIRE 1 18 11 3 4 3 0
> VAMPIRE 3 18 11 3 4 3 0
> VAMPIRE 2 18 11 3 4 3 0
> VAMPIRE 4 19 7 3 3 3 0
> GRENADE 4 17 11 3 3
> GRENADE 4 19 11 4 3
> POWERUP TOMATO 18 2 9
< RES 1637099853 251 4
< MOVE U U
> REQ 1637099853 252 4
> VAMPIRE 1 18 11 3 4 3 0
> VAMPIRE 3 18 11 3 4 3 0
> VAMPIRE 2 18 11 3 4 3 0
> VAMPIRE 4 17 7 3 3 3 0
> GRENADE 4 17 11 2 3
> GRENADE 4 19 11 3 3
> POWERUP TOMATO 17 2 9
< RES 1637099853 252 4
< MOVE U U
> REQ 1637099853 253 4
> VAMPIRE 1 18 11 3 4 3 0
> VAMPIRE 3 18 11 3 4 3 0
> VAMPIRE 2 18 11 3 4 3 0
> VAMPIRE 4 15 7 3 3 3 0
> GRENADE 4 17 11 1 3
> GRENADE 4 19 11 2 3
> POWERUP TOMATO 16 2 9
< RES 1637099853 253 4
< MOVE U U
> REQ 1637099853 254 4
> VAMPIRE 1 18 11 2 4 3 0
> VAMPIRE 3 18 11 2 4 3 0
> VAMPIRE 2 18 11 2 4 3 0
> VAMPIRE 4 13 7 3 5 3 0
> POWERUP TOMATO 15 2 9
< RES 1637099853 254 4
< MOVE U U
> REQ 1637099853 255 4
> VAMPIRE 1 17 11 2 4 3 0
> VAMPIRE 3 17 11 2 4 3 0
> VAMPIRE 2 17 11 2 4 3 0
> VAMPIRE 4 11 7 3 5 3 0
> POWERUP TOMATO 14 2 9
< RES 1637099853 255 4
< MOVE U U
> REQ 1637099853 256 4
> VAMPIRE 1 15 11 2 4 3 0
> VAMPIRE 3 15 11 2 4 3 0
> VAMPIRE 2 15 11 2 4 3 0
> VAMPIRE 4 9 7 3 5 3 0
> POWERUP TOMATO 13 2 9
< RES 1637099853 256 4
< MOVE U U
> REQ 1637099853 257 4
> VAMPIRE 1 13 11 2 4 3 0
> VAMPIRE 3 13 11 2 4 3 0
> VAMPIRE 2 13 11 2 4 3 0
> VAMPIRE 4 7 7 3 5 3 0
> POWERUP TOMATO 12 2 9
< RES 1637099853 257 4
< MOVE U U
> REQ 1637099853 258 4
> VAMPIRE 1 13 13 2 4 3 0
> VAMPIRE 3 13 13 2 4 3 0
> VAMPIRE 2 13 13 2 4 3 0
> VAMPIRE 4 5 7 3 5 3 0
> POWERUP TOMATO 11 2 9
< RES 1637099853 258 4
< MOVE U U
> REQ 1637099853 259 4
> VAMPIRE 1 13 11 2 4 3 0
> VAMPIRE 3 13 11 2 4 3 0
> VAMPIRE 2 13 11 2 4 3 0
> VAMPIRE 4 3 7 3 5 3 0
> POWERUP TOMATO 10 2 9
< RES 1637099853 259 4
< MOVE R R
> REQ 1637099853 260 4
> VAMPIRE 1 11 11 2 4 3 0
> VAMPIRE 3 11 11 2 4 3 0
> VAMPIRE 2 11 11 2 4 3 0
> VAMPIRE 4 3 9 3 5 3 0
> POWERUP TOMATO 9 2 9
< RES 1637099853 260 4
< MOVE U
> REQ 1637099853 261 4
> VAMPIRE 1 13 11 2 4 3 0
> VAMPIRE 3 13 11 2 4 3 0
> VAMPIRE 2 13 11 2 4 3 0
> VAMPIRE 4 2 9 3 5 3 0
> POWERUP TOMATO 8 2 9
< RES 1637099853 261 4
< MOVE D
> REQ 1637099853 262 4
> VAMPIRE 1 13 9 2 4 3 0
> VAMPIRE 3 13 9 2 4 3 0
> VAMPIRE 2 13 9 2 4 3 0
> VAMPIRE 4 3 9 3 5 3 0
< RES 1637099853 262 4
< MOVE D D
> REQ 1637099853 263 4
> VAMPIRE 1 13 11 2 4 3 0
> VAMPIRE 3 13 11 2 4 3 0
> VAMPIRE 2 13 11 2 4 3 0
> VAMPIRE 4 5 9 3 5 3 0
< RES 1637099853 263 4
< MOVE D D
> REQ 1637099853 264 4
> VAMPIRE 1 13 9 2 4 3 0
> VAMPIRE 3 13 9 2 4 3 0
> VAMPIRE 2 13 9 2 4 3 0
> VAMPIRE 4 7 9 3 5 3 0
< RES 1637099853 264 4
< MOVE D D
> REQ 1637099853 265 4
> VAMPIRE 1 13 11 2 4 3 0
> VAMPIRE 3 13 11 2 4 3 0
> VAMPIRE 2 13 11 2 4 3 0
> VAMPIRE 4 9 9 3 5 3 0
< RES 1637099853 265 4
> REQ 1637099853 266 4
> VAMPIRE 1 13 13 2 4 3 0
> VAMPIRE 3 13 13 2 4 3 0
> VAMPIRE 2 13 13 2 4 3 0
> VAMPIRE 4 9 9 3 5 3 0
< RES 1637099853 266 4
< MOVE R R
> REQ 1637099853 267 4
> VAMPIRE 1 11 13 2 4 3 0
> VAMPIRE 3 11 13 2 4 3 0
> VAMPIRE 2 11 13 2 4 3 0
> VAMPIRE 4 9 11 3 5 3 0
< RES 1637099853 267 4
< MOVE D D
> REQ 1637099853 268 4
> VAMPIRE 1 13 13 2 4 3 0
> VAMPIRE 3 13 13 2 4 3 0
> VAMPIRE 2 13 13 2 4 3 0
> VAMPIRE 4 11 11 3 5 3 0
< RES 1637099853 268 4
< MOVE R R
> REQ 1637099853 269 4
> VAMPIRE 1 11 13 2 4 3 0
> VAMPIRE 3 11 13 2 4 3 0
> VAMPIRE 2 11 13 2 4 3 0
> VAMPIRE 4 11 13 3 5 3 0
< RES 1637099853 269 4
< MOVE L L
> REQ 1637099853 270 4
> VAMPIRE 1 11 11 2 4 3 0
> VAMPIRE 3 11 11 2 4 3 0
> VAMPIRE 2 11 11 2 4 3 0
> VAMPIRE 4 11 11 3 5 3 0
< RES 1637099853 270 4
< MOVE U U
> REQ 1637099853 271 4
> VAMPIRE 1 9 11 2 4 3 0
> VAMPIRE 3 9 11 2 4 3 0
> VAMPIRE 2 9 11 2 4 3 0
> VAMPIRE 4 9 11 3 5 3 0
< RES 1637099853 271 4
< MOVE D D
> REQ 1637099853 272 4
> VAMPIRE 1 11 11 2 4 3 0
> VAMPIRE 3 11 11 2 4 3 0
> VAMPIRE 2 11 11 2 4 3 0
> VAMPIRE 4 11 11 3 5 3 0
< RES 1637099853 272 4
< MOVE U U
> REQ 1637099853 273 4
> VAMPIRE 1 9 11 2 4 3 0
> VAMPIRE 3 9 11 2 4 3 0
> VAMPIRE 2 9 11 2 4 3 0
> VAMPIRE 4 9 11 3 5 3 0
< RES 1637099853 273 4
< MOVE D D
> REQ 1637099853 274 4
> VAMPIRE 1 11 11 2 4 3 0
> VAMPIRE 3 11 11 2 4 3 0
> VAMPIRE 2 11 11 2 4 3 0
> VAMPIRE 4 11 11 3 5 3 0
< RES 1637099853 274 4
< MOVE U U
> REQ 1637099853 275 4
> VAMPIRE 1 9 11 2 4 3 0
> VAMPIRE 3 9 11 2 4 3 0
> VAMPIRE 2 9 11 2 4 3 0
> VAMPIRE 4 9 11 3 5 3 0
> POWERUP BATTERY -9 15 7
> POWERUP BATTERY -9 5 13
< RES 1637099853 275 4
< MOVE U U
> REQ 1637099853 276 4
> VAMPIRE 1 7 11 2 4 3 0
> VAMPIRE 3 7 11 2 4 3 0
> VAMPIRE 2 7 11 2 4 3 0
> VAMPIRE 4 7 11 3 5 3 0
> POWERUP BATTERY -8 15 7
> POWERUP BATTERY -8 5 13
< RES 1637099853 276 4
< MOVE U U
> REQ 1637099853 277 4
> VAMPIRE 1 5 11 2 4 3 0
> VAMPIRE 3 5 11 2 4 3 0
> VAMPIRE 2 5 11 2 4 3 0
> VAMPIRE 4 5 11 3 5 3 0
> POWERUP BATTERY -7 15 7
> POWERUP BATTERY -7 5 13
< RES 1637099853 277 4
< MOVE R R
> REQ 1637099853 278 4
> VAMPIRE 1 5 13 2 4 3 0
> VAMPIRE 3 5 13 2 4 3 0
> VAMPIRE 2 5 13 2 4 3 0
> VAMPIRE 4 5 13 3 5 3 0
> POWERUP BATTERY -6 15 7
> POWERUP BATTERY -6 5 13
< RES 1637099853 278 4
> REQ 1637099853 279 4
> VAMPIRE 1 5 13 2 4 3 0
> VAMPIRE 3 5 13 2 4 3 0
> VAMPIRE 2 5 13 2 4 3 0
> VAMPIRE 4 5 13 3 5 3 0
> POWERUP BATTERY -5 15 7
> POWERUP BATTERY -5 5 13
< RES 1637099853 279 4
> REQ 1637099853 280 4
> VAMPIRE 1 5 13 2 4 3 0
> VAMPIRE 3 5 13 2 4 3 0
> VAMPIRE 2 5 13 2 4 3 0
> VAMPIRE 4 5 13 3 5 3 0
> POWERUP BATTERY -4 15 7
> POWERUP BATTERY -4 5 13
< RES 1637099853 280 4
> REQ 1637099853 281 4
> VAMPIRE 1 5 13 2 4 3 0
> VAMPIRE 3 5 13 2 4 3 0
> VAMPIRE 2 5 13 2 4 3 0
> VAMPIRE 4 5 13 3 5 3 0
> POWERUP BATTERY -3 15 7
> POWERUP BATTERY -3 5 13
< RES 1637099853 281 4
> REQ 1637099853 282 4
> VAMPIRE 1 5 13 2 4 3 0
> VAMPIRE 3 5 13 2 4 3 0
> VAMPIRE 2 5 13 2 4 3 0
> VAMPIRE 4 5 13 3 5 3 0
> POWERUP BATTERY -2 15 7
> POWERUP BATTERY -2 5 13
< RES 1637099853 282 4
> REQ 1637099853 283 4
> VAMPIRE 1 5 13 2 4 3 0
> VAMPIRE 3 5 13 2 4 3 0
> VAMPIRE 2 5 13 2 4 3 0
> VAMPIRE 4 5 13 3 5 3 0
> POWERUP BATTERY -1 15 7
> POWERUP BATTERY -1 5 13
< RES 1637099853 283 4
< MOVE D D
> REQ 1637099853 284 4
> VAMPIRE 1 7 13 2 4 4 0
> VAMPIRE 3 7 13 2 4 4 0
> VAMPIRE 2 7 13 2 4 4 0
> VAMPIRE 4 7 13 3 5 4 0
> POWERUP BATTERY 12 15 7
< RES 1637099853 284 4
< MOVE D D
> REQ 1637099853 285 4
> VAMPIRE 1 9 13 2 4 4 0
> VAMPIRE 3 9 13 2 4 4 0
> VAMPIRE 2 9 13 2 4 4 0
> VAMPIRE 4 9 13 3 5 4 0
> POWERUP BATTERY 11 15 7
< RES 1637099853 285 4
< MOVE D D
> REQ 1637099853 286 4
> VAMPIRE 1 11 13 2 4 4 0
> VAMPIRE 3 11 13 2 4 4 0
> VAMPIRE 2 11 13 2 4 4 0
> VAMPIRE 4 11 13 3 5 4 0
> POWERUP BATTERY 10 15 7
< RES 1637099853 286 4
< MOVE D D
> REQ 1637099853 287 4
> VAMPIRE 1 13 13 2 4 4 0
> VAMPIRE 3 13 13 2 4 4 0
> VAMPIRE 2 13 13 2 4 4 0
> VAMPIRE 4 13 13 3 5 4 0
> POWERUP BATTERY 9 15 7
< RES 1637099853 287 4
< MOVE D D
> REQ 1637099853 288 4
> VAMPIRE 1 15 13 2 4 4 0
> VAMPIRE 3 15 13 2 4 4 0
> VAMPIRE 2 15 13 2 4 4 0
> VAMPIRE 4 15 13 3 5 4 0
> POWERUP BATTERY 8 15 7
< RES 1637099853 288 4
< MOVE L L
> REQ 1637099853 289 4
> VAMPIRE 1 15 11 2 4 4 0
> VAMPIRE 3 15 11 2 4 4 0
> VAMPIRE 2 15 11 2 4 4 0
> VAMPIRE 4 15 11 3 5 4 0
> POWERUP BATTERY 7 15 7
< RES 1637099853 289 4
< MOVE L L
> REQ 1637099853 290 4
> VAMPIRE 1 15 9 2 4 4 0
> VAMPIRE 3 15 9 2 4 4 0
> VAMPIRE 2 15 9 2 4 4 0
> VAMPIRE 4 15 9 3 5 4 0
> POWERUP BATTERY 6 15 7
< RES 1637099853 290 4
< MOVE L L
> REQ 1637099853 291 4
> VAMPIRE 1 15 7 2 4 4 0
> VAMPIRE 3 15 7 2 4 4 0
> VAMPIRE 2 15 7 2 4 4 0
> VAMPIRE 4 15 7 3 5 4 0
> POWERUP BATTERY 5 15 7
< RES 1637099853 291 4
< MOVE U U
> REQ 1637099853 292 4
> VAMPIRE 1 13 7 2 4 5 0
> VAMPIRE 3 13 7 2 4 5 0
> VAMPIRE 2 13 7 2 4 5 0
> VAMPIRE 4 13 7 3 5 5 0
< RES 1637099853 292 4
< MOVE U U
> REQ 1637099853 293 4
> VAMPIRE 1 11 7 2 4 5 0
> VAMPIRE 3 11 7 2 4 5 0
> VAMPIRE 2 11 7 2 4 5 0
> VAMPIRE 4 11 7 3 5 5 0
< RES 1637099853 293 4
< MOVE R R
> REQ 1637099853 294 4
> VAMPIRE 1 11 9 2 4 5 0
> VAMPIRE 3 11 9 2 4 5 0
> VAMPIRE 2 11 9 2 4 5 0
> VAMPIRE 4 11 9 3 5 5 0
< RES 1637099853 294 4
< MOVE U U
> REQ 1637099853 295 4
> VAMPIRE 1 9 9 2 4 5 0
> VAMPIRE 3 9 9 2 4 5 0
> VAMPIRE 2 9 9 2 4 5 0
> VAMPIRE 4 9 9 3 5 5 0
< RES 1637099853 295 4
< MOVE R R
> REQ 1637099853 296 4
> VAMPIRE 1 9 11 2 4 5 0
> VAMPIRE 3 9 11 2 4 5 0
> VAMPIRE 2 9 11 2 4 5 0
> VAMPIRE 4 9 11 3 5 5 0
< RES 1637099853 296 4
< MOVE D D
> REQ 1637099853 297 4
> VAMPIRE 1 11 11 2 4 5 0
> VAMPIRE 3 11 11 2 4 5 0
> VAMPIRE 2 11 11 2 4 5 0
> VAMPIRE 4 11 11 3 5 5 0
< RES 1637099853 297 4
< MOVE U U
> REQ 1637099853 298 4
> VAMPIRE 1 9 11 2 4 5 0
> VAMPIRE 3 9 11 2 4 5 0
> VAMPIRE 2 9 11 2 4 5 0
> VAMPIRE 4 9 11 3 5 5 0
< RES 1637099853 298 4
< MOVE D D
> REQ 1637099853 299 4
> VAMPIRE 1 11 11 2 4 5 0
> VAMPIRE 3 11 11 2 4 5 0
> VAMPIRE 2 11 11 2 4 5 0
> VAMPIRE 4 11 11 3 5 5 0
< RES 1637099853 299 4
< MOVE U U
> REQ 1637099853 300 4
> VAMPIRE 1 9 11 2 4 5 0
> VAMPIRE 3 9 11 2 4 5 0
> VAMPIRE 2 9 11 2 4 5 0
> VAMPIRE 4 9 11 3 5 5 0
< RES 1637099853 300 4
< MOVE D D
> REQ 1637099853 301 4
> VAMPIRE 1 11 11 2 4 5 0
> VAMPIRE 3 11 11 2 4 5 0
> VAMPIRE 2 11 11 2 4 5 0
> VAMPIRE 4 11 11 3 5 5 0
< RES 1637099853 301 4
< MOVE U U
> REQ 1637099853 302 4
> VAMPIRE 1 9 11 2 4 5 0
> VAMPIRE 3 9 11 2 4 5 0
> VAMPIRE 2 9 11 2 4 5 0
> VAMPIRE 4 9 11 3 5 5 0
< RES 1637099853 302 4
< MOVE D D
> REQ 1637099853 303 4
> VAMPIRE 1 11 11 2 4 5 0
> VAMPIRE 3 11 11 2 4 5 0
> VAMPIRE 2 11 11 2 4 5 0
> VAMPIRE 4 11 11 3 5 5 0
< RES 1637099853 303 4
< MOVE U U
> REQ 1637099853 304 4
> VAMPIRE 1 9 11 2 4 5 0
> VAMPIRE 3 9 11 2 4 5 0
> VAMPIRE 2 9 11 2 4 5 0
> VAMPIRE 4 9 11 3 5 5 0
< RES 1637099853 304 4
< MOVE D D
> REQ 1637099853 305 4
> VAMPIRE 1 11 11 2 4 5 0
> VAMPIRE 3 11 11 2 4 5 0
> VAMPIRE 2 11 11 2 4 5 0
> VAMPIRE 4 11 11 3 5 5 0
< RES 1637099853 305 4
< MOVE U U
> REQ 1637099853 306 4
> VAMPIRE 1 9 11 2 4 5 0
> VAMPIRE 3 9 11 2 4 5 0
> VAMPIRE 2 9 11 2 4 5 0
> VAMPIRE 4 9 11 3 5 5 0
< RES 1637099853 306 4
< MOVE D D
> REQ 1637099853 307 4
> VAMPIRE 1 11 11 2 4 5 0
> VAMPIRE 3 11 11 2 4 5 0
> VAMPIRE 2 11 11 2 4 5 0
> VAMPIRE 4 11 11 3 5 5 0
< RES 1637099853 307 4
< MOVE U U
> REQ 1637099853 308 4
> VAMPIRE 1 9 11 2 4 5 0
> VAMPIRE 3 9 11 2 4 5 0
> VAMPIRE 2 9 11 2 4 5 0
> VAMPIRE 4 9 11 3 5 5 0
< RES 1637099853 308 4
< MOVE D D
> REQ 1637099853 309 4
> VAMPIRE 1 11 11 2 4 5 0
> VAMPIRE 3 11 11 2 4 5 0
> VAMPIRE 2 11 11 2 4 5 0
> VAMPIRE 4 11 11 3 5 5 0
< RES 1637099853 309 4
< MOVE U U
> REQ 1637099853 310 4
> VAMPIRE 1 9 11 2 4 5 0
> VAMPIRE 3 9 11 2 4 5 0
> VAMPIRE 2 9 11 2 4 5 0
> VAMPIRE 4 9 11 3 5 5 0
< RES 1637099853 310 4
< MOVE D D
> REQ 1637099853 311 4
> VAMPIRE 1 11 11 2 4 5 0
> VAMPIRE 3 11 11 2 4 5 0
> VAMPIRE 2 11 11 2 4 5 0
> VAMPIRE 4 11 11 3 5 5 0
< RES 1637099853 311 4
< MOVE U U
> REQ 1637099853 312 4
> VAMPIRE 1 9 11 2 4 5 0
> VAMPIRE 3 9 11 2 4 5 0
> VAMPIRE 2 9 11 2 4 5 0
> VAMPIRE 4 9 11 3 5 5 0
< RES 1637099853 312 4
< MOVE D D
> REQ 1637099853 313 4
> VAMPIRE 1 11 11 2 4 5 0
> VAMPIRE 3 11 11 2 4 5 0
> VAMPIRE 2 11 11 2 4 5 0
> VAMPIRE 4 11 11 3 5 5 0
> POWERUP BATTERY -4 14 17
> POWERUP BATTERY -4 6 3
< RES 1637099853 313 4
< MOVE R R
> REQ 1637099853 314 4
> VAMPIRE 1 11 13 2 4 5 0
> VAMPIRE 3 11 13 2 4 5 0
> VAMPIRE 2 11 13 2 4 5 0
> VAMPIRE 4 11 13 3 5 5 0
> POWERUP BATTERY -3 14 17
> POWERUP BATTERY -3 6 3
< RES 1637099853 314 4
< MOVE R R
> REQ 1637099853 315 4
> VAMPIRE 1 11 15 2 4 5 0
> VAMPIRE 3 11 15 2 4 5 0
> VAMPIRE 2 11 15 2 4 5 0
> VAMPIRE 4 11 15 3 5 5 0
> POWERUP BATTERY -2 14 17
> POWERUP BATTERY -2 6 3
< RES 1637099853 315 4
< MOVE R R
> REQ 1637099853 316 4
> VAMPIRE 1 11 17 2 4 5 0
> VAMPIRE 3 11 17 2 4 5 0
> VAMPIRE 2 11 17 2 4 5 0
> VAMPIRE 4 11 17 3 5 5 0
> POWERUP BATTERY -1 14 17
> POWERUP BATTERY -1 6 3
< RES 1637099853 316 4
< MOVE D D
> REQ 1637099853 317 4
> VAMPIRE 1 13 17 2 4 5 0
> VAMPIRE 3 13 17 2 4 5 0
> VAMPIRE 2 13 17 2 4 5 0
> VAMPIRE 4 13 17 3 5 5 0
> POWERUP BATTERY 16 14 17
> POWERUP BATTERY 16 6 3
< RES 1637099853 317 4
< GRENADE
< MOVE D D
> REQ 1637099853 318 4
> VAMPIRE 1 14 17 2 4 5 0
> VAMPIRE 3 14 17 2 4 5 0
> VAMPIRE 2 14 17 2 4 5 0
> VAMPIRE 4 15 17 3 4 5 0
> GRENADE 4 13 17 5 5
> POWERUP BATTERY 15 14 17
> POWERUP BATTERY 15 6 3
< RES 1637099853 318 4
< GRENADE
< MOVE L L
> REQ 1637099853 319 4
> VAMPIRE 1 14 17 2 4 6 0
> VAMPIRE 3 14 17 2 4 6 0
> VAMPIRE 2 14 17 2 4 6 0
> VAMPIRE 4 15 15 3 3 5 0
> GRENADE 4 13 17 4 5
> GRENADE 4 15 17 5 5
> POWERUP BATTERY 14 6 3
< RES 1637099853 319 4
< MOVE U U
> REQ 1637099853 320 4
> VAMPIRE 1 14 17 2 4 6 0
> VAMPIRE 3 14 17 2 4 6 0
> VAMPIRE 2 14 17 2 4 6 0
> VAMPIRE 4 13 15 3 3 5 0
> GRENADE 4 13 17 3 5
> GRENADE 4 15 17 4 5
> POWERUP BATTERY 13 6 3
< RES 1637099853 320 4
< MOVE U U
> REQ 1637099853 321 4
> VAMPIRE 1 14 17 2 4 6 0
> VAMPIRE 3 14 17 2 4 6 0
> VAMPIRE 2 14 17 2 4 6 0
> VAMPIRE 4 11 15 3 3 5 0
> GRENADE 4 13 17 2 5
> GRENADE 4 15 17 3 5
> POWERUP BATTERY 12 6 3
< RES 1637099853 321 4
< MOVE U U
> REQ 1637099853 322 4
> VAMPIRE 1 14 17 2 4 6 0
> VAMPIRE 3 14 17 2 4 6 0
> VAMPIRE 2 14 17 2 4 6 0
> VAMPIRE 4 9 15 3 3 5 0
> GRENADE 4 13 17 1 5
> GRENADE 4 15 17 2 5
> POWERUP BATTERY 11 6 3
< RES 1637099853 322 4
< MOVE U U
> REQ 1637099853 323 4
> VAMPIRE 1 14 17 1 4 6 0
> VAMPIRE 3 14 17 1 4 6 0
> VAMPIRE 2 14 17 1 4 6 0
> VAMPIRE 4 7 15 3 5 5 0
> POWERUP BATTERY 10 6 3
< RES 1637099853 323 4
< MOVE L L
> REQ 1637099853 324 4
> VAMPIRE 1 13 17 1 4 6 0
> VAMPIRE 3 13 17 1 4 6 0
> VAMPIRE 2 13 17 1 4 6 0
> VAMPIRE 4 7 13 3 5 5 0
> POWERUP BATTERY 9 6 3
< RES 1637099853 324 4
< MOVE L L
> REQ 1637099853 325 4
> VAMPIRE 1 13 15 1 4 6 0
> VAMPIRE 3 13 15 1 4 6 0
> VAMPIRE 2 13 15 1 4 6 0
> VAMPIRE 4 7 11 3 5 5 0
> POWERUP BATTERY 8 6 3
< RES 1637099853 325 4
< MOVE L L
> REQ 1637099853 326 4
> VAMPIRE 1 13 13 1 4 6 0
> VAMPIRE 3 13 13 1 4 6 0
> VAMPIRE 2 13 13 1 4 6 0
> VAMPIRE 4 7 9 3 5 5 0
> POWERUP BATTERY 7 6 3
< RES 1637099853 326 4
< MOVE L L
> REQ 1637099853 327 4
> VAMPIRE 1 13 11 1 4 6 0
> VAMPIRE 3 13 11 1 4 6 0
> VAMPIRE 2 13 11 1 4 6 0
> VAMPIRE 4 7 7 3 5 5 0
> POWERUP BATTERY 6 6 3
< RES 1637099853 327 4
< MOVE L L
> REQ 1637099853 328 4
> VAMPIRE 1 13 13 1 4 6 0
> VAMPIRE 3 13 13 1 4 6 0
> VAMPIRE 2 13 13 1 4 6 0
> VAMPIRE 4 7 5 3 5 5 0
> POWERUP BATTERY 5 6 3
< RES 1637099853 328 4
< MOVE L L
> REQ 1637099853 329 4
> VAMPIRE 1 11 13 1 4 6 0
> VAMPIRE 3 11 13 1 4 6 0
> VAMPIRE 2 11 13 1 4 6 0
> VAMPIRE 4 7 3 3 5 5 0
> POWERUP BATTERY 4 6 3
< RES 1637099853 329 4
< MOVE U
> REQ 1637099853 330 4
> VAMPIRE 1 11 11 1 4 6 0
> VAMPIRE 3 11 11 1 4 6 0
> VAMPIRE 2 11 11 1 4 6 0
> VAMPIRE 4 6 3 3 5 5 0
> POWERUP BATTERY 3 6 3
< RES 1637099853 330 4
< MOVE U
> REQ 1637099853 331 4
> VAMPIRE 1 11 13 1 4 6 0
> VAMPIRE 3 11 13 1 4 6 0
> VAMPIRE 2 11 13 1 4 6 0
> VAMPIRE 4 5 3 3 5 6 0
< RES 1637099853 331 4
< MOVE R R
> REQ 1637099853 332 4
> VAMPIRE 1 11 11 1 4 6 0
> VAMPIRE 3 11 11 1 4 6 0
> VAMPIRE 2 11 11 1 4 6 0
> VAMPIRE 4 5 5 3 5 6 0
< RES 1637099853 332 4
< MOVE R R
> REQ 1637099853 333 4
> VAMPIRE 1 11 13 1 4 6 0
> VAMPIRE 3 11 13 1 4 6 0
> VAMPIRE 2 11 13 1 4 6 0
> VAMPIRE 4 5 7 3 5 6 0
< RES 1637099853 333 4
< MOVE D D
> REQ 1637099853 334 4
> VAMPIRE 1 11 11 1 4 6 0
> VAMPIRE 3 11 11 1 4 6 0
> VAMPIRE 2 11 11 1 4 6 0
> VAMPIRE 4 7 7 3 5 6 0
< RES 1637099853 334 4
< MOVE R R
> REQ 1637099853 335 4
> VAMPIRE 1 11 13 1 4 6 0
> VAMPIRE 3 11 13 1 4 6 0
> VAMPIRE 2 11 13 1 4 6 0
> VAMPIRE 4 7 9 3 5 6 0
< RES 1637099853 335 4
< MOVE D D
> REQ 1637099853 336 4
> VAMPIRE 1 13 13 1 4 6 0
> VAMPIRE 3 13 13 1 4 6 0
> VAMPIRE 2 13 13 1 4 6 0
> VAMPIRE 4 9 9 3 5 6 0
< RES 1637099853 336 4
< MOVE R R
> REQ 1637099853 337 4
> VAMPIRE 1 11 13 1 4 6 0
> VAMPIRE 3 11 13 1 4 6 0
> VAMPIRE 2 11 13 1 4 6 0
> VAMPIRE 4 9 11 3 5 6 0
< RES 1637099853 337 4
< MOVE D D
> REQ 1637099853 338 4
> VAMPIRE 1 13 13 1 4 6 0
> VAMPIRE 3 13 13 1 4 6 0
> VAMPIRE 2 13 13 1 4 6 0
> VAMPIRE 4 11 11 3 5 6 0
< RES 1637099853 338 4
< MOVE R R
> REQ 1637099853 339 4
> VAMPIRE 1 11 13 1 4 6 0
> VAMPIRE 3 11 13 1 4 6 0
> VAMPIRE 2 11 13 1 4 6 0
> VAMPIRE 4 11 13 3 5 6 0
< RES 1637099853 339 4
< MOVE L L
> REQ 1637099853 340 4
> VAMPIRE 1 11 11 1 4 6 0
> VAMPIRE 3 11 11 1 4 6 0
> VAMPIRE 2 11 11 1 4 6 0
> VAMPIRE 4 11 11 3 5 6 0
< RES 1637099853 340 4
< MOVE U U
> REQ 1637099853 341 4
> VAMPIRE 1 9 11 1 4 6 0
> VAMPIRE 3 9 11 1 4 6 0
> VAMPIRE 2 9 11 1 4 6 0
> VAMPIRE 4 9 11 3 5 6 0
< RES 1637099853 341 4
< MOVE D D
> REQ 1637099853 342 4
> VAMPIRE 1 11 11 1 4 6 0
> VAMPIRE 3 11 11 1 4 6 0
> VAMPIRE 2 11 11 1 4 6 0
> VAMPIRE 4 11 11 3 5 6 0
< RES 1637099853 342 4
< MOVE U U
> REQ 1637099853 343 4
> VAMPIRE 1 9 11 1 4 6 0
> VAMPIRE 3 9 11 1 4 6 0
> VAMPIRE 2 9 11 1 4 6 0
> VAMPIRE 4 9 11 3 5 6 0
< RES 1637099853 343 4
< MOVE D D
> REQ 1637099853 344 4
> VAMPIRE 1 11 11 1 4 6 0
> VAMPIRE 3 11 11 1 4 6 0
> VAMPIRE 2 11 11 1 4 6 0
> VAMPIRE 4 11 11 3 5 6 0
< RES 1637099853 344 4
< MOVE U U
> REQ 1637099853 345 4
> VAMPIRE 1 9 11 1 4 6 0
> VAMPIRE 3 9 11 1 4 6 0
> VAMPIRE 2 9 11 1 4 6 0
> VAMPIRE 4 9 11 3 5 6 0
> POWERUP GRENADE -4 17 16
> POWERUP GRENADE -4 3 4
< RES 1637099853 345 4
< MOVE R R
> REQ 1637099853 346 4
> VAMPIRE 1 9 13 1 4 6 0
> VAMPIRE 3 9 13 1 4 6 0
> VAMPIRE 2 9 13 1 4 6 0
> VAMPIRE 4 9 13 3 5 6 0
> POWERUP GRENADE -3 17 16
> POWERUP GRENADE -3 3 4
< RES 1637099853 346 4
< MOVE R R
> REQ 1637099853 347 4
> VAMPIRE 1 9 15 1 4 6 0
> VAMPIRE 3 9 15 1 4 6 0
> VAMPIRE 2 9 15 1 4 6 0
> VAMPIRE 4 9 15 3 5 6 0
> POWERUP GRENADE -2 17 16
> POWERUP GRENADE -2 3 4
< RES 1637099853 347 4
< MOVE D D
> REQ 1637099853 348 4
> VAMPIRE 1 11 15 1 4 6 0
> VAMPIRE 3 11 15 1 4 6 0
> VAMPIRE 2 11 15 1 4 6 0
> VAMPIRE 4 11 15 3 5 6 0
> POWERUP GRENADE -1 17 16
> POWERUP GRENADE -1 3 4
< RES 1637099853 348 4
< MOVE D D
> REQ 1637099853 349 4
> VAMPIRE 1 13 15 1 4 6 0
> VAMPIRE 3 13 15 1 4 6 0
> VAMPIRE 2 13 15 1 4 6 0
> VAMPIRE 4 13 15 3 5 6 0
> POWERUP GRENADE 13 17 16
> POWERUP GRENADE 13 3 4
< RES 1637099853 349 4
< MOVE D D
> REQ 1637099853 350 4
> VAMPIRE 1 15 15 1 4 6 0
> VAMPIRE 3 15 15 1 4 6 0
> VAMPIRE 2 15 15 1 4 6 0
> VAMPIRE 4 15 15 3 5 6 0
> POWERUP GRENADE 12 17 16
> POWERUP GRENADE 12 3 4
< RES 1637099853 350 4
< MOVE D D
> REQ 1637099853 351 4
> VAMPIRE 1 17 15 1 4 6 0
> VAMPIRE 3 17 15 1 4 6 0
> VAMPIRE 2 17 15 1 4 6 0
> VAMPIRE 4 17 15 3 5 6 0
> POWERUP GRENADE 11 17 16
> POWERUP GRENADE 11 3 4
< RES 1637099853 351 4
< GRENADE
< MOVE R R
> REQ 1637099853 352 4
> VAMPIRE 1 17 16 1 4 6 0
> VAMPIRE 3 17 16 1 4 6 0
> VAMPIRE 2 17 16 1 4 6 0
> VAMPIRE 4 17 17 3 4 6 0
> GRENADE 4 17 15 5 6
> POWERUP GRENADE 10 17 16
> POWERUP GRENADE 10 3 4
< RES 1637099853 352 4
< GRENADE
< MOVE U U
> REQ 1637099853 353 4
> VAMPIRE 1 17 16 1 5 6 0
> VAMPIRE 3 17 16 1 5 6 0
> VAMPIRE 2 17 16 1 5 6 0
> VAMPIRE 4 15 17 3 3 6 0
> GRENADE 4 17 15 4 6
> GRENADE 4 17 17 5 6
> POWERUP GRENADE 9 3 4
< RES 1637099853 353 4
< MOVE R R
> REQ 1637099853 354 4
> VAMPIRE 1 17 16 1 5 6 0
> VAMPIRE 3 17 16 1 5 6 0
> VAMPIRE 2 17 16 1 5 6 0
> VAMPIRE 4 15 19 3 3 6 0
> GRENADE 4 17 15 3 6
> GRENADE 4 17 17 4 6
> POWERUP GRENADE 8 3 4
< RES 1637099853 354 4
> REQ 1637099853 355 4
> VAMPIRE 1 17 16 1 5 6 0
> VAMPIRE 3 17 16 1 5 6 0
> VAMPIRE 2 17 16 1 5 6 0
> VAMPIRE 4 15 19 3 3 6 0
> GRENADE 4 17 15 2 6
> GRENADE 4 17 17 3 6
> POWERUP GRENADE 7 3 4
< RES 1637099853 355 4
> REQ 1637099853 356 4
> VAMPIRE 1 17 16 1 5 6 0
> VAMPIRE 3 17 16 1 5 6 0
> VAMPIRE 2 17 16 1 5 6 0
> VAMPIRE 4 15 19 3 3 6 0
> GRENADE 4 17 15 1 6
> GRENADE 4 17 17 2 6
> POWERUP GRENADE 6 3 4
< RES 1637099853 356 4
< MOVE L L
> END 1524 Survivor
