> MESSAGE OK
> LEVEL 10
> GAMEID 1637330602
> TEST 1
> MAXTICK 800
> GRENADERADIUS 3
> SIZE 15
> REQ 1637330602 0 2
> VAMPIRE 1 1 1 3 1 3 0
> VAMPIRE 2 13 1 3 1 3 0
> VAMPIRE 3 13 13 3 1 3 0
> VAMPIRE 4 1 13 3 1 3 0
> BAT1 8 1 9 1 10 1 11 1 1 3 7 3 1 4 1 5 6 5 8 5 1 6 5 6 9 6 3 7 11 7 5 8 9 8 13 8 6 9 8 9 13 9 13 10 7 11 13 11 3 13 4 13 5 13 6 13
> BAT2 3 1 4 1 5 1 6 1 8 3 9 3 13 3 13 4 3 5 7 5 13 5 3 6 13 6 5 7 9 7 1 8 11 8 1 9 7 9 11 9 1 10 1 11 5 11 6 11 8 13 9 13 10 13 11 13
> BAT3 7 1 5 3 6 3 11 5 11 6 1 7 7 7 13 7 3 8 3 9 8 11 9 11 7 13
< RES 1637330602 0 2
< GRENADE
> REQ 1637330602 1 2
> VAMPIRE 1 1 1 3 0 3 0
> VAMPIRE 2 13 1 3 0 3 0
> VAMPIRE 3 13 13 3 1 3 0
> VAMPIRE 4 1 13 3 1 3 0
> GRENADE 1 1 1 5 3
> GRENADE 2 13 1 5 3
> BAT1 8 1 9 1 10 1 11 1 1 3 7 3 1 4 1 5 6 5 8 5 1 6 5 6 9 6 3 7 11 7 5 8 9 8 13 8 6 9 8 9 13 9 13 10 7 11 13 11 3 13 4 13 5 13 6 13
> BAT2 3 1 4 1 5 1 6 1 8 3 9 3 13 3 13 4 3 5 7 5 13 5 3 6 13 6 5 7 9 7 1 8 11 8 1 9 7 9 11 9 1 10 1 11 5 11 6 11 8 13 9 13 10 13 11 13
> BAT3 7 1 5 3 6 3 11 5 11 6 1 7 7 7 13 7 3 8 3 9 8 11 9 11 7 13
< RES 1637330602 1 2
> REQ 1637330602 2 2
> VAMPIRE 1 1 1 3 0 3 0
> VAMPIRE 2 13 1 3 0 3 0
> VAMPIRE 3 13 13 3 1 3 0
> VAMPIRE 4 1 13 3 1 3 0
> GRENADE 1 1 1 4 3
> GRENADE 2 13 1 4 3
> BAT1 8 1 9 1 10 1 11 1 1 3 7 3 1 4 1 5 6 5 8 5 1 6 5 6 9 6 3 7 11 7 5 8 9 8 13 8 6 9 8 9 13 9 13 10 7 11 13 11 3 13 4 13 5 13 6 13
> BAT2 3 1 4 1 5 1 6 1 8 3 9 3 13 3 13 4 3 5 7 5 13 5 3 6 13 6 5 7 9 7 1 8 11 8 1 9 7 9 11 9 1 10 1 11 5 11 6 11 8 13 9 13 10 13 11 13
> BAT3 7 1 5 3 6 3 11 5 11 6 1 7 7 7 13 7 3 8 3 9 8 11 9 11 7 13
< RES 1637330602 2 2
> REQ 1637330602 3 2
> VAMPIRE 1 1 1 3 0 3 0
> VAMPIRE 2 13 1 3 0 3 0
> VAMPIRE 3 13 13 3 1 3 0
> VAMPIRE 4 1 13 3 1 3 0
> GRENADE 1 1 1 3 3
> GRENADE 2 13 1 3 3
> BAT1 8 1 9 1 10 1 11 1 1 3 7 3 1 4 1 5 6 5 8 5 1 6 5 6 9 6 3 7 11 7 5 8 9 8 13 8 6 9 8 9 13 9 13 10 7 11 13 11 3 13 4 13 5 13 6 13
> BAT2 3 1 4 1 5 1 6 1 8 3 9 3 13 3 13 4 3 5 7 5 13 5 3 6 13 6 5 7 9 7 1 8 11 8 1 9 7 9 11 9 1 10 1 11 5 11 6 11 8 13 9 13 10 13 11 13
> BAT3 7 1 5 3 6 3 11 5 11 6 1 7 7 7 13 7 3 8 3 9 8 11 9 11 7 13
< RES 1637330602 3 2
< THROW XU 1
< MOVE R
> REQ 1637330602 4 2
> VAMPIRE 1 2 1 3 0 3 0
> VAMPIRE 2 13 2 3 0 3 0
> VAMPIRE 3 13 13 3 1 3 0
> VAMPIRE 4 1 13 3 1 3 0
> GRENADE 1 1 2 2 3
> GRENADE 2 12 1 2 3
> BAT1 8 1 9 1 10 1 11 1 1 3 7 3 1 4 1 5 6 5 8 5 1 6 5 6 9 6 3 7 11 7 5 8 9 8 13 8 6 9 8 9 13 9 13 10 7 11 13 11 3 13 4 13 5 13 6 13
> BAT2 3 1 4 1 5 1 6 1 8 3 9 3 13 3 13 4 3 5 7 5 13 5 3 6 13 6 5 7 9 7 1 8 11 8 1 9 7 9 11 9 1 10 1 11 5 11 6 11 8 13 9 13 10 13 11 13
> BAT3 7 1 5 3 6 3 11 5 11 6 1 7 7 7 13 7 3 8 3 9 8 11 9 11 7 13
< RES 1637330602 4 2
> REQ 1637330602 5 2
> VAMPIRE 1 2 1 3 0 3 0
> VAMPIRE 2 13 2 3 0 3 0
> VAMPIRE 3 13 13 3 1 3 0
> VAMPIRE 4 1 13 3 1 3 0
> GRENADE 1 1 2 1 3
> GRENADE 2 12 1 1 3
> BAT1 8 1 9 1 10 1 11 1 1 3 7 3 1 4 1 5 6 5 8 5 1 6 5 6 9 6 3 7 11 7 5 8 9 8 13 8 6 9 8 9 13 9 13 10 7 11 13 11 3 13 4 13 5 13 6 13
> BAT2 3 1 4 1 5 1 6 1 8 3 9 3 13 3 13 4 3 5 7 5 13 5 3 6 13 6 5 7 9 7 1 8 11 8 1 9 7 9 11 9 1 10 1 11 5 11 6 11 8 13 9 13 10 13 11 13
> BAT3 7 1 5 3 6 3 11 5 11 6 1 7 7 7 13 7 3 8 3 9 8 11 9 11 7 13
< RES 1637330602 5 2
< MOVE L
> REQ 1637330602 6 2
> VAMPIRE 1 1 1 3 1 3 0
> VAMPIRE 2 13 1 3 1 3 0
> VAMPIRE 3 13 13 3 1 3 0
> VAMPIRE 4 1 13 3 1 3 0
> BAT1 8 1 9 1 10 1 7 3 1 4 1 5 6 5 8 5 1 6 5 6 9 6 3 7 11 7 5 8 9 8 13 8 6 9 8 9 13 9 13 10 7 11 13 11 3 13 4 13 5 13 6 13
> BAT2 3 1 4 1 5 1 6 1 8 3 9 3 13 3 13 4 3 5 7 5 13 5 3 6 13 6 5 7 9 7 1 8 11 8 1 9 7 9 11 9 1 10 1 11 5 11 6 11 8 13 9 13 10 13 11 13
> BAT3 7 1 5 3 6 3 11 5 11 6 1 7 7 7 13 7 3 8 3 9 8 11 9 11 7 13
< RES 1637330602 6 2
< MOVE U U
> REQ 1637330602 7 2
> VAMPIRE 1 1 3 3 1 3 0
> VAMPIRE 2 11 1 3 1 3 0
> VAMPIRE 3 13 13 3 1 3 0
> VAMPIRE 4 1 13 3 1 3 0
> BAT1 8 1 9 1 10 1 7 3 1 4 1 5 6 5 8 5 1 6 5 6 9 6 3 7 11 7 5 8 9 8 13 8 6 9 8 9 13 9 13 10 7 11 13 11 3 13 4 13 5 13 6 13
> BAT2 3 1 4 1 5 1 6 1 8 3 9 3 13 3 13 4 3 5 7 5 13 5 3 6 13 6 5 7 9 7 1 8 11 8 1 9 7 9 11 9 1 10 1 11 5 11 6 11 8 13 9 13 10 13 11 13
> BAT3 7 1 5 3 6 3 11 5 11 6 1 7 7 7 13 7 3 8 3 9 8 11 9 11 7 13
< RES 1637330602 7 2
< MOVE R R
> REQ 1637330602 8 2
> VAMPIRE 1 3 3 3 1 3 0
> VAMPIRE 2 11 3 3 1 3 0
> VAMPIRE 3 13 13 3 1 3 0
> VAMPIRE 4 1 13 3 1 3 0
> BAT1 8 1 9 1 10 1 7 3 1 4 1 5 6 5 8 5 1 6 5 6 9 6 3 7 11 7 5 8 9 8 13 8 6 9 8 9 13 9 13 10 7 11 13 11 3 13 4 13 5 13 6 13
> BAT2 3 1 4 1 5 1 6 1 8 3 9 3 13 3 13 4 3 5 7 5 13 5 3 6 13 6 5 7 9 7 1 8 11 8 1 9 7 9 11 9 1 10 1 11 5 11 6 11 8 13 9 13 10 13 11 13
> BAT3 7 1 5 3 6 3 11 5 11 6 1 7 7 7 13 7 3 8 3 9 8 11 9 11 7 13
< RES 1637330602 8 2
< GRENADE
< MOVE L L
> REQ 1637330602 9 2
> VAMPIRE 1 1 3 3 0 3 0
> VAMPIRE 2 11 1 3 0 3 0
> VAMPIRE 3 13 13 3 1 3 0
> VAMPIRE 4 1 13 3 1 3 0
> GRENADE 1 3 3 5 3
> GRENADE 2 11 3 5 3
> BAT1 8 1 9 1 10 1 7 3 1 4 1 5 6 5 8 5 1 6 5 6 9 6 3 7 11 7 5 8 9 8 13 8 6 9 8 9 13 9 13 10 7 11 13 11 3 13 4 13 5 13 6 13
> BAT2 3 1 4 1 5 1 6 1 8 3 9 3 13 3 13 4 3 5 7 5 13 5 3 6 13 6 5 7 9 7 1 8 11 8 1 9 7 9 11 9 1 10 1 11 5 11 6 11 8 13 9 13 10 13 11 13
> BAT3 7 1 5 3 6 3 11 5 11 6 1 7 7 7 13 7 3 8 3 9 8 11 9 11 7 13
< RES 1637330602 9 2
< MOVE D
> REQ 1637330602 10 2
> VAMPIRE 1 1 2 3 0 3 0
> VAMPIRE 2 12 1 3 0 3 0
> VAMPIRE 3 13 13 3 1 3 0
> VAMPIRE 4 1 13 3 1 3 0
> GRENADE 1 3 3 4 3
> GRENADE 2 11 3 4 3
> BAT1 8 1 9 1 10 1 7 3 1 4 1 5 6 5 8 5 1 6 5 6 9 6 3 7 11 7 5 8 9 8 13 8 6 9 8 9 13 9 13 10 7 11 13 11 3 13 4 13 5 13 6 13
> BAT2 3 1 4 1 5 1 6 1 8 3 9 3 13 3 13 4 3 5 7 5 13 5 3 6 13 6 5 7 9 7 1 8 11 8 1 9 7 9 11 9 1 10 1 11 5 11 6 11 8 13 9 13 10 13 11 13
> BAT3 7 1 5 3 6 3 11 5 11 6 1 7 7 7 13 7 3 8 3 9 8 11 9 11 7 13
< RES 1637330602 10 2
> REQ 1637330602 11 2
> VAMPIRE 1 1 2 3 0 3 0
> VAMPIRE 2 12 1 3 0 3 0
> VAMPIRE 3 13 13 3 1 3 0
> VAMPIRE 4 1 13 3 1 3 0
> GRENADE 1 3 3 3 3
> GRENADE 2 11 3 3 3
> BAT1 8 1 9 1 10 1 7 3 1 4 1 5 6 5 8 5 1 6 5 6 9 6 3 7 11 7 5 8 9 8 13 8 6 9 8 9 13 9 13 10 7 11 13 11 3 13 4 13 5 13 6 13
> BAT2 3 1 4 1 5 1 6 1 8 3 9 3 13 3 13 4 3 5 7 5 13 5 3 6 13 6 5 7 9 7 1 8 11 8 1 9 7 9 11 9 1 10 1 11 5 11 6 11 8 13 9 13 10 13 11 13
> BAT3 7 1 5 3 6 3 11 5 11 6 1 7 7 7 13 7 3 8 3 9 8 11 9 11 7 13
< RES 1637330602 11 2
> REQ 1637330602 12 2
> VAMPIRE 1 1 2 3 0 3 0
> VAMPIRE 2 12 1 3 0 3 0
> VAMPIRE 3 13 13 3 1 3 0
> VAMPIRE 4 1 13 3 1 3 0
> GRENADE 1 3 3 2 3
> GRENADE 2 11 3 2 3
> BAT1 8 1 9 1 10 1 7 3 1 4 1 5 6 5 8 5 1 6 5 6 9 6 3 7 11 7 5 8 9 8 13 8 6 9 8 9 13 9 13 10 7 11 13 11 3 13 4 13 5 13 6 13
> BAT2 3 1 4 1 5 1 6 1 8 3 9 3 13 3 13 4 3 5 7 5 13 5 3 6 13 6 5 7 9 7 1 8 11 8 1 9 7 9 11 9 1 10 1 11 5 11 6 11 8 13 9 13 10 13 11 13
> BAT3 7 1 5 3 6 3 11 5 11 6 1 7 7 7 13 7 3 8 3 9 8 11 9 11 7 13
< RES 1637330602 12 2
> REQ 1637330602 13 2
> VAMPIRE 1 1 2 3 0 3 0
> VAMPIRE 2 12 1 3 0 3 0
> VAMPIRE 3 13 13 3 1 3 0
> VAMPIRE 4 1 13 3 1 3 0
> GRENADE 1 3 3 1 3
> GRENADE 2 11 3 1 3
> BAT1 8 1 9 1 10 1 7 3 1 4 1 5 6 5 8 5 1 6 5 6 9 6 3 7 11 7 5 8 9 8 13 8 6 9 8 9 13 9 13 10 7 11 13 11 3 13 4 13 5 13 6 13
> BAT2 3 1 4 1 5 1 6 1 8 3 9 3 13 3 13 4 3 5 7 5 13 5 3 6 13 6 5 7 9 7 1 8 11 8 1 9 7 9 11 9 1 10 1 11 5 11 6 11 8 13 9 13 10 13 11 13
> BAT3 7 1 5 3 6 3 11 5 11 6 1 7 7 7 13 7 3 8 3 9 8 11 9 11 7 13
< RES 1637330602 13 2
< MOVE U R
> REQ 1637330602 14 2
> VAMPIRE 1 2 3 3 1 3 0
> VAMPIRE 2 11 2 3 1 3 0
> VAMPIRE 3 13 13 3 1 3 0
> VAMPIRE 4 1 13 3 1 3 0
> BAT1 8 1 9 1 10 1 7 3 1 4 1 5 6 5 8 5 1 6 5 6 9 6 3 7 11 7 5 8 9 8 13 8 6 9 8 9 13 9 13 10 7 11 13 11 3 13 4 13 5 13 6 13 3 1 9 3 13 3 3 5
> BAT2 4 1 5 1 6 1 8 3 13 4 7 5 13 5 3 6 13 6 5 7 9 7 1 8 11 8 1 9 7 9 11 9 1 10 1 11 5 11 6 11 8 13 9 13 10 13 11 13 5 3 11 5
> BAT3 7 1 6 3 11 6 1 7 7 7 13 7 3 8 3 9 8 11 9 11 7 13
< RES 1637330602 14 2
< MOVE R U
> REQ 1637330602 15 2
> VAMPIRE 1 3 3 3 1 3 0
> VAMPIRE 2 10 3 3 1 3 0
> VAMPIRE 3 13 13 3 1 3 0
> VAMPIRE 4 1 13 3 1 3 0
> BAT1 8 1 9 1 10 1 7 3 1 4 1 5 6 5 8 5 1 6 5 6 9 6 3 7 11 7 5 8 9 8 13 8 6 9 8 9 13 9 13 10 7 11 13 11 3 13 4 13 5 13 6 13 3 1 9 3 13 3 3 5
> BAT2 4 1 5 1 6 1 8 3 13 4 7 5 13 5 3 6 13 6 5 7 9 7 1 8 11 8 1 9 7 9 11 9 1 10 1 11 5 11 6 11 8 13 9 13 10 13 11 13 5 3 11 5
> BAT3 7 1 6 3 11 6 1 7 7 7 13 7 3 8 3 9 8 11 9 11 7 13
< RES 1637330602 15 2
< GRENADE
< MOVE D L
> REQ 1637330602 16 2
> VAMPIRE 1 1 3 3 0 3 0
> VAMPIRE 2 11 2 3 0 3 0
> VAMPIRE 3 13 13 3 1 3 0
> VAMPIRE 4 1 13 3 1 3 0
> GRENADE 1 3 3 5 3
> GRENADE 2 10 3 5 3
> BAT1 8 1 9 1 10 1 7 3 1 4 1 5 6 5 8 5 1 6 5 6 9 6 3 7 11 7 5 8 9 8 13 8 6 9 8 9 13 9 13 10 7 11 13 11 3 13 4 13 5 13 6 13 3 1 9 3 13 3 3 5
> BAT2 4 1 5 1 6 1 8 3 13 4 7 5 13 5 3 6 13 6 5 7 9 7 1 8 11 8 1 9 7 9 11 9 1 10 1 11 5 11 6 11 8 13 9 13 10 13 11 13 5 3 11 5
> BAT3 7 1 6 3 11 6 1 7 7 7 13 7 3 8 3 9 8 11 9 11 7 13
< RES 1637330602 16 2
< MOVE L
> REQ 1637330602 17 2
> VAMPIRE 1 1 2 3 0 3 0
> VAMPIRE 2 11 1 3 0 3 0
> VAMPIRE 3 13 13 3 1 3 0
> VAMPIRE 4 1 13 3 1 3 0
> GRENADE 1 3 3 4 3
> GRENADE 2 10 3 4 3
> BAT1 8 1 9 1 10 1 7 3 1 4 1 5 6 5 8 5 1 6 5 6 9 6 3 7 11 7 5 8 9 8 13 8 6 9 8 9 13 9 13 10 7 11 13 11 3 13 4 13 5 13 6 13 3 1 9 3 13 3 3 5
> BAT2 4 1 5 1 6 1 8 3 13 4 7 5 13 5 3 6 13 6 5 7 9 7 1 8 11 8 1 9 7 9 11 9 1 10 1 11 5 11 6 11 8 13 9 13 10 13 11 13 5 3 11 5
> BAT3 7 1 6 3 11 6 1 7 7 7 13 7 3 8 3 9 8 11 9 11 7 13
< RES 1637330602 17 2
> REQ 1637330602 18 2
> VAMPIRE 1 1 2 3 0 3 0
> VAMPIRE 2 11 1 3 0 3 0
> VAMPIRE 3 13 13 3 1 3 0
> VAMPIRE 4 1 13 3 1 3 0
> GRENADE 1 3 3 3 3
> GRENADE 2 10 3 3 3
> BAT1 8 1 9 1 10 1 7 3 1 4 1 5 6 5 8 5 1 6 5 6 9 6 3 7 11 7 5 8 9 8 13 8 6 9 8 9 13 9 13 10 7 11 13 11 3 13 4 13 5 13 6 13 3 1 9 3 13 3 3 5
> BAT2 4 1 5 1 6 1 8 3 13 4 7 5 13 5 3 6 13 6 5 7 9 7 1 8 11 8 1 9 7 9 11 9 1 10 1 11 5 11 6 11 8 13 9 13 10 13 11 13 5 3 11 5
> BAT3 7 1 6 3 11 6 1 7 7 7 13 7 3 8 3 9 8 11 9 11 7 13
< RES 1637330602 18 2
> REQ 1637330602 19 2
> VAMPIRE 1 1 2 3 0 3 0
> VAMPIRE 2 11 1 3 0 3 0
> VAMPIRE 3 13 13 3 1 3 0
> VAMPIRE 4 1 13 3 1 3 0
> GRENADE 1 3 3 2 3
> GRENADE 2 10 3 2 3
> BAT1 8 1 9 1 10 1 7 3 1 4 1 5 6 5 8 5 1 6 5 6 9 6 3 7 11 7 5 8 9 8 13 8 6 9 8 9 13 9 13 10 7 11 13 11 3 13 4 13 5 13 6 13 3 1 9 3 13 3 3 5
> BAT2 4 1 5 1 6 1 8 3 13 4 7 5 13 5 3 6 13 6 5 7 9 7 1 8 11 8 1 9 7 9 11 9 1 10 1 11 5 11 6 11 8 13 9 13 10 13 11 13 5 3 11 5
> BAT3 7 1 6 3 11 6 1 7 7 7 13 7 3 8 3 9 8 11 9 11 7 13
< RES 1637330602 19 2
> REQ 1637330602 20 2
> VAMPIRE 1 1 2 3 0 3 0
> VAMPIRE 2 11 1 3 0 3 0
> VAMPIRE 3 13 13 3 1 3 0
> VAMPIRE 4 1 13 3 1 3 0
> GRENADE 1 3 3 1 3
> GRENADE 2 10 3 1 3
> BAT1 8 1 9 1 10 1 7 3 1 4 1 5 6 5 8 5 1 6 5 6 9 6 3 7 11 7 5 8 9 8 13 8 6 9 8 9 13 9 13 10 7 11 13 11 3 13 4 13 5 13 6 13 3 1 9 3 13 3 3 5
> BAT2 4 1 5 1 6 1 8 3 13 4 7 5 13 5 3 6 13 6 5 7 9 7 1 8 11 8 1 9 7 9 11 9 1 10 1 11 5 11 6 11 8 13 9 13 10 13 11 13 5 3 11 5
> BAT3 7 1 6 3 11 6 1 7 7 7 13 7 3 8 3 9 8 11 9 11 7 13
< RES 1637330602 20 2
< MOVE R R
> REQ 1637330602 21 2
> VAMPIRE 1 1 3 3 1 3 0
> VAMPIRE 2 11 3 3 1 3 0
> VAMPIRE 3 13 13 3 1 3 0
> VAMPIRE 4 1 13 3 1 3 0
> BAT1 8 1 9 1 10 1 7 3 1 4 1 5 6 5 8 5 1 6 5 6 9 6 3 7 11 7 5 8 9 8 13 8 6 9 8 9 13 9 13 10 7 11 13 11 3 13 4 13 5 13 6 13 5 3
> BAT2 4 1 5 1 6 1 8 3 13 4 7 5 13 5 3 6 13 6 5 7 9 7 1 8 11 8 1 9 7 9 11 9 1 10 1 11 5 11 6 11 8 13 9 13 10 13 11 13 11 5
> BAT3 7 1 6 3 11 6 1 7 7 7 13 7 3 8 3 9 8 11 9 11 7 13
< RES 1637330602 21 2
< GRENADE
> REQ 1637330602 22 2
> VAMPIRE 1 3 3 3 1 3 0
> VAMPIRE 2 11 3 3 0 3 0
> VAMPIRE 3 13 13 3 1 3 0
> VAMPIRE 4 1 13 3 1 3 0
> GRENADE 2 11 3 5 3
> BAT1 8 1 9 1 10 1 7 3 1 4 1 5 6 5 8 5 1 6 5 6 9 6 3 7 11 7 5 8 9 8 13 8 6 9 8 9 13 9 13 10 7 11 13 11 3 13 4 13 5 13 6 13 5 3
> BAT2 4 1 5 1 6 1 8 3 13 4 7 5 13 5 3 6 13 6 5 7 9 7 1 8 11 8 1 9 7 9 11 9 1 10 1 11 5 11 6 11 8 13 9 13 10 13 11 13 11 5
> BAT3 7 1 6 3 11 6 1 7 7 7 13 7 3 8 3 9 8 11 9 11 7 13
< RES 1637330602 22 2
< THROW XU 2
< MOVE L L
> REQ 1637330602 23 2
> VAMPIRE 1 3 3 3 0 3 0
> VAMPIRE 2 11 1 3 0 3 0
> VAMPIRE 3 13 13 3 1 3 0
> VAMPIRE 4 1 13 3 1 3 0
> GRENADE 2 9 3 4 3
> GRENADE 1 3 3 5 3
> BAT1 8 1 9 1 10 1 7 3 1 4 1 5 6 5 8 5 1 6 5 6 9 6 3 7 11 7 5 8 9 8 13 8 6 9 8 9 13 9 13 10 7 11 13 11 3 13 4 13 5 13 6 13 5 3
> BAT2 4 1 5 1 6 1 8 3 13 4 7 5 13 5 3 6 13 6 5 7 9 7 1 8 11 8 1 9 7 9 11 9 1 10 1 11 5 11 6 11 8 13 9 13 10 13 11 13 11 5
> BAT3 7 1 6 3 11 6 1 7 7 7 13 7 3 8 3 9 8 11 9 11 7 13
< RES 1637330602 23 2
> REQ 1637330602 24 2
> VAMPIRE 1 1 3 3 0 3 0
> VAMPIRE 2 11 1 3 0 3 0
> VAMPIRE 3 13 13 3 1 3 0
> VAMPIRE 4 1 13 3 1 3 0
> GRENADE 2 9 3 3 3
> GRENADE 1 3 5 4 3
> BAT1 8 1 9 1 10 1 7 3 1 4 1 5 6 5 8 5 1 6 5 6 9 6 3 7 11 7 5 8 9 8 13 8 6 9 8 9 13 9 13 10 7 11 13 11 3 13 4 13 5 13 6 13 5 3
> BAT2 4 1 5 1 6 1 8 3 13 4 7 5 13 5 3 6 13 6 5 7 9 7 1 8 11 8 1 9 7 9 11 9 1 10 1 11 5 11 6 11 8 13 9 13 10 13 11 13 11 5
> BAT3 7 1 6 3 11 6 1 7 7 7 13 7 3 8 3 9 8 11 9 11 7 13
< RES 1637330602 24 2
> REQ 1637330602 25 2
> VAMPIRE 1 1 3 3 0 3 0
> VAMPIRE 2 11 1 3 0 3 0
> VAMPIRE 3 13 13 3 1 3 0
> VAMPIRE 4 1 13 3 1 3 0
> GRENADE 2 9 3 2 3
> GRENADE 1 3 5 3 3
> BAT1 8 1 9 1 10 1 7 3 1 4 1 5 6 5 8 5 1 6 5 6 9 6 3 7 11 7 5 8 9 8 13 8 6 9 8 9 13 9 13 10 7 11 13 11 3 13 4 13 5 13 6 13 5 3
> BAT2 4 1 5 1 6 1 8 3 13 4 7 5 13 5 3 6 13 6 5 7 9 7 1 8 11 8 1 9 7 9 11 9 1 10 1 11 5 11 6 11 8 13 9 13 10 13 11 13 11 5
> BAT3 7 1 6 3 11 6 1 7 7 7 13 7 3 8 3 9 8 11 9 11 7 13
< RES 1637330602 25 2
> REQ 1637330602 26 2
> VAMPIRE 1 1 3 3 0 3 0
> VAMPIRE 2 11 1 3 0 3 0
> VAMPIRE 3 13 13 3 1 3 0
> VAMPIRE 4 1 13 3 1 3 0
> GRENADE 2 9 3 1 3
> GRENADE 1 3 5 2 3
> BAT1 8 1 9 1 10 1 7 3 1 4 1 5 6 5 8 5 1 6 5 6 9 6 3 7 11 7 5 8 9 8 13 8 6 9 8 9 13 9 13 10 7 11 13 11 3 13 4 13 5 13 6 13 5 3
> BAT2 4 1 5 1 6 1 8 3 13 4 7 5 13 5 3 6 13 6 5 7 9 7 1 8 11 8 1 9 7 9 11 9 1 10 1 11 5 11 6 11 8 13 9 13 10 13 11 13 11 5
> BAT3 7 1 6 3 11 6 1 7 7 7 13 7 3 8 3 9 8 11 9 11 7 13
< RES 1637330602 26 2
< MOVE R R
> REQ 1637330602 27 2
> VAMPIRE 1 1 3 3 0 3 0
> VAMPIRE 2 11 3 3 1 3 0
> VAMPIRE 3 13 13 3 1 3 0
> VAMPIRE 4 1 13 3 1 3 0
> GRENADE 1 3 5 1 3
> BAT1 8 1 10 1 7 3 1 4 1 5 6 5 8 5 1 6 5 6 3 7 11 7 5 8 9 8 13 8 6 9 8 9 13 9 13 10 7 11 13 11 3 13 4 13 5 13 6 13 8 3 5 3
> BAT2 4 1 5 1 6 1 13 4 7 5 13 5 3 6 13 6 5 7 9 7 1 8 11 8 1 9 7 9 11 9 1 10 1 11 5 11 6 11 8 13 9 13 10 13 11 13 11 5
> BAT3 7 1 6 3 11 6 1 7 7 7 13 7 3 8 3 9 8 11 9 11 7 13
< RES 1637330602 27 2
< GRENADE
< MOVE U U
> REQ 1637330602 28 2
> VAMPIRE 1 1 1 3 1 3 0
> VAMPIRE 2 9 3 3 0 3 0
> VAMPIRE 3 13 13 3 1 3 0
> VAMPIRE 4 1 13 3 1 3 0
> GRENADE 2 11 3 5 3
> BAT1 8 1 10 1 7 3 1 4 8 5 1 6 5 6 3 7 11 7 5 8 9 8 13 8 6 9 8 9 13 9 13 10 7 11 13 11 3 13 4 13 5 13 6 13 8 3 3 6 5 3
> BAT2 4 1 5 1 6 1 13 4 7 5 13 5 13 6 5 7 9 7 1 8 11 8 1 9 7 9 11 9 1 10 1 11 5 11 6 11 8 13 9 13 10 13 11 13 11 5
> BAT3 7 1 6 3 11 6 1 7 7 7 13 7 3 8 3 9 8 11 9 11 7 13
< RES 1637330602 28 2
< MOVE R R
> REQ 1637330602 29 2
> VAMPIRE 1 3 1 3 0 3 0
> VAMPIRE 2 9 5 3 0 3 0
> VAMPIRE 3 13 13 3 1 3 0
> VAMPIRE 4 1 13 3 1 3 0
> GRENADE 2 11 3 4 3
> GRENADE 1 1 1 5 3
> BAT1 8 1 10 1 7 3 1 4 8 5 1 6 5 6 3 7 11 7 5 8 9 8 13 8 6 9 8 9 13 9 13 10 7 11 13 11 3 13 4 13 5 13 6 13 8 3 3 6 5 3
> BAT2 4 1 5 1 6 1 13 4 7 5 13 5 13 6 5 7 9 7 1 8 11 8 1 9 7 9 11 9 1 10 1 11 5 11 6 11 8 13 9 13 10 13 11 13 11 5
> BAT3 7 1 6 3 11 6 1 7 7 7 13 7 3 8 3 9 8 11 9 11 7 13
< RES 1637330602 29 2
> REQ 1637330602 30 2
> VAMPIRE 1 3 3 3 0 3 0
> VAMPIRE 2 9 5 3 0 3 0
> VAMPIRE 3 13 13 3 1 3 0
> VAMPIRE 4 1 13 3 1 3 0
> GRENADE 2 11 3 3 3
> GRENADE 1 1 1 4 3
> BAT1 8 1 10 1 7 3 1 4 8 5 1 6 5 6 3 7 11 7 5 8 9 8 13 8 6 9 8 9 13 9 13 10 7 11 13 11 3 13 4 13 5 13 6 13 8 3 3 6 5 3
> BAT2 4 1 5 1 6 1 13 4 7 5 13 5 13 6 5 7 9 7 1 8 11 8 1 9 7 9 11 9 1 10 1 11 5 11 6 11 8 13 9 13 10 13 11 13 11 5
> BAT3 7 1 6 3 11 6 1 7 7 7 13 7 3 8 3 9 8 11 9 11 7 13
< RES 1637330602 30 2
> REQ 1637330602 31 2
> VAMPIRE 1 3 3 3 0 3 0
> VAMPIRE 2 9 5 3 0 3 0
> VAMPIRE 3 13 13 3 1 3 0
> VAMPIRE 4 1 13 3 1 3 0
> GRENADE 2 11 3 2 3
> GRENADE 1 1 1 3 3
> BAT1 8 1 10 1 7 3 1 4 8 5 1 6 5 6 3 7 11 7 5 8 9 8 13 8 6 9 8 9 13 9 13 10 7 11 13 11 3 13 4 13 5 13 6 13 8 3 3 6 5 3
> BAT2 4 1 5 1 6 1 13 4 7 5 13 5 13 6 5 7 9 7 1 8 11 8 1 9 7 9 11 9 1 10 1 11 5 11 6 11 8 13 9 13 10 13 11 13 11 5
> BAT3 7 1 6 3 11 6 1 7 7 7 13 7 3 8 3 9 8 11 9 11 7 13
< RES 1637330602 31 2
> REQ 1637330602 32 2
> VAMPIRE 1 3 3 3 0 3 0
> VAMPIRE 2 9 5 3 0 3 0
> VAMPIRE 3 13 13 3 1 3 0
> VAMPIRE 4 1 13 3 1 3 0
> GRENADE 2 11 3 1 3
> GRENADE 1 1 1 2 3
> BAT1 8 1 10 1 7 3 1 4 8 5 1 6 5 6 3 7 11 7 5 8 9 8 13 8 6 9 8 9 13 9 13 10 7 11 13 11 3 13 4 13 5 13 6 13 8 3 3 6 5 3
> BAT2 4 1 5 1 6 1 13 4 7 5 13 5 13 6 5 7 9 7 1 8 11 8 1 9 7 9 11 9 1 10 1 11 5 11 6 11 8 13 9 13 10 13 11 13 11 5
> BAT3 7 1 6 3 11 6 1 7 7 7 13 7 3 8 3 9 8 11 9 11 7 13
< RES 1637330602 32 2
> REQ 1637330602 33 2
> VAMPIRE 1 3 5 3 0 3 0
> VAMPIRE 2 9 5 3 1 3 0
> VAMPIRE 3 13 13 3 1 3 0
> VAMPIRE 4 1 13 3 1 3 0
> GRENADE 1 1 1 1 3
> BAT1 8 1 10 1 7 3 1 4 8 5 1 6 5 6 3 7 11 7 5 8 9 8 13 8 6 9 8 9 13 9 13 10 7 11 13 11 3 13 4 13 5 13 6 13 3 6 5 3 11 5
> BAT2 4 1 5 1 6 1 13 4 7 5 13 5 13 6 5 7 9 7 1 8 11 8 1 9 7 9 11 9 1 10 1 11 5 11 6 11 8 13 9 13 10 13 11 13
> BAT3 7 1 6 3 11 6 1 7 7 7 13 7 3 8 3 9 8 11 9 11 7 13
< RES 1637330602 33 2
< GRENADE
> REQ 1637330602 34 2
> VAMPIRE 1 5 5 3 1 3 0
> VAMPIRE 2 9 5 3 0 3 0
> VAMPIRE 3 13 13 3 1 3 0
> VAMPIRE 4 1 13 3 1 3 0
> GRENADE 2 9 5 5 3
> BAT1 8 1 10 1 7 3 8 5 1 6 5 6 3 7 11 7 5 8 9 8 13 8 6 9 8 9 13 9 13 10 7 11 13 11 3 13 4 13 5 13 6 13 4 1 3 6 5 3 11 5
> BAT2 5 1 6 1 13 4 7 5 13 5 13 6 5 7 9 7 1 8 11 8 1 9 7 9 11 9 1 10 1 11 5 11 6 11 8 13 9 13 10 13 11 13
> BAT3 7 1 6 3 11 6 1 7 7 7 13 7 3 8 3 9 8 11 9 11 7 13
< RES 1637330602 34 2
< THROW XR 4
> REQ 1637330602 35 2
> VAMPIRE 1 3 5 3 0 3 0
> VAMPIRE 2 9 5 3 0 3 0
> VAMPIRE 3 13 13 3 1 3 0
> VAMPIRE 4 1 13 3 1 3 0
> GRENADE 2 9 9 4 3
> GRENADE 1 5 5 5 3
> BAT1 8 1 10 1 7 3 8 5 1 6 5 6 3 7 11 7 5 8 9 8 13 8 6 9 8 9 13 9 13 10 7 11 13 11 3 13 4 13 5 13 6 13 4 1 3 6 5 3 11 5
> BAT2 5 1 6 1 13 4 7 5 13 5 13 6 5 7 9 7 1 8 11 8 1 9 7 9 11 9 1 10 1 11 5 11 6 11 8 13 9 13 10 13 11 13
> BAT3 7 1 6 3 11 6 1 7 7 7 13 7 3 8 3 9 8 11 9 11 7 13
< RES 1637330602 35 2
< MOVE L L
> REQ 1637330602 36 2
> VAMPIRE 1 3 3 3 0 3 0
> VAMPIRE 2 9 3 3 0 3 0
> VAMPIRE 3 13 13 3 1 3 0
> VAMPIRE 4 1 13 3 1 3 0
> GRENADE 2 9 9 3 3
> GRENADE 1 5 5 4 3
> BAT1 8 1 10 1 7 3 8 5 1 6 5 6 3 7 11 7 5 8 9 8 13 8 6 9 8 9 13 9 13 10 7 11 13 11 3 13 4 13 5 13 6 13 4 1 3 6 5 3 11 5
> BAT2 5 1 6 1 13 4 7 5 13 5 13 6 5 7 9 7 1 8 11 8 1 9 7 9 11 9 1 10 1 11 5 11 6 11 8 13 9 13 10 13 11 13
> BAT3 7 1 6 3 11 6 1 7 7 7 13 7 3 8 3 9 8 11 9 11 7 13
< RES 1637330602 36 2
> REQ 1637330602 37 2
> VAMPIRE 1 3 3 3 0 3 0
> VAMPIRE 2 9 3 3 0 3 0
> VAMPIRE 3 13 13 3 1 3 0
> VAMPIRE 4 1 13 3 1 3 0
> GRENADE 2 9 9 2 3
> GRENADE 1 5 5 3 3
> BAT1 8 1 10 1 7 3 8 5 1 6 5 6 3 7 11 7 5 8 9 8 13 8 6 9 8 9 13 9 13 10 7 11 13 11 3 13 4 13 5 13 6 13 4 1 3 6 5 3 11 5
> BAT2 5 1 6 1 13 4 7 5 13 5 13 6 5 7 9 7 1 8 11 8 1 9 7 9 11 9 1 10 1 11 5 11 6 11 8 13 9 13 10 13 11 13
> BAT3 7 1 6 3 11 6 1 7 7 7 13 7 3 8 3 9 8 11 9 11 7 13
< RES 1637330602 37 2
< MOVE R R
> REQ 1637330602 38 2
> VAMPIRE 1 3 3 3 0 3 0
> VAMPIRE 2 9 5 3 0 3 0
> VAMPIRE 3 13 13 3 1 3 0
> VAMPIRE 4 1 13 3 1 3 0
> GRENADE 2 9 9 1 3
> GRENADE 1 5 5 2 3
> BAT1 8 1 10 1 7 3 8 5 1 6 5 6 3 7 11 7 5 8 9 8 13 8 6 9 8 9 13 9 13 10 7 11 13 11 3 13 4 13 5 13 6 13 4 1 3 6 5 3 11 5
> BAT2 5 1 6 1 13 4 7 5 13 5 13 6 5 7 9 7 1 8 11 8 1 9 7 9 11 9 1 10 1 11 5 11 6 11 8 13 9 13 10 13 11 13
> BAT3 7 1 6 3 11 6 1 7 7 7 13 7 3 8 3 9 8 11 9 11 7 13
< RES 1637330602 38 2
> REQ 1637330602 39 2
> VAMPIRE 1 3 3 3 0 3 0
> VAMPIRE 2 9 5 3 1 3 0
> VAMPIRE 3 13 13 3 1 3 0
> VAMPIRE 4 1 13 3 1 3 0
> GRENADE 1 5 5 1 3
> BAT1 8 1 10 1 7 3 8 5 1 6 5 6 3 7 11 7 5 8 13 8 6 9 13 9 13 10 7 11 13 11 3 13 4 13 5 13 6 13 4 1 3 6 11 9 5 3 11 5
> BAT2 5 1 6 1 13 4 7 5 13 5 13 6 5 7 9 7 1 8 11 8 1 9 7 9 1 10 1 11 5 11 6 11 8 13 9 13 10 13 11 13 9 11
> BAT3 7 1 6 3 11 6 1 7 7 7 13 7 3 8 3 9 8 11 7 13
< RES 1637330602 39 2
< GRENADE
> REQ 1637330602 40 2
> VAMPIRE 1 3 3 3 1 3 0
> VAMPIRE 2 9 5 3 0 3 0
> VAMPIRE 3 13 13 3 1 3 0
> VAMPIRE 4 1 13 3 1 3 0
> GRENADE 2 9 5 5 3
> BAT1 8 1 10 1 7 3 8 5 1 6 3 7 11 7 5 8 13 8 6 9 13 9 13 10 7 11 13 11 3 13 4 13 5 13 6 13 4 1 7 5 3 6 11 9 11 5
> BAT2 5 1 6 1 13 4 13 5 13 6 5 7 9 7 1 8 11 8 1 9 7 9 1 10 1 11 5 11 6 11 8 13 9 13 10 13 11 13 9 11
> BAT3 7 1 6 3 11 6 1 7 7 7 13 7 3 8 3 9 8 11 7 13
< RES 1637330602 40 2
< THROW XR 4
> REQ 1637330602 41 2
> VAMPIRE 1 3 3 3 0 3 0
> VAMPIRE 2 9 5 3 0 3 0
> VAMPIRE 3 13 13 3 1 3 0
> VAMPIRE 4 1 13 3 1 3 0
> GRENADE 2 9 9 4 3
> GRENADE 1 3 3 5 3
> BAT1 8 1 10 1 7 3 8 5 1 6 3 7 11 7 5 8 13 8 6 9 13 9 13 10 7 11 13 11 3 13 4 13 5 13 6 13 4 1 7 5 3 6 11 9 11 5
> BAT2 5 1 6 1 13 4 13 5 13 6 5 7 9 7 1 8 11 8 1 9 7 9 1 10 1 11 5 11 6 11 8 13 9 13 10 13 11 13 9 11
> BAT3 7 1 6 3 11 6 1 7 7 7 13 7 3 8 3 9 8 11 7 13
< RES 1637330602 41 2
< MOVE L L
> REQ 1637330602 42 2
> VAMPIRE 1 3 5 3 0 3 0
> VAMPIRE 2 9 3 3 0 3 0
> VAMPIRE 3 13 13 3 1 3 0
> VAMPIRE 4 1 13 3 1 3 0
> GRENADE 2 9 9 3 3
> GRENADE 1 5 3 4 3
> BAT1 8 1 10 1 7 3 8 5 1 6 3 7 11 7 5 8 13 8 6 9 13 9 13 10 7 11 13 11 3 13 4 13 5 13 6 13 4 1 7 5 3 6 11 9 11 5
> BAT2 5 1 6 1 13 4 13 5 13 6 5 7 9 7 1 8 11 8 1 9 7 9 1 10 1 11 5 11 6 11 8 13 9 13 10 13 11 13 9 11
> BAT3 7 1 6 3 11 6 1 7 7 7 13 7 3 8 3 9 8 11 7 13
< RES 1637330602 42 2
> REQ 1637330602 43 2
> VAMPIRE 1 3 5 3 0 3 0
> VAMPIRE 2 9 3 3 0 3 0
> VAMPIRE 3 13 13 3 1 3 0
> VAMPIRE 4 1 13 3 1 3 0
> GRENADE 2 9 9 2 3
> GRENADE 1 5 3 3 3
> BAT1 8 1 10 1 7 3 8 5 1 6 3 7 11 7 5 8 13 8 6 9 13 9 13 10 7 11 13 11 3 13 4 13 5 13 6 13 4 1 7 5 3 6 11 9 11 5
> BAT2 5 1 6 1 13 4 13 5 13 6 5 7 9 7 1 8 11 8 1 9 7 9 1 10 1 11 5 11 6 11 8 13 9 13 10 13 11 13 9 11
> BAT3 7 1 6 3 11 6 1 7 7 7 13 7 3 8 3 9 8 11 7 13
< RES 1637330602 43 2
< MOVE R R
> REQ 1637330602 44 2
> VAMPIRE 1 3 5 3 0 3 0
> VAMPIRE 2 9 5 3 0 3 0
> VAMPIRE 3 13 13 3 1 3 0
> VAMPIRE 4 1 13 3 1 3 0
> GRENADE 2 9 9 1 3
> GRENADE 1 5 3 2 3
> BAT1 8 1 10 1 7 3 8 5 1 6 3 7 11 7 5 8 13 8 6 9 13 9 13 10 7 11 13 11 3 13 4 13 5 13 6 13 4 1 7 5 3 6 11 9 11 5
> BAT2 5 1 6 1 13 4 13 5 13 6 5 7 9 7 1 8 11 8 1 9 7 9 1 10 1 11 5 11 6 11 8 13 9 13 10 13 11 13 9 11
> BAT3 7 1 6 3 11 6 1 7 7 7 13 7 3 8 3 9 8 11 7 13
< RES 1637330602 44 2
> REQ 1637330602 45 2
> VAMPIRE 1 3 5 3 0 3 0
> VAMPIRE 2 9 5 3 1 3 0
> VAMPIRE 3 13 13 3 1 3 0
> VAMPIRE 4 1 13 3 1 3 0
> GRENADE 1 5 3 1 3
> BAT1 8 1 10 1 7 3 8 5 1 6 3 7 11 7 5 8 13 8 6 9 13 9 13 10 7 11 13 11 3 13 4 13 5 13 6 13 4 1 7 5 3 6 9 7 7 9 11 5 9 11
> BAT2 5 1 6 1 13 4 13 5 13 6 5 7 1 8 11 8 1 9 1 10 1 11 5 11 6 11 8 13 9 13 10 13 11 13
> BAT3 7 1 6 3 11 6 1 7 7 7 13 7 3 8 3 9 8 11 7 13
< RES 1637330602 45 2
< GRENADE
< MOVE L L
> REQ 1637330602 46 2
> VAMPIRE 1 5 5 3 1 3 0
> VAMPIRE 2 9 3 3 0 3 0
> VAMPIRE 3 13 13 3 1 3 0
> VAMPIRE 4 1 13 3 1 3 0
> GRENADE 2 9 5 5 3
> BAT1 8 1 10 1 7 3 8 5 1 6 3 7 11 7 5 8 13 8 6 9 13 9 13 10 7 11 13 11 3 13 4 13 5 13 6 13 4 1 5 1 7 5 3 6 9 7 7 9 11 5 9 11
> BAT2 6 1 13 4 13 5 13 6 5 7 1 8 11 8 1 9 1 10 1 11 5 11 6 11 8 13 9 13 10 13 11 13 6 3
> BAT3 7 1 11 6 1 7 7 7 13 7 3 8 3 9 8 11 7 13
< RES 1637330602 46 2
< MOVE D D
> REQ 1637330602 47 2
> VAMPIRE 1 5 5 3 0 3 0
> VAMPIRE 2 11 3 3 0 3 0
> VAMPIRE 3 13 13 3 1 3 0
> VAMPIRE 4 1 13 3 1 3 0
> GRENADE 2 9 5 4 3
> GRENADE 1 5 5 5 3
> BAT1 8 1 10 1 7 3 8 5 1 6 3 7 11 7 5 8 13 8 6 9 13 9 13 10 7 11 13 11 3 13 4 13 5 13 6 13 4 1 5 1 7 5 3 6 9 7 7 9 11 5 9 11
> BAT2 6 1 13 4 13 5 13 6 5 7 1 8 11 8 1 9 1 10 1 11 5 11 6 11 8 13 9 13 10 13 11 13 6 3
> BAT3 7 1 11 6 1 7 7 7 13 7 3 8 3 9 8 11 7 13
< RES 1637330602 47 2
> REQ 1637330602 48 2
> VAMPIRE 1 5 5 3 0 3 0
> VAMPIRE 2 11 3 3 0 3 0
> VAMPIRE 3 13 13 3 1 3 0
> VAMPIRE 4 1 13 3 1 3 0
> GRENADE 2 9 5 3 3
> GRENADE 1 5 9 4 3
> BAT1 8 1 10 1 7 3 8 5 1 6 3 7 11 7 5 8 13 8 6 9 13 9 13 10 7 11 13 11 3 13 4 13 5 13 6 13 4 1 5 1 7 5 3 6 9 7 7 9 11 5 9 11
> BAT2 6 1 13 4 13 5 13 6 5 7 1 8 11 8 1 9 1 10 1 11 5 11 6 11 8 13 9 13 10 13 11 13 6 3
> BAT3 7 1 11 6 1 7 7 7 13 7 3 8 3 9 8 11 7 13
< RES 1637330602 48 2
< MOVE U U
> REQ 1637330602 49 2
> VAMPIRE 1 5 5 3 0 3 0
> VAMPIRE 2 9 3 3 0 3 0
> VAMPIRE 3 13 13 3 1 3 0
> VAMPIRE 4 1 13 3 1 3 0
> GRENADE 2 9 5 2 3
> GRENADE 1 5 9 3 3
> BAT1 8 1 10 1 7 3 8 5 1 6 3 7 11 7 5 8 13 8 6 9 13 9 13 10 7 11 13 11 3 13 4 13 5 13 6 13 4 1 5 1 7 5 3 6 9 7 7 9 11 5 9 11
> BAT2 6 1 13 4 13 5 13 6 5 7 1 8 11 8 1 9 1 10 1 11 5 11 6 11 8 13 9 13 10 13 11 13 6 3
> BAT3 7 1 11 6 1 7 7 7 13 7 3 8 3 9 8 11 7 13
< RES 1637330602 49 2
< MOVE D D
> REQ 1637330602 50 2
> VAMPIRE 1 5 5 3 0 3 0
> VAMPIRE 2 11 3 3 0 3 0
> VAMPIRE 3 13 13 3 1 3 0
> VAMPIRE 4 1 13 3 1 3 0
> GRENADE 2 9 5 1 3
> GRENADE 1 5 9 2 3
> BAT1 8 1 10 1 7 3 8 5 1 6 3 7 11 7 5 8 13 8 6 9 13 9 13 10 7 11 13 11 3 13 4 13 5 13 6 13 4 1 5 1 7 5 3 6 9 7 7 9 11 5 9 11
> BAT2 6 1 13 4 13 5 13 6 5 7 1 8 11 8 1 9 1 10 1 11 5 11 6 11 8 13 9 13 10 13 11 13 6 3
> BAT3 7 1 11 6 1 7 7 7 13 7 3 8 3 9 8 11 7 13
< RES 1637330602 50 2
< MOVE U U
> REQ 1637330602 51 2
> VAMPIRE 1 5 5 3 0 3 0
> VAMPIRE 2 9 3 3 1 3 0
> VAMPIRE 3 13 12 3 1 3 0
> VAMPIRE 4 1 13 3 1 3 0
> GRENADE 1 5 9 1 3
> BAT1 8 1 10 1 7 3 1 6 3 7 11 7 5 8 13 8 6 9 13 9 13 10 7 11 13 11 3 13 4 13 5 13 6 13 4 1 5 1 7 5 3 6 7 9 9 11
> BAT2 6 1 13 4 13 5 13 6 5 7 1 8 11 8 1 9 1 10 1 11 5 11 6 11 8 13 9 13 10 13 11 13 6 3
> BAT3 7 1 11 6 1 7 7 7 13 7 3 8 3 9 8 11 7 13
< RES 1637330602 51 2
< GRENADE
> REQ 1637330602 52 2
> VAMPIRE 1 5 5 3 1 3 0
> VAMPIRE 2 9 3 3 0 3 0
> VAMPIRE 3 12 13 3 0 3 0
> VAMPIRE 4 1 13 3 1 3 0
> GRENADE 2 9 3 5 3
> GRENADE 3 13 12 5 3
> BAT1 8 1 10 1 7 3 1 6 3 7 11 7 13 8 13 9 13 10 7 11 13 11 3 13 4 13 5 13 6 13 4 1 5 1 7 5 3 6 7 9 5 11 9 11
> BAT2 6 1 13 4 13 5 13 6 5 7 1 8 11 8 1 9 1 10 1 11 6 11 8 13 9 13 10 13 11 13 6 3 3 9
> BAT3 7 1 11 6 1 7 7 7 13 7 3 8 8 11 7 13
< RES 1637330602 52 2
< THROW XU 4
> REQ 1637330602 53 2
> VAMPIRE 1 5 5 3 0 3 0
> VAMPIRE 2 9 3 3 0 3 0
> VAMPIRE 3 12 13 3 0 3 0
> VAMPIRE 4 1 13 3 1 3 0
> GRENADE 2 5 3 4 3
> GRENADE 3 13 12 4 3
> GRENADE 1 5 5 5 3
> BAT1 8 1 10 1 7 3 1 6 3 7 11 7 13 8 13 9 13 10 7 11 13 11 3 13 4 13 5 13 6 13 4 1 5 1 7 5 3 6 7 9 5 11 9 11
> BAT2 6 1 13 4 13 5 13 6 5 7 1 8 11 8 1 9 1 10 1 11 6 11 8 13 9 13 10 13 11 13 6 3 3 9
> BAT3 7 1 11 6 1 7 7 7 13 7 3 8 8 11 7 13
< RES 1637330602 53 2
> REQ 1637330602 54 2
> VAMPIRE 1 3 5 3 0 3 0
> VAMPIRE 2 9 3 3 0 3 0
> VAMPIRE 3 12 13 3 0 3 0
> VAMPIRE 4 1 13 3 1 3 0
> GRENADE 2 5 3 3 3
> GRENADE 3 13 12 3 3
> GRENADE 1 5 9 4 3
> BAT1 8 1 10 1 7 3 1 6 3 7 11 7 13 8 13 9 13 10 7 11 13 11 3 13 4 13 5 13 6 13 4 1 5 1 7 5 3 6 7 9 5 11 9 11
> BAT2 6 1 13 4 13 5 13 6 5 7 1 8 11 8 1 9 1 10 1 11 6 11 8 13 9 13 10 13 11 13 6 3 3 9
> BAT3 7 1 11 6 1 7 7 7 13 7 3 8 8 11 7 13
< RES 1637330602 54 2
> REQ 1637330602 55 2
> VAMPIRE 1 3 5 3 0 3 0
> VAMPIRE 2 9 3 3 0 3 0
> VAMPIRE 3 12 13 3 0 3 0
> VAMPIRE 4 1 13 3 1 3 0
> GRENADE 2 5 3 2 3
> GRENADE 3 13 12 2 3
> GRENADE 1 5 9 3 3
> BAT1 8 1 10 1 7 3 1 6 3 7 11 7 13 8 13 9 13 10 7 11 13 11 3 13 4 13 5 13 6 13 4 1 5 1 7 5 3 6 7 9 5 11 9 11
> BAT2 6 1 13 4 13 5 13 6 5 7 1 8 11 8 1 9 1 10 1 11 6 11 8 13 9 13 10 13 11 13 6 3 3 9
> BAT3 7 1 11 6 1 7 7 7 13 7 3 8 8 11 7 13
< RES 1637330602 55 2
< MOVE L
> REQ 1637330602 56 2
> VAMPIRE 1 3 5 3 0 3 0
> VAMPIRE 2 9 2 3 0 3 0
> VAMPIRE 3 12 13 3 0 3 0
> VAMPIRE 4 1 13 3 1 3 0
> GRENADE 2 5 3 1 3
> GRENADE 3 13 12 1 3
> GRENADE 1 5 9 2 3
> BAT1 8 1 10 1 7 3 1 6 3 7 11 7 13 8 13 9 13 10 7 11 13 11 3 13 4 13 5 13 6 13 4 1 5 1 7 5 3 6 7 9 5 11 9 11
> BAT2 6 1 13 4 13 5 13 6 5 7 1 8 11 8 1 9 1 10 1 11 6 11 8 13 9 13 10 13 11 13 6 3 3 9
> BAT3 7 1 11 6 1 7 7 7 13 7 3 8 8 11 7 13
< RES 1637330602 56 2
< MOVE L
> REQ 1637330602 57 2
> VAMPIRE 1 5 5 3 0 3 0
> VAMPIRE 2 9 1 3 1 3 0
> VAMPIRE 3 13 13 3 1 3 0
> VAMPIRE 4 1 13 3 1 3 0
> GRENADE 1 5 9 1 3
> BAT1 8 1 10 1 7 3 1 6 3 7 11 7 13 8 13 9 13 10 7 11 3 13 4 13 5 13 6 13 4 1 7 5 3 6 7 9 5 11 6 3 9 11
> BAT2 6 1 13 4 13 5 13 6 5 7 1 8 11 8 1 9 1 10 1 11 6 11 8 13 9 13 10 13 11 13 3 9
> BAT3 7 1 11 6 1 7 7 7 13 7 3 8 8 11 7 13
< RES 1637330602 57 2
< GRENADE
< MOVE R R
> REQ 1637330602 58 2
> VAMPIRE 1 5 5 3 1 3 0
> VAMPIRE 2 9 3 3 0 3 0
> VAMPIRE 3 13 11 3 0 3 0
> VAMPIRE 4 1 13 3 1 3 0
> GRENADE 2 9 1 5 3
> GRENADE 3 13 13 5 3
> BAT1 8 1 10 1 7 3 1 6 3 7 11 7 13 8 13 9 13 10 7 11 3 13 4 13 5 13 6 13 4 1 7 5 3 6 5 7 6 3 3 9 9 11
> BAT2 6 1 13 4 13 5 13 6 1 8 11 8 1 9 1 10 1 11 6 11 8 13 9 13 10 13 11 13
> BAT3 7 1 11 6 1 7 7 7 13 7 3 8 8 11 7 13
< RES 1637330602 58 2
< MOVE R R
> REQ 1637330602 59 2
> VAMPIRE 1 3 5 3 0 3 0
> VAMPIRE 2 9 5 3 0 3 0
> VAMPIRE 3 11 11 3 0 3 0
> VAMPIRE 4 1 13 3 1 3 0
> GRENADE 2 9 1 4 3
> GRENADE 3 13 13 4 3
> GRENADE 1 5 5 5 3
> BAT1 8 1 10 1 7 3 1 6 3 7 11 7 13 8 13 9 13 10 7 11 3 13 4 13 5 13 6 13 4 1 7 5 3 6 5 7 6 3 3 9 9 11
> BAT2 6 1 13 4 13 5 13 6 1 8 11 8 1 9 1 10 1 11 6 11 8 13 9 13 10 13 11 13
> BAT3 7 1 11 6 1 7 7 7 13 7 3 8 8 11 7 13
< RES 1637330602 59 2
> REQ 1637330602 60 2
> VAMPIRE 1 3 3 3 0 3 0
> VAMPIRE 2 9 5 3 0 3 0
> VAMPIRE 3 11 11 3 0 3 0
> VAMPIRE 4 1 13 3 1 3 0
> GRENADE 2 9 1 3 3
> GRENADE 3 13 13 3 3
> GRENADE 1 5 5 4 3
> BAT1 8 1 10 1 7 3 1 6 3 7 11 7 13 8 13 9 13 10 7 11 3 13 4 13 5 13 6 13 4 1 7 5 3 6 5 7 6 3 3 9 9 11
> BAT2 6 1 13 4 13 5 13 6 1 8 11 8 1 9 1 10 1 11 6 11 8 13 9 13 10 13 11 13
> BAT3 7 1 11 6 1 7 7 7 13 7 3 8 8 11 7 13
< RES 1637330602 60 2
> REQ 1637330602 61 2
> VAMPIRE 1 3 3 3 0 3 0
> VAMPIRE 2 9 5 3 0 3 0
> VAMPIRE 3 11 11 3 0 3 0
> VAMPIRE 4 1 13 3 1 3 0
> GRENADE 2 9 1 2 3
> GRENADE 3 13 13 2 3
> GRENADE 1 5 5 3 3
> BAT1 8 1 10 1 7 3 1 6 3 7 11 7 13 8 13 9 13 10 7 11 3 13 4 13 5 13 6 13 4 1 7 5 3 6 5 7 6 3 3 9 9 11
> BAT2 6 1 13 4 13 5 13 6 1 8 11 8 1 9 1 10 1 11 6 11 8 13 9 13 10 13 11 13
> BAT3 7 1 11 6 1 7 7 7 13 7 3 8 8 11 7 13
< RES 1637330602 61 2
> REQ 1637330602 62 2
> VAMPIRE 1 3 3 3 0 3 0
> VAMPIRE 2 9 5 3 0 3 0
> VAMPIRE 3 11 11 3 0 3 0
> VAMPIRE 4 1 13 3 1 3 0
> GRENADE 2 9 1 1 3
> GRENADE 3 13 13 1 3
> GRENADE 1 5 5 2 3
> BAT1 8 1 10 1 7 3 1 6 3 7 11 7 13 8 13 9 13 10 7 11 3 13 4 13 5 13 6 13 4 1 7 5 3 6 5 7 6 3 3 9 9 11
> BAT2 6 1 13 4 13 5 13 6 1 8 11 8 1 9 1 10 1 11 6 11 8 13 9 13 10 13 11 13
> BAT3 7 1 11 6 1 7 7 7 13 7 3 8 8 11 7 13
< RES 1637330602 62 2
< MOVE D D
> REQ 1637330602 63 2
> VAMPIRE 1 3 3 3 0 3 0
> VAMPIRE 2 11 5 3 1 3 0
> VAMPIRE 3 11 11 3 1 3 0
> VAMPIRE 4 1 13 3 1 3 0
> GRENADE 1 5 5 1 3
> BAT1 7 3 1 6 3 7 11 7 13 8 13 9 7 11 3 13 4 13 5 13 6 13 4 1 7 5 3 6 5 7 11 13 6 3 3 9 9 11
> BAT2 6 1 13 4 13 5 13 6 1 8 11 8 1 9 1 10 1 11 6 11 8 13 9 13 10 13
> BAT3 7 1 11 6 1 7 7 7 13 7 3 8 8 11 7 13
< RES 1637330602 63 2
< GRENADE
< MOVE U U
> REQ 1637330602 64 2
> VAMPIRE 1 3 3 3 1 3 0
> VAMPIRE 2 9 5 3 0 3 0
> VAMPIRE 3 11 9 3 0 3 0
> VAMPIRE 4 1 13 3 1 3 0
> GRENADE 2 11 5 5 3
> GRENADE 3 11 11 5 3
> BAT1 7 3 1 6 3 7 11 7 13 8 13 9 7 11 3 13 4 13 5 13 6 13 4 1 3 6 11 13 6 3 3 9 9 11
> BAT2 6 1 13 4 13 5 13 6 1 8 11 8 1 9 1 10 1 11 6 11 8 13 9 13 10 13
> BAT3 7 1 11 6 1 7 7 7 13 7 3 8 8 11 7 13
< RES 1637330602 64 2
< MOVE L L
> REQ 1637330602 65 2
> VAMPIRE 1 5 3 3 0 3 0
> VAMPIRE 2 9 3 3 0 3 0
> VAMPIRE 3 10 9 3 0 3 0
> VAMPIRE 4 1 13 3 1 3 0
> GRENADE 2 11 5 4 3
> GRENADE 3 11 11 4 3
> GRENADE 1 3 3 5 3
> BAT1 7 3 1 6 3 7 11 7 13 8 13 9 7 11 3 13 4 13 5 13 6 13 4 1 3 6 11 13 6 3 3 9 9 11
> BAT2 6 1 13 4 13 5 13 6 1 8 11 8 1 9 1 10 1 11 6 11 8 13 9 13 10 13
> BAT3 7 1 11 6 1 7 7 7 13 7 3 8 8 11 7 13
< RES 1637330602 65 2
< MOVE D
> REQ 1637330602 66 2
> VAMPIRE 1 5 5 3 0 3 0
> VAMPIRE 2 10 3 3 0 3 0
> VAMPIRE 3 9 9 3 0 3 0
> VAMPIRE 4 1 13 3 1 3 0
> GRENADE 2 11 5 3 3
> GRENADE 3 11 11 3 3
> GRENADE 1 3 3 4 3
> BAT1 7 3 1 6 3 7 11 7 13 8 13 9 7 11 3 13 4 13 5 13 6 13 4 1 3 6 11 13 6 3 3 9 9 11
> BAT2 6 1 13 4 13 5 13 6 1 8 11 8 1 9 1 10 1 11 6 11 8 13 9 13 10 13
> BAT3 7 1 11 6 1 7 7 7 13 7 3 8 8 11 7 13
< RES 1637330602 66 2
< MOVE D R
> REQ 1637330602 67 2
> VAMPIRE 1 5 7 3 0 3 0
> VAMPIRE 2 11 4 3 0 3 0
> VAMPIRE 3 9 9 3 0 3 0
> VAMPIRE 4 1 13 3 1 3 0
> GRENADE 2 11 5 2 3
> GRENADE 3 11 11 2 3
> GRENADE 1 3 3 3 3
> BAT1 7 3 1 6 3 7 11 7 13 8 13 9 7 11 3 13 4 13 5 13 6 13 4 1 3 6 11 13 6 3 3 9 9 11
> BAT2 6 1 13 4 13 5 13 6 1 8 11 8 1 9 1 10 1 11 6 11 8 13 9 13 10 13
> BAT3 7 1 11 6 1 7 7 7 13 7 3 8 8 11 7 13
< RES 1637330602 67 2
< THROW R 4
< MOVE L
> REQ 1637330602 68 2
> VAMPIRE 1 5 9 3 0 3 0
> VAMPIRE 2 11 3 3 0 3 0
> VAMPIRE 3 9 7 3 0 3 0
> VAMPIRE 4 1 13 3 1 3 0
> GRENADE 2 11 9 1 3
> GRENADE 3 11 11 1 3
> GRENADE 1 3 3 2 3
> BAT1 7 3 1 6 3 7 11 7 13 8 13 9 7 11 3 13 4 13 5 13 6 13 4 1 3 6 11 13 6 3 3 9 9 11
> BAT2 6 1 13 4 13 5 13 6 1 8 11 8 1 9 1 10 1 11 6 11 8 13 9 13 10 13
> BAT3 7 1 11 6 1 7 7 7 13 7 3 8 8 11 7 13
< RES 1637330602 68 2
< MOVE R R
> REQ 1637330602 69 2
> VAMPIRE 1 5 11 3 0 3 0
> VAMPIRE 2 11 5 3 1 3 0
> VAMPIRE 3 9 7 3 1 3 0
> VAMPIRE 4 1 13 3 1 3 0
> GRENADE 1 3 3 1 3
> BAT1 7 3 1 6 3 7 11 7 13 8 7 11 3 13 4 13 5 13 6 13 4 1 3 6 11 8 6 3 3 9
> BAT2 6 1 13 4 13 5 13 6 1 8 1 9 1 10 1 11 6 11 8 13 9 13 10 13
> BAT3 7 1 11 6 1 7 7 7 13 7 3 8 8 11 7 13
< RES 1637330602 69 2
< GRENADE
< MOVE L L
> REQ 1637330602 70 2
> VAMPIRE 1 3 11 3 1 3 0
> VAMPIRE 2 11 3 3 0 3 0
> VAMPIRE 3 9 7 3 0 3 0
> VAMPIRE 4 1 13 3 1 3 0
> GRENADE 2 11 5 5 3
> GRENADE 3 9 7 5 3
> BAT1 7 3 1 6 3 7 11 7 13 8 7 11 3 13 4 13 5 13 6 13 4 1 11 8 3 9
> BAT2 6 1 13 4 13 5 13 6 1 8 1 9 1 10 1 11 6 11 8 13 9 13 10 13
> BAT3 7 1 11 6 1 7 7 7 13 7 3 8 8 11 7 13
< RES 1637330602 70 2
< MOVE U
> REQ 1637330602 71 2
> VAMPIRE 1 5 11 3 0 3 0
> VAMPIRE 2 10 3 3 0 3 0
> VAMPIRE 3 9 7 3 0 3 0
> VAMPIRE 4 1 13 3 1 3 0
> GRENADE 2 11 5 4 3
> GRENADE 3 5 7 4 3
> GRENADE 1 3 11 5 3
> BAT1 7 3 1 6 3 7 11 7 13 8 7 11 3 13 4 13 5 13 6 13 4 1 11 8 3 9
> BAT2 6 1 13 4 13 5 13 6 1 8 1 9 1 10 1 11 6 11 8 13 9 13 10 13
> BAT3 7 1 11 6 1 7 7 7 13 7 3 8 8 11 7 13
< RES 1637330602 71 2
> REQ 1637330602 72 2
> VAMPIRE 1 5 12 3 0 3 0
> VAMPIRE 2 10 3 3 0 3 0
> VAMPIRE 3 9 7 3 0 3 0
> VAMPIRE 4 1 13 3 1 3 0
> GRENADE 2 11 5 3 3
> GRENADE 3 5 7 3 3
> GRENADE 1 3 11 4 3
> BAT1 7 3 1 6 3 7 11 7 13 8 7 11 3 13 4 13 5 13 6 13 4 1 11 8 3 9
> BAT2 6 1 13 4 13 5 13 6 1 8 1 9 1 10 1 11 6 11 8 13 9 13 10 13
> BAT3 7 1 11 6 1 7 7 7 13 7 3 8 8 11 7 13
< RES 1637330602 72 2
> REQ 1637330602 73 2
> VAMPIRE 1 5 12 3 0 3 0
> VAMPIRE 2 10 3 3 0 3 0
> VAMPIRE 3 9 7 3 0 3 0
> VAMPIRE 4 1 13 3 0 3 0
> GRENADE 2 11 5 2 3
> GRENADE 3 5 7 2 3
> GRENADE 1 3 11 3 3
> GRENADE 4 1 13 5 3
> BAT1 7 3 1 6 3 7 11 7 13 8 7 11 3 13 4 13 5 13 6 13 4 1 11 8 3 9
> BAT2 6 1 13 4 13 5 13 6 1 8 1 9 1 10 1 11 6 11 8 13 9 13 10 13
> BAT3 7 1 11 6 1 7 7 7 13 7 3 8 8 11 7 13
< RES 1637330602 73 2
> REQ 1637330602 74 2
> VAMPIRE 1 5 12 3 0 3 0
> VAMPIRE 2 10 3 3 0 3 0
> VAMPIRE 3 9 7 3 0 3 0
> VAMPIRE 4 1 13 3 0 3 0
> GRENADE 2 11 5 1 3
> GRENADE 3 5 7 1 3
> GRENADE 1 3 11 2 3
> GRENADE 4 1 13 4 3
> BAT1 7 3 1 6 3 7 11 7 13 8 7 11 3 13 4 13 5 13 6 13 4 1 11 8 3 9
> BAT2 6 1 13 4 13 5 13 6 1 8 1 9 1 10 1 11 6 11 8 13 9 13 10 13
> BAT3 7 1 11 6 1 7 7 7 13 7 3 8 8 11 7 13
< RES 1637330602 74 2
< MOVE D
> REQ 1637330602 75 2
> VAMPIRE 1 5 10 3 0 3 0
> VAMPIRE 2 11 3 3 1 3 0
> VAMPIRE 3 8 7 3 1 3 0
> VAMPIRE 4 1 13 3 0 3 0
> GRENADE 1 3 11 1 3
> GRENADE 4 1 13 3 3
> BAT1 7 3 1 6 11 7 13 8 7 11 3 13 4 13 5 13 6 13 4 1 13 5 11 8 3 9
> BAT2 6 1 13 4 13 6 1 8 1 9 1 10 1 11 6 11 8 13 9 13 10 13 11 6 7 7
> BAT3 7 1 1 7 13 7 3 8 8 11 7 13
< RES 1637330602 75 2
< GRENADE
> REQ 1637330602 76 2
> VAMPIRE 1 5 11 3 1 3 0
> VAMPIRE 2 11 3 3 0 3 0
> VAMPIRE 3 9 6 3 0 3 0
> VAMPIRE 4 2 13 3 0 3 0
> GRENADE 4 1 13 2 3
> GRENADE 2 11 3 5 3
> GRENADE 3 8 7 5 3
> POWERUP GRENADE -7 8 5 6
> POWERUP GRENADE -7 6 9 6
> BAT1 7 3 1 6 11 7 13 8 7 11 4 13 5 13 6 13 4 1 13 5 11 8 1 11 6 11
> BAT2 6 1 13 4 13 6 1 8 1 9 1 10 8 13 9 13 10 13 11 6 7 7
> BAT3 7 1 1 7 13 7 3 8 8 11 7 13
< RES 1637330602 76 2
< THROW XR 2
< MOVE U U
> REQ 1637330602 77 2
> VAMPIRE 1 5 9 3 0 3 0
> VAMPIRE 2 9 3 3 0 3 0
> VAMPIRE 3 8 5 3 0 3 0
> VAMPIRE 4 2 13 3 0 3 0
> GRENADE 4 1 13 1 3
> GRENADE 2 11 5 4 3
> GRENADE 3 8 7 4 3
> GRENADE 1 5 11 5 3
> POWERUP GRENADE -6 8 5 6
> POWERUP GRENADE -6 6 9 6
> BAT1 7 3 1 6 11 7 13 8 7 11 4 13 5 13 6 13 4 1 13 5 11 8 1 11 6 11
> BAT2 6 1 13 4 13 6 1 8 1 9 1 10 8 13 9 13 10 13 11 6 7 7
> BAT3 7 1 1 7 13 7 3 8 8 11 7 13
< RES 1637330602 77 2
< MOVE R R
> REQ 1637330602 78 2
> VAMPIRE 1 6 9 3 0 3 0
> VAMPIRE 2 9 5 3 0 3 0
> VAMPIRE 3 8 5 3 0 3 0
> VAMPIRE 4 3 13 2 1 3 0
> GRENADE 2 11 5 3 3
> GRENADE 3 8 7 3 3
> GRENADE 1 5 11 4 3
> POWERUP GRENADE -5 8 5 6
> POWERUP GRENADE -5 6 9 6
> BAT1 7 3 1 6 11 7 13 8 7 11 5 13 6 13 4 1 13 5 11 8 6 11
> BAT2 6 1 13 4 13 6 1 8 1 9 1 10 8 13 9 13 10 13 11 6 7 7
> BAT3 7 1 1 7 13 7 3 8 8 11 7 13
< RES 1637330602 78 2
< MOVE U U
> REQ 1637330602 79 2
> VAMPIRE 1 6 9 3 0 3 0
> VAMPIRE 2 7 5 3 0 3 0
> VAMPIRE 3 7 5 3 0 3 0
> VAMPIRE 4 3 11 2 1 3 0
> GRENADE 2 11 5 2 3
> GRENADE 3 8 7 2 3
> GRENADE 1 5 11 3 3
> POWERUP GRENADE -4 8 5 6
> POWERUP GRENADE -4 6 9 6
> BAT1 7 3 1 6 11 7 13 8 7 11 5 13 6 13 4 1 13 5 11 8 6 11
> BAT2 6 1 13 4 13 6 1 8 1 9 1 10 8 13 9 13 10 13 11 6 7 7
> BAT3 7 1 1 7 13 7 3 8 8 11 7 13
< RES 1637330602 79 2
> REQ 1637330602 80 2
> VAMPIRE 1 6 9 3 0 3 0
> VAMPIRE 2 7 5 3 0 3 0
> VAMPIRE 3 7 5 3 0 3 0
> VAMPIRE 4 3 9 2 1 3 0
> GRENADE 2 11 5 1 3
> GRENADE 3 8 7 1 3
> GRENADE 1 5 11 2 3
> POWERUP GRENADE -3 8 5 6
> POWERUP GRENADE -3 6 9 6
> BAT1 7 3 1 6 11 7 13 8 7 11 5 13 6 13 4 1 13 5 11 8 6 11
> BAT2 6 1 13 4 13 6 1 8 1 9 1 10 8 13 9 13 10 13 11 6 7 7
> BAT3 7 1 1 7 13 7 3 8 8 11 7 13
< RES 1637330602 80 2
< MOVE L
> REQ 1637330602 81 2
> VAMPIRE 1 6 9 3 0 3 0
> VAMPIRE 2 7 4 3 1 3 0
> VAMPIRE 3 7 4 3 1 3 0
> VAMPIRE 4 3 9 2 0 3 0
> GRENADE 1 5 11 1 3
> GRENADE 4 3 9 5 3
> POWERUP GRENADE -2 8 5 6
> POWERUP GRENADE -2 6 9 6
> BAT1 7 3 1 6 13 8 7 11 5 13 6 13 4 1 11 8 6 11 11 6 7 7
> BAT2 6 1 13 4 13 6 1 8 1 9 1 10 8 13 9 13 10 13
> BAT3 7 1 1 7 13 7 3 8 8 11 7 13
< RES 1637330602 81 2
< GRENADE
< MOVE R D
> REQ 1637330602 82 2
> VAMPIRE 1 6 9 3 1 3 0
> VAMPIRE 2 8 5 3 0 3 0
> VAMPIRE 3 8 5 3 0 3 0
> VAMPIRE 4 5 9 2 0 3 0
> GRENADE 4 3 9 4 3
> GRENADE 2 7 4 5 3
> GRENADE 3 7 4 5 3
> POWERUP GRENADE -1 8 5 6
> POWERUP GRENADE -1 6 9 6
> BAT1 7 3 1 6 13 8 7 11 6 13 4 1 11 8 11 6 7 7
> BAT2 6 1 13 4 13 6 1 8 1 9 1 10 8 13 9 13 10 13
> BAT3 7 1 1 7 13 7 3 8 8 11 7 13
< RES 1637330602 82 2
> REQ 1637330602 83 2
> VAMPIRE 1 6 9 3 0 3 0
> VAMPIRE 2 8 5 3 0 3 0
> VAMPIRE 3 8 5 3 0 3 0
> VAMPIRE 4 5 9 2 0 3 0
> GRENADE 4 3 9 3 3
> GRENADE 2 7 4 4 3
> GRENADE 3 7 4 4 3
> GRENADE 1 6 9 5 3
> POWERUP GRENADE 11 8 5 6
> POWERUP GRENADE 11 6 9 6
> BAT1 7 3 1 6 13 8 7 11 6 13 4 1 11 8 11 6 7 7
> BAT2 6 1 13 4 13 6 1 8 1 9 1 10 8 13 9 13 10 13
> BAT3 7 1 1 7 13 7 3 8 8 11 7 13
< RES 1637330602 83 2
> REQ 1637330602 84 2
> VAMPIRE 1 7 9 3 0 3 0
> VAMPIRE 2 8 5 3 0 3 0
> VAMPIRE 3 8 5 3 0 3 0
> VAMPIRE 4 5 7 2 0 3 0
> GRENADE 4 3 9 2 3
> GRENADE 2 7 4 3 3
> GRENADE 3 7 4 3 3
> GRENADE 1 2 9 4 3
> POWERUP GRENADE 10 8 5 6
> POWERUP GRENADE 10 6 9 6
> BAT1 7 3 1 6 13 8 7 11 6 13 4 1 11 8 11 6 7 7
> BAT2 6 1 13 4 13 6 1 8 1 9 1 10 8 13 9 13 10 13
> BAT3 7 1 1 7 13 7 3 8 8 11 7 13
< RES 1637330602 84 2
> REQ 1637330602 85 2
> VAMPIRE 1 8 9 3 0 3 0
> VAMPIRE 2 8 5 3 0 3 0
> VAMPIRE 3 8 5 3 0 3 0
> VAMPIRE 4 5 8 2 0 3 0
> GRENADE 4 3 9 1 3
> GRENADE 2 7 4 2 3
> GRENADE 3 7 4 2 3
> GRENADE 1 2 9 3 3
> POWERUP GRENADE 9 8 5 6
> POWERUP GRENADE 9 6 9 6
> BAT1 7 3 1 6 13 8 7 11 6 13 4 1 11 8 11 6 7 7
> BAT2 6 1 13 4 13 6 1 8 1 9 1 10 8 13 9 13 10 13
> BAT3 7 1 1 7 13 7 3 8 8 11 7 13
< RES 1637330602 85 2
> REQ 1637330602 86 2
> VAMPIRE 1 6 9 3 1 3 0
> VAMPIRE 2 8 5 3 0 3 0
> VAMPIRE 3 8 5 3 0 3 0
> VAMPIRE 4 5 8 2 1 3 0
> GRENADE 2 7 4 1 3
> GRENADE 3 7 4 1 3
> POWERUP GRENADE 8 8 5 6
> POWERUP GRENADE 8 6 9 6
> BAT1 7 3 1 6 13 8 7 11 6 13 4 1 11 8 1 9 11 6 7 7
> BAT2 6 1 13 4 13 6 1 8 1 10 8 13 9 13 10 13 3 8
> BAT3 7 1 1 7 13 7 8 11 7 13
< RES 1637330602 86 2
> REQ 1637330602 87 2
> VAMPIRE 1 6 9 3 0 3 0
> VAMPIRE 2 8 5 3 1 3 0
> VAMPIRE 3 8 5 3 1 3 0
> VAMPIRE 4 5 9 2 1 3 0
> GRENADE 1 6 9 5 3
> POWERUP GRENADE 7 8 5 6
> POWERUP GRENADE 7 6 9 6
> BAT1 1 6 13 8 7 11 6 13 4 1 11 8 1 9 11 6
> BAT2 6 1 13 4 13 6 1 8 1 10 8 13 9 13 10 13 3 8
> BAT3 7 1 1 7 13 7 8 11 7 13
< RES 1637330602 87 2
< GRENADE
> REQ 1637330602 88 2
> VAMPIRE 1 6 9 3 0 3 0
> VAMPIRE 2 8 5 3 1 3 0
> VAMPIRE 3 8 5 3 2 3 0
> VAMPIRE 4 3 9 2 1 3 0
> GRENADE 1 2 9 4 3
> GRENADE 2 8 5 5 3
> POWERUP GRENADE 6 6 9 6
> BAT1 1 6 13 8 7 11 6 13 4 1 11 8 1 9 11 6
> BAT2 6 1 13 4 13 6 1 8 1 10 8 13 9 13 10 13 3 8
> BAT3 7 1 1 7 13 7 8 11 7 13
< RES 1637330602 88 2
< GRENADE
< MOVE U R
> REQ 1637330602 89 2
> VAMPIRE 1 6 9 3 0 3 0
> VAMPIRE 2 7 6 3 0 3 0
> VAMPIRE 3 7 6 3 2 3 0
> VAMPIRE 4 5 9 2 0 3 0
> GRENADE 1 2 9 3 3
> GRENADE 2 8 5 4 3
> GRENADE 2 8 5 5 3
> GRENADE 4 3 9 5 3
> POWERUP GRENADE 5 6 9 6
> BAT1 1 6 13 8 7 11 6 13 4 1 11 8 1 9 11 6
> BAT2 6 1 13 4 13 6 1 8 1 10 8 13 9 13 10 13 3 8
> BAT3 7 1 1 7 13 7 8 11 7 13
< RES 1637330602 89 2
< MOVE R R
> REQ 1637330602 90 2
> VAMPIRE 1 7 9 3 0 3 0
> VAMPIRE 2 7 8 3 0 3 0
> VAMPIRE 3 7 8 3 2 3 0
> VAMPIRE 4 7 9 2 0 3 0
> GRENADE 1 2 9 2 3
> GRENADE 2 8 5 3 3
> GRENADE 2 8 5 4 3
> GRENADE 4 3 9 4 3
> POWERUP GRENADE 4 6 9 6
> BAT1 1 6 13 8 7 11 6 13 4 1 11 8 1 9 11 6
> BAT2 6 1 13 4 13 6 1 8 1 10 8 13 9 13 10 13 3 8
> BAT3 7 1 1 7 13 7 8 11 7 13
< RES 1637330602 90 2
< MOVE R
> REQ 1637330602 91 2
> VAMPIRE 1 8 9 3 0 3 0
> VAMPIRE 2 7 9 3 0 3 0
> VAMPIRE 3 7 8 3 1 3 0
> VAMPIRE 4 8 9 2 0 3 0
> GRENADE 1 2 9 1 3
> GRENADE 2 8 5 2 3
> GRENADE 2 8 5 3 3
> GRENADE 4 3 9 3 3
> GRENADE 3 7 8 5 3
> POWERUP GRENADE 3 6 9 6
> BAT1 1 6 13 8 7 11 6 13 4 1 11 8 1 9 11 6
> BAT2 6 1 13 4 13 6 1 8 1 10 8 13 9 13 10 13 3 8
> BAT3 7 1 1 7 13 7 8 11 7 13
< RES 1637330602 91 2
> REQ 1637330602 92 2
> VAMPIRE 1 6 9 3 1 3 0
> VAMPIRE 2 7 9 3 0 3 0
> VAMPIRE 3 6 9 3 1 3 0
> VAMPIRE 4 6 9 2 1 3 0
> GRENADE 2 8 5 1 3
> GRENADE 2 8 5 2 3
> GRENADE 3 7 12 4 3
> POWERUP GRENADE 2 6 9 6
> BAT1 1 6 13 8 7 11 6 13 4 1 11 8 11 6 3 8
> BAT2 6 1 13 4 13 6 1 8 1 10 8 13 9 13 10 13
> BAT3 7 1 1 7 13 7 8 11 7 13
< RES 1637330602 92 2
< MOVE U
> REQ 1637330602 93 2
> VAMPIRE 1 6 9 3 0 3 0
> VAMPIRE 2 7 9 3 2 3 0
> VAMPIRE 3 6 9 3 1 3 0
> VAMPIRE 4 6 9 2 1 3 0
> GRENADE 3 7 12 3 3
> GRENADE 1 6 9 5 3
> POWERUP GRENADE 1 6 9 6
> BAT1 1 6 13 8 7 11 6 13 4 1 11 8 11 6 3 8
> BAT2 6 1 13 4 13 6 1 8 1 10 8 13 9 13 10 13
> BAT3 7 1 1 7 13 7 8 11 7 13
< RES 1637330602 93 2
< GRENADE
> REQ 1637330602 94 2
> VAMPIRE 1 6 9 3 0 3 0
> VAMPIRE 2 7 9 3 1 3 0
> VAMPIRE 3 6 9 3 0 3 0
> VAMPIRE 4 6 9 2 0 3 0
> GRENADE 3 7 12 2 3
> GRENADE 1 6 9 4 3
> GRENADE 2 7 9 5 3
> GRENADE 3 6 9 5 3
> GRENADE 4 6 9 5 3
> POWERUP GRENADE 1 6 9 6
> BAT1 1 6 13 8 7 11 6 13 4 1 11 8 11 6 3 8
> BAT2 6 1 13 4 13 6 1 8 1 10 8 13 9 13 10 13
> BAT3 7 1 1 7 13 7 8 11 7 13
< RES 1637330602 94 2
< GRENADE
> REQ 1637330602 95 2
> VAMPIRE 1 5 9 3 0 3 0
> VAMPIRE 2 7 9 3 0 3 0
> VAMPIRE 3 5 9 3 0 3 0
> VAMPIRE 4 5 9 2 0 3 0
> GRENADE 3 7 12 1 3
> GRENADE 1 6 9 3 3
> GRENADE 2 7 9 4 3
> GRENADE 3 6 9 4 3
> GRENADE 4 6 9 4 3
> GRENADE 2 7 9 5 3
> POWERUP GRENADE 1 6 9 6
> BAT1 1 6 13 8 7 11 6 13 4 1 11 8 11 6 3 8
> BAT2 6 1 13 4 13 6 1 8 1 10 8 13 9 13 10 13
> BAT3 7 1 1 7 13 7 8 11 7 13
< RES 1637330602 95 2
< THROW XU 4
< MOVE R
> REQ 1637330602 96 2
> VAMPIRE 1 5 11 3 0 3 0
> VAMPIRE 2 7 10 3 0 3 0
> VAMPIRE 3 5 11 3 1 3 0
> VAMPIRE 4 5 7 2 0 3 0
> GRENADE 1 6 9 2 3
> GRENADE 2 3 9 3 3
> GRENADE 3 6 9 3 3
> GRENADE 4 6 9 3 3
> GRENADE 2 3 9 4 3
> BAT1 1 6 13 8 6 13 4 1 11 8 11 6 3 8
> BAT2 6 1 13 4 13 6 1 8 1 10 8 13 9 13 10 13 7 13
> BAT3 7 1 1 7 13 7 8 11
< RES 1637330602 96 2
< MOVE R
> REQ 1637330602 97 2
> VAMPIRE 1 5 11 3 0 3 0
> VAMPIRE 2 7 11 3 0 3 0
> VAMPIRE 3 5 11 3 0 3 0
> VAMPIRE 4 3 7 2 0 3 0
> GRENADE 1 6 9 1 3
> GRENADE 2 3 9 2 3
> GRENADE 3 6 9 2 3
> GRENADE 4 6 9 2 3
> GRENADE 2 3 9 3 3
> GRENADE 3 5 11 5 3
> BAT1 1 6 13 8 6 13 4 1 11 8 11 6 3 8
> BAT2 6 1 13 4 13 6 1 8 1 10 8 13 9 13 10 13 7 13
> BAT3 7 1 1 7 13 7 8 11
< RES 1637330602 97 2
> REQ 1637330602 98 2
> VAMPIRE 1 7 11 3 1 3 0
> VAMPIRE 2 7 11 3 2 3 0
> VAMPIRE 3 7 11 3 1 3 0
> VAMPIRE 4 4 7 2 1 3 0
> GRENADE 3 9 11 4 3
> POWERUP SHOE -7 6 5 5
> POWERUP SHOE -7 8 9 5
> BAT1 1 6 13 8 6 13 4 1 11 8 11 6
> BAT2 6 1 13 4 13 6 1 8 1 10 8 13 9 13 10 13 7 13
> BAT3 7 1 1 7 13 7 8 11
< RES 1637330602 98 2
< GRENADE
< MOVE L L
> REQ 1637330602 99 2
> VAMPIRE 1 7 9 3 0 3 0
> VAMPIRE 2 7 9 3 1 3 0
> VAMPIRE 3 7 9 3 0 3 0
> VAMPIRE 4 5 6 2 0 3 0
> GRENADE 3 9 11 3 3
> GRENADE 1 7 11 5 3
> GRENADE 2 7 11 5 3
> GRENADE 3 7 11 5 3
> GRENADE 4 4 7 5 3
> POWERUP SHOE -6 6 5 5
> POWERUP SHOE -6 8 9 5
> BAT1 1 6 13 8 6 13 4 1 11 8 11 6
> BAT2 6 1 13 4 13 6 1 8 1 10 8 13 9 13 10 13 7 13
> BAT3 7 1 1 7 13 7 8 11
< RES 1637330602 99 2
< GRENADE
> REQ 1637330602 100 2
> VAMPIRE 1 8 9 3 0 3 0
> VAMPIRE 2 7 9 3 0 3 0
> VAMPIRE 3 8 9 3 0 3 0
> VAMPIRE 4 6 5 2 0 3 0
> GRENADE 3 9 11 2 3
> GRENADE 1 7 11 4 3
> GRENADE 2 7 11 4 3
> GRENADE 3 7 11 4 3
> GRENADE 4 4 7 4 3
> GRENADE 2 7 9 5 3
> POWERUP SHOE -5 6 5 5
> POWERUP SHOE -5 8 9 5
> BAT1 1 6 13 8 6 13 4 1 11 8 11 6
> BAT2 6 1 13 4 13 6 1 8 1 10 8 13 9 13 10 13 7 13
> BAT3 7 1 1 7 13 7 8 11
< RES 1637330602 100 2
< THROW XD 4
< MOVE D
> REQ 1637330602 101 2
> VAMPIRE 1 8 9 3 0 3 0
> VAMPIRE 2 8 9 3 0 3 0
> VAMPIRE 3 8 9 3 0 3 0
> VAMPIRE 4 6 5 2 0 3 0
> GRENADE 3 9 11 1 3
> GRENADE 1 7 11 3 3
> GRENADE 2 7 11 3 3
> GRENADE 3 7 11 3 3
> GRENADE 4 4 7 3 3
> GRENADE 2 11 9 4 3
> POWERUP SHOE -4 6 5 5
> POWERUP SHOE -4 8 9 5
> BAT1 1 6 13 8 6 13 4 1 11 8 11 6
> BAT2 6 1 13 4 13 6 1 8 1 10 8 13 9 13 10 13 7 13
> BAT3 7 1 1 7 13 7 8 11
< RES 1637330602 101 2
> REQ 1637330602 102 2
> VAMPIRE 1 8 9 3 0 3 0
> VAMPIRE 2 8 9 3 0 3 0
> VAMPIRE 3 8 9 3 1 3 0
> VAMPIRE 4 6 5 2 0 3 0
> GRENADE 1 7 11 2 3
> GRENADE 2 7 11 2 3
> GRENADE 3 7 11 2 3
> GRENADE 4 4 7 2 3
> GRENADE 2 11 9 3 3
> POWERUP SHOE -3 6 5 5
> POWERUP SHOE -3 8 9 5
> BAT1 1 6 13 8 6 13 4 1 11 8 9 13 11 6
> BAT2 6 1 13 4 13 6 1 8 1 10 8 13 10 13 8 11 7 13
> BAT3 7 1 1 7 13 7
< RES 1637330602 102 2
< MOVE D D
> REQ 1637330602 103 2
> VAMPIRE 1 9 9 3 0 3 0
> VAMPIRE 2 10 9 3 0 3 0
> VAMPIRE 3 8 9 3 0 3 0
> VAMPIRE 4 6 5 2 0 3 0
> GRENADE 1 7 11 1 3
> GRENADE 2 7 11 1 3
> GRENADE 3 7 11 1 3
> GRENADE 4 4 7 1 3
> GRENADE 2 11 9 2 3
> GRENADE 3 8 9 5 3
> POWERUP SHOE -2 6 5 5
> POWERUP SHOE -2 8 9 5
> BAT1 1 6 13 8 6 13 4 1 11 8 9 13 11 6
> BAT2 6 1 13 4 13 6 1 8 1 10 8 13 10 13 8 11 7 13
> BAT3 7 1 1 7 13 7
< RES 1637330602 103 2
< GRENADE
> REQ 1637330602 104 2
> VAMPIRE 1 9 11 3 1 3 0
> VAMPIRE 2 10 9 3 0 3 0
> VAMPIRE 3 7 10 3 1 3 0
> VAMPIRE 4 6 5 2 1 3 0
> GRENADE 2 11 9 1 3
> GRENADE 3 12 9 4 3
> GRENADE 2 10 9 5 3
> POWERUP SHOE -1 6 5 5
> POWERUP SHOE -1 8 9 5
> BAT1 1 6 13 8 6 13 4 1 11 8 9 13 11 6 8 11 7 13
> BAT2 6 1 13 4 13 6 1 8 1 10 8 13 10 13 1 7
> BAT3 7 1 13 7
< RES 1637330602 104 2
< THROW D 2
> REQ 1637330602 105 2
> VAMPIRE 1 9 9 3 0 3 0
> VAMPIRE 2 10 9 2 2 3 0
> VAMPIRE 3 6 11 3 1 3 0
> VAMPIRE 4 6 5 2 1 3 0
> GRENADE 1 9 11 5 3
> GRENADE 3 7 10 5 3
> POWERUP SHOE 14 6 5 5
> POWERUP SHOE 14 8 9 5
> BAT1 1 6 13 8 6 13 4 1 9 13 11 6 8 11 7 13
> BAT2 6 1 13 4 13 6 1 8 1 10 8 13 10 13 1 7
> BAT3 7 1 13 7
< RES 1637330602 105 2
< GRENADE
> REQ 1637330602 106 2
> VAMPIRE 1 8 9 3 0 3 0
> VAMPIRE 2 10 9 2 2 3 0
> VAMPIRE 3 5 10 3 0 3 0
> VAMPIRE 4 6 5 2 1 3 0
> GRENADE 1 9 11 4 3
> GRENADE 3 7 10 4 3
> GRENADE 3 6 11 5 3
> POWERUP SHOE 13 6 5 5
> POWERUP SHOE 13 8 9 5
> BAT1 1 6 13 8 6 13 4 1 9 13 11 6 8 11 7 13
> BAT2 6 1 13 4 13 6 1 8 1 10 8 13 10 13 1 7
> BAT3 7 1 13 7
< RES 1637330602 106 2
< GRENADE
> REQ 1637330602 107 2
> VAMPIRE 1 8 9 3 0 3 0
> VAMPIRE 2 10 9 2 2 3 0
> VAMPIRE 3 6 9 3 0 3 0
> VAMPIRE 4 6 5 2 1 3 0
> GRENADE 1 9 11 3 3
> GRENADE 3 7 10 3 3
> GRENADE 3 6 11 4 3
> POWERUP SHOE 12 6 5 5
> POWERUP SHOE 12 8 9 5
> BAT1 1 6 13 8 6 13 4 1 9 13 11 6 8 11 7 13
> BAT2 6 1 13 4 13 6 1 8 1 10 8 13 10 13 1 7
> BAT3 7 1 13 7
< RES 1637330602 107 2
< GRENADE
> REQ 1637330602 108 2
> VAMPIRE 1 8 9 3 0 3 0
> VAMPIRE 2 10 9 2 1 3 0
> VAMPIRE 3 8 9 3 0 3 0
> VAMPIRE 4 6 5 2 1 3 0
> GRENADE 1 9 11 2 3
> GRENADE 3 7 10 2 3
> GRENADE 3 6 11 3 3
> GRENADE 2 10 9 5 3
> POWERUP SHOE 11 6 5 5
> POWERUP SHOE 11 8 9 5
> BAT1 1 6 13 8 6 13 4 1 9 13 11 6 8 11 7 13
> BAT2 6 1 13 4 13 6 1 8 1 10 8 13 10 13 1 7
> BAT3 7 1 13 7
< RES 1637330602 108 2
< GRENADE
> REQ 1637330602 109 2
> VAMPIRE 1 8 9 3 0 3 0
> VAMPIRE 2 10 9 2 0 3 0
> VAMPIRE 3 8 9 3 0 3 0
> VAMPIRE 4 6 5 2 1 3 30
> GRENADE 1 9 11 1 3
> GRENADE 3 7 10 1 3
> GRENADE 3 6 11 2 3
> GRENADE 2 10 9 4 3
> GRENADE 2 10 9 5 3
> POWERUP SHOE 10 8 9 5
> BAT1 1 6 13 8 6 13 4 1 9 13 11 6 8 11 7 13
> BAT2 6 1 13 4 13 6 1 8 1 10 8 13 10 13 1 7
> BAT3 7 1 13 7
< RES 1637330602 109 2
< MOVE U
> REQ 1637330602 110 2
> VAMPIRE 1 8 9 3 1 3 0
> VAMPIRE 2 9 9 2 0 3 0
> VAMPIRE 3 8 9 3 1 3 0
> VAMPIRE 4 7 7 2 1 3 29
> GRENADE 3 6 11 1 3
> GRENADE 2 10 9 3 3
> GRENADE 2 10 9 4 3
> POWERUP SHOE 9 8 9 5
> BAT1 1 6 13 8 6 13 4 1 11 6
> BAT2 6 1 13 4 13 6 1 8 1 10 8 13 10 13 1 7
> BAT3 7 1 13 7
< RES 1637330602 110 2
> REQ 1637330602 111 2
> VAMPIRE 1 8 9 3 0 3 30
> VAMPIRE 2 9 9 2 0 3 0
> VAMPIRE 3 8 9 3 1 3 0
> VAMPIRE 4 7 9 2 1 3 28
> GRENADE 2 10 9 2 3
> GRENADE 2 10 9 3 3
> GRENADE 1 8 9 5 3
> GRENADE 3 8 9 5 3
> BAT1 1 6 13 8 6 13 4 1 11 6
> BAT2 6 1 13 4 13 6 1 8 1 10 8 13 10 13 1 7
> BAT3 7 1 13 7
< RES 1637330602 111 2
< MOVE L L
> REQ 1637330602 112 2
> VAMPIRE 1 9 7 3 0 3 29
> VAMPIRE 2 9 7 2 0 3 0
> VAMPIRE 3 9 8 3 0 3 0
> VAMPIRE 4 5 8 2 0 3 27
> GRENADE 2 10 9 1 3
> GRENADE 2 10 9 2 3
> GRENADE 1 8 9 4 3
> GRENADE 3 8 9 4 3
> GRENADE 3 8 9 5 3
> GRENADE 4 7 9 5 3
> BAT1 1 6 13 8 6 13 4 1 11 6
> BAT2 6 1 13 4 13 6 1 8 1 10 8 13 10 13 1 7
> BAT3 7 1 13 7
< RES 1637330602 112 2
< MOVE D D
> REQ 1637330602 113 2
> VAMPIRE 1 11 7 3 1 3 28
> VAMPIRE 2 11 7 2 2 3 0
> VAMPIRE 3 10 7 3 2 3 0
> VAMPIRE 4 3 7 2 1 3 26
> BAT1 1 6 13 8 6 13 4 1 11 6
> BAT2 6 1 13 4 13 6 1 8 1 10 8 13 10 13 1 7
> BAT3 7 1 13 7
< RES 1637330602 113 2
< GRENADE
< MOVE U U
> REQ 1637330602 114 2
> VAMPIRE 1 10 9 3 0 3 27
> VAMPIRE 2 11 7 2 1 3 0
> VAMPIRE 3 8 7 3 1 3 0
> VAMPIRE 4 3 7 2 0 3 25
> GRENADE 1 11 7 5 3
> GRENADE 2 11 7 5 3
> GRENADE 3 10 7 5 3
> GRENADE 4 3 7 5 3
> BAT1 1 6 13 8 6 13 4 1 11 6
> BAT2 6 1 13 4 13 6 1 8 1 10 8 13 10 13 1 7
> BAT3 7 1 13 7
< RES 1637330602 114 2
< GRENADE
< MOVE R R
> REQ 1637330602 115 2
> VAMPIRE 1 9 9 3 0 3 26
> VAMPIRE 2 11 9 2 0 3 0
> VAMPIRE 3 8 7 3 0 3 0
> VAMPIRE 4 3 7 2 0 3 24
> GRENADE 1 11 7 4 3
> GRENADE 2 11 7 4 3
> GRENADE 3 10 7 4 3
> GRENADE 4 7 7 4 3
> GRENADE 2 11 7 5 3
> GRENADE 3 8 7 5 3
> BAT1 1 6 13 8 6 13 4 1 11 6
> BAT2 6 1 13 4 13 6 1 8 1 10 8 13 10 13 1 7
> BAT3 7 1 13 7
< RES 1637330602 115 2
< MOVE U U
> REQ 1637330602 116 2
> VAMPIRE 1 9 9 3 0 3 25
> VAMPIRE 2 9 9 2 0 3 0
> VAMPIRE 3 8 7 3 0 3 0
> VAMPIRE 4 3 5 2 0 3 23
> GRENADE 1 11 7 3 3
> GRENADE 2 11 7 3 3
> GRENADE 3 10 7 3 3
> GRENADE 4 7 7 3 3
> GRENADE 2 11 7 4 3
> GRENADE 3 4 7 4 3
> BAT1 1 6 13 8 6 13 4 1 11 6
> BAT2 6 1 13 4 13 6 1 8 1 10 8 13 10 13 1 7
> BAT3 7 1 13 7
< RES 1637330602 116 2
< MOVE R R
> REQ 1637330602 117 2
> VAMPIRE 1 9 9 3 0 3 24
> VAMPIRE 2 9 11 2 0 3 0
> VAMPIRE 3 9 6 3 0 3 0
> VAMPIRE 4 3 5 2 0 3 22
> GRENADE 1 11 7 2 3
> GRENADE 2 11 7 2 3
> GRENADE 3 10 7 2 3
> GRENADE 4 7 7 2 3
> GRENADE 2 11 7 3 3
> GRENADE 3 4 7 3 3
> BAT1 1 6 13 8 6 13 4 1 11 6
> BAT2 6 1 13 4 13 6 1 8 1 10 8 13 10 13 1 7
> BAT3 7 1 13 7
< RES 1637330602 117 2
< MOVE U U
> REQ 1637330602 118 2
> VAMPIRE 1 9 11 3 0 3 23
> VAMPIRE 2 7 11 2 0 3 0
> VAMPIRE 3 8 5 3 0 3 0
> VAMPIRE 4 4 3 2 0 3 21
> GRENADE 1 11 7 1 3
> GRENADE 2 11 7 1 3
> GRENADE 3 10 7 1 3
> GRENADE 4 7 7 1 3
> GRENADE 2 11 7 2 3
> GRENADE 3 4 7 2 3
> BAT1 1 6 13 8 6 13 4 1 11 6
> BAT2 6 1 13 4 13 6 1 8 1 10 8 13 10 13 1 7
> BAT3 7 1 13 7
< RES 1637330602 118 2
< MOVE R R
> REQ 1637330602 119 2
> VAMPIRE 1 9 13 3 1 3 22
> VAMPIRE 2 7 13 2 2 3 0
> VAMPIRE 3 7 4 3 2 3 0
> VAMPIRE 4 5 1 2 1 3 20
> BAT1 1 6 13 8 6 13 4 1 1 7
> BAT2 6 1 13 4 13 6 1 8 1 10 8 13 10 13 13 7
> BAT3 7 1
< RES 1637330602 119 2
< GRENADE
< MOVE L L
> REQ 1637330602 120 2
> VAMPIRE 1 10 11 3 0 3 21
> VAMPIRE 2 7 11 2 1 3 0
> VAMPIRE 3 6 3 3 1 3 0
> VAMPIRE 4 4 3 2 0 3 19
> GRENADE 1 9 13 5 3
> GRENADE 2 7 13 5 3
> GRENADE 3 7 4 5 3
> GRENADE 4 5 1 5 3
> BAT1 1 6 13 8 6 13 4 1 1 7
> BAT2 6 1 13 4 13 6 1 8 1 10 8 13 10 13 13 7
> BAT3 7 1
< RES 1637330602 120 2
< GRENADE
> REQ 1637330602 121 2
> VAMPIRE 1 9 9 3 0 3 20
> VAMPIRE 2 7 11 2 0 3 0
> VAMPIRE 3 5 4 3 1 3 0
> VAMPIRE 4 5 5 2 0 3 18
> GRENADE 1 9 13 4 3
> GRENADE 2 7 13 4 3
> GRENADE 3 7 4 4 3
> GRENADE 4 5 1 4 3
> GRENADE 2 7 11 5 3
> BAT1 1 6 13 8 6 13 4 1 1 7
> BAT2 6 1 13 4 13 6 1 8 1 10 8 13 10 13 13 7
> BAT3 7 1
< RES 1637330602 121 2
< THROW XL 4
< MOVE U U
> REQ 1637330602 122 2
> VAMPIRE 1 9 9 3 0 3 19
> VAMPIRE 2 5 11 2 0 3 0
> VAMPIRE 3 6 3 3 0 3 0
> VAMPIRE 4 2 5 2 0 3 17
> GRENADE 1 9 13 3 3
> GRENADE 2 7 13 3 3
> GRENADE 3 7 4 3 3
> GRENADE 4 5 1 3 3
> GRENADE 2 7 7 4 3
> GRENADE 3 5 4 5 3
> BAT1 1 6 13 8 6 13 4 1 1 7
> BAT2 6 1 13 4 13 6 1 8 1 10 8 13 10 13 13 7
> BAT3 7 1
< RES 1637330602 122 2
< MOVE U U
> REQ 1637330602 123 2
> VAMPIRE 1 11 9 3 0 3 18
> VAMPIRE 2 3 11 2 0 3 0
> VAMPIRE 3 4 3 3 0 3 0
> VAMPIRE 4 3 5 2 0 3 16
> GRENADE 1 9 13 2 3
> GRENADE 2 7 13 2 3
> GRENADE 3 7 4 2 3
> GRENADE 4 5 1 2 3
> GRENADE 2 7 7 3 3
> GRENADE 3 5 4 4 3
> BAT1 1 6 13 8 6 13 4 1 1 7
> BAT2 6 1 13 4 13 6 1 8 1 10 8 13 10 13 13 7
> BAT3 7 1
< RES 1637330602 123 2
< MOVE L L
> REQ 1637330602 124 2
> VAMPIRE 1 11 6 3 0 3 17
> VAMPIRE 2 3 9 2 0 3 0
> VAMPIRE 3 2 3 3 0 3 0
> VAMPIRE 4 3 8 2 0 3 15
> GRENADE 1 9 13 1 3
> GRENADE 2 7 13 1 3
> GRENADE 3 7 4 1 3
> GRENADE 4 5 1 1 3
> GRENADE 2 7 7 2 3
> GRENADE 3 5 4 3 3
> BAT1 1 6 13 8 6 13 4 1 1 7
> BAT2 6 1 13 4 13 6 1 8 1 10 8 13 10 13 13 7
> BAT3 7 1
< RES 1637330602 124 2
< MOVE U U
> REQ 1637330602 125 2
> VAMPIRE 1 13 5 3 1 3 16
> VAMPIRE 2 1 9 2 2 3 0
> VAMPIRE 3 1 4 3 2 3 0
> VAMPIRE 4 1 9 2 1 3 14
> BAT1 1 6 13 8 6 1 10 13 1 7
> BAT2 13 4 13 6 1 8 1 10 7 1 13 7
< RES 1637330602 125 2
< GRENADE
< MOVE D D
> REQ 1637330602 126 2
> VAMPIRE 1 11 5 3 0 3 15
> VAMPIRE 2 3 9 2 1 3 0
> VAMPIRE 3 1 4 3 1 3 0
> VAMPIRE 4 3 9 2 0 3 13
> GRENADE 1 13 5 5 3
> GRENADE 2 1 9 5 3
> GRENADE 3 1 4 5 3
> GRENADE 4 1 9 5 3
> BAT1 1 6 13 8 6 1 10 13 1 7
> BAT2 13 4 13 6 1 8 1 10 7 1 13 7
< RES 1637330602 126 2
< GRENADE
< MOVE L L
> REQ 1637330602 127 2
> VAMPIRE 1 9 5 3 0 3 14
> VAMPIRE 2 3 7 2 0 3 0
> VAMPIRE 3 1 4 3 1 3 0
> VAMPIRE 4 5 9 2 0 3 12
> GRENADE 1 13 5 4 3
> GRENADE 2 1 9 4 3
> GRENADE 3 1 5 4 3
> GRENADE 4 1 9 4 3
> GRENADE 2 3 9 5 3
> BAT1 1 6 13 8 6 1 10 13 1 7
> BAT2 13 4 13 6 1 8 1 10 7 1 13 7
< RES 1637330602 127 2
< MOVE D
> REQ 1637330602 128 2
> VAMPIRE 1 9 3 3 0 3 13
> VAMPIRE 2 4 7 2 0 3 0
> VAMPIRE 3 1 4 3 1 3 0
> VAMPIRE 4 5 11 2 0 3 11
> GRENADE 1 13 5 3 3
> GRENADE 2 1 9 3 3
> GRENADE 3 1 9 3 3
> GRENADE 4 1 9 3 3
> GRENADE 2 3 9 4 3
> BAT1 1 6 13 8 6 1 10 13 1 7
> BAT2 13 4 13 6 1 8 1 10 7 1 13 7
< RES 1637330602 128 2
< MOVE D
> REQ 1637330602 129 2
> VAMPIRE 1 7 3 3 0 3 12
> VAMPIRE 2 5 7 2 0 3 0
> VAMPIRE 3 1 4 3 0 3 0
> VAMPIRE 4 7 11 2 0 3 10
> GRENADE 1 13 5 2 3
> GRENADE 2 1 9 2 3
> GRENADE 3 1 9 2 3
> GRENADE 4 1 9 2 3
> GRENADE 2 3 9 3 3
> GRENADE 3 1 4 5 3
> BAT1 1 6 13 8 6 1 10 13 1 7
> BAT2 13 4 13 6 1 8 1 10 7 1 13 7
< RES 1637330602 129 2
> REQ 1637330602 130 2
> VAMPIRE 1 7 3 3 0 3 11
> VAMPIRE 2 5 7 2 0 3 0
> VAMPIRE 3 1 4 3 0 3 0
> VAMPIRE 4 7 11 2 0 3 9
> GRENADE 1 13 5 1 3
> GRENADE 2 1 9 1 3
> GRENADE 3 1 9 1 3
> GRENADE 4 1 9 1 3
> GRENADE 2 3 9 2 3
> GRENADE 3 1 5 4 3
> BAT1 1 6 13 8 6 1 10 13 1 7
> BAT2 13 4 13 6 1 8 1 10 7 1 13 7
< RES 1637330602 130 2
< MOVE U
> REQ 1637330602 131 2
> VAMPIRE 1 7 3 3 1 3 10
> VAMPIRE 2 4 7 2 2 3 0
> VAMPIRE 3 1 4 3 1 3 0
> VAMPIRE 4 8 13 2 1 3 8
> GRENADE 3 1 9 3 3
> BAT1 1 6 13 8 6 1 13 4 13 6 1 8 1 10 10 13 1 7
> BAT2 7 1 13 7
< RES 1637330602 131 2
< GRENADE
< MOVE D D
> REQ 1637330602 132 2
> VAMPIRE 1 7 5 3 0 3 9
> VAMPIRE 2 6 7 2 1 3 0
> VAMPIRE 3 2 5 3 0 3 0
> VAMPIRE 4 7 11 2 0 3 7
> GRENADE 3 1 9 2 3
> GRENADE 1 7 3 5 3
> GRENADE 2 4 7 5 3
> GRENADE 3 1 4 5 3
> GRENADE 4 8 13 5 3
> POWERUP GRENADE -8 6 11 4
> POWERUP GRENADE -8 8 3 4
> BAT1 1 6 13 8 6 1 13 4 13 6 1 8 1 10 10 13 1 7
> BAT2 7 1 13 7
< RES 1637330602 132 2
< MOVE U R
> REQ 1637330602 133 2
> VAMPIRE 1 9 4 3 0 3 8
> VAMPIRE 2 5 8 2 1 3 0
> VAMPIRE 3 3 6 3 0 3 0
> VAMPIRE 4 6 11 2 0 3 6
> GRENADE 3 1 9 1 3
> GRENADE 1 7 3 4 3
> GRENADE 2 4 7 4 3
> GRENADE 3 1 4 4 3
> GRENADE 4 8 13 4 3
> POWERUP GRENADE -7 6 11 4
> POWERUP GRENADE -7 8 3 4
> BAT1 1 6 13 8 6 1 13 4 13 6 1 8 1 10 10 13 1 7
> BAT2 7 1 13 7
< RES 1637330602 133 2
< MOVE R R
> REQ 1637330602 134 2
> VAMPIRE 1 8 3 3 0 3 7
> VAMPIRE 2 5 10 2 1 3 0
> VAMPIRE 3 3 7 3 1 3 0
> VAMPIRE 4 6 11 2 0 3 5
> GRENADE 1 7 3 3 3
> GRENADE 2 4 7 3 3
> GRENADE 3 1 4 3 3
> GRENADE 4 8 13 3 3
> POWERUP GRENADE -6 6 11 4
> POWERUP GRENADE -6 8 3 4
> BAT1 1 6 13 8 6 1 13 4 13 6 10 13 1 7
> BAT2 7 1 13 7
< RES 1637330602 134 2
< MOVE R D
> REQ 1637330602 135 2
> VAMPIRE 1 8 3 3 0 3 6
> VAMPIRE 2 6 11 2 1 3 0
> VAMPIRE 3 3 9 3 0 3 0
> VAMPIRE 4 6 11 2 0 3 4
> GRENADE 1 7 3 2 3
> GRENADE 2 4 7 2 3
> GRENADE 3 1 4 2 3
> GRENADE 4 8 13 2 3
> GRENADE 3 3 7 5 3
> POWERUP GRENADE -5 6 11 4
> POWERUP GRENADE -5 8 3 4
> BAT1 1 6 13 8 6 1 13 4 13 6 10 13 1 7
> BAT2 7 1 13 7
< RES 1637330602 135 2
> REQ 1637330602 136 2
> VAMPIRE 1 9 2 3 0 3 5
> VAMPIRE 2 6 11 2 1 3 0
> VAMPIRE 3 1 9 3 0 3 0
> VAMPIRE 4 6 11 2 0 3 3
> GRENADE 1 7 3 1 3
> GRENADE 2 4 7 1 3
> GRENADE 3 1 4 1 3
> GRENADE 4 8 13 1 3
> GRENADE 3 3 7 4 3
> POWERUP GRENADE -4 6 11 4
> POWERUP GRENADE -4 8 3 4
> BAT1 1 6 13 8 6 1 13 4 13 6 10 13 1 7
> BAT2 7 1 13 7
< RES 1637330602 136 2
> REQ 1637330602 137 2
> VAMPIRE 1 8 1 3 1 3 4
> VAMPIRE 2 6 11 2 2 3 0
> VAMPIRE 3 1 11 3 2 3 0
> VAMPIRE 4 6 11 2 1 3 2
> POWERUP GRENADE -3 6 11 4
> POWERUP GRENADE -3 8 3 4
> BAT1 13 8 6 1 13 4 13 6 7 1
> BAT2 13 7
< RES 1637330602 137 2
> REQ 1637330602 138 2
> VAMPIRE 1 9 3 3 0 3 3
> VAMPIRE 2 6 11 2 2 3 0
> VAMPIRE 3 3 11 3 2 3 0
> VAMPIRE 4 6 11 2 1 3 1
> GRENADE 1 8 1 5 3
> POWERUP GRENADE -2 6 11 4
> POWERUP GRENADE -2 8 3 4
> BAT1 13 8 6 1 13 4 13 6 7 1
> BAT2 13 7
< RES 1637330602 138 2
< GRENADE
> REQ 1637330602 139 2
> VAMPIRE 1 8 3 3 0 3 2
> VAMPIRE 2 6 11 2 1 3 0
> VAMPIRE 3 5 11 3 2 3 0
> VAMPIRE 4 6 11 2 1 3 0
> GRENADE 1 8 1 4 3
> GRENADE 2 6 11 5 3
> POWERUP GRENADE -1 6 11 4
> POWERUP GRENADE -1 8 3 4
> BAT1 13 8 6 1 13 4 13 6 7 1
> BAT2 13 7
< RES 1637330602 139 2
< GRENADE
> REQ 1637330602 140 2
> VAMPIRE 1 8 3 3 0 3 1
> VAMPIRE 2 6 11 2 0 3 0
> VAMPIRE 3 5 9 3 2 3 0
> VAMPIRE 4 6 11 2 1 3 0
> GRENADE 1 8 1 3 3
> GRENADE 2 6 11 4 3
> GRENADE 2 6 11 5 3
> POWERUP GRENADE 17 6 11 4
> POWERUP GRENADE 17 8 3 4
> BAT1 13 8 6 1 13 4 13 6 7 1
> BAT2 13 7
< RES 1637330602 140 2
> REQ 1637330602 141 2
> VAMPIRE 1 8 3 3 0 3 0
> VAMPIRE 2 6 11 2 0 3 0
> VAMPIRE 3 5 7 3 2 3 0
> VAMPIRE 4 6 11 2 1 3 0
> GRENADE 1 8 1 2 3
> GRENADE 2 6 11 3 3
> GRENADE 2 6 11 4 3
> POWERUP GRENADE 16 6 11 4
> POWERUP GRENADE 16 8 3 4
> BAT1 13 8 6 1 13 4 13 6 7 1
> BAT2 13 7
< RES 1637330602 141 2
> REQ 1637330602 142 2
> VAMPIRE 1 8 3 3 0 3 0
> VAMPIRE 2 6 11 2 0 3 0
> VAMPIRE 3 5 5 3 2 3 0
> VAMPIRE 4 6 11 2 1 3 0
> GRENADE 1 8 1 1 3
> GRENADE 2 6 11 2 3
> GRENADE 2 6 11 3 3
> POWERUP GRENADE 15 6 11 4
> POWERUP GRENADE 15 8 3 4
> BAT1 13 8 6 1 13 4 13 6 7 1
> BAT2 13 7
< RES 1637330602 142 2
< THROW XU 4
> REQ 1637330602 143 2
> VAMPIRE 1 8 3 3 2 3 0
> VAMPIRE 2 6 11 2 1 3 0
> VAMPIRE 3 5 3 3 2 3 0
> VAMPIRE 4 7 10 2 2 3 0
> GRENADE 2 2 11 1 3
> GRENADE 2 2 11 2 3
> BAT1 13 8 6 1 13 4 13 6
> BAT2 13 7
< RES 1637330602 143 2
< MOVE D D
> REQ 1637330602 144 2
> VAMPIRE 1 8 3 3 1 3 0
> VAMPIRE 2 8 11 2 3 3 0
> VAMPIRE 3 5 1 3 2 3 0
> VAMPIRE 4 7 9 2 2 3 0
> GRENADE 1 8 3 5 3
> BAT1 13 8 6 1 13 4 13 6
> BAT2 13 7
< RES 1637330602 144 2
< MOVE D
> REQ 1637330602 145 2
> VAMPIRE 1 7 3 3 1 3 0
> VAMPIRE 2 9 11 2 3 3 0
> VAMPIRE 3 3 1 3 1 3 0
> VAMPIRE 4 7 7 2 2 3 0
> GRENADE 1 8 1 4 3
> GRENADE 3 5 1 5 3
> BAT1 13 8 6 1 13 4 13 6
> BAT2 13 7
< RES 1637330602 145 2
< MOVE D D
> REQ 1637330602 146 2
> VAMPIRE 1 7 5 3 1 3 0
> VAMPIRE 2 11 11 2 3 3 0
> VAMPIRE 3 1 1 3 0 3 0
> VAMPIRE 4 9 7 2 2 3 0
> GRENADE 1 8 1 3 3
> GRENADE 3 5 1 4 3
> GRENADE 3 3 1 5 3
> BAT1 13 8 6 1 13 4 13 6
> BAT2 13 7
< RES 1637330602 146 2
< MOVE D D
> REQ 1637330602 147 2
> VAMPIRE 1 9 5 3 1 3 0
> VAMPIRE 2 13 11 2 3 3 0
> VAMPIRE 3 1 2 3 0 3 0
> VAMPIRE 4 10 7 2 2 3 0
> GRENADE 1 8 1 2 3
> GRENADE 3 5 1 3 3
> GRENADE 3 3 1 4 3
> BAT1 13 8 6 1 13 4 13 6
> BAT2 13 7
< RES 1637330602 147 2
< GRENADE
< MOVE L L
> REQ 1637330602 148 2
> VAMPIRE 1 9 5 3 0 3 0
> VAMPIRE 2 13 9 2 2 3 0
> VAMPIRE 3 2 1 3 0 3 0
> VAMPIRE 4 11 8 2 1 3 0
> GRENADE 1 8 1 1 3
> GRENADE 3 5 1 2 3
> GRENADE 3 3 1 3 3
> GRENADE 1 9 5 5 3
> GRENADE 2 13 11 5 3
> GRENADE 4 10 7 5 3
> BAT1 13 8 6 1 13 4 13 6
> BAT2 13 7
< RES 1637330602 148 2
< GRENADE
> REQ 1637330602 149 2
> VAMPIRE 1 9 7 3 1 3 0
> VAMPIRE 2 13 9 2 1 3 0
> VAMPIRE 3 1 1 3 0 3 0
> VAMPIRE 4 11 10 2 1 3 0
> GRENADE 3 5 1 1 3
> GRENADE 3 7 1 2 3
> GRENADE 1 13 5 4 3
> GRENADE 2 13 11 4 3
> GRENADE 4 10 7 4 3
> GRENADE 2 13 9 5 3
> BAT1 13 8 13 4 13 6
> BAT2 13 7
< RES 1637330602 149 2
< THROW XL 4
< MOVE U U
> REQ 1637330602 150 2
> VAMPIRE 1 7 7 3 0 3 0
> VAMPIRE 2 11 9 2 1 3 0
> VAMPIRE 3 3 1 3 2 3 0
> VAMPIRE 4 11 9 2 1 3 0
> GRENADE 1 13 5 3 3
> GRENADE 2 13 11 3 3
> GRENADE 4 10 7 3 3
> GRENADE 2 13 5 4 3
> GRENADE 1 9 7 5 3
> BAT1 13 8 13 4 13 6
> BAT2 13 7
< RES 1637330602 150 2
< GRENADE
> REQ 1637330602 151 2
> VAMPIRE 1 7 5 3 0 3 0
> VAMPIRE 2 11 9 2 0 3 0
> VAMPIRE 3 3 3 3 2 3 0
> VAMPIRE 4 11 9 2 0 3 0
> GRENADE 1 13 5 2 3
> GRENADE 2 13 11 2 3
> GRENADE 4 10 7 2 3
> GRENADE 2 13 5 3 3
> GRENADE 1 9 7 4 3
> GRENADE 2 11 9 5 3
> GRENADE 4 11 9 5 3
> BAT1 13 8 13 4 13 6
> BAT2 13 7
< RES 1637330602 151 2
< GRENADE
> REQ 1637330602 152 2
> VAMPIRE 1 7 5 3 0 3 0
> VAMPIRE 2 11 9 2 0 3 0
> VAMPIRE 3 3 3 3 2 3 0
> VAMPIRE 4 11 9 2 0 3 0
> GRENADE 1 13 5 1 3
> GRENADE 2 13 11 1 3
> GRENADE 4 10 7 1 3
> GRENADE 2 13 5 2 3
> GRENADE 1 9 7 3 3
> GRENADE 2 11 9 4 3
> GRENADE 4 11 9 4 3
> BAT1 13 8 13 4 13 6
> BAT2 13 7
< RES 1637330602 152 2
< THROW XD 2
< MOVE R R
> REQ 1637330602 153 2
> VAMPIRE 1 7 5 3 2 3 0
> VAMPIRE 2 11 11 2 2 3 0
> VAMPIRE 3 3 3 3 2 3 0
> VAMPIRE 4 11 11 2 1 3 0
> GRENADE 2 13 9 3 3
> GRENADE 4 13 9 3 3
> BAT1 13 7
< RES 1637330602 153 2
< GRENADE
> REQ 1637330602 154 2
> VAMPIRE 1 7 7 3 2 3 0
> VAMPIRE 2 11 11 2 1 3 0
> VAMPIRE 3 3 3 3 2 3 0
> VAMPIRE 4 9 11 2 1 3 0
> GRENADE 2 13 9 2 3
> GRENADE 4 13 9 2 3
> GRENADE 2 11 11 5 3
> BAT1 13 7
< RES 1637330602 154 2
< GRENADE
< MOVE R R
> REQ 1637330602 155 2
> VAMPIRE 1 7 7 3 2 3 0
> VAMPIRE 2 11 13 2 0 3 0
> VAMPIRE 3 5 3 3 2 3 0
> VAMPIRE 4 7 11 2 1 3 0
> GRENADE 2 13 9 1 3
> GRENADE 4 13 9 1 3
> GRENADE 2 11 11 4 3
> GRENADE 2 11 11 5 3
> BAT1 13 7
< RES 1637330602 155 2
< MOVE U
> REQ 1637330602 156 2
> VAMPIRE 1 7 7 3 2 3 0
> VAMPIRE 2 10 13 2 1 3 0
> VAMPIRE 3 5 3 3 2 3 0
> VAMPIRE 4 7 9 2 2 3 0
> GRENADE 2 11 11 3 3
> GRENADE 2 11 11 4 3
< RES 1637330602 156 2
< MOVE U
> REQ 1637330602 157 2
> VAMPIRE 1 7 7 3 2 3 0
> VAMPIRE 2 9 13 2 1 3 0
> VAMPIRE 3 5 3 3 2 3 0
> VAMPIRE 4 7 9 2 2 3 0
> GRENADE 2 11 11 2 3
> GRENADE 2 11 11 3 3
< RES 1637330602 157 2
> REQ 1637330602 158 2
> VAMPIRE 1 7 7 3 2 3 0
> VAMPIRE 2 9 13 2 1 3 0
> VAMPIRE 3 5 3 3 2 3 0
> VAMPIRE 4 7 9 2 2 3 0
> GRENADE 2 11 11 1 3
> GRENADE 2 11 11 2 3
< RES 1637330602 158 2
< MOVE L L
> REQ 1637330602 159 2
> VAMPIRE 1 7 7 3 2 3 0
> VAMPIRE 2 9 11 2 3 3 0
> VAMPIRE 3 5 3 3 2 3 0
> VAMPIRE 4 7 9 2 2 3 0
< RES 1637330602 159 2
< MOVE U U
> REQ 1637330602 160 2
> VAMPIRE 1 7 7 3 2 3 0
> VAMPIRE 2 7 11 2 3 3 0
> VAMPIRE 3 5 3 3 2 3 0
> VAMPIRE 4 7 9 2 2 3 0
< RES 1637330602 160 2
< MOVE U U
> REQ 1637330602 161 2
> VAMPIRE 1 7 7 3 2 3 0
> VAMPIRE 2 5 11 2 3 3 0
> VAMPIRE 3 5 3 3 2 3 0
> VAMPIRE 4 7 9 2 2 3 0
< RES 1637330602 161 2
< MOVE D D
> REQ 1637330602 162 2
> VAMPIRE 1 7 7 3 2 3 0
> VAMPIRE 2 7 11 2 3 3 0
> VAMPIRE 3 5 3 3 2 3 0
> VAMPIRE 4 7 9 2 2 3 0
< RES 1637330602 162 2
< MOVE U U
> REQ 1637330602 163 2
> VAMPIRE 1 7 7 3 2 3 0
> VAMPIRE 2 5 11 2 3 3 0
> VAMPIRE 3 5 3 3 2 3 0
> VAMPIRE 4 7 9 2 2 3 0
< RES 1637330602 163 2
< MOVE D D
> REQ 1637330602 164 2
> VAMPIRE 1 7 7 3 2 3 0
> VAMPIRE 2 7 11 2 3 3 0
> VAMPIRE 3 5 3 3 2 3 0
> VAMPIRE 4 7 9 2 2 3 0
< RES 1637330602 164 2
< MOVE U U
> REQ 1637330602 165 2
> VAMPIRE 1 7 7 3 2 3 0
> VAMPIRE 2 5 11 2 3 3 0
> VAMPIRE 3 5 3 3 2 3 0
> VAMPIRE 4 7 9 2 2 3 0
> POWERUP SHOE -6 11 3 7
> POWERUP SHOE -6 3 11 7
< RES 1637330602 165 2
< MOVE U U
> REQ 1637330602 166 2
> VAMPIRE 1 9 7 3 2 3 0
> VAMPIRE 2 3 11 2 3 3 0
> VAMPIRE 3 7 3 3 2 3 0
> VAMPIRE 4 5 9 2 2 3 0
> POWERUP SHOE -5 11 3 7
> POWERUP SHOE -5 3 11 7
< RES 1637330602 166 2
> REQ 1637330602 167 2
> VAMPIRE 1 11 7 3 2 3 0
> VAMPIRE 2 3 11 2 3 3 0
> VAMPIRE 3 9 3 3 2 3 0
> VAMPIRE 4 3 9 2 2 3 0
> POWERUP SHOE -4 11 3 7
> POWERUP SHOE -4 3 11 7
< RES 1637330602 167 2
> REQ 1637330602 168 2
> VAMPIRE 1 11 5 3 2 3 0
> VAMPIRE 2 3 11 2 3 3 0
> VAMPIRE 3 11 3 3 2 3 0
> VAMPIRE 4 3 9 2 2 3 0
> POWERUP SHOE -3 11 3 7
> POWERUP SHOE -3 3 11 7
< RES 1637330602 168 2
> REQ 1637330602 169 2
> VAMPIRE 1 11 3 3 2 3 0
> VAMPIRE 2 3 11 2 3 3 0
> VAMPIRE 3 11 3 3 2 3 0
> VAMPIRE 4 3 9 2 2 3 0
> POWERUP SHOE -2 11 3 7
> POWERUP SHOE -2 3 11 7
< RES 1637330602 169 2
> REQ 1637330602 170 2
> VAMPIRE 1 11 3 3 2 3 0
> VAMPIRE 2 3 11 2 3 3 0
> VAMPIRE 3 11 3 3 2 3 0
> VAMPIRE 4 3 9 2 2 3 0
> POWERUP SHOE -1 11 3 7
> POWERUP SHOE -1 3 11 7
< RES 1637330602 170 2
> REQ 1637330602 171 2
> VAMPIRE 1 11 3 3 2 3 0
> VAMPIRE 2 3 11 2 3 3 0
> VAMPIRE 3 11 3 3 2 3 0
> VAMPIRE 4 3 9 2 2 3 0
> POWERUP SHOE 16 11 3 7
> POWERUP SHOE 16 3 11 7
< RES 1637330602 171 2
> REQ 1637330602 172 2
> VAMPIRE 1 11 3 3 2 3 0
> VAMPIRE 2 3 11 2 3 3 0
> VAMPIRE 3 11 3 3 2 3 0
> VAMPIRE 4 3 9 2 2 3 0
> POWERUP SHOE 15 11 3 7
> POWERUP SHOE 15 3 11 7
< RES 1637330602 172 2
> REQ 1637330602 173 2
> VAMPIRE 1 11 3 3 2 3 0
> VAMPIRE 2 3 11 2 3 3 0
> VAMPIRE 3 11 3 3 2 3 0
> VAMPIRE 4 3 9 2 2 3 0
> POWERUP SHOE 14 11 3 7
> POWERUP SHOE 14 3 11 7
< RES 1637330602 173 2
> REQ 1637330602 174 2
> VAMPIRE 1 11 3 3 2 3 0
> VAMPIRE 2 3 11 2 3 3 0
> VAMPIRE 3 11 3 3 2 3 0
> VAMPIRE 4 3 9 2 2 3 0
> POWERUP SHOE 13 11 3 7
> POWERUP SHOE 13 3 11 7
< RES 1637330602 174 2
> REQ 1637330602 175 2
> VAMPIRE 1 11 3 3 2 3 0
> VAMPIRE 2 3 11 2 3 3 0
> VAMPIRE 3 11 3 3 2 3 0
> VAMPIRE 4 3 9 2 2 3 0
> POWERUP SHOE 12 11 3 7
> POWERUP SHOE 12 3 11 7
< RES 1637330602 175 2
> REQ 1637330602 176 2
> VAMPIRE 1 11 3 3 2 3 0
> VAMPIRE 2 3 11 2 3 3 0
> VAMPIRE 3 11 3 3 2 3 0
> VAMPIRE 4 3 9 2 2 3 0
> POWERUP SHOE 11 11 3 7
> POWERUP SHOE 11 3 11 7
< RES 1637330602 176 2
> REQ 1637330602 177 2
> VAMPIRE 1 11 3 3 2 3 30
> VAMPIRE 2 3 11 2 3 3 30
> VAMPIRE 3 11 3 3 2 3 30
> VAMPIRE 4 3 9 2 2 3 0
< RES 1637330602 177 2
< MOVE L L
> REQ 1637330602 178 2
> VAMPIRE 1 11 5 3 2 3 29
> VAMPIRE 2 3 9 2 3 3 29
> VAMPIRE 3 11 5 3 2 3 29
> VAMPIRE 4 3 7 2 2 3 0
< RES 1637330602 178 2
< MOVE D D
> REQ 1637330602 179 2
> VAMPIRE 1 9 5 3 2 3 28
> VAMPIRE 2 5 9 2 3 3 28
> VAMPIRE 3 9 5 3 2 3 28
> VAMPIRE 4 5 7 2 2 3 0
< RES 1637330602 179 2
< MOVE R R
> REQ 1637330602 180 2
> VAMPIRE 1 9 3 3 2 3 27
> VAMPIRE 2 5 11 2 3 3 27
> VAMPIRE 3 9 3 3 2 3 27
> VAMPIRE 4 5 5 2 2 3 0
< RES 1637330602 180 2
< MOVE L L
> REQ 1637330602 181 2
> VAMPIRE 1 9 5 3 2 3 26
> VAMPIRE 2 5 9 2 3 3 26
> VAMPIRE 3 9 5 3 2 3 26
> VAMPIRE 4 5 5 2 2 3 0
< RES 1637330602 181 2
< MOVE R R
> REQ 1637330602 182 2
> VAMPIRE 1 9 3 3 2 3 25
> VAMPIRE 2 5 11 2 3 3 25
> VAMPIRE 3 9 3 3 2 3 25
> VAMPIRE 4 5 5 2 2 3 0
< RES 1637330602 182 2
< MOVE L L
> REQ 1637330602 183 2
> VAMPIRE 1 9 5 3 2 3 24
> VAMPIRE 2 5 9 2 3 3 24
> VAMPIRE 3 9 5 3 2 3 24
> VAMPIRE 4 5 5 2 2 3 0
< RES 1637330602 183 2
< MOVE R R
> REQ 1637330602 184 2
> VAMPIRE 1 9 3 3 2 3 23
> VAMPIRE 2 5 11 2 3 3 23
> VAMPIRE 3 9 3 3 2 3 23
> VAMPIRE 4 5 5 2 2 3 0
< RES 1637330602 184 2
< MOVE L L
> REQ 1637330602 185 2
> VAMPIRE 1 9 5 3 2 3 22
> VAMPIRE 2 5 9 2 3 3 22
> VAMPIRE 3 9 5 3 2 3 22
> VAMPIRE 4 5 5 2 2 3 0
< RES 1637330602 185 2
< MOVE R R
> REQ 1637330602 186 2
> VAMPIRE 1 9 3 3 2 3 21
> VAMPIRE 2 5 11 2 3 3 21
> VAMPIRE 3 9 3 3 2 3 21
> VAMPIRE 4 5 5 2 2 3 0
< RES 1637330602 186 2
< MOVE L L
> REQ 1637330602 187 2
> VAMPIRE 1 9 5 3 2 3 20
> VAMPIRE 2 5 9 2 3 3 20
> VAMPIRE 3 9 5 3 2 3 20
> VAMPIRE 4 5 5 2 2 3 0
< RES 1637330602 187 2
< MOVE R R
> REQ 1637330602 188 2
> VAMPIRE 1 9 3 3 2 3 19
> VAMPIRE 2 5 11 2 3 3 19
> VAMPIRE 3 9 3 3 2 3 19
> VAMPIRE 4 5 5 2 2 3 0
< RES 1637330602 188 2
< MOVE L L
> REQ 1637330602 189 2
> VAMPIRE 1 9 5 3 2 3 18
> VAMPIRE 2 5 9 2 3 3 18
> VAMPIRE 3 9 5 3 2 3 18
> VAMPIRE 4 5 5 2 2 3 0
< RES 1637330602 189 2
< MOVE R R
> REQ 1637330602 190 2
> VAMPIRE 1 9 3 3 2 3 17
> VAMPIRE 2 5 11 2 3 3 17
> VAMPIRE 3 9 3 3 2 3 17
> VAMPIRE 4 5 5 2 2 3 0
< RES 1637330602 190 2
< MOVE L L
> REQ 1637330602 191 2
> VAMPIRE 1 9 5 3 2 3 16
> VAMPIRE 2 5 9 2 3 3 16
> VAMPIRE 3 9 5 3 2 3 16
> VAMPIRE 4 5 5 2 2 3 0
< RES 1637330602 191 2
< MOVE R R
> REQ 1637330602 192 2
> VAMPIRE 1 9 3 3 2 3 15
> VAMPIRE 2 5 11 2 3 3 15
> VAMPIRE 3 9 3 3 2 3 15
> VAMPIRE 4 5 5 2 2 3 0
< RES 1637330602 192 2
< MOVE L L
> REQ 1637330602 193 2
> VAMPIRE 1 9 5 3 2 3 14
> VAMPIRE 2 5 9 2 3 3 14
> VAMPIRE 3 9 5 3 2 3 14
> VAMPIRE 4 5 5 2 2 3 0
< RES 1637330602 193 2
< MOVE R R
> REQ 1637330602 194 2
> VAMPIRE 1 9 3 3 2 3 13
> VAMPIRE 2 5 11 2 3 3 13
> VAMPIRE 3 9 3 3 2 3 13
> VAMPIRE 4 5 5 2 2 3 0
< RES 1637330602 194 2
< MOVE L L
> REQ 1637330602 195 2
> VAMPIRE 1 9 5 3 2 3 12
> VAMPIRE 2 5 9 2 3 3 12
> VAMPIRE 3 9 5 3 2 3 12
> VAMPIRE 4 5 5 2 2 3 0
< RES 1637330602 195 2
< MOVE R R
> REQ 1637330602 196 2
> VAMPIRE 1 9 3 3 2 3 11
> VAMPIRE 2 5 11 2 3 3 11
> VAMPIRE 3 9 3 3 2 3 11
> VAMPIRE 4 5 5 2 2 3 0
< RES 1637330602 196 2
< MOVE L L
> REQ 1637330602 197 2
> VAMPIRE 1 9 5 3 2 3 10
> VAMPIRE 2 5 9 2 3 3 10
> VAMPIRE 3 9 5 3 2 3 10
> VAMPIRE 4 5 5 2 2 3 0
< RES 1637330602 197 2
< MOVE R R
> REQ 1637330602 198 2
> VAMPIRE 1 9 3 3 2 3 9
> VAMPIRE 2 5 11 2 3 3 9
> VAMPIRE 3 9 3 3 2 3 9
> VAMPIRE 4 5 5 2 2 3 0
< RES 1637330602 198 2
< MOVE L L
> REQ 1637330602 199 2
> VAMPIRE 1 9 5 3 2 3 8
> VAMPIRE 2 5 9 2 3 3 8
> VAMPIRE 3 9 5 3 2 3 8
> VAMPIRE 4 5 5 2 2 3 0
< RES 1637330602 199 2
< MOVE R R
> REQ 1637330602 200 2
> VAMPIRE 1 9 3 3 2 3 7
> VAMPIRE 2 5 11 2 3 3 7
> VAMPIRE 3 9 3 3 2 3 7
> VAMPIRE 4 5 5 2 2 3 0
< RES 1637330602 200 2
< MOVE L L
> REQ 1637330602 201 2
> VAMPIRE 1 9 5 3 2 3 6
> VAMPIRE 2 5 9 2 3 3 6
> VAMPIRE 3 9 5 3 2 3 6
> VAMPIRE 4 5 5 2 2 3 0
> POWERUP SHOE -4 2 13 4
> POWERUP SHOE -4 12 1 4
< RES 1637330602 201 2
< MOVE U U R
> REQ 1637330602 202 2
> VAMPIRE 1 11 4 3 1 3 5
> VAMPIRE 2 3 10 2 3 3 5
> VAMPIRE 3 11 4 3 2 3 5
> VAMPIRE 4 3 5 2 2 3 0
> GRENADE 1 9 5 5 3
> POWERUP SHOE -3 2 13 4
> POWERUP SHOE -3 12 1 4
< RES 1637330602 202 2
< MOVE R R R
> REQ 1637330602 203 2
> VAMPIRE 1 11 1 3 1 3 4
> VAMPIRE 2 3 13 2 3 3 4
> VAMPIRE 3 11 1 3 2 3 4
> VAMPIRE 4 3 7 2 2 3 0
> GRENADE 1 9 5 4 3
> POWERUP SHOE -2 2 13 4
> POWERUP SHOE -2 12 1 4
< RES 1637330602 203 2
< MOVE U
> REQ 1637330602 204 2
> VAMPIRE 1 12 1 3 1 3 3
> VAMPIRE 2 2 13 2 3 3 3
> VAMPIRE 3 12 1 3 2 3 3
> VAMPIRE 4 3 9 2 2 3 0
> GRENADE 1 9 5 3 3
> POWERUP SHOE -1 2 13 4
> POWERUP SHOE -1 12 1 4
< RES 1637330602 204 2
> REQ 1637330602 205 2
> VAMPIRE 1 12 1 3 1 3 2
> VAMPIRE 2 2 13 2 3 3 2
> VAMPIRE 3 12 1 3 2 3 2
> VAMPIRE 4 3 11 2 2 3 0
> GRENADE 1 9 5 2 3
> POWERUP SHOE 20 2 13 4
> POWERUP SHOE 20 12 1 4
< RES 1637330602 205 2
> REQ 1637330602 206 2
> VAMPIRE 1 12 1 3 1 3 1
> VAMPIRE 2 2 13 2 3 3 1
> VAMPIRE 3 12 1 3 2 3 1
> VAMPIRE 4 3 13 2 2 3 0
> GRENADE 1 9 5 1 3
> POWERUP SHOE 19 2 13 4
> POWERUP SHOE 19 12 1 4
< RES 1637330602 206 2
< GRENADE
> REQ 1637330602 207 2
> VAMPIRE 1 12 1 3 2 3 0
> VAMPIRE 2 2 13 2 2 3 0
> VAMPIRE 3 12 1 3 2 3 0
> VAMPIRE 4 3 13 2 1 3 0
> GRENADE 2 2 13 5 3
> GRENADE 4 3 13 5 3
> POWERUP SHOE 18 2 13 4
> POWERUP SHOE 18 12 1 4
< RES 1637330602 207 2
< THROW XU 1
< MOVE U
> REQ 1637330602 208 2
> VAMPIRE 1 12 1 3 2 3 30
> VAMPIRE 2 2 13 2 2 3 30
> VAMPIRE 3 12 1 3 2 3 30
> VAMPIRE 4 3 11 2 0 3 0
> GRENADE 2 1 13 4 3
> GRENADE 4 3 13 4 3
> GRENADE 4 3 13 5 3
< RES 1637330602 208 2
> REQ 1637330602 209 2
> VAMPIRE 1 11 3 3 1 3 29
> VAMPIRE 2 2 13 2 2 3 29
> VAMPIRE 3 11 3 3 2 3 29
> VAMPIRE 4 3 9 2 0 3 0
> GRENADE 2 1 13 3 3
> GRENADE 4 3 13 3 3
> GRENADE 4 3 13 4 3
> GRENADE 1 12 1 5 3
< RES 1637330602 209 2
> REQ 1637330602 210 2
> VAMPIRE 1 11 5 3 1 3 28
> VAMPIRE 2 2 13 2 2 3 28
> VAMPIRE 3 11 5 3 2 3 28
> VAMPIRE 4 5 9 2 0 3 0
> GRENADE 2 1 13 2 3
> GRENADE 4 3 13 2 3
> GRENADE 4 3 13 3 3
> GRENADE 1 12 1 4 3
< RES 1637330602 210 2
< GRENADE
> REQ 1637330602 211 2
> VAMPIRE 1 11 5 3 0 3 27
> VAMPIRE 2 2 13 2 1 3 27
> VAMPIRE 3 9 5 3 2 3 27
> VAMPIRE 4 5 9 2 0 3 0
> GRENADE 2 1 13 1 3
> GRENADE 4 3 13 1 3
> GRENADE 4 3 13 2 3
> GRENADE 1 12 1 3 3
> GRENADE 1 11 5 5 3
> GRENADE 2 2 13 5 3
< RES 1637330602 211 2
< THROW XU 1
> REQ 1637330602 212 2
> VAMPIRE 1 11 5 3 0 3 26
> VAMPIRE 2 2 13 1 3 3 26
> VAMPIRE 3 7 5 3 2 3 26
> VAMPIRE 4 5 7 2 2 3 0
> GRENADE 1 12 1 2 3
> GRENADE 1 11 5 4 3
< RES 1637330602 212 2
< MOVE D L L
> REQ 1637330602 213 2
> VAMPIRE 1 11 7 3 0 3 25
> VAMPIRE 2 3 11 1 3 3 25
> VAMPIRE 3 5 5 3 2 3 25
> VAMPIRE 4 3 7 2 2 3 0
> GRENADE 1 12 1 1 3
> GRENADE 1 7 5 3 3
< RES 1637330602 213 2
> REQ 1637330602 214 2
> VAMPIRE 1 11 7 3 1 3 24
> VAMPIRE 2 3 11 1 3 3 24
> VAMPIRE 3 5 3 3 2 3 24
> VAMPIRE 4 3 7 2 2 3 0
> GRENADE 1 7 5 2 3
< RES 1637330602 214 2
< MOVE D D
> REQ 1637330602 215 2
> VAMPIRE 1 11 9 3 1 3 23
> VAMPIRE 2 5 11 1 3 3 23
> VAMPIRE 3 3 3 3 2 3 23
> VAMPIRE 4 3 7 2 2 3 0
> GRENADE 1 7 5 1 3
< RES 1637330602 215 2
< MOVE U U
> REQ 1637330602 216 2
> VAMPIRE 1 11 7 3 2 3 22
> VAMPIRE 2 3 11 1 3 3 22
> VAMPIRE 3 5 3 3 2 3 22
> VAMPIRE 4 5 7 2 2 3 0
< RES 1637330602 216 2
< MOVE D D
> REQ 1637330602 217 2
> VAMPIRE 1 11 9 3 2 3 21
> VAMPIRE 2 5 11 1 3 3 21
> VAMPIRE 3 5 3 3 2 3 21
> VAMPIRE 4 3 7 2 2 3 0
< RES 1637330602 217 2
< MOVE U U
> REQ 1637330602 218 2
> VAMPIRE 1 11 7 3 2 3 20
> VAMPIRE 2 3 11 1 3 3 20
> VAMPIRE 3 5 3 3 2 3 20
> VAMPIRE 4 3 7 2 2 3 0
< RES 1637330602 218 2
< MOVE D D
> REQ 1637330602 219 2
> VAMPIRE 1 11 9 3 2 3 19
> VAMPIRE 2 5 11 1 3 3 19
> VAMPIRE 3 5 3 3 2 3 19
> VAMPIRE 4 3 7 2 2 3 0
< RES 1637330602 219 2
< MOVE U U
> REQ 1637330602 220 2
> VAMPIRE 1 11 7 3 2 3 18
> VAMPIRE 2 3 11 1 3 3 18
> VAMPIRE 3 5 3 3 2 3 18
> VAMPIRE 4 3 7 2 2 3 0
< RES 1637330602 220 2
< MOVE D D
> REQ 1637330602 221 2
> VAMPIRE 1 11 9 3 2 3 17
> VAMPIRE 2 5 11 1 3 3 17
> VAMPIRE 3 5 3 3 2 3 17
> VAMPIRE 4 3 7 2 2 3 0
< RES 1637330602 221 2
< MOVE U U
> REQ 1637330602 222 2
> VAMPIRE 1 11 7 3 2 3 16
> VAMPIRE 2 3 11 1 3 3 16
> VAMPIRE 3 5 3 3 2 3 16
> VAMPIRE 4 3 7 2 2 3 0
< RES 1637330602 222 2
< MOVE D D
> REQ 1637330602 223 2
> VAMPIRE 1 11 9 3 2 3 15
> VAMPIRE 2 5 11 1 3 3 15
> VAMPIRE 3 5 3 3 2 3 15
> VAMPIRE 4 3 7 2 2 3 0
< RES 1637330602 223 2
< MOVE U U
> REQ 1637330602 224 2
> VAMPIRE 1 11 7 3 2 3 14
> VAMPIRE 2 3 11 1 3 3 14
> VAMPIRE 3 5 3 3 2 3 14
> VAMPIRE 4 3 7 2 2 3 0
< RES 1637330602 224 2
< MOVE D D
> REQ 1637330602 225 2
> VAMPIRE 1 11 9 3 2 3 13
> VAMPIRE 2 5 11 1 3 3 13
> VAMPIRE 3 5 3 3 2 3 13
> VAMPIRE 4 3 7 2 2 3 0
< RES 1637330602 225 2
< MOVE U U
> REQ 1637330602 226 2
> VAMPIRE 1 11 7 3 2 3 12
> VAMPIRE 2 3 11 1 3 3 12
> VAMPIRE 3 5 3 3 2 3 12
> VAMPIRE 4 3 7 2 2 3 0
< RES 1637330602 226 2
< MOVE D D
> REQ 1637330602 227 2
> VAMPIRE 1 11 9 3 2 3 11
> VAMPIRE 2 5 11 1 3 3 11
> VAMPIRE 3 5 3 3 2 3 11
> VAMPIRE 4 3 7 2 2 3 0
< RES 1637330602 227 2
< MOVE U U
> REQ 1637330602 228 2
> VAMPIRE 1 11 7 3 2 3 10
> VAMPIRE 2 3 11 1 3 3 10
> VAMPIRE 3 5 3 3 2 3 10
> VAMPIRE 4 3 7 2 2 3 0
< RES 1637330602 228 2
< MOVE D D
> REQ 1637330602 229 2
> VAMPIRE 1 11 9 3 2 3 9
> VAMPIRE 2 5 11 1 3 3 9
> VAMPIRE 3 5 3 3 2 3 9
> VAMPIRE 4 3 7 2 2 3 0
< RES 1637330602 229 2
< MOVE U U
> REQ 1637330602 230 2
> VAMPIRE 1 11 7 3 2 3 8
> VAMPIRE 2 3 11 1 3 3 8
> VAMPIRE 3 5 3 3 2 3 8
> VAMPIRE 4 3 7 2 2 3 0
< RES 1637330602 230 2
< MOVE D D
> REQ 1637330602 231 2
> VAMPIRE 1 11 9 3 2 3 7
> VAMPIRE 2 5 11 1 3 3 7
> VAMPIRE 3 5 3 3 2 3 7
> VAMPIRE 4 3 7 2 2 3 0
< RES 1637330602 231 2
< MOVE U U
> REQ 1637330602 232 2
> VAMPIRE 1 11 7 3 2 3 6
> VAMPIRE 2 3 11 1 3 3 6
> VAMPIRE 3 5 3 3 2 3 6
> VAMPIRE 4 3 7 2 2 3 0
< RES 1637330602 232 2
< MOVE D D
> REQ 1637330602 233 2
> VAMPIRE 1 11 9 3 2 3 5
> VAMPIRE 2 5 11 1 3 3 5
> VAMPIRE 3 5 3 3 2 3 5
> VAMPIRE 4 3 7 2 2 3 0
< RES 1637330602 233 2
< MOVE U U
> REQ 1637330602 234 2
> VAMPIRE 1 11 7 3 2 3 4
> VAMPIRE 2 3 11 1 3 3 4
> VAMPIRE 3 5 3 3 2 3 4
> VAMPIRE 4 3 7 2 2 3 0
< RES 1637330602 234 2
< MOVE D D
> REQ 1637330602 235 2
> VAMPIRE 1 11 9 3 2 3 3
> VAMPIRE 2 5 11 1 3 3 3
> VAMPIRE 3 5 3 3 2 3 3
> VAMPIRE 4 3 7 2 2 3 0
< RES 1637330602 235 2
> REQ 1637330602 236 2
> VAMPIRE 1 11 7 3 2 3 2
> VAMPIRE 2 5 11 1 3 3 2
> VAMPIRE 3 5 3 3 2 3 2
> VAMPIRE 4 3 7 2 2 3 0
< RES 1637330602 236 2
< MOVE L L
> REQ 1637330602 237 2
> VAMPIRE 1 11 7 3 2 3 1
> VAMPIRE 2 5 9 1 3 3 1
> VAMPIRE 3 5 5 3 2 3 1
> VAMPIRE 4 3 7 2 2 3 0
< RES 1637330602 237 2
< MOVE R R
> REQ 1637330602 238 2
> VAMPIRE 1 11 7 3 2 3 0
> VAMPIRE 2 5 11 1 3 3 0
> VAMPIRE 3 5 3 3 2 3 0
> VAMPIRE 4 3 7 2 2 3 0
< RES 1637330602 238 2
< MOVE D D
> REQ 1637330602 239 2
> VAMPIRE 1 9 7 3 2 3 0
> VAMPIRE 2 7 11 1 3 3 0
> VAMPIRE 3 7 3 3 2 3 0
> VAMPIRE 4 5 7 2 2 3 0
> POWERUP TOMATO -9 7 6 6
> POWERUP TOMATO -9 7 8 6
< RES 1637330602 239 2
< MOVE L L
> REQ 1637330602 240 2
> VAMPIRE 1 7 7 3 2 3 0
> VAMPIRE 2 7 9 1 3 3 0
> VAMPIRE 3 7 5 3 2 3 0
> VAMPIRE 4 7 7 2 2 3 0
> POWERUP TOMATO -8 7 6 6
> POWERUP TOMATO -8 7 8 6
< RES 1637330602 240 2
< GRENADE
< MOVE L L
> REQ 1637330602 241 2
> VAMPIRE 1 7 8 3 1 3 0
> VAMPIRE 2 7 8 1 2 3 0
> VAMPIRE 3 7 6 3 1 3 0
> VAMPIRE 4 7 8 2 1 3 0
> GRENADE 1 7 7 5 3
> GRENADE 2 7 9 5 3
> GRENADE 3 7 5 5 3
> GRENADE 4 7 7 5 3
> POWERUP TOMATO -7 7 6 6
> POWERUP TOMATO -7 7 8 6
< RES 1637330602 241 2
< GRENADE
> REQ 1637330602 242 2
> VAMPIRE 1 7 8 3 0 3 0
> VAMPIRE 2 7 8 1 1 3 0
> VAMPIRE 3 7 6 3 0 3 0
> VAMPIRE 4 7 8 2 0 3 0
> GRENADE 1 7 7 4 3
> GRENADE 2 7 9 4 3
> GRENADE 3 7 5 4 3
> GRENADE 4 7 7 4 3
> GRENADE 1 7 8 5 3
> GRENADE 2 7 8 5 3
> GRENADE 3 7 6 5 3
> GRENADE 4 7 8 5 3
> POWERUP TOMATO -6 7 6 6
> POWERUP TOMATO -6 7 8 6
< RES 1637330602 242 2
< GRENADE
> REQ 1637330602 243 2
> VAMPIRE 1 7 8 3 0 3 0
> VAMPIRE 2 7 8 1 0 3 0
> VAMPIRE 3 7 6 3 0 3 0
> VAMPIRE 4 7 8 2 0 3 0
> GRENADE 1 7 7 3 3
> GRENADE 2 7 9 3 3
> GRENADE 3 7 5 3 3
> GRENADE 4 7 7 3 3
> GRENADE 1 7 8 4 3
> GRENADE 2 7 8 4 3
> GRENADE 3 7 6 4 3
> GRENADE 4 7 8 4 3
> GRENADE 2 7 8 5 3
> POWERUP TOMATO -5 7 6 6
> POWERUP TOMATO -5 7 8 6
< RES 1637330602 243 2
< THROW R 4
> REQ 1637330602 244 2
> VAMPIRE 1 7 8 3 0 3 0
> VAMPIRE 2 7 8 1 0 3 0
> VAMPIRE 3 7 6 3 0 3 0
> VAMPIRE 4 7 8 2 0 3 0
> GRENADE 1 7 7 2 3
> GRENADE 2 7 13 2 3
> GRENADE 3 7 5 2 3
> GRENADE 4 7 7 2 3
> GRENADE 1 7 8 3 3
> GRENADE 2 7 8 3 3
> GRENADE 3 7 6 3 3
> GRENADE 4 7 8 3 3
> GRENADE 2 7 8 4 3
> POWERUP TOMATO -4 7 6 6
> POWERUP TOMATO -4 7 8 6
< RES 1637330602 244 2
< GRENADE
> REQ 1637330602 245 2
> VAMPIRE 1 7 8 3 0 3 0
> VAMPIRE 2 7 8 1 0 3 0
> VAMPIRE 3 7 6 3 0 3 0
> VAMPIRE 4 7 8 2 0 3 0
> GRENADE 1 7 7 1 3
> GRENADE 2 7 13 1 3
> GRENADE 3 7 5 1 3
> GRENADE 4 7 7 1 3
> GRENADE 1 7 8 2 3
> GRENADE 2 7 8 2 3
> GRENADE 3 7 6 2 3
> GRENADE 4 7 8 2 3
> GRENADE 2 7 8 3 3
> POWERUP TOMATO -3 7 6 6
> POWERUP TOMATO -3 7 8 6
< RES 1637330602 245 2
> END 644 Could_not_be_more_deaded
