> MESSAGE OK
> LEVEL 10
> GAMEID 1637330602
> TEST 1
> MAXTICK 800
> GRENADERADIUS 3
> SIZE 15
> REQ 1637330602 0 3
> VAMPIRE 1 1 1 3 1 3 0
> VAMPIRE 2 13 1 3 1 3 0
> VAMPIRE 3 13 13 3 1 3 0
> VAMPIRE 4 1 13 3 1 3 0
> BAT1 8 1 9 1 10 1 11 1 1 3 7 3 1 4 1 5 6 5 8 5 1 6 5 6 9 6 3 7 11 7 5 8 9 8 13 8 6 9 8 9 13 9 13 10 7 11 13 11 3 13 4 13 5 13 6 13
> BAT2 3 1 4 1 5 1 6 1 8 3 9 3 13 3 13 4 3 5 7 5 13 5 3 6 13 6 5 7 9 7 1 8 11 8 1 9 7 9 11 9 1 10 1 11 5 11 6 11 8 13 9 13 10 13 11 13
> BAT3 7 1 5 3 6 3 11 5 11 6 1 7 7 7 13 7 3 8 3 9 8 11 9 11 7 13
< RES 1637330602 0 3
> REQ 1637330602 1 3
> VAMPIRE 1 1 1 3 0 3 0
> VAMPIRE 2 13 1 3 0 3 0
> VAMPIRE 3 13 13 3 1 3 0
> VAMPIRE 4 1 13 3 1 3 0
> GRENADE 1 1 1 5 3
> GRENADE 2 13 1 5 3
> BAT1 8 1 9 1 10 1 11 1 1 3 7 3 1 4 1 5 6 5 8 5 1 6 5 6 9 6 3 7 11 7 5 8 9 8 13 8 6 9 8 9 13 9 13 10 7 11 13 11 3 13 4 13 5 13 6 13
> BAT2 3 1 4 1 5 1 6 1 8 3 9 3 13 3 13 4 3 5 7 5 13 5 3 6 13 6 5 7 9 7 1 8 11 8 1 9 7 9 11 9 1 10 1 11 5 11 6 11 8 13 9 13 10 13 11 13
> BAT3 7 1 5 3 6 3 11 5 11 6 1 7 7 7 13 7 3 8 3 9 8 11 9 11 7 13
< RES 1637330602 1 3
> REQ 1637330602 2 3
> VAMPIRE 1 1 1 3 0 3 0
> VAMPIRE 2 13 1 3 0 3 0
> VAMPIRE 3 13 13 3 1 3 0
> VAMPIRE 4 1 13 3 1 3 0
> GRENADE 1 1 1 4 3
> GRENADE 2 13 1 4 3
> BAT1 8 1 9 1 10 1 11 1 1 3 7 3 1 4 1 5 6 5 8 5 1 6 5 6 9 6 3 7 11 7 5 8 9 8 13 8 6 9 8 9 13 9 13 10 7 11 13 11 3 13 4 13 5 13 6 13
> BAT2 3 1 4 1 5 1 6 1 8 3 9 3 13 3 13 4 3 5 7 5 13 5 3 6 13 6 5 7 9 7 1 8 11 8 1 9 7 9 11 9 1 10 1 11 5 11 6 11 8 13 9 13 10 13 11 13
> BAT3 7 1 5 3 6 3 11 5 11 6 1 7 7 7 13 7 3 8 3 9 8 11 9 11 7 13
< RES 1637330602 2 3
> REQ 1637330602 3 3
> VAMPIRE 1 1 1 3 0 3 0
> VAMPIRE 2 13 1 3 0 3 0
> VAMPIRE 3 13 13 3 1 3 0
> VAMPIRE 4 1 13 3 1 3 0
> GRENADE 1 1 1 3 3
> GRENADE 2 13 1 3 3
> BAT1 8 1 9 1 10 1 11 1 1 3 7 3 1 4 1 5 6 5 8 5 1 6 5 6 9 6 3 7 11 7 5 8 9 8 13 8 6 9 8 9 13 9 13 10 7 11 13 11 3 13 4 13 5 13 6 13
> BAT2 3 1 4 1 5 1 6 1 8 3 9 3 13 3 13 4 3 5 7 5 13 5 3 6 13 6 5 7 9 7 1 8 11 8 1 9 7 9 11 9 1 10 1 11 5 11 6 11 8 13 9 13 10 13 11 13
> BAT3 7 1 5 3 6 3 11 5 11 6 1 7 7 7 13 7 3 8 3 9 8 11 9 11 7 13
< RES 1637330602 3 3
> REQ 1637330602 4 3
> VAMPIRE 1 2 1 3 0 3 0
> VAMPIRE 2 13 2 3 0 3 0
> VAMPIRE 3 13 13 3 1 3 0
> VAMPIRE 4 1 13 3 1 3 0
> GRENADE 1 1 2 2 3
> GRENADE 2 12 1 2 3
> BAT1 8 1 9 1 10 1 11 1 1 3 7 3 1 4 1 5 6 5 8 5 1 6 5 6 9 6 3 7 11 7 5 8 9 8 13 8 6 9 8 9 13 9 13 10 7 11 13 11 3 13 4 13 5 13 6 13
> BAT2 3 1 4 1 5 1 6 1 8 3 9 3 13 3 13 4 3 5 7 5 13 5 3 6 13 6 5 7 9 7 1 8 11 8 1 9 7 9 11 9 1 10 1 11 5 11 6 11 8 13 9 13 10 13 11 13
> BAT3 7 1 5 3 6 3 11 5 11 6 1 7 7 7 13 7 3 8 3 9 8 11 9 11 7 13
< RES 1637330602 4 3
> REQ 1637330602 5 3
> VAMPIRE 1 2 1 3 0 3 0
> VAMPIRE 2 13 2 3 0 3 0
> VAMPIRE 3 13 13 3 1 3 0
> VAMPIRE 4 1 13 3 1 3 0
> GRENADE 1 1 2 1 3
> GRENADE 2 12 1 1 3
> BAT1 8 1 9 1 10 1 11 1 1 3 7 3 1 4 1 5 6 5 8 5 1 6 5 6 9 6 3 7 11 7 5 8 9 8 13 8 6 9 8 9 13 9 13 10 7 11 13 11 3 13 4 13 5 13 6 13
> BAT2 3 1 4 1 5 1 6 1 8 3 9 3 13 3 13 4 3 5 7 5 13 5 3 6 13 6 5 7 9 7 1 8 11 8 1 9 7 9 11 9 1 10 1 11 5 11 6 11 8 13 9 13 10 13 11 13
> BAT3 7 1 5 3 6 3 11 5 11 6 1 7 7 7 13 7 3 8 3 9 8 11 9 11 7 13
< RES 1637330602 5 3
> REQ 1637330602 6 3
> VAMPIRE 1 1 1 3 1 3 0
> VAMPIRE 2 13 1 3 1 3 0
> VAMPIRE 3 13 13 3 1 3 0
> VAMPIRE 4 1 13 3 1 3 0
> BAT1 8 1 9 1 10 1 7 3 1 4 1 5 6 5 8 5 1 6 5 6 9 6 3 7 11 7 5 8 9 8 13 8 6 9 8 9 13 9 13 10 7 11 13 11 3 13 4 13 5 13 6 13
> BAT2 3 1 4 1 5 1 6 1 8 3 9 3 13 3 13 4 3 5 7 5 13 5 3 6 13 6 5 7 9 7 1 8 11 8 1 9 7 9 11 9 1 10 1 11 5 11 6 11 8 13 9 13 10 13 11 13
> BAT3 7 1 5 3 6 3 11 5 11 6 1 7 7 7 13 7 3 8 3 9 8 11 9 11 7 13
< RES 1637330602 6 3
> REQ 1637330602 7 3
> VAMPIRE 1 1 3 3 1 3 0
> VAMPIRE 2 11 1 3 1 3 0
> VAMPIRE 3 13 13 3 1 3 0
> VAMPIRE 4 1 13 3 1 3 0
> BAT1 8 1 9 1 10 1 7 3 1 4 1 5 6 5 8 5 1 6 5 6 9 6 3 7 11 7 5 8 9 8 13 8 6 9 8 9 13 9 13 10 7 11 13 11 3 13 4 13 5 13 6 13
> BAT2 3 1 4 1 5 1 6 1 8 3 9 3 13 3 13 4 3 5 7 5 13 5 3 6 13 6 5 7 9 7 1 8 11 8 1 9 7 9 11 9 1 10 1 11 5 11 6 11 8 13 9 13 10 13 11 13
> BAT3 7 1 5 3 6 3 11 5 11 6 1 7 7 7 13 7 3 8 3 9 8 11 9 11 7 13
< RES 1637330602 7 3
> REQ 1637330602 8 3
> VAMPIRE 1 3 3 3 1 3 0
> VAMPIRE 2 11 3 3 1 3 0
> VAMPIRE 3 13 13 3 1 3 0
> VAMPIRE 4 1 13 3 1 3 0
> BAT1 8 1 9 1 10 1 7 3 1 4 1 5 6 5 8 5 1 6 5 6 9 6 3 7 11 7 5 8 9 8 13 8 6 9 8 9 13 9 13 10 7 11 13 11 3 13 4 13 5 13 6 13
> BAT2 3 1 4 1 5 1 6 1 8 3 9 3 13 3 13 4 3 5 7 5 13 5 3 6 13 6 5 7 9 7 1 8 11 8 1 9 7 9 11 9 1 10 1 11 5 11 6 11 8 13 9 13 10 13 11 13
> BAT3 7 1 5 3 6 3 11 5 11 6 1 7 7 7 13 7 3 8 3 9 8 11 9 11 7 13
< RES 1637330602 8 3
> REQ 1637330602 9 3
> VAMPIRE 1 1 3 3 0 3 0
> VAMPIRE 2 11 1 3 0 3 0
> VAMPIRE 3 13 13 3 1 3 0
> VAMPIRE 4 1 13 3 1 3 0
> GRENADE 1 3 3 5 3
> GRENADE 2 11 3 5 3
> BAT1 8 1 9 1 10 1 7 3 1 4 1 5 6 5 8 5 1 6 5 6 9 6 3 7 11 7 5 8 9 8 13 8 6 9 8 9 13 9 13 10 7 11 13 11 3 13 4 13 5 13 6 13
> BAT2 3 1 4 1 5 1 6 1 8 3 9 3 13 3 13 4 3 5 7 5 13 5 3 6 13 6 5 7 9 7 1 8 11 8 1 9 7 9 11 9 1 10 1 11 5 11 6 11 8 13 9 13 10 13 11 13
> BAT3 7 1 5 3 6 3 11 5 11 6 1 7 7 7 13 7 3 8 3 9 8 11 9 11 7 13
< RES 1637330602 9 3
> REQ 1637330602 10 3
> VAMPIRE 1 1 2 3 0 3 0
> VAMPIRE 2 12 1 3 0 3 0
> VAMPIRE 3 13 13 3 1 3 0
> VAMPIRE 4 1 13 3 1 3 0
> GRENADE 1 3 3 4 3
> GRENADE 2 11 3 4 3
> BAT1 8 1 9 1 10 1 7 3 1 4 1 5 6 5 8 5 1 6 5 6 9 6 3 7 11 7 5 8 9 8 13 8 6 9 8 9 13 9 13 10 7 11 13 11 3 13 4 13 5 13 6 13
> BAT2 3 1 4 1 5 1 6 1 8 3 9 3 13 3 13 4 3 5 7 5 13 5 3 6 13 6 5 7 9 7 1 8 11 8 1 9 7 9 11 9 1 10 1 11 5 11 6 11 8 13 9 13 10 13 11 13
> BAT3 7 1 5 3 6 3 11 5 11 6 1 7 7 7 13 7 3 8 3 9 8 11 9 11 7 13
< RES 1637330602 10 3
> REQ 1637330602 11 3
> VAMPIRE 1 1 2 3 0 3 0
> VAMPIRE 2 12 1 3 0 3 0
> VAMPIRE 3 13 13 3 1 3 0
> VAMPIRE 4 1 13 3 1 3 0
> GRENADE 1 3 3 3 3
> GRENADE 2 11 3 3 3
> BAT1 8 1 9 1 10 1 7 3 1 4 1 5 6 5 8 5 1 6 5 6 9 6 3 7 11 7 5 8 9 8 13 8 6 9 8 9 13 9 13 10 7 11 13 11 3 13 4 13 5 13 6 13
> BAT2 3 1 4 1 5 1 6 1 8 3 9 3 13 3 13 4 3 5 7 5 13 5 3 6 13 6 5 7 9 7 1 8 11 8 1 9 7 9 11 9 1 10 1 11 5 11 6 11 8 13 9 13 10 13 11 13
> BAT3 7 1 5 3 6 3 11 5 11 6 1 7 7 7 13 7 3 8 3 9 8 11 9 11 7 13
< RES 1637330602 11 3
> REQ 1637330602 12 3
> VAMPIRE 1 1 2 3 0 3 0
> VAMPIRE 2 12 1 3 0 3 0
> VAMPIRE 3 13 13 3 1 3 0
> VAMPIRE 4 1 13 3 1 3 0
> GRENADE 1 3 3 2 3
> GRENADE 2 11 3 2 3
> BAT1 8 1 9 1 10 1 7 3 1 4 1 5 6 5 8 5 1 6 5 6 9 6 3 7 11 7 5 8 9 8 13 8 6 9 8 9 13 9 13 10 7 11 13 11 3 13 4 13 5 13 6 13
> BAT2 3 1 4 1 5 1 6 1 8 3 9 3 13 3 13 4 3 5 7 5 13 5 3 6 13 6 5 7 9 7 1 8 11 8 1 9 7 9 11 9 1 10 1 11 5 11 6 11 8 13 9 13 10 13 11 13
> BAT3 7 1 5 3 6 3 11 5 11 6 1 7 7 7 13 7 3 8 3 9 8 11 9 11 7 13
< RES 1637330602 12 3
> REQ 1637330602 13 3
> VAMPIRE 1 1 2 3 0 3 0
> VAMPIRE 2 12 1 3 0 3 0
> VAMPIRE 3 13 13 3 1 3 0
> VAMPIRE 4 1 13 3 1 3 0
> GRENADE 1 3 3 1 3
> GRENADE 2 11 3 1 3
> BAT1 8 1 9 1 10 1 7 3 1 4 1 5 6 5 8 5 1 6 5 6 9 6 3 7 11 7 5 8 9 8 13 8 6 9 8 9 13 9 13 10 7 11 13 11 3 13 4 13 5 13 6 13
> BAT2 3 1 4 1 5 1 6 1 8 3 9 3 13 3 13 4 3 5 7 5 13 5 3 6 13 6 5 7 9 7 1 8 11 8 1 9 7 9 11 9 1 10 1 11 5 11 6 11 8 13 9 13 10 13 11 13
> BAT3 7 1 5 3 6 3 11 5 11 6 1 7 7 7 13 7 3 8 3 9 8 11 9 11 7 13
< RES 1637330602 13 3
> REQ 1637330602 14 3
> VAMPIRE 1 2 3 3 1 3 0
> VAMPIRE 2 11 2 3 1 3 0
> VAMPIRE 3 13 13 3 1 3 0
> VAMPIRE 4 1 13 3 1 3 0
> BAT1 8 1 9 1 10 1 7 3 1 4 1 5 6 5 8 5 1 6 5 6 9 6 3 7 11 7 5 8 9 8 13 8 6 9 8 9 13 9 13 10 7 11 13 11 3 13 4 13 5 13 6 13 3 1 9 3 13 3 3 5
> BAT2 4 1 5 1 6 1 8 3 13 4 7 5 13 5 3 6 13 6 5 7 9 7 1 8 11 8 1 9 7 9 11 9 1 10 1 11 5 11 6 11 8 13 9 13 10 13 11 13 5 3 11 5
> BAT3 7 1 6 3 11 6 1 7 7 7 13 7 3 8 3 9 8 11 9 11 7 13
< RES 1637330602 14 3
> REQ 1637330602 15 3
> VAMPIRE 1 3 3 3 1 3 0
> VAMPIRE 2 10 3 3 1 3 0
> VAMPIRE 3 13 13 3 1 3 0
> VAMPIRE 4 1 13 3 1 3 0
> BAT1 8 1 9 1 10 1 7 3 1 4 1 5 6 5 8 5 1 6 5 6 9 6 3 7 11 7 5 8 9 8 13 8 6 9 8 9 13 9 13 10 7 11 13 11 3 13 4 13 5 13 6 13 3 1 9 3 13 3 3 5
> BAT2 4 1 5 1 6 1 8 3 13 4 7 5 13 5 3 6 13 6 5 7 9 7 1 8 11 8 1 9 7 9 11 9 1 10 1 11 5 11 6 11 8 13 9 13 10 13 11 13 5 3 11 5
> BAT3 7 1 6 3 11 6 1 7 7 7 13 7 3 8 3 9 8 11 9 11 7 13
< RES 1637330602 15 3
> REQ 1637330602 16 3
> VAMPIRE 1 1 3 3 0 3 0
> VAMPIRE 2 11 2 3 0 3 0
> VAMPIRE 3 13 13 3 1 3 0
> VAMPIRE 4 1 13 3 1 3 0
> GRENADE 1 3 3 5 3
> GRENADE 2 10 3 5 3
> BAT1 8 1 9 1 10 1 7 3 1 4 1 5 6 5 8 5 1 6 5 6 9 6 3 7 11 7 5 8 9 8 13 8 6 9 8 9 13 9 13 10 7 11 13 11 3 13 4 13 5 13 6 13 3 1 9 3 13 3 3 5
> BAT2 4 1 5 1 6 1 8 3 13 4 7 5 13 5 3 6 13 6 5 7 9 7 1 8 11 8 1 9 7 9 11 9 1 10 1 11 5 11 6 11 8 13 9 13 10 13 11 13 5 3 11 5
> BAT3 7 1 6 3 11 6 1 7 7 7 13 7 3 8 3 9 8 11 9 11 7 13
< RES 1637330602 16 3
> REQ 1637330602 17 3
> VAMPIRE 1 1 2 3 0 3 0
> VAMPIRE 2 11 1 3 0 3 0
> VAMPIRE 3 13 13 3 1 3 0
> VAMPIRE 4 1 13 3 1 3 0
> GRENADE 1 3 3 4 3
> GRENADE 2 10 3 4 3
> BAT1 8 1 9 1 10 1 7 3 1 4 1 5 6 5 8 5 1 6 5 6 9 6 3 7 11 7 5 8 9 8 13 8 6 9 8 9 13 9 13 10 7 11 13 11 3 13 4 13 5 13 6 13 3 1 9 3 13 3 3 5
> BAT2 4 1 5 1 6 1 8 3 13 4 7 5 13 5 3 6 13 6 5 7 9 7 1 8 11 8 1 9 7 9 11 9 1 10 1 11 5 11 6 11 8 13 9 13 10 13 11 13 5 3 11 5
> BAT3 7 1 6 3 11 6 1 7 7 7 13 7 3 8 3 9 8 11 9 11 7 13
< RES 1637330602 17 3
> REQ 1637330602 18 3
> VAMPIRE 1 1 2 3 0 3 0
> VAMPIRE 2 11 1 3 0 3 0
> VAMPIRE 3 13 13 3 1 3 0
> VAMPIRE 4 1 13 3 1 3 0
> GRENADE 1 3 3 3 3
> GRENADE 2 10 3 3 3
> BAT1 8 1 9 1 10 1 7 3 1 4 1 5 6 5 8 5 1 6 5 6 9 6 3 7 11 7 5 8 9 8 13 8 6 9 8 9 13 9 13 10 7 11 13 11 3 13 4 13 5 13 6 13 3 1 9 3 13 3 3 5
> BAT2 4 1 5 1 6 1 8 3 13 4 7 5 13 5 3 6 13 6 5 7 9 7 1 8 11 8 1 9 7 9 11 9 1 10 1 11 5 11 6 11 8 13 9 13 10 13 11 13 5 3 11 5
> BAT3 7 1 6 3 11 6 1 7 7 7 13 7 3 8 3 9 8 11 9 11 7 13
< RES 1637330602 18 3
> REQ 1637330602 19 3
> VAMPIRE 1 1 2 3 0 3 0
> VAMPIRE 2 11 1 3 0 3 0
> VAMPIRE 3 13 13 3 1 3 0
> VAMPIRE 4 1 13 3 1 3 0
> GRENADE 1 3 3 2 3
> GRENADE 2 10 3 2 3
> BAT1 8 1 9 1 10 1 7 3 1 4 1 5 6 5 8 5 1 6 5 6 9 6 3 7 11 7 5 8 9 8 13 8 6 9 8 9 13 9 13 10 7 11 13 11 3 13 4 13 5 13 6 13 3 1 9 3 13 3 3 5
> BAT2 4 1 5 1 6 1 8 3 13 4 7 5 13 5 3 6 13 6 5 7 9 7 1 8 11 8 1 9 7 9 11 9 1 10 1 11 5 11 6 11 8 13 9 13 10 13 11 13 5 3 11 5
> BAT3 7 1 6 3 11 6 1 7 7 7 13 7 3 8 3 9 8 11 9 11 7 13
< RES 1637330602 19 3
> REQ 1637330602 20 3
> VAMPIRE 1 1 2 3 0 3 0
> VAMPIRE 2 11 1 3 0 3 0
> VAMPIRE 3 13 13 3 1 3 0
> VAMPIRE 4 1 13 3 1 3 0
> GRENADE 1 3 3 1 3
> GRENADE 2 10 3 1 3
> BAT1 8 1 9 1 10 1 7 3 1 4 1 5 6 5 8 5 1 6 5 6 9 6 3 7 11 7 5 8 9 8 13 8 6 9 8 9 13 9 13 10 7 11 13 11 3 13 4 13 5 13 6 13 3 1 9 3 13 3 3 5
> BAT2 4 1 5 1 6 1 8 3 13 4 7 5 13 5 3 6 13 6 5 7 9 7 1 8 11 8 1 9 7 9 11 9 1 10 1 11 5 11 6 11 8 13 9 13 10 13 11 13 5 3 11 5
> BAT3 7 1 6 3 11 6 1 7 7 7 13 7 3 8 3 9 8 11 9 11 7 13
< RES 1637330602 20 3
> REQ 1637330602 21 3
> VAMPIRE 1 1 3 3 1 3 0
> VAMPIRE 2 11 3 3 1 3 0
> VAMPIRE 3 13 13 3 1 3 0
> VAMPIRE 4 1 13 3 1 3 0
> BAT1 8 1 9 1 10 1 7 3 1 4 1 5 6 5 8 5 1 6 5 6 9 6 3 7 11 7 5 8 9 8 13 8 6 9 8 9 13 9 13 10 7 11 13 11 3 13 4 13 5 13 6 13 5 3
> BAT2 4 1 5 1 6 1 8 3 13 4 7 5 13 5 3 6 13 6 5 7 9 7 1 8 11 8 1 9 7 9 11 9 1 10 1 11 5 11 6 11 8 13 9 13 10 13 11 13 11 5
> BAT3 7 1 6 3 11 6 1 7 7 7 13 7 3 8 3 9 8 11 9 11 7 13
< RES 1637330602 21 3
> REQ 1637330602 22 3
> VAMPIRE 1 3 3 3 1 3 0
> VAMPIRE 2 11 3 3 0 3 0
> VAMPIRE 3 13 13 3 1 3 0
> VAMPIRE 4 1 13 3 1 3 0
> GRENADE 2 11 3 5 3
> BAT1 8 1 9 1 10 1 7 3 1 4 1 5 6 5 8 5 1 6 5 6 9 6 3 7 11 7 5 8 9 8 13 8 6 9 8 9 13 9 13 10 7 11 13 11 3 13 4 13 5 13 6 13 5 3
> BAT2 4 1 5 1 6 1 8 3 13 4 7 5 13 5 3 6 13 6 5 7 9 7 1 8 11 8 1 9 7 9 11 9 1 10 1 11 5 11 6 11 8 13 9 13 10 13 11 13 11 5
> BAT3 7 1 6 3 11 6 1 7 7 7 13 7 3 8 3 9 8 11 9 11 7 13
< RES 1637330602 22 3
> REQ 1637330602 23 3
> VAMPIRE 1 3 3 3 0 3 0
> VAMPIRE 2 11 1 3 0 3 0
> VAMPIRE 3 13 13 3 1 3 0
> VAMPIRE 4 1 13 3 1 3 0
> GRENADE 2 9 3 4 3
> GRENADE 1 3 3 5 3
> BAT1 8 1 9 1 10 1 7 3 1 4 1 5 6 5 8 5 1 6 5 6 9 6 3 7 11 7 5 8 9 8 13 8 6 9 8 9 13 9 13 10 7 11 13 11 3 13 4 13 5 13 6 13 5 3
> BAT2 4 1 5 1 6 1 8 3 13 4 7 5 13 5 3 6 13 6 5 7 9 7 1 8 11 8 1 9 7 9 11 9 1 10 1 11 5 11 6 11 8 13 9 13 10 13 11 13 11 5
> BAT3 7 1 6 3 11 6 1 7 7 7 13 7 3 8 3 9 8 11 9 11 7 13
< RES 1637330602 23 3
> REQ 1637330602 24 3
> VAMPIRE 1 1 3 3 0 3 0
> VAMPIRE 2 11 1 3 0 3 0
> VAMPIRE 3 13 13 3 1 3 0
> VAMPIRE 4 1 13 3 1 3 0
> GRENADE 2 9 3 3 3
> GRENADE 1 3 5 4 3
> BAT1 8 1 9 1 10 1 7 3 1 4 1 5 6 5 8 5 1 6 5 6 9 6 3 7 11 7 5 8 9 8 13 8 6 9 8 9 13 9 13 10 7 11 13 11 3 13 4 13 5 13 6 13 5 3
> BAT2 4 1 5 1 6 1 8 3 13 4 7 5 13 5 3 6 13 6 5 7 9 7 1 8 11 8 1 9 7 9 11 9 1 10 1 11 5 11 6 11 8 13 9 13 10 13 11 13 11 5
> BAT3 7 1 6 3 11 6 1 7 7 7 13 7 3 8 3 9 8 11 9 11 7 13
< RES 1637330602 24 3
> REQ 1637330602 25 3
> VAMPIRE 1 1 3 3 0 3 0
> VAMPIRE 2 11 1 3 0 3 0
> VAMPIRE 3 13 13 3 1 3 0
> VAMPIRE 4 1 13 3 1 3 0
> GRENADE 2 9 3 2 3
> GRENADE 1 3 5 3 3
> BAT1 8 1 9 1 10 1 7 3 1 4 1 5 6 5 8 5 1 6 5 6 9 6 3 7 11 7 5 8 9 8 13 8 6 9 8 9 13 9 13 10 7 11 13 11 3 13 4 13 5 13 6 13 5 3
> BAT2 4 1 5 1 6 1 8 3 13 4 7 5 13 5 3 6 13 6 5 7 9 7 1 8 11 8 1 9 7 9 11 9 1 10 1 11 5 11 6 11 8 13 9 13 10 13 11 13 11 5
> BAT3 7 1 6 3 11 6 1 7 7 7 13 7 3 8 3 9 8 11 9 11 7 13
< RES 1637330602 25 3
> REQ 1637330602 26 3
> VAMPIRE 1 1 3 3 0 3 0
> VAMPIRE 2 11 1 3 0 3 0
> VAMPIRE 3 13 13 3 1 3 0
> VAMPIRE 4 1 13 3 1 3 0
> GRENADE 2 9 3 1 3
> GRENADE 1 3 5 2 3
> BAT1 8 1 9 1 10 1 7 3 1 4 1 5 6 5 8 5 1 6 5 6 9 6 3 7 11 7 5 8 9 8 13 8 6 9 8 9 13 9 13 10 7 11 13 11 3 13 4 13 5 13 6 13 5 3
> BAT2 4 1 5 1 6 1 8 3 13 4 7 5 13 5 3 6 13 6 5 7 9 7 1 8 11 8 1 9 7 9 11 9 1 10 1 11 5 11 6 11 8 13 9 13 10 13 11 13 11 5
> BAT3 7 1 6 3 11 6 1 7 7 7 13 7 3 8 3 9 8 11 9 11 7 13
< RES 1637330602 26 3
> REQ 1637330602 27 3
> VAMPIRE 1 1 3 3 0 3 0
> VAMPIRE 2 11 3 3 1 3 0
> VAMPIRE 3 13 13 3 1 3 0
> VAMPIRE 4 1 13 3 1 3 0
> GRENADE 1 3 5 1 3
> BAT1 8 1 10 1 7 3 1 4 1 5 6 5 8 5 1 6 5 6 3 7 11 7 5 8 9 8 13 8 6 9 8 9 13 9 13 10 7 11 13 11 3 13 4 13 5 13 6 13 8 3 5 3
> BAT2 4 1 5 1 6 1 13 4 7 5 13 5 3 6 13 6 5 7 9 7 1 8 11 8 1 9 7 9 11 9 1 10 1 11 5 11 6 11 8 13 9 13 10 13 11 13 11 5
> BAT3 7 1 6 3 11 6 1 7 7 7 13 7 3 8 3 9 8 11 9 11 7 13
< RES 1637330602 27 3
> REQ 1637330602 28 3
> VAMPIRE 1 1 1 3 1 3 0
> VAMPIRE 2 9 3 3 0 3 0
> VAMPIRE 3 13 13 3 1 3 0
> VAMPIRE 4 1 13 3 1 3 0
> GRENADE 2 11 3 5 3
> BAT1 8 1 10 1 7 3 1 4 8 5 1 6 5 6 3 7 11 7 5 8 9 8 13 8 6 9 8 9 13 9 13 10 7 11 13 11 3 13 4 13 5 13 6 13 8 3 3 6 5 3
> BAT2 4 1 5 1 6 1 13 4 7 5 13 5 13 6 5 7 9 7 1 8 11 8 1 9 7 9 11 9 1 10 1 11 5 11 6 11 8 13 9 13 10 13 11 13 11 5
> BAT3 7 1 6 3 11 6 1 7 7 7 13 7 3 8 3 9 8 11 9 11 7 13
< RES 1637330602 28 3
> REQ 1637330602 29 3
> VAMPIRE 1 3 1 3 0 3 0
> VAMPIRE 2 9 5 3 0 3 0
> VAMPIRE 3 13 13 3 1 3 0
> VAMPIRE 4 1 13 3 1 3 0
> GRENADE 2 11 3 4 3
> GRENADE 1 1 1 5 3
> BAT1 8 1 10 1 7 3 1 4 8 5 1 6 5 6 3 7 11 7 5 8 9 8 13 8 6 9 8 9 13 9 13 10 7 11 13 11 3 13 4 13 5 13 6 13 8 3 3 6 5 3
> BAT2 4 1 5 1 6 1 13 4 7 5 13 5 13 6 5 7 9 7 1 8 11 8 1 9 7 9 11 9 1 10 1 11 5 11 6 11 8 13 9 13 10 13 11 13 11 5
> BAT3 7 1 6 3 11 6 1 7 7 7 13 7 3 8 3 9 8 11 9 11 7 13
< RES 1637330602 29 3
> REQ 1637330602 30 3
> VAMPIRE 1 3 3 3 0 3 0
> VAMPIRE 2 9 5 3 0 3 0
> VAMPIRE 3 13 13 3 1 3 0
> VAMPIRE 4 1 13 3 1 3 0
> GRENADE 2 11 3 3 3
> GRENADE 1 1 1 4 3
> BAT1 8 1 10 1 7 3 1 4 8 5 1 6 5 6 3 7 11 7 5 8 9 8 13 8 6 9 8 9 13 9 13 10 7 11 13 11 3 13 4 13 5 13 6 13 8 3 3 6 5 3
> BAT2 4 1 5 1 6 1 13 4 7 5 13 5 13 6 5 7 9 7 1 8 11 8 1 9 7 9 11 9 1 10 1 11 5 11 6 11 8 13 9 13 10 13 11 13 11 5
> BAT3 7 1 6 3 11 6 1 7 7 7 13 7 3 8 3 9 8 11 9 11 7 13
< RES 1637330602 30 3
> REQ 1637330602 31 3
> VAMPIRE 1 3 3 3 0 3 0
> VAMPIRE 2 9 5 3 0 3 0
> VAMPIRE 3 13 13 3 1 3 0
> VAMPIRE 4 1 13 3 1 3 0
> GRENADE 2 11 3 2 3
> GRENADE 1 1 1 3 3
> BAT1 8 1 10 1 7 3 1 4 8 5 1 6 5 6 3 7 11 7 5 8 9 8 13 8 6 9 8 9 13 9 13 10 7 11 13 11 3 13 4 13 5 13 6 13 8 3 3 6 5 3
> BAT2 4 1 5 1 6 1 13 4 7 5 13 5 13 6 5 7 9 7 1 8 11 8 1 9 7 9 11 9 1 10 1 11 5 11 6 11 8 13 9 13 10 13 11 13 11 5
> BAT3 7 1 6 3 11 6 1 7 7 7 13 7 3 8 3 9 8 11 9 11 7 13
< RES 1637330602 31 3
> REQ 1637330602 32 3
> VAMPIRE 1 3 3 3 0 3 0
> VAMPIRE 2 9 5 3 0 3 0
> VAMPIRE 3 13 13 3 1 3 0
> VAMPIRE 4 1 13 3 1 3 0
> GRENADE 2 11 3 1 3
> GRENADE 1 1 1 2 3
> BAT1 8 1 10 1 7 3 1 4 8 5 1 6 5 6 3 7 11 7 5 8 9 8 13 8 6 9 8 9 13 9 13 10 7 11 13 11 3 13 4 13 5 13 6 13 8 3 3 6 5 3
> BAT2 4 1 5 1 6 1 13 4 7 5 13 5 13 6 5 7 9 7 1 8 11 8 1 9 7 9 11 9 1 10 1 11 5 11 6 11 8 13 9 13 10 13 11 13 11 5
> BAT3 7 1 6 3 11 6 1 7 7 7 13 7 3 8 3 9 8 11 9 11 7 13
< RES 1637330602 32 3
> REQ 1637330602 33 3
> VAMPIRE 1 3 5 3 0 3 0
> VAMPIRE 2 9 5 3 1 3 0
> VAMPIRE 3 13 13 3 1 3 0
> VAMPIRE 4 1 13 3 1 3 0
> GRENADE 1 1 1 1 3
> BAT1 8 1 10 1 7 3 1 4 8 5 1 6 5 6 3 7 11 7 5 8 9 8 13 8 6 9 8 9 13 9 13 10 7 11 13 11 3 13 4 13 5 13 6 13 3 6 5 3 11 5
> BAT2 4 1 5 1 6 1 13 4 7 5 13 5 13 6 5 7 9 7 1 8 11 8 1 9 7 9 11 9 1 10 1 11 5 11 6 11 8 13 9 13 10 13 11 13
> BAT3 7 1 6 3 11 6 1 7 7 7 13 7 3 8 3 9 8 11 9 11 7 13
< RES 1637330602 33 3
> REQ 1637330602 34 3
> VAMPIRE 1 5 5 3 1 3 0
> VAMPIRE 2 9 5 3 0 3 0
> VAMPIRE 3 13 13 3 1 3 0
> VAMPIRE 4 1 13 3 1 3 0
> GRENADE 2 9 5 5 3
> BAT1 8 1 10 1 7 3 8 5 1 6 5 6 3 7 11 7 5 8 9 8 13 8 6 9 8 9 13 9 13 10 7 11 13 11 3 13 4 13 5 13 6 13 4 1 3 6 5 3 11 5
> BAT2 5 1 6 1 13 4 7 5 13 5 13 6 5 7 9 7 1 8 11 8 1 9 7 9 11 9 1 10 1 11 5 11 6 11 8 13 9 13 10 13 11 13
> BAT3 7 1 6 3 11 6 1 7 7 7 13 7 3 8 3 9 8 11 9 11 7 13
< RES 1637330602 34 3
> REQ 1637330602 35 3
> VAMPIRE 1 3 5 3 0 3 0
> VAMPIRE 2 9 5 3 0 3 0
> VAMPIRE 3 13 13 3 1 3 0
> VAMPIRE 4 1 13 3 1 3 0
> GRENADE 2 9 9 4 3
> GRENADE 1 5 5 5 3
> BAT1 8 1 10 1 7 3 8 5 1 6 5 6 3 7 11 7 5 8 9 8 13 8 6 9 8 9 13 9 13 10 7 11 13 11 3 13 4 13 5 13 6 13 4 1 3 6 5 3 11 5
> BAT2 5 1 6 1 13 4 7 5 13 5 13 6 5 7 9 7 1 8 11 8 1 9 7 9 11 9 1 10 1 11 5 11 6 11 8 13 9 13 10 13 11 13
> BAT3 7 1 6 3 11 6 1 7 7 7 13 7 3 8 3 9 8 11 9 11 7 13
< RES 1637330602 35 3
> REQ 1637330602 36 3
> VAMPIRE 1 3 3 3 0 3 0
> VAMPIRE 2 9 3 3 0 3 0
> VAMPIRE 3 13 13 3 1 3 0
> VAMPIRE 4 1 13 3 1 3 0
> GRENADE 2 9 9 3 3
> GRENADE 1 5 5 4 3
> BAT1 8 1 10 1 7 3 8 5 1 6 5 6 3 7 11 7 5 8 9 8 13 8 6 9 8 9 13 9 13 10 7 11 13 11 3 13 4 13 5 13 6 13 4 1 3 6 5 3 11 5
> BAT2 5 1 6 1 13 4 7 5 13 5 13 6 5 7 9 7 1 8 11 8 1 9 7 9 11 9 1 10 1 11 5 11 6 11 8 13 9 13 10 13 11 13
> BAT3 7 1 6 3 11 6 1 7 7 7 13 7 3 8 3 9 8 11 9 11 7 13
< RES 1637330602 36 3
> REQ 1637330602 37 3
> VAMPIRE 1 3 3 3 0 3 0
> VAMPIRE 2 9 3 3 0 3 0
> VAMPIRE 3 13 13 3 1 3 0
> VAMPIRE 4 1 13 3 1 3 0
> GRENADE 2 9 9 2 3
> GRENADE 1 5 5 3 3
> BAT1 8 1 10 1 7 3 8 5 1 6 5 6 3 7 11 7 5 8 9 8 13 8 6 9 8 9 13 9 13 10 7 11 13 11 3 13 4 13 5 13 6 13 4 1 3 6 5 3 11 5
> BAT2 5 1 6 1 13 4 7 5 13 5 13 6 5 7 9 7 1 8 11 8 1 9 7 9 11 9 1 10 1 11 5 11 6 11 8 13 9 13 10 13 11 13
> BAT3 7 1 6 3 11 6 1 7 7 7 13 7 3 8 3 9 8 11 9 11 7 13
< RES 1637330602 37 3
> REQ 1637330602 38 3
> VAMPIRE 1 3 3 3 0 3 0
> VAMPIRE 2 9 5 3 0 3 0
> VAMPIRE 3 13 13 3 1 3 0
> VAMPIRE 4 1 13 3 1 3 0
> GRENADE 2 9 9 1 3
> GRENADE 1 5 5 2 3
> BAT1 8 1 10 1 7 3 8 5 1 6 5 6 3 7 11 7 5 8 9 8 13 8 6 9 8 9 13 9 13 10 7 11 13 11 3 13 4 13 5 13 6 13 4 1 3 6 5 3 11 5
> BAT2 5 1 6 1 13 4 7 5 13 5 13 6 5 7 9 7 1 8 11 8 1 9 7 9 11 9 1 10 1 11 5 11 6 11 8 13 9 13 10 13 11 13
> BAT3 7 1 6 3 11 6 1 7 7 7 13 7 3 8 3 9 8 11 9 11 7 13
< RES 1637330602 38 3
> REQ 1637330602 39 3
> VAMPIRE 1 3 3 3 0 3 0
> VAMPIRE 2 9 5 3 1 3 0
> VAMPIRE 3 13 13 3 1 3 0
> VAMPIRE 4 1 13 3 1 3 0
> GRENADE 1 5 5 1 3
> BAT1 8 1 10 1 7 3 8 5 1 6 5 6 3 7 11 7 5 8 13 8 6 9 13 9 13 10 7 11 13 11 3 13 4 13 5 13 6 13 4 1 3 6 11 9 5 3 11 5
> BAT2 5 1 6 1 13 4 7 5 13 5 13 6 5 7 9 7 1 8 11 8 1 9 7 9 1 10 1 11 5 11 6 11 8 13 9 13 10 13 11 13 9 11
> BAT3 7 1 6 3 11 6 1 7 7 7 13 7 3 8 3 9 8 11 7 13
< RES 1637330602 39 3
> REQ 1637330602 40 3
> VAMPIRE 1 3 3 3 1 3 0
> VAMPIRE 2 9 5 3 0 3 0
> VAMPIRE 3 13 13 3 1 3 0
> VAMPIRE 4 1 13 3 1 3 0
> GRENADE 2 9 5 5 3
> BAT1 8 1 10 1 7 3 8 5 1 6 3 7 11 7 5 8 13 8 6 9 13 9 13 10 7 11 13 11 3 13 4 13 5 13 6 13 4 1 7 5 3 6 11 9 11 5
> BAT2 5 1 6 1 13 4 13 5 13 6 5 7 9 7 1 8 11 8 1 9 7 9 1 10 1 11 5 11 6 11 8 13 9 13 10 13 11 13 9 11
> BAT3 7 1 6 3 11 6 1 7 7 7 13 7 3 8 3 9 8 11 7 13
< RES 1637330602 40 3
> REQ 1637330602 41 3
> VAMPIRE 1 3 3 3 0 3 0
> VAMPIRE 2 9 5 3 0 3 0
> VAMPIRE 3 13 13 3 1 3 0
> VAMPIRE 4 1 13 3 1 3 0
> GRENADE 2 9 9 4 3
> GRENADE 1 3 3 5 3
> BAT1 8 1 10 1 7 3 8 5 1 6 3 7 11 7 5 8 13 8 6 9 13 9 13 10 7 11 13 11 3 13 4 13 5 13 6 13 4 1 7 5 3 6 11 9 11 5
> BAT2 5 1 6 1 13 4 13 5 13 6 5 7 9 7 1 8 11 8 1 9 7 9 1 10 1 11 5 11 6 11 8 13 9 13 10 13 11 13 9 11
> BAT3 7 1 6 3 11 6 1 7 7 7 13 7 3 8 3 9 8 11 7 13
< RES 1637330602 41 3
> REQ 1637330602 42 3
> VAMPIRE 1 3 5 3 0 3 0
> VAMPIRE 2 9 3 3 0 3 0
> VAMPIRE 3 13 13 3 1 3 0
> VAMPIRE 4 1 13 3 1 3 0
> GRENADE 2 9 9 3 3
> GRENADE 1 5 3 4 3
> BAT1 8 1 10 1 7 3 8 5 1 6 3 7 11 7 5 8 13 8 6 9 13 9 13 10 7 11 13 11 3 13 4 13 5 13 6 13 4 1 7 5 3 6 11 9 11 5
> BAT2 5 1 6 1 13 4 13 5 13 6 5 7 9 7 1 8 11 8 1 9 7 9 1 10 1 11 5 11 6 11 8 13 9 13 10 13 11 13 9 11
> BAT3 7 1 6 3 11 6 1 7 7 7 13 7 3 8 3 9 8 11 7 13
< RES 1637330602 42 3
> REQ 1637330602 43 3
> VAMPIRE 1 3 5 3 0 3 0
> VAMPIRE 2 9 3 3 0 3 0
> VAMPIRE 3 13 13 3 1 3 0
> VAMPIRE 4 1 13 3 1 3 0
> GRENADE 2 9 9 2 3
> GRENADE 1 5 3 3 3
> BAT1 8 1 10 1 7 3 8 5 1 6 3 7 11 7 5 8 13 8 6 9 13 9 13 10 7 11 13 11 3 13 4 13 5 13 6 13 4 1 7 5 3 6 11 9 11 5
> BAT2 5 1 6 1 13 4 13 5 13 6 5 7 9 7 1 8 11 8 1 9 7 9 1 10 1 11 5 11 6 11 8 13 9 13 10 13 11 13 9 11
> BAT3 7 1 6 3 11 6 1 7 7 7 13 7 3 8 3 9 8 11 7 13
< RES 1637330602 43 3
> REQ 1637330602 44 3
> VAMPIRE 1 3 5 3 0 3 0
> VAMPIRE 2 9 5 3 0 3 0
> VAMPIRE 3 13 13 3 1 3 0
> VAMPIRE 4 1 13 3 1 3 0
> GRENADE 2 9 9 1 3
> GRENADE 1 5 3 2 3
> BAT1 8 1 10 1 7 3 8 5 1 6 3 7 11 7 5 8 13 8 6 9 13 9 13 10 7 11 13 11 3 13 4 13 5 13 6 13 4 1 7 5 3 6 11 9 11 5
> BAT2 5 1 6 1 13 4 13 5 13 6 5 7 9 7 1 8 11 8 1 9 7 9 1 10 1 11 5 11 6 11 8 13 9 13 10 13 11 13 9 11
> BAT3 7 1 6 3 11 6 1 7 7 7 13 7 3 8 3 9 8 11 7 13
< RES 1637330602 44 3
> REQ 1637330602 45 3
> VAMPIRE 1 3 5 3 0 3 0
> VAMPIRE 2 9 5 3 1 3 0
> VAMPIRE 3 13 13 3 1 3 0
> VAMPIRE 4 1 13 3 1 3 0
> GRENADE 1 5 3 1 3
> BAT1 8 1 10 1 7 3 8 5 1 6 3 7 11 7 5 8 13 8 6 9 13 9 13 10 7 11 13 11 3 13 4 13 5 13 6 13 4 1 7 5 3 6 9 7 7 9 11 5 9 11
> BAT2 5 1 6 1 13 4 13 5 13 6 5 7 1 8 11 8 1 9 1 10 1 11 5 11 6 11 8 13 9 13 10 13 11 13
> BAT3 7 1 6 3 11 6 1 7 7 7 13 7 3 8 3 9 8 11 7 13
< RES 1637330602 45 3
> REQ 1637330602 46 3
> VAMPIRE 1 5 5 3 1 3 0
> VAMPIRE 2 9 3 3 0 3 0
> VAMPIRE 3 13 13 3 1 3 0
> VAMPIRE 4 1 13 3 1 3 0
> GRENADE 2 9 5 5 3
> BAT1 8 1 10 1 7 3 8 5 1 6 3 7 11 7 5 8 13 8 6 9 13 9 13 10 7 11 13 11 3 13 4 13 5 13 6 13 4 1 5 1 7 5 3 6 9 7 7 9 11 5 9 11
> BAT2 6 1 13 4 13 5 13 6 5 7 1 8 11 8 1 9 1 10 1 11 5 11 6 11 8 13 9 13 10 13 11 13 6 3
> BAT3 7 1 11 6 1 7 7 7 13 7 3 8 3 9 8 11 7 13
< RES 1637330602 46 3
> REQ 1637330602 47 3
> VAMPIRE 1 5 5 3 0 3 0
> VAMPIRE 2 11 3 3 0 3 0
> VAMPIRE 3 13 13 3 1 3 0
> VAMPIRE 4 1 13 3 1 3 0
> GRENADE 2 9 5 4 3
> GRENADE 1 5 5 5 3
> BAT1 8 1 10 1 7 3 8 5 1 6 3 7 11 7 5 8 13 8 6 9 13 9 13 10 7 11 13 11 3 13 4 13 5 13 6 13 4 1 5 1 7 5 3 6 9 7 7 9 11 5 9 11
> BAT2 6 1 13 4 13 5 13 6 5 7 1 8 11 8 1 9 1 10 1 11 5 11 6 11 8 13 9 13 10 13 11 13 6 3
> BAT3 7 1 11 6 1 7 7 7 13 7 3 8 3 9 8 11 7 13
< RES 1637330602 47 3
> REQ 1637330602 48 3
> VAMPIRE 1 5 5 3 0 3 0
> VAMPIRE 2 11 3 3 0 3 0
> VAMPIRE 3 13 13 3 1 3 0
> VAMPIRE 4 1 13 3 1 3 0
> GRENADE 2 9 5 3 3
> GRENADE 1 5 9 4 3
> BAT1 8 1 10 1 7 3 8 5 1 6 3 7 11 7 5 8 13 8 6 9 13 9 13 10 7 11 13 11 3 13 4 13 5 13 6 13 4 1 5 1 7 5 3 6 9 7 7 9 11 5 9 11
> BAT2 6 1 13 4 13 5 13 6 5 7 1 8 11 8 1 9 1 10 1 11 5 11 6 11 8 13 9 13 10 13 11 13 6 3
> BAT3 7 1 11 6 1 7 7 7 13 7 3 8 3 9 8 11 7 13
< RES 1637330602 48 3
> REQ 1637330602 49 3
> VAMPIRE 1 5 5 3 0 3 0
> VAMPIRE 2 9 3 3 0 3 0
> VAMPIRE 3 13 13 3 1 3 0
> VAMPIRE 4 1 13 3 1 3 0
> GRENADE 2 9 5 2 3
> GRENADE 1 5 9 3 3
> BAT1 8 1 10 1 7 3 8 5 1 6 3 7 11 7 5 8 13 8 6 9 13 9 13 10 7 11 13 11 3 13 4 13 5 13 6 13 4 1 5 1 7 5 3 6 9 7 7 9 11 5 9 11
> BAT2 6 1 13 4 13 5 13 6 5 7 1 8 11 8 1 9 1 10 1 11 5 11 6 11 8 13 9 13 10 13 11 13 6 3
> BAT3 7 1 11 6 1 7 7 7 13 7 3 8 3 9 8 11 7 13
< RES 1637330602 49 3
> REQ 1637330602 50 3
> VAMPIRE 1 5 5 3 0 3 0
> VAMPIRE 2 11 3 3 0 3 0
> VAMPIRE 3 13 13 3 1 3 0
> VAMPIRE 4 1 13 3 1 3 0
> GRENADE 2 9 5 1 3
> GRENADE 1 5 9 2 3
> BAT1 8 1 10 1 7 3 8 5 1 6 3 7 11 7 5 8 13 8 6 9 13 9 13 10 7 11 13 11 3 13 4 13 5 13 6 13 4 1 5 1 7 5 3 6 9 7 7 9 11 5 9 11
> BAT2 6 1 13 4 13 5 13 6 5 7 1 8 11 8 1 9 1 10 1 11 5 11 6 11 8 13 9 13 10 13 11 13 6 3
> BAT3 7 1 11 6 1 7 7 7 13 7 3 8 3 9 8 11 7 13
< RES 1637330602 50 3
< MOVE L
> REQ 1637330602 51 3
> VAMPIRE 1 5 5 3 0 3 0
> VAMPIRE 2 9 3 3 1 3 0
> VAMPIRE 3 13 12 3 1 3 0
> VAMPIRE 4 1 13 3 1 3 0
> GRENADE 1 5 9 1 3
> BAT1 8 1 10 1 7 3 1 6 3 7 11 7 5 8 13 8 6 9 13 9 13 10 7 11 13 11 3 13 4 13 5 13 6 13 4 1 5 1 7 5 3 6 7 9 9 11
> BAT2 6 1 13 4 13 5 13 6 5 7 1 8 11 8 1 9 1 10 1 11 5 11 6 11 8 13 9 13 10 13 11 13 6 3
> BAT3 7 1 11 6 1 7 7 7 13 7 3 8 3 9 8 11 7 13
< RES 1637330602 51 3
< GRENADE
< MOVE R U
> REQ 1637330602 52 3
> VAMPIRE 1 5 5 3 1 3 0
> VAMPIRE 2 9 3 3 0 3 0
> VAMPIRE 3 12 13 3 0 3 0
> VAMPIRE 4 1 13 3 1 3 0
> GRENADE 2 9 3 5 3
> GRENADE 3 13 12 5 3
> BAT1 8 1 10 1 7 3 1 6 3 7 11 7 13 8 13 9 13 10 7 11 13 11 3 13 4 13 5 13 6 13 4 1 5 1 7 5 3 6 7 9 5 11 9 11
> BAT2 6 1 13 4 13 5 13 6 5 7 1 8 11 8 1 9 1 10 1 11 6 11 8 13 9 13 10 13 11 13 6 3 3 9
> BAT3 7 1 11 6 1 7 7 7 13 7 3 8 8 11 7 13
< RES 1637330602 52 3
> REQ 1637330602 53 3
> VAMPIRE 1 5 5 3 0 3 0
> VAMPIRE 2 9 3 3 0 3 0
> VAMPIRE 3 12 13 3 0 3 0
> VAMPIRE 4 1 13 3 1 3 0
> GRENADE 2 5 3 4 3
> GRENADE 3 13 12 4 3
> GRENADE 1 5 5 5 3
> BAT1 8 1 10 1 7 3 1 6 3 7 11 7 13 8 13 9 13 10 7 11 13 11 3 13 4 13 5 13 6 13 4 1 5 1 7 5 3 6 7 9 5 11 9 11
> BAT2 6 1 13 4 13 5 13 6 5 7 1 8 11 8 1 9 1 10 1 11 6 11 8 13 9 13 10 13 11 13 6 3 3 9
> BAT3 7 1 11 6 1 7 7 7 13 7 3 8 8 11 7 13
< RES 1637330602 53 3
> REQ 1637330602 54 3
> VAMPIRE 1 3 5 3 0 3 0
> VAMPIRE 2 9 3 3 0 3 0
> VAMPIRE 3 12 13 3 0 3 0
> VAMPIRE 4 1 13 3 1 3 0
> GRENADE 2 5 3 3 3
> GRENADE 3 13 12 3 3
> GRENADE 1 5 9 4 3
> BAT1 8 1 10 1 7 3 1 6 3 7 11 7 13 8 13 9 13 10 7 11 13 11 3 13 4 13 5 13 6 13 4 1 5 1 7 5 3 6 7 9 5 11 9 11
> BAT2 6 1 13 4 13 5 13 6 5 7 1 8 11 8 1 9 1 10 1 11 6 11 8 13 9 13 10 13 11 13 6 3 3 9
> BAT3 7 1 11 6 1 7 7 7 13 7 3 8 8 11 7 13
< RES 1637330602 54 3
> REQ 1637330602 55 3
> VAMPIRE 1 3 5 3 0 3 0
> VAMPIRE 2 9 3 3 0 3 0
> VAMPIRE 3 12 13 3 0 3 0
> VAMPIRE 4 1 13 3 1 3 0
> GRENADE 2 5 3 2 3
> GRENADE 3 13 12 2 3
> GRENADE 1 5 9 3 3
> BAT1 8 1 10 1 7 3 1 6 3 7 11 7 13 8 13 9 13 10 7 11 13 11 3 13 4 13 5 13 6 13 4 1 5 1 7 5 3 6 7 9 5 11 9 11
> BAT2 6 1 13 4 13 5 13 6 5 7 1 8 11 8 1 9 1 10 1 11 6 11 8 13 9 13 10 13 11 13 6 3 3 9
> BAT3 7 1 11 6 1 7 7 7 13 7 3 8 8 11 7 13
< RES 1637330602 55 3
> REQ 1637330602 56 3
> VAMPIRE 1 3 5 3 0 3 0
> VAMPIRE 2 9 2 3 0 3 0
> VAMPIRE 3 12 13 3 0 3 0
> VAMPIRE 4 1 13 3 1 3 0
> GRENADE 2 5 3 1 3
> GRENADE 3 13 12 1 3
> GRENADE 1 5 9 2 3
> BAT1 8 1 10 1 7 3 1 6 3 7 11 7 13 8 13 9 13 10 7 11 13 11 3 13 4 13 5 13 6 13 4 1 5 1 7 5 3 6 7 9 5 11 9 11
> BAT2 6 1 13 4 13 5 13 6 5 7 1 8 11 8 1 9 1 10 1 11 6 11 8 13 9 13 10 13 11 13 6 3 3 9
> BAT3 7 1 11 6 1 7 7 7 13 7 3 8 8 11 7 13
< RES 1637330602 56 3
< MOVE D
> REQ 1637330602 57 3
> VAMPIRE 1 5 5 3 0 3 0
> VAMPIRE 2 9 1 3 1 3 0
> VAMPIRE 3 13 13 3 1 3 0
> VAMPIRE 4 1 13 3 1 3 0
> GRENADE 1 5 9 1 3
> BAT1 8 1 10 1 7 3 1 6 3 7 11 7 13 8 13 9 13 10 7 11 3 13 4 13 5 13 6 13 4 1 7 5 3 6 7 9 5 11 6 3 9 11
> BAT2 6 1 13 4 13 5 13 6 5 7 1 8 11 8 1 9 1 10 1 11 6 11 8 13 9 13 10 13 11 13 3 9
> BAT3 7 1 11 6 1 7 7 7 13 7 3 8 8 11 7 13
< RES 1637330602 57 3
< GRENADE
< MOVE L L
> REQ 1637330602 58 3
> VAMPIRE 1 5 5 3 1 3 0
> VAMPIRE 2 9 3 3 0 3 0
> VAMPIRE 3 13 11 3 0 3 0
> VAMPIRE 4 1 13 3 1 3 0
> GRENADE 2 9 1 5 3
> GRENADE 3 13 13 5 3
> BAT1 8 1 10 1 7 3 1 6 3 7 11 7 13 8 13 9 13 10 7 11 3 13 4 13 5 13 6 13 4 1 7 5 3 6 5 7 6 3 3 9 9 11
> BAT2 6 1 13 4 13 5 13 6 1 8 11 8 1 9 1 10 1 11 6 11 8 13 9 13 10 13 11 13
> BAT3 7 1 11 6 1 7 7 7 13 7 3 8 8 11 7 13
< RES 1637330602 58 3
< MOVE U U
> REQ 1637330602 59 3
> VAMPIRE 1 3 5 3 0 3 0
> VAMPIRE 2 9 5 3 0 3 0
> VAMPIRE 3 11 11 3 0 3 0
> VAMPIRE 4 1 13 3 1 3 0
> GRENADE 2 9 1 4 3
> GRENADE 3 13 13 4 3
> GRENADE 1 5 5 5 3
> BAT1 8 1 10 1 7 3 1 6 3 7 11 7 13 8 13 9 13 10 7 11 3 13 4 13 5 13 6 13 4 1 7 5 3 6 5 7 6 3 3 9 9 11
> BAT2 6 1 13 4 13 5 13 6 1 8 11 8 1 9 1 10 1 11 6 11 8 13 9 13 10 13 11 13
> BAT3 7 1 11 6 1 7 7 7 13 7 3 8 8 11 7 13
< RES 1637330602 59 3
> REQ 1637330602 60 3
> VAMPIRE 1 3 3 3 0 3 0
> VAMPIRE 2 9 5 3 0 3 0
> VAMPIRE 3 11 11 3 0 3 0
> VAMPIRE 4 1 13 3 1 3 0
> GRENADE 2 9 1 3 3
> GRENADE 3 13 13 3 3
> GRENADE 1 5 5 4 3
> BAT1 8 1 10 1 7 3 1 6 3 7 11 7 13 8 13 9 13 10 7 11 3 13 4 13 5 13 6 13 4 1 7 5 3 6 5 7 6 3 3 9 9 11
> BAT2 6 1 13 4 13 5 13 6 1 8 11 8 1 9 1 10 1 11 6 11 8 13 9 13 10 13 11 13
> BAT3 7 1 11 6 1 7 7 7 13 7 3 8 8 11 7 13
< RES 1637330602 60 3
> REQ 1637330602 61 3
> VAMPIRE 1 3 3 3 0 3 0
> VAMPIRE 2 9 5 3 0 3 0
> VAMPIRE 3 11 11 3 0 3 0
> VAMPIRE 4 1 13 3 1 3 0
> GRENADE 2 9 1 2 3
> GRENADE 3 13 13 2 3
> GRENADE 1 5 5 3 3
> BAT1 8 1 10 1 7 3 1 6 3 7 11 7 13 8 13 9 13 10 7 11 3 13 4 13 5 13 6 13 4 1 7 5 3 6 5 7 6 3 3 9 9 11
> BAT2 6 1 13 4 13 5 13 6 1 8 11 8 1 9 1 10 1 11 6 11 8 13 9 13 10 13 11 13
> BAT3 7 1 11 6 1 7 7 7 13 7 3 8 8 11 7 13
< RES 1637330602 61 3
> REQ 1637330602 62 3
> VAMPIRE 1 3 3 3 0 3 0
> VAMPIRE 2 9 5 3 0 3 0
> VAMPIRE 3 11 11 3 0 3 0
> VAMPIRE 4 1 13 3 1 3 0
> GRENADE 2 9 1 1 3
> GRENADE 3 13 13 1 3
> GRENADE 1 5 5 2 3
> BAT1 8 1 10 1 7 3 1 6 3 7 11 7 13 8 13 9 13 10 7 11 3 13 4 13 5 13 6 13 4 1 7 5 3 6 5 7 6 3 3 9 9 11
> BAT2 6 1 13 4 13 5 13 6 1 8 11 8 1 9 1 10 1 11 6 11 8 13 9 13 10 13 11 13
> BAT3 7 1 11 6 1 7 7 7 13 7 3 8 8 11 7 13
< RES 1637330602 62 3
> REQ 1637330602 63 3
> VAMPIRE 1 3 3 3 0 3 0
> VAMPIRE 2 11 5 3 1 3 0
> VAMPIRE 3 11 11 3 1 3 0
> VAMPIRE 4 1 13 3 1 3 0
> GRENADE 1 5 5 1 3
> BAT1 7 3 1 6 3 7 11 7 13 8 13 9 7 11 3 13 4 13 5 13 6 13 4 1 7 5 3 6 5 7 11 13 6 3 3 9 9 11
> BAT2 6 1 13 4 13 5 13 6 1 8 11 8 1 9 1 10 1 11 6 11 8 13 9 13 10 13
> BAT3 7 1 11 6 1 7 7 7 13 7 3 8 8 11 7 13
< RES 1637330602 63 3
< GRENADE
< MOVE L L
> REQ 1637330602 64 3
> VAMPIRE 1 3 3 3 1 3 0
> VAMPIRE 2 9 5 3 0 3 0
> VAMPIRE 3 11 9 3 0 3 0
> VAMPIRE 4 1 13 3 1 3 0
> GRENADE 2 11 5 5 3
> GRENADE 3 11 11 5 3
> BAT1 7 3 1 6 3 7 11 7 13 8 13 9 7 11 3 13 4 13 5 13 6 13 4 1 3 6 11 13 6 3 3 9 9 11
> BAT2 6 1 13 4 13 5 13 6 1 8 11 8 1 9 1 10 1 11 6 11 8 13 9 13 10 13
> BAT3 7 1 11 6 1 7 7 7 13 7 3 8 8 11 7 13
< RES 1637330602 64 3
< MOVE U
> REQ 1637330602 65 3
> VAMPIRE 1 5 3 3 0 3 0
> VAMPIRE 2 9 3 3 0 3 0
> VAMPIRE 3 10 9 3 0 3 0
> VAMPIRE 4 1 13 3 1 3 0
> GRENADE 2 11 5 4 3
> GRENADE 3 11 11 4 3
> GRENADE 1 3 3 5 3
> BAT1 7 3 1 6 3 7 11 7 13 8 13 9 7 11 3 13 4 13 5 13 6 13 4 1 3 6 11 13 6 3 3 9 9 11
> BAT2 6 1 13 4 13 5 13 6 1 8 11 8 1 9 1 10 1 11 6 11 8 13 9 13 10 13
> BAT3 7 1 11 6 1 7 7 7 13 7 3 8 8 11 7 13
< RES 1637330602 65 3
< MOVE U
> REQ 1637330602 66 3
> VAMPIRE 1 5 5 3 0 3 0
> VAMPIRE 2 10 3 3 0 3 0
> VAMPIRE 3 9 9 3 0 3 0
> VAMPIRE 4 1 13 3 1 3 0
> GRENADE 2 11 5 3 3
> GRENADE 3 11 11 3 3
> GRENADE 1 3 3 4 3
> BAT1 7 3 1 6 3 7 11 7 13 8 13 9 7 11 3 13 4 13 5 13 6 13 4 1 3 6 11 13 6 3 3 9 9 11
> BAT2 6 1 13 4 13 5 13 6 1 8 11 8 1 9 1 10 1 11 6 11 8 13 9 13 10 13
> BAT3 7 1 11 6 1 7 7 7 13 7 3 8 8 11 7 13
< RES 1637330602 66 3
> REQ 1637330602 67 3
> VAMPIRE 1 5 7 3 0 3 0
> VAMPIRE 2 11 4 3 0 3 0
> VAMPIRE 3 9 9 3 0 3 0
> VAMPIRE 4 1 13 3 1 3 0
> GRENADE 2 11 5 2 3
> GRENADE 3 11 11 2 3
> GRENADE 1 3 3 3 3
> BAT1 7 3 1 6 3 7 11 7 13 8 13 9 7 11 3 13 4 13 5 13 6 13 4 1 3 6 11 13 6 3 3 9 9 11
> BAT2 6 1 13 4 13 5 13 6 1 8 11 8 1 9 1 10 1 11 6 11 8 13 9 13 10 13
> BAT3 7 1 11 6 1 7 7 7 13 7 3 8 8 11 7 13
< RES 1637330602 67 3
< MOVE L L
> REQ 1637330602 68 3
> VAMPIRE 1 5 9 3 0 3 0
> VAMPIRE 2 11 3 3 0 3 0
> VAMPIRE 3 9 7 3 0 3 0
> VAMPIRE 4 1 13 3 1 3 0
> GRENADE 2 11 9 1 3
> GRENADE 3 11 11 1 3
> GRENADE 1 3 3 2 3
> BAT1 7 3 1 6 3 7 11 7 13 8 13 9 7 11 3 13 4 13 5 13 6 13 4 1 3 6 11 13 6 3 3 9 9 11
> BAT2 6 1 13 4 13 5 13 6 1 8 11 8 1 9 1 10 1 11 6 11 8 13 9 13 10 13
> BAT3 7 1 11 6 1 7 7 7 13 7 3 8 8 11 7 13
< RES 1637330602 68 3
> REQ 1637330602 69 3
> VAMPIRE 1 5 11 3 0 3 0
> VAMPIRE 2 11 5 3 1 3 0
> VAMPIRE 3 9 7 3 1 3 0
> VAMPIRE 4 1 13 3 1 3 0
> GRENADE 1 3 3 1 3
> BAT1 7 3 1 6 3 7 11 7 13 8 7 11 3 13 4 13 5 13 6 13 4 1 3 6 11 8 6 3 3 9
> BAT2 6 1 13 4 13 5 13 6 1 8 1 9 1 10 1 11 6 11 8 13 9 13 10 13
> BAT3 7 1 11 6 1 7 7 7 13 7 3 8 8 11 7 13
< RES 1637330602 69 3
< GRENADE
> REQ 1637330602 70 3
> VAMPIRE 1 3 11 3 1 3 0
> VAMPIRE 2 11 3 3 0 3 0
> VAMPIRE 3 9 7 3 0 3 0
> VAMPIRE 4 1 13 3 1 3 0
> GRENADE 2 11 5 5 3
> GRENADE 3 9 7 5 3
> BAT1 7 3 1 6 3 7 11 7 13 8 7 11 3 13 4 13 5 13 6 13 4 1 11 8 3 9
> BAT2 6 1 13 4 13 5 13 6 1 8 1 9 1 10 1 11 6 11 8 13 9 13 10 13
> BAT3 7 1 11 6 1 7 7 7 13 7 3 8 8 11 7 13
< RES 1637330602 70 3
< THROW XU 4
> REQ 1637330602 71 3
> VAMPIRE 1 5 11 3 0 3 0
> VAMPIRE 2 10 3 3 0 3 0
> VAMPIRE 3 9 7 3 0 3 0
> VAMPIRE 4 1 13 3 1 3 0
> GRENADE 2 11 5 4 3
> GRENADE 3 5 7 4 3
> GRENADE 1 3 11 5 3
> BAT1 7 3 1 6 3 7 11 7 13 8 7 11 3 13 4 13 5 13 6 13 4 1 11 8 3 9
> BAT2 6 1 13 4 13 5 13 6 1 8 1 9 1 10 1 11 6 11 8 13 9 13 10 13
> BAT3 7 1 11 6 1 7 7 7 13 7 3 8 8 11 7 13
< RES 1637330602 71 3
> REQ 1637330602 72 3
> VAMPIRE 1 5 12 3 0 3 0
> VAMPIRE 2 10 3 3 0 3 0
> VAMPIRE 3 9 7 3 0 3 0
> VAMPIRE 4 1 13 3 1 3 0
> GRENADE 2 11 5 3 3
> GRENADE 3 5 7 3 3
> GRENADE 1 3 11 4 3
> BAT1 7 3 1 6 3 7 11 7 13 8 7 11 3 13 4 13 5 13 6 13 4 1 11 8 3 9
> BAT2 6 1 13 4 13 5 13 6 1 8 1 9 1 10 1 11 6 11 8 13 9 13 10 13
> BAT3 7 1 11 6 1 7 7 7 13 7 3 8 8 11 7 13
< RES 1637330602 72 3
> REQ 1637330602 73 3
> VAMPIRE 1 5 12 3 0 3 0
> VAMPIRE 2 10 3 3 0 3 0
> VAMPIRE 3 9 7 3 0 3 0
> VAMPIRE 4 1 13 3 0 3 0
> GRENADE 2 11 5 2 3
> GRENADE 3 5 7 2 3
> GRENADE 1 3 11 3 3
> GRENADE 4 1 13 5 3
> BAT1 7 3 1 6 3 7 11 7 13 8 7 11 3 13 4 13 5 13 6 13 4 1 11 8 3 9
> BAT2 6 1 13 4 13 5 13 6 1 8 1 9 1 10 1 11 6 11 8 13 9 13 10 13
> BAT3 7 1 11 6 1 7 7 7 13 7 3 8 8 11 7 13
< RES 1637330602 73 3
> REQ 1637330602 74 3
> VAMPIRE 1 5 12 3 0 3 0
> VAMPIRE 2 10 3 3 0 3 0
> VAMPIRE 3 9 7 3 0 3 0
> VAMPIRE 4 1 13 3 0 3 0
> GRENADE 2 11 5 1 3
> GRENADE 3 5 7 1 3
> GRENADE 1 3 11 2 3
> GRENADE 4 1 13 4 3
> BAT1 7 3 1 6 3 7 11 7 13 8 7 11 3 13 4 13 5 13 6 13 4 1 11 8 3 9
> BAT2 6 1 13 4 13 5 13 6 1 8 1 9 1 10 1 11 6 11 8 13 9 13 10 13
> BAT3 7 1 11 6 1 7 7 7 13 7 3 8 8 11 7 13
< RES 1637330602 74 3
< MOVE U
> REQ 1637330602 75 3
> VAMPIRE 1 5 10 3 0 3 0
> VAMPIRE 2 11 3 3 1 3 0
> VAMPIRE 3 8 7 3 1 3 0
> VAMPIRE 4 1 13 3 0 3 0
> GRENADE 1 3 11 1 3
> GRENADE 4 1 13 3 3
> BAT1 7 3 1 6 11 7 13 8 7 11 3 13 4 13 5 13 6 13 4 1 13 5 11 8 3 9
> BAT2 6 1 13 4 13 6 1 8 1 9 1 10 1 11 6 11 8 13 9 13 10 13 11 6 7 7
> BAT3 7 1 1 7 13 7 3 8 8 11 7 13
< RES 1637330602 75 3
< GRENADE
< MOVE D L
> REQ 1637330602 76 3
> VAMPIRE 1 5 11 3 1 3 0
> VAMPIRE 2 11 3 3 0 3 0
> VAMPIRE 3 9 6 3 0 3 0
> VAMPIRE 4 2 13 3 0 3 0
> GRENADE 4 1 13 2 3
> GRENADE 2 11 3 5 3
> GRENADE 3 8 7 5 3
> POWERUP GRENADE -7 8 5 6
> POWERUP GRENADE -7 6 9 6
> BAT1 7 3 1 6 11 7 13 8 7 11 4 13 5 13 6 13 4 1 13 5 11 8 1 11 6 11
> BAT2 6 1 13 4 13 6 1 8 1 9 1 10 8 13 9 13 10 13 11 6 7 7
> BAT3 7 1 1 7 13 7 3 8 8 11 7 13
< RES 1637330602 76 3
< MOVE L U
> REQ 1637330602 77 3
> VAMPIRE 1 5 9 3 0 3 0
> VAMPIRE 2 9 3 3 0 3 0
> VAMPIRE 3 8 5 3 0 3 0
> VAMPIRE 4 2 13 3 0 3 0
> GRENADE 4 1 13 1 3
> GRENADE 2 11 5 4 3
> GRENADE 3 8 7 4 3
> GRENADE 1 5 11 5 3
> POWERUP GRENADE -6 8 5 6
> POWERUP GRENADE -6 6 9 6
> BAT1 7 3 1 6 11 7 13 8 7 11 4 13 5 13 6 13 4 1 13 5 11 8 1 11 6 11
> BAT2 6 1 13 4 13 6 1 8 1 9 1 10 8 13 9 13 10 13 11 6 7 7
> BAT3 7 1 1 7 13 7 3 8 8 11 7 13
< RES 1637330602 77 3
> REQ 1637330602 78 3
> VAMPIRE 1 6 9 3 0 3 0
> VAMPIRE 2 9 5 3 0 3 0
> VAMPIRE 3 8 5 3 0 3 0
> VAMPIRE 4 3 13 2 1 3 0
> GRENADE 2 11 5 3 3
> GRENADE 3 8 7 3 3
> GRENADE 1 5 11 4 3
> POWERUP GRENADE -5 8 5 6
> POWERUP GRENADE -5 6 9 6
> BAT1 7 3 1 6 11 7 13 8 7 11 5 13 6 13 4 1 13 5 11 8 6 11
> BAT2 6 1 13 4 13 6 1 8 1 9 1 10 8 13 9 13 10 13 11 6 7 7
> BAT3 7 1 1 7 13 7 3 8 8 11 7 13
< RES 1637330602 78 3
< MOVE U
> REQ 1637330602 79 3
> VAMPIRE 1 6 9 3 0 3 0
> VAMPIRE 2 7 5 3 0 3 0
> VAMPIRE 3 7 5 3 0 3 0
> VAMPIRE 4 3 11 2 1 3 0
> GRENADE 2 11 5 2 3
> GRENADE 3 8 7 2 3
> GRENADE 1 5 11 3 3
> POWERUP GRENADE -4 8 5 6
> POWERUP GRENADE -4 6 9 6
> BAT1 7 3 1 6 11 7 13 8 7 11 5 13 6 13 4 1 13 5 11 8 6 11
> BAT2 6 1 13 4 13 6 1 8 1 9 1 10 8 13 9 13 10 13 11 6 7 7
> BAT3 7 1 1 7 13 7 3 8 8 11 7 13
< RES 1637330602 79 3
> REQ 1637330602 80 3
> VAMPIRE 1 6 9 3 0 3 0
> VAMPIRE 2 7 5 3 0 3 0
> VAMPIRE 3 7 5 3 0 3 0
> VAMPIRE 4 3 9 2 1 3 0
> GRENADE 2 11 5 1 3
> GRENADE 3 8 7 1 3
> GRENADE 1 5 11 2 3
> POWERUP GRENADE -3 8 5 6
> POWERUP GRENADE -3 6 9 6
> BAT1 7 3 1 6 11 7 13 8 7 11 5 13 6 13 4 1 13 5 11 8 6 11
> BAT2 6 1 13 4 13 6 1 8 1 9 1 10 8 13 9 13 10 13 11 6 7 7
> BAT3 7 1 1 7 13 7 3 8 8 11 7 13
< RES 1637330602 80 3
< MOVE L
> REQ 1637330602 81 3
> VAMPIRE 1 6 9 3 0 3 0
> VAMPIRE 2 7 4 3 1 3 0
> VAMPIRE 3 7 4 3 1 3 0
> VAMPIRE 4 3 9 2 0 3 0
> GRENADE 1 5 11 1 3
> GRENADE 4 3 9 5 3
> POWERUP GRENADE -2 8 5 6
> POWERUP GRENADE -2 6 9 6
> BAT1 7 3 1 6 13 8 7 11 5 13 6 13 4 1 11 8 6 11 11 6 7 7
> BAT2 6 1 13 4 13 6 1 8 1 9 1 10 8 13 9 13 10 13
> BAT3 7 1 1 7 13 7 3 8 8 11 7 13
< RES 1637330602 81 3
< GRENADE
< MOVE R D
> REQ 1637330602 82 3
> VAMPIRE 1 6 9 3 1 3 0
> VAMPIRE 2 8 5 3 0 3 0
> VAMPIRE 3 8 5 3 0 3 0
> VAMPIRE 4 5 9 2 0 3 0
> GRENADE 4 3 9 4 3
> GRENADE 2 7 4 5 3
> GRENADE 3 7 4 5 3
> POWERUP GRENADE -1 8 5 6
> POWERUP GRENADE -1 6 9 6
> BAT1 7 3 1 6 13 8 7 11 6 13 4 1 11 8 11 6 7 7
> BAT2 6 1 13 4 13 6 1 8 1 9 1 10 8 13 9 13 10 13
> BAT3 7 1 1 7 13 7 3 8 8 11 7 13
< RES 1637330602 82 3
> REQ 1637330602 83 3
> VAMPIRE 1 6 9 3 0 3 0
> VAMPIRE 2 8 5 3 0 3 0
> VAMPIRE 3 8 5 3 0 3 0
> VAMPIRE 4 5 9 2 0 3 0
> GRENADE 4 3 9 3 3
> GRENADE 2 7 4 4 3
> GRENADE 3 7 4 4 3
> GRENADE 1 6 9 5 3
> POWERUP GRENADE 11 8 5 6
> POWERUP GRENADE 11 6 9 6
> BAT1 7 3 1 6 13 8 7 11 6 13 4 1 11 8 11 6 7 7
> BAT2 6 1 13 4 13 6 1 8 1 9 1 10 8 13 9 13 10 13
> BAT3 7 1 1 7 13 7 3 8 8 11 7 13
< RES 1637330602 83 3
> REQ 1637330602 84 3
> VAMPIRE 1 7 9 3 0 3 0
> VAMPIRE 2 8 5 3 0 3 0
> VAMPIRE 3 8 5 3 0 3 0
> VAMPIRE 4 5 7 2 0 3 0
> GRENADE 4 3 9 2 3
> GRENADE 2 7 4 3 3
> GRENADE 3 7 4 3 3
> GRENADE 1 2 9 4 3
> POWERUP GRENADE 10 8 5 6
> POWERUP GRENADE 10 6 9 6
> BAT1 7 3 1 6 13 8 7 11 6 13 4 1 11 8 11 6 7 7
> BAT2 6 1 13 4 13 6 1 8 1 9 1 10 8 13 9 13 10 13
> BAT3 7 1 1 7 13 7 3 8 8 11 7 13
< RES 1637330602 84 3
> REQ 1637330602 85 3
> VAMPIRE 1 8 9 3 0 3 0
> VAMPIRE 2 8 5 3 0 3 0
> VAMPIRE 3 8 5 3 0 3 0
> VAMPIRE 4 5 8 2 0 3 0
> GRENADE 4 3 9 1 3
> GRENADE 2 7 4 2 3
> GRENADE 3 7 4 2 3
> GRENADE 1 2 9 3 3
> POWERUP GRENADE 9 8 5 6
> POWERUP GRENADE 9 6 9 6
> BAT1 7 3 1 6 13 8 7 11 6 13 4 1 11 8 11 6 7 7
> BAT2 6 1 13 4 13 6 1 8 1 9 1 10 8 13 9 13 10 13
> BAT3 7 1 1 7 13 7 3 8 8 11 7 13
< RES 1637330602 85 3
> REQ 1637330602 86 3
> VAMPIRE 1 6 9 3 1 3 0
> VAMPIRE 2 8 5 3 0 3 0
> VAMPIRE 3 8 5 3 0 3 0
> VAMPIRE 4 5 8 2 1 3 0
> GRENADE 2 7 4 1 3
> GRENADE 3 7 4 1 3
> POWERUP GRENADE 8 8 5 6
> POWERUP GRENADE 8 6 9 6
> BAT1 7 3 1 6 13 8 7 11 6 13 4 1 11 8 1 9 11 6 7 7
> BAT2 6 1 13 4 13 6 1 8 1 10 8 13 9 13 10 13 3 8
> BAT3 7 1 1 7 13 7 8 11 7 13
< RES 1637330602 86 3
> REQ 1637330602 87 3
> VAMPIRE 1 6 9 3 0 3 0
> VAMPIRE 2 8 5 3 1 3 0
> VAMPIRE 3 8 5 3 1 3 0
> VAMPIRE 4 5 9 2 1 3 0
> GRENADE 1 6 9 5 3
> POWERUP GRENADE 7 8 5 6
> POWERUP GRENADE 7 6 9 6
> BAT1 1 6 13 8 7 11 6 13 4 1 11 8 1 9 11 6
> BAT2 6 1 13 4 13 6 1 8 1 10 8 13 9 13 10 13 3 8
> BAT3 7 1 1 7 13 7 8 11 7 13
< RES 1637330602 87 3
> REQ 1637330602 88 3
> VAMPIRE 1 6 9 3 0 3 0
> VAMPIRE 2 8 5 3 1 3 0
> VAMPIRE 3 8 5 3 2 3 0
> VAMPIRE 4 3 9 2 1 3 0
> GRENADE 1 2 9 4 3
> GRENADE 2 8 5 5 3
> POWERUP GRENADE 6 6 9 6
> BAT1 1 6 13 8 7 11 6 13 4 1 11 8 1 9 11 6
> BAT2 6 1 13 4 13 6 1 8 1 10 8 13 9 13 10 13 3 8
> BAT3 7 1 1 7 13 7 8 11 7 13
< RES 1637330602 88 3
< MOVE U R
> REQ 1637330602 89 3
> VAMPIRE 1 6 9 3 0 3 0
> VAMPIRE 2 7 6 3 0 3 0
> VAMPIRE 3 7 6 3 2 3 0
> VAMPIRE 4 5 9 2 0 3 0
> GRENADE 1 2 9 3 3
> GRENADE 2 8 5 4 3
> GRENADE 2 8 5 5 3
> GRENADE 4 3 9 5 3
> POWERUP GRENADE 5 6 9 6
> BAT1 1 6 13 8 7 11 6 13 4 1 11 8 1 9 11 6
> BAT2 6 1 13 4 13 6 1 8 1 10 8 13 9 13 10 13 3 8
> BAT3 7 1 1 7 13 7 8 11 7 13
< RES 1637330602 89 3
< MOVE R R
> REQ 1637330602 90 3
> VAMPIRE 1 7 9 3 0 3 0
> VAMPIRE 2 7 8 3 0 3 0
> VAMPIRE 3 7 8 3 2 3 0
> VAMPIRE 4 7 9 2 0 3 0
> GRENADE 1 2 9 2 3
> GRENADE 2 8 5 3 3
> GRENADE 2 8 5 4 3
> GRENADE 4 3 9 4 3
> POWERUP GRENADE 4 6 9 6
> BAT1 1 6 13 8 7 11 6 13 4 1 11 8 1 9 11 6
> BAT2 6 1 13 4 13 6 1 8 1 10 8 13 9 13 10 13 3 8
> BAT3 7 1 1 7 13 7 8 11 7 13
< RES 1637330602 90 3
< GRENADE
> REQ 1637330602 91 3
> VAMPIRE 1 8 9 3 0 3 0
> VAMPIRE 2 7 9 3 0 3 0
> VAMPIRE 3 7 8 3 1 3 0
> VAMPIRE 4 8 9 2 0 3 0
> GRENADE 1 2 9 1 3
> GRENADE 2 8 5 2 3
> GRENADE 2 8 5 3 3
> GRENADE 4 3 9 3 3
> GRENADE 3 7 8 5 3
> POWERUP GRENADE 3 6 9 6
> BAT1 1 6 13 8 7 11 6 13 4 1 11 8 1 9 11 6
> BAT2 6 1 13 4 13 6 1 8 1 10 8 13 9 13 10 13 3 8
> BAT3 7 1 1 7 13 7 8 11 7 13
< RES 1637330602 91 3
< THROW XR 4
< MOVE R U
> REQ 1637330602 92 3
> VAMPIRE 1 6 9 3 1 3 0
> VAMPIRE 2 7 9 3 0 3 0
> VAMPIRE 3 6 9 3 1 3 0
> VAMPIRE 4 6 9 2 1 3 0
> GRENADE 2 8 5 1 3
> GRENADE 2 8 5 2 3
> GRENADE 3 7 12 4 3
> POWERUP GRENADE 2 6 9 6
> BAT1 1 6 13 8 7 11 6 13 4 1 11 8 11 6 3 8
> BAT2 6 1 13 4 13 6 1 8 1 10 8 13 9 13 10 13
> BAT3 7 1 1 7 13 7 8 11 7 13
< RES 1637330602 92 3
> REQ 1637330602 93 3
> VAMPIRE 1 6 9 3 0 3 0
> VAMPIRE 2 7 9 3 2 3 0
> VAMPIRE 3 6 9 3 1 3 0
> VAMPIRE 4 6 9 2 1 3 0
> GRENADE 3 7 12 3 3
> GRENADE 1 6 9 5 3
> POWERUP GRENADE 1 6 9 6
> BAT1 1 6 13 8 7 11 6 13 4 1 11 8 11 6 3 8
> BAT2 6 1 13 4 13 6 1 8 1 10 8 13 9 13 10 13
> BAT3 7 1 1 7 13 7 8 11 7 13
< RES 1637330602 93 3
< GRENADE
> REQ 1637330602 94 3
> VAMPIRE 1 6 9 3 0 3 0
> VAMPIRE 2 7 9 3 1 3 0
> VAMPIRE 3 6 9 3 0 3 0
> VAMPIRE 4 6 9 2 0 3 0
> GRENADE 3 7 12 2 3
> GRENADE 1 6 9 4 3
> GRENADE 2 7 9 5 3
> GRENADE 3 6 9 5 3
> GRENADE 4 6 9 5 3
> POWERUP GRENADE 1 6 9 6
> BAT1 1 6 13 8 7 11 6 13 4 1 11 8 11 6 3 8
> BAT2 6 1 13 4 13 6 1 8 1 10 8 13 9 13 10 13
> BAT3 7 1 1 7 13 7 8 11 7 13
< RES 1637330602 94 3
< MOVE U
> REQ 1637330602 95 3
> VAMPIRE 1 5 9 3 0 3 0
> VAMPIRE 2 7 9 3 0 3 0
> VAMPIRE 3 5 9 3 0 3 0
> VAMPIRE 4 5 9 2 0 3 0
> GRENADE 3 7 12 1 3
> GRENADE 1 6 9 3 3
> GRENADE 2 7 9 4 3
> GRENADE 3 6 9 4 3
> GRENADE 4 6 9 4 3
> GRENADE 2 7 9 5 3
> POWERUP GRENADE 1 6 9 6
> BAT1 1 6 13 8 7 11 6 13 4 1 11 8 11 6 3 8
> BAT2 6 1 13 4 13 6 1 8 1 10 8 13 9 13 10 13
> BAT3 7 1 1 7 13 7 8 11 7 13
< RES 1637330602 95 3
< MOVE R R
> REQ 1637330602 96 3
> VAMPIRE 1 5 11 3 0 3 0
> VAMPIRE 2 7 10 3 0 3 0
> VAMPIRE 3 5 11 3 1 3 0
> VAMPIRE 4 5 7 2 0 3 0
> GRENADE 1 6 9 2 3
> GRENADE 2 3 9 3 3
> GRENADE 3 6 9 3 3
> GRENADE 4 6 9 3 3
> GRENADE 2 3 9 4 3
> BAT1 1 6 13 8 6 13 4 1 11 8 11 6 3 8
> BAT2 6 1 13 4 13 6 1 8 1 10 8 13 9 13 10 13 7 13
> BAT3 7 1 1 7 13 7 8 11
< RES 1637330602 96 3
< GRENADE
> REQ 1637330602 97 3
> VAMPIRE 1 5 11 3 0 3 0
> VAMPIRE 2 7 11 3 0 3 0
> VAMPIRE 3 5 11 3 0 3 0
> VAMPIRE 4 3 7 2 0 3 0
> GRENADE 1 6 9 1 3
> GRENADE 2 3 9 2 3
> GRENADE 3 6 9 2 3
> GRENADE 4 6 9 2 3
> GRENADE 2 3 9 3 3
> GRENADE 3 5 11 5 3
> BAT1 1 6 13 8 6 13 4 1 11 8 11 6 3 8
> BAT2 6 1 13 4 13 6 1 8 1 10 8 13 9 13 10 13 7 13
> BAT3 7 1 1 7 13 7 8 11
< RES 1637330602 97 3
< THROW XD 4
< MOVE D D
> REQ 1637330602 98 3
> VAMPIRE 1 7 11 3 1 3 0
> VAMPIRE 2 7 11 3 2 3 0
> VAMPIRE 3 7 11 3 1 3 0
> VAMPIRE 4 4 7 2 1 3 0
> GRENADE 3 9 11 4 3
> POWERUP SHOE -7 6 5 5
> POWERUP SHOE -7 8 9 5
> BAT1 1 6 13 8 6 13 4 1 11 8 11 6
> BAT2 6 1 13 4 13 6 1 8 1 10 8 13 9 13 10 13 7 13
> BAT3 7 1 1 7 13 7 8 11
< RES 1637330602 98 3
< GRENADE
< MOVE L L
> REQ 1637330602 99 3
> VAMPIRE 1 7 9 3 0 3 0
> VAMPIRE 2 7 9 3 1 3 0
> VAMPIRE 3 7 9 3 0 3 0
> VAMPIRE 4 5 6 2 0 3 0
> GRENADE 3 9 11 3 3
> GRENADE 1 7 11 5 3
> GRENADE 2 7 11 5 3
> GRENADE 3 7 11 5 3
> GRENADE 4 4 7 5 3
> POWERUP SHOE -6 6 5 5
> POWERUP SHOE -6 8 9 5
> BAT1 1 6 13 8 6 13 4 1 11 8 11 6
> BAT2 6 1 13 4 13 6 1 8 1 10 8 13 9 13 10 13 7 13
> BAT3 7 1 1 7 13 7 8 11
< RES 1637330602 99 3
< MOVE D
> REQ 1637330602 100 3
> VAMPIRE 1 8 9 3 0 3 0
> VAMPIRE 2 7 9 3 0 3 0
> VAMPIRE 3 8 9 3 0 3 0
> VAMPIRE 4 6 5 2 0 3 0
> GRENADE 3 9 11 2 3
> GRENADE 1 7 11 4 3
> GRENADE 2 7 11 4 3
> GRENADE 3 7 11 4 3
> GRENADE 4 4 7 4 3
> GRENADE 2 7 9 5 3
> POWERUP SHOE -5 6 5 5
> POWERUP SHOE -5 8 9 5
> BAT1 1 6 13 8 6 13 4 1 11 8 11 6
> BAT2 6 1 13 4 13 6 1 8 1 10 8 13 9 13 10 13 7 13
> BAT3 7 1 1 7 13 7 8 11
< RES 1637330602 100 3
< GRENADE
> REQ 1637330602 101 3
> VAMPIRE 1 8 9 3 0 3 0
> VAMPIRE 2 8 9 3 0 3 0
> VAMPIRE 3 8 9 3 0 3 0
> VAMPIRE 4 6 5 2 0 3 0
> GRENADE 3 9 11 1 3
> GRENADE 1 7 11 3 3
> GRENADE 2 7 11 3 3
> GRENADE 3 7 11 3 3
> GRENADE 4 4 7 3 3
> GRENADE 2 11 9 4 3
> POWERUP SHOE -4 6 5 5
> POWERUP SHOE -4 8 9 5
> BAT1 1 6 13 8 6 13 4 1 11 8 11 6
> BAT2 6 1 13 4 13 6 1 8 1 10 8 13 9 13 10 13 7 13
> BAT3 7 1 1 7 13 7 8 11
< RES 1637330602 101 3
> REQ 1637330602 102 3
> VAMPIRE 1 8 9 3 0 3 0
> VAMPIRE 2 8 9 3 0 3 0
> VAMPIRE 3 8 9 3 1 3 0
> VAMPIRE 4 6 5 2 0 3 0
> GRENADE 1 7 11 2 3
> GRENADE 2 7 11 2 3
> GRENADE 3 7 11 2 3
> GRENADE 4 4 7 2 3
> GRENADE 2 11 9 3 3
> POWERUP SHOE -3 6 5 5
> POWERUP SHOE -3 8 9 5
> BAT1 1 6 13 8 6 13 4 1 11 8 9 13 11 6
> BAT2 6 1 13 4 13 6 1 8 1 10 8 13 10 13 8 11 7 13
> BAT3 7 1 1 7 13 7
< RES 1637330602 102 3
< GRENADE
> REQ 1637330602 103 3
> VAMPIRE 1 9 9 3 0 3 0
> VAMPIRE 2 10 9 3 0 3 0
> VAMPIRE 3 8 9 3 0 3 0
> VAMPIRE 4 6 5 2 0 3 0
> GRENADE 1 7 11 1 3
> GRENADE 2 7 11 1 3
> GRENADE 3 7 11 1 3
> GRENADE 4 4 7 1 3
> GRENADE 2 11 9 2 3
> GRENADE 3 8 9 5 3
> POWERUP SHOE -2 6 5 5
> POWERUP SHOE -2 8 9 5
> BAT1 1 6 13 8 6 13 4 1 11 8 9 13 11 6
> BAT2 6 1 13 4 13 6 1 8 1 10 8 13 10 13 8 11 7 13
> BAT3 7 1 1 7 13 7
< RES 1637330602 103 3
< THROW XD 4
< MOVE U R
> REQ 1637330602 104 3
> VAMPIRE 1 9 11 3 1 3 0
> VAMPIRE 2 10 9 3 0 3 0
> VAMPIRE 3 7 10 3 1 3 0
> VAMPIRE 4 6 5 2 1 3 0
> GRENADE 2 11 9 1 3
> GRENADE 3 12 9 4 3
> GRENADE 2 10 9 5 3
> POWERUP SHOE -1 6 5 5
> POWERUP SHOE -1 8 9 5
> BAT1 1 6 13 8 6 13 4 1 11 8 9 13 11 6 8 11 7 13
> BAT2 6 1 13 4 13 6 1 8 1 10 8 13 10 13 1 7
> BAT3 7 1 13 7
< RES 1637330602 104 3
< GRENADE
< MOVE R U
> REQ 1637330602 105 3
> VAMPIRE 1 9 9 3 0 3 0
> VAMPIRE 2 10 9 2 2 3 0
> VAMPIRE 3 6 11 3 1 3 0
> VAMPIRE 4 6 5 2 1 3 0
> GRENADE 1 9 11 5 3
> GRENADE 3 7 10 5 3
> POWERUP SHOE 14 6 5 5
> POWERUP SHOE 14 8 9 5
> BAT1 1 6 13 8 6 13 4 1 9 13 11 6 8 11 7 13
> BAT2 6 1 13 4 13 6 1 8 1 10 8 13 10 13 1 7
> BAT3 7 1 13 7
< RES 1637330602 105 3
< GRENADE
< MOVE U L
> REQ 1637330602 106 3
> VAMPIRE 1 8 9 3 0 3 0
> VAMPIRE 2 10 9 2 2 3 0
> VAMPIRE 3 5 10 3 0 3 0
> VAMPIRE 4 6 5 2 1 3 0
> GRENADE 1 9 11 4 3
> GRENADE 3 7 10 4 3
> GRENADE 3 6 11 5 3
> POWERUP SHOE 13 6 5 5
> POWERUP SHOE 13 8 9 5
> BAT1 1 6 13 8 6 13 4 1 9 13 11 6 8 11 7 13
> BAT2 6 1 13 4 13 6 1 8 1 10 8 13 10 13 1 7
> BAT3 7 1 13 7
< RES 1637330602 106 3
< MOVE L D
> REQ 1637330602 107 3
> VAMPIRE 1 8 9 3 0 3 0
> VAMPIRE 2 10 9 2 2 3 0
> VAMPIRE 3 6 9 3 0 3 0
> VAMPIRE 4 6 5 2 1 3 0
> GRENADE 1 9 11 3 3
> GRENADE 3 7 10 3 3
> GRENADE 3 6 11 4 3
> POWERUP SHOE 12 6 5 5
> POWERUP SHOE 12 8 9 5
> BAT1 1 6 13 8 6 13 4 1 9 13 11 6 8 11 7 13
> BAT2 6 1 13 4 13 6 1 8 1 10 8 13 10 13 1 7
> BAT3 7 1 13 7
< RES 1637330602 107 3
< MOVE D D
> REQ 1637330602 108 3
> VAMPIRE 1 8 9 3 0 3 0
> VAMPIRE 2 10 9 2 1 3 0
> VAMPIRE 3 8 9 3 0 3 0
> VAMPIRE 4 6 5 2 1 3 0
> GRENADE 1 9 11 2 3
> GRENADE 3 7 10 2 3
> GRENADE 3 6 11 3 3
> GRENADE 2 10 9 5 3
> POWERUP SHOE 11 6 5 5
> POWERUP SHOE 11 8 9 5
> BAT1 1 6 13 8 6 13 4 1 9 13 11 6 8 11 7 13
> BAT2 6 1 13 4 13 6 1 8 1 10 8 13 10 13 1 7
> BAT3 7 1 13 7
< RES 1637330602 108 3
< GRENADE
> REQ 1637330602 109 3
> VAMPIRE 1 8 9 3 0 3 0
> VAMPIRE 2 10 9 2 0 3 0
> VAMPIRE 3 8 9 3 0 3 0
> VAMPIRE 4 6 5 2 1 3 30
> GRENADE 1 9 11 1 3
> GRENADE 3 7 10 1 3
> GRENADE 3 6 11 2 3
> GRENADE 2 10 9 4 3
> GRENADE 2 10 9 5 3
> POWERUP SHOE 10 8 9 5
> BAT1 1 6 13 8 6 13 4 1 9 13 11 6 8 11 7 13
> BAT2 6 1 13 4 13 6 1 8 1 10 8 13 10 13 1 7
> BAT3 7 1 13 7
< RES 1637330602 109 3
> REQ 1637330602 110 3
> VAMPIRE 1 8 9 3 1 3 0
> VAMPIRE 2 9 9 2 0 3 0
> VAMPIRE 3 8 9 3 1 3 0
> VAMPIRE 4 7 7 2 1 3 29
> GRENADE 3 6 11 1 3
> GRENADE 2 10 9 3 3
> GRENADE 2 10 9 4 3
> POWERUP SHOE 9 8 9 5
> BAT1 1 6 13 8 6 13 4 1 11 6
> BAT2 6 1 13 4 13 6 1 8 1 10 8 13 10 13 1 7
> BAT3 7 1 13 7
< RES 1637330602 110 3
< GRENADE
> REQ 1637330602 111 3
> VAMPIRE 1 8 9 3 0 3 30
> VAMPIRE 2 9 9 2 0 3 0
> VAMPIRE 3 8 9 3 1 3 0
> VAMPIRE 4 7 9 2 1 3 28
> GRENADE 2 10 9 2 3
> GRENADE 2 10 9 3 3
> GRENADE 1 8 9 5 3
> GRENADE 3 8 9 5 3
> BAT1 1 6 13 8 6 13 4 1 11 6
> BAT2 6 1 13 4 13 6 1 8 1 10 8 13 10 13 1 7
> BAT3 7 1 13 7
< RES 1637330602 111 3
< GRENADE
< MOVE D L
> REQ 1637330602 112 3
> VAMPIRE 1 9 7 3 0 3 29
> VAMPIRE 2 9 7 2 0 3 0
> VAMPIRE 3 9 8 3 0 3 0
> VAMPIRE 4 5 8 2 0 3 27
> GRENADE 2 10 9 1 3
> GRENADE 2 10 9 2 3
> GRENADE 1 8 9 4 3
> GRENADE 3 8 9 4 3
> GRENADE 3 8 9 5 3
> GRENADE 4 7 9 5 3
> BAT1 1 6 13 8 6 13 4 1 11 6
> BAT2 6 1 13 4 13 6 1 8 1 10 8 13 10 13 1 7
> BAT3 7 1 13 7
< RES 1637330602 112 3
< MOVE L D
> REQ 1637330602 113 3
> VAMPIRE 1 11 7 3 1 3 28
> VAMPIRE 2 11 7 2 2 3 0
> VAMPIRE 3 10 7 3 2 3 0
> VAMPIRE 4 3 7 2 1 3 26
> BAT1 1 6 13 8 6 13 4 1 11 6
> BAT2 6 1 13 4 13 6 1 8 1 10 8 13 10 13 1 7
> BAT3 7 1 13 7
< RES 1637330602 113 3
< GRENADE
< MOVE U U
> REQ 1637330602 114 3
> VAMPIRE 1 10 9 3 0 3 27
> VAMPIRE 2 11 7 2 1 3 0
> VAMPIRE 3 8 7 3 1 3 0
> VAMPIRE 4 3 7 2 0 3 25
> GRENADE 1 11 7 5 3
> GRENADE 2 11 7 5 3
> GRENADE 3 10 7 5 3
> GRENADE 4 3 7 5 3
> BAT1 1 6 13 8 6 13 4 1 11 6
> BAT2 6 1 13 4 13 6 1 8 1 10 8 13 10 13 1 7
> BAT3 7 1 13 7
< RES 1637330602 114 3
< GRENADE
> REQ 1637330602 115 3
> VAMPIRE 1 9 9 3 0 3 26
> VAMPIRE 2 11 9 2 0 3 0
> VAMPIRE 3 8 7 3 0 3 0
> VAMPIRE 4 3 7 2 0 3 24
> GRENADE 1 11 7 4 3
> GRENADE 2 11 7 4 3
> GRENADE 3 10 7 4 3
> GRENADE 4 7 7 4 3
> GRENADE 2 11 7 5 3
> GRENADE 3 8 7 5 3
> BAT1 1 6 13 8 6 13 4 1 11 6
> BAT2 6 1 13 4 13 6 1 8 1 10 8 13 10 13 1 7
> BAT3 7 1 13 7
< RES 1637330602 115 3
< THROW XU 4
> REQ 1637330602 116 3
> VAMPIRE 1 9 9 3 0 3 25
> VAMPIRE 2 9 9 2 0 3 0
> VAMPIRE 3 8 7 3 0 3 0
> VAMPIRE 4 3 5 2 0 3 23
> GRENADE 1 11 7 3 3
> GRENADE 2 11 7 3 3
> GRENADE 3 10 7 3 3
> GRENADE 4 7 7 3 3
> GRENADE 2 11 7 4 3
> GRENADE 3 4 7 4 3
> BAT1 1 6 13 8 6 13 4 1 11 6
> BAT2 6 1 13 4 13 6 1 8 1 10 8 13 10 13 1 7
> BAT3 7 1 13 7
< RES 1637330602 116 3
< MOVE D L
> REQ 1637330602 117 3
> VAMPIRE 1 9 9 3 0 3 24
> VAMPIRE 2 9 11 2 0 3 0
> VAMPIRE 3 9 6 3 0 3 0
> VAMPIRE 4 3 5 2 0 3 22
> GRENADE 1 11 7 2 3
> GRENADE 2 11 7 2 3
> GRENADE 3 10 7 2 3
> GRENADE 4 7 7 2 3
> GRENADE 2 11 7 3 3
> GRENADE 3 4 7 3 3
> BAT1 1 6 13 8 6 13 4 1 11 6
> BAT2 6 1 13 4 13 6 1 8 1 10 8 13 10 13 1 7
> BAT3 7 1 13 7
< RES 1637330602 117 3
< MOVE L U
> REQ 1637330602 118 3
> VAMPIRE 1 9 11 3 0 3 23
> VAMPIRE 2 7 11 2 0 3 0
> VAMPIRE 3 8 5 3 0 3 0
> VAMPIRE 4 4 3 2 0 3 21
> GRENADE 1 11 7 1 3
> GRENADE 2 11 7 1 3
> GRENADE 3 10 7 1 3
> GRENADE 4 7 7 1 3
> GRENADE 2 11 7 2 3
> GRENADE 3 4 7 2 3
> BAT1 1 6 13 8 6 13 4 1 11 6
> BAT2 6 1 13 4 13 6 1 8 1 10 8 13 10 13 1 7
> BAT3 7 1 13 7
< RES 1637330602 118 3
< MOVE U L
> REQ 1637330602 119 3
> VAMPIRE 1 9 13 3 1 3 22
> VAMPIRE 2 7 13 2 2 3 0
> VAMPIRE 3 7 4 3 2 3 0
> VAMPIRE 4 5 1 2 1 3 20
> BAT1 1 6 13 8 6 13 4 1 1 7
> BAT2 6 1 13 4 13 6 1 8 1 10 8 13 10 13 13 7
> BAT3 7 1
< RES 1637330602 119 3
< GRENADE
< MOVE L U
> REQ 1637330602 120 3
> VAMPIRE 1 10 11 3 0 3 21
> VAMPIRE 2 7 11 2 1 3 0
> VAMPIRE 3 6 3 3 1 3 0
> VAMPIRE 4 4 3 2 0 3 19
> GRENADE 1 9 13 5 3
> GRENADE 2 7 13 5 3
> GRENADE 3 7 4 5 3
> GRENADE 4 5 1 5 3
> BAT1 1 6 13 8 6 13 4 1 1 7
> BAT2 6 1 13 4 13 6 1 8 1 10 8 13 10 13 13 7
> BAT3 7 1
< RES 1637330602 120 3
< MOVE U R
> REQ 1637330602 121 3
> VAMPIRE 1 9 9 3 0 3 20
> VAMPIRE 2 7 11 2 0 3 0
> VAMPIRE 3 5 4 3 1 3 0
> VAMPIRE 4 5 5 2 0 3 18
> GRENADE 1 9 13 4 3
> GRENADE 2 7 13 4 3
> GRENADE 3 7 4 4 3
> GRENADE 4 5 1 4 3
> GRENADE 2 7 11 5 3
> BAT1 1 6 13 8 6 13 4 1 1 7
> BAT2 6 1 13 4 13 6 1 8 1 10 8 13 10 13 13 7
> BAT3 7 1
< RES 1637330602 121 3
< GRENADE
< MOVE L D
> REQ 1637330602 122 3
> VAMPIRE 1 9 9 3 0 3 19
> VAMPIRE 2 5 11 2 0 3 0
> VAMPIRE 3 6 3 3 0 3 0
> VAMPIRE 4 2 5 2 0 3 17
> GRENADE 1 9 13 3 3
> GRENADE 2 7 13 3 3
> GRENADE 3 7 4 3 3
> GRENADE 4 5 1 3 3
> GRENADE 2 7 7 4 3
> GRENADE 3 5 4 5 3
> BAT1 1 6 13 8 6 13 4 1 1 7
> BAT2 6 1 13 4 13 6 1 8 1 10 8 13 10 13 13 7
> BAT3 7 1
< RES 1637330602 122 3
< MOVE U U
> REQ 1637330602 123 3
> VAMPIRE 1 11 9 3 0 3 18
> VAMPIRE 2 3 11 2 0 3 0
> VAMPIRE 3 4 3 3 0 3 0
> VAMPIRE 4 3 5 2 0 3 16
> GRENADE 1 9 13 2 3
> GRENADE 2 7 13 2 3
> GRENADE 3 7 4 2 3
> GRENADE 4 5 1 2 3
> GRENADE 2 7 7 3 3
> GRENADE 3 5 4 4 3
> BAT1 1 6 13 8 6 13 4 1 1 7
> BAT2 6 1 13 4 13 6 1 8 1 10 8 13 10 13 13 7
> BAT3 7 1
< RES 1637330602 123 3
< MOVE U U
> REQ 1637330602 124 3
> VAMPIRE 1 11 6 3 0 3 17
> VAMPIRE 2 3 9 2 0 3 0
> VAMPIRE 3 2 3 3 0 3 0
> VAMPIRE 4 3 8 2 0 3 15
> GRENADE 1 9 13 1 3
> GRENADE 2 7 13 1 3
> GRENADE 3 7 4 1 3
> GRENADE 4 5 1 1 3
> GRENADE 2 7 7 2 3
> GRENADE 3 5 4 3 3
> BAT1 1 6 13 8 6 13 4 1 1 7
> BAT2 6 1 13 4 13 6 1 8 1 10 8 13 10 13 13 7
> BAT3 7 1
< RES 1637330602 124 3
< MOVE U R
> REQ 1637330602 125 3
> VAMPIRE 1 13 5 3 1 3 16
> VAMPIRE 2 1 9 2 2 3 0
> VAMPIRE 3 1 4 3 2 3 0
> VAMPIRE 4 1 9 2 1 3 14
> BAT1 1 6 13 8 6 1 10 13 1 7
> BAT2 13 4 13 6 1 8 1 10 7 1 13 7
< RES 1637330602 125 3
< GRENADE
> REQ 1637330602 126 3
> VAMPIRE 1 11 5 3 0 3 15
> VAMPIRE 2 3 9 2 1 3 0
> VAMPIRE 3 1 4 3 1 3 0
> VAMPIRE 4 3 9 2 0 3 13
> GRENADE 1 13 5 5 3
> GRENADE 2 1 9 5 3
> GRENADE 3 1 4 5 3
> GRENADE 4 1 9 5 3
> BAT1 1 6 13 8 6 1 10 13 1 7
> BAT2 13 4 13 6 1 8 1 10 7 1 13 7
< RES 1637330602 126 3
< THROW XR 1
> REQ 1637330602 127 3
> VAMPIRE 1 9 5 3 0 3 14
> VAMPIRE 2 3 7 2 0 3 0
> VAMPIRE 3 1 4 3 1 3 0
> VAMPIRE 4 5 9 2 0 3 12
> GRENADE 1 13 5 4 3
> GRENADE 2 1 9 4 3
> GRENADE 3 1 5 4 3
> GRENADE 4 1 9 4 3
> GRENADE 2 3 9 5 3
> BAT1 1 6 13 8 6 1 10 13 1 7
> BAT2 13 4 13 6 1 8 1 10 7 1 13 7
< RES 1637330602 127 3
< THROW R 4
> REQ 1637330602 128 3
> VAMPIRE 1 9 3 3 0 3 13
> VAMPIRE 2 4 7 2 0 3 0
> VAMPIRE 3 1 4 3 1 3 0
> VAMPIRE 4 5 11 2 0 3 11
> GRENADE 1 13 5 3 3
> GRENADE 2 1 9 3 3
> GRENADE 3 1 9 3 3
> GRENADE 4 1 9 3 3
> GRENADE 2 3 9 4 3
> BAT1 1 6 13 8 6 1 10 13 1 7
> BAT2 13 4 13 6 1 8 1 10 7 1 13 7
< RES 1637330602 128 3
< GRENADE
> REQ 1637330602 129 3
> VAMPIRE 1 7 3 3 0 3 12
> VAMPIRE 2 5 7 2 0 3 0
> VAMPIRE 3 1 4 3 0 3 0
> VAMPIRE 4 7 11 2 0 3 10
> GRENADE 1 13 5 2 3
> GRENADE 2 1 9 2 3
> GRENADE 3 1 9 2 3
> GRENADE 4 1 9 2 3
> GRENADE 2 3 9 3 3
> GRENADE 3 1 4 5 3
> BAT1 1 6 13 8 6 1 10 13 1 7
> BAT2 13 4 13 6 1 8 1 10 7 1 13 7
< RES 1637330602 129 3
< THROW XR 1
> REQ 1637330602 130 3
> VAMPIRE 1 7 3 3 0 3 11
> VAMPIRE 2 5 7 2 0 3 0
> VAMPIRE 3 1 4 3 0 3 0
> VAMPIRE 4 7 11 2 0 3 9
> GRENADE 1 13 5 1 3
> GRENADE 2 1 9 1 3
> GRENADE 3 1 9 1 3
> GRENADE 4 1 9 1 3
> GRENADE 2 3 9 2 3
> GRENADE 3 1 5 4 3
> BAT1 1 6 13 8 6 1 10 13 1 7
> BAT2 13 4 13 6 1 8 1 10 7 1 13 7
< RES 1637330602 130 3
< THROW R 4
> REQ 1637330602 131 3
> VAMPIRE 1 7 3 3 1 3 10
> VAMPIRE 2 4 7 2 2 3 0
> VAMPIRE 3 1 4 3 1 3 0
> VAMPIRE 4 8 13 2 1 3 8
> GRENADE 3 1 9 3 3
> BAT1 1 6 13 8 6 1 13 4 13 6 1 8 1 10 10 13 1 7
> BAT2 7 1 13 7
< RES 1637330602 131 3
< GRENADE
< MOVE R D
> REQ 1637330602 132 3
> VAMPIRE 1 7 5 3 0 3 9
> VAMPIRE 2 6 7 2 1 3 0
> VAMPIRE 3 2 5 3 0 3 0
> VAMPIRE 4 7 11 2 0 3 7
> GRENADE 3 1 9 2 3
> GRENADE 1 7 3 5 3
> GRENADE 2 4 7 5 3
> GRENADE 3 1 4 5 3
> GRENADE 4 8 13 5 3
> POWERUP GRENADE -8 6 11 4
> POWERUP GRENADE -8 8 3 4
> BAT1 1 6 13 8 6 1 13 4 13 6 1 8 1 10 10 13 1 7
> BAT2 7 1 13 7
< RES 1637330602 132 3
< MOVE D R
> REQ 1637330602 133 3
> VAMPIRE 1 9 4 3 0 3 8
> VAMPIRE 2 5 8 2 1 3 0
> VAMPIRE 3 3 6 3 0 3 0
> VAMPIRE 4 6 11 2 0 3 6
> GRENADE 3 1 9 1 3
> GRENADE 1 7 3 4 3
> GRENADE 2 4 7 4 3
> GRENADE 3 1 4 4 3
> GRENADE 4 8 13 4 3
> POWERUP GRENADE -7 6 11 4
> POWERUP GRENADE -7 8 3 4
> BAT1 1 6 13 8 6 1 13 4 13 6 1 8 1 10 10 13 1 7
> BAT2 7 1 13 7
< RES 1637330602 133 3
< MOVE R
> REQ 1637330602 134 3
> VAMPIRE 1 8 3 3 0 3 7
> VAMPIRE 2 5 10 2 1 3 0
> VAMPIRE 3 3 7 3 1 3 0
> VAMPIRE 4 6 11 2 0 3 5
> GRENADE 1 7 3 3 3
> GRENADE 2 4 7 3 3
> GRENADE 3 1 4 3 3
> GRENADE 4 8 13 3 3
> POWERUP GRENADE -6 6 11 4
> POWERUP GRENADE -6 8 3 4
> BAT1 1 6 13 8 6 1 13 4 13 6 10 13 1 7
> BAT2 7 1 13 7
< RES 1637330602 134 3
< GRENADE
< MOVE R R
> REQ 1637330602 135 3
> VAMPIRE 1 8 3 3 0 3 6
> VAMPIRE 2 6 11 2 1 3 0
> VAMPIRE 3 3 9 3 0 3 0
> VAMPIRE 4 6 11 2 0 3 4
> GRENADE 1 7 3 2 3
> GRENADE 2 4 7 2 3
> GRENADE 3 1 4 2 3
> GRENADE 4 8 13 2 3
> GRENADE 3 3 7 5 3
> POWERUP GRENADE -5 6 11 4
> POWERUP GRENADE -5 8 3 4
> BAT1 1 6 13 8 6 1 13 4 13 6 10 13 1 7
> BAT2 7 1 13 7
< RES 1637330602 135 3
< MOVE U U
> REQ 1637330602 136 3
> VAMPIRE 1 9 2 3 0 3 5
> VAMPIRE 2 6 11 2 1 3 0
> VAMPIRE 3 1 9 3 0 3 0
> VAMPIRE 4 6 11 2 0 3 3
> GRENADE 1 7 3 1 3
> GRENADE 2 4 7 1 3
> GRENADE 3 1 4 1 3
> GRENADE 4 8 13 1 3
> GRENADE 3 3 7 4 3
> POWERUP GRENADE -4 6 11 4
> POWERUP GRENADE -4 8 3 4
> BAT1 1 6 13 8 6 1 13 4 13 6 10 13 1 7
> BAT2 7 1 13 7
< RES 1637330602 136 3
< MOVE R R
> REQ 1637330602 137 3
> VAMPIRE 1 8 1 3 1 3 4
> VAMPIRE 2 6 11 2 2 3 0
> VAMPIRE 3 1 11 3 2 3 0
> VAMPIRE 4 6 11 2 1 3 2
> POWERUP GRENADE -3 6 11 4
> POWERUP GRENADE -3 8 3 4
> BAT1 13 8 6 1 13 4 13 6 7 1
> BAT2 13 7
< RES 1637330602 137 3
< MOVE D D
> REQ 1637330602 138 3
> VAMPIRE 1 9 3 3 0 3 3
> VAMPIRE 2 6 11 2 2 3 0
> VAMPIRE 3 3 11 3 2 3 0
> VAMPIRE 4 6 11 2 1 3 1
> GRENADE 1 8 1 5 3
> POWERUP GRENADE -2 6 11 4
> POWERUP GRENADE -2 8 3 4
> BAT1 13 8 6 1 13 4 13 6 7 1
> BAT2 13 7
< RES 1637330602 138 3
< MOVE D D
> REQ 1637330602 139 3
> VAMPIRE 1 8 3 3 0 3 2
> VAMPIRE 2 6 11 2 1 3 0
> VAMPIRE 3 5 11 3 2 3 0
> VAMPIRE 4 6 11 2 1 3 0
> GRENADE 1 8 1 4 3
> GRENADE 2 6 11 5 3
> POWERUP GRENADE -1 6 11 4
> POWERUP GRENADE -1 8 3 4
> BAT1 13 8 6 1 13 4 13 6 7 1
> BAT2 13 7
< RES 1637330602 139 3
< MOVE L L
> REQ 1637330602 140 3
> VAMPIRE 1 8 3 3 0 3 1
> VAMPIRE 2 6 11 2 0 3 0
> VAMPIRE 3 5 9 3 2 3 0
> VAMPIRE 4 6 11 2 1 3 0
> GRENADE 1 8 1 3 3
> GRENADE 2 6 11 4 3
> GRENADE 2 6 11 5 3
> POWERUP GRENADE 17 6 11 4
> POWERUP GRENADE 17 8 3 4
> BAT1 13 8 6 1 13 4 13 6 7 1
> BAT2 13 7
< RES 1637330602 140 3
< MOVE L L
> REQ 1637330602 141 3
> VAMPIRE 1 8 3 3 0 3 0
> VAMPIRE 2 6 11 2 0 3 0
> VAMPIRE 3 5 7 3 2 3 0
> VAMPIRE 4 6 11 2 1 3 0
> GRENADE 1 8 1 2 3
> GRENADE 2 6 11 3 3
> GRENADE 2 6 11 4 3
> POWERUP GRENADE 16 6 11 4
> POWERUP GRENADE 16 8 3 4
> BAT1 13 8 6 1 13 4 13 6 7 1
> BAT2 13 7
< RES 1637330602 141 3
< MOVE L L
> REQ 1637330602 142 3
> VAMPIRE 1 8 3 3 0 3 0
> VAMPIRE 2 6 11 2 0 3 0
> VAMPIRE 3 5 5 3 2 3 0
> VAMPIRE 4 6 11 2 1 3 0
> GRENADE 1 8 1 1 3
> GRENADE 2 6 11 2 3
> GRENADE 2 6 11 3 3
> POWERUP GRENADE 15 6 11 4
> POWERUP GRENADE 15 8 3 4
> BAT1 13 8 6 1 13 4 13 6 7 1
> BAT2 13 7
< RES 1637330602 142 3
< MOVE L L
> REQ 1637330602 143 3
> VAMPIRE 1 8 3 3 2 3 0
> VAMPIRE 2 6 11 2 1 3 0
> VAMPIRE 3 5 3 3 2 3 0
> VAMPIRE 4 7 10 2 2 3 0
> GRENADE 2 2 11 1 3
> GRENADE 2 2 11 2 3
> BAT1 13 8 6 1 13 4 13 6
> BAT2 13 7
< RES 1637330602 143 3
< MOVE L L
> REQ 1637330602 144 3
> VAMPIRE 1 8 3 3 1 3 0
> VAMPIRE 2 8 11 2 3 3 0
> VAMPIRE 3 5 1 3 2 3 0
> VAMPIRE 4 7 9 2 2 3 0
> GRENADE 1 8 3 5 3
> BAT1 13 8 6 1 13 4 13 6
> BAT2 13 7
< RES 1637330602 144 3
< GRENADE
< MOVE U U
> REQ 1637330602 145 3
> VAMPIRE 1 7 3 3 1 3 0
> VAMPIRE 2 9 11 2 3 3 0
> VAMPIRE 3 3 1 3 1 3 0
> VAMPIRE 4 7 7 2 2 3 0
> GRENADE 1 8 1 4 3
> GRENADE 3 5 1 5 3
> BAT1 13 8 6 1 13 4 13 6
> BAT2 13 7
< RES 1637330602 145 3
< GRENADE
< MOVE U U
> REQ 1637330602 146 3
> VAMPIRE 1 7 5 3 1 3 0
> VAMPIRE 2 11 11 2 3 3 0
> VAMPIRE 3 1 1 3 0 3 0
> VAMPIRE 4 9 7 2 2 3 0
> GRENADE 1 8 1 3 3
> GRENADE 3 5 1 4 3
> GRENADE 3 3 1 5 3
> BAT1 13 8 6 1 13 4 13 6
> BAT2 13 7
< RES 1637330602 146 3
< MOVE R
> REQ 1637330602 147 3
> VAMPIRE 1 9 5 3 1 3 0
> VAMPIRE 2 13 11 2 3 3 0
> VAMPIRE 3 1 2 3 0 3 0
> VAMPIRE 4 10 7 2 2 3 0
> GRENADE 1 8 1 2 3
> GRENADE 3 5 1 3 3
> GRENADE 3 3 1 4 3
> BAT1 13 8 6 1 13 4 13 6
> BAT2 13 7
< RES 1637330602 147 3
< MOVE L D
> REQ 1637330602 148 3
> VAMPIRE 1 9 5 3 0 3 0
> VAMPIRE 2 13 9 2 2 3 0
> VAMPIRE 3 2 1 3 0 3 0
> VAMPIRE 4 11 8 2 1 3 0
> GRENADE 1 8 1 1 3
> GRENADE 3 5 1 2 3
> GRENADE 3 3 1 3 3
> GRENADE 1 9 5 5 3
> GRENADE 2 13 11 5 3
> GRENADE 4 10 7 5 3
> BAT1 13 8 6 1 13 4 13 6
> BAT2 13 7
< RES 1637330602 148 3
< THROW D 4
< MOVE U
> REQ 1637330602 149 3
> VAMPIRE 1 9 7 3 1 3 0
> VAMPIRE 2 13 9 2 1 3 0
> VAMPIRE 3 1 1 3 0 3 0
> VAMPIRE 4 11 10 2 1 3 0
> GRENADE 3 5 1 1 3
> GRENADE 3 7 1 2 3
> GRENADE 1 13 5 4 3
> GRENADE 2 13 11 4 3
> GRENADE 4 10 7 4 3
> GRENADE 2 13 9 5 3
> BAT1 13 8 13 4 13 6
> BAT2 13 7
< RES 1637330602 149 3
< MOVE D D
> REQ 1637330602 150 3
> VAMPIRE 1 7 7 3 0 3 0
> VAMPIRE 2 11 9 2 1 3 0
> VAMPIRE 3 3 1 3 2 3 0
> VAMPIRE 4 11 9 2 1 3 0
> GRENADE 1 13 5 3 3
> GRENADE 2 13 11 3 3
> GRENADE 4 10 7 3 3
> GRENADE 2 13 5 4 3
> GRENADE 1 9 7 5 3
> BAT1 13 8 13 4 13 6
> BAT2 13 7
< RES 1637330602 150 3
< MOVE R R
> REQ 1637330602 151 3
> VAMPIRE 1 7 5 3 0 3 0
> VAMPIRE 2 11 9 2 0 3 0
> VAMPIRE 3 3 3 3 2 3 0
> VAMPIRE 4 11 9 2 0 3 0
> GRENADE 1 13 5 2 3
> GRENADE 2 13 11 2 3
> GRENADE 4 10 7 2 3
> GRENADE 2 13 5 3 3
> GRENADE 1 9 7 4 3
> GRENADE 2 11 9 5 3
> GRENADE 4 11 9 5 3
> BAT1 13 8 13 4 13 6
> BAT2 13 7
< RES 1637330602 151 3
> REQ 1637330602 152 3
> VAMPIRE 1 7 5 3 0 3 0
> VAMPIRE 2 11 9 2 0 3 0
> VAMPIRE 3 3 3 3 2 3 0
> VAMPIRE 4 11 9 2 0 3 0
> GRENADE 1 13 5 1 3
> GRENADE 2 13 11 1 3
> GRENADE 4 10 7 1 3
> GRENADE 2 13 5 2 3
> GRENADE 1 9 7 3 3
> GRENADE 2 11 9 4 3
> GRENADE 4 11 9 4 3
> BAT1 13 8 13 4 13 6
> BAT2 13 7
< RES 1637330602 152 3
> REQ 1637330602 153 3
> VAMPIRE 1 7 5 3 2 3 0
> VAMPIRE 2 11 11 2 2 3 0
> VAMPIRE 3 3 3 3 2 3 0
> VAMPIRE 4 11 11 2 1 3 0
> GRENADE 2 13 9 3 3
> GRENADE 4 13 9 3 3
> BAT1 13 7
< RES 1637330602 153 3
> REQ 1637330602 154 3
> VAMPIRE 1 7 7 3 2 3 0
> VAMPIRE 2 11 11 2 1 3 0
> VAMPIRE 3 3 3 3 2 3 0
> VAMPIRE 4 9 11 2 1 3 0
> GRENADE 2 13 9 2 3
> GRENADE 4 13 9 2 3
> GRENADE 2 11 11 5 3
> BAT1 13 7
< RES 1637330602 154 3
< MOVE D D
> REQ 1637330602 155 3
> VAMPIRE 1 7 7 3 2 3 0
> VAMPIRE 2 11 13 2 0 3 0
> VAMPIRE 3 5 3 3 2 3 0
> VAMPIRE 4 7 11 2 1 3 0
> GRENADE 2 13 9 1 3
> GRENADE 4 13 9 1 3
> GRENADE 2 11 11 4 3
> GRENADE 2 11 11 5 3
> BAT1 13 7
< RES 1637330602 155 3
> REQ 1637330602 156 3
> VAMPIRE 1 7 7 3 2 3 0
> VAMPIRE 2 10 13 2 1 3 0
> VAMPIRE 3 5 3 3 2 3 0
> VAMPIRE 4 7 9 2 2 3 0
> GRENADE 2 11 11 3 3
> GRENADE 2 11 11 4 3
< RES 1637330602 156 3
> REQ 1637330602 157 3
> VAMPIRE 1 7 7 3 2 3 0
> VAMPIRE 2 9 13 2 1 3 0
> VAMPIRE 3 5 3 3 2 3 0
> VAMPIRE 4 7 9 2 2 3 0
> GRENADE 2 11 11 2 3
> GRENADE 2 11 11 3 3
< RES 1637330602 157 3
> REQ 1637330602 158 3
> VAMPIRE 1 7 7 3 2 3 0
> VAMPIRE 2 9 13 2 1 3 0
> VAMPIRE 3 5 3 3 2 3 0
> VAMPIRE 4 7 9 2 2 3 0
> GRENADE 2 11 11 1 3
> GRENADE 2 11 11 2 3
< RES 1637330602 158 3
> REQ 1637330602 159 3
> VAMPIRE 1 7 7 3 2 3 0
> VAMPIRE 2 9 11 2 3 3 0
> VAMPIRE 3 5 3 3 2 3 0
> VAMPIRE 4 7 9 2 2 3 0
< RES 1637330602 159 3
> REQ 1637330602 160 3
> VAMPIRE 1 7 7 3 2 3 0
> VAMPIRE 2 7 11 2 3 3 0
> VAMPIRE 3 5 3 3 2 3 0
> VAMPIRE 4 7 9 2 2 3 0
< RES 1637330602 160 3
> REQ 1637330602 161 3
> VAMPIRE 1 7 7 3 2 3 0
> VAMPIRE 2 5 11 2 3 3 0
> VAMPIRE 3 5 3 3 2 3 0
> VAMPIRE 4 7 9 2 2 3 0
< RES 1637330602 161 3
> REQ 1637330602 162 3
> VAMPIRE 1 7 7 3 2 3 0
> VAMPIRE 2 7 11 2 3 3 0
> VAMPIRE 3 5 3 3 2 3 0
> VAMPIRE 4 7 9 2 2 3 0
< RES 1637330602 162 3
> REQ 1637330602 163 3
> VAMPIRE 1 7 7 3 2 3 0
> VAMPIRE 2 5 11 2 3 3 0
> VAMPIRE 3 5 3 3 2 3 0
> VAMPIRE 4 7 9 2 2 3 0
< RES 1637330602 163 3
> REQ 1637330602 164 3
> VAMPIRE 1 7 7 3 2 3 0
> VAMPIRE 2 7 11 2 3 3 0
> VAMPIRE 3 5 3 3 2 3 0
> VAMPIRE 4 7 9 2 2 3 0
< RES 1637330602 164 3
> REQ 1637330602 165 3
> VAMPIRE 1 7 7 3 2 3 0
> VAMPIRE 2 5 11 2 3 3 0
> VAMPIRE 3 5 3 3 2 3 0
> VAMPIRE 4 7 9 2 2 3 0
> POWERUP SHOE -6 11 3 7
> POWERUP SHOE -6 3 11 7
< RES 1637330602 165 3
< MOVE D D
> REQ 1637330602 166 3
> VAMPIRE 1 9 7 3 2 3 0
> VAMPIRE 2 3 11 2 3 3 0
> VAMPIRE 3 7 3 3 2 3 0
> VAMPIRE 4 5 9 2 2 3 0
> POWERUP SHOE -5 11 3 7
> POWERUP SHOE -5 3 11 7
< RES 1637330602 166 3
< MOVE D D
> REQ 1637330602 167 3
> VAMPIRE 1 11 7 3 2 3 0
> VAMPIRE 2 3 11 2 3 3 0
> VAMPIRE 3 9 3 3 2 3 0
> VAMPIRE 4 3 9 2 2 3 0
> POWERUP SHOE -4 11 3 7
> POWERUP SHOE -4 3 11 7
< RES 1637330602 167 3
< MOVE D D
> REQ 1637330602 168 3
> VAMPIRE 1 11 5 3 2 3 0
> VAMPIRE 2 3 11 2 3 3 0
> VAMPIRE 3 11 3 3 2 3 0
> VAMPIRE 4 3 9 2 2 3 0
> POWERUP SHOE -3 11 3 7
> POWERUP SHOE -3 3 11 7
< RES 1637330602 168 3
> REQ 1637330602 169 3
> VAMPIRE 1 11 3 3 2 3 0
> VAMPIRE 2 3 11 2 3 3 0
> VAMPIRE 3 11 3 3 2 3 0
> VAMPIRE 4 3 9 2 2 3 0
> POWERUP SHOE -2 11 3 7
> POWERUP SHOE -2 3 11 7
< RES 1637330602 169 3
> REQ 1637330602 170 3
> VAMPIRE 1 11 3 3 2 3 0
> VAMPIRE 2 3 11 2 3 3 0
> VAMPIRE 3 11 3 3 2 3 0
> VAMPIRE 4 3 9 2 2 3 0
> POWERUP SHOE -1 11 3 7
> POWERUP SHOE -1 3 11 7
< RES 1637330602 170 3
> REQ 1637330602 171 3
> VAMPIRE 1 11 3 3 2 3 0
> VAMPIRE 2 3 11 2 3 3 0
> VAMPIRE 3 11 3 3 2 3 0
> VAMPIRE 4 3 9 2 2 3 0
> POWERUP SHOE 16 11 3 7
> POWERUP SHOE 16 3 11 7
< RES 1637330602 171 3
> REQ 1637330602 172 3
> VAMPIRE 1 11 3 3 2 3 0
> VAMPIRE 2 3 11 2 3 3 0
> VAMPIRE 3 11 3 3 2 3 0
> VAMPIRE 4 3 9 2 2 3 0
> POWERUP SHOE 15 11 3 7
> POWERUP SHOE 15 3 11 7
< RES 1637330602 172 3
> REQ 1637330602 173 3
> VAMPIRE 1 11 3 3 2 3 0
> VAMPIRE 2 3 11 2 3 3 0
> VAMPIRE 3 11 3 3 2 3 0
> VAMPIRE 4 3 9 2 2 3 0
> POWERUP SHOE 14 11 3 7
> POWERUP SHOE 14 3 11 7
< RES 1637330602 173 3
> REQ 1637330602 174 3
> VAMPIRE 1 11 3 3 2 3 0
> VAMPIRE 2 3 11 2 3 3 0
> VAMPIRE 3 11 3 3 2 3 0
> VAMPIRE 4 3 9 2 2 3 0
> POWERUP SHOE 13 11 3 7
> POWERUP SHOE 13 3 11 7
< RES 1637330602 174 3
> REQ 1637330602 175 3
> VAMPIRE 1 11 3 3 2 3 0
> VAMPIRE 2 3 11 2 3 3 0
> VAMPIRE 3 11 3 3 2 3 0
> VAMPIRE 4 3 9 2 2 3 0
> POWERUP SHOE 12 11 3 7
> POWERUP SHOE 12 3 11 7
< RES 1637330602 175 3
> REQ 1637330602 176 3
> VAMPIRE 1 11 3 3 2 3 0
> VAMPIRE 2 3 11 2 3 3 0
> VAMPIRE 3 11 3 3 2 3 0
> VAMPIRE 4 3 9 2 2 3 0
> POWERUP SHOE 11 11 3 7
> POWERUP SHOE 11 3 11 7
< RES 1637330602 176 3
> REQ 1637330602 177 3
> VAMPIRE 1 11 3 3 2 3 30
> VAMPIRE 2 3 11 2 3 3 30
> VAMPIRE 3 11 3 3 2 3 30
> VAMPIRE 4 3 9 2 2 3 0
< RES 1637330602 177 3
< MOVE R R
> REQ 1637330602 178 3
> VAMPIRE 1 11 5 3 2 3 29
> VAMPIRE 2 3 9 2 3 3 29
> VAMPIRE 3 11 5 3 2 3 29
> VAMPIRE 4 3 7 2 2 3 0
< RES 1637330602 178 3
< MOVE U U
> REQ 1637330602 179 3
> VAMPIRE 1 9 5 3 2 3 28
> VAMPIRE 2 5 9 2 3 3 28
> VAMPIRE 3 9 5 3 2 3 28
> VAMPIRE 4 5 7 2 2 3 0
< RES 1637330602 179 3
< MOVE L L
> REQ 1637330602 180 3
> VAMPIRE 1 9 3 3 2 3 27
> VAMPIRE 2 5 11 2 3 3 27
> VAMPIRE 3 9 3 3 2 3 27
> VAMPIRE 4 5 5 2 2 3 0
< RES 1637330602 180 3
< MOVE R R
> REQ 1637330602 181 3
> VAMPIRE 1 9 5 3 2 3 26
> VAMPIRE 2 5 9 2 3 3 26
> VAMPIRE 3 9 5 3 2 3 26
> VAMPIRE 4 5 5 2 2 3 0
< RES 1637330602 181 3
< MOVE L L
> REQ 1637330602 182 3
> VAMPIRE 1 9 3 3 2 3 25
> VAMPIRE 2 5 11 2 3 3 25
> VAMPIRE 3 9 3 3 2 3 25
> VAMPIRE 4 5 5 2 2 3 0
< RES 1637330602 182 3
< MOVE R R
> REQ 1637330602 183 3
> VAMPIRE 1 9 5 3 2 3 24
> VAMPIRE 2 5 9 2 3 3 24
> VAMPIRE 3 9 5 3 2 3 24
> VAMPIRE 4 5 5 2 2 3 0
< RES 1637330602 183 3
< MOVE L L
> REQ 1637330602 184 3
> VAMPIRE 1 9 3 3 2 3 23
> VAMPIRE 2 5 11 2 3 3 23
> VAMPIRE 3 9 3 3 2 3 23
> VAMPIRE 4 5 5 2 2 3 0
< RES 1637330602 184 3
< MOVE R R
> REQ 1637330602 185 3
> VAMPIRE 1 9 5 3 2 3 22
> VAMPIRE 2 5 9 2 3 3 22
> VAMPIRE 3 9 5 3 2 3 22
> VAMPIRE 4 5 5 2 2 3 0
< RES 1637330602 185 3
< MOVE L L
> REQ 1637330602 186 3
> VAMPIRE 1 9 3 3 2 3 21
> VAMPIRE 2 5 11 2 3 3 21
> VAMPIRE 3 9 3 3 2 3 21
> VAMPIRE 4 5 5 2 2 3 0
< RES 1637330602 186 3
< MOVE R R
> REQ 1637330602 187 3
> VAMPIRE 1 9 5 3 2 3 20
> VAMPIRE 2 5 9 2 3 3 20
> VAMPIRE 3 9 5 3 2 3 20
> VAMPIRE 4 5 5 2 2 3 0
< RES 1637330602 187 3
< MOVE L L
> REQ 1637330602 188 3
> VAMPIRE 1 9 3 3 2 3 19
> VAMPIRE 2 5 11 2 3 3 19
> VAMPIRE 3 9 3 3 2 3 19
> VAMPIRE 4 5 5 2 2 3 0
< RES 1637330602 188 3
< MOVE R R
> REQ 1637330602 189 3
> VAMPIRE 1 9 5 3 2 3 18
> VAMPIRE 2 5 9 2 3 3 18
> VAMPIRE 3 9 5 3 2 3 18
> VAMPIRE 4 5 5 2 2 3 0
< RES 1637330602 189 3
< MOVE L L
> REQ 1637330602 190 3
> VAMPIRE 1 9 3 3 2 3 17
> VAMPIRE 2 5 11 2 3 3 17
> VAMPIRE 3 9 3 3 2 3 17
> VAMPIRE 4 5 5 2 2 3 0
< RES 1637330602 190 3
< MOVE R R
> REQ 1637330602 191 3
> VAMPIRE 1 9 5 3 2 3 16
> VAMPIRE 2 5 9 2 3 3 16
> VAMPIRE 3 9 5 3 2 3 16
> VAMPIRE 4 5 5 2 2 3 0
< RES 1637330602 191 3
< MOVE L L
> REQ 1637330602 192 3
> VAMPIRE 1 9 3 3 2 3 15
> VAMPIRE 2 5 11 2 3 3 15
> VAMPIRE 3 9 3 3 2 3 15
> VAMPIRE 4 5 5 2 2 3 0
< RES 1637330602 192 3
< MOVE R R
> REQ 1637330602 193 3
> VAMPIRE 1 9 5 3 2 3 14
> VAMPIRE 2 5 9 2 3 3 14
> VAMPIRE 3 9 5 3 2 3 14
> VAMPIRE 4 5 5 2 2 3 0
< RES 1637330602 193 3
< MOVE L L
> REQ 1637330602 194 3
> VAMPIRE 1 9 3 3 2 3 13
> VAMPIRE 2 5 11 2 3 3 13
> VAMPIRE 3 9 3 3 2 3 13
> VAMPIRE 4 5 5 2 2 3 0
< RES 1637330602 194 3
< MOVE R R
> REQ 1637330602 195 3
> VAMPIRE 1 9 5 3 2 3 12
> VAMPIRE 2 5 9 2 3 3 12
> VAMPIRE 3 9 5 3 2 3 12
> VAMPIRE 4 5 5 2 2 3 0
< RES 1637330602 195 3
< MOVE L L
> REQ 1637330602 196 3
> VAMPIRE 1 9 3 3 2 3 11
> VAMPIRE 2 5 11 2 3 3 11
> VAMPIRE 3 9 3 3 2 3 11
> VAMPIRE 4 5 5 2 2 3 0
< RES 1637330602 196 3
< MOVE R R
> REQ 1637330602 197 3
> VAMPIRE 1 9 5 3 2 3 10
> VAMPIRE 2 5 9 2 3 3 10
> VAMPIRE 3 9 5 3 2 3 10
> VAMPIRE 4 5 5 2 2 3 0
< RES 1637330602 197 3
< MOVE L L
> REQ 1637330602 198 3
> VAMPIRE 1 9 3 3 2 3 9
> VAMPIRE 2 5 11 2 3 3 9
> VAMPIRE 3 9 3 3 2 3 9
> VAMPIRE 4 5 5 2 2 3 0
< RES 1637330602 198 3
< MOVE R R
> REQ 1637330602 199 3
> VAMPIRE 1 9 5 3 2 3 8
> VAMPIRE 2 5 9 2 3 3 8
> VAMPIRE 3 9 5 3 2 3 8
> VAMPIRE 4 5 5 2 2 3 0
< RES 1637330602 199 3
< MOVE L L
> REQ 1637330602 200 3
> VAMPIRE 1 9 3 3 2 3 7
> VAMPIRE 2 5 11 2 3 3 7
> VAMPIRE 3 9 3 3 2 3 7
> VAMPIRE 4 5 5 2 2 3 0
< RES 1637330602 200 3
< MOVE R R
> REQ 1637330602 201 3
> VAMPIRE 1 9 5 3 2 3 6
> VAMPIRE 2 5 9 2 3 3 6
> VAMPIRE 3 9 5 3 2 3 6
> VAMPIRE 4 5 5 2 2 3 0
> POWERUP SHOE -4 2 13 4
> POWERUP SHOE -4 12 1 4
< RES 1637330602 201 3
< MOVE D D L
> REQ 1637330602 202 3
> VAMPIRE 1 11 4 3 1 3 5
> VAMPIRE 2 3 10 2 3 3 5
> VAMPIRE 3 11 4 3 2 3 5
> VAMPIRE 4 3 5 2 2 3 0
> GRENADE 1 9 5 5 3
> POWERUP SHOE -3 2 13 4
> POWERUP SHOE -3 12 1 4
< RES 1637330602 202 3
< MOVE L L L
> REQ 1637330602 203 3
> VAMPIRE 1 11 1 3 1 3 4
> VAMPIRE 2 3 13 2 3 3 4
> VAMPIRE 3 11 1 3 2 3 4
> VAMPIRE 4 3 7 2 2 3 0
> GRENADE 1 9 5 4 3
> POWERUP SHOE -2 2 13 4
> POWERUP SHOE -2 12 1 4
< RES 1637330602 203 3
< MOVE D
> REQ 1637330602 204 3
> VAMPIRE 1 12 1 3 1 3 3
> VAMPIRE 2 2 13 2 3 3 3
> VAMPIRE 3 12 1 3 2 3 3
> VAMPIRE 4 3 9 2 2 3 0
> GRENADE 1 9 5 3 3
> POWERUP SHOE -1 2 13 4
> POWERUP SHOE -1 12 1 4
< RES 1637330602 204 3
> REQ 1637330602 205 3
> VAMPIRE 1 12 1 3 1 3 2
> VAMPIRE 2 2 13 2 3 3 2
> VAMPIRE 3 12 1 3 2 3 2
> VAMPIRE 4 3 11 2 2 3 0
> GRENADE 1 9 5 2 3
> POWERUP SHOE 20 2 13 4
> POWERUP SHOE 20 12 1 4
< RES 1637330602 205 3
> REQ 1637330602 206 3
> VAMPIRE 1 12 1 3 1 3 1
> VAMPIRE 2 2 13 2 3 3 1
> VAMPIRE 3 12 1 3 2 3 1
> VAMPIRE 4 3 13 2 2 3 0
> GRENADE 1 9 5 1 3
> POWERUP SHOE 19 2 13 4
> POWERUP SHOE 19 12 1 4
< RES 1637330602 206 3
> REQ 1637330602 207 3
> VAMPIRE 1 12 1 3 2 3 0
> VAMPIRE 2 2 13 2 2 3 0
> VAMPIRE 3 12 1 3 2 3 0
> VAMPIRE 4 3 13 2 1 3 0
> GRENADE 2 2 13 5 3
> GRENADE 4 3 13 5 3
> POWERUP SHOE 18 2 13 4
> POWERUP SHOE 18 12 1 4
< RES 1637330602 207 3
> REQ 1637330602 208 3
> VAMPIRE 1 12 1 3 2 3 30
> VAMPIRE 2 2 13 2 2 3 30
> VAMPIRE 3 12 1 3 2 3 30
> VAMPIRE 4 3 11 2 0 3 0
> GRENADE 2 1 13 4 3
> GRENADE 4 3 13 4 3
> GRENADE 4 3 13 5 3
< RES 1637330602 208 3
< MOVE U R R
> REQ 1637330602 209 3
> VAMPIRE 1 11 3 3 1 3 29
> VAMPIRE 2 2 13 2 2 3 29
> VAMPIRE 3 11 3 3 2 3 29
> VAMPIRE 4 3 9 2 0 3 0
> GRENADE 2 1 13 3 3
> GRENADE 4 3 13 3 3
> GRENADE 4 3 13 4 3
> GRENADE 1 12 1 5 3
< RES 1637330602 209 3
< MOVE R R
> REQ 1637330602 210 3
> VAMPIRE 1 11 5 3 1 3 28
> VAMPIRE 2 2 13 2 2 3 28
> VAMPIRE 3 11 5 3 2 3 28
> VAMPIRE 4 5 9 2 0 3 0
> GRENADE 2 1 13 2 3
> GRENADE 4 3 13 2 3
> GRENADE 4 3 13 3 3
> GRENADE 1 12 1 4 3
< RES 1637330602 210 3
< MOVE U U
> REQ 1637330602 211 3
> VAMPIRE 1 11 5 3 0 3 27
> VAMPIRE 2 2 13 2 1 3 27
> VAMPIRE 3 9 5 3 2 3 27
> VAMPIRE 4 5 9 2 0 3 0
> GRENADE 2 1 13 1 3
> GRENADE 4 3 13 1 3
> GRENADE 4 3 13 2 3
> GRENADE 1 12 1 3 3
> GRENADE 1 11 5 5 3
> GRENADE 2 2 13 5 3
< RES 1637330602 211 3
< MOVE U U
> REQ 1637330602 212 3
> VAMPIRE 1 11 5 3 0 3 26
> VAMPIRE 2 2 13 1 3 3 26
> VAMPIRE 3 7 5 3 2 3 26
> VAMPIRE 4 5 7 2 2 3 0
> GRENADE 1 12 1 2 3
> GRENADE 1 11 5 4 3
< RES 1637330602 212 3
< MOVE U U
> REQ 1637330602 213 3
> VAMPIRE 1 11 7 3 0 3 25
> VAMPIRE 2 3 11 1 3 3 25
> VAMPIRE 3 5 5 3 2 3 25
> VAMPIRE 4 3 7 2 2 3 0
> GRENADE 1 12 1 1 3
> GRENADE 1 7 5 3 3
< RES 1637330602 213 3
< MOVE L L
> REQ 1637330602 214 3
> VAMPIRE 1 11 7 3 1 3 24
> VAMPIRE 2 3 11 1 3 3 24
> VAMPIRE 3 5 3 3 2 3 24
> VAMPIRE 4 3 7 2 2 3 0
> GRENADE 1 7 5 2 3
< RES 1637330602 214 3
< MOVE U U
> REQ 1637330602 215 3
> VAMPIRE 1 11 9 3 1 3 23
> VAMPIRE 2 5 11 1 3 3 23
> VAMPIRE 3 3 3 3 2 3 23
> VAMPIRE 4 3 7 2 2 3 0
> GRENADE 1 7 5 1 3
< RES 1637330602 215 3
< MOVE D D
> REQ 1637330602 216 3
> VAMPIRE 1 11 7 3 2 3 22
> VAMPIRE 2 3 11 1 3 3 22
> VAMPIRE 3 5 3 3 2 3 22
> VAMPIRE 4 5 7 2 2 3 0
< RES 1637330602 216 3
> REQ 1637330602 217 3
> VAMPIRE 1 11 9 3 2 3 21
> VAMPIRE 2 5 11 1 3 3 21
> VAMPIRE 3 5 3 3 2 3 21
> VAMPIRE 4 3 7 2 2 3 0
< RES 1637330602 217 3
> REQ 1637330602 218 3
> VAMPIRE 1 11 7 3 2 3 20
> VAMPIRE 2 3 11 1 3 3 20
> VAMPIRE 3 5 3 3 2 3 20
> VAMPIRE 4 3 7 2 2 3 0
< RES 1637330602 218 3
> REQ 1637330602 219 3
> VAMPIRE 1 11 9 3 2 3 19
> VAMPIRE 2 5 11 1 3 3 19
> VAMPIRE 3 5 3 3 2 3 19
> VAMPIRE 4 3 7 2 2 3 0
< RES 1637330602 219 3
> REQ 1637330602 220 3
> VAMPIRE 1 11 7 3 2 3 18
> VAMPIRE 2 3 11 1 3 3 18
> VAMPIRE 3 5 3 3 2 3 18
> VAMPIRE 4 3 7 2 2 3 0
< RES 1637330602 220 3
> REQ 1637330602 221 3
> VAMPIRE 1 11 9 3 2 3 17
> VAMPIRE 2 5 11 1 3 3 17
> VAMPIRE 3 5 3 3 2 3 17
> VAMPIRE 4 3 7 2 2 3 0
< RES 1637330602 221 3
> REQ 1637330602 222 3
> VAMPIRE 1 11 7 3 2 3 16
> VAMPIRE 2 3 11 1 3 3 16
> VAMPIRE 3 5 3 3 2 3 16
> VAMPIRE 4 3 7 2 2 3 0
< RES 1637330602 222 3
> REQ 1637330602 223 3
> VAMPIRE 1 11 9 3 2 3 15
> VAMPIRE 2 5 11 1 3 3 15
> VAMPIRE 3 5 3 3 2 3 15
> VAMPIRE 4 3 7 2 2 3 0
< RES 1637330602 223 3
> REQ 1637330602 224 3
> VAMPIRE 1 11 7 3 2 3 14
> VAMPIRE 2 3 11 1 3 3 14
> VAMPIRE 3 5 3 3 2 3 14
> VAMPIRE 4 3 7 2 2 3 0
< RES 1637330602 224 3
> REQ 1637330602 225 3
> VAMPIRE 1 11 9 3 2 3 13
> VAMPIRE 2 5 11 1 3 3 13
> VAMPIRE 3 5 3 3 2 3 13
> VAMPIRE 4 3 7 2 2 3 0
< RES 1637330602 225 3
> REQ 1637330602 226 3
> VAMPIRE 1 11 7 3 2 3 12
> VAMPIRE 2 3 11 1 3 3 12
> VAMPIRE 3 5 3 3 2 3 12
> VAMPIRE 4 3 7 2 2 3 0
< RES 1637330602 226 3
> REQ 1637330602 227 3
> VAMPIRE 1 11 9 3 2 3 11
> VAMPIRE 2 5 11 1 3 3 11
> VAMPIRE 3 5 3 3 2 3 11
> VAMPIRE 4 3 7 2 2 3 0
< RES 1637330602 227 3
> REQ 1637330602 228 3
> VAMPIRE 1 11 7 3 2 3 10
> VAMPIRE 2 3 11 1 3 3 10
> VAMPIRE 3 5 3 3 2 3 10
> VAMPIRE 4 3 7 2 2 3 0
< RES 1637330602 228 3
> REQ 1637330602 229 3
> VAMPIRE 1 11 9 3 2 3 9
> VAMPIRE 2 5 11 1 3 3 9
> VAMPIRE 3 5 3 3 2 3 9
> VAMPIRE 4 3 7 2 2 3 0
< RES 1637330602 229 3
> REQ 1637330602 230 3
> VAMPIRE 1 11 7 3 2 3 8
> VAMPIRE 2 3 11 1 3 3 8
> VAMPIRE 3 5 3 3 2 3 8
> VAMPIRE 4 3 7 2 2 3 0
< RES 1637330602 230 3
> REQ 1637330602 231 3
> VAMPIRE 1 11 9 3 2 3 7
> VAMPIRE 2 5 11 1 3 3 7
> VAMPIRE 3 5 3 3 2 3 7
> VAMPIRE 4 3 7 2 2 3 0
< RES 1637330602 231 3
> REQ 1637330602 232 3
> VAMPIRE 1 11 7 3 2 3 6
> VAMPIRE 2 3 11 1 3 3 6
> VAMPIRE 3 5 3 3 2 3 6
> VAMPIRE 4 3 7 2 2 3 0
< RES 1637330602 232 3
> REQ 1637330602 233 3
> VAMPIRE 1 11 9 3 2 3 5
> VAMPIRE 2 5 11 1 3 3 5
> VAMPIRE 3 5 3 3 2 3 5
> VAMPIRE 4 3 7 2 2 3 0
< RES 1637330602 233 3
> REQ 1637330602 234 3
> VAMPIRE 1 11 7 3 2 3 4
> VAMPIRE 2 3 11 1 3 3 4
> VAMPIRE 3 5 3 3 2 3 4
> VAMPIRE 4 3 7 2 2 3 0
< RES 1637330602 234 3
> REQ 1637330602 235 3
> VAMPIRE 1 11 9 3 2 3 3
> VAMPIRE 2 5 11 1 3 3 3
> VAMPIRE 3 5 3 3 2 3 3
> VAMPIRE 4 3 7 2 2 3 0
< RES 1637330602 235 3
> REQ 1637330602 236 3
> VAMPIRE 1 11 7 3 2 3 2
> VAMPIRE 2 5 11 1 3 3 2
> VAMPIRE 3 5 3 3 2 3 2
> VAMPIRE 4 3 7 2 2 3 0
< RES 1637330602 236 3
< MOVE R R
> REQ 1637330602 237 3
> VAMPIRE 1 11 7 3 2 3 1
> VAMPIRE 2 5 9 1 3 3 1
> VAMPIRE 3 5 5 3 2 3 1
> VAMPIRE 4 3 7 2 2 3 0
< RES 1637330602 237 3
< MOVE L L
> REQ 1637330602 238 3
> VAMPIRE 1 11 7 3 2 3 0
> VAMPIRE 2 5 11 1 3 3 0
> VAMPIRE 3 5 3 3 2 3 0
> VAMPIRE 4 3 7 2 2 3 0
< RES 1637330602 238 3
< MOVE D D
> REQ 1637330602 239 3
> VAMPIRE 1 9 7 3 2 3 0
> VAMPIRE 2 7 11 1 3 3 0
> VAMPIRE 3 7 3 3 2 3 0
> VAMPIRE 4 5 7 2 2 3 0
> POWERUP TOMATO -9 7 6 6
> POWERUP TOMATO -9 7 8 6
< RES 1637330602 239 3
< MOVE R R
> REQ 1637330602 240 3
> VAMPIRE 1 7 7 3 2 3 0
> VAMPIRE 2 7 9 1 3 3 0
> VAMPIRE 3 7 5 3 2 3 0
> VAMPIRE 4 7 7 2 2 3 0
> POWERUP TOMATO -8 7 6 6
> POWERUP TOMATO -8 7 8 6
< RES 1637330602 240 3
< GRENADE
< MOVE R R
> REQ 1637330602 241 3
> VAMPIRE 1 7 8 3 1 3 0
> VAMPIRE 2 7 8 1 2 3 0
> VAMPIRE 3 7 6 3 1 3 0
> VAMPIRE 4 7 8 2 1 3 0
> GRENADE 1 7 7 5 3
> GRENADE 2 7 9 5 3
> GRENADE 3 7 5 5 3
> GRENADE 4 7 7 5 3
> POWERUP TOMATO -7 7 6 6
> POWERUP TOMATO -7 7 8 6
< RES 1637330602 241 3
< GRENADE
> REQ 1637330602 242 3
> VAMPIRE 1 7 8 3 0 3 0
> VAMPIRE 2 7 8 1 1 3 0
> VAMPIRE 3 7 6 3 0 3 0
> VAMPIRE 4 7 8 2 0 3 0
> GRENADE 1 7 7 4 3
> GRENADE 2 7 9 4 3
> GRENADE 3 7 5 4 3
> GRENADE 4 7 7 4 3
> GRENADE 1 7 8 5 3
> GRENADE 2 7 8 5 3
> GRENADE 3 7 6 5 3
> GRENADE 4 7 8 5 3
> POWERUP TOMATO -6 7 6 6
> POWERUP TOMATO -6 7 8 6
< RES 1637330602 242 3
> REQ 1637330602 243 3
> VAMPIRE 1 7 8 3 0 3 0
> VAMPIRE 2 7 8 1 0 3 0
> VAMPIRE 3 7 6 3 0 3 0
> VAMPIRE 4 7 8 2 0 3 0
> GRENADE 1 7 7 3 3
> GRENADE 2 7 9 3 3
> GRENADE 3 7 5 3 3
> GRENADE 4 7 7 3 3
> GRENADE 1 7 8 4 3
> GRENADE 2 7 8 4 3
> GRENADE 3 7 6 4 3
> GRENADE 4 7 8 4 3
> GRENADE 2 7 8 5 3
> POWERUP TOMATO -5 7 6 6
> POWERUP TOMATO -5 7 8 6
< RES 1637330602 243 3
< GRENADE
> REQ 1637330602 244 3
> VAMPIRE 1 7 8 3 0 3 0
> VAMPIRE 2 7 8 1 0 3 0
> VAMPIRE 3 7 6 3 0 3 0
> VAMPIRE 4 7 8 2 0 3 0
> GRENADE 1 7 7 2 3
> GRENADE 2 7 13 2 3
> GRENADE 3 7 5 2 3
> GRENADE 4 7 7 2 3
> GRENADE 1 7 8 3 3
> GRENADE 2 7 8 3 3
> GRENADE 3 7 6 3 3
> GRENADE 4 7 8 3 3
> GRENADE 2 7 8 4 3
> POWERUP TOMATO -4 7 6 6
> POWERUP TOMATO -4 7 8 6
< RES 1637330602 244 3
< GRENADE
> REQ 1637330602 245 3
> VAMPIRE 1 7 8 3 0 3 0
> VAMPIRE 2 7 8 1 0 3 0
> VAMPIRE 3 7 6 3 0 3 0
> VAMPIRE 4 7 8 2 0 3 0
> GRENADE 1 7 7 1 3
> GRENADE 2 7 13 1 3
> GRENADE 3 7 5 1 3
> GRENADE 4 7 7 1 3
> GRENADE 1 7 8 2 3
> GRENADE 2 7 8 2 3
> GRENADE 3 7 6 2 3
> GRENADE 4 7 8 2 3
> GRENADE 2 7 8 3 3
> POWERUP TOMATO -3 7 6 6
> POWERUP TOMATO -3 7 8 6
< RES 1637330602 245 3
< THROW L 4
> REQ 1637330602 246 3
> VAMPIRE 1 7 8 2 2 3 0
> VAMPIRE 3 7 6 2 2 3 0
> VAMPIRE 4 7 8 1 2 3 0
> POWERUP TOMATO -2 7 6 6
> POWERUP TOMATO -2 7 8 6
< RES 1637330602 246 3
> REQ 1637330602 247 3
> VAMPIRE 1 7 8 2 2 3 0
> VAMPIRE 3 7 6 2 2 3 0
> VAMPIRE 4 7 8 1 2 3 0
> POWERUP TOMATO -1 7 6 6
> POWERUP TOMATO -1 7 8 6
< RES 1637330602 247 3
> REQ 1637330602 248 3
> VAMPIRE 1 7 8 2 2 3 0
> VAMPIRE 3 7 6 2 2 3 0
> VAMPIRE 4 7 8 1 2 3 0
> POWERUP TOMATO 20 7 6 6
> POWERUP TOMATO 20 7 8 6
< RES 1637330602 248 3
> REQ 1637330602 249 3
> VAMPIRE 1 7 8 2 1 3 0
> VAMPIRE 3 7 6 2 2 3 0
> VAMPIRE 4 7 8 1 2 3 0
> GRENADE 1 7 8 5 3
> POWERUP TOMATO 19 7 6 6
> POWERUP TOMATO 19 7 8 6
< RES 1637330602 249 3
> REQ 1637330602 250 3
> VAMPIRE 1 7 7 2 1 3 0
> VAMPIRE 3 7 6 2 2 3 0
> VAMPIRE 4 7 8 1 2 3 0
> GRENADE 1 7 8 4 3
> POWERUP TOMATO 18 7 6 6
> POWERUP TOMATO 18 7 8 6
< RES 1637330602 250 3
> REQ 1637330602 251 3
> VAMPIRE 1 7 6 2 1 3 0
> VAMPIRE 3 7 6 2 2 3 0
> VAMPIRE 4 7 8 1 2 3 0
> GRENADE 1 7 12 3 3
> POWERUP TOMATO 17 7 6 6
> POWERUP TOMATO 17 7 8 6
< RES 1637330602 251 3
> REQ 1637330602 252 3
> VAMPIRE 1 7 6 2 0 3 0
> VAMPIRE 3 7 6 2 2 3 0
> VAMPIRE 4 7 8 1 2 3 0
> GRENADE 1 7 12 2 3
> GRENADE 1 7 6 5 3
> POWERUP TOMATO 16 7 6 6
> POWERUP TOMATO 16 7 8 6
< RES 1637330602 252 3
< MOVE L
> REQ 1637330602 253 3
> VAMPIRE 1 7 5 2 0 3 0
> VAMPIRE 3 7 5 3 2 3 0
> VAMPIRE 4 7 7 2 2 3 0
> GRENADE 1 7 12 1 3
> GRENADE 1 7 6 4 3
< RES 1637330602 253 3
< MOVE U U
> REQ 1637330602 254 3
> VAMPIRE 1 5 5 2 1 3 0
> VAMPIRE 3 5 5 3 2 3 0
> VAMPIRE 4 6 7 2 2 3 0
> GRENADE 1 7 6 3 3
< RES 1637330602 254 3
< MOVE R R
> REQ 1637330602 255 3
> VAMPIRE 1 5 7 2 1 3 0
> VAMPIRE 3 5 7 3 2 3 0
> VAMPIRE 4 8 7 2 2 3 0
> GRENADE 1 7 6 2 3
< RES 1637330602 255 3
> REQ 1637330602 256 3
> VAMPIRE 1 5 7 2 0 3 0
> VAMPIRE 3 5 7 3 2 3 0
> VAMPIRE 4 9 7 2 2 3 0
> GRENADE 1 7 6 1 3
> GRENADE 1 5 7 5 3
< RES 1637330602 256 3
< MOVE D D
> REQ 1637330602 257 3
> VAMPIRE 1 5 5 2 1 3 0
> VAMPIRE 3 7 7 3 2 3 0
> VAMPIRE 4 11 7 2 2 3 0
> GRENADE 1 9 7 4 3
< RES 1637330602 257 3
< MOVE R R
> REQ 1637330602 258 3
> VAMPIRE 1 5 7 2 1 3 0
> VAMPIRE 3 7 9 3 2 3 0
> VAMPIRE 4 11 5 2 2 3 0
> GRENADE 1 9 7 3 3
< RES 1637330602 258 3
< MOVE R R
> REQ 1637330602 259 3
> VAMPIRE 1 3 7 2 1 3 0
> VAMPIRE 3 7 11 3 2 3 0
> VAMPIRE 4 11 5 2 2 3 0
> GRENADE 1 9 7 2 3
< RES 1637330602 259 3
< MOVE L L
> REQ 1637330602 260 3
> VAMPIRE 1 5 7 2 1 3 0
> VAMPIRE 3 7 9 3 2 3 0
> VAMPIRE 4 11 5 2 2 3 0
> GRENADE 1 9 7 1 3
< RES 1637330602 260 3
< MOVE L L
> REQ 1637330602 261 3
> VAMPIRE 1 7 7 2 2 3 0
> VAMPIRE 3 7 7 3 2 3 0
> VAMPIRE 4 11 7 2 2 3 0
< RES 1637330602 261 3
> REQ 1637330602 262 3
> VAMPIRE 1 7 7 2 2 3 0
> VAMPIRE 3 7 7 3 2 3 0
> VAMPIRE 4 9 7 2 2 3 0
< RES 1637330602 262 3
> REQ 1637330602 263 3
> VAMPIRE 1 7 7 2 1 3 0
> VAMPIRE 3 7 7 3 2 3 0
> VAMPIRE 4 9 7 2 2 3 0
> GRENADE 1 7 7 5 3
< RES 1637330602 263 3
< MOVE U U
> REQ 1637330602 264 3
> VAMPIRE 1 5 7 2 0 3 0
> VAMPIRE 3 5 7 3 2 3 0
> VAMPIRE 4 11 7 2 2 3 0
> GRENADE 1 7 7 4 3
> GRENADE 1 7 7 5 3
< RES 1637330602 264 3
< MOVE U U
> REQ 1637330602 265 3
> VAMPIRE 1 3 7 2 0 3 0
> VAMPIRE 3 3 7 3 2 3 0
> VAMPIRE 4 11 7 2 2 3 0
> GRENADE 1 7 7 3 3
> GRENADE 1 7 7 4 3
< RES 1637330602 265 3
> REQ 1637330602 266 3
> VAMPIRE 1 3 7 2 0 3 0
> VAMPIRE 3 3 7 3 2 3 0
> VAMPIRE 4 11 7 2 2 3 0
> GRENADE 1 7 7 2 3
> GRENADE 1 7 7 3 3
< RES 1637330602 266 3
> REQ 1637330602 267 3
> VAMPIRE 1 3 7 2 0 3 0
> VAMPIRE 3 3 7 3 2 3 0
> VAMPIRE 4 11 7 2 2 3 0
> GRENADE 1 7 7 1 3
> GRENADE 1 7 7 2 3
< RES 1637330602 267 3
> REQ 1637330602 268 3
> VAMPIRE 1 3 7 2 2 3 0
> VAMPIRE 3 3 7 3 2 3 0
> VAMPIRE 4 11 7 2 2 3 0
< RES 1637330602 268 3
< MOVE D D
> REQ 1637330602 269 3
> VAMPIRE 1 5 7 2 2 3 0
> VAMPIRE 3 5 7 3 2 3 0
> VAMPIRE 4 9 7 2 2 3 0
< RES 1637330602 269 3
< MOVE D D
> REQ 1637330602 270 3
> VAMPIRE 1 7 7 2 2 3 0
> VAMPIRE 3 7 7 3 2 3 0
> VAMPIRE 4 7 7 2 2 3 0
< RES 1637330602 270 3
> REQ 1637330602 271 3
> VAMPIRE 1 7 7 2 1 3 0
> VAMPIRE 3 7 7 3 2 3 0
> VAMPIRE 4 7 7 2 2 3 0
> GRENADE 1 7 7 5 3
< RES 1637330602 271 3
< MOVE U U
> REQ 1637330602 272 3
> VAMPIRE 1 5 7 2 0 3 0
> VAMPIRE 3 5 7 3 2 3 0
> VAMPIRE 4 5 7 2 2 3 0
> GRENADE 1 7 7 4 3
> GRENADE 1 7 7 5 3
< RES 1637330602 272 3
< MOVE U U
> REQ 1637330602 273 3
> VAMPIRE 1 3 7 2 0 3 0
> VAMPIRE 3 3 7 3 2 3 0
> VAMPIRE 4 3 7 2 2 3 0
> GRENADE 1 7 7 3 3
> GRENADE 1 7 7 4 3
> POWERUP SHOE -5 9 1 7
> POWERUP SHOE -5 5 13 7
< RES 1637330602 273 3
< MOVE R R
> REQ 1637330602 274 3
> VAMPIRE 1 3 9 2 0 3 0
> VAMPIRE 3 3 9 3 2 3 0
> VAMPIRE 4 3 9 2 2 3 0
> GRENADE 1 7 7 2 3
> GRENADE 1 7 7 3 3
> POWERUP SHOE -4 9 1 7
> POWERUP SHOE -4 5 13 7
< RES 1637330602 274 3
< MOVE R R
> REQ 1637330602 275 3
> VAMPIRE 1 3 11 2 0 3 0
> VAMPIRE 3 3 11 3 2 3 0
> VAMPIRE 4 3 11 2 2 3 0
> GRENADE 1 7 7 1 3
> GRENADE 1 7 7 2 3
> POWERUP SHOE -3 9 1 7
> POWERUP SHOE -3 5 13 7
< RES 1637330602 275 3
< MOVE R R
> REQ 1637330602 276 3
> VAMPIRE 1 3 13 2 2 3 0
> VAMPIRE 3 3 13 3 2 3 0
> VAMPIRE 4 3 13 2 2 3 0
> POWERUP SHOE -2 9 1 7
> POWERUP SHOE -2 5 13 7
< RES 1637330602 276 3
< MOVE D D
> REQ 1637330602 277 3
> VAMPIRE 1 5 13 2 1 3 0
> VAMPIRE 3 5 13 3 2 3 0
> VAMPIRE 4 5 13 2 2 3 0
> GRENADE 1 3 13 5 3
> POWERUP SHOE -1 9 1 7
> POWERUP SHOE -1 5 13 7
< RES 1637330602 277 3
> REQ 1637330602 278 3
> VAMPIRE 1 5 13 2 0 3 0
> VAMPIRE 3 5 13 3 2 3 0
> VAMPIRE 4 5 13 2 2 3 0
> GRENADE 1 3 13 4 3
> GRENADE 1 5 13 5 3
> POWERUP SHOE 11 9 1 7
> POWERUP SHOE 11 5 13 7
< RES 1637330602 278 3
> REQ 1637330602 279 3
> VAMPIRE 1 5 13 2 0 3 0
> VAMPIRE 3 5 13 3 2 3 0
> VAMPIRE 4 5 13 2 2 3 0
> GRENADE 1 3 13 3 3
> GRENADE 1 5 13 4 3
> POWERUP SHOE 10 9 1 7
> POWERUP SHOE 10 5 13 7
< RES 1637330602 279 3
< MOVE L
> REQ 1637330602 280 3
> VAMPIRE 1 5 13 2 0 3 0
> VAMPIRE 3 5 12 3 2 3 0
> VAMPIRE 4 5 12 2 2 3 0
> GRENADE 1 3 13 2 3
> GRENADE 1 5 13 3 3
> POWERUP SHOE 9 9 1 7
> POWERUP SHOE 9 5 13 7
< RES 1637330602 280 3
> REQ 1637330602 281 3
> VAMPIRE 1 7 13 2 0 3 0
> VAMPIRE 3 5 12 3 2 3 0
> VAMPIRE 4 5 12 2 2 3 0
> GRENADE 1 3 13 1 3
> GRENADE 1 5 9 2 3
> POWERUP SHOE 8 9 1 7
> POWERUP SHOE 8 5 13 7
< RES 1637330602 281 3
< MOVE R
> REQ 1637330602 282 3
> VAMPIRE 1 5 13 2 1 3 0
> VAMPIRE 3 5 13 3 2 3 0
> VAMPIRE 4 5 13 2 2 3 0
> GRENADE 1 5 9 1 3
> POWERUP SHOE 7 9 1 7
> POWERUP SHOE 7 5 13 7
< RES 1637330602 282 3
> REQ 1637330602 283 3
> VAMPIRE 1 5 13 2 1 3 0
> VAMPIRE 3 5 13 3 2 3 0
> VAMPIRE 4 5 13 2 2 3 0
> GRENADE 1 5 13 5 3
> POWERUP SHOE 6 9 1 7
> POWERUP SHOE 6 5 13 7
< RES 1637330602 283 3
> REQ 1637330602 284 3
> VAMPIRE 1 5 13 2 0 3 0
> VAMPIRE 3 5 13 3 2 3 0
> VAMPIRE 4 5 13 2 2 3 0
> GRENADE 1 5 13 4 3
> GRENADE 1 5 13 5 3
> POWERUP SHOE 5 9 1 7
> POWERUP SHOE 5 5 13 7
< RES 1637330602 284 3
> REQ 1637330602 285 3
> VAMPIRE 1 5 13 2 0 3 0
> VAMPIRE 3 5 13 3 2 3 0
> VAMPIRE 4 5 13 2 2 3 0
> GRENADE 1 5 13 3 3
> GRENADE 1 5 13 4 3
> POWERUP SHOE 4 9 1 7
> POWERUP SHOE 4 5 13 7
< RES 1637330602 285 3
< MOVE L
> REQ 1637330602 286 3
> VAMPIRE 1 5 13 2 0 3 0
> VAMPIRE 3 5 12 3 2 3 0
> VAMPIRE 4 5 12 2 2 3 0
> GRENADE 1 5 13 2 3
> GRENADE 1 5 13 3 3
> POWERUP SHOE 3 9 1 7
> POWERUP SHOE 3 5 13 7
< RES 1637330602 286 3
> REQ 1637330602 287 3
> VAMPIRE 1 5 13 2 0 3 0
> VAMPIRE 3 5 12 3 2 3 0
> VAMPIRE 4 5 12 2 2 3 0
> GRENADE 1 5 9 1 3
> GRENADE 1 5 9 2 3
> POWERUP SHOE 2 9 1 7
> POWERUP SHOE 2 5 13 7
< RES 1637330602 287 3
< MOVE R
> REQ 1637330602 288 3
> VAMPIRE 1 4 13 2 2 3 0
> VAMPIRE 3 5 13 2 2 3 0
> VAMPIRE 4 5 13 1 2 3 0
> POWERUP SHOE 1 9 1 7
> POWERUP SHOE 1 5 13 7
< RES 1637330602 288 3
< GRENADE
< MOVE U U
> REQ 1637330602 289 3
> VAMPIRE 1 3 12 2 1 3 0
> VAMPIRE 3 5 13 2 2 3 0
> VAMPIRE 4 5 13 1 2 3 0
> GRENADE 1 4 13 5 3
> POWERUP SHOE 1 5 13 7
< RES 1637330602 289 3
> REQ 1637330602 290 3
> VAMPIRE 1 3 11 2 1 3 0
> VAMPIRE 3 5 13 2 2 3 0
> VAMPIRE 4 5 13 1 2 3 0
> GRENADE 1 4 13 4 3
> POWERUP SHOE 1 5 13 7
< RES 1637330602 290 3
> REQ 1637330602 291 3
> VAMPIRE 1 3 11 2 1 3 0
> VAMPIRE 3 5 13 2 2 3 0
> VAMPIRE 4 5 13 1 2 3 0
> GRENADE 1 4 13 3 3
> POWERUP SHOE 1 5 13 7
< RES 1637330602 291 3
> REQ 1637330602 292 3
> VAMPIRE 1 3 11 2 1 3 0
> VAMPIRE 3 5 13 2 2 3 0
> VAMPIRE 4 5 13 1 2 3 0
> GRENADE 1 4 13 2 3
> POWERUP SHOE 1 5 13 7
< RES 1637330602 292 3
< MOVE D
> REQ 1637330602 293 3
> VAMPIRE 1 3 11 2 1 3 0
> VAMPIRE 3 6 13 2 2 3 0
> VAMPIRE 4 6 13 1 2 3 0
> GRENADE 1 4 13 1 3
> POWERUP SHOE 1 5 13 7
< RES 1637330602 293 3
< MOVE U
> REQ 1637330602 294 3
> VAMPIRE 1 3 11 2 2 3 0
> VAMPIRE 3 5 13 1 2 3 0
< RES 1637330602 294 3
< MOVE L L
> REQ 1637330602 295 3
> VAMPIRE 1 5 11 2 2 3 0
> VAMPIRE 3 5 11 1 2 3 0
< RES 1637330602 295 3
< MOVE D D
> REQ 1637330602 296 3
> VAMPIRE 1 7 11 2 2 3 0
> VAMPIRE 3 7 11 1 2 3 0
< RES 1637330602 296 3
< MOVE L L
> REQ 1637330602 297 3
> VAMPIRE 1 7 9 2 2 3 0
> VAMPIRE 3 7 9 1 2 3 0
< RES 1637330602 297 3
< MOVE L L
> REQ 1637330602 298 3
> VAMPIRE 1 7 7 2 2 3 0
> VAMPIRE 3 7 7 1 2 3 0
< RES 1637330602 298 3
> REQ 1637330602 299 3
> VAMPIRE 1 7 7 2 2 3 0
> VAMPIRE 3 7 7 1 2 3 0
< RES 1637330602 299 3
> REQ 1637330602 300 3
> VAMPIRE 1 7 7 2 2 3 0
> VAMPIRE 3 7 7 1 2 3 0
< RES 1637330602 300 3
> REQ 1637330602 301 3
> VAMPIRE 1 7 7 2 2 3 0
> VAMPIRE 3 7 7 1 2 3 0
> POWERUP BATTERY -8 1 4 4
< RES 1637330602 301 3
< MOVE U U
> REQ 1637330602 302 3
> VAMPIRE 1 5 7 2 2 3 0
> VAMPIRE 3 5 7 1 2 3 0
> POWERUP BATTERY -7 1 4 4
< RES 1637330602 302 3
< MOVE U U
> REQ 1637330602 303 3
> VAMPIRE 1 3 7 2 2 3 0
> VAMPIRE 3 3 7 1 2 3 0
> POWERUP BATTERY -6 1 4 4
< RES 1637330602 303 3
< MOVE U U
> REQ 1637330602 304 3
> VAMPIRE 1 1 7 2 2 3 0
> VAMPIRE 3 1 7 1 2 3 0
> POWERUP BATTERY -5 1 4 4
< RES 1637330602 304 3
< MOVE L L
> REQ 1637330602 305 3
> VAMPIRE 1 1 5 2 2 3 0
> VAMPIRE 3 1 5 1 2 3 0
> POWERUP BATTERY -4 1 4 4
< RES 1637330602 305 3
< GRENADE
< MOVE L L
> REQ 1637330602 306 3
> VAMPIRE 1 1 3 2 1 3 0
> VAMPIRE 3 1 3 1 1 3 0
> GRENADE 1 1 5 5 3
> GRENADE 3 1 5 5 3
> POWERUP BATTERY -3 1 4 4
< RES 1637330602 306 3
> REQ 1637330602 307 3
> VAMPIRE 1 1 3 2 1 3 0
> VAMPIRE 3 1 3 1 1 3 0
> GRENADE 1 1 5 4 3
> GRENADE 3 1 5 4 3
> POWERUP BATTERY -2 1 4 4
< RES 1637330602 307 3
< GRENADE
> REQ 1637330602 308 3
> VAMPIRE 1 1 3 2 0 3 0
> VAMPIRE 3 1 3 1 0 3 0
> GRENADE 1 1 5 3 3
> GRENADE 3 1 5 3 3
> GRENADE 1 1 3 5 3
> GRENADE 3 1 3 5 3
> POWERUP BATTERY -1 1 4 4
< RES 1637330602 308 3
< MOVE D D
> REQ 1637330602 309 3
> VAMPIRE 1 3 3 2 0 3 0
> VAMPIRE 3 3 3 1 0 3 0
> GRENADE 1 1 5 2 3
> GRENADE 3 1 5 2 3
> GRENADE 1 1 3 4 3
> GRENADE 3 1 3 4 3
> POWERUP BATTERY 18 1 4 4
< RES 1637330602 309 3
< MOVE R
> REQ 1637330602 310 3
> VAMPIRE 1 3 4 2 0 3 0
> VAMPIRE 3 3 4 1 0 3 0
> GRENADE 1 1 5 1 3
> GRENADE 3 1 5 1 3
> GRENADE 1 1 3 3 3
> GRENADE 3 1 3 3 3
> POWERUP BATTERY 17 1 4 4
< RES 1637330602 310 3
< MOVE R U
> REQ 1637330602 311 3
> VAMPIRE 1 2 5 2 2 3 0
> VAMPIRE 3 2 5 1 2 3 0
> POWERUP BATTERY 16 1 4 4
< RES 1637330602 311 3
< MOVE U L
> REQ 1637330602 312 3
> VAMPIRE 1 1 4 2 2 3 0
> VAMPIRE 3 1 4 1 2 3 0
> POWERUP BATTERY 15 1 4 4
< RES 1637330602 312 3
> REQ 1637330602 313 3
> VAMPIRE 1 1 4 2 2 3 0
> VAMPIRE 3 1 4 1 2 3 0
> POWERUP BATTERY 14 1 4 4
< RES 1637330602 313 3
> REQ 1637330602 314 3
> VAMPIRE 1 1 4 2 2 3 0
> VAMPIRE 3 1 4 1 2 3 0
> POWERUP BATTERY 13 1 4 4
< RES 1637330602 314 3
> REQ 1637330602 315 3
> VAMPIRE 1 1 4 2 2 3 0
> VAMPIRE 3 1 4 1 2 3 0
> POWERUP BATTERY 12 1 4 4
< RES 1637330602 315 3
> REQ 1637330602 316 3
> VAMPIRE 1 1 4 2 2 4 0
> VAMPIRE 3 1 4 1 2 4 0
< RES 1637330602 316 3
< MOVE L
> REQ 1637330602 317 3
> VAMPIRE 1 1 3 2 2 4 0
> VAMPIRE 3 1 3 1 2 4 0
< RES 1637330602 317 3
< MOVE D D
> REQ 1637330602 318 3
> VAMPIRE 1 3 3 2 2 4 0
> VAMPIRE 3 3 3 1 2 4 0
< RES 1637330602 318 3
< MOVE D D
> REQ 1637330602 319 3
> VAMPIRE 1 5 3 2 2 4 0
> VAMPIRE 3 5 3 1 2 4 0
< RES 1637330602 319 3
< MOVE R R
> REQ 1637330602 320 3
> VAMPIRE 1 5 5 2 2 4 0
> VAMPIRE 3 5 5 1 2 4 0
< RES 1637330602 320 3
< MOVE D D
> REQ 1637330602 321 3
> VAMPIRE 1 7 5 2 2 4 0
> VAMPIRE 3 7 5 1 2 4 0
< RES 1637330602 321 3
< MOVE R R
> REQ 1637330602 322 3
> VAMPIRE 1 7 7 2 2 4 0
> VAMPIRE 3 7 7 1 2 4 0
< RES 1637330602 322 3
< MOVE U U
> REQ 1637330602 323 3
> VAMPIRE 1 5 7 2 2 4 0
> VAMPIRE 3 5 7 1 2 4 0
< RES 1637330602 323 3
< MOVE D D
> REQ 1637330602 324 3
> VAMPIRE 1 7 7 2 2 4 0
> VAMPIRE 3 7 7 1 2 4 0
< RES 1637330602 324 3
< MOVE U U
> REQ 1637330602 325 3
> VAMPIRE 1 5 7 2 2 4 0
> VAMPIRE 3 5 7 1 2 4 0
< RES 1637330602 325 3
< MOVE D D
> REQ 1637330602 326 3
> VAMPIRE 1 7 7 2 2 4 0
> VAMPIRE 3 7 7 1 2 4 0
< RES 1637330602 326 3
< MOVE U U
> REQ 1637330602 327 3
> VAMPIRE 1 5 7 2 2 4 0
> VAMPIRE 3 5 7 1 2 4 0
< RES 1637330602 327 3
< MOVE D D
> REQ 1637330602 328 3
> VAMPIRE 1 7 7 2 2 4 0
> VAMPIRE 3 7 7 1 2 4 0
< RES 1637330602 328 3
< MOVE U U
> REQ 1637330602 329 3
> VAMPIRE 1 5 7 2 2 4 0
> VAMPIRE 3 5 7 1 2 4 0
< RES 1637330602 329 3
< MOVE D D
> REQ 1637330602 330 3
> VAMPIRE 1 7 7 2 2 4 0
> VAMPIRE 3 7 7 1 2 4 0
< RES 1637330602 330 3
< MOVE U U
> REQ 1637330602 331 3
> VAMPIRE 1 5 7 2 2 4 0
> VAMPIRE 3 5 7 1 2 4 0
< RES 1637330602 331 3
< MOVE D D
> REQ 1637330602 332 3
> VAMPIRE 1 7 7 2 2 4 0
> VAMPIRE 3 7 7 1 2 4 0
< RES 1637330602 332 3
< MOVE U U
> REQ 1637330602 333 3
> VAMPIRE 1 5 7 2 2 4 0
> VAMPIRE 3 5 7 1 2 4 0
< RES 1637330602 333 3
< MOVE D D
> REQ 1637330602 334 3
> VAMPIRE 1 7 7 2 2 4 0
> VAMPIRE 3 7 7 1 2 4 0
> POWERUP GRENADE -9 13 7 6
< RES 1637330602 334 3
< MOVE D D
> REQ 1637330602 335 3
> VAMPIRE 1 9 7 2 2 4 0
> VAMPIRE 3 9 7 1 2 4 0
> POWERUP GRENADE -8 13 7 6
< RES 1637330602 335 3
< MOVE D D
> REQ 1637330602 336 3
> VAMPIRE 1 11 7 2 2 4 0
> VAMPIRE 3 11 7 1 2 4 0
> POWERUP GRENADE -7 13 7 6
< RES 1637330602 336 3
< MOVE D D
> REQ 1637330602 337 3
> VAMPIRE 1 13 7 2 2 4 0
> VAMPIRE 3 13 7 1 2 4 0
> POWERUP GRENADE -6 13 7 6
< RES 1637330602 337 3
> REQ 1637330602 338 3
> VAMPIRE 1 13 7 2 2 4 0
> VAMPIRE 3 13 7 1 2 4 0
> POWERUP GRENADE -5 13 7 6
< RES 1637330602 338 3
> REQ 1637330602 339 3
> VAMPIRE 1 13 7 2 2 4 0
> VAMPIRE 3 13 7 1 2 4 0
> POWERUP GRENADE -4 13 7 6
< RES 1637330602 339 3
> REQ 1637330602 340 3
> VAMPIRE 1 13 7 2 2 4 0
> VAMPIRE 3 13 7 1 2 4 0
> POWERUP GRENADE -3 13 7 6
< RES 1637330602 340 3
> REQ 1637330602 341 3
> VAMPIRE 1 13 7 2 2 4 0
> VAMPIRE 3 13 7 1 2 4 0
> POWERUP GRENADE -2 13 7 6
< RES 1637330602 341 3
> REQ 1637330602 342 3
> VAMPIRE 1 13 7 2 2 4 0
> VAMPIRE 3 13 7 1 2 4 0
> POWERUP GRENADE -1 13 7 6
< RES 1637330602 342 3
> REQ 1637330602 343 3
> VAMPIRE 1 13 7 2 2 4 0
> VAMPIRE 3 13 7 1 2 4 0
> POWERUP GRENADE 15 13 7 6
< RES 1637330602 343 3
> REQ 1637330602 344 3
> VAMPIRE 1 13 7 2 2 4 0
> VAMPIRE 3 13 7 1 2 4 0
> POWERUP GRENADE 14 13 7 6
< RES 1637330602 344 3
> REQ 1637330602 345 3
> VAMPIRE 1 13 7 2 2 4 0
> VAMPIRE 3 13 7 1 2 4 0
> POWERUP GRENADE 13 13 7 6
< RES 1637330602 345 3
> REQ 1637330602 346 3
> VAMPIRE 1 13 7 2 2 4 0
> VAMPIRE 3 13 7 1 2 4 0
> POWERUP GRENADE 12 13 7 6
< RES 1637330602 346 3
> REQ 1637330602 347 3
> VAMPIRE 1 13 7 2 2 4 0
> VAMPIRE 3 13 7 1 2 4 0
> POWERUP GRENADE 11 13 7 6
< RES 1637330602 347 3
> REQ 1637330602 348 3
> VAMPIRE 1 13 7 2 3 4 0
> VAMPIRE 3 13 7 1 3 4 0
< RES 1637330602 348 3
< MOVE U U
> REQ 1637330602 349 3
> VAMPIRE 1 11 7 2 3 4 0
> VAMPIRE 3 11 7 1 3 4 0
< RES 1637330602 349 3
< MOVE U U
> REQ 1637330602 350 3
> VAMPIRE 1 9 7 2 3 4 0
> VAMPIRE 3 9 7 1 3 4 0
< RES 1637330602 350 3
< MOVE U U
> REQ 1637330602 351 3
> VAMPIRE 1 7 7 2 3 4 0
> VAMPIRE 3 7 7 1 3 4 0
< RES 1637330602 351 3
< MOVE U U
> REQ 1637330602 352 3
> VAMPIRE 1 5 7 2 3 4 0
> VAMPIRE 3 5 7 1 3 4 0
< RES 1637330602 352 3
< MOVE D D
> REQ 1637330602 353 3
> VAMPIRE 1 7 7 2 3 4 0
> VAMPIRE 3 7 7 1 3 4 0
< RES 1637330602 353 3
< MOVE U U
> REQ 1637330602 354 3
> VAMPIRE 1 5 7 2 3 4 0
> VAMPIRE 3 5 7 1 3 4 0
< RES 1637330602 354 3
< MOVE D D
> REQ 1637330602 355 3
> VAMPIRE 1 7 7 2 3 4 0
> VAMPIRE 3 7 7 1 3 4 0
< RES 1637330602 355 3
< MOVE U U
> REQ 1637330602 356 3
> VAMPIRE 1 5 7 2 3 4 0
> VAMPIRE 3 5 7 1 3 4 0
< RES 1637330602 356 3
< MOVE D D
> REQ 1637330602 357 3
> VAMPIRE 1 7 7 2 3 4 0
> VAMPIRE 3 7 7 1 3 4 0
< RES 1637330602 357 3
< MOVE U U
> REQ 1637330602 358 3
> VAMPIRE 1 5 7 2 3 4 0
> VAMPIRE 3 5 7 1 3 4 0
< RES 1637330602 358 3
< MOVE D D
> REQ 1637330602 359 3
> VAMPIRE 1 7 7 2 3 4 0
> VAMPIRE 3 7 7 1 3 4 0
< RES 1637330602 359 3
< MOVE U U
> REQ 1637330602 360 3
> VAMPIRE 1 5 7 2 3 4 0
> VAMPIRE 3 5 7 1 3 4 0
< RES 1637330602 360 3
< MOVE D D
> REQ 1637330602 361 3
> VAMPIRE 1 7 7 2 3 4 0
> VAMPIRE 3 7 7 1 3 4 0
< RES 1637330602 361 3
< MOVE U U
> REQ 1637330602 362 3
> VAMPIRE 1 5 7 2 3 4 0
> VAMPIRE 3 5 7 1 3 4 0
< RES 1637330602 362 3
< MOVE D D
> REQ 1637330602 363 3
> VAMPIRE 1 7 7 2 3 4 0
> VAMPIRE 3 7 7 1 3 4 0
< RES 1637330602 363 3
< MOVE U U
> REQ 1637330602 364 3
> VAMPIRE 1 5 7 2 3 4 0
> VAMPIRE 3 5 7 1 3 4 0
< RES 1637330602 364 3
< MOVE D D
> REQ 1637330602 365 3
> VAMPIRE 1 7 7 2 3 4 0
> VAMPIRE 3 7 7 1 3 4 0
< RES 1637330602 365 3
< MOVE U U
> REQ 1637330602 366 3
> VAMPIRE 1 5 7 2 3 4 0
> VAMPIRE 3 5 7 1 3 4 0
> POWERUP TOMATO -5 4 9 6
< RES 1637330602 366 3
< MOVE R R
> REQ 1637330602 367 3
> VAMPIRE 1 5 9 2 3 4 0
> VAMPIRE 3 5 9 1 3 4 0
> POWERUP TOMATO -4 4 9 6
< RES 1637330602 367 3
< MOVE U
> REQ 1637330602 368 3
> VAMPIRE 1 3 9 2 2 4 0
> VAMPIRE 3 4 9 1 3 4 0
> GRENADE 1 5 9 5 4
> POWERUP TOMATO -3 4 9 6
< RES 1637330602 368 3
> REQ 1637330602 369 3
> VAMPIRE 1 3 9 2 1 4 0
> VAMPIRE 3 4 9 1 3 4 0
> GRENADE 1 5 9 4 4
> GRENADE 1 3 9 5 4
> POWERUP TOMATO -2 4 9 6
< RES 1637330602 369 3
< GRENADE
> REQ 1637330602 370 3
> VAMPIRE 1 3 9 2 1 4 0
> VAMPIRE 3 4 9 1 2 4 0
> GRENADE 1 5 9 3 4
> GRENADE 1 3 9 4 4
> GRENADE 3 4 9 5 4
> POWERUP TOMATO -1 4 9 6
< RES 1637330602 370 3
< GRENADE
> REQ 1637330602 371 3
> VAMPIRE 1 3 9 2 0 4 0
> VAMPIRE 3 4 9 1 1 4 0
> GRENADE 1 5 9 2 4
> GRENADE 1 3 9 3 4
> GRENADE 3 4 9 4 4
> GRENADE 1 3 9 5 4
> GRENADE 3 4 9 5 4
> POWERUP TOMATO 12 4 9 6
< RES 1637330602 371 3
< GRENADE
> REQ 1637330602 372 3
> VAMPIRE 1 3 11 2 0 4 0
> VAMPIRE 3 4 9 1 0 4 0
> GRENADE 1 5 9 1 4
> GRENADE 1 1 9 2 4
> GRENADE 3 4 9 3 4
> GRENADE 1 1 9 4 4
> GRENADE 3 4 9 4 4
> GRENADE 3 4 9 5 4
> POWERUP TOMATO 11 4 9 6
< RES 1637330602 372 3
< THROW XD 4
< MOVE U
> END 560 Could_not_be_more_deaded
