> MESSAGE OK
> LEVEL 10
> GAMEID 1637330619
> TEST 1
> MAXTICK 800
> GRENADERADIUS 3
> SIZE 15
> REQ 1637330619 0 1
> VAMPIRE 1 1 1 3 1 3 0
> VAMPIRE 2 13 1 3 1 3 0
> VAMPIRE 3 13 13 3 1 3 0
> VAMPIRE 4 1 13 3 1 3 0
> BAT1 8 1 9 1 10 1 11 1 1 3 7 3 1 4 1 5 6 5 8 5 1 6 5 6 9 6 3 7 11 7 5 8 9 8 13 8 6 9 8 9 13 9 13 10 7 11 13 11 3 13 4 13 5 13 6 13
> BAT2 3 1 4 1 5 1 6 1 8 3 9 3 13 3 13 4 3 5 7 5 13 5 3 6 13 6 5 7 9 7 1 8 11 8 1 9 7 9 11 9 1 10 1 11 5 11 6 11 8 13 9 13 10 13 11 13
> BAT3 7 1 5 3 6 3 11 5 11 6 1 7 7 7 13 7 3 8 3 9 8 11 9 11 7 13
< RES 1637330619 0 1
< GRENADE
> REQ 1637330619 1 1
> VAMPIRE 1 1 1 3 0 3 0
> VAMPIRE 2 13 1 3 0 3 0
> VAMPIRE 3 13 13 3 1 3 0
> VAMPIRE 4 1 13 3 1 3 0
> GRENADE 1 1 1 5 3
> GRENADE 2 13 1 5 3
> BAT1 8 1 9 1 10 1 11 1 1 3 7 3 1 4 1 5 6 5 8 5 1 6 5 6 9 6 3 7 11 7 5 8 9 8 13 8 6 9 8 9 13 9 13 10 7 11 13 11 3 13 4 13 5 13 6 13
> BAT2 3 1 4 1 5 1 6 1 8 3 9 3 13 3 13 4 3 5 7 5 13 5 3 6 13 6 5 7 9 7 1 8 11 8 1 9 7 9 11 9 1 10 1 11 5 11 6 11 8 13 9 13 10 13 11 13
> BAT3 7 1 5 3 6 3 11 5 11 6 1 7 7 7 13 7 3 8 3 9 8 11 9 11 7 13
< RES 1637330619 1 1
> REQ 1637330619 2 1
> VAMPIRE 1 1 1 3 0 3 0
> VAMPIRE 2 13 1 3 0 3 0
> VAMPIRE 3 13 13 3 1 3 0
> VAMPIRE 4 1 13 3 1 3 0
> GRENADE 1 1 1 4 3
> GRENADE 2 13 1 4 3
> BAT1 8 1 9 1 10 1 11 1 1 3 7 3 1 4 1 5 6 5 8 5 1 6 5 6 9 6 3 7 11 7 5 8 9 8 13 8 6 9 8 9 13 9 13 10 7 11 13 11 3 13 4 13 5 13 6 13
> BAT2 3 1 4 1 5 1 6 1 8 3 9 3 13 3 13 4 3 5 7 5 13 5 3 6 13 6 5 7 9 7 1 8 11 8 1 9 7 9 11 9 1 10 1 11 5 11 6 11 8 13 9 13 10 13 11 13
> BAT3 7 1 5 3 6 3 11 5 11 6 1 7 7 7 13 7 3 8 3 9 8 11 9 11 7 13
< RES 1637330619 2 1
> REQ 1637330619 3 1
> VAMPIRE 1 1 1 3 0 3 0
> VAMPIRE 2 13 1 3 0 3 0
> VAMPIRE 3 13 13 3 1 3 0
> VAMPIRE 4 1 13 3 1 3 0
> GRENADE 1 1 1 3 3
> GRENADE 2 13 1 3 3
> BAT1 8 1 9 1 10 1 11 1 1 3 7 3 1 4 1 5 6 5 8 5 1 6 5 6 9 6 3 7 11 7 5 8 9 8 13 8 6 9 8 9 13 9 13 10 7 11 13 11 3 13 4 13 5 13 6 13
> BAT2 3 1 4 1 5 1 6 1 8 3 9 3 13 3 13 4 3 5 7 5 13 5 3 6 13 6 5 7 9 7 1 8 11 8 1 9 7 9 11 9 1 10 1 11 5 11 6 11 8 13 9 13 10 13 11 13
> BAT3 7 1 5 3 6 3 11 5 11 6 1 7 7 7 13 7 3 8 3 9 8 11 9 11 7 13
< RES 1637330619 3 1
< THROW XR 1
< MOVE D
> REQ 1637330619 4 1
> VAMPIRE 1 2 1 3 0 3 0
> VAMPIRE 2 13 2 3 0 3 0
> VAMPIRE 3 13 13 3 1 3 0
> VAMPIRE 4 1 13 3 1 3 0
> GRENADE 1 1 2 2 3
> GRENADE 2 12 1 2 3
> BAT1 8 1 9 1 10 1 11 1 1 3 7 3 1 4 1 5 6 5 8 5 1 6 5 6 9 6 3 7 11 7 5 8 9 8 13 8 6 9 8 9 13 9 13 10 7 11 13 11 3 13 4 13 5 13 6 13
> BAT2 3 1 4 1 5 1 6 1 8 3 9 3 13 3 13 4 3 5 7 5 13 5 3 6 13 6 5 7 9 7 1 8 11 8 1 9 7 9 11 9 1 10 1 11 5 11 6 11 8 13 9 13 10 13 11 13
> BAT3 7 1 5 3 6 3 11 5 11 6 1 7 7 7 13 7 3 8 3 9 8 11 9 11 7 13
< RES 1637330619 4 1
> REQ 1637330619 5 1
> VAMPIRE 1 2 1 3 0 3 0
> VAMPIRE 2 13 2 3 0 3 0
> VAMPIRE 3 13 13 3 1 3 0
> VAMPIRE 4 1 13 3 1 3 0
> GRENADE 1 1 2 1 3
> GRENADE 2 12 1 1 3
> BAT1 8 1 9 1 10 1 11 1 1 3 7 3 1 4 1 5 6 5 8 5 1 6 5 6 9 6 3 7 11 7 5 8 9 8 13 8 6 9 8 9 13 9 13 10 7 11 13 11 3 13 4 13 5 13 6 13
> BAT2 3 1 4 1 5 1 6 1 8 3 9 3 13 3 13 4 3 5 7 5 13 5 3 6 13 6 5 7 9 7 1 8 11 8 1 9 7 9 11 9 1 10 1 11 5 11 6 11 8 13 9 13 10 13 11 13
> BAT3 7 1 5 3 6 3 11 5 11 6 1 7 7 7 13 7 3 8 3 9 8 11 9 11 7 13
< RES 1637330619 5 1
< MOVE U
> REQ 1637330619 6 1
> VAMPIRE 1 1 1 3 1 3 0
> VAMPIRE 2 13 1 3 1 3 0
> VAMPIRE 3 13 13 3 1 3 0
> VAMPIRE 4 1 13 3 1 3 0
> BAT1 8 1 9 1 10 1 7 3 1 4 1 5 6 5 8 5 1 6 5 6 9 6 3 7 11 7 5 8 9 8 13 8 6 9 8 9 13 9 13 10 7 11 13 11 3 13 4 13 5 13 6 13
> BAT2 3 1 4 1 5 1 6 1 8 3 9 3 13 3 13 4 3 5 7 5 13 5 3 6 13 6 5 7 9 7 1 8 11 8 1 9 7 9 11 9 1 10 1 11 5 11 6 11 8 13 9 13 10 13 11 13
> BAT3 7 1 5 3 6 3 11 5 11 6 1 7 7 7 13 7 3 8 3 9 8 11 9 11 7 13
< RES 1637330619 6 1
< MOVE R R
> REQ 1637330619 7 1
> VAMPIRE 1 1 3 3 1 3 0
> VAMPIRE 2 11 1 3 1 3 0
> VAMPIRE 3 13 13 3 1 3 0
> VAMPIRE 4 1 13 3 1 3 0
> BAT1 8 1 9 1 10 1 7 3 1 4 1 5 6 5 8 5 1 6 5 6 9 6 3 7 11 7 5 8 9 8 13 8 6 9 8 9 13 9 13 10 7 11 13 11 3 13 4 13 5 13 6 13
> BAT2 3 1 4 1 5 1 6 1 8 3 9 3 13 3 13 4 3 5 7 5 13 5 3 6 13 6 5 7 9 7 1 8 11 8 1 9 7 9 11 9 1 10 1 11 5 11 6 11 8 13 9 13 10 13 11 13
> BAT3 7 1 5 3 6 3 11 5 11 6 1 7 7 7 13 7 3 8 3 9 8 11 9 11 7 13
< RES 1637330619 7 1
< MOVE D D
> REQ 1637330619 8 1
> VAMPIRE 1 3 3 3 1 3 0
> VAMPIRE 2 11 3 3 1 3 0
> VAMPIRE 3 13 13 3 1 3 0
> VAMPIRE 4 1 13 3 1 3 0
> BAT1 8 1 9 1 10 1 7 3 1 4 1 5 6 5 8 5 1 6 5 6 9 6 3 7 11 7 5 8 9 8 13 8 6 9 8 9 13 9 13 10 7 11 13 11 3 13 4 13 5 13 6 13
> BAT2 3 1 4 1 5 1 6 1 8 3 9 3 13 3 13 4 3 5 7 5 13 5 3 6 13 6 5 7 9 7 1 8 11 8 1 9 7 9 11 9 1 10 1 11 5 11 6 11 8 13 9 13 10 13 11 13
> BAT3 7 1 5 3 6 3 11 5 11 6 1 7 7 7 13 7 3 8 3 9 8 11 9 11 7 13
< RES 1637330619 8 1
< GRENADE
< MOVE U U
> REQ 1637330619 9 1
> VAMPIRE 1 1 3 3 0 3 0
> VAMPIRE 2 11 1 3 0 3 0
> VAMPIRE 3 13 13 3 1 3 0
> VAMPIRE 4 1 13 3 1 3 0
> GRENADE 1 3 3 5 3
> GRENADE 2 11 3 5 3
> BAT1 8 1 9 1 10 1 7 3 1 4 1 5 6 5 8 5 1 6 5 6 9 6 3 7 11 7 5 8 9 8 13 8 6 9 8 9 13 9 13 10 7 11 13 11 3 13 4 13 5 13 6 13
> BAT2 3 1 4 1 5 1 6 1 8 3 9 3 13 3 13 4 3 5 7 5 13 5 3 6 13 6 5 7 9 7 1 8 11 8 1 9 7 9 11 9 1 10 1 11 5 11 6 11 8 13 9 13 10 13 11 13
> BAT3 7 1 5 3 6 3 11 5 11 6 1 7 7 7 13 7 3 8 3 9 8 11 9 11 7 13
< RES 1637330619 9 1
< MOVE L
> REQ 1637330619 10 1
> VAMPIRE 1 1 2 3 0 3 0
> VAMPIRE 2 12 1 3 0 3 0
> VAMPIRE 3 13 13 3 1 3 0
> VAMPIRE 4 1 13 3 1 3 0
> GRENADE 1 3 3 4 3
> GRENADE 2 11 3 4 3
> BAT1 8 1 9 1 10 1 7 3 1 4 1 5 6 5 8 5 1 6 5 6 9 6 3 7 11 7 5 8 9 8 13 8 6 9 8 9 13 9 13 10 7 11 13 11 3 13 4 13 5 13 6 13
> BAT2 3 1 4 1 5 1 6 1 8 3 9 3 13 3 13 4 3 5 7 5 13 5 3 6 13 6 5 7 9 7 1 8 11 8 1 9 7 9 11 9 1 10 1 11 5 11 6 11 8 13 9 13 10 13 11 13
> BAT3 7 1 5 3 6 3 11 5 11 6 1 7 7 7 13 7 3 8 3 9 8 11 9 11 7 13
< RES 1637330619 10 1
> REQ 1637330619 11 1
> VAMPIRE 1 1 2 3 0 3 0
> VAMPIRE 2 12 1 3 0 3 0
> VAMPIRE 3 13 13 3 1 3 0
> VAMPIRE 4 1 13 3 1 3 0
> GRENADE 1 3 3 3 3
> GRENADE 2 11 3 3 3
> BAT1 8 1 9 1 10 1 7 3 1 4 1 5 6 5 8 5 1 6 5 6 9 6 3 7 11 7 5 8 9 8 13 8 6 9 8 9 13 9 13 10 7 11 13 11 3 13 4 13 5 13 6 13
> BAT2 3 1 4 1 5 1 6 1 8 3 9 3 13 3 13 4 3 5 7 5 13 5 3 6 13 6 5 7 9 7 1 8 11 8 1 9 7 9 11 9 1 10 1 11 5 11 6 11 8 13 9 13 10 13 11 13
> BAT3 7 1 5 3 6 3 11 5 11 6 1 7 7 7 13 7 3 8 3 9 8 11 9 11 7 13
< RES 1637330619 11 1
> REQ 1637330619 12 1
> VAMPIRE 1 1 2 3 0 3 0
> VAMPIRE 2 12 1 3 0 3 0
> VAMPIRE 3 13 13 3 1 3 0
> VAMPIRE 4 1 13 3 1 3 0
> GRENADE 1 3 3 2 3
> GRENADE 2 11 3 2 3
> BAT1 8 1 9 1 10 1 7 3 1 4 1 5 6 5 8 5 1 6 5 6 9 6 3 7 11 7 5 8 9 8 13 8 6 9 8 9 13 9 13 10 7 11 13 11 3 13 4 13 5 13 6 13
> BAT2 3 1 4 1 5 1 6 1 8 3 9 3 13 3 13 4 3 5 7 5 13 5 3 6 13 6 5 7 9 7 1 8 11 8 1 9 7 9 11 9 1 10 1 11 5 11 6 11 8 13 9 13 10 13 11 13
> BAT3 7 1 5 3 6 3 11 5 11 6 1 7 7 7 13 7 3 8 3 9 8 11 9 11 7 13
< RES 1637330619 12 1
> REQ 1637330619 13 1
> VAMPIRE 1 1 2 3 0 3 0
> VAMPIRE 2 12 1 3 0 3 0
> VAMPIRE 3 13 13 3 1 3 0
> VAMPIRE 4 1 13 3 1 3 0
> GRENADE 1 3 3 1 3
> GRENADE 2 11 3 1 3
> BAT1 8 1 9 1 10 1 7 3 1 4 1 5 6 5 8 5 1 6 5 6 9 6 3 7 11 7 5 8 9 8 13 8 6 9 8 9 13 9 13 10 7 11 13 11 3 13 4 13 5 13 6 13
> BAT2 3 1 4 1 5 1 6 1 8 3 9 3 13 3 13 4 3 5 7 5 13 5 3 6 13 6 5 7 9 7 1 8 11 8 1 9 7 9 11 9 1 10 1 11 5 11 6 11 8 13 9 13 10 13 11 13
> BAT3 7 1 5 3 6 3 11 5 11 6 1 7 7 7 13 7 3 8 3 9 8 11 9 11 7 13
< RES 1637330619 13 1
< MOVE R D
> REQ 1637330619 14 1
> VAMPIRE 1 2 3 3 1 3 0
> VAMPIRE 2 11 2 3 1 3 0
> VAMPIRE 3 13 13 3 1 3 0
> VAMPIRE 4 1 13 3 1 3 0
> BAT1 8 1 9 1 10 1 7 3 1 4 1 5 6 5 8 5 1 6 5 6 9 6 3 7 11 7 5 8 9 8 13 8 6 9 8 9 13 9 13 10 7 11 13 11 3 13 4 13 5 13 6 13 3 1 9 3 13 3 3 5
> BAT2 4 1 5 1 6 1 8 3 13 4 7 5 13 5 3 6 13 6 5 7 9 7 1 8 11 8 1 9 7 9 11 9 1 10 1 11 5 11 6 11 8 13 9 13 10 13 11 13 5 3 11 5
> BAT3 7 1 6 3 11 6 1 7 7 7 13 7 3 8 3 9 8 11 9 11 7 13
< RES 1637330619 14 1
< MOVE D
> REQ 1637330619 15 1
> VAMPIRE 1 3 3 3 1 3 0
> VAMPIRE 2 10 3 3 1 3 0
> VAMPIRE 3 13 13 3 1 3 0
> VAMPIRE 4 1 13 3 1 3 0
> BAT1 8 1 9 1 10 1 7 3 1 4 1 5 6 5 8 5 1 6 5 6 9 6 3 7 11 7 5 8 9 8 13 8 6 9 8 9 13 9 13 10 7 11 13 11 3 13 4 13 5 13 6 13 3 1 9 3 13 3 3 5
> BAT2 4 1 5 1 6 1 8 3 13 4 7 5 13 5 3 6 13 6 5 7 9 7 1 8 11 8 1 9 7 9 11 9 1 10 1 11 5 11 6 11 8 13 9 13 10 13 11 13 5 3 11 5
> BAT3 7 1 6 3 11 6 1 7 7 7 13 7 3 8 3 9 8 11 9 11 7 13
< RES 1637330619 15 1
< GRENADE
< MOVE U U
> REQ 1637330619 16 1
> VAMPIRE 1 1 3 3 0 3 0
> VAMPIRE 2 11 2 3 0 3 0
> VAMPIRE 3 13 13 3 1 3 0
> VAMPIRE 4 1 13 3 1 3 0
> GRENADE 1 3 3 5 3
> GRENADE 2 10 3 5 3
> BAT1 8 1 9 1 10 1 7 3 1 4 1 5 6 5 8 5 1 6 5 6 9 6 3 7 11 7 5 8 9 8 13 8 6 9 8 9 13 9 13 10 7 11 13 11 3 13 4 13 5 13 6 13 3 1 9 3 13 3 3 5
> BAT2 4 1 5 1 6 1 8 3 13 4 7 5 13 5 3 6 13 6 5 7 9 7 1 8 11 8 1 9 7 9 11 9 1 10 1 11 5 11 6 11 8 13 9 13 10 13 11 13 5 3 11 5
> BAT3 7 1 6 3 11 6 1 7 7 7 13 7 3 8 3 9 8 11 9 11 7 13
< RES 1637330619 16 1
< MOVE L
> REQ 1637330619 17 1
> VAMPIRE 1 1 2 3 0 3 0
> VAMPIRE 2 11 1 3 0 3 0
> VAMPIRE 3 13 13 3 1 3 0
> VAMPIRE 4 1 13 3 1 3 0
> GRENADE 1 3 3 4 3
> GRENADE 2 10 3 4 3
> BAT1 8 1 9 1 10 1 7 3 1 4 1 5 6 5 8 5 1 6 5 6 9 6 3 7 11 7 5 8 9 8 13 8 6 9 8 9 13 9 13 10 7 11 13 11 3 13 4 13 5 13 6 13 3 1 9 3 13 3 3 5
> BAT2 4 1 5 1 6 1 8 3 13 4 7 5 13 5 3 6 13 6 5 7 9 7 1 8 11 8 1 9 7 9 11 9 1 10 1 11 5 11 6 11 8 13 9 13 10 13 11 13 5 3 11 5
> BAT3 7 1 6 3 11 6 1 7 7 7 13 7 3 8 3 9 8 11 9 11 7 13
< RES 1637330619 17 1
> REQ 1637330619 18 1
> VAMPIRE 1 1 2 3 0 3 0
> VAMPIRE 2 11 1 3 0 3 0
> VAMPIRE 3 13 13 3 1 3 0
> VAMPIRE 4 1 13 3 1 3 0
> GRENADE 1 3 3 3 3
> GRENADE 2 10 3 3 3
> BAT1 8 1 9 1 10 1 7 3 1 4 1 5 6 5 8 5 1 6 5 6 9 6 3 7 11 7 5 8 9 8 13 8 6 9 8 9 13 9 13 10 7 11 13 11 3 13 4 13 5 13 6 13 3 1 9 3 13 3 3 5
> BAT2 4 1 5 1 6 1 8 3 13 4 7 5 13 5 3 6 13 6 5 7 9 7 1 8 11 8 1 9 7 9 11 9 1 10 1 11 5 11 6 11 8 13 9 13 10 13 11 13 5 3 11 5
> BAT3 7 1 6 3 11 6 1 7 7 7 13 7 3 8 3 9 8 11 9 11 7 13
< RES 1637330619 18 1
> REQ 1637330619 19 1
> VAMPIRE 1 1 2 3 0 3 0
> VAMPIRE 2 11 1 3 0 3 0
> VAMPIRE 3 13 13 3 1 3 0
> VAMPIRE 4 1 13 3 1 3 0
> GRENADE 1 3 3 2 3
> GRENADE 2 10 3 2 3
> BAT1 8 1 9 1 10 1 7 3 1 4 1 5 6 5 8 5 1 6 5 6 9 6 3 7 11 7 5 8 9 8 13 8 6 9 8 9 13 9 13 10 7 11 13 11 3 13 4 13 5 13 6 13 3 1 9 3 13 3 3 5
> BAT2 4 1 5 1 6 1 8 3 13 4 7 5 13 5 3 6 13 6 5 7 9 7 1 8 11 8 1 9 7 9 11 9 1 10 1 11 5 11 6 11 8 13 9 13 10 13 11 13 5 3 11 5
> BAT3 7 1 6 3 11 6 1 7 7 7 13 7 3 8 3 9 8 11 9 11 7 13
< RES 1637330619 19 1
> REQ 1637330619 20 1
> VAMPIRE 1 1 2 3 0 3 0
> VAMPIRE 2 11 1 3 0 3 0
> VAMPIRE 3 13 13 3 1 3 0
> VAMPIRE 4 1 13 3 1 3 0
> GRENADE 1 3 3 1 3
> GRENADE 2 10 3 1 3
> BAT1 8 1 9 1 10 1 7 3 1 4 1 5 6 5 8 5 1 6 5 6 9 6 3 7 11 7 5 8 9 8 13 8 6 9 8 9 13 9 13 10 7 11 13 11 3 13 4 13 5 13 6 13 3 1 9 3 13 3 3 5
> BAT2 4 1 5 1 6 1 8 3 13 4 7 5 13 5 3 6 13 6 5 7 9 7 1 8 11 8 1 9 7 9 11 9 1 10 1 11 5 11 6 11 8 13 9 13 10 13 11 13 5 3 11 5
> BAT3 7 1 6 3 11 6 1 7 7 7 13 7 3 8 3 9 8 11 9 11 7 13
< RES 1637330619 20 1
< MOVE R
> REQ 1637330619 21 1
> VAMPIRE 1 1 3 3 1 3 0
> VAMPIRE 2 11 3 3 1 3 0
> VAMPIRE 3 13 13 3 1 3 0
> VAMPIRE 4 1 13 3 1 3 0
> BAT1 8 1 9 1 10 1 7 3 1 4 1 5 6 5 8 5 1 6 5 6 9 6 3 7 11 7 5 8 9 8 13 8 6 9 8 9 13 9 13 10 7 11 13 11 3 13 4 13 5 13 6 13 5 3
> BAT2 4 1 5 1 6 1 8 3 13 4 7 5 13 5 3 6 13 6 5 7 9 7 1 8 11 8 1 9 7 9 11 9 1 10 1 11 5 11 6 11 8 13 9 13 10 13 11 13 11 5
> BAT3 7 1 6 3 11 6 1 7 7 7 13 7 3 8 3 9 8 11 9 11 7 13
< RES 1637330619 21 1
< MOVE D D
> REQ 1637330619 22 1
> VAMPIRE 1 3 3 3 1 3 0
> VAMPIRE 2 11 3 3 0 3 0
> VAMPIRE 3 13 13 3 1 3 0
> VAMPIRE 4 1 13 3 1 3 0
> GRENADE 2 11 3 5 3
> BAT1 8 1 9 1 10 1 7 3 1 4 1 5 6 5 8 5 1 6 5 6 9 6 3 7 11 7 5 8 9 8 13 8 6 9 8 9 13 9 13 10 7 11 13 11 3 13 4 13 5 13 6 13 5 3
> BAT2 4 1 5 1 6 1 8 3 13 4 7 5 13 5 3 6 13 6 5 7 9 7 1 8 11 8 1 9 7 9 11 9 1 10 1 11 5 11 6 11 8 13 9 13 10 13 11 13 11 5
> BAT3 7 1 6 3 11 6 1 7 7 7 13 7 3 8 3 9 8 11 9 11 7 13
< RES 1637330619 22 1
< GRENADE
> REQ 1637330619 23 1
> VAMPIRE 1 3 3 3 0 3 0
> VAMPIRE 2 11 1 3 0 3 0
> VAMPIRE 3 13 13 3 1 3 0
> VAMPIRE 4 1 13 3 1 3 0
> GRENADE 2 9 3 4 3
> GRENADE 1 3 3 5 3
> BAT1 8 1 9 1 10 1 7 3 1 4 1 5 6 5 8 5 1 6 5 6 9 6 3 7 11 7 5 8 9 8 13 8 6 9 8 9 13 9 13 10 7 11 13 11 3 13 4 13 5 13 6 13 5 3
> BAT2 4 1 5 1 6 1 8 3 13 4 7 5 13 5 3 6 13 6 5 7 9 7 1 8 11 8 1 9 7 9 11 9 1 10 1 11 5 11 6 11 8 13 9 13 10 13 11 13 11 5
> BAT3 7 1 6 3 11 6 1 7 7 7 13 7 3 8 3 9 8 11 9 11 7 13
< RES 1637330619 23 1
< THROW XR 2
< MOVE U U
> REQ 1637330619 24 1
> VAMPIRE 1 1 3 3 0 3 0
> VAMPIRE 2 11 1 3 0 3 0
> VAMPIRE 3 13 13 3 1 3 0
> VAMPIRE 4 1 13 3 1 3 0
> GRENADE 2 9 3 3 3
> GRENADE 1 3 5 4 3
> BAT1 8 1 9 1 10 1 7 3 1 4 1 5 6 5 8 5 1 6 5 6 9 6 3 7 11 7 5 8 9 8 13 8 6 9 8 9 13 9 13 10 7 11 13 11 3 13 4 13 5 13 6 13 5 3
> BAT2 4 1 5 1 6 1 8 3 13 4 7 5 13 5 3 6 13 6 5 7 9 7 1 8 11 8 1 9 7 9 11 9 1 10 1 11 5 11 6 11 8 13 9 13 10 13 11 13 11 5
> BAT3 7 1 6 3 11 6 1 7 7 7 13 7 3 8 3 9 8 11 9 11 7 13
< RES 1637330619 24 1
> REQ 1637330619 25 1
> VAMPIRE 1 1 3 3 0 3 0
> VAMPIRE 2 11 1 3 0 3 0
> VAMPIRE 3 13 13 3 1 3 0
> VAMPIRE 4 1 13 3 1 3 0
> GRENADE 2 9 3 2 3
> GRENADE 1 3 5 3 3
> BAT1 8 1 9 1 10 1 7 3 1 4 1 5 6 5 8 5 1 6 5 6 9 6 3 7 11 7 5 8 9 8 13 8 6 9 8 9 13 9 13 10 7 11 13 11 3 13 4 13 5 13 6 13 5 3
> BAT2 4 1 5 1 6 1 8 3 13 4 7 5 13 5 3 6 13 6 5 7 9 7 1 8 11 8 1 9 7 9 11 9 1 10 1 11 5 11 6 11 8 13 9 13 10 13 11 13 11 5
> BAT3 7 1 6 3 11 6 1 7 7 7 13 7 3 8 3 9 8 11 9 11 7 13
< RES 1637330619 25 1
> REQ 1637330619 26 1
> VAMPIRE 1 1 3 3 0 3 0
> VAMPIRE 2 11 1 3 0 3 0
> VAMPIRE 3 13 13 3 1 3 0
> VAMPIRE 4 1 13 3 1 3 0
> GRENADE 2 9 3 1 3
> GRENADE 1 3 5 2 3
> BAT1 8 1 9 1 10 1 7 3 1 4 1 5 6 5 8 5 1 6 5 6 9 6 3 7 11 7 5 8 9 8 13 8 6 9 8 9 13 9 13 10 7 11 13 11 3 13 4 13 5 13 6 13 5 3
> BAT2 4 1 5 1 6 1 8 3 13 4 7 5 13 5 3 6 13 6 5 7 9 7 1 8 11 8 1 9 7 9 11 9 1 10 1 11 5 11 6 11 8 13 9 13 10 13 11 13 11 5
> BAT3 7 1 6 3 11 6 1 7 7 7 13 7 3 8 3 9 8 11 9 11 7 13
< RES 1637330619 26 1
> REQ 1637330619 27 1
> VAMPIRE 1 1 3 3 0 3 0
> VAMPIRE 2 11 3 3 1 3 0
> VAMPIRE 3 13 13 3 1 3 0
> VAMPIRE 4 1 13 3 1 3 0
> GRENADE 1 3 5 1 3
> BAT1 8 1 10 1 7 3 1 4 1 5 6 5 8 5 1 6 5 6 3 7 11 7 5 8 9 8 13 8 6 9 8 9 13 9 13 10 7 11 13 11 3 13 4 13 5 13 6 13 8 3 5 3
> BAT2 4 1 5 1 6 1 13 4 7 5 13 5 3 6 13 6 5 7 9 7 1 8 11 8 1 9 7 9 11 9 1 10 1 11 5 11 6 11 8 13 9 13 10 13 11 13 11 5
> BAT3 7 1 6 3 11 6 1 7 7 7 13 7 3 8 3 9 8 11 9 11 7 13
< RES 1637330619 27 1
< MOVE L L
> REQ 1637330619 28 1
> VAMPIRE 1 1 1 3 1 3 0
> VAMPIRE 2 9 3 3 0 3 0
> VAMPIRE 3 13 13 3 1 3 0
> VAMPIRE 4 1 13 3 1 3 0
> GRENADE 2 11 3 5 3
> BAT1 8 1 10 1 7 3 1 4 8 5 1 6 5 6 3 7 11 7 5 8 9 8 13 8 6 9 8 9 13 9 13 10 7 11 13 11 3 13 4 13 5 13 6 13 8 3 3 6 5 3
> BAT2 4 1 5 1 6 1 13 4 7 5 13 5 13 6 5 7 9 7 1 8 11 8 1 9 7 9 11 9 1 10 1 11 5 11 6 11 8 13 9 13 10 13 11 13 11 5
> BAT3 7 1 6 3 11 6 1 7 7 7 13 7 3 8 3 9 8 11 9 11 7 13
< RES 1637330619 28 1
< GRENADE
< MOVE D D
> REQ 1637330619 29 1
> VAMPIRE 1 3 1 3 0 3 0
> VAMPIRE 2 9 5 3 0 3 0
> VAMPIRE 3 13 13 3 1 3 0
> VAMPIRE 4 1 13 3 1 3 0
> GRENADE 2 11 3 4 3
> GRENADE 1 1 1 5 3
> BAT1 8 1 10 1 7 3 1 4 8 5 1 6 5 6 3 7 11 7 5 8 9 8 13 8 6 9 8 9 13 9 13 10 7 11 13 11 3 13 4 13 5 13 6 13 8 3 3 6 5 3
> BAT2 4 1 5 1 6 1 13 4 7 5 13 5 13 6 5 7 9 7 1 8 11 8 1 9 7 9 11 9 1 10 1 11 5 11 6 11 8 13 9 13 10 13 11 13 11 5
> BAT3 7 1 6 3 11 6 1 7 7 7 13 7 3 8 3 9 8 11 9 11 7 13
< RES 1637330619 29 1
< MOVE R R
> REQ 1637330619 30 1
> VAMPIRE 1 3 3 3 0 3 0
> VAMPIRE 2 9 5 3 0 3 0
> VAMPIRE 3 13 13 3 1 3 0
> VAMPIRE 4 1 13 3 1 3 0
> GRENADE 2 11 3 3 3
> GRENADE 1 1 1 4 3
> BAT1 8 1 10 1 7 3 1 4 8 5 1 6 5 6 3 7 11 7 5 8 9 8 13 8 6 9 8 9 13 9 13 10 7 11 13 11 3 13 4 13 5 13 6 13 8 3 3 6 5 3
> BAT2 4 1 5 1 6 1 13 4 7 5 13 5 13 6 5 7 9 7 1 8 11 8 1 9 7 9 11 9 1 10 1 11 5 11 6 11 8 13 9 13 10 13 11 13 11 5
> BAT3 7 1 6 3 11 6 1 7 7 7 13 7 3 8 3 9 8 11 9 11 7 13
< RES 1637330619 30 1
> REQ 1637330619 31 1
> VAMPIRE 1 3 3 3 0 3 0
> VAMPIRE 2 9 5 3 0 3 0
> VAMPIRE 3 13 13 3 1 3 0
> VAMPIRE 4 1 13 3 1 3 0
> GRENADE 2 11 3 2 3
> GRENADE 1 1 1 3 3
> BAT1 8 1 10 1 7 3 1 4 8 5 1 6 5 6 3 7 11 7 5 8 9 8 13 8 6 9 8 9 13 9 13 10 7 11 13 11 3 13 4 13 5 13 6 13 8 3 3 6 5 3
> BAT2 4 1 5 1 6 1 13 4 7 5 13 5 13 6 5 7 9 7 1 8 11 8 1 9 7 9 11 9 1 10 1 11 5 11 6 11 8 13 9 13 10 13 11 13 11 5
> BAT3 7 1 6 3 11 6 1 7 7 7 13 7 3 8 3 9 8 11 9 11 7 13
< RES 1637330619 31 1
> REQ 1637330619 32 1
> VAMPIRE 1 3 3 3 0 3 0
> VAMPIRE 2 9 5 3 0 3 0
> VAMPIRE 3 13 13 3 1 3 0
> VAMPIRE 4 1 13 3 1 3 0
> GRENADE 2 11 3 1 3
> GRENADE 1 1 1 2 3
> BAT1 8 1 10 1 7 3 1 4 8 5 1 6 5 6 3 7 11 7 5 8 9 8 13 8 6 9 8 9 13 9 13 10 7 11 13 11 3 13 4 13 5 13 6 13 8 3 3 6 5 3
> BAT2 4 1 5 1 6 1 13 4 7 5 13 5 13 6 5 7 9 7 1 8 11 8 1 9 7 9 11 9 1 10 1 11 5 11 6 11 8 13 9 13 10 13 11 13 11 5
> BAT3 7 1 6 3 11 6 1 7 7 7 13 7 3 8 3 9 8 11 9 11 7 13
< RES 1637330619 32 1
< MOVE R R
> REQ 1637330619 33 1
> VAMPIRE 1 3 5 3 0 3 0
> VAMPIRE 2 9 5 3 1 3 0
> VAMPIRE 3 13 13 3 1 3 0
> VAMPIRE 4 1 13 3 1 3 0
> GRENADE 1 1 1 1 3
> BAT1 8 1 10 1 7 3 1 4 8 5 1 6 5 6 3 7 11 7 5 8 9 8 13 8 6 9 8 9 13 9 13 10 7 11 13 11 3 13 4 13 5 13 6 13 3 6 5 3 11 5
> BAT2 4 1 5 1 6 1 13 4 7 5 13 5 13 6 5 7 9 7 1 8 11 8 1 9 7 9 11 9 1 10 1 11 5 11 6 11 8 13 9 13 10 13 11 13
> BAT3 7 1 6 3 11 6 1 7 7 7 13 7 3 8 3 9 8 11 9 11 7 13
< RES 1637330619 33 1
< MOVE D D
> REQ 1637330619 34 1
> VAMPIRE 1 5 5 3 1 3 0
> VAMPIRE 2 9 5 3 0 3 0
> VAMPIRE 3 13 13 3 1 3 0
> VAMPIRE 4 1 13 3 1 3 0
> GRENADE 2 9 5 5 3
> BAT1 8 1 10 1 7 3 8 5 1 6 5 6 3 7 11 7 5 8 9 8 13 8 6 9 8 9 13 9 13 10 7 11 13 11 3 13 4 13 5 13 6 13 4 1 3 6 5 3 11 5
> BAT2 5 1 6 1 13 4 7 5 13 5 13 6 5 7 9 7 1 8 11 8 1 9 7 9 11 9 1 10 1 11 5 11 6 11 8 13 9 13 10 13 11 13
> BAT3 7 1 6 3 11 6 1 7 7 7 13 7 3 8 3 9 8 11 9 11 7 13
< RES 1637330619 34 1
< GRENADE
> REQ 1637330619 35 1
> VAMPIRE 1 5 5 3 0 3 0
> VAMPIRE 2 9 5 3 0 3 0
> VAMPIRE 3 13 13 3 1 3 0
> VAMPIRE 4 1 13 3 1 3 0
> GRENADE 2 9 9 4 3
> GRENADE 1 5 5 5 3
> BAT1 8 1 10 1 7 3 8 5 1 6 5 6 3 7 11 7 5 8 9 8 13 8 6 9 8 9 13 9 13 10 7 11 13 11 3 13 4 13 5 13 6 13 4 1 3 6 5 3 11 5
> BAT2 5 1 6 1 13 4 7 5 13 5 13 6 5 7 9 7 1 8 11 8 1 9 7 9 11 9 1 10 1 11 5 11 6 11 8 13 9 13 10 13 11 13
> BAT3 7 1 6 3 11 6 1 7 7 7 13 7 3 8 3 9 8 11 9 11 7 13
< RES 1637330619 35 1
< THROW XR 4
< MOVE U U
> REQ 1637330619 36 1
> VAMPIRE 1 3 5 3 0 3 0
> VAMPIRE 2 9 3 3 0 3 0
> VAMPIRE 3 13 13 3 1 3 0
> VAMPIRE 4 1 13 3 1 3 0
> GRENADE 2 9 9 3 3
> GRENADE 1 5 9 4 3
> BAT1 8 1 10 1 7 3 8 5 1 6 5 6 3 7 11 7 5 8 9 8 13 8 6 9 8 9 13 9 13 10 7 11 13 11 3 13 4 13 5 13 6 13 4 1 3 6 5 3 11 5
> BAT2 5 1 6 1 13 4 7 5 13 5 13 6 5 7 9 7 1 8 11 8 1 9 7 9 11 9 1 10 1 11 5 11 6 11 8 13 9 13 10 13 11 13
> BAT3 7 1 6 3 11 6 1 7 7 7 13 7 3 8 3 9 8 11 9 11 7 13
< RES 1637330619 36 1
< MOVE L L
> REQ 1637330619 37 1
> VAMPIRE 1 3 3 3 0 3 0
> VAMPIRE 2 9 3 3 0 3 0
> VAMPIRE 3 13 13 3 1 3 0
> VAMPIRE 4 1 13 3 1 3 0
> GRENADE 2 9 9 2 3
> GRENADE 1 5 9 3 3
> BAT1 8 1 10 1 7 3 8 5 1 6 5 6 3 7 11 7 5 8 9 8 13 8 6 9 8 9 13 9 13 10 7 11 13 11 3 13 4 13 5 13 6 13 4 1 3 6 5 3 11 5
> BAT2 5 1 6 1 13 4 7 5 13 5 13 6 5 7 9 7 1 8 11 8 1 9 7 9 11 9 1 10 1 11 5 11 6 11 8 13 9 13 10 13 11 13
> BAT3 7 1 6 3 11 6 1 7 7 7 13 7 3 8 3 9 8 11 9 11 7 13
< RES 1637330619 37 1
> REQ 1637330619 38 1
> VAMPIRE 1 3 3 3 0 3 0
> VAMPIRE 2 9 3 3 0 3 0
> VAMPIRE 3 13 13 3 1 3 0
> VAMPIRE 4 1 13 3 1 3 0
> GRENADE 2 9 9 1 3
> GRENADE 1 5 9 2 3
> BAT1 8 1 10 1 7 3 8 5 1 6 5 6 3 7 11 7 5 8 9 8 13 8 6 9 8 9 13 9 13 10 7 11 13 11 3 13 4 13 5 13 6 13 4 1 3 6 5 3 11 5
> BAT2 5 1 6 1 13 4 7 5 13 5 13 6 5 7 9 7 1 8 11 8 1 9 7 9 11 9 1 10 1 11 5 11 6 11 8 13 9 13 10 13 11 13
> BAT3 7 1 6 3 11 6 1 7 7 7 13 7 3 8 3 9 8 11 9 11 7 13
< RES 1637330619 38 1
> REQ 1637330619 39 1
> VAMPIRE 1 3 3 3 0 3 0
> VAMPIRE 2 9 5 3 1 3 0
> VAMPIRE 3 13 13 3 1 3 0
> VAMPIRE 4 1 13 3 1 3 0
> GRENADE 1 5 9 1 3
> BAT1 8 1 10 1 7 3 8 5 1 6 5 6 3 7 11 7 5 8 13 8 6 9 13 9 13 10 7 11 13 11 3 13 4 13 5 13 6 13 4 1 3 6 11 9 5 3 11 5
> BAT2 5 1 6 1 13 4 7 5 13 5 13 6 5 7 9 7 1 8 11 8 1 9 7 9 1 10 1 11 5 11 6 11 8 13 9 13 10 13 11 13 9 11
> BAT3 7 1 6 3 11 6 1 7 7 7 13 7 3 8 3 9 8 11 7 13
< RES 1637330619 39 1
> REQ 1637330619 40 1
> VAMPIRE 1 3 3 3 1 3 0
> VAMPIRE 2 9 5 3 0 3 0
> VAMPIRE 3 13 13 3 1 3 0
> VAMPIRE 4 1 13 3 1 3 0
> GRENADE 2 9 5 5 3
> BAT1 8 1 10 1 7 3 8 5 1 6 5 6 3 7 11 7 13 8 13 9 13 10 7 11 13 11 3 13 4 13 5 13 6 13 4 1 3 6 11 9 5 11 5 3 11 5
> BAT2 5 1 6 1 13 4 7 5 13 5 13 6 5 7 9 7 1 8 11 8 1 9 7 9 1 10 1 11 6 11 8 13 9 13 10 13 11 13 3 9 9 11
> BAT3 7 1 6 3 11 6 1 7 7 7 13 7 3 8 8 11 7 13
< RES 1637330619 40 1
< GRENADE
< MOVE R R
> REQ 1637330619 41 1
> VAMPIRE 1 3 5 3 0 3 0
> VAMPIRE 2 9 5 3 0 3 0
> VAMPIRE 3 13 13 3 1 3 0
> VAMPIRE 4 1 13 3 1 3 0
> GRENADE 2 9 9 4 3
> GRENADE 1 3 3 5 3
> BAT1 8 1 10 1 7 3 8 5 1 6 5 6 3 7 11 7 13 8 13 9 13 10 7 11 13 11 3 13 4 13 5 13 6 13 4 1 3 6 11 9 5 11 5 3 11 5
> BAT2 5 1 6 1 13 4 7 5 13 5 13 6 5 7 9 7 1 8 11 8 1 9 7 9 1 10 1 11 6 11 8 13 9 13 10 13 11 13 3 9 9 11
> BAT3 7 1 6 3 11 6 1 7 7 7 13 7 3 8 8 11 7 13
< RES 1637330619 41 1
< MOVE D D
> REQ 1637330619 42 1
> VAMPIRE 1 5 5 3 0 3 0
> VAMPIRE 2 9 3 3 0 3 0
> VAMPIRE 3 13 13 3 1 3 0
> VAMPIRE 4 1 13 3 1 3 0
> GRENADE 2 9 9 3 3
> GRENADE 1 3 3 4 3
> BAT1 8 1 10 1 7 3 8 5 1 6 5 6 3 7 11 7 13 8 13 9 13 10 7 11 13 11 3 13 4 13 5 13 6 13 4 1 3 6 11 9 5 11 5 3 11 5
> BAT2 5 1 6 1 13 4 7 5 13 5 13 6 5 7 9 7 1 8 11 8 1 9 7 9 1 10 1 11 6 11 8 13 9 13 10 13 11 13 3 9 9 11
> BAT3 7 1 6 3 11 6 1 7 7 7 13 7 3 8 8 11 7 13
< RES 1637330619 42 1
> REQ 1637330619 43 1
> VAMPIRE 1 5 5 3 0 3 0
> VAMPIRE 2 9 3 3 0 3 0
> VAMPIRE 3 13 13 3 1 3 0
> VAMPIRE 4 1 13 3 1 3 0
> GRENADE 2 9 9 2 3
> GRENADE 1 3 3 3 3
> BAT1 8 1 10 1 7 3 8 5 1 6 5 6 3 7 11 7 13 8 13 9 13 10 7 11 13 11 3 13 4 13 5 13 6 13 4 1 3 6 11 9 5 11 5 3 11 5
> BAT2 5 1 6 1 13 4 7 5 13 5 13 6 5 7 9 7 1 8 11 8 1 9 7 9 1 10 1 11 6 11 8 13 9 13 10 13 11 13 3 9 9 11
> BAT3 7 1 6 3 11 6 1 7 7 7 13 7 3 8 8 11 7 13
< RES 1637330619 43 1
> REQ 1637330619 44 1
> VAMPIRE 1 5 5 3 0 3 0
> VAMPIRE 2 9 5 3 0 3 0
> VAMPIRE 3 13 13 3 1 3 0
> VAMPIRE 4 1 13 3 1 3 0
> GRENADE 2 9 9 1 3
> GRENADE 1 3 3 2 3
> BAT1 8 1 10 1 7 3 8 5 1 6 5 6 3 7 11 7 13 8 13 9 13 10 7 11 13 11 3 13 4 13 5 13 6 13 4 1 3 6 11 9 5 11 5 3 11 5
> BAT2 5 1 6 1 13 4 7 5 13 5 13 6 5 7 9 7 1 8 11 8 1 9 7 9 1 10 1 11 6 11 8 13 9 13 10 13 11 13 3 9 9 11
> BAT3 7 1 6 3 11 6 1 7 7 7 13 7 3 8 8 11 7 13
< RES 1637330619 44 1
> REQ 1637330619 45 1
> VAMPIRE 1 5 5 3 0 3 0
> VAMPIRE 2 9 5 3 1 3 0
> VAMPIRE 3 13 13 3 1 3 0
> VAMPIRE 4 1 13 3 1 3 0
> GRENADE 1 3 3 1 3
> BAT1 8 1 10 1 7 3 8 5 1 6 5 6 3 7 11 7 13 8 13 9 13 10 7 11 13 11 3 13 4 13 5 13 6 13 4 1 3 6 9 7 7 9 5 11 5 3 11 5 9 11
> BAT2 5 1 6 1 13 4 7 5 13 5 13 6 5 7 1 8 11 8 1 9 1 10 1 11 6 11 8 13 9 13 10 13 11 13 3 9
> BAT3 7 1 6 3 11 6 1 7 7 7 13 7 3 8 8 11 7 13
< RES 1637330619 45 1
> REQ 1637330619 46 1
> VAMPIRE 1 5 5 3 1 3 0
> VAMPIRE 2 9 3 3 0 3 0
> VAMPIRE 3 13 12 3 1 3 0
> VAMPIRE 4 1 13 3 1 3 0
> GRENADE 2 9 5 5 3
> BAT1 8 1 10 1 7 3 8 5 1 6 5 6 3 7 11 7 13 8 13 9 13 10 7 11 13 11 3 13 4 13 5 13 6 13 4 1 9 7 7 9 5 11 11 5 9 11
> BAT2 5 1 6 1 13 4 7 5 13 5 13 6 5 7 1 8 11 8 1 9 1 10 1 11 6 11 8 13 9 13 10 13 11 13 3 9
> BAT3 7 1 6 3 11 6 1 7 7 7 13 7 3 8 8 11 7 13
< RES 1637330619 46 1
< GRENADE
> REQ 1637330619 47 1
> VAMPIRE 1 5 5 3 0 3 0
> VAMPIRE 2 11 3 3 0 3 0
> VAMPIRE 3 12 13 3 0 3 0
> VAMPIRE 4 1 13 3 1 3 0
> GRENADE 2 9 5 4 3
> GRENADE 1 5 5 5 3
> GRENADE 3 13 12 5 3
> BAT1 8 1 10 1 7 3 8 5 1 6 5 6 3 7 11 7 13 8 13 9 13 10 7 11 13 11 3 13 4 13 5 13 6 13 4 1 9 7 7 9 5 11 11 5 9 11
> BAT2 5 1 6 1 13 4 7 5 13 5 13 6 5 7 1 8 11 8 1 9 1 10 1 11 6 11 8 13 9 13 10 13 11 13 3 9
> BAT3 7 1 6 3 11 6 1 7 7 7 13 7 3 8 8 11 7 13
< RES 1637330619 47 1
< THROW XR 4
< MOVE U U
> REQ 1637330619 48 1
> VAMPIRE 1 3 5 3 0 3 0
> VAMPIRE 2 11 3 3 0 3 0
> VAMPIRE 3 12 13 3 0 3 0
> VAMPIRE 4 1 13 3 1 3 0
> GRENADE 2 9 5 3 3
> GRENADE 1 5 9 4 3
> GRENADE 3 13 12 4 3
> BAT1 8 1 10 1 7 3 8 5 1 6 5 6 3 7 11 7 13 8 13 9 13 10 7 11 13 11 3 13 4 13 5 13 6 13 4 1 9 7 7 9 5 11 11 5 9 11
> BAT2 5 1 6 1 13 4 7 5 13 5 13 6 5 7 1 8 11 8 1 9 1 10 1 11 6 11 8 13 9 13 10 13 11 13 3 9
> BAT3 7 1 6 3 11 6 1 7 7 7 13 7 3 8 8 11 7 13
< RES 1637330619 48 1
> REQ 1637330619 49 1
> VAMPIRE 1 3 5 3 0 3 0
> VAMPIRE 2 11 3 3 0 3 0
> VAMPIRE 3 12 13 3 0 3 0
> VAMPIRE 4 1 13 3 1 3 0
> GRENADE 2 9 5 2 3
> GRENADE 1 5 9 3 3
> GRENADE 3 13 12 3 3
> BAT1 8 1 10 1 7 3 8 5 1 6 5 6 3 7 11 7 13 8 13 9 13 10 7 11 13 11 3 13 4 13 5 13 6 13 4 1 9 7 7 9 5 11 11 5 9 11
> BAT2 5 1 6 1 13 4 7 5 13 5 13 6 5 7 1 8 11 8 1 9 1 10 1 11 6 11 8 13 9 13 10 13 11 13 3 9
> BAT3 7 1 6 3 11 6 1 7 7 7 13 7 3 8 8 11 7 13
< RES 1637330619 49 1
> REQ 1637330619 50 1
> VAMPIRE 1 3 5 3 0 3 0
> VAMPIRE 2 11 3 3 0 3 0
> VAMPIRE 3 12 13 3 0 3 0
> VAMPIRE 4 1 13 3 1 3 0
> GRENADE 2 9 5 1 3
> GRENADE 1 5 9 2 3
> GRENADE 3 13 12 2 3
> BAT1 8 1 10 1 7 3 8 5 1 6 5 6 3 7 11 7 13 8 13 9 13 10 7 11 13 11 3 13 4 13 5 13 6 13 4 1 9 7 7 9 5 11 11 5 9 11
> BAT2 5 1 6 1 13 4 7 5 13 5 13 6 5 7 1 8 11 8 1 9 1 10 1 11 6 11 8 13 9 13 10 13 11 13 3 9
> BAT3 7 1 6 3 11 6 1 7 7 7 13 7 3 8 8 11 7 13
< RES 1637330619 50 1
< MOVE D D
> REQ 1637330619 51 1
> VAMPIRE 1 5 5 3 0 3 0
> VAMPIRE 2 9 3 3 1 3 0
> VAMPIRE 3 12 13 3 0 3 0
> VAMPIRE 4 1 13 3 1 3 0
> GRENADE 1 5 9 1 3
> GRENADE 3 13 12 1 3
> BAT1 8 1 10 1 7 3 1 6 5 6 3 7 11 7 13 8 13 9 13 10 7 11 13 11 3 13 4 13 5 13 6 13 4 1 7 9 5 11 9 11
> BAT2 5 1 6 1 13 4 7 5 13 5 13 6 5 7 1 8 11 8 1 9 1 10 1 11 6 11 8 13 9 13 10 13 11 13 3 9
> BAT3 7 1 6 3 11 6 1 7 7 7 13 7 3 8 8 11 7 13
< RES 1637330619 51 1
< MOVE L L
> REQ 1637330619 52 1
> VAMPIRE 1 5 3 3 1 3 0
> VAMPIRE 2 9 3 3 0 3 0
> VAMPIRE 3 13 13 3 1 3 0
> VAMPIRE 4 1 13 3 1 3 0
> GRENADE 2 9 3 5 3
> BAT1 8 1 10 1 7 3 1 6 5 6 3 7 11 7 13 8 13 9 13 10 7 11 3 13 4 13 5 13 6 13 4 1 5 7 3 9 9 11
> BAT2 5 1 6 1 13 4 7 5 13 5 13 6 1 8 11 8 1 9 1 10 1 11 6 11 8 13 9 13 10 13 11 13
> BAT3 7 1 6 3 11 6 1 7 7 7 13 7 3 8 8 11 7 13
< RES 1637330619 52 1
< GRENADE
< MOVE U U
> REQ 1637330619 53 1
> VAMPIRE 1 3 3 3 0 3 0
> VAMPIRE 2 9 3 3 0 3 0
> VAMPIRE 3 13 11 3 0 3 0
> VAMPIRE 4 1 13 3 1 3 0
> GRENADE 2 5 3 4 3
> GRENADE 1 5 3 5 3
> GRENADE 3 13 13 5 3
> BAT1 8 1 10 1 7 3 1 6 5 6 3 7 11 7 13 8 13 9 13 10 7 11 3 13 4 13 5 13 6 13 4 1 5 7 3 9 9 11
> BAT2 5 1 6 1 13 4 7 5 13 5 13 6 1 8 11 8 1 9 1 10 1 11 6 11 8 13 9 13 10 13 11 13
> BAT3 7 1 6 3 11 6 1 7 7 7 13 7 3 8 8 11 7 13
< RES 1637330619 53 1
< MOVE R R
> REQ 1637330619 54 1
> VAMPIRE 1 3 5 3 0 3 0
> VAMPIRE 2 9 3 3 0 3 0
> VAMPIRE 3 11 11 3 0 3 0
> VAMPIRE 4 1 13 3 1 3 0
> GRENADE 2 5 3 3 3
> GRENADE 1 5 3 4 3
> GRENADE 3 13 13 4 3
> BAT1 8 1 10 1 7 3 1 6 5 6 3 7 11 7 13 8 13 9 13 10 7 11 3 13 4 13 5 13 6 13 4 1 5 7 3 9 9 11
> BAT2 5 1 6 1 13 4 7 5 13 5 13 6 1 8 11 8 1 9 1 10 1 11 6 11 8 13 9 13 10 13 11 13
> BAT3 7 1 6 3 11 6 1 7 7 7 13 7 3 8 8 11 7 13
< RES 1637330619 54 1
> REQ 1637330619 55 1
> VAMPIRE 1 3 5 3 0 3 0
> VAMPIRE 2 9 3 3 0 3 0
> VAMPIRE 3 11 11 3 0 3 0
> VAMPIRE 4 1 13 3 1 3 0
> GRENADE 2 5 3 2 3
> GRENADE 1 5 3 3 3
> GRENADE 3 13 13 3 3
> BAT1 8 1 10 1 7 3 1 6 5 6 3 7 11 7 13 8 13 9 13 10 7 11 3 13 4 13 5 13 6 13 4 1 5 7 3 9 9 11
> BAT2 5 1 6 1 13 4 7 5 13 5 13 6 1 8 11 8 1 9 1 10 1 11 6 11 8 13 9 13 10 13 11 13
> BAT3 7 1 6 3 11 6 1 7 7 7 13 7 3 8 8 11 7 13
< RES 1637330619 55 1
< MOVE D
> REQ 1637330619 56 1
> VAMPIRE 1 4 5 3 0 3 0
> VAMPIRE 2 9 2 3 0 3 0
> VAMPIRE 3 11 11 3 0 3 0
> VAMPIRE 4 1 13 3 1 3 0
> GRENADE 2 5 3 1 3
> GRENADE 1 5 3 2 3
> GRENADE 3 13 13 2 3
> BAT1 8 1 10 1 7 3 1 6 5 6 3 7 11 7 13 8 13 9 13 10 7 11 3 13 4 13 5 13 6 13 4 1 5 7 3 9 9 11
> BAT2 5 1 6 1 13 4 7 5 13 5 13 6 1 8 11 8 1 9 1 10 1 11 6 11 8 13 9 13 10 13 11 13
> BAT3 7 1 6 3 11 6 1 7 7 7 13 7 3 8 8 11 7 13
< RES 1637330619 56 1
< MOVE U
> REQ 1637330619 57 1
> VAMPIRE 1 3 5 3 1 3 0
> VAMPIRE 2 9 1 3 1 3 0
> VAMPIRE 3 11 11 3 0 3 0
> VAMPIRE 4 1 13 3 1 3 0
> GRENADE 3 13 13 1 3
> BAT1 8 1 10 1 7 3 1 6 3 7 11 7 13 8 13 9 13 10 7 11 3 13 4 13 5 13 6 13 4 1 5 1 5 7 3 9 9 11
> BAT2 6 1 13 4 7 5 13 5 13 6 1 8 11 8 1 9 1 10 1 11 6 11 8 13 9 13 10 13 11 13 6 3
> BAT3 7 1 11 6 1 7 7 7 13 7 3 8 8 11 7 13
< RES 1637330619 57 1
< MOVE D D
> REQ 1637330619 58 1
> VAMPIRE 1 5 5 3 1 3 0
> VAMPIRE 2 9 3 3 0 3 0
> VAMPIRE 3 11 11 3 1 3 0
> VAMPIRE 4 1 13 3 1 3 0
> GRENADE 2 9 1 5 3
> BAT1 8 1 10 1 7 3 1 6 3 7 11 7 13 8 13 9 7 11 3 13 4 13 5 13 6 13 4 1 5 1 5 7 11 13 3 9 9 11
> BAT2 6 1 13 4 7 5 13 5 13 6 1 8 11 8 1 9 1 10 1 11 6 11 8 13 9 13 10 13 6 3
> BAT3 7 1 11 6 1 7 7 7 13 7 3 8 8 11 7 13
< RES 1637330619 58 1
< GRENADE
< MOVE U U
> REQ 1637330619 59 1
> VAMPIRE 1 3 5 3 0 3 0
> VAMPIRE 2 9 5 3 0 3 0
> VAMPIRE 3 11 9 3 0 3 0
> VAMPIRE 4 1 13 3 1 3 0
> GRENADE 2 9 1 4 3
> GRENADE 1 5 5 5 3
> GRENADE 3 11 11 5 3
> BAT1 8 1 10 1 7 3 1 6 3 7 11 7 13 8 13 9 7 11 3 13 4 13 5 13 6 13 4 1 5 1 5 7 11 13 3 9 9 11
> BAT2 6 1 13 4 7 5 13 5 13 6 1 8 11 8 1 9 1 10 1 11 6 11 8 13 9 13 10 13 6 3
> BAT3 7 1 11 6 1 7 7 7 13 7 3 8 8 11 7 13
< RES 1637330619 59 1
< MOVE L L
> REQ 1637330619 60 1
> VAMPIRE 1 3 3 3 0 3 0
> VAMPIRE 2 9 5 3 0 3 0
> VAMPIRE 3 10 9 3 0 3 0
> VAMPIRE 4 1 13 3 1 3 0
> GRENADE 2 9 1 3 3
> GRENADE 1 5 5 4 3
> GRENADE 3 11 11 4 3
> BAT1 8 1 10 1 7 3 1 6 3 7 11 7 13 8 13 9 7 11 3 13 4 13 5 13 6 13 4 1 5 1 5 7 11 13 3 9 9 11
> BAT2 6 1 13 4 7 5 13 5 13 6 1 8 11 8 1 9 1 10 1 11 6 11 8 13 9 13 10 13 6 3
> BAT3 7 1 11 6 1 7 7 7 13 7 3 8 8 11 7 13
< RES 1637330619 60 1
> REQ 1637330619 61 1
> VAMPIRE 1 3 3 3 0 3 0
> VAMPIRE 2 9 5 3 0 3 0
> VAMPIRE 3 10 9 3 0 3 0
> VAMPIRE 4 1 13 3 1 3 0
> GRENADE 2 9 1 2 3
> GRENADE 1 5 5 3 3
> GRENADE 3 11 11 3 3
> BAT1 8 1 10 1 7 3 1 6 3 7 11 7 13 8 13 9 7 11 3 13 4 13 5 13 6 13 4 1 5 1 5 7 11 13 3 9 9 11
> BAT2 6 1 13 4 7 5 13 5 13 6 1 8 11 8 1 9 1 10 1 11 6 11 8 13 9 13 10 13 6 3
> BAT3 7 1 11 6 1 7 7 7 13 7 3 8 8 11 7 13
< RES 1637330619 61 1
> REQ 1637330619 62 1
> VAMPIRE 1 3 3 3 0 3 0
> VAMPIRE 2 9 5 3 0 3 0
> VAMPIRE 3 10 9 3 0 3 0
> VAMPIRE 4 1 13 3 1 3 0
> GRENADE 2 9 1 1 3
> GRENADE 1 5 5 2 3
> GRENADE 3 11 11 2 3
> BAT1 8 1 10 1 7 3 1 6 3 7 11 7 13 8 13 9 7 11 3 13 4 13 5 13 6 13 4 1 5 1 5 7 11 13 3 9 9 11
> BAT2 6 1 13 4 7 5 13 5 13 6 1 8 11 8 1 9 1 10 1 11 6 11 8 13 9 13 10 13 6 3
> BAT3 7 1 11 6 1 7 7 7 13 7 3 8 8 11 7 13
< RES 1637330619 62 1
> REQ 1637330619 63 1
> VAMPIRE 1 3 3 3 0 3 0
> VAMPIRE 2 11 5 3 1 3 0
> VAMPIRE 3 10 9 3 0 3 0
> VAMPIRE 4 1 13 3 1 3 0
> GRENADE 1 5 5 1 3
> GRENADE 3 11 11 1 3
> BAT1 7 3 1 6 3 7 11 7 13 8 13 9 7 11 3 13 4 13 5 13 6 13 4 1 5 1 5 7 11 13 3 9 9 11
> BAT2 6 1 13 4 7 5 13 5 13 6 1 8 11 8 1 9 1 10 1 11 6 11 8 13 9 13 10 13 6 3
> BAT3 7 1 11 6 1 7 7 7 13 7 3 8 8 11 7 13
< RES 1637330619 63 1
< MOVE D D
> REQ 1637330619 64 1
> VAMPIRE 1 5 3 3 1 3 0
> VAMPIRE 2 9 5 3 0 3 0
> VAMPIRE 3 11 9 3 1 3 0
> VAMPIRE 4 1 13 3 1 3 0
> GRENADE 2 11 5 5 3
> BAT1 7 3 1 6 3 7 11 7 13 8 13 9 7 11 3 13 4 13 5 13 6 13 4 1 5 1 7 5 11 8 3 9
> BAT2 6 1 13 4 13 5 13 6 1 8 1 9 1 10 1 11 6 11 8 13 9 13 10 13 6 3
> BAT3 7 1 11 6 1 7 7 7 13 7 3 8 8 11 7 13
< RES 1637330619 64 1
< GRENADE
< MOVE R R
> REQ 1637330619 65 1
> VAMPIRE 1 5 5 3 0 3 0
> VAMPIRE 2 9 3 3 0 3 0
> VAMPIRE 3 11 9 3 0 3 0
> VAMPIRE 4 1 13 3 1 3 0
> GRENADE 2 11 5 4 3
> GRENADE 1 5 3 5 3
> GRENADE 3 11 9 5 3
> BAT1 7 3 1 6 3 7 11 7 13 8 13 9 7 11 3 13 4 13 5 13 6 13 4 1 5 1 7 5 11 8 3 9
> BAT2 6 1 13 4 13 5 13 6 1 8 1 9 1 10 1 11 6 11 8 13 9 13 10 13 6 3
> BAT3 7 1 11 6 1 7 7 7 13 7 3 8 8 11 7 13
< RES 1637330619 65 1
< MOVE R R
> REQ 1637330619 66 1
> VAMPIRE 1 5 7 3 0 3 0
> VAMPIRE 2 9 3 3 0 3 0
> VAMPIRE 3 9 9 3 0 3 0
> VAMPIRE 4 1 13 3 1 3 0
> GRENADE 2 11 5 3 3
> GRENADE 1 5 3 4 3
> GRENADE 3 11 5 4 3
> BAT1 7 3 1 6 3 7 11 7 13 8 13 9 7 11 3 13 4 13 5 13 6 13 4 1 5 1 7 5 11 8 3 9
> BAT2 6 1 13 4 13 5 13 6 1 8 1 9 1 10 1 11 6 11 8 13 9 13 10 13 6 3
> BAT3 7 1 11 6 1 7 7 7 13 7 3 8 8 11 7 13
< RES 1637330619 66 1
> REQ 1637330619 67 1
> VAMPIRE 1 5 7 3 0 3 0
> VAMPIRE 2 9 3 3 0 3 0
> VAMPIRE 3 9 7 3 0 3 0
> VAMPIRE 4 1 13 3 1 3 0
> GRENADE 2 11 5 2 3
> GRENADE 1 5 3 3 3
> GRENADE 3 11 5 3 3
> BAT1 7 3 1 6 3 7 11 7 13 8 13 9 7 11 3 13 4 13 5 13 6 13 4 1 5 1 7 5 11 8 3 9
> BAT2 6 1 13 4 13 5 13 6 1 8 1 9 1 10 1 11 6 11 8 13 9 13 10 13 6 3
> BAT3 7 1 11 6 1 7 7 7 13 7 3 8 8 11 7 13
< RES 1637330619 67 1
< MOVE R R
> REQ 1637330619 68 1
> VAMPIRE 1 5 9 3 0 3 0
> VAMPIRE 2 9 4 3 0 3 0
> VAMPIRE 3 9 7 3 0 3 0
> VAMPIRE 4 1 13 3 1 3 0
> GRENADE 2 11 5 1 3
> GRENADE 1 5 3 2 3
> GRENADE 3 11 5 2 3
> BAT1 7 3 1 6 3 7 11 7 13 8 13 9 7 11 3 13 4 13 5 13 6 13 4 1 5 1 7 5 11 8 3 9
> BAT2 6 1 13 4 13 5 13 6 1 8 1 9 1 10 1 11 6 11 8 13 9 13 10 13 6 3
> BAT3 7 1 11 6 1 7 7 7 13 7 3 8 8 11 7 13
< RES 1637330619 68 1
< MOVE R R
> REQ 1637330619 69 1
> VAMPIRE 1 5 11 3 0 3 0
> VAMPIRE 2 8 3 3 1 3 0
> VAMPIRE 3 8 7 3 1 3 0
> VAMPIRE 4 1 13 3 1 3 0
> GRENADE 1 5 3 1 3
> BAT1 7 3 1 6 3 7 11 7 13 8 13 9 7 11 3 13 4 13 5 13 6 13 4 1 5 1 7 5 13 5 11 8 3 9
> BAT2 6 1 13 4 13 6 1 8 1 9 1 10 1 11 6 11 8 13 9 13 10 13 6 3 11 6
> BAT3 7 1 1 7 7 7 13 7 3 8 8 11 7 13
< RES 1637330619 69 1
< MOVE U U
> REQ 1637330619 70 1
> VAMPIRE 1 3 11 3 1 3 0
> VAMPIRE 2 8 3 3 0 3 0
> VAMPIRE 3 9 6 3 0 3 0
> VAMPIRE 4 1 13 3 1 3 0
> GRENADE 2 8 3 5 3
> GRENADE 3 8 7 5 3
> BAT1 7 3 1 6 3 7 11 7 13 8 13 9 7 11 3 13 4 13 5 13 6 13 4 1 7 5 13 5 11 8 6 3 3 9
> BAT2 6 1 13 4 13 6 1 8 1 9 1 10 1 11 6 11 8 13 9 13 10 13 11 6
> BAT3 7 1 1 7 7 7 13 7 3 8 8 11 7 13
< RES 1637330619 70 1
< GRENADE
< MOVE D D
> REQ 1637330619 71 1
> VAMPIRE 1 5 11 3 0 3 0
> VAMPIRE 2 10 3 3 0 3 0
> VAMPIRE 3 9 8 3 0 3 0
> VAMPIRE 4 1 13 3 1 3 0
> GRENADE 2 8 7 4 3
> GRENADE 3 8 7 4 3
> GRENADE 1 3 11 5 3
> BAT1 7 3 1 6 3 7 11 7 13 8 13 9 7 11 3 13 4 13 5 13 6 13 4 1 7 5 13 5 11 8 6 3 3 9
> BAT2 6 1 13 4 13 6 1 8 1 9 1 10 1 11 6 11 8 13 9 13 10 13 11 6
> BAT3 7 1 1 7 7 7 13 7 3 8 8 11 7 13
< RES 1637330619 71 1
< MOVE L L
> REQ 1637330619 72 1
> VAMPIRE 1 5 9 3 0 3 0
> VAMPIRE 2 9 3 3 0 3 0
> VAMPIRE 3 9 9 3 0 3 0
> VAMPIRE 4 1 13 3 1 3 0
> GRENADE 2 8 7 3 3
> GRENADE 3 8 7 3 3
> GRENADE 1 3 11 4 3
> BAT1 7 3 1 6 3 7 11 7 13 8 13 9 7 11 3 13 4 13 5 13 6 13 4 1 7 5 13 5 11 8 6 3 3 9
> BAT2 6 1 13 4 13 6 1 8 1 9 1 10 1 11 6 11 8 13 9 13 10 13 11 6
> BAT3 7 1 1 7 7 7 13 7 3 8 8 11 7 13
< RES 1637330619 72 1
< MOVE L L
> REQ 1637330619 73 1
> VAMPIRE 1 5 7 3 0 3 0
> VAMPIRE 2 9 3 3 0 3 0
> VAMPIRE 3 9 7 3 0 3 0
> VAMPIRE 4 1 13 3 0 3 0
> GRENADE 2 8 7 2 3
> GRENADE 3 8 7 2 3
> GRENADE 1 3 11 3 3
> GRENADE 4 1 13 5 3
> BAT1 7 3 1 6 3 7 11 7 13 8 13 9 7 11 3 13 4 13 5 13 6 13 4 1 7 5 13 5 11 8 6 3 3 9
> BAT2 6 1 13 4 13 6 1 8 1 9 1 10 1 11 6 11 8 13 9 13 10 13 11 6
> BAT3 7 1 1 7 7 7 13 7 3 8 8 11 7 13
< RES 1637330619 73 1
< MOVE R R
> REQ 1637330619 74 1
> VAMPIRE 1 5 9 3 0 3 0
> VAMPIRE 2 9 4 3 0 3 0
> VAMPIRE 3 9 6 3 0 3 0
> VAMPIRE 4 1 13 3 0 3 0
> GRENADE 2 8 7 1 3
> GRENADE 3 4 7 1 3
> GRENADE 1 3 11 2 3
> GRENADE 4 1 13 4 3
> BAT1 7 3 1 6 3 7 11 7 13 8 13 9 7 11 3 13 4 13 5 13 6 13 4 1 7 5 13 5 11 8 6 3 3 9
> BAT2 6 1 13 4 13 6 1 8 1 9 1 10 1 11 6 11 8 13 9 13 10 13 11 6
> BAT3 7 1 1 7 7 7 13 7 3 8 8 11 7 13
< RES 1637330619 74 1
> REQ 1637330619 75 1
> VAMPIRE 1 5 9 3 0 3 0
> VAMPIRE 2 10 5 3 1 3 0
> VAMPIRE 3 10 7 3 1 3 0
> VAMPIRE 4 1 13 3 0 3 0
> GRENADE 1 3 11 1 3
> GRENADE 4 1 13 3 3
> BAT1 7 3 1 6 13 8 13 9 7 11 3 13 4 13 5 13 6 13 4 1 7 5 13 5 11 8 6 3 7 7 3 9
> BAT2 6 1 13 4 13 6 1 8 1 9 1 10 1 11 6 11 8 13 9 13 10 13 11 6
> BAT3 7 1 1 7 13 7 3 8 8 11 7 13
< RES 1637330619 75 1
< MOVE D D
> REQ 1637330619 76 1
> VAMPIRE 1 7 9 3 1 3 0
> VAMPIRE 2 11 4 3 0 3 0
> VAMPIRE 3 9 8 3 0 3 0
> VAMPIRE 4 2 13 3 0 3 0
> GRENADE 4 1 13 2 3
> GRENADE 2 10 5 5 3
> GRENADE 3 10 7 5 3
> POWERUP SHOE -9 10 9 7
> POWERUP SHOE -9 4 5 7
> BAT1 7 3 1 6 13 8 13 9 7 11 4 13 5 13 6 13 4 1 7 5 13 5 11 8 1 11 6 11 6 3 7 7
> BAT2 6 1 13 4 13 6 1 8 1 9 1 10 8 13 9 13 10 13 11 6
> BAT3 7 1 1 7 13 7 3 8 8 11 7 13
< RES 1637330619 76 1
< GRENADE
< MOVE D D
> REQ 1637330619 77 1
> VAMPIRE 1 9 9 3 0 3 0
> VAMPIRE 2 10 3 3 0 3 0
> VAMPIRE 3 10 9 3 0 3 0
> VAMPIRE 4 3 12 3 0 3 0
> GRENADE 4 1 13 1 3
> GRENADE 2 10 5 4 3
> GRENADE 3 10 7 4 3
> GRENADE 1 7 9 5 3
> POWERUP SHOE -8 10 9 7
> POWERUP SHOE -8 4 5 7
> BAT1 7 3 1 6 13 8 13 9 7 11 4 13 5 13 6 13 4 1 7 5 13 5 11 8 1 11 6 11 6 3 7 7
> BAT2 6 1 13 4 13 6 1 8 1 9 1 10 8 13 9 13 10 13 11 6
> BAT3 7 1 1 7 13 7 3 8 8 11 7 13
< RES 1637330619 77 1
< MOVE U
> REQ 1637330619 78 1
> VAMPIRE 1 8 9 3 0 3 0
> VAMPIRE 2 9 4 3 0 3 0
> VAMPIRE 3 10 9 3 0 3 0
> VAMPIRE 4 3 11 3 1 3 0
> GRENADE 2 10 5 3 3
> GRENADE 3 10 7 3 3
> GRENADE 1 7 9 4 3
> POWERUP SHOE -7 10 9 7
> POWERUP SHOE -7 4 5 7
> BAT1 7 3 1 6 13 8 13 9 7 11 5 13 6 13 4 1 7 5 13 5 11 8 6 11 6 3 7 7
> BAT2 6 1 13 4 13 6 1 8 1 9 1 10 8 13 9 13 10 13 11 6
> BAT3 7 1 1 7 13 7 3 8 8 11 7 13
< RES 1637330619 78 1
< THROW U 4
< MOVE D D
> REQ 1637330619 79 1
> VAMPIRE 1 10 9 3 0 3 0
> VAMPIRE 2 9 6 3 0 3 0
> VAMPIRE 3 10 9 3 0 3 0
> VAMPIRE 4 3 10 3 0 3 0
> GRENADE 2 10 5 2 3
> GRENADE 3 10 7 2 3
> GRENADE 1 3 9 3 3
> GRENADE 4 3 11 5 3
> POWERUP SHOE -6 10 9 7
> POWERUP SHOE -6 4 5 7
> BAT1 7 3 1 6 13 8 13 9 7 11 5 13 6 13 4 1 7 5 13 5 11 8 6 11 6 3 7 7
> BAT2 6 1 13 4 13 6 1 8 1 9 1 10 8 13 9 13 10 13 11 6
> BAT3 7 1 1 7 13 7 3 8 8 11 7 13
< RES 1637330619 79 1
> REQ 1637330619 80 1
> VAMPIRE 1 10 9 3 0 3 0
> VAMPIRE 2 9 8 3 0 3 0
> VAMPIRE 3 10 9 3 0 3 0
> VAMPIRE 4 3 10 3 0 3 0
> GRENADE 2 10 5 1 3
> GRENADE 3 10 7 1 3
> GRENADE 1 3 9 2 3
> GRENADE 4 3 13 4 3
> POWERUP SHOE -5 10 9 7
> POWERUP SHOE -5 4 5 7
> BAT1 7 3 1 6 13 8 13 9 7 11 5 13 6 13 4 1 7 5 13 5 11 8 6 11 6 3 7 7
> BAT2 6 1 13 4 13 6 1 8 1 9 1 10 8 13 9 13 10 13 11 6
> BAT3 7 1 1 7 13 7 3 8 8 11 7 13
< RES 1637330619 80 1
> REQ 1637330619 81 1
> VAMPIRE 1 10 9 3 0 3 0
> VAMPIRE 2 10 9 3 1 3 0
> VAMPIRE 3 10 9 3 1 3 0
> VAMPIRE 4 4 11 3 0 3 0
> GRENADE 1 3 9 1 3
> GRENADE 4 3 13 3 3
> POWERUP SHOE -4 10 9 7
> POWERUP SHOE -4 4 5 7
> BAT1 7 3 1 6 13 8 13 9 7 11 5 13 6 13 4 1 11 8 6 11 6 3
> BAT2 6 1 13 4 13 6 1 8 1 9 1 10 8 13 9 13 10 13 11 6 13 7
> BAT3 7 1 1 7 3 8 8 11 7 13
< RES 1637330619 81 1
> REQ 1637330619 82 1
> VAMPIRE 1 10 9 3 1 3 0
> VAMPIRE 2 10 9 3 0 3 0
> VAMPIRE 3 10 9 3 0 3 0
> VAMPIRE 4 5 10 3 0 3 0
> GRENADE 4 3 13 2 3
> GRENADE 2 10 9 5 3
> GRENADE 3 10 9 5 3
> POWERUP SHOE -3 10 9 7
> POWERUP SHOE -3 4 5 7
> BAT1 7 3 1 6 13 8 13 9 7 11 5 13 6 13 4 1 11 8 1 9 6 11 6 3
> BAT2 6 1 13 4 13 6 1 8 1 10 8 13 9 13 10 13 11 6 13 7 3 8
> BAT3 7 1 1 7 8 11 7 13
< RES 1637330619 82 1
< GRENADE
> REQ 1637330619 83 1
> VAMPIRE 1 10 9 3 0 3 0
> VAMPIRE 2 10 9 3 0 3 0
> VAMPIRE 3 10 9 3 0 3 0
> VAMPIRE 4 5 8 3 0 3 0
> GRENADE 4 3 13 1 3
> GRENADE 2 10 9 4 3
> GRENADE 3 10 9 4 3
> GRENADE 1 10 9 5 3
> POWERUP SHOE -2 10 9 7
> POWERUP SHOE -2 4 5 7
> BAT1 7 3 1 6 13 8 13 9 7 11 5 13 6 13 4 1 11 8 1 9 6 11 6 3
> BAT2 6 1 13 4 13 6 1 8 1 10 8 13 9 13 10 13 11 6 13 7 3 8
> BAT3 7 1 1 7 8 11 7 13
< RES 1637330619 83 1
> REQ 1637330619 84 1
> VAMPIRE 1 10 9 3 0 3 0
> VAMPIRE 2 10 9 3 0 3 0
> VAMPIRE 3 10 9 3 0 3 0
> VAMPIRE 4 5 6 3 1 3 0
> GRENADE 2 10 9 3 3
> GRENADE 3 10 9 3 3
> GRENADE 1 10 9 4 3
> POWERUP SHOE -1 10 9 7
> POWERUP SHOE -1 4 5 7
> BAT1 7 3 1 6 13 8 13 9 7 11 6 13 4 1 11 8 1 9 6 11 6 3
> BAT2 6 1 13 4 13 6 1 8 1 10 8 13 9 13 10 13 11 6 13 7 3 8
> BAT3 7 1 1 7 8 11 7 13
< RES 1637330619 84 1
> REQ 1637330619 85 1
> VAMPIRE 1 10 9 3 0 3 0
> VAMPIRE 2 10 9 3 0 3 0
> VAMPIRE 3 10 9 3 0 3 0
> VAMPIRE 4 4 5 3 1 3 0
> GRENADE 2 10 9 2 3
> GRENADE 3 10 9 2 3
> GRENADE 1 10 9 3 3
> POWERUP SHOE 16 10 9 7
> POWERUP SHOE 16 4 5 7
> BAT1 7 3 1 6 13 8 13 9 7 11 6 13 4 1 11 8 1 9 6 11 6 3
> BAT2 6 1 13 4 13 6 1 8 1 10 8 13 9 13 10 13 11 6 13 7 3 8
> BAT3 7 1 1 7 8 11 7 13
< RES 1637330619 85 1
< MOVE U L
> REQ 1637330619 86 1
> VAMPIRE 1 9 8 3 0 3 0
> VAMPIRE 2 9 8 3 0 3 0
> VAMPIRE 3 9 8 3 0 3 0
> VAMPIRE 4 4 5 3 0 3 0
> GRENADE 2 10 9 1 3
> GRENADE 3 10 9 1 3
> GRENADE 1 10 9 2 3
> GRENADE 4 4 5 5 3
> POWERUP SHOE 15 10 9 7
> POWERUP SHOE 15 4 5 7
> BAT1 7 3 1 6 13 8 13 9 7 11 6 13 4 1 11 8 1 9 6 11 6 3
> BAT2 6 1 13 4 13 6 1 8 1 10 8 13 9 13 10 13 11 6 13 7 3 8
> BAT3 7 1 1 7 8 11 7 13
< RES 1637330619 86 1
< MOVE L D
> REQ 1637330619 87 1
> VAMPIRE 1 10 7 3 1 3 0
> VAMPIRE 2 10 7 3 1 3 0
> VAMPIRE 3 9 8 3 1 3 0
> VAMPIRE 4 4 5 3 0 3 0
> GRENADE 4 1 5 4 3
> POWERUP SHOE 14 10 9 7
> POWERUP SHOE 14 4 5 7
> BAT1 7 3 1 6 13 8 7 11 6 13 4 1 11 8 1 9 6 11 6 3
> BAT2 6 1 13 4 13 6 1 8 1 10 8 13 9 13 10 13 11 6 13 7 3 8
> BAT3 7 1 1 7 8 11 7 13
< RES 1637330619 87 1
< GRENADE
< MOVE U R
> REQ 1637330619 88 1
> VAMPIRE 1 9 8 3 0 3 0
> VAMPIRE 2 9 8 3 0 3 0
> VAMPIRE 3 10 9 3 1 3 0
> VAMPIRE 4 4 5 3 0 3 0
> GRENADE 4 1 5 3 3
> GRENADE 1 10 7 5 3
> GRENADE 2 10 7 5 3
> POWERUP SHOE 13 10 9 7
> POWERUP SHOE 13 4 5 7
> BAT1 7 3 1 6 13 8 7 11 6 13 4 1 11 8 1 9 6 11 6 3
> BAT2 6 1 13 4 13 6 1 8 1 10 8 13 9 13 10 13 11 6 13 7 3 8
> BAT3 7 1 1 7 8 11 7 13
< RES 1637330619 88 1
< MOVE R D
> REQ 1637330619 89 1
> VAMPIRE 1 9 9 3 0 3 0
> VAMPIRE 2 9 9 3 0 3 0
> VAMPIRE 3 10 9 3 0 3 0
> VAMPIRE 4 5 5 3 0 3 0
> GRENADE 4 1 5 2 3
> GRENADE 1 10 7 4 3
> GRENADE 2 10 7 4 3
> GRENADE 3 10 9 5 3
> POWERUP SHOE 12 10 9 7
> POWERUP SHOE 12 4 5 7
> BAT1 7 3 1 6 13 8 7 11 6 13 4 1 11 8 1 9 6 11 6 3
> BAT2 6 1 13 4 13 6 1 8 1 10 8 13 9 13 10 13 11 6 13 7 3 8
> BAT3 7 1 1 7 8 11 7 13
< RES 1637330619 89 1
< MOVE U U
> REQ 1637330619 90 1
> VAMPIRE 1 7 9 3 0 3 0
> VAMPIRE 2 7 9 3 0 3 0
> VAMPIRE 3 10 9 3 0 3 0
> VAMPIRE 4 6 5 3 0 3 0
> GRENADE 4 1 5 1 3
> GRENADE 1 10 7 3 3
> GRENADE 2 10 7 3 3
> GRENADE 3 10 9 4 3
> POWERUP SHOE 11 10 9 7
> POWERUP SHOE 11 4 5 7
> BAT1 7 3 1 6 13 8 7 11 6 13 4 1 11 8 1 9 6 11 6 3
> BAT2 6 1 13 4 13 6 1 8 1 10 8 13 9 13 10 13 11 6 13 7 3 8
> BAT3 7 1 1 7 8 11 7 13
< RES 1637330619 90 1
< MOVE U U
> REQ 1637330619 91 1
> VAMPIRE 1 5 9 3 0 3 0
> VAMPIRE 2 5 9 3 0 3 0
> VAMPIRE 3 10 9 3 0 3 0
> VAMPIRE 4 4 5 3 1 3 0
> GRENADE 1 10 7 2 3
> GRENADE 2 10 7 2 3
> GRENADE 3 10 9 3 3
> POWERUP SHOE 10 10 9 7
> POWERUP SHOE 10 4 5 7
> BAT1 7 3 13 8 7 11 6 13 4 1 11 8 1 9 6 11 6 3
> BAT2 6 1 13 4 13 6 1 8 1 10 8 13 9 13 10 13 11 6 13 7 3 8
> BAT3 7 1 1 7 8 11 7 13
< RES 1637330619 91 1
< MOVE L L
> REQ 1637330619 92 1
> VAMPIRE 1 5 7 3 0 3 0
> VAMPIRE 2 5 7 3 0 3 0
> VAMPIRE 3 10 9 3 0 3 0
> VAMPIRE 4 4 5 3 0 3 0
> GRENADE 1 10 7 1 3
> GRENADE 2 10 7 1 3
> GRENADE 3 6 9 2 3
> GRENADE 4 4 5 5 3
> POWERUP SHOE 9 10 9 7
> POWERUP SHOE 9 4 5 7
> BAT1 7 3 13 8 7 11 6 13 4 1 11 8 1 9 6 11 6 3
> BAT2 6 1 13 4 13 6 1 8 1 10 8 13 9 13 10 13 11 6 13 7 3 8
> BAT3 7 1 1 7 8 11 7 13
< RES 1637330619 92 1
< MOVE D D
> REQ 1637330619 93 1
> VAMPIRE 1 7 7 3 1 3 0
> VAMPIRE 2 7 7 3 1 3 0
> VAMPIRE 3 10 9 3 0 3 0
> VAMPIRE 4 4 5 3 0 3 0
> GRENADE 3 6 9 1 3
> GRENADE 4 1 5 4 3
> POWERUP SHOE 8 10 9 7
> POWERUP SHOE 8 4 5 7
> BAT1 7 3 13 8 7 11 6 13 4 1 11 8 1 9 6 11 6 3 13 7
> BAT2 6 1 13 4 13 6 1 8 1 10 8 13 9 13 10 13 11 6 3 8
> BAT3 7 1 1 7 8 11 7 13
< RES 1637330619 93 1
< GRENADE
> REQ 1637330619 94 1
> VAMPIRE 1 7 7 3 0 3 0
> VAMPIRE 2 7 7 3 0 3 0
> VAMPIRE 3 10 9 3 1 3 0
> VAMPIRE 4 4 5 3 0 3 0
> GRENADE 4 1 5 3 3
> GRENADE 1 7 7 5 3
> GRENADE 2 7 7 5 3
> POWERUP SHOE 7 10 9 7
> POWERUP SHOE 7 4 5 7
> BAT1 7 3 13 8 7 11 6 13 4 1 11 8 1 9 6 11 6 3 13 7
> BAT2 6 1 13 4 13 6 1 8 1 10 8 13 9 13 10 13 11 6 3 8
> BAT3 7 1 1 7 8 11 7 13
< RES 1637330619 94 1
< THROW XD 4
< MOVE R R
> REQ 1637330619 95 1
> VAMPIRE 1 7 9 3 0 3 0
> VAMPIRE 2 7 9 3 0 3 0
> VAMPIRE 3 10 9 3 0 3 30
> VAMPIRE 4 5 5 3 0 3 0
> GRENADE 4 1 5 2 3
> GRENADE 1 11 7 4 3
> GRENADE 2 11 7 4 3
> GRENADE 3 10 9 5 3
> POWERUP SHOE 6 4 5 7
> BAT1 7 3 13 8 7 11 6 13 4 1 11 8 1 9 6 11 6 3 13 7
> BAT2 6 1 13 4 13 6 1 8 1 10 8 13 9 13 10 13 11 6 3 8
> BAT3 7 1 1 7 8 11 7 13
< RES 1637330619 95 1
< MOVE U U
> REQ 1637330619 96 1
> VAMPIRE 1 5 9 3 0 3 0
> VAMPIRE 2 5 9 3 0 3 0
> VAMPIRE 3 7 9 3 0 3 29
> VAMPIRE 4 6 5 3 0 3 0
> GRENADE 4 1 5 1 3
> GRENADE 1 11 7 3 3
> GRENADE 2 11 7 3 3
> GRENADE 3 13 9 4 3
> POWERUP SHOE 5 4 5 7
> BAT1 7 3 13 8 7 11 6 13 4 1 11 8 1 9 6 11 6 3 13 7
> BAT2 6 1 13 4 13 6 1 8 1 10 8 13 9 13 10 13 11 6 3 8
> BAT3 7 1 1 7 8 11 7 13
< RES 1637330619 96 1
< MOVE L L
> REQ 1637330619 97 1
> VAMPIRE 1 5 7 3 0 3 0
> VAMPIRE 2 5 7 3 0 3 0
> VAMPIRE 3 7 6 3 0 3 28
> VAMPIRE 4 4 5 3 1 3 0
> GRENADE 1 11 7 2 3
> GRENADE 2 11 7 2 3
> GRENADE 3 13 9 3 3
> POWERUP SHOE 4 4 5 7
> BAT1 7 3 13 8 7 11 6 13 4 1 11 8 1 9 6 11 6 3 13 7
> BAT2 6 1 13 4 13 6 1 8 1 10 8 13 9 13 10 13 11 6 1 7 3 8
> BAT3 7 1 8 11 7 13
< RES 1637330619 97 1
< MOVE L L
> REQ 1637330619 98 1
> VAMPIRE 1 5 5 3 0 3 0
> VAMPIRE 2 5 5 3 0 3 0
> VAMPIRE 3 5 5 3 0 3 27
> VAMPIRE 4 4 5 3 0 3 0
> GRENADE 1 11 7 1 3
> GRENADE 2 11 7 1 3
> GRENADE 3 13 9 2 3
> GRENADE 4 4 5 5 3
> POWERUP SHOE 3 4 5 7
> BAT1 7 3 13 8 7 11 6 13 4 1 11 8 1 9 6 11 6 3 13 7
> BAT2 6 1 13 4 13 6 1 8 1 10 8 13 9 13 10 13 11 6 1 7 3 8
> BAT3 7 1 8 11 7 13
< RES 1637330619 98 1
< MOVE L L
> REQ 1637330619 99 1
> VAMPIRE 1 5 3 3 1 3 0
> VAMPIRE 2 5 3 3 1 3 0
> VAMPIRE 3 5 7 3 0 3 26
> VAMPIRE 4 4 5 3 0 3 0
> GRENADE 3 13 9 1 3
> GRENADE 4 4 5 4 3
> POWERUP SHOE 2 4 5 7
> BAT1 7 3 13 8 7 11 6 13 4 1 1 9 6 11 6 3 11 6
> BAT2 6 1 13 4 13 6 1 8 1 10 8 13 9 13 10 13 1 7 3 8
> BAT3 7 1 8 11 7 13
< RES 1637330619 99 1
< GRENADE
< MOVE R R
> REQ 1637330619 100 1
> VAMPIRE 1 5 5 3 0 3 0
> VAMPIRE 2 5 5 3 0 3 0
> VAMPIRE 3 3 7 3 1 3 25
> VAMPIRE 4 4 5 3 0 3 0
> GRENADE 4 1 5 3 3
> GRENADE 1 5 3 5 3
> GRENADE 2 5 3 5 3
> POWERUP SHOE 1 4 5 7
> BAT1 7 3 7 11 6 13 4 1 1 9 6 11 6 3 11 6
> BAT2 6 1 13 4 13 6 1 8 1 10 8 13 9 13 10 13 1 7 3 8
> BAT3 7 1 8 11 7 13
< RES 1637330619 100 1
< MOVE L
> REQ 1637330619 101 1
> VAMPIRE 1 5 4 3 0 3 0
> VAMPIRE 2 5 4 3 0 3 0
> VAMPIRE 3 5 8 3 0 3 24
> VAMPIRE 4 4 5 3 0 3 0
> GRENADE 4 1 5 2 3
> GRENADE 1 5 3 4 3
> GRENADE 2 5 3 4 3
> GRENADE 3 3 7 5 3
> POWERUP SHOE 1 4 5 7
> BAT1 7 3 7 11 6 13 4 1 1 9 6 11 6 3 11 6
> BAT2 6 1 13 4 13 6 1 8 1 10 8 13 9 13 10 13 1 7 3 8
> BAT3 7 1 8 11 7 13
< RES 1637330619 101 1
< THROW L 2
< MOVE R D
> REQ 1637330619 102 1
> VAMPIRE 1 6 5 3 0 3 0
> VAMPIRE 2 6 5 3 0 3 0
> VAMPIRE 3 7 9 3 0 3 23
> VAMPIRE 4 4 5 3 0 3 0
> GRENADE 4 1 5 1 3
> GRENADE 1 5 1 3 3
> GRENADE 2 5 1 3 3
> GRENADE 3 3 7 4 3
> POWERUP SHOE -7 13 12 7
> POWERUP SHOE -7 1 2 7
> BAT1 7 3 7 11 6 13 4 1 1 9 6 11 6 3 11 6
> BAT2 6 1 13 4 13 6 1 8 1 10 8 13 9 13 10 13 1 7 3 8
> BAT3 7 1 8 11 7 13
< RES 1637330619 102 1
< MOVE U U
> REQ 1637330619 103 1
> VAMPIRE 1 4 5 3 0 3 0
> VAMPIRE 2 4 5 3 0 3 0
> VAMPIRE 3 9 10 3 0 3 22
> VAMPIRE 4 3 5 2 1 3 0
> GRENADE 1 5 1 2 3
> GRENADE 2 5 1 2 3
> GRENADE 3 3 7 3 3
> POWERUP SHOE -6 13 12 7
> POWERUP SHOE -6 1 2 7
> BAT1 7 3 7 11 6 13 4 1 1 9 6 11 6 3 11 6 1 7
> BAT2 6 1 13 4 13 6 1 8 1 10 8 13 9 13 10 13 3 8
> BAT3 7 1 8 11 7 13
< RES 1637330619 103 1
< MOVE U U
> REQ 1637330619 104 1
> VAMPIRE 1 2 5 3 0 3 0
> VAMPIRE 2 2 5 3 0 3 0
> VAMPIRE 3 11 11 3 0 3 21
> VAMPIRE 4 1 5 2 1 3 0
> GRENADE 1 5 1 1 3
> GRENADE 2 5 1 1 3
> GRENADE 3 3 7 2 3
> POWERUP SHOE -5 13 12 7
> POWERUP SHOE -5 1 2 7
> BAT1 7 3 7 11 6 13 4 1 1 9 6 11 6 3 11 6 1 7
> BAT2 6 1 13 4 13 6 1 8 1 10 8 13 9 13 10 13 3 8
> BAT3 7 1 8 11 7 13
< RES 1637330619 104 1
< MOVE U
> REQ 1637330619 105 1
> VAMPIRE 1 1 5 3 1 3 0
> VAMPIRE 2 1 5 3 1 3 0
> VAMPIRE 3 13 12 3 0 3 20
> VAMPIRE 4 1 3 2 1 3 0
> GRENADE 3 3 7 1 3
> POWERUP SHOE -4 13 12 7
> POWERUP SHOE -4 1 2 7
> BAT1 7 3 7 11 6 13 6 1 1 9 6 11 6 3 11 6 1 7
> BAT2 13 4 13 6 1 8 1 10 8 13 9 13 10 13 3 8
> BAT3 7 1 8 11 7 13
< RES 1637330619 105 1
< GRENADE
> REQ 1637330619 106 1
> VAMPIRE 1 1 5 3 0 3 0
> VAMPIRE 2 1 5 3 0 3 0
> VAMPIRE 3 13 12 3 1 3 19
> VAMPIRE 4 1 3 2 0 3 0
> GRENADE 1 1 5 5 3
> GRENADE 2 1 5 5 3
> GRENADE 4 1 3 5 3
> POWERUP SHOE -3 13 12 7
> POWERUP SHOE -3 1 2 7
> BAT1 7 3 7 11 6 13 6 1 1 9 6 11 6 3 11 6 3 8
> BAT2 13 4 13 6 1 8 1 10 8 13 9 13 10 13
> BAT3 7 1 8 11 7 13
< RES 1637330619 106 1
< MOVE D D
> REQ 1637330619 107 1
> VAMPIRE 1 3 5 3 0 3 0
> VAMPIRE 2 3 5 3 0 3 0
> VAMPIRE 3 13 12 3 0 3 18
> VAMPIRE 4 1 2 2 0 3 0
> GRENADE 1 1 5 4 3
> GRENADE 2 1 5 4 3
> GRENADE 4 1 7 4 3
> GRENADE 3 13 12 5 3
> POWERUP SHOE -2 13 12 7
> POWERUP SHOE -2 1 2 7
> BAT1 7 3 7 11 6 13 6 1 1 9 6 11 6 3 11 6 3 8
> BAT2 13 4 13 6 1 8 1 10 8 13 9 13 10 13
> BAT3 7 1 8 11 7 13
< RES 1637330619 107 1
< MOVE L L
> REQ 1637330619 108 1
> VAMPIRE 1 3 3 3 0 3 0
> VAMPIRE 2 3 3 3 0 3 0
> VAMPIRE 3 13 12 3 0 3 17
> VAMPIRE 4 1 2 2 0 3 0
> GRENADE 1 1 5 3 3
> GRENADE 2 1 5 3 3
> GRENADE 4 1 7 3 3
> GRENADE 3 13 8 4 3
> POWERUP SHOE -1 13 12 7
> POWERUP SHOE -1 1 2 7
> BAT1 7 3 7 11 6 13 6 1 1 9 6 11 6 3 11 6 3 8
> BAT2 13 4 13 6 1 8 1 10 8 13 9 13 10 13
> BAT3 7 1 8 11 7 13
< RES 1637330619 108 1
< MOVE L L
> REQ 1637330619 109 1
> VAMPIRE 1 3 1 3 0 3 0
> VAMPIRE 2 3 1 3 0 3 0
> VAMPIRE 3 13 12 3 0 3 16
> VAMPIRE 4 1 1 2 0 3 0
> GRENADE 1 1 5 2 3
> GRENADE 2 1 5 2 3
> GRENADE 4 1 7 2 3
> GRENADE 3 13 8 3 3
> POWERUP SHOE 10 13 12 7
> POWERUP SHOE 10 1 2 7
> BAT1 7 3 7 11 6 13 6 1 1 9 6 11 6 3 11 6 3 8
> BAT2 13 4 13 6 1 8 1 10 8 13 9 13 10 13
> BAT3 7 1 8 11 7 13
< RES 1637330619 109 1
< MOVE U U
> REQ 1637330619 110 1
> VAMPIRE 1 1 1 3 0 3 0
> VAMPIRE 2 1 1 3 0 3 0
> VAMPIRE 3 13 12 3 0 3 15
> VAMPIRE 4 2 1 2 0 3 0
> GRENADE 1 1 5 1 3
> GRENADE 2 1 5 1 3
> GRENADE 4 1 7 1 3
> GRENADE 3 13 8 2 3
> POWERUP SHOE 9 13 12 7
> POWERUP SHOE 9 1 2 7
> BAT1 7 3 7 11 6 13 6 1 1 9 6 11 6 3 11 6 3 8
> BAT2 13 4 13 6 1 8 1 10 8 13 9 13 10 13
> BAT3 7 1 8 11 7 13
< RES 1637330619 110 1
< MOVE R
> REQ 1637330619 111 1
> VAMPIRE 1 1 2 3 1 3 0
> VAMPIRE 2 1 2 3 1 3 0
> VAMPIRE 3 13 12 3 0 3 14
> VAMPIRE 4 1 2 2 1 3 0
> GRENADE 3 13 8 1 3
> POWERUP SHOE 8 13 12 7
> POWERUP SHOE 8 1 2 7
> BAT1 7 3 7 11 6 13 6 1 1 8 1 9 6 11 6 3 11 6 3 8
> BAT2 13 4 13 6 1 10 8 13 9 13 10 13
> BAT3 7 1 8 11 7 13
< RES 1637330619 111 1
< GRENADE
> REQ 1637330619 112 1
> VAMPIRE 1 1 2 3 0 3 0
> VAMPIRE 2 1 2 3 0 3 0
> VAMPIRE 3 13 12 3 1 3 13
> VAMPIRE 4 1 2 2 0 3 0
> GRENADE 1 1 2 5 3
> GRENADE 2 1 2 5 3
> GRENADE 4 1 2 5 3
> POWERUP SHOE 7 13 12 7
> POWERUP SHOE 7 1 2 7
> BAT1 7 3 7 11 6 13 6 1 13 6 1 8 1 9 6 11 6 3 11 6 3 8
> BAT2 13 4 1 10 8 13 9 13 10 13
> BAT3 7 1 8 11 7 13
< RES 1637330619 112 1
> REQ 1637330619 113 1
> VAMPIRE 1 1 2 3 0 3 0
> VAMPIRE 2 1 2 3 0 3 0
> VAMPIRE 3 13 12 3 0 3 12
> VAMPIRE 4 1 2 2 0 3 0
> GRENADE 1 1 2 4 3
> GRENADE 2 1 2 4 3
> GRENADE 4 1 2 4 3
> GRENADE 3 13 12 5 3
> POWERUP SHOE 6 13 12 7
> POWERUP SHOE 6 1 2 7
> BAT1 7 3 7 11 6 13 6 1 13 6 1 8 1 9 6 11 6 3 11 6 3 8
> BAT2 13 4 1 10 8 13 9 13 10 13
> BAT3 7 1 8 11 7 13
< RES 1637330619 113 1
> REQ 1637330619 114 1
> VAMPIRE 1 1 2 3 0 3 0
> VAMPIRE 2 1 2 3 0 3 0
> VAMPIRE 3 13 12 3 0 3 11
> VAMPIRE 4 1 2 2 0 3 0
> GRENADE 1 1 2 3 3
> GRENADE 2 1 2 3 3
> GRENADE 4 1 2 3 3
> GRENADE 3 13 8 4 3
> POWERUP SHOE 5 13 12 7
> POWERUP SHOE 5 1 2 7
> BAT1 7 3 7 11 6 13 6 1 13 6 1 8 1 9 6 11 6 3 11 6 3 8
> BAT2 13 4 1 10 8 13 9 13 10 13
> BAT3 7 1 8 11 7 13
< RES 1637330619 114 1
> REQ 1637330619 115 1
> VAMPIRE 1 1 2 3 0 3 0
> VAMPIRE 2 1 2 3 0 3 0
> VAMPIRE 3 13 12 3 0 3 40
> VAMPIRE 4 1 2 2 0 3 0
> GRENADE 1 1 2 2 3
> GRENADE 2 1 2 2 3
> GRENADE 4 1 2 2 3
> GRENADE 3 13 8 3 3
> POWERUP SHOE 4 1 2 7
> BAT1 7 3 7 11 6 13 6 1 13 6 1 8 1 9 6 11 6 3 11 6 3 8
> BAT2 13 4 1 10 8 13 9 13 10 13
> BAT3 7 1 8 11 7 13
< RES 1637330619 115 1
< GRENADE
> REQ 1637330619 116 1
> VAMPIRE 1 1 2 3 0 3 0
> VAMPIRE 2 1 2 3 0 3 0
> VAMPIRE 3 13 9 3 0 3 39
> VAMPIRE 4 1 2 2 0 3 0
> GRENADE 1 1 2 1 3
> GRENADE 2 1 2 1 3
> GRENADE 4 1 2 1 3
> GRENADE 3 13 8 2 3
> POWERUP SHOE 3 1 2 7
> BAT1 7 3 7 11 6 13 6 1 13 6 1 8 1 9 6 11 6 3 11 6 3 8
> BAT2 13 4 1 10 8 13 9 13 10 13
> BAT3 7 1 8 11 7 13
< RES 1637330619 116 1
< THROW XD 4
> REQ 1637330619 117 1
> VAMPIRE 1 1 2 2 1 3 0
> VAMPIRE 2 1 2 2 1 3 0
> VAMPIRE 3 13 9 3 0 3 38
> VAMPIRE 4 1 2 1 1 3 0
> GRENADE 3 13 8 1 3
> POWERUP SHOE 2 1 2 7
> BAT1 7 3 7 11 6 13 6 1 13 6 1 8 1 9 6 11 6 3 11 6 3 8
> BAT2 13 4 1 10 8 13 9 13 10 13
> BAT3 7 1 8 11 7 13
< RES 1637330619 117 1
< GRENADE
> REQ 1637330619 118 1
> VAMPIRE 1 1 2 2 1 3 30
> VAMPIRE 2 1 2 2 1 3 30
> VAMPIRE 3 12 9 2 1 3 37
> VAMPIRE 4 1 2 1 1 3 30
> BAT1 7 3 7 11 6 13 6 1 1 8 1 9 6 11 6 3 11 6 3 8
> BAT2 13 4 1 10 8 13 9 13 10 13
> BAT3 7 1 8 11 7 13
< RES 1637330619 118 1
< GRENADE
> REQ 1637330619 119 1
> VAMPIRE 1 1 2 2 1 3 29
> VAMPIRE 2 1 2 2 1 3 29
> VAMPIRE 3 11 9 2 1 3 36
> VAMPIRE 4 1 2 1 1 3 29
> BAT1 7 3 7 11 6 13 6 1 1 8 1 9 6 11 6 3 11 6 3 8
> BAT2 13 4 1 10 8 13 9 13 10 13
> BAT3 7 1 8 11 7 13
< RES 1637330619 119 1
< GRENADE
> REQ 1637330619 120 1
> VAMPIRE 1 1 2 2 0 3 28
> VAMPIRE 2 1 2 2 0 3 28
> VAMPIRE 3 9 10 2 1 3 35
> VAMPIRE 4 1 2 1 0 3 28
> GRENADE 1 1 2 5 3
> GRENADE 2 1 2 5 3
> GRENADE 4 1 2 5 3
> BAT1 7 3 7 11 6 13 6 1 1 8 1 9 6 11 6 3 11 6 3 8
> BAT2 13 4 1 10 8 13 9 13 10 13
> BAT3 7 1 8 11 7 13
< RES 1637330619 120 1
> REQ 1637330619 121 1
> VAMPIRE 1 1 2 2 0 3 27
> VAMPIRE 2 1 2 2 0 3 27
> VAMPIRE 3 7 9 2 0 3 34
> VAMPIRE 4 3 3 1 0 3 27
> GRENADE 1 1 2 4 3
> GRENADE 2 1 2 4 3
> GRENADE 4 1 6 4 3
> GRENADE 3 9 10 5 3
> BAT1 7 3 7 11 6 13 6 1 1 8 1 9 6 11 6 3 11 6 3 8
> BAT2 13 4 1 10 8 13 9 13 10 13
> BAT3 7 1 8 11 7 13
< RES 1637330619 121 1
< THROW XR 4
< MOVE R D D
> REQ 1637330619 122 1
> VAMPIRE 1 3 3 2 0 3 26
> VAMPIRE 2 3 3 2 0 3 26
> VAMPIRE 3 7 9 2 0 3 33
> VAMPIRE 4 3 5 1 0 3 26
> GRENADE 1 1 6 3 3
> GRENADE 2 1 6 3 3
> GRENADE 4 1 6 3 3
> GRENADE 3 9 10 4 3
> POWERUP TOMATO -5 4 5 4
> POWERUP TOMATO -5 10 9 4
> BAT1 7 3 7 11 6 13 6 1 1 8 1 9 6 11 6 3 11 6 3 8
> BAT2 13 4 1 10 8 13 9 13 10 13
> BAT3 7 1 8 11 7 13
< RES 1637330619 122 1
< MOVE R R D
> REQ 1637330619 123 1
> VAMPIRE 1 4 5 2 0 3 25
> VAMPIRE 2 4 5 2 0 3 25
> VAMPIRE 3 10 9 2 0 3 32
> VAMPIRE 4 4 5 1 0 3 25
> GRENADE 1 1 6 2 3
> GRENADE 2 1 6 2 3
> GRENADE 4 1 6 2 3
> GRENADE 3 9 10 3 3
> POWERUP TOMATO -4 4 5 4
> POWERUP TOMATO -4 10 9 4
> BAT1 7 3 7 11 6 13 6 1 1 8 1 9 6 11 6 3 11 6 3 8
> BAT2 13 4 1 10 8 13 9 13 10 13
> BAT3 7 1 8 11 7 13
< RES 1637330619 123 1
> REQ 1637330619 124 1
> VAMPIRE 1 4 5 2 0 3 24
> VAMPIRE 2 4 5 2 0 3 24
> VAMPIRE 3 10 9 2 0 3 31
> VAMPIRE 4 4 5 1 0 3 24
> GRENADE 1 1 6 1 3
> GRENADE 2 1 6 1 3
> GRENADE 4 1 6 1 3
> GRENADE 3 9 10 2 3
> POWERUP TOMATO -3 4 5 4
> POWERUP TOMATO -3 10 9 4
> BAT1 7 3 7 11 6 13 6 1 1 8 1 9 6 11 6 3 11 6 3 8
> BAT2 13 4 1 10 8 13 9 13 10 13
> BAT3 7 1 8 11 7 13
< RES 1637330619 124 1
> REQ 1637330619 125 1
> VAMPIRE 1 4 5 2 1 3 23
> VAMPIRE 2 4 5 2 1 3 23
> VAMPIRE 3 10 9 2 0 3 30
> VAMPIRE 4 4 5 1 1 3 23
> GRENADE 3 9 10 1 3
> POWERUP TOMATO -2 4 5 4
> POWERUP TOMATO -2 10 9 4
> BAT1 7 3 7 11 6 13 6 1 1 9 6 11 6 3 11 6 3 8
> BAT2 13 4 1 10 8 13 9 13 10 13
> BAT3 7 1 8 11 7 13
< RES 1637330619 125 1
< GRENADE
> REQ 1637330619 126 1
> VAMPIRE 1 4 5 2 0 3 22
> VAMPIRE 2 4 5 2 0 3 22
> VAMPIRE 3 10 9 2 1 3 29
> VAMPIRE 4 4 5 1 0 3 22
> GRENADE 1 4 5 5 3
> GRENADE 2 4 5 5 3
> GRENADE 4 4 5 5 3
> POWERUP TOMATO -1 4 5 4
> POWERUP TOMATO -1 10 9 4
> BAT1 7 3 7 11 6 13 6 1 1 9 6 11 9 13 6 3 11 6 3 8
> BAT2 13 4 1 10 8 13 10 13
> BAT3 7 1 8 11 7 13
< RES 1637330619 126 1
< MOVE U
> REQ 1637330619 127 1
> VAMPIRE 1 3 5 2 0 3 21
> VAMPIRE 2 3 5 2 0 3 21
> VAMPIRE 3 10 9 2 0 3 28
> VAMPIRE 4 3 5 1 0 3 21
> GRENADE 1 4 5 4 3
> GRENADE 2 4 5 4 3
> GRENADE 4 4 5 4 3
> GRENADE 3 10 9 5 3
> POWERUP TOMATO 14 4 5 4
> POWERUP TOMATO 14 10 9 4
> BAT1 7 3 7 11 6 13 6 1 1 9 6 11 9 13 6 3 11 6 3 8
> BAT2 13 4 1 10 8 13 10 13
> BAT3 7 1 8 11 7 13
< RES 1637330619 127 1
< MOVE L L
> REQ 1637330619 128 1
> VAMPIRE 1 3 3 2 0 3 20
> VAMPIRE 2 3 3 2 0 3 20
> VAMPIRE 3 9 9 2 0 3 27
> VAMPIRE 4 4 7 1 0 3 20
> GRENADE 1 4 5 3 3
> GRENADE 2 4 5 3 3
> GRENADE 4 4 5 3 3
> GRENADE 3 10 9 4 3
> POWERUP TOMATO 13 4 5 4
> POWERUP TOMATO 13 10 9 4
> BAT1 7 3 7 11 6 13 6 1 1 9 6 11 9 13 6 3 11 6 3 8
> BAT2 13 4 1 10 8 13 10 13
> BAT3 7 1 8 11 7 13
< RES 1637330619 128 1
< MOVE L L
> REQ 1637330619 129 1
> VAMPIRE 1 3 1 2 0 3 19
> VAMPIRE 2 3 1 2 0 3 19
> VAMPIRE 3 9 9 2 0 3 26
> VAMPIRE 4 5 9 1 0 3 19
> GRENADE 1 4 5 2 3
> GRENADE 2 4 5 2 3
> GRENADE 4 4 5 2 3
> GRENADE 3 13 9 3 3
> POWERUP TOMATO 12 4 5 4
> POWERUP TOMATO 12 10 9 4
> BAT1 7 3 7 11 6 13 6 1 1 9 6 11 9 13 6 3 11 6 3 8
> BAT2 13 4 1 10 8 13 10 13
> BAT3 7 1 8 11 7 13
< RES 1637330619 129 1
< MOVE R R
> REQ 1637330619 130 1
> VAMPIRE 1 3 3 2 0 3 18
> VAMPIRE 2 3 3 2 0 3 18
> VAMPIRE 3 9 9 2 0 3 25
> VAMPIRE 4 5 6 1 0 3 18
> GRENADE 1 4 5 1 3
> GRENADE 2 4 5 1 3
> GRENADE 4 4 5 1 3
> GRENADE 3 13 9 2 3
> POWERUP TOMATO 11 4 5 4
> POWERUP TOMATO 11 10 9 4
> BAT1 7 3 7 11 6 13 6 1 1 9 6 11 9 13 6 3 11 6 3 8
> BAT2 13 4 1 10 8 13 10 13
> BAT3 7 1 8 11 7 13
< RES 1637330619 130 1
< MOVE R R
> REQ 1637330619 131 1
> VAMPIRE 1 3 5 2 1 3 17
> VAMPIRE 2 3 5 2 1 3 17
> VAMPIRE 3 9 9 2 0 3 24
> VAMPIRE 4 3 7 1 1 3 17
> GRENADE 3 13 9 1 3
> POWERUP TOMATO 10 4 5 4
> POWERUP TOMATO 10 10 9 4
> BAT1 7 3 7 11 6 13 6 1 1 9 6 11 9 13 6 3 11 6 3 8
> BAT2 13 4 1 10 8 13 10 13
> BAT3 7 1 8 11 7 13
< RES 1637330619 131 1
< GRENADE
> REQ 1637330619 132 1
> VAMPIRE 1 3 5 2 0 3 16
> VAMPIRE 2 3 5 2 0 3 16
> VAMPIRE 3 9 11 2 1 3 23
> VAMPIRE 4 3 7 1 0 3 16
> GRENADE 1 3 5 5 3
> GRENADE 2 3 5 5 3
> GRENADE 4 3 7 5 3
> POWERUP TOMATO 9 4 5 4
> POWERUP TOMATO 9 10 9 4
> BAT1 7 3 7 11 6 13 6 1 1 9 6 11 9 13 6 3 11 6 3 8
> BAT2 13 4 1 10 8 13 10 13
> BAT3 7 1 8 11 7 13
< RES 1637330619 132 1
< MOVE D
> REQ 1637330619 133 1
> VAMPIRE 1 4 5 2 0 3 15
> VAMPIRE 2 4 5 2 0 3 15
> VAMPIRE 3 10 9 2 0 3 22
> VAMPIRE 4 5 6 1 0 3 15
> GRENADE 1 3 5 4 3
> GRENADE 2 3 5 4 3
> GRENADE 4 3 7 4 3
> GRENADE 3 9 11 5 3
> POWERUP TOMATO 8 4 5 4
> POWERUP TOMATO 8 10 9 4
> BAT1 7 3 7 11 6 13 6 1 1 9 6 11 9 13 6 3 11 6 3 8
> BAT2 13 4 1 10 8 13 10 13
> BAT3 7 1 8 11 7 13
< RES 1637330619 133 1
> REQ 1637330619 134 1
> VAMPIRE 1 4 5 2 0 3 14
> VAMPIRE 2 4 5 2 0 3 14
> VAMPIRE 3 10 9 2 0 3 21
> VAMPIRE 4 4 5 1 0 3 14
> GRENADE 1 3 5 3 3
> GRENADE 2 3 5 3 3
> GRENADE 4 3 7 3 3
> GRENADE 3 9 11 4 3
> POWERUP TOMATO 7 4 5 4
> POWERUP TOMATO 7 10 9 4
> BAT1 7 3 7 11 6 13 6 1 1 9 6 11 9 13 6 3 11 6 3 8
> BAT2 13 4 1 10 8 13 10 13
> BAT3 7 1 8 11 7 13
< RES 1637330619 134 1
> REQ 1637330619 135 1
> VAMPIRE 1 4 5 2 0 3 13
> VAMPIRE 2 4 5 2 0 3 13
> VAMPIRE 3 10 9 2 0 3 20
> VAMPIRE 4 4 5 1 0 3 13
> GRENADE 1 3 5 2 3
> GRENADE 2 3 5 2 3
> GRENADE 4 3 7 2 3
> GRENADE 3 9 11 3 3
> POWERUP TOMATO 6 4 5 4
> POWERUP TOMATO 6 10 9 4
> BAT1 7 3 7 11 6 13 6 1 1 9 6 11 9 13 6 3 11 6 3 8
> BAT2 13 4 1 10 8 13 10 13
> BAT3 7 1 8 11 7 13
< RES 1637330619 135 1
< MOVE D L
> REQ 1637330619 136 1
> VAMPIRE 1 5 4 2 0 3 12
> VAMPIRE 2 5 4 2 0 3 12
> VAMPIRE 3 10 9 2 0 3 19
> VAMPIRE 4 5 4 1 0 3 12
> GRENADE 1 3 5 1 3
> GRENADE 2 3 5 1 3
> GRENADE 4 3 7 1 3
> GRENADE 3 9 11 2 3
> POWERUP TOMATO 5 4 5 4
> POWERUP TOMATO 5 10 9 4
> BAT1 7 3 7 11 6 13 6 1 1 9 6 11 9 13 6 3 11 6 3 8
> BAT2 13 4 1 10 8 13 10 13
> BAT3 7 1 8 11 7 13
< RES 1637330619 136 1
< MOVE R U
> REQ 1637330619 137 1
> VAMPIRE 1 4 5 2 1 3 11
> VAMPIRE 2 4 5 2 1 3 11
> VAMPIRE 3 10 9 3 0 3 18
> VAMPIRE 4 4 5 1 1 3 11
> GRENADE 3 9 11 1 3
> POWERUP TOMATO 4 4 5 4
> BAT1 7 3 7 11 6 13 6 1 1 9 6 11 9 13 6 3 11 6
> BAT2 13 4 1 10 8 13 10 13
> BAT3 7 1 8 11 7 13
< RES 1637330619 137 1
< GRENADE
> REQ 1637330619 138 1
> VAMPIRE 1 4 5 2 0 3 10
> VAMPIRE 2 4 5 2 0 3 10
> VAMPIRE 3 7 9 3 1 3 17
> VAMPIRE 4 4 5 1 0 3 10
> GRENADE 1 4 5 5 3
> GRENADE 2 4 5 5 3
> GRENADE 4 4 5 5 3
> POWERUP TOMATO 3 4 5 4
> BAT1 7 3 7 11 6 13 6 1 1 9 6 11 6 3 11 6
> BAT2 13 4 1 10 8 13 10 13 8 11
> BAT3 7 1 7 13
< RES 1637330619 138 1
< THROW XR 4
> REQ 1637330619 139 1
> VAMPIRE 1 4 5 2 0 3 9
> VAMPIRE 2 4 5 2 0 3 9
> VAMPIRE 3 7 9 3 0 3 16
> VAMPIRE 4 3 5 1 0 3 9
> GRENADE 1 4 9 4 3
> GRENADE 2 4 9 4 3
> GRENADE 4 4 5 4 3
> GRENADE 3 7 9 5 3
> POWERUP TOMATO 2 4 5 4
> BAT1 7 3 7 11 6 13 6 1 1 9 6 11 6 3 11 6
> BAT2 13 4 1 10 8 13 10 13 8 11
> BAT3 7 1 7 13
< RES 1637330619 139 1
> REQ 1637330619 140 1
> VAMPIRE 1 4 5 2 0 3 8
> VAMPIRE 2 4 5 2 0 3 8
> VAMPIRE 3 7 6 3 0 3 15
> VAMPIRE 4 3 7 1 0 3 8
> GRENADE 1 4 9 3 3
> GRENADE 2 4 9 3 3
> GRENADE 4 4 5 3 3
> GRENADE 3 7 5 4 3
> POWERUP TOMATO 1 4 5 4
> BAT1 7 3 7 11 6 13 6 1 1 9 6 11 6 3 11 6
> BAT2 13 4 1 10 8 13 10 13 8 11
> BAT3 7 1 7 13
< RES 1637330619 140 1
> REQ 1637330619 141 1
> VAMPIRE 1 4 5 2 0 3 7
> VAMPIRE 2 4 5 2 0 3 7
> VAMPIRE 3 7 6 3 0 3 14
> VAMPIRE 4 3 10 1 0 3 7
> GRENADE 1 4 9 2 3
> GRENADE 2 4 9 2 3
> GRENADE 4 4 5 2 3
> GRENADE 3 7 5 3 3
> POWERUP TOMATO 1 4 5 4
> BAT1 7 3 7 11 6 13 6 1 1 9 6 11 6 3 11 6
> BAT2 13 4 1 10 8 13 10 13 8 11
> BAT3 7 1 7 13
< RES 1637330619 141 1
< MOVE U L
> REQ 1637330619 142 1
> VAMPIRE 1 3 4 2 0 3 6
> VAMPIRE 2 3 4 2 0 3 6
> VAMPIRE 3 9 7 3 0 3 13
> VAMPIRE 4 3 11 1 0 3 6
> GRENADE 1 4 9 1 3
> GRENADE 2 4 9 1 3
> GRENADE 4 4 5 1 3
> GRENADE 3 7 2 2 3
> POWERUP TOMATO 1 4 5 4
> BAT1 7 3 7 11 6 13 6 1 1 9 6 11 6 3 11 6
> BAT2 13 4 1 10 8 13 10 13 8 11
> BAT3 7 1 7 13
< RES 1637330619 142 1
< MOVE L
> REQ 1637330619 143 1
> VAMPIRE 1 3 3 2 1 3 5
> VAMPIRE 2 3 3 2 1 3 5
> VAMPIRE 3 9 10 3 0 3 12
> VAMPIRE 4 3 11 1 1 3 5
> GRENADE 3 7 2 1 3
> BAT1 7 3 7 11 6 13 6 1 6 11 6 3 11 6
> BAT2 13 4 1 10 8 13 10 13 8 11
> BAT3 7 1 7 13
< RES 1637330619 143 1
< GRENADE
> REQ 1637330619 144 1
> VAMPIRE 1 3 3 2 0 3 4
> VAMPIRE 2 3 3 2 0 3 4
> VAMPIRE 3 9 13 3 1 3 11
> VAMPIRE 4 5 10 1 0 3 4
> GRENADE 1 3 3 5 3
> GRENADE 2 3 3 5 3
> GRENADE 4 3 11 5 3
> BAT1 7 11 6 13 6 1 6 11 6 3 11 6
> BAT2 13 4 1 10 8 13 10 13 7 1 8 11
> BAT3 7 13
< RES 1637330619 144 1
< THROW XL 2
< MOVE D D R
> REQ 1637330619 145 1
> VAMPIRE 1 5 4 2 0 3 3
> VAMPIRE 2 5 4 2 0 3 3
> VAMPIRE 3 10 11 3 0 3 10
> VAMPIRE 4 7 9 1 0 3 3
> GRENADE 1 3 1 4 3
> GRENADE 2 3 1 4 3
> GRENADE 4 3 11 4 3
> GRENADE 3 9 13 5 3
> BAT1 7 11 6 13 6 1 6 11 6 3 11 6
> BAT2 13 4 1 10 8 13 10 13 7 1 8 11
> BAT3 7 13
< RES 1637330619 145 1
< MOVE R D D
> REQ 1637330619 146 1
> VAMPIRE 1 7 5 2 0 3 2
> VAMPIRE 2 7 5 2 0 3 2
> VAMPIRE 3 13 11 3 0 3 9
> VAMPIRE 4 7 9 1 0 3 2
> GRENADE 1 3 1 3 3
> GRENADE 2 3 1 3 3
> GRENADE 4 3 11 3 3
> GRENADE 3 9 13 4 3
> BAT1 7 11 6 13 6 1 6 11 6 3 11 6
> BAT2 13 4 1 10 8 13 10 13 7 1 8 11
> BAT3 7 13
< RES 1637330619 146 1
< MOVE D D
> REQ 1637330619 147 1
> VAMPIRE 1 9 5 2 0 3 1
> VAMPIRE 2 9 5 2 0 3 1
> VAMPIRE 3 13 11 3 0 3 8
> VAMPIRE 4 5 10 1 0 3 1
> GRENADE 1 3 1 2 3
> GRENADE 2 3 1 2 3
> GRENADE 4 3 11 2 3
> GRENADE 3 9 13 3 3
> BAT1 7 11 6 13 6 1 6 11 6 3 11 6
> BAT2 13 4 1 10 8 13 10 13 7 1 8 11
> BAT3 7 13
< RES 1637330619 147 1
< MOVE U U
> REQ 1637330619 148 1
> VAMPIRE 1 7 5 2 0 3 0
> VAMPIRE 2 7 5 2 0 3 0
> VAMPIRE 3 11 11 3 0 3 7
> VAMPIRE 4 7 9 1 0 3 0
> GRENADE 1 3 1 1 3
> GRENADE 2 3 1 1 3
> GRENADE 4 3 11 1 3
> GRENADE 3 9 13 2 3
> BAT1 7 11 6 13 6 1 6 11 6 3 11 6
> BAT2 13 4 1 10 8 13 10 13 7 1 8 11
> BAT3 7 13
< RES 1637330619 148 1
< MOVE L L
> REQ 1637330619 149 1
> VAMPIRE 1 7 3 2 1 3 0
> VAMPIRE 2 7 3 2 1 3 0
> VAMPIRE 3 11 11 3 0 3 6
> VAMPIRE 4 7 9 1 1 3 0
> GRENADE 3 9 13 1 3
> BAT1 7 11 6 13 6 3 11 6
> BAT2 13 4 1 10 8 13 10 13 7 1 8 11
> BAT3 7 13
< RES 1637330619 149 1
< GRENADE
< MOVE R R
> REQ 1637330619 150 1
> VAMPIRE 1 7 5 2 0 3 0
> VAMPIRE 2 7 5 2 0 3 0
> VAMPIRE 3 11 11 3 1 3 5
> VAMPIRE 4 7 9 1 0 3 0
> GRENADE 1 7 3 5 3
> GRENADE 2 7 3 5 3
> GRENADE 4 7 9 5 3
> BAT1 7 11 6 13 8 13 10 13 6 3 11 6
> BAT2 13 4 1 10 7 1 8 11
> BAT3 7 13
< RES 1637330619 150 1
< MOVE U U
> REQ 1637330619 151 1
> VAMPIRE 1 5 5 2 0 3 0
> VAMPIRE 2 5 5 2 0 3 0
> VAMPIRE 3 13 10 3 0 3 4
> VAMPIRE 4 9 9 1 0 3 0
> GRENADE 1 7 3 4 3
> GRENADE 2 7 3 4 3
> GRENADE 4 7 5 4 3
> GRENADE 3 11 11 5 3
> BAT1 7 11 6 13 8 13 10 13 6 3 11 6
> BAT2 13 4 1 10 7 1 8 11
> BAT3 7 13
< RES 1637330619 151 1
< MOVE R R
> REQ 1637330619 152 1
> VAMPIRE 1 5 7 2 0 3 0
> VAMPIRE 2 5 7 2 0 3 0
> VAMPIRE 3 13 7 3 0 3 3
> VAMPIRE 4 7 9 1 0 3 0
> GRENADE 1 7 3 3 3
> GRENADE 2 7 3 3 3
> GRENADE 4 7 5 3 3
> GRENADE 3 11 11 4 3
> BAT1 7 11 6 13 8 13 10 13 6 3 11 6
> BAT2 13 4 1 10 7 1 8 11
> BAT3 7 13
< RES 1637330619 152 1
> REQ 1637330619 153 1
> VAMPIRE 1 5 7 2 0 3 0
> VAMPIRE 2 5 7 2 0 3 0
> VAMPIRE 3 11 7 3 0 3 2
> VAMPIRE 4 9 9 1 0 3 0
> GRENADE 1 7 3 2 3
> GRENADE 2 7 3 2 3
> GRENADE 4 7 5 2 3
> GRENADE 3 11 11 3 3
> BAT1 7 11 6 13 8 13 10 13 6 3 11 6
> BAT2 13 4 1 10 7 1 8 11
> BAT3 7 13
< RES 1637330619 153 1
< MOVE U U
> REQ 1637330619 154 1
> VAMPIRE 1 3 7 2 0 3 0
> VAMPIRE 2 3 7 2 0 3 0
> VAMPIRE 3 11 7 3 0 3 1
> VAMPIRE 4 8 9 1 0 3 0
> GRENADE 1 7 3 1 3
> GRENADE 2 7 3 1 3
> GRENADE 4 7 5 1 3
> GRENADE 3 11 11 2 3
> POWERUP SHOE -6 5 11 6
> POWERUP SHOE -6 9 3 6
> BAT1 7 11 6 13 8 13 10 13 6 3 11 6
> BAT2 13 4 1 10 7 1 8 11
> BAT3 7 13
< RES 1637330619 154 1
< MOVE R R
> REQ 1637330619 155 1
> VAMPIRE 1 3 9 2 1 3 0
> VAMPIRE 2 3 9 2 1 3 0
> VAMPIRE 3 9 6 3 0 3 0
> VAMPIRE 4 7 9 1 1 3 0
> GRENADE 3 11 11 1 3
> POWERUP SHOE -5 5 11 6
> POWERUP SHOE -5 9 3 6
> BAT1 7 11 6 13 8 13 10 13 7 1 11 6
> BAT2 13 4 1 10 8 11
> BAT3 7 13
< RES 1637330619 155 1
< MOVE R R
> REQ 1637330619 156 1
> VAMPIRE 1 3 11 2 1 3 0
> VAMPIRE 2 3 11 2 1 3 0
> VAMPIRE 3 9 4 3 1 3 0
> VAMPIRE 4 5 9 1 0 3 0
> GRENADE 4 7 9 5 3
> POWERUP SHOE -4 5 11 6
> POWERUP SHOE -4 9 3 6
> BAT1 7 11 6 13 8 13 10 13 7 1 11 6 8 11
> BAT2 13 4 1 10
> BAT3 7 13
< RES 1637330619 156 1
< MOVE D D
> REQ 1637330619 157 1
> VAMPIRE 1 5 11 2 1 3 0
> VAMPIRE 2 5 11 2 1 3 0
> VAMPIRE 3 9 3 3 1 3 0
> VAMPIRE 4 5 11 1 0 3 0
> GRENADE 4 7 9 4 3
> POWERUP SHOE -3 5 11 6
> POWERUP SHOE -3 9 3 6
> BAT1 7 11 6 13 8 13 10 13 7 1 11 6 8 11
> BAT2 13 4 1 10
> BAT3 7 13
< RES 1637330619 157 1
< GRENADE
> REQ 1637330619 158 1
> VAMPIRE 1 5 11 2 0 3 0
> VAMPIRE 2 5 11 2 0 3 0
> VAMPIRE 3 9 3 3 0 3 0
> VAMPIRE 4 5 11 1 0 3 0
> GRENADE 4 7 9 3 3
> GRENADE 1 5 11 5 3
> GRENADE 2 5 11 5 3
> GRENADE 3 9 3 5 3
> POWERUP SHOE -2 5 11 6
> POWERUP SHOE -2 9 3 6
> BAT1 7 11 6 13 8 13 10 13 7 1 11 6 8 11
> BAT2 13 4 1 10
> BAT3 7 13
< RES 1637330619 158 1
< THROW XR 2
> REQ 1637330619 159 1
> VAMPIRE 1 5 11 2 0 3 0
> VAMPIRE 2 5 11 2 0 3 0
> VAMPIRE 3 9 3 3 0 3 0
> VAMPIRE 4 5 11 1 0 3 0
> GRENADE 4 7 9 2 3
> GRENADE 1 5 13 4 3
> GRENADE 2 5 13 4 3
> GRENADE 3 13 3 4 3
> POWERUP SHOE -1 5 11 6
> POWERUP SHOE -1 9 3 6
> BAT1 7 11 6 13 8 13 10 13 7 1 11 6 8 11
> BAT2 13 4 1 10
> BAT3 7 13
< RES 1637330619 159 1
> REQ 1637330619 160 1
> VAMPIRE 1 5 11 2 0 3 0
> VAMPIRE 2 5 11 2 0 3 0
> VAMPIRE 3 9 3 3 0 3 0
> VAMPIRE 4 5 11 1 0 3 0
> GRENADE 4 7 9 1 3
> GRENADE 1 5 13 3 3
> GRENADE 2 5 13 3 3
> GRENADE 3 13 3 3 3
> POWERUP SHOE 11 5 11 6
> POWERUP SHOE 11 9 3 6
> BAT1 7 11 6 13 8 13 10 13 7 1 11 6 8 11
> BAT2 13 4 1 10
> BAT3 7 13
< RES 1637330619 160 1
< MOVE D
> REQ 1637330619 161 1
> VAMPIRE 1 6 11 2 0 3 0
> VAMPIRE 2 6 11 2 0 3 0
> VAMPIRE 3 9 3 3 0 3 0
> VAMPIRE 4 6 11 1 1 3 0
> GRENADE 1 5 13 2 3
> GRENADE 2 5 13 2 3
> GRENADE 3 13 3 2 3
> POWERUP SHOE 10 5 11 6
> POWERUP SHOE 10 9 3 6
> BAT1 6 13 8 13 10 13 7 1 11 6 8 11
> BAT2 13 4 1 10
> BAT3 7 13
< RES 1637330619 161 1
< MOVE D L
> REQ 1637330619 162 1
> VAMPIRE 1 7 10 2 0 3 0
> VAMPIRE 2 7 10 2 0 3 0
> VAMPIRE 3 9 3 3 0 3 0
> VAMPIRE 4 6 11 1 0 3 0
> GRENADE 1 5 13 1 3
> GRENADE 2 5 13 1 3
> GRENADE 3 13 3 1 3
> GRENADE 4 6 11 5 3
> POWERUP SHOE 9 5 11 6
> POWERUP SHOE 9 9 3 6
> BAT1 6 13 8 13 10 13 7 1 11 6 8 11
> BAT2 13 4 1 10
> BAT3 7 13
< RES 1637330619 162 1
< MOVE R
> REQ 1637330619 163 1
> VAMPIRE 1 7 11 2 1 3 0
> VAMPIRE 2 7 11 2 1 3 0
> VAMPIRE 3 9 3 3 1 3 0
> VAMPIRE 4 5 11 1 0 3 0
> GRENADE 4 10 11 4 3
> POWERUP SHOE 8 5 11 6
> POWERUP SHOE 8 9 3 6
> BAT1 13 4 8 13 10 13 7 1 11 6 8 11
> BAT2 1 10
> BAT3 7 13
< RES 1637330619 163 1
< GRENADE
< MOVE U U
> REQ 1637330619 164 1
> VAMPIRE 1 5 11 2 0 3 0
> VAMPIRE 2 5 11 2 0 3 0
> VAMPIRE 3 9 3 3 0 3 0
> VAMPIRE 4 5 11 1 0 3 0
> GRENADE 4 10 11 3 3
> GRENADE 1 7 11 5 3
> GRENADE 2 7 11 5 3
> GRENADE 3 9 3 5 3
> POWERUP SHOE 7 5 11 6
> POWERUP SHOE 7 9 3 6
> BAT1 13 4 8 13 10 13 7 1 11 6 8 11
> BAT2 1 10
> BAT3 7 13
< RES 1637330619 164 1
> REQ 1637330619 165 1
> VAMPIRE 1 5 11 2 0 3 0
> VAMPIRE 2 5 11 2 0 3 0
> VAMPIRE 3 9 3 3 0 3 30
> VAMPIRE 4 5 11 1 0 3 0
> GRENADE 4 10 11 2 3
> GRENADE 1 7 11 4 3
> GRENADE 2 7 11 4 3
> GRENADE 3 13 3 4 3
> POWERUP SHOE 6 5 11 6
> BAT1 13 4 8 13 10 13 7 1 11 6 8 11
> BAT2 1 10
> BAT3 7 13
< RES 1637330619 165 1
> REQ 1637330619 166 1
> VAMPIRE 1 5 11 2 0 3 0
> VAMPIRE 2 5 11 2 0 3 0
> VAMPIRE 3 9 6 3 0 3 29
> VAMPIRE 4 5 11 1 0 3 0
> GRENADE 4 10 11 1 3
> GRENADE 1 7 11 3 3
> GRENADE 2 7 11 3 3
> GRENADE 3 13 3 3 3
> POWERUP SHOE 5 5 11 6
> BAT1 13 4 8 13 10 13 7 1 11 6 8 11
> BAT2 1 10
> BAT3 7 13
< RES 1637330619 166 1
< MOVE R
> REQ 1637330619 167 1
> VAMPIRE 1 5 12 2 0 3 0
> VAMPIRE 2 5 12 2 0 3 0
> VAMPIRE 3 7 7 3 0 3 28
> VAMPIRE 4 5 13 1 1 3 0
> GRENADE 1 7 11 2 3
> GRENADE 2 7 11 2 3
> GRENADE 3 13 3 2 3
> POWERUP SHOE 4 5 11 6
> BAT1 13 4 8 13 10 13 7 1 11 6
> BAT2 1 10
> BAT3 7 13
< RES 1637330619 167 1
> REQ 1637330619 168 1
> VAMPIRE 1 5 12 2 0 3 0
> VAMPIRE 2 5 12 2 0 3 0
> VAMPIRE 3 5 8 3 0 3 27
> VAMPIRE 4 5 13 1 0 3 0
> GRENADE 1 7 11 1 3
> GRENADE 2 7 11 1 3
> GRENADE 3 13 3 1 3
> GRENADE 4 5 13 5 3
> POWERUP SHOE 3 5 11 6
> BAT1 13 4 8 13 10 13 7 1 11 6
> BAT2 1 10
> BAT3 7 13
< RES 1637330619 168 1
< MOVE L
> REQ 1637330619 169 1
> VAMPIRE 1 5 11 2 1 3 0
> VAMPIRE 2 5 11 2 1 3 0
> VAMPIRE 3 5 11 3 1 3 26
> VAMPIRE 4 5 11 1 0 3 0
> GRENADE 4 9 13 4 3
> POWERUP SHOE 2 5 11 6
> BAT1 8 13 10 13 7 1 11 6
> BAT2 1 10 7 13
< RES 1637330619 169 1
< GRENADE
> REQ 1637330619 170 1
> VAMPIRE 1 5 11 2 0 3 0
> VAMPIRE 2 5 11 2 0 3 0
> VAMPIRE 3 5 11 3 0 3 25
> VAMPIRE 4 5 11 1 0 3 0
> GRENADE 4 9 13 3 3
> GRENADE 1 5 11 5 3
> GRENADE 2 5 11 5 3
> GRENADE 3 5 11 5 3
> POWERUP SHOE 1 5 11 6
> BAT1 8 13 10 13 7 1 11 6
> BAT2 1 10 7 13
< RES 1637330619 170 1
< THROW XR 2
> REQ 1637330619 171 1
> VAMPIRE 1 5 11 2 0 3 0
> VAMPIRE 2 5 11 2 0 3 0
> VAMPIRE 3 5 11 3 0 3 24
> VAMPIRE 4 5 11 1 0 3 0
> GRENADE 4 9 13 2 3
> GRENADE 1 5 13 4 3
> GRENADE 2 5 13 4 3
> GRENADE 3 5 13 4 3
> POWERUP SHOE 1 5 11 6
> BAT1 8 13 10 13 7 1 11 6
> BAT2 1 10 7 13
< RES 1637330619 171 1
> REQ 1637330619 172 1
> VAMPIRE 1 5 11 2 0 3 0
> VAMPIRE 2 5 11 2 0 3 0
> VAMPIRE 3 5 11 3 0 3 23
> VAMPIRE 4 5 11 1 0 3 0
> GRENADE 4 9 13 1 3
> GRENADE 1 5 13 3 3
> GRENADE 2 5 13 3 3
> GRENADE 3 5 13 3 3
> POWERUP SHOE 1 5 11 6
> BAT1 8 13 10 13 7 1 11 6
> BAT2 1 10 7 13
< RES 1637330619 172 1
> REQ 1637330619 173 1
> VAMPIRE 1 5 11 2 0 3 0
> VAMPIRE 2 5 11 2 0 3 0
> VAMPIRE 3 5 11 3 0 3 22
> VAMPIRE 4 5 11 1 1 3 0
> GRENADE 1 5 13 2 3
> GRENADE 2 5 13 2 3
> GRENADE 3 5 13 2 3
> POWERUP SHOE 1 5 11 6
> BAT1 7 1 11 6
> BAT2 1 10 7 13
< RES 1637330619 173 1
< MOVE D
> REQ 1637330619 174 1
> VAMPIRE 1 6 11 2 0 3 0
> VAMPIRE 2 6 11 2 0 3 0
> VAMPIRE 3 6 11 3 0 3 21
> VAMPIRE 4 7 11 1 1 3 0
> GRENADE 1 5 13 1 3
> GRENADE 2 5 13 1 3
> GRENADE 3 5 13 1 3
> POWERUP SHOE 1 5 11 6
> BAT1 7 1 11 6
> BAT2 1 10 7 13
< RES 1637330619 174 1
< MOVE D L
> REQ 1637330619 175 1
> VAMPIRE 1 6 11 2 1 3 0
> VAMPIRE 2 6 11 2 1 3 0
> VAMPIRE 3 6 11 3 1 3 20
> VAMPIRE 4 7 11 1 0 3 0
> GRENADE 4 7 11 5 3
> BAT1 7 1 11 6 7 13
> BAT2 1 10
< RES 1637330619 175 1
< GRENADE
< MOVE U L
> REQ 1637330619 176 1
> VAMPIRE 1 5 10 2 0 3 0
> VAMPIRE 2 5 10 2 0 3 0
> VAMPIRE 3 5 9 3 0 3 19
> VAMPIRE 4 9 11 1 0 3 0
> GRENADE 4 7 11 4 3
> GRENADE 1 6 11 5 3
> GRENADE 2 6 11 5 3
> GRENADE 3 6 11 5 3
> BAT1 7 1 11 6 7 13
> BAT2 1 10
< RES 1637330619 176 1
< MOVE L
> REQ 1637330619 177 1
> VAMPIRE 1 5 9 2 0 3 0
> VAMPIRE 2 5 9 2 0 3 0
> VAMPIRE 3 3 10 3 0 3 18
> VAMPIRE 4 9 9 1 0 3 0
> GRENADE 4 7 11 3 3
> GRENADE 1 6 11 4 3
> GRENADE 2 6 11 4 3
> GRENADE 3 6 11 4 3
> BAT1 7 1 11 6 7 13
> BAT2 1 10
< RES 1637330619 177 1
< MOVE L L
> REQ 1637330619 178 1
> VAMPIRE 1 5 7 2 0 3 0
> VAMPIRE 2 5 7 2 0 3 0
> VAMPIRE 3 3 7 3 0 3 17
> VAMPIRE 4 9 7 1 0 3 0
> GRENADE 4 7 11 2 3
> GRENADE 1 6 11 3 3
> GRENADE 2 6 11 3 3
> GRENADE 3 6 11 3 3
> POWERUP BATTERY -8 10 3 6
> POWERUP BATTERY -8 4 11 6
> BAT1 7 1 11 6 7 13
> BAT2 1 10
< RES 1637330619 178 1
< MOVE R R
> REQ 1637330619 179 1
> VAMPIRE 1 5 9 2 0 3 0
> VAMPIRE 2 5 9 2 0 3 0
> VAMPIRE 3 3 10 3 0 3 16
> VAMPIRE 4 9 5 1 0 3 0
> GRENADE 4 7 11 1 3
> GRENADE 1 6 11 2 3
> GRENADE 2 6 11 2 3
> GRENADE 3 6 11 2 3
> POWERUP BATTERY -7 10 3 6
> POWERUP BATTERY -7 4 11 6
> BAT1 7 1 11 6 7 13
> BAT2 1 10
< RES 1637330619 179 1
< MOVE R R
> REQ 1637330619 180 1
> VAMPIRE 1 5 11 2 1 3 0
> VAMPIRE 2 5 11 2 1 3 0
> VAMPIRE 3 5 9 3 1 3 15
> VAMPIRE 4 9 3 1 1 3 0
> POWERUP BATTERY -6 10 3 6
> POWERUP BATTERY -6 4 11 6
> BAT1 7 1 11 6
> BAT2 1 10
< RES 1637330619 180 1
< GRENADE
> REQ 1637330619 181 1
> VAMPIRE 1 5 11 2 0 3 0
> VAMPIRE 2 5 11 2 0 3 0
> VAMPIRE 3 3 10 3 0 3 14
> VAMPIRE 4 10 3 1 1 3 0
> GRENADE 1 5 11 5 3
> GRENADE 2 5 11 5 3
> GRENADE 3 5 9 5 3
> POWERUP BATTERY -5 10 3 6
> POWERUP BATTERY -5 4 11 6
> BAT1 7 1 11 6
> BAT2 1 10
< RES 1637330619 181 1
< THROW XU 4
< MOVE U
> REQ 1637330619 182 1
> VAMPIRE 1 4 11 2 0 3 0
> VAMPIRE 2 4 11 2 0 3 0
> VAMPIRE 3 4 11 3 0 3 13
> VAMPIRE 4 10 3 1 1 3 0
> GRENADE 1 1 11 4 3
> GRENADE 2 1 11 4 3
> GRENADE 3 5 9 4 3
> POWERUP BATTERY -4 10 3 6
> POWERUP BATTERY -4 4 11 6
> BAT1 7 1 11 6
> BAT2 1 10
< RES 1637330619 182 1
> REQ 1637330619 183 1
> VAMPIRE 1 4 11 2 0 3 0
> VAMPIRE 2 4 11 2 0 3 0
> VAMPIRE 3 4 11 3 0 3 12
> VAMPIRE 4 10 3 1 1 3 0
> GRENADE 1 1 11 3 3
> GRENADE 2 1 11 3 3
> GRENADE 3 5 9 3 3
> POWERUP BATTERY -3 10 3 6
> POWERUP BATTERY -3 4 11 6
> BAT1 7 1 11 6
> BAT2 1 10
< RES 1637330619 183 1
< MOVE U
> REQ 1637330619 184 1
> VAMPIRE 1 3 11 2 0 3 0
> VAMPIRE 2 3 11 2 0 3 0
> VAMPIRE 3 4 11 3 0 3 11
> VAMPIRE 4 10 3 1 1 3 0
> GRENADE 1 1 11 2 3
> GRENADE 2 1 11 2 3
> GRENADE 3 5 9 2 3
> POWERUP BATTERY -2 10 3 6
> POWERUP BATTERY -2 4 11 6
> BAT1 7 1 11 6
> BAT2 1 10
< RES 1637330619 184 1
< MOVE L
> REQ 1637330619 185 1
> VAMPIRE 1 3 10 2 0 3 0
> VAMPIRE 2 3 10 2 0 3 0
> VAMPIRE 3 3 10 3 0 3 10
> VAMPIRE 4 10 3 1 1 3 0
> GRENADE 1 1 11 1 3
> GRENADE 2 1 11 1 3
> GRENADE 3 5 9 1 3
> POWERUP BATTERY -1 10 3 6
> POWERUP BATTERY -1 4 11 6
> BAT1 7 1 11 6
> BAT2 1 10
< RES 1637330619 185 1
< MOVE R D
> REQ 1637330619 186 1
> VAMPIRE 1 4 11 2 1 3 0
> VAMPIRE 2 4 11 2 1 3 0
> VAMPIRE 3 4 11 3 1 3 9
> VAMPIRE 4 10 3 1 1 3 0
> POWERUP BATTERY 13 10 3 6
> POWERUP BATTERY 13 4 11 6
> BAT1 1 10 7 1 11 6
< RES 1637330619 186 1
< GRENADE
> REQ 1637330619 187 1
> VAMPIRE 1 4 11 2 0 3 0
> VAMPIRE 2 4 11 2 0 3 0
> VAMPIRE 3 4 11 3 0 3 8
> VAMPIRE 4 10 3 1 1 3 0
> GRENADE 1 4 11 5 3
> GRENADE 2 4 11 5 3
> GRENADE 3 4 11 5 3
> POWERUP BATTERY 12 10 3 6
> POWERUP BATTERY 12 4 11 6
> BAT1 1 10 7 1 11 6
< RES 1637330619 187 1
< THROW XU 3
> REQ 1637330619 188 1
> VAMPIRE 1 4 11 2 0 3 0
> VAMPIRE 2 4 11 2 0 3 0
> VAMPIRE 3 4 11 3 0 3 7
> VAMPIRE 4 10 3 1 1 3 0
> GRENADE 1 1 11 4 3
> GRENADE 2 1 11 4 3
> GRENADE 3 1 11 4 3
> POWERUP BATTERY 11 10 3 6
> POWERUP BATTERY 11 4 11 6
> BAT1 1 10 7 1 11 6
< RES 1637330619 188 1
> REQ 1637330619 189 1
> VAMPIRE 1 4 11 2 0 3 0
> VAMPIRE 2 4 11 2 0 3 0
> VAMPIRE 3 4 11 3 0 3 6
> VAMPIRE 4 10 3 1 1 3 0
> GRENADE 1 1 11 3 3
> GRENADE 2 1 11 3 3
> GRENADE 3 1 11 3 3
> POWERUP BATTERY 10 10 3 6
> POWERUP BATTERY 10 4 11 6
> BAT1 1 10 7 1 11 6
< RES 1637330619 189 1
< MOVE D
> REQ 1637330619 190 1
> VAMPIRE 1 5 11 2 0 3 0
> VAMPIRE 2 5 11 2 0 3 0
> VAMPIRE 3 5 11 3 0 3 5
> VAMPIRE 4 10 3 1 1 3 0
> GRENADE 1 1 11 2 3
> GRENADE 2 1 11 2 3
> GRENADE 3 1 11 2 3
> POWERUP BATTERY 9 10 3 6
> POWERUP BATTERY 9 4 11 6
> BAT1 1 10 7 1 11 6
< RES 1637330619 190 1
< MOVE L
> REQ 1637330619 191 1
> VAMPIRE 1 5 10 2 0 3 0
> VAMPIRE 2 5 10 2 0 3 0
> VAMPIRE 3 5 11 3 0 3 4
> VAMPIRE 4 10 3 1 1 4 0
> GRENADE 1 1 11 1 3
> GRENADE 2 1 11 1 3
> GRENADE 3 1 11 1 3
> POWERUP BATTERY 8 4 11 6
> BAT1 1 10 7 1 11 6
< RES 1637330619 191 1
< MOVE R U
> REQ 1637330619 192 1
> VAMPIRE 1 4 11 2 1 3 0
> VAMPIRE 2 4 11 2 1 3 0
> VAMPIRE 3 4 11 3 1 3 3
> VAMPIRE 4 11 4 1 1 4 0
> POWERUP BATTERY 7 4 11 6
> BAT1 7 1 11 6
< RES 1637330619 192 1
< GRENADE
> REQ 1637330619 193 1
> VAMPIRE 1 4 11 2 0 3 0
> VAMPIRE 2 4 11 2 0 3 0
> VAMPIRE 3 4 11 3 1 3 2
> VAMPIRE 4 10 5 1 0 4 0
> GRENADE 1 4 11 5 3
> GRENADE 2 4 11 5 3
> GRENADE 4 11 4 5 4
> POWERUP BATTERY 6 4 11 6
> BAT1 7 1 11 6
< RES 1637330619 193 1
> REQ 1637330619 194 1
> VAMPIRE 1 4 11 2 0 3 0
> VAMPIRE 2 4 11 2 0 3 0
> VAMPIRE 3 4 11 3 0 3 1
> VAMPIRE 4 9 5 1 0 4 0
> GRENADE 1 4 11 4 3
> GRENADE 2 4 11 4 3
> GRENADE 4 11 4 4 4
> GRENADE 3 4 11 5 3
> POWERUP BATTERY 5 4 11 6
> BAT1 7 1 11 6
< RES 1637330619 194 1
> REQ 1637330619 195 1
> VAMPIRE 1 4 11 2 0 3 0
> VAMPIRE 2 4 11 2 0 3 0
> VAMPIRE 3 4 11 3 0 3 0
> VAMPIRE 4 7 5 1 0 4 0
> GRENADE 1 4 11 3 3
> GRENADE 2 4 11 3 3
> GRENADE 4 11 4 3 4
> GRENADE 3 4 11 4 3
> POWERUP BATTERY 4 4 11 6
> BAT1 7 1 11 6
< RES 1637330619 195 1
> REQ 1637330619 196 1
> VAMPIRE 1 4 11 2 0 3 0
> VAMPIRE 2 4 11 2 0 3 0
> VAMPIRE 3 4 11 3 0 3 0
> VAMPIRE 4 7 7 1 0 4 0
> GRENADE 1 4 11 2 3
> GRENADE 2 4 11 2 3
> GRENADE 4 11 4 2 4
> GRENADE 3 4 11 3 3
> POWERUP BATTERY 3 4 11 6
> BAT1 7 1 11 6
< RES 1637330619 196 1
< MOVE D L
> REQ 1637330619 197 1
> VAMPIRE 1 5 10 2 0 3 0
> VAMPIRE 2 5 10 2 0 3 0
> VAMPIRE 3 5 10 3 0 3 0
> VAMPIRE 4 7 7 1 0 4 0
> GRENADE 1 4 11 1 3
> GRENADE 2 4 11 1 3
> GRENADE 4 11 4 1 4
> GRENADE 3 4 11 2 3
> POWERUP BATTERY 2 4 11 6
> BAT1 7 1 11 6
< RES 1637330619 197 1
< MOVE L U
> REQ 1637330619 198 1
> VAMPIRE 1 4 9 2 1 3 0
> VAMPIRE 2 4 9 2 1 3 0
> VAMPIRE 3 5 10 3 1 3 0
> VAMPIRE 4 7 5 1 1 4 0
> POWERUP BATTERY 1 4 11 6
> BAT1 7 1
< RES 1637330619 198 1
< MOVE D
> REQ 1637330619 199 1
> VAMPIRE 1 5 9 2 1 3 0
> VAMPIRE 2 5 9 2 1 3 0
> VAMPIRE 3 5 9 3 1 3 0
> VAMPIRE 4 7 7 1 0 4 0
> GRENADE 4 7 5 5 4
> BAT1 7 1
< RES 1637330619 199 1
< GRENADE
> REQ 1637330619 200 1
> VAMPIRE 1 5 9 2 0 3 0
> VAMPIRE 2 5 9 2 0 3 0
> VAMPIRE 3 5 9 3 0 3 0
> VAMPIRE 4 9 7 1 0 4 0
> GRENADE 4 7 5 4 4
> GRENADE 1 5 9 5 3
> GRENADE 2 5 9 5 3
> GRENADE 3 5 9 5 3
> BAT1 7 1
< RES 1637330619 200 1
< MOVE R
> REQ 1637330619 201 1
> VAMPIRE 1 5 10 2 0 3 0
> VAMPIRE 2 5 10 2 0 3 0
> VAMPIRE 3 3 9 3 0 3 0
> VAMPIRE 4 9 7 1 0 4 0
> GRENADE 4 7 5 3 4
> GRENADE 1 5 9 4 3
> GRENADE 2 5 9 4 3
> GRENADE 3 5 5 4 3
> BAT1 7 1
< RES 1637330619 201 1
> REQ 1637330619 202 1
> VAMPIRE 1 5 10 2 0 3 0
> VAMPIRE 2 5 10 2 0 3 0
> VAMPIRE 3 3 7 3 0 3 0
> VAMPIRE 4 9 7 1 0 4 0
> GRENADE 4 7 5 2 4
> GRENADE 1 5 9 3 3
> GRENADE 2 5 9 3 3
> GRENADE 3 5 5 3 3
> BAT1 7 1
< RES 1637330619 202 1
< THROW L 4
< MOVE R D
> REQ 1637330619 203 1
> VAMPIRE 1 6 11 2 0 3 0
> VAMPIRE 2 6 11 2 0 3 0
> VAMPIRE 3 1 7 3 0 3 0
> VAMPIRE 4 9 7 1 0 4 0
> GRENADE 4 7 5 1 4
> GRENADE 1 5 5 2 3
> GRENADE 2 5 5 2 3
> GRENADE 3 5 5 2 3
> BAT1 7 1
< RES 1637330619 203 1
< MOVE U
> REQ 1637330619 204 1
> VAMPIRE 1 5 11 2 1 3 0
> VAMPIRE 2 5 11 2 1 3 0
> VAMPIRE 3 3 7 3 1 3 0
> VAMPIRE 4 7 7 1 1 4 0
< RES 1637330619 204 1
< MOVE D D
> REQ 1637330619 205 1
> VAMPIRE 1 7 11 2 1 3 0
> VAMPIRE 2 7 11 2 1 3 0
> VAMPIRE 3 3 7 3 1 3 0
> VAMPIRE 4 7 7 1 1 4 0
< RES 1637330619 205 1
> REQ 1637330619 206 1
> VAMPIRE 1 7 11 2 1 3 0
> VAMPIRE 2 7 11 2 1 3 0
> VAMPIRE 3 3 7 3 1 3 0
> VAMPIRE 4 7 7 1 1 4 0
< RES 1637330619 206 1
> REQ 1637330619 207 1
> VAMPIRE 1 7 11 2 1 3 0
> VAMPIRE 2 7 11 2 1 3 0
> VAMPIRE 3 3 7 3 1 3 0
> VAMPIRE 4 7 7 1 1 4 0
< RES 1637330619 207 1
> REQ 1637330619 208 1
> VAMPIRE 1 7 11 2 1 3 0
> VAMPIRE 2 7 11 2 1 3 0
> VAMPIRE 3 3 7 3 1 3 0
> VAMPIRE 4 7 7 1 1 4 0
> POWERUP TOMATO -9 7 10 7
> POWERUP TOMATO -9 7 4 7
< RES 1637330619 208 1
< MOVE L
> REQ 1637330619 209 1
> VAMPIRE 1 7 10 2 1 3 0
> VAMPIRE 2 7 10 2 1 3 0
> VAMPIRE 3 3 9 3 1 3 0
> VAMPIRE 4 7 9 1 1 4 0
> POWERUP TOMATO -8 7 10 7
> POWERUP TOMATO -8 7 4 7
< RES 1637330619 209 1
< GRENADE
> REQ 1637330619 210 1
> VAMPIRE 1 7 10 2 0 3 0
> VAMPIRE 2 7 10 2 0 3 0
> VAMPIRE 3 5 9 3 1 3 0
> VAMPIRE 4 7 9 1 1 4 0
> GRENADE 1 7 10 5 3
> GRENADE 2 7 10 5 3
> POWERUP TOMATO -7 7 10 7
> POWERUP TOMATO -7 7 4 7
< RES 1637330619 210 1
> REQ 1637330619 211 1
> VAMPIRE 1 7 10 2 0 3 0
> VAMPIRE 2 7 10 2 0 3 0
> VAMPIRE 3 7 9 3 1 3 0
> VAMPIRE 4 7 7 1 1 4 0
> GRENADE 1 7 10 4 3
> GRENADE 2 7 10 4 3
> POWERUP TOMATO -6 7 10 7
> POWERUP TOMATO -6 7 4 7
< RES 1637330619 211 1
> REQ 1637330619 212 1
> VAMPIRE 1 7 10 2 0 3 0
> VAMPIRE 2 7 10 2 0 3 0
> VAMPIRE 3 7 7 3 0 3 0
> VAMPIRE 4 7 5 1 1 4 0
> GRENADE 1 7 10 3 3
> GRENADE 2 7 10 3 3
> GRENADE 3 7 9 5 3
> POWERUP TOMATO -5 7 10 7
> POWERUP TOMATO -5 7 4 7
< RES 1637330619 212 1
> REQ 1637330619 213 1
> VAMPIRE 1 7 10 2 0 3 0
> VAMPIRE 2 7 10 2 0 3 0
> VAMPIRE 3 6 7 3 0 3 0
> VAMPIRE 4 7 4 1 1 4 0
> GRENADE 1 7 10 2 3
> GRENADE 2 7 10 2 3
> GRENADE 3 7 9 4 3
> POWERUP TOMATO -4 7 10 7
> POWERUP TOMATO -4 7 4 7
< RES 1637330619 213 1
> REQ 1637330619 214 1
> VAMPIRE 1 7 10 2 0 3 0
> VAMPIRE 2 7 10 2 0 3 0
> VAMPIRE 3 5 8 3 0 3 0
> VAMPIRE 4 7 3 1 1 4 0
> GRENADE 1 7 10 1 3
> GRENADE 2 7 10 1 3
> GRENADE 3 7 9 3 3
> POWERUP TOMATO -3 7 10 7
> POWERUP TOMATO -3 7 4 7
< RES 1637330619 214 1
< THROW XU 4
> REQ 1637330619 215 1
> VAMPIRE 1 7 10 1 1 3 0
> VAMPIRE 2 7 10 1 1 3 0
> VAMPIRE 3 6 7 3 1 3 0
> VAMPIRE 4 7 4 1 1 4 0
> POWERUP TOMATO -2 7 10 7
> POWERUP TOMATO -2 7 4 7
< RES 1637330619 215 1
> REQ 1637330619 216 1
> VAMPIRE 1 7 10 1 1 3 0
> VAMPIRE 2 7 10 1 1 3 0
> VAMPIRE 3 7 8 3 1 3 0
> VAMPIRE 4 7 4 1 1 4 0
> POWERUP TOMATO -1 7 10 7
> POWERUP TOMATO -1 7 4 7
< RES 1637330619 216 1
< GRENADE
> REQ 1637330619 217 1
> VAMPIRE 1 7 10 1 1 3 0
> VAMPIRE 2 7 10 1 1 3 0
> VAMPIRE 3 7 10 3 1 3 0
> VAMPIRE 4 7 4 1 1 4 0
> POWERUP TOMATO 19 7 10 7
> POWERUP TOMATO 19 7 4 7
< RES 1637330619 217 1
< GRENADE
> REQ 1637330619 218 1
> VAMPIRE 1 7 10 1 0 3 0
> VAMPIRE 2 7 10 1 0 3 0
> VAMPIRE 3 7 10 3 1 3 0
> VAMPIRE 4 7 4 1 1 4 0
> GRENADE 1 7 10 5 3
> GRENADE 2 7 10 5 3
> POWERUP TOMATO 18 7 10 7
> POWERUP TOMATO 18 7 4 7
< RES 1637330619 218 1
> REQ 1637330619 219 1
> VAMPIRE 1 7 10 1 0 3 0
> VAMPIRE 2 7 10 1 0 3 0
> VAMPIRE 3 7 10 3 1 3 0
> VAMPIRE 4 7 4 1 1 4 0
> GRENADE 1 7 10 4 3
> GRENADE 2 7 10 4 3
> POWERUP TOMATO 17 7 10 7
> POWERUP TOMATO 17 7 4 7
< RES 1637330619 219 1
> REQ 1637330619 220 1
> VAMPIRE 1 7 10 1 0 3 0
> VAMPIRE 2 7 10 1 0 3 0
> VAMPIRE 3 7 10 3 1 3 0
> VAMPIRE 4 7 4 1 1 4 0
> GRENADE 1 7 10 3 3
> GRENADE 2 7 10 3 3
> POWERUP TOMATO 16 7 10 7
> POWERUP TOMATO 16 7 4 7
< RES 1637330619 220 1
> REQ 1637330619 221 1
> VAMPIRE 1 7 10 1 0 3 0
> VAMPIRE 2 7 10 1 0 3 0
> VAMPIRE 3 7 10 3 0 3 0
> VAMPIRE 4 7 4 1 1 4 0
> GRENADE 1 7 10 2 3
> GRENADE 2 7 10 2 3
> GRENADE 3 7 10 5 3
> POWERUP TOMATO 15 7 10 7
> POWERUP TOMATO 15 7 4 7
< RES 1637330619 221 1
< MOVE L U
> REQ 1637330619 222 1
> VAMPIRE 1 6 9 1 0 3 0
> VAMPIRE 2 6 9 1 0 3 0
> VAMPIRE 3 6 9 3 0 3 0
> VAMPIRE 4 7 4 1 1 4 0
> GRENADE 1 7 10 1 3
> GRENADE 2 7 10 1 3
> GRENADE 3 7 10 4 3
> POWERUP TOMATO 14 7 10 7
> POWERUP TOMATO 14 7 4 7
< RES 1637330619 222 1
< MOVE D
> REQ 1637330619 223 1
> VAMPIRE 1 7 9 1 1 3 0
> VAMPIRE 2 7 9 1 1 3 0
> VAMPIRE 3 7 9 3 1 3 0
> VAMPIRE 4 7 4 2 1 4 0
> POWERUP TOMATO 13 7 10 7
< RES 1637330619 223 1
< MOVE R
> REQ 1637330619 224 1
> VAMPIRE 1 7 10 1 1 3 0
> VAMPIRE 2 7 10 1 1 3 0
> VAMPIRE 3 7 10 3 1 3 0
> VAMPIRE 4 7 6 2 1 4 0
> POWERUP TOMATO 12 7 10 7
< RES 1637330619 224 1
< GRENADE
> REQ 1637330619 225 1
> VAMPIRE 1 7 10 1 0 3 0
> VAMPIRE 2 7 10 1 0 3 0
> VAMPIRE 3 7 10 3 1 3 0
> VAMPIRE 4 7 8 2 1 4 0
> GRENADE 1 7 10 5 3
> GRENADE 2 7 10 5 3
> POWERUP TOMATO 11 7 10 7
< RES 1637330619 225 1
> REQ 1637330619 226 1
> VAMPIRE 1 7 10 1 0 3 0
> VAMPIRE 2 7 10 1 0 3 0
> VAMPIRE 3 7 10 3 0 3 0
> VAMPIRE 4 6 7 2 0 4 0
> GRENADE 1 7 10 4 3
> GRENADE 2 7 10 4 3
> GRENADE 3 7 10 5 3
> GRENADE 4 7 8 5 4
> POWERUP TOMATO 10 7 10 7
< RES 1637330619 226 1
> REQ 1637330619 227 1
> VAMPIRE 1 7 10 1 0 3 0
> VAMPIRE 2 7 10 1 0 3 0
> VAMPIRE 3 7 10 3 0 3 0
> VAMPIRE 4 5 7 2 0 4 0
> GRENADE 1 7 10 3 3
> GRENADE 2 7 10 3 3
> GRENADE 3 7 10 4 3
> GRENADE 4 7 8 4 4
> POWERUP TOMATO 9 7 10 7
< RES 1637330619 227 1
> REQ 1637330619 228 1
> VAMPIRE 1 7 10 1 0 3 0
> VAMPIRE 2 7 10 1 0 3 0
> VAMPIRE 3 7 10 3 0 3 0
> VAMPIRE 4 5 7 2 0 4 0
> GRENADE 1 7 10 2 3
> GRENADE 2 7 10 2 3
> GRENADE 3 7 10 3 3
> GRENADE 4 7 8 3 4
> POWERUP TOMATO 8 7 10 7
< RES 1637330619 228 1
< THROW XR 3
> REQ 1637330619 229 1
> VAMPIRE 1 7 10 1 0 3 0
> VAMPIRE 2 7 10 1 0 3 0
> VAMPIRE 3 6 9 3 0 3 0
> VAMPIRE 4 5 9 2 0 4 0
> GRENADE 1 7 13 1 3
> GRENADE 2 7 13 1 3
> GRENADE 3 7 10 2 3
> GRENADE 4 7 8 2 4
> POWERUP TOMATO 7 7 10 7
< RES 1637330619 229 1
< MOVE R D
> END 568 Could_not_be_more_deaded
