> MESSAGE OK
> LEVEL 10
> GAMEID 1637334066
> TEST 1
> MAXTICK 800
> GRENADERADIUS 3
> SIZE 15
> REQ 1637334066 0 3
> VAMPIRE 1 1 1 3 1 3 0
> VAMPIRE 2 13 1 3 1 3 0
> VAMPIRE 3 13 13 3 1 3 0
> VAMPIRE 4 1 13 3 1 3 0
> BAT1 8 1 9 1 10 1 11 1 1 3 7 3 1 4 1 5 6 5 8 5 1 6 5 6 9 6 3 7 11 7 5 8 9 8 13 8 6 9 8 9 13 9 13 10 7 11 13 11 3 13 4 13 5 13 6 13
> BAT2 3 1 4 1 5 1 6 1 8 3 9 3 13 3 13 4 3 5 7 5 13 5 3 6 13 6 5 7 9 7 1 8 11 8 1 9 7 9 11 9 1 10 1 11 5 11 6 11 8 13 9 13 10 13 11 13
> BAT3 7 1 5 3 6 3 11 5 11 6 1 7 7 7 13 7 3 8 3 9 8 11 9 11 7 13
< RES 1637334066 0 3
> REQ 1637334066 1 3
> VAMPIRE 1 1 1 3 0 3 0
> VAMPIRE 2 13 1 3 0 3 0
> VAMPIRE 3 13 13 3 1 3 0
> VAMPIRE 4 1 13 3 1 3 0
> GRENADE 1 1 1 5 3
> GRENADE 2 13 1 5 3
> BAT1 8 1 9 1 10 1 11 1 1 3 7 3 1 4 1 5 6 5 8 5 1 6 5 6 9 6 3 7 11 7 5 8 9 8 13 8 6 9 8 9 13 9 13 10 7 11 13 11 3 13 4 13 5 13 6 13
> BAT2 3 1 4 1 5 1 6 1 8 3 9 3 13 3 13 4 3 5 7 5 13 5 3 6 13 6 5 7 9 7 1 8 11 8 1 9 7 9 11 9 1 10 1 11 5 11 6 11 8 13 9 13 10 13 11 13
> BAT3 7 1 5 3 6 3 11 5 11 6 1 7 7 7 13 7 3 8 3 9 8 11 9 11 7 13
< RES 1637334066 1 3
> REQ 1637334066 2 3
> VAMPIRE 1 1 1 3 0 3 0
> VAMPIRE 2 13 1 3 0 3 0
> VAMPIRE 3 13 13 3 1 3 0
> VAMPIRE 4 1 13 3 1 3 0
> GRENADE 1 1 1 4 3
> GRENADE 2 13 1 4 3
> BAT1 8 1 9 1 10 1 11 1 1 3 7 3 1 4 1 5 6 5 8 5 1 6 5 6 9 6 3 7 11 7 5 8 9 8 13 8 6 9 8 9 13 9 13 10 7 11 13 11 3 13 4 13 5 13 6 13
> BAT2 3 1 4 1 5 1 6 1 8 3 9 3 13 3 13 4 3 5 7 5 13 5 3 6 13 6 5 7 9 7 1 8 11 8 1 9 7 9 11 9 1 10 1 11 5 11 6 11 8 13 9 13 10 13 11 13
> BAT3 7 1 5 3 6 3 11 5 11 6 1 7 7 7 13 7 3 8 3 9 8 11 9 11 7 13
< RES 1637334066 2 3
> REQ 1637334066 3 3
> VAMPIRE 1 1 1 3 0 3 0
> VAMPIRE 2 13 1 3 0 3 0
> VAMPIRE 3 13 13 3 1 3 0
> VAMPIRE 4 1 13 3 1 3 0
> GRENADE 1 1 1 3 3
> GRENADE 2 13 1 3 3
> BAT1 8 1 9 1 10 1 11 1 1 3 7 3 1 4 1 5 6 5 8 5 1 6 5 6 9 6 3 7 11 7 5 8 9 8 13 8 6 9 8 9 13 9 13 10 7 11 13 11 3 13 4 13 5 13 6 13
> BAT2 3 1 4 1 5 1 6 1 8 3 9 3 13 3 13 4 3 5 7 5 13 5 3 6 13 6 5 7 9 7 1 8 11 8 1 9 7 9 11 9 1 10 1 11 5 11 6 11 8 13 9 13 10 13 11 13
> BAT3 7 1 5 3 6 3 11 5 11 6 1 7 7 7 13 7 3 8 3 9 8 11 9 11 7 13
< RES 1637334066 3 3
> REQ 1637334066 4 3
> VAMPIRE 1 2 1 3 0 3 0
> VAMPIRE 2 13 2 3 0 3 0
> VAMPIRE 3 13 13 3 1 3 0
> VAMPIRE 4 1 13 3 1 3 0
> GRENADE 1 1 2 2 3
> GRENADE 2 12 1 2 3
> BAT1 8 1 9 1 10 1 11 1 1 3 7 3 1 4 1 5 6 5 8 5 1 6 5 6 9 6 3 7 11 7 5 8 9 8 13 8 6 9 8 9 13 9 13 10 7 11 13 11 3 13 4 13 5 13 6 13
> BAT2 3 1 4 1 5 1 6 1 8 3 9 3 13 3 13 4 3 5 7 5 13 5 3 6 13 6 5 7 9 7 1 8 11 8 1 9 7 9 11 9 1 10 1 11 5 11 6 11 8 13 9 13 10 13 11 13
> BAT3 7 1 5 3 6 3 11 5 11 6 1 7 7 7 13 7 3 8 3 9 8 11 9 11 7 13
< RES 1637334066 4 3
> REQ 1637334066 5 3
> VAMPIRE 1 2 1 3 0 3 0
> VAMPIRE 2 13 2 3 0 3 0
> VAMPIRE 3 13 13 3 1 3 0
> VAMPIRE 4 1 13 3 1 3 0
> GRENADE 1 1 2 1 3
> GRENADE 2 12 1 1 3
> BAT1 8 1 9 1 10 1 11 1 1 3 7 3 1 4 1 5 6 5 8 5 1 6 5 6 9 6 3 7 11 7 5 8 9 8 13 8 6 9 8 9 13 9 13 10 7 11 13 11 3 13 4 13 5 13 6 13
> BAT2 3 1 4 1 5 1 6 1 8 3 9 3 13 3 13 4 3 5 7 5 13 5 3 6 13 6 5 7 9 7 1 8 11 8 1 9 7 9 11 9 1 10 1 11 5 11 6 11 8 13 9 13 10 13 11 13
> BAT3 7 1 5 3 6 3 11 5 11 6 1 7 7 7 13 7 3 8 3 9 8 11 9 11 7 13
< RES 1637334066 5 3
> REQ 1637334066 6 3
> VAMPIRE 1 1 1 3 1 3 0
> VAMPIRE 2 13 1 3 1 3 0
> VAMPIRE 3 13 13 3 1 3 0
> VAMPIRE 4 1 13 3 1 3 0
> BAT1 8 1 9 1 10 1 7 3 1 4 1 5 6 5 8 5 1 6 5 6 9 6 3 7 11 7 5 8 9 8 13 8 6 9 8 9 13 9 13 10 7 11 13 11 3 13 4 13 5 13 6 13
> BAT2 3 1 4 1 5 1 6 1 8 3 9 3 13 3 13 4 3 5 7 5 13 5 3 6 13 6 5 7 9 7 1 8 11 8 1 9 7 9 11 9 1 10 1 11 5 11 6 11 8 13 9 13 10 13 11 13
> BAT3 7 1 5 3 6 3 11 5 11 6 1 7 7 7 13 7 3 8 3 9 8 11 9 11 7 13
< RES 1637334066 6 3
> REQ 1637334066 7 3
> VAMPIRE 1 1 3 3 1 3 0
> VAMPIRE 2 11 1 3 1 3 0
> VAMPIRE 3 13 13 3 1 3 0
> VAMPIRE 4 1 13 3 1 3 0
> BAT1 8 1 9 1 10 1 7 3 1 4 1 5 6 5 8 5 1 6 5 6 9 6 3 7 11 7 5 8 9 8 13 8 6 9 8 9 13 9 13 10 7 11 13 11 3 13 4 13 5 13 6 13
> BAT2 3 1 4 1 5 1 6 1 8 3 9 3 13 3 13 4 3 5 7 5 13 5 3 6 13 6 5 7 9 7 1 8 11 8 1 9 7 9 11 9 1 10 1 11 5 11 6 11 8 13 9 13 10 13 11 13
> BAT3 7 1 5 3 6 3 11 5 11 6 1 7 7 7 13 7 3 8 3 9 8 11 9 11 7 13
< RES 1637334066 7 3
> REQ 1637334066 8 3
> VAMPIRE 1 3 3 3 1 3 0
> VAMPIRE 2 11 3 3 1 3 0
> VAMPIRE 3 13 13 3 1 3 0
> VAMPIRE 4 1 13 3 1 3 0
> BAT1 8 1 9 1 10 1 7 3 1 4 1 5 6 5 8 5 1 6 5 6 9 6 3 7 11 7 5 8 9 8 13 8 6 9 8 9 13 9 13 10 7 11 13 11 3 13 4 13 5 13 6 13
> BAT2 3 1 4 1 5 1 6 1 8 3 9 3 13 3 13 4 3 5 7 5 13 5 3 6 13 6 5 7 9 7 1 8 11 8 1 9 7 9 11 9 1 10 1 11 5 11 6 11 8 13 9 13 10 13 11 13
> BAT3 7 1 5 3 6 3 11 5 11 6 1 7 7 7 13 7 3 8 3 9 8 11 9 11 7 13
< RES 1637334066 8 3
> REQ 1637334066 9 3
> VAMPIRE 1 1 3 3 0 3 0
> VAMPIRE 2 11 1 3 0 3 0
> VAMPIRE 3 13 13 3 1 3 0
> VAMPIRE 4 1 13 3 1 3 0
> GRENADE 1 3 3 5 3
> GRENADE 2 11 3 5 3
> BAT1 8 1 9 1 10 1 7 3 1 4 1 5 6 5 8 5 1 6 5 6 9 6 3 7 11 7 5 8 9 8 13 8 6 9 8 9 13 9 13 10 7 11 13 11 3 13 4 13 5 13 6 13
> BAT2 3 1 4 1 5 1 6 1 8 3 9 3 13 3 13 4 3 5 7 5 13 5 3 6 13 6 5 7 9 7 1 8 11 8 1 9 7 9 11 9 1 10 1 11 5 11 6 11 8 13 9 13 10 13 11 13
> BAT3 7 1 5 3 6 3 11 5 11 6 1 7 7 7 13 7 3 8 3 9 8 11 9 11 7 13
< RES 1637334066 9 3
> REQ 1637334066 10 3
> VAMPIRE 1 1 2 3 0 3 0
> VAMPIRE 2 12 1 3 0 3 0
> VAMPIRE 3 13 13 3 1 3 0
> VAMPIRE 4 1 13 3 1 3 0
> GRENADE 1 3 3 4 3
> GRENADE 2 11 3 4 3
> BAT1 8 1 9 1 10 1 7 3 1 4 1 5 6 5 8 5 1 6 5 6 9 6 3 7 11 7 5 8 9 8 13 8 6 9 8 9 13 9 13 10 7 11 13 11 3 13 4 13 5 13 6 13
> BAT2 3 1 4 1 5 1 6 1 8 3 9 3 13 3 13 4 3 5 7 5 13 5 3 6 13 6 5 7 9 7 1 8 11 8 1 9 7 9 11 9 1 10 1 11 5 11 6 11 8 13 9 13 10 13 11 13
> BAT3 7 1 5 3 6 3 11 5 11 6 1 7 7 7 13 7 3 8 3 9 8 11 9 11 7 13
< RES 1637334066 10 3
> REQ 1637334066 11 3
> VAMPIRE 1 1 2 3 0 3 0
> VAMPIRE 2 12 1 3 0 3 0
> VAMPIRE 3 13 13 3 1 3 0
> VAMPIRE 4 1 13 3 1 3 0
> GRENADE 1 3 3 3 3
> GRENADE 2 11 3 3 3
> BAT1 8 1 9 1 10 1 7 3 1 4 1 5 6 5 8 5 1 6 5 6 9 6 3 7 11 7 5 8 9 8 13 8 6 9 8 9 13 9 13 10 7 11 13 11 3 13 4 13 5 13 6 13
> BAT2 3 1 4 1 5 1 6 1 8 3 9 3 13 3 13 4 3 5 7 5 13 5 3 6 13 6 5 7 9 7 1 8 11 8 1 9 7 9 11 9 1 10 1 11 5 11 6 11 8 13 9 13 10 13 11 13
> BAT3 7 1 5 3 6 3 11 5 11 6 1 7 7 7 13 7 3 8 3 9 8 11 9 11 7 13
< RES 1637334066 11 3
> REQ 1637334066 12 3
> VAMPIRE 1 1 2 3 0 3 0
> VAMPIRE 2 12 1 3 0 3 0
> VAMPIRE 3 13 13 3 1 3 0
> VAMPIRE 4 1 13 3 1 3 0
> GRENADE 1 3 3 2 3
> GRENADE 2 11 3 2 3
> BAT1 8 1 9 1 10 1 7 3 1 4 1 5 6 5 8 5 1 6 5 6 9 6 3 7 11 7 5 8 9 8 13 8 6 9 8 9 13 9 13 10 7 11 13 11 3 13 4 13 5 13 6 13
> BAT2 3 1 4 1 5 1 6 1 8 3 9 3 13 3 13 4 3 5 7 5 13 5 3 6 13 6 5 7 9 7 1 8 11 8 1 9 7 9 11 9 1 10 1 11 5 11 6 11 8 13 9 13 10 13 11 13
> BAT3 7 1 5 3 6 3 11 5 11 6 1 7 7 7 13 7 3 8 3 9 8 11 9 11 7 13
< RES 1637334066 12 3
> REQ 1637334066 13 3
> VAMPIRE 1 1 2 3 0 3 0
> VAMPIRE 2 12 1 3 0 3 0
> VAMPIRE 3 13 13 3 1 3 0
> VAMPIRE 4 1 13 3 1 3 0
> GRENADE 1 3 3 1 3
> GRENADE 2 11 3 1 3
> BAT1 8 1 9 1 10 1 7 3 1 4 1 5 6 5 8 5 1 6 5 6 9 6 3 7 11 7 5 8 9 8 13 8 6 9 8 9 13 9 13 10 7 11 13 11 3 13 4 13 5 13 6 13
> BAT2 3 1 4 1 5 1 6 1 8 3 9 3 13 3 13 4 3 5 7 5 13 5 3 6 13 6 5 7 9 7 1 8 11 8 1 9 7 9 11 9 1 10 1 11 5 11 6 11 8 13 9 13 10 13 11 13
> BAT3 7 1 5 3 6 3 11 5 11 6 1 7 7 7 13 7 3 8 3 9 8 11 9 11 7 13
< RES 1637334066 13 3
> REQ 1637334066 14 3
> VAMPIRE 1 2 3 3 1 3 0
> VAMPIRE 2 11 2 3 1 3 0
> VAMPIRE 3 13 13 3 1 3 0
> VAMPIRE 4 1 13 3 1 3 0
> BAT1 8 1 9 1 10 1 7 3 1 4 1 5 6 5 8 5 1 6 5 6 9 6 3 7 11 7 5 8 9 8 13 8 6 9 8 9 13 9 13 10 7 11 13 11 3 13 4 13 5 13 6 13 3 1 9 3 13 3 3 5
> BAT2 4 1 5 1 6 1 8 3 13 4 7 5 13 5 3 6 13 6 5 7 9 7 1 8 11 8 1 9 7 9 11 9 1 10 1 11 5 11 6 11 8 13 9 13 10 13 11 13 5 3 11 5
> BAT3 7 1 6 3 11 6 1 7 7 7 13 7 3 8 3 9 8 11 9 11 7 13
< RES 1637334066 14 3
> REQ 1637334066 15 3
> VAMPIRE 1 3 3 3 1 3 0
> VAMPIRE 2 10 3 3 1 3 0
> VAMPIRE 3 13 13 3 1 3 0
> VAMPIRE 4 1 13 3 1 3 0
> BAT1 8 1 9 1 10 1 7 3 1 4 1 5 6 5 8 5 1 6 5 6 9 6 3 7 11 7 5 8 9 8 13 8 6 9 8 9 13 9 13 10 7 11 13 11 3 13 4 13 5 13 6 13 3 1 9 3 13 3 3 5
> BAT2 4 1 5 1 6 1 8 3 13 4 7 5 13 5 3 6 13 6 5 7 9 7 1 8 11 8 1 9 7 9 11 9 1 10 1 11 5 11 6 11 8 13 9 13 10 13 11 13 5 3 11 5
> BAT3 7 1 6 3 11 6 1 7 7 7 13 7 3 8 3 9 8 11 9 11 7 13
< RES 1637334066 15 3
> REQ 1637334066 16 3
> VAMPIRE 1 1 3 3 0 3 0
> VAMPIRE 2 11 2 3 0 3 0
> VAMPIRE 3 13 13 3 1 3 0
> VAMPIRE 4 1 13 3 1 3 0
> GRENADE 1 3 3 5 3
> GRENADE 2 10 3 5 3
> BAT1 8 1 9 1 10 1 7 3 1 4 1 5 6 5 8 5 1 6 5 6 9 6 3 7 11 7 5 8 9 8 13 8 6 9 8 9 13 9 13 10 7 11 13 11 3 13 4 13 5 13 6 13 3 1 9 3 13 3 3 5
> BAT2 4 1 5 1 6 1 8 3 13 4 7 5 13 5 3 6 13 6 5 7 9 7 1 8 11 8 1 9 7 9 11 9 1 10 1 11 5 11 6 11 8 13 9 13 10 13 11 13 5 3 11 5
> BAT3 7 1 6 3 11 6 1 7 7 7 13 7 3 8 3 9 8 11 9 11 7 13
< RES 1637334066 16 3
> REQ 1637334066 17 3
> VAMPIRE 1 1 2 3 0 3 0
> VAMPIRE 2 11 1 3 0 3 0
> VAMPIRE 3 13 13 3 1 3 0
> VAMPIRE 4 1 13 3 1 3 0
> GRENADE 1 3 3 4 3
> GRENADE 2 10 3 4 3
> BAT1 8 1 9 1 10 1 7 3 1 4 1 5 6 5 8 5 1 6 5 6 9 6 3 7 11 7 5 8 9 8 13 8 6 9 8 9 13 9 13 10 7 11 13 11 3 13 4 13 5 13 6 13 3 1 9 3 13 3 3 5
> BAT2 4 1 5 1 6 1 8 3 13 4 7 5 13 5 3 6 13 6 5 7 9 7 1 8 11 8 1 9 7 9 11 9 1 10 1 11 5 11 6 11 8 13 9 13 10 13 11 13 5 3 11 5
> BAT3 7 1 6 3 11 6 1 7 7 7 13 7 3 8 3 9 8 11 9 11 7 13
< RES 1637334066 17 3
> REQ 1637334066 18 3
> VAMPIRE 1 1 2 3 0 3 0
> VAMPIRE 2 11 1 3 0 3 0
> VAMPIRE 3 13 13 3 1 3 0
> VAMPIRE 4 1 13 3 1 3 0
> GRENADE 1 3 3 3 3
> GRENADE 2 10 3 3 3
> BAT1 8 1 9 1 10 1 7 3 1 4 1 5 6 5 8 5 1 6 5 6 9 6 3 7 11 7 5 8 9 8 13 8 6 9 8 9 13 9 13 10 7 11 13 11 3 13 4 13 5 13 6 13 3 1 9 3 13 3 3 5
> BAT2 4 1 5 1 6 1 8 3 13 4 7 5 13 5 3 6 13 6 5 7 9 7 1 8 11 8 1 9 7 9 11 9 1 10 1 11 5 11 6 11 8 13 9 13 10 13 11 13 5 3 11 5
> BAT3 7 1 6 3 11 6 1 7 7 7 13 7 3 8 3 9 8 11 9 11 7 13
< RES 1637334066 18 3
> REQ 1637334066 19 3
> VAMPIRE 1 1 2 3 0 3 0
> VAMPIRE 2 11 1 3 0 3 0
> VAMPIRE 3 13 13 3 1 3 0
> VAMPIRE 4 1 13 3 1 3 0
> GRENADE 1 3 3 2 3
> GRENADE 2 10 3 2 3
> BAT1 8 1 9 1 10 1 7 3 1 4 1 5 6 5 8 5 1 6 5 6 9 6 3 7 11 7 5 8 9 8 13 8 6 9 8 9 13 9 13 10 7 11 13 11 3 13 4 13 5 13 6 13 3 1 9 3 13 3 3 5
> BAT2 4 1 5 1 6 1 8 3 13 4 7 5 13 5 3 6 13 6 5 7 9 7 1 8 11 8 1 9 7 9 11 9 1 10 1 11 5 11 6 11 8 13 9 13 10 13 11 13 5 3 11 5
> BAT3 7 1 6 3 11 6 1 7 7 7 13 7 3 8 3 9 8 11 9 11 7 13
< RES 1637334066 19 3
> REQ 1637334066 20 3
> VAMPIRE 1 1 2 3 0 3 0
> VAMPIRE 2 11 1 3 0 3 0
> VAMPIRE 3 13 13 3 1 3 0
> VAMPIRE 4 1 13 3 1 3 0
> GRENADE 1 3 3 1 3
> GRENADE 2 10 3 1 3
> BAT1 8 1 9 1 10 1 7 3 1 4 1 5 6 5 8 5 1 6 5 6 9 6 3 7 11 7 5 8 9 8 13 8 6 9 8 9 13 9 13 10 7 11 13 11 3 13 4 13 5 13 6 13 3 1 9 3 13 3 3 5
> BAT2 4 1 5 1 6 1 8 3 13 4 7 5 13 5 3 6 13 6 5 7 9 7 1 8 11 8 1 9 7 9 11 9 1 10 1 11 5 11 6 11 8 13 9 13 10 13 11 13 5 3 11 5
> BAT3 7 1 6 3 11 6 1 7 7 7 13 7 3 8 3 9 8 11 9 11 7 13
< RES 1637334066 20 3
> REQ 1637334066 21 3
> VAMPIRE 1 1 3 3 1 3 0
> VAMPIRE 2 11 3 3 1 3 0
> VAMPIRE 3 13 13 3 1 3 0
> VAMPIRE 4 1 13 3 1 3 0
> BAT1 8 1 9 1 10 1 7 3 1 4 1 5 6 5 8 5 1 6 5 6 9 6 3 7 11 7 5 8 9 8 13 8 6 9 8 9 13 9 13 10 7 11 13 11 3 13 4 13 5 13 6 13 5 3
> BAT2 4 1 5 1 6 1 8 3 13 4 7 5 13 5 3 6 13 6 5 7 9 7 1 8 11 8 1 9 7 9 11 9 1 10 1 11 5 11 6 11 8 13 9 13 10 13 11 13 11 5
> BAT3 7 1 6 3 11 6 1 7 7 7 13 7 3 8 3 9 8 11 9 11 7 13
< RES 1637334066 21 3
> REQ 1637334066 22 3
> VAMPIRE 1 3 3 3 1 3 0
> VAMPIRE 2 11 3 3 0 3 0
> VAMPIRE 3 13 13 3 1 3 0
> VAMPIRE 4 1 13 3 1 3 0
> GRENADE 2 11 3 5 3
> BAT1 8 1 9 1 10 1 7 3 1 4 1 5 6 5 8 5 1 6 5 6 9 6 3 7 11 7 5 8 9 8 13 8 6 9 8 9 13 9 13 10 7 11 13 11 3 13 4 13 5 13 6 13 5 3
> BAT2 4 1 5 1 6 1 8 3 13 4 7 5 13 5 3 6 13 6 5 7 9 7 1 8 11 8 1 9 7 9 11 9 1 10 1 11 5 11 6 11 8 13 9 13 10 13 11 13 11 5
> BAT3 7 1 6 3 11 6 1 7 7 7 13 7 3 8 3 9 8 11 9 11 7 13
< RES 1637334066 22 3
> REQ 1637334066 23 3
> VAMPIRE 1 3 3 3 0 3 0
> VAMPIRE 2 11 1 3 0 3 0
> VAMPIRE 3 13 13 3 1 3 0
> VAMPIRE 4 1 13 3 1 3 0
> GRENADE 2 9 3 4 3
> GRENADE 1 3 3 5 3
> BAT1 8 1 9 1 10 1 7 3 1 4 1 5 6 5 8 5 1 6 5 6 9 6 3 7 11 7 5 8 9 8 13 8 6 9 8 9 13 9 13 10 7 11 13 11 3 13 4 13 5 13 6 13 5 3
> BAT2 4 1 5 1 6 1 8 3 13 4 7 5 13 5 3 6 13 6 5 7 9 7 1 8 11 8 1 9 7 9 11 9 1 10 1 11 5 11 6 11 8 13 9 13 10 13 11 13 11 5
> BAT3 7 1 6 3 11 6 1 7 7 7 13 7 3 8 3 9 8 11 9 11 7 13
< RES 1637334066 23 3
> REQ 1637334066 24 3
> VAMPIRE 1 1 3 3 0 3 0
> VAMPIRE 2 11 1 3 0 3 0
> VAMPIRE 3 13 13 3 1 3 0
> VAMPIRE 4 1 13 3 1 3 0
> GRENADE 2 9 3 3 3
> GRENADE 1 3 5 4 3
> BAT1 8 1 9 1 10 1 7 3 1 4 1 5 6 5 8 5 1 6 5 6 9 6 3 7 11 7 5 8 9 8 13 8 6 9 8 9 13 9 13 10 7 11 13 11 3 13 4 13 5 13 6 13 5 3
> BAT2 4 1 5 1 6 1 8 3 13 4 7 5 13 5 3 6 13 6 5 7 9 7 1 8 11 8 1 9 7 9 11 9 1 10 1 11 5 11 6 11 8 13 9 13 10 13 11 13 11 5
> BAT3 7 1 6 3 11 6 1 7 7 7 13 7 3 8 3 9 8 11 9 11 7 13
< RES 1637334066 24 3
> REQ 1637334066 25 3
> VAMPIRE 1 1 3 3 0 3 0
> VAMPIRE 2 11 1 3 0 3 0
> VAMPIRE 3 13 13 3 1 3 0
> VAMPIRE 4 1 13 3 1 3 0
> GRENADE 2 9 3 2 3
> GRENADE 1 3 5 3 3
> BAT1 8 1 9 1 10 1 7 3 1 4 1 5 6 5 8 5 1 6 5 6 9 6 3 7 11 7 5 8 9 8 13 8 6 9 8 9 13 9 13 10 7 11 13 11 3 13 4 13 5 13 6 13 5 3
> BAT2 4 1 5 1 6 1 8 3 13 4 7 5 13 5 3 6 13 6 5 7 9 7 1 8 11 8 1 9 7 9 11 9 1 10 1 11 5 11 6 11 8 13 9 13 10 13 11 13 11 5
> BAT3 7 1 6 3 11 6 1 7 7 7 13 7 3 8 3 9 8 11 9 11 7 13
< RES 1637334066 25 3
> REQ 1637334066 26 3
> VAMPIRE 1 1 3 3 0 3 0
> VAMPIRE 2 11 1 3 0 3 0
> VAMPIRE 3 13 13 3 1 3 0
> VAMPIRE 4 1 13 3 1 3 0
> GRENADE 2 9 3 1 3
> GRENADE 1 3 5 2 3
> BAT1 8 1 9 1 10 1 7 3 1 4 1 5 6 5 8 5 1 6 5 6 9 6 3 7 11 7 5 8 9 8 13 8 6 9 8 9 13 9 13 10 7 11 13 11 3 13 4 13 5 13 6 13 5 3
> BAT2 4 1 5 1 6 1 8 3 13 4 7 5 13 5 3 6 13 6 5 7 9 7 1 8 11 8 1 9 7 9 11 9 1 10 1 11 5 11 6 11 8 13 9 13 10 13 11 13 11 5
> BAT3 7 1 6 3 11 6 1 7 7 7 13 7 3 8 3 9 8 11 9 11 7 13
< RES 1637334066 26 3
> REQ 1637334066 27 3
> VAMPIRE 1 1 3 3 0 3 0
> VAMPIRE 2 11 3 3 1 3 0
> VAMPIRE 3 13 13 3 1 3 0
> VAMPIRE 4 1 13 3 1 3 0
> GRENADE 1 3 5 1 3
> BAT1 8 1 10 1 7 3 1 4 1 5 6 5 8 5 1 6 5 6 3 7 11 7 5 8 9 8 13 8 6 9 8 9 13 9 13 10 7 11 13 11 3 13 4 13 5 13 6 13 8 3 5 3
> BAT2 4 1 5 1 6 1 13 4 7 5 13 5 3 6 13 6 5 7 9 7 1 8 11 8 1 9 7 9 11 9 1 10 1 11 5 11 6 11 8 13 9 13 10 13 11 13 11 5
> BAT3 7 1 6 3 11 6 1 7 7 7 13 7 3 8 3 9 8 11 9 11 7 13
< RES 1637334066 27 3
> REQ 1637334066 28 3
> VAMPIRE 1 1 1 3 1 3 0
> VAMPIRE 2 9 3 3 0 3 0
> VAMPIRE 3 13 13 3 1 3 0
> VAMPIRE 4 1 13 3 1 3 0
> GRENADE 2 11 3 5 3
> BAT1 8 1 10 1 7 3 1 4 8 5 1 6 5 6 3 7 11 7 5 8 9 8 13 8 6 9 8 9 13 9 13 10 7 11 13 11 3 13 4 13 5 13 6 13 8 3 3 6 5 3
> BAT2 4 1 5 1 6 1 13 4 7 5 13 5 13 6 5 7 9 7 1 8 11 8 1 9 7 9 11 9 1 10 1 11 5 11 6 11 8 13 9 13 10 13 11 13 11 5
> BAT3 7 1 6 3 11 6 1 7 7 7 13 7 3 8 3 9 8 11 9 11 7 13
< RES 1637334066 28 3
> REQ 1637334066 29 3
> VAMPIRE 1 3 1 3 0 3 0
> VAMPIRE 2 9 5 3 0 3 0
> VAMPIRE 3 13 13 3 1 3 0
> VAMPIRE 4 1 13 3 1 3 0
> GRENADE 2 11 3 4 3
> GRENADE 1 1 1 5 3
> BAT1 8 1 10 1 7 3 1 4 8 5 1 6 5 6 3 7 11 7 5 8 9 8 13 8 6 9 8 9 13 9 13 10 7 11 13 11 3 13 4 13 5 13 6 13 8 3 3 6 5 3
> BAT2 4 1 5 1 6 1 13 4 7 5 13 5 13 6 5 7 9 7 1 8 11 8 1 9 7 9 11 9 1 10 1 11 5 11 6 11 8 13 9 13 10 13 11 13 11 5
> BAT3 7 1 6 3 11 6 1 7 7 7 13 7 3 8 3 9 8 11 9 11 7 13
< RES 1637334066 29 3
> REQ 1637334066 30 3
> VAMPIRE 1 3 3 3 0 3 0
> VAMPIRE 2 9 5 3 0 3 0
> VAMPIRE 3 13 13 3 1 3 0
> VAMPIRE 4 1 13 3 1 3 0
> GRENADE 2 11 3 3 3
> GRENADE 1 1 1 4 3
> BAT1 8 1 10 1 7 3 1 4 8 5 1 6 5 6 3 7 11 7 5 8 9 8 13 8 6 9 8 9 13 9 13 10 7 11 13 11 3 13 4 13 5 13 6 13 8 3 3 6 5 3
> BAT2 4 1 5 1 6 1 13 4 7 5 13 5 13 6 5 7 9 7 1 8 11 8 1 9 7 9 11 9 1 10 1 11 5 11 6 11 8 13 9 13 10 13 11 13 11 5
> BAT3 7 1 6 3 11 6 1 7 7 7 13 7 3 8 3 9 8 11 9 11 7 13
< RES 1637334066 30 3
> REQ 1637334066 31 3
> VAMPIRE 1 3 3 3 0 3 0
> VAMPIRE 2 9 5 3 0 3 0
> VAMPIRE 3 13 13 3 1 3 0
> VAMPIRE 4 1 13 3 1 3 0
> GRENADE 2 11 3 2 3
> GRENADE 1 1 1 3 3
> BAT1 8 1 10 1 7 3 1 4 8 5 1 6 5 6 3 7 11 7 5 8 9 8 13 8 6 9 8 9 13 9 13 10 7 11 13 11 3 13 4 13 5 13 6 13 8 3 3 6 5 3
> BAT2 4 1 5 1 6 1 13 4 7 5 13 5 13 6 5 7 9 7 1 8 11 8 1 9 7 9 11 9 1 10 1 11 5 11 6 11 8 13 9 13 10 13 11 13 11 5
> BAT3 7 1 6 3 11 6 1 7 7 7 13 7 3 8 3 9 8 11 9 11 7 13
< RES 1637334066 31 3
> REQ 1637334066 32 3
> VAMPIRE 1 3 3 3 0 3 0
> VAMPIRE 2 9 5 3 0 3 0
> VAMPIRE 3 13 13 3 1 3 0
> VAMPIRE 4 1 13 3 1 3 0
> GRENADE 2 11 3 1 3
> GRENADE 1 1 1 2 3
> BAT1 8 1 10 1 7 3 1 4 8 5 1 6 5 6 3 7 11 7 5 8 9 8 13 8 6 9 8 9 13 9 13 10 7 11 13 11 3 13 4 13 5 13 6 13 8 3 3 6 5 3
> BAT2 4 1 5 1 6 1 13 4 7 5 13 5 13 6 5 7 9 7 1 8 11 8 1 9 7 9 11 9 1 10 1 11 5 11 6 11 8 13 9 13 10 13 11 13 11 5
> BAT3 7 1 6 3 11 6 1 7 7 7 13 7 3 8 3 9 8 11 9 11 7 13
< RES 1637334066 32 3
> REQ 1637334066 33 3
> VAMPIRE 1 3 5 3 0 3 0
> VAMPIRE 2 9 5 3 1 3 0
> VAMPIRE 3 13 13 3 1 3 0
> VAMPIRE 4 1 13 3 1 3 0
> GRENADE 1 1 1 1 3
> BAT1 8 1 10 1 7 3 1 4 8 5 1 6 5 6 3 7 11 7 5 8 9 8 13 8 6 9 8 9 13 9 13 10 7 11 13 11 3 13 4 13 5 13 6 13 3 6 5 3 11 5
> BAT2 4 1 5 1 6 1 13 4 7 5 13 5 13 6 5 7 9 7 1 8 11 8 1 9 7 9 11 9 1 10 1 11 5 11 6 11 8 13 9 13 10 13 11 13
> BAT3 7 1 6 3 11 6 1 7 7 7 13 7 3 8 3 9 8 11 9 11 7 13
< RES 1637334066 33 3
> REQ 1637334066 34 3
> VAMPIRE 1 5 5 3 1 3 0
> VAMPIRE 2 9 5 3 0 3 0
> VAMPIRE 3 13 13 3 1 3 0
> VAMPIRE 4 1 13 3 1 3 0
> GRENADE 2 9 5 5 3
> BAT1 8 1 10 1 7 3 8 5 1 6 5 6 3 7 11 7 5 8 9 8 13 8 6 9 8 9 13 9 13 10 7 11 13 11 3 13 4 13 5 13 6 13 4 1 3 6 5 3 11 5
> BAT2 5 1 6 1 13 4 7 5 13 5 13 6 5 7 9 7 1 8 11 8 1 9 7 9 11 9 1 10 1 11 5 11 6 11 8 13 9 13 10 13 11 13
> BAT3 7 1 6 3 11 6 1 7 7 7 13 7 3 8 3 9 8 11 9 11 7 13
< RES 1637334066 34 3
> REQ 1637334066 35 3
> VAMPIRE 1 3 5 3 0 3 0
> VAMPIRE 2 9 5 3 0 3 0
> VAMPIRE 3 13 13 3 1 3 0
> VAMPIRE 4 1 13 3 1 3 0
> GRENADE 2 9 9 4 3
> GRENADE 1 5 5 5 3
> BAT1 8 1 10 1 7 3 8 5 1 6 5 6 3 7 11 7 5 8 9 8 13 8 6 9 8 9 13 9 13 10 7 11 13 11 3 13 4 13 5 13 6 13 4 1 3 6 5 3 11 5
> BAT2 5 1 6 1 13 4 7 5 13 5 13 6 5 7 9 7 1 8 11 8 1 9 7 9 11 9 1 10 1 11 5 11 6 11 8 13 9 13 10 13 11 13
> BAT3 7 1 6 3 11 6 1 7 7 7 13 7 3 8 3 9 8 11 9 11 7 13
< RES 1637334066 35 3
> REQ 1637334066 36 3
> VAMPIRE 1 3 3 3 0 3 0
> VAMPIRE 2 9 3 3 0 3 0
> VAMPIRE 3 13 13 3 1 3 0
> VAMPIRE 4 1 13 3 1 3 0
> GRENADE 2 9 9 3 3
> GRENADE 1 5 5 4 3
> BAT1 8 1 10 1 7 3 8 5 1 6 5 6 3 7 11 7 5 8 9 8 13 8 6 9 8 9 13 9 13 10 7 11 13 11 3 13 4 13 5 13 6 13 4 1 3 6 5 3 11 5
> BAT2 5 1 6 1 13 4 7 5 13 5 13 6 5 7 9 7 1 8 11 8 1 9 7 9 11 9 1 10 1 11 5 11 6 11 8 13 9 13 10 13 11 13
> BAT3 7 1 6 3 11 6 1 7 7 7 13 7 3 8 3 9 8 11 9 11 7 13
< RES 1637334066 36 3
> REQ 1637334066 37 3
> VAMPIRE 1 3 3 3 0 3 0
> VAMPIRE 2 9 3 3 0 3 0
> VAMPIRE 3 13 13 3 1 3 0
> VAMPIRE 4 1 13 3 1 3 0
> GRENADE 2 9 9 2 3
> GRENADE 1 5 5 3 3
> BAT1 8 1 10 1 7 3 8 5 1 6 5 6 3 7 11 7 5 8 9 8 13 8 6 9 8 9 13 9 13 10 7 11 13 11 3 13 4 13 5 13 6 13 4 1 3 6 5 3 11 5
> BAT2 5 1 6 1 13 4 7 5 13 5 13 6 5 7 9 7 1 8 11 8 1 9 7 9 11 9 1 10 1 11 5 11 6 11 8 13 9 13 10 13 11 13
> BAT3 7 1 6 3 11 6 1 7 7 7 13 7 3 8 3 9 8 11 9 11 7 13
< RES 1637334066 37 3
> REQ 1637334066 38 3
> VAMPIRE 1 3 3 3 0 3 0
> VAMPIRE 2 9 5 3 0 3 0
> VAMPIRE 3 13 13 3 1 3 0
> VAMPIRE 4 1 13 3 1 3 0
> GRENADE 2 9 9 1 3
> GRENADE 1 5 5 2 3
> BAT1 8 1 10 1 7 3 8 5 1 6 5 6 3 7 11 7 5 8 9 8 13 8 6 9 8 9 13 9 13 10 7 11 13 11 3 13 4 13 5 13 6 13 4 1 3 6 5 3 11 5
> BAT2 5 1 6 1 13 4 7 5 13 5 13 6 5 7 9 7 1 8 11 8 1 9 7 9 11 9 1 10 1 11 5 11 6 11 8 13 9 13 10 13 11 13
> BAT3 7 1 6 3 11 6 1 7 7 7 13 7 3 8 3 9 8 11 9 11 7 13
< RES 1637334066 38 3
> REQ 1637334066 39 3
> VAMPIRE 1 3 3 3 0 3 0
> VAMPIRE 2 9 5 3 1 3 0
> VAMPIRE 3 13 13 3 1 3 0
> VAMPIRE 4 1 13 3 1 3 0
> GRENADE 1 5 5 1 3
> BAT1 8 1 10 1 7 3 8 5 1 6 5 6 3 7 11 7 5 8 13 8 6 9 13 9 13 10 7 11 13 11 3 13 4 13 5 13 6 13 4 1 3 6 11 9 5 3 11 5
> BAT2 5 1 6 1 13 4 7 5 13 5 13 6 5 7 9 7 1 8 11 8 1 9 7 9 1 10 1 11 5 11 6 11 8 13 9 13 10 13 11 13 9 11
> BAT3 7 1 6 3 11 6 1 7 7 7 13 7 3 8 3 9 8 11 7 13
< RES 1637334066 39 3
> REQ 1637334066 40 3
> VAMPIRE 1 3 3 3 1 3 0
> VAMPIRE 2 9 5 3 0 3 0
> VAMPIRE 3 13 13 3 1 3 0
> VAMPIRE 4 1 13 3 1 3 0
> GRENADE 2 9 5 5 3
> BAT1 8 1 10 1 7 3 8 5 1 6 3 7 11 7 5 8 13 8 6 9 13 9 13 10 7 11 13 11 3 13 4 13 5 13 6 13 4 1 7 5 3 6 11 9 11 5
> BAT2 5 1 6 1 13 4 13 5 13 6 5 7 9 7 1 8 11 8 1 9 7 9 1 10 1 11 5 11 6 11 8 13 9 13 10 13 11 13 9 11
> BAT3 7 1 6 3 11 6 1 7 7 7 13 7 3 8 3 9 8 11 7 13
< RES 1637334066 40 3
> REQ 1637334066 41 3
> VAMPIRE 1 3 3 3 0 3 0
> VAMPIRE 2 9 5 3 0 3 0
> VAMPIRE 3 13 13 3 1 3 0
> VAMPIRE 4 1 13 3 1 3 0
> GRENADE 2 9 9 4 3
> GRENADE 1 3 3 5 3
> BAT1 8 1 10 1 7 3 8 5 1 6 3 7 11 7 5 8 13 8 6 9 13 9 13 10 7 11 13 11 3 13 4 13 5 13 6 13 4 1 7 5 3 6 11 9 11 5
> BAT2 5 1 6 1 13 4 13 5 13 6 5 7 9 7 1 8 11 8 1 9 7 9 1 10 1 11 5 11 6 11 8 13 9 13 10 13 11 13 9 11
> BAT3 7 1 6 3 11 6 1 7 7 7 13 7 3 8 3 9 8 11 7 13
< RES 1637334066 41 3
> REQ 1637334066 42 3
> VAMPIRE 1 3 5 3 0 3 0
> VAMPIRE 2 9 3 3 0 3 0
> VAMPIRE 3 13 13 3 1 3 0
> VAMPIRE 4 1 13 3 1 3 0
> GRENADE 2 9 9 3 3
> GRENADE 1 5 3 4 3
> BAT1 8 1 10 1 7 3 8 5 1 6 3 7 11 7 5 8 13 8 6 9 13 9 13 10 7 11 13 11 3 13 4 13 5 13 6 13 4 1 7 5 3 6 11 9 11 5
> BAT2 5 1 6 1 13 4 13 5 13 6 5 7 9 7 1 8 11 8 1 9 7 9 1 10 1 11 5 11 6 11 8 13 9 13 10 13 11 13 9 11
> BAT3 7 1 6 3 11 6 1 7 7 7 13 7 3 8 3 9 8 11 7 13
< RES 1637334066 42 3
> REQ 1637334066 43 3
> VAMPIRE 1 3 5 3 0 3 0
> VAMPIRE 2 9 3 3 0 3 0
> VAMPIRE 3 13 13 3 1 3 0
> VAMPIRE 4 1 13 3 1 3 0
> GRENADE 2 9 9 2 3
> GRENADE 1 5 3 3 3
> BAT1 8 1 10 1 7 3 8 5 1 6 3 7 11 7 5 8 13 8 6 9 13 9 13 10 7 11 13 11 3 13 4 13 5 13 6 13 4 1 7 5 3 6 11 9 11 5
> BAT2 5 1 6 1 13 4 13 5 13 6 5 7 9 7 1 8 11 8 1 9 7 9 1 10 1 11 5 11 6 11 8 13 9 13 10 13 11 13 9 11
> BAT3 7 1 6 3 11 6 1 7 7 7 13 7 3 8 3 9 8 11 7 13
< RES 1637334066 43 3
> REQ 1637334066 44 3
> VAMPIRE 1 3 5 3 0 3 0
> VAMPIRE 2 9 5 3 0 3 0
> VAMPIRE 3 13 13 3 1 3 0
> VAMPIRE 4 1 13 3 1 3 0
> GRENADE 2 9 9 1 3
> GRENADE 1 5 3 2 3
> BAT1 8 1 10 1 7 3 8 5 1 6 3 7 11 7 5 8 13 8 6 9 13 9 13 10 7 11 13 11 3 13 4 13 5 13 6 13 4 1 7 5 3 6 11 9 11 5
> BAT2 5 1 6 1 13 4 13 5 13 6 5 7 9 7 1 8 11 8 1 9 7 9 1 10 1 11 5 11 6 11 8 13 9 13 10 13 11 13 9 11
> BAT3 7 1 6 3 11 6 1 7 7 7 13 7 3 8 3 9 8 11 7 13
< RES 1637334066 44 3
> REQ 1637334066 45 3
> VAMPIRE 1 3 5 3 0 3 0
> VAMPIRE 2 9 5 3 1 3 0
> VAMPIRE 3 13 13 3 1 3 0
> VAMPIRE 4 1 13 3 1 3 0
> GRENADE 1 5 3 1 3
> BAT1 8 1 10 1 7 3 8 5 1 6 3 7 11 7 5 8 13 8 6 9 13 9 13 10 7 11 13 11 3 13 4 13 5 13 6 13 4 1 7 5 3 6 9 7 7 9 11 5 9 11
> BAT2 5 1 6 1 13 4 13 5 13 6 5 7 1 8 11 8 1 9 1 10 1 11 5 11 6 11 8 13 9 13 10 13 11 13
> BAT3 7 1 6 3 11 6 1 7 7 7 13 7 3 8 3 9 8 11 7 13
< RES 1637334066 45 3
< MOVE L
> REQ 1637334066 46 3
> VAMPIRE 1 5 5 3 1 3 0
> VAMPIRE 2 9 3 3 0 3 0
> VAMPIRE 3 13 12 3 1 3 0
> VAMPIRE 4 1 13 3 1 3 0
> GRENADE 2 9 5 5 3
> BAT1 8 1 10 1 7 3 8 5 1 6 3 7 11 7 5 8 13 8 6 9 13 9 13 10 7 11 13 11 3 13 4 13 5 13 6 13 4 1 5 1 7 5 3 6 9 7 7 9 11 5 9 11
> BAT2 6 1 13 4 13 5 13 6 5 7 1 8 11 8 1 9 1 10 1 11 5 11 6 11 8 13 9 13 10 13 11 13 6 3
> BAT3 7 1 11 6 1 7 7 7 13 7 3 8 3 9 8 11 7 13
< RES 1637334066 46 3
< GRENADE
< MOVE R U
> REQ 1637334066 47 3
> VAMPIRE 1 5 5 3 0 3 0
> VAMPIRE 2 11 3 3 0 3 0
> VAMPIRE 3 12 13 3 0 3 0
> VAMPIRE 4 1 13 3 1 3 0
> GRENADE 2 9 5 4 3
> GRENADE 1 5 5 5 3
> GRENADE 3 13 12 5 3
> BAT1 8 1 10 1 7 3 8 5 1 6 3 7 11 7 5 8 13 8 6 9 13 9 13 10 7 11 13 11 3 13 4 13 5 13 6 13 4 1 5 1 7 5 3 6 9 7 7 9 11 5 9 11
> BAT2 6 1 13 4 13 5 13 6 5 7 1 8 11 8 1 9 1 10 1 11 5 11 6 11 8 13 9 13 10 13 11 13 6 3
> BAT3 7 1 11 6 1 7 7 7 13 7 3 8 3 9 8 11 7 13
< RES 1637334066 47 3
> REQ 1637334066 48 3
> VAMPIRE 1 5 5 3 0 3 0
> VAMPIRE 2 11 3 3 0 3 0
> VAMPIRE 3 12 13 3 0 3 0
> VAMPIRE 4 1 13 3 1 3 0
> GRENADE 2 9 5 3 3
> GRENADE 1 5 9 4 3
> GRENADE 3 13 12 4 3
> BAT1 8 1 10 1 7 3 8 5 1 6 3 7 11 7 5 8 13 8 6 9 13 9 13 10 7 11 13 11 3 13 4 13 5 13 6 13 4 1 5 1 7 5 3 6 9 7 7 9 11 5 9 11
> BAT2 6 1 13 4 13 5 13 6 5 7 1 8 11 8 1 9 1 10 1 11 5 11 6 11 8 13 9 13 10 13 11 13 6 3
> BAT3 7 1 11 6 1 7 7 7 13 7 3 8 3 9 8 11 7 13
< RES 1637334066 48 3
> REQ 1637334066 49 3
> VAMPIRE 1 5 5 3 0 3 0
> VAMPIRE 2 9 3 3 0 3 0
> VAMPIRE 3 12 13 3 0 3 0
> VAMPIRE 4 1 13 3 1 3 0
> GRENADE 2 9 5 2 3
> GRENADE 1 5 9 3 3
> GRENADE 3 13 12 3 3
> BAT1 8 1 10 1 7 3 8 5 1 6 3 7 11 7 5 8 13 8 6 9 13 9 13 10 7 11 13 11 3 13 4 13 5 13 6 13 4 1 5 1 7 5 3 6 9 7 7 9 11 5 9 11
> BAT2 6 1 13 4 13 5 13 6 5 7 1 8 11 8 1 9 1 10 1 11 5 11 6 11 8 13 9 13 10 13 11 13 6 3
> BAT3 7 1 11 6 1 7 7 7 13 7 3 8 3 9 8 11 7 13
< RES 1637334066 49 3
> REQ 1637334066 50 3
> VAMPIRE 1 5 5 3 0 3 0
> VAMPIRE 2 11 3 3 0 3 0
> VAMPIRE 3 12 13 3 0 3 0
> VAMPIRE 4 1 13 3 1 3 0
> GRENADE 2 9 5 1 3
> GRENADE 1 5 9 2 3
> GRENADE 3 13 12 2 3
> BAT1 8 1 10 1 7 3 8 5 1 6 3 7 11 7 5 8 13 8 6 9 13 9 13 10 7 11 13 11 3 13 4 13 5 13 6 13 4 1 5 1 7 5 3 6 9 7 7 9 11 5 9 11
> BAT2 6 1 13 4 13 5 13 6 5 7 1 8 11 8 1 9 1 10 1 11 5 11 6 11 8 13 9 13 10 13 11 13 6 3
> BAT3 7 1 11 6 1 7 7 7 13 7 3 8 3 9 8 11 7 13
< RES 1637334066 50 3
> REQ 1637334066 51 3
> VAMPIRE 1 5 5 3 0 3 0
> VAMPIRE 2 9 3 3 1 3 0
> VAMPIRE 3 12 13 3 0 3 0
> VAMPIRE 4 1 13 3 1 3 0
> GRENADE 1 5 9 1 3
> GRENADE 3 13 12 1 3
> BAT1 8 1 10 1 7 3 1 6 3 7 11 7 5 8 13 8 6 9 13 9 13 10 7 11 13 11 3 13 4 13 5 13 6 13 4 1 5 1 7 5 3 6 7 9 9 11
> BAT2 6 1 13 4 13 5 13 6 5 7 1 8 11 8 1 9 1 10 1 11 5 11 6 11 8 13 9 13 10 13 11 13 6 3
> BAT3 7 1 11 6 1 7 7 7 13 7 3 8 3 9 8 11 7 13
< RES 1637334066 51 3
< MOVE D
> REQ 1637334066 52 3
> VAMPIRE 1 5 5 3 1 3 0
> VAMPIRE 2 9 3 3 0 3 0
> VAMPIRE 3 13 13 3 1 3 0
> VAMPIRE 4 1 13 3 1 3 0
> GRENADE 2 9 3 5 3
> BAT1 8 1 10 1 7 3 1 6 3 7 11 7 13 8 13 9 13 10 7 11 3 13 4 13 5 13 6 13 4 1 5 1 7 5 3 6 7 9 5 11 9 11
> BAT2 6 1 13 4 13 5 13 6 5 7 1 8 11 8 1 9 1 10 1 11 6 11 8 13 9 13 10 13 11 13 6 3 3 9
> BAT3 7 1 11 6 1 7 7 7 13 7 3 8 8 11 7 13
< RES 1637334066 52 3
< GRENADE
< MOVE L L
> REQ 1637334066 53 3
> VAMPIRE 1 5 5 3 0 3 0
> VAMPIRE 2 9 3 3 0 3 0
> VAMPIRE 3 13 11 3 0 3 0
> VAMPIRE 4 1 13 3 1 3 0
> GRENADE 2 5 3 4 3
> GRENADE 1 5 5 5 3
> GRENADE 3 13 13 5 3
> BAT1 8 1 10 1 7 3 1 6 3 7 11 7 13 8 13 9 13 10 7 11 3 13 4 13 5 13 6 13 4 1 5 1 7 5 3 6 7 9 5 11 9 11
> BAT2 6 1 13 4 13 5 13 6 5 7 1 8 11 8 1 9 1 10 1 11 6 11 8 13 9 13 10 13 11 13 6 3 3 9
> BAT3 7 1 11 6 1 7 7 7 13 7 3 8 8 11 7 13
< RES 1637334066 53 3
< MOVE U U
> REQ 1637334066 54 3
> VAMPIRE 1 3 5 3 0 3 0
> VAMPIRE 2 9 3 3 0 3 0
> VAMPIRE 3 11 11 3 0 3 0
> VAMPIRE 4 1 13 3 1 3 0
> GRENADE 2 5 3 3 3
> GRENADE 1 5 9 4 3
> GRENADE 3 13 13 4 3
> BAT1 8 1 10 1 7 3 1 6 3 7 11 7 13 8 13 9 13 10 7 11 3 13 4 13 5 13 6 13 4 1 5 1 7 5 3 6 7 9 5 11 9 11
> BAT2 6 1 13 4 13 5 13 6 5 7 1 8 11 8 1 9 1 10 1 11 6 11 8 13 9 13 10 13 11 13 6 3 3 9
> BAT3 7 1 11 6 1 7 7 7 13 7 3 8 8 11 7 13
< RES 1637334066 54 3
> REQ 1637334066 55 3
> VAMPIRE 1 3 5 3 0 3 0
> VAMPIRE 2 9 3 3 0 3 0
> VAMPIRE 3 11 11 3 0 3 0
> VAMPIRE 4 1 13 3 1 3 0
> GRENADE 2 5 3 2 3
> GRENADE 1 5 9 3 3
> GRENADE 3 13 13 3 3
> BAT1 8 1 10 1 7 3 1 6 3 7 11 7 13 8 13 9 13 10 7 11 3 13 4 13 5 13 6 13 4 1 5 1 7 5 3 6 7 9 5 11 9 11
> BAT2 6 1 13 4 13 5 13 6 5 7 1 8 11 8 1 9 1 10 1 11 6 11 8 13 9 13 10 13 11 13 6 3 3 9
> BAT3 7 1 11 6 1 7 7 7 13 7 3 8 8 11 7 13
< RES 1637334066 55 3
> REQ 1637334066 56 3
> VAMPIRE 1 3 5 3 0 3 0
> VAMPIRE 2 9 2 3 0 3 0
> VAMPIRE 3 11 11 3 0 3 0
> VAMPIRE 4 1 13 3 1 3 0
> GRENADE 2 5 3 1 3
> GRENADE 1 5 9 2 3
> GRENADE 3 13 13 2 3
> BAT1 8 1 10 1 7 3 1 6 3 7 11 7 13 8 13 9 13 10 7 11 3 13 4 13 5 13 6 13 4 1 5 1 7 5 3 6 7 9 5 11 9 11
> BAT2 6 1 13 4 13 5 13 6 5 7 1 8 11 8 1 9 1 10 1 11 6 11 8 13 9 13 10 13 11 13 6 3 3 9
> BAT3 7 1 11 6 1 7 7 7 13 7 3 8 8 11 7 13
< RES 1637334066 56 3
> REQ 1637334066 57 3
> VAMPIRE 1 5 5 3 0 3 0
> VAMPIRE 2 9 1 3 1 3 0
> VAMPIRE 3 11 11 3 0 3 0
> VAMPIRE 4 1 13 3 1 3 0
> GRENADE 1 5 9 1 3
> GRENADE 3 13 13 1 3
> BAT1 8 1 10 1 7 3 1 6 3 7 11 7 13 8 13 9 13 10 7 11 3 13 4 13 5 13 6 13 4 1 7 5 3 6 7 9 5 11 6 3 9 11
> BAT2 6 1 13 4 13 5 13 6 5 7 1 8 11 8 1 9 1 10 1 11 6 11 8 13 9 13 10 13 11 13 3 9
> BAT3 7 1 11 6 1 7 7 7 13 7 3 8 8 11 7 13
< RES 1637334066 57 3
> REQ 1637334066 58 3
> VAMPIRE 1 5 5 3 1 3 0
> VAMPIRE 2 9 3 3 0 3 0
> VAMPIRE 3 11 11 3 1 3 0
> VAMPIRE 4 1 13 3 1 3 0
> GRENADE 2 9 1 5 3
> BAT1 8 1 10 1 7 3 1 6 3 7 11 7 13 8 13 9 7 11 3 13 4 13 5 13 6 13 4 1 7 5 3 6 5 7 11 13 6 3 3 9 9 11
> BAT2 6 1 13 4 13 5 13 6 1 8 11 8 1 9 1 10 1 11 6 11 8 13 9 13 10 13
> BAT3 7 1 11 6 1 7 7 7 13 7 3 8 8 11 7 13
< RES 1637334066 58 3
< GRENADE
< MOVE L L
> REQ 1637334066 59 3
> VAMPIRE 1 3 5 3 0 3 0
> VAMPIRE 2 9 5 3 0 3 0
> VAMPIRE 3 11 9 3 0 3 0
> VAMPIRE 4 1 13 3 1 3 0
> GRENADE 2 9 1 4 3
> GRENADE 1 5 5 5 3
> GRENADE 3 11 11 5 3
> BAT1 8 1 10 1 7 3 1 6 3 7 11 7 13 8 13 9 7 11 3 13 4 13 5 13 6 13 4 1 7 5 3 6 5 7 11 13 6 3 3 9 9 11
> BAT2 6 1 13 4 13 5 13 6 1 8 11 8 1 9 1 10 1 11 6 11 8 13 9 13 10 13
> BAT3 7 1 11 6 1 7 7 7 13 7 3 8 8 11 7 13
< RES 1637334066 59 3
< MOVE U
> REQ 1637334066 60 3
> VAMPIRE 1 3 3 3 0 3 0
> VAMPIRE 2 9 5 3 0 3 0
> VAMPIRE 3 10 9 3 0 3 0
> VAMPIRE 4 1 13 3 1 3 0
> GRENADE 2 9 1 3 3
> GRENADE 1 5 5 4 3
> GRENADE 3 11 11 4 3
> BAT1 8 1 10 1 7 3 1 6 3 7 11 7 13 8 13 9 7 11 3 13 4 13 5 13 6 13 4 1 7 5 3 6 5 7 11 13 6 3 3 9 9 11
> BAT2 6 1 13 4 13 5 13 6 1 8 11 8 1 9 1 10 1 11 6 11 8 13 9 13 10 13
> BAT3 7 1 11 6 1 7 7 7 13 7 3 8 8 11 7 13
< RES 1637334066 60 3
> REQ 1637334066 61 3
> VAMPIRE 1 3 3 3 0 3 0
> VAMPIRE 2 9 5 3 0 3 0
> VAMPIRE 3 10 9 3 0 3 0
> VAMPIRE 4 1 13 3 1 3 0
> GRENADE 2 9 1 2 3
> GRENADE 1 5 5 3 3
> GRENADE 3 11 11 3 3
> BAT1 8 1 10 1 7 3 1 6 3 7 11 7 13 8 13 9 7 11 3 13 4 13 5 13 6 13 4 1 7 5 3 6 5 7 11 13 6 3 3 9 9 11
> BAT2 6 1 13 4 13 5 13 6 1 8 11 8 1 9 1 10 1 11 6 11 8 13 9 13 10 13
> BAT3 7 1 11 6 1 7 7 7 13 7 3 8 8 11 7 13
< RES 1637334066 61 3
> REQ 1637334066 62 3
> VAMPIRE 1 3 3 3 0 3 0
> VAMPIRE 2 9 7 3 0 3 0
> VAMPIRE 3 10 9 3 0 3 0
> VAMPIRE 4 1 13 3 1 3 0
> GRENADE 2 9 1 1 3
> GRENADE 1 5 5 2 3
> GRENADE 3 11 11 2 3
> BAT1 8 1 10 1 7 3 1 6 3 7 11 7 13 8 13 9 7 11 3 13 4 13 5 13 6 13 4 1 7 5 3 6 5 7 11 13 6 3 3 9 9 11
> BAT2 6 1 13 4 13 5 13 6 1 8 11 8 1 9 1 10 1 11 6 11 8 13 9 13 10 13
> BAT3 7 1 11 6 1 7 7 7 13 7 3 8 8 11 7 13
< RES 1637334066 62 3
< MOVE U
> REQ 1637334066 63 3
> VAMPIRE 1 3 3 3 0 3 0
> VAMPIRE 2 8 7 3 1 3 0
> VAMPIRE 3 9 9 3 0 3 0
> VAMPIRE 4 1 13 3 1 3 0
> GRENADE 1 5 5 1 3
> GRENADE 3 11 11 1 3
> BAT1 7 3 1 6 3 7 11 7 13 8 13 9 7 11 3 13 4 13 5 13 6 13 4 1 7 5 3 6 5 7 11 13 6 3 3 9 9 11
> BAT2 6 1 13 4 13 5 13 6 1 8 11 8 1 9 1 10 1 11 6 11 8 13 9 13 10 13
> BAT3 7 1 11 6 1 7 7 7 13 7 3 8 8 11 7 13
< RES 1637334066 63 3
< MOVE U U
> REQ 1637334066 64 3
> VAMPIRE 1 3 3 3 1 3 0
> VAMPIRE 2 9 6 3 0 3 0
> VAMPIRE 3 7 9 3 1 3 0
> VAMPIRE 4 1 13 3 1 3 0
> GRENADE 2 8 7 5 3
> BAT1 7 3 1 6 3 7 11 7 13 8 13 9 7 11 3 13 4 13 5 13 6 13 4 1 3 6 11 8 6 3 3 9
> BAT2 6 1 13 4 13 5 13 6 1 8 1 9 1 10 1 11 6 11 8 13 9 13 10 13
> BAT3 7 1 11 6 1 7 7 7 13 7 3 8 8 11 7 13
< RES 1637334066 64 3
< GRENADE
> REQ 1637334066 65 3
> VAMPIRE 1 5 3 3 0 3 0
> VAMPIRE 2 9 5 3 0 3 0
> VAMPIRE 3 7 9 3 0 3 0
> VAMPIRE 4 1 13 3 1 3 0
> GRENADE 2 8 7 4 3
> GRENADE 1 3 3 5 3
> GRENADE 3 7 9 5 3
> BAT1 7 3 1 6 3 7 11 7 13 8 13 9 7 11 3 13 4 13 5 13 6 13 4 1 3 6 11 8 6 3 3 9
> BAT2 6 1 13 4 13 5 13 6 1 8 1 9 1 10 1 11 6 11 8 13 9 13 10 13
> BAT3 7 1 11 6 1 7 7 7 13 7 3 8 8 11 7 13
< RES 1637334066 65 3
< THROW XL 4
> REQ 1637334066 66 3
> VAMPIRE 1 5 4 3 0 3 0
> VAMPIRE 2 9 3 3 0 3 0
> VAMPIRE 3 7 9 3 0 3 0
> VAMPIRE 4 1 13 3 1 3 0
> GRENADE 2 8 7 3 3
> GRENADE 1 3 3 4 3
> GRENADE 3 7 5 4 3
> BAT1 7 3 1 6 3 7 11 7 13 8 13 9 7 11 3 13 4 13 5 13 6 13 4 1 3 6 11 8 6 3 3 9
> BAT2 6 1 13 4 13 5 13 6 1 8 1 9 1 10 1 11 6 11 8 13 9 13 10 13
> BAT3 7 1 11 6 1 7 7 7 13 7 3 8 8 11 7 13
< RES 1637334066 66 3
> REQ 1637334066 67 3
> VAMPIRE 1 5 6 3 0 3 0
> VAMPIRE 2 9 4 3 0 3 0
> VAMPIRE 3 7 9 3 0 3 0
> VAMPIRE 4 1 13 3 1 3 0
> GRENADE 2 8 7 2 3
> GRENADE 1 3 3 3 3
> GRENADE 3 7 5 3 3
> BAT1 7 3 1 6 3 7 11 7 13 8 13 9 7 11 3 13 4 13 5 13 6 13 4 1 3 6 11 8 6 3 3 9
> BAT2 6 1 13 4 13 5 13 6 1 8 1 9 1 10 1 11 6 11 8 13 9 13 10 13
> BAT3 7 1 11 6 1 7 7 7 13 7 3 8 8 11 7 13
< RES 1637334066 67 3
< MOVE U U
> REQ 1637334066 68 3
> VAMPIRE 1 5 7 3 0 3 0
> VAMPIRE 2 9 6 3 0 3 0
> VAMPIRE 3 5 9 3 0 3 0
> VAMPIRE 4 1 13 3 1 3 0
> GRENADE 2 8 7 1 3
> GRENADE 1 3 3 2 3
> GRENADE 3 7 5 2 3
> BAT1 7 3 1 6 3 7 11 7 13 8 13 9 7 11 3 13 4 13 5 13 6 13 4 1 3 6 11 8 6 3 3 9
> BAT2 6 1 13 4 13 5 13 6 1 8 1 9 1 10 1 11 6 11 8 13 9 13 10 13
> BAT3 7 1 11 6 1 7 7 7 13 7 3 8 8 11 7 13
< RES 1637334066 68 3
< MOVE R R
> REQ 1637334066 69 3
> VAMPIRE 1 5 9 3 0 3 0
> VAMPIRE 2 10 7 3 1 3 0
> VAMPIRE 3 5 11 3 0 3 0
> VAMPIRE 4 1 13 3 1 3 0
> GRENADE 1 3 3 1 3
> GRENADE 3 7 5 1 3
> BAT1 7 3 1 6 3 7 13 8 13 9 7 11 3 13 4 13 5 13 6 13 4 1 3 6 11 8 6 3 3 9
> BAT2 6 1 13 4 13 5 13 6 1 8 1 9 1 10 1 11 6 11 8 13 9 13 10 13 7 7
> BAT3 7 1 11 6 1 7 13 7 3 8 8 11 7 13
< RES 1637334066 69 3
< MOVE U U
> REQ 1637334066 70 3
> VAMPIRE 1 5 7 3 1 3 0
> VAMPIRE 2 9 6 3 0 3 0
> VAMPIRE 3 3 11 3 1 3 0
> VAMPIRE 4 1 13 3 1 3 0
> GRENADE 2 10 7 5 3
> BAT1 1 6 3 7 13 8 13 9 7 11 3 13 4 13 5 13 6 13 4 1 11 8 7 7 3 9
> BAT2 6 1 13 4 13 5 13 6 1 8 1 9 1 10 1 11 6 11 8 13 9 13 10 13
> BAT3 7 1 11 6 1 7 13 7 3 8 8 11 7 13
< RES 1637334066 70 3
< GRENADE
< MOVE D D
> REQ 1637334066 71 3
> VAMPIRE 1 5 7 3 0 3 0
> VAMPIRE 2 9 5 3 0 3 0
> VAMPIRE 3 5 11 3 0 3 0
> VAMPIRE 4 1 13 3 1 3 0
> GRENADE 2 10 7 4 3
> GRENADE 1 5 7 5 3
> GRENADE 3 3 11 5 3
> BAT1 1 6 3 7 13 8 13 9 7 11 3 13 4 13 5 13 6 13 4 1 11 8 7 7 3 9
> BAT2 6 1 13 4 13 5 13 6 1 8 1 9 1 10 1 11 6 11 8 13 9 13 10 13
> BAT3 7 1 11 6 1 7 13 7 3 8 8 11 7 13
< RES 1637334066 71 3
< MOVE R
> REQ 1637334066 72 3
> VAMPIRE 1 5 7 3 0 3 0
> VAMPIRE 2 9 5 3 0 3 0
> VAMPIRE 3 5 12 3 0 3 0
> VAMPIRE 4 1 13 3 1 3 0
> GRENADE 2 10 7 3 3
> GRENADE 1 5 11 4 3
> GRENADE 3 3 11 4 3
> BAT1 1 6 3 7 13 8 13 9 7 11 3 13 4 13 5 13 6 13 4 1 11 8 7 7 3 9
> BAT2 6 1 13 4 13 5 13 6 1 8 1 9 1 10 1 11 6 11 8 13 9 13 10 13
> BAT3 7 1 11 6 1 7 13 7 3 8 8 11 7 13
< RES 1637334066 72 3
> REQ 1637334066 73 3
> VAMPIRE 1 5 7 3 0 3 0
> VAMPIRE 2 9 5 3 0 3 0
> VAMPIRE 3 5 12 3 0 3 0
> VAMPIRE 4 1 13 3 0 3 0
> GRENADE 2 10 7 2 3
> GRENADE 1 5 11 3 3
> GRENADE 3 3 11 3 3
> GRENADE 4 1 13 5 3
> BAT1 1 6 3 7 13 8 13 9 7 11 3 13 4 13 5 13 6 13 4 1 11 8 7 7 3 9
> BAT2 6 1 13 4 13 5 13 6 1 8 1 9 1 10 1 11 6 11 8 13 9 13 10 13
> BAT3 7 1 11 6 1 7 13 7 3 8 8 11 7 13
< RES 1637334066 73 3
> REQ 1637334066 74 3
> VAMPIRE 1 5 5 3 0 3 0
> VAMPIRE 2 9 5 3 0 3 0
> VAMPIRE 3 5 12 3 0 3 0
> VAMPIRE 4 1 13 3 0 3 0
> GRENADE 2 10 7 1 3
> GRENADE 1 5 11 2 3
> GRENADE 3 3 11 2 3
> GRENADE 4 1 13 4 3
> BAT1 1 6 3 7 13 8 13 9 7 11 3 13 4 13 5 13 6 13 4 1 11 8 7 7 3 9
> BAT2 6 1 13 4 13 5 13 6 1 8 1 9 1 10 1 11 6 11 8 13 9 13 10 13
> BAT3 7 1 11 6 1 7 13 7 3 8 8 11 7 13
< RES 1637334066 74 3
< GRENADE
> REQ 1637334066 75 3
> VAMPIRE 1 5 3 3 0 3 0
> VAMPIRE 2 11 5 3 1 3 0
> VAMPIRE 3 5 12 3 0 3 0
> VAMPIRE 4 1 13 3 0 3 0
> GRENADE 1 5 11 1 3
> GRENADE 3 3 11 1 3
> GRENADE 4 1 13 3 3
> BAT1 1 6 3 7 13 8 13 9 7 11 3 13 4 13 5 13 6 13 4 1 11 8 3 9
> BAT2 6 1 13 4 13 5 13 6 1 8 1 9 1 10 1 11 6 11 8 13 9 13 10 13 13 7
> BAT3 7 1 11 6 1 7 3 8 8 11 7 13
< RES 1637334066 75 3
> REQ 1637334066 76 3
> VAMPIRE 1 5 1 3 1 3 0
> VAMPIRE 2 9 5 3 0 3 0
> VAMPIRE 3 5 12 2 1 3 0
> VAMPIRE 4 2 13 3 0 3 0
> GRENADE 4 1 13 2 3
> GRENADE 2 11 5 5 3
> POWERUP BATTERY -8 1 4 7
> POWERUP BATTERY -8 13 10 7
> BAT1 1 6 3 7 13 8 13 9 7 11 4 13 6 13 4 1 11 8 1 11 6 11
> BAT2 6 1 13 4 13 5 13 6 1 8 1 9 1 10 8 13 9 13 10 13 13 7
> BAT3 7 1 11 6 1 7 3 8 8 11 7 13
< RES 1637334066 76 3
< MOVE L
> REQ 1637334066 77 3
> VAMPIRE 1 5 3 3 0 3 0
> VAMPIRE 2 7 5 3 0 3 0
> VAMPIRE 3 5 11 2 1 3 0
> VAMPIRE 4 3 12 3 0 3 0
> GRENADE 4 1 13 1 3
> GRENADE 2 11 5 4 3
> GRENADE 1 5 1 5 3
> POWERUP BATTERY -7 1 4 7
> POWERUP BATTERY -7 13 10 7
> BAT1 1 6 3 7 13 8 13 9 7 11 4 13 6 13 4 1 11 8 1 11 6 11
> BAT2 6 1 13 4 13 5 13 6 1 8 1 9 1 10 8 13 9 13 10 13 13 7
> BAT3 7 1 11 6 1 7 3 8 8 11 7 13
< RES 1637334066 77 3
< GRENADE
> REQ 1637334066 78 3
> VAMPIRE 1 3 3 3 0 3 0
> VAMPIRE 2 5 5 3 0 3 0
> VAMPIRE 3 5 11 2 1 3 0
> VAMPIRE 4 3 11 3 1 3 0
> GRENADE 2 11 5 3 3
> GRENADE 1 5 1 4 3
> POWERUP BATTERY -6 1 4 7
> POWERUP BATTERY -6 13 10 7
> BAT1 1 6 3 7 13 8 13 9 7 11 6 13 4 1 11 8 6 11
> BAT2 6 1 13 4 13 5 13 6 1 8 1 9 1 10 8 13 9 13 10 13 13 7
> BAT3 7 1 11 6 1 7 3 8 8 11 7 13
< RES 1637334066 78 3
< GRENADE
> REQ 1637334066 79 3
> VAMPIRE 1 1 3 3 0 3 0
> VAMPIRE 2 3 5 3 0 3 0
> VAMPIRE 3 5 11 2 0 3 0
> VAMPIRE 4 4 11 3 0 3 0
> GRENADE 2 11 5 2 3
> GRENADE 1 5 1 3 3
> GRENADE 3 5 11 5 3
> GRENADE 4 3 11 5 3
> POWERUP BATTERY -5 1 4 7
> POWERUP BATTERY -5 13 10 7
> BAT1 1 6 3 7 13 8 13 9 7 11 6 13 4 1 11 8 6 11
> BAT2 6 1 13 4 13 5 13 6 1 8 1 9 1 10 8 13 9 13 10 13 13 7
> BAT3 7 1 11 6 1 7 3 8 8 11 7 13
< RES 1637334066 79 3
< MOVE L L
> REQ 1637334066 80 3
> VAMPIRE 1 1 4 3 0 3 0
> VAMPIRE 2 1 5 3 0 3 0
> VAMPIRE 3 5 9 2 0 3 0
> VAMPIRE 4 4 11 3 0 3 0
> GRENADE 2 11 5 1 3
> GRENADE 1 5 1 2 3
> GRENADE 3 5 11 4 3
> GRENADE 4 3 11 4 3
> POWERUP BATTERY -4 1 4 7
> POWERUP BATTERY -4 13 10 7
> BAT1 1 6 3 7 13 8 13 9 7 11 6 13 4 1 11 8 6 11
> BAT2 6 1 13 4 13 5 13 6 1 8 1 9 1 10 8 13 9 13 10 13 13 7
> BAT3 7 1 11 6 1 7 3 8 8 11 7 13
< RES 1637334066 80 3
< MOVE L L
> REQ 1637334066 81 3
> VAMPIRE 1 1 4 3 0 3 0
> VAMPIRE 2 1 4 3 1 3 0
> VAMPIRE 3 5 7 2 0 3 0
> VAMPIRE 4 4 11 3 0 3 0
> GRENADE 1 5 1 1 3
> GRENADE 3 5 11 3 3
> GRENADE 4 3 11 3 3
> POWERUP BATTERY -3 1 4 7
> POWERUP BATTERY -3 13 10 7
> BAT1 1 6 3 7 13 8 13 9 7 11 6 13 4 1 13 5 11 8 6 11
> BAT2 6 1 13 4 13 6 1 8 1 9 1 10 8 13 9 13 10 13 11 6 13 7
> BAT3 7 1 1 7 3 8 8 11 7 13
< RES 1637334066 81 3
< MOVE L L
> REQ 1637334066 82 3
> VAMPIRE 1 1 4 3 1 3 0
> VAMPIRE 2 1 4 3 0 3 0
> VAMPIRE 3 5 5 2 0 3 0
> VAMPIRE 4 4 11 3 0 3 0
> GRENADE 3 5 11 2 3
> GRENADE 4 1 11 2 3
> GRENADE 2 1 4 5 3
> POWERUP BATTERY -2 1 4 7
> POWERUP BATTERY -2 13 10 7
> BAT1 1 6 3 7 13 8 13 9 7 11 6 13 6 1 13 5 11 8 6 11
> BAT2 13 4 13 6 1 8 1 9 1 10 8 13 9 13 10 13 11 6 13 7
> BAT3 7 1 1 7 3 8 8 11 7 13
< RES 1637334066 82 3
< MOVE R R
> REQ 1637334066 83 3
> VAMPIRE 1 1 4 3 0 3 0
> VAMPIRE 2 1 4 3 0 3 0
> VAMPIRE 3 5 7 2 0 3 0
> VAMPIRE 4 4 11 3 0 3 0
> GRENADE 3 5 11 1 3
> GRENADE 4 1 11 1 3
> GRENADE 2 1 4 4 3
> GRENADE 1 1 4 5 3
> POWERUP BATTERY -1 1 4 7
> POWERUP BATTERY -1 13 10 7
> BAT1 1 6 3 7 13 8 13 9 7 11 6 13 6 1 13 5 11 8 6 11
> BAT2 13 4 13 6 1 8 1 9 1 10 8 13 9 13 10 13 11 6 13 7
> BAT3 7 1 1 7 3 8 8 11 7 13
< RES 1637334066 83 3
< MOVE R R
> REQ 1637334066 84 3
> VAMPIRE 1 1 4 3 0 3 0
> VAMPIRE 2 1 4 3 0 3 0
> VAMPIRE 3 5 9 2 1 3 0
> VAMPIRE 4 3 11 2 1 3 0
> GRENADE 2 1 4 3 3
> GRENADE 1 1 4 4 3
> POWERUP BATTERY 15 1 4 7
> POWERUP BATTERY 15 13 10 7
> BAT1 1 6 3 7 13 8 13 9 7 11 6 13 6 1 13 5 11 8 1 10
> BAT2 13 4 13 6 1 8 1 9 8 13 9 13 10 13 11 6 13 7
> BAT3 7 1 1 7 3 8 8 11 7 13
< RES 1637334066 84 3
< MOVE D D
> REQ 1637334066 85 3
> VAMPIRE 1 1 4 3 0 3 0
> VAMPIRE 2 1 4 3 0 3 0
> VAMPIRE 3 7 9 2 1 3 0
> VAMPIRE 4 3 11 2 1 3 0
> GRENADE 2 1 4 2 3
> GRENADE 1 1 4 3 3
> POWERUP BATTERY 14 1 4 7
> POWERUP BATTERY 14 13 10 7
> BAT1 1 6 3 7 13 8 13 9 7 11 6 13 6 1 13 5 11 8 1 10
> BAT2 13 4 13 6 1 8 1 9 8 13 9 13 10 13 11 6 13 7
> BAT3 7 1 1 7 3 8 8 11 7 13
< RES 1637334066 85 3
< GRENADE
< MOVE D D
> REQ 1637334066 86 3
> VAMPIRE 1 2 5 3 0 3 0
> VAMPIRE 2 2 5 3 0 3 0
> VAMPIRE 3 9 9 2 0 3 0
> VAMPIRE 4 3 11 2 1 3 0
> GRENADE 2 1 4 1 3
> GRENADE 1 1 4 2 3
> GRENADE 3 7 9 5 3
> POWERUP BATTERY 13 1 4 7
> POWERUP BATTERY 13 13 10 7
> BAT1 1 6 3 7 13 8 13 9 7 11 6 13 6 1 13 5 11 8 1 10
> BAT2 13 4 13 6 1 8 1 9 8 13 9 13 10 13 11 6 13 7
> BAT3 7 1 1 7 3 8 8 11 7 13
< RES 1637334066 86 3
< MOVE R R
> REQ 1637334066 87 3
> VAMPIRE 1 3 4 3 1 3 0
> VAMPIRE 2 3 4 3 1 3 0
> VAMPIRE 3 9 11 2 0 3 0
> VAMPIRE 4 3 11 2 0 3 0
> GRENADE 3 7 9 4 3
> GRENADE 4 3 11 5 3
> POWERUP BATTERY 12 1 4 7
> POWERUP BATTERY 12 13 10 7
> BAT1 3 7 13 8 13 9 7 11 6 13 6 1 13 5 11 8 1 10
> BAT2 13 4 13 6 1 8 1 9 8 13 9 13 10 13 11 6 13 7
> BAT3 7 1 1 7 3 8 8 11 7 13
< RES 1637334066 87 3
< MOVE D D
> REQ 1637334066 88 3
> VAMPIRE 1 2 5 3 0 3 0
> VAMPIRE 2 2 5 3 0 3 0
> VAMPIRE 3 11 11 2 0 3 0
> VAMPIRE 4 1 11 2 0 3 0
> GRENADE 3 7 9 3 3
> GRENADE 4 3 9 4 3
> GRENADE 1 3 4 5 3
> GRENADE 2 3 4 5 3
> POWERUP BATTERY 11 1 4 7
> POWERUP BATTERY 11 13 10 7
> BAT1 3 7 13 8 13 9 7 11 6 13 6 1 13 5 11 8 1 10
> BAT2 13 4 13 6 1 8 1 9 8 13 9 13 10 13 11 6 13 7
> BAT3 7 1 1 7 3 8 8 11 7 13
< RES 1637334066 88 3
< MOVE D D
> REQ 1637334066 89 3
> VAMPIRE 1 1 4 3 0 3 0
> VAMPIRE 2 1 4 3 0 3 0
> VAMPIRE 3 13 11 2 0 3 0
> VAMPIRE 4 1 11 2 0 3 0
> GRENADE 3 7 9 2 3
> GRENADE 4 3 9 3 3
> GRENADE 1 3 4 4 3
> GRENADE 2 3 4 4 3
> POWERUP BATTERY 10 1 4 7
> POWERUP BATTERY 10 13 10 7
> BAT1 3 7 13 8 13 9 7 11 6 13 6 1 13 5 11 8 1 10
> BAT2 13 4 13 6 1 8 1 9 8 13 9 13 10 13 11 6 13 7
> BAT3 7 1 1 7 3 8 8 11 7 13
< RES 1637334066 89 3
< MOVE L
> REQ 1637334066 90 3
> VAMPIRE 1 1 4 3 0 3 0
> VAMPIRE 2 1 4 3 0 3 0
> VAMPIRE 3 13 10 2 0 3 0
> VAMPIRE 4 3 11 2 0 3 0
> GRENADE 3 7 9 1 3
> GRENADE 4 3 9 2 3
> GRENADE 1 3 4 3 3
> GRENADE 2 3 4 3 3
> POWERUP BATTERY 9 1 4 7
> POWERUP BATTERY 9 13 10 7
> BAT1 3 7 13 8 13 9 7 11 6 13 6 1 13 5 11 8 1 10
> BAT2 13 4 13 6 1 8 1 9 8 13 9 13 10 13 11 6 13 7
> BAT3 7 1 1 7 3 8 8 11 7 13
< RES 1637334066 90 3
> REQ 1637334066 91 3
> VAMPIRE 1 1 4 3 0 3 0
> VAMPIRE 2 1 4 3 0 3 0
> VAMPIRE 3 13 10 2 1 3 0
> VAMPIRE 4 5 11 2 0 3 0
> GRENADE 4 3 9 1 3
> GRENADE 1 3 4 2 3
> GRENADE 2 3 4 2 3
> POWERUP BATTERY 8 1 4 7
> POWERUP BATTERY 8 13 10 7
> BAT1 3 7 13 8 13 9 6 13 6 1 13 5 11 8 1 10
> BAT2 13 4 13 6 1 8 1 9 8 13 9 13 10 13 11 6 13 7
> BAT3 7 1 1 7 3 8 8 11 7 13
< RES 1637334066 91 3
< GRENADE
> REQ 1637334066 92 3
> VAMPIRE 1 1 4 3 0 3 0
> VAMPIRE 2 1 4 3 0 3 0
> VAMPIRE 3 13 10 2 0 3 0
> VAMPIRE 4 7 11 2 1 3 0
> GRENADE 1 3 4 1 3
> GRENADE 2 3 4 1 3
> GRENADE 3 13 10 5 3
> POWERUP BATTERY 7 1 4 7
> POWERUP BATTERY 7 13 10 7
> BAT1 3 7 13 8 13 9 6 13 6 1 13 5 11 8 1 9 1 10
> BAT2 13 4 13 6 1 8 8 13 9 13 10 13 11 6 13 7 3 8
> BAT3 7 1 1 7 8 11 7 13
< RES 1637334066 92 3
> REQ 1637334066 93 3
> VAMPIRE 1 1 4 3 1 3 0
> VAMPIRE 2 1 4 3 1 3 0
> VAMPIRE 3 13 10 2 0 3 0
> VAMPIRE 4 7 9 2 0 3 0
> GRENADE 3 13 10 4 3
> GRENADE 4 7 11 5 3
> POWERUP BATTERY 6 1 4 7
> POWERUP BATTERY 6 13 10 7
> BAT1 13 8 13 9 6 13 6 1 13 5 11 8 1 9 1 10
> BAT2 13 4 13 6 1 8 8 13 9 13 10 13 11 6 13 7 3 8
> BAT3 7 1 1 7 8 11 7 13
< RES 1637334066 93 3
> REQ 1637334066 94 3
> VAMPIRE 1 1 4 3 0 3 0
> VAMPIRE 2 1 4 3 0 3 0
> VAMPIRE 3 13 10 2 0 3 0
> VAMPIRE 4 9 9 2 0 3 0
> GRENADE 3 13 10 3 3
> GRENADE 4 7 11 4 3
> GRENADE 1 1 4 5 3
> GRENADE 2 1 4 5 3
> POWERUP BATTERY 5 1 4 7
> POWERUP BATTERY 5 13 10 7
> BAT1 13 8 13 9 6 13 6 1 13 5 11 8 1 9 1 10
> BAT2 13 4 13 6 1 8 8 13 9 13 10 13 11 6 13 7 3 8
> BAT3 7 1 1 7 8 11 7 13
< RES 1637334066 94 3
> REQ 1637334066 95 3
> VAMPIRE 1 1 4 3 0 3 0
> VAMPIRE 2 1 4 3 0 3 0
> VAMPIRE 3 13 10 2 0 3 0
> VAMPIRE 4 11 9 2 0 3 0
> GRENADE 3 13 10 2 3
> GRENADE 4 7 11 3 3
> GRENADE 1 1 4 4 3
> GRENADE 2 1 4 4 3
> POWERUP BATTERY 4 1 4 7
> POWERUP BATTERY 4 13 10 7
> BAT1 13 8 13 9 6 13 6 1 13 5 11 8 1 9 1 10
> BAT2 13 4 13 6 1 8 8 13 9 13 10 13 11 6 13 7 3 8
> BAT3 7 1 1 7 8 11 7 13
< RES 1637334066 95 3
< MOVE R U
> REQ 1637334066 96 3
> VAMPIRE 1 1 4 3 0 4 0
> VAMPIRE 2 1 4 3 0 4 0
> VAMPIRE 3 12 11 2 0 3 0
> VAMPIRE 4 10 9 2 0 3 0
> GRENADE 3 13 10 1 3
> GRENADE 4 7 11 2 3
> GRENADE 1 1 4 3 3
> GRENADE 2 1 4 3 3
> POWERUP BATTERY 3 13 10 7
> BAT1 13 8 13 9 6 13 6 1 13 5 11 8 1 9 1 10
> BAT2 13 4 13 6 1 8 8 13 9 13 10 13 11 6 13 7 3 8
> BAT3 7 1 1 7 8 11 7 13
< RES 1637334066 96 3
< MOVE D
> REQ 1637334066 97 3
> VAMPIRE 1 2 5 3 0 4 0
> VAMPIRE 2 2 5 3 0 4 0
> VAMPIRE 3 13 11 2 1 3 0
> VAMPIRE 4 12 9 2 0 3 0
> GRENADE 4 7 11 1 3
> GRENADE 1 1 4 2 3
> GRENADE 2 1 4 2 3
> POWERUP BATTERY 2 13 10 7
> BAT1 13 8 6 13 6 1 13 5 11 8 1 9 1 10
> BAT2 13 4 13 6 1 8 8 13 9 13 10 13 11 6 13 7 3 8
> BAT3 7 1 1 7 8 11 7 13
< RES 1637334066 97 3
< MOVE L
> REQ 1637334066 98 3
> VAMPIRE 1 3 6 3 0 4 0
> VAMPIRE 2 3 6 3 0 4 0
> VAMPIRE 3 13 10 2 1 3 0
> VAMPIRE 4 13 10 2 1 3 0
> GRENADE 1 1 4 1 3
> GRENADE 2 1 4 1 3
> POWERUP BATTERY 1 13 10 7
> BAT1 13 8 6 13 6 1 13 5 11 8 1 9 1 10
> BAT2 13 4 13 6 1 8 8 13 9 13 10 13 11 6 13 7 3 8 8 11 7 13
> BAT3 7 1 1 7
< RES 1637334066 98 3
< GRENADE
> REQ 1637334066 99 3
> VAMPIRE 1 3 7 3 1 4 0
> VAMPIRE 2 3 7 3 1 4 0
> VAMPIRE 3 13 10 2 0 3 0
> VAMPIRE 4 13 10 2 0 3 0
> GRENADE 3 13 10 5 3
> GRENADE 4 13 10 5 3
> POWERUP BATTERY 1 13 10 7
> BAT1 13 8 6 13 6 1 13 5 11 8 1 9 1 10
> BAT2 13 4 13 6 1 8 8 13 9 13 10 13 11 6 1 7 13 7 3 8 8 11 7 13
> BAT3 7 1
< RES 1637334066 99 3
< THROW XR 3
> REQ 1637334066 100 3
> VAMPIRE 1 5 7 3 0 4 0
> VAMPIRE 2 5 7 3 0 4 0
> VAMPIRE 3 13 10 2 0 3 0
> VAMPIRE 4 13 10 2 0 3 0
> GRENADE 3 13 13 4 3
> GRENADE 4 13 13 4 3
> GRENADE 1 3 7 5 4
> GRENADE 2 3 7 5 4
> POWERUP BATTERY 1 13 10 7
> BAT1 13 8 6 13 6 1 13 5 11 8 1 9 1 10
> BAT2 13 4 13 6 1 8 8 13 9 13 10 13 11 6 1 7 13 7 3 8 8 11 7 13
> BAT3 7 1
< RES 1637334066 100 3
> REQ 1637334066 101 3
> VAMPIRE 1 5 5 3 0 4 0
> VAMPIRE 2 5 5 3 0 4 0
> VAMPIRE 3 13 10 2 0 3 0
> VAMPIRE 4 13 10 2 0 3 0
> GRENADE 3 13 13 3 3
> GRENADE 4 13 13 3 3
> GRENADE 1 3 7 4 4
> GRENADE 2 3 7 4 4
> POWERUP BATTERY 1 13 10 7
> BAT1 13 8 6 13 6 1 13 5 11 8 1 9 1 10
> BAT2 13 4 13 6 1 8 8 13 9 13 10 13 11 6 1 7 13 7 3 8 8 11 7 13
> BAT3 7 1
< RES 1637334066 101 3
> REQ 1637334066 102 3
> VAMPIRE 1 5 3 3 0 4 0
> VAMPIRE 2 5 3 3 0 4 0
> VAMPIRE 3 13 10 2 0 3 0
> VAMPIRE 4 13 10 2 0 3 0
> GRENADE 3 13 13 2 3
> GRENADE 4 13 13 2 3
> GRENADE 1 3 7 3 4
> GRENADE 2 3 7 3 4
> POWERUP BATTERY -6 11 5 5
> POWERUP BATTERY -6 3 9 5
> BAT1 13 8 6 13 6 1 13 5 11 8 1 9 1 10
> BAT2 13 4 13 6 1 8 8 13 9 13 10 13 11 6 1 7 13 7 3 8 8 11 7 13
> BAT3 7 1
< RES 1637334066 102 3
< MOVE L U
> REQ 1637334066 103 3
> VAMPIRE 1 5 5 3 0 4 0
> VAMPIRE 2 5 5 3 0 4 0
> VAMPIRE 3 12 9 2 0 3 0
> VAMPIRE 4 12 9 2 0 3 0
> GRENADE 3 13 13 1 3
> GRENADE 4 13 13 1 3
> GRENADE 1 3 7 2 4
> GRENADE 2 3 7 2 4
> POWERUP BATTERY -5 11 5 5
> POWERUP BATTERY -5 3 9 5
> BAT1 13 8 6 13 6 1 13 5 11 8 1 9 1 10
> BAT2 13 4 13 6 1 8 8 13 9 13 10 13 11 6 1 7 13 7 3 8 8 11 7 13
> BAT3 7 1
< RES 1637334066 103 3
< MOVE U
> REQ 1637334066 104 3
> VAMPIRE 1 7 5 3 0 4 0
> VAMPIRE 2 7 5 3 0 4 0
> VAMPIRE 3 11 9 2 1 3 0
> VAMPIRE 4 11 10 2 1 3 0
> GRENADE 1 3 7 1 4
> GRENADE 2 3 7 1 4
> POWERUP BATTERY -4 11 5 5
> POWERUP BATTERY -4 3 9 5
> BAT1 13 8 6 13 6 1 13 5 11 8 1 9 1 10 10 13
> BAT2 13 4 13 6 1 8 8 13 9 13 11 6 1 7 13 7 3 8 8 11 7 13
> BAT3 7 1
< RES 1637334066 104 3
< GRENADE
> REQ 1637334066 105 3
> VAMPIRE 1 9 5 3 1 4 0
> VAMPIRE 2 9 5 3 1 4 0
> VAMPIRE 3 11 9 2 0 3 0
> VAMPIRE 4 11 10 2 0 3 0
> GRENADE 3 11 9 5 3
> GRENADE 4 11 10 5 3
> POWERUP BATTERY -3 11 5 5
> POWERUP BATTERY -3 3 9 5
> BAT1 13 8 6 13 6 1 13 5 11 8 1 9 1 10 10 13 1 7 3 8
> BAT2 13 4 13 6 1 8 8 13 9 13 11 6 13 7 8 11 7 13
> BAT3 7 1
< RES 1637334066 105 3
< THROW XL 4
< MOVE U U
> REQ 1637334066 106 3
> VAMPIRE 1 10 5 3 1 4 0
> VAMPIRE 2 10 5 3 1 4 0
> VAMPIRE 3 9 9 2 0 3 0
> VAMPIRE 4 10 11 2 0 3 0
> GRENADE 3 11 5 4 3
> GRENADE 4 11 7 4 3
> POWERUP BATTERY -2 11 5 5
> POWERUP BATTERY -2 3 9 5
> BAT1 13 8 6 13 6 1 13 5 11 8 1 9 1 10 10 13 1 7 3 8
> BAT2 13 4 13 6 1 8 8 13 9 13 11 6 13 7 8 11 7 13
> BAT3 7 1
< RES 1637334066 106 3
< MOVE U U
> REQ 1637334066 107 3
> VAMPIRE 1 8 5 3 0 4 0
> VAMPIRE 2 8 5 3 0 4 0
> VAMPIRE 3 7 9 2 0 3 0
> VAMPIRE 4 9 10 2 0 3 0
> GRENADE 3 11 5 3 3
> GRENADE 4 11 7 3 3
> GRENADE 1 10 5 5 4
> GRENADE 2 10 5 5 4
> POWERUP BATTERY -1 11 5 5
> POWERUP BATTERY -1 3 9 5
> BAT1 13 8 6 13 6 1 13 5 11 8 1 9 1 10 10 13 1 7 3 8
> BAT2 13 4 13 6 1 8 8 13 9 13 11 6 13 7 8 11 7 13
> BAT3 7 1
< RES 1637334066 107 3
< MOVE U U
> REQ 1637334066 108 3
> VAMPIRE 1 9 4 3 0 4 0
> VAMPIRE 2 9 4 3 0 4 0
> VAMPIRE 3 5 9 2 0 3 0
> VAMPIRE 4 9 8 2 0 3 0
> GRENADE 3 11 5 2 3
> GRENADE 4 11 7 2 3
> GRENADE 1 10 5 4 4
> GRENADE 2 10 5 4 4
> POWERUP BATTERY 17 11 5 5
> POWERUP BATTERY 17 3 9 5
> BAT1 13 8 6 13 6 1 13 5 11 8 1 9 1 10 10 13 1 7 3 8
> BAT2 13 4 13 6 1 8 8 13 9 13 11 6 13 7 8 11 7 13
> BAT3 7 1
< RES 1637334066 108 3
< MOVE U U
> REQ 1637334066 109 3
> VAMPIRE 1 10 3 3 0 4 0
> VAMPIRE 2 10 3 3 0 4 0
> VAMPIRE 3 3 9 2 0 3 0
> VAMPIRE 4 9 8 2 0 3 0
> GRENADE 3 11 5 1 3
> GRENADE 4 11 7 1 3
> GRENADE 1 10 5 3 4
> GRENADE 2 10 5 3 4
> POWERUP BATTERY 16 11 5 5
> POWERUP BATTERY 16 3 9 5
> BAT1 13 8 6 13 6 1 13 5 11 8 1 9 1 10 10 13 1 7 3 8
> BAT2 13 4 13 6 1 8 8 13 9 13 11 6 13 7 8 11 7 13
> BAT3 7 1
< RES 1637334066 109 3
> REQ 1637334066 110 3
> VAMPIRE 1 11 4 3 1 4 0
> VAMPIRE 2 11 4 3 1 4 0
> VAMPIRE 3 3 9 2 1 3 0
> VAMPIRE 4 10 7 2 1 3 0
> POWERUP BATTERY 15 11 5 5
> POWERUP BATTERY 15 3 9 5
> BAT1 13 8 6 13 6 1 1 9 1 10 10 13 1 7 13 7 3 8
> BAT2 13 4 13 6 1 8 8 13 9 13 8 11 7 13
> BAT3 7 1
< RES 1637334066 110 3
< GRENADE
> REQ 1637334066 111 3
> VAMPIRE 1 11 5 3 1 4 0
> VAMPIRE 2 11 5 3 1 4 0
> VAMPIRE 3 3 9 2 0 3 0
> VAMPIRE 4 11 6 2 0 3 0
> GRENADE 3 3 9 5 3
> GRENADE 4 10 7 5 3
> POWERUP BATTERY 14 11 5 5
> POWERUP BATTERY 14 3 9 5
> BAT1 13 8 6 13 6 1 1 9 1 10 10 13 1 7 13 7 3 8
> BAT2 13 4 13 6 1 8 8 13 9 13 8 11 7 13
> BAT3 7 1
< RES 1637334066 111 3
> REQ 1637334066 112 3
> VAMPIRE 1 9 5 3 0 4 0
> VAMPIRE 2 9 5 3 0 4 0
> VAMPIRE 3 3 9 2 0 3 0
> VAMPIRE 4 11 7 2 0 3 0
> GRENADE 3 3 9 4 3
> GRENADE 4 10 7 4 3
> GRENADE 1 11 5 5 4
> GRENADE 2 11 5 5 4
> POWERUP BATTERY 13 11 5 5
> POWERUP BATTERY 13 3 9 5
> BAT1 13 8 6 13 6 1 1 9 1 10 10 13 1 7 13 7 3 8
> BAT2 13 4 13 6 1 8 8 13 9 13 8 11 7 13
> BAT3 7 1
< RES 1637334066 112 3
> REQ 1637334066 113 3
> VAMPIRE 1 10 5 3 0 4 0
> VAMPIRE 2 10 5 3 0 4 0
> VAMPIRE 3 3 9 2 0 3 0
> VAMPIRE 4 11 9 2 0 3 0
> GRENADE 3 3 9 3 3
> GRENADE 4 10 7 3 3
> GRENADE 1 11 5 4 4
> GRENADE 2 11 5 4 4
> POWERUP BATTERY 12 11 5 5
> POWERUP BATTERY 12 3 9 5
> BAT1 13 8 6 13 6 1 1 9 1 10 10 13 1 7 13 7 3 8
> BAT2 13 4 13 6 1 8 8 13 9 13 8 11 7 13
> BAT3 7 1
< RES 1637334066 113 3
> REQ 1637334066 114 3
> VAMPIRE 1 8 5 3 0 4 0
> VAMPIRE 2 8 5 3 0 4 0
> VAMPIRE 3 3 9 2 0 4 0
> VAMPIRE 4 9 9 2 0 3 0
> GRENADE 3 3 9 2 3
> GRENADE 4 10 7 2 3
> GRENADE 1 13 5 3 4
> GRENADE 2 13 5 3 4
> POWERUP BATTERY 11 11 5 5
> BAT1 13 8 6 13 6 1 1 9 1 10 10 13 1 7 13 7 3 8
> BAT2 13 4 13 6 1 8 8 13 9 13 8 11 7 13
> BAT3 7 1
< RES 1637334066 114 3
< THROW XL 4
< MOVE D D
> REQ 1637334066 115 3
> VAMPIRE 1 10 5 3 0 4 0
> VAMPIRE 2 10 5 3 0 4 0
> VAMPIRE 3 5 9 2 0 4 0
> VAMPIRE 4 11 9 2 0 3 0
> GRENADE 3 3 5 1 3
> GRENADE 4 10 7 1 3
> GRENADE 1 13 5 2 4
> GRENADE 2 13 5 2 4
> POWERUP BATTERY 10 11 5 5
> BAT1 13 8 6 13 6 1 1 9 1 10 10 13 1 7 13 7 3 8
> BAT2 13 4 13 6 1 8 8 13 9 13 8 11 7 13
> BAT3 7 1
< RES 1637334066 115 3
< MOVE R R
> REQ 1637334066 116 3
> VAMPIRE 1 11 4 3 0 4 0
> VAMPIRE 2 11 4 3 0 4 0
> VAMPIRE 3 5 11 2 1 4 0
> VAMPIRE 4 11 7 2 1 3 0
> GRENADE 1 13 5 1 4
> GRENADE 2 13 5 1 4
> POWERUP BATTERY 9 11 5 5
> BAT1 13 8 6 13 6 1 1 9 1 10 10 13 1 7
> BAT2 13 4 13 6 1 8 8 13 9 13 8 11 7 13
> BAT3 7 1
< RES 1637334066 116 3
< MOVE D D
> REQ 1637334066 117 3
> VAMPIRE 1 11 5 3 1 4 0
> VAMPIRE 2 11 5 3 1 4 0
> VAMPIRE 3 7 11 2 1 4 0
> VAMPIRE 4 11 7 2 0 3 0
> GRENADE 4 11 7 5 3
> POWERUP BATTERY 8 11 5 5
> BAT1 13 8 6 13 6 1 13 4 13 6 1 9 1 10 10 13 1 7
> BAT2 1 8 8 13 9 13 8 11 7 13
> BAT3 7 1
< RES 1637334066 117 3
< GRENADE
< MOVE L L
> REQ 1637334066 118 3
> VAMPIRE 1 9 5 3 0 4 0
> VAMPIRE 2 9 5 3 0 4 0
> VAMPIRE 3 7 9 2 0 4 0
> VAMPIRE 4 11 7 2 0 3 0
> GRENADE 4 13 7 4 3
> GRENADE 1 11 5 5 4
> GRENADE 2 11 5 5 4
> GRENADE 3 7 11 5 4
> POWERUP BATTERY 7 11 5 5
> BAT1 13 8 6 13 6 1 13 4 13 6 1 9 1 10 10 13 1 7
> BAT2 1 8 8 13 9 13 8 11 7 13
> BAT3 7 1
< RES 1637334066 118 3
< MOVE U U
> REQ 1637334066 119 3
> VAMPIRE 1 10 5 3 0 4 0
> VAMPIRE 2 10 5 3 0 4 0
> VAMPIRE 3 5 9 2 0 4 0
> VAMPIRE 4 11 9 2 0 3 0
> GRENADE 4 13 7 3 3
> GRENADE 1 11 5 4 4
> GRENADE 2 11 5 4 4
> GRENADE 3 7 11 4 4
> POWERUP BATTERY 6 11 5 5
> BAT1 13 8 6 13 6 1 13 4 13 6 1 9 1 10 10 13 1 7
> BAT2 1 8 8 13 9 13 8 11 7 13
> BAT3 7 1
< RES 1637334066 119 3
< MOVE U U
> REQ 1637334066 120 3
> VAMPIRE 1 9 4 3 0 4 0
> VAMPIRE 2 9 4 3 0 4 0
> VAMPIRE 3 3 9 2 0 4 0
> VAMPIRE 4 9 9 2 0 3 0
> GRENADE 4 13 7 2 3
> GRENADE 1 13 5 3 4
> GRENADE 2 13 5 3 4
> GRENADE 3 7 11 3 4
> POWERUP BATTERY 5 11 5 5
> BAT1 13 8 6 13 6 1 13 4 13 6 1 9 1 10 10 13 1 7
> BAT2 1 8 8 13 9 13 8 11 7 13
> BAT3 7 1
< RES 1637334066 120 3
< MOVE L L
> REQ 1637334066 121 3
> VAMPIRE 1 10 5 3 0 4 0
> VAMPIRE 2 10 5 3 0 4 0
> VAMPIRE 3 3 7 2 0 4 0
> VAMPIRE 4 11 9 2 0 3 0
> GRENADE 4 13 7 1 3
> GRENADE 1 13 5 2 4
> GRENADE 2 13 5 2 4
> GRENADE 3 7 11 2 4
> POWERUP BATTERY 4 11 5 5
> BAT1 13 8 6 13 6 1 13 4 13 6 1 9 1 10 10 13 1 7
> BAT2 1 8 8 13 9 13 8 11 7 13
> BAT3 7 1
< RES 1637334066 121 3
< MOVE D D
> REQ 1637334066 122 3
> VAMPIRE 1 11 4 3 0 4 0
> VAMPIRE 2 11 4 3 0 4 0
> VAMPIRE 3 5 7 2 0 4 0
> VAMPIRE 4 11 7 2 1 3 0
> GRENADE 1 13 5 1 4
> GRENADE 2 13 5 1 4
> GRENADE 3 7 11 1 4
> POWERUP BATTERY 3 11 5 5
> BAT1 6 13 6 1 13 4 1 9 1 10 10 13 1 7
> BAT2 1 8 8 13 9 13 8 11 7 13
> BAT3 7 1
< RES 1637334066 122 3
< MOVE U U
> REQ 1637334066 123 3
> VAMPIRE 1 11 5 3 1 4 0
> VAMPIRE 2 11 5 3 1 4 0
> VAMPIRE 3 3 7 2 1 4 0
> VAMPIRE 4 11 7 2 0 3 0
> GRENADE 4 11 7 5 3
> POWERUP BATTERY 2 11 5 5
> BAT1 6 13 6 1 1 9 1 10 10 13 1 7 8 11 7 13
> BAT2 1 8 8 13 9 13
> BAT3 7 1
< RES 1637334066 123 3
< GRENADE
< MOVE D D
> REQ 1637334066 124 3
> VAMPIRE 1 11 5 3 0 4 0
> VAMPIRE 2 11 5 3 0 4 0
> VAMPIRE 3 5 7 2 0 4 0
> VAMPIRE 4 11 7 2 0 3 0
> GRENADE 4 11 11 4 3
> GRENADE 1 11 5 5 4
> GRENADE 2 11 5 5 4
> GRENADE 3 3 7 5 4
> POWERUP BATTERY 1 11 5 5
> BAT1 6 13 6 1 1 9 1 10 10 13 1 7 8 11 7 13
> BAT2 1 8 8 13 9 13
> BAT3 7 1
< RES 1637334066 124 3
< MOVE L L
> REQ 1637334066 125 3
> VAMPIRE 1 11 5 3 0 4 0
> VAMPIRE 2 11 5 3 0 4 0
> VAMPIRE 3 5 5 2 0 4 0
> VAMPIRE 4 9 7 2 0 3 0
> GRENADE 4 11 11 3 3
> GRENADE 1 7 5 4 4
> GRENADE 2 7 5 4 4
> GRENADE 3 3 7 4 4
> POWERUP BATTERY 1 11 5 5
> BAT1 6 13 6 1 1 9 1 10 10 13 1 7 8 11 7 13
> BAT2 1 8 8 13 9 13
> BAT3 7 1
< RES 1637334066 125 3
< MOVE L L
> REQ 1637334066 126 3
> VAMPIRE 1 11 5 3 0 4 0
> VAMPIRE 2 11 5 3 0 4 0
> VAMPIRE 3 5 3 2 0 4 0
> VAMPIRE 4 9 9 2 0 3 0
> GRENADE 4 11 11 2 3
> GRENADE 1 7 5 3 4
> GRENADE 2 7 5 3 4
> GRENADE 3 3 7 3 4
> POWERUP BATTERY 1 11 5 5
> BAT1 6 13 6 1 1 9 1 10 10 13 1 7 8 11 7 13
> BAT2 1 8 8 13 9 13
> BAT3 7 1
< RES 1637334066 126 3
< MOVE L L
> REQ 1637334066 127 3
> VAMPIRE 1 11 5 3 0 4 0
> VAMPIRE 2 11 5 3 0 4 0
> VAMPIRE 3 5 1 2 0 4 0
> VAMPIRE 4 9 9 2 0 3 0
> GRENADE 4 11 11 1 3
> GRENADE 1 7 5 2 4
> GRENADE 2 7 5 2 4
> GRENADE 3 3 7 2 4
> POWERUP BATTERY 1 11 5 5
> BAT1 6 13 6 1 1 9 1 10 10 13 1 7 8 11 7 13
> BAT2 1 8 8 13 9 13
> BAT3 7 1
< RES 1637334066 127 3
< MOVE U U
> REQ 1637334066 128 3
> VAMPIRE 1 11 3 3 0 4 0
> VAMPIRE 2 11 3 3 0 4 0
> VAMPIRE 3 3 1 2 0 4 0
> VAMPIRE 4 9 11 2 1 3 0
> GRENADE 1 7 5 1 4
> GRENADE 2 7 5 1 4
> GRENADE 3 3 7 1 4
> POWERUP BATTERY 1 11 5 5
> BAT1 6 13 6 1 1 9 1 10 10 13 1 7 7 13
> BAT2 1 8 8 13 9 13
> BAT3 7 1
< RES 1637334066 128 3
< MOVE U
> REQ 1637334066 129 3
> VAMPIRE 1 11 1 3 1 4 0
> VAMPIRE 2 11 1 3 1 4 0
> VAMPIRE 3 2 1 2 1 4 0
> VAMPIRE 4 9 11 2 0 3 0
> GRENADE 4 9 11 5 3
> BAT1 6 13 6 1 1 9 1 10 10 13 7 13
> BAT2 1 8 8 13 9 13 7 1
< RES 1637334066 129 3
< GRENADE
< MOVE D R
> REQ 1637334066 130 3
> VAMPIRE 1 11 3 3 0 4 0
> VAMPIRE 2 11 3 3 0 4 0
> VAMPIRE 3 3 2 2 0 4 0
> VAMPIRE 4 7 11 2 0 3 0
> GRENADE 4 9 12 4 3
> GRENADE 1 11 1 5 4
> GRENADE 2 11 1 5 4
> GRENADE 3 2 1 5 4
> BAT1 6 13 6 1 1 9 1 10 10 13 7 13
> BAT2 1 8 8 13 9 13 7 1
< RES 1637334066 130 3
< MOVE R
> REQ 1637334066 131 3
> VAMPIRE 1 9 3 3 0 4 0
> VAMPIRE 2 9 3 3 0 4 0
> VAMPIRE 3 3 3 2 0 4 0
> VAMPIRE 4 7 11 2 0 3 0
> GRENADE 4 9 12 3 3
> GRENADE 1 11 1 4 4
> GRENADE 2 11 1 4 4
> GRENADE 3 2 1 4 4
> BAT1 6 13 6 1 1 9 1 10 10 13 7 13
> BAT2 1 8 8 13 9 13 7 1
< RES 1637334066 131 3
> REQ 1637334066 132 3
> VAMPIRE 1 9 5 3 0 4 0
> VAMPIRE 2 9 5 3 0 4 0
> VAMPIRE 3 3 3 2 0 4 0
> VAMPIRE 4 5 11 2 0 3 0
> GRENADE 4 9 12 2 3
> GRENADE 1 11 1 3 4
> GRENADE 2 11 1 3 4
> GRENADE 3 2 1 3 4
> BAT1 6 13 6 1 1 9 1 10 10 13 7 13
> BAT2 1 8 8 13 9 13 7 1
< RES 1637334066 132 3
< MOVE D D
> REQ 1637334066 133 3
> VAMPIRE 1 9 7 3 0 4 0
> VAMPIRE 2 9 7 3 0 4 0
> VAMPIRE 3 5 3 2 0 4 0
> VAMPIRE 4 3 11 2 0 3 0
> GRENADE 4 9 12 1 3
> GRENADE 1 11 1 2 4
> GRENADE 2 11 1 2 4
> GRENADE 3 2 1 2 4
> BAT1 6 13 6 1 1 9 1 10 10 13 7 13
> BAT2 1 8 8 13 9 13 7 1
< RES 1637334066 133 3
< MOVE U U
> REQ 1637334066 134 3
> VAMPIRE 1 9 9 3 0 4 0
> VAMPIRE 2 9 9 3 0 4 0
> VAMPIRE 3 3 3 2 0 4 0
> VAMPIRE 4 3 9 2 1 3 0
> GRENADE 1 11 1 1 4
> GRENADE 2 11 1 1 4
> GRENADE 3 2 1 1 4
> POWERUP GRENADE -5 7 4 6
> POWERUP GRENADE -5 7 10 6
> BAT1 6 13 6 1 1 9 1 10 9 13 10 13 7 13
> BAT2 1 8 8 13 7 1
< RES 1637334066 134 3
< MOVE D D
> REQ 1637334066 135 3
> VAMPIRE 1 7 9 3 1 4 0
> VAMPIRE 2 7 9 3 1 4 0
> VAMPIRE 3 5 3 2 1 4 0
> VAMPIRE 4 5 9 2 0 3 0
> GRENADE 4 3 9 5 3
> POWERUP GRENADE -4 7 4 6
> POWERUP GRENADE -4 7 10 6
> BAT1 6 13 1 9 1 10 9 13 10 13 7 1 7 13
> BAT2 1 8 8 13
< RES 1637334066 135 3
< MOVE D D
> REQ 1637334066 136 3
> VAMPIRE 1 7 11 3 0 4 0
> VAMPIRE 2 7 11 3 0 4 0
> VAMPIRE 3 7 3 2 1 4 0
> VAMPIRE 4 5 11 2 0 3 0
> GRENADE 4 3 9 4 3
> GRENADE 1 7 9 5 4
> GRENADE 2 7 9 5 4
> POWERUP GRENADE -3 7 4 6
> POWERUP GRENADE -3 7 10 6
> BAT1 6 13 1 9 1 10 9 13 10 13 7 1 7 13
> BAT2 1 8 8 13
< RES 1637334066 136 3
< MOVE R
> REQ 1637334066 137 3
> VAMPIRE 1 7 10 3 0 4 0
> VAMPIRE 2 7 10 3 0 4 0
> VAMPIRE 3 7 4 2 1 4 0
> VAMPIRE 4 7 11 2 0 3 0
> GRENADE 4 3 9 3 3
> GRENADE 1 7 9 4 4
> GRENADE 2 7 9 4 4
> POWERUP GRENADE -2 7 4 6
> POWERUP GRENADE -2 7 10 6
> BAT1 6 13 1 9 1 10 9 13 10 13 7 1 7 13
> BAT2 1 8 8 13
< RES 1637334066 137 3
< GRENADE
> REQ 1637334066 138 3
> VAMPIRE 1 7 10 3 0 4 0
> VAMPIRE 2 7 10 3 0 4 0
> VAMPIRE 3 7 4 2 0 4 0
> VAMPIRE 4 7 11 2 0 3 0
> GRENADE 4 3 9 2 3
> GRENADE 1 7 9 3 4
> GRENADE 2 7 9 3 4
> GRENADE 3 7 4 5 4
> POWERUP GRENADE -1 7 4 6
> POWERUP GRENADE -1 7 10 6
> BAT1 6 13 1 9 1 10 9 13 10 13 7 1 7 13
> BAT2 1 8 8 13
< RES 1637334066 138 3
< THROW XR 4
< MOVE L
> REQ 1637334066 139 3
> VAMPIRE 1 6 11 3 0 4 0
> VAMPIRE 2 6 11 3 0 4 0
> VAMPIRE 3 7 3 2 0 4 0
> VAMPIRE 4 6 11 2 0 3 0
> GRENADE 4 3 9 1 3
> GRENADE 1 7 5 2 4
> GRENADE 2 7 5 2 4
> GRENADE 3 7 8 4 4
> POWERUP GRENADE 19 7 4 6
> POWERUP GRENADE 19 7 10 6
> BAT1 6 13 1 9 1 10 9 13 10 13 7 1 7 13
> BAT2 1 8 8 13
< RES 1637334066 139 3
< MOVE U
> REQ 1637334066 140 3
> VAMPIRE 1 6 11 3 0 4 0
> VAMPIRE 2 6 11 3 0 4 0
> VAMPIRE 3 6 3 2 0 4 0
> VAMPIRE 4 6 11 2 1 3 0
> GRENADE 1 7 5 1 4
> GRENADE 2 7 5 1 4
> GRENADE 3 7 8 3 4
> POWERUP GRENADE 18 7 4 6
> POWERUP GRENADE 18 7 10 6
> BAT1 6 13 1 10 9 13 10 13 7 1 7 13
> BAT2 1 8 8 13
< RES 1637334066 140 3
< MOVE D R
> REQ 1637334066 141 3
> VAMPIRE 1 7 10 3 1 4 0
> VAMPIRE 2 7 10 3 1 4 0
> VAMPIRE 3 7 4 2 1 4 0
> VAMPIRE 4 7 10 2 1 3 0
> POWERUP GRENADE 17 7 4 6
> POWERUP GRENADE 17 7 10 6
> BAT1 6 13 1 10 9 13 10 13 7 13
> BAT2 1 8 8 13
< RES 1637334066 141 3
> REQ 1637334066 142 3
> VAMPIRE 1 7 10 3 0 4 0
> VAMPIRE 2 7 10 3 0 4 0
> VAMPIRE 3 7 4 2 1 4 0
> VAMPIRE 4 7 10 2 0 3 0
> GRENADE 1 7 10 5 4
> GRENADE 2 7 10 5 4
> GRENADE 4 7 10 5 3
> POWERUP GRENADE 16 7 4 6
> POWERUP GRENADE 16 7 10 6
> BAT1 6 13 1 10 9 13 10 13 7 13
> BAT2 1 8 8 13
< RES 1637334066 142 3
> REQ 1637334066 143 3
> VAMPIRE 1 7 10 3 0 4 0
> VAMPIRE 2 7 10 3 0 4 0
> VAMPIRE 3 7 4 2 1 4 0
> VAMPIRE 4 7 10 2 0 3 0
> GRENADE 1 7 6 4 4
> GRENADE 2 7 6 4 4
> GRENADE 4 7 10 4 3
> POWERUP GRENADE 15 7 4 6
> POWERUP GRENADE 15 7 10 6
> BAT1 6 13 1 10 9 13 10 13 7 13
> BAT2 1 8 8 13
< RES 1637334066 143 3
< GRENADE
> REQ 1637334066 144 3
> VAMPIRE 1 7 10 3 0 4 0
> VAMPIRE 2 7 10 3 0 4 0
> VAMPIRE 3 7 4 2 0 4 0
> VAMPIRE 4 7 10 2 0 3 0
> GRENADE 1 7 6 3 4
> GRENADE 2 7 6 3 4
> GRENADE 4 7 12 3 3
> GRENADE 3 7 4 5 4
> POWERUP GRENADE 14 7 4 6
> POWERUP GRENADE 14 7 10 6
> BAT1 6 13 1 10 9 13 10 13 7 13
> BAT2 1 8 8 13
< RES 1637334066 144 3
< THROW XR 4
> REQ 1637334066 145 3
> VAMPIRE 1 7 11 3 0 4 0
> VAMPIRE 2 7 11 3 0 4 0
> VAMPIRE 3 7 4 2 0 4 0
> VAMPIRE 4 7 11 2 0 3 0
> GRENADE 1 7 6 2 4
> GRENADE 2 7 6 2 4
> GRENADE 4 7 12 2 3
> GRENADE 3 7 8 4 4
> POWERUP GRENADE 13 7 4 6
> POWERUP GRENADE 13 7 10 6
> BAT1 6 13 1 10 9 13 10 13 7 13
> BAT2 1 8 8 13
< RES 1637334066 145 3
< MOVE R U
> REQ 1637334066 146 3
> VAMPIRE 1 6 11 3 0 4 0
> VAMPIRE 2 6 11 3 0 4 0
> VAMPIRE 3 6 5 2 0 4 0
> VAMPIRE 4 6 11 2 0 3 0
> GRENADE 1 7 6 1 4
> GRENADE 2 7 6 1 4
> GRENADE 4 7 12 1 3
> GRENADE 3 7 8 3 4
> POWERUP GRENADE 12 7 4 6
> POWERUP GRENADE 12 7 10 6
> BAT1 6 13 1 10 9 13 10 13 7 13
> BAT2 1 8 8 13
< RES 1637334066 146 3
< MOVE D L
> REQ 1637334066 147 3
> VAMPIRE 1 7 10 3 1 4 0
> VAMPIRE 2 7 10 3 1 4 0
> VAMPIRE 3 7 4 2 1 4 0
> VAMPIRE 4 7 10 2 1 3 0
> POWERUP GRENADE 11 7 4 6
> POWERUP GRENADE 11 7 10 6
> BAT1 6 13 1 10 9 13 10 13
> BAT2 1 8 8 13
< RES 1637334066 147 3
> REQ 1637334066 148 3
> VAMPIRE 1 7 11 3 1 4 0
> VAMPIRE 2 7 11 3 1 4 0
> VAMPIRE 3 7 4 2 1 4 0
> VAMPIRE 4 7 11 2 1 3 0
> POWERUP GRENADE 10 7 4 6
> POWERUP GRENADE 10 7 10 6
> BAT1 6 13 1 10 9 13 10 13
> BAT2 1 8 8 13
< RES 1637334066 148 3
> REQ 1637334066 149 3
> VAMPIRE 1 7 11 3 0 4 0
> VAMPIRE 2 7 11 3 0 4 0
> VAMPIRE 3 7 4 2 1 4 0
> VAMPIRE 4 7 11 2 0 3 0
> GRENADE 1 7 11 5 4
> GRENADE 2 7 11 5 4
> GRENADE 4 7 11 5 3
> POWERUP GRENADE 9 7 4 6
> POWERUP GRENADE 9 7 10 6
> BAT1 6 13 1 10 9 13 10 13
> BAT2 1 8 8 13
< RES 1637334066 149 3
> REQ 1637334066 150 3
> VAMPIRE 1 7 10 3 0 4 0
> VAMPIRE 2 7 10 3 0 4 0
> VAMPIRE 3 7 4 2 1 4 0
> VAMPIRE 4 7 10 2 0 3 0
> GRENADE 1 7 13 4 4
> GRENADE 2 7 13 4 4
> GRENADE 4 7 13 4 3
> POWERUP GRENADE 8 7 4 6
> POWERUP GRENADE 8 7 10 6
> BAT1 6 13 1 10 9 13 10 13
> BAT2 1 8 8 13
< RES 1637334066 150 3
> REQ 1637334066 151 3
> VAMPIRE 1 7 8 3 0 4 0
> VAMPIRE 2 7 8 3 0 4 0
> VAMPIRE 3 7 4 2 1 4 0
> VAMPIRE 4 7 8 2 0 3 0
> GRENADE 1 7 13 3 4
> GRENADE 2 7 13 3 4
> GRENADE 4 7 13 3 3
> POWERUP GRENADE 7 7 4 6
> POWERUP GRENADE 7 7 10 6
> BAT1 6 13 1 10 9 13 10 13
> BAT2 1 8 8 13
< RES 1637334066 151 3
> REQ 1637334066 152 3
> VAMPIRE 1 7 9 3 0 4 0
> VAMPIRE 2 7 9 3 0 4 0
> VAMPIRE 3 7 4 2 1 4 0
> VAMPIRE 4 7 9 2 0 3 0
> GRENADE 1 7 13 2 4
> GRENADE 2 7 13 2 4
> GRENADE 4 7 13 2 3
> POWERUP GRENADE 6 7 4 6
> POWERUP GRENADE 6 7 10 6
> BAT1 6 13 1 10 9 13 10 13
> BAT2 1 8 8 13
< RES 1637334066 152 3
> REQ 1637334066 153 3
> VAMPIRE 1 6 9 3 0 4 0
> VAMPIRE 2 6 9 3 0 4 0
> VAMPIRE 3 7 4 2 2 4 0
> VAMPIRE 4 6 9 2 0 3 0
> GRENADE 1 7 13 1 4
> GRENADE 2 7 13 1 4
> GRENADE 4 7 13 1 3
> POWERUP GRENADE 5 7 10 6
> BAT1 6 13 1 10 9 13 10 13
> BAT2 1 8 8 13
< RES 1637334066 153 3
< MOVE R R
> REQ 1637334066 154 3
> VAMPIRE 1 7 10 3 1 4 0
> VAMPIRE 2 7 10 3 1 4 0
> VAMPIRE 3 7 6 2 2 4 0
> VAMPIRE 4 7 10 2 1 3 0
> POWERUP GRENADE 4 7 10 6
> BAT1 1 10 8 13 9 13 10 13
> BAT2 1 8
< RES 1637334066 154 3
< MOVE R R
> REQ 1637334066 155 3
> VAMPIRE 1 7 10 3 0 4 0
> VAMPIRE 2 7 10 3 0 4 0
> VAMPIRE 3 7 8 2 2 4 0
> VAMPIRE 4 7 10 2 0 3 0
> GRENADE 1 7 10 5 4
> GRENADE 2 7 10 5 4
> GRENADE 4 7 10 5 3
> POWERUP GRENADE 3 7 10 6
> BAT1 1 10 8 13 9 13 10 13
> BAT2 1 8
< RES 1637334066 155 3
< GRENADE
< MOVE R D
> REQ 1637334066 156 3
> VAMPIRE 1 7 10 3 0 4 0
> VAMPIRE 2 7 10 3 0 4 0
> VAMPIRE 3 8 9 2 1 4 0
> VAMPIRE 4 7 10 2 0 3 0
> GRENADE 1 7 13 4 4
> GRENADE 2 7 13 4 4
> GRENADE 4 7 13 4 3
> GRENADE 3 7 8 5 4
> POWERUP GRENADE 2 7 10 6
> BAT1 1 10 8 13 9 13 10 13
> BAT2 1 8
< RES 1637334066 156 3
< MOVE U R
> REQ 1637334066 157 3
> VAMPIRE 1 7 10 3 0 4 0
> VAMPIRE 2 7 10 3 0 4 0
> VAMPIRE 3 7 10 2 1 4 0
> VAMPIRE 4 7 10 2 0 3 0
> GRENADE 1 7 13 3 4
> GRENADE 2 7 13 3 4
> GRENADE 4 7 13 3 3
> GRENADE 3 7 8 4 4
> POWERUP GRENADE 1 7 10 6
> BAT1 1 10 8 13 9 13 10 13
> BAT2 1 8
< RES 1637334066 157 3
< GRENADE
> REQ 1637334066 158 3
> VAMPIRE 1 7 10 3 0 4 0
> VAMPIRE 2 7 10 3 0 4 0
> VAMPIRE 3 7 10 2 0 4 0
> VAMPIRE 4 7 10 2 0 3 0
> GRENADE 1 7 13 2 4
> GRENADE 2 7 13 2 4
> GRENADE 4 7 13 2 3
> GRENADE 3 7 8 3 4
> GRENADE 3 7 10 5 4
> POWERUP GRENADE 1 7 10 6
> BAT1 1 10 8 13 9 13 10 13
> BAT2 1 8
< RES 1637334066 158 3
> REQ 1637334066 159 3
> VAMPIRE 1 7 10 3 0 4 0
> VAMPIRE 2 7 10 3 0 4 0
> VAMPIRE 3 7 10 2 0 4 0
> VAMPIRE 4 7 10 2 0 3 0
> GRENADE 1 7 13 1 4
> GRENADE 2 7 13 1 4
> GRENADE 4 7 13 1 3
> GRENADE 3 7 8 2 4
> GRENADE 3 7 10 4 4
> POWERUP GRENADE 1 7 10 6
> BAT1 1 10 8 13 9 13 10 13
> BAT2 1 8
< RES 1637334066 159 3
< THROW XL 4
> REQ 1637334066 160 3
> VAMPIRE 1 7 10 2 1 4 0
> VAMPIRE 2 7 10 2 1 4 0
> VAMPIRE 3 7 10 1 2 4 0
> VAMPIRE 4 7 10 1 1 3 0
> POWERUP GRENADE 1 7 10 6
> BAT1 1 10 9 13 10 13
> BAT2 1 8
< RES 1637334066 160 3
< GRENADE
> REQ 1637334066 161 3
> VAMPIRE 1 7 10 2 1 4 0
> VAMPIRE 2 7 10 2 1 4 0
> VAMPIRE 3 7 10 1 2 4 0
> VAMPIRE 4 7 10 1 1 3 0
> POWERUP GRENADE 1 7 10 6
> BAT1 1 10 9 13 10 13
> BAT2 1 8
< RES 1637334066 161 3
< GRENADE
> REQ 1637334066 162 3
> VAMPIRE 1 7 10 2 1 4 0
> VAMPIRE 2 7 10 2 1 4 0
> VAMPIRE 3 7 10 1 2 4 0
> VAMPIRE 4 7 10 1 1 3 0
> POWERUP GRENADE 1 7 10 6
> BAT1 1 10 9 13 10 13
> BAT2 1 8
< RES 1637334066 162 3
< GRENADE
> REQ 1637334066 163 3
> VAMPIRE 1 7 10 2 0 4 0
> VAMPIRE 2 7 10 2 0 4 0
> VAMPIRE 3 7 10 1 1 4 0
> VAMPIRE 4 7 10 1 0 3 0
> GRENADE 1 7 10 5 4
> GRENADE 2 7 10 5 4
> GRENADE 3 7 10 5 4
> GRENADE 4 7 10 5 3
> POWERUP GRENADE 1 7 10 6
> BAT1 1 10 9 13 10 13
> BAT2 1 8
< RES 1637334066 163 3
< GRENADE
> REQ 1637334066 164 3
> VAMPIRE 1 7 10 2 0 4 0
> VAMPIRE 2 7 10 2 0 4 0
> VAMPIRE 3 7 10 1 0 4 0
> VAMPIRE 4 7 10 1 0 3 0
> GRENADE 1 7 13 4 4
> GRENADE 2 7 13 4 4
> GRENADE 3 7 10 4 4
> GRENADE 4 7 13 4 3
> GRENADE 3 7 10 5 4
> POWERUP GRENADE 1 7 10 6
> BAT1 1 10 9 13 10 13
> BAT2 1 8
< RES 1637334066 164 3
> REQ 1637334066 165 3
> VAMPIRE 1 7 10 2 0 4 0
> VAMPIRE 2 7 10 2 0 4 0
> VAMPIRE 3 7 10 1 0 4 0
> VAMPIRE 4 7 10 1 0 3 0
> GRENADE 1 7 13 3 4
> GRENADE 2 7 13 3 4
> GRENADE 3 7 10 3 4
> GRENADE 4 7 13 3 3
> GRENADE 3 7 10 4 4
> POWERUP GRENADE 1 7 10 6
> BAT1 1 10 9 13 10 13
> BAT2 1 8
< RES 1637334066 165 3
> REQ 1637334066 166 3
> VAMPIRE 1 7 10 2 0 4 0
> VAMPIRE 2 7 10 2 0 4 0
> VAMPIRE 3 7 10 1 0 4 0
> VAMPIRE 4 7 10 1 0 3 0
> GRENADE 1 7 13 2 4
> GRENADE 2 7 13 2 4
> GRENADE 3 7 10 2 4
> GRENADE 4 7 13 2 3
> GRENADE 3 7 10 3 4
> POWERUP GRENADE 1 7 10 6
> BAT1 1 10 9 13 10 13
> BAT2 1 8
< RES 1637334066 166 3
< THROW XR 3
< MOVE R D
> REQ 1637334066 167 3
> VAMPIRE 1 7 10 2 0 4 0
> VAMPIRE 2 7 10 2 0 4 0
> VAMPIRE 3 8 11 1 0 4 0
> VAMPIRE 4 7 10 1 0 3 0
> GRENADE 1 7 13 1 4
> GRENADE 2 7 13 1 4
> GRENADE 3 7 13 1 4
> GRENADE 4 7 13 1 3
> GRENADE 3 7 13 2 4
> POWERUP GRENADE 1 7 10 6
> BAT1 1 10 9 13 10 13
> BAT2 1 8
< RES 1637334066 167 3
< MOVE D R
> REQ 1637334066 168 3
> VAMPIRE 1 7 9 1 1 4 0
> VAMPIRE 2 7 9 1 1 4 0
> VAMPIRE 3 9 12 1 2 4 0
> POWERUP GRENADE 1 7 10 6
> BAT1 1 10 10 13
> BAT2 1 8
< RES 1637334066 168 3
< MOVE R U
> REQ 1637334066 169 3
> VAMPIRE 1 7 9 1 1 4 0
> VAMPIRE 2 7 9 1 1 4 0
> VAMPIRE 3 8 13 1 2 4 0
> BAT1 1 10 10 13
> BAT2 1 8
< RES 1637334066 169 3
< GRENADE
< MOVE D L
> REQ 1637334066 170 3
> VAMPIRE 1 7 9 1 1 4 0
> VAMPIRE 2 7 9 1 1 4 0
> VAMPIRE 3 9 12 1 1 4 0
> GRENADE 3 8 13 5 4
> BAT1 1 10 10 13
> BAT2 1 8
< RES 1637334066 170 3
> REQ 1637334066 171 3
> VAMPIRE 1 7 9 1 0 4 0
> VAMPIRE 2 7 9 1 0 4 0
> VAMPIRE 3 9 12 1 1 4 0
> GRENADE 3 8 13 4 4
> GRENADE 1 7 9 5 4
> GRENADE 2 7 9 5 4
> BAT1 1 10 10 13
> BAT2 1 8
< RES 1637334066 171 3
> REQ 1637334066 172 3
> VAMPIRE 1 9 9 1 0 4 0
> VAMPIRE 2 9 9 1 0 4 0
> VAMPIRE 3 9 12 1 1 4 0
> GRENADE 3 8 13 3 4
> GRENADE 1 7 13 4 4
> GRENADE 2 7 13 4 4
> POWERUP BATTERY -6 6 3 6
> POWERUP BATTERY -6 8 11 6
> BAT1 1 10 10 13
> BAT2 1 8
< RES 1637334066 172 3
< MOVE L U
> REQ 1637334066 173 3
> VAMPIRE 1 9 11 1 0 4 0
> VAMPIRE 2 9 11 1 0 4 0
> VAMPIRE 3 8 11 1 1 4 0
> GRENADE 3 8 13 2 4
> GRENADE 1 7 13 3 4
> GRENADE 2 7 13 3 4
> POWERUP BATTERY -5 6 3 6
> POWERUP BATTERY -5 8 11 6
> BAT1 1 10 10 13
> BAT2 1 8
< RES 1637334066 173 3
> REQ 1637334066 174 3
> VAMPIRE 1 8 11 1 0 4 0
> VAMPIRE 2 8 11 1 0 4 0
> VAMPIRE 3 8 11 1 1 4 0
> GRENADE 3 8 13 1 4
> GRENADE 1 7 13 2 4
> GRENADE 2 7 13 2 4
> POWERUP BATTERY -4 6 3 6
> POWERUP BATTERY -4 8 11 6
> BAT1 1 10 10 13
> BAT2 1 8
< RES 1637334066 174 3
> REQ 1637334066 175 3
> VAMPIRE 1 9 11 1 1 4 0
> VAMPIRE 2 9 11 1 1 4 0
> VAMPIRE 3 8 11 1 2 4 0
> POWERUP BATTERY -3 6 3 6
> POWERUP BATTERY -3 8 11 6
> BAT1 1 10
> BAT2 1 8
< RES 1637334066 175 3
< GRENADE
> REQ 1637334066 176 3
> VAMPIRE 1 9 11 1 1 4 0
> VAMPIRE 2 9 11 1 1 4 0
> VAMPIRE 3 8 11 1 1 4 0
> GRENADE 3 8 11 5 4
> POWERUP BATTERY -2 6 3 6
> POWERUP BATTERY -2 8 11 6
> BAT1 1 10
> BAT2 1 8
< RES 1637334066 176 3
< GRENADE
> REQ 1637334066 177 3
> VAMPIRE 1 9 9 1 1 4 0
> VAMPIRE 2 9 9 1 1 4 0
> VAMPIRE 3 8 11 1 0 4 0
> GRENADE 3 8 11 4 4
> GRENADE 3 8 11 5 4
> POWERUP BATTERY -1 6 3 6
> POWERUP BATTERY -1 8 11 6
> BAT1 1 10
> BAT2 1 8
< RES 1637334066 177 3
> REQ 1637334066 178 3
> VAMPIRE 1 7 9 1 1 4 0
> VAMPIRE 2 7 9 1 1 4 0
> VAMPIRE 3 8 11 1 0 4 0
> GRENADE 3 8 11 3 4
> GRENADE 3 8 11 4 4
> POWERUP BATTERY 12 6 3 6
> POWERUP BATTERY 12 8 11 6
> BAT1 1 10
> BAT2 1 8
< RES 1637334066 178 3
< THROW XD 4
< MOVE U
> REQ 1637334066 179 3
> VAMPIRE 1 7 7 1 1 4 0
> VAMPIRE 2 7 7 1 1 4 0
> VAMPIRE 3 7 11 1 0 4 0
> GRENADE 3 12 11 2 4
> GRENADE 3 12 11 3 4
> POWERUP BATTERY 11 6 3 6
> POWERUP BATTERY 11 8 11 6
> BAT1 1 10
> BAT2 1 8
< RES 1637334066 179 3
> REQ 1637334066 180 3
> VAMPIRE 1 7 5 1 1 4 0
> VAMPIRE 2 7 5 1 1 4 0
> VAMPIRE 3 7 11 1 0 4 0
> GRENADE 3 12 11 1 4
> GRENADE 3 12 11 2 4
> POWERUP BATTERY 10 6 3 6
> POWERUP BATTERY 10 8 11 6
> BAT1 1 10
> BAT2 1 8
< RES 1637334066 180 3
< MOVE D
> REQ 1637334066 181 3
> VAMPIRE 1 7 3 1 1 4 0
> VAMPIRE 2 7 3 1 1 4 0
> VAMPIRE 3 8 11 1 2 4 0
> POWERUP BATTERY 9 6 3 6
> POWERUP BATTERY 9 8 11 6
> BAT1 1 10
> BAT2 1 8
< RES 1637334066 181 3
> REQ 1637334066 182 3
> VAMPIRE 1 6 3 1 1 4 0
> VAMPIRE 2 6 3 1 1 4 0
> VAMPIRE 3 8 11 1 2 4 0
> POWERUP BATTERY 8 6 3 6
> POWERUP BATTERY 8 8 11 6
> BAT1 1 10
> BAT2 1 8
< RES 1637334066 182 3
> REQ 1637334066 183 3
> VAMPIRE 1 6 3 1 1 4 0
> VAMPIRE 2 6 3 1 1 4 0
> VAMPIRE 3 8 11 1 2 4 0
> POWERUP BATTERY 7 6 3 6
> POWERUP BATTERY 7 8 11 6
> BAT1 1 10
> BAT2 1 8
< RES 1637334066 183 3
> REQ 1637334066 184 3
> VAMPIRE 1 6 3 1 1 4 0
> VAMPIRE 2 6 3 1 1 4 0
> VAMPIRE 3 8 11 1 2 4 0
> POWERUP BATTERY 6 6 3 6
> POWERUP BATTERY 6 8 11 6
> BAT1 1 10
> BAT2 1 8
< RES 1637334066 184 3
> REQ 1637334066 185 3
> VAMPIRE 1 6 3 1 1 4 0
> VAMPIRE 2 6 3 1 1 4 0
> VAMPIRE 3 8 11 1 2 4 0
> POWERUP BATTERY 5 6 3 6
> POWERUP BATTERY 5 8 11 6
> BAT1 1 10
> BAT2 1 8
< RES 1637334066 185 3
> REQ 1637334066 186 3
> VAMPIRE 1 6 3 1 1 4 0
> VAMPIRE 2 6 3 1 1 4 0
> VAMPIRE 3 8 11 1 2 4 0
> POWERUP BATTERY 4 6 3 6
> POWERUP BATTERY 4 8 11 6
> BAT1 1 10
> BAT2 1 8
< RES 1637334066 186 3
> REQ 1637334066 187 3
> VAMPIRE 1 6 3 1 1 4 0
> VAMPIRE 2 6 3 1 1 4 0
> VAMPIRE 3 8 11 1 2 5 0
> POWERUP BATTERY 3 6 3 6
> BAT1 1 10
> BAT2 1 8
< RES 1637334066 187 3
< MOVE U L
> REQ 1637334066 188 3
> VAMPIRE 1 6 3 1 0 5 0
> VAMPIRE 2 6 3 1 0 5 0
> VAMPIRE 3 7 10 1 2 5 0
> GRENADE 1 6 3 5 5
> GRENADE 2 6 3 5 5
> BAT1 1 10
> BAT2 1 8
< RES 1637334066 188 3
< MOVE L
> REQ 1637334066 189 3
> VAMPIRE 1 5 3 1 0 5 0
> VAMPIRE 2 5 3 1 0 5 0
> VAMPIRE 3 7 9 1 2 5 0
> GRENADE 1 2 3 4 5
> GRENADE 2 2 3 4 5
> BAT1 1 10
> BAT2 1 8
< RES 1637334066 189 3
< MOVE U U
> REQ 1637334066 190 3
> VAMPIRE 1 3 3 1 0 5 0
> VAMPIRE 2 3 3 1 0 5 0
> VAMPIRE 3 5 9 1 2 5 0
> GRENADE 1 2 3 3 5
> GRENADE 2 2 3 3 5
> BAT1 1 10
> BAT2 1 8
< RES 1637334066 190 3
< GRENADE
> REQ 1637334066 191 3
> VAMPIRE 1 3 5 1 0 5 0
> VAMPIRE 2 3 5 1 0 5 0
> VAMPIRE 3 5 9 1 1 5 0
> GRENADE 1 1 3 2 5
> GRENADE 2 1 3 2 5
> GRENADE 3 5 9 5 5
> BAT1 1 10
> BAT2 1 8
< RES 1637334066 191 3
< THROW XU 4
< MOVE D D
> REQ 1637334066 192 3
> VAMPIRE 1 2 5 1 0 5 0
> VAMPIRE 2 3 5 1 0 5 0
> VAMPIRE 3 7 9 1 1 5 0
> GRENADE 1 1 3 1 5
> GRENADE 2 1 3 1 5
> GRENADE 3 1 9 4 5
> BAT1 1 10
> BAT2 1 8
< RES 1637334066 192 3
< MOVE L L
> REQ 1637334066 193 3
> VAMPIRE 1 1 5 1 1 5 0
> VAMPIRE 2 1 5 1 1 5 0
> VAMPIRE 3 7 7 1 1 5 0
> GRENADE 3 1 9 3 5
> BAT1 1 8 1 10
< RES 1637334066 193 3
< MOVE L L
> REQ 1637334066 194 3
> VAMPIRE 1 1 5 1 0 5 0
> VAMPIRE 2 1 5 1 0 5 0
> VAMPIRE 3 7 5 1 1 5 0
> GRENADE 3 1 9 2 5
> GRENADE 1 1 5 5 5
> GRENADE 2 1 5 5 5
> BAT1 1 8 1 10
< RES 1637334066 194 3
> REQ 1637334066 195 3
> VAMPIRE 1 3 5 1 0 5 0
> VAMPIRE 2 3 5 1 0 5 0
> VAMPIRE 3 7 5 1 1 5 0
> GRENADE 3 1 9 1 5
> GRENADE 1 1 9 4 5
> GRENADE 2 1 9 4 5
> BAT1 1 8 1 10
< RES 1637334066 195 3
< MOVE D D
> REQ 1637334066 196 3
> VAMPIRE 1 3 7 1 1 5 0
> VAMPIRE 2 3 7 1 1 5 0
> VAMPIRE 3 9 5 1 2 5 0
< RES 1637334066 196 3
< MOVE R R
> REQ 1637334066 197 3
> VAMPIRE 1 5 7 1 1 5 0
> VAMPIRE 2 5 7 1 1 5 0
> VAMPIRE 3 9 7 1 2 5 0
< RES 1637334066 197 3
< MOVE D D
> REQ 1637334066 198 3
> VAMPIRE 1 3 7 1 1 5 0
> VAMPIRE 2 3 7 1 1 5 0
> VAMPIRE 3 11 7 1 2 5 0
< RES 1637334066 198 3
< MOVE U U
> REQ 1637334066 199 3
> VAMPIRE 1 5 7 1 1 5 0
> VAMPIRE 2 5 7 1 1 5 0
> VAMPIRE 3 9 7 1 2 5 0
< RES 1637334066 199 3
< MOVE D D
> REQ 1637334066 200 3
> VAMPIRE 1 3 7 1 1 5 0
> VAMPIRE 2 3 7 1 1 5 0
> VAMPIRE 3 11 7 1 2 5 0
< RES 1637334066 200 3
< MOVE U U
> REQ 1637334066 201 3
> VAMPIRE 1 5 7 1 1 5 0
> VAMPIRE 2 5 7 1 1 5 0
> VAMPIRE 3 9 7 1 2 5 0
< RES 1637334066 201 3
< MOVE D D
> REQ 1637334066 202 3
> VAMPIRE 1 3 7 1 1 5 0
> VAMPIRE 2 3 7 1 1 5 0
> VAMPIRE 3 11 7 1 2 5 0
> POWERUP BATTERY -8 1 9 4
> POWERUP BATTERY -8 13 5 4
< RES 1637334066 202 3
< MOVE D D
> REQ 1637334066 203 3
> VAMPIRE 1 1 7 1 1 5 0
> VAMPIRE 2 1 7 1 1 5 0
> VAMPIRE 3 13 7 1 2 5 0
> POWERUP BATTERY -7 1 9 4
> POWERUP BATTERY -7 13 5 4
< RES 1637334066 203 3
< MOVE L L
> REQ 1637334066 204 3
> VAMPIRE 1 1 9 1 1 5 0
> VAMPIRE 2 1 9 1 1 5 0
> VAMPIRE 3 13 5 1 2 5 0
> POWERUP BATTERY -6 1 9 4
> POWERUP BATTERY -6 13 5 4
< RES 1637334066 204 3
> REQ 1637334066 205 3
> VAMPIRE 1 1 9 1 1 5 0
> VAMPIRE 2 1 9 1 1 5 0
> VAMPIRE 3 13 5 1 2 5 0
> POWERUP BATTERY -5 1 9 4
> POWERUP BATTERY -5 13 5 4
< RES 1637334066 205 3
> REQ 1637334066 206 3
> VAMPIRE 1 1 9 1 1 5 0
> VAMPIRE 2 1 9 1 1 5 0
> VAMPIRE 3 13 5 1 2 5 0
> POWERUP BATTERY -4 1 9 4
> POWERUP BATTERY -4 13 5 4
< RES 1637334066 206 3
> REQ 1637334066 207 3
> VAMPIRE 1 1 9 1 1 5 0
> VAMPIRE 2 1 9 1 1 5 0
> VAMPIRE 3 13 5 1 2 5 0
> POWERUP BATTERY -3 1 9 4
> POWERUP BATTERY -3 13 5 4
< RES 1637334066 207 3
> REQ 1637334066 208 3
> VAMPIRE 1 1 9 1 1 5 0
> VAMPIRE 2 1 9 1 1 5 0
> VAMPIRE 3 13 5 1 2 5 0
> POWERUP BATTERY -2 1 9 4
> POWERUP BATTERY -2 13 5 4
< RES 1637334066 208 3
> REQ 1637334066 209 3
> VAMPIRE 1 1 9 1 1 5 0
> VAMPIRE 2 1 9 1 1 5 0
> VAMPIRE 3 13 5 1 2 5 0
> POWERUP BATTERY -1 1 9 4
> POWERUP BATTERY -1 13 5 4
< RES 1637334066 209 3
> REQ 1637334066 210 3
> VAMPIRE 1 1 9 1 1 5 0
> VAMPIRE 2 1 9 1 1 5 0
> VAMPIRE 3 13 5 1 2 5 0
> POWERUP BATTERY 19 1 9 4
> POWERUP BATTERY 19 13 5 4
< RES 1637334066 210 3
> REQ 1637334066 211 3
> VAMPIRE 1 1 9 1 1 5 0
> VAMPIRE 2 1 9 1 1 5 0
> VAMPIRE 3 13 5 1 2 5 0
> POWERUP BATTERY 18 1 9 4
> POWERUP BATTERY 18 13 5 4
< RES 1637334066 211 3
> REQ 1637334066 212 3
> VAMPIRE 1 1 9 1 1 5 0
> VAMPIRE 2 1 9 1 1 5 0
> VAMPIRE 3 13 5 1 2 5 0
> POWERUP BATTERY 17 1 9 4
> POWERUP BATTERY 17 13 5 4
< RES 1637334066 212 3
> REQ 1637334066 213 3
> VAMPIRE 1 1 9 1 1 6 0
> VAMPIRE 2 1 9 1 1 6 0
> VAMPIRE 3 13 5 1 2 6 0
< RES 1637334066 213 3
< MOVE U U
> REQ 1637334066 214 3
> VAMPIRE 1 3 9 1 1 6 0
> VAMPIRE 2 3 9 1 1 6 0
> VAMPIRE 3 11 5 1 2 6 0
< RES 1637334066 214 3
< MOVE R R
> REQ 1637334066 215 3
> VAMPIRE 1 5 9 1 1 6 0
> VAMPIRE 2 5 9 1 1 6 0
> VAMPIRE 3 11 7 1 2 6 0
< RES 1637334066 215 3
< MOVE U U
> REQ 1637334066 216 3
> VAMPIRE 1 5 7 1 1 6 0
> VAMPIRE 2 5 7 1 1 6 0
> VAMPIRE 3 9 7 1 2 6 0
< RES 1637334066 216 3
< MOVE D D
> REQ 1637334066 217 3
> VAMPIRE 1 3 7 1 1 6 0
> VAMPIRE 2 3 7 1 1 6 0
> VAMPIRE 3 11 7 1 2 6 0
< RES 1637334066 217 3
< MOVE U U
> REQ 1637334066 218 3
> VAMPIRE 1 5 7 1 1 6 0
> VAMPIRE 2 5 7 1 1 6 0
> VAMPIRE 3 9 7 1 2 6 0
< RES 1637334066 218 3
< MOVE D D
> REQ 1637334066 219 3
> VAMPIRE 1 3 7 1 1 6 0
> VAMPIRE 2 3 7 1 1 6 0
> VAMPIRE 3 11 7 1 2 6 0
< RES 1637334066 219 3
< MOVE U U
> REQ 1637334066 220 3
> VAMPIRE 1 5 7 1 1 6 0
> VAMPIRE 2 5 7 1 1 6 0
> VAMPIRE 3 9 7 1 2 6 0
< RES 1637334066 220 3
< MOVE D D
> REQ 1637334066 221 3
> VAMPIRE 1 3 7 1 1 6 0
> VAMPIRE 2 3 7 1 1 6 0
> VAMPIRE 3 11 7 1 2 6 0
< RES 1637334066 221 3
< MOVE U U
> REQ 1637334066 222 3
> VAMPIRE 1 5 7 1 1 6 0
> VAMPIRE 2 5 7 1 1 6 0
> VAMPIRE 3 9 7 1 2 6 0
< RES 1637334066 222 3
< MOVE D D
> REQ 1637334066 223 3
> VAMPIRE 1 3 7 1 1 6 0
> VAMPIRE 2 3 7 1 1 6 0
> VAMPIRE 3 11 7 1 2 6 0
< RES 1637334066 223 3
< MOVE U U
> REQ 1637334066 224 3
> VAMPIRE 1 5 7 1 1 6 0
> VAMPIRE 2 5 7 1 1 6 0
> VAMPIRE 3 9 7 1 2 6 0
< RES 1637334066 224 3
< MOVE D D
> REQ 1637334066 225 3
> VAMPIRE 1 3 7 1 1 6 0
> VAMPIRE 2 3 7 1 1 6 0
> VAMPIRE 3 11 7 1 2 6 0
< RES 1637334066 225 3
< MOVE U U
> REQ 1637334066 226 3
> VAMPIRE 1 5 7 1 1 6 0
> VAMPIRE 2 5 7 1 1 6 0
> VAMPIRE 3 9 7 1 2 6 0
< RES 1637334066 226 3
< MOVE D D
> REQ 1637334066 227 3
> VAMPIRE 1 3 7 1 1 6 0
> VAMPIRE 2 3 7 1 1 6 0
> VAMPIRE 3 11 7 1 2 6 0
< RES 1637334066 227 3
< MOVE U U
> REQ 1637334066 228 3
> VAMPIRE 1 5 7 1 1 6 0
> VAMPIRE 2 5 7 1 1 6 0
> VAMPIRE 3 9 7 1 2 6 0
< RES 1637334066 228 3
< MOVE D D
> REQ 1637334066 229 3
> VAMPIRE 1 3 7 1 1 6 0
> VAMPIRE 2 3 7 1 1 6 0
> VAMPIRE 3 11 7 1 2 6 0
< RES 1637334066 229 3
< MOVE U U
> REQ 1637334066 230 3
> VAMPIRE 1 5 7 1 1 6 0
> VAMPIRE 2 5 7 1 1 6 0
> VAMPIRE 3 9 7 1 2 6 0
< RES 1637334066 230 3
< MOVE D D
> REQ 1637334066 231 3
> VAMPIRE 1 3 7 1 1 6 0
> VAMPIRE 2 3 7 1 1 6 0
> VAMPIRE 3 11 7 1 2 6 0
< RES 1637334066 231 3
< MOVE U U
> REQ 1637334066 232 3
> VAMPIRE 1 5 7 1 1 6 0
> VAMPIRE 2 5 7 1 1 6 0
> VAMPIRE 3 9 7 1 2 6 0
< RES 1637334066 232 3
< MOVE D D
> REQ 1637334066 233 3
> VAMPIRE 1 3 7 1 1 6 0
> VAMPIRE 2 3 7 1 1 6 0
> VAMPIRE 3 11 7 1 2 6 0
< RES 1637334066 233 3
< MOVE U U
> REQ 1637334066 234 3
> VAMPIRE 1 5 7 1 1 6 0
> VAMPIRE 2 5 7 1 1 6 0
> VAMPIRE 3 9 7 1 2 6 0
< RES 1637334066 234 3
< MOVE D D
> REQ 1637334066 235 3
> VAMPIRE 1 3 7 1 1 6 0
> VAMPIRE 2 3 7 1 1 6 0
> VAMPIRE 3 11 7 1 2 6 0
< RES 1637334066 235 3
< MOVE U U
> REQ 1637334066 236 3
> VAMPIRE 1 5 7 1 1 6 0
> VAMPIRE 2 5 7 1 1 6 0
> VAMPIRE 3 9 7 1 2 6 0
< RES 1637334066 236 3
< MOVE D D
> REQ 1637334066 237 3
> VAMPIRE 1 3 7 1 1 6 0
> VAMPIRE 2 3 7 1 1 6 0
> VAMPIRE 3 11 7 1 2 6 0
< RES 1637334066 237 3
< MOVE U U
> REQ 1637334066 238 3
> VAMPIRE 1 5 7 1 1 6 0
> VAMPIRE 2 5 7 1 1 6 0
> VAMPIRE 3 9 7 1 2 6 0
> POWERUP SHOE -6 11 1 6
> POWERUP SHOE -6 3 13 6
< RES 1637334066 238 3
< MOVE D D
> REQ 1637334066 239 3
> VAMPIRE 1 3 7 1 1 6 0
> VAMPIRE 2 3 7 1 1 6 0
> VAMPIRE 3 11 7 1 2 6 0
> POWERUP SHOE -5 11 1 6
> POWERUP SHOE -5 3 13 6
< RES 1637334066 239 3
< MOVE L L
> REQ 1637334066 240 3
> VAMPIRE 1 3 9 1 1 6 0
> VAMPIRE 2 3 9 1 1 6 0
> VAMPIRE 3 11 5 1 2 6 0
> POWERUP SHOE -4 11 1 6
> POWERUP SHOE -4 3 13 6
< RES 1637334066 240 3
< MOVE L L
> REQ 1637334066 241 3
> VAMPIRE 1 3 11 1 1 6 0
> VAMPIRE 2 3 11 1 1 6 0
> VAMPIRE 3 11 3 1 2 6 0
> POWERUP SHOE -3 11 1 6
> POWERUP SHOE -3 3 13 6
< RES 1637334066 241 3
< MOVE L L
> REQ 1637334066 242 3
> VAMPIRE 1 3 13 1 1 6 0
> VAMPIRE 2 3 13 1 1 6 0
> VAMPIRE 3 11 1 1 2 6 0
> POWERUP SHOE -2 11 1 6
> POWERUP SHOE -2 3 13 6
< RES 1637334066 242 3
> REQ 1637334066 243 3
> VAMPIRE 1 3 13 1 1 6 0
> VAMPIRE 2 3 13 1 1 6 0
> VAMPIRE 3 11 1 1 2 6 0
> POWERUP SHOE -1 11 1 6
> POWERUP SHOE -1 3 13 6
< RES 1637334066 243 3
> REQ 1637334066 244 3
> VAMPIRE 1 3 13 1 1 6 0
> VAMPIRE 2 3 13 1 1 6 0
> VAMPIRE 3 11 1 1 2 6 0
> POWERUP SHOE 19 11 1 6
> POWERUP SHOE 19 3 13 6
< RES 1637334066 244 3
> REQ 1637334066 245 3
> VAMPIRE 1 3 13 1 1 6 0
> VAMPIRE 2 3 13 1 1 6 0
> VAMPIRE 3 11 1 1 2 6 0
> POWERUP SHOE 18 11 1 6
> POWERUP SHOE 18 3 13 6
< RES 1637334066 245 3
> REQ 1637334066 246 3
> VAMPIRE 1 3 13 1 1 6 0
> VAMPIRE 2 3 13 1 1 6 0
> VAMPIRE 3 11 1 1 2 6 0
> POWERUP SHOE 17 11 1 6
> POWERUP SHOE 17 3 13 6
< RES 1637334066 246 3
> REQ 1637334066 247 3
> VAMPIRE 1 3 13 1 1 6 0
> VAMPIRE 2 3 13 1 1 6 0
> VAMPIRE 3 11 1 1 2 6 0
> POWERUP SHOE 16 11 1 6
> POWERUP SHOE 16 3 13 6
< RES 1637334066 247 3
> REQ 1637334066 248 3
> VAMPIRE 1 3 13 1 1 6 0
> VAMPIRE 2 3 13 1 1 6 0
> VAMPIRE 3 11 1 1 2 6 0
> POWERUP SHOE 15 11 1 6
> POWERUP SHOE 15 3 13 6
< RES 1637334066 248 3
> REQ 1637334066 249 3
> VAMPIRE 1 3 13 1 1 6 30
> VAMPIRE 2 3 13 1 1 6 30
> VAMPIRE 3 11 1 1 2 6 30
< RES 1637334066 249 3
< MOVE R R
> REQ 1637334066 250 3
> VAMPIRE 1 3 11 1 1 6 29
> VAMPIRE 2 3 11 1 1 6 29
> VAMPIRE 3 11 3 1 2 6 29
< RES 1637334066 250 3
< MOVE R R
> REQ 1637334066 251 3
> VAMPIRE 1 3 9 1 1 6 28
> VAMPIRE 2 3 9 1 1 6 28
> VAMPIRE 3 11 5 1 2 6 28
< RES 1637334066 251 3
< MOVE U U
> REQ 1637334066 252 3
> VAMPIRE 1 5 9 1 1 6 27
> VAMPIRE 2 5 9 1 1 6 27
> VAMPIRE 3 9 5 1 2 6 27
< RES 1637334066 252 3
< MOVE L L
> REQ 1637334066 253 3
> VAMPIRE 1 3 9 1 1 6 26
> VAMPIRE 2 3 9 1 1 6 26
> VAMPIRE 3 9 3 1 2 6 26
< RES 1637334066 253 3
< MOVE R R
> REQ 1637334066 254 3
> VAMPIRE 1 5 9 1 1 6 25
> VAMPIRE 2 5 9 1 1 6 25
> VAMPIRE 3 9 5 1 2 6 25
< RES 1637334066 254 3
< MOVE L L
> REQ 1637334066 255 3
> VAMPIRE 1 3 9 1 1 6 24
> VAMPIRE 2 3 9 1 1 6 24
> VAMPIRE 3 9 3 1 2 6 24
< RES 1637334066 255 3
< MOVE R R
> REQ 1637334066 256 3
> VAMPIRE 1 5 9 1 1 6 23
> VAMPIRE 2 5 9 1 1 6 23
> VAMPIRE 3 9 5 1 2 6 23
< RES 1637334066 256 3
< MOVE L L
> REQ 1637334066 257 3
> VAMPIRE 1 3 9 1 1 6 22
> VAMPIRE 2 3 9 1 1 6 22
> VAMPIRE 3 9 3 1 2 6 22
< RES 1637334066 257 3
< MOVE R R
> REQ 1637334066 258 3
> VAMPIRE 1 5 9 1 1 6 21
> VAMPIRE 2 5 9 1 1 6 21
> VAMPIRE 3 9 5 1 2 6 21
< RES 1637334066 258 3
< MOVE L L
> REQ 1637334066 259 3
> VAMPIRE 1 3 9 1 1 6 20
> VAMPIRE 2 3 9 1 1 6 20
> VAMPIRE 3 9 3 1 2 6 20
< RES 1637334066 259 3
< MOVE R R
> REQ 1637334066 260 3
> VAMPIRE 1 5 9 1 1 6 19
> VAMPIRE 2 5 9 1 1 6 19
> VAMPIRE 3 9 5 1 2 6 19
< RES 1637334066 260 3
< MOVE L L
> REQ 1637334066 261 3
> VAMPIRE 1 3 9 1 1 6 18
> VAMPIRE 2 3 9 1 1 6 18
> VAMPIRE 3 9 3 1 2 6 18
< RES 1637334066 261 3
< MOVE R R
> REQ 1637334066 262 3
> VAMPIRE 1 5 9 1 1 6 17
> VAMPIRE 2 5 9 1 1 6 17
> VAMPIRE 3 9 5 1 2 6 17
< RES 1637334066 262 3
< MOVE L L
> REQ 1637334066 263 3
> VAMPIRE 1 3 9 1 1 6 16
> VAMPIRE 2 3 9 1 1 6 16
> VAMPIRE 3 9 3 1 2 6 16
< RES 1637334066 263 3
< MOVE R R
> REQ 1637334066 264 3
> VAMPIRE 1 5 9 1 1 6 15
> VAMPIRE 2 5 9 1 1 6 15
> VAMPIRE 3 9 5 1 2 6 15
< RES 1637334066 264 3
< MOVE L L
> REQ 1637334066 265 3
> VAMPIRE 1 3 9 1 1 6 14
> VAMPIRE 2 3 9 1 1 6 14
> VAMPIRE 3 9 3 1 2 6 14
< RES 1637334066 265 3
< MOVE R R
> REQ 1637334066 266 3
> VAMPIRE 1 5 9 1 1 6 13
> VAMPIRE 2 5 9 1 1 6 13
> VAMPIRE 3 9 5 1 2 6 13
< RES 1637334066 266 3
< MOVE L L
> REQ 1637334066 267 3
> VAMPIRE 1 3 9 1 1 6 12
> VAMPIRE 2 3 9 1 1 6 12
> VAMPIRE 3 9 3 1 2 6 12
< RES 1637334066 267 3
< MOVE R R
> REQ 1637334066 268 3
> VAMPIRE 1 5 9 1 1 6 11
> VAMPIRE 2 5 9 1 1 6 11
> VAMPIRE 3 9 5 1 2 6 11
< RES 1637334066 268 3
< MOVE L L
> REQ 1637334066 269 3
> VAMPIRE 1 3 9 1 1 6 10
> VAMPIRE 2 3 9 1 1 6 10
> VAMPIRE 3 9 3 1 2 6 10
< RES 1637334066 269 3
< MOVE R R
> REQ 1637334066 270 3
> VAMPIRE 1 5 9 1 1 6 9
> VAMPIRE 2 5 9 1 1 6 9
> VAMPIRE 3 9 5 1 2 6 9
< RES 1637334066 270 3
< MOVE L L
> REQ 1637334066 271 3
> VAMPIRE 1 3 9 1 1 6 8
> VAMPIRE 2 3 9 1 1 6 8
> VAMPIRE 3 9 3 1 2 6 8
< RES 1637334066 271 3
< MOVE R R
> REQ 1637334066 272 3
> VAMPIRE 1 5 9 1 1 6 7
> VAMPIRE 2 5 9 1 1 6 7
> VAMPIRE 3 9 5 1 2 6 7
< RES 1637334066 272 3
< MOVE L L
> REQ 1637334066 273 3
> VAMPIRE 1 3 9 1 1 6 6
> VAMPIRE 2 3 9 1 1 6 6
> VAMPIRE 3 9 3 1 2 6 6
> POWERUP BATTERY -7 13 1 5
> POWERUP BATTERY -7 1 13 5
< RES 1637334066 273 3
< MOVE D D D
> REQ 1637334066 274 3
> VAMPIRE 1 1 10 1 1 6 5
> VAMPIRE 2 1 10 1 1 6 5
> VAMPIRE 3 12 3 1 2 6 5
> POWERUP BATTERY -6 13 1 5
> POWERUP BATTERY -6 1 13 5
< RES 1637334066 274 3
< MOVE D L L
> REQ 1637334066 275 3
> VAMPIRE 1 1 13 1 1 6 4
> VAMPIRE 2 1 13 1 1 6 4
> VAMPIRE 3 13 1 1 2 6 4
> POWERUP BATTERY -5 13 1 5
> POWERUP BATTERY -5 1 13 5
< RES 1637334066 275 3
> REQ 1637334066 276 3
> VAMPIRE 1 1 13 1 1 6 3
> VAMPIRE 2 1 13 1 1 6 3
> VAMPIRE 3 13 1 1 2 6 3
> POWERUP BATTERY -4 13 1 5
> POWERUP BATTERY -4 1 13 5
< RES 1637334066 276 3
> REQ 1637334066 277 3
> VAMPIRE 1 1 13 1 1 6 2
> VAMPIRE 2 1 13 1 1 6 2
> VAMPIRE 3 13 1 1 2 6 2
> POWERUP BATTERY -3 13 1 5
> POWERUP BATTERY -3 1 13 5
< RES 1637334066 277 3
> REQ 1637334066 278 3
> VAMPIRE 1 1 13 1 1 6 1
> VAMPIRE 2 1 13 1 1 6 1
> VAMPIRE 3 13 1 1 2 6 1
> POWERUP BATTERY -2 13 1 5
> POWERUP BATTERY -2 1 13 5
< RES 1637334066 278 3
> REQ 1637334066 279 3
> VAMPIRE 1 1 13 1 1 6 0
> VAMPIRE 2 1 13 1 1 6 0
> VAMPIRE 3 13 1 1 2 6 0
> POWERUP BATTERY -1 13 1 5
> POWERUP BATTERY -1 1 13 5
< RES 1637334066 279 3
> REQ 1637334066 280 3
> VAMPIRE 1 1 13 1 1 6 0
> VAMPIRE 2 1 13 1 1 6 0
> VAMPIRE 3 13 1 1 2 6 0
> POWERUP BATTERY 20 13 1 5
> POWERUP BATTERY 20 1 13 5
< RES 1637334066 280 3
> REQ 1637334066 281 3
> VAMPIRE 1 1 13 1 1 6 0
> VAMPIRE 2 1 13 1 1 6 0
> VAMPIRE 3 13 1 1 2 6 0
> POWERUP BATTERY 19 13 1 5
> POWERUP BATTERY 19 1 13 5
< RES 1637334066 281 3
> REQ 1637334066 282 3
> VAMPIRE 1 1 13 1 1 6 0
> VAMPIRE 2 1 13 1 1 6 0
> VAMPIRE 3 13 1 1 2 6 0
> POWERUP BATTERY 18 13 1 5
> POWERUP BATTERY 18 1 13 5
< RES 1637334066 282 3
> REQ 1637334066 283 3
> VAMPIRE 1 1 13 1 1 6 0
> VAMPIRE 2 1 13 1 1 6 0
> VAMPIRE 3 13 1 1 2 6 0
> POWERUP BATTERY 17 13 1 5
> POWERUP BATTERY 17 1 13 5
< RES 1637334066 283 3
> REQ 1637334066 284 3
> VAMPIRE 1 1 13 1 1 7 0
> VAMPIRE 2 1 13 1 1 7 0
> VAMPIRE 3 13 1 1 2 7 0
< RES 1637334066 284 3
< MOVE U U
> REQ 1637334066 285 3
> VAMPIRE 1 3 13 1 1 7 0
> VAMPIRE 2 3 13 1 1 7 0
> VAMPIRE 3 11 1 1 2 7 0
< RES 1637334066 285 3
< MOVE R R
> REQ 1637334066 286 3
> VAMPIRE 1 3 11 1 1 7 0
> VAMPIRE 2 3 11 1 1 7 0
> VAMPIRE 3 11 3 1 2 7 0
< RES 1637334066 286 3
< MOVE R R
> REQ 1637334066 287 3
> VAMPIRE 1 3 9 1 1 7 0
> VAMPIRE 2 3 9 1 1 7 0
> VAMPIRE 3 11 5 1 2 7 0
< RES 1637334066 287 3
< MOVE R R
> REQ 1637334066 288 3
> VAMPIRE 1 5 9 1 1 7 0
> VAMPIRE 2 5 9 1 1 7 0
> VAMPIRE 3 11 7 1 2 7 0
< RES 1637334066 288 3
< MOVE U U
> REQ 1637334066 289 3
> VAMPIRE 1 5 7 1 1 7 0
> VAMPIRE 2 5 7 1 1 7 0
> VAMPIRE 3 9 7 1 2 7 0
< RES 1637334066 289 3
< MOVE D D
> REQ 1637334066 290 3
> VAMPIRE 1 3 7 1 1 7 0
> VAMPIRE 2 3 7 1 1 7 0
> VAMPIRE 3 11 7 1 2 7 0
< RES 1637334066 290 3
< MOVE U U
> REQ 1637334066 291 3
> VAMPIRE 1 5 7 1 1 7 0
> VAMPIRE 2 5 7 1 1 7 0
> VAMPIRE 3 9 7 1 2 7 0
< RES 1637334066 291 3
< MOVE D D
> REQ 1637334066 292 3
> VAMPIRE 1 3 7 1 1 7 0
> VAMPIRE 2 3 7 1 1 7 0
> VAMPIRE 3 11 7 1 2 7 0
< RES 1637334066 292 3
< MOVE U U
> REQ 1637334066 293 3
> VAMPIRE 1 5 7 1 1 7 0
> VAMPIRE 2 5 7 1 1 7 0
> VAMPIRE 3 9 7 1 2 7 0
< RES 1637334066 293 3
< MOVE D D
> REQ 1637334066 294 3
> VAMPIRE 1 3 7 1 1 7 0
> VAMPIRE 2 3 7 1 1 7 0
> VAMPIRE 3 11 7 1 2 7 0
< RES 1637334066 294 3
< MOVE U U
> REQ 1637334066 295 3
> VAMPIRE 1 5 7 1 1 7 0
> VAMPIRE 2 5 7 1 1 7 0
> VAMPIRE 3 9 7 1 2 7 0
< RES 1637334066 295 3
< MOVE D D
> REQ 1637334066 296 3
> VAMPIRE 1 3 7 1 1 7 0
> VAMPIRE 2 3 7 1 1 7 0
> VAMPIRE 3 11 7 1 2 7 0
< RES 1637334066 296 3
< MOVE U U
> REQ 1637334066 297 3
> VAMPIRE 1 5 7 1 1 7 0
> VAMPIRE 2 5 7 1 1 7 0
> VAMPIRE 3 9 7 1 2 7 0
< RES 1637334066 297 3
< MOVE D D
> REQ 1637334066 298 3
> VAMPIRE 1 3 7 1 1 7 0
> VAMPIRE 2 3 7 1 1 7 0
> VAMPIRE 3 11 7 1 2 7 0
< RES 1637334066 298 3
< MOVE U U
> REQ 1637334066 299 3
> VAMPIRE 1 5 7 1 1 7 0
> VAMPIRE 2 5 7 1 1 7 0
> VAMPIRE 3 9 7 1 2 7 0
< RES 1637334066 299 3
< MOVE D D
> REQ 1637334066 300 3
> VAMPIRE 1 3 7 1 1 7 0
> VAMPIRE 2 3 7 1 1 7 0
> VAMPIRE 3 11 7 1 2 7 0
< RES 1637334066 300 3
< MOVE U U
> REQ 1637334066 301 3
> VAMPIRE 1 5 7 1 1 7 0
> VAMPIRE 2 5 7 1 1 7 0
> VAMPIRE 3 9 7 1 2 7 0
< RES 1637334066 301 3
< MOVE D D
> REQ 1637334066 302 3
> VAMPIRE 1 3 7 1 1 7 0
> VAMPIRE 2 3 7 1 1 7 0
> VAMPIRE 3 11 7 1 2 7 0
< RES 1637334066 302 3
< MOVE U U
> REQ 1637334066 303 3
> VAMPIRE 1 5 7 1 1 7 0
> VAMPIRE 2 5 7 1 1 7 0
> VAMPIRE 3 9 7 1 2 7 0
< RES 1637334066 303 3
< MOVE D D
> REQ 1637334066 304 3
> VAMPIRE 1 3 7 1 1 7 0
> VAMPIRE 2 3 7 1 1 7 0
> VAMPIRE 3 11 7 1 2 7 0
> POWERUP SHOE -4 1 13 6
> POWERUP SHOE -4 13 1 6
< RES 1637334066 304 3
< MOVE D D
> REQ 1637334066 305 3
> VAMPIRE 1 1 7 1 1 7 0
> VAMPIRE 2 1 7 1 1 7 0
> VAMPIRE 3 13 7 1 2 7 0
> POWERUP SHOE -3 1 13 6
> POWERUP SHOE -3 13 1 6
< RES 1637334066 305 3
< MOVE L L
> REQ 1637334066 306 3
> VAMPIRE 1 1 9 1 1 7 0
> VAMPIRE 2 1 9 1 1 7 0
> VAMPIRE 3 13 5 1 2 7 0
> POWERUP SHOE -2 1 13 6
> POWERUP SHOE -2 13 1 6
< RES 1637334066 306 3
< MOVE L L
> REQ 1637334066 307 3
> VAMPIRE 1 1 11 1 1 7 0
> VAMPIRE 2 1 11 1 1 7 0
> VAMPIRE 3 13 3 1 2 7 0
> POWERUP SHOE -1 1 13 6
> POWERUP SHOE -1 13 1 6
< RES 1637334066 307 3
< MOVE L L
> REQ 1637334066 308 3
> VAMPIRE 1 1 13 1 1 7 0
> VAMPIRE 2 1 13 1 1 7 0
> VAMPIRE 3 13 1 1 2 7 0
> POWERUP SHOE 19 1 13 6
> POWERUP SHOE 19 13 1 6
< RES 1637334066 308 3
> REQ 1637334066 309 3
> VAMPIRE 1 1 13 1 1 7 0
> VAMPIRE 2 1 13 1 1 7 0
> VAMPIRE 3 13 1 1 2 7 0
> POWERUP SHOE 18 1 13 6
> POWERUP SHOE 18 13 1 6
< RES 1637334066 309 3
> REQ 1637334066 310 3
> VAMPIRE 1 1 13 1 1 7 0
> VAMPIRE 2 1 13 1 1 7 0
> VAMPIRE 3 13 1 1 2 7 0
> POWERUP SHOE 17 1 13 6
> POWERUP SHOE 17 13 1 6
< RES 1637334066 310 3
> REQ 1637334066 311 3
> VAMPIRE 1 1 13 1 1 7 0
> VAMPIRE 2 1 13 1 1 7 0
> VAMPIRE 3 13 1 1 2 7 0
> POWERUP SHOE 16 1 13 6
> POWERUP SHOE 16 13 1 6
< RES 1637334066 311 3
> REQ 1637334066 312 3
> VAMPIRE 1 1 13 1 1 7 0
> VAMPIRE 2 1 13 1 1 7 0
> VAMPIRE 3 13 1 1 2 7 0
> POWERUP SHOE 15 1 13 6
> POWERUP SHOE 15 13 1 6
< RES 1637334066 312 3
> REQ 1637334066 313 3
> VAMPIRE 1 1 13 1 1 7 0
> VAMPIRE 2 1 13 1 1 7 0
> VAMPIRE 3 13 1 1 2 7 0
> POWERUP SHOE 14 1 13 6
> POWERUP SHOE 14 13 1 6
< RES 1637334066 313 3
> REQ 1637334066 314 3
> VAMPIRE 1 3 13 1 1 7 30
> VAMPIRE 2 3 13 1 1 7 30
> VAMPIRE 3 13 1 1 2 7 30
< RES 1637334066 314 3
< MOVE U U
> REQ 1637334066 315 3
> VAMPIRE 1 3 11 1 1 7 29
> VAMPIRE 2 3 11 1 1 7 29
> VAMPIRE 3 11 1 1 2 7 29
< RES 1637334066 315 3
< MOVE R R
> REQ 1637334066 316 3
> VAMPIRE 1 5 11 1 1 7 28
> VAMPIRE 2 5 11 1 1 7 28
> VAMPIRE 3 11 3 1 2 7 28
< RES 1637334066 316 3
< MOVE U U
> REQ 1637334066 317 3
> VAMPIRE 1 5 9 1 1 7 27
> VAMPIRE 2 5 9 1 1 7 27
> VAMPIRE 3 9 3 1 2 7 27
< RES 1637334066 317 3
> REQ 1637334066 318 3
> VAMPIRE 1 7 9 1 1 7 26
> VAMPIRE 2 7 9 1 1 7 26
> VAMPIRE 3 9 3 1 2 7 26
< RES 1637334066 318 3
> REQ 1637334066 319 3
> VAMPIRE 1 5 9 1 1 7 25
> VAMPIRE 2 5 9 1 1 7 25
> VAMPIRE 3 9 3 1 2 7 25
< RES 1637334066 319 3
> REQ 1637334066 320 3
> VAMPIRE 1 7 9 1 1 7 24
> VAMPIRE 2 7 9 1 1 7 24
> VAMPIRE 3 9 3 1 2 7 24
< RES 1637334066 320 3
> REQ 1637334066 321 3
> VAMPIRE 1 5 9 1 1 7 23
> VAMPIRE 2 5 9 1 1 7 23
> VAMPIRE 3 9 3 1 2 7 23
< RES 1637334066 321 3
> REQ 1637334066 322 3
> VAMPIRE 1 7 9 1 1 7 22
> VAMPIRE 2 7 9 1 1 7 22
> VAMPIRE 3 9 3 1 2 7 22
< RES 1637334066 322 3
> REQ 1637334066 323 3
> VAMPIRE 1 5 9 1 1 7 21
> VAMPIRE 2 5 9 1 1 7 21
> VAMPIRE 3 9 3 1 2 7 21
< RES 1637334066 323 3
> REQ 1637334066 324 3
> VAMPIRE 1 7 9 1 1 7 20
> VAMPIRE 2 7 9 1 1 7 20
> VAMPIRE 3 9 3 1 2 7 20
< RES 1637334066 324 3
> REQ 1637334066 325 3
> VAMPIRE 1 5 9 1 1 7 19
> VAMPIRE 2 5 9 1 1 7 19
> VAMPIRE 3 9 3 1 2 7 19
< RES 1637334066 325 3
> REQ 1637334066 326 3
> VAMPIRE 1 7 9 1 1 7 18
> VAMPIRE 2 7 9 1 1 7 18
> VAMPIRE 3 9 3 1 2 7 18
< RES 1637334066 326 3
> REQ 1637334066 327 3
> VAMPIRE 1 5 9 1 1 7 17
> VAMPIRE 2 5 9 1 1 7 17
> VAMPIRE 3 9 3 1 2 7 17
< RES 1637334066 327 3
> REQ 1637334066 328 3
> VAMPIRE 1 7 9 1 1 7 16
> VAMPIRE 2 7 9 1 1 7 16
> VAMPIRE 3 9 3 1 2 7 16
< RES 1637334066 328 3
> REQ 1637334066 329 3
> VAMPIRE 1 5 9 1 1 7 15
> VAMPIRE 2 5 9 1 1 7 15
> VAMPIRE 3 9 3 1 2 7 15
< RES 1637334066 329 3
> REQ 1637334066 330 3
> VAMPIRE 1 7 9 1 1 7 14
> VAMPIRE 2 7 9 1 1 7 14
> VAMPIRE 3 9 3 1 2 7 14
< RES 1637334066 330 3
> REQ 1637334066 331 3
> VAMPIRE 1 5 9 1 1 7 13
> VAMPIRE 2 5 9 1 1 7 13
> VAMPIRE 3 9 3 1 2 7 13
< RES 1637334066 331 3
> REQ 1637334066 332 3
> VAMPIRE 1 7 9 1 1 7 12
> VAMPIRE 2 7 9 1 1 7 12
> VAMPIRE 3 9 3 1 2 7 12
< RES 1637334066 332 3
> REQ 1637334066 333 3
> VAMPIRE 1 5 9 1 1 7 11
> VAMPIRE 2 5 9 1 1 7 11
> VAMPIRE 3 9 3 1 2 7 11
< RES 1637334066 333 3
> REQ 1637334066 334 3
> VAMPIRE 1 7 9 1 1 7 10
> VAMPIRE 2 7 9 1 1 7 10
> VAMPIRE 3 9 3 1 2 7 10
< RES 1637334066 334 3
> REQ 1637334066 335 3
> VAMPIRE 1 5 9 1 1 7 9
> VAMPIRE 2 5 9 1 1 7 9
> VAMPIRE 3 9 3 1 2 7 9
< RES 1637334066 335 3
> REQ 1637334066 336 3
> VAMPIRE 1 7 9 1 1 7 8
> VAMPIRE 2 7 9 1 1 7 8
> VAMPIRE 3 9 3 1 2 7 8
< RES 1637334066 336 3
> REQ 1637334066 337 3
> VAMPIRE 1 5 9 1 1 7 7
> VAMPIRE 2 5 9 1 1 7 7
> VAMPIRE 3 9 3 1 2 7 7
< RES 1637334066 337 3
> REQ 1637334066 338 3
> VAMPIRE 1 7 9 1 1 7 6
> VAMPIRE 2 7 9 1 1 7 6
> VAMPIRE 3 9 3 1 2 7 6
> POWERUP GRENADE -8 10 9 5
> POWERUP GRENADE -8 4 5 5
< RES 1637334066 338 3
< MOVE R R R
> REQ 1637334066 339 3
> VAMPIRE 1 10 9 1 1 7 5
> VAMPIRE 2 10 9 1 1 7 5
> VAMPIRE 3 9 6 1 2 7 5
> POWERUP GRENADE -7 10 9 5
> POWERUP GRENADE -7 4 5 5
< RES 1637334066 339 3
< MOVE R R R
> REQ 1637334066 340 3
> VAMPIRE 1 10 9 1 1 7 4
> VAMPIRE 2 10 9 1 1 7 4
> VAMPIRE 3 9 9 1 2 7 4
> POWERUP GRENADE -6 10 9 5
> POWERUP GRENADE -6 4 5 5
< RES 1637334066 340 3
< GRENADE
< MOVE D D
> REQ 1637334066 341 3
> VAMPIRE 1 10 9 1 1 7 3
> VAMPIRE 2 10 9 1 1 7 3
> VAMPIRE 3 11 9 1 1 7 3
> GRENADE 3 9 9 5 7
> POWERUP GRENADE -5 10 9 5
> POWERUP GRENADE -5 4 5 5
< RES 1637334066 341 3
< GRENADE
< MOVE L L U
> REQ 1637334066 342 3
> VAMPIRE 1 10 9 1 1 7 2
> VAMPIRE 2 10 9 1 1 7 2
> VAMPIRE 3 10 7 1 0 7 2
> GRENADE 3 9 9 4 7
> GRENADE 3 11 9 5 7
> POWERUP GRENADE -4 10 9 5
> POWERUP GRENADE -4 4 5 5
< RES 1637334066 342 3
< MOVE U U U
> REQ 1637334066 343 3
> VAMPIRE 1 10 9 1 1 7 1
> VAMPIRE 2 10 9 1 1 7 1
> VAMPIRE 3 7 7 1 0 7 1
> GRENADE 3 9 9 3 7
> GRENADE 3 11 9 4 7
> POWERUP GRENADE -3 10 9 5
> POWERUP GRENADE -3 4 5 5
< RES 1637334066 343 3
< MOVE U U L
> REQ 1637334066 344 3
> VAMPIRE 1 10 9 1 1 7 0
> VAMPIRE 2 10 9 1 1 7 0
> VAMPIRE 3 5 6 1 0 7 0
> GRENADE 3 9 9 2 7
> GRENADE 3 11 9 3 7
> POWERUP GRENADE -2 10 9 5
> POWERUP GRENADE -2 4 5 5
< RES 1637334066 344 3
< MOVE L U
> REQ 1637334066 345 3
> VAMPIRE 1 10 9 1 1 7 0
> VAMPIRE 2 10 9 1 1 7 0
> VAMPIRE 3 4 5 1 0 7 0
> GRENADE 3 9 9 1 7
> GRENADE 3 11 9 2 7
> POWERUP GRENADE -1 10 9 5
> POWERUP GRENADE -1 4 5 5
< RES 1637334066 345 3
> END 1147 Survivor
