> MESSAGE OK
> LEVEL 3
> GAMEID 1637334187
> TEST 1
> MAXTICK 1000
> GRENADERADIUS 2
> SIZE 19
> REQ 1637334187 0 3
> VAMPIRE 1 17 17 3 1 2 0
> VAMPIRE 3 1 1 3 1 2 0
> VAMPIRE 4 17 1 3 1 2 0
> VAMPIRE 2 1 17 3 1 2 0
> BAT1 9 1 1 5 17 5 5 7 9 7 13 7 7 8 11 8 1 9 3 9 5 9 13 9 15 9 17 9 7 10 11 10 5 11 9 11 13 11 1 13 17 13 9 17
> BAT2 5 1 13 1 7 4 9 4 11 4 6 5 8 5 10 5 12 5 3 6 7 6 11 6 15 6 2 7 4 7 14 7 16 7 3 8 15 8 6 9 12 9 3 10 15 10 2 11 4 11 14 11 16 11 3 12 7 12 11 12 15 12 6 13 8 13 10 13 12 13 7 14 9 14 11 14 5 17 13 17
> BAT3 3 2 7 2 11 2 15 2 2 3 4 3 6 3 8 3 10 3 12 3 14 3 16 3 3 4 15 4 9 6 8 9 10 9 9 12 3 14 15 14 2 15 4 15 6 15 8 15 10 15 12 15 14 15 16 15 3 16 7 16 11 16 15 16
< RES 1637334187 0 3
< MOVE R R
> REQ 1637334187 1 3
> VAMPIRE 1 17 15 3 1 2 0
> VAMPIRE 3 1 3 3 1 2 0
> VAMPIRE 4 17 3 3 1 2 0
> VAMPIRE 2 1 15 3 1 2 0
> BAT1 9 1 1 5 17 5 5 7 9 7 13 7 7 8 11 8 1 9 3 9 5 9 13 9 15 9 17 9 7 10 11 10 5 11 9 11 13 11 1 13 17 13 9 17
> BAT2 5 1 13 1 7 4 9 4 11 4 6 5 8 5 10 5 12 5 3 6 7 6 11 6 15 6 2 7 4 7 14 7 16 7 3 8 15 8 6 9 12 9 3 10 15 10 2 11 4 11 14 11 16 11 3 12 7 12 11 12 15 12 6 13 8 13 10 13 12 13 7 14 9 14 11 14 5 17 13 17
> BAT3 3 2 7 2 11 2 15 2 2 3 4 3 6 3 8 3 10 3 12 3 14 3 16 3 3 4 15 4 9 6 8 9 10 9 9 12 3 14 15 14 2 15 4 15 6 15 8 15 10 15 12 15 14 15 16 15 3 16 7 16 11 16 15 16
< RES 1637334187 1 3
< GRENADE
< MOVE L L
> REQ 1637334187 2 3
> VAMPIRE 1 17 15 3 0 2 0
> VAMPIRE 3 1 1 3 0 2 0
> VAMPIRE 4 17 1 3 0 2 0
> VAMPIRE 2 1 15 3 0 2 0
> GRENADE 1 17 15 5 2
> GRENADE 3 1 3 5 2
> GRENADE 4 17 3 5 2
> GRENADE 2 1 15 5 2
> BAT1 9 1 1 5 17 5 5 7 9 7 13 7 7 8 11 8 1 9 3 9 5 9 13 9 15 9 17 9 7 10 11 10 5 11 9 11 13 11 1 13 17 13 9 17
> BAT2 5 1 13 1 7 4 9 4 11 4 6 5 8 5 10 5 12 5 3 6 7 6 11 6 15 6 2 7 4 7 14 7 16 7 3 8 15 8 6 9 12 9 3 10 15 10 2 11 4 11 14 11 16 11 3 12 7 12 11 12 15 12 6 13 8 13 10 13 12 13 7 14 9 14 11 14 5 17 13 17
> BAT3 3 2 7 2 11 2 15 2 2 3 4 3 6 3 8 3 10 3 12 3 14 3 16 3 3 4 15 4 9 6 8 9 10 9 9 12 3 14 15 14 2 15 4 15 6 15 8 15 10 15 12 15 14 15 16 15 3 16 7 16 11 16 15 16
< RES 1637334187 2 3
< MOVE D D
> REQ 1637334187 3 3
> VAMPIRE 1 17 15 3 0 2 0
> VAMPIRE 3 3 1 3 0 2 0
> VAMPIRE 4 15 1 3 0 2 0
> VAMPIRE 2 1 15 3 0 2 0
> GRENADE 1 15 15 4 2
> GRENADE 3 1 3 4 2
> GRENADE 4 17 3 4 2
> GRENADE 2 3 15 4 2
> BAT1 9 1 1 5 17 5 5 7 9 7 13 7 7 8 11 8 1 9 3 9 5 9 13 9 15 9 17 9 7 10 11 10 5 11 9 11 13 11 1 13 17 13 9 17
> BAT2 5 1 13 1 7 4 9 4 11 4 6 5 8 5 10 5 12 5 3 6 7 6 11 6 15 6 2 7 4 7 14 7 16 7 3 8 15 8 6 9 12 9 3 10 15 10 2 11 4 11 14 11 16 11 3 12 7 12 11 12 15 12 6 13 8 13 10 13 12 13 7 14 9 14 11 14 5 17 13 17
> BAT3 3 2 7 2 11 2 15 2 2 3 4 3 6 3 8 3 10 3 12 3 14 3 16 3 3 4 15 4 9 6 8 9 10 9 9 12 3 14 15 14 2 15 4 15 6 15 8 15 10 15 12 15 14 15 16 15 3 16 7 16 11 16 15 16
< RES 1637334187 3 3
> REQ 1637334187 4 3
> VAMPIRE 1 17 15 3 0 2 0
> VAMPIRE 3 3 1 3 0 2 0
> VAMPIRE 4 15 1 3 0 2 0
> VAMPIRE 2 1 15 3 0 2 0
> GRENADE 1 15 15 3 2
> GRENADE 3 1 3 3 2
> GRENADE 4 17 3 3 2
> GRENADE 2 3 15 3 2
> BAT1 9 1 1 5 17 5 5 7 9 7 13 7 7 8 11 8 1 9 3 9 5 9 13 9 15 9 17 9 7 10 11 10 5 11 9 11 13 11 1 13 17 13 9 17
> BAT2 5 1 13 1 7 4 9 4 11 4 6 5 8 5 10 5 12 5 3 6 7 6 11 6 15 6 2 7 4 7 14 7 16 7 3 8 15 8 6 9 12 9 3 10 15 10 2 11 4 11 14 11 16 11 3 12 7 12 11 12 15 12 6 13 8 13 10 13 12 13 7 14 9 14 11 14 5 17 13 17
> BAT3 3 2 7 2 11 2 15 2 2 3 4 3 6 3 8 3 10 3 12 3 14 3 16 3 3 4 15 4 9 6 8 9 10 9 9 12 3 14 15 14 2 15 4 15 6 15 8 15 10 15 12 15 14 15 16 15 3 16 7 16 11 16 15 16
< RES 1637334187 4 3
> REQ 1637334187 5 3
> VAMPIRE 1 17 15 3 0 2 0
> VAMPIRE 3 3 1 3 0 2 0
> VAMPIRE 4 15 1 3 0 2 0
> VAMPIRE 2 1 15 3 0 2 0
> GRENADE 1 15 15 2 2
> GRENADE 3 1 3 2 2
> GRENADE 4 17 3 2 2
> GRENADE 2 3 15 2 2
> BAT1 9 1 1 5 17 5 5 7 9 7 13 7 7 8 11 8 1 9 3 9 5 9 13 9 15 9 17 9 7 10 11 10 5 11 9 11 13 11 1 13 17 13 9 17
> BAT2 5 1 13 1 7 4 9 4 11 4 6 5 8 5 10 5 12 5 3 6 7 6 11 6 15 6 2 7 4 7 14 7 16 7 3 8 15 8 6 9 12 9 3 10 15 10 2 11 4 11 14 11 16 11 3 12 7 12 11 12 15 12 6 13 8 13 10 13 12 13 7 14 9 14 11 14 5 17 13 17
> BAT3 3 2 7 2 11 2 15 2 2 3 4 3 6 3 8 3 10 3 12 3 14 3 16 3 3 4 15 4 9 6 8 9 10 9 9 12 3 14 15 14 2 15 4 15 6 15 8 15 10 15 12 15 14 15 16 15 3 16 7 16 11 16 15 16
< RES 1637334187 5 3
> REQ 1637334187 6 3
> VAMPIRE 1 17 15 3 0 2 0
> VAMPIRE 3 3 1 3 0 2 0
> VAMPIRE 4 15 1 3 0 2 0
> VAMPIRE 2 1 15 3 0 2 0
> GRENADE 1 15 15 1 2
> GRENADE 3 1 3 1 2
> GRENADE 4 17 3 1 2
> GRENADE 2 3 15 1 2
> BAT1 9 1 1 5 17 5 5 7 9 7 13 7 7 8 11 8 1 9 3 9 5 9 13 9 15 9 17 9 7 10 11 10 5 11 9 11 13 11 1 13 17 13 9 17
> BAT2 5 1 13 1 7 4 9 4 11 4 6 5 8 5 10 5 12 5 3 6 7 6 11 6 15 6 2 7 4 7 14 7 16 7 3 8 15 8 6 9 12 9 3 10 15 10 2 11 4 11 14 11 16 11 3 12 7 12 11 12 15 12 6 13 8 13 10 13 12 13 7 14 9 14 11 14 5 17 13 17
> BAT3 3 2 7 2 11 2 15 2 2 3 4 3 6 3 8 3 10 3 12 3 14 3 16 3 3 4 15 4 9 6 8 9 10 9 9 12 3 14 15 14 2 15 4 15 6 15 8 15 10 15 12 15 14 15 16 15 3 16 7 16 11 16 15 16
< RES 1637334187 6 3
< MOVE D
> REQ 1637334187 7 3
> VAMPIRE 1 17 15 3 1 2 0
> VAMPIRE 3 4 1 3 1 2 0
> VAMPIRE 4 14 1 3 1 2 0
> VAMPIRE 2 1 15 3 1 2 0
> BAT1 9 1 5 7 9 7 13 7 7 8 11 8 1 9 3 9 5 9 13 9 15 9 17 9 7 10 11 10 5 11 9 11 13 11 1 13 17 13 9 17
> BAT2 5 1 13 1 7 4 9 4 11 4 6 5 8 5 10 5 12 5 3 6 7 6 11 6 15 6 2 7 4 7 14 7 16 7 3 8 15 8 6 9 12 9 3 10 15 10 2 11 4 11 14 11 16 11 3 12 7 12 11 12 15 12 6 13 8 13 10 13 12 13 7 14 9 14 11 14 5 17 13 17 2 3 16 3 3 14 15 14 2 15 4 15 14 15 16 15 3 16 15 16
> BAT3 3 2 7 2 11 2 15 2 4 3 6 3 8 3 10 3 12 3 14 3 3 4 15 4 9 6 8 9 10 9 9 12 6 15 8 15 10 15 12 15 7 16 11 16
< RES 1637334187 7 3
< GRENADE
> REQ 1637334187 8 3
> VAMPIRE 1 17 15 3 0 2 0
> VAMPIRE 3 4 1 3 0 2 0
> VAMPIRE 4 14 1 3 0 2 0
> VAMPIRE 2 1 15 3 0 2 0
> GRENADE 1 17 15 5 2
> GRENADE 3 4 1 5 2
> GRENADE 4 14 1 5 2
> GRENADE 2 1 15 5 2
> BAT1 9 1 5 7 9 7 13 7 7 8 11 8 1 9 3 9 5 9 13 9 15 9 17 9 7 10 11 10 5 11 9 11 13 11 1 13 17 13 9 17
> BAT2 5 1 13 1 7 4 9 4 11 4 6 5 8 5 10 5 12 5 3 6 7 6 11 6 15 6 2 7 4 7 14 7 16 7 3 8 15 8 6 9 12 9 3 10 15 10 2 11 4 11 14 11 16 11 3 12 7 12 11 12 15 12 6 13 8 13 10 13 12 13 7 14 9 14 11 14 5 17 13 17 2 3 16 3 3 14 15 14 2 15 4 15 14 15 16 15 3 16 15 16
> BAT3 3 2 7 2 11 2 15 2 4 3 6 3 8 3 10 3 12 3 14 3 3 4 15 4 9 6 8 9 10 9 9 12 6 15 8 15 10 15 12 15 7 16 11 16
< RES 1637334187 8 3
< THROW XD 3
< MOVE U
> REQ 1637334187 9 3
> VAMPIRE 1 17 15 3 0 2 0
> VAMPIRE 3 3 1 3 0 2 0
> VAMPIRE 4 15 1 3 0 2 0
> VAMPIRE 2 1 15 3 0 2 0
> GRENADE 1 15 15 4 2
> GRENADE 3 7 1 4 2
> GRENADE 4 11 1 4 2
> GRENADE 2 3 15 4 2
> BAT1 9 1 5 7 9 7 13 7 7 8 11 8 1 9 3 9 5 9 13 9 15 9 17 9 7 10 11 10 5 11 9 11 13 11 1 13 17 13 9 17
> BAT2 5 1 13 1 7 4 9 4 11 4 6 5 8 5 10 5 12 5 3 6 7 6 11 6 15 6 2 7 4 7 14 7 16 7 3 8 15 8 6 9 12 9 3 10 15 10 2 11 4 11 14 11 16 11 3 12 7 12 11 12 15 12 6 13 8 13 10 13 12 13 7 14 9 14 11 14 5 17 13 17 2 3 16 3 3 14 15 14 2 15 4 15 14 15 16 15 3 16 15 16
> BAT3 3 2 7 2 11 2 15 2 4 3 6 3 8 3 10 3 12 3 14 3 3 4 15 4 9 6 8 9 10 9 9 12 6 15 8 15 10 15 12 15 7 16 11 16
< RES 1637334187 9 3
> REQ 1637334187 10 3
> VAMPIRE 1 17 15 3 0 2 0
> VAMPIRE 3 3 1 3 0 2 0
> VAMPIRE 4 15 1 3 0 2 0
> VAMPIRE 2 1 15 3 0 2 0
> GRENADE 1 15 15 3 2
> GRENADE 3 7 1 3 2
> GRENADE 4 11 1 3 2
> GRENADE 2 3 15 3 2
> BAT1 9 1 5 7 9 7 13 7 7 8 11 8 1 9 3 9 5 9 13 9 15 9 17 9 7 10 11 10 5 11 9 11 13 11 1 13 17 13 9 17
> BAT2 5 1 13 1 7 4 9 4 11 4 6 5 8 5 10 5 12 5 3 6 7 6 11 6 15 6 2 7 4 7 14 7 16 7 3 8 15 8 6 9 12 9 3 10 15 10 2 11 4 11 14 11 16 11 3 12 7 12 11 12 15 12 6 13 8 13 10 13 12 13 7 14 9 14 11 14 5 17 13 17 2 3 16 3 3 14 15 14 2 15 4 15 14 15 16 15 3 16 15 16
> BAT3 3 2 7 2 11 2 15 2 4 3 6 3 8 3 10 3 12 3 14 3 3 4 15 4 9 6 8 9 10 9 9 12 6 15 8 15 10 15 12 15 7 16 11 16
< RES 1637334187 10 3
> REQ 1637334187 11 3
> VAMPIRE 1 17 15 3 0 2 0
> VAMPIRE 3 3 1 3 0 2 0
> VAMPIRE 4 15 1 3 0 2 0
> VAMPIRE 2 1 15 3 0 2 0
> GRENADE 1 15 15 2 2
> GRENADE 3 7 1 2 2
> GRENADE 4 11 1 2 2
> GRENADE 2 3 15 2 2
> BAT1 9 1 5 7 9 7 13 7 7 8 11 8 1 9 3 9 5 9 13 9 15 9 17 9 7 10 11 10 5 11 9 11 13 11 1 13 17 13 9 17
> BAT2 5 1 13 1 7 4 9 4 11 4 6 5 8 5 10 5 12 5 3 6 7 6 11 6 15 6 2 7 4 7 14 7 16 7 3 8 15 8 6 9 12 9 3 10 15 10 2 11 4 11 14 11 16 11 3 12 7 12 11 12 15 12 6 13 8 13 10 13 12 13 7 14 9 14 11 14 5 17 13 17 2 3 16 3 3 14 15 14 2 15 4 15 14 15 16 15 3 16 15 16
> BAT3 3 2 7 2 11 2 15 2 4 3 6 3 8 3 10 3 12 3 14 3 3 4 15 4 9 6 8 9 10 9 9 12 6 15 8 15 10 15 12 15 7 16 11 16
< RES 1637334187 11 3
> REQ 1637334187 12 3
> VAMPIRE 1 17 15 3 0 2 0
> VAMPIRE 3 3 1 3 0 2 0
> VAMPIRE 4 15 1 3 0 2 0
> VAMPIRE 2 1 15 3 0 2 0
> GRENADE 1 15 15 1 2
> GRENADE 3 7 1 1 2
> GRENADE 4 11 1 1 2
> GRENADE 2 3 15 1 2
> BAT1 9 1 5 7 9 7 13 7 7 8 11 8 1 9 3 9 5 9 13 9 15 9 17 9 7 10 11 10 5 11 9 11 13 11 1 13 17 13 9 17
> BAT2 5 1 13 1 7 4 9 4 11 4 6 5 8 5 10 5 12 5 3 6 7 6 11 6 15 6 2 7 4 7 14 7 16 7 3 8 15 8 6 9 12 9 3 10 15 10 2 11 4 11 14 11 16 11 3 12 7 12 11 12 15 12 6 13 8 13 10 13 12 13 7 14 9 14 11 14 5 17 13 17 2 3 16 3 3 14 15 14 2 15 4 15 14 15 16 15 3 16 15 16
> BAT3 3 2 7 2 11 2 15 2 4 3 6 3 8 3 10 3 12 3 14 3 3 4 15 4 9 6 8 9 10 9 9 12 6 15 8 15 10 15 12 15 7 16 11 16
< RES 1637334187 12 3
> REQ 1637334187 13 3
> VAMPIRE 1 17 15 3 1 2 0
> VAMPIRE 3 3 1 3 1 2 0
> VAMPIRE 4 15 1 3 1 2 0
> VAMPIRE 2 1 15 3 1 2 0
> BAT1 5 7 9 7 13 7 7 8 11 8 1 9 3 9 5 9 13 9 15 9 17 9 7 10 11 10 5 11 9 11 13 11 1 13 17 13 9 17 5 1 13 1 3 14 15 14 2 15 4 15 14 15 16 15 3 16 15 16
> BAT2 7 4 9 4 11 4 6 5 8 5 10 5 12 5 3 6 7 6 11 6 15 6 2 7 4 7 14 7 16 7 3 8 15 8 6 9 12 9 3 10 15 10 2 11 4 11 14 11 16 11 3 12 7 12 11 12 15 12 6 13 8 13 10 13 12 13 7 14 9 14 11 14 5 17 13 17 7 2 11 2 2 3 16 3
> BAT3 3 2 15 2 4 3 6 3 8 3 10 3 12 3 14 3 3 4 15 4 9 6 8 9 10 9 9 12 6 15 8 15 10 15 12 15 7 16 11 16
< RES 1637334187 13 3
< GRENADE
< MOVE U U
> REQ 1637334187 14 3
> VAMPIRE 1 17 15 3 0 2 0
> VAMPIRE 3 1 1 3 0 2 0
> VAMPIRE 4 17 1 3 0 2 0
> VAMPIRE 2 1 15 3 0 2 0
> GRENADE 1 17 15 5 2
> GRENADE 3 3 1 5 2
> GRENADE 4 15 1 5 2
> GRENADE 2 1 15 5 2
> BAT1 5 7 9 7 13 7 7 8 11 8 1 9 3 9 5 9 13 9 15 9 17 9 7 10 11 10 5 11 9 11 13 11 1 13 17 13 9 17 5 1 13 1 3 14 15 14 2 15 4 15 14 15 16 15 3 16 15 16
> BAT2 7 4 9 4 11 4 6 5 8 5 10 5 12 5 3 6 7 6 11 6 15 6 2 7 4 7 14 7 16 7 3 8 15 8 6 9 12 9 3 10 15 10 2 11 4 11 14 11 16 11 3 12 7 12 11 12 15 12 6 13 8 13 10 13 12 13 7 14 9 14 11 14 5 17 13 17 7 2 11 2 2 3 16 3
> BAT3 3 2 15 2 4 3 6 3 8 3 10 3 12 3 14 3 3 4 15 4 9 6 8 9 10 9 9 12 6 15 8 15 10 15 12 15 7 16 11 16
< RES 1637334187 14 3
< MOVE R R
> REQ 1637334187 15 3
> VAMPIRE 1 17 15 3 0 2 0
> VAMPIRE 3 1 3 3 0 2 0
> VAMPIRE 4 17 3 3 0 2 0
> VAMPIRE 2 1 15 3 0 2 0
> GRENADE 1 15 15 4 2
> GRENADE 3 3 1 4 2
> GRENADE 4 15 1 4 2
> GRENADE 2 3 15 4 2
> BAT1 5 7 9 7 13 7 7 8 11 8 1 9 3 9 5 9 13 9 15 9 17 9 7 10 11 10 5 11 9 11 13 11 1 13 17 13 9 17 5 1 13 1 3 14 15 14 2 15 4 15 14 15 16 15 3 16 15 16
> BAT2 7 4 9 4 11 4 6 5 8 5 10 5 12 5 3 6 7 6 11 6 15 6 2 7 4 7 14 7 16 7 3 8 15 8 6 9 12 9 3 10 15 10 2 11 4 11 14 11 16 11 3 12 7 12 11 12 15 12 6 13 8 13 10 13 12 13 7 14 9 14 11 14 5 17 13 17 7 2 11 2 2 3 16 3
> BAT3 3 2 15 2 4 3 6 3 8 3 10 3 12 3 14 3 3 4 15 4 9 6 8 9 10 9 9 12 6 15 8 15 10 15 12 15 7 16 11 16
< RES 1637334187 15 3
< MOVE R R
> REQ 1637334187 16 3
> VAMPIRE 1 17 15 3 0 2 0
> VAMPIRE 3 1 5 3 0 2 0
> VAMPIRE 4 17 5 3 0 2 0
> VAMPIRE 2 1 15 3 0 2 0
> GRENADE 1 15 15 3 2
> GRENADE 3 3 1 3 2
> GRENADE 4 15 1 3 2
> GRENADE 2 3 15 3 2
> BAT1 5 7 9 7 13 7 7 8 11 8 1 9 3 9 5 9 13 9 15 9 17 9 7 10 11 10 5 11 9 11 13 11 1 13 17 13 9 17 5 1 13 1 3 14 15 14 2 15 4 15 14 15 16 15 3 16 15 16
> BAT2 7 4 9 4 11 4 6 5 8 5 10 5 12 5 3 6 7 6 11 6 15 6 2 7 4 7 14 7 16 7 3 8 15 8 6 9 12 9 3 10 15 10 2 11 4 11 14 11 16 11 3 12 7 12 11 12 15 12 6 13 8 13 10 13 12 13 7 14 9 14 11 14 5 17 13 17 7 2 11 2 2 3 16 3
> BAT3 3 2 15 2 4 3 6 3 8 3 10 3 12 3 14 3 3 4 15 4 9 6 8 9 10 9 9 12 6 15 8 15 10 15 12 15 7 16 11 16
< RES 1637334187 16 3
< MOVE D D
> REQ 1637334187 17 3
> VAMPIRE 1 17 15 3 0 2 0
> VAMPIRE 3 3 5 3 0 2 0
> VAMPIRE 4 15 5 3 0 2 0
> VAMPIRE 2 1 15 3 0 2 0
> GRENADE 1 15 15 2 2
> GRENADE 3 3 1 2 2
> GRENADE 4 15 1 2 2
> GRENADE 2 3 15 2 2
> BAT1 5 7 9 7 13 7 7 8 11 8 1 9 3 9 5 9 13 9 15 9 17 9 7 10 11 10 5 11 9 11 13 11 1 13 17 13 9 17 5 1 13 1 3 14 15 14 2 15 4 15 14 15 16 15 3 16 15 16
> BAT2 7 4 9 4 11 4 6 5 8 5 10 5 12 5 3 6 7 6 11 6 15 6 2 7 4 7 14 7 16 7 3 8 15 8 6 9 12 9 3 10 15 10 2 11 4 11 14 11 16 11 3 12 7 12 11 12 15 12 6 13 8 13 10 13 12 13 7 14 9 14 11 14 5 17 13 17 7 2 11 2 2 3 16 3
> BAT3 3 2 15 2 4 3 6 3 8 3 10 3 12 3 14 3 3 4 15 4 9 6 8 9 10 9 9 12 6 15 8 15 10 15 12 15 7 16 11 16
< RES 1637334187 17 3
< MOVE D D
> REQ 1637334187 18 3
> VAMPIRE 1 17 17 3 0 2 0
> VAMPIRE 3 5 5 3 0 2 0
> VAMPIRE 4 13 5 3 0 2 0
> VAMPIRE 2 1 17 3 0 2 0
> GRENADE 1 15 15 1 2
> GRENADE 3 3 1 1 2
> GRENADE 4 15 1 1 2
> GRENADE 2 3 15 1 2
> BAT1 5 7 9 7 13 7 7 8 11 8 1 9 3 9 5 9 13 9 15 9 17 9 7 10 11 10 5 11 9 11 13 11 1 13 17 13 9 17 5 1 13 1 3 14 15 14 2 15 4 15 14 15 16 15 3 16 15 16
> BAT2 7 4 9 4 11 4 6 5 8 5 10 5 12 5 3 6 7 6 11 6 15 6 2 7 4 7 14 7 16 7 3 8 15 8 6 9 12 9 3 10 15 10 2 11 4 11 14 11 16 11 3 12 7 12 11 12 15 12 6 13 8 13 10 13 12 13 7 14 9 14 11 14 5 17 13 17 7 2 11 2 2 3 16 3
> BAT3 3 2 15 2 4 3 6 3 8 3 10 3 12 3 14 3 3 4 15 4 9 6 8 9 10 9 9 12 6 15 8 15 10 15 12 15 7 16 11 16
< RES 1637334187 18 3
< MOVE L L
> REQ 1637334187 19 3
> VAMPIRE 1 15 17 3 1 2 0
> VAMPIRE 3 5 3 3 1 2 0
> VAMPIRE 4 13 3 3 1 2 0
> VAMPIRE 2 3 17 3 1 2 0
> BAT1 5 7 9 7 13 7 7 8 11 8 1 9 3 9 5 9 13 9 15 9 17 9 7 10 11 10 5 11 9 11 13 11 1 13 17 13 9 17
> BAT2 7 4 9 4 11 4 6 5 8 5 10 5 12 5 3 6 7 6 11 6 15 6 2 7 4 7 14 7 16 7 3 8 15 8 6 9 12 9 3 10 15 10 2 11 4 11 14 11 16 11 3 12 7 12 11 12 15 12 6 13 8 13 10 13 12 13 7 14 9 14 11 14 5 17 13 17 3 2 7 2 11 2 15 2 2 3 16 3
> BAT3 4 3 6 3 8 3 10 3 12 3 14 3 3 4 15 4 9 6 8 9 10 9 9 12 6 15 8 15 10 15 12 15 7 16 11 16
< RES 1637334187 19 3
< MOVE R R
> REQ 1637334187 20 3
> VAMPIRE 1 15 17 3 0 2 0
> VAMPIRE 3 5 5 3 1 2 0
> VAMPIRE 4 13 5 3 0 2 0
> VAMPIRE 2 3 17 3 0 2 0
> GRENADE 1 15 17 5 2
> GRENADE 4 13 3 5 2
> GRENADE 2 3 17 5 2
> BAT1 5 7 9 7 13 7 7 8 11 8 1 9 3 9 5 9 13 9 15 9 17 9 7 10 11 10 5 11 9 11 13 11 1 13 17 13 9 17
> BAT2 7 4 9 4 11 4 6 5 8 5 10 5 12 5 3 6 7 6 11 6 15 6 2 7 4 7 14 7 16 7 3 8 15 8 6 9 12 9 3 10 15 10 2 11 4 11 14 11 16 11 3 12 7 12 11 12 15 12 6 13 8 13 10 13 12 13 7 14 9 14 11 14 5 17 13 17 3 2 7 2 11 2 15 2 2 3 16 3
> BAT3 4 3 6 3 8 3 10 3 12 3 14 3 3 4 15 4 9 6 8 9 10 9 9 12 6 15 8 15 10 15 12 15 7 16 11 16
< RES 1637334187 20 3
< GRENADE
> REQ 1637334187 21 3
> VAMPIRE 1 15 15 3 0 2 0
> VAMPIRE 3 5 5 3 0 2 0
> VAMPIRE 4 15 5 3 0 2 0
> VAMPIRE 2 3 15 3 0 2 0
> GRENADE 1 15 14 4 2
> GRENADE 4 13 3 4 2
> GRENADE 2 3 14 4 2
> GRENADE 3 5 5 5 2
> BAT1 5 7 9 7 13 7 7 8 11 8 1 9 3 9 5 9 13 9 15 9 17 9 7 10 11 10 5 11 9 11 13 11 1 13 17 13 9 17
> BAT2 7 4 9 4 11 4 6 5 8 5 10 5 12 5 3 6 7 6 11 6 15 6 2 7 4 7 14 7 16 7 3 8 15 8 6 9 12 9 3 10 15 10 2 11 4 11 14 11 16 11 3 12 7 12 11 12 15 12 6 13 8 13 10 13 12 13 7 14 9 14 11 14 5 17 13 17 3 2 7 2 11 2 15 2 2 3 16 3
> BAT3 4 3 6 3 8 3 10 3 12 3 14 3 3 4 15 4 9 6 8 9 10 9 9 12 6 15 8 15 10 15 12 15 7 16 11 16
< RES 1637334187 21 3
< THROW XD 2
> REQ 1637334187 22 3
> VAMPIRE 1 15 15 3 0 2 0
> VAMPIRE 3 5 5 3 0 2 0
> VAMPIRE 4 17 5 3 0 2 0
> VAMPIRE 2 3 15 3 0 2 0
> GRENADE 1 15 11 3 2
> GRENADE 4 13 3 3 2
> GRENADE 2 3 11 3 2
> GRENADE 3 7 5 4 2
> BAT1 5 7 9 7 13 7 7 8 11 8 1 9 3 9 5 9 13 9 15 9 17 9 7 10 11 10 5 11 9 11 13 11 1 13 17 13 9 17
> BAT2 7 4 9 4 11 4 6 5 8 5 10 5 12 5 3 6 7 6 11 6 15 6 2 7 4 7 14 7 16 7 3 8 15 8 6 9 12 9 3 10 15 10 2 11 4 11 14 11 16 11 3 12 7 12 11 12 15 12 6 13 8 13 10 13 12 13 7 14 9 14 11 14 5 17 13 17 3 2 7 2 11 2 15 2 2 3 16 3
> BAT3 4 3 6 3 8 3 10 3 12 3 14 3 3 4 15 4 9 6 8 9 10 9 9 12 6 15 8 15 10 15 12 15 7 16 11 16
< RES 1637334187 22 3
> REQ 1637334187 23 3
> VAMPIRE 1 15 15 3 0 2 0
> VAMPIRE 3 5 5 3 0 2 0
> VAMPIRE 4 17 5 3 0 2 0
> VAMPIRE 2 3 15 3 0 2 0
> GRENADE 1 15 11 2 2
> GRENADE 4 13 3 2 2
> GRENADE 2 3 11 2 2
> GRENADE 3 7 5 3 2
> BAT1 5 7 9 7 13 7 7 8 11 8 1 9 3 9 5 9 13 9 15 9 17 9 7 10 11 10 5 11 9 11 13 11 1 13 17 13 9 17
> BAT2 7 4 9 4 11 4 6 5 8 5 10 5 12 5 3 6 7 6 11 6 15 6 2 7 4 7 14 7 16 7 3 8 15 8 6 9 12 9 3 10 15 10 2 11 4 11 14 11 16 11 3 12 7 12 11 12 15 12 6 13 8 13 10 13 12 13 7 14 9 14 11 14 5 17 13 17 3 2 7 2 11 2 15 2 2 3 16 3
> BAT3 4 3 6 3 8 3 10 3 12 3 14 3 3 4 15 4 9 6 8 9 10 9 9 12 6 15 8 15 10 15 12 15 7 16 11 16
< RES 1637334187 23 3
> REQ 1637334187 24 3
> VAMPIRE 1 13 15 3 0 2 0
> VAMPIRE 3 5 5 3 0 2 0
> VAMPIRE 4 15 5 3 0 2 0
> VAMPIRE 2 3 15 3 0 2 0
> GRENADE 1 15 11 1 2
> GRENADE 4 13 3 1 2
> GRENADE 2 3 11 1 2
> GRENADE 3 7 5 2 2
> BAT1 5 7 9 7 13 7 7 8 11 8 1 9 3 9 5 9 13 9 15 9 17 9 7 10 11 10 5 11 9 11 13 11 1 13 17 13 9 17
> BAT2 7 4 9 4 11 4 6 5 8 5 10 5 12 5 3 6 7 6 11 6 15 6 2 7 4 7 14 7 16 7 3 8 15 8 6 9 12 9 3 10 15 10 2 11 4 11 14 11 16 11 3 12 7 12 11 12 15 12 6 13 8 13 10 13 12 13 7 14 9 14 11 14 5 17 13 17 3 2 7 2 11 2 15 2 2 3 16 3
> BAT3 4 3 6 3 8 3 10 3 12 3 14 3 3 4 15 4 9 6 8 9 10 9 9 12 6 15 8 15 10 15 12 15 7 16 11 16
< RES 1637334187 24 3
> REQ 1637334187 25 3
> VAMPIRE 1 13 15 3 1 2 0
> VAMPIRE 3 5 5 3 0 2 0
> VAMPIRE 4 13 5 3 1 2 0
> VAMPIRE 2 3 13 3 1 2 0
> GRENADE 3 7 5 1 2
> BAT1 5 7 9 7 13 7 7 8 11 8 1 9 3 9 5 9 13 9 15 9 17 9 7 10 11 10 5 11 9 11 13 11 1 13 17 13 9 17 3 10 15 10 2 11 4 11 14 11 16 11 3 12 15 12
> BAT2 7 4 9 4 11 4 6 5 8 5 10 5 12 5 3 6 7 6 11 6 15 6 2 7 4 7 14 7 16 7 3 8 15 8 6 9 12 9 7 12 11 12 6 13 8 13 10 13 12 13 7 14 9 14 11 14 5 17 13 17 3 2 7 2 11 2 15 2 2 3 12 3 14 3 16 3
> BAT3 4 3 6 3 8 3 10 3 3 4 15 4 9 6 8 9 10 9 9 12 6 15 8 15 10 15 12 15 7 16 11 16
< RES 1637334187 25 3
> REQ 1637334187 26 3
> VAMPIRE 1 13 15 3 0 2 0
> VAMPIRE 3 5 5 3 1 2 0
> VAMPIRE 4 13 5 3 0 2 0
> VAMPIRE 2 3 13 3 0 2 0
> GRENADE 1 13 15 5 2
> GRENADE 4 13 5 5 2
> GRENADE 2 3 13 5 2
> BAT1 5 7 9 7 13 7 7 8 11 8 1 9 3 9 5 9 13 9 15 9 17 9 7 10 11 10 5 11 9 11 13 11 1 13 17 13 9 17 7 4 6 5 8 5 7 6 3 10 15 10 2 11 4 11 14 11 16 11 3 12 15 12
> BAT2 9 4 11 4 10 5 12 5 3 6 11 6 15 6 2 7 4 7 14 7 16 7 3 8 15 8 6 9 12 9 7 12 11 12 6 13 8 13 10 13 12 13 7 14 9 14 11 14 5 17 13 17 3 2 7 2 11 2 15 2 2 3 12 3 14 3 16 3
> BAT3 4 3 6 3 8 3 10 3 3 4 15 4 9 6 8 9 10 9 9 12 6 15 8 15 10 15 12 15 7 16 11 16
< RES 1637334187 26 3
< GRENADE
> REQ 1637334187 27 3
> VAMPIRE 1 15 15 3 0 2 0
> VAMPIRE 3 5 5 3 0 2 0
> VAMPIRE 4 13 5 3 0 2 0
> VAMPIRE 2 3 15 3 0 2 0
> GRENADE 1 11 15 4 2
> GRENADE 4 11 5 4 2
> GRENADE 2 3 11 4 2
> GRENADE 3 5 5 5 2
> BAT1 5 7 9 7 13 7 7 8 11 8 1 9 3 9 5 9 13 9 15 9 17 9 7 10 11 10 5 11 9 11 13 11 1 13 17 13 9 17 7 4 6 5 8 5 7 6 3 10 15 10 2 11 4 11 14 11 16 11 3 12 15 12
> BAT2 9 4 11 4 10 5 12 5 3 6 11 6 15 6 2 7 4 7 14 7 16 7 3 8 15 8 6 9 12 9 7 12 11 12 6 13 8 13 10 13 12 13 7 14 9 14 11 14 5 17 13 17 3 2 7 2 11 2 15 2 2 3 12 3 14 3 16 3
> BAT3 4 3 6 3 8 3 10 3 3 4 15 4 9 6 8 9 10 9 9 12 6 15 8 15 10 15 12 15 7 16 11 16
< RES 1637334187 27 3
< THROW XD 2
> REQ 1637334187 28 3
> VAMPIRE 1 15 15 3 0 2 0
> VAMPIRE 3 5 5 3 0 2 0
> VAMPIRE 4 13 5 3 0 2 0
> VAMPIRE 2 3 15 3 0 2 0
> GRENADE 1 11 15 3 2
> GRENADE 4 11 5 3 2
> GRENADE 2 3 11 3 2
> GRENADE 3 7 5 4 2
> BAT1 5 7 9 7 13 7 7 8 11 8 1 9 3 9 5 9 13 9 15 9 17 9 7 10 11 10 5 11 9 11 13 11 1 13 17 13 9 17 7 4 6 5 8 5 7 6 3 10 15 10 2 11 4 11 14 11 16 11 3 12 15 12
> BAT2 9 4 11 4 10 5 12 5 3 6 11 6 15 6 2 7 4 7 14 7 16 7 3 8 15 8 6 9 12 9 7 12 11 12 6 13 8 13 10 13 12 13 7 14 9 14 11 14 5 17 13 17 3 2 7 2 11 2 15 2 2 3 12 3 14 3 16 3
> BAT3 4 3 6 3 8 3 10 3 3 4 15 4 9 6 8 9 10 9 9 12 6 15 8 15 10 15 12 15 7 16 11 16
< RES 1637334187 28 3
> REQ 1637334187 29 3
> VAMPIRE 1 15 15 3 0 2 0
> VAMPIRE 3 5 5 3 0 2 0
> VAMPIRE 4 13 5 3 0 2 0
> VAMPIRE 2 3 15 3 0 2 0
> GRENADE 1 11 15 2 2
> GRENADE 4 11 5 2 2
> GRENADE 2 3 11 2 2
> GRENADE 3 7 5 3 2
> BAT1 5 7 9 7 13 7 7 8 11 8 1 9 3 9 5 9 13 9 15 9 17 9 7 10 11 10 5 11 9 11 13 11 1 13 17 13 9 17 7 4 6 5 8 5 7 6 3 10 15 10 2 11 4 11 14 11 16 11 3 12 15 12
> BAT2 9 4 11 4 10 5 12 5 3 6 11 6 15 6 2 7 4 7 14 7 16 7 3 8 15 8 6 9 12 9 7 12 11 12 6 13 8 13 10 13 12 13 7 14 9 14 11 14 5 17 13 17 3 2 7 2 11 2 15 2 2 3 12 3 14 3 16 3
> BAT3 4 3 6 3 8 3 10 3 3 4 15 4 9 6 8 9 10 9 9 12 6 15 8 15 10 15 12 15 7 16 11 16
< RES 1637334187 29 3
> REQ 1637334187 30 3
> VAMPIRE 1 13 15 3 0 2 0
> VAMPIRE 3 5 5 3 0 2 0
> VAMPIRE 4 13 5 3 0 2 0
> VAMPIRE 2 5 15 3 0 2 0
> GRENADE 1 11 15 1 2
> GRENADE 4 11 5 1 2
> GRENADE 2 3 11 1 2
> GRENADE 3 7 5 2 2
> BAT1 5 7 9 7 13 7 7 8 11 8 1 9 3 9 5 9 13 9 15 9 17 9 7 10 11 10 5 11 9 11 13 11 1 13 17 13 9 17 7 4 6 5 8 5 7 6 3 10 15 10 2 11 4 11 14 11 16 11 3 12 15 12
> BAT2 9 4 11 4 10 5 12 5 3 6 11 6 15 6 2 7 4 7 14 7 16 7 3 8 15 8 6 9 12 9 7 12 11 12 6 13 8 13 10 13 12 13 7 14 9 14 11 14 5 17 13 17 3 2 7 2 11 2 15 2 2 3 12 3 14 3 16 3
> BAT3 4 3 6 3 8 3 10 3 3 4 15 4 9 6 8 9 10 9 9 12 6 15 8 15 10 15 12 15 7 16 11 16
< RES 1637334187 30 3
< MOVE U U
> REQ 1637334187 31 3
> VAMPIRE 1 13 13 3 1 2 0
> VAMPIRE 3 3 5 3 0 2 0
> VAMPIRE 4 13 5 3 1 2 0
> VAMPIRE 2 5 13 3 1 2 0
> GRENADE 3 7 5 1 2
> BAT1 5 7 9 7 13 7 7 8 11 8 1 9 3 9 5 9 13 9 15 9 17 9 7 10 11 10 5 11 9 11 13 11 1 13 17 13 9 17 7 4 11 4 6 5 8 5 10 5 12 5 7 6 11 6 15 10 14 11 16 11 15 12 11 14
> BAT2 9 4 3 6 15 6 2 7 4 7 14 7 16 7 3 8 15 8 6 9 12 9 7 12 11 12 6 13 8 13 10 13 12 13 7 14 9 14 5 17 13 17 3 2 7 2 11 2 15 2 2 3 12 3 14 3 16 3 10 15 12 15 11 16
> BAT3 4 3 6 3 8 3 10 3 3 4 15 4 9 6 8 9 10 9 9 12 6 15 8 15 7 16
< RES 1637334187 31 3
> REQ 1637334187 32 3
> VAMPIRE 1 13 13 3 0 2 0
> VAMPIRE 3 3 5 3 1 2 0
> VAMPIRE 4 13 5 3 0 2 0
> VAMPIRE 2 5 13 3 0 2 0
> GRENADE 1 13 13 5 2
> GRENADE 4 13 5 5 2
> GRENADE 2 5 13 5 2
> BAT1 5 7 9 7 13 7 7 8 11 8 1 9 3 9 5 9 13 9 15 9 17 9 7 10 11 10 5 11 9 11 13 11 1 13 17 13 9 17 11 4 10 5 12 5 11 6 15 10 14 11 16 11 15 12 11 14
> BAT2 9 4 3 6 15 6 2 7 4 7 14 7 16 7 3 8 15 8 6 9 12 9 7 12 11 12 6 13 8 13 10 13 12 13 7 14 9 14 5 17 13 17 3 2 7 2 11 2 15 2 2 3 12 3 14 3 16 3 10 15 12 15 11 16
> BAT3 4 3 6 3 8 3 10 3 3 4 15 4 9 6 8 9 10 9 9 12 6 15 8 15 7 16
< RES 1637334187 32 3
< GRENADE
< MOVE D D
> REQ 1637334187 33 3
> VAMPIRE 1 13 15 3 0 2 0
> VAMPIRE 3 5 5 3 0 2 0
> VAMPIRE 4 13 5 3 0 2 0
> VAMPIRE 2 5 13 3 0 2 0
> GRENADE 1 11 13 4 2
> GRENADE 4 11 5 4 2
> GRENADE 2 7 13 4 2
> GRENADE 3 3 5 5 2
> BAT1 5 7 9 7 13 7 7 8 11 8 1 9 3 9 5 9 13 9 15 9 17 9 7 10 11 10 5 11 9 11 13 11 1 13 17 13 9 17 11 4 10 5 12 5 11 6 15 10 14 11 16 11 15 12 11 14
> BAT2 9 4 3 6 15 6 2 7 4 7 14 7 16 7 3 8 15 8 6 9 12 9 7 12 11 12 6 13 8 13 10 13 12 13 7 14 9 14 5 17 13 17 3 2 7 2 11 2 15 2 2 3 12 3 14 3 16 3 10 15 12 15 11 16
> BAT3 4 3 6 3 8 3 10 3 3 4 15 4 9 6 8 9 10 9 9 12 6 15 8 15 7 16
< RES 1637334187 33 3
< MOVE D D
> REQ 1637334187 34 3
> VAMPIRE 1 15 15 3 0 2 0
> VAMPIRE 3 7 5 3 0 2 0
> VAMPIRE 4 13 5 3 0 2 0
> VAMPIRE 2 3 13 3 0 2 0
> GRENADE 1 11 13 3 2
> GRENADE 4 11 5 3 2
> GRENADE 2 7 13 3 2
> GRENADE 3 3 5 4 2
> BAT1 5 7 9 7 13 7 7 8 11 8 1 9 3 9 5 9 13 9 15 9 17 9 7 10 11 10 5 11 9 11 13 11 1 13 17 13 9 17 11 4 10 5 12 5 11 6 15 10 14 11 16 11 15 12 11 14
> BAT2 9 4 3 6 15 6 2 7 4 7 14 7 16 7 3 8 15 8 6 9 12 9 7 12 11 12 6 13 8 13 10 13 12 13 7 14 9 14 5 17 13 17 3 2 7 2 11 2 15 2 2 3 12 3 14 3 16 3 10 15 12 15 11 16
> BAT3 4 3 6 3 8 3 10 3 3 4 15 4 9 6 8 9 10 9 9 12 6 15 8 15 7 16
< RES 1637334187 34 3
> REQ 1637334187 35 3
> VAMPIRE 1 15 15 3 0 2 0
> VAMPIRE 3 7 5 3 0 2 0
> VAMPIRE 4 13 5 3 0 2 0
> VAMPIRE 2 3 13 3 0 2 0
> GRENADE 1 11 13 2 2
> GRENADE 4 11 5 2 2
> GRENADE 2 7 13 2 2
> GRENADE 3 3 5 3 2
> BAT1 5 7 9 7 13 7 7 8 11 8 1 9 3 9 5 9 13 9 15 9 17 9 7 10 11 10 5 11 9 11 13 11 1 13 17 13 9 17 11 4 10 5 12 5 11 6 15 10 14 11 16 11 15 12 11 14
> BAT2 9 4 3 6 15 6 2 7 4 7 14 7 16 7 3 8 15 8 6 9 12 9 7 12 11 12 6 13 8 13 10 13 12 13 7 14 9 14 5 17 13 17 3 2 7 2 11 2 15 2 2 3 12 3 14 3 16 3 10 15 12 15 11 16
> BAT3 4 3 6 3 8 3 10 3 3 4 15 4 9 6 8 9 10 9 9 12 6 15 8 15 7 16
< RES 1637334187 35 3
< MOVE U
> REQ 1637334187 36 3
> VAMPIRE 1 13 15 3 0 2 0
> VAMPIRE 3 6 5 3 0 2 0
> VAMPIRE 4 15 5 3 0 2 0
> VAMPIRE 2 3 11 3 0 2 0
> GRENADE 1 11 13 1 2
> GRENADE 4 11 5 1 2
> GRENADE 2 7 13 1 2
> GRENADE 3 3 5 2 2
> BAT1 5 7 9 7 13 7 7 8 11 8 1 9 3 9 5 9 13 9 15 9 17 9 7 10 11 10 5 11 9 11 13 11 1 13 17 13 9 17 11 4 10 5 12 5 11 6 15 10 14 11 16 11 15 12 11 14
> BAT2 9 4 3 6 15 6 2 7 4 7 14 7 16 7 3 8 15 8 6 9 12 9 7 12 11 12 6 13 8 13 10 13 12 13 7 14 9 14 5 17 13 17 3 2 7 2 11 2 15 2 2 3 12 3 14 3 16 3 10 15 12 15 11 16
> BAT3 4 3 6 3 8 3 10 3 3 4 15 4 9 6 8 9 10 9 9 12 6 15 8 15 7 16
< RES 1637334187 36 3
< MOVE D L
> REQ 1637334187 37 3
> VAMPIRE 1 13 15 3 1 2 0
> VAMPIRE 3 7 4 3 0 2 0
> VAMPIRE 4 15 5 3 1 2 0
> VAMPIRE 2 4 11 3 1 2 0
> GRENADE 3 3 5 1 2
> BAT1 5 7 9 7 13 7 7 8 11 8 1 9 3 9 5 9 13 9 15 9 17 9 7 10 11 10 5 11 9 11 13 11 1 13 17 13 9 17 15 10 14 11 16 11 7 12 11 12 15 12 6 13 8 13 10 13 12 13 7 14
> BAT2 9 4 3 6 15 6 2 7 4 7 14 7 16 7 3 8 15 8 6 9 12 9 9 14 5 17 13 17 3 2 7 2 11 2 15 2 2 3 12 3 14 3 16 3 10 15 12 15 11 16
> BAT3 4 3 6 3 8 3 10 3 3 4 15 4 9 6 8 9 10 9 9 12 6 15 8 15 7 16
< RES 1637334187 37 3
< MOVE L
> REQ 1637334187 38 3
> VAMPIRE 1 13 15 3 0 2 0
> VAMPIRE 3 7 3 3 1 2 0
> VAMPIRE 4 13 5 3 0 2 0
> VAMPIRE 2 4 11 3 0 2 0
> GRENADE 1 13 15 5 2
> GRENADE 4 15 5 5 2
> GRENADE 2 4 11 5 2
> BAT1 5 7 9 7 13 7 7 8 11 8 1 9 3 9 5 9 13 9 15 9 17 9 7 10 11 10 5 11 9 11 13 11 1 13 17 13 9 17 3 6 15 10 14 11 16 11 7 12 11 12 15 12 6 13 8 13 10 13 12 13 7 14
> BAT2 9 4 15 6 2 7 4 7 14 7 16 7 3 8 15 8 6 9 12 9 9 14 5 17 13 17 3 2 7 2 11 2 15 2 2 3 12 3 14 3 16 3 3 4 10 15 12 15 11 16
> BAT3 4 3 6 3 8 3 10 3 15 4 9 6 8 9 10 9 9 12 6 15 8 15 7 16
< RES 1637334187 38 3
< GRENADE
< MOVE R R
> REQ 1637334187 39 3
> VAMPIRE 1 15 15 3 0 2 0
> VAMPIRE 3 7 5 3 0 2 0
> VAMPIRE 4 11 5 3 0 2 0
> VAMPIRE 2 3 11 3 0 2 0
> GRENADE 1 11 15 4 2
> GRENADE 4 15 5 4 2
> GRENADE 2 7 11 4 2
> GRENADE 3 7 3 5 2
> BAT1 5 7 9 7 13 7 7 8 11 8 1 9 3 9 5 9 13 9 15 9 17 9 7 10 11 10 5 11 9 11 13 11 1 13 17 13 9 17 3 6 15 10 14 11 16 11 7 12 11 12 15 12 6 13 8 13 10 13 12 13 7 14
> BAT2 9 4 15 6 2 7 4 7 14 7 16 7 3 8 15 8 6 9 12 9 9 14 5 17 13 17 3 2 7 2 11 2 15 2 2 3 12 3 14 3 16 3 3 4 10 15 12 15 11 16
> BAT3 4 3 6 3 8 3 10 3 15 4 9 6 8 9 10 9 9 12 6 15 8 15 7 16
< RES 1637334187 39 3
< MOVE U U
> REQ 1637334187 40 3
> VAMPIRE 1 15 15 3 0 2 0
> VAMPIRE 3 5 5 3 0 2 0
> VAMPIRE 4 11 7 3 0 2 0
> VAMPIRE 2 3 11 3 0 2 0
> GRENADE 1 11 15 3 2
> GRENADE 4 15 5 3 2
> GRENADE 2 7 11 3 2
> GRENADE 3 7 3 4 2
> BAT1 5 7 9 7 13 7 7 8 11 8 1 9 3 9 5 9 13 9 15 9 17 9 7 10 11 10 5 11 9 11 13 11 1 13 17 13 9 17 3 6 15 10 14 11 16 11 7 12 11 12 15 12 6 13 8 13 10 13 12 13 7 14
> BAT2 9 4 15 6 2 7 4 7 14 7 16 7 3 8 15 8 6 9 12 9 9 14 5 17 13 17 3 2 7 2 11 2 15 2 2 3 12 3 14 3 16 3 3 4 10 15 12 15 11 16
> BAT3 4 3 6 3 8 3 10 3 15 4 9 6 8 9 10 9 9 12 6 15 8 15 7 16
< RES 1637334187 40 3
> REQ 1637334187 41 3
> VAMPIRE 1 15 15 3 0 2 0
> VAMPIRE 3 5 5 3 0 2 0
> VAMPIRE 4 11 5 3 0 2 0
> VAMPIRE 2 3 11 3 0 2 0
> GRENADE 1 11 15 2 2
> GRENADE 4 15 5 2 2
> GRENADE 2 7 11 2 2
> GRENADE 3 7 3 3 2
> BAT1 5 7 9 7 13 7 7 8 11 8 1 9 3 9 5 9 13 9 15 9 17 9 7 10 11 10 5 11 9 11 13 11 1 13 17 13 9 17 3 6 15 10 14 11 16 11 7 12 11 12 15 12 6 13 8 13 10 13 12 13 7 14
> BAT2 9 4 15 6 2 7 4 7 14 7 16 7 3 8 15 8 6 9 12 9 9 14 5 17 13 17 3 2 7 2 11 2 15 2 2 3 12 3 14 3 16 3 3 4 10 15 12 15 11 16
> BAT3 4 3 6 3 8 3 10 3 15 4 9 6 8 9 10 9 9 12 6 15 8 15 7 16
< RES 1637334187 41 3
> REQ 1637334187 42 3
> VAMPIRE 1 13 15 3 0 2 0
> VAMPIRE 3 5 5 3 0 2 0
> VAMPIRE 4 11 7 3 0 2 0
> VAMPIRE 2 1 11 3 0 2 0
> GRENADE 1 11 15 1 2
> GRENADE 4 15 5 1 2
> GRENADE 2 7 11 1 2
> GRENADE 3 7 3 2 2
> BAT1 5 7 9 7 13 7 7 8 11 8 1 9 3 9 5 9 13 9 15 9 17 9 7 10 11 10 5 11 9 11 13 11 1 13 17 13 9 17 3 6 15 10 14 11 16 11 7 12 11 12 15 12 6 13 8 13 10 13 12 13 7 14
> BAT2 9 4 15 6 2 7 4 7 14 7 16 7 3 8 15 8 6 9 12 9 9 14 5 17 13 17 3 2 7 2 11 2 15 2 2 3 12 3 14 3 16 3 3 4 10 15 12 15 11 16
> BAT3 4 3 6 3 8 3 10 3 15 4 9 6 8 9 10 9 9 12 6 15 8 15 7 16
< RES 1637334187 42 3
> REQ 1637334187 43 3
> VAMPIRE 1 13 15 3 1 2 0
> VAMPIRE 3 5 5 3 0 2 0
> VAMPIRE 4 11 7 3 1 2 0
> VAMPIRE 2 1 10 3 1 2 0
> GRENADE 3 7 3 1 2
> BAT1 5 7 9 7 13 7 7 8 11 8 1 9 3 9 5 9 13 9 15 9 17 9 11 10 13 11 1 13 17 13 9 17 3 6 15 6 15 10 14 11 16 11 11 12 15 12 6 13 8 13 10 13 12 13 7 14 10 15 12 15 11 16
> BAT2 9 4 2 7 4 7 14 7 16 7 3 8 15 8 6 9 12 9 9 14 5 17 13 17 3 2 7 2 11 2 15 2 2 3 12 3 14 3 16 3 3 4 15 4
> BAT3 4 3 6 3 8 3 10 3 9 6 8 9 10 9 9 12 6 15 8 15 7 16
< RES 1637334187 43 3
< MOVE U U
> REQ 1637334187 44 3
> VAMPIRE 1 13 15 3 0 2 0
> VAMPIRE 3 3 5 3 1 2 0
> VAMPIRE 4 11 7 3 0 2 0
> VAMPIRE 2 1 10 3 0 2 0
> GRENADE 1 13 15 5 2
> GRENADE 4 11 7 5 2
> GRENADE 2 1 10 5 2
> BAT1 5 7 9 7 13 7 7 8 11 8 1 9 3 9 5 9 13 9 15 9 17 9 11 10 13 11 1 13 17 13 9 17 3 6 15 6 15 10 14 11 16 11 11 12 15 12 6 13 8 13 10 13 12 13 7 14 7 2 10 15 12 15 11 16
> BAT2 9 4 2 7 4 7 14 7 16 7 3 8 15 8 6 9 12 9 9 14 5 17 13 17 3 2 11 2 15 2 2 3 6 3 8 3 12 3 14 3 16 3 3 4 15 4
> BAT3 4 3 10 3 9 6 8 9 10 9 9 12 6 15 8 15 7 16
< RES 1637334187 44 3
< GRENADE
< MOVE D D
> REQ 1637334187 45 3
> VAMPIRE 1 15 15 3 0 2 0
> VAMPIRE 3 5 5 3 0 2 0
> VAMPIRE 4 11 5 3 0 2 0
> VAMPIRE 2 1 10 3 0 2 0
> GRENADE 1 11 15 4 2
> GRENADE 4 11 9 4 2
> GRENADE 2 1 7 4 2
> GRENADE 3 3 5 5 2
> BAT1 5 7 9 7 13 7 7 8 11 8 1 9 3 9 5 9 13 9 15 9 17 9 11 10 13 11 1 13 17 13 9 17 3 6 15 6 15 10 14 11 16 11 11 12 15 12 6 13 8 13 10 13 12 13 7 14 7 2 10 15 12 15 11 16
> BAT2 9 4 2 7 4 7 14 7 16 7 3 8 15 8 6 9 12 9 9 14 5 17 13 17 3 2 11 2 15 2 2 3 6 3 8 3 12 3 14 3 16 3 3 4 15 4
> BAT3 4 3 10 3 9 6 8 9 10 9 9 12 6 15 8 15 7 16
< RES 1637334187 45 3
< MOVE D
> REQ 1637334187 46 3
> VAMPIRE 1 15 15 3 0 2 0
> VAMPIRE 3 6 5 3 0 2 0
> VAMPIRE 4 13 5 3 0 2 0
> VAMPIRE 2 1 11 3 0 2 0
> GRENADE 1 11 15 3 2
> GRENADE 4 11 9 3 2
> GRENADE 2 1 7 3 2
> GRENADE 3 3 5 4 2
> BAT1 5 7 9 7 13 7 7 8 11 8 1 9 3 9 5 9 13 9 15 9 17 9 11 10 13 11 1 13 17 13 9 17 3 6 15 6 15 10 14 11 16 11 11 12 15 12 6 13 8 13 10 13 12 13 7 14 7 2 10 15 12 15 11 16
> BAT2 9 4 2 7 4 7 14 7 16 7 3 8 15 8 6 9 12 9 9 14 5 17 13 17 3 2 11 2 15 2 2 3 6 3 8 3 12 3 14 3 16 3 3 4 15 4
> BAT3 4 3 10 3 9 6 8 9 10 9 9 12 6 15 8 15 7 16
< RES 1637334187 46 3
< MOVE D
> REQ 1637334187 47 3
> VAMPIRE 1 13 15 3 0 2 0
> VAMPIRE 3 7 5 3 0 2 0
> VAMPIRE 4 13 5 3 0 2 0
> VAMPIRE 2 3 11 3 0 2 0
> GRENADE 1 11 15 2 2
> GRENADE 4 11 9 2 2
> GRENADE 2 1 7 2 2
> GRENADE 3 3 5 3 2
> BAT1 5 7 9 7 13 7 7 8 11 8 1 9 3 9 5 9 13 9 15 9 17 9 11 10 13 11 1 13 17 13 9 17 3 6 15 6 15 10 14 11 16 11 11 12 15 12 6 13 8 13 10 13 12 13 7 14 7 2 10 15 12 15 11 16
> BAT2 9 4 2 7 4 7 14 7 16 7 3 8 15 8 6 9 12 9 9 14 5 17 13 17 3 2 11 2 15 2 2 3 6 3 8 3 12 3 14 3 16 3 3 4 15 4
> BAT3 4 3 10 3 9 6 8 9 10 9 9 12 6 15 8 15 7 16
< RES 1637334187 47 3
> REQ 1637334187 48 3
> VAMPIRE 1 13 13 3 0 2 0
> VAMPIRE 3 7 5 3 0 2 0
> VAMPIRE 4 11 5 3 0 2 0
> VAMPIRE 2 3 13 3 0 2 0
> GRENADE 1 11 15 1 2
> GRENADE 4 11 9 1 2
> GRENADE 2 1 7 1 2
> GRENADE 3 3 5 2 2
> BAT1 5 7 9 7 13 7 7 8 11 8 1 9 3 9 5 9 13 9 15 9 17 9 11 10 13 11 1 13 17 13 9 17 3 6 15 6 15 10 14 11 16 11 11 12 15 12 6 13 8 13 10 13 12 13 7 14 7 2 10 15 12 15 11 16
> BAT2 9 4 2 7 4 7 14 7 16 7 3 8 15 8 6 9 12 9 9 14 5 17 13 17 3 2 11 2 15 2 2 3 6 3 8 3 12 3 14 3 16 3 3 4 15 4
> BAT3 4 3 10 3 9 6 8 9 10 9 9 12 6 15 8 15 7 16
< RES 1637334187 48 3
< MOVE R R
> REQ 1637334187 49 3
> VAMPIRE 1 15 13 3 1 2 0
> VAMPIRE 3 7 7 3 0 2 0
> VAMPIRE 4 11 3 3 1 2 0
> VAMPIRE 2 5 13 3 1 2 0
> GRENADE 3 3 5 1 2
> BAT1 5 7 9 7 13 7 7 8 3 9 5 9 13 9 15 9 17 9 13 11 1 13 17 13 9 17 3 6 15 6 2 7 12 9 15 10 14 11 16 11 11 12 15 12 6 13 8 13 10 13 12 13 7 14 7 2
> BAT2 9 4 4 7 14 7 16 7 3 8 15 8 6 9 9 14 5 17 13 17 3 2 11 2 15 2 2 3 6 3 8 3 12 3 14 3 16 3 3 4 15 4 10 9
> BAT3 4 3 10 3 9 6 8 9 9 12 6 15 8 15 7 16
< RES 1637334187 49 3
> REQ 1637334187 50 3
> VAMPIRE 1 15 13 3 0 2 0
> VAMPIRE 3 7 7 3 1 2 0
> VAMPIRE 4 11 5 3 0 2 0
> VAMPIRE 2 5 13 3 0 2 0
> GRENADE 1 15 13 5 2
> GRENADE 4 11 3 5 2
> GRENADE 2 5 13 5 2
> BAT1 5 7 9 7 13 7 7 8 3 9 5 9 13 9 15 9 17 9 13 11 1 13 17 13 9 17 15 6 2 7 12 9 15 10 14 11 16 11 11 12 15 12 6 13 8 13 10 13 12 13 7 14 7 2 3 4
> BAT2 9 4 4 7 14 7 16 7 3 8 15 8 6 9 9 14 5 17 13 17 3 2 11 2 15 2 2 3 6 3 8 3 12 3 14 3 16 3 15 4 10 9
> BAT3 4 3 10 3 9 6 8 9 9 12 6 15 8 15 7 16
< RES 1637334187 50 3
< GRENADE
< MOVE L L
> REQ 1637334187 51 3
> VAMPIRE 1 15 15 3 0 2 0
> VAMPIRE 3 7 5 3 0 2 0
> VAMPIRE 4 13 5 3 0 2 0
> VAMPIRE 2 5 11 3 0 2 0
> GRENADE 1 15 11 4 2
> GRENADE 4 11 3 4 2
> GRENADE 2 7 13 4 2
> GRENADE 3 7 7 5 2
> BAT1 5 7 9 7 13 7 7 8 3 9 5 9 13 9 15 9 17 9 13 11 1 13 17 13 9 17 15 6 2 7 12 9 15 10 14 11 16 11 11 12 15 12 6 13 8 13 10 13 12 13 7 14 7 2 3 4
> BAT2 9 4 4 7 14 7 16 7 3 8 15 8 6 9 9 14 5 17 13 17 3 2 11 2 15 2 2 3 6 3 8 3 12 3 14 3 16 3 15 4 10 9
> BAT3 4 3 10 3 9 6 8 9 9 12 6 15 8 15 7 16
< RES 1637334187 51 3
< MOVE U U
> REQ 1637334187 52 3
> VAMPIRE 1 13 15 3 0 2 0
> VAMPIRE 3 5 5 3 0 2 0
> VAMPIRE 4 13 5 3 0 2 0
> VAMPIRE 2 6 11 3 0 2 0
> GRENADE 1 15 11 3 2
> GRENADE 4 11 3 3 2
> GRENADE 2 7 13 3 2
> GRENADE 3 7 7 4 2
> BAT1 5 7 9 7 13 7 7 8 3 9 5 9 13 9 15 9 17 9 13 11 1 13 17 13 9 17 15 6 2 7 12 9 15 10 14 11 16 11 11 12 15 12 6 13 8 13 10 13 12 13 7 14 7 2 3 4
> BAT2 9 4 4 7 14 7 16 7 3 8 15 8 6 9 9 14 5 17 13 17 3 2 11 2 15 2 2 3 6 3 8 3 12 3 14 3 16 3 15 4 10 9
> BAT3 4 3 10 3 9 6 8 9 9 12 6 15 8 15 7 16
< RES 1637334187 52 3
> REQ 1637334187 53 3
> VAMPIRE 1 13 15 3 0 2 0
> VAMPIRE 3 5 5 3 0 2 0
> VAMPIRE 4 13 5 3 0 2 0
> VAMPIRE 2 7 12 3 0 2 0
> GRENADE 1 15 11 2 2
> GRENADE 4 11 3 2 2
> GRENADE 2 7 13 2 2
> GRENADE 3 7 7 3 2
> BAT1 5 7 9 7 13 7 7 8 3 9 5 9 13 9 15 9 17 9 13 11 1 13 17 13 9 17 15 6 2 7 12 9 15 10 14 11 16 11 11 12 15 12 6 13 8 13 10 13 12 13 7 14 7 2 3 4
> BAT2 9 4 4 7 14 7 16 7 3 8 15 8 6 9 9 14 5 17 13 17 3 2 11 2 15 2 2 3 6 3 8 3 12 3 14 3 16 3 15 4 10 9
> BAT3 4 3 10 3 9 6 8 9 9 12 6 15 8 15 7 16
< RES 1637334187 53 3
> REQ 1637334187 54 3
> VAMPIRE 1 11 15 3 0 2 0
> VAMPIRE 3 5 5 3 0 2 0
> VAMPIRE 4 13 5 3 0 2 0
> VAMPIRE 2 7 11 3 0 2 0
> GRENADE 1 15 11 1 2
> GRENADE 4 11 3 1 2
> GRENADE 2 7 15 1 2
> GRENADE 3 7 7 2 2
> BAT1 5 7 9 7 13 7 7 8 3 9 5 9 13 9 15 9 17 9 13 11 1 13 17 13 9 17 15 6 2 7 12 9 15 10 14 11 16 11 11 12 15 12 6 13 8 13 10 13 12 13 7 14 7 2 3 4
> BAT2 9 4 4 7 14 7 16 7 3 8 15 8 6 9 9 14 5 17 13 17 3 2 11 2 15 2 2 3 6 3 8 3 12 3 14 3 16 3 15 4 10 9
> BAT3 4 3 10 3 9 6 8 9 9 12 6 15 8 15 7 16
< RES 1637334187 54 3
< MOVE U U
> REQ 1637334187 55 3
> VAMPIRE 1 9 15 3 1 2 0
> VAMPIRE 3 3 5 3 0 2 0
> VAMPIRE 4 15 5 3 1 2 0
> VAMPIRE 2 7 13 3 1 2 0
> GRENADE 3 7 7 1 2
> BAT1 5 7 9 7 13 7 7 8 3 9 5 9 13 9 15 9 17 9 13 11 1 13 17 13 9 17 15 6 2 7 12 9 11 12 6 13 8 13 10 13 12 13 7 2 11 2 12 3 3 4
> BAT2 9 4 4 7 14 7 16 7 3 8 15 8 6 9 9 14 5 17 13 17 3 2 15 2 2 3 6 3 8 3 10 3 14 3 16 3 15 4 10 9 6 15 8 15 7 16
> BAT3 4 3 9 6 8 9 9 12
< RES 1637334187 55 3
< MOVE R R
> REQ 1637334187 56 3
> VAMPIRE 1 9 15 3 0 2 0
> VAMPIRE 3 3 7 3 1 2 0
> VAMPIRE 4 13 5 3 0 2 0
> VAMPIRE 2 7 13 3 0 2 0
> GRENADE 1 9 15 5 2
> GRENADE 4 15 5 5 2
> GRENADE 2 7 13 5 2
> BAT1 13 7 3 9 5 9 13 9 15 9 17 9 13 11 1 13 17 13 9 17 15 6 2 7 12 9 11 12 6 13 8 13 10 13 12 13 7 2 11 2 12 3 3 4
> BAT2 9 4 4 7 14 7 16 7 3 8 15 8 6 9 9 14 5 17 13 17 3 2 15 2 2 3 6 3 8 3 10 3 14 3 16 3 15 4 10 9 6 15 8 15 7 16
> BAT3 4 3 9 6 8 9 9 12
< RES 1637334187 56 3
< GRENADE
< MOVE L L
> REQ 1637334187 57 3
> VAMPIRE 1 9 15 3 0 2 0
> VAMPIRE 3 3 5 3 0 2 0
> VAMPIRE 4 11 5 3 0 2 0
> VAMPIRE 2 7 11 3 0 2 0
> GRENADE 1 7 15 4 2
> GRENADE 4 15 5 4 2
> GRENADE 2 9 13 4 2
> GRENADE 3 3 7 5 2
> BAT1 13 7 3 9 5 9 13 9 15 9 17 9 13 11 1 13 17 13 9 17 15 6 2 7 12 9 11 12 6 13 8 13 10 13 12 13 7 2 11 2 12 3 3 4
> BAT2 9 4 4 7 14 7 16 7 3 8 15 8 6 9 9 14 5 17 13 17 3 2 15 2 2 3 6 3 8 3 10 3 14 3 16 3 15 4 10 9 6 15 8 15 7 16
> BAT3 4 3 9 6 8 9 9 12
< RES 1637334187 57 3
< MOVE D D
> REQ 1637334187 58 3
> VAMPIRE 1 11 15 3 0 2 0
> VAMPIRE 3 5 5 3 0 2 0
> VAMPIRE 4 11 7 3 0 2 0
> VAMPIRE 2 5 11 3 0 2 0
> GRENADE 1 7 15 3 2
> GRENADE 4 15 5 3 2
> GRENADE 2 9 13 3 2
> GRENADE 3 3 7 4 2
> BAT1 13 7 3 9 5 9 13 9 15 9 17 9 13 11 1 13 17 13 9 17 15 6 2 7 12 9 11 12 6 13 8 13 10 13 12 13 7 2 11 2 12 3 3 4
> BAT2 9 4 4 7 14 7 16 7 3 8 15 8 6 9 9 14 5 17 13 17 3 2 15 2 2 3 6 3 8 3 10 3 14 3 16 3 15 4 10 9 6 15 8 15 7 16
> BAT3 4 3 9 6 8 9 9 12
< RES 1637334187 58 3
> REQ 1637334187 59 3
> VAMPIRE 1 13 15 3 0 2 0
> VAMPIRE 3 5 5 3 0 2 0
> VAMPIRE 4 11 7 3 0 2 0
> VAMPIRE 2 5 11 3 0 2 0
> GRENADE 1 7 15 2 2
> GRENADE 4 15 5 2 2
> GRENADE 2 9 13 2 2
> GRENADE 3 3 7 3 2
> BAT1 13 7 3 9 5 9 13 9 15 9 17 9 13 11 1 13 17 13 9 17 15 6 2 7 12 9 11 12 6 13 8 13 10 13 12 13 7 2 11 2 12 3 3 4
> BAT2 9 4 4 7 14 7 16 7 3 8 15 8 6 9 9 14 5 17 13 17 3 2 15 2 2 3 6 3 8 3 10 3 14 3 16 3 15 4 10 9 6 15 8 15 7 16
> BAT3 4 3 9 6 8 9 9 12
< RES 1637334187 59 3
> REQ 1637334187 60 3
> VAMPIRE 1 11 15 3 0 2 0
> VAMPIRE 3 5 5 3 0 2 0
> VAMPIRE 4 11 5 3 0 2 0
> VAMPIRE 2 5 13 3 0 2 0
> GRENADE 1 7 15 1 2
> GRENADE 4 15 5 1 2
> GRENADE 2 9 13 1 2
> GRENADE 3 3 7 2 2
> BAT1 13 7 3 9 5 9 13 9 15 9 17 9 13 11 1 13 17 13 9 17 15 6 2 7 12 9 11 12 6 13 8 13 10 13 12 13 7 2 11 2 12 3 3 4
> BAT2 9 4 4 7 14 7 16 7 3 8 15 8 6 9 9 14 5 17 13 17 3 2 15 2 2 3 6 3 8 3 10 3 14 3 16 3 15 4 10 9 6 15 8 15 7 16
> BAT3 4 3 9 6 8 9 9 12
< RES 1637334187 60 3
< MOVE D D
> REQ 1637334187 61 3
> VAMPIRE 1 9 15 3 1 2 0
> VAMPIRE 3 7 5 3 0 2 0
> VAMPIRE 4 11 3 3 1 2 0
> VAMPIRE 2 5 15 3 1 2 0
> GRENADE 3 3 7 1 2
> BAT1 13 7 3 9 5 9 13 9 15 9 17 9 13 11 1 13 17 13 9 17 2 7 12 9 11 12 6 13 12 13 9 14 7 2 11 2 12 3 3 4 15 4 6 15 8 15 7 16
> BAT2 9 4 4 7 14 7 16 7 3 8 15 8 6 9 5 17 13 17 3 2 15 2 2 3 6 3 8 3 10 3 14 3 16 3 10 9 9 12
> BAT3 4 3 9 6 8 9
< RES 1637334187 61 3
< MOVE L L
> REQ 1637334187 62 3
> VAMPIRE 1 11 15 3 0 2 0
> VAMPIRE 3 7 3 3 1 2 0
> VAMPIRE 4 11 5 3 0 2 0
> VAMPIRE 2 5 15 3 0 2 0
> GRENADE 1 9 15 5 2
> GRENADE 4 11 3 5 2
> GRENADE 2 5 15 5 2
> BAT1 13 7 3 9 5 9 13 9 15 9 17 9 13 11 1 13 17 13 9 17 4 7 3 8 12 9 11 12 6 13 12 13 9 14 7 2 11 2 12 3 3 4 15 4 6 15 8 15 7 16
> BAT2 9 4 14 7 16 7 15 8 6 9 5 17 13 17 3 2 15 2 2 3 6 3 8 3 10 3 14 3 16 3 10 9 9 12
> BAT3 4 3 9 6 8 9
< RES 1637334187 62 3
< GRENADE
< MOVE R R
> REQ 1637334187 63 3
> VAMPIRE 1 13 15 3 0 2 0
> VAMPIRE 3 7 5 3 0 2 0
> VAMPIRE 4 13 5 3 0 2 0
> VAMPIRE 2 5 13 3 0 2 0
> GRENADE 1 9 15 4 2
> GRENADE 4 11 3 4 2
> GRENADE 2 7 15 4 2
> GRENADE 3 7 3 5 2
> BAT1 13 7 3 9 5 9 13 9 15 9 17 9 13 11 1 13 17 13 9 17 4 7 3 8 12 9 11 12 6 13 12 13 9 14 7 2 11 2 12 3 3 4 15 4 6 15 8 15 7 16
> BAT2 9 4 14 7 16 7 15 8 6 9 5 17 13 17 3 2 15 2 2 3 6 3 8 3 10 3 14 3 16 3 10 9 9 12
> BAT3 4 3 9 6 8 9
< RES 1637334187 63 3
< MOVE U U
> REQ 1637334187 64 3
> VAMPIRE 1 13 15 3 0 2 0
> VAMPIRE 3 5 5 3 0 2 0
> VAMPIRE 4 13 5 3 0 2 0
> VAMPIRE 2 3 13 3 0 2 0
> GRENADE 1 9 15 3 2
> GRENADE 4 11 3 3 2
> GRENADE 2 7 15 3 2
> GRENADE 3 7 3 4 2
> BAT1 13 7 3 9 5 9 13 9 15 9 17 9 13 11 1 13 17 13 9 17 4 7 3 8 12 9 11 12 6 13 12 13 9 14 7 2 11 2 12 3 3 4 15 4 6 15 8 15 7 16
> BAT2 9 4 14 7 16 7 15 8 6 9 5 17 13 17 3 2 15 2 2 3 6 3 8 3 10 3 14 3 16 3 10 9 9 12
> BAT3 4 3 9 6 8 9
< RES 1637334187 64 3
> REQ 1637334187 65 3
> VAMPIRE 1 15 15 3 0 2 0
> VAMPIRE 3 5 5 3 0 2 0
> VAMPIRE 4 13 5 3 0 2 0
> VAMPIRE 2 3 13 3 0 2 0
> GRENADE 1 9 15 2 2
> GRENADE 4 11 3 2 2
> GRENADE 2 7 15 2 2
> GRENADE 3 7 3 3 2
> BAT1 13 7 3 9 5 9 13 9 15 9 17 9 13 11 1 13 17 13 9 17 4 7 3 8 12 9 11 12 6 13 12 13 9 14 7 2 11 2 12 3 3 4 15 4 6 15 8 15 7 16
> BAT2 9 4 14 7 16 7 15 8 6 9 5 17 13 17 3 2 15 2 2 3 6 3 8 3 10 3 14 3 16 3 10 9 9 12
> BAT3 4 3 9 6 8 9
< RES 1637334187 65 3
> REQ 1637334187 66 3
> VAMPIRE 1 15 13 3 0 2 0
> VAMPIRE 3 5 5 3 0 2 0
> VAMPIRE 4 15 5 3 0 2 0
> VAMPIRE 2 3 13 3 0 2 0
> GRENADE 1 9 15 1 2
> GRENADE 4 11 3 1 2
> GRENADE 2 7 15 1 2
> GRENADE 3 7 3 2 2
> BAT1 13 7 3 9 5 9 13 9 15 9 17 9 13 11 1 13 17 13 9 17 4 7 3 8 12 9 11 12 6 13 12 13 9 14 7 2 11 2 12 3 3 4 15 4 6 15 8 15 7 16
> BAT2 9 4 14 7 16 7 15 8 6 9 5 17 13 17 3 2 15 2 2 3 6 3 8 3 10 3 14 3 16 3 10 9 9 12
> BAT3 4 3 9 6 8 9
< RES 1637334187 66 3
> REQ 1637334187 67 3
> VAMPIRE 1 15 11 3 1 2 0
> VAMPIRE 3 5 5 3 0 2 0
> VAMPIRE 4 15 7 3 1 2 0
> VAMPIRE 2 4 13 3 1 2 0
> GRENADE 3 7 3 1 2
> BAT1 13 7 3 9 5 9 13 9 15 9 17 9 13 11 1 13 17 13 4 7 3 8 12 9 11 12 6 13 12 13 7 2 10 3 3 4 15 4
> BAT2 9 4 14 7 16 7 15 8 6 9 5 17 13 17 3 2 15 2 2 3 6 3 8 3 14 3 16 3 10 9 9 12
> BAT3 4 3 9 6 8 9
< RES 1637334187 67 3
< MOVE L L
> REQ 1637334187 68 3
> VAMPIRE 1 15 11 3 0 2 0
> VAMPIRE 3 5 3 3 1 2 0
> VAMPIRE 4 15 5 3 0 2 0
> VAMPIRE 2 5 12 3 0 2 0
> GRENADE 1 15 11 5 2
> GRENADE 4 15 7 5 2
> GRENADE 2 4 13 5 2
> BAT1 13 7 3 9 5 9 13 9 15 9 17 9 13 11 1 13 17 13 4 7 3 8 12 9 11 12 6 13 12 13 6 3 8 3 10 3 3 4 15 4
> BAT2 9 4 14 7 16 7 15 8 6 9 5 17 13 17 3 2 15 2 2 3 14 3 16 3 10 9 9 12
> BAT3 4 3 9 6 8 9
< RES 1637334187 68 3
< GRENADE
< MOVE R R
> REQ 1637334187 69 3
> VAMPIRE 1 15 11 3 0 2 0
> VAMPIRE 3 5 5 3 0 2 0
> VAMPIRE 4 13 5 3 0 2 0
> VAMPIRE 2 5 11 3 0 2 0
> GRENADE 1 15 10 4 2
> GRENADE 4 15 7 4 2
> GRENADE 2 4 13 4 2
> GRENADE 3 5 3 5 2
> BAT1 13 7 3 9 5 9 13 9 15 9 17 9 13 11 1 13 17 13 4 7 3 8 12 9 11 12 6 13 12 13 6 3 8 3 10 3 3 4 15 4
> BAT2 9 4 14 7 16 7 15 8 6 9 5 17 13 17 3 2 15 2 2 3 14 3 16 3 10 9 9 12
> BAT3 4 3 9 6 8 9
< RES 1637334187 69 3
< MOVE D D
> REQ 1637334187 70 3
> VAMPIRE 1 15 11 3 0 2 0
> VAMPIRE 3 7 5 3 0 2 0
> VAMPIRE 4 13 5 3 0 2 0
> VAMPIRE 2 5 11 3 0 2 0
> GRENADE 1 15 7 3 2
> GRENADE 4 15 7 3 2
> GRENADE 2 4 13 3 2
> GRENADE 3 5 3 4 2
> BAT1 13 7 3 9 5 9 13 9 15 9 17 9 13 11 1 13 17 13 4 7 3 8 12 9 11 12 6 13 12 13 6 3 8 3 10 3 3 4 15 4
> BAT2 9 4 14 7 16 7 15 8 6 9 5 17 13 17 3 2 15 2 2 3 14 3 16 3 10 9 9 12
> BAT3 4 3 9 6 8 9
< RES 1637334187 70 3
> REQ 1637334187 71 3
> VAMPIRE 1 15 11 3 0 2 0
> VAMPIRE 3 7 5 3 0 2 0
> VAMPIRE 4 13 5 3 0 2 0
> VAMPIRE 2 5 11 3 0 2 0
> GRENADE 1 15 7 2 2
> GRENADE 4 15 7 2 2
> GRENADE 2 4 13 2 2
> GRENADE 3 5 3 3 2
> BAT1 13 7 3 9 5 9 13 9 15 9 17 9 13 11 1 13 17 13 4 7 3 8 12 9 11 12 6 13 12 13 6 3 8 3 10 3 3 4 15 4
> BAT2 9 4 14 7 16 7 15 8 6 9 5 17 13 17 3 2 15 2 2 3 14 3 16 3 10 9 9 12
> BAT3 4 3 9 6 8 9
< RES 1637334187 71 3
< MOVE U
> REQ 1637334187 72 3
> VAMPIRE 1 15 11 3 0 2 0
> VAMPIRE 3 6 5 3 0 2 0
> VAMPIRE 4 13 3 3 0 2 0
> VAMPIRE 2 7 11 3 0 2 0
> GRENADE 1 15 7 1 2
> GRENADE 4 15 7 1 2
> GRENADE 2 4 13 1 2
> GRENADE 3 5 3 2 2
> BAT1 13 7 3 9 5 9 13 9 15 9 17 9 13 11 1 13 17 13 4 7 3 8 12 9 11 12 6 13 12 13 6 3 8 3 10 3 3 4 15 4
> BAT2 9 4 14 7 16 7 15 8 6 9 5 17 13 17 3 2 15 2 2 3 14 3 16 3 10 9 9 12
> BAT3 4 3 9 6 8 9
< RES 1637334187 72 3
< MOVE D
> REQ 1637334187 73 3
> VAMPIRE 1 15 10 3 1 2 0
> VAMPIRE 3 7 5 3 0 2 0
> VAMPIRE 4 12 3 3 1 2 0
> VAMPIRE 2 7 9 3 1 2 0
> GRENADE 3 5 3 1 2
> BAT1 13 7 3 9 5 9 13 9 15 9 17 9 13 11 1 13 17 13 4 7 14 7 16 7 3 8 15 8 12 9 11 12 12 13 6 3 8 3 10 3 3 4 15 4
> BAT2 9 4 6 9 5 17 13 17 3 2 15 2 2 3 14 3 16 3 10 9 9 12
> BAT3 4 3 9 6 8 9
< RES 1637334187 73 3
< MOVE D D
> REQ 1637334187 74 3
> VAMPIRE 1 15 10 3 0 2 0
> VAMPIRE 3 9 5 3 1 2 0
> VAMPIRE 4 12 3 3 0 2 0
> VAMPIRE 2 7 11 3 0 2 0
> GRENADE 1 15 10 5 2
> GRENADE 4 12 3 5 2
> GRENADE 2 7 9 5 2
> BAT1 13 7 3 9 5 9 13 9 15 9 17 9 13 11 1 13 17 13 4 7 14 7 16 7 3 8 15 8 12 9 11 12 12 13 8 3 10 3 3 4 15 4
> BAT2 9 4 6 9 5 17 13 17 3 2 15 2 2 3 4 3 14 3 16 3 10 9 9 12
> BAT3 9 6 8 9
< RES 1637334187 74 3
< GRENADE
< MOVE U U
> REQ 1637334187 75 3
> VAMPIRE 1 15 10 3 0 2 0
> VAMPIRE 3 7 5 3 0 2 0
> VAMPIRE 4 13 3 3 0 2 0
> VAMPIRE 2 5 11 3 0 2 0
> GRENADE 1 15 7 4 2
> GRENADE 4 15 3 4 2
> GRENADE 2 7 9 4 2
> GRENADE 3 9 5 5 2
> BAT1 13 7 3 9 5 9 13 9 15 9 17 9 13 11 1 13 17 13 4 7 14 7 16 7 3 8 15 8 12 9 11 12 12 13 8 3 10 3 3 4 15 4
> BAT2 9 4 6 9 5 17 13 17 3 2 15 2 2 3 4 3 14 3 16 3 10 9 9 12
> BAT3 9 6 8 9
< RES 1637334187 75 3
< MOVE U U
> REQ 1637334187 76 3
> VAMPIRE 1 15 11 3 0 2 0
> VAMPIRE 3 5 5 3 0 2 0
> VAMPIRE 4 13 5 3 0 2 0
> VAMPIRE 2 5 11 3 0 2 0
> GRENADE 1 15 7 3 2
> GRENADE 4 15 3 3 2
> GRENADE 2 7 9 3 2
> GRENADE 3 9 5 4 2
> BAT1 13 7 3 9 5 9 13 9 15 9 17 9 13 11 1 13 17 13 4 7 14 7 16 7 3 8 15 8 12 9 11 12 12 13 8 3 10 3 3 4 15 4
> BAT2 9 4 6 9 5 17 13 17 3 2 15 2 2 3 4 3 14 3 16 3 10 9 9 12
> BAT3 9 6 8 9
< RES 1637334187 76 3
> REQ 1637334187 77 3
> VAMPIRE 1 15 11 3 0 2 0
> VAMPIRE 3 5 5 3 0 2 0
> VAMPIRE 4 13 5 3 0 2 0
> VAMPIRE 2 5 11 3 0 2 0
> GRENADE 1 15 7 2 2
> GRENADE 4 15 3 2 2
> GRENADE 2 7 9 2 2
> GRENADE 3 9 5 3 2
> BAT1 13 7 3 9 5 9 13 9 15 9 17 9 13 11 1 13 17 13 4 7 14 7 16 7 3 8 15 8 12 9 11 12 12 13 8 3 10 3 3 4 15 4
> BAT2 9 4 6 9 5 17 13 17 3 2 15 2 2 3 4 3 14 3 16 3 10 9 9 12
> BAT3 9 6 8 9
< RES 1637334187 77 3
> REQ 1637334187 78 3
> VAMPIRE 1 15 11 3 0 2 0
> VAMPIRE 3 5 5 3 0 2 0
> VAMPIRE 4 13 3 3 0 2 0
> VAMPIRE 2 5 11 3 0 2 0
> GRENADE 1 15 7 1 2
> GRENADE 4 15 3 1 2
> GRENADE 2 7 9 1 2
> GRENADE 3 9 5 2 2
> BAT1 13 7 3 9 5 9 13 9 15 9 17 9 13 11 1 13 17 13 4 7 14 7 16 7 3 8 15 8 12 9 11 12 12 13 8 3 10 3 3 4 15 4
> BAT2 9 4 6 9 5 17 13 17 3 2 15 2 2 3 4 3 14 3 16 3 10 9 9 12
> BAT3 9 6 8 9
< RES 1637334187 78 3
> REQ 1637334187 79 3
> VAMPIRE 1 15 11 3 1 2 0
> VAMPIRE 3 5 5 3 0 2 0
> VAMPIRE 4 12 3 3 1 2 0
> VAMPIRE 2 5 10 3 1 2 0
> GRENADE 3 9 5 1 2
> BAT1 13 7 3 9 5 9 13 9 15 9 17 9 13 11 1 13 17 13 4 7 3 8 6 9 12 9 11 12 12 13 15 2 8 3 10 3 14 3 16 3 3 4
> BAT2 9 4 5 17 13 17 3 2 2 3 4 3 8 9 10 9 9 12
> BAT3 9 6
< RES 1637334187 79 3
< MOVE U U
> REQ 1637334187 80 3
> VAMPIRE 1 15 11 3 0 2 0
> VAMPIRE 3 3 5 3 1 2 0
> VAMPIRE 4 12 3 3 0 2 0
> VAMPIRE 2 5 10 3 0 2 0
> GRENADE 1 15 11 5 2
> GRENADE 4 12 3 5 2
> GRENADE 2 5 10 5 2
> BAT1 13 7 3 9 5 9 13 9 15 9 17 9 13 11 1 13 17 13 9 4 4 7 3 8 6 9 12 9 11 12 12 13 15 2 8 3 10 3 14 3 16 3 3 4
> BAT2 5 17 13 17 3 2 2 3 4 3 9 6 8 9 10 9 9 12
< RES 1637334187 80 3
< GRENADE
> REQ 1637334187 81 3
> VAMPIRE 1 15 13 3 0 2 0
> VAMPIRE 3 3 5 3 0 2 0
> VAMPIRE 4 13 3 3 0 2 0
> VAMPIRE 2 5 10 3 0 2 0
> GRENADE 1 17 11 4 2
> GRENADE 4 9 3 4 2
> GRENADE 2 5 7 4 2
> GRENADE 3 3 5 5 2
> BAT1 13 7 3 9 5 9 13 9 15 9 17 9 13 11 1 13 17 13 9 4 4 7 3 8 6 9 12 9 11 12 12 13 15 2 8 3 10 3 14 3 16 3 3 4
> BAT2 5 17 13 17 3 2 2 3 4 3 9 6 8 9 10 9 9 12
< RES 1637334187 81 3
< THROW XL 2
> REQ 1637334187 82 3
> VAMPIRE 1 15 13 3 0 2 0
> VAMPIRE 3 3 5 3 0 2 0
> VAMPIRE 4 13 5 3 0 2 0
> VAMPIRE 2 5 11 3 0 2 0
> GRENADE 1 17 11 3 2
> GRENADE 4 9 3 3 2
> GRENADE 2 5 7 3 2
> GRENADE 3 3 3 4 2
> BAT1 13 7 3 9 5 9 13 9 15 9 17 9 13 11 1 13 17 13 9 4 4 7 3 8 6 9 12 9 11 12 12 13 15 2 8 3 10 3 14 3 16 3 3 4
> BAT2 5 17 13 17 3 2 2 3 4 3 9 6 8 9 10 9 9 12
< RES 1637334187 82 3
> REQ 1637334187 83 3
> VAMPIRE 1 15 13 3 0 2 0
> VAMPIRE 3 3 5 3 0 2 0
> VAMPIRE 4 13 5 3 0 2 0
> VAMPIRE 2 5 11 3 0 2 0
> GRENADE 1 17 11 2 2
> GRENADE 4 9 3 2 2
> GRENADE 2 5 7 2 2
> GRENADE 3 3 3 3 2
> BAT1 13 7 3 9 5 9 13 9 15 9 17 9 13 11 1 13 17 13 9 4 4 7 3 8 6 9 12 9 11 12 12 13 15 2 8 3 10 3 14 3 16 3 3 4
> BAT2 5 17 13 17 3 2 2 3 4 3 9 6 8 9 10 9 9 12
< RES 1637334187 83 3
> REQ 1637334187 84 3
> VAMPIRE 1 15 13 3 0 2 0
> VAMPIRE 3 3 5 3 0 2 0
> VAMPIRE 4 15 5 3 0 2 0
> VAMPIRE 2 7 11 3 0 2 0
> GRENADE 1 17 11 1 2
> GRENADE 4 9 3 1 2
> GRENADE 2 5 7 1 2
> GRENADE 3 3 3 2 2
> BAT1 13 7 3 9 5 9 13 9 15 9 17 9 13 11 1 13 17 13 9 4 4 7 3 8 6 9 12 9 11 12 12 13 15 2 8 3 10 3 14 3 16 3 3 4
> BAT2 5 17 13 17 3 2 2 3 4 3 9 6 8 9 10 9 9 12
< RES 1637334187 84 3
> REQ 1637334187 85 3
> VAMPIRE 1 15 11 3 1 2 0
> VAMPIRE 3 3 5 3 0 2 0
> VAMPIRE 4 15 3 3 1 2 0
> VAMPIRE 2 7 9 3 1 2 0
> GRENADE 3 3 3 1 2
> BAT1 13 7 3 9 13 9 15 9 13 11 1 13 3 8 6 9 12 9 11 12 12 13 15 2 14 3 16 3 3 4
> BAT2 5 17 13 17 3 2 2 3 4 3 9 6 8 9 10 9 9 12
< RES 1637334187 85 3
< MOVE R
> REQ 1637334187 86 3
> VAMPIRE 1 15 13 3 0 2 0
> VAMPIRE 3 3 6 3 1 2 0
> VAMPIRE 4 15 5 3 0 2 0
> VAMPIRE 2 7 9 3 0 2 0
> GRENADE 1 15 11 5 2
> GRENADE 4 15 3 5 2
> GRENADE 2 7 9 5 2
> BAT1 13 7 3 9 13 9 15 9 13 11 1 13 3 8 6 9 12 9 11 12 12 13 3 2 15 2 2 3 4 3 14 3 16 3
> BAT2 5 17 13 17 9 6 8 9 10 9 9 12
< RES 1637334187 86 3
< GRENADE
> REQ 1637334187 87 3
> VAMPIRE 1 15 15 3 0 2 0
> VAMPIRE 3 3 6 3 0 2 0
> VAMPIRE 4 13 5 3 0 2 0
> VAMPIRE 2 7 11 3 0 2 0
> GRENADE 1 15 11 4 2
> GRENADE 4 15 3 4 2
> GRENADE 2 9 9 4 2
> GRENADE 3 3 6 5 2
> BAT1 13 7 3 9 13 9 15 9 13 11 1 13 3 8 6 9 12 9 11 12 12 13 3 2 15 2 2 3 4 3 14 3 16 3
> BAT2 5 17 13 17 9 6 8 9 10 9 9 12
< RES 1637334187 87 3
< THROW XL 3
< MOVE L D
> REQ 1637334187 88 3
> VAMPIRE 1 13 15 3 0 2 0
> VAMPIRE 3 4 5 3 0 2 0
> VAMPIRE 4 13 5 3 0 2 0
> VAMPIRE 2 5 11 3 0 2 0
> GRENADE 1 15 11 3 2
> GRENADE 4 15 3 3 2
> GRENADE 2 9 9 3 2
> GRENADE 3 3 3 4 2
> BAT1 13 7 3 9 13 9 15 9 13 11 1 13 3 8 6 9 12 9 11 12 12 13 3 2 15 2 2 3 4 3 14 3 16 3
> BAT2 5 17 13 17 9 6 8 9 10 9 9 12
< RES 1637334187 88 3
< MOVE D
> REQ 1637334187 89 3
> VAMPIRE 1 13 15 3 0 2 0
> VAMPIRE 3 5 5 3 0 2 0
> VAMPIRE 4 11 5 3 0 2 0
> VAMPIRE 2 3 11 3 0 2 0
> GRENADE 1 15 11 2 2
> GRENADE 4 15 3 2 2
> GRENADE 2 9 9 2 2
> GRENADE 3 3 3 3 2
> BAT1 13 7 3 9 13 9 15 9 13 11 1 13 3 8 6 9 12 9 11 12 12 13 3 2 15 2 2 3 4 3 14 3 16 3
> BAT2 5 17 13 17 9 6 8 9 10 9 9 12
< RES 1637334187 89 3
< MOVE R R
> REQ 1637334187 90 3
> VAMPIRE 1 11 15 3 0 2 0
> VAMPIRE 3 5 7 3 0 2 0
> VAMPIRE 4 11 7 3 0 2 0
> VAMPIRE 2 5 11 3 0 2 0
> GRENADE 1 15 11 1 2
> GRENADE 4 15 3 1 2
> GRENADE 2 9 9 1 2
> GRENADE 3 3 3 2 2
> BAT1 13 7 3 9 13 9 15 9 13 11 1 13 3 8 6 9 12 9 11 12 12 13 3 2 15 2 2 3 4 3 14 3 16 3
> BAT2 5 17 13 17 9 6 8 9 10 9 9 12
< RES 1637334187 90 3
> REQ 1637334187 91 3
> VAMPIRE 1 11 13 3 1 2 0
> VAMPIRE 3 5 7 3 0 2 0
> VAMPIRE 4 11 9 3 1 2 0
> VAMPIRE 2 5 9 3 1 2 0
> GRENADE 3 3 3 1 2
> BAT1 13 7 3 9 13 9 1 13 3 8 6 9 12 9 11 12 12 13 3 2 2 3 4 3 8 9 10 9
> BAT2 5 17 13 17 9 6 9 12
< RES 1637334187 91 3
< MOVE R R
> REQ 1637334187 92 3
> VAMPIRE 1 11 15 3 0 2 0
> VAMPIRE 3 5 8 3 1 2 0
> VAMPIRE 4 11 7 3 0 2 0
> VAMPIRE 2 5 9 3 0 2 0
> GRENADE 1 11 13 5 2
> GRENADE 4 11 9 5 2
> GRENADE 2 5 9 5 2
> BAT1 13 7 3 9 13 9 1 13 3 8 6 9 12 9 11 12 12 13 8 9 10 9
> BAT2 5 17 13 17 9 6 9 12
< RES 1637334187 92 3
< GRENADE
< MOVE L D
> REQ 1637334187 93 3
> VAMPIRE 1 11 14 3 0 2 0
> VAMPIRE 3 6 7 3 0 2 0
> VAMPIRE 4 11 5 3 0 2 0
> VAMPIRE 2 5 9 3 0 2 0
> GRENADE 1 11 13 4 2
> GRENADE 4 11 9 4 2
> GRENADE 2 5 9 4 2
> GRENADE 3 5 8 5 2
> BAT1 13 7 3 9 13 9 1 13 3 8 6 9 12 9 11 12 12 13 8 9 10 9
> BAT2 5 17 13 17 9 6 9 12
< RES 1637334187 93 3
< MOVE D
> REQ 1637334187 94 3
> VAMPIRE 1 11 15 3 0 2 0
> VAMPIRE 3 7 7 3 0 2 0
> VAMPIRE 4 13 5 3 0 2 0
> VAMPIRE 2 5 11 3 0 2 0
> GRENADE 1 11 10 3 2
> GRENADE 4 11 9 3 2
> GRENADE 2 7 9 3 2
> GRENADE 3 5 8 4 2
> BAT1 13 7 3 9 13 9 1 13 3 8 6 9 12 9 11 12 12 13 8 9 10 9
> BAT2 5 17 13 17 9 6 9 12
< RES 1637334187 94 3
< MOVE L L
> REQ 1637334187 95 3
> VAMPIRE 1 11 15 3 0 2 0
> VAMPIRE 3 7 5 3 0 2 0
> VAMPIRE 4 13 5 3 0 2 0
> VAMPIRE 2 3 11 3 0 2 0
> GRENADE 1 11 10 2 2
> GRENADE 4 11 9 2 2
> GRENADE 2 7 9 2 2
> GRENADE 3 5 8 3 2
> BAT1 13 7 3 9 13 9 1 13 3 8 6 9 12 9 11 12 12 13 8 9 10 9
> BAT2 5 17 13 17 9 6 9 12
< RES 1637334187 95 3
< MOVE U U
> REQ 1637334187 96 3
> VAMPIRE 1 9 15 3 0 2 0
> VAMPIRE 3 5 5 3 0 2 0
> VAMPIRE 4 13 5 3 0 2 0
> VAMPIRE 2 3 11 3 0 2 0
> GRENADE 1 11 10 1 2
> GRENADE 4 11 9 1 2
> GRENADE 2 7 9 1 2
> GRENADE 3 5 8 2 2
> BAT1 13 7 3 9 13 9 1 13 3 8 6 9 12 9 11 12 12 13 8 9 10 9
> BAT2 5 17 13 17 9 6 9 12
< RES 1637334187 96 3
< MOVE U U
> REQ 1637334187 97 3
> VAMPIRE 1 9 14 3 1 2 0
> VAMPIRE 3 3 5 3 0 2 0
> VAMPIRE 4 13 5 3 1 2 0
> VAMPIRE 2 3 10 3 1 2 0
> GRENADE 3 5 8 1 2
> BAT1 13 7 3 9 13 9 1 13 3 8 12 13
> BAT2 5 17 13 17 9 6 9 12
< RES 1637334187 97 3
< MOVE R
> REQ 1637334187 98 3
> VAMPIRE 1 8 13 3 0 2 0
> VAMPIRE 3 3 6 3 1 2 0
> VAMPIRE 4 13 5 3 0 2 0
> VAMPIRE 2 3 10 3 0 2 0
> GRENADE 1 9 14 5 2
> GRENADE 4 13 5 5 2
> GRENADE 2 3 10 5 2
> BAT1 13 7 3 9 13 9 1 13 3 8 12 13
> BAT2 5 17 13 17 9 6 9 12
< RES 1637334187 98 3
< GRENADE
< MOVE R D
> REQ 1637334187 99 3
> VAMPIRE 1 7 13 3 0 2 0
> VAMPIRE 3 3 6 3 0 2 0
> VAMPIRE 4 13 5 3 0 2 0
> VAMPIRE 2 3 10 3 0 2 0
> GRENADE 1 9 14 4 2
> GRENADE 4 13 8 4 2
> GRENADE 2 3 7 4 2
> GRENADE 3 3 6 5 2
> BAT1 13 7 3 9 13 9 1 13 3 8 12 13
> BAT2 5 17 13 17 9 6 9 12
< RES 1637334187 99 3
< MOVE L D
> REQ 1637334187 100 3
> VAMPIRE 1 5 13 3 0 2 0
> VAMPIRE 3 4 5 3 0 2 0
> VAMPIRE 4 13 5 3 0 2 0
> VAMPIRE 2 3 11 3 0 2 0
> GRENADE 1 9 14 3 2
> GRENADE 4 13 8 3 2
> GRENADE 2 3 7 3 2
> GRENADE 3 3 6 4 2
> BAT1 13 7 3 9 13 9 1 13 3 8 12 13
> BAT2 5 17 13 17 9 6 9 12
< RES 1637334187 100 3
< MOVE D D
> REQ 1637334187 101 3
> VAMPIRE 1 5 13 3 0 2 0
> VAMPIRE 3 6 5 3 0 2 0
> VAMPIRE 4 11 5 3 0 2 0
> VAMPIRE 2 1 11 3 0 2 0
> GRENADE 1 9 14 2 2
> GRENADE 4 13 8 2 2
> GRENADE 2 3 7 2 2
> GRENADE 3 3 6 3 2
> BAT1 13 7 3 9 13 9 1 13 3 8 12 13
> BAT2 5 17 13 17 9 6 9 12
< RES 1637334187 101 3
< MOVE D D
> REQ 1637334187 102 3
> VAMPIRE 1 3 13 3 0 2 0
> VAMPIRE 3 8 5 3 0 2 0
> VAMPIRE 4 10 5 3 0 2 0
> VAMPIRE 2 1 9 3 0 2 0
> GRENADE 1 9 14 1 2
> GRENADE 4 13 8 1 2
> GRENADE 2 3 7 1 2
> GRENADE 3 3 6 2 2
> BAT1 13 7 3 9 13 9 1 13 3 8 12 13
> BAT2 5 17 13 17 9 6 9 12
< RES 1637334187 102 3
< MOVE D L
> REQ 1637334187 103 3
> VAMPIRE 1 3 11 3 1 2 0
> VAMPIRE 3 9 4 3 1 2 0
> VAMPIRE 4 9 4 3 1 2 0
> VAMPIRE 2 1 9 3 1 2 0
> BAT1 3 9 1 13 12 13 9 12
> BAT2 5 17 13 17 9 6
< RES 1637334187 103 3
< GRENADE
< MOVE R U
> REQ 1637334187 104 3
> VAMPIRE 1 3 13 3 0 2 0
> VAMPIRE 3 8 5 3 0 2 0
> VAMPIRE 4 8 5 3 0 2 0
> VAMPIRE 2 1 7 3 0 2 0
> GRENADE 1 3 11 5 2
> GRENADE 3 9 4 5 2
> GRENADE 4 9 4 5 2
> GRENADE 2 1 9 5 2
> BAT1 3 9 1 13 12 13 9 12
> BAT2 5 17 13 17 9 6
< RES 1637334187 104 3
< MOVE U
> REQ 1637334187 105 3
> VAMPIRE 1 5 13 3 0 2 0
> VAMPIRE 3 7 5 3 0 2 0
> VAMPIRE 4 7 5 3 0 2 0
> VAMPIRE 2 3 7 3 0 2 0
> GRENADE 1 3 11 4 2
> GRENADE 3 9 4 4 2
> GRENADE 4 9 4 4 2
> GRENADE 2 1 9 4 2
> BAT1 3 9 1 13 12 13 9 12
> BAT2 5 17 13 17 9 6
< RES 1637334187 105 3
< MOVE R R
> REQ 1637334187 106 3
> VAMPIRE 1 5 12 3 0 2 0
> VAMPIRE 3 7 7 3 0 2 0
> VAMPIRE 4 7 5 3 0 2 0
> VAMPIRE 2 3 7 3 0 2 0
> GRENADE 1 3 11 3 2
> GRENADE 3 9 4 3 2
> GRENADE 4 9 4 3 2
> GRENADE 2 1 9 3 2
> BAT1 3 9 1 13 12 13 9 12
> BAT2 5 17 13 17 9 6
< RES 1637334187 106 3
< MOVE L L
> REQ 1637334187 107 3
> VAMPIRE 1 5 13 3 0 2 0
> VAMPIRE 3 7 5 3 0 2 0
> VAMPIRE 4 7 7 3 0 2 0
> VAMPIRE 2 5 7 3 0 2 0
> GRENADE 1 3 11 2 2
> GRENADE 3 9 4 2 2
> GRENADE 4 9 4 2 2
> GRENADE 2 1 9 2 2
> BAT1 3 9 1 13 12 13 9 12
> BAT2 5 17 13 17 9 6
< RES 1637334187 107 3
> REQ 1637334187 108 3
> VAMPIRE 1 5 13 3 0 2 0
> VAMPIRE 3 7 5 3 0 2 0
> VAMPIRE 4 7 5 3 0 2 0
> VAMPIRE 2 7 7 3 0 2 0
> GRENADE 1 3 11 1 2
> GRENADE 3 9 4 1 2
> GRENADE 4 9 4 1 2
> GRENADE 2 1 9 1 2
> BAT1 3 9 1 13 12 13 9 12
> BAT2 5 17 13 17 9 6
< RES 1637334187 108 3
< MOVE D D
> REQ 1637334187 109 3
> VAMPIRE 1 3 13 3 1 2 0
> VAMPIRE 3 9 5 3 1 2 0
> VAMPIRE 4 9 5 3 1 2 0
> VAMPIRE 2 9 7 3 1 2 0
> BAT1 1 13 12 13 9 6 9 12
> BAT2 5 17 13 17
< RES 1637334187 109 3
< GRENADE
< MOVE U U
> REQ 1637334187 110 3
> VAMPIRE 1 3 13 3 0 2 0
> VAMPIRE 3 7 5 3 0 2 0
> VAMPIRE 4 7 5 3 0 2 0
> VAMPIRE 2 9 9 3 0 2 0
> GRENADE 1 3 13 5 2
> GRENADE 3 9 5 5 2
> GRENADE 4 9 5 5 2
> GRENADE 2 9 7 5 2
> BAT1 1 13 12 13 9 6 9 12
> BAT2 5 17 13 17
< RES 1637334187 110 3
< MOVE U U
> REQ 1637334187 111 3
> VAMPIRE 1 5 13 3 0 2 0
> VAMPIRE 3 5 5 3 0 2 0
> VAMPIRE 4 5 5 3 0 2 0
> VAMPIRE 2 11 9 3 0 2 0
> GRENADE 1 2 13 4 2
> GRENADE 3 9 5 4 2
> GRENADE 4 9 5 4 2
> GRENADE 2 9 7 4 2
> BAT1 1 13 12 13 9 6 9 12
> BAT2 5 17 13 17
< RES 1637334187 111 3
> REQ 1637334187 112 3
> VAMPIRE 1 5 15 3 0 2 0
> VAMPIRE 3 5 5 3 0 2 0
> VAMPIRE 4 5 5 3 0 2 0
> VAMPIRE 2 11 11 3 0 2 0
> GRENADE 1 2 13 3 2
> GRENADE 3 9 5 3 2
> GRENADE 4 9 5 3 2
> GRENADE 2 9 7 3 2
> BAT1 1 13 12 13 9 6 9 12
> BAT2 5 17 13 17
< RES 1637334187 112 3
< MOVE R R
> REQ 1637334187 113 3
> VAMPIRE 1 7 15 3 0 2 0
> VAMPIRE 3 5 7 3 0 2 0
> VAMPIRE 4 5 7 3 0 2 0
> VAMPIRE 2 11 11 3 0 2 0
> GRENADE 1 2 13 2 2
> GRENADE 3 9 5 2 2
> GRENADE 4 9 5 2 2
> GRENADE 2 9 7 2 2
> BAT1 1 13 12 13 9 6 9 12
> BAT2 5 17 13 17
< RES 1637334187 113 3
< MOVE R R
> REQ 1637334187 114 3
> VAMPIRE 1 9 15 3 0 2 0
> VAMPIRE 3 5 9 3 0 2 0
> VAMPIRE 4 5 9 3 0 2 0
> VAMPIRE 2 9 11 3 0 2 0
> GRENADE 1 2 13 1 2
> GRENADE 3 9 5 1 2
> GRENADE 4 9 5 1 2
> GRENADE 2 9 7 1 2
> BAT1 1 13 12 13 9 6 9 12
> BAT2 5 17 13 17
< RES 1637334187 114 3
< MOVE R R
> REQ 1637334187 115 3
> VAMPIRE 1 9 13 3 1 2 0
> VAMPIRE 3 5 11 3 1 2 0
> VAMPIRE 4 5 11 3 1 2 0
> VAMPIRE 2 9 11 3 1 2 0
> BAT1 12 13 9 12
> BAT2 5 17 13 17
< RES 1637334187 115 3
< MOVE D D
> REQ 1637334187 116 3
> VAMPIRE 1 9 15 3 0 2 0
> VAMPIRE 3 7 11 3 1 2 0
> VAMPIRE 4 7 11 3 1 2 0
> VAMPIRE 2 9 9 3 0 2 0
> GRENADE 1 9 13 5 2
> GRENADE 2 9 11 5 2
> BAT1 12 13 9 12
> BAT2 5 17 13 17
< RES 1637334187 116 3
< GRENADE
< MOVE U U
> REQ 1637334187 117 3
> VAMPIRE 1 8 15 3 0 2 0
> VAMPIRE 3 5 11 3 0 2 0
> VAMPIRE 4 5 11 3 0 2 0
> VAMPIRE 2 11 9 3 0 2 0
> GRENADE 1 9 13 4 2
> GRENADE 2 9 11 4 2
> GRENADE 3 7 11 5 2
> GRENADE 4 7 11 5 2
> BAT1 12 13 9 12
> BAT2 5 17 13 17
< RES 1637334187 117 3
< MOVE R R
> REQ 1637334187 118 3
> VAMPIRE 1 7 14 3 0 2 0
> VAMPIRE 3 5 13 3 0 2 0
> VAMPIRE 4 5 13 3 0 2 0
> VAMPIRE 2 13 9 3 0 2 0
> GRENADE 1 9 13 3 2
> GRENADE 2 9 11 3 2
> GRENADE 3 7 11 4 2
> GRENADE 4 7 11 4 2
> BAT1 12 13 9 12
> BAT2 5 17 13 17
< RES 1637334187 118 3
< MOVE U U
> REQ 1637334187 119 3
> VAMPIRE 1 7 16 3 0 2 0
> VAMPIRE 3 3 13 3 0 2 0
> VAMPIRE 4 3 13 3 0 2 0
> VAMPIRE 2 13 11 3 0 2 0
> GRENADE 1 9 13 2 2
> GRENADE 2 9 11 2 2
> GRENADE 3 7 11 3 2
> GRENADE 4 7 11 3 2
> BAT1 12 13 9 12
> BAT2 5 17 13 17
< RES 1637334187 119 3
< MOVE D D
> REQ 1637334187 120 3
> VAMPIRE 1 7 15 3 0 2 0
> VAMPIRE 3 5 13 3 0 2 0
> VAMPIRE 4 5 13 3 0 2 0
> VAMPIRE 2 13 13 3 0 2 0
> GRENADE 1 9 13 1 2
> GRENADE 2 9 11 1 2
> GRENADE 3 7 11 2 2
> GRENADE 4 7 11 2 2
> BAT1 12 13 9 12
> BAT2 5 17 13 17
< RES 1637334187 120 3
< MOVE R R
> REQ 1637334187 121 3
> VAMPIRE 1 7 17 3 1 2 0
> VAMPIRE 3 5 15 3 1 2 0
> VAMPIRE 4 5 15 3 1 2 0
> VAMPIRE 2 13 13 3 1 2 0
> POWERUP GRENADE -8 13 9 6
> POWERUP GRENADE -8 5 9 6
> BAT1 12 13
> BAT2 5 17 13 17
< RES 1637334187 121 3
< GRENADE
< MOVE L L
> REQ 1637334187 122 3
> VAMPIRE 1 7 15 3 0 2 0
> VAMPIRE 3 5 13 3 0 2 0
> VAMPIRE 4 5 13 3 0 2 0
> VAMPIRE 2 13 11 3 0 2 0
> GRENADE 1 7 17 5 2
> GRENADE 3 5 15 5 2
> GRENADE 4 5 15 5 2
> GRENADE 2 13 13 5 2
> POWERUP GRENADE -7 13 9 6
> POWERUP GRENADE -7 5 9 6
> BAT1 12 13
> BAT2 5 17 13 17
< RES 1637334187 122 3
< MOVE L L
> REQ 1637334187 123 3
> VAMPIRE 1 7 13 3 0 2 0
> VAMPIRE 3 5 11 3 0 2 0
> VAMPIRE 4 5 11 3 0 2 0
> VAMPIRE 2 13 9 3 0 2 0
> GRENADE 1 7 17 4 2
> GRENADE 3 5 15 4 2
> GRENADE 4 5 15 4 2
> GRENADE 2 13 13 4 2
> POWERUP GRENADE -6 13 9 6
> POWERUP GRENADE -6 5 9 6
> BAT1 12 13
> BAT2 5 17 13 17
< RES 1637334187 123 3
< MOVE L L
> REQ 1637334187 124 3
> VAMPIRE 1 5 13 3 0 2 0
> VAMPIRE 3 5 9 3 0 2 0
> VAMPIRE 4 5 9 3 0 2 0
> VAMPIRE 2 13 9 3 0 2 0
> GRENADE 1 7 17 3 2
> GRENADE 3 5 15 3 2
> GRENADE 4 5 15 3 2
> GRENADE 2 13 13 3 2
> POWERUP GRENADE -5 13 9 6
> POWERUP GRENADE -5 5 9 6
> BAT1 12 13
> BAT2 5 17 13 17
< RES 1637334187 124 3
> REQ 1637334187 125 3
> VAMPIRE 1 5 11 3 0 2 0
> VAMPIRE 3 5 9 3 0 2 0
> VAMPIRE 4 5 9 3 0 2 0
> VAMPIRE 2 13 9 3 0 2 0
> GRENADE 1 7 17 2 2
> GRENADE 3 5 15 2 2
> GRENADE 4 5 15 2 2
> GRENADE 2 13 13 2 2
> POWERUP GRENADE -4 13 9 6
> POWERUP GRENADE -4 5 9 6
> BAT1 12 13
> BAT2 5 17 13 17
< RES 1637334187 125 3
> REQ 1637334187 126 3
> VAMPIRE 1 5 9 3 0 2 0
> VAMPIRE 3 5 9 3 0 2 0
> VAMPIRE 4 5 9 3 0 2 0
> VAMPIRE 2 13 9 3 0 2 0
> GRENADE 1 7 17 1 2
> GRENADE 3 5 15 1 2
> GRENADE 4 5 15 1 2
> GRENADE 2 13 13 1 2
> POWERUP GRENADE -3 13 9 6
> POWERUP GRENADE -3 5 9 6
> BAT1 12 13
> BAT2 5 17 13 17
< RES 1637334187 126 3
> REQ 1637334187 127 3
> VAMPIRE 1 5 9 3 1 2 0
> VAMPIRE 3 5 9 3 1 2 0
> VAMPIRE 4 5 9 3 1 2 0
> VAMPIRE 2 13 9 3 1 2 0
> POWERUP GRENADE -2 13 9 6
> POWERUP GRENADE -2 5 9 6
> BAT2 13 17
< RES 1637334187 127 3
> REQ 1637334187 128 3
> VAMPIRE 1 5 9 3 1 2 0
> VAMPIRE 3 5 9 3 1 2 0
> VAMPIRE 4 5 9 3 1 2 0
> VAMPIRE 2 13 9 3 1 2 0
> POWERUP GRENADE -1 13 9 6
> POWERUP GRENADE -1 5 9 6
> BAT2 13 17
< RES 1637334187 128 3
> REQ 1637334187 129 3
> VAMPIRE 1 5 9 3 1 2 0
> VAMPIRE 3 5 9 3 1 2 0
> VAMPIRE 4 5 9 3 1 2 0
> VAMPIRE 2 13 9 3 1 2 0
> POWERUP GRENADE 15 13 9 6
> POWERUP GRENADE 15 5 9 6
> BAT2 13 17
< RES 1637334187 129 3
> REQ 1637334187 130 3
> VAMPIRE 1 5 9 3 1 2 0
> VAMPIRE 3 5 9 3 1 2 0
> VAMPIRE 4 5 9 3 1 2 0
> VAMPIRE 2 13 9 3 1 2 0
> POWERUP GRENADE 14 13 9 6
> POWERUP GRENADE 14 5 9 6
> BAT2 13 17
< RES 1637334187 130 3
> REQ 1637334187 131 3
> VAMPIRE 1 5 9 3 1 2 0
> VAMPIRE 3 5 9 3 1 2 0
> VAMPIRE 4 5 9 3 1 2 0
> VAMPIRE 2 13 9 3 1 2 0
> POWERUP GRENADE 13 13 9 6
> POWERUP GRENADE 13 5 9 6
> BAT2 13 17
< RES 1637334187 131 3
> REQ 1637334187 132 3
> VAMPIRE 1 5 9 3 1 2 0
> VAMPIRE 3 5 9 3 1 2 0
> VAMPIRE 4 5 9 3 1 2 0
> VAMPIRE 2 13 9 3 1 2 0
> POWERUP GRENADE 12 13 9 6
> POWERUP GRENADE 12 5 9 6
> BAT2 13 17
< RES 1637334187 132 3
> REQ 1637334187 133 3
> VAMPIRE 1 5 9 3 1 2 0
> VAMPIRE 3 5 9 3 1 2 0
> VAMPIRE 4 5 9 3 1 2 0
> VAMPIRE 2 13 9 3 1 2 0
> POWERUP GRENADE 11 13 9 6
> POWERUP GRENADE 11 5 9 6
> BAT2 13 17
< RES 1637334187 133 3
> REQ 1637334187 134 3
> VAMPIRE 1 5 9 3 2 2 0
> VAMPIRE 3 5 9 3 2 2 0
> VAMPIRE 4 5 9 3 2 2 0
> VAMPIRE 2 13 9 3 2 2 0
> BAT2 13 17
< RES 1637334187 134 3
< MOVE D D
> REQ 1637334187 135 3
> VAMPIRE 1 7 9 3 2 2 0
> VAMPIRE 3 7 9 3 2 2 0
> VAMPIRE 4 7 9 3 2 2 0
> VAMPIRE 2 11 9 3 2 2 0
> BAT2 13 17
< RES 1637334187 135 3
< MOVE D D
> REQ 1637334187 136 3
> VAMPIRE 1 9 9 3 2 2 0
> VAMPIRE 3 9 9 3 2 2 0
> VAMPIRE 4 9 9 3 2 2 0
> VAMPIRE 2 9 9 3 2 2 0
> BAT2 13 17
< RES 1637334187 136 3
> REQ 1637334187 137 3
> VAMPIRE 1 9 9 3 2 2 0
> VAMPIRE 3 9 9 3 2 2 0
> VAMPIRE 4 9 9 3 2 2 0
> VAMPIRE 2 9 9 3 2 2 0
> BAT2 13 17
< RES 1637334187 137 3
> REQ 1637334187 138 3
> VAMPIRE 1 9 9 3 2 2 0
> VAMPIRE 3 9 9 3 2 2 0
> VAMPIRE 4 9 9 3 2 2 0
> VAMPIRE 2 9 9 3 2 2 0
> BAT2 13 17
< RES 1637334187 138 3
> REQ 1637334187 139 3
> VAMPIRE 1 9 9 3 2 2 0
> VAMPIRE 3 9 9 3 2 2 0
> VAMPIRE 4 9 9 3 2 2 0
> VAMPIRE 2 9 9 3 2 2 0
> BAT2 13 17
< RES 1637334187 139 3
> REQ 1637334187 140 3
> VAMPIRE 1 9 9 3 2 2 0
> VAMPIRE 3 9 9 3 2 2 0
> VAMPIRE 4 9 9 3 2 2 0
> VAMPIRE 2 9 9 3 2 2 0
> BAT2 13 17
< RES 1637334187 140 3
> REQ 1637334187 141 3
> VAMPIRE 1 9 9 3 2 2 0
> VAMPIRE 3 9 9 3 2 2 0
> VAMPIRE 4 9 9 3 2 2 0
> VAMPIRE 2 9 9 3 2 2 0
> BAT2 13 17
< RES 1637334187 141 3
> REQ 1637334187 142 3
> VAMPIRE 1 9 9 3 2 2 0
> VAMPIRE 3 9 9 3 2 2 0
> VAMPIRE 4 9 9 3 2 2 0
> VAMPIRE 2 9 9 3 2 2 0
> BAT2 13 17
< RES 1637334187 142 3
> REQ 1637334187 143 3
> VAMPIRE 1 9 9 3 2 2 0
> VAMPIRE 3 9 9 3 2 2 0
> VAMPIRE 4 9 9 3 2 2 0
> VAMPIRE 2 9 9 3 2 2 0
> BAT2 13 17
< RES 1637334187 143 3
> REQ 1637334187 144 3
> VAMPIRE 1 9 9 3 2 2 0
> VAMPIRE 3 9 9 3 2 2 0
> VAMPIRE 4 9 9 3 2 2 0
> VAMPIRE 2 9 9 3 2 2 0
> BAT2 13 17
< RES 1637334187 144 3
> REQ 1637334187 145 3
> VAMPIRE 1 9 9 3 2 2 0
> VAMPIRE 3 9 9 3 2 2 0
> VAMPIRE 4 9 9 3 2 2 0
> VAMPIRE 2 9 9 3 2 2 0
> BAT2 13 17
< RES 1637334187 145 3
> REQ 1637334187 146 3
> VAMPIRE 1 9 9 3 2 2 0
> VAMPIRE 3 9 9 3 2 2 0
> VAMPIRE 4 9 9 3 2 2 0
> VAMPIRE 2 9 9 3 2 2 0
> BAT2 13 17
< RES 1637334187 146 3
> REQ 1637334187 147 3
> VAMPIRE 1 9 9 3 2 2 0
> VAMPIRE 3 9 9 3 2 2 0
> VAMPIRE 4 9 9 3 2 2 0
> VAMPIRE 2 9 9 3 2 2 0
> BAT2 13 17
< RES 1637334187 147 3
> REQ 1637334187 148 3
> VAMPIRE 1 9 9 3 2 2 0
> VAMPIRE 3 9 9 3 2 2 0
> VAMPIRE 4 9 9 3 2 2 0
> VAMPIRE 2 9 9 3 2 2 0
> BAT2 13 17
< RES 1637334187 148 3
> REQ 1637334187 149 3
> VAMPIRE 1 9 9 3 2 2 0
> VAMPIRE 3 9 9 3 2 2 0
> VAMPIRE 4 9 9 3 2 2 0
> VAMPIRE 2 9 9 3 2 2 0
> BAT2 13 17
< RES 1637334187 149 3
> REQ 1637334187 150 3
> VAMPIRE 1 9 9 3 2 2 0
> VAMPIRE 3 9 9 3 2 2 0
> VAMPIRE 4 9 9 3 2 2 0
> VAMPIRE 2 9 9 3 2 2 0
> BAT2 13 17
< RES 1637334187 150 3
> REQ 1637334187 151 3
> VAMPIRE 1 9 9 3 2 2 0
> VAMPIRE 3 9 9 3 2 2 0
> VAMPIRE 4 9 9 3 2 2 0
> VAMPIRE 2 9 9 3 2 2 0
> BAT2 13 17
< RES 1637334187 151 3
> REQ 1637334187 152 3
> VAMPIRE 1 9 9 3 2 2 0
> VAMPIRE 3 9 9 3 2 2 0
> VAMPIRE 4 9 9 3 2 2 0
> VAMPIRE 2 9 9 3 2 2 0
> BAT2 13 17
< RES 1637334187 152 3
> REQ 1637334187 153 3
> VAMPIRE 1 9 9 3 2 2 0
> VAMPIRE 3 9 9 3 2 2 0
> VAMPIRE 4 9 9 3 2 2 0
> VAMPIRE 2 9 9 3 2 2 0
> BAT2 13 17
< RES 1637334187 153 3
> REQ 1637334187 154 3
> VAMPIRE 1 9 9 3 2 2 0
> VAMPIRE 3 9 9 3 2 2 0
> VAMPIRE 4 9 9 3 2 2 0
> VAMPIRE 2 9 9 3 2 2 0
> BAT2 13 17
< RES 1637334187 154 3
> REQ 1637334187 155 3
> VAMPIRE 1 9 9 3 2 2 0
> VAMPIRE 3 9 9 3 2 2 0
> VAMPIRE 4 9 9 3 2 2 0
> VAMPIRE 2 9 9 3 2 2 0
> BAT2 13 17
< RES 1637334187 155 3
> REQ 1637334187 156 3
> VAMPIRE 1 9 9 3 2 2 0
> VAMPIRE 3 9 9 3 2 2 0
> VAMPIRE 4 9 9 3 2 2 0
> VAMPIRE 2 9 9 3 2 2 0
> POWERUP BATTERY -7 11 8 4
> POWERUP BATTERY -7 7 10 4
> BAT2 13 17
< RES 1637334187 156 3
< MOVE D D
> REQ 1637334187 157 3
> VAMPIRE 1 11 9 3 2 2 0
> VAMPIRE 3 11 9 3 2 2 0
> VAMPIRE 4 11 9 3 2 2 0
> VAMPIRE 2 11 9 3 2 2 0
> POWERUP BATTERY -6 11 8 4
> POWERUP BATTERY -6 7 10 4
> BAT2 13 17
< RES 1637334187 157 3
< GRENADE
< MOVE L L
> REQ 1637334187 158 3
> VAMPIRE 1 11 7 3 1 2 0
> VAMPIRE 3 11 7 3 1 2 0
> VAMPIRE 4 11 7 3 1 2 0
> VAMPIRE 2 11 7 3 1 2 0
> GRENADE 1 11 9 5 2
> GRENADE 3 11 9 5 2
> GRENADE 4 11 9 5 2
> GRENADE 2 11 9 5 2
> POWERUP BATTERY -5 11 8 4
> POWERUP BATTERY -5 7 10 4
> BAT2 13 17
< RES 1637334187 158 3
< GRENADE
> REQ 1637334187 159 3
> VAMPIRE 1 11 7 3 0 2 0
> VAMPIRE 3 11 7 3 0 2 0
> VAMPIRE 4 11 7 3 0 2 0
> VAMPIRE 2 11 7 3 0 2 0
> GRENADE 1 11 9 4 2
> GRENADE 3 11 9 4 2
> GRENADE 4 11 9 4 2
> GRENADE 2 11 9 4 2
> GRENADE 1 11 7 5 2
> GRENADE 3 11 7 5 2
> GRENADE 4 11 7 5 2
> GRENADE 2 11 7 5 2
> POWERUP BATTERY -4 11 8 4
> POWERUP BATTERY -4 7 10 4
> BAT2 13 17
< RES 1637334187 159 3
< MOVE U U
> REQ 1637334187 160 3
> VAMPIRE 1 9 7 3 0 2 0
> VAMPIRE 3 9 7 3 0 2 0
> VAMPIRE 4 9 7 3 0 2 0
> VAMPIRE 2 9 7 3 0 2 0
> GRENADE 1 11 9 3 2
> GRENADE 3 11 9 3 2
> GRENADE 4 11 9 3 2
> GRENADE 2 11 9 3 2
> GRENADE 1 11 7 4 2
> GRENADE 3 11 7 4 2
> GRENADE 4 11 7 4 2
> GRENADE 2 11 7 4 2
> POWERUP BATTERY -3 11 8 4
> POWERUP BATTERY -3 7 10 4
> BAT2 13 17
< RES 1637334187 160 3
< MOVE U U
> REQ 1637334187 161 3
> VAMPIRE 1 7 7 3 0 2 0
> VAMPIRE 3 7 7 3 0 2 0
> VAMPIRE 4 7 7 3 0 2 0
> VAMPIRE 2 7 7 3 0 2 0
> GRENADE 1 11 9 2 2
> GRENADE 3 11 9 2 2
> GRENADE 4 11 9 2 2
> GRENADE 2 11 9 2 2
> GRENADE 1 11 7 3 2
> GRENADE 3 11 7 3 2
> GRENADE 4 11 7 3 2
> GRENADE 2 11 7 3 2
> POWERUP BATTERY -2 11 8 4
> POWERUP BATTERY -2 7 10 4
> BAT2 13 17
< RES 1637334187 161 3
< MOVE R R
> REQ 1637334187 162 3
> VAMPIRE 1 7 9 3 0 2 0
> VAMPIRE 3 7 9 3 0 2 0
> VAMPIRE 4 7 9 3 0 2 0
> VAMPIRE 2 7 9 3 0 2 0
> GRENADE 1 11 9 1 2
> GRENADE 3 11 9 1 2
> GRENADE 4 11 9 1 2
> GRENADE 2 11 9 1 2
> GRENADE 1 11 7 2 2
> GRENADE 3 11 7 2 2
> GRENADE 4 11 7 2 2
> GRENADE 2 11 7 2 2
> POWERUP BATTERY -1 11 8 4
> POWERUP BATTERY -1 7 10 4
> BAT2 13 17
< RES 1637334187 162 3
< MOVE R
> REQ 1637334187 163 3
> VAMPIRE 1 7 10 3 2 2 0
> VAMPIRE 3 7 10 3 2 2 0
> VAMPIRE 4 7 10 3 2 2 0
> VAMPIRE 2 7 10 3 2 2 0
> POWERUP BATTERY 11 11 8 4
> POWERUP BATTERY 11 7 10 4
> BAT2 13 17
< RES 1637334187 163 3
> REQ 1637334187 164 3
> VAMPIRE 1 7 10 3 2 2 0
> VAMPIRE 3 7 10 3 2 2 0
> VAMPIRE 4 7 10 3 2 2 0
> VAMPIRE 2 7 10 3 2 2 0
> POWERUP BATTERY 10 11 8 4
> POWERUP BATTERY 10 7 10 4
> BAT2 13 17
< RES 1637334187 164 3
> REQ 1637334187 165 3
> VAMPIRE 1 7 10 3 2 2 0
> VAMPIRE 3 7 10 3 2 2 0
> VAMPIRE 4 7 10 3 2 2 0
> VAMPIRE 2 7 10 3 2 2 0
> POWERUP BATTERY 9 11 8 4
> POWERUP BATTERY 9 7 10 4
> BAT2 13 17
< RES 1637334187 165 3
> REQ 1637334187 166 3
> VAMPIRE 1 7 10 3 2 2 0
> VAMPIRE 3 7 10 3 2 2 0
> VAMPIRE 4 7 10 3 2 2 0
> VAMPIRE 2 7 10 3 2 2 0
> POWERUP BATTERY 8 11 8 4
> POWERUP BATTERY 8 7 10 4
> BAT2 13 17
< RES 1637334187 166 3
> REQ 1637334187 167 3
> VAMPIRE 1 8 9 3 1 3 0
> VAMPIRE 3 7 10 3 2 3 0
> VAMPIRE 4 7 10 3 2 3 0
> VAMPIRE 2 8 9 3 1 3 0
> GRENADE 1 7 10 5 3
> GRENADE 2 7 10 5 3
> POWERUP BATTERY 7 11 8 4
> BAT2 13 17
< RES 1637334187 167 3
< MOVE L D
> REQ 1637334187 168 3
> VAMPIRE 1 10 9 3 1 3 0
> VAMPIRE 3 8 9 3 2 3 0
> VAMPIRE 4 8 9 3 2 3 0
> VAMPIRE 2 10 9 3 1 3 0
> GRENADE 1 7 10 4 3
> GRENADE 2 7 10 4 3
> POWERUP BATTERY 6 11 8 4
> BAT2 13 17
< RES 1637334187 168 3
< MOVE D D
> REQ 1637334187 169 3
> VAMPIRE 1 11 8 3 0 3 0
> VAMPIRE 3 9 9 3 2 3 0
> VAMPIRE 4 9 9 3 2 3 0
> VAMPIRE 2 11 8 3 0 3 0
> GRENADE 1 7 10 3 3
> GRENADE 2 7 10 3 3
> GRENADE 1 10 9 5 3
> GRENADE 2 10 9 5 3
> POWERUP BATTERY 5 11 8 4
> BAT2 13 17
< RES 1637334187 169 3
< MOVE L L
> REQ 1637334187 170 3
> VAMPIRE 1 11 9 3 0 3 0
> VAMPIRE 3 9 7 3 2 3 0
> VAMPIRE 4 9 7 3 2 3 0
> VAMPIRE 2 11 8 3 0 3 0
> GRENADE 1 7 10 2 3
> GRENADE 2 7 10 2 3
> GRENADE 1 10 9 4 3
> GRENADE 2 10 9 4 3
> POWERUP BATTERY 4 11 8 4
> BAT2 13 17
< RES 1637334187 170 3
< MOVE D D
> REQ 1637334187 171 3
> VAMPIRE 1 11 8 3 0 3 0
> VAMPIRE 3 11 7 3 2 3 0
> VAMPIRE 4 11 7 3 2 3 0
> VAMPIRE 2 11 8 3 0 3 0
> GRENADE 1 7 10 1 3
> GRENADE 2 7 10 1 3
> GRENADE 1 7 9 3 3
> GRENADE 2 10 9 3 3
> POWERUP BATTERY 3 11 8 4
> BAT2 13 17
< RES 1637334187 171 3
< GRENADE
< MOVE R R
> REQ 1637334187 172 3
> VAMPIRE 1 11 8 3 2 3 0
> VAMPIRE 3 11 9 3 1 3 0
> VAMPIRE 4 11 9 3 1 3 0
> VAMPIRE 2 11 8 3 2 3 0
> GRENADE 3 11 7 5 3
> GRENADE 4 11 7 5 3
> POWERUP BATTERY 2 11 8 4
> BAT2 13 17
< RES 1637334187 172 3
< GRENADE
> REQ 1637334187 173 3
> VAMPIRE 1 11 8 3 1 3 0
> VAMPIRE 3 11 9 3 0 3 0
> VAMPIRE 4 11 9 3 0 3 0
> VAMPIRE 2 11 8 3 1 4 0
> GRENADE 3 11 7 4 3
> GRENADE 4 11 7 4 3
> GRENADE 1 11 8 5 3
> GRENADE 3 11 9 5 3
> GRENADE 4 11 9 5 3
> GRENADE 2 11 8 5 4
> BAT2 13 17
< RES 1637334187 173 3
< MOVE U U
> REQ 1637334187 174 3
> VAMPIRE 1 11 8 3 0 3 0
> VAMPIRE 3 9 9 3 0 3 0
> VAMPIRE 4 9 9 3 0 3 0
> VAMPIRE 2 11 8 3 0 4 0
> GRENADE 3 11 7 3 3
> GRENADE 4 11 7 3 3
> GRENADE 1 11 8 4 3
> GRENADE 3 11 9 4 3
> GRENADE 4 11 9 4 3
> GRENADE 2 11 8 4 4
> GRENADE 1 11 8 5 3
> GRENADE 2 11 8 5 4
> BAT2 13 17
< RES 1637334187 174 3
< MOVE R R
> REQ 1637334187 175 3
> VAMPIRE 1 11 8 3 0 3 0
> VAMPIRE 3 9 11 3 0 3 0
> VAMPIRE 4 9 11 3 0 3 0
> VAMPIRE 2 11 8 3 0 4 0
> GRENADE 3 11 7 2 3
> GRENADE 4 11 7 2 3
> GRENADE 1 11 8 3 3
> GRENADE 3 11 9 3 3
> GRENADE 4 11 9 3 3
> GRENADE 2 11 8 3 4
> GRENADE 1 11 8 4 3
> GRENADE 2 11 8 4 4
> BAT2 13 17
< RES 1637334187 175 3
< MOVE U U
> REQ 1637334187 176 3
> VAMPIRE 1 11 8 3 0 3 0
> VAMPIRE 3 7 11 3 0 3 0
> VAMPIRE 4 7 11 3 0 3 0
> VAMPIRE 2 11 8 3 0 4 0
> GRENADE 3 11 7 1 3
> GRENADE 4 11 7 1 3
> GRENADE 1 11 8 2 3
> GRENADE 3 11 9 2 3
> GRENADE 4 11 9 2 3
> GRENADE 2 11 8 2 4
> GRENADE 1 11 8 3 3
> GRENADE 2 11 8 3 4
> BAT2 13 17
< RES 1637334187 176 3
< MOVE D D
> REQ 1637334187 177 3
> VAMPIRE 1 11 8 2 2 3 0
> VAMPIRE 3 9 11 3 2 3 0
> VAMPIRE 4 9 11 3 2 3 0
> VAMPIRE 2 11 8 2 2 4 0
> BAT2 13 17
< RES 1637334187 177 3
< MOVE L L
> REQ 1637334187 178 3
> VAMPIRE 1 11 8 2 2 3 0
> VAMPIRE 3 9 9 3 2 3 0
> VAMPIRE 4 9 9 3 2 3 0
> VAMPIRE 2 11 9 2 2 4 0
> BAT2 13 17
< RES 1637334187 178 3
< MOVE U U
> REQ 1637334187 179 3
> VAMPIRE 1 12 7 2 2 3 0
> VAMPIRE 3 7 9 3 2 3 0
> VAMPIRE 4 7 9 3 2 3 0
> VAMPIRE 2 11 7 2 2 4 0
> BAT2 13 17
< RES 1637334187 179 3
< MOVE D D
> REQ 1637334187 180 3
> VAMPIRE 1 13 8 2 2 3 0
> VAMPIRE 3 9 9 3 2 3 0
> VAMPIRE 4 9 9 3 2 3 0
> VAMPIRE 2 13 7 2 1 4 0
> GRENADE 2 11 7 5 4
> BAT2 13 17
< RES 1637334187 180 3
< MOVE U U
> REQ 1637334187 181 3
> VAMPIRE 1 13 10 2 2 3 0
> VAMPIRE 3 7 9 3 2 3 0
> VAMPIRE 4 7 9 3 2 3 0
> VAMPIRE 2 15 7 2 0 4 0
> GRENADE 2 11 7 4 4
> GRENADE 2 13 7 5 4
> BAT2 13 17
< RES 1637334187 181 3
< MOVE D D
> REQ 1637334187 182 3
> VAMPIRE 1 13 12 2 2 3 0
> VAMPIRE 3 9 9 3 2 3 0
> VAMPIRE 4 9 9 3 2 3 0
> VAMPIRE 2 15 5 2 0 4 0
> GRENADE 2 11 7 3 4
> GRENADE 2 13 7 4 4
> BAT2 13 17
< RES 1637334187 182 3
< MOVE U U
> REQ 1637334187 183 3
> VAMPIRE 1 13 14 2 2 3 0
> VAMPIRE 3 7 9 3 2 3 0
> VAMPIRE 4 7 9 3 2 3 0
> VAMPIRE 2 15 5 2 0 4 0
> GRENADE 2 11 7 2 4
> GRENADE 2 13 7 3 4
> BAT2 13 17
< RES 1637334187 183 3
< MOVE D D
> REQ 1637334187 184 3
> VAMPIRE 1 12 15 2 1 3 0
> VAMPIRE 3 9 9 3 2 3 0
> VAMPIRE 4 9 9 3 2 3 0
> VAMPIRE 2 15 5 2 0 4 0
> GRENADE 2 11 7 1 4
> GRENADE 2 13 7 2 4
> GRENADE 1 13 14 5 3
> BAT2 13 17
< RES 1637334187 184 3
< MOVE U U
> REQ 1637334187 185 3
> VAMPIRE 1 11 16 2 1 3 0
> VAMPIRE 3 7 9 3 2 3 0
> VAMPIRE 4 7 9 3 2 3 0
> VAMPIRE 2 15 5 2 2 4 0
> GRENADE 1 13 14 4 3
> BAT2 13 17
< RES 1637334187 185 3
< MOVE D D
> REQ 1637334187 186 3
> VAMPIRE 1 10 17 2 1 3 0
> VAMPIRE 3 9 9 3 2 3 0
> VAMPIRE 4 9 9 3 2 3 0
> VAMPIRE 2 13 5 2 2 4 0
> GRENADE 1 13 14 3 3
> POWERUP BATTERY -5 9 1 6
> POWERUP BATTERY -5 9 17 6
> BAT2 13 17
< RES 1637334187 186 3
< MOVE L L
> REQ 1637334187 187 3
> VAMPIRE 1 9 16 2 0 3 0
> VAMPIRE 3 9 7 3 2 3 0
> VAMPIRE 4 9 7 3 2 3 0
> VAMPIRE 2 11 5 2 2 4 0
> GRENADE 1 13 14 2 3
> GRENADE 1 10 17 5 3
> POWERUP BATTERY -4 9 1 6
> POWERUP BATTERY -4 9 17 6
> BAT2 13 17
< RES 1637334187 187 3
< MOVE L L
> REQ 1637334187 188 3
> VAMPIRE 1 9 17 2 0 3 0
> VAMPIRE 3 9 5 3 2 3 0
> VAMPIRE 4 9 5 3 2 3 0
> VAMPIRE 2 9 5 2 2 4 0
> GRENADE 1 13 14 1 3
> GRENADE 1 10 17 4 3
> POWERUP BATTERY -3 9 1 6
> POWERUP BATTERY -3 9 17 6
> BAT2 13 17
< RES 1637334187 188 3
< MOVE L L
> REQ 1637334187 189 3
> VAMPIRE 1 9 17 2 1 3 0
> VAMPIRE 3 9 3 3 2 3 0
> VAMPIRE 4 9 3 3 2 3 0
> VAMPIRE 2 9 3 2 2 4 0
> GRENADE 1 12 17 3 3
> POWERUP BATTERY -2 9 1 6
> POWERUP BATTERY -2 9 17 6
> BAT1 13 17
< RES 1637334187 189 3
< MOVE L L
> REQ 1637334187 190 3
> VAMPIRE 1 9 17 2 0 3 0
> VAMPIRE 3 9 1 3 2 3 0
> VAMPIRE 4 9 1 3 2 3 0
> VAMPIRE 2 9 1 2 2 4 0
> GRENADE 1 12 17 2 3
> GRENADE 1 9 17 5 3
> POWERUP BATTERY -1 9 1 6
> POWERUP BATTERY -1 9 17 6
> BAT1 13 17
< RES 1637334187 190 3
> REQ 1637334187 191 3
> VAMPIRE 1 8 17 2 0 3 0
> VAMPIRE 3 9 1 3 2 3 0
> VAMPIRE 4 9 1 3 2 3 0
> VAMPIRE 2 9 1 2 2 4 0
> GRENADE 1 12 17 1 3
> GRENADE 1 12 17 4 3
> POWERUP BATTERY 12 9 1 6
> POWERUP BATTERY 12 9 17 6
> BAT1 13 17
< RES 1637334187 191 3
> REQ 1637334187 192 3
> VAMPIRE 1 9 17 2 2 3 0
> VAMPIRE 3 9 1 3 2 3 0
> VAMPIRE 4 9 1 3 2 3 0
> VAMPIRE 2 9 1 2 2 4 0
> POWERUP BATTERY 11 9 1 6
> POWERUP BATTERY 11 9 17 6
< RES 1637334187 192 3
> REQ 1637334187 193 3
> VAMPIRE 1 9 17 2 2 3 0
> VAMPIRE 3 9 1 3 2 3 0
> VAMPIRE 4 9 1 3 2 3 0
> VAMPIRE 2 9 1 2 2 4 0
> POWERUP BATTERY 10 9 1 6
> POWERUP BATTERY 10 9 17 6
< RES 1637334187 193 3
> REQ 1637334187 194 3
> VAMPIRE 1 9 17 2 2 3 0
> VAMPIRE 3 9 1 3 2 3 0
> VAMPIRE 4 9 1 3 2 3 0
> VAMPIRE 2 9 1 2 2 4 0
> POWERUP BATTERY 9 9 1 6
> POWERUP BATTERY 9 9 17 6
< RES 1637334187 194 3
> REQ 1637334187 195 3
> VAMPIRE 1 9 17 2 2 3 0
> VAMPIRE 3 9 1 3 2 3 0
> VAMPIRE 4 9 1 3 2 3 0
> VAMPIRE 2 9 1 2 2 4 0
> POWERUP BATTERY 8 9 1 6
> POWERUP BATTERY 8 9 17 6
< RES 1637334187 195 3
> REQ 1637334187 196 3
> VAMPIRE 1 9 17 2 2 3 0
> VAMPIRE 3 9 1 3 2 4 0
> VAMPIRE 4 9 1 3 2 4 0
> VAMPIRE 2 9 1 2 2 5 0
> POWERUP BATTERY 7 9 17 6
< RES 1637334187 196 3
< MOVE R R
> REQ 1637334187 197 3
> VAMPIRE 1 9 17 2 2 3 0
> VAMPIRE 3 9 3 3 2 4 0
> VAMPIRE 4 9 3 3 2 4 0
> VAMPIRE 2 9 3 2 2 5 0
> POWERUP BATTERY 6 9 17 6
< RES 1637334187 197 3
< MOVE R R
> REQ 1637334187 198 3
> VAMPIRE 1 9 17 2 2 4 0
> VAMPIRE 3 9 5 3 2 4 0
> VAMPIRE 4 9 5 3 2 4 0
> VAMPIRE 2 9 5 2 2 5 0
< RES 1637334187 198 3
< MOVE R R
> REQ 1637334187 199 3
> VAMPIRE 1 9 15 2 2 4 0
> VAMPIRE 3 9 7 3 2 4 0
> VAMPIRE 4 9 7 3 2 4 0
> VAMPIRE 2 9 7 2 2 5 0
< RES 1637334187 199 3
< MOVE R R
> REQ 1637334187 200 3
> VAMPIRE 1 9 13 2 2 4 0
> VAMPIRE 3 9 9 3 2 4 0
> VAMPIRE 4 9 9 3 2 4 0
> VAMPIRE 2 9 9 2 2 5 0
< RES 1637334187 200 3
< GRENADE
< MOVE L L
> REQ 1637334187 201 3
> VAMPIRE 1 11 13 2 2 4 0
> VAMPIRE 3 9 7 3 1 4 0
> VAMPIRE 4 9 7 3 2 4 0
> VAMPIRE 2 9 7 2 2 5 0
> GRENADE 3 9 9 5 4
< RES 1637334187 201 3
< GRENADE
< MOVE U U
> REQ 1637334187 202 3
> VAMPIRE 1 11 13 2 2 4 0
> VAMPIRE 3 7 7 3 0 4 0
> VAMPIRE 4 7 7 3 2 4 0
> VAMPIRE 2 7 7 2 2 5 0
> GRENADE 3 9 9 4 4
> GRENADE 3 9 7 5 4
< RES 1637334187 202 3
< MOVE L L
> REQ 1637334187 203 3
> VAMPIRE 1 11 11 2 2 4 0
> VAMPIRE 3 7 5 3 0 4 0
> VAMPIRE 4 7 5 3 2 4 0
> VAMPIRE 2 7 5 2 2 5 0
> GRENADE 3 9 9 3 4
> GRENADE 3 9 7 4 4
< RES 1637334187 203 3
> REQ 1637334187 204 3
> VAMPIRE 1 11 11 2 2 4 0
> VAMPIRE 3 7 5 3 0 4 0
> VAMPIRE 4 7 5 3 2 4 0
> VAMPIRE 2 7 5 2 2 5 0
> GRENADE 3 9 9 2 4
> GRENADE 3 9 7 3 4
< RES 1637334187 204 3
< MOVE U U
> REQ 1637334187 205 3
> VAMPIRE 1 11 11 2 2 4 0
> VAMPIRE 3 5 5 3 0 4 0
> VAMPIRE 4 5 5 3 2 4 0
> VAMPIRE 2 5 5 2 2 5 0
> GRENADE 3 9 9 1 4
> GRENADE 3 9 7 2 4
< RES 1637334187 205 3
< MOVE D D
> REQ 1637334187 206 3
> VAMPIRE 1 11 9 2 2 4 0
> VAMPIRE 3 7 5 3 2 4 0
> VAMPIRE 4 7 5 3 2 4 0
> VAMPIRE 2 7 5 2 2 5 0
< RES 1637334187 206 3
< MOVE R R
> REQ 1637334187 207 3
> VAMPIRE 1 9 9 2 2 4 0
> VAMPIRE 3 7 7 3 2 4 0
> VAMPIRE 4 7 7 3 2 4 0
> VAMPIRE 2 7 7 2 2 5 0
< RES 1637334187 207 3
< MOVE D D
> REQ 1637334187 208 3
> VAMPIRE 1 11 9 2 2 4 0
> VAMPIRE 3 9 7 3 2 4 0
> VAMPIRE 4 9 7 3 2 4 0
> VAMPIRE 2 9 7 2 2 5 0
< RES 1637334187 208 3
< MOVE R R
> REQ 1637334187 209 3
> VAMPIRE 1 11 11 2 2 4 0
> VAMPIRE 3 9 9 3 2 4 0
> VAMPIRE 4 9 9 3 2 4 0
> VAMPIRE 2 9 9 2 2 5 0
> POWERUP TOMATO -9 5 8 4
> POWERUP TOMATO -9 13 10 4
< RES 1637334187 209 3
< MOVE U U
> REQ 1637334187 210 3
> VAMPIRE 1 13 11 2 2 4 0
> VAMPIRE 3 7 9 3 2 4 0
> VAMPIRE 4 7 9 3 2 4 0
> VAMPIRE 2 7 9 2 2 5 0
> POWERUP TOMATO -8 5 8 4
> POWERUP TOMATO -8 13 10 4
< RES 1637334187 210 3
< MOVE U U
> REQ 1637334187 211 3
> VAMPIRE 1 13 10 2 2 4 0
> VAMPIRE 3 5 9 3 2 4 0
> VAMPIRE 4 5 9 3 2 4 0
> VAMPIRE 2 5 9 2 2 5 0
> POWERUP TOMATO -7 5 8 4
> POWERUP TOMATO -7 13 10 4
< RES 1637334187 211 3
< GRENADE
< MOVE L L
> REQ 1637334187 212 3
> VAMPIRE 1 13 10 2 2 4 0
> VAMPIRE 3 5 7 3 1 4 0
> VAMPIRE 4 5 7 3 1 4 0
> VAMPIRE 2 5 8 2 2 5 0
> GRENADE 3 5 9 5 4
> GRENADE 4 5 9 5 4
> POWERUP TOMATO -6 5 8 4
> POWERUP TOMATO -6 13 10 4
< RES 1637334187 212 3
< GRENADE
> REQ 1637334187 213 3
> VAMPIRE 1 13 10 2 2 4 0
> VAMPIRE 3 5 7 3 0 4 0
> VAMPIRE 4 5 7 3 0 4 0
> VAMPIRE 2 5 8 2 1 5 0
> GRENADE 3 5 9 4 4
> GRENADE 4 5 9 4 4
> GRENADE 3 5 7 5 4
> GRENADE 4 5 7 5 4
> GRENADE 2 5 8 5 5
> POWERUP TOMATO -5 5 8 4
> POWERUP TOMATO -5 13 10 4
< RES 1637334187 213 3
< MOVE D D
> REQ 1637334187 214 3
> VAMPIRE 1 13 10 2 2 4 0
> VAMPIRE 3 7 7 3 0 4 0
> VAMPIRE 4 7 7 3 0 4 0
> VAMPIRE 2 5 8 2 0 5 0
> GRENADE 3 5 9 3 4
> GRENADE 4 5 9 3 4
> GRENADE 3 5 7 4 4
> GRENADE 4 5 7 4 4
> GRENADE 2 5 8 4 5
> GRENADE 2 5 8 5 5
> POWERUP TOMATO -4 5 8 4
> POWERUP TOMATO -4 13 10 4
< RES 1637334187 214 3
< MOVE R R
> REQ 1637334187 215 3
> VAMPIRE 1 13 10 2 2 4 0
> VAMPIRE 3 7 9 3 0 4 0
> VAMPIRE 4 7 9 3 0 4 0
> VAMPIRE 2 5 8 2 0 5 0
> GRENADE 3 5 9 2 4
> GRENADE 4 5 9 2 4
> GRENADE 3 5 7 3 4
> GRENADE 4 5 7 3 4
> GRENADE 2 5 8 3 5
> GRENADE 2 5 8 4 5
> POWERUP TOMATO -3 5 8 4
> POWERUP TOMATO -3 13 10 4
< RES 1637334187 215 3
< MOVE R R
> REQ 1637334187 216 3
> VAMPIRE 1 13 10 2 2 4 0
> VAMPIRE 3 7 11 3 0 4 0
> VAMPIRE 4 7 11 3 0 4 0
> VAMPIRE 2 5 8 2 0 5 0
> GRENADE 3 5 9 1 4
> GRENADE 4 5 9 1 4
> GRENADE 3 5 7 2 4
> GRENADE 4 5 7 2 4
> GRENADE 2 5 8 2 5
> GRENADE 2 5 8 3 5
> POWERUP TOMATO -2 5 8 4
> POWERUP TOMATO -2 13 10 4
< RES 1637334187 216 3
< MOVE U U
> REQ 1637334187 217 3
> VAMPIRE 1 13 10 2 1 4 0
> VAMPIRE 3 5 11 3 2 4 0
> VAMPIRE 4 5 11 3 2 4 0
> VAMPIRE 2 5 8 1 2 5 0
> GRENADE 1 13 10 5 4
> POWERUP TOMATO -1 5 8 4
> POWERUP TOMATO -1 13 10 4
< RES 1637334187 217 3
< MOVE L L
> REQ 1637334187 218 3
> VAMPIRE 1 13 9 2 1 4 0
> VAMPIRE 3 5 9 3 2 4 0
> VAMPIRE 4 5 9 3 2 4 0
> VAMPIRE 2 5 8 1 2 5 0
> GRENADE 1 13 10 4 4
> POWERUP TOMATO 20 5 8 4
> POWERUP TOMATO 20 13 10 4
< RES 1637334187 218 3
< GRENADE
< MOVE L L
> REQ 1637334187 219 3
> VAMPIRE 1 11 9 2 1 4 0
> VAMPIRE 3 5 7 3 1 4 0
> VAMPIRE 4 5 7 3 1 4 0
> VAMPIRE 2 4 7 1 2 5 0
> GRENADE 1 13 10 3 4
> GRENADE 3 5 9 5 4
> GRENADE 4 5 9 5 4
> POWERUP TOMATO 19 5 8 4
> POWERUP TOMATO 19 13 10 4
< RES 1637334187 219 3
< GRENADE
> REQ 1637334187 220 3
> VAMPIRE 1 13 9 2 1 4 0
> VAMPIRE 3 5 7 3 0 4 0
> VAMPIRE 4 5 7 3 0 4 0
> VAMPIRE 2 2 7 1 2 5 0
> GRENADE 1 13 10 2 4
> GRENADE 3 5 9 4 4
> GRENADE 4 5 9 4 4
> GRENADE 3 5 7 5 4
> GRENADE 4 5 7 5 4
> POWERUP TOMATO 18 5 8 4
> POWERUP TOMATO 18 13 10 4
< RES 1637334187 220 3
> REQ 1637334187 221 3
> VAMPIRE 1 14 9 2 1 4 0
> VAMPIRE 3 5 7 3 0 4 0
> VAMPIRE 4 5 7 3 0 4 0
> VAMPIRE 2 1 6 1 2 5 0
> GRENADE 1 13 13 1 4
> GRENADE 3 5 9 3 4
> GRENADE 4 5 9 3 4
> GRENADE 3 5 7 4 4
> GRENADE 4 5 7 4 4
> POWERUP TOMATO 17 5 8 4
> POWERUP TOMATO 17 13 10 4
< RES 1637334187 221 3
< MOVE D D
> REQ 1637334187 222 3
> VAMPIRE 1 13 10 2 2 4 0
> VAMPIRE 3 7 7 3 0 4 0
> VAMPIRE 4 7 7 3 0 4 0
> VAMPIRE 2 1 5 1 2 5 0
> GRENADE 3 5 9 2 4
> GRENADE 4 5 9 2 4
> GRENADE 3 5 7 3 4
> GRENADE 4 5 7 3 4
> POWERUP TOMATO 16 5 8 4
> POWERUP TOMATO 16 13 10 4
< RES 1637334187 222 3
< MOVE R
> REQ 1637334187 223 3
> VAMPIRE 1 13 10 2 1 4 0
> VAMPIRE 3 7 8 3 0 4 0
> VAMPIRE 4 7 8 3 0 4 0
> VAMPIRE 2 3 5 1 2 5 0
> GRENADE 3 5 9 1 4
> GRENADE 4 5 9 1 4
> GRENADE 3 5 7 2 4
> GRENADE 4 5 7 2 4
> GRENADE 1 13 10 5 4
> POWERUP TOMATO 15 5 8 4
> POWERUP TOMATO 15 13 10 4
< RES 1637334187 223 3
< MOVE R U
> REQ 1637334187 224 3
> VAMPIRE 1 13 9 2 1 4 0
> VAMPIRE 3 6 9 3 2 4 0
> VAMPIRE 4 6 9 3 2 4 0
> VAMPIRE 2 3 7 1 2 5 0
> GRENADE 1 13 10 4 4
> POWERUP TOMATO 14 5 8 4
> POWERUP TOMATO 14 13 10 4
< RES 1637334187 224 3
< MOVE U L
> REQ 1637334187 225 3
> VAMPIRE 1 11 9 2 1 4 0
> VAMPIRE 3 5 8 3 2 4 0
> VAMPIRE 4 5 8 3 2 4 0
> VAMPIRE 2 5 7 1 2 5 0
> GRENADE 1 13 10 3 4
> POWERUP TOMATO 13 5 8 4
> POWERUP TOMATO 13 13 10 4
< RES 1637334187 225 3
< MOVE R
> REQ 1637334187 226 3
> VAMPIRE 1 13 9 2 1 4 0
> VAMPIRE 3 5 9 3 2 4 0
> VAMPIRE 4 5 9 3 2 4 0
> VAMPIRE 2 5 9 1 1 5 0
> GRENADE 1 13 10 2 4
> GRENADE 2 5 7 5 5
> POWERUP TOMATO 12 5 8 4
> POWERUP TOMATO 12 13 10 4
< RES 1637334187 226 3
< MOVE L
> REQ 1637334187 227 3
> VAMPIRE 1 11 9 2 1 4 0
> VAMPIRE 3 5 8 3 2 4 0
> VAMPIRE 4 5 8 3 2 4 0
> VAMPIRE 2 5 8 1 1 5 0
> GRENADE 1 13 10 1 4
> GRENADE 2 5 7 4 5
> POWERUP TOMATO 11 5 8 4
> POWERUP TOMATO 11 13 10 4
< RES 1637334187 227 3
< MOVE R
> REQ 1637334187 228 3
> VAMPIRE 1 13 9 2 2 4 0
> VAMPIRE 3 5 9 3 2 4 0
> VAMPIRE 4 5 9 3 2 4 0
> VAMPIRE 2 5 9 1 1 5 0
> GRENADE 2 5 7 3 5
> POWERUP TOMATO 10 5 8 4
> POWERUP TOMATO 10 13 10 4
< RES 1637334187 228 3
< GRENADE
> REQ 1637334187 229 3
> VAMPIRE 1 13 10 2 2 4 0
> VAMPIRE 3 5 9 3 1 4 0
> VAMPIRE 4 5 9 3 1 4 0
> VAMPIRE 2 5 8 1 1 5 0
> GRENADE 2 5 7 2 5
> GRENADE 3 5 9 5 4
> GRENADE 4 5 9 5 4
> POWERUP TOMATO 9 5 8 4
> POWERUP TOMATO 9 13 10 4
< RES 1637334187 229 3
< GRENADE
> REQ 1637334187 230 3
> VAMPIRE 1 13 10 2 1 4 0
> VAMPIRE 3 5 9 3 0 4 0
> VAMPIRE 4 5 9 3 0 4 0
> VAMPIRE 2 5 8 1 0 5 0
> GRENADE 2 5 7 1 5
> GRENADE 3 5 9 4 4
> GRENADE 4 5 9 4 4
> GRENADE 1 13 10 5 4
> GRENADE 3 5 9 5 4
> GRENADE 4 5 9 5 4
> GRENADE 2 5 8 5 5
> POWERUP TOMATO 8 5 8 4
> POWERUP TOMATO 8 13 10 4
< RES 1637334187 230 3
< MOVE U
> REQ 1637334187 231 3
> VAMPIRE 1 13 9 2 1 4 0
> VAMPIRE 3 4 9 2 2 4 0
> VAMPIRE 4 4 9 2 2 4 0
> GRENADE 1 13 10 4 4
> POWERUP TOMATO 7 5 8 4
> POWERUP TOMATO 7 13 10 4
< RES 1637334187 231 3
< MOVE D L
> REQ 1637334187 232 3
> VAMPIRE 1 11 9 2 1 4 0
> VAMPIRE 3 5 8 2 2 4 0
> VAMPIRE 4 5 8 2 2 4 0
> GRENADE 1 13 10 3 4
> POWERUP TOMATO 6 5 8 4
> POWERUP TOMATO 6 13 10 4
< RES 1637334187 232 3
< GRENADE
> REQ 1637334187 233 3
> VAMPIRE 1 13 9 2 1 4 0
> VAMPIRE 3 5 8 2 2 4 0
> VAMPIRE 4 5 8 2 2 4 0
> GRENADE 1 13 10 2 4
> POWERUP TOMATO 5 5 8 4
> POWERUP TOMATO 5 13 10 4
< RES 1637334187 233 3
< GRENADE
> REQ 1637334187 234 3
> VAMPIRE 1 11 9 2 1 4 0
> VAMPIRE 3 5 8 2 1 4 0
> VAMPIRE 4 5 8 2 1 4 0
> GRENADE 1 13 10 1 4
> GRENADE 3 5 8 5 4
> GRENADE 4 5 8 5 4
> POWERUP TOMATO 4 5 8 4
> POWERUP TOMATO 4 13 10 4
< RES 1637334187 234 3
< MOVE L
> REQ 1637334187 235 3
> VAMPIRE 1 13 9 2 2 4 0
> VAMPIRE 3 5 7 2 1 4 0
> VAMPIRE 4 5 7 2 1 4 0
> GRENADE 3 5 8 4 4
> GRENADE 4 5 8 4 4
> POWERUP TOMATO 3 5 8 4
> POWERUP TOMATO 3 13 10 4
< RES 1637334187 235 3
< GRENADE
< MOVE D D
> REQ 1637334187 236 3
> VAMPIRE 1 13 10 2 2 4 0
> VAMPIRE 3 7 7 2 0 4 0
> VAMPIRE 4 7 7 2 0 4 0
> GRENADE 3 5 8 3 4
> GRENADE 4 5 8 3 4
> GRENADE 3 5 7 5 4
> GRENADE 4 5 7 5 4
> POWERUP TOMATO 2 5 8 4
> POWERUP TOMATO 2 13 10 4
< RES 1637334187 236 3
< MOVE R R
> REQ 1637334187 237 3
> VAMPIRE 1 13 10 2 2 4 0
> VAMPIRE 3 7 9 2 0 4 0
> VAMPIRE 4 7 9 2 0 4 0
> GRENADE 3 5 8 2 4
> GRENADE 4 5 8 2 4
> GRENADE 3 5 7 4 4
> GRENADE 4 5 7 4 4
> POWERUP TOMATO 1 5 8 4
> POWERUP TOMATO 1 13 10 4
< RES 1637334187 237 3
> REQ 1637334187 238 3
> VAMPIRE 1 13 10 2 2 4 0
> VAMPIRE 3 7 9 2 0 4 0
> VAMPIRE 4 7 9 2 0 4 0
> GRENADE 3 5 8 1 4
> GRENADE 4 5 8 1 4
> GRENADE 3 5 7 3 4
> GRENADE 4 5 7 3 4
> POWERUP TOMATO 1 13 10 4
< RES 1637334187 238 3
< MOVE D D
> REQ 1637334187 239 3
> VAMPIRE 1 13 10 2 2 4 0
> VAMPIRE 3 9 9 2 2 4 0
> VAMPIRE 4 9 9 2 2 4 0
> POWERUP TOMATO 1 13 10 4
< RES 1637334187 239 3
< MOVE U U
> REQ 1637334187 240 3
> VAMPIRE 1 13 10 2 2 4 0
> VAMPIRE 3 7 9 2 2 4 0
> VAMPIRE 4 7 9 2 2 4 0
> POWERUP BATTERY -5 10 13 6
> POWERUP BATTERY -5 8 5 6
< RES 1637334187 240 3
< MOVE L L
> REQ 1637334187 241 3
> VAMPIRE 1 12 11 2 2 4 0
> VAMPIRE 3 7 7 2 2 4 0
> VAMPIRE 4 7 7 2 2 4 0
> POWERUP BATTERY -4 10 13 6
> POWERUP BATTERY -4 8 5 6
< RES 1637334187 241 3
< MOVE L L
> REQ 1637334187 242 3
> VAMPIRE 1 11 12 2 2 4 0
> VAMPIRE 3 7 5 2 2 4 0
> VAMPIRE 4 7 5 2 2 4 0
> POWERUP BATTERY -3 10 13 6
> POWERUP BATTERY -3 8 5 6
< RES 1637334187 242 3
< GRENADE
< MOVE D D
> REQ 1637334187 243 3
> VAMPIRE 1 10 13 2 2 4 0
> VAMPIRE 3 9 5 2 1 4 0
> VAMPIRE 4 9 5 2 1 4 0
> GRENADE 3 7 5 5 4
> GRENADE 4 7 5 5 4
> POWERUP BATTERY -2 10 13 6
> POWERUP BATTERY -2 8 5 6
< RES 1637334187 243 3
< GRENADE
< MOVE R R
> REQ 1637334187 244 3
> VAMPIRE 1 10 13 2 2 4 0
> VAMPIRE 3 9 7 2 0 4 0
> VAMPIRE 4 9 7 2 0 4 0
> GRENADE 3 7 5 4 4
> GRENADE 4 7 5 4 4
> GRENADE 3 9 5 5 4
> GRENADE 4 9 5 5 4
> POWERUP BATTERY -1 10 13 6
> POWERUP BATTERY -1 8 5 6
< RES 1637334187 244 3
< MOVE U U
> REQ 1637334187 245 3
> VAMPIRE 1 10 13 2 2 4 0
> VAMPIRE 3 7 7 2 0 4 0
> VAMPIRE 4 7 7 2 0 4 0
> GRENADE 3 7 5 3 4
> GRENADE 4 7 5 3 4
> GRENADE 3 9 5 4 4
> GRENADE 4 9 5 4 4
> POWERUP BATTERY 16 10 13 6
> POWERUP BATTERY 16 8 5 6
< RES 1637334187 245 3
< MOVE U
> REQ 1637334187 246 3
> VAMPIRE 1 10 13 2 2 4 0
> VAMPIRE 3 6 7 2 0 4 0
> VAMPIRE 4 6 7 2 0 4 0
> GRENADE 3 7 5 2 4
> GRENADE 4 7 5 2 4
> GRENADE 3 9 5 3 4
> GRENADE 4 9 5 3 4
> POWERUP BATTERY 15 10 13 6
> POWERUP BATTERY 15 8 5 6
< RES 1637334187 246 3
< MOVE U L
> REQ 1637334187 247 3
> VAMPIRE 1 10 13 2 2 4 0
> VAMPIRE 3 5 6 2 0 4 0
> VAMPIRE 4 5 6 2 0 4 0
> GRENADE 3 7 5 1 4
> GRENADE 4 7 5 1 4
> GRENADE 3 9 5 2 4
> GRENADE 4 9 5 2 4
> POWERUP BATTERY 14 10 13 6
> POWERUP BATTERY 14 8 5 6
< RES 1637334187 247 3
< MOVE R D
> REQ 1637334187 248 3
> VAMPIRE 1 10 13 2 2 4 0
> VAMPIRE 3 6 7 2 2 4 0
> VAMPIRE 4 6 7 2 2 4 0
> POWERUP BATTERY 13 10 13 6
> POWERUP BATTERY 13 8 5 6
< RES 1637334187 248 3
< MOVE D L
> REQ 1637334187 249 3
> VAMPIRE 1 10 13 2 2 4 0
> VAMPIRE 3 7 6 2 2 4 0
> VAMPIRE 4 7 6 2 2 4 0
> POWERUP BATTERY 12 10 13 6
> POWERUP BATTERY 12 8 5 6
< RES 1637334187 249 3
< MOVE L D
> REQ 1637334187 250 3
> VAMPIRE 1 10 13 2 2 5 0
> VAMPIRE 3 8 5 2 2 4 0
> VAMPIRE 4 8 5 2 2 4 0
> POWERUP BATTERY 11 8 5 6
< RES 1637334187 250 3
> REQ 1637334187 251 3
> VAMPIRE 1 9 12 2 2 5 0
> VAMPIRE 3 8 5 2 2 4 0
> VAMPIRE 4 8 5 2 2 4 0
> POWERUP BATTERY 10 8 5 6
< RES 1637334187 251 3
> REQ 1637334187 252 3
> VAMPIRE 1 9 10 2 2 5 0
> VAMPIRE 3 8 5 2 2 4 0
> VAMPIRE 4 8 5 2 2 4 0
> POWERUP BATTERY 9 8 5 6
< RES 1637334187 252 3
> REQ 1637334187 253 3
> VAMPIRE 1 9 8 2 2 5 0
> VAMPIRE 3 8 5 2 2 4 0
> VAMPIRE 4 8 5 2 2 4 0
> POWERUP BATTERY 8 8 5 6
< RES 1637334187 253 3
> REQ 1637334187 254 3
> VAMPIRE 1 9 6 2 2 5 0
> VAMPIRE 3 8 5 2 2 4 0
> VAMPIRE 4 8 5 2 2 4 0
> POWERUP BATTERY 7 8 5 6
< RES 1637334187 254 3
> REQ 1637334187 255 3
> VAMPIRE 1 8 5 2 2 5 0
> VAMPIRE 3 8 5 2 2 4 0
> VAMPIRE 4 8 5 2 2 4 0
> POWERUP BATTERY 6 8 5 6
< RES 1637334187 255 3
> REQ 1637334187 256 3
> VAMPIRE 1 8 5 2 2 5 0
> VAMPIRE 3 8 5 2 2 5 0
> VAMPIRE 4 8 5 2 2 5 0
< RES 1637334187 256 3
< MOVE U
> REQ 1637334187 257 3
> VAMPIRE 1 7 5 2 2 5 0
> VAMPIRE 3 7 5 2 2 5 0
> VAMPIRE 4 7 5 2 2 5 0
< RES 1637334187 257 3
< MOVE R R
> REQ 1637334187 258 3
> VAMPIRE 1 7 7 2 2 5 0
> VAMPIRE 3 7 7 2 2 5 0
> VAMPIRE 4 7 7 2 2 5 0
< RES 1637334187 258 3
< MOVE D D
> REQ 1637334187 259 3
> VAMPIRE 1 9 7 2 2 5 0
> VAMPIRE 3 9 7 2 2 5 0
> VAMPIRE 4 9 7 2 2 5 0
< RES 1637334187 259 3
< MOVE R R
> REQ 1637334187 260 3
> VAMPIRE 1 9 9 2 2 5 0
> VAMPIRE 3 9 9 2 2 5 0
> VAMPIRE 4 9 9 2 2 5 0
< RES 1637334187 260 3
< MOVE L L
> REQ 1637334187 261 3
> VAMPIRE 1 9 7 2 2 5 0
> VAMPIRE 3 9 7 2 2 5 0
> VAMPIRE 4 9 7 2 2 5 0
< RES 1637334187 261 3
< MOVE R R
> REQ 1637334187 262 3
> VAMPIRE 1 9 9 2 2 5 0
> VAMPIRE 3 9 9 2 2 5 0
> VAMPIRE 4 9 9 2 2 5 0
< RES 1637334187 262 3
< MOVE L L
> REQ 1637334187 263 3
> VAMPIRE 1 9 7 2 2 5 0
> VAMPIRE 3 9 7 2 2 5 0
> VAMPIRE 4 9 7 2 2 5 0
< RES 1637334187 263 3
< MOVE R R
> REQ 1637334187 264 3
> VAMPIRE 1 9 9 2 2 5 0
> VAMPIRE 3 9 9 2 2 5 0
> VAMPIRE 4 9 9 2 2 5 0
< RES 1637334187 264 3
< MOVE L L
> REQ 1637334187 265 3
> VAMPIRE 1 9 7 2 2 5 0
> VAMPIRE 3 9 7 2 2 5 0
> VAMPIRE 4 9 7 2 2 5 0
< RES 1637334187 265 3
< MOVE R R
> REQ 1637334187 266 3
> VAMPIRE 1 9 9 2 2 5 0
> VAMPIRE 3 9 9 2 2 5 0
> VAMPIRE 4 9 9 2 2 5 0
< RES 1637334187 266 3
< MOVE L L
> REQ 1637334187 267 3
> VAMPIRE 1 9 7 2 2 5 0
> VAMPIRE 3 9 7 2 2 5 0
> VAMPIRE 4 9 7 2 2 5 0
< RES 1637334187 267 3
< MOVE R R
> REQ 1637334187 268 3
> VAMPIRE 1 9 9 2 2 5 0
> VAMPIRE 3 9 9 2 2 5 0
> VAMPIRE 4 9 9 2 2 5 0
> POWERUP GRENADE -4 2 5 6
> POWERUP GRENADE -4 16 13 6
< RES 1637334187 268 3
< MOVE U U
> REQ 1637334187 269 3
> VAMPIRE 1 7 9 2 2 5 0
> VAMPIRE 3 7 9 2 2 5 0
> VAMPIRE 4 7 9 2 2 5 0
> POWERUP GRENADE -3 2 5 6
> POWERUP GRENADE -3 16 13 6
< RES 1637334187 269 3
< MOVE U U
> REQ 1637334187 270 3
> VAMPIRE 1 5 9 2 2 5 0
> VAMPIRE 3 5 9 2 2 5 0
> VAMPIRE 4 5 9 2 2 5 0
> POWERUP GRENADE -2 2 5 6
> POWERUP GRENADE -2 16 13 6
< RES 1637334187 270 3
< MOVE U U
> REQ 1637334187 271 3
> VAMPIRE 1 3 9 2 2 5 0
> VAMPIRE 3 3 9 2 2 5 0
> VAMPIRE 4 3 9 2 2 5 0
> POWERUP GRENADE -1 2 5 6
> POWERUP GRENADE -1 16 13 6
< RES 1637334187 271 3
< MOVE L L
> REQ 1637334187 272 3
> VAMPIRE 1 3 7 2 2 5 0
> VAMPIRE 3 3 7 2 2 5 0
> VAMPIRE 4 3 7 2 2 5 0
> POWERUP GRENADE 18 2 5 6
> POWERUP GRENADE 18 16 13 6
< RES 1637334187 272 3
< MOVE L L
> REQ 1637334187 273 3
> VAMPIRE 1 3 5 2 2 5 0
> VAMPIRE 3 3 5 2 2 5 0
> VAMPIRE 4 3 5 2 2 5 0
> POWERUP GRENADE 17 2 5 6
> POWERUP GRENADE 17 16 13 6
< RES 1637334187 273 3
< GRENADE
< MOVE U U
> REQ 1637334187 274 3
> VAMPIRE 1 1 5 2 1 5 0
> VAMPIRE 3 1 5 2 1 5 0
> VAMPIRE 4 1 5 2 1 5 0
> GRENADE 1 3 5 5 5
> GRENADE 3 3 5 5 5
> GRENADE 4 3 5 5 5
> POWERUP GRENADE 16 2 5 6
> POWERUP GRENADE 16 16 13 6
< RES 1637334187 274 3
< MOVE D
> REQ 1637334187 275 3
> VAMPIRE 1 2 5 2 1 5 0
> VAMPIRE 3 2 5 2 1 5 0
> VAMPIRE 4 2 5 2 1 5 0
> GRENADE 1 3 5 4 5
> GRENADE 3 3 5 4 5
> GRENADE 4 3 5 4 5
> POWERUP GRENADE 15 2 5 6
> POWERUP GRENADE 15 16 13 6
< RES 1637334187 275 3
< GRENADE
> REQ 1637334187 276 3
> VAMPIRE 1 2 5 2 0 5 0
> VAMPIRE 3 2 5 2 0 5 0
> VAMPIRE 4 2 5 2 0 5 0
> GRENADE 1 3 5 3 5
> GRENADE 3 3 5 3 5
> GRENADE 4 3 5 3 5
> GRENADE 1 2 5 5 5
> GRENADE 3 2 5 5 5
> GRENADE 4 2 5 5 5
> POWERUP GRENADE 14 2 5 6
> POWERUP GRENADE 14 16 13 6
< RES 1637334187 276 3
> REQ 1637334187 277 3
> VAMPIRE 1 2 5 2 0 5 0
> VAMPIRE 3 2 5 2 0 5 0
> VAMPIRE 4 2 5 2 0 5 0
> GRENADE 1 3 5 2 5
> GRENADE 3 3 5 2 5
> GRENADE 4 3 5 2 5
> GRENADE 1 2 5 4 5
> GRENADE 3 2 5 4 5
> GRENADE 4 2 5 4 5
> POWERUP GRENADE 13 2 5 6
> POWERUP GRENADE 13 16 13 6
< RES 1637334187 277 3
< GRENADE
> REQ 1637334187 278 3
> VAMPIRE 1 2 5 2 0 5 0
> VAMPIRE 3 2 5 2 0 5 0
> VAMPIRE 4 2 5 2 0 5 0
> GRENADE 1 3 5 1 5
> GRENADE 3 3 5 1 5
> GRENADE 4 3 5 1 5
> GRENADE 1 2 5 3 5
> GRENADE 3 2 5 3 5
> GRENADE 4 2 5 3 5
> POWERUP GRENADE 12 2 5 6
> POWERUP GRENADE 12 16 13 6
< RES 1637334187 278 3
< THROW D 3
> REQ 1637334187 279 3
> VAMPIRE 1 2 5 1 2 5 0
> VAMPIRE 3 2 5 1 2 5 0
> VAMPIRE 4 2 5 1 2 5 0
> POWERUP GRENADE 11 2 5 6
> POWERUP GRENADE 11 16 13 6
< RES 1637334187 279 3
> REQ 1637334187 280 3
> VAMPIRE 1 2 5 1 2 5 0
> VAMPIRE 3 2 5 1 2 5 0
> VAMPIRE 4 2 5 1 2 5 0
> POWERUP GRENADE 10 2 5 6
> POWERUP GRENADE 10 16 13 6
< RES 1637334187 280 3
> REQ 1637334187 281 3
> VAMPIRE 1 2 5 1 3 5 0
> VAMPIRE 3 2 5 1 3 5 0
> VAMPIRE 4 2 5 1 3 5 0
> POWERUP GRENADE 9 16 13 6
< RES 1637334187 281 3
< MOVE D D
> REQ 1637334187 282 3
> VAMPIRE 1 1 4 1 3 5 0
> VAMPIRE 3 4 5 1 3 5 0
> VAMPIRE 4 4 5 1 3 5 0
> POWERUP GRENADE 8 16 13 6
< RES 1637334187 282 3
< MOVE D D
> REQ 1637334187 283 3
> VAMPIRE 1 1 3 1 3 5 0
> VAMPIRE 3 6 5 1 3 5 0
> VAMPIRE 4 6 5 1 3 5 0
> POWERUP GRENADE 7 16 13 6
< RES 1637334187 283 3
< MOVE D D
> REQ 1637334187 284 3
> VAMPIRE 1 3 3 1 3 5 0
> VAMPIRE 3 8 5 1 3 5 0
> VAMPIRE 4 8 5 1 3 5 0
> POWERUP GRENADE 6 16 13 6
< RES 1637334187 284 3
< MOVE D D
> REQ 1637334187 285 3
> VAMPIRE 1 3 5 1 3 5 0
> VAMPIRE 3 10 5 1 3 5 0
> VAMPIRE 4 10 5 1 3 5 0
> POWERUP GRENADE 5 16 13 6
< RES 1637334187 285 3
< MOVE D D
> REQ 1637334187 286 3
> VAMPIRE 1 5 5 1 3 5 0
> VAMPIRE 3 12 5 1 3 5 0
> VAMPIRE 4 12 5 1 3 5 0
> POWERUP GRENADE 4 16 13 6
< RES 1637334187 286 3
< MOVE D D
> REQ 1637334187 287 3
> VAMPIRE 1 5 7 1 3 5 0
> VAMPIRE 3 14 5 1 3 5 0
> VAMPIRE 4 14 5 1 3 5 0
> POWERUP GRENADE 3 16 13 6
< RES 1637334187 287 3
< MOVE D
> REQ 1637334187 288 3
> VAMPIRE 1 7 7 1 3 5 0
> VAMPIRE 3 15 5 1 3 5 0
> VAMPIRE 4 15 5 1 3 5 0
> POWERUP GRENADE 2 16 13 6
< RES 1637334187 288 3
< MOVE U U
> REQ 1637334187 289 3
> VAMPIRE 1 9 7 1 3 5 0
> VAMPIRE 3 13 5 1 3 5 0
> VAMPIRE 4 13 5 1 3 5 0
> POWERUP GRENADE 1 16 13 6
< RES 1637334187 289 3
< MOVE R R
> REQ 1637334187 290 3
> VAMPIRE 1 9 7 1 3 5 0
> VAMPIRE 3 13 7 1 3 5 0
> VAMPIRE 4 13 7 1 3 5 0
< RES 1637334187 290 3
< MOVE U U
> REQ 1637334187 291 3
> VAMPIRE 1 7 7 1 3 5 0
> VAMPIRE 3 11 7 1 3 5 0
> VAMPIRE 4 11 7 1 3 5 0
< RES 1637334187 291 3
< MOVE R R
> REQ 1637334187 292 3
> VAMPIRE 1 7 9 1 3 5 0
> VAMPIRE 3 11 9 1 3 5 0
> VAMPIRE 4 11 9 1 3 5 0
< RES 1637334187 292 3
< MOVE U U
> REQ 1637334187 293 3
> VAMPIRE 1 5 9 1 3 5 0
> VAMPIRE 3 9 9 1 3 5 0
> VAMPIRE 4 9 9 1 3 5 0
< RES 1637334187 293 3
< MOVE D D
> REQ 1637334187 294 3
> VAMPIRE 1 5 7 1 3 5 0
> VAMPIRE 3 11 9 1 3 5 0
> VAMPIRE 4 11 9 1 3 5 0
< RES 1637334187 294 3
< MOVE U U
> REQ 1637334187 295 3
> VAMPIRE 1 5 9 1 3 5 0
> VAMPIRE 3 9 9 1 3 5 0
> VAMPIRE 4 9 9 1 3 5 0
< RES 1637334187 295 3
< MOVE D D
> REQ 1637334187 296 3
> VAMPIRE 1 5 7 1 3 5 0
> VAMPIRE 3 11 9 1 3 5 0
> VAMPIRE 4 11 9 1 3 5 0
< RES 1637334187 296 3
< MOVE U U
> REQ 1637334187 297 3
> VAMPIRE 1 5 9 1 3 5 0
> VAMPIRE 3 9 9 1 3 5 0
> VAMPIRE 4 9 9 1 3 5 0
< RES 1637334187 297 3
< MOVE D D
> REQ 1637334187 298 3
> VAMPIRE 1 5 7 1 3 5 0
> VAMPIRE 3 11 9 1 3 5 0
> VAMPIRE 4 11 9 1 3 5 0
< RES 1637334187 298 3
< MOVE U U
> REQ 1637334187 299 3
> VAMPIRE 1 5 9 1 3 5 0
> VAMPIRE 3 9 9 1 3 5 0
> VAMPIRE 4 9 9 1 3 5 0
< RES 1637334187 299 3
< MOVE D D
> REQ 1637334187 300 3
> VAMPIRE 1 5 7 1 3 5 0
> VAMPIRE 3 11 9 1 3 5 0
> VAMPIRE 4 11 9 1 3 5 0
< RES 1637334187 300 3
< MOVE U U
> REQ 1637334187 301 3
> VAMPIRE 1 5 9 1 3 5 0
> VAMPIRE 3 9 9 1 3 5 0
> VAMPIRE 4 9 9 1 3 5 0
> POWERUP SHOE -9 13 8 6
> POWERUP SHOE -9 5 10 6
< RES 1637334187 301 3
< MOVE D D
> REQ 1637334187 302 3
> VAMPIRE 1 5 10 1 3 5 0
> VAMPIRE 3 11 9 1 3 5 0
> VAMPIRE 4 11 9 1 3 5 0
> POWERUP SHOE -8 13 8 6
> POWERUP SHOE -8 5 10 6
< RES 1637334187 302 3
< MOVE D D
> REQ 1637334187 303 3
> VAMPIRE 1 5 10 1 3 5 0
> VAMPIRE 3 13 9 1 3 5 0
> VAMPIRE 4 13 9 1 3 5 0
> POWERUP SHOE -7 13 8 6
> POWERUP SHOE -7 5 10 6
< RES 1637334187 303 3
< GRENADE
< MOVE L L
> REQ 1637334187 304 3
> VAMPIRE 1 5 10 1 3 5 0
> VAMPIRE 3 13 7 1 2 5 0
> VAMPIRE 4 13 7 1 2 5 0
> GRENADE 3 13 9 5 5
> GRENADE 4 13 9 5 5
> POWERUP SHOE -6 13 8 6
> POWERUP SHOE -6 5 10 6
< RES 1637334187 304 3
< MOVE R
> REQ 1637334187 305 3
> VAMPIRE 1 5 10 1 3 5 0
> VAMPIRE 3 13 8 1 2 5 0
> VAMPIRE 4 13 8 1 2 5 0
> GRENADE 3 13 9 4 5
> GRENADE 4 13 9 4 5
> POWERUP SHOE -5 13 8 6
> POWERUP SHOE -5 5 10 6
< RES 1637334187 305 3
< MOVE L
> REQ 1637334187 306 3
> VAMPIRE 1 5 10 1 3 5 0
> VAMPIRE 3 13 7 1 2 5 0
> VAMPIRE 4 13 7 1 2 5 0
> GRENADE 3 13 9 3 5
> GRENADE 4 13 9 3 5
> POWERUP SHOE -4 13 8 6
> POWERUP SHOE -4 5 10 6
< RES 1637334187 306 3
< GRENADE
> REQ 1637334187 307 3
> VAMPIRE 1 5 10 1 3 5 0
> VAMPIRE 3 13 7 1 1 5 0
> VAMPIRE 4 13 7 1 1 5 0
> GRENADE 3 13 9 2 5
> GRENADE 4 13 9 2 5
> GRENADE 3 13 7 5 5
> GRENADE 4 13 7 5 5
> POWERUP SHOE -3 13 8 6
> POWERUP SHOE -3 5 10 6
< RES 1637334187 307 3
< GRENADE
> REQ 1637334187 308 3
> VAMPIRE 1 5 10 1 3 5 0
> VAMPIRE 3 13 7 1 0 5 0
> VAMPIRE 4 13 7 1 0 5 0
> GRENADE 3 13 9 1 5
> GRENADE 4 13 9 1 5
> GRENADE 3 13 7 4 5
> GRENADE 4 13 7 4 5
> GRENADE 3 13 7 5 5
> GRENADE 4 13 7 5 5
> POWERUP SHOE -2 13 8 6
> POWERUP SHOE -2 5 10 6
< RES 1637334187 308 3
> END 872 Could_not_be_more_deaded
