> MESSAGE OK
> LEVEL 9
> GAMEID 1637330736
> TEST 1
> MAXTICK 1000
> GRENADERADIUS 2
> SIZE 21
> REQ 1637330736 0 2
> VAMPIRE 1 1 1 3 1 2 0
> VAMPIRE 4 1 19 3 1 2 0
> VAMPIRE 3 19 19 3 1 2 0
> VAMPIRE 2 19 1 3 1 2 0
> BAT1 4 1 6 1 8 1 10 1 12 1 14 1 16 1 1 4 19 4 6 5 8 5 10 5 12 5 14 5 1 6 5 6 15 6 19 6 1 8 5 8 15 8 19 8 10 9 1 10 5 10 9 10 11 10 15 10 19 10 10 11 1 12 5 12 15 12 19 12 1 14 5 14 15 14 19 14 6 15 8 15 10 15 12 15 14 15 1 16 19 16 4 19 6 19 8 19 10 19 12 19 14 19 16 19
> BAT2 4 3 6 3 8 3 10 3 12 3 14 3 16 3 3 4 17 4 3 6 17 6 8 7 10 7 12 7 3 8 7 8 13 8 17 8 3 10 7 10 13 10 17 10 3 12 7 12 13 12 17 12 8 13 10 13 12 13 3 14 17 14 3 16 17 16 4 17 6 17 8 17 10 17 12 17 14 17 16 17
< RES 1637330736 0 2
< MOVE U U
> REQ 1637330736 1 2
> VAMPIRE 1 2 1 3 1 2 0
> VAMPIRE 4 1 17 3 1 2 0
> VAMPIRE 3 17 19 3 1 2 0
> VAMPIRE 2 17 1 3 1 2 0
> BAT1 4 1 6 1 8 1 10 1 12 1 14 1 16 1 1 4 19 4 6 5 8 5 10 5 12 5 14 5 1 6 5 6 15 6 19 6 1 8 5 8 15 8 19 8 10 9 1 10 5 10 9 10 11 10 15 10 19 10 10 11 1 12 5 12 15 12 19 12 1 14 5 14 15 14 19 14 6 15 8 15 10 15 12 15 14 15 1 16 19 16 4 19 6 19 8 19 10 19 12 19 14 19 16 19
> BAT2 4 3 6 3 8 3 10 3 12 3 14 3 16 3 3 4 17 4 3 6 17 6 8 7 10 7 12 7 3 8 7 8 13 8 17 8 3 10 7 10 13 10 17 10 3 12 7 12 13 12 17 12 8 13 10 13 12 13 3 14 17 14 3 16 17 16 4 17 6 17 8 17 10 17 12 17 14 17 16 17
< RES 1637330736 1 2
< GRENADE
> REQ 1637330736 2 2
> VAMPIRE 1 1 2 3 0 2 0
> VAMPIRE 4 1 17 3 0 2 0
> VAMPIRE 3 17 17 3 1 2 0
> VAMPIRE 2 17 1 3 0 2 0
> GRENADE 1 2 1 5 2
> GRENADE 4 1 17 5 2
> GRENADE 2 17 1 5 2
> BAT1 4 1 6 1 8 1 10 1 12 1 14 1 16 1 1 4 19 4 6 5 8 5 10 5 12 5 14 5 1 6 5 6 15 6 19 6 1 8 5 8 15 8 19 8 10 9 1 10 5 10 9 10 11 10 15 10 19 10 10 11 1 12 5 12 15 12 19 12 1 14 5 14 15 14 19 14 6 15 8 15 10 15 12 15 14 15 1 16 19 16 4 19 6 19 8 19 10 19 12 19 14 19 16 19
> BAT2 4 3 6 3 8 3 10 3 12 3 14 3 16 3 3 4 17 4 3 6 17 6 8 7 10 7 12 7 3 8 7 8 13 8 17 8 3 10 7 10 13 10 17 10 3 12 7 12 13 12 17 12 8 13 10 13 12 13 3 14 17 14 3 16 17 16 4 17 6 17 8 17 10 17 12 17 14 17 16 17
< RES 1637330736 2 2
< THROW XR 2
< MOVE D
> REQ 1637330736 3 2
> VAMPIRE 1 1 1 3 0 2 0
> VAMPIRE 4 1 17 3 0 2 0
> VAMPIRE 3 19 17 3 0 2 0
> VAMPIRE 2 18 1 3 0 2 0
> GRENADE 1 2 1 4 2
> GRENADE 4 1 15 4 2
> GRENADE 2 17 3 4 2
> GRENADE 3 17 17 5 2
> BAT1 4 1 6 1 8 1 10 1 12 1 14 1 16 1 1 4 19 4 6 5 8 5 10 5 12 5 14 5 1 6 5 6 15 6 19 6 1 8 5 8 15 8 19 8 10 9 1 10 5 10 9 10 11 10 15 10 19 10 10 11 1 12 5 12 15 12 19 12 1 14 5 14 15 14 19 14 6 15 8 15 10 15 12 15 14 15 1 16 19 16 4 19 6 19 8 19 10 19 12 19 14 19 16 19
> BAT2 4 3 6 3 8 3 10 3 12 3 14 3 16 3 3 4 17 4 3 6 17 6 8 7 10 7 12 7 3 8 7 8 13 8 17 8 3 10 7 10 13 10 17 10 3 12 7 12 13 12 17 12 8 13 10 13 12 13 3 14 17 14 3 16 17 16 4 17 6 17 8 17 10 17 12 17 14 17 16 17
< RES 1637330736 3 2
> REQ 1637330736 4 2
> VAMPIRE 1 1 3 3 0 2 0
> VAMPIRE 4 3 17 3 0 2 0
> VAMPIRE 3 19 18 3 0 2 0
> VAMPIRE 2 18 1 3 0 2 0
> GRENADE 1 5 1 3 2
> GRENADE 4 1 15 3 2
> GRENADE 2 17 3 3 2
> GRENADE 3 17 17 4 2
> BAT1 4 1 6 1 8 1 10 1 12 1 14 1 16 1 1 4 19 4 6 5 8 5 10 5 12 5 14 5 1 6 5 6 15 6 19 6 1 8 5 8 15 8 19 8 10 9 1 10 5 10 9 10 11 10 15 10 19 10 10 11 1 12 5 12 15 12 19 12 1 14 5 14 15 14 19 14 6 15 8 15 10 15 12 15 14 15 1 16 19 16 4 19 6 19 8 19 10 19 12 19 14 19 16 19
> BAT2 4 3 6 3 8 3 10 3 12 3 14 3 16 3 3 4 17 4 3 6 17 6 8 7 10 7 12 7 3 8 7 8 13 8 17 8 3 10 7 10 13 10 17 10 3 12 7 12 13 12 17 12 8 13 10 13 12 13 3 14 17 14 3 16 17 16 4 17 6 17 8 17 10 17 12 17 14 17 16 17
< RES 1637330736 4 2
> REQ 1637330736 5 2
> VAMPIRE 1 1 3 3 0 2 0
> VAMPIRE 4 3 17 3 0 2 0
> VAMPIRE 3 19 18 3 0 2 0
> VAMPIRE 2 18 1 3 0 2 0
> GRENADE 1 5 1 2 2
> GRENADE 4 1 15 2 2
> GRENADE 2 17 3 2 2
> GRENADE 3 17 17 3 2
> BAT1 4 1 6 1 8 1 10 1 12 1 14 1 16 1 1 4 19 4 6 5 8 5 10 5 12 5 14 5 1 6 5 6 15 6 19 6 1 8 5 8 15 8 19 8 10 9 1 10 5 10 9 10 11 10 15 10 19 10 10 11 1 12 5 12 15 12 19 12 1 14 5 14 15 14 19 14 6 15 8 15 10 15 12 15 14 15 1 16 19 16 4 19 6 19 8 19 10 19 12 19 14 19 16 19
> BAT2 4 3 6 3 8 3 10 3 12 3 14 3 16 3 3 4 17 4 3 6 17 6 8 7 10 7 12 7 3 8 7 8 13 8 17 8 3 10 7 10 13 10 17 10 3 12 7 12 13 12 17 12 8 13 10 13 12 13 3 14 17 14 3 16 17 16 4 17 6 17 8 17 10 17 12 17 14 17 16 17
< RES 1637330736 5 2
> REQ 1637330736 6 2
> VAMPIRE 1 1 3 3 0 2 0
> VAMPIRE 4 3 17 3 0 2 0
> VAMPIRE 3 19 18 3 0 2 0
> VAMPIRE 2 18 1 3 0 2 0
> GRENADE 1 5 1 1 2
> GRENADE 4 1 15 1 2
> GRENADE 2 17 3 1 2
> GRENADE 3 17 17 2 2
> BAT1 4 1 6 1 8 1 10 1 12 1 14 1 16 1 1 4 19 4 6 5 8 5 10 5 12 5 14 5 1 6 5 6 15 6 19 6 1 8 5 8 15 8 19 8 10 9 1 10 5 10 9 10 11 10 15 10 19 10 10 11 1 12 5 12 15 12 19 12 1 14 5 14 15 14 19 14 6 15 8 15 10 15 12 15 14 15 1 16 19 16 4 19 6 19 8 19 10 19 12 19 14 19 16 19
> BAT2 4 3 6 3 8 3 10 3 12 3 14 3 16 3 3 4 17 4 3 6 17 6 8 7 10 7 12 7 3 8 7 8 13 8 17 8 3 10 7 10 13 10 17 10 3 12 7 12 13 12 17 12 8 13 10 13 12 13 3 14 17 14 3 16 17 16 4 17 6 17 8 17 10 17 12 17 14 17 16 17
< RES 1637330736 6 2
< MOVE U
> REQ 1637330736 7 2
> VAMPIRE 1 3 3 3 1 2 0
> VAMPIRE 4 3 17 3 1 2 0
> VAMPIRE 3 19 18 3 0 2 0
> VAMPIRE 2 17 1 3 1 2 0
> GRENADE 3 17 17 1 2
> BAT1 8 1 10 1 12 1 14 1 16 1 1 4 19 4 6 5 8 5 10 5 12 5 14 5 1 6 5 6 15 6 19 6 1 8 5 8 15 8 19 8 10 9 1 10 5 10 9 10 11 10 15 10 19 10 10 11 1 12 5 12 15 12 19 12 5 14 15 14 19 14 6 15 8 15 10 15 12 15 14 15 19 16 4 19 6 19 8 19 10 19 12 19 14 19 16 19 16 3 17 4
> BAT2 4 3 6 3 8 3 10 3 12 3 14 3 3 4 3 6 17 6 8 7 10 7 12 7 3 8 7 8 13 8 17 8 3 10 7 10 13 10 17 10 3 12 7 12 13 12 17 12 8 13 10 13 12 13 3 14 17 14 3 16 17 16 4 17 6 17 8 17 10 17 12 17 14 17 16 17
< RES 1637330736 7 2
< GRENADE
> REQ 1637330736 8 2
> VAMPIRE 1 3 1 3 0 2 0
> VAMPIRE 4 1 17 3 0 2 0
> VAMPIRE 3 19 17 3 1 2 0
> VAMPIRE 2 17 1 3 0 2 0
> GRENADE 1 3 3 5 2
> GRENADE 4 3 17 5 2
> GRENADE 2 17 1 5 2
> BAT1 8 1 10 1 12 1 14 1 16 1 1 4 19 4 6 5 8 5 10 5 12 5 14 5 1 6 5 6 15 6 19 6 1 8 5 8 15 8 19 8 10 9 1 10 5 10 9 10 11 10 15 10 19 10 10 11 1 12 5 12 15 12 19 12 5 14 15 14 19 14 6 15 8 15 10 15 12 15 14 15 19 16 4 19 6 19 8 19 10 19 12 19 14 19 16 19 16 3 17 4 17 16 16 17
> BAT2 4 3 6 3 8 3 10 3 12 3 14 3 3 4 3 6 17 6 8 7 10 7 12 7 3 8 7 8 13 8 17 8 3 10 7 10 13 10 17 10 3 12 7 12 13 12 17 12 8 13 10 13 12 13 3 14 17 14 3 16 4 17 6 17 8 17 10 17 12 17 14 17
< RES 1637330736 8 2
< THROW XR 2
< MOVE D
> REQ 1637330736 9 2
> VAMPIRE 1 3 2 3 0 2 0
> VAMPIRE 4 1 15 3 0 2 0
> VAMPIRE 3 17 17 3 1 2 0
> VAMPIRE 2 18 1 3 0 2 0
> GRENADE 1 3 3 4 2
> GRENADE 4 3 17 4 2
> GRENADE 2 17 3 4 2
> BAT1 8 1 10 1 12 1 14 1 16 1 1 4 19 4 6 5 8 5 10 5 12 5 14 5 1 6 5 6 15 6 19 6 1 8 5 8 15 8 19 8 10 9 1 10 5 10 9 10 11 10 15 10 19 10 10 11 1 12 5 12 15 12 19 12 5 14 15 14 19 14 6 15 8 15 10 15 12 15 14 15 19 16 4 19 6 19 8 19 10 19 12 19 14 19 16 19 16 3 17 4 17 16 16 17
> BAT2 4 3 6 3 8 3 10 3 12 3 14 3 3 4 3 6 17 6 8 7 10 7 12 7 3 8 7 8 13 8 17 8 3 10 7 10 13 10 17 10 3 12 7 12 13 12 17 12 8 13 10 13 12 13 3 14 17 14 3 16 4 17 6 17 8 17 10 17 12 17 14 17
< RES 1637330736 9 2
> REQ 1637330736 10 2
> VAMPIRE 1 3 1 3 0 2 0
> VAMPIRE 4 1 15 3 0 2 0
> VAMPIRE 3 19 17 3 0 2 0
> VAMPIRE 2 18 1 3 0 2 0
> GRENADE 1 3 5 3 2
> GRENADE 4 3 17 3 2
> GRENADE 2 17 3 3 2
> GRENADE 3 17 17 5 2
> BAT1 8 1 10 1 12 1 14 1 16 1 1 4 19 4 6 5 8 5 10 5 12 5 14 5 1 6 5 6 15 6 19 6 1 8 5 8 15 8 19 8 10 9 1 10 5 10 9 10 11 10 15 10 19 10 10 11 1 12 5 12 15 12 19 12 5 14 15 14 19 14 6 15 8 15 10 15 12 15 14 15 19 16 4 19 6 19 8 19 10 19 12 19 14 19 16 19 16 3 17 4 17 16 16 17
> BAT2 4 3 6 3 8 3 10 3 12 3 14 3 3 4 3 6 17 6 8 7 10 7 12 7 3 8 7 8 13 8 17 8 3 10 7 10 13 10 17 10 3 12 7 12 13 12 17 12 8 13 10 13 12 13 3 14 17 14 3 16 4 17 6 17 8 17 10 17 12 17 14 17
< RES 1637330736 10 2
> REQ 1637330736 11 2
> VAMPIRE 1 3 1 3 0 2 0
> VAMPIRE 4 1 15 3 0 2 0
> VAMPIRE 3 19 18 3 0 2 0
> VAMPIRE 2 18 1 3 0 2 0
> GRENADE 1 3 5 2 2
> GRENADE 4 3 17 2 2
> GRENADE 2 17 3 2 2
> GRENADE 3 17 17 4 2
> BAT1 8 1 10 1 12 1 14 1 16 1 1 4 19 4 6 5 8 5 10 5 12 5 14 5 1 6 5 6 15 6 19 6 1 8 5 8 15 8 19 8 10 9 1 10 5 10 9 10 11 10 15 10 19 10 10 11 1 12 5 12 15 12 19 12 5 14 15 14 19 14 6 15 8 15 10 15 12 15 14 15 19 16 4 19 6 19 8 19 10 19 12 19 14 19 16 19 16 3 17 4 17 16 16 17
> BAT2 4 3 6 3 8 3 10 3 12 3 14 3 3 4 3 6 17 6 8 7 10 7 12 7 3 8 7 8 13 8 17 8 3 10 7 10 13 10 17 10 3 12 7 12 13 12 17 12 8 13 10 13 12 13 3 14 17 14 3 16 4 17 6 17 8 17 10 17 12 17 14 17
< RES 1637330736 11 2
> REQ 1637330736 12 2
> VAMPIRE 1 5 1 3 0 2 0
> VAMPIRE 4 1 15 3 0 2 0
> VAMPIRE 3 19 18 3 0 2 0
> VAMPIRE 2 18 1 3 0 2 0
> GRENADE 1 3 5 1 2
> GRENADE 4 3 17 1 2
> GRENADE 2 17 3 1 2
> GRENADE 3 17 17 3 2
> BAT1 8 1 10 1 12 1 14 1 16 1 1 4 19 4 6 5 8 5 10 5 12 5 14 5 1 6 5 6 15 6 19 6 1 8 5 8 15 8 19 8 10 9 1 10 5 10 9 10 11 10 15 10 19 10 10 11 1 12 5 12 15 12 19 12 5 14 15 14 19 14 6 15 8 15 10 15 12 15 14 15 19 16 4 19 6 19 8 19 10 19 12 19 14 19 16 19 16 3 17 4 17 16 16 17
> BAT2 4 3 6 3 8 3 10 3 12 3 14 3 3 4 3 6 17 6 8 7 10 7 12 7 3 8 7 8 13 8 17 8 3 10 7 10 13 10 17 10 3 12 7 12 13 12 17 12 8 13 10 13 12 13 3 14 17 14 3 16 4 17 6 17 8 17 10 17 12 17 14 17
< RES 1637330736 12 2
< MOVE U
> REQ 1637330736 13 2
> VAMPIRE 1 6 1 3 1 2 0
> VAMPIRE 4 3 15 3 1 2 0
> VAMPIRE 3 19 18 3 0 2 0
> VAMPIRE 2 17 1 3 1 2 0
> GRENADE 3 17 17 2 2
> BAT1 8 1 10 1 12 1 14 1 16 1 1 4 19 4 6 5 8 5 10 5 12 5 14 5 1 6 5 6 15 6 19 6 1 8 5 8 15 8 19 8 10 9 1 10 5 10 9 10 11 10 15 10 19 10 10 11 1 12 5 12 15 12 19 12 5 14 15 14 19 14 6 15 8 15 10 15 12 15 14 15 19 16 4 19 6 19 8 19 10 19 12 19 14 19 16 19 3 4 3 6 3 16 17 16 4 17 16 17
> BAT2 4 3 6 3 8 3 10 3 12 3 14 3 17 6 8 7 10 7 12 7 3 8 7 8 13 8 17 8 3 10 7 10 13 10 17 10 3 12 7 12 13 12 17 12 8 13 10 13 12 13 3 14 17 14 6 17 8 17 10 17 12 17 14 17
< RES 1637330736 13 2
< GRENADE
> REQ 1637330736 14 2
> VAMPIRE 1 5 2 3 0 2 0
> VAMPIRE 4 1 15 3 0 2 0
> VAMPIRE 3 19 18 3 0 2 0
> VAMPIRE 2 17 1 3 0 2 0
> GRENADE 3 17 17 1 2
> GRENADE 1 6 1 5 2
> GRENADE 4 3 15 5 2
> GRENADE 2 17 1 5 2
> BAT1 8 1 10 1 12 1 14 1 16 1 1 4 19 4 6 5 8 5 10 5 12 5 14 5 1 6 5 6 15 6 19 6 1 8 5 8 15 8 19 8 10 9 1 10 5 10 9 10 11 10 15 10 19 10 10 11 1 12 5 12 15 12 19 12 5 14 15 14 19 14 6 15 8 15 10 15 12 15 14 15 19 16 4 19 6 19 8 19 10 19 12 19 14 19 16 19 3 4 3 6 3 16 17 16 4 17 16 17
> BAT2 4 3 6 3 8 3 10 3 12 3 14 3 17 6 8 7 10 7 12 7 3 8 7 8 13 8 17 8 3 10 7 10 13 10 17 10 3 12 7 12 13 12 17 12 8 13 10 13 12 13 3 14 17 14 6 17 8 17 10 17 12 17 14 17
< RES 1637330736 14 2
< THROW XU 2
< MOVE R R
> REQ 1637330736 15 2
> VAMPIRE 1 5 1 3 0 2 0
> VAMPIRE 4 1 17 3 0 2 0
> VAMPIRE 3 19 17 3 1 2 0
> VAMPIRE 2 17 3 3 0 2 0
> GRENADE 1 6 1 4 2
> GRENADE 4 3 15 4 2
> GRENADE 2 15 1 4 2
> BAT1 8 1 10 1 12 1 14 1 16 1 1 4 19 4 6 5 8 5 10 5 12 5 14 5 1 6 5 6 15 6 19 6 1 8 5 8 15 8 19 8 10 9 1 10 5 10 9 10 11 10 15 10 19 10 10 11 1 12 5 12 15 12 19 12 5 14 15 14 19 14 6 15 8 15 10 15 12 15 14 15 19 16 4 19 6 19 8 19 10 19 12 19 14 19 16 19 3 4 3 6 3 16 4 17
> BAT2 4 3 6 3 8 3 10 3 12 3 14 3 17 6 8 7 10 7 12 7 3 8 7 8 13 8 17 8 3 10 7 10 13 10 17 10 3 12 7 12 13 12 17 12 8 13 10 13 12 13 3 14 17 14 6 17 8 17 10 17 12 17 14 17
< RES 1637330736 15 2
> REQ 1637330736 16 2
> VAMPIRE 1 5 1 3 0 2 0
> VAMPIRE 4 1 17 3 0 2 0
> VAMPIRE 3 19 17 3 0 2 0
> VAMPIRE 2 17 3 3 0 2 0
> GRENADE 1 9 1 3 2
> GRENADE 4 3 15 3 2
> GRENADE 2 15 1 3 2
> GRENADE 3 19 17 5 2
> BAT1 8 1 10 1 12 1 14 1 16 1 1 4 19 4 6 5 8 5 10 5 12 5 14 5 1 6 5 6 15 6 19 6 1 8 5 8 15 8 19 8 10 9 1 10 5 10 9 10 11 10 15 10 19 10 10 11 1 12 5 12 15 12 19 12 5 14 15 14 19 14 6 15 8 15 10 15 12 15 14 15 19 16 4 19 6 19 8 19 10 19 12 19 14 19 16 19 3 4 3 6 3 16 4 17
> BAT2 4 3 6 3 8 3 10 3 12 3 14 3 17 6 8 7 10 7 12 7 3 8 7 8 13 8 17 8 3 10 7 10 13 10 17 10 3 12 7 12 13 12 17 12 8 13 10 13 12 13 3 14 17 14 6 17 8 17 10 17 12 17 14 17
< RES 1637330736 16 2
> REQ 1637330736 17 2
> VAMPIRE 1 5 1 3 0 2 0
> VAMPIRE 4 1 16 3 0 2 0
> VAMPIRE 3 17 17 3 0 2 0
> VAMPIRE 2 17 3 3 0 2 0
> GRENADE 1 9 1 2 2
> GRENADE 4 3 15 2 2
> GRENADE 2 15 1 2 2
> GRENADE 3 19 15 4 2
> BAT1 8 1 10 1 12 1 14 1 16 1 1 4 19 4 6 5 8 5 10 5 12 5 14 5 1 6 5 6 15 6 19 6 1 8 5 8 15 8 19 8 10 9 1 10 5 10 9 10 11 10 15 10 19 10 10 11 1 12 5 12 15 12 19 12 5 14 15 14 19 14 6 15 8 15 10 15 12 15 14 15 19 16 4 19 6 19 8 19 10 19 12 19 14 19 16 19 3 4 3 6 3 16 4 17
> BAT2 4 3 6 3 8 3 10 3 12 3 14 3 17 6 8 7 10 7 12 7 3 8 7 8 13 8 17 8 3 10 7 10 13 10 17 10 3 12 7 12 13 12 17 12 8 13 10 13 12 13 3 14 17 14 6 17 8 17 10 17 12 17 14 17
< RES 1637330736 17 2
< MOVE R R
> REQ 1637330736 18 2
> VAMPIRE 1 5 1 3 0 2 0
> VAMPIRE 4 1 17 3 0 2 0
> VAMPIRE 3 17 17 3 0 2 0
> VAMPIRE 2 17 5 3 0 2 0
> GRENADE 1 9 1 1 2
> GRENADE 4 3 15 1 2
> GRENADE 2 15 1 1 2
> GRENADE 3 19 15 3 2
> BAT1 8 1 10 1 12 1 14 1 16 1 1 4 19 4 6 5 8 5 10 5 12 5 14 5 1 6 5 6 15 6 19 6 1 8 5 8 15 8 19 8 10 9 1 10 5 10 9 10 11 10 15 10 19 10 10 11 1 12 5 12 15 12 19 12 5 14 15 14 19 14 6 15 8 15 10 15 12 15 14 15 19 16 4 19 6 19 8 19 10 19 12 19 14 19 16 19 3 4 3 6 3 16 4 17
> BAT2 4 3 6 3 8 3 10 3 12 3 14 3 17 6 8 7 10 7 12 7 3 8 7 8 13 8 17 8 3 10 7 10 13 10 17 10 3 12 7 12 13 12 17 12 8 13 10 13 12 13 3 14 17 14 6 17 8 17 10 17 12 17 14 17
< RES 1637330736 18 2
< MOVE U U
> REQ 1637330736 19 2
> VAMPIRE 1 5 3 3 1 2 0
> VAMPIRE 4 3 17 3 1 2 0
> VAMPIRE 3 17 17 3 0 2 0
> VAMPIRE 2 15 5 3 1 2 0
> GRENADE 3 19 15 2 2
> BAT1 12 1 1 4 19 4 6 5 8 5 10 5 12 5 14 5 1 6 5 6 15 6 19 6 1 8 5 8 15 8 19 8 10 9 1 10 5 10 9 10 11 10 15 10 19 10 10 11 1 12 5 12 15 12 19 12 5 14 15 14 19 14 6 15 8 15 10 15 12 15 14 15 19 16 4 19 6 19 8 19 10 19 12 19 14 19 16 19 3 4 3 6 3 14 4 17
> BAT2 4 3 6 3 8 3 10 3 12 3 14 3 17 6 8 7 10 7 12 7 3 8 7 8 13 8 17 8 3 10 7 10 13 10 17 10 3 12 7 12 13 12 17 12 8 13 10 13 12 13 17 14 6 17 8 17 10 17 12 17 14 17
< RES 1637330736 19 2
< GRENADE
< MOVE D D
> REQ 1637330736 20 2
> VAMPIRE 1 5 3 3 0 2 0
> VAMPIRE 4 3 17 3 0 2 0
> VAMPIRE 3 15 17 3 0 2 0
> VAMPIRE 2 17 5 3 0 2 0
> GRENADE 3 19 15 1 2
> GRENADE 1 5 3 5 2
> GRENADE 4 3 17 5 2
> GRENADE 2 15 5 5 2
> BAT1 12 1 1 4 19 4 6 5 8 5 10 5 12 5 14 5 1 6 5 6 15 6 19 6 1 8 5 8 15 8 19 8 10 9 1 10 5 10 9 10 11 10 15 10 19 10 10 11 1 12 5 12 15 12 19 12 5 14 15 14 19 14 6 15 8 15 10 15 12 15 14 15 19 16 4 19 6 19 8 19 10 19 12 19 14 19 16 19 3 4 3 6 3 14 4 17
> BAT2 4 3 6 3 8 3 10 3 12 3 14 3 17 6 8 7 10 7 12 7 3 8 7 8 13 8 17 8 3 10 7 10 13 10 17 10 3 12 7 12 13 12 17 12 8 13 10 13 12 13 17 14 6 17 8 17 10 17 12 17 14 17
< RES 1637330736 20 2
< MOVE U
> REQ 1637330736 21 2
> VAMPIRE 1 5 1 3 0 2 0
> VAMPIRE 4 3 17 3 0 2 0
> VAMPIRE 3 15 15 3 1 2 0
> VAMPIRE 2 16 5 3 0 2 0
> GRENADE 1 5 5 4 2
> GRENADE 4 5 17 4 2
> GRENADE 2 15 5 4 2
> BAT1 12 1 1 4 19 4 6 5 8 5 10 5 12 5 14 5 1 6 5 6 15 6 19 6 1 8 5 8 15 8 19 8 10 9 1 10 5 10 9 10 11 10 15 10 19 10 10 11 1 12 5 12 15 12 19 12 5 14 15 14 6 15 8 15 10 15 12 15 14 15 4 19 6 19 8 19 10 19 12 19 14 19 16 19 3 4 3 6 3 14 4 17
> BAT2 4 3 6 3 8 3 10 3 12 3 14 3 17 6 8 7 10 7 12 7 3 8 7 8 13 8 17 8 3 10 7 10 13 10 17 10 3 12 7 12 13 12 17 12 8 13 10 13 12 13 17 14 6 17 8 17 10 17 12 17 14 17
< RES 1637330736 21 2
< THROW U 2
< MOVE D
> REQ 1637330736 22 2
> VAMPIRE 1 5 1 3 0 2 0
> VAMPIRE 4 3 15 3 0 2 0
> VAMPIRE 3 17 15 3 0 2 0
> VAMPIRE 2 17 5 3 0 2 0
> GRENADE 1 5 5 3 2
> GRENADE 4 5 17 3 2
> GRENADE 2 13 5 3 2
> GRENADE 3 15 15 5 2
> BAT1 12 1 1 4 19 4 6 5 8 5 10 5 12 5 14 5 1 6 5 6 15 6 19 6 1 8 5 8 15 8 19 8 10 9 1 10 5 10 9 10 11 10 15 10 19 10 10 11 1 12 5 12 15 12 19 12 5 14 15 14 6 15 8 15 10 15 12 15 14 15 4 19 6 19 8 19 10 19 12 19 14 19 16 19 3 4 3 6 3 14 4 17
> BAT2 4 3 6 3 8 3 10 3 12 3 14 3 17 6 8 7 10 7 12 7 3 8 7 8 13 8 17 8 3 10 7 10 13 10 17 10 3 12 7 12 13 12 17 12 8 13 10 13 12 13 17 14 6 17 8 17 10 17 12 17 14 17
< RES 1637330736 22 2
< MOVE L L
> REQ 1637330736 23 2
> VAMPIRE 1 5 1 3 0 2 0
> VAMPIRE 4 3 15 3 0 2 0
> VAMPIRE 3 17 17 3 0 2 0
> VAMPIRE 2 17 3 3 0 2 0
> GRENADE 1 5 5 2 2
> GRENADE 4 5 17 2 2
> GRENADE 2 13 5 2 2
> GRENADE 3 15 15 4 2
> BAT1 12 1 1 4 19 4 6 5 8 5 10 5 12 5 14 5 1 6 5 6 15 6 19 6 1 8 5 8 15 8 19 8 10 9 1 10 5 10 9 10 11 10 15 10 19 10 10 11 1 12 5 12 15 12 19 12 5 14 15 14 6 15 8 15 10 15 12 15 14 15 4 19 6 19 8 19 10 19 12 19 14 19 16 19 3 4 3 6 3 14 4 17
> BAT2 4 3 6 3 8 3 10 3 12 3 14 3 17 6 8 7 10 7 12 7 3 8 7 8 13 8 17 8 3 10 7 10 13 10 17 10 3 12 7 12 13 12 17 12 8 13 10 13 12 13 17 14 6 17 8 17 10 17 12 17 14 17
< RES 1637330736 23 2
< MOVE R R
> REQ 1637330736 24 2
> VAMPIRE 1 5 1 3 0 2 0
> VAMPIRE 4 3 15 3 0 2 0
> VAMPIRE 3 17 17 3 0 2 0
> VAMPIRE 2 17 5 3 0 2 0
> GRENADE 1 5 5 1 2
> GRENADE 4 5 17 1 2
> GRENADE 2 13 5 1 2
> GRENADE 3 15 15 3 2
> BAT1 12 1 1 4 19 4 6 5 8 5 10 5 12 5 14 5 1 6 5 6 15 6 19 6 1 8 5 8 15 8 19 8 10 9 1 10 5 10 9 10 11 10 15 10 19 10 10 11 1 12 5 12 15 12 19 12 5 14 15 14 6 15 8 15 10 15 12 15 14 15 4 19 6 19 8 19 10 19 12 19 14 19 16 19 3 4 3 6 3 14 4 17
> BAT2 4 3 6 3 8 3 10 3 12 3 14 3 17 6 8 7 10 7 12 7 3 8 7 8 13 8 17 8 3 10 7 10 13 10 17 10 3 12 7 12 13 12 17 12 8 13 10 13 12 13 17 14 6 17 8 17 10 17 12 17 14 17
< RES 1637330736 24 2
< MOVE D D
> REQ 1637330736 25 2
> VAMPIRE 1 5 3 3 1 2 0
> VAMPIRE 4 5 15 3 1 2 0
> VAMPIRE 3 16 17 3 0 2 0
> VAMPIRE 2 19 5 3 1 2 0
> GRENADE 3 15 15 2 2
> BAT1 12 1 1 4 19 4 8 5 10 5 1 6 15 6 19 6 1 8 5 8 15 8 19 8 10 9 1 10 5 10 9 10 11 10 15 10 19 10 10 11 1 12 5 12 15 12 19 12 5 14 15 14 6 15 8 15 10 15 12 15 14 15 4 19 6 19 8 19 10 19 12 19 14 19 16 19 3 4 3 6 3 14 6 17
> BAT2 4 3 6 3 8 3 10 3 12 3 14 3 17 6 8 7 10 7 12 7 3 8 7 8 13 8 17 8 3 10 7 10 13 10 17 10 3 12 7 12 13 12 17 12 8 13 10 13 12 13 17 14 8 17 10 17 12 17 14 17
< RES 1637330736 25 2
< GRENADE
< MOVE U U
> REQ 1637330736 26 2
> VAMPIRE 1 5 5 3 0 2 0
> VAMPIRE 4 3 15 3 0 2 0
> VAMPIRE 3 17 17 3 0 2 0
> VAMPIRE 2 17 5 3 0 2 0
> GRENADE 3 15 15 1 2
> GRENADE 1 5 3 5 2
> GRENADE 4 5 15 5 2
> GRENADE 2 19 5 5 2
> BAT1 12 1 1 4 19 4 8 5 10 5 1 6 15 6 19 6 1 8 5 8 15 8 19 8 10 9 1 10 5 10 9 10 11 10 15 10 19 10 10 11 1 12 5 12 15 12 19 12 5 14 15 14 6 15 8 15 10 15 12 15 14 15 4 19 6 19 8 19 10 19 12 19 14 19 16 19 3 4 3 6 3 14 6 17
> BAT2 4 3 6 3 8 3 10 3 12 3 14 3 17 6 8 7 10 7 12 7 3 8 7 8 13 8 17 8 3 10 7 10 13 10 17 10 3 12 7 12 13 12 17 12 8 13 10 13 12 13 17 14 8 17 10 17 12 17 14 17
< RES 1637330736 26 2
< MOVE L L
> REQ 1637330736 27 2
> VAMPIRE 1 7 5 3 0 2 0
> VAMPIRE 4 3 17 3 0 2 0
> VAMPIRE 3 15 17 3 1 2 0
> VAMPIRE 2 17 3 3 0 2 0
> GRENADE 1 5 3 4 2
> GRENADE 4 5 15 4 2
> GRENADE 2 19 5 4 2
> BAT1 12 1 1 4 19 4 8 5 10 5 1 6 15 6 19 6 1 8 5 8 15 8 19 8 10 9 1 10 5 10 9 10 11 10 15 10 19 10 10 11 1 12 5 12 15 12 19 12 5 14 6 15 8 15 10 15 12 15 4 19 6 19 8 19 10 19 12 19 14 19 16 19 3 4 3 6 3 14 6 17
> BAT2 4 3 6 3 8 3 10 3 12 3 14 3 17 6 8 7 10 7 12 7 3 8 7 8 13 8 17 8 3 10 7 10 13 10 17 10 3 12 7 12 13 12 17 12 8 13 10 13 12 13 17 14 8 17 10 17 12 17 14 17
< RES 1637330736 27 2
> REQ 1637330736 28 2
> VAMPIRE 1 7 5 3 0 2 0
> VAMPIRE 4 3 17 3 0 2 0
> VAMPIRE 3 15 17 3 0 2 0
> VAMPIRE 2 17 3 3 0 2 0
> GRENADE 1 5 3 3 2
> GRENADE 4 5 15 3 2
> GRENADE 2 19 5 3 2
> GRENADE 3 15 17 5 2
> BAT1 12 1 1 4 19 4 8 5 10 5 1 6 15 6 19 6 1 8 5 8 15 8 19 8 10 9 1 10 5 10 9 10 11 10 15 10 19 10 10 11 1 12 5 12 15 12 19 12 5 14 6 15 8 15 10 15 12 15 4 19 6 19 8 19 10 19 12 19 14 19 16 19 3 4 3 6 3 14 6 17
> BAT2 4 3 6 3 8 3 10 3 12 3 14 3 17 6 8 7 10 7 12 7 3 8 7 8 13 8 17 8 3 10 7 10 13 10 17 10 3 12 7 12 13 12 17 12 8 13 10 13 12 13 17 14 8 17 10 17 12 17 14 17
< RES 1637330736 28 2
> REQ 1637330736 29 2
> VAMPIRE 1 7 5 3 0 2 0
> VAMPIRE 4 3 17 3 0 2 0
> VAMPIRE 3 17 17 3 0 2 0
> VAMPIRE 2 17 3 3 0 2 0
> GRENADE 1 5 3 2 2
> GRENADE 4 5 15 2 2
> GRENADE 2 19 5 2 2
> GRENADE 3 13 17 4 2
> BAT1 12 1 1 4 19 4 8 5 10 5 1 6 15 6 19 6 1 8 5 8 15 8 19 8 10 9 1 10 5 10 9 10 11 10 15 10 19 10 10 11 1 12 5 12 15 12 19 12 5 14 6 15 8 15 10 15 12 15 4 19 6 19 8 19 10 19 12 19 14 19 16 19 3 4 3 6 3 14 6 17
> BAT2 4 3 6 3 8 3 10 3 12 3 14 3 17 6 8 7 10 7 12 7 3 8 7 8 13 8 17 8 3 10 7 10 13 10 17 10 3 12 7 12 13 12 17 12 8 13 10 13 12 13 17 14 8 17 10 17 12 17 14 17
< RES 1637330736 29 2
> REQ 1637330736 30 2
> VAMPIRE 1 7 5 3 0 2 0
> VAMPIRE 4 3 17 3 0 2 0
> VAMPIRE 3 17 17 3 0 2 0
> VAMPIRE 2 17 3 3 0 2 0
> GRENADE 1 5 3 1 2
> GRENADE 4 5 15 1 2
> GRENADE 2 19 5 1 2
> GRENADE 3 13 17 3 2
> BAT1 12 1 1 4 19 4 8 5 10 5 1 6 15 6 19 6 1 8 5 8 15 8 19 8 10 9 1 10 5 10 9 10 11 10 15 10 19 10 10 11 1 12 5 12 15 12 19 12 5 14 6 15 8 15 10 15 12 15 4 19 6 19 8 19 10 19 12 19 14 19 16 19 3 4 3 6 3 14 6 17
> BAT2 4 3 6 3 8 3 10 3 12 3 14 3 17 6 8 7 10 7 12 7 3 8 7 8 13 8 17 8 3 10 7 10 13 10 17 10 3 12 7 12 13 12 17 12 8 13 10 13 12 13 17 14 8 17 10 17 12 17 14 17
< RES 1637330736 30 2
< MOVE U U
> REQ 1637330736 31 2
> VAMPIRE 1 7 3 3 1 2 0
> VAMPIRE 4 5 17 3 1 2 0
> VAMPIRE 3 17 17 3 0 2 0
> VAMPIRE 2 15 3 3 1 2 0
> GRENADE 3 13 17 2 2
> BAT1 12 1 1 4 8 5 10 5 1 6 15 6 1 8 5 8 15 8 19 8 10 9 1 10 5 10 9 10 11 10 15 10 19 10 10 11 1 12 5 12 15 12 19 12 8 15 10 15 12 15 4 19 6 19 8 19 10 19 12 19 14 19 16 19 4 3 6 3 3 4 3 6 3 14 6 17
> BAT2 8 3 10 3 12 3 14 3 17 6 8 7 10 7 12 7 3 8 7 8 13 8 17 8 3 10 7 10 13 10 17 10 3 12 7 12 13 12 17 12 8 13 10 13 12 13 17 14 8 17 10 17 12 17 14 17
< RES 1637330736 31 2
< GRENADE
> REQ 1637330736 32 2
> VAMPIRE 1 7 3 3 0 2 0
> VAMPIRE 4 5 17 3 0 2 0
> VAMPIRE 3 15 17 3 0 2 0
> VAMPIRE 2 15 3 3 0 2 0
> GRENADE 3 13 17 1 2
> GRENADE 1 7 3 5 2
> GRENADE 4 5 17 5 2
> GRENADE 2 15 3 5 2
> BAT1 12 1 1 4 8 5 10 5 1 6 15 6 1 8 5 8 15 8 19 8 10 9 1 10 5 10 9 10 11 10 15 10 19 10 10 11 1 12 5 12 15 12 19 12 8 15 10 15 12 15 4 19 6 19 8 19 10 19 12 19 14 19 16 19 4 3 6 3 3 4 3 6 3 14 6 17
> BAT2 8 3 10 3 12 3 14 3 17 6 8 7 10 7 12 7 3 8 7 8 13 8 17 8 3 10 7 10 13 10 17 10 3 12 7 12 13 12 17 12 8 13 10 13 12 13 17 14 8 17 10 17 12 17 14 17
< RES 1637330736 32 2
< THROW XU 2
> REQ 1637330736 33 2
> VAMPIRE 1 7 5 3 0 2 0
> VAMPIRE 4 3 17 3 0 2 0
> VAMPIRE 3 15 19 3 1 2 0
> VAMPIRE 2 15 3 3 0 2 0
> GRENADE 1 9 3 4 2
> GRENADE 4 7 17 4 2
> GRENADE 2 13 3 4 2
> BAT1 12 1 1 4 8 5 10 5 1 6 15 6 1 8 5 8 15 8 19 8 10 9 1 10 5 10 9 10 11 10 15 10 19 10 10 11 1 12 5 12 15 12 19 12 8 15 10 15 12 15 4 19 6 19 8 19 10 19 12 19 14 19 16 19 4 3 6 3 3 4 3 6 3 14 6 17 12 17 14 17
> BAT2 8 3 10 3 12 3 14 3 17 6 8 7 10 7 12 7 3 8 7 8 13 8 17 8 3 10 7 10 13 10 17 10 3 12 7 12 13 12 17 12 8 13 10 13 12 13 17 14 8 17 10 17
< RES 1637330736 33 2
< MOVE D D
> REQ 1637330736 34 2
> VAMPIRE 1 5 5 3 0 2 0
> VAMPIRE 4 3 17 3 0 2 0
> VAMPIRE 3 15 17 3 0 2 0
> VAMPIRE 2 17 3 3 0 2 0
> GRENADE 1 9 3 3 2
> GRENADE 4 7 17 3 2
> GRENADE 2 13 3 3 2
> GRENADE 3 15 19 5 2
> BAT1 12 1 1 4 8 5 10 5 1 6 15 6 1 8 5 8 15 8 19 8 10 9 1 10 5 10 9 10 11 10 15 10 19 10 10 11 1 12 5 12 15 12 19 12 8 15 10 15 12 15 4 19 6 19 8 19 10 19 12 19 14 19 16 19 4 3 6 3 3 4 3 6 3 14 6 17 12 17 14 17
> BAT2 8 3 10 3 12 3 14 3 17 6 8 7 10 7 12 7 3 8 7 8 13 8 17 8 3 10 7 10 13 10 17 10 3 12 7 12 13 12 17 12 8 13 10 13 12 13 17 14 8 17 10 17
< RES 1637330736 34 2
> REQ 1637330736 35 2
> VAMPIRE 1 5 5 3 0 2 0
> VAMPIRE 4 3 17 3 0 2 0
> VAMPIRE 3 17 17 3 0 2 0
> VAMPIRE 2 17 3 3 0 2 0
> GRENADE 1 9 3 2 2
> GRENADE 4 7 17 2 2
> GRENADE 2 13 3 2 2
> GRENADE 3 15 19 4 2
> BAT1 12 1 1 4 8 5 10 5 1 6 15 6 1 8 5 8 15 8 19 8 10 9 1 10 5 10 9 10 11 10 15 10 19 10 10 11 1 12 5 12 15 12 19 12 8 15 10 15 12 15 4 19 6 19 8 19 10 19 12 19 14 19 16 19 4 3 6 3 3 4 3 6 3 14 6 17 12 17 14 17
> BAT2 8 3 10 3 12 3 14 3 17 6 8 7 10 7 12 7 3 8 7 8 13 8 17 8 3 10 7 10 13 10 17 10 3 12 7 12 13 12 17 12 8 13 10 13 12 13 17 14 8 17 10 17
< RES 1637330736 35 2
> REQ 1637330736 36 2
> VAMPIRE 1 7 5 3 0 2 0
> VAMPIRE 4 5 17 3 0 2 0
> VAMPIRE 3 17 17 3 0 2 0
> VAMPIRE 2 17 3 3 0 2 0
> GRENADE 1 9 3 1 2
> GRENADE 4 7 17 1 2
> GRENADE 2 13 3 1 2
> GRENADE 3 15 19 3 2
> BAT1 12 1 1 4 8 5 10 5 1 6 15 6 1 8 5 8 15 8 19 8 10 9 1 10 5 10 9 10 11 10 15 10 19 10 10 11 1 12 5 12 15 12 19 12 8 15 10 15 12 15 4 19 6 19 8 19 10 19 12 19 14 19 16 19 4 3 6 3 3 4 3 6 3 14 6 17 12 17 14 17
> BAT2 8 3 10 3 12 3 14 3 17 6 8 7 10 7 12 7 3 8 7 8 13 8 17 8 3 10 7 10 13 10 17 10 3 12 7 12 13 12 17 12 8 13 10 13 12 13 17 14 8 17 10 17
< RES 1637330736 36 2
< MOVE U U
> REQ 1637330736 37 2
> VAMPIRE 1 7 3 3 1 2 0
> VAMPIRE 4 5 19 3 1 2 0
> VAMPIRE 3 17 17 3 0 2 0
> VAMPIRE 2 15 3 3 1 2 0
> GRENADE 3 15 19 2 2
> BAT1 12 1 1 4 8 5 10 5 1 6 15 6 1 8 5 8 15 8 19 8 10 9 1 10 5 10 9 10 11 10 15 10 19 10 10 11 1 12 5 12 15 12 19 12 8 15 10 15 12 15 4 19 6 19 8 19 10 19 12 19 14 19 16 19 4 3 6 3 8 3 10 3 12 3 14 3 3 4 3 6 3 14 8 17 12 17 14 17
> BAT2 17 6 8 7 10 7 12 7 3 8 7 8 13 8 17 8 3 10 7 10 13 10 17 10 3 12 7 12 13 12 17 12 8 13 10 13 12 13 17 14 10 17
< RES 1637330736 37 2
< GRENADE
> REQ 1637330736 38 2
> VAMPIRE 1 7 5 3 0 2 0
> VAMPIRE 4 5 17 3 0 2 0
> VAMPIRE 3 17 17 3 0 2 0
> VAMPIRE 2 15 3 3 0 2 0
> GRENADE 3 15 19 1 2
> GRENADE 1 7 3 5 2
> GRENADE 4 5 19 5 2
> GRENADE 2 15 3 5 2
> BAT1 12 1 1 4 8 5 10 5 1 6 15 6 1 8 5 8 15 8 19 8 10 9 1 10 5 10 9 10 11 10 15 10 19 10 10 11 1 12 5 12 15 12 19 12 8 15 10 15 12 15 4 19 6 19 8 19 10 19 12 19 14 19 16 19 4 3 6 3 8 3 10 3 12 3 14 3 3 4 3 6 3 14 8 17 12 17 14 17
> BAT2 17 6 8 7 10 7 12 7 3 8 7 8 13 8 17 8 3 10 7 10 13 10 17 10 3 12 7 12 13 12 17 12 8 13 10 13 12 13 17 14 10 17
< RES 1637330736 38 2
< THROW XU 2
< MOVE D D
> REQ 1637330736 39 2
> VAMPIRE 1 5 5 3 0 2 0
> VAMPIRE 4 3 17 3 0 2 0
> VAMPIRE 3 17 15 3 1 2 0
> VAMPIRE 2 17 3 3 0 2 0
> GRENADE 1 7 3 4 2
> GRENADE 4 5 19 4 2
> GRENADE 2 13 3 4 2
> BAT1 12 1 1 4 8 5 10 5 1 6 15 6 1 8 5 8 15 8 19 8 10 9 1 10 5 10 9 10 11 10 15 10 19 10 10 11 1 12 5 12 15 12 19 12 8 15 10 15 12 15 4 19 6 19 8 19 10 19 12 19 4 3 6 3 8 3 10 3 12 3 14 3 3 4 3 6 3 14 8 17 12 17 14 17
> BAT2 17 6 8 7 10 7 12 7 3 8 7 8 13 8 17 8 3 10 7 10 13 10 17 10 3 12 7 12 13 12 17 12 8 13 10 13 12 13 17 14 10 17
< RES 1637330736 39 2
> REQ 1637330736 40 2
> VAMPIRE 1 5 5 3 0 2 0
> VAMPIRE 4 3 17 3 0 2 0
> VAMPIRE 3 17 15 3 0 2 0
> VAMPIRE 2 17 3 3 0 2 0
> GRENADE 1 7 3 3 2
> GRENADE 4 5 19 3 2
> GRENADE 2 13 3 3 2
> GRENADE 3 17 15 5 2
> BAT1 12 1 1 4 8 5 10 5 1 6 15 6 1 8 5 8 15 8 19 8 10 9 1 10 5 10 9 10 11 10 15 10 19 10 10 11 1 12 5 12 15 12 19 12 8 15 10 15 12 15 4 19 6 19 8 19 10 19 12 19 4 3 6 3 8 3 10 3 12 3 14 3 3 4 3 6 3 14 8 17 12 17 14 17
> BAT2 17 6 8 7 10 7 12 7 3 8 7 8 13 8 17 8 3 10 7 10 13 10 17 10 3 12 7 12 13 12 17 12 8 13 10 13 12 13 17 14 10 17
< RES 1637330736 40 2
> REQ 1637330736 41 2
> VAMPIRE 1 5 5 3 0 2 0
> VAMPIRE 4 3 17 3 0 2 0
> VAMPIRE 3 15 15 3 0 2 0
> VAMPIRE 2 17 3 3 0 2 0
> GRENADE 1 7 3 2 2
> GRENADE 4 5 19 2 2
> GRENADE 2 13 3 2 2
> GRENADE 3 17 13 4 2
> BAT1 12 1 1 4 8 5 10 5 1 6 15 6 1 8 5 8 15 8 19 8 10 9 1 10 5 10 9 10 11 10 15 10 19 10 10 11 1 12 5 12 15 12 19 12 8 15 10 15 12 15 4 19 6 19 8 19 10 19 12 19 4 3 6 3 8 3 10 3 12 3 14 3 3 4 3 6 3 14 8 17 12 17 14 17
> BAT2 17 6 8 7 10 7 12 7 3 8 7 8 13 8 17 8 3 10 7 10 13 10 17 10 3 12 7 12 13 12 17 12 8 13 10 13 12 13 17 14 10 17
< RES 1637330736 41 2
> REQ 1637330736 42 2
> VAMPIRE 1 3 5 3 0 2 0
> VAMPIRE 4 3 17 3 0 2 0
> VAMPIRE 3 15 15 3 0 2 0
> VAMPIRE 2 17 3 3 0 2 0
> GRENADE 1 7 3 1 2
> GRENADE 4 5 19 1 2
> GRENADE 2 13 3 1 2
> GRENADE 3 17 13 3 2
> BAT1 12 1 1 4 8 5 10 5 1 6 15 6 1 8 5 8 15 8 19 8 10 9 1 10 5 10 9 10 11 10 15 10 19 10 10 11 1 12 5 12 15 12 19 12 8 15 10 15 12 15 4 19 6 19 8 19 10 19 12 19 4 3 6 3 8 3 10 3 12 3 14 3 3 4 3 6 3 14 8 17 12 17 14 17
> BAT2 17 6 8 7 10 7 12 7 3 8 7 8 13 8 17 8 3 10 7 10 13 10 17 10 3 12 7 12 13 12 17 12 8 13 10 13 12 13 17 14 10 17
< RES 1637330736 42 2
< MOVE R R
> REQ 1637330736 43 2
> VAMPIRE 1 3 5 3 1 2 0
> VAMPIRE 4 3 15 3 1 2 0
> VAMPIRE 3 15 15 3 0 2 0
> VAMPIRE 2 17 5 3 1 2 0
> GRENADE 3 17 13 2 2
> BAT1 12 1 1 4 8 5 10 5 1 6 15 6 1 8 5 8 15 8 19 8 10 9 1 10 5 10 9 10 11 10 15 10 19 10 10 11 1 12 5 12 15 12 19 12 8 15 10 15 12 15 8 19 10 19 12 19 4 3 10 3 3 4 3 6 3 14 8 17 12 17 14 17
> BAT2 17 6 8 7 10 7 12 7 3 8 7 8 13 8 17 8 3 10 7 10 13 10 17 10 3 12 7 12 13 12 17 12 8 13 10 13 12 13 17 14 10 17
< RES 1637330736 43 2
< GRENADE
> REQ 1637330736 44 2
> VAMPIRE 1 5 5 3 0 2 0
> VAMPIRE 4 3 15 3 0 2 0
> VAMPIRE 3 13 15 3 0 2 0
> VAMPIRE 2 17 5 3 0 2 0
> GRENADE 3 17 13 1 2
> GRENADE 1 3 5 5 2
> GRENADE 4 3 15 5 2
> GRENADE 2 17 5 5 2
> BAT1 12 1 1 4 8 5 10 5 1 6 15 6 1 8 5 8 15 8 19 8 10 9 1 10 5 10 9 10 11 10 15 10 19 10 10 11 1 12 5 12 15 12 19 12 8 15 10 15 12 15 8 19 10 19 12 19 4 3 10 3 3 4 3 6 3 14 8 17 12 17 14 17
> BAT2 17 6 8 7 10 7 12 7 3 8 7 8 13 8 17 8 3 10 7 10 13 10 17 10 3 12 7 12 13 12 17 12 8 13 10 13 12 13 17 14 10 17
< RES 1637330736 44 2
< THROW XR 2
< MOVE L L
> REQ 1637330736 45 2
> VAMPIRE 1 7 5 3 0 2 0
> VAMPIRE 4 5 15 3 0 2 0
> VAMPIRE 3 13 13 3 1 2 0
> VAMPIRE 2 17 3 3 0 2 0
> GRENADE 1 3 5 4 2
> GRENADE 4 3 13 4 2
> GRENADE 2 17 7 4 2
> BAT1 12 1 1 4 8 5 10 5 1 6 15 6 1 8 5 8 15 8 19 8 10 9 1 10 5 10 9 10 11 10 15 10 19 10 10 11 1 12 5 12 15 12 19 12 8 15 10 15 12 15 8 19 10 19 12 19 4 3 10 3 3 4 3 6 17 12 3 14 17 14 8 17 12 17 14 17
> BAT2 17 6 8 7 10 7 12 7 3 8 7 8 13 8 17 8 3 10 7 10 13 10 17 10 3 12 7 12 13 12 8 13 10 13 12 13 10 17
< RES 1637330736 45 2
> REQ 1637330736 46 2
> VAMPIRE 1 7 3 3 0 2 0
> VAMPIRE 4 5 15 3 0 2 0
> VAMPIRE 3 15 13 3 0 2 0
> VAMPIRE 2 17 3 3 0 2 0
> GRENADE 1 3 5 3 2
> GRENADE 4 3 13 3 2
> GRENADE 2 17 7 3 2
> GRENADE 3 13 13 5 2
> BAT1 12 1 1 4 8 5 10 5 1 6 15 6 1 8 5 8 15 8 19 8 10 9 1 10 5 10 9 10 11 10 15 10 19 10 10 11 1 12 5 12 15 12 19 12 8 15 10 15 12 15 8 19 10 19 12 19 4 3 10 3 3 4 3 6 17 12 3 14 17 14 8 17 12 17 14 17
> BAT2 17 6 8 7 10 7 12 7 3 8 7 8 13 8 17 8 3 10 7 10 13 10 17 10 3 12 7 12 13 12 8 13 10 13 12 13 10 17
< RES 1637330736 46 2
> REQ 1637330736 47 2
> VAMPIRE 1 7 3 3 0 2 0
> VAMPIRE 4 5 15 3 0 2 0
> VAMPIRE 3 15 15 3 0 2 0
> VAMPIRE 2 17 3 3 0 2 0
> GRENADE 1 3 5 2 2
> GRENADE 4 3 13 2 2
> GRENADE 2 17 7 2 2
> GRENADE 3 13 13 4 2
> BAT1 12 1 1 4 8 5 10 5 1 6 15 6 1 8 5 8 15 8 19 8 10 9 1 10 5 10 9 10 11 10 15 10 19 10 10 11 1 12 5 12 15 12 19 12 8 15 10 15 12 15 8 19 10 19 12 19 4 3 10 3 3 4 3 6 17 12 3 14 17 14 8 17 12 17 14 17
> BAT2 17 6 8 7 10 7 12 7 3 8 7 8 13 8 17 8 3 10 7 10 13 10 17 10 3 12 7 12 13 12 8 13 10 13 12 13 10 17
< RES 1637330736 47 2
> REQ 1637330736 48 2
> VAMPIRE 1 9 3 3 0 2 0
> VAMPIRE 4 7 15 3 0 2 0
> VAMPIRE 3 15 15 3 0 2 0
> VAMPIRE 2 17 3 3 0 2 0
> GRENADE 1 3 5 1 2
> GRENADE 4 3 13 1 2
> GRENADE 2 17 7 1 2
> GRENADE 3 13 13 3 2
> BAT1 12 1 1 4 8 5 10 5 1 6 15 6 1 8 5 8 15 8 19 8 10 9 1 10 5 10 9 10 11 10 15 10 19 10 10 11 1 12 5 12 15 12 19 12 8 15 10 15 12 15 8 19 10 19 12 19 4 3 10 3 3 4 3 6 17 12 3 14 17 14 8 17 12 17 14 17
> BAT2 17 6 8 7 10 7 12 7 3 8 7 8 13 8 17 8 3 10 7 10 13 10 17 10 3 12 7 12 13 12 8 13 10 13 12 13 10 17
< RES 1637330736 48 2
< MOVE R R
> REQ 1637330736 49 2
> VAMPIRE 1 9 5 3 1 2 0
> VAMPIRE 4 7 13 3 1 2 0
> VAMPIRE 3 15 15 3 0 2 0
> VAMPIRE 2 17 5 3 1 2 0
> GRENADE 3 13 13 2 2
> BAT1 12 1 1 4 8 5 10 5 1 6 15 6 1 8 5 8 15 8 19 8 10 9 1 10 5 10 9 10 11 10 15 10 19 10 10 11 1 12 5 12 15 12 19 12 8 15 10 15 12 15 8 19 10 19 12 19 4 3 10 3 17 6 17 8 3 12 17 12 17 14 8 17 12 17 14 17
> BAT2 8 7 10 7 12 7 3 8 7 8 13 8 3 10 7 10 13 10 17 10 7 12 13 12 8 13 10 13 12 13 10 17
< RES 1637330736 49 2
< GRENADE
> REQ 1637330736 50 2
> VAMPIRE 1 9 3 3 0 2 0
> VAMPIRE 4 5 13 3 0 2 0
> VAMPIRE 3 15 15 3 0 2 0
> VAMPIRE 2 17 5 3 0 2 0
> GRENADE 3 13 13 1 2
> GRENADE 1 9 5 5 2
> GRENADE 4 7 13 5 2
> GRENADE 2 17 5 5 2
> BAT1 12 1 1 4 8 5 10 5 1 6 15 6 1 8 5 8 15 8 19 8 10 9 1 10 5 10 9 10 11 10 15 10 19 10 10 11 1 12 5 12 15 12 19 12 8 15 10 15 12 15 8 19 10 19 12 19 4 3 10 3 17 6 17 8 3 12 17 12 17 14 8 17 12 17 14 17
> BAT2 8 7 10 7 12 7 3 8 7 8 13 8 3 10 7 10 13 10 17 10 7 12 13 12 8 13 10 13 12 13 10 17
< RES 1637330736 50 2
< THROW XR 2
< MOVE L L
> REQ 1637330736 51 2
> VAMPIRE 1 7 3 3 0 2 0
> VAMPIRE 4 5 15 3 0 2 0
> VAMPIRE 3 13 15 3 1 2 0
> VAMPIRE 2 17 3 3 0 2 0
> GRENADE 1 9 5 4 2
> GRENADE 4 7 13 4 2
> GRENADE 2 17 7 4 2
> BAT1 12 1 1 4 8 5 10 5 1 6 15 6 1 8 5 8 15 8 19 8 10 9 1 10 5 10 9 10 11 10 15 10 19 10 10 11 1 12 5 12 15 12 19 12 8 15 10 15 12 15 8 19 10 19 12 19 4 3 10 3 17 6 17 8 3 12 13 12 17 12 12 13 17 14 8 17 12 17 14 17
> BAT2 8 7 10 7 12 7 3 8 7 8 13 8 3 10 7 10 13 10 17 10 7 12 8 13 10 13 10 17
< RES 1637330736 51 2
> REQ 1637330736 52 2
> VAMPIRE 1 7 3 3 0 2 0
> VAMPIRE 4 5 15 3 0 2 0
> VAMPIRE 3 13 15 3 0 2 0
> VAMPIRE 2 17 3 3 0 2 0
> GRENADE 1 9 5 3 2
> GRENADE 4 7 13 3 2
> GRENADE 2 17 7 3 2
> GRENADE 3 13 15 5 2
> BAT1 12 1 1 4 8 5 10 5 1 6 15 6 1 8 5 8 15 8 19 8 10 9 1 10 5 10 9 10 11 10 15 10 19 10 10 11 1 12 5 12 15 12 19 12 8 15 10 15 12 15 8 19 10 19 12 19 4 3 10 3 17 6 17 8 3 12 13 12 17 12 12 13 17 14 8 17 12 17 14 17
> BAT2 8 7 10 7 12 7 3 8 7 8 13 8 3 10 7 10 13 10 17 10 7 12 8 13 10 13 10 17
< RES 1637330736 52 2
> REQ 1637330736 53 2
> VAMPIRE 1 7 3 3 0 2 0
> VAMPIRE 4 5 15 3 0 2 0
> VAMPIRE 3 15 15 3 0 2 0
> VAMPIRE 2 17 3 3 0 2 0
> GRENADE 1 9 5 2 2
> GRENADE 4 7 13 2 2
> GRENADE 2 17 7 2 2
> GRENADE 3 13 13 4 2
> BAT1 12 1 1 4 8 5 10 5 1 6 15 6 1 8 5 8 15 8 19 8 10 9 1 10 5 10 9 10 11 10 15 10 19 10 10 11 1 12 5 12 15 12 19 12 8 15 10 15 12 15 8 19 10 19 12 19 4 3 10 3 17 6 17 8 3 12 13 12 17 12 12 13 17 14 8 17 12 17 14 17
> BAT2 8 7 10 7 12 7 3 8 7 8 13 8 3 10 7 10 13 10 17 10 7 12 8 13 10 13 10 17
< RES 1637330736 53 2
< MOVE U U
> REQ 1637330736 54 2
> VAMPIRE 1 7 5 3 0 2 0
> VAMPIRE 4 5 15 3 0 2 0
> VAMPIRE 3 15 15 3 0 2 0
> VAMPIRE 2 15 3 3 0 2 0
> GRENADE 1 9 5 1 2
> GRENADE 4 7 13 1 2
> GRENADE 2 17 7 1 2
> GRENADE 3 13 13 3 2
> BAT1 12 1 1 4 8 5 10 5 1 6 15 6 1 8 5 8 15 8 19 8 10 9 1 10 5 10 9 10 11 10 15 10 19 10 10 11 1 12 5 12 15 12 19 12 8 15 10 15 12 15 8 19 10 19 12 19 4 3 10 3 17 6 17 8 3 12 13 12 17 12 12 13 17 14 8 17 12 17 14 17
> BAT2 8 7 10 7 12 7 3 8 7 8 13 8 3 10 7 10 13 10 17 10 7 12 8 13 10 13 10 17
< RES 1637330736 54 2
< MOVE R R
> REQ 1637330736 55 2
> VAMPIRE 1 7 7 3 1 2 0
> VAMPIRE 4 7 15 3 1 2 0
> VAMPIRE 3 15 15 3 0 2 0
> VAMPIRE 2 15 5 3 1 2 0
> GRENADE 3 13 13 2 2
> BAT1 12 1 1 4 1 6 15 6 1 8 5 8 15 8 19 8 10 9 1 10 5 10 9 10 11 10 15 10 19 10 10 11 1 12 5 12 15 12 19 12 8 15 10 15 12 15 8 19 10 19 12 19 4 3 10 3 3 12 7 12 13 12 17 12 8 13 12 13 17 14 8 17 12 17 14 17
> BAT2 8 7 10 7 12 7 3 8 7 8 13 8 3 10 7 10 13 10 17 10 10 13 10 17
< RES 1637330736 55 2
< GRENADE
> REQ 1637330736 56 2
> VAMPIRE 1 7 7 3 0 2 0
> VAMPIRE 4 7 15 3 0 2 0
> VAMPIRE 3 15 15 3 0 2 0
> VAMPIRE 2 15 5 3 0 2 0
> GRENADE 3 13 13 1 2
> GRENADE 1 7 7 5 2
> GRENADE 4 7 15 5 2
> GRENADE 2 15 5 5 2
> BAT1 12 1 1 4 1 6 15 6 1 8 5 8 15 8 19 8 10 9 1 10 5 10 9 10 11 10 15 10 19 10 10 11 1 12 5 12 15 12 19 12 8 15 10 15 12 15 8 19 10 19 12 19 4 3 10 3 3 12 7 12 13 12 17 12 8 13 12 13 17 14 8 17 12 17 14 17
> BAT2 8 7 10 7 12 7 3 8 7 8 13 8 3 10 7 10 13 10 17 10 10 13 10 17
< RES 1637330736 56 2
< THROW XR 2
< MOVE U U
> REQ 1637330736 57 2
> VAMPIRE 1 7 5 3 0 2 0
> VAMPIRE 4 5 15 3 0 2 0
> VAMPIRE 3 13 15 3 1 2 0
> VAMPIRE 2 13 5 3 0 2 0
> GRENADE 1 9 7 4 2
> GRENADE 4 7 13 4 2
> GRENADE 2 15 7 4 2
> BAT1 12 1 1 4 1 6 15 6 1 8 5 8 15 8 19 8 10 9 1 10 5 10 9 10 11 10 15 10 19 10 10 11 1 12 5 12 15 12 19 12 8 15 10 15 12 15 8 19 10 19 12 19 4 3 10 3 3 12 7 12 17 12 8 13 17 14 8 17 12 17 14 17
> BAT2 8 7 10 7 12 7 3 8 7 8 13 8 3 10 7 10 13 10 17 10 10 13 10 17
< RES 1637330736 57 2
> REQ 1637330736 58 2
> VAMPIRE 1 7 5 3 0 2 0
> VAMPIRE 4 5 15 3 0 2 0
> VAMPIRE 3 13 15 3 0 2 0
> VAMPIRE 2 13 5 3 0 2 0
> GRENADE 1 9 7 3 2
> GRENADE 4 7 13 3 2
> GRENADE 2 15 7 3 2
> GRENADE 3 13 15 5 2
> BAT1 12 1 1 4 1 6 15 6 1 8 5 8 15 8 19 8 10 9 1 10 5 10 9 10 11 10 15 10 19 10 10 11 1 12 5 12 15 12 19 12 8 15 10 15 12 15 8 19 10 19 12 19 4 3 10 3 3 12 7 12 17 12 8 13 17 14 8 17 12 17 14 17
> BAT2 8 7 10 7 12 7 3 8 7 8 13 8 3 10 7 10 13 10 17 10 10 13 10 17
< RES 1637330736 58 2
> REQ 1637330736 59 2
> VAMPIRE 1 7 5 3 0 2 0
> VAMPIRE 4 5 15 3 0 2 0
> VAMPIRE 3 13 13 3 0 2 0
> VAMPIRE 2 13 5 3 0 2 0
> GRENADE 1 9 7 2 2
> GRENADE 4 7 13 2 2
> GRENADE 2 15 7 2 2
> GRENADE 3 11 15 4 2
> BAT1 12 1 1 4 1 6 15 6 1 8 5 8 15 8 19 8 10 9 1 10 5 10 9 10 11 10 15 10 19 10 10 11 1 12 5 12 15 12 19 12 8 15 10 15 12 15 8 19 10 19 12 19 4 3 10 3 3 12 7 12 17 12 8 13 17 14 8 17 12 17 14 17
> BAT2 8 7 10 7 12 7 3 8 7 8 13 8 3 10 7 10 13 10 17 10 10 13 10 17
< RES 1637330736 59 2
> REQ 1637330736 60 2
> VAMPIRE 1 7 5 3 0 2 0
> VAMPIRE 4 5 15 3 0 2 0
> VAMPIRE 3 13 13 3 0 2 0
> VAMPIRE 2 13 5 3 0 2 0
> GRENADE 1 9 7 1 2
> GRENADE 4 7 13 1 2
> GRENADE 2 15 7 1 2
> GRENADE 3 11 15 3 2
> BAT1 12 1 1 4 1 6 15 6 1 8 5 8 15 8 19 8 10 9 1 10 5 10 9 10 11 10 15 10 19 10 10 11 1 12 5 12 15 12 19 12 8 15 10 15 12 15 8 19 10 19 12 19 4 3 10 3 3 12 7 12 17 12 8 13 17 14 8 17 12 17 14 17
> BAT2 8 7 10 7 12 7 3 8 7 8 13 8 3 10 7 10 13 10 17 10 10 13 10 17
< RES 1637330736 60 2
< MOVE R R
> REQ 1637330736 61 2
> VAMPIRE 1 7 7 3 1 2 0
> VAMPIRE 4 5 13 3 1 2 0
> VAMPIRE 3 13 13 3 0 2 0
> VAMPIRE 2 13 7 3 1 2 0
> GRENADE 3 11 15 2 2
> BAT1 12 1 1 4 1 6 1 8 5 8 19 8 10 9 1 10 5 10 9 10 11 10 15 10 19 10 10 11 1 12 5 12 15 12 19 12 8 15 10 15 12 15 8 19 10 19 12 19 4 3 10 3 8 7 10 7 3 12 17 12 17 14 8 17 12 17 14 17
> BAT2 12 7 3 8 7 8 13 8 3 10 7 10 13 10 17 10 10 13 10 17
< RES 1637330736 61 2
< GRENADE
< MOVE L L
> REQ 1637330736 62 2
> VAMPIRE 1 7 7 3 0 2 0
> VAMPIRE 4 5 13 3 0 2 0
> VAMPIRE 3 13 11 3 0 2 0
> VAMPIRE 2 13 5 3 0 2 0
> GRENADE 3 11 15 1 2
> GRENADE 1 7 7 5 2
> GRENADE 4 5 13 5 2
> GRENADE 2 13 7 5 2
> BAT1 12 1 1 4 1 6 1 8 5 8 19 8 10 9 1 10 5 10 9 10 11 10 15 10 19 10 10 11 1 12 5 12 15 12 19 12 8 15 10 15 12 15 8 19 10 19 12 19 4 3 10 3 8 7 10 7 3 12 17 12 17 14 8 17 12 17 14 17
> BAT2 12 7 3 8 7 8 13 8 3 10 7 10 13 10 17 10 10 13 10 17
< RES 1637330736 62 2
< MOVE U U
> REQ 1637330736 63 2
> VAMPIRE 1 7 5 3 0 2 0
> VAMPIRE 4 7 13 3 0 2 0
> VAMPIRE 3 11 11 3 1 2 0
> VAMPIRE 2 11 5 3 0 2 0
> GRENADE 1 9 7 4 2
> GRENADE 4 5 11 4 2
> GRENADE 2 13 7 4 2
> BAT1 12 1 1 4 1 6 1 8 5 8 19 8 10 9 1 10 5 10 9 10 11 10 15 10 19 10 10 11 1 12 5 12 15 12 19 12 8 15 8 19 10 19 12 19 4 3 10 3 8 7 10 7 3 12 17 12 17 14 8 17 12 17 14 17
> BAT2 12 7 3 8 7 8 13 8 3 10 7 10 13 10 17 10 10 13 10 17
< RES 1637330736 63 2
< MOVE L L
> REQ 1637330736 64 2
> VAMPIRE 1 7 5 3 0 2 0
> VAMPIRE 4 7 13 3 0 2 0
> VAMPIRE 3 13 11 3 0 2 0
> VAMPIRE 2 11 3 3 0 2 0
> GRENADE 1 9 7 3 2
> GRENADE 4 5 11 3 2
> GRENADE 2 13 7 3 2
> GRENADE 3 11 11 5 2
> BAT1 12 1 1 4 1 6 1 8 5 8 19 8 10 9 1 10 5 10 9 10 11 10 15 10 19 10 10 11 1 12 5 12 15 12 19 12 8 15 8 19 10 19 12 19 4 3 10 3 8 7 10 7 3 12 17 12 17 14 8 17 12 17 14 17
> BAT2 12 7 3 8 7 8 13 8 3 10 7 10 13 10 17 10 10 13 10 17
< RES 1637330736 64 2
> REQ 1637330736 65 2
> VAMPIRE 1 7 5 3 0 2 0
> VAMPIRE 4 7 13 3 0 2 0
> VAMPIRE 3 13 13 3 0 2 0
> VAMPIRE 2 11 3 3 0 2 0
> GRENADE 1 9 7 2 2
> GRENADE 4 5 11 2 2
> GRENADE 2 13 7 2 2
> GRENADE 3 11 11 4 2
> BAT1 12 1 1 4 1 6 1 8 5 8 19 8 10 9 1 10 5 10 9 10 11 10 15 10 19 10 10 11 1 12 5 12 15 12 19 12 8 15 8 19 10 19 12 19 4 3 10 3 8 7 10 7 3 12 17 12 17 14 8 17 12 17 14 17
> BAT2 12 7 3 8 7 8 13 8 3 10 7 10 13 10 17 10 10 13 10 17
< RES 1637330736 65 2
< MOVE L L
> REQ 1637330736 66 2
> VAMPIRE 1 7 5 3 0 2 0
> VAMPIRE 4 9 13 3 0 2 0
> VAMPIRE 3 13 13 3 0 2 0
> VAMPIRE 2 11 1 3 0 2 0
> GRENADE 1 9 7 1 2
> GRENADE 4 5 11 1 2
> GRENADE 2 13 7 1 2
> GRENADE 3 11 11 3 2
> BAT1 12 1 1 4 1 6 1 8 5 8 19 8 10 9 1 10 5 10 9 10 11 10 15 10 19 10 10 11 1 12 5 12 15 12 19 12 8 15 8 19 10 19 12 19 4 3 10 3 8 7 10 7 3 12 17 12 17 14 8 17 12 17 14 17
> BAT2 12 7 3 8 7 8 13 8 3 10 7 10 13 10 17 10 10 13 10 17
< RES 1637330736 66 2
< MOVE U
> REQ 1637330736 67 2
> VAMPIRE 1 7 7 3 1 2 0
> VAMPIRE 4 9 12 3 1 2 0
> VAMPIRE 3 13 13 3 0 2 0
> VAMPIRE 2 10 1 3 1 2 0
> GRENADE 3 11 11 2 2
> BAT1 12 1 1 4 1 6 1 8 5 8 19 8 10 9 1 10 9 10 11 10 15 10 19 10 10 11 1 12 15 12 19 12 8 15 8 19 10 19 12 19 4 3 10 3 12 7 13 8 3 12 17 12 17 14 8 17 12 17 14 17
> BAT2 3 8 7 8 3 10 7 10 13 10 17 10 10 13 10 17
< RES 1637330736 67 2
< GRENADE
< MOVE U R
> REQ 1637330736 68 2
> VAMPIRE 1 7 7 3 0 2 0
> VAMPIRE 4 9 12 3 0 2 0
> VAMPIRE 3 13 15 3 0 2 0
> VAMPIRE 2 9 2 3 0 2 0
> GRENADE 3 11 11 1 2
> GRENADE 1 7 7 5 2
> GRENADE 4 9 12 5 2
> GRENADE 2 10 1 5 2
> BAT1 12 1 1 4 1 6 1 8 5 8 19 8 10 9 1 10 9 10 11 10 15 10 19 10 10 11 1 12 15 12 19 12 8 15 8 19 10 19 12 19 4 3 10 3 12 7 13 8 3 12 17 12 17 14 8 17 12 17 14 17
> BAT2 3 8 7 8 3 10 7 10 13 10 17 10 10 13 10 17
< RES 1637330736 68 2
< MOVE R
> REQ 1637330736 69 2
> VAMPIRE 1 9 7 3 0 2 0
> VAMPIRE 4 9 11 3 0 2 0
> VAMPIRE 3 13 17 3 1 2 0
> VAMPIRE 2 9 3 3 0 2 0
> GRENADE 1 7 9 4 2
> GRENADE 4 9 9 4 2
> GRENADE 2 10 1 4 2
> BAT1 12 1 1 4 1 6 1 8 5 8 19 8 10 9 1 10 9 10 15 10 19 10 1 12 15 12 19 12 8 15 8 19 10 19 12 19 4 3 10 3 12 7 13 8 3 12 17 12 17 14 8 17 12 17 14 17
> BAT2 3 8 7 8 3 10 7 10 13 10 17 10 10 13 10 17
< RES 1637330736 69 2
< MOVE U U
> REQ 1637330736 70 2
> VAMPIRE 1 7 7 3 0 2 0
> VAMPIRE 4 11 11 3 0 2 0
> VAMPIRE 3 13 15 3 0 2 0
> VAMPIRE 2 7 3 3 0 2 0
> GRENADE 1 7 9 3 2
> GRENADE 4 9 9 3 2
> GRENADE 2 10 1 3 2
> GRENADE 3 13 17 5 2
> BAT1 12 1 1 4 1 6 1 8 5 8 19 8 10 9 1 10 9 10 15 10 19 10 1 12 15 12 19 12 8 15 8 19 10 19 12 19 4 3 10 3 12 7 13 8 3 12 17 12 17 14 8 17 12 17 14 17
> BAT2 3 8 7 8 3 10 7 10 13 10 17 10 10 13 10 17
< RES 1637330736 70 2
< MOVE U U
> REQ 1637330736 71 2
> VAMPIRE 1 7 7 3 0 2 0
> VAMPIRE 4 11 11 3 0 2 0
> VAMPIRE 3 15 15 3 0 2 0
> VAMPIRE 2 5 3 3 0 2 0
> GRENADE 1 7 9 2 2
> GRENADE 4 9 9 2 2
> GRENADE 2 10 1 2 2
> GRENADE 3 13 17 4 2
> BAT1 12 1 1 4 1 6 1 8 5 8 19 8 10 9 1 10 9 10 15 10 19 10 1 12 15 12 19 12 8 15 8 19 10 19 12 19 4 3 10 3 12 7 13 8 3 12 17 12 17 14 8 17 12 17 14 17
> BAT2 3 8 7 8 3 10 7 10 13 10 17 10 10 13 10 17
< RES 1637330736 71 2
> REQ 1637330736 72 2
> VAMPIRE 1 7 5 3 0 2 0
> VAMPIRE 4 11 9 3 0 2 0
> VAMPIRE 3 15 15 3 0 2 0
> VAMPIRE 2 5 3 3 0 2 0
> GRENADE 1 7 9 1 2
> GRENADE 4 9 9 1 2
> GRENADE 2 10 1 1 2
> GRENADE 3 13 17 3 2
> BAT1 12 1 1 4 1 6 1 8 5 8 19 8 10 9 1 10 9 10 15 10 19 10 1 12 15 12 19 12 8 15 8 19 10 19 12 19 4 3 10 3 12 7 13 8 3 12 17 12 17 14 8 17 12 17 14 17
> BAT2 3 8 7 8 3 10 7 10 13 10 17 10 10 13 10 17
< RES 1637330736 72 2
> REQ 1637330736 73 2
> VAMPIRE 1 7 7 3 1 2 0
> VAMPIRE 4 13 9 3 1 2 0
> VAMPIRE 3 15 15 3 0 2 0
> VAMPIRE 2 5 3 3 1 2 0
> GRENADE 3 13 17 2 2
> BAT1 1 4 1 6 1 8 5 8 19 8 1 10 15 10 19 10 1 12 15 12 19 12 8 15 8 19 10 19 12 19 4 3 10 3 12 7 7 8 13 8 7 10 3 12 17 12 17 14 8 17 12 17 14 17
> BAT2 3 8 3 10 13 10 17 10 10 13 10 17
< RES 1637330736 73 2
< GRENADE
> REQ 1637330736 74 2
> VAMPIRE 1 7 7 3 0 2 0
> VAMPIRE 4 11 9 3 0 2 0
> VAMPIRE 3 15 13 3 0 2 0
> VAMPIRE 2 5 3 3 0 2 0
> GRENADE 3 13 17 1 2
> GRENADE 1 7 7 5 2
> GRENADE 4 13 9 5 2
> GRENADE 2 5 3 5 2
> BAT1 1 4 1 6 1 8 5 8 19 8 1 10 15 10 19 10 1 12 15 12 19 12 8 15 8 19 10 19 12 19 4 3 10 3 12 7 7 8 13 8 7 10 3 12 17 12 17 14 8 17 12 17 14 17
> BAT2 3 8 3 10 13 10 17 10 10 13 10 17
< RES 1637330736 74 2
< THROW XU 3
> REQ 1637330736 75 2
> VAMPIRE 1 7 7 3 0 2 0
> VAMPIRE 4 11 11 3 0 2 0
> VAMPIRE 3 17 13 3 1 2 0
> VAMPIRE 2 5 3 3 0 2 0
> GRENADE 1 7 9 4 2
> GRENADE 4 13 9 4 2
> GRENADE 2 2 3 4 2
> BAT1 1 4 1 6 1 8 5 8 19 8 1 10 15 10 19 10 1 12 15 12 19 12 8 15 8 19 10 19 12 19 4 3 10 3 12 7 7 8 13 8 7 10 3 12 17 12 17 14 8 17
> BAT2 3 8 3 10 13 10 17 10 10 13 10 17
< RES 1637330736 75 2
> REQ 1637330736 76 2
> VAMPIRE 1 9 7 3 0 2 0
> VAMPIRE 4 11 11 3 0 2 0
> VAMPIRE 3 15 13 3 0 2 0
> VAMPIRE 2 5 3 3 0 2 0
> GRENADE 1 7 9 3 2
> GRENADE 4 13 9 3 2
> GRENADE 2 2 3 3 2
> GRENADE 3 17 13 5 2
> BAT1 1 4 1 6 1 8 5 8 19 8 1 10 15 10 19 10 1 12 15 12 19 12 8 15 8 19 10 19 12 19 4 3 10 3 12 7 7 8 13 8 7 10 3 12 17 12 17 14 8 17
> BAT2 3 8 3 10 13 10 17 10 10 13 10 17
< RES 1637330736 76 2
< MOVE D D
> REQ 1637330736 77 2
> VAMPIRE 1 9 7 3 0 2 0
> VAMPIRE 4 11 11 3 0 2 0
> VAMPIRE 3 15 15 3 0 2 0
> VAMPIRE 2 7 3 3 0 2 0
> GRENADE 1 7 9 2 2
> GRENADE 4 13 9 2 2
> GRENADE 2 2 3 2 2
> GRENADE 3 17 13 4 2
> BAT1 1 4 1 6 1 8 5 8 19 8 1 10 15 10 19 10 1 12 15 12 19 12 8 15 8 19 10 19 12 19 4 3 10 3 12 7 7 8 13 8 7 10 3 12 17 12 17 14 8 17
> BAT2 3 8 3 10 13 10 17 10 10 13 10 17
< RES 1637330736 77 2
> REQ 1637330736 78 2
> VAMPIRE 1 9 7 3 0 2 0
> VAMPIRE 4 13 11 3 0 2 0
> VAMPIRE 3 15 15 3 0 2 0
> VAMPIRE 2 7 3 3 0 2 0
> GRENADE 1 7 9 1 2
> GRENADE 4 13 9 1 2
> GRENADE 2 2 3 1 2
> GRENADE 3 17 13 3 2
> BAT1 1 4 1 6 1 8 5 8 19 8 1 10 15 10 19 10 1 12 15 12 19 12 8 15 8 19 10 19 12 19 4 3 10 3 12 7 7 8 13 8 7 10 3 12 17 12 17 14 8 17
> BAT2 3 8 3 10 13 10 17 10 10 13 10 17
< RES 1637330736 78 2
< MOVE D
> REQ 1637330736 79 2
> VAMPIRE 1 10 7 3 1 2 0
> VAMPIRE 4 15 11 3 1 2 0
> VAMPIRE 3 15 15 3 0 2 0
> VAMPIRE 2 8 3 3 1 2 0
> GRENADE 3 17 13 2 2
> BAT1 1 4 1 6 1 8 5 8 19 8 1 10 15 10 19 10 1 12 15 12 19 12 8 15 8 19 10 19 12 19 10 3 12 7 13 10 3 12 17 12 17 14 8 17
> BAT2 3 8 3 10 17 10 10 13 10 17
< RES 1637330736 79 2
< GRENADE
< MOVE U R
> REQ 1637330736 80 2
> VAMPIRE 1 11 6 3 0 2 0
> VAMPIRE 4 13 11 3 0 2 0
> VAMPIRE 3 15 15 3 0 2 0
> VAMPIRE 2 7 4 3 0 2 0
> GRENADE 3 17 13 1 2
> GRENADE 1 10 7 5 2
> GRENADE 4 15 11 5 2
> GRENADE 2 8 3 5 2
> BAT1 1 4 1 6 1 8 5 8 19 8 1 10 15 10 19 10 1 12 15 12 19 12 8 15 8 19 10 19 12 19 10 3 12 7 13 10 3 12 17 12 17 14 8 17
> BAT2 3 8 3 10 17 10 10 13 10 17
< RES 1637330736 80 2
< MOVE R
> REQ 1637330736 81 2
> VAMPIRE 1 11 5 3 0 2 0
> VAMPIRE 4 11 11 3 0 2 0
> VAMPIRE 3 15 14 3 1 2 0
> VAMPIRE 2 7 5 3 0 2 0
> GRENADE 1 10 7 4 2
> GRENADE 4 15 11 4 2
> GRENADE 2 8 3 4 2
> BAT1 1 4 1 6 1 8 5 8 19 8 1 10 15 10 19 10 1 12 15 12 19 12 8 15 8 19 10 19 12 19 10 3 12 7 13 10 3 12 8 17
> BAT2 3 8 3 10 17 10 10 13 10 17
< RES 1637330736 81 2
< MOVE U U
> REQ 1637330736 82 2
> VAMPIRE 1 11 5 3 0 2 0
> VAMPIRE 4 11 11 3 0 2 0
> VAMPIRE 3 15 14 3 0 2 0
> VAMPIRE 2 5 5 3 0 2 0
> GRENADE 1 10 7 3 2
> GRENADE 4 15 11 3 2
> GRENADE 2 8 3 3 2
> GRENADE 3 15 14 5 2
> BAT1 1 4 1 6 1 8 5 8 19 8 1 10 15 10 19 10 1 12 15 12 19 12 8 15 8 19 10 19 12 19 10 3 12 7 13 10 3 12 8 17
> BAT2 3 8 3 10 17 10 10 13 10 17
< RES 1637330736 82 2
> REQ 1637330736 83 2
> VAMPIRE 1 11 5 3 0 2 0
> VAMPIRE 4 11 11 3 0 2 0
> VAMPIRE 3 15 13 3 0 2 0
> VAMPIRE 2 5 5 3 0 2 0
> GRENADE 1 10 7 2 2
> GRENADE 4 15 11 2 2
> GRENADE 2 8 3 2 2
> GRENADE 3 15 11 4 2
> BAT1 1 4 1 6 1 8 5 8 19 8 1 10 15 10 19 10 1 12 15 12 19 12 8 15 8 19 10 19 12 19 10 3 12 7 13 10 3 12 8 17
> BAT2 3 8 3 10 17 10 10 13 10 17
< RES 1637330736 83 2
< MOVE U U
> REQ 1637330736 84 2
> VAMPIRE 1 13 5 3 0 2 0
> VAMPIRE 4 11 11 3 0 2 0
> VAMPIRE 3 17 13 3 0 2 0
> VAMPIRE 2 3 5 3 0 2 0
> GRENADE 1 10 7 1 2
> GRENADE 4 15 11 1 2
> GRENADE 2 8 3 1 2
> GRENADE 3 15 11 3 2
> BAT1 1 4 1 6 1 8 5 8 19 8 1 10 15 10 19 10 1 12 15 12 19 12 8 15 8 19 10 19 12 19 10 3 12 7 13 10 3 12 8 17
> BAT2 3 8 3 10 17 10 10 13 10 17
< RES 1637330736 84 2
< MOVE U U
> REQ 1637330736 85 2
> VAMPIRE 1 13 7 3 1 2 0
> VAMPIRE 4 13 11 3 1 2 0
> VAMPIRE 3 17 11 3 1 2 0
> VAMPIRE 2 1 5 3 1 2 0
> BAT1 1 4 1 6 1 8 5 8 19 8 1 10 19 10 1 12 19 12 8 15 8 19 10 19 12 19 13 10 3 12 8 17
> BAT2 3 8 3 10 17 10 10 13 10 17
< RES 1637330736 85 2
< GRENADE
> REQ 1637330736 86 2
> VAMPIRE 1 13 8 3 1 2 0
> VAMPIRE 4 11 11 3 0 2 0
> VAMPIRE 3 17 11 3 0 2 0
> VAMPIRE 2 1 5 3 0 2 0
> GRENADE 4 13 11 5 2
> GRENADE 3 17 11 5 2
> GRENADE 2 1 5 5 2
> BAT1 1 4 1 6 1 8 5 8 19 8 1 10 19 10 1 12 19 12 8 15 8 19 10 19 12 19 13 10 3 12 8 17
> BAT2 3 8 3 10 17 10 10 13 10 17
< RES 1637330736 86 2
< THROW XR 2
< MOVE D D
> REQ 1637330736 87 2
> VAMPIRE 1 14 9 3 0 2 0
> VAMPIRE 4 9 11 3 0 2 0
> VAMPIRE 3 17 13 3 0 2 0
> VAMPIRE 2 3 5 3 0 2 0
> GRENADE 4 13 11 4 2
> GRENADE 3 19 11 4 2
> GRENADE 2 1 7 4 2
> GRENADE 1 13 8 5 2
> BAT1 1 4 1 6 1 8 5 8 19 8 1 10 19 10 1 12 19 12 8 15 8 19 10 19 12 19 13 10 3 12 8 17
> BAT2 3 8 3 10 17 10 10 13 10 17
< RES 1637330736 87 2
> REQ 1637330736 88 2
> VAMPIRE 1 15 9 3 0 2 0
> VAMPIRE 4 9 11 3 0 2 0
> VAMPIRE 3 17 13 3 0 2 0
> VAMPIRE 2 3 5 3 0 2 0
> GRENADE 4 13 11 3 2
> GRENADE 3 19 11 3 2
> GRENADE 2 1 7 3 2
> GRENADE 1 13 8 4 2
> BAT1 1 4 1 6 1 8 5 8 19 8 1 10 19 10 1 12 19 12 8 15 8 19 10 19 12 19 13 10 3 12 8 17
> BAT2 3 8 3 10 17 10 10 13 10 17
< RES 1637330736 88 2
> REQ 1637330736 89 2
> VAMPIRE 1 15 9 3 0 2 0
> VAMPIRE 4 9 11 3 0 2 0
> VAMPIRE 3 17 13 3 0 2 0
> VAMPIRE 2 3 5 3 0 2 0
> GRENADE 4 13 11 2 2
> GRENADE 3 19 11 2 2
> GRENADE 2 1 7 2 2
> GRENADE 1 13 8 3 2
> BAT1 1 4 1 6 1 8 5 8 19 8 1 10 19 10 1 12 19 12 8 15 8 19 10 19 12 19 13 10 3 12 8 17
> BAT2 3 8 3 10 17 10 10 13 10 17
< RES 1637330736 89 2
< MOVE L L
> REQ 1637330736 90 2
> VAMPIRE 1 15 9 3 0 2 0
> VAMPIRE 4 9 13 3 0 2 0
> VAMPIRE 3 17 13 3 0 2 0
> VAMPIRE 2 3 3 3 0 2 0
> GRENADE 4 13 11 1 2
> GRENADE 3 19 11 1 2
> GRENADE 2 1 7 1 2
> GRENADE 1 13 8 2 2
> BAT1 1 4 1 6 1 8 5 8 19 8 1 10 19 10 1 12 19 12 8 15 8 19 10 19 12 19 13 10 3 12 8 17
> BAT2 3 8 3 10 17 10 10 13 10 17
< RES 1637330736 90 2
< MOVE U U
> REQ 1637330736 91 2
> VAMPIRE 1 17 9 3 0 2 0
> VAMPIRE 4 8 13 3 1 2 0
> VAMPIRE 3 17 12 3 1 2 0
> VAMPIRE 2 1 3 3 1 2 0
> GRENADE 1 13 8 1 2
> BAT1 1 4 5 8 19 8 1 10 1 12 8 15 8 19 10 19 12 19 3 12 8 17
> BAT2 3 8 3 10 17 10 10 13 10 17
< RES 1637330736 91 2
< MOVE L
> REQ 1637330736 92 2
> VAMPIRE 1 17 8 3 1 2 0
> VAMPIRE 4 9 12 3 0 2 0
> VAMPIRE 3 16 11 3 0 2 0
> VAMPIRE 2 1 2 3 1 2 0
> GRENADE 4 8 13 5 2
> GRENADE 3 17 12 5 2
> BAT1 1 4 5 8 19 8 1 10 1 12 8 15 8 19 10 19 12 19 3 12 8 17
> BAT2 3 8 3 10 17 10 10 13 10 17
< RES 1637330736 92 2
< GRENADE
< MOVE R D
> REQ 1637330736 93 2
> VAMPIRE 1 16 7 3 0 2 0
> VAMPIRE 4 9 11 3 0 2 0
> VAMPIRE 3 15 11 3 0 2 0
> VAMPIRE 2 2 3 3 0 2 0
> GRENADE 4 8 13 4 2
> GRENADE 3 17 12 4 2
> GRENADE 1 17 8 5 2
> GRENADE 2 1 2 5 2
> BAT1 1 4 5 8 19 8 1 10 1 12 8 15 8 19 10 19 12 19 3 12 8 17
> BAT2 3 8 3 10 17 10 10 13 10 17
< RES 1637330736 93 2
< MOVE D
> REQ 1637330736 94 2
> VAMPIRE 1 16 7 3 0 2 0
> VAMPIRE 4 9 11 3 0 2 0
> VAMPIRE 3 15 11 3 0 2 0
> VAMPIRE 2 3 3 3 0 2 0
> GRENADE 4 8 13 3 2
> GRENADE 3 17 12 3 2
> GRENADE 1 17 8 4 2
> GRENADE 2 1 2 4 2
> BAT1 1 4 5 8 19 8 1 10 1 12 8 15 8 19 10 19 12 19 3 12 8 17
> BAT2 3 8 3 10 17 10 10 13 10 17
< RES 1637330736 94 2
> REQ 1637330736 95 2
> VAMPIRE 1 16 7 3 0 2 0
> VAMPIRE 4 9 11 3 0 2 0
> VAMPIRE 3 15 11 3 0 2 0
> VAMPIRE 2 3 3 3 0 2 0
> GRENADE 4 8 13 2 2
> GRENADE 3 17 12 2 2
> GRENADE 1 17 8 3 2
> GRENADE 2 1 2 3 2
> BAT1 1 4 5 8 19 8 1 10 1 12 8 15 8 19 10 19 12 19 3 12 8 17
> BAT2 3 8 3 10 17 10 10 13 10 17
< RES 1637330736 95 2
> REQ 1637330736 96 2
> VAMPIRE 1 16 7 3 0 2 0
> VAMPIRE 4 9 11 3 0 2 0
> VAMPIRE 3 15 11 3 0 2 0
> VAMPIRE 2 3 3 3 0 2 0
> GRENADE 4 8 13 1 2
> GRENADE 3 17 12 1 2
> GRENADE 1 17 8 2 2
> GRENADE 2 1 2 2 2
> BAT1 1 4 5 8 19 8 1 10 1 12 8 15 8 19 10 19 12 19 3 12 8 17
> BAT2 3 8 3 10 17 10 10 13 10 17
< RES 1637330736 96 2
< MOVE R R
> REQ 1637330736 97 2
> VAMPIRE 1 16 7 3 0 2 0
> VAMPIRE 4 9 13 3 1 2 0
> VAMPIRE 3 15 11 3 1 2 0
> VAMPIRE 2 3 5 3 0 2 0
> GRENADE 1 17 8 1 2
> GRENADE 2 1 2 1 2
> BAT1 1 4 5 8 19 8 1 10 1 12 8 15 8 19 10 19 12 19 17 10 3 12 10 13 8 17
> BAT2 3 8 3 10 10 17
< RES 1637330736 97 2
< MOVE R R
> REQ 1637330736 98 2
> VAMPIRE 1 18 7 3 1 2 0
> VAMPIRE 4 7 13 3 0 2 0
> VAMPIRE 3 13 11 3 1 2 0
> VAMPIRE 2 3 7 3 1 2 0
> GRENADE 4 9 13 5 2
> BAT1 5 8 19 8 1 10 1 12 8 15 8 19 10 19 12 19 3 12 10 13 8 17
> BAT2 3 8 3 10 10 17
< RES 1637330736 98 2
< GRENADE
> REQ 1637330736 99 2
> VAMPIRE 1 19 6 3 1 2 0
> VAMPIRE 4 5 13 3 0 2 0
> VAMPIRE 3 13 13 3 1 2 0
> VAMPIRE 2 3 7 3 0 2 0
> GRENADE 4 9 13 4 2
> GRENADE 2 3 7 5 2
> BAT1 5 8 19 8 1 10 1 12 8 15 8 19 10 19 12 19 3 12 10 13 8 17
> BAT2 3 8 3 10 10 17
< RES 1637330736 99 2
< THROW XR 2
> REQ 1637330736 100 2
> VAMPIRE 1 18 7 3 0 2 0
> VAMPIRE 4 5 13 3 0 2 0
> VAMPIRE 3 12 13 3 1 2 0
> VAMPIRE 2 3 7 3 0 2 0
> GRENADE 4 9 13 3 2
> GRENADE 2 3 9 4 2
> GRENADE 1 19 6 5 2
> BAT1 5 8 19 8 1 10 1 12 8 15 8 19 10 19 12 19 3 12 10 13 8 17
> BAT2 3 8 3 10 10 17
< RES 1637330736 100 2
< MOVE L L
> REQ 1637330736 101 2
> VAMPIRE 1 17 7 3 0 2 0
> VAMPIRE 4 5 13 3 0 2 0
> VAMPIRE 3 12 13 3 0 2 0
> VAMPIRE 2 3 5 3 0 2 0
> GRENADE 4 9 13 2 2
> GRENADE 2 3 9 3 2
> GRENADE 1 19 6 4 2
> GRENADE 3 12 13 5 2
> BAT1 5 8 19 8 1 10 1 12 8 15 8 19 10 19 12 19 3 12 10 13 8 17
> BAT2 3 8 3 10 10 17
< RES 1637330736 101 2
> REQ 1637330736 102 2
> VAMPIRE 1 17 7 3 0 2 0
> VAMPIRE 4 5 11 3 0 2 0
> VAMPIRE 3 11 14 3 0 2 0
> VAMPIRE 2 3 5 3 0 2 0
> GRENADE 4 9 13 1 2
> GRENADE 2 3 9 2 2
> GRENADE 1 19 6 3 2
> GRENADE 3 9 13 4 2
> BAT1 5 8 19 8 1 10 1 12 8 15 8 19 10 19 12 19 3 12 10 13 8 17
> BAT2 3 8 3 10 10 17
< RES 1637330736 102 2
< MOVE D D
> REQ 1637330736 103 2
> VAMPIRE 1 17 7 3 0 2 0
> VAMPIRE 4 3 11 3 1 2 0
> VAMPIRE 3 10 15 3 1 2 0
> VAMPIRE 2 5 5 3 0 2 0
> GRENADE 2 3 9 1 2
> GRENADE 1 19 6 2 2
> BAT1 5 8 19 8 1 10 1 12 8 15 8 19 10 19 12 19 3 12 8 17
> BAT2 3 8 3 10 10 17
< RES 1637330736 103 2
< MOVE R
> REQ 1637330736 104 2
> VAMPIRE 1 17 7 3 0 2 0
> VAMPIRE 4 3 11 3 0 2 0
> VAMPIRE 3 9 14 3 0 2 0
> VAMPIRE 2 5 6 3 1 2 0
> GRENADE 1 19 6 1 2
> GRENADE 4 3 11 5 2
> GRENADE 3 10 15 5 2
> BAT1 5 8 19 8 1 10 1 12 8 15 8 19 10 19 12 19 3 8 3 10 3 12 8 17
> BAT2 10 17
< RES 1637330736 104 2
< GRENADE
> REQ 1637330736 105 2
> VAMPIRE 1 15 7 3 1 2 0
> VAMPIRE 4 3 11 3 0 2 0
> VAMPIRE 3 9 13 3 0 2 0
> VAMPIRE 2 5 6 3 0 2 0
> GRENADE 4 1 11 4 2
> GRENADE 3 10 15 4 2
> GRENADE 2 5 6 5 2
> BAT1 5 8 1 10 1 12 8 15 8 19 10 19 12 19 3 8 3 10 3 12 8 17
> BAT2 10 17
< RES 1637330736 105 2
< THROW XU 2
< MOVE L
> REQ 1637330736 106 2
> VAMPIRE 1 13 7 3 1 2 0
> VAMPIRE 4 5 11 3 0 2 0
> VAMPIRE 3 9 13 3 0 2 0
> VAMPIRE 2 5 5 3 0 2 0
> GRENADE 4 1 11 3 2
> GRENADE 3 10 15 3 2
> GRENADE 2 3 6 4 2
> BAT1 5 8 1 10 1 12 8 15 8 19 10 19 12 19 3 8 3 10 3 12 8 17
> BAT2 10 17
< RES 1637330736 106 2
< MOVE U U
> REQ 1637330736 107 2
> VAMPIRE 1 11 7 3 1 2 0
> VAMPIRE 4 5 11 3 0 2 0
> VAMPIRE 3 9 13 3 0 2 0
> VAMPIRE 2 3 5 3 0 2 0
> GRENADE 4 1 11 2 2
> GRENADE 3 10 15 2 2
> GRENADE 2 3 6 3 2
> BAT1 5 8 1 10 1 12 8 15 8 19 10 19 12 19 3 8 3 10 3 12 8 17
> BAT2 10 17
< RES 1637330736 107 2
< THROW R 3
> REQ 1637330736 108 2
> VAMPIRE 1 9 7 3 1 2 0
> VAMPIRE 4 5 11 3 0 2 0
> VAMPIRE 3 9 13 3 0 2 0
> VAMPIRE 2 3 5 3 0 2 0
> GRENADE 4 1 11 1 2
> GRENADE 3 10 15 1 2
> GRENADE 2 3 9 2 2
> BAT1 5 8 1 10 1 12 8 15 8 19 10 19 12 19 3 8 3 10 3 12 8 17
> BAT2 10 17
< RES 1637330736 108 2
< MOVE D D
> REQ 1637330736 109 2
> VAMPIRE 1 7 7 3 1 2 0
> VAMPIRE 4 3 11 3 1 2 0
> VAMPIRE 3 9 15 3 1 2 0
> VAMPIRE 2 5 5 3 0 2 0
> GRENADE 2 3 9 1 2
> BAT1 5 8 8 19 10 19 12 19 3 8 3 10 3 12 8 17
> BAT2 10 17
< RES 1637330736 109 2
< MOVE R R
> REQ 1637330736 110 2
> VAMPIRE 1 5 7 3 1 2 0
> VAMPIRE 4 5 11 3 0 2 0
> VAMPIRE 3 9 17 3 1 2 0
> VAMPIRE 2 5 7 3 1 2 0
> GRENADE 4 3 11 5 2
> BAT1 5 8 8 19 10 19 12 19 3 12 8 17
> BAT2 10 17
< RES 1637330736 110 2
< GRENADE
< MOVE D D
> REQ 1637330736 111 2
> VAMPIRE 1 7 7 3 0 2 0
> VAMPIRE 4 5 13 3 0 2 0
> VAMPIRE 3 9 15 3 0 2 0
> VAMPIRE 2 7 7 3 0 2 0
> GRENADE 4 3 11 4 2
> GRENADE 1 5 7 5 2
> GRENADE 3 9 17 5 2
> GRENADE 2 5 7 5 2
> BAT1 5 8 8 19 10 19 12 19 3 12 8 17
> BAT2 10 17
< RES 1637330736 111 2
< MOVE R R
> REQ 1637330736 112 2
> VAMPIRE 1 7 9 3 0 2 0
> VAMPIRE 4 5 13 3 0 2 0
> VAMPIRE 3 9 16 3 0 2 0
> VAMPIRE 2 7 9 3 0 2 0
> GRENADE 4 3 11 3 2
> GRENADE 1 5 7 4 2
> GRENADE 3 9 17 4 2
> GRENADE 2 5 7 4 2
> BAT1 5 8 8 19 10 19 12 19 3 12 8 17
> BAT2 10 17
< RES 1637330736 112 2
> REQ 1637330736 113 2
> VAMPIRE 1 7 9 3 0 2 0
> VAMPIRE 4 5 13 3 0 2 0
> VAMPIRE 3 9 15 3 0 2 0
> VAMPIRE 2 7 9 3 0 2 0
> GRENADE 4 3 11 2 2
> GRENADE 1 5 7 3 2
> GRENADE 3 9 19 3 2
> GRENADE 2 5 7 3 2
> BAT1 5 8 8 19 10 19 12 19 3 12 8 17
> BAT2 10 17
< RES 1637330736 113 2
> REQ 1637330736 114 2
> VAMPIRE 1 7 9 3 0 2 0
> VAMPIRE 4 5 13 3 0 2 0
> VAMPIRE 3 9 15 3 0 2 0
> VAMPIRE 2 7 9 3 0 2 0
> GRENADE 4 3 11 1 2
> GRENADE 1 5 7 2 2
> GRENADE 3 9 19 2 2
> GRENADE 2 5 7 2 2
> BAT1 5 8 8 19 10 19 12 19 3 12 8 17
> BAT2 10 17
< RES 1637330736 114 2
< MOVE R R
> REQ 1637330736 115 2
> VAMPIRE 1 7 9 3 0 2 0
> VAMPIRE 4 5 15 3 1 2 0
> VAMPIRE 3 9 15 3 0 2 0
> VAMPIRE 2 7 11 3 0 2 0
> GRENADE 1 5 7 1 2
> GRENADE 3 9 19 1 2
> GRENADE 2 5 7 1 2
> BAT1 5 8 8 19 10 19 12 19 8 17
> BAT2 10 17
< RES 1637330736 115 2
< MOVE R R
> REQ 1637330736 116 2
> VAMPIRE 1 9 9 3 1 2 0
> VAMPIRE 4 5 17 3 1 2 0
> VAMPIRE 3 9 17 3 1 2 0
> VAMPIRE 2 7 13 3 1 2 0
> BAT1 12 19 8 17
> BAT2 10 17
< RES 1637330736 116 2
< MOVE R R
> REQ 1637330736 117 2
> VAMPIRE 1 9 11 3 1 2 0
> VAMPIRE 4 6 17 3 1 2 0
> VAMPIRE 3 9 15 3 0 2 0
> VAMPIRE 2 7 15 3 1 2 0
> GRENADE 3 9 17 5 2
> BAT1 12 19 8 17
> BAT2 10 17
< RES 1637330736 117 2
< MOVE D D
> REQ 1637330736 118 2
> VAMPIRE 1 9 13 3 1 2 0
> VAMPIRE 4 6 17 3 0 2 0
> VAMPIRE 3 11 15 3 0 2 0
> VAMPIRE 2 9 15 3 1 2 0
> GRENADE 3 9 17 4 2
> GRENADE 4 6 17 5 2
> BAT1 12 19 8 17
> BAT2 10 17
< RES 1637330736 118 2
< GRENADE
< MOVE D D
> REQ 1637330736 119 2
> VAMPIRE 1 9 13 3 0 2 0
> VAMPIRE 4 7 17 3 0 2 0
> VAMPIRE 3 13 15 3 0 2 0
> VAMPIRE 2 11 15 3 0 2 0
> GRENADE 3 9 17 3 2
> GRENADE 4 9 17 4 2
> GRENADE 1 9 13 5 2
> GRENADE 2 9 15 5 2
> BAT1 12 19 8 17
> BAT2 10 17
< RES 1637330736 119 2
< MOVE R R
> REQ 1637330736 120 2
> VAMPIRE 1 10 13 3 0 2 0
> VAMPIRE 4 7 19 3 0 2 0
> VAMPIRE 3 13 17 3 0 2 0
> VAMPIRE 2 11 17 3 0 2 0
> GRENADE 3 9 17 2 2
> GRENADE 4 9 17 3 2
> GRENADE 1 9 16 4 2
> GRENADE 2 9 15 4 2
> BAT1 12 19 8 17
> BAT2 10 17
< RES 1637330736 120 2
< MOVE R R
> REQ 1637330736 121 2
> VAMPIRE 1 11 13 3 0 2 0
> VAMPIRE 4 8 19 3 0 2 0
> VAMPIRE 3 11 17 3 0 2 0
> VAMPIRE 2 11 19 3 0 2 0
> GRENADE 3 9 17 1 2
> GRENADE 4 9 17 2 2
> GRENADE 1 9 16 3 2
> GRENADE 2 9 15 3 2
> BAT1 12 19 8 17
> BAT2 10 17
< RES 1637330736 121 2
> REQ 1637330736 122 2
> VAMPIRE 1 11 15 3 1 2 0
> VAMPIRE 4 8 19 3 1 2 0
> VAMPIRE 3 12 17 3 1 2 0
> VAMPIRE 2 11 19 3 1 2 0
> BAT1 12 19 10 17
< RES 1637330736 122 2
< GRENADE
> REQ 1637330736 123 2
> VAMPIRE 1 11 17 3 1 2 0
> VAMPIRE 4 10 19 3 1 2 0
> VAMPIRE 3 13 18 3 0 2 0
> VAMPIRE 2 11 19 3 0 2 0
> GRENADE 3 12 17 5 2
> GRENADE 2 11 19 5 2
> BAT1 12 19 10 17
< RES 1637330736 123 2
> REQ 1637330736 124 2
> VAMPIRE 1 11 15 3 0 2 0
> VAMPIRE 4 9 18 3 0 2 0
> VAMPIRE 3 13 16 3 0 2 0
> VAMPIRE 2 11 19 3 0 2 0
> GRENADE 3 12 17 4 2
> GRENADE 2 11 19 4 2
> GRENADE 1 11 17 5 2
> GRENADE 4 10 19 5 2
> BAT1 12 19 10 17
< RES 1637330736 124 2
> REQ 1637330736 125 2
> VAMPIRE 1 11 13 3 0 2 0
> VAMPIRE 4 8 17 3 0 2 0
> VAMPIRE 3 13 18 3 0 2 0
> VAMPIRE 2 11 19 3 0 2 0
> GRENADE 3 12 17 3 2
> GRENADE 2 11 19 3 2
> GRENADE 1 11 17 4 2
> GRENADE 4 10 19 4 2
> BAT1 12 19 10 17
< RES 1637330736 125 2
> REQ 1637330736 126 2
> VAMPIRE 1 9 13 3 0 2 0
> VAMPIRE 4 7 17 3 0 2 0
> VAMPIRE 3 13 16 3 0 2 0
> VAMPIRE 2 11 19 3 0 2 0
> GRENADE 3 12 17 2 2
> GRENADE 2 11 19 2 2
> GRENADE 1 11 17 3 2
> GRENADE 4 10 19 3 2
> BAT1 12 19 10 17
< RES 1637330736 126 2
> REQ 1637330736 127 2
> VAMPIRE 1 9 13 3 0 2 0
> VAMPIRE 4 7 17 3 0 2 0
> VAMPIRE 3 13 15 3 0 2 0
> VAMPIRE 2 11 19 3 0 2 0
> GRENADE 3 12 17 1 2
> GRENADE 2 11 19 1 2
> GRENADE 1 11 17 2 2
> GRENADE 4 10 19 2 2
> BAT1 12 19 10 17
< RES 1637330736 127 2
< THROW XU 3
> REQ 1637330736 128 2
> VAMPIRE 1 9 13 3 1 2 0
> VAMPIRE 4 7 17 3 1 2 0
> VAMPIRE 3 13 15 3 1 2 0
> VAMPIRE 2 11 19 2 1 2 0
< RES 1637330736 128 2
< MOVE L L
> REQ 1637330736 129 2
> VAMPIRE 1 9 13 3 1 2 0
> VAMPIRE 4 7 17 3 1 2 0
> VAMPIRE 3 13 15 3 1 2 0
> VAMPIRE 2 11 17 2 1 2 0
< RES 1637330736 129 2
> REQ 1637330736 130 2
> VAMPIRE 1 9 13 3 1 2 0
> VAMPIRE 4 7 17 3 1 2 0
> VAMPIRE 3 13 15 3 1 2 0
> VAMPIRE 2 11 17 2 1 2 0
< RES 1637330736 130 2
> REQ 1637330736 131 2
> VAMPIRE 1 9 13 3 1 2 0
> VAMPIRE 4 7 17 3 1 2 0
> VAMPIRE 3 13 15 3 1 2 0
> VAMPIRE 2 11 17 2 1 2 0
< RES 1637330736 131 2
> REQ 1637330736 132 2
> VAMPIRE 1 9 13 3 1 2 0
> VAMPIRE 4 7 17 3 1 2 0
> VAMPIRE 3 13 15 3 1 2 0
> VAMPIRE 2 11 17 2 1 2 0
< RES 1637330736 132 2
> REQ 1637330736 133 2
> VAMPIRE 1 9 13 3 1 2 0
> VAMPIRE 4 7 17 3 1 2 0
> VAMPIRE 3 13 15 3 1 2 0
> VAMPIRE 2 11 17 2 1 2 0
< RES 1637330736 133 2
> REQ 1637330736 134 2
> VAMPIRE 1 9 13 3 1 2 0
> VAMPIRE 4 7 17 3 1 2 0
> VAMPIRE 3 13 15 3 1 2 0
> VAMPIRE 2 11 17 2 1 2 0
< RES 1637330736 134 2
> REQ 1637330736 135 2
> VAMPIRE 1 9 13 3 1 2 0
> VAMPIRE 4 7 17 3 1 2 0
> VAMPIRE 3 13 15 3 1 2 0
> VAMPIRE 2 11 17 2 1 2 0
< RES 1637330736 135 2
> REQ 1637330736 136 2
> VAMPIRE 1 9 13 3 1 2 0
> VAMPIRE 4 7 17 3 1 2 0
> VAMPIRE 3 13 15 3 1 2 0
> VAMPIRE 2 11 17 2 1 2 0
< RES 1637330736 136 2
> REQ 1637330736 137 2
> VAMPIRE 1 9 13 3 1 2 0
> VAMPIRE 4 7 17 3 1 2 0
> VAMPIRE 3 13 15 3 1 2 0
> VAMPIRE 2 11 17 2 1 2 0
< RES 1637330736 137 2
> REQ 1637330736 138 2
> VAMPIRE 1 9 13 3 1 2 0
> VAMPIRE 4 7 17 3 1 2 0
> VAMPIRE 3 13 15 3 1 2 0
> VAMPIRE 2 11 17 2 1 2 0
< RES 1637330736 138 2
> REQ 1637330736 139 2
> VAMPIRE 1 9 13 3 1 2 0
> VAMPIRE 4 7 17 3 1 2 0
> VAMPIRE 3 13 15 3 1 2 0
> VAMPIRE 2 11 17 2 1 2 0
< RES 1637330736 139 2
> REQ 1637330736 140 2
> VAMPIRE 1 9 13 3 1 2 0
> VAMPIRE 4 7 17 3 1 2 0
> VAMPIRE 3 13 15 3 1 2 0
> VAMPIRE 2 11 17 2 1 2 0
< RES 1637330736 140 2
> REQ 1637330736 141 2
> VAMPIRE 1 9 13 3 1 2 0
> VAMPIRE 4 7 17 3 1 2 0
> VAMPIRE 3 13 15 3 1 2 0
> VAMPIRE 2 11 17 2 1 2 0
< RES 1637330736 141 2
> REQ 1637330736 142 2
> VAMPIRE 1 9 13 3 1 2 0
> VAMPIRE 4 7 17 3 1 2 0
> VAMPIRE 3 13 15 3 1 2 0
> VAMPIRE 2 11 17 2 1 2 0
< RES 1637330736 142 2
> REQ 1637330736 143 2
> VAMPIRE 1 9 13 3 1 2 0
> VAMPIRE 4 7 17 3 1 2 0
> VAMPIRE 3 13 15 3 1 2 0
> VAMPIRE 2 11 17 2 1 2 0
< RES 1637330736 143 2
> REQ 1637330736 144 2
> VAMPIRE 1 9 13 3 1 2 0
> VAMPIRE 4 7 17 3 1 2 0
> VAMPIRE 3 13 15 3 1 2 0
> VAMPIRE 2 11 17 2 1 2 0
< RES 1637330736 144 2
> REQ 1637330736 145 2
> VAMPIRE 1 9 13 3 1 2 0
> VAMPIRE 4 7 17 3 1 2 0
> VAMPIRE 3 13 15 3 1 2 0
> VAMPIRE 2 11 17 2 1 2 0
< RES 1637330736 145 2
> REQ 1637330736 146 2
> VAMPIRE 1 9 13 3 1 2 0
> VAMPIRE 4 7 17 3 1 2 0
> VAMPIRE 3 13 15 3 1 2 0
> VAMPIRE 2 11 17 2 1 2 0
< RES 1637330736 146 2
> REQ 1637330736 147 2
> VAMPIRE 1 9 13 3 1 2 0
> VAMPIRE 4 7 17 3 1 2 0
> VAMPIRE 3 13 15 3 1 2 0
> VAMPIRE 2 11 17 2 1 2 0
< RES 1637330736 147 2
> REQ 1637330736 148 2
> VAMPIRE 1 9 13 3 1 2 0
> VAMPIRE 4 7 17 3 1 2 0
> VAMPIRE 3 13 15 3 1 2 0
> VAMPIRE 2 11 17 2 1 2 0
> POWERUP GRENADE -5 10 13 6
> POWERUP GRENADE -5 10 7 6
< RES 1637330736 148 2
< MOVE L L
> REQ 1637330736 149 2
> VAMPIRE 1 10 13 3 1 2 0
> VAMPIRE 4 9 17 3 1 2 0
> VAMPIRE 3 11 15 3 1 2 0
> VAMPIRE 2 11 15 2 1 2 0
> POWERUP GRENADE -4 10 13 6
> POWERUP GRENADE -4 10 7 6
< RES 1637330736 149 2
< MOVE L L
> REQ 1637330736 150 2
> VAMPIRE 1 10 13 3 1 2 0
> VAMPIRE 4 9 15 3 1 2 0
> VAMPIRE 3 11 13 3 1 2 0
> VAMPIRE 2 11 13 2 1 2 0
> POWERUP GRENADE -3 10 13 6
> POWERUP GRENADE -3 10 7 6
< RES 1637330736 150 2
< MOVE U
> REQ 1637330736 151 2
> VAMPIRE 1 10 13 3 0 2 0
> VAMPIRE 4 9 13 3 1 2 0
> VAMPIRE 3 11 13 3 1 2 0
> VAMPIRE 2 11 13 2 1 2 0
> GRENADE 1 10 13 5 2
> POWERUP GRENADE -2 10 13 6
> POWERUP GRENADE -2 10 7 6
< RES 1637330736 151 2
< GRENADE
< MOVE L L
> REQ 1637330736 152 2
> VAMPIRE 1 10 13 3 0 2 0
> VAMPIRE 4 9 11 3 1 2 0
> VAMPIRE 3 11 11 3 1 2 0
> VAMPIRE 2 11 11 2 0 2 0
> GRENADE 1 10 13 4 2
> GRENADE 2 11 13 5 2
> POWERUP GRENADE -1 10 13 6
> POWERUP GRENADE -1 10 7 6
< RES 1637330736 152 2
< MOVE L L
> REQ 1637330736 153 2
> VAMPIRE 1 10 13 3 0 2 0
> VAMPIRE 4 9 9 3 1 2 0
> VAMPIRE 3 11 9 3 1 2 0
> VAMPIRE 2 11 9 2 0 2 0
> GRENADE 1 10 11 3 2
> GRENADE 2 11 13 4 2
> POWERUP GRENADE 12 10 13 6
> POWERUP GRENADE 12 10 7 6
< RES 1637330736 153 2
< MOVE L L
> REQ 1637330736 154 2
> VAMPIRE 1 10 13 3 0 2 0
> VAMPIRE 4 9 7 3 1 2 0
> VAMPIRE 3 11 7 3 1 2 0
> VAMPIRE 2 11 7 2 0 2 0
> GRENADE 1 10 11 2 2
> GRENADE 2 11 13 3 2
> POWERUP GRENADE 11 10 13 6
> POWERUP GRENADE 11 10 7 6
< RES 1637330736 154 2
< MOVE U
> REQ 1637330736 155 2
> VAMPIRE 1 9 13 3 0 2 0
> VAMPIRE 4 10 7 3 1 2 0
> VAMPIRE 3 10 7 3 1 2 0
> VAMPIRE 2 10 7 2 0 2 0
> GRENADE 1 10 11 1 2
> GRENADE 2 11 13 2 2
> POWERUP GRENADE 10 10 13 6
> POWERUP GRENADE 10 10 7 6
< RES 1637330736 155 2
> REQ 1637330736 156 2
> VAMPIRE 1 9 11 3 1 2 0
> VAMPIRE 4 10 7 3 1 2 0
> VAMPIRE 3 10 7 3 1 2 0
> VAMPIRE 2 10 7 2 0 2 0
> GRENADE 2 11 13 1 2
> POWERUP GRENADE 9 10 13 6
> POWERUP GRENADE 9 10 7 6
< RES 1637330736 156 2
> REQ 1637330736 157 2
> VAMPIRE 1 9 13 3 1 2 0
> VAMPIRE 4 10 7 3 1 2 0
> VAMPIRE 3 10 7 3 1 2 0
> VAMPIRE 2 10 7 2 1 2 0
> POWERUP GRENADE 8 10 13 6
> POWERUP GRENADE 8 10 7 6
< RES 1637330736 157 2
< GRENADE
> REQ 1637330736 158 2
> VAMPIRE 1 10 13 3 1 2 0
> VAMPIRE 4 10 7 3 1 2 0
> VAMPIRE 3 10 7 3 1 2 0
> VAMPIRE 2 10 7 2 0 2 0
> GRENADE 2 10 7 5 2
> POWERUP GRENADE 7 10 13 6
> POWERUP GRENADE 7 10 7 6
< RES 1637330736 158 2
> REQ 1637330736 159 2
> VAMPIRE 1 10 13 3 1 2 0
> VAMPIRE 4 10 7 3 1 2 0
> VAMPIRE 3 10 7 3 1 2 0
> VAMPIRE 2 10 7 2 0 2 0
> GRENADE 2 10 7 4 2
> POWERUP GRENADE 6 10 13 6
> POWERUP GRENADE 6 10 7 6
< RES 1637330736 159 2
> REQ 1637330736 160 2
> VAMPIRE 1 10 13 3 1 2 0
> VAMPIRE 4 10 7 3 1 2 0
> VAMPIRE 3 10 7 3 1 2 0
> VAMPIRE 2 10 7 2 0 2 0
> GRENADE 2 10 7 3 2
> POWERUP GRENADE 5 10 13 6
> POWERUP GRENADE 5 10 7 6
< RES 1637330736 160 2
> REQ 1637330736 161 2
> VAMPIRE 1 10 13 3 1 2 0
> VAMPIRE 4 10 7 3 1 2 0
> VAMPIRE 3 10 7 3 1 2 0
> VAMPIRE 2 10 7 2 1 2 0
> GRENADE 2 10 7 2 2
> GRENADE 4 10 7 5 2
> GRENADE 3 10 7 5 2
> POWERUP GRENADE 4 10 13 6
< RES 1637330736 161 2
< GRENADE
< MOVE U R
> REQ 1637330736 162 2
> VAMPIRE 1 10 13 3 1 2 0
> VAMPIRE 4 9 8 3 0 2 0
> VAMPIRE 3 9 8 3 0 2 0
> VAMPIRE 2 9 8 2 0 2 0
> GRENADE 2 10 7 1 2
> GRENADE 4 10 7 4 2
> GRENADE 3 10 7 4 2
> GRENADE 4 10 7 5 2
> GRENADE 3 10 7 5 2
> GRENADE 2 10 7 5 2
> POWERUP GRENADE 3 10 13 6
< RES 1637330736 162 2
< MOVE R R
> REQ 1637330736 163 2
> VAMPIRE 1 10 13 3 1 2 0
> VAMPIRE 4 9 10 3 2 2 0
> VAMPIRE 3 9 10 3 2 2 0
> VAMPIRE 2 9 10 2 2 2 0
> POWERUP GRENADE 2 10 13 6
< RES 1637330736 163 2
< GRENADE
< MOVE R R
> REQ 1637330736 164 2
> VAMPIRE 1 10 13 3 2 2 0
> VAMPIRE 4 10 11 3 2 2 0
> VAMPIRE 3 10 11 3 2 2 0
> VAMPIRE 2 9 12 2 1 2 0
> GRENADE 2 9 10 5 2
< RES 1637330736 164 2
< GRENADE
< MOVE L U
> REQ 1637330736 165 2
> VAMPIRE 1 8 13 3 2 2 0
> VAMPIRE 4 12 11 3 2 2 0
> VAMPIRE 3 12 11 3 2 2 0
> VAMPIRE 2 8 11 2 0 2 0
> GRENADE 2 9 10 4 2
> GRENADE 2 9 12 5 2
< RES 1637330736 165 2
< MOVE U U
> REQ 1637330736 166 2
> VAMPIRE 1 7 13 3 2 2 0
> VAMPIRE 4 11 11 3 2 2 0
> VAMPIRE 3 11 11 3 2 2 0
> VAMPIRE 2 6 11 2 0 2 0
> GRENADE 2 9 10 3 2
> GRENADE 2 9 12 4 2
< RES 1637330736 166 2
< MOVE U U
> REQ 1637330736 167 2
> VAMPIRE 1 7 13 3 2 2 0
> VAMPIRE 4 11 11 3 2 2 0
> VAMPIRE 3 11 11 3 2 2 0
> VAMPIRE 2 4 11 2 0 2 0
> GRENADE 2 9 10 2 2
> GRENADE 2 9 12 3 2
< RES 1637330736 167 2
< MOVE U
> REQ 1637330736 168 2
> VAMPIRE 1 7 11 3 2 2 0
> VAMPIRE 4 11 11 3 2 2 0
> VAMPIRE 3 11 11 3 2 2 0
> VAMPIRE 2 3 11 2 0 2 0
> GRENADE 2 9 10 1 2
> GRENADE 2 9 12 2 2
< RES 1637330736 168 2
< MOVE D D
> REQ 1637330736 169 2
> VAMPIRE 1 7 11 3 2 2 0
> VAMPIRE 4 11 11 3 2 2 0
> VAMPIRE 3 11 11 3 2 2 0
> VAMPIRE 2 5 11 2 2 2 0
< RES 1637330736 169 2
< MOVE U U
> REQ 1637330736 170 2
> VAMPIRE 1 9 11 3 2 2 0
> VAMPIRE 4 11 11 3 2 2 0
> VAMPIRE 3 11 11 3 2 2 0
> VAMPIRE 2 3 11 2 2 2 0
< RES 1637330736 170 2
< MOVE D D
> REQ 1637330736 171 2
> VAMPIRE 1 9 11 3 1 2 0
> VAMPIRE 4 11 11 3 2 2 0
> VAMPIRE 3 11 11 3 2 2 0
> VAMPIRE 2 5 11 2 2 2 0
> GRENADE 1 9 11 5 2
< RES 1637330736 171 2
< MOVE U U
> REQ 1637330736 172 2
> VAMPIRE 1 9 9 3 0 2 0
> VAMPIRE 4 13 11 3 2 2 0
> VAMPIRE 3 13 11 3 2 2 0
> VAMPIRE 2 3 11 2 2 2 0
> GRENADE 1 9 11 4 2
> GRENADE 1 9 11 5 2
< RES 1637330736 172 2
< MOVE D D
> REQ 1637330736 173 2
> VAMPIRE 1 7 9 3 0 2 0
> VAMPIRE 4 13 11 3 2 2 0
> VAMPIRE 3 13 11 3 2 2 0
> VAMPIRE 2 5 11 2 2 2 0
> GRENADE 1 9 11 3 2
> GRENADE 1 9 11 4 2
< RES 1637330736 173 2
< MOVE U U
> REQ 1637330736 174 2
> VAMPIRE 1 7 9 3 0 2 0
> VAMPIRE 4 13 11 3 2 2 0
> VAMPIRE 3 13 11 3 2 2 0
> VAMPIRE 2 3 11 2 2 2 0
> GRENADE 1 9 11 2 2
> GRENADE 1 9 11 3 2
< RES 1637330736 174 2
< MOVE D D
> REQ 1637330736 175 2
> VAMPIRE 1 7 9 3 0 2 0
> VAMPIRE 4 13 11 3 2 2 0
> VAMPIRE 3 13 11 3 2 2 0
> VAMPIRE 2 5 11 2 2 2 0
> GRENADE 1 9 11 1 2
> GRENADE 1 9 11 2 2
< RES 1637330736 175 2
> REQ 1637330736 176 2
> VAMPIRE 1 7 9 3 2 2 0
> VAMPIRE 4 13 11 3 2 2 0
> VAMPIRE 3 13 11 3 2 2 0
> VAMPIRE 2 5 11 2 2 2 0
< RES 1637330736 176 2
< MOVE D D
> REQ 1637330736 177 2
> VAMPIRE 1 9 9 3 2 2 0
> VAMPIRE 4 11 11 3 2 2 0
> VAMPIRE 3 11 11 3 2 2 0
> VAMPIRE 2 7 11 2 2 2 0
< RES 1637330736 177 2
< MOVE D D
> REQ 1637330736 178 2
> VAMPIRE 1 9 9 3 2 2 0
> VAMPIRE 4 11 11 3 2 2 0
> VAMPIRE 3 11 11 3 2 2 0
> VAMPIRE 2 9 11 2 2 2 0
> POWERUP TOMATO -7 14 7 4
> POWERUP TOMATO -7 6 13 4
< RES 1637330736 178 2
< GRENADE
< MOVE U U
> REQ 1637330736 179 2
> VAMPIRE 1 11 9 3 2 2 0
> VAMPIRE 4 13 11 3 2 2 0
> VAMPIRE 3 13 11 3 2 2 0
> VAMPIRE 2 7 11 2 1 2 0
> GRENADE 2 9 11 5 2
> POWERUP TOMATO -6 14 7 4
> POWERUP TOMATO -6 6 13 4
< RES 1637330736 179 2
< MOVE R R
> REQ 1637330736 180 2
> VAMPIRE 1 13 9 3 2 2 0
> VAMPIRE 4 13 9 3 2 2 0
> VAMPIRE 3 13 9 3 2 2 0
> VAMPIRE 2 7 13 2 1 2 0
> GRENADE 2 9 11 4 2
> POWERUP TOMATO -5 14 7 4
> POWERUP TOMATO -5 6 13 4
< RES 1637330736 180 2
< MOVE U
> REQ 1637330736 181 2
> VAMPIRE 1 13 7 3 1 2 0
> VAMPIRE 4 13 7 3 2 2 0
> VAMPIRE 3 13 7 3 2 2 0
> VAMPIRE 2 6 13 2 1 2 0
> GRENADE 2 9 11 3 2
> GRENADE 1 13 9 5 2
> POWERUP TOMATO -4 14 7 4
> POWERUP TOMATO -4 6 13 4
< RES 1637330736 181 2
> REQ 1637330736 182 2
> VAMPIRE 1 13 7 3 0 2 0
> VAMPIRE 4 15 7 3 1 2 0
> VAMPIRE 3 15 7 3 1 2 0
> VAMPIRE 2 6 13 2 1 2 0
> GRENADE 2 9 11 2 2
> GRENADE 1 13 9 4 2
> GRENADE 1 13 7 5 2
> GRENADE 4 13 7 5 2
> GRENADE 3 13 7 5 2
> POWERUP TOMATO -3 14 7 4
> POWERUP TOMATO -3 6 13 4
< RES 1637330736 182 2
> REQ 1637330736 183 2
> VAMPIRE 1 11 7 3 0 2 0
> VAMPIRE 4 15 7 3 1 2 0
> VAMPIRE 3 15 7 3 1 2 0
> VAMPIRE 2 6 13 2 1 2 0
> GRENADE 2 9 11 1 2
> GRENADE 1 13 9 3 2
> GRENADE 1 13 7 4 2
> GRENADE 4 13 7 4 2
> GRENADE 3 13 7 4 2
> POWERUP TOMATO -2 14 7 4
> POWERUP TOMATO -2 6 13 4
< RES 1637330736 183 2
< GRENADE
> REQ 1637330736 184 2
> VAMPIRE 1 11 6 3 0 2 0
> VAMPIRE 4 15 7 3 0 2 0
> VAMPIRE 3 15 7 3 0 2 0
> VAMPIRE 2 6 13 2 1 2 0
> GRENADE 1 13 9 2 2
> GRENADE 1 13 7 3 2
> GRENADE 4 13 7 3 2
> GRENADE 3 13 7 3 2
> GRENADE 4 15 7 5 2
> GRENADE 3 15 7 5 2
> GRENADE 2 6 13 5 2
> POWERUP TOMATO -1 14 7 4
> POWERUP TOMATO -1 6 13 4
< RES 1637330736 184 2
< MOVE U
> REQ 1637330736 185 2
> VAMPIRE 1 12 5 3 0 2 0
> VAMPIRE 4 15 7 3 0 2 0
> VAMPIRE 3 15 7 3 0 2 0
> VAMPIRE 2 5 13 2 1 2 0
> GRENADE 1 13 9 1 2
> GRENADE 1 13 7 2 2
> GRENADE 4 13 7 2 2
> GRENADE 3 13 7 2 2
> GRENADE 4 15 7 4 2
> GRENADE 3 15 7 4 2
> GRENADE 2 6 13 4 2
> POWERUP TOMATO 10 14 7 4
> POWERUP TOMATO 10 6 13 4
< RES 1637330736 185 2
< THROW D 3
> REQ 1637330736 186 2
> VAMPIRE 1 11 6 3 2 2 0
> VAMPIRE 4 15 7 2 2 2 0
> VAMPIRE 3 15 7 2 2 2 0
> VAMPIRE 2 5 13 2 1 2 0
> GRENADE 2 9 13 3 2
> POWERUP TOMATO 9 14 7 4
> POWERUP TOMATO 9 6 13 4
< RES 1637330736 186 2
< MOVE D
> REQ 1637330736 187 2
> VAMPIRE 1 12 7 3 2 2 0
> VAMPIRE 4 14 7 2 2 2 0
> VAMPIRE 3 14 7 2 2 2 0
> VAMPIRE 2 6 13 2 1 2 0
> GRENADE 2 9 13 2 2
> POWERUP TOMATO 8 14 7 4
> POWERUP TOMATO 8 6 13 4
< RES 1637330736 187 2
< GRENADE
> REQ 1637330736 188 2
> VAMPIRE 1 14 7 3 1 2 0
> VAMPIRE 4 14 7 2 2 2 0
> VAMPIRE 3 14 7 2 2 2 0
> VAMPIRE 2 6 13 2 0 2 0
> GRENADE 2 9 13 1 2
> GRENADE 1 12 7 5 2
> GRENADE 2 6 13 5 2
> POWERUP TOMATO 7 14 7 4
> POWERUP TOMATO 7 6 13 4
< RES 1637330736 188 2
< MOVE U
> REQ 1637330736 189 2
> VAMPIRE 1 14 7 3 0 2 0
> VAMPIRE 4 14 7 2 1 2 0
> VAMPIRE 3 14 7 2 1 2 0
> VAMPIRE 2 5 13 2 1 2 0
> GRENADE 1 12 7 4 2
> GRENADE 2 6 13 4 2
> GRENADE 1 14 7 5 2
> GRENADE 4 14 7 5 2
> GRENADE 3 14 7 5 2
> POWERUP TOMATO 6 14 7 4
> POWERUP TOMATO 6 6 13 4
< RES 1637330736 189 2
< THROW D 3
> REQ 1637330736 190 2
> VAMPIRE 1 14 7 3 0 2 0
> VAMPIRE 4 13 7 2 1 2 0
> VAMPIRE 3 13 7 2 1 2 0
> VAMPIRE 2 5 13 2 1 2 0
> GRENADE 1 12 7 3 2
> GRENADE 2 9 13 3 2
> GRENADE 1 14 7 4 2
> GRENADE 4 14 7 4 2
> GRENADE 3 14 7 4 2
> POWERUP TOMATO 5 14 7 4
> POWERUP TOMATO 5 6 13 4
< RES 1637330736 190 2
< MOVE D
> REQ 1637330736 191 2
> VAMPIRE 1 15 6 3 0 2 0
> VAMPIRE 4 13 9 2 0 2 0
> VAMPIRE 3 13 9 2 0 2 0
> VAMPIRE 2 6 13 2 1 2 0
> GRENADE 1 12 7 2 2
> GRENADE 2 9 13 2 2
> GRENADE 1 14 7 3 2
> GRENADE 4 14 7 3 2
> GRENADE 3 14 7 3 2
> GRENADE 4 13 7 5 2
> GRENADE 3 13 7 5 2
> POWERUP TOMATO 4 14 7 4
> POWERUP TOMATO 4 6 13 4
< RES 1637330736 191 2
< GRENADE
> REQ 1637330736 192 2
> VAMPIRE 1 14 5 3 0 2 0
> VAMPIRE 4 15 9 2 0 2 0
> VAMPIRE 3 15 9 2 0 2 0
> VAMPIRE 2 6 13 2 0 2 0
> GRENADE 1 12 7 1 2
> GRENADE 2 9 13 1 2
> GRENADE 1 14 7 2 2
> GRENADE 4 14 7 2 2
> GRENADE 3 14 7 2 2
> GRENADE 4 13 7 4 2
> GRENADE 3 13 7 4 2
> GRENADE 2 6 13 5 2
> POWERUP TOMATO 3 14 7 4
> POWERUP TOMATO 3 6 13 4
< RES 1637330736 192 2
< MOVE U
> REQ 1637330736 193 2
> VAMPIRE 1 15 6 3 2 2 0
> VAMPIRE 4 15 7 2 2 2 0
> VAMPIRE 3 15 7 2 2 2 0
> VAMPIRE 2 5 13 2 1 2 0
> GRENADE 2 6 13 4 2
> POWERUP TOMATO 2 14 7 4
> POWERUP TOMATO 2 6 13 4
< RES 1637330736 193 2
< THROW D 3
> REQ 1637330736 194 2
> VAMPIRE 1 14 5 3 1 2 0
> VAMPIRE 4 15 7 2 1 2 0
> VAMPIRE 3 15 7 2 1 2 0
> VAMPIRE 2 5 13 2 1 2 0
> GRENADE 2 9 13 3 2
> GRENADE 1 15 6 5 2
> GRENADE 4 15 7 5 2
> GRENADE 3 15 7 5 2
> POWERUP TOMATO 1 14 7 4
> POWERUP TOMATO 1 6 13 4
< RES 1637330736 194 2
> REQ 1637330736 195 2
> VAMPIRE 1 13 5 3 1 2 0
> VAMPIRE 4 13 7 2 0 2 0
> VAMPIRE 3 13 7 2 0 2 0
> VAMPIRE 2 5 13 2 1 2 0
> GRENADE 2 9 13 2 2
> GRENADE 1 15 6 4 2
> GRENADE 4 15 7 4 2
> GRENADE 3 15 7 4 2
> GRENADE 4 15 7 5 2
> GRENADE 3 15 7 5 2
< RES 1637330736 195 2
< MOVE L L
> REQ 1637330736 196 2
> VAMPIRE 1 11 5 3 0 2 0
> VAMPIRE 4 11 7 2 0 2 0
> VAMPIRE 3 11 7 2 0 2 0
> VAMPIRE 2 5 11 2 1 2 0
> GRENADE 2 9 13 1 2
> GRENADE 1 15 6 3 2
> GRENADE 4 15 7 3 2
> GRENADE 3 15 7 3 2
> GRENADE 4 15 7 4 2
> GRENADE 3 15 7 4 2
> GRENADE 1 13 5 5 2
< RES 1637330736 196 2
< MOVE D D
> REQ 1637330736 197 2
> VAMPIRE 1 11 7 3 0 2 0
> VAMPIRE 4 11 9 2 0 2 0
> VAMPIRE 3 11 9 2 0 2 0
> VAMPIRE 2 7 11 2 2 2 0
> GRENADE 1 15 6 2 2
> GRENADE 4 15 7 2 2
> GRENADE 3 15 7 2 2
> GRENADE 4 15 7 3 2
> GRENADE 3 15 7 3 2
> GRENADE 1 13 5 4 2
< RES 1637330736 197 2
< MOVE D D
> REQ 1637330736 198 2
> VAMPIRE 1 11 9 3 0 2 0
> VAMPIRE 4 11 9 2 0 2 0
> VAMPIRE 3 11 9 2 0 2 0
> VAMPIRE 2 9 11 2 2 2 0
> GRENADE 1 15 6 1 2
> GRENADE 4 15 7 1 2
> GRENADE 3 15 7 1 2
> GRENADE 4 15 7 2 2
> GRENADE 3 15 7 2 2
> GRENADE 1 13 5 3 2
< RES 1637330736 198 2
> REQ 1637330736 199 2
> VAMPIRE 1 11 9 3 1 2 0
> VAMPIRE 4 11 9 2 2 2 0
> VAMPIRE 3 11 9 2 2 2 0
> VAMPIRE 2 9 11 2 2 2 0
> GRENADE 1 13 5 2 2
< RES 1637330736 199 2
> REQ 1637330736 200 2
> VAMPIRE 1 11 9 3 0 2 0
> VAMPIRE 4 11 9 2 2 2 0
> VAMPIRE 3 11 9 2 2 2 0
> VAMPIRE 2 9 11 2 2 2 0
> GRENADE 1 13 5 1 2
> GRENADE 1 11 9 5 2
< RES 1637330736 200 2
> REQ 1637330736 201 2
> VAMPIRE 1 9 9 3 1 2 0
> VAMPIRE 4 9 9 2 2 2 0
> VAMPIRE 3 9 9 2 2 2 0
> VAMPIRE 2 9 11 2 2 2 0
> GRENADE 1 11 9 4 2
< RES 1637330736 201 2
< GRENADE
> REQ 1637330736 202 2
> VAMPIRE 1 9 9 3 0 2 0
> VAMPIRE 4 7 9 2 2 2 0
> VAMPIRE 3 7 9 2 2 2 0
> VAMPIRE 2 9 11 2 1 2 0
> GRENADE 1 11 9 3 2
> GRENADE 1 9 9 5 2
> GRENADE 2 9 11 5 2
< RES 1637330736 202 2
< GRENADE
< MOVE D D
> REQ 1637330736 203 2
> VAMPIRE 1 9 7 3 0 2 0
> VAMPIRE 4 5 9 2 2 2 0
> VAMPIRE 3 5 9 2 2 2 0
> VAMPIRE 2 11 11 2 0 2 0
> GRENADE 1 11 9 2 2
> GRENADE 1 9 9 4 2
> GRENADE 2 9 11 4 2
> GRENADE 2 9 11 5 2
< RES 1637330736 203 2
< MOVE R R
> REQ 1637330736 204 2
> VAMPIRE 1 9 5 3 0 2 0
> VAMPIRE 4 5 9 2 2 2 0
> VAMPIRE 3 5 9 2 2 2 0
> VAMPIRE 2 11 13 2 0 2 0
> GRENADE 1 11 9 1 2
> GRENADE 1 9 9 3 2
> GRENADE 2 9 11 3 2
> GRENADE 2 9 11 4 2
< RES 1637330736 204 2
< MOVE L L
> REQ 1637330736 205 2
> VAMPIRE 1 9 7 3 2 2 0
> VAMPIRE 4 7 9 2 2 2 0
> VAMPIRE 3 7 9 2 2 2 0
> VAMPIRE 2 11 11 2 2 2 0
< RES 1637330736 205 2
> REQ 1637330736 206 2
> VAMPIRE 1 9 9 3 2 2 0
> VAMPIRE 4 9 9 2 2 2 0
> VAMPIRE 3 9 9 2 2 2 0
> VAMPIRE 2 11 11 2 2 2 0
< RES 1637330736 206 2
> REQ 1637330736 207 2
> VAMPIRE 1 9 9 3 1 2 0
> VAMPIRE 4 9 9 2 2 2 0
> VAMPIRE 3 9 9 2 2 2 0
> VAMPIRE 2 11 11 2 2 2 0
> GRENADE 1 9 9 5 2
< RES 1637330736 207 2
> REQ 1637330736 208 2
> VAMPIRE 1 9 11 3 0 2 0
> VAMPIRE 4 9 11 2 2 2 0
> VAMPIRE 3 9 11 2 2 2 0
> VAMPIRE 2 11 11 2 2 2 0
> GRENADE 1 9 9 4 2
> GRENADE 1 9 9 5 2
> POWERUP GRENADE -6 17 11 6
> POWERUP GRENADE -6 3 9 6
< RES 1637330736 208 2
< GRENADE
< MOVE D D
> REQ 1637330736 209 2
> VAMPIRE 1 10 11 3 0 2 0
> VAMPIRE 4 10 11 2 2 2 0
> VAMPIRE 3 10 11 2 2 2 0
> VAMPIRE 2 13 11 2 1 2 0
> GRENADE 1 9 9 3 2
> GRENADE 1 9 9 4 2
> GRENADE 2 11 11 5 2
> POWERUP GRENADE -5 17 11 6
> POWERUP GRENADE -5 3 9 6
< RES 1637330736 209 2
< MOVE D D
> REQ 1637330736 210 2
> VAMPIRE 1 8 11 3 0 2 0
> VAMPIRE 4 8 11 2 2 2 0
> VAMPIRE 3 8 11 2 2 2 0
> VAMPIRE 2 15 11 2 1 2 0
> GRENADE 1 9 9 2 2
> GRENADE 1 9 9 3 2
> GRENADE 2 11 11 4 2
> POWERUP GRENADE -4 17 11 6
> POWERUP GRENADE -4 3 9 6
< RES 1637330736 210 2
< MOVE D D
> REQ 1637330736 211 2
> VAMPIRE 1 6 11 3 0 2 0
> VAMPIRE 4 6 11 2 2 2 0
> VAMPIRE 3 6 11 2 2 2 0
> VAMPIRE 2 17 11 2 1 2 0
> GRENADE 1 9 9 1 2
> GRENADE 1 9 9 2 2
> GRENADE 2 11 11 3 2
> POWERUP GRENADE -3 17 11 6
> POWERUP GRENADE -3 3 9 6
< RES 1637330736 211 2
> REQ 1637330736 212 2
> VAMPIRE 1 4 11 3 2 2 0
> VAMPIRE 4 4 11 2 2 2 0
> VAMPIRE 3 4 11 2 2 2 0
> VAMPIRE 2 17 11 2 1 2 0
> GRENADE 2 11 11 2 2
> POWERUP GRENADE -2 17 11 6
> POWERUP GRENADE -2 3 9 6
< RES 1637330736 212 2
> REQ 1637330736 213 2
> VAMPIRE 1 3 10 3 1 2 0
> VAMPIRE 4 3 10 2 2 2 0
> VAMPIRE 3 3 10 2 2 2 0
> VAMPIRE 2 17 11 2 1 2 0
> GRENADE 2 11 11 1 2
> GRENADE 1 4 11 5 2
> POWERUP GRENADE -1 17 11 6
> POWERUP GRENADE -1 3 9 6
< RES 1637330736 213 2
> REQ 1637330736 214 2
> VAMPIRE 1 3 9 3 1 2 0
> VAMPIRE 4 3 9 2 2 2 0
> VAMPIRE 3 3 9 2 2 2 0
> VAMPIRE 2 17 11 2 2 2 0
> GRENADE 1 4 11 4 2
> POWERUP GRENADE 17 17 11 6
> POWERUP GRENADE 17 3 9 6
< RES 1637330736 214 2
> REQ 1637330736 215 2
> VAMPIRE 1 3 9 3 0 2 0
> VAMPIRE 4 3 9 2 2 2 0
> VAMPIRE 3 3 9 2 2 2 0
> VAMPIRE 2 17 11 2 2 2 0
> GRENADE 1 4 11 3 2
> GRENADE 1 3 9 5 2
> POWERUP GRENADE 16 17 11 6
> POWERUP GRENADE 16 3 9 6
< RES 1637330736 215 2
> REQ 1637330736 216 2
> VAMPIRE 1 3 9 3 0 2 0
> VAMPIRE 4 3 9 2 2 2 0
> VAMPIRE 3 3 9 2 2 2 0
> VAMPIRE 2 17 11 2 2 2 0
> GRENADE 1 4 11 2 2
> GRENADE 1 3 9 4 2
> POWERUP GRENADE 15 17 11 6
> POWERUP GRENADE 15 3 9 6
< RES 1637330736 216 2
> REQ 1637330736 217 2
> VAMPIRE 1 3 9 3 0 2 0
> VAMPIRE 4 2 9 2 2 2 0
> VAMPIRE 3 2 9 2 2 2 0
> VAMPIRE 2 17 11 2 2 2 0
> GRENADE 1 4 11 1 2
> GRENADE 1 3 9 3 2
> POWERUP GRENADE 14 17 11 6
> POWERUP GRENADE 14 3 9 6
< RES 1637330736 217 2
> REQ 1637330736 218 2
> VAMPIRE 1 3 9 3 1 2 0
> VAMPIRE 4 1 10 2 1 2 0
> VAMPIRE 3 1 10 2 1 2 0
> VAMPIRE 2 17 11 2 2 2 0
> GRENADE 1 3 9 2 2
> GRENADE 4 2 9 5 2
> GRENADE 3 2 9 5 2
> POWERUP GRENADE 13 17 11 6
> POWERUP GRENADE 13 3 9 6
< RES 1637330736 218 2
> REQ 1637330736 219 2
> VAMPIRE 1 3 8 3 1 2 0
> VAMPIRE 4 2 11 2 1 2 0
> VAMPIRE 3 2 11 2 1 2 0
> VAMPIRE 2 17 11 2 3 2 0
> GRENADE 1 1 9 1 2
> GRENADE 4 2 9 4 2
> GRENADE 3 2 9 4 2
> POWERUP GRENADE 12 3 9 6
< RES 1637330736 219 2
< MOVE U U
> REQ 1637330736 220 2
> VAMPIRE 1 3 8 3 2 2 0
> VAMPIRE 4 3 10 2 2 2 0
> VAMPIRE 3 3 10 2 2 2 0
> VAMPIRE 2 15 11 2 3 2 0
> POWERUP GRENADE 11 3 9 6
< RES 1637330736 220 2
< MOVE U U
> REQ 1637330736 221 2
> VAMPIRE 1 3 9 3 2 2 0
> VAMPIRE 4 3 9 2 2 2 0
> VAMPIRE 3 3 9 2 2 2 0
> VAMPIRE 2 13 11 2 3 2 0
> POWERUP GRENADE 10 3 9 6
< RES 1637330736 221 2
< MOVE U U
> REQ 1637330736 222 2
> VAMPIRE 1 3 9 3 1 2 0
> VAMPIRE 4 3 9 2 2 2 0
> VAMPIRE 3 3 9 2 2 2 0
> VAMPIRE 2 11 11 2 3 2 0
> GRENADE 1 3 9 5 2
> POWERUP GRENADE 9 3 9 6
< RES 1637330736 222 2
< MOVE U U
> REQ 1637330736 223 2
> VAMPIRE 1 3 9 3 0 2 0
> VAMPIRE 4 3 9 2 2 2 0
> VAMPIRE 3 3 9 2 2 2 0
> VAMPIRE 2 9 11 2 3 2 0
> GRENADE 1 3 9 4 2
> GRENADE 1 3 9 5 2
> POWERUP GRENADE 8 3 9 6
< RES 1637330736 223 2
> REQ 1637330736 224 2
> VAMPIRE 1 3 9 3 0 2 0
> VAMPIRE 4 3 9 2 1 2 0
> VAMPIRE 3 3 9 2 1 2 0
> VAMPIRE 2 9 11 2 3 2 0
> GRENADE 1 3 9 3 2
> GRENADE 1 3 9 4 2
> GRENADE 4 3 9 5 2
> GRENADE 3 3 9 5 2
> POWERUP GRENADE 7 3 9 6
< RES 1637330736 224 2
> REQ 1637330736 225 2
> VAMPIRE 1 3 9 3 0 2 0
> VAMPIRE 4 5 9 2 0 2 0
> VAMPIRE 3 5 9 2 0 2 0
> VAMPIRE 2 9 11 2 3 2 0
> GRENADE 1 3 9 2 2
> GRENADE 1 3 9 3 2
> GRENADE 4 3 9 4 2
> GRENADE 3 3 9 4 2
> GRENADE 4 3 9 5 2
> GRENADE 3 3 9 5 2
> POWERUP GRENADE 6 3 9 6
< RES 1637330736 225 2
< MOVE U U
> REQ 1637330736 226 2
> VAMPIRE 1 3 9 3 0 2 0
> VAMPIRE 4 5 9 2 0 2 0
> VAMPIRE 3 5 9 2 0 2 0
> VAMPIRE 2 7 11 2 3 2 0
> GRENADE 1 6 9 1 2
> GRENADE 1 6 9 2 2
> GRENADE 4 3 9 3 2
> GRENADE 3 3 9 3 2
> GRENADE 4 3 9 4 2
> GRENADE 3 3 9 4 2
> POWERUP GRENADE 5 3 9 6
< RES 1637330736 226 2
< MOVE D D
> REQ 1637330736 227 2
> VAMPIRE 1 3 8 3 3 2 0
> VAMPIRE 4 5 8 1 0 2 0
> VAMPIRE 3 5 8 1 0 2 0
> VAMPIRE 2 9 11 2 3 2 0
> GRENADE 4 3 9 2 2
> GRENADE 3 3 9 2 2
> GRENADE 4 3 9 3 2
> GRENADE 3 3 9 3 2
< RES 1637330736 227 2
> REQ 1637330736 228 2
> VAMPIRE 1 3 6 3 3 2 0
> VAMPIRE 4 5 8 1 0 2 0
> VAMPIRE 3 5 8 1 0 2 0
> VAMPIRE 2 9 11 2 3 2 0
> GRENADE 4 3 9 1 2
> GRENADE 3 3 9 1 2
> GRENADE 4 3 9 2 2
> GRENADE 3 3 9 2 2
< RES 1637330736 228 2
> REQ 1637330736 229 2
> VAMPIRE 1 3 5 3 3 2 0
> VAMPIRE 4 5 8 1 2 2 0
> VAMPIRE 3 5 8 1 2 2 0
> VAMPIRE 2 9 11 2 3 2 0
< RES 1637330736 229 2
> REQ 1637330736 230 2
> VAMPIRE 1 3 7 3 3 2 0
> VAMPIRE 4 5 8 1 2 2 0
> VAMPIRE 3 5 8 1 2 2 0
> VAMPIRE 2 9 11 2 3 2 0
< RES 1637330736 230 2
> REQ 1637330736 231 2
> VAMPIRE 1 3 9 3 3 2 0
> VAMPIRE 4 6 9 1 2 2 0
> VAMPIRE 3 6 9 1 2 2 0
> VAMPIRE 2 9 11 2 3 2 0
< RES 1637330736 231 2
> REQ 1637330736 232 2
> VAMPIRE 1 5 9 3 3 2 0
> VAMPIRE 4 8 9 1 2 2 0
> VAMPIRE 3 8 9 1 2 2 0
> VAMPIRE 2 9 11 2 3 2 0
< RES 1637330736 232 2
> REQ 1637330736 233 2
> VAMPIRE 1 7 9 3 3 2 0
> VAMPIRE 4 9 9 1 2 2 0
> VAMPIRE 3 9 9 1 2 2 0
> VAMPIRE 2 9 11 2 3 2 0
< RES 1637330736 233 2
< GRENADE
> REQ 1637330736 234 2
> VAMPIRE 1 7 9 3 2 2 0
> VAMPIRE 4 9 9 1 2 2 0
> VAMPIRE 3 9 9 1 2 2 0
> VAMPIRE 2 9 11 2 2 2 0
> GRENADE 1 7 9 5 2
> GRENADE 2 9 11 5 2
< RES 1637330736 234 2
< GRENADE
< MOVE D D
> REQ 1637330736 235 2
> VAMPIRE 1 5 9 3 1 2 0
> VAMPIRE 4 9 9 1 1 2 0
> VAMPIRE 3 9 9 1 1 2 0
> VAMPIRE 2 11 11 2 1 2 0
> GRENADE 1 7 9 4 2
> GRENADE 2 9 11 4 2
> GRENADE 1 7 9 5 2
> GRENADE 4 9 9 5 2
> GRENADE 3 9 9 5 2
> GRENADE 2 9 11 5 2
< RES 1637330736 235 2
< MOVE D D
> REQ 1637330736 236 2
> VAMPIRE 1 3 9 3 1 2 0
> VAMPIRE 4 11 9 1 0 2 0
> VAMPIRE 3 11 9 1 0 2 0
> VAMPIRE 2 13 11 2 1 2 0
> GRENADE 1 7 9 3 2
> GRENADE 2 9 11 3 2
> GRENADE 1 7 9 4 2
> GRENADE 4 9 9 4 2
> GRENADE 3 9 9 4 2
> GRENADE 2 9 11 4 2
> GRENADE 4 9 9 5 2
> GRENADE 3 9 9 5 2
< RES 1637330736 236 2
< MOVE D D
> REQ 1637330736 237 2
> VAMPIRE 1 3 9 3 1 2 0
> VAMPIRE 4 11 7 1 0 2 0
> VAMPIRE 3 11 7 1 0 2 0
> VAMPIRE 2 15 11 2 1 2 0
> GRENADE 1 7 9 2 2
> GRENADE 2 9 11 2 2
> GRENADE 1 7 9 3 2
> GRENADE 4 9 9 3 2
> GRENADE 3 9 9 3 2
> GRENADE 2 9 11 3 2
> GRENADE 4 9 9 4 2
> GRENADE 3 9 9 4 2
< RES 1637330736 237 2
< MOVE U U
> REQ 1637330736 238 2
> VAMPIRE 1 3 9 3 1 2 0
> VAMPIRE 4 11 7 1 0 2 0
> VAMPIRE 3 11 7 1 0 2 0
> VAMPIRE 2 13 11 2 1 2 0
> GRENADE 1 7 9 1 2
> GRENADE 2 9 11 1 2
> GRENADE 1 7 9 2 2
> GRENADE 4 9 9 2 2
> GRENADE 3 9 9 2 2
> GRENADE 2 9 11 2 2
> GRENADE 4 9 9 3 2
> GRENADE 3 9 9 3 2
> POWERUP BATTERY -5 7 18 4
> POWERUP BATTERY -5 13 2 4
< RES 1637330736 238 2
< MOVE R R
> REQ 1637330736 239 2
> VAMPIRE 1 3 11 3 3 2 0
> VAMPIRE 4 13 7 1 2 2 0
> VAMPIRE 3 13 7 1 2 2 0
> VAMPIRE 2 13 13 2 3 2 0
> POWERUP BATTERY -4 7 18 4
> POWERUP BATTERY -4 13 2 4
< RES 1637330736 239 2
< MOVE U U
> REQ 1637330736 240 2
> VAMPIRE 1 3 13 3 3 2 0
> VAMPIRE 4 13 5 1 2 2 0
> VAMPIRE 3 13 5 1 2 2 0
> VAMPIRE 2 11 13 2 3 2 0
> POWERUP BATTERY -3 7 18 4
> POWERUP BATTERY -3 13 2 4
< RES 1637330736 240 2
< MOVE U U
> REQ 1637330736 241 2
> VAMPIRE 1 3 15 3 3 2 0
> VAMPIRE 4 13 3 1 2 2 0
> VAMPIRE 3 13 3 1 2 2 0
> VAMPIRE 2 9 13 2 3 2 0
> POWERUP BATTERY -2 7 18 4
> POWERUP BATTERY -2 13 2 4
< RES 1637330736 241 2
< MOVE U U
> REQ 1637330736 242 2
> VAMPIRE 1 3 17 3 3 2 0
> VAMPIRE 4 13 1 1 1 2 0
> VAMPIRE 3 13 1 1 1 2 0
> VAMPIRE 2 7 13 2 3 2 0
> GRENADE 4 13 3 5 2
> GRENADE 3 13 3 5 2
> POWERUP BATTERY -1 7 18 4
> POWERUP BATTERY -1 13 2 4
< RES 1637330736 242 2
< MOVE R R
> REQ 1637330736 243 2
> VAMPIRE 1 5 17 3 3 2 0
> VAMPIRE 4 13 1 1 0 2 0
> VAMPIRE 3 13 1 1 0 2 0
> VAMPIRE 2 7 15 2 3 2 0
> GRENADE 4 13 3 4 2
> GRENADE 3 13 3 4 2
> GRENADE 4 13 1 5 2
> GRENADE 3 13 1 5 2
> POWERUP BATTERY 19 7 18 4
> POWERUP BATTERY 19 13 2 4
< RES 1637330736 243 2
< MOVE R R
> REQ 1637330736 244 2
> VAMPIRE 1 7 17 3 3 2 0
> VAMPIRE 4 13 1 1 0 2 0
> VAMPIRE 3 13 1 1 0 2 0
> VAMPIRE 2 7 17 2 3 2 0
> GRENADE 4 13 3 3 2
> GRENADE 3 13 3 3 2
> GRENADE 4 13 1 4 2
> GRENADE 3 13 1 4 2
> POWERUP BATTERY 18 7 18 4
> POWERUP BATTERY 18 13 2 4
< RES 1637330736 244 2
< GRENADE
< MOVE R R
> REQ 1637330736 245 2
> VAMPIRE 1 7 19 3 2 2 0
> VAMPIRE 4 11 1 1 0 2 0
> VAMPIRE 3 11 1 1 0 2 0
> VAMPIRE 2 7 19 2 2 2 0
> GRENADE 4 13 3 2 2
> GRENADE 3 13 3 2 2
> GRENADE 4 13 1 3 2
> GRENADE 3 13 1 3 2
> GRENADE 1 7 17 5 2
> GRENADE 2 7 17 5 2
> POWERUP BATTERY 17 7 18 4
> POWERUP BATTERY 17 13 2 4
< RES 1637330736 245 2
< MOVE L
> REQ 1637330736 246 2
> VAMPIRE 1 7 18 3 2 2 0
> VAMPIRE 4 11 2 1 0 2 0
> VAMPIRE 3 11 2 1 0 2 0
> VAMPIRE 2 7 18 2 2 2 0
> GRENADE 4 13 3 1 2
> GRENADE 3 13 3 1 2
> GRENADE 4 13 1 2 2
> GRENADE 3 13 1 2 2
> GRENADE 1 7 17 4 2
> GRENADE 2 7 17 4 2
> POWERUP BATTERY 16 7 18 4
> POWERUP BATTERY 16 13 2 4
< RES 1637330736 246 2
< MOVE R
> REQ 1637330736 247 2
> VAMPIRE 1 7 19 3 2 2 0
> VAMPIRE 4 12 3 1 2 2 0
> VAMPIRE 3 12 3 1 2 2 0
> VAMPIRE 2 7 19 2 2 2 0
> GRENADE 1 7 17 3 2
> GRENADE 2 7 17 3 2
> POWERUP BATTERY 15 7 18 4
> POWERUP BATTERY 15 13 2 4
< RES 1637330736 247 2
< GRENADE
> REQ 1637330736 248 2
> VAMPIRE 1 7 19 3 1 2 0
> VAMPIRE 4 13 2 1 2 2 0
> VAMPIRE 3 13 2 1 2 2 0
> VAMPIRE 2 7 19 2 1 2 0
> GRENADE 1 7 17 2 2
> GRENADE 2 7 17 2 2
> GRENADE 1 7 19 5 2
> GRENADE 2 7 19 5 2
> POWERUP BATTERY 14 7 18 4
> POWERUP BATTERY 14 13 2 4
< RES 1637330736 248 2
< GRENADE
> REQ 1637330736 249 2
> VAMPIRE 1 7 19 3 0 2 0
> VAMPIRE 4 13 2 1 2 2 0
> VAMPIRE 3 13 2 1 2 2 0
> VAMPIRE 2 7 19 2 0 2 0
> GRENADE 1 7 17 1 2
> GRENADE 2 7 17 1 2
> GRENADE 1 7 19 4 2
> GRENADE 2 7 19 4 2
> GRENADE 1 7 19 5 2
> GRENADE 2 7 19 5 2
> POWERUP BATTERY 13 7 18 4
> POWERUP BATTERY 13 13 2 4
< RES 1637330736 249 2
< MOVE U
> REQ 1637330736 250 2
> VAMPIRE 1 6 19 2 3 2 0
> VAMPIRE 4 13 2 1 2 2 0
> VAMPIRE 3 13 2 1 2 2 0
> VAMPIRE 2 6 19 1 3 2 0
> POWERUP BATTERY 12 7 18 4
> POWERUP BATTERY 12 13 2 4
< RES 1637330736 250 2
< MOVE D L
> REQ 1637330736 251 2
> VAMPIRE 1 7 18 2 3 2 0
> VAMPIRE 4 13 2 1 2 2 0
> VAMPIRE 3 13 2 1 2 2 0
> VAMPIRE 2 7 18 1 3 2 0
> POWERUP BATTERY 11 7 18 4
> POWERUP BATTERY 11 13 2 4
< RES 1637330736 251 2
> REQ 1637330736 252 2
> VAMPIRE 1 7 18 2 3 2 0
> VAMPIRE 4 13 2 1 2 3 0
> VAMPIRE 3 13 2 1 2 3 0
> VAMPIRE 2 7 18 1 3 2 0
> POWERUP BATTERY 10 7 18 4
< RES 1637330736 252 2
> REQ 1637330736 253 2
> VAMPIRE 1 7 18 2 3 2 0
> VAMPIRE 4 13 3 1 2 3 0
> VAMPIRE 3 13 3 1 2 3 0
> VAMPIRE 2 7 18 1 3 2 0
> POWERUP BATTERY 9 7 18 4
< RES 1637330736 253 2
> REQ 1637330736 254 2
> VAMPIRE 1 7 18 2 3 2 0
> VAMPIRE 4 13 5 1 2 3 0
> VAMPIRE 3 13 5 1 2 3 0
> VAMPIRE 2 7 18 1 3 2 0
> POWERUP BATTERY 8 7 18 4
< RES 1637330736 254 2
> REQ 1637330736 255 2
> VAMPIRE 1 7 18 2 3 3 0
> VAMPIRE 4 13 7 1 2 3 0
> VAMPIRE 3 13 7 1 2 3 0
> VAMPIRE 2 7 18 1 3 3 0
< RES 1637330736 255 2
< MOVE L
> REQ 1637330736 256 2
> VAMPIRE 1 7 17 2 3 3 0
> VAMPIRE 4 11 7 1 2 3 0
> VAMPIRE 3 11 7 1 2 3 0
> VAMPIRE 2 7 17 1 3 3 0
< RES 1637330736 256 2
< MOVE L L
> REQ 1637330736 257 2
> VAMPIRE 1 7 15 2 3 3 0
> VAMPIRE 4 11 9 1 2 3 0
> VAMPIRE 3 11 9 1 2 3 0
> VAMPIRE 2 7 15 1 3 3 0
< RES 1637330736 257 2
< MOVE L L
> REQ 1637330736 258 2
> VAMPIRE 1 7 13 2 3 3 0
> VAMPIRE 4 9 9 1 2 3 0
> VAMPIRE 3 9 9 1 2 3 0
> VAMPIRE 2 7 13 1 3 3 0
< RES 1637330736 258 2
< MOVE D D
> REQ 1637330736 259 2
> VAMPIRE 1 9 13 2 3 3 0
> VAMPIRE 4 11 9 1 2 3 0
> VAMPIRE 3 11 9 1 2 3 0
> VAMPIRE 2 9 13 1 3 3 0
< RES 1637330736 259 2
< MOVE L L
> REQ 1637330736 260 2
> VAMPIRE 1 9 11 2 3 3 0
> VAMPIRE 4 9 9 1 2 3 0
> VAMPIRE 3 9 9 1 2 3 0
> VAMPIRE 2 9 11 1 3 3 0
< RES 1637330736 260 2
< GRENADE
< MOVE D D
> REQ 1637330736 261 2
> VAMPIRE 1 11 11 2 2 3 0
> VAMPIRE 4 11 9 1 2 3 0
> VAMPIRE 3 11 9 1 2 3 0
> VAMPIRE 2 11 11 1 2 3 0
> GRENADE 1 9 11 5 3
> GRENADE 2 9 11 5 3
< RES 1637330736 261 2
< GRENADE
< MOVE R R
> REQ 1637330736 262 2
> VAMPIRE 1 11 13 2 1 3 0
> VAMPIRE 4 11 7 1 2 3 0
> VAMPIRE 3 11 7 1 2 3 0
> VAMPIRE 2 11 13 1 1 3 0
> GRENADE 1 9 11 4 3
> GRENADE 2 9 11 4 3
> GRENADE 1 11 11 5 3
> GRENADE 2 11 11 5 3
< RES 1637330736 262 2
< GRENADE
< MOVE U U
> REQ 1637330736 263 2
> VAMPIRE 1 9 13 2 0 3 0
> VAMPIRE 4 11 7 1 2 3 0
> VAMPIRE 3 11 7 1 2 3 0
> VAMPIRE 2 9 13 1 0 3 0
> GRENADE 1 9 11 3 3
> GRENADE 2 9 11 3 3
> GRENADE 1 11 11 4 3
> GRENADE 2 11 11 4 3
> GRENADE 1 11 13 5 3
> GRENADE 2 11 13 5 3
< RES 1637330736 263 2
< MOVE U U
> REQ 1637330736 264 2
> VAMPIRE 1 7 13 2 0 3 0
> VAMPIRE 4 11 7 1 2 3 0
> VAMPIRE 3 11 7 1 2 3 0
> VAMPIRE 2 7 13 1 0 3 0
> GRENADE 1 9 11 2 3
> GRENADE 2 9 11 2 3
> GRENADE 1 11 11 3 3
> GRENADE 2 11 11 3 3
> GRENADE 1 11 13 4 3
> GRENADE 2 11 13 4 3
< RES 1637330736 264 2
< MOVE R R
> REQ 1637330736 265 2
> VAMPIRE 1 7 15 2 0 3 0
> VAMPIRE 4 9 7 1 2 3 0
> VAMPIRE 3 9 7 1 2 3 0
> VAMPIRE 2 7 15 1 0 3 0
> GRENADE 1 9 11 1 3
> GRENADE 2 9 11 1 3
> GRENADE 1 11 11 2 3
> GRENADE 2 11 11 2 3
> GRENADE 1 11 13 3 3
> GRENADE 2 11 13 3 3
< RES 1637330736 265 2
< MOVE L L
> REQ 1637330736 266 2
> VAMPIRE 1 7 13 2 3 3 0
> VAMPIRE 4 9 9 1 2 3 0
> VAMPIRE 3 9 9 1 2 3 0
> VAMPIRE 2 7 13 1 3 3 0
< RES 1637330736 266 2
< MOVE D D
> REQ 1637330736 267 2
> VAMPIRE 1 9 13 2 3 3 0
> VAMPIRE 4 11 9 1 2 3 0
> VAMPIRE 3 11 9 1 2 3 0
> VAMPIRE 2 9 13 1 3 3 0
< RES 1637330736 267 2
< MOVE L L
> REQ 1637330736 268 2
> VAMPIRE 1 9 11 2 3 3 0
> VAMPIRE 4 9 9 1 2 3 0
> VAMPIRE 3 9 9 1 2 3 0
> VAMPIRE 2 9 11 1 3 3 0
< RES 1637330736 268 2
< GRENADE
< MOVE D D
> REQ 1637330736 269 2
> VAMPIRE 1 11 11 2 2 3 0
> VAMPIRE 4 11 9 1 2 3 0
> VAMPIRE 3 11 9 1 2 3 0
> VAMPIRE 2 11 11 1 2 3 0
> GRENADE 1 9 11 5 3
> GRENADE 2 9 11 5 3
< RES 1637330736 269 2
< GRENADE
< MOVE R R
> REQ 1637330736 270 2
> VAMPIRE 1 11 13 2 1 3 0
> VAMPIRE 4 11 7 1 2 3 0
> VAMPIRE 3 11 7 1 2 3 0
> VAMPIRE 2 11 13 1 1 3 0
> GRENADE 1 9 11 4 3
> GRENADE 2 9 11 4 3
> GRENADE 1 11 11 5 3
> GRENADE 2 11 11 5 3
< RES 1637330736 270 2
< GRENADE
< MOVE U U
> REQ 1637330736 271 2
> VAMPIRE 1 9 13 2 0 3 0
> VAMPIRE 4 11 7 1 2 3 0
> VAMPIRE 3 11 7 1 2 3 0
> VAMPIRE 2 9 13 1 0 3 0
> GRENADE 1 9 11 3 3
> GRENADE 2 9 11 3 3
> GRENADE 1 11 11 4 3
> GRENADE 2 11 11 4 3
> GRENADE 1 11 13 5 3
> GRENADE 2 11 13 5 3
< RES 1637330736 271 2
< MOVE U U
> REQ 1637330736 272 2
> VAMPIRE 1 7 13 2 0 3 0
> VAMPIRE 4 11 7 1 2 3 0
> VAMPIRE 3 11 7 1 2 3 0
> VAMPIRE 2 7 13 1 0 3 0
> GRENADE 1 9 11 2 3
> GRENADE 2 9 11 2 3
> GRENADE 1 11 11 3 3
> GRENADE 2 11 11 3 3
> GRENADE 1 11 13 4 3
> GRENADE 2 11 13 4 3
< RES 1637330736 272 2
< MOVE R R
> REQ 1637330736 273 2
> VAMPIRE 1 7 15 2 0 3 0
> VAMPIRE 4 9 7 1 2 3 0
> VAMPIRE 3 9 7 1 2 3 0
> VAMPIRE 2 7 15 1 0 3 0
> GRENADE 1 9 11 1 3
> GRENADE 2 9 11 1 3
> GRENADE 1 11 11 2 3
> GRENADE 2 11 11 2 3
> GRENADE 1 11 13 3 3
> GRENADE 2 11 13 3 3
< RES 1637330736 273 2
< MOVE L L
> REQ 1637330736 274 2
> VAMPIRE 1 7 13 2 3 3 0
> VAMPIRE 4 9 9 1 2 3 0
> VAMPIRE 3 9 9 1 2 3 0
> VAMPIRE 2 7 13 1 3 3 0
< RES 1637330736 274 2
< MOVE D D
> REQ 1637330736 275 2
> VAMPIRE 1 9 13 2 3 3 0
> VAMPIRE 4 11 9 1 2 3 0
> VAMPIRE 3 11 9 1 2 3 0
> VAMPIRE 2 9 13 1 3 3 0
< RES 1637330736 275 2
< MOVE L L
> REQ 1637330736 276 2
> VAMPIRE 1 9 11 2 3 3 0
> VAMPIRE 4 9 9 1 2 3 0
> VAMPIRE 3 9 9 1 2 3 0
> VAMPIRE 2 9 11 1 3 3 0
> POWERUP GRENADE -5 1 15 6
> POWERUP GRENADE -5 19 5 6
< RES 1637330736 276 2
< GRENADE
< MOVE U U
> REQ 1637330736 277 2
> VAMPIRE 1 7 11 2 2 3 0
> VAMPIRE 4 11 9 1 2 3 0
> VAMPIRE 3 11 9 1 2 3 0
> VAMPIRE 2 7 11 1 2 3 0
> GRENADE 1 9 11 5 3
> GRENADE 2 9 11 5 3
> POWERUP GRENADE -4 1 15 6
> POWERUP GRENADE -4 19 5 6
< RES 1637330736 277 2
< GRENADE
< MOVE U U
> REQ 1637330736 278 2
> VAMPIRE 1 5 11 2 1 3 0
> VAMPIRE 4 13 9 1 2 3 0
> VAMPIRE 3 13 9 1 2 3 0
> VAMPIRE 2 5 11 1 1 3 0
> GRENADE 1 9 11 4 3
> GRENADE 2 9 11 4 3
> GRENADE 1 7 11 5 3
> GRENADE 2 7 11 5 3
> POWERUP GRENADE -3 1 15 6
> POWERUP GRENADE -3 19 5 6
< RES 1637330736 278 2
< GRENADE
< MOVE U U
> REQ 1637330736 279 2
> VAMPIRE 1 3 11 2 0 3 0
> VAMPIRE 4 15 9 1 2 3 0
> VAMPIRE 3 15 9 1 2 3 0
> VAMPIRE 2 3 11 1 0 3 0
> GRENADE 1 9 11 3 3
> GRENADE 2 9 11 3 3
> GRENADE 1 7 11 4 3
> GRENADE 2 7 11 4 3
> GRENADE 1 5 11 5 3
> GRENADE 2 5 11 5 3
> POWERUP GRENADE -2 1 15 6
> POWERUP GRENADE -2 19 5 6
< RES 1637330736 279 2
< MOVE R R
> REQ 1637330736 280 2
> VAMPIRE 1 3 13 2 0 3 0
> VAMPIRE 4 17 9 1 2 3 0
> VAMPIRE 3 17 9 1 2 3 0
> VAMPIRE 2 3 13 1 0 3 0
> GRENADE 1 9 11 2 3
> GRENADE 2 9 11 2 3
> GRENADE 1 7 11 3 3
> GRENADE 2 7 11 3 3
> GRENADE 1 5 11 4 3
> GRENADE 2 5 11 4 3
> POWERUP GRENADE -1 1 15 6
> POWERUP GRENADE -1 19 5 6
< RES 1637330736 280 2
< MOVE U U
> REQ 1637330736 281 2
> VAMPIRE 1 1 13 2 0 3 0
> VAMPIRE 4 19 9 1 2 3 0
> VAMPIRE 3 19 9 1 2 3 0
> VAMPIRE 2 1 13 1 0 3 0
> GRENADE 1 9 11 1 3
> GRENADE 2 9 11 1 3
> GRENADE 1 7 11 2 3
> GRENADE 2 7 11 2 3
> GRENADE 1 5 11 3 3
> GRENADE 2 5 11 3 3
> POWERUP GRENADE 11 1 15 6
> POWERUP GRENADE 11 19 5 6
< RES 1637330736 281 2
< MOVE R R
> REQ 1637330736 282 2
> VAMPIRE 1 1 15 2 3 3 0
> VAMPIRE 4 19 7 1 2 3 0
> VAMPIRE 3 19 7 1 2 3 0
> VAMPIRE 2 1 15 1 3 3 0
> POWERUP GRENADE 10 1 15 6
> POWERUP GRENADE 10 19 5 6
< RES 1637330736 282 2
> REQ 1637330736 283 2
> VAMPIRE 1 1 15 2 3 3 0
> VAMPIRE 4 19 5 1 2 3 0
> VAMPIRE 3 19 5 1 2 3 0
> VAMPIRE 2 1 15 1 3 3 0
> POWERUP GRENADE 9 1 15 6
> POWERUP GRENADE 9 19 5 6
< RES 1637330736 283 2
> REQ 1637330736 284 2
> VAMPIRE 1 1 15 2 3 3 0
> VAMPIRE 4 19 5 1 2 3 0
> VAMPIRE 3 19 5 1 2 3 0
> VAMPIRE 2 1 15 1 3 3 0
> POWERUP GRENADE 8 1 15 6
> POWERUP GRENADE 8 19 5 6
< RES 1637330736 284 2
> REQ 1637330736 285 2
> VAMPIRE 1 1 15 2 3 3 0
> VAMPIRE 4 19 5 1 2 3 0
> VAMPIRE 3 19 5 1 2 3 0
> VAMPIRE 2 1 15 1 3 3 0
> POWERUP GRENADE 7 1 15 6
> POWERUP GRENADE 7 19 5 6
< RES 1637330736 285 2
> REQ 1637330736 286 2
> VAMPIRE 1 1 15 2 3 3 0
> VAMPIRE 4 19 5 1 2 3 0
> VAMPIRE 3 19 5 1 2 3 0
> VAMPIRE 2 1 15 1 3 3 0
> POWERUP GRENADE 6 1 15 6
> POWERUP GRENADE 6 19 5 6
< RES 1637330736 286 2
> REQ 1637330736 287 2
> VAMPIRE 1 1 15 2 3 3 0
> VAMPIRE 4 19 5 1 2 3 0
> VAMPIRE 3 19 5 1 2 3 0
> VAMPIRE 2 1 15 1 3 3 0
> POWERUP GRENADE 5 1 15 6
> POWERUP GRENADE 5 19 5 6
< RES 1637330736 287 2
> REQ 1637330736 288 2
> VAMPIRE 1 1 15 2 4 3 0
> VAMPIRE 4 19 5 1 2 3 0
> VAMPIRE 3 19 5 1 2 3 0
> VAMPIRE 2 1 15 1 4 3 0
> POWERUP GRENADE 4 19 5 6
< RES 1637330736 288 2
< MOVE D D
> REQ 1637330736 289 2
> VAMPIRE 1 3 15 2 4 3 0
> VAMPIRE 4 19 5 1 3 3 0
> VAMPIRE 3 19 5 1 3 3 0
> VAMPIRE 2 3 15 1 4 3 0
< RES 1637330736 289 2
< MOVE D D
> REQ 1637330736 290 2
> VAMPIRE 1 5 15 2 4 3 0
> VAMPIRE 4 17 5 1 3 3 0
> VAMPIRE 3 17 5 1 3 3 0
> VAMPIRE 2 5 15 1 4 3 0
< RES 1637330736 290 2
< MOVE L L
> REQ 1637330736 291 2
> VAMPIRE 1 5 13 2 4 3 0
> VAMPIRE 4 15 5 1 3 3 0
> VAMPIRE 3 15 5 1 3 3 0
> VAMPIRE 2 5 13 1 4 3 0
< RES 1637330736 291 2
< MOVE D D
> REQ 1637330736 292 2
> VAMPIRE 1 7 13 2 4 3 0
> VAMPIRE 4 15 7 1 3 3 0
> VAMPIRE 3 15 7 1 3 3 0
> VAMPIRE 2 7 13 1 4 3 0
< RES 1637330736 292 2
< MOVE L L
> REQ 1637330736 293 2
> VAMPIRE 1 7 11 2 4 3 0
> VAMPIRE 4 13 7 1 3 3 0
> VAMPIRE 3 13 7 1 3 3 0
> VAMPIRE 2 7 11 1 4 3 0
< RES 1637330736 293 2
< MOVE D D
> REQ 1637330736 294 2
> VAMPIRE 1 9 11 2 4 3 0
> VAMPIRE 4 13 9 1 3 3 0
> VAMPIRE 3 13 9 1 3 3 0
> VAMPIRE 2 9 11 1 4 3 0
< RES 1637330736 294 2
< MOVE L L
> REQ 1637330736 295 2
> VAMPIRE 1 9 9 2 4 3 0
> VAMPIRE 4 11 9 1 3 3 0
> VAMPIRE 3 11 9 1 3 3 0
> VAMPIRE 2 9 9 1 4 3 0
< RES 1637330736 295 2
< GRENADE
< MOVE R R
> REQ 1637330736 296 2
> VAMPIRE 1 9 11 2 3 3 0
> VAMPIRE 4 11 11 1 2 3 0
> VAMPIRE 3 11 11 1 3 3 0
> VAMPIRE 2 9 11 1 3 3 0
> GRENADE 1 9 9 5 3
> GRENADE 4 11 9 5 3
> GRENADE 2 9 9 5 3
< RES 1637330736 296 2
< GRENADE
< MOVE U U
> REQ 1637330736 297 2
> VAMPIRE 1 7 11 2 2 3 0
> VAMPIRE 4 13 11 1 1 3 0
> VAMPIRE 3 13 11 1 3 3 0
> VAMPIRE 2 7 11 1 2 3 0
> GRENADE 1 9 9 4 3
> GRENADE 4 11 9 4 3
> GRENADE 2 9 9 4 3
> GRENADE 1 9 11 5 3
> GRENADE 4 11 11 5 3
> GRENADE 2 9 11 5 3
< RES 1637330736 297 2
< GRENADE
< MOVE L L
> REQ 1637330736 298 2
> VAMPIRE 1 7 9 2 1 3 0
> VAMPIRE 4 13 9 1 0 3 0
> VAMPIRE 3 15 11 1 3 3 0
> VAMPIRE 2 7 9 1 1 3 0
> GRENADE 1 9 9 3 3
> GRENADE 4 11 9 3 3
> GRENADE 2 9 9 3 3
> GRENADE 1 9 11 4 3
> GRENADE 4 11 11 4 3
> GRENADE 2 9 11 4 3
> GRENADE 1 7 11 5 3
> GRENADE 4 13 11 5 3
> GRENADE 2 7 11 5 3
< RES 1637330736 298 2
< GRENADE
< MOVE L L
> REQ 1637330736 299 2
> VAMPIRE 1 7 7 2 0 3 0
> VAMPIRE 4 13 7 1 0 3 0
> VAMPIRE 3 15 13 1 3 3 0
> VAMPIRE 2 7 7 1 0 3 0
> GRENADE 1 9 9 2 3
> GRENADE 4 11 9 2 3
> GRENADE 2 9 9 2 3
> GRENADE 1 9 11 3 3
> GRENADE 4 11 11 3 3
> GRENADE 2 9 11 3 3
> GRENADE 1 7 11 4 3
> GRENADE 4 13 11 4 3
> GRENADE 2 7 11 4 3
> GRENADE 1 7 9 5 3
> GRENADE 2 7 9 5 3
> POWERUP TOMATO -6 6 3 5
> POWERUP TOMATO -6 14 17 5
< RES 1637330736 299 2
< MOVE U U
> REQ 1637330736 300 2
> VAMPIRE 1 5 7 2 0 3 0
> VAMPIRE 4 13 5 1 0 3 0
> VAMPIRE 3 15 15 1 3 3 0
> VAMPIRE 2 5 7 1 0 3 0
> GRENADE 1 9 9 1 3
> GRENADE 4 11 9 1 3
> GRENADE 2 9 9 1 3
> GRENADE 1 9 11 2 3
> GRENADE 4 11 11 2 3
> GRENADE 2 9 11 2 3
> GRENADE 1 7 11 3 3
> GRENADE 4 13 11 3 3
> GRENADE 2 7 11 3 3
> GRENADE 1 7 9 4 3
> GRENADE 2 7 9 4 3
> POWERUP TOMATO -5 6 3 5
> POWERUP TOMATO -5 14 17 5
< RES 1637330736 300 2
< MOVE L L
> REQ 1637330736 301 2
> VAMPIRE 1 5 5 2 4 3 0
> VAMPIRE 4 11 5 1 3 3 0
> VAMPIRE 3 15 17 1 3 3 0
> VAMPIRE 2 5 5 1 4 3 0
> POWERUP TOMATO -4 6 3 5
> POWERUP TOMATO -4 14 17 5
< RES 1637330736 301 2
< MOVE L L
> REQ 1637330736 302 2
> VAMPIRE 1 5 3 2 4 3 0
> VAMPIRE 4 9 5 1 3 3 0
> VAMPIRE 3 14 17 1 3 3 0
> VAMPIRE 2 5 3 1 4 3 0
> POWERUP TOMATO -3 6 3 5
> POWERUP TOMATO -3 14 17 5
< RES 1637330736 302 2
< MOVE D
> REQ 1637330736 303 2
> VAMPIRE 1 7 3 2 3 3 0
> VAMPIRE 4 7 5 1 3 3 0
> VAMPIRE 3 14 17 1 3 3 0
> VAMPIRE 2 6 3 1 4 3 0
> GRENADE 1 5 3 5 3
> POWERUP TOMATO -2 6 3 5
> POWERUP TOMATO -2 14 17 5
< RES 1637330736 303 2
< GRENADE
> REQ 1637330736 304 2
> VAMPIRE 1 7 3 2 2 3 0
> VAMPIRE 4 7 5 1 3 3 0
> VAMPIRE 3 14 17 1 2 3 0
> VAMPIRE 2 6 3 1 3 3 0
> GRENADE 1 5 3 4 3
> GRENADE 1 7 3 5 3
> GRENADE 3 14 17 5 3
> GRENADE 2 6 3 5 3
> POWERUP TOMATO -1 6 3 5
> POWERUP TOMATO -1 14 17 5
< RES 1637330736 304 2
< THROW XR 2
> REQ 1637330736 305 2
> VAMPIRE 1 9 3 2 1 3 0
> VAMPIRE 4 7 7 1 3 3 0
> VAMPIRE 3 13 17 1 2 3 0
> VAMPIRE 2 6 3 1 3 3 0
> GRENADE 1 5 3 3 3
> GRENADE 1 7 3 4 3
> GRENADE 3 14 17 4 3
> GRENADE 2 6 5 4 3
> GRENADE 1 7 3 5 3
> POWERUP TOMATO 12 6 3 5
> POWERUP TOMATO 12 14 17 5
< RES 1637330736 305 2
< GRENADE
> REQ 1637330736 306 2
> VAMPIRE 1 9 1 2 0 3 0
> VAMPIRE 4 6 7 1 3 3 0
> VAMPIRE 3 13 17 1 2 3 0
> VAMPIRE 2 6 3 1 2 3 0
> GRENADE 1 5 3 2 3
> GRENADE 1 7 3 3 3
> GRENADE 3 17 17 3 3
> GRENADE 2 6 5 3 3
> GRENADE 1 7 3 4 3
> GRENADE 1 9 3 5 3
> GRENADE 2 6 3 5 3
> POWERUP TOMATO 11 6 3 5
> POWERUP TOMATO 11 14 17 5
< RES 1637330736 306 2
< THROW XR 2
> REQ 1637330736 307 2
> VAMPIRE 1 11 1 2 0 3 0
> VAMPIRE 4 8 7 1 3 3 0
> VAMPIRE 3 13 17 1 2 3 0
> VAMPIRE 2 6 3 1 2 3 0
> GRENADE 1 5 3 1 3
> GRENADE 1 7 3 2 3
> GRENADE 3 17 17 2 3
> GRENADE 2 6 5 2 3
> GRENADE 1 7 3 3 3
> GRENADE 1 9 3 4 3
> GRENADE 2 6 5 4 3
> POWERUP TOMATO 10 6 3 5
> POWERUP TOMATO 10 14 17 5
< RES 1637330736 307 2
> END 572 Could_not_be_more_deaded
