> MESSAGE OK
> LEVEL 10
> GAMEID 1637333168
> TEST 1
> MAXTICK 800
> GRENADERADIUS 3
> SIZE 15
> REQ 1637333168 0 3
> VAMPIRE 1 1 1 3 1 3 0
> VAMPIRE 2 13 1 3 1 3 0
> VAMPIRE 3 13 13 3 1 3 0
> VAMPIRE 4 1 13 3 1 3 0
> BAT1 8 1 9 1 10 1 11 1 1 3 7 3 1 4 1 5 6 5 8 5 1 6 5 6 9 6 3 7 11 7 5 8 9 8 13 8 6 9 8 9 13 9 13 10 7 11 13 11 3 13 4 13 5 13 6 13
> BAT2 3 1 4 1 5 1 6 1 8 3 9 3 13 3 13 4 3 5 7 5 13 5 3 6 13 6 5 7 9 7 1 8 11 8 1 9 7 9 11 9 1 10 1 11 5 11 6 11 8 13 9 13 10 13 11 13
> BAT3 7 1 5 3 6 3 11 5 11 6 1 7 7 7 13 7 3 8 3 9 8 11 9 11 7 13
< RES 1637333168 0 3
> REQ 1637333168 1 3
> VAMPIRE 1 1 1 3 0 3 0
> VAMPIRE 2 13 1 3 0 3 0
> VAMPIRE 3 13 13 3 1 3 0
> VAMPIRE 4 1 13 3 1 3 0
> GRENADE 1 1 1 5 3
> GRENADE 2 13 1 5 3
> BAT1 8 1 9 1 10 1 11 1 1 3 7 3 1 4 1 5 6 5 8 5 1 6 5 6 9 6 3 7 11 7 5 8 9 8 13 8 6 9 8 9 13 9 13 10 7 11 13 11 3 13 4 13 5 13 6 13
> BAT2 3 1 4 1 5 1 6 1 8 3 9 3 13 3 13 4 3 5 7 5 13 5 3 6 13 6 5 7 9 7 1 8 11 8 1 9 7 9 11 9 1 10 1 11 5 11 6 11 8 13 9 13 10 13 11 13
> BAT3 7 1 5 3 6 3 11 5 11 6 1 7 7 7 13 7 3 8 3 9 8 11 9 11 7 13
< RES 1637333168 1 3
> REQ 1637333168 2 3
> VAMPIRE 1 1 1 3 0 3 0
> VAMPIRE 2 13 1 3 0 3 0
> VAMPIRE 3 13 13 3 1 3 0
> VAMPIRE 4 1 13 3 1 3 0
> GRENADE 1 1 1 4 3
> GRENADE 2 13 1 4 3
> BAT1 8 1 9 1 10 1 11 1 1 3 7 3 1 4 1 5 6 5 8 5 1 6 5 6 9 6 3 7 11 7 5 8 9 8 13 8 6 9 8 9 13 9 13 10 7 11 13 11 3 13 4 13 5 13 6 13
> BAT2 3 1 4 1 5 1 6 1 8 3 9 3 13 3 13 4 3 5 7 5 13 5 3 6 13 6 5 7 9 7 1 8 11 8 1 9 7 9 11 9 1 10 1 11 5 11 6 11 8 13 9 13 10 13 11 13
> BAT3 7 1 5 3 6 3 11 5 11 6 1 7 7 7 13 7 3 8 3 9 8 11 9 11 7 13
< RES 1637333168 2 3
> REQ 1637333168 3 3
> VAMPIRE 1 1 1 3 0 3 0
> VAMPIRE 2 13 1 3 0 3 0
> VAMPIRE 3 13 13 3 1 3 0
> VAMPIRE 4 1 13 3 1 3 0
> GRENADE 1 1 1 3 3
> GRENADE 2 13 1 3 3
> BAT1 8 1 9 1 10 1 11 1 1 3 7 3 1 4 1 5 6 5 8 5 1 6 5 6 9 6 3 7 11 7 5 8 9 8 13 8 6 9 8 9 13 9 13 10 7 11 13 11 3 13 4 13 5 13 6 13
> BAT2 3 1 4 1 5 1 6 1 8 3 9 3 13 3 13 4 3 5 7 5 13 5 3 6 13 6 5 7 9 7 1 8 11 8 1 9 7 9 11 9 1 10 1 11 5 11 6 11 8 13 9 13 10 13 11 13
> BAT3 7 1 5 3 6 3 11 5 11 6 1 7 7 7 13 7 3 8 3 9 8 11 9 11 7 13
< RES 1637333168 3 3
> REQ 1637333168 4 3
> VAMPIRE 1 2 1 3 0 3 0
> VAMPIRE 2 13 2 3 0 3 0
> VAMPIRE 3 13 13 3 1 3 0
> VAMPIRE 4 1 13 3 1 3 0
> GRENADE 1 1 2 2 3
> GRENADE 2 12 1 2 3
> BAT1 8 1 9 1 10 1 11 1 1 3 7 3 1 4 1 5 6 5 8 5 1 6 5 6 9 6 3 7 11 7 5 8 9 8 13 8 6 9 8 9 13 9 13 10 7 11 13 11 3 13 4 13 5 13 6 13
> BAT2 3 1 4 1 5 1 6 1 8 3 9 3 13 3 13 4 3 5 7 5 13 5 3 6 13 6 5 7 9 7 1 8 11 8 1 9 7 9 11 9 1 10 1 11 5 11 6 11 8 13 9 13 10 13 11 13
> BAT3 7 1 5 3 6 3 11 5 11 6 1 7 7 7 13 7 3 8 3 9 8 11 9 11 7 13
< RES 1637333168 4 3
> REQ 1637333168 5 3
> VAMPIRE 1 2 1 3 0 3 0
> VAMPIRE 2 13 2 3 0 3 0
> VAMPIRE 3 13 13 3 1 3 0
> VAMPIRE 4 1 13 3 1 3 0
> GRENADE 1 1 2 1 3
> GRENADE 2 12 1 1 3
> BAT1 8 1 9 1 10 1 11 1 1 3 7 3 1 4 1 5 6 5 8 5 1 6 5 6 9 6 3 7 11 7 5 8 9 8 13 8 6 9 8 9 13 9 13 10 7 11 13 11 3 13 4 13 5 13 6 13
> BAT2 3 1 4 1 5 1 6 1 8 3 9 3 13 3 13 4 3 5 7 5 13 5 3 6 13 6 5 7 9 7 1 8 11 8 1 9 7 9 11 9 1 10 1 11 5 11 6 11 8 13 9 13 10 13 11 13
> BAT3 7 1 5 3 6 3 11 5 11 6 1 7 7 7 13 7 3 8 3 9 8 11 9 11 7 13
< RES 1637333168 5 3
> REQ 1637333168 6 3
> VAMPIRE 1 1 1 3 1 3 0
> VAMPIRE 2 13 1 3 1 3 0
> VAMPIRE 3 13 13 3 1 3 0
> VAMPIRE 4 1 13 3 1 3 0
> BAT1 8 1 9 1 10 1 7 3 1 4 1 5 6 5 8 5 1 6 5 6 9 6 3 7 11 7 5 8 9 8 13 8 6 9 8 9 13 9 13 10 7 11 13 11 3 13 4 13 5 13 6 13
> BAT2 3 1 4 1 5 1 6 1 8 3 9 3 13 3 13 4 3 5 7 5 13 5 3 6 13 6 5 7 9 7 1 8 11 8 1 9 7 9 11 9 1 10 1 11 5 11 6 11 8 13 9 13 10 13 11 13
> BAT3 7 1 5 3 6 3 11 5 11 6 1 7 7 7 13 7 3 8 3 9 8 11 9 11 7 13
< RES 1637333168 6 3
> REQ 1637333168 7 3
> VAMPIRE 1 1 3 3 1 3 0
> VAMPIRE 2 11 1 3 1 3 0
> VAMPIRE 3 13 13 3 1 3 0
> VAMPIRE 4 1 13 3 1 3 0
> BAT1 8 1 9 1 10 1 7 3 1 4 1 5 6 5 8 5 1 6 5 6 9 6 3 7 11 7 5 8 9 8 13 8 6 9 8 9 13 9 13 10 7 11 13 11 3 13 4 13 5 13 6 13
> BAT2 3 1 4 1 5 1 6 1 8 3 9 3 13 3 13 4 3 5 7 5 13 5 3 6 13 6 5 7 9 7 1 8 11 8 1 9 7 9 11 9 1 10 1 11 5 11 6 11 8 13 9 13 10 13 11 13
> BAT3 7 1 5 3 6 3 11 5 11 6 1 7 7 7 13 7 3 8 3 9 8 11 9 11 7 13
< RES 1637333168 7 3
> REQ 1637333168 8 3
> VAMPIRE 1 3 3 3 1 3 0
> VAMPIRE 2 11 3 3 1 3 0
> VAMPIRE 3 13 13 3 1 3 0
> VAMPIRE 4 1 13 3 1 3 0
> BAT1 8 1 9 1 10 1 7 3 1 4 1 5 6 5 8 5 1 6 5 6 9 6 3 7 11 7 5 8 9 8 13 8 6 9 8 9 13 9 13 10 7 11 13 11 3 13 4 13 5 13 6 13
> BAT2 3 1 4 1 5 1 6 1 8 3 9 3 13 3 13 4 3 5 7 5 13 5 3 6 13 6 5 7 9 7 1 8 11 8 1 9 7 9 11 9 1 10 1 11 5 11 6 11 8 13 9 13 10 13 11 13
> BAT3 7 1 5 3 6 3 11 5 11 6 1 7 7 7 13 7 3 8 3 9 8 11 9 11 7 13
< RES 1637333168 8 3
> REQ 1637333168 9 3
> VAMPIRE 1 1 3 3 0 3 0
> VAMPIRE 2 11 1 3 0 3 0
> VAMPIRE 3 13 13 3 1 3 0
> VAMPIRE 4 1 13 3 1 3 0
> GRENADE 1 3 3 5 3
> GRENADE 2 11 3 5 3
> BAT1 8 1 9 1 10 1 7 3 1 4 1 5 6 5 8 5 1 6 5 6 9 6 3 7 11 7 5 8 9 8 13 8 6 9 8 9 13 9 13 10 7 11 13 11 3 13 4 13 5 13 6 13
> BAT2 3 1 4 1 5 1 6 1 8 3 9 3 13 3 13 4 3 5 7 5 13 5 3 6 13 6 5 7 9 7 1 8 11 8 1 9 7 9 11 9 1 10 1 11 5 11 6 11 8 13 9 13 10 13 11 13
> BAT3 7 1 5 3 6 3 11 5 11 6 1 7 7 7 13 7 3 8 3 9 8 11 9 11 7 13
< RES 1637333168 9 3
> REQ 1637333168 10 3
> VAMPIRE 1 1 2 3 0 3 0
> VAMPIRE 2 12 1 3 0 3 0
> VAMPIRE 3 13 13 3 1 3 0
> VAMPIRE 4 1 13 3 1 3 0
> GRENADE 1 3 3 4 3
> GRENADE 2 11 3 4 3
> BAT1 8 1 9 1 10 1 7 3 1 4 1 5 6 5 8 5 1 6 5 6 9 6 3 7 11 7 5 8 9 8 13 8 6 9 8 9 13 9 13 10 7 11 13 11 3 13 4 13 5 13 6 13
> BAT2 3 1 4 1 5 1 6 1 8 3 9 3 13 3 13 4 3 5 7 5 13 5 3 6 13 6 5 7 9 7 1 8 11 8 1 9 7 9 11 9 1 10 1 11 5 11 6 11 8 13 9 13 10 13 11 13
> BAT3 7 1 5 3 6 3 11 5 11 6 1 7 7 7 13 7 3 8 3 9 8 11 9 11 7 13
< RES 1637333168 10 3
> REQ 1637333168 11 3
> VAMPIRE 1 1 2 3 0 3 0
> VAMPIRE 2 12 1 3 0 3 0
> VAMPIRE 3 13 13 3 1 3 0
> VAMPIRE 4 1 13 3 1 3 0
> GRENADE 1 3 3 3 3
> GRENADE 2 11 3 3 3
> BAT1 8 1 9 1 10 1 7 3 1 4 1 5 6 5 8 5 1 6 5 6 9 6 3 7 11 7 5 8 9 8 13 8 6 9 8 9 13 9 13 10 7 11 13 11 3 13 4 13 5 13 6 13
> BAT2 3 1 4 1 5 1 6 1 8 3 9 3 13 3 13 4 3 5 7 5 13 5 3 6 13 6 5 7 9 7 1 8 11 8 1 9 7 9 11 9 1 10 1 11 5 11 6 11 8 13 9 13 10 13 11 13
> BAT3 7 1 5 3 6 3 11 5 11 6 1 7 7 7 13 7 3 8 3 9 8 11 9 11 7 13
< RES 1637333168 11 3
> REQ 1637333168 12 3
> VAMPIRE 1 1 2 3 0 3 0
> VAMPIRE 2 12 1 3 0 3 0
> VAMPIRE 3 13 13 3 1 3 0
> VAMPIRE 4 1 13 3 1 3 0
> GRENADE 1 3 3 2 3
> GRENADE 2 11 3 2 3
> BAT1 8 1 9 1 10 1 7 3 1 4 1 5 6 5 8 5 1 6 5 6 9 6 3 7 11 7 5 8 9 8 13 8 6 9 8 9 13 9 13 10 7 11 13 11 3 13 4 13 5 13 6 13
> BAT2 3 1 4 1 5 1 6 1 8 3 9 3 13 3 13 4 3 5 7 5 13 5 3 6 13 6 5 7 9 7 1 8 11 8 1 9 7 9 11 9 1 10 1 11 5 11 6 11 8 13 9 13 10 13 11 13
> BAT3 7 1 5 3 6 3 11 5 11 6 1 7 7 7 13 7 3 8 3 9 8 11 9 11 7 13
< RES 1637333168 12 3
> REQ 1637333168 13 3
> VAMPIRE 1 1 2 3 0 3 0
> VAMPIRE 2 12 1 3 0 3 0
> VAMPIRE 3 13 13 3 1 3 0
> VAMPIRE 4 1 13 3 1 3 0
> GRENADE 1 3 3 1 3
> GRENADE 2 11 3 1 3
> BAT1 8 1 9 1 10 1 7 3 1 4 1 5 6 5 8 5 1 6 5 6 9 6 3 7 11 7 5 8 9 8 13 8 6 9 8 9 13 9 13 10 7 11 13 11 3 13 4 13 5 13 6 13
> BAT2 3 1 4 1 5 1 6 1 8 3 9 3 13 3 13 4 3 5 7 5 13 5 3 6 13 6 5 7 9 7 1 8 11 8 1 9 7 9 11 9 1 10 1 11 5 11 6 11 8 13 9 13 10 13 11 13
> BAT3 7 1 5 3 6 3 11 5 11 6 1 7 7 7 13 7 3 8 3 9 8 11 9 11 7 13
< RES 1637333168 13 3
> REQ 1637333168 14 3
> VAMPIRE 1 2 3 3 1 3 0
> VAMPIRE 2 11 2 3 1 3 0
> VAMPIRE 3 13 13 3 1 3 0
> VAMPIRE 4 1 13 3 1 3 0
> BAT1 8 1 9 1 10 1 7 3 1 4 1 5 6 5 8 5 1 6 5 6 9 6 3 7 11 7 5 8 9 8 13 8 6 9 8 9 13 9 13 10 7 11 13 11 3 13 4 13 5 13 6 13 3 1 9 3 13 3 3 5
> BAT2 4 1 5 1 6 1 8 3 13 4 7 5 13 5 3 6 13 6 5 7 9 7 1 8 11 8 1 9 7 9 11 9 1 10 1 11 5 11 6 11 8 13 9 13 10 13 11 13 5 3 11 5
> BAT3 7 1 6 3 11 6 1 7 7 7 13 7 3 8 3 9 8 11 9 11 7 13
< RES 1637333168 14 3
> REQ 1637333168 15 3
> VAMPIRE 1 3 3 3 1 3 0
> VAMPIRE 2 10 3 3 1 3 0
> VAMPIRE 3 13 13 3 1 3 0
> VAMPIRE 4 1 13 3 1 3 0
> BAT1 8 1 9 1 10 1 7 3 1 4 1 5 6 5 8 5 1 6 5 6 9 6 3 7 11 7 5 8 9 8 13 8 6 9 8 9 13 9 13 10 7 11 13 11 3 13 4 13 5 13 6 13 3 1 9 3 13 3 3 5
> BAT2 4 1 5 1 6 1 8 3 13 4 7 5 13 5 3 6 13 6 5 7 9 7 1 8 11 8 1 9 7 9 11 9 1 10 1 11 5 11 6 11 8 13 9 13 10 13 11 13 5 3 11 5
> BAT3 7 1 6 3 11 6 1 7 7 7 13 7 3 8 3 9 8 11 9 11 7 13
< RES 1637333168 15 3
> REQ 1637333168 16 3
> VAMPIRE 1 1 3 3 0 3 0
> VAMPIRE 2 11 2 3 0 3 0
> VAMPIRE 3 13 13 3 1 3 0
> VAMPIRE 4 1 13 3 1 3 0
> GRENADE 1 3 3 5 3
> GRENADE 2 10 3 5 3
> BAT1 8 1 9 1 10 1 7 3 1 4 1 5 6 5 8 5 1 6 5 6 9 6 3 7 11 7 5 8 9 8 13 8 6 9 8 9 13 9 13 10 7 11 13 11 3 13 4 13 5 13 6 13 3 1 9 3 13 3 3 5
> BAT2 4 1 5 1 6 1 8 3 13 4 7 5 13 5 3 6 13 6 5 7 9 7 1 8 11 8 1 9 7 9 11 9 1 10 1 11 5 11 6 11 8 13 9 13 10 13 11 13 5 3 11 5
> BAT3 7 1 6 3 11 6 1 7 7 7 13 7 3 8 3 9 8 11 9 11 7 13
< RES 1637333168 16 3
> REQ 1637333168 17 3
> VAMPIRE 1 1 2 3 0 3 0
> VAMPIRE 2 11 1 3 0 3 0
> VAMPIRE 3 13 13 3 1 3 0
> VAMPIRE 4 1 13 3 1 3 0
> GRENADE 1 3 3 4 3
> GRENADE 2 10 3 4 3
> BAT1 8 1 9 1 10 1 7 3 1 4 1 5 6 5 8 5 1 6 5 6 9 6 3 7 11 7 5 8 9 8 13 8 6 9 8 9 13 9 13 10 7 11 13 11 3 13 4 13 5 13 6 13 3 1 9 3 13 3 3 5
> BAT2 4 1 5 1 6 1 8 3 13 4 7 5 13 5 3 6 13 6 5 7 9 7 1 8 11 8 1 9 7 9 11 9 1 10 1 11 5 11 6 11 8 13 9 13 10 13 11 13 5 3 11 5
> BAT3 7 1 6 3 11 6 1 7 7 7 13 7 3 8 3 9 8 11 9 11 7 13
< RES 1637333168 17 3
> REQ 1637333168 18 3
> VAMPIRE 1 1 2 3 0 3 0
> VAMPIRE 2 11 1 3 0 3 0
> VAMPIRE 3 13 13 3 1 3 0
> VAMPIRE 4 1 13 3 1 3 0
> GRENADE 1 3 3 3 3
> GRENADE 2 10 3 3 3
> BAT1 8 1 9 1 10 1 7 3 1 4 1 5 6 5 8 5 1 6 5 6 9 6 3 7 11 7 5 8 9 8 13 8 6 9 8 9 13 9 13 10 7 11 13 11 3 13 4 13 5 13 6 13 3 1 9 3 13 3 3 5
> BAT2 4 1 5 1 6 1 8 3 13 4 7 5 13 5 3 6 13 6 5 7 9 7 1 8 11 8 1 9 7 9 11 9 1 10 1 11 5 11 6 11 8 13 9 13 10 13 11 13 5 3 11 5
> BAT3 7 1 6 3 11 6 1 7 7 7 13 7 3 8 3 9 8 11 9 11 7 13
< RES 1637333168 18 3
> REQ 1637333168 19 3
> VAMPIRE 1 1 2 3 0 3 0
> VAMPIRE 2 11 1 3 0 3 0
> VAMPIRE 3 13 13 3 1 3 0
> VAMPIRE 4 1 13 3 1 3 0
> GRENADE 1 3 3 2 3
> GRENADE 2 10 3 2 3
> BAT1 8 1 9 1 10 1 7 3 1 4 1 5 6 5 8 5 1 6 5 6 9 6 3 7 11 7 5 8 9 8 13 8 6 9 8 9 13 9 13 10 7 11 13 11 3 13 4 13 5 13 6 13 3 1 9 3 13 3 3 5
> BAT2 4 1 5 1 6 1 8 3 13 4 7 5 13 5 3 6 13 6 5 7 9 7 1 8 11 8 1 9 7 9 11 9 1 10 1 11 5 11 6 11 8 13 9 13 10 13 11 13 5 3 11 5
> BAT3 7 1 6 3 11 6 1 7 7 7 13 7 3 8 3 9 8 11 9 11 7 13
< RES 1637333168 19 3
> REQ 1637333168 20 3
> VAMPIRE 1 1 2 3 0 3 0
> VAMPIRE 2 11 1 3 0 3 0
> VAMPIRE 3 13 13 3 1 3 0
> VAMPIRE 4 1 13 3 1 3 0
> GRENADE 1 3 3 1 3
> GRENADE 2 10 3 1 3
> BAT1 8 1 9 1 10 1 7 3 1 4 1 5 6 5 8 5 1 6 5 6 9 6 3 7 11 7 5 8 9 8 13 8 6 9 8 9 13 9 13 10 7 11 13 11 3 13 4 13 5 13 6 13 3 1 9 3 13 3 3 5
> BAT2 4 1 5 1 6 1 8 3 13 4 7 5 13 5 3 6 13 6 5 7 9 7 1 8 11 8 1 9 7 9 11 9 1 10 1 11 5 11 6 11 8 13 9 13 10 13 11 13 5 3 11 5
> BAT3 7 1 6 3 11 6 1 7 7 7 13 7 3 8 3 9 8 11 9 11 7 13
< RES 1637333168 20 3
> REQ 1637333168 21 3
> VAMPIRE 1 1 3 3 1 3 0
> VAMPIRE 2 11 3 3 1 3 0
> VAMPIRE 3 13 13 3 1 3 0
> VAMPIRE 4 1 13 3 1 3 0
> BAT1 8 1 9 1 10 1 7 3 1 4 1 5 6 5 8 5 1 6 5 6 9 6 3 7 11 7 5 8 9 8 13 8 6 9 8 9 13 9 13 10 7 11 13 11 3 13 4 13 5 13 6 13 5 3
> BAT2 4 1 5 1 6 1 8 3 13 4 7 5 13 5 3 6 13 6 5 7 9 7 1 8 11 8 1 9 7 9 11 9 1 10 1 11 5 11 6 11 8 13 9 13 10 13 11 13 11 5
> BAT3 7 1 6 3 11 6 1 7 7 7 13 7 3 8 3 9 8 11 9 11 7 13
< RES 1637333168 21 3
> REQ 1637333168 22 3
> VAMPIRE 1 3 3 3 1 3 0
> VAMPIRE 2 11 3 3 0 3 0
> VAMPIRE 3 13 13 3 1 3 0
> VAMPIRE 4 1 13 3 1 3 0
> GRENADE 2 11 3 5 3
> BAT1 8 1 9 1 10 1 7 3 1 4 1 5 6 5 8 5 1 6 5 6 9 6 3 7 11 7 5 8 9 8 13 8 6 9 8 9 13 9 13 10 7 11 13 11 3 13 4 13 5 13 6 13 5 3
> BAT2 4 1 5 1 6 1 8 3 13 4 7 5 13 5 3 6 13 6 5 7 9 7 1 8 11 8 1 9 7 9 11 9 1 10 1 11 5 11 6 11 8 13 9 13 10 13 11 13 11 5
> BAT3 7 1 6 3 11 6 1 7 7 7 13 7 3 8 3 9 8 11 9 11 7 13
< RES 1637333168 22 3
> REQ 1637333168 23 3
> VAMPIRE 1 3 3 3 0 3 0
> VAMPIRE 2 11 1 3 0 3 0
> VAMPIRE 3 13 13 3 1 3 0
> VAMPIRE 4 1 13 3 1 3 0
> GRENADE 2 9 3 4 3
> GRENADE 1 3 3 5 3
> BAT1 8 1 9 1 10 1 7 3 1 4 1 5 6 5 8 5 1 6 5 6 9 6 3 7 11 7 5 8 9 8 13 8 6 9 8 9 13 9 13 10 7 11 13 11 3 13 4 13 5 13 6 13 5 3
> BAT2 4 1 5 1 6 1 8 3 13 4 7 5 13 5 3 6 13 6 5 7 9 7 1 8 11 8 1 9 7 9 11 9 1 10 1 11 5 11 6 11 8 13 9 13 10 13 11 13 11 5
> BAT3 7 1 6 3 11 6 1 7 7 7 13 7 3 8 3 9 8 11 9 11 7 13
< RES 1637333168 23 3
> REQ 1637333168 24 3
> VAMPIRE 1 1 3 3 0 3 0
> VAMPIRE 2 11 1 3 0 3 0
> VAMPIRE 3 13 13 3 1 3 0
> VAMPIRE 4 1 13 3 1 3 0
> GRENADE 2 9 3 3 3
> GRENADE 1 3 5 4 3
> BAT1 8 1 9 1 10 1 7 3 1 4 1 5 6 5 8 5 1 6 5 6 9 6 3 7 11 7 5 8 9 8 13 8 6 9 8 9 13 9 13 10 7 11 13 11 3 13 4 13 5 13 6 13 5 3
> BAT2 4 1 5 1 6 1 8 3 13 4 7 5 13 5 3 6 13 6 5 7 9 7 1 8 11 8 1 9 7 9 11 9 1 10 1 11 5 11 6 11 8 13 9 13 10 13 11 13 11 5
> BAT3 7 1 6 3 11 6 1 7 7 7 13 7 3 8 3 9 8 11 9 11 7 13
< RES 1637333168 24 3
> REQ 1637333168 25 3
> VAMPIRE 1 1 3 3 0 3 0
> VAMPIRE 2 11 1 3 0 3 0
> VAMPIRE 3 13 13 3 1 3 0
> VAMPIRE 4 1 13 3 1 3 0
> GRENADE 2 9 3 2 3
> GRENADE 1 3 5 3 3
> BAT1 8 1 9 1 10 1 7 3 1 4 1 5 6 5 8 5 1 6 5 6 9 6 3 7 11 7 5 8 9 8 13 8 6 9 8 9 13 9 13 10 7 11 13 11 3 13 4 13 5 13 6 13 5 3
> BAT2 4 1 5 1 6 1 8 3 13 4 7 5 13 5 3 6 13 6 5 7 9 7 1 8 11 8 1 9 7 9 11 9 1 10 1 11 5 11 6 11 8 13 9 13 10 13 11 13 11 5
> BAT3 7 1 6 3 11 6 1 7 7 7 13 7 3 8 3 9 8 11 9 11 7 13
< RES 1637333168 25 3
> REQ 1637333168 26 3
> VAMPIRE 1 1 3 3 0 3 0
> VAMPIRE 2 11 1 3 0 3 0
> VAMPIRE 3 13 13 3 1 3 0
> VAMPIRE 4 1 13 3 1 3 0
> GRENADE 2 9 3 1 3
> GRENADE 1 3 5 2 3
> BAT1 8 1 9 1 10 1 7 3 1 4 1 5 6 5 8 5 1 6 5 6 9 6 3 7 11 7 5 8 9 8 13 8 6 9 8 9 13 9 13 10 7 11 13 11 3 13 4 13 5 13 6 13 5 3
> BAT2 4 1 5 1 6 1 8 3 13 4 7 5 13 5 3 6 13 6 5 7 9 7 1 8 11 8 1 9 7 9 11 9 1 10 1 11 5 11 6 11 8 13 9 13 10 13 11 13 11 5
> BAT3 7 1 6 3 11 6 1 7 7 7 13 7 3 8 3 9 8 11 9 11 7 13
< RES 1637333168 26 3
> REQ 1637333168 27 3
> VAMPIRE 1 1 3 3 0 3 0
> VAMPIRE 2 11 3 3 1 3 0
> VAMPIRE 3 13 13 3 1 3 0
> VAMPIRE 4 1 13 3 1 3 0
> GRENADE 1 3 5 1 3
> BAT1 8 1 10 1 7 3 1 4 1 5 6 5 8 5 1 6 5 6 3 7 11 7 5 8 9 8 13 8 6 9 8 9 13 9 13 10 7 11 13 11 3 13 4 13 5 13 6 13 8 3 5 3
> BAT2 4 1 5 1 6 1 13 4 7 5 13 5 3 6 13 6 5 7 9 7 1 8 11 8 1 9 7 9 11 9 1 10 1 11 5 11 6 11 8 13 9 13 10 13 11 13 11 5
> BAT3 7 1 6 3 11 6 1 7 7 7 13 7 3 8 3 9 8 11 9 11 7 13
< RES 1637333168 27 3
> REQ 1637333168 28 3
> VAMPIRE 1 1 1 3 1 3 0
> VAMPIRE 2 9 3 3 0 3 0
> VAMPIRE 3 13 13 3 1 3 0
> VAMPIRE 4 1 13 3 1 3 0
> GRENADE 2 11 3 5 3
> BAT1 8 1 10 1 7 3 1 4 8 5 1 6 5 6 3 7 11 7 5 8 9 8 13 8 6 9 8 9 13 9 13 10 7 11 13 11 3 13 4 13 5 13 6 13 8 3 3 6 5 3
> BAT2 4 1 5 1 6 1 13 4 7 5 13 5 13 6 5 7 9 7 1 8 11 8 1 9 7 9 11 9 1 10 1 11 5 11 6 11 8 13 9 13 10 13 11 13 11 5
> BAT3 7 1 6 3 11 6 1 7 7 7 13 7 3 8 3 9 8 11 9 11 7 13
< RES 1637333168 28 3
> REQ 1637333168 29 3
> VAMPIRE 1 3 1 3 0 3 0
> VAMPIRE 2 9 5 3 0 3 0
> VAMPIRE 3 13 13 3 1 3 0
> VAMPIRE 4 1 13 3 1 3 0
> GRENADE 2 11 3 4 3
> GRENADE 1 1 1 5 3
> BAT1 8 1 10 1 7 3 1 4 8 5 1 6 5 6 3 7 11 7 5 8 9 8 13 8 6 9 8 9 13 9 13 10 7 11 13 11 3 13 4 13 5 13 6 13 8 3 3 6 5 3
> BAT2 4 1 5 1 6 1 13 4 7 5 13 5 13 6 5 7 9 7 1 8 11 8 1 9 7 9 11 9 1 10 1 11 5 11 6 11 8 13 9 13 10 13 11 13 11 5
> BAT3 7 1 6 3 11 6 1 7 7 7 13 7 3 8 3 9 8 11 9 11 7 13
< RES 1637333168 29 3
> REQ 1637333168 30 3
> VAMPIRE 1 3 3 3 0 3 0
> VAMPIRE 2 9 5 3 0 3 0
> VAMPIRE 3 13 13 3 1 3 0
> VAMPIRE 4 1 13 3 1 3 0
> GRENADE 2 11 3 3 3
> GRENADE 1 1 1 4 3
> BAT1 8 1 10 1 7 3 1 4 8 5 1 6 5 6 3 7 11 7 5 8 9 8 13 8 6 9 8 9 13 9 13 10 7 11 13 11 3 13 4 13 5 13 6 13 8 3 3 6 5 3
> BAT2 4 1 5 1 6 1 13 4 7 5 13 5 13 6 5 7 9 7 1 8 11 8 1 9 7 9 11 9 1 10 1 11 5 11 6 11 8 13 9 13 10 13 11 13 11 5
> BAT3 7 1 6 3 11 6 1 7 7 7 13 7 3 8 3 9 8 11 9 11 7 13
< RES 1637333168 30 3
> REQ 1637333168 31 3
> VAMPIRE 1 3 3 3 0 3 0
> VAMPIRE 2 9 5 3 0 3 0
> VAMPIRE 3 13 13 3 1 3 0
> VAMPIRE 4 1 13 3 1 3 0
> GRENADE 2 11 3 2 3
> GRENADE 1 1 1 3 3
> BAT1 8 1 10 1 7 3 1 4 8 5 1 6 5 6 3 7 11 7 5 8 9 8 13 8 6 9 8 9 13 9 13 10 7 11 13 11 3 13 4 13 5 13 6 13 8 3 3 6 5 3
> BAT2 4 1 5 1 6 1 13 4 7 5 13 5 13 6 5 7 9 7 1 8 11 8 1 9 7 9 11 9 1 10 1 11 5 11 6 11 8 13 9 13 10 13 11 13 11 5
> BAT3 7 1 6 3 11 6 1 7 7 7 13 7 3 8 3 9 8 11 9 11 7 13
< RES 1637333168 31 3
> REQ 1637333168 32 3
> VAMPIRE 1 3 3 3 0 3 0
> VAMPIRE 2 9 5 3 0 3 0
> VAMPIRE 3 13 13 3 1 3 0
> VAMPIRE 4 1 13 3 1 3 0
> GRENADE 2 11 3 1 3
> GRENADE 1 1 1 2 3
> BAT1 8 1 10 1 7 3 1 4 8 5 1 6 5 6 3 7 11 7 5 8 9 8 13 8 6 9 8 9 13 9 13 10 7 11 13 11 3 13 4 13 5 13 6 13 8 3 3 6 5 3
> BAT2 4 1 5 1 6 1 13 4 7 5 13 5 13 6 5 7 9 7 1 8 11 8 1 9 7 9 11 9 1 10 1 11 5 11 6 11 8 13 9 13 10 13 11 13 11 5
> BAT3 7 1 6 3 11 6 1 7 7 7 13 7 3 8 3 9 8 11 9 11 7 13
< RES 1637333168 32 3
> REQ 1637333168 33 3
> VAMPIRE 1 3 5 3 0 3 0
> VAMPIRE 2 9 5 3 1 3 0
> VAMPIRE 3 13 13 3 1 3 0
> VAMPIRE 4 1 13 3 1 3 0
> GRENADE 1 1 1 1 3
> BAT1 8 1 10 1 7 3 1 4 8 5 1 6 5 6 3 7 11 7 5 8 9 8 13 8 6 9 8 9 13 9 13 10 7 11 13 11 3 13 4 13 5 13 6 13 3 6 5 3 11 5
> BAT2 4 1 5 1 6 1 13 4 7 5 13 5 13 6 5 7 9 7 1 8 11 8 1 9 7 9 11 9 1 10 1 11 5 11 6 11 8 13 9 13 10 13 11 13
> BAT3 7 1 6 3 11 6 1 7 7 7 13 7 3 8 3 9 8 11 9 11 7 13
< RES 1637333168 33 3
> REQ 1637333168 34 3
> VAMPIRE 1 5 5 3 1 3 0
> VAMPIRE 2 9 5 3 0 3 0
> VAMPIRE 3 13 13 3 1 3 0
> VAMPIRE 4 1 13 3 1 3 0
> GRENADE 2 9 5 5 3
> BAT1 8 1 10 1 7 3 8 5 1 6 5 6 3 7 11 7 5 8 9 8 13 8 6 9 8 9 13 9 13 10 7 11 13 11 3 13 4 13 5 13 6 13 4 1 3 6 5 3 11 5
> BAT2 5 1 6 1 13 4 7 5 13 5 13 6 5 7 9 7 1 8 11 8 1 9 7 9 11 9 1 10 1 11 5 11 6 11 8 13 9 13 10 13 11 13
> BAT3 7 1 6 3 11 6 1 7 7 7 13 7 3 8 3 9 8 11 9 11 7 13
< RES 1637333168 34 3
> REQ 1637333168 35 3
> VAMPIRE 1 3 5 3 0 3 0
> VAMPIRE 2 9 5 3 0 3 0
> VAMPIRE 3 13 13 3 1 3 0
> VAMPIRE 4 1 13 3 1 3 0
> GRENADE 2 9 9 4 3
> GRENADE 1 5 5 5 3
> BAT1 8 1 10 1 7 3 8 5 1 6 5 6 3 7 11 7 5 8 9 8 13 8 6 9 8 9 13 9 13 10 7 11 13 11 3 13 4 13 5 13 6 13 4 1 3 6 5 3 11 5
> BAT2 5 1 6 1 13 4 7 5 13 5 13 6 5 7 9 7 1 8 11 8 1 9 7 9 11 9 1 10 1 11 5 11 6 11 8 13 9 13 10 13 11 13
> BAT3 7 1 6 3 11 6 1 7 7 7 13 7 3 8 3 9 8 11 9 11 7 13
< RES 1637333168 35 3
> REQ 1637333168 36 3
> VAMPIRE 1 3 3 3 0 3 0
> VAMPIRE 2 9 3 3 0 3 0
> VAMPIRE 3 13 13 3 1 3 0
> VAMPIRE 4 1 13 3 1 3 0
> GRENADE 2 9 9 3 3
> GRENADE 1 5 5 4 3
> BAT1 8 1 10 1 7 3 8 5 1 6 5 6 3 7 11 7 5 8 9 8 13 8 6 9 8 9 13 9 13 10 7 11 13 11 3 13 4 13 5 13 6 13 4 1 3 6 5 3 11 5
> BAT2 5 1 6 1 13 4 7 5 13 5 13 6 5 7 9 7 1 8 11 8 1 9 7 9 11 9 1 10 1 11 5 11 6 11 8 13 9 13 10 13 11 13
> BAT3 7 1 6 3 11 6 1 7 7 7 13 7 3 8 3 9 8 11 9 11 7 13
< RES 1637333168 36 3
> REQ 1637333168 37 3
> VAMPIRE 1 3 3 3 0 3 0
> VAMPIRE 2 9 3 3 0 3 0
> VAMPIRE 3 13 13 3 1 3 0
> VAMPIRE 4 1 13 3 1 3 0
> GRENADE 2 9 9 2 3
> GRENADE 1 5 5 3 3
> BAT1 8 1 10 1 7 3 8 5 1 6 5 6 3 7 11 7 5 8 9 8 13 8 6 9 8 9 13 9 13 10 7 11 13 11 3 13 4 13 5 13 6 13 4 1 3 6 5 3 11 5
> BAT2 5 1 6 1 13 4 7 5 13 5 13 6 5 7 9 7 1 8 11 8 1 9 7 9 11 9 1 10 1 11 5 11 6 11 8 13 9 13 10 13 11 13
> BAT3 7 1 6 3 11 6 1 7 7 7 13 7 3 8 3 9 8 11 9 11 7 13
< RES 1637333168 37 3
> REQ 1637333168 38 3
> VAMPIRE 1 3 3 3 0 3 0
> VAMPIRE 2 9 5 3 0 3 0
> VAMPIRE 3 13 13 3 1 3 0
> VAMPIRE 4 1 13 3 1 3 0
> GRENADE 2 9 9 1 3
> GRENADE 1 5 5 2 3
> BAT1 8 1 10 1 7 3 8 5 1 6 5 6 3 7 11 7 5 8 9 8 13 8 6 9 8 9 13 9 13 10 7 11 13 11 3 13 4 13 5 13 6 13 4 1 3 6 5 3 11 5
> BAT2 5 1 6 1 13 4 7 5 13 5 13 6 5 7 9 7 1 8 11 8 1 9 7 9 11 9 1 10 1 11 5 11 6 11 8 13 9 13 10 13 11 13
> BAT3 7 1 6 3 11 6 1 7 7 7 13 7 3 8 3 9 8 11 9 11 7 13
< RES 1637333168 38 3
> REQ 1637333168 39 3
> VAMPIRE 1 3 3 3 0 3 0
> VAMPIRE 2 9 5 3 1 3 0
> VAMPIRE 3 13 13 3 1 3 0
> VAMPIRE 4 1 13 3 1 3 0
> GRENADE 1 5 5 1 3
> BAT1 8 1 10 1 7 3 8 5 1 6 5 6 3 7 11 7 5 8 13 8 6 9 13 9 13 10 7 11 13 11 3 13 4 13 5 13 6 13 4 1 3 6 11 9 5 3 11 5
> BAT2 5 1 6 1 13 4 7 5 13 5 13 6 5 7 9 7 1 8 11 8 1 9 7 9 1 10 1 11 5 11 6 11 8 13 9 13 10 13 11 13 9 11
> BAT3 7 1 6 3 11 6 1 7 7 7 13 7 3 8 3 9 8 11 7 13
< RES 1637333168 39 3
> REQ 1637333168 40 3
> VAMPIRE 1 3 3 3 1 3 0
> VAMPIRE 2 9 5 3 0 3 0
> VAMPIRE 3 13 13 3 1 3 0
> VAMPIRE 4 1 13 3 1 3 0
> GRENADE 2 9 5 5 3
> BAT1 8 1 10 1 7 3 8 5 1 6 3 7 11 7 5 8 13 8 6 9 13 9 13 10 7 11 13 11 3 13 4 13 5 13 6 13 4 1 7 5 3 6 11 9 11 5
> BAT2 5 1 6 1 13 4 13 5 13 6 5 7 9 7 1 8 11 8 1 9 7 9 1 10 1 11 5 11 6 11 8 13 9 13 10 13 11 13 9 11
> BAT3 7 1 6 3 11 6 1 7 7 7 13 7 3 8 3 9 8 11 7 13
< RES 1637333168 40 3
> REQ 1637333168 41 3
> VAMPIRE 1 3 3 3 0 3 0
> VAMPIRE 2 9 5 3 0 3 0
> VAMPIRE 3 13 13 3 1 3 0
> VAMPIRE 4 1 13 3 1 3 0
> GRENADE 2 9 9 4 3
> GRENADE 1 3 3 5 3
> BAT1 8 1 10 1 7 3 8 5 1 6 3 7 11 7 5 8 13 8 6 9 13 9 13 10 7 11 13 11 3 13 4 13 5 13 6 13 4 1 7 5 3 6 11 9 11 5
> BAT2 5 1 6 1 13 4 13 5 13 6 5 7 9 7 1 8 11 8 1 9 7 9 1 10 1 11 5 11 6 11 8 13 9 13 10 13 11 13 9 11
> BAT3 7 1 6 3 11 6 1 7 7 7 13 7 3 8 3 9 8 11 7 13
< RES 1637333168 41 3
> REQ 1637333168 42 3
> VAMPIRE 1 3 5 3 0 3 0
> VAMPIRE 2 9 3 3 0 3 0
> VAMPIRE 3 13 13 3 1 3 0
> VAMPIRE 4 1 13 3 1 3 0
> GRENADE 2 9 9 3 3
> GRENADE 1 5 3 4 3
> BAT1 8 1 10 1 7 3 8 5 1 6 3 7 11 7 5 8 13 8 6 9 13 9 13 10 7 11 13 11 3 13 4 13 5 13 6 13 4 1 7 5 3 6 11 9 11 5
> BAT2 5 1 6 1 13 4 13 5 13 6 5 7 9 7 1 8 11 8 1 9 7 9 1 10 1 11 5 11 6 11 8 13 9 13 10 13 11 13 9 11
> BAT3 7 1 6 3 11 6 1 7 7 7 13 7 3 8 3 9 8 11 7 13
< RES 1637333168 42 3
> REQ 1637333168 43 3
> VAMPIRE 1 3 5 3 0 3 0
> VAMPIRE 2 9 3 3 0 3 0
> VAMPIRE 3 13 13 3 1 3 0
> VAMPIRE 4 1 13 3 1 3 0
> GRENADE 2 9 9 2 3
> GRENADE 1 5 3 3 3
> BAT1 8 1 10 1 7 3 8 5 1 6 3 7 11 7 5 8 13 8 6 9 13 9 13 10 7 11 13 11 3 13 4 13 5 13 6 13 4 1 7 5 3 6 11 9 11 5
> BAT2 5 1 6 1 13 4 13 5 13 6 5 7 9 7 1 8 11 8 1 9 7 9 1 10 1 11 5 11 6 11 8 13 9 13 10 13 11 13 9 11
> BAT3 7 1 6 3 11 6 1 7 7 7 13 7 3 8 3 9 8 11 7 13
< RES 1637333168 43 3
> REQ 1637333168 44 3
> VAMPIRE 1 3 5 3 0 3 0
> VAMPIRE 2 9 5 3 0 3 0
> VAMPIRE 3 13 13 3 1 3 0
> VAMPIRE 4 1 13 3 1 3 0
> GRENADE 2 9 9 1 3
> GRENADE 1 5 3 2 3
> BAT1 8 1 10 1 7 3 8 5 1 6 3 7 11 7 5 8 13 8 6 9 13 9 13 10 7 11 13 11 3 13 4 13 5 13 6 13 4 1 7 5 3 6 11 9 11 5
> BAT2 5 1 6 1 13 4 13 5 13 6 5 7 9 7 1 8 11 8 1 9 7 9 1 10 1 11 5 11 6 11 8 13 9 13 10 13 11 13 9 11
> BAT3 7 1 6 3 11 6 1 7 7 7 13 7 3 8 3 9 8 11 7 13
< RES 1637333168 44 3
> REQ 1637333168 45 3
> VAMPIRE 1 3 5 3 0 3 0
> VAMPIRE 2 9 5 3 1 3 0
> VAMPIRE 3 13 13 3 1 3 0
> VAMPIRE 4 1 13 3 1 3 0
> GRENADE 1 5 3 1 3
> BAT1 8 1 10 1 7 3 8 5 1 6 3 7 11 7 5 8 13 8 6 9 13 9 13 10 7 11 13 11 3 13 4 13 5 13 6 13 4 1 7 5 3 6 9 7 7 9 11 5 9 11
> BAT2 5 1 6 1 13 4 13 5 13 6 5 7 1 8 11 8 1 9 1 10 1 11 5 11 6 11 8 13 9 13 10 13 11 13
> BAT3 7 1 6 3 11 6 1 7 7 7 13 7 3 8 3 9 8 11 7 13
< RES 1637333168 45 3
> REQ 1637333168 46 3
> VAMPIRE 1 5 5 3 1 3 0
> VAMPIRE 2 9 3 3 0 3 0
> VAMPIRE 3 13 13 3 1 3 0
> VAMPIRE 4 1 13 3 1 3 0
> GRENADE 2 9 5 5 3
> BAT1 8 1 10 1 7 3 8 5 1 6 3 7 11 7 5 8 13 8 6 9 13 9 13 10 7 11 13 11 3 13 4 13 5 13 6 13 4 1 5 1 7 5 3 6 9 7 7 9 11 5 9 11
> BAT2 6 1 13 4 13 5 13 6 5 7 1 8 11 8 1 9 1 10 1 11 5 11 6 11 8 13 9 13 10 13 11 13 6 3
> BAT3 7 1 11 6 1 7 7 7 13 7 3 8 3 9 8 11 7 13
< RES 1637333168 46 3
> REQ 1637333168 47 3
> VAMPIRE 1 5 5 3 0 3 0
> VAMPIRE 2 11 3 3 0 3 0
> VAMPIRE 3 13 13 3 1 3 0
> VAMPIRE 4 1 13 3 1 3 0
> GRENADE 2 9 5 4 3
> GRENADE 1 5 5 5 3
> BAT1 8 1 10 1 7 3 8 5 1 6 3 7 11 7 5 8 13 8 6 9 13 9 13 10 7 11 13 11 3 13 4 13 5 13 6 13 4 1 5 1 7 5 3 6 9 7 7 9 11 5 9 11
> BAT2 6 1 13 4 13 5 13 6 5 7 1 8 11 8 1 9 1 10 1 11 5 11 6 11 8 13 9 13 10 13 11 13 6 3
> BAT3 7 1 11 6 1 7 7 7 13 7 3 8 3 9 8 11 7 13
< RES 1637333168 47 3
> REQ 1637333168 48 3
> VAMPIRE 1 5 5 3 0 3 0
> VAMPIRE 2 11 3 3 0 3 0
> VAMPIRE 3 13 13 3 1 3 0
> VAMPIRE 4 1 13 3 1 3 0
> GRENADE 2 9 5 3 3
> GRENADE 1 5 9 4 3
> BAT1 8 1 10 1 7 3 8 5 1 6 3 7 11 7 5 8 13 8 6 9 13 9 13 10 7 11 13 11 3 13 4 13 5 13 6 13 4 1 5 1 7 5 3 6 9 7 7 9 11 5 9 11
> BAT2 6 1 13 4 13 5 13 6 5 7 1 8 11 8 1 9 1 10 1 11 5 11 6 11 8 13 9 13 10 13 11 13 6 3
> BAT3 7 1 11 6 1 7 7 7 13 7 3 8 3 9 8 11 7 13
< RES 1637333168 48 3
> REQ 1637333168 49 3
> VAMPIRE 1 5 5 3 0 3 0
> VAMPIRE 2 9 3 3 0 3 0
> VAMPIRE 3 13 13 3 1 3 0
> VAMPIRE 4 1 13 3 1 3 0
> GRENADE 2 9 5 2 3
> GRENADE 1 5 9 3 3
> BAT1 8 1 10 1 7 3 8 5 1 6 3 7 11 7 5 8 13 8 6 9 13 9 13 10 7 11 13 11 3 13 4 13 5 13 6 13 4 1 5 1 7 5 3 6 9 7 7 9 11 5 9 11
> BAT2 6 1 13 4 13 5 13 6 5 7 1 8 11 8 1 9 1 10 1 11 5 11 6 11 8 13 9 13 10 13 11 13 6 3
> BAT3 7 1 11 6 1 7 7 7 13 7 3 8 3 9 8 11 7 13
< RES 1637333168 49 3
> REQ 1637333168 50 3
> VAMPIRE 1 5 5 3 0 3 0
> VAMPIRE 2 11 3 3 0 3 0
> VAMPIRE 3 13 13 3 1 3 0
> VAMPIRE 4 1 13 3 1 3 0
> GRENADE 2 9 5 1 3
> GRENADE 1 5 9 2 3
> BAT1 8 1 10 1 7 3 8 5 1 6 3 7 11 7 5 8 13 8 6 9 13 9 13 10 7 11 13 11 3 13 4 13 5 13 6 13 4 1 5 1 7 5 3 6 9 7 7 9 11 5 9 11
> BAT2 6 1 13 4 13 5 13 6 5 7 1 8 11 8 1 9 1 10 1 11 5 11 6 11 8 13 9 13 10 13 11 13 6 3
> BAT3 7 1 11 6 1 7 7 7 13 7 3 8 3 9 8 11 7 13
< RES 1637333168 50 3
> REQ 1637333168 51 3
> VAMPIRE 1 5 5 3 0 3 0
> VAMPIRE 2 9 3 3 1 3 0
> VAMPIRE 3 13 13 3 1 3 0
> VAMPIRE 4 1 13 3 1 3 0
> GRENADE 1 5 9 1 3
> BAT1 8 1 10 1 7 3 1 6 3 7 11 7 5 8 13 8 6 9 13 9 13 10 7 11 13 11 3 13 4 13 5 13 6 13 4 1 5 1 7 5 3 6 7 9 9 11
> BAT2 6 1 13 4 13 5 13 6 5 7 1 8 11 8 1 9 1 10 1 11 5 11 6 11 8 13 9 13 10 13 11 13 6 3
> BAT3 7 1 11 6 1 7 7 7 13 7 3 8 3 9 8 11 7 13
< RES 1637333168 51 3
< MOVE L
> REQ 1637333168 52 3
> VAMPIRE 1 5 5 3 1 3 0
> VAMPIRE 2 9 3 3 0 3 0
> VAMPIRE 3 13 12 3 1 3 0
> VAMPIRE 4 1 13 3 1 3 0
> GRENADE 2 9 3 5 3
> BAT1 8 1 10 1 7 3 1 6 3 7 11 7 13 8 13 9 13 10 7 11 13 11 3 13 4 13 5 13 6 13 4 1 5 1 7 5 3 6 7 9 5 11 9 11
> BAT2 6 1 13 4 13 5 13 6 5 7 1 8 11 8 1 9 1 10 1 11 6 11 8 13 9 13 10 13 11 13 6 3 3 9
> BAT3 7 1 11 6 1 7 7 7 13 7 3 8 8 11 7 13
< RES 1637333168 52 3
< GRENADE
< MOVE R U
> REQ 1637333168 53 3
> VAMPIRE 1 5 5 3 0 3 0
> VAMPIRE 2 9 3 3 0 3 0
> VAMPIRE 3 12 13 3 0 3 0
> VAMPIRE 4 1 13 3 1 3 0
> GRENADE 2 5 3 4 3
> GRENADE 1 5 5 5 3
> GRENADE 3 13 12 5 3
> BAT1 8 1 10 1 7 3 1 6 3 7 11 7 13 8 13 9 13 10 7 11 13 11 3 13 4 13 5 13 6 13 4 1 5 1 7 5 3 6 7 9 5 11 9 11
> BAT2 6 1 13 4 13 5 13 6 5 7 1 8 11 8 1 9 1 10 1 11 6 11 8 13 9 13 10 13 11 13 6 3 3 9
> BAT3 7 1 11 6 1 7 7 7 13 7 3 8 8 11 7 13
< RES 1637333168 53 3
> REQ 1637333168 54 3
> VAMPIRE 1 3 5 3 0 3 0
> VAMPIRE 2 9 3 3 0 3 0
> VAMPIRE 3 12 13 3 0 3 0
> VAMPIRE 4 1 13 3 1 3 0
> GRENADE 2 5 3 3 3
> GRENADE 1 5 9 4 3
> GRENADE 3 13 12 4 3
> BAT1 8 1 10 1 7 3 1 6 3 7 11 7 13 8 13 9 13 10 7 11 13 11 3 13 4 13 5 13 6 13 4 1 5 1 7 5 3 6 7 9 5 11 9 11
> BAT2 6 1 13 4 13 5 13 6 5 7 1 8 11 8 1 9 1 10 1 11 6 11 8 13 9 13 10 13 11 13 6 3 3 9
> BAT3 7 1 11 6 1 7 7 7 13 7 3 8 8 11 7 13
< RES 1637333168 54 3
> REQ 1637333168 55 3
> VAMPIRE 1 3 5 3 0 3 0
> VAMPIRE 2 9 3 3 0 3 0
> VAMPIRE 3 12 13 3 0 3 0
> VAMPIRE 4 1 13 3 1 3 0
> GRENADE 2 5 3 2 3
> GRENADE 1 5 9 3 3
> GRENADE 3 13 12 3 3
> BAT1 8 1 10 1 7 3 1 6 3 7 11 7 13 8 13 9 13 10 7 11 13 11 3 13 4 13 5 13 6 13 4 1 5 1 7 5 3 6 7 9 5 11 9 11
> BAT2 6 1 13 4 13 5 13 6 5 7 1 8 11 8 1 9 1 10 1 11 6 11 8 13 9 13 10 13 11 13 6 3 3 9
> BAT3 7 1 11 6 1 7 7 7 13 7 3 8 8 11 7 13
< RES 1637333168 55 3
> REQ 1637333168 56 3
> VAMPIRE 1 3 5 3 0 3 0
> VAMPIRE 2 9 2 3 0 3 0
> VAMPIRE 3 12 13 3 0 3 0
> VAMPIRE 4 1 13 3 1 3 0
> GRENADE 2 5 3 1 3
> GRENADE 1 5 9 2 3
> GRENADE 3 13 12 2 3
> BAT1 8 1 10 1 7 3 1 6 3 7 11 7 13 8 13 9 13 10 7 11 13 11 3 13 4 13 5 13 6 13 4 1 5 1 7 5 3 6 7 9 5 11 9 11
> BAT2 6 1 13 4 13 5 13 6 5 7 1 8 11 8 1 9 1 10 1 11 6 11 8 13 9 13 10 13 11 13 6 3 3 9
> BAT3 7 1 11 6 1 7 7 7 13 7 3 8 8 11 7 13
< RES 1637333168 56 3
> REQ 1637333168 57 3
> VAMPIRE 1 5 5 3 0 3 0
> VAMPIRE 2 9 1 3 1 3 0
> VAMPIRE 3 12 13 3 0 3 0
> VAMPIRE 4 1 13 3 1 3 0
> GRENADE 1 5 9 1 3
> GRENADE 3 13 12 1 3
> BAT1 8 1 10 1 7 3 1 6 3 7 11 7 13 8 13 9 13 10 7 11 13 11 3 13 4 13 5 13 6 13 4 1 7 5 3 6 7 9 5 11 6 3 9 11
> BAT2 6 1 13 4 13 5 13 6 5 7 1 8 11 8 1 9 1 10 1 11 6 11 8 13 9 13 10 13 11 13 3 9
> BAT3 7 1 11 6 1 7 7 7 13 7 3 8 8 11 7 13
< RES 1637333168 57 3
< MOVE D
> REQ 1637333168 58 3
> VAMPIRE 1 5 5 3 1 3 0
> VAMPIRE 2 9 3 3 0 3 0
> VAMPIRE 3 13 13 3 1 3 0
> VAMPIRE 4 1 13 3 1 3 0
> GRENADE 2 9 1 5 3
> BAT1 8 1 10 1 7 3 1 6 3 7 11 7 13 8 13 9 13 10 7 11 3 13 4 13 5 13 6 13 4 1 7 5 3 6 5 7 6 3 3 9 9 11
> BAT2 6 1 13 4 13 5 13 6 1 8 11 8 1 9 1 10 1 11 6 11 8 13 9 13 10 13 11 13
> BAT3 7 1 11 6 1 7 7 7 13 7 3 8 8 11 7 13
< RES 1637333168 58 3
< GRENADE
< MOVE L L
> REQ 1637333168 59 3
> VAMPIRE 1 3 5 3 0 3 0
> VAMPIRE 2 9 5 3 0 3 0
> VAMPIRE 3 13 11 3 0 3 0
> VAMPIRE 4 1 13 3 1 3 0
> GRENADE 2 9 1 4 3
> GRENADE 1 5 5 5 3
> GRENADE 3 13 13 5 3
> BAT1 8 1 10 1 7 3 1 6 3 7 11 7 13 8 13 9 13 10 7 11 3 13 4 13 5 13 6 13 4 1 7 5 3 6 5 7 6 3 3 9 9 11
> BAT2 6 1 13 4 13 5 13 6 1 8 11 8 1 9 1 10 1 11 6 11 8 13 9 13 10 13 11 13
> BAT3 7 1 11 6 1 7 7 7 13 7 3 8 8 11 7 13
< RES 1637333168 59 3
< MOVE U U
> REQ 1637333168 60 3
> VAMPIRE 1 3 3 3 0 3 0
> VAMPIRE 2 9 5 3 0 3 0
> VAMPIRE 3 11 11 3 0 3 0
> VAMPIRE 4 1 13 3 1 3 0
> GRENADE 2 9 1 3 3
> GRENADE 1 5 5 4 3
> GRENADE 3 13 13 4 3
> BAT1 8 1 10 1 7 3 1 6 3 7 11 7 13 8 13 9 13 10 7 11 3 13 4 13 5 13 6 13 4 1 7 5 3 6 5 7 6 3 3 9 9 11
> BAT2 6 1 13 4 13 5 13 6 1 8 11 8 1 9 1 10 1 11 6 11 8 13 9 13 10 13 11 13
> BAT3 7 1 11 6 1 7 7 7 13 7 3 8 8 11 7 13
< RES 1637333168 60 3
> REQ 1637333168 61 3
> VAMPIRE 1 3 3 3 0 3 0
> VAMPIRE 2 9 5 3 0 3 0
> VAMPIRE 3 11 11 3 0 3 0
> VAMPIRE 4 1 13 3 1 3 0
> GRENADE 2 9 1 2 3
> GRENADE 1 5 5 3 3
> GRENADE 3 13 13 3 3
> BAT1 8 1 10 1 7 3 1 6 3 7 11 7 13 8 13 9 13 10 7 11 3 13 4 13 5 13 6 13 4 1 7 5 3 6 5 7 6 3 3 9 9 11
> BAT2 6 1 13 4 13 5 13 6 1 8 11 8 1 9 1 10 1 11 6 11 8 13 9 13 10 13 11 13
> BAT3 7 1 11 6 1 7 7 7 13 7 3 8 8 11 7 13
< RES 1637333168 61 3
> REQ 1637333168 62 3
> VAMPIRE 1 3 3 3 0 3 0
> VAMPIRE 2 9 5 3 0 3 0
> VAMPIRE 3 11 11 3 0 3 0
> VAMPIRE 4 1 13 3 1 3 0
> GRENADE 2 9 1 1 3
> GRENADE 1 5 5 2 3
> GRENADE 3 13 13 2 3
> BAT1 8 1 10 1 7 3 1 6 3 7 11 7 13 8 13 9 13 10 7 11 3 13 4 13 5 13 6 13 4 1 7 5 3 6 5 7 6 3 3 9 9 11
> BAT2 6 1 13 4 13 5 13 6 1 8 11 8 1 9 1 10 1 11 6 11 8 13 9 13 10 13 11 13
> BAT3 7 1 11 6 1 7 7 7 13 7 3 8 8 11 7 13
< RES 1637333168 62 3
> REQ 1637333168 63 3
> VAMPIRE 1 3 3 3 0 3 0
> VAMPIRE 2 11 5 3 1 3 0
> VAMPIRE 3 11 11 3 0 3 0
> VAMPIRE 4 1 13 3 1 3 0
> GRENADE 1 5 5 1 3
> GRENADE 3 13 13 1 3
> BAT1 7 3 1 6 3 7 11 7 13 8 13 9 13 10 7 11 3 13 4 13 5 13 6 13 4 1 7 5 3 6 5 7 6 3 3 9 9 11
> BAT2 6 1 13 4 13 5 13 6 1 8 11 8 1 9 1 10 1 11 6 11 8 13 9 13 10 13 11 13
> BAT3 7 1 11 6 1 7 7 7 13 7 3 8 8 11 7 13
< RES 1637333168 63 3
> REQ 1637333168 64 3
> VAMPIRE 1 3 3 3 1 3 0
> VAMPIRE 2 9 5 3 0 3 0
> VAMPIRE 3 11 11 3 1 3 0
> VAMPIRE 4 1 13 3 1 3 0
> GRENADE 2 11 5 5 3
> BAT1 7 3 1 6 3 7 11 7 13 8 13 9 7 11 3 13 4 13 5 13 6 13 4 1 3 6 11 13 6 3 3 9 9 11
> BAT2 6 1 13 4 13 5 13 6 1 8 11 8 1 9 1 10 1 11 6 11 8 13 9 13 10 13
> BAT3 7 1 11 6 1 7 7 7 13 7 3 8 8 11 7 13
< RES 1637333168 64 3
< GRENADE
< MOVE L L
> REQ 1637333168 65 3
> VAMPIRE 1 5 3 3 0 3 0
> VAMPIRE 2 9 7 3 0 3 0
> VAMPIRE 3 11 9 3 0 3 0
> VAMPIRE 4 1 13 3 1 3 0
> GRENADE 2 11 5 4 3
> GRENADE 1 3 3 5 3
> GRENADE 3 11 11 5 3
> BAT1 7 3 1 6 3 7 11 7 13 8 13 9 7 11 3 13 4 13 5 13 6 13 4 1 3 6 11 13 6 3 3 9 9 11
> BAT2 6 1 13 4 13 5 13 6 1 8 11 8 1 9 1 10 1 11 6 11 8 13 9 13 10 13
> BAT3 7 1 11 6 1 7 7 7 13 7 3 8 8 11 7 13
< RES 1637333168 65 3
< MOVE D
> REQ 1637333168 66 3
> VAMPIRE 1 5 5 3 0 3 0
> VAMPIRE 2 9 7 3 0 3 0
> VAMPIRE 3 12 9 3 0 3 0
> VAMPIRE 4 1 13 3 1 3 0
> GRENADE 2 11 5 3 3
> GRENADE 1 3 3 4 3
> GRENADE 3 11 11 4 3
> BAT1 7 3 1 6 3 7 11 7 13 8 13 9 7 11 3 13 4 13 5 13 6 13 4 1 3 6 11 13 6 3 3 9 9 11
> BAT2 6 1 13 4 13 5 13 6 1 8 11 8 1 9 1 10 1 11 6 11 8 13 9 13 10 13
> BAT3 7 1 11 6 1 7 7 7 13 7 3 8 8 11 7 13
< RES 1637333168 66 3
> REQ 1637333168 67 3
> VAMPIRE 1 5 7 3 0 3 0
> VAMPIRE 2 9 7 3 0 3 0
> VAMPIRE 3 12 9 3 0 3 0
> VAMPIRE 4 1 13 3 1 3 0
> GRENADE 2 11 5 2 3
> GRENADE 1 3 3 3 3
> GRENADE 3 11 11 3 3
> BAT1 7 3 1 6 3 7 11 7 13 8 13 9 7 11 3 13 4 13 5 13 6 13 4 1 3 6 11 13 6 3 3 9 9 11
> BAT2 6 1 13 4 13 5 13 6 1 8 11 8 1 9 1 10 1 11 6 11 8 13 9 13 10 13
> BAT3 7 1 11 6 1 7 7 7 13 7 3 8 8 11 7 13
< RES 1637333168 67 3
< MOVE U U
> REQ 1637333168 68 3
> VAMPIRE 1 5 9 3 0 3 0
> VAMPIRE 2 9 7 3 0 3 0
> VAMPIRE 3 10 9 3 0 3 0
> VAMPIRE 4 1 13 3 1 3 0
> GRENADE 2 11 5 1 3
> GRENADE 1 3 3 2 3
> GRENADE 3 11 11 2 3
> BAT1 7 3 1 6 3 7 11 7 13 8 13 9 7 11 3 13 4 13 5 13 6 13 4 1 3 6 11 13 6 3 3 9 9 11
> BAT2 6 1 13 4 13 5 13 6 1 8 11 8 1 9 1 10 1 11 6 11 8 13 9 13 10 13
> BAT3 7 1 11 6 1 7 7 7 13 7 3 8 8 11 7 13
< RES 1637333168 68 3
> REQ 1637333168 69 3
> VAMPIRE 1 5 11 3 0 3 0
> VAMPIRE 2 8 7 3 1 3 0
> VAMPIRE 3 10 9 3 0 3 0
> VAMPIRE 4 1 13 3 1 3 0
> GRENADE 1 3 3 1 3
> GRENADE 3 11 11 1 3
> BAT1 7 3 1 6 3 7 11 7 13 8 13 9 7 11 3 13 4 13 5 13 6 13 4 1 13 5 3 6 11 13 6 3 3 9 9 11
> BAT2 6 1 13 4 13 6 1 8 11 8 1 9 1 10 1 11 6 11 8 13 9 13 10 13 11 6
> BAT3 7 1 1 7 7 7 13 7 3 8 8 11 7 13
< RES 1637333168 69 3
< MOVE D
> REQ 1637333168 70 3
> VAMPIRE 1 3 11 3 1 3 0
> VAMPIRE 2 9 6 3 0 3 0
> VAMPIRE 3 11 9 3 1 3 0
> VAMPIRE 4 1 13 3 1 3 0
> GRENADE 2 8 7 5 3
> BAT1 7 3 1 6 3 7 11 7 13 8 13 9 7 11 3 13 4 13 5 13 6 13 4 1 13 5 11 8 3 9
> BAT2 6 1 13 4 13 6 1 8 1 9 1 10 1 11 6 11 8 13 9 13 10 13 11 6
> BAT3 7 1 1 7 7 7 13 7 3 8 8 11 7 13
< RES 1637333168 70 3
< GRENADE
> REQ 1637333168 71 3
> VAMPIRE 1 5 11 3 0 3 0
> VAMPIRE 2 9 5 3 0 3 0
> VAMPIRE 3 11 9 3 0 3 0
> VAMPIRE 4 1 13 3 1 3 0
> GRENADE 2 8 7 4 3
> GRENADE 1 3 11 5 3
> GRENADE 3 11 9 5 3
> BAT1 7 3 1 6 3 7 11 7 13 8 13 9 7 11 3 13 4 13 5 13 6 13 4 1 13 5 11 8 3 9
> BAT2 6 1 13 4 13 6 1 8 1 9 1 10 1 11 6 11 8 13 9 13 10 13 11 6
> BAT3 7 1 1 7 7 7 13 7 3 8 8 11 7 13
< RES 1637333168 71 3
< THROW XL 4
< MOVE U U
> REQ 1637333168 72 3
> VAMPIRE 1 5 9 3 0 3 0
> VAMPIRE 2 9 7 3 0 3 0
> VAMPIRE 3 9 9 3 0 3 0
> VAMPIRE 4 1 13 3 1 3 0
> GRENADE 2 8 7 3 3
> GRENADE 1 3 11 4 3
> GRENADE 3 11 5 4 3
> BAT1 7 3 1 6 3 7 11 7 13 8 13 9 7 11 3 13 4 13 5 13 6 13 4 1 13 5 11 8 3 9
> BAT2 6 1 13 4 13 6 1 8 1 9 1 10 1 11 6 11 8 13 9 13 10 13 11 6
> BAT3 7 1 1 7 7 7 13 7 3 8 8 11 7 13
< RES 1637333168 72 3
< MOVE D D
> REQ 1637333168 73 3
> VAMPIRE 1 5 9 3 0 3 0
> VAMPIRE 2 9 6 3 0 3 0
> VAMPIRE 3 11 9 3 0 3 0
> VAMPIRE 4 1 13 3 0 3 0
> GRENADE 2 4 7 2 3
> GRENADE 1 3 11 3 3
> GRENADE 3 11 5 3 3
> GRENADE 4 1 13 5 3
> BAT1 7 3 1 6 3 7 11 7 13 8 13 9 7 11 3 13 4 13 5 13 6 13 4 1 13 5 11 8 3 9
> BAT2 6 1 13 4 13 6 1 8 1 9 1 10 1 11 6 11 8 13 9 13 10 13 11 6
> BAT3 7 1 1 7 7 7 13 7 3 8 8 11 7 13
< RES 1637333168 73 3
< MOVE U
> REQ 1637333168 74 3
> VAMPIRE 1 5 9 3 0 3 0
> VAMPIRE 2 9 7 3 0 3 0
> VAMPIRE 3 10 9 3 0 3 0
> VAMPIRE 4 1 13 3 0 3 0
> GRENADE 2 4 7 1 3
> GRENADE 1 3 11 2 3
> GRENADE 3 11 5 2 3
> GRENADE 4 1 13 4 3
> BAT1 7 3 1 6 3 7 11 7 13 8 13 9 7 11 3 13 4 13 5 13 6 13 4 1 13 5 11 8 3 9
> BAT2 6 1 13 4 13 6 1 8 1 9 1 10 1 11 6 11 8 13 9 13 10 13 11 6
> BAT3 7 1 1 7 7 7 13 7 3 8 8 11 7 13
< RES 1637333168 74 3
< MOVE D
> REQ 1637333168 75 3
> VAMPIRE 1 5 7 3 0 3 0
> VAMPIRE 2 8 7 3 1 3 0
> VAMPIRE 3 11 9 3 0 3 0
> VAMPIRE 4 1 13 3 0 3 0
> GRENADE 1 3 11 1 3
> GRENADE 3 11 5 1 3
> GRENADE 4 1 13 3 3
> BAT1 7 3 1 6 11 7 13 8 13 9 7 11 3 13 4 13 5 13 6 13 4 1 13 5 11 8 3 9
> BAT2 6 1 13 4 13 6 1 8 1 9 1 10 1 11 6 11 8 13 9 13 10 13 11 6 7 7
> BAT3 7 1 1 7 13 7 3 8 8 11 7 13
< RES 1637333168 75 3
> REQ 1637333168 76 3
> VAMPIRE 1 3 7 3 1 3 0
> VAMPIRE 2 9 6 3 0 3 0
> VAMPIRE 3 11 9 3 1 3 0
> VAMPIRE 4 2 13 3 0 3 0
> GRENADE 4 1 13 2 3
> GRENADE 2 8 7 5 3
> POWERUP GRENADE -7 8 5 6
> POWERUP GRENADE -7 6 9 6
> BAT1 7 3 1 6 11 7 13 8 13 9 7 11 4 13 5 13 6 13 4 1 11 8 1 11 6 11 11 6
> BAT2 6 1 13 4 13 6 1 8 1 9 1 10 8 13 9 13 10 13 7 7
> BAT3 7 1 1 7 13 7 3 8 8 11 7 13
< RES 1637333168 76 3
< GRENADE
< MOVE U U
> REQ 1637333168 77 3
> VAMPIRE 1 5 7 3 0 3 0
> VAMPIRE 2 8 5 3 0 3 0
> VAMPIRE 3 9 9 3 0 3 0
> VAMPIRE 4 3 12 3 0 3 0
> GRENADE 4 1 13 1 3
> GRENADE 2 8 7 4 3
> GRENADE 1 3 7 5 3
> GRENADE 3 11 9 5 3
> POWERUP GRENADE -6 8 5 6
> POWERUP GRENADE -6 6 9 6
> BAT1 7 3 1 6 11 7 13 8 13 9 7 11 4 13 5 13 6 13 4 1 11 8 1 11 6 11 11 6
> BAT2 6 1 13 4 13 6 1 8 1 9 1 10 8 13 9 13 10 13 7 7
> BAT3 7 1 1 7 13 7 3 8 8 11 7 13
< RES 1637333168 77 3
< MOVE U U
> REQ 1637333168 78 3
> VAMPIRE 1 5 9 3 0 3 0
> VAMPIRE 2 8 5 3 0 3 0
> VAMPIRE 3 7 9 3 0 3 0
> VAMPIRE 4 4 11 3 1 3 0
> GRENADE 2 8 7 3 3
> GRENADE 1 3 7 4 3
> GRENADE 3 11 9 4 3
> POWERUP GRENADE -5 8 5 6
> POWERUP GRENADE -5 6 9 6
> BAT1 7 3 1 6 11 7 13 8 13 9 7 11 5 13 6 13 4 1 11 8 6 11 11 6
> BAT2 6 1 13 4 13 6 1 8 1 9 1 10 8 13 9 13 10 13 7 7
> BAT3 7 1 1 7 13 7 3 8 8 11 7 13
< RES 1637333168 78 3
< MOVE U
> REQ 1637333168 79 3
> VAMPIRE 1 6 9 3 0 3 0
> VAMPIRE 2 8 5 3 0 3 0
> VAMPIRE 3 6 9 3 0 3 0
> VAMPIRE 4 5 10 3 0 3 0
> GRENADE 2 8 7 2 3
> GRENADE 1 3 7 3 3
> GRENADE 3 11 9 3 3
> GRENADE 4 4 11 5 3
> POWERUP GRENADE -4 8 5 6
> POWERUP GRENADE -4 6 9 6
> BAT1 7 3 1 6 11 7 13 8 13 9 7 11 5 13 6 13 4 1 11 8 6 11 11 6
> BAT2 6 1 13 4 13 6 1 8 1 9 1 10 8 13 9 13 10 13 7 7
> BAT3 7 1 1 7 13 7 3 8 8 11 7 13
< RES 1637333168 79 3
> REQ 1637333168 80 3
> VAMPIRE 1 6 9 3 0 3 0
> VAMPIRE 2 8 5 3 0 3 0
> VAMPIRE 3 6 9 3 0 3 0
> VAMPIRE 4 6 9 3 0 3 0
> GRENADE 2 8 7 1 3
> GRENADE 1 3 7 2 3
> GRENADE 3 11 9 2 3
> GRENADE 4 4 11 4 3
> POWERUP GRENADE -3 8 5 6
> POWERUP GRENADE -3 6 9 6
> BAT1 7 3 1 6 11 7 13 8 13 9 7 11 5 13 6 13 4 1 11 8 6 11 11 6
> BAT2 6 1 13 4 13 6 1 8 1 9 1 10 8 13 9 13 10 13 7 7
> BAT3 7 1 1 7 13 7 3 8 8 11 7 13
< RES 1637333168 80 3
> REQ 1637333168 81 3
> VAMPIRE 1 6 9 3 0 3 0
> VAMPIRE 2 7 4 3 1 3 0
> VAMPIRE 3 6 9 3 0 3 0
> VAMPIRE 4 6 9 3 0 3 0
> GRENADE 1 3 7 1 3
> GRENADE 3 11 9 1 3
> GRENADE 4 4 11 3 3
> POWERUP GRENADE -2 8 5 6
> POWERUP GRENADE -2 6 9 6
> BAT1 7 3 1 6 13 8 13 9 7 11 5 13 6 13 4 1 11 8 6 11 11 6 7 7
> BAT2 6 1 13 4 13 6 1 8 1 9 1 10 8 13 9 13 10 13
> BAT3 7 1 1 7 13 7 3 8 8 11 7 13
< RES 1637333168 81 3
< MOVE D L
> REQ 1637333168 82 3
> VAMPIRE 1 7 8 3 1 3 0
> VAMPIRE 2 8 5 3 0 3 0
> VAMPIRE 3 7 8 3 1 3 0
> VAMPIRE 4 6 9 3 0 3 0
> GRENADE 4 4 11 2 3
> GRENADE 2 7 4 5 3
> POWERUP GRENADE -1 8 5 6
> POWERUP GRENADE -1 6 9 6
> BAT1 7 3 1 6 13 8 7 11 5 13 6 13 4 1 6 11 11 6 7 7
> BAT2 6 1 13 4 13 6 1 8 1 9 1 10 8 13 9 13 10 13 1 7 3 8
> BAT3 7 1 13 7 8 11 7 13
< RES 1637333168 82 3
< GRENADE
< MOVE R U
> REQ 1637333168 83 3
> VAMPIRE 1 6 9 3 0 3 0
> VAMPIRE 2 8 5 3 0 3 0
> VAMPIRE 3 6 9 3 0 3 0
> VAMPIRE 4 6 9 3 0 3 0
> GRENADE 4 4 11 1 3
> GRENADE 2 7 4 4 3
> GRENADE 1 7 8 5 3
> GRENADE 3 7 8 5 3
> POWERUP GRENADE 11 8 5 6
> POWERUP GRENADE 11 6 9 6
> BAT1 7 3 1 6 13 8 7 11 5 13 6 13 4 1 6 11 11 6 7 7
> BAT2 6 1 13 4 13 6 1 8 1 9 1 10 8 13 9 13 10 13 1 7 3 8
> BAT3 7 1 13 7 8 11 7 13
< RES 1637333168 83 3
> REQ 1637333168 84 3
> VAMPIRE 1 6 9 3 0 3 0
> VAMPIRE 2 8 5 3 0 3 0
> VAMPIRE 3 6 9 3 0 3 0
> VAMPIRE 4 7 10 3 1 3 0
> GRENADE 2 7 4 3 3
> GRENADE 1 7 8 4 3
> GRENADE 3 7 8 4 3
> POWERUP GRENADE 10 8 5 6
> POWERUP GRENADE 10 6 9 6
> BAT1 7 3 1 6 13 8 7 11 5 13 6 13 4 1 11 6 7 7
> BAT2 6 1 13 4 13 6 1 8 1 9 1 10 8 13 9 13 10 13 1 7 3 8
> BAT3 7 1 13 7 8 11 7 13
< RES 1637333168 84 3
> REQ 1637333168 85 3
> VAMPIRE 1 6 9 3 0 3 0
> VAMPIRE 2 8 5 3 0 3 0
> VAMPIRE 3 6 9 3 0 3 0
> VAMPIRE 4 6 9 3 0 3 0
> GRENADE 2 7 4 2 3
> GRENADE 1 7 8 3 3
> GRENADE 3 7 8 3 3
> GRENADE 4 7 10 5 3
> POWERUP GRENADE 9 8 5 6
> POWERUP GRENADE 9 6 9 6
> BAT1 7 3 1 6 13 8 7 11 5 13 6 13 4 1 11 6 7 7
> BAT2 6 1 13 4 13 6 1 8 1 9 1 10 8 13 9 13 10 13 1 7 3 8
> BAT3 7 1 13 7 8 11 7 13
< RES 1637333168 85 3
> REQ 1637333168 86 3
> VAMPIRE 1 6 9 3 0 3 0
> VAMPIRE 2 8 5 3 0 3 0
> VAMPIRE 3 6 9 3 0 3 0
> VAMPIRE 4 7 9 3 0 3 0
> GRENADE 2 7 4 1 3
> GRENADE 1 7 8 2 3
> GRENADE 3 7 8 2 3
> GRENADE 4 7 10 4 3
> POWERUP GRENADE 8 8 5 6
> POWERUP GRENADE 8 6 9 6
> BAT1 7 3 1 6 13 8 7 11 5 13 6 13 4 1 11 6 7 7
> BAT2 6 1 13 4 13 6 1 8 1 9 1 10 8 13 9 13 10 13 1 7 3 8
> BAT3 7 1 13 7 8 11 7 13
< RES 1637333168 86 3
> REQ 1637333168 87 3
> VAMPIRE 1 6 9 3 0 3 0
> VAMPIRE 2 8 5 3 1 3 0
> VAMPIRE 3 6 9 3 0 3 0
> VAMPIRE 4 6 9 3 0 3 0
> GRENADE 1 7 8 1 3
> GRENADE 3 7 8 1 3
> GRENADE 4 7 12 3 3
> POWERUP GRENADE 7 8 5 6
> POWERUP GRENADE 7 6 9 6
> BAT1 1 6 13 8 7 11 5 13 6 13 4 1 11 6
> BAT2 6 1 13 4 13 6 1 8 1 9 1 10 8 13 9 13 10 13 1 7 3 8
> BAT3 7 1 13 7 8 11 7 13
< RES 1637333168 87 3
> REQ 1637333168 88 3
> VAMPIRE 1 6 9 3 1 3 0
> VAMPIRE 2 8 5 3 1 3 0
> VAMPIRE 3 6 9 3 1 3 0
> VAMPIRE 4 6 9 3 0 3 0
> GRENADE 4 7 12 2 3
> GRENADE 2 8 5 5 3
> POWERUP GRENADE 6 6 9 6
> BAT1 1 6 13 8 5 13 6 13 4 1 11 6
> BAT2 6 1 13 4 13 6 1 8 1 9 1 10 8 13 9 13 10 13 1 7 3 8
> BAT3 7 1 13 7 8 11 7 13
< RES 1637333168 88 3
< GRENADE
> REQ 1637333168 89 3
> VAMPIRE 1 6 9 3 1 3 0
> VAMPIRE 2 7 6 3 1 3 0
> VAMPIRE 3 6 9 3 1 3 0
> VAMPIRE 4 6 9 3 0 3 0
> GRENADE 4 7 12 1 3
> GRENADE 2 8 1 4 3
> GRENADE 1 6 9 5 3
> GRENADE 3 6 9 5 3
> BAT1 1 6 13 8 5 13 6 13 4 1 11 6
> BAT2 6 1 13 4 13 6 1 8 1 9 1 10 8 13 9 13 10 13 1 7 3 8
> BAT3 7 1 13 7 8 11 7 13
< RES 1637333168 89 3
< THROW XU 4
< MOVE U R
> REQ 1637333168 90 3
> VAMPIRE 1 6 9 3 0 3 0
> VAMPIRE 2 7 4 3 1 3 0
> VAMPIRE 3 5 10 3 1 3 0
> VAMPIRE 4 5 10 3 1 3 0
> GRENADE 2 8 1 3 3
> GRENADE 1 6 9 4 3
> GRENADE 3 2 9 4 3
> GRENADE 1 6 9 5 3
> BAT1 1 6 13 8 5 13 6 13 4 1 11 6
> BAT2 6 1 13 4 13 6 1 8 1 9 1 10 8 13 9 13 10 13 1 7 3 8 7 13
> BAT3 7 1 13 7 8 11
< RES 1637333168 90 3
< GRENADE
< MOVE R U
> REQ 1637333168 91 3
> VAMPIRE 1 7 9 3 0 3 0
> VAMPIRE 2 6 3 3 0 3 0
> VAMPIRE 3 4 11 3 0 3 0
> VAMPIRE 4 4 11 3 0 3 0
> GRENADE 2 8 1 2 3
> GRENADE 1 6 11 3 3
> GRENADE 3 2 9 3 3
> GRENADE 1 6 11 4 3
> GRENADE 2 7 4 5 3
> GRENADE 3 5 10 5 3
> GRENADE 4 5 10 5 3
> BAT1 1 6 13 8 5 13 6 13 4 1 11 6
> BAT2 6 1 13 4 13 6 1 8 1 9 1 10 8 13 9 13 10 13 1 7 3 8 7 13
> BAT3 7 1 13 7 8 11
< RES 1637333168 91 3
< MOVE U R
> REQ 1637333168 92 3
> VAMPIRE 1 7 9 3 0 3 0
> VAMPIRE 2 5 2 3 0 3 0
> VAMPIRE 3 3 12 3 0 3 0
> VAMPIRE 4 3 12 3 0 3 0
> GRENADE 2 8 1 1 3
> GRENADE 1 6 11 2 3
> GRENADE 3 2 9 2 3
> GRENADE 1 6 11 3 3
> GRENADE 2 7 4 4 3
> GRENADE 3 5 10 4 3
> GRENADE 4 5 10 4 3
> BAT1 1 6 13 8 5 13 6 13 4 1 11 6
> BAT2 6 1 13 4 13 6 1 8 1 9 1 10 8 13 9 13 10 13 1 7 3 8 7 13
> BAT3 7 1 13 7 8 11
< RES 1637333168 92 3
< MOVE L L
> REQ 1637333168 93 3
> VAMPIRE 1 9 9 3 0 3 0
> VAMPIRE 2 5 1 3 1 3 0
> VAMPIRE 3 3 10 3 0 3 0
> VAMPIRE 4 3 12 3 0 3 0
> GRENADE 1 6 11 1 3
> GRENADE 3 2 9 1 3
> GRENADE 1 6 11 2 3
> GRENADE 2 7 4 3 3
> GRENADE 3 5 10 3 3
> GRENADE 4 5 10 3 3
> BAT1 1 6 13 8 5 13 6 13 4 1 11 6
> BAT2 6 1 13 4 13 6 1 8 1 9 1 10 8 13 9 13 10 13 7 1 1 7 3 8 7 13
> BAT3 13 7 8 11
< RES 1637333168 93 3
< MOVE L
> REQ 1637333168 94 3
> VAMPIRE 1 9 11 3 2 3 0
> VAMPIRE 2 5 3 3 0 3 0
> VAMPIRE 3 3 9 3 1 3 0
> VAMPIRE 4 3 13 3 0 3 0
> GRENADE 2 7 4 2 3
> GRENADE 3 5 10 2 3
> GRENADE 4 5 10 2 3
> GRENADE 2 5 1 5 3
> BAT1 1 6 13 8 5 13 6 13 4 1 1 9 11 6
> BAT2 6 1 13 4 13 6 1 8 1 10 8 13 9 13 10 13 7 1 1 7 3 8 8 11 7 13
> BAT3 13 7
< RES 1637333168 94 3
< GRENADE
< MOVE R R
> REQ 1637333168 95 3
> VAMPIRE 1 11 11 3 1 3 0
> VAMPIRE 2 5 5 3 0 3 0
> VAMPIRE 3 3 11 3 0 3 0
> VAMPIRE 4 3 11 3 0 3 0
> GRENADE 2 7 4 1 3
> GRENADE 3 5 10 1 3
> GRENADE 4 5 10 1 3
> GRENADE 2 5 1 4 3
> GRENADE 1 9 11 5 3
> GRENADE 3 3 9 5 3
> BAT1 1 6 13 8 5 13 6 13 4 1 1 9 11 6
> BAT2 6 1 13 4 13 6 1 8 1 10 8 13 9 13 10 13 7 1 1 7 3 8 8 11 7 13
> BAT3 13 7
< RES 1637333168 95 3
< MOVE D D
> REQ 1637333168 96 3
> VAMPIRE 1 11 11 3 0 3 0
> VAMPIRE 2 3 5 3 1 3 0
> VAMPIRE 3 5 11 3 1 3 0
> VAMPIRE 4 3 12 3 1 3 0
> GRENADE 2 5 1 3 3
> GRENADE 1 9 11 4 3
> GRENADE 3 3 9 4 3
> GRENADE 1 11 11 5 3
> BAT1 1 6 13 8 6 13 4 1 1 9 7 1 11 6
> BAT2 6 1 13 4 13 6 1 8 1 10 8 13 9 13 10 13 1 7 3 8 8 11 7 13
> BAT3 13 7
< RES 1637333168 96 3
< GRENADE
> REQ 1637333168 97 3
> VAMPIRE 1 11 9 3 0 3 0
> VAMPIRE 2 3 5 3 0 3 0
> VAMPIRE 3 5 11 3 0 3 0
> VAMPIRE 4 4 13 3 0 3 0
> GRENADE 2 5 1 2 3
> GRENADE 1 9 11 3 3
> GRENADE 3 3 9 3 3
> GRENADE 1 7 11 4 3
> GRENADE 2 3 5 5 3
> GRENADE 3 5 11 5 3
> GRENADE 4 3 12 5 3
> BAT1 1 6 13 8 6 13 4 1 1 9 7 1 11 6
> BAT2 6 1 13 4 13 6 1 8 1 10 8 13 9 13 10 13 1 7 3 8 8 11 7 13
> BAT3 13 7
< RES 1637333168 97 3
< MOVE R
> REQ 1637333168 98 3
> VAMPIRE 1 11 7 3 0 3 0
> VAMPIRE 2 3 5 3 0 3 0
> VAMPIRE 3 5 12 3 0 3 0
> VAMPIRE 4 3 13 3 0 3 0
> GRENADE 2 5 1 1 3
> GRENADE 1 9 11 2 3
> GRENADE 3 3 9 2 3
> GRENADE 1 7 11 3 3
> GRENADE 2 3 9 4 3
> GRENADE 3 5 11 4 3
> GRENADE 4 3 12 4 3
> POWERUP SHOE -7 6 5 5
> POWERUP SHOE -7 8 9 5
> BAT1 1 6 13 8 6 13 4 1 1 9 7 1 11 6
> BAT2 6 1 13 4 13 6 1 8 1 10 8 13 9 13 10 13 1 7 3 8 8 11 7 13
> BAT3 13 7
< RES 1637333168 98 3
< MOVE R U
> REQ 1637333168 99 3
> VAMPIRE 1 11 9 3 0 3 0
> VAMPIRE 2 5 5 3 1 3 0
> VAMPIRE 3 4 13 3 0 3 0
> VAMPIRE 4 1 13 3 0 3 0
> GRENADE 1 9 11 1 3
> GRENADE 3 3 9 1 3
> GRENADE 1 7 11 2 3
> GRENADE 2 3 9 3 3
> GRENADE 3 5 11 3 3
> GRENADE 4 3 9 3 3
> POWERUP SHOE -6 6 5 5
> POWERUP SHOE -6 8 9 5
> BAT1 1 6 13 8 6 13 6 1 1 9 7 1 11 6
> BAT2 13 4 13 6 1 8 1 10 8 13 9 13 10 13 1 7 3 8 8 11 7 13
> BAT3 13 7
< RES 1637333168 99 3
< MOVE U
> REQ 1637333168 100 3
> VAMPIRE 1 9 9 3 1 3 0
> VAMPIRE 2 6 5 3 2 3 0
> VAMPIRE 3 3 13 3 1 3 0
> VAMPIRE 4 3 13 3 1 3 0
> GRENADE 1 7 11 1 3
> GRENADE 3 5 11 2 3
> POWERUP SHOE -5 6 5 5
> POWERUP SHOE -5 8 9 5
> BAT1 1 6 13 8 6 13 6 1 9 13 7 1 11 6 3 8 8 11
> BAT2 13 4 13 6 1 8 1 10 8 13 10 13 1 7 7 13
> BAT3 13 7
< RES 1637333168 100 3
< GRENADE
< MOVE D D
> REQ 1637333168 101 3
> VAMPIRE 1 9 10 3 2 3 0
> VAMPIRE 2 6 5 3 2 3 0
> VAMPIRE 3 5 13 3 1 3 0
> VAMPIRE 4 5 13 3 0 3 0
> GRENADE 3 3 13 5 3
> GRENADE 4 3 13 5 3
> POWERUP SHOE -4 6 5 5
> POWERUP SHOE -4 8 9 5
> BAT1 1 6 13 8 6 13 6 1 9 13 7 1 11 6 3 8 7 13
> BAT2 13 4 13 6 1 8 1 10 8 13 10 13 1 7
> BAT3 13 7
< RES 1637333168 101 3
< MOVE L L
> REQ 1637333168 102 3
> VAMPIRE 1 8 9 3 1 3 0
> VAMPIRE 2 6 5 3 2 3 0
> VAMPIRE 3 5 11 3 1 3 0
> VAMPIRE 4 5 11 3 0 3 0
> GRENADE 3 3 13 4 3
> GRENADE 4 3 13 4 3
> GRENADE 1 9 10 5 3
> POWERUP SHOE -3 6 5 5
> POWERUP SHOE -3 8 9 5
> BAT1 1 6 13 8 6 13 6 1 9 13 7 1 11 6 3 8 7 13
> BAT2 13 4 13 6 1 8 1 10 8 13 10 13 1 7
> BAT3 13 7
< RES 1637333168 102 3
< MOVE D D
> REQ 1637333168 103 3
> VAMPIRE 1 8 9 3 1 3 0
> VAMPIRE 2 6 5 3 2 3 0
> VAMPIRE 3 7 11 3 1 3 0
> VAMPIRE 4 7 11 3 0 3 0
> GRENADE 3 3 13 3 3
> GRENADE 4 3 13 3 3
> GRENADE 1 9 10 4 3
> POWERUP SHOE -2 6 5 5
> POWERUP SHOE -2 8 9 5
> BAT1 1 6 13 8 6 13 6 1 9 13 7 1 11 6 3 8 7 13
> BAT2 13 4 13 6 1 8 1 10 8 13 10 13 1 7
> BAT3 13 7
< RES 1637333168 103 3
< GRENADE
< MOVE L L
> REQ 1637333168 104 3
> VAMPIRE 1 8 9 3 1 3 0
> VAMPIRE 2 6 5 3 2 3 0
> VAMPIRE 3 7 9 3 0 3 0
> VAMPIRE 4 7 9 3 0 3 0
> GRENADE 3 3 13 2 3
> GRENADE 4 3 13 2 3
> GRENADE 1 9 10 3 3
> GRENADE 3 7 11 5 3
> POWERUP SHOE -1 6 5 5
> POWERUP SHOE -1 8 9 5
> BAT1 1 6 13 8 6 13 6 1 9 13 7 1 11 6 3 8 7 13
> BAT2 13 4 13 6 1 8 1 10 8 13 10 13 1 7
> BAT3 13 7
< RES 1637333168 104 3
< MOVE D
> REQ 1637333168 105 3
> VAMPIRE 1 8 9 3 0 3 0
> VAMPIRE 2 6 5 3 2 3 0
> VAMPIRE 3 7 9 3 0 3 0
> VAMPIRE 4 7 9 3 0 3 0
> GRENADE 3 3 13 1 3
> GRENADE 4 3 13 1 3
> GRENADE 1 9 10 2 3
> GRENADE 3 7 11 4 3
> GRENADE 1 8 9 5 3
> POWERUP SHOE 14 6 5 5
> POWERUP SHOE 14 8 9 5
> BAT1 1 6 13 8 6 13 6 1 9 13 7 1 11 6 3 8 7 13
> BAT2 13 4 13 6 1 8 1 10 8 13 10 13 1 7
> BAT3 13 7
< RES 1637333168 105 3
< MOVE L L
> REQ 1637333168 106 3
> VAMPIRE 1 7 9 3 0 3 0
> VAMPIRE 2 6 5 3 2 3 0
> VAMPIRE 3 7 7 3 1 3 0
> VAMPIRE 4 7 8 3 1 3 0
> GRENADE 1 9 10 1 3
> GRENADE 3 7 11 3 3
> GRENADE 1 8 11 4 3
> POWERUP SHOE 13 6 5 5
> POWERUP SHOE 13 8 9 5
> BAT1 1 6 13 8 6 1 9 13 7 1 11 6 3 8 7 13
> BAT2 13 4 13 6 1 8 1 10 8 13 10 13 1 7
> BAT3 13 7
< RES 1637333168 106 3
< GRENADE
> REQ 1637333168 107 3
> VAMPIRE 1 8 9 3 1 3 0
> VAMPIRE 2 6 5 3 2 3 0
> VAMPIRE 3 7 7 3 0 3 0
> VAMPIRE 4 8 9 3 0 3 0
> GRENADE 3 7 11 2 3
> GRENADE 1 8 11 3 3
> GRENADE 3 7 7 5 3
> GRENADE 4 7 8 5 3
> POWERUP SHOE 12 6 5 5
> POWERUP SHOE 12 8 9 5
> BAT1 1 6 13 8 6 1 7 1 11 6 3 8 7 13
> BAT2 13 4 13 6 1 8 1 10 8 13 10 13 1 7
> BAT3 13 7
< RES 1637333168 107 3
< THROW XU 4
< MOVE U U
> REQ 1637333168 108 3
> VAMPIRE 1 9 9 3 1 3 0
> VAMPIRE 2 5 5 3 2 3 0
> VAMPIRE 3 5 7 3 0 3 0
> VAMPIRE 4 9 9 3 0 3 0
> GRENADE 3 7 11 1 3
> GRENADE 1 8 11 2 3
> GRENADE 3 3 7 4 3
> GRENADE 4 7 8 4 3
> POWERUP SHOE 11 6 5 5
> POWERUP SHOE 11 8 9 5
> BAT1 1 6 13 8 6 1 7 1 11 6 3 8 7 13
> BAT2 13 4 13 6 1 8 1 10 8 13 10 13 1 7
> BAT3 13 7
< RES 1637333168 108 3
< MOVE L L
> REQ 1637333168 109 3
> VAMPIRE 1 9 9 3 1 3 0
> VAMPIRE 2 6 5 3 2 3 0
> VAMPIRE 3 5 5 3 1 3 0
> VAMPIRE 4 8 9 3 1 3 0
> GRENADE 3 3 7 3 3
> GRENADE 1 9 9 5 3
> POWERUP SHOE 10 6 5 5
> POWERUP SHOE 10 8 9 5
> BAT1 1 6 13 8 6 1 7 1 11 6 3 8
> BAT2 13 4 13 6 1 8 1 10 8 13 10 13 1 7
> BAT3 13 7
< RES 1637333168 109 3
< MOVE D
> REQ 1637333168 110 3
> VAMPIRE 1 8 9 3 1 3 0
> VAMPIRE 2 6 5 3 2 3 0
> VAMPIRE 3 6 5 3 1 3 0
> VAMPIRE 4 7 9 3 1 3 0
> GRENADE 3 3 7 2 3
> GRENADE 1 9 13 4 3
> POWERUP SHOE 9 6 5 5
> POWERUP SHOE 9 8 9 5
> BAT1 1 6 13 8 6 1 7 1 11 6 3 8
> BAT2 13 4 13 6 1 8 1 10 8 13 10 13 1 7
> BAT3 13 7
< RES 1637333168 110 3
> REQ 1637333168 111 3
> VAMPIRE 1 8 9 3 1 3 0
> VAMPIRE 2 6 5 3 2 3 0
> VAMPIRE 3 6 5 3 1 3 0
> VAMPIRE 4 8 9 3 1 3 0
> GRENADE 3 3 7 1 3
> GRENADE 1 9 13 3 3
> POWERUP SHOE 8 6 5 5
> POWERUP SHOE 8 8 9 5
> BAT1 1 6 13 8 6 1 7 1 11 6 3 8
> BAT2 13 4 13 6 1 8 1 10 8 13 10 13 1 7
> BAT3 13 7
< RES 1637333168 111 3
> REQ 1637333168 112 3
> VAMPIRE 1 8 9 3 1 3 0
> VAMPIRE 2 6 5 3 2 3 0
> VAMPIRE 3 6 5 3 2 3 0
> VAMPIRE 4 8 9 3 1 3 0
> GRENADE 1 9 13 2 3
> POWERUP SHOE 7 6 5 5
> POWERUP SHOE 7 8 9 5
> BAT1 1 6 13 8 6 1 7 1 11 6 1 7
> BAT2 13 4 13 6 1 8 1 10 8 13 10 13
> BAT3 13 7
< RES 1637333168 112 3
> REQ 1637333168 113 3
> VAMPIRE 1 8 9 3 1 3 0
> VAMPIRE 2 6 5 3 2 3 0
> VAMPIRE 3 6 5 3 2 3 0
> VAMPIRE 4 8 9 3 1 3 0
> GRENADE 1 9 13 1 3
> POWERUP SHOE 6 6 5 5
> POWERUP SHOE 6 8 9 5
> BAT1 1 6 13 8 6 1 7 1 11 6 1 7
> BAT2 13 4 13 6 1 8 1 10 8 13 10 13
> BAT3 13 7
< RES 1637333168 113 3
> REQ 1637333168 114 3
> VAMPIRE 1 8 9 3 2 3 0
> VAMPIRE 2 6 5 3 2 3 30
> VAMPIRE 3 6 5 3 2 3 0
> VAMPIRE 4 8 9 3 1 3 0
> POWERUP SHOE 5 8 9 5
> BAT1 1 6 13 8 6 1 8 13 10 13 7 1 11 6 1 7
> BAT2 13 4 13 6 1 8 1 10
> BAT3 13 7
< RES 1637333168 114 3
< MOVE D R
> REQ 1637333168 115 3
> VAMPIRE 1 8 9 3 2 3 30
> VAMPIRE 2 7 7 3 2 3 29
> VAMPIRE 3 7 6 3 2 3 0
> VAMPIRE 4 8 9 3 1 3 0
> BAT1 1 6 13 8 6 1 8 13 10 13 7 1 11 6 1 7
> BAT2 13 4 13 6 1 8 1 10
> BAT3 13 7
< RES 1637333168 115 3
< MOVE L L
> REQ 1637333168 116 3
> VAMPIRE 1 11 9 3 2 3 29
> VAMPIRE 2 7 4 3 1 3 28
> VAMPIRE 3 7 4 3 2 3 0
> VAMPIRE 4 10 9 3 1 3 0
> GRENADE 2 7 7 5 3
> BAT1 1 6 13 8 6 1 8 13 10 13 7 1 11 6 1 7
> BAT2 13 4 13 6 1 8 1 10
> BAT3 13 7
< RES 1637333168 116 3
< GRENADE
< MOVE L U
> REQ 1637333168 117 3
> VAMPIRE 1 9 9 3 1 3 28
> VAMPIRE 2 5 5 3 0 3 27
> VAMPIRE 3 6 3 3 1 3 0
> VAMPIRE 4 9 9 3 1 3 0
> GRENADE 2 7 7 4 3
> GRENADE 1 11 9 5 3
> GRENADE 2 7 4 5 3
> GRENADE 3 7 4 5 3
> BAT1 1 6 13 8 6 1 8 13 10 13 7 1 11 6 1 7
> BAT2 13 4 13 6 1 8 1 10
> BAT3 13 7
< RES 1637333168 117 3
< MOVE U L
> REQ 1637333168 118 3
> VAMPIRE 1 10 7 3 1 3 27
> VAMPIRE 2 6 7 3 0 3 26
> VAMPIRE 3 5 2 3 1 3 0
> VAMPIRE 4 7 9 3 0 3 0
> GRENADE 2 7 7 3 3
> GRENADE 1 11 9 4 3
> GRENADE 2 7 4 4 3
> GRENADE 3 7 4 4 3
> GRENADE 4 9 9 5 3
> BAT1 1 6 13 8 6 1 8 13 10 13 7 1 11 6 1 7
> BAT2 13 4 13 6 1 8 1 10
> BAT3 13 7
< RES 1637333168 118 3
< MOVE L U
> REQ 1637333168 119 3
> VAMPIRE 1 9 5 3 0 3 26
> VAMPIRE 2 5 7 3 0 3 25
> VAMPIRE 3 4 1 3 1 3 0
> VAMPIRE 4 8 9 3 0 3 0
> GRENADE 2 11 7 2 3
> GRENADE 1 11 9 3 3
> GRENADE 2 7 4 3 3
> GRENADE 3 7 4 3 3
> GRENADE 4 9 9 4 3
> GRENADE 1 10 7 5 3
> BAT1 1 6 13 8 6 1 8 13 10 13 7 1 11 6 1 7
> BAT2 13 4 13 6 1 8 1 10
> BAT3 13 7
< RES 1637333168 119 3
< MOVE U
> REQ 1637333168 120 3
> VAMPIRE 1 11 5 3 0 3 25
> VAMPIRE 2 3 8 3 0 3 24
> VAMPIRE 3 3 1 3 1 3 0
> VAMPIRE 4 7 9 3 0 3 0
> GRENADE 2 11 7 1 3
> GRENADE 1 11 9 2 3
> GRENADE 2 7 4 2 3
> GRENADE 3 7 4 2 3
> GRENADE 4 13 9 3 3
> GRENADE 1 10 7 4 3
> BAT1 1 6 13 8 6 1 8 13 10 13 7 1 11 6 1 7
> BAT2 13 4 13 6 1 8 1 10
> BAT3 13 7
< RES 1637333168 120 3
< GRENADE
< MOVE U U
> REQ 1637333168 121 3
> VAMPIRE 1 13 5 3 2 3 24
> VAMPIRE 2 1 9 3 1 3 23
> VAMPIRE 3 1 1 3 0 3 0
> VAMPIRE 4 7 11 3 1 3 0
> GRENADE 2 7 4 1 3
> GRENADE 3 7 4 1 3
> GRENADE 3 3 1 5 3
> BAT1 1 6 6 1 8 13 10 13 7 1 1 7
> BAT2 13 4 13 6 1 8 1 10 13 7
< RES 1637333168 121 3
< MOVE R R
> REQ 1637333168 122 3
> VAMPIRE 1 11 5 3 1 3 23
> VAMPIRE 2 3 9 3 1 3 22
> VAMPIRE 3 1 3 3 1 3 0
> VAMPIRE 4 7 13 3 1 3 0
> GRENADE 3 3 1 4 3
> GRENADE 1 13 5 5 3
> GRENADE 2 1 9 5 3
> BAT1 1 6 6 1 8 13 10 13 1 7
> BAT2 13 4 13 6 1 8 1 10 13 7
< RES 1637333168 122 3
< GRENADE
> REQ 1637333168 123 3
> VAMPIRE 1 11 7 3 1 3 22
> VAMPIRE 2 3 7 3 1 3 21
> VAMPIRE 3 1 3 3 0 3 0
> VAMPIRE 4 7 11 3 0 3 0
> GRENADE 3 3 1 3 3
> GRENADE 1 13 5 4 3
> GRENADE 2 1 9 4 3
> GRENADE 3 1 3 5 3
> GRENADE 4 7 13 5 3
> BAT1 1 6 6 1 8 13 10 13 1 7
> BAT2 13 4 13 6 1 8 1 10 13 7
< RES 1637333168 123 3
< THROW XR 2
< MOVE R
> REQ 1637333168 124 3
> VAMPIRE 1 11 7 3 0 3 21
> VAMPIRE 2 3 7 3 0 3 20
> VAMPIRE 3 1 4 3 0 3 0
> VAMPIRE 4 9 11 3 0 3 0
> GRENADE 3 3 1 2 3
> GRENADE 1 13 5 3 3
> GRENADE 2 1 9 3 3
> GRENADE 3 1 5 4 3
> GRENADE 4 7 13 4 3
> GRENADE 1 11 7 5 3
> GRENADE 2 3 7 5 3
> BAT1 1 6 6 1 8 13 10 13 1 7
> BAT2 13 4 13 6 1 8 1 10 13 7
< RES 1637333168 124 3
< THROW R 4
< MOVE L
> REQ 1637333168 125 3
> VAMPIRE 1 11 9 3 0 3 20
> VAMPIRE 2 3 8 3 0 3 19
> VAMPIRE 3 1 3 3 0 3 0
> VAMPIRE 4 9 11 3 0 3 0
> GRENADE 3 3 1 1 3
> GRENADE 1 13 5 2 3
> GRENADE 2 1 9 2 3
> GRENADE 3 1 9 3 3
> GRENADE 4 7 13 3 3
> GRENADE 1 12 7 4 3
> GRENADE 2 2 7 4 3
> BAT1 1 6 6 1 8 13 10 13 1 7
> BAT2 13 4 13 6 1 8 1 10 13 7
< RES 1637333168 125 3
< MOVE R R
> REQ 1637333168 126 3
> VAMPIRE 1 11 9 3 0 3 19
> VAMPIRE 2 3 5 3 0 3 18
> VAMPIRE 3 1 5 3 1 3 0
> VAMPIRE 4 9 13 3 0 3 0
> GRENADE 1 13 5 1 3
> GRENADE 2 1 9 1 3
> GRENADE 3 1 9 2 3
> GRENADE 4 7 13 2 3
> GRENADE 1 12 7 3 3
> GRENADE 2 2 7 3 3
> BAT1 1 6 8 13 10 13 1 7
> BAT2 13 4 13 6 1 8 1 10 13 7
< RES 1637333168 126 3
< GRENADE
> REQ 1637333168 127 3
> VAMPIRE 1 13 10 3 1 3 18
> VAMPIRE 2 2 5 3 1 3 17
> VAMPIRE 3 1 5 3 1 3 0
> VAMPIRE 4 9 13 3 0 3 0
> GRENADE 4 7 13 1 3
> GRENADE 1 12 7 2 3
> GRENADE 2 2 7 2 3
> GRENADE 3 1 5 5 3
> BAT1 1 6 13 4 13 6 1 8 1 10 8 13 10 13 1 7
> BAT2 13 7
< RES 1637333168 127 3
< THROW XR 4
> REQ 1637333168 128 3
> VAMPIRE 1 12 11 3 0 3 17
> VAMPIRE 2 5 5 3 0 3 16
> VAMPIRE 3 1 5 3 1 3 0
> VAMPIRE 4 9 13 3 1 3 0
> GRENADE 1 12 7 1 3
> GRENADE 2 2 7 1 3
> GRENADE 3 1 9 4 3
> GRENADE 1 13 10 5 3
> GRENADE 2 2 5 5 3
> BAT1 1 6 13 4 13 6 1 8 1 10 10 13 1 7
> BAT2 13 7
< RES 1637333168 128 3
< MOVE L L
> REQ 1637333168 129 3
> VAMPIRE 1 11 13 3 1 3 16
> VAMPIRE 2 3 5 3 1 3 15
> VAMPIRE 3 1 3 3 1 3 0
> VAMPIRE 4 9 13 3 0 3 0
> GRENADE 3 1 9 3 3
> GRENADE 1 13 10 4 3
> GRENADE 2 2 5 4 3
> GRENADE 4 9 13 5 3
> BAT1 1 6 13 4 13 6 1 8 1 10 10 13 13 7
< RES 1637333168 129 3
< GRENADE
> REQ 1637333168 130 3
> VAMPIRE 1 12 11 3 0 3 15
> VAMPIRE 2 5 5 3 1 3 14
> VAMPIRE 3 1 3 3 0 3 0
> VAMPIRE 4 9 13 3 0 3 0
> GRENADE 3 1 9 2 3
> GRENADE 1 13 10 3 3
> GRENADE 2 1 5 3 3
> GRENADE 4 13 13 4 3
> GRENADE 1 11 13 5 3
> GRENADE 3 1 3 5 3
> BAT1 1 6 13 4 13 6 1 8 1 10 10 13 13 7
< RES 1637333168 130 3
< THROW XR 4
< MOVE D
> REQ 1637333168 131 3
> VAMPIRE 1 9 11 3 0 3 14
> VAMPIRE 2 7 5 3 1 3 13
> VAMPIRE 3 2 3 3 0 3 0
> VAMPIRE 4 7 13 3 0 3 0
> GRENADE 3 1 9 1 3
> GRENADE 1 13 10 2 3
> GRENADE 2 1 5 2 3
> GRENADE 4 13 13 3 3
> GRENADE 1 11 13 4 3
> GRENADE 3 1 7 4 3
> BAT1 1 6 13 4 13 6 1 8 1 10 10 13 13 7
< RES 1637333168 131 3
< MOVE D
> REQ 1637333168 132 3
> VAMPIRE 1 10 9 3 0 3 13
> VAMPIRE 2 7 3 3 1 3 12
> VAMPIRE 3 3 3 3 1 3 0
> VAMPIRE 4 5 13 3 0 3 0
> GRENADE 1 13 10 1 3
> GRENADE 2 1 5 1 3
> GRENADE 4 13 13 2 3
> GRENADE 1 11 13 3 3
> GRENADE 3 1 7 3 3
> POWERUP GRENADE -8 6 11 4
> POWERUP GRENADE -8 8 3 4
> BAT1 1 6 13 4 13 6 10 13 13 7
< RES 1637333168 132 3
< MOVE D D
> REQ 1637333168 133 3
> VAMPIRE 1 7 9 3 2 3 12
> VAMPIRE 2 8 3 3 2 3 11
> VAMPIRE 3 5 3 3 1 3 0
> VAMPIRE 4 5 11 3 1 3 0
> GRENADE 3 1 7 2 3
> POWERUP GRENADE -7 6 11 4
> POWERUP GRENADE -7 8 3 4
> BAT1 13 4 13 6
< RES 1637333168 133 3
< MOVE D D
> REQ 1637333168 134 3
> VAMPIRE 1 6 11 3 2 3 11
> VAMPIRE 2 8 3 3 2 3 10
> VAMPIRE 3 7 3 3 1 3 0
> VAMPIRE 4 6 11 3 1 3 0
> GRENADE 3 1 7 1 3
> POWERUP GRENADE -6 6 11 4
> POWERUP GRENADE -6 8 3 4
> BAT1 13 4 13 6
< RES 1637333168 134 3
< MOVE D
> REQ 1637333168 135 3
> VAMPIRE 1 6 11 3 2 3 10
> VAMPIRE 2 8 3 3 1 3 9
> VAMPIRE 3 7 3 3 2 3 0
> VAMPIRE 4 6 11 3 1 3 0
> GRENADE 2 8 3 5 3
> POWERUP GRENADE -5 6 11 4
> POWERUP GRENADE -5 8 3 4
> BAT1 13 4 13 6
< RES 1637333168 135 3
< MOVE R R
> REQ 1637333168 136 3
> VAMPIRE 1 6 11 3 2 3 9
> VAMPIRE 2 8 3 3 0 3 8
> VAMPIRE 3 7 5 3 2 3 0
> VAMPIRE 4 6 11 3 1 3 0
> GRENADE 2 8 3 4 3
> GRENADE 2 8 3 5 3
> POWERUP GRENADE -4 6 11 4
> POWERUP GRENADE -4 8 3 4
> BAT1 13 4 13 6
< RES 1637333168 136 3
< MOVE R R
> REQ 1637333168 137 3
> VAMPIRE 1 6 11 3 2 3 8
> VAMPIRE 2 8 3 3 0 3 7
> VAMPIRE 3 7 7 3 2 3 0
> VAMPIRE 4 6 11 3 1 3 0
> GRENADE 2 4 3 3 3
> GRENADE 2 4 3 4 3
> POWERUP GRENADE -3 6 11 4
> POWERUP GRENADE -3 8 3 4
> BAT1 13 4 13 6
< RES 1637333168 137 3
< MOVE R R
> REQ 1637333168 138 3
> VAMPIRE 1 6 11 3 2 3 7
> VAMPIRE 2 8 3 3 0 3 6
> VAMPIRE 3 7 9 3 2 3 0
> VAMPIRE 4 6 11 3 1 3 0
> GRENADE 2 4 3 2 3
> GRENADE 2 4 3 3 3
> POWERUP GRENADE -2 6 11 4
> POWERUP GRENADE -2 8 3 4
> BAT1 13 4 13 6
< RES 1637333168 138 3
< MOVE R R
> REQ 1637333168 139 3
> VAMPIRE 1 6 11 3 2 3 6
> VAMPIRE 2 8 3 3 0 3 5
> VAMPIRE 3 7 11 3 2 3 0
> VAMPIRE 4 6 11 3 1 3 0
> GRENADE 2 4 3 1 3
> GRENADE 2 4 3 2 3
> POWERUP GRENADE -1 6 11 4
> POWERUP GRENADE -1 8 3 4
> BAT1 13 4 13 6
< RES 1637333168 139 3
< GRENADE
< MOVE U U
> REQ 1637333168 140 3
> VAMPIRE 1 5 10 3 1 3 5
> VAMPIRE 2 8 3 3 2 3 4
> VAMPIRE 3 7 11 3 1 3 0
> VAMPIRE 4 5 10 3 0 3 0
> GRENADE 1 6 11 5 3
> GRENADE 3 7 11 5 3
> GRENADE 4 6 11 5 3
> POWERUP GRENADE 17 6 11 4
> POWERUP GRENADE 17 8 3 4
> BAT1 13 4 13 6
< RES 1637333168 140 3
< THROW XU 4
< MOVE L L
> REQ 1637333168 141 3
> VAMPIRE 1 7 9 3 1 3 4
> VAMPIRE 2 8 3 3 2 3 3
> VAMPIRE 3 7 9 3 1 3 0
> VAMPIRE 4 5 8 3 0 3 0
> GRENADE 1 6 11 4 3
> GRENADE 3 3 11 4 3
> GRENADE 4 6 11 4 3
> POWERUP GRENADE 16 6 11 4
> POWERUP GRENADE 16 8 3 4
> BAT1 13 4 13 6
< RES 1637333168 141 3
< MOVE L L
> REQ 1637333168 142 3
> VAMPIRE 1 7 6 3 1 3 3
> VAMPIRE 2 8 3 3 2 3 2
> VAMPIRE 3 7 7 3 1 3 0
> VAMPIRE 4 6 9 3 0 3 0
> GRENADE 1 6 11 3 3
> GRENADE 3 3 11 3 3
> GRENADE 4 6 11 3 3
> POWERUP GRENADE 15 6 11 4
> POWERUP GRENADE 15 8 3 4
> BAT1 13 4 13 6
< RES 1637333168 142 3
< MOVE R R
> REQ 1637333168 143 3
> VAMPIRE 1 5 7 3 1 3 2
> VAMPIRE 2 8 3 3 3 3 1
> VAMPIRE 3 7 9 3 1 3 0
> VAMPIRE 4 7 10 3 0 3 0
> GRENADE 1 6 11 2 3
> GRENADE 3 3 11 2 3
> GRENADE 4 6 11 2 3
> POWERUP GRENADE 14 6 11 4
> BAT1 13 4 13 6
< RES 1637333168 143 3
< MOVE U
> REQ 1637333168 144 3
> VAMPIRE 1 5 10 3 1 3 1
> VAMPIRE 2 7 5 3 3 3 0
> VAMPIRE 3 6 9 3 1 3 0
> VAMPIRE 4 7 10 3 0 3 0
> GRENADE 1 6 11 1 3
> GRENADE 3 3 11 1 3
> GRENADE 4 6 11 1 3
> POWERUP GRENADE 13 6 11 4
> BAT1 13 4 13 6
< RES 1637333168 144 3
< MOVE D R
> REQ 1637333168 145 3
> VAMPIRE 1 5 11 3 2 3 0
> VAMPIRE 2 7 7 3 3 3 0
> VAMPIRE 3 7 10 3 2 3 0
> VAMPIRE 4 7 11 3 1 3 0
> POWERUP GRENADE 12 6 11 4
> BAT1 13 4 13 6
< RES 1637333168 145 3
< MOVE R U
> REQ 1637333168 146 3
> VAMPIRE 1 7 11 3 1 3 0
> VAMPIRE 2 7 9 3 3 3 0
> VAMPIRE 3 6 11 3 2 3 0
> VAMPIRE 4 6 11 3 1 3 0
> GRENADE 1 5 11 5 3
> POWERUP GRENADE 11 6 11 4
> BAT1 13 4 13 6
< RES 1637333168 146 3
> REQ 1637333168 147 3
> VAMPIRE 1 7 11 3 0 3 0
> VAMPIRE 2 7 10 3 3 3 0
> VAMPIRE 3 6 11 3 2 3 0
> VAMPIRE 4 6 11 3 1 3 0
> GRENADE 1 5 11 4 3
> GRENADE 1 7 11 5 3
> POWERUP GRENADE 10 6 11 4
> BAT1 13 4 13 6
< RES 1637333168 147 3
> REQ 1637333168 148 3
> VAMPIRE 1 7 11 3 0 3 0
> VAMPIRE 2 6 9 3 3 3 0
> VAMPIRE 3 6 11 3 2 3 0
> VAMPIRE 4 6 11 3 1 3 0
> GRENADE 1 5 11 3 3
> GRENADE 1 7 11 4 3
> POWERUP GRENADE 9 6 11 4
> BAT1 13 4 13 6
< RES 1637333168 148 3
> REQ 1637333168 149 3
> VAMPIRE 1 7 11 3 0 3 0
> VAMPIRE 2 6 9 3 3 3 0
> VAMPIRE 3 6 11 3 2 3 0
> VAMPIRE 4 6 11 3 1 3 0
> GRENADE 1 5 11 2 3
> GRENADE 1 7 11 3 3
> POWERUP GRENADE 8 6 11 4
> BAT1 13 4 13 6
< RES 1637333168 149 3
> REQ 1637333168 150 3
> VAMPIRE 1 7 12 3 0 3 0
> VAMPIRE 2 6 9 3 3 3 0
> VAMPIRE 3 6 11 3 3 3 0
> VAMPIRE 4 6 11 3 2 3 0
> GRENADE 1 5 11 1 3
> GRENADE 1 3 11 2 3
> BAT1 13 4 13 6
< RES 1637333168 150 3
< MOVE D
> REQ 1637333168 151 3
> VAMPIRE 1 7 13 3 2 3 0
> VAMPIRE 2 5 9 3 3 3 0
> VAMPIRE 3 7 11 2 3 3 0
> VAMPIRE 4 7 11 2 2 3 0
> BAT1 13 4 13 6
< RES 1637333168 151 3
< MOVE L L
> REQ 1637333168 152 3
> VAMPIRE 1 9 13 3 2 3 0
> VAMPIRE 2 7 9 3 3 3 0
> VAMPIRE 3 7 9 2 3 3 0
> VAMPIRE 4 7 9 2 2 3 0
> BAT1 13 4 13 6
< RES 1637333168 152 3
< MOVE L L
> REQ 1637333168 153 3
> VAMPIRE 1 9 11 3 2 3 0
> VAMPIRE 2 7 7 3 3 3 0
> VAMPIRE 3 7 7 2 3 3 0
> VAMPIRE 4 7 7 2 2 3 0
> BAT1 13 4 13 6
< RES 1637333168 153 3
> REQ 1637333168 154 3
> VAMPIRE 1 7 11 3 2 3 0
> VAMPIRE 2 7 7 3 3 3 0
> VAMPIRE 3 7 7 2 3 3 0
> VAMPIRE 4 7 7 2 2 3 0
> BAT1 13 4 13 6
< RES 1637333168 154 3
> REQ 1637333168 155 3
> VAMPIRE 1 7 9 3 2 3 0
> VAMPIRE 2 7 7 3 3 3 0
> VAMPIRE 3 7 7 2 3 3 0
> VAMPIRE 4 7 7 2 2 3 0
> BAT1 13 4 13 6
< RES 1637333168 155 3
< GRENADE
< MOVE D D
> REQ 1637333168 156 3
> VAMPIRE 1 9 9 3 1 3 0
> VAMPIRE 2 9 7 3 2 3 0
> VAMPIRE 3 9 7 2 2 3 0
> VAMPIRE 4 9 7 2 1 3 0
> GRENADE 1 7 9 5 3
> GRENADE 2 7 7 5 3
> GRENADE 3 7 7 5 3
> GRENADE 4 7 7 5 3
> BAT1 13 4 13 6
< RES 1637333168 156 3
< GRENADE
> REQ 1637333168 157 3
> VAMPIRE 1 9 9 3 0 3 0
> VAMPIRE 2 9 7 3 1 3 0
> VAMPIRE 3 9 7 2 1 3 0
> VAMPIRE 4 9 7 2 0 3 0
> GRENADE 1 7 9 4 3
> GRENADE 2 7 7 4 3
> GRENADE 3 7 7 4 3
> GRENADE 4 7 7 4 3
> GRENADE 1 9 9 5 3
> GRENADE 2 9 7 5 3
> GRENADE 3 9 7 5 3
> GRENADE 4 9 7 5 3
> BAT1 13 4 13 6
< RES 1637333168 157 3
< GRENADE
> REQ 1637333168 158 3
> VAMPIRE 1 9 9 3 0 3 0
> VAMPIRE 2 9 7 3 0 3 0
> VAMPIRE 3 9 7 2 0 3 0
> VAMPIRE 4 9 7 2 0 3 0
> GRENADE 1 7 9 3 3
> GRENADE 2 7 7 3 3
> GRENADE 3 7 7 3 3
> GRENADE 4 7 7 3 3
> GRENADE 1 9 9 4 3
> GRENADE 2 9 7 4 3
> GRENADE 3 9 7 4 3
> GRENADE 4 9 7 4 3
> GRENADE 2 9 7 5 3
> GRENADE 3 9 7 5 3
> BAT1 13 4 13 6
< RES 1637333168 158 3
< MOVE D D
> REQ 1637333168 159 3
> VAMPIRE 1 9 9 3 0 3 0
> VAMPIRE 2 11 7 3 0 3 0
> VAMPIRE 3 11 7 2 0 3 0
> VAMPIRE 4 11 7 2 0 3 0
> GRENADE 1 7 9 2 3
> GRENADE 2 7 7 2 3
> GRENADE 3 7 7 2 3
> GRENADE 4 7 7 2 3
> GRENADE 1 9 9 3 3
> GRENADE 2 9 7 3 3
> GRENADE 3 9 7 3 3
> GRENADE 4 9 7 3 3
> GRENADE 2 9 7 4 3
> GRENADE 3 9 7 4 3
> BAT1 13 4 13 6
< RES 1637333168 159 3
< MOVE L L
> REQ 1637333168 160 3
> VAMPIRE 1 9 11 3 0 3 0
> VAMPIRE 2 11 5 3 0 3 0
> VAMPIRE 3 11 5 2 0 3 0
> VAMPIRE 4 11 5 2 0 3 0
> GRENADE 1 7 9 1 3
> GRENADE 2 7 7 1 3
> GRENADE 3 7 7 1 3
> GRENADE 4 7 7 1 3
> GRENADE 1 13 9 2 3
> GRENADE 2 9 7 2 3
> GRENADE 3 9 7 2 3
> GRENADE 4 9 7 2 3
> GRENADE 2 9 7 3 3
> GRENADE 3 9 7 3 3
> BAT1 13 4 13 6
< RES 1637333168 160 3
< MOVE D D
> REQ 1637333168 161 3
> VAMPIRE 1 7 11 3 1 3 0
> VAMPIRE 2 13 5 3 3 3 0
> VAMPIRE 3 13 5 2 3 3 0
> VAMPIRE 4 13 5 2 2 3 0
> GRENADE 1 13 9 1 3
> BAT1 13 4 13 6
< RES 1637333168 161 3
< GRENADE
< MOVE U U
> REQ 1637333168 162 3
> VAMPIRE 1 7 9 3 2 3 0
> VAMPIRE 2 11 5 3 2 3 0
> VAMPIRE 3 11 5 2 2 3 0
> VAMPIRE 4 11 5 2 1 3 0
> GRENADE 2 13 5 5 3
> GRENADE 3 13 5 5 3
> GRENADE 4 13 5 5 3
> BAT1 13 4
< RES 1637333168 162 3
< GRENADE
< MOVE R R
> REQ 1637333168 163 3
> VAMPIRE 1 7 7 3 2 3 0
> VAMPIRE 2 11 7 3 1 3 0
> VAMPIRE 3 11 7 2 1 3 0
> VAMPIRE 4 11 7 2 0 3 0
> GRENADE 2 13 5 4 3
> GRENADE 3 13 5 4 3
> GRENADE 4 13 5 4 3
> GRENADE 2 11 5 5 3
> GRENADE 3 11 5 5 3
> GRENADE 4 11 5 5 3
> BAT1 13 4
< RES 1637333168 163 3
< GRENADE
< MOVE U U
> REQ 1637333168 164 3
> VAMPIRE 1 7 7 3 1 3 0
> VAMPIRE 2 9 7 3 0 3 0
> VAMPIRE 3 9 7 2 0 3 0
> VAMPIRE 4 9 7 2 0 3 0
> GRENADE 2 13 5 3 3
> GRENADE 3 13 5 3 3
> GRENADE 4 13 5 3 3
> GRENADE 2 11 5 4 3
> GRENADE 3 11 5 4 3
> GRENADE 4 11 5 4 3
> GRENADE 1 7 7 5 3
> GRENADE 2 11 7 5 3
> GRENADE 3 11 7 5 3
> BAT1 13 4
< RES 1637333168 164 3
< MOVE R R
> REQ 1637333168 165 3
> VAMPIRE 1 7 7 3 0 3 0
> VAMPIRE 2 9 9 3 0 3 0
> VAMPIRE 3 9 9 2 0 3 0
> VAMPIRE 4 9 9 2 0 3 0
> GRENADE 2 13 5 2 3
> GRENADE 3 13 5 2 3
> GRENADE 4 13 5 2 3
> GRENADE 2 11 5 3 3
> GRENADE 3 11 5 3 3
> GRENADE 4 11 5 3 3
> GRENADE 1 7 7 4 3
> GRENADE 2 11 7 4 3
> GRENADE 3 11 7 4 3
> GRENADE 1 7 7 5 3
> POWERUP SHOE -6 11 3 7
> POWERUP SHOE -6 3 11 7
> BAT1 13 4
< RES 1637333168 165 3
< MOVE U U
> REQ 1637333168 166 3
> VAMPIRE 1 7 5 3 0 3 0
> VAMPIRE 2 7 9 3 0 3 0
> VAMPIRE 3 7 9 2 0 3 0
> VAMPIRE 4 7 9 2 0 3 0
> GRENADE 2 13 5 1 3
> GRENADE 3 13 5 1 3
> GRENADE 4 13 5 1 3
> GRENADE 2 11 5 2 3
> GRENADE 3 11 5 2 3
> GRENADE 4 11 5 2 3
> GRENADE 1 11 7 3 3
> GRENADE 2 11 7 3 3
> GRENADE 3 11 7 3 3
> GRENADE 1 11 7 4 3
> POWERUP SHOE -5 11 3 7
> POWERUP SHOE -5 3 11 7
> BAT1 13 4
< RES 1637333168 166 3
< MOVE U U
> REQ 1637333168 167 3
> VAMPIRE 1 7 3 3 2 3 0
> VAMPIRE 2 5 9 3 3 3 0
> VAMPIRE 3 5 9 2 3 3 0
> VAMPIRE 4 5 9 2 2 3 0
> POWERUP SHOE -4 11 3 7
> POWERUP SHOE -4 3 11 7
< RES 1637333168 167 3
< MOVE U U
> REQ 1637333168 168 3
> VAMPIRE 1 9 3 3 2 3 0
> VAMPIRE 2 3 9 3 3 3 0
> VAMPIRE 3 3 9 2 3 3 0
> VAMPIRE 4 3 9 2 2 3 0
> POWERUP SHOE -3 11 3 7
> POWERUP SHOE -3 3 11 7
< RES 1637333168 168 3
< MOVE R R
> REQ 1637333168 169 3
> VAMPIRE 1 11 3 3 2 3 0
> VAMPIRE 2 3 11 3 3 3 0
> VAMPIRE 3 3 11 2 3 3 0
> VAMPIRE 4 3 11 2 2 3 0
> POWERUP SHOE -2 11 3 7
> POWERUP SHOE -2 3 11 7
< RES 1637333168 169 3
> REQ 1637333168 170 3
> VAMPIRE 1 11 3 3 2 3 0
> VAMPIRE 2 3 11 3 3 3 0
> VAMPIRE 3 3 11 2 3 3 0
> VAMPIRE 4 3 11 2 2 3 0
> POWERUP SHOE -1 11 3 7
> POWERUP SHOE -1 3 11 7
< RES 1637333168 170 3
> REQ 1637333168 171 3
> VAMPIRE 1 11 3 3 2 3 0
> VAMPIRE 2 3 11 3 3 3 0
> VAMPIRE 3 3 11 2 3 3 0
> VAMPIRE 4 3 11 2 2 3 0
> POWERUP SHOE 16 11 3 7
> POWERUP SHOE 16 3 11 7
< RES 1637333168 171 3
> REQ 1637333168 172 3
> VAMPIRE 1 11 3 3 2 3 0
> VAMPIRE 2 3 11 3 3 3 0
> VAMPIRE 3 3 11 2 3 3 0
> VAMPIRE 4 3 11 2 2 3 0
> POWERUP SHOE 15 11 3 7
> POWERUP SHOE 15 3 11 7
< RES 1637333168 172 3
> REQ 1637333168 173 3
> VAMPIRE 1 11 3 3 2 3 0
> VAMPIRE 2 3 11 3 3 3 0
> VAMPIRE 3 3 11 2 3 3 0
> VAMPIRE 4 3 11 2 2 3 0
> POWERUP SHOE 14 11 3 7
> POWERUP SHOE 14 3 11 7
< RES 1637333168 173 3
> REQ 1637333168 174 3
> VAMPIRE 1 11 3 3 2 3 0
> VAMPIRE 2 3 11 3 3 3 0
> VAMPIRE 3 3 11 2 3 3 0
> VAMPIRE 4 3 11 2 2 3 0
> POWERUP SHOE 13 11 3 7
> POWERUP SHOE 13 3 11 7
< RES 1637333168 174 3
> REQ 1637333168 175 3
> VAMPIRE 1 11 3 3 2 3 0
> VAMPIRE 2 3 11 3 3 3 0
> VAMPIRE 3 3 11 2 3 3 0
> VAMPIRE 4 3 11 2 2 3 0
> POWERUP SHOE 12 11 3 7
> POWERUP SHOE 12 3 11 7
< RES 1637333168 175 3
> REQ 1637333168 176 3
> VAMPIRE 1 11 3 3 2 3 0
> VAMPIRE 2 3 11 3 3 3 0
> VAMPIRE 3 3 11 2 3 3 0
> VAMPIRE 4 3 11 2 2 3 0
> POWERUP SHOE 11 11 3 7
> POWERUP SHOE 11 3 11 7
< RES 1637333168 176 3
> REQ 1637333168 177 3
> VAMPIRE 1 11 3 3 2 3 30
> VAMPIRE 2 3 11 3 3 3 30
> VAMPIRE 3 3 11 2 3 3 30
> VAMPIRE 4 3 11 2 2 3 30
< RES 1637333168 177 3
< MOVE L L
> REQ 1637333168 178 3
> VAMPIRE 1 11 5 3 2 3 29
> VAMPIRE 2 3 9 3 3 3 29
> VAMPIRE 3 3 9 2 3 3 29
> VAMPIRE 4 3 9 2 2 3 29
< RES 1637333168 178 3
< MOVE D D
> REQ 1637333168 179 3
> VAMPIRE 1 9 5 3 2 3 28
> VAMPIRE 2 5 9 3 3 3 28
> VAMPIRE 3 5 9 2 3 3 28
> VAMPIRE 4 5 9 2 2 3 28
< RES 1637333168 179 3
< MOVE U U
> REQ 1637333168 180 3
> VAMPIRE 1 9 3 3 2 3 27
> VAMPIRE 2 3 9 3 3 3 27
> VAMPIRE 3 3 9 2 3 3 27
> VAMPIRE 4 3 9 2 2 3 27
< RES 1637333168 180 3
< MOVE D D
> REQ 1637333168 181 3
> VAMPIRE 1 9 5 3 2 3 26
> VAMPIRE 2 5 9 3 3 3 26
> VAMPIRE 3 5 9 2 3 3 26
> VAMPIRE 4 5 9 2 2 3 26
< RES 1637333168 181 3
< MOVE U U
> REQ 1637333168 182 3
> VAMPIRE 1 9 3 3 2 3 25
> VAMPIRE 2 3 9 3 3 3 25
> VAMPIRE 3 3 9 2 3 3 25
> VAMPIRE 4 3 9 2 2 3 25
< RES 1637333168 182 3
< MOVE D D
> REQ 1637333168 183 3
> VAMPIRE 1 9 5 3 2 3 24
> VAMPIRE 2 5 9 3 3 3 24
> VAMPIRE 3 5 9 2 3 3 24
> VAMPIRE 4 5 9 2 2 3 24
< RES 1637333168 183 3
< MOVE U U
> REQ 1637333168 184 3
> VAMPIRE 1 9 3 3 2 3 23
> VAMPIRE 2 3 9 3 3 3 23
> VAMPIRE 3 3 9 2 3 3 23
> VAMPIRE 4 3 9 2 2 3 23
< RES 1637333168 184 3
< MOVE D D
> REQ 1637333168 185 3
> VAMPIRE 1 9 5 3 2 3 22
> VAMPIRE 2 5 9 3 3 3 22
> VAMPIRE 3 5 9 2 3 3 22
> VAMPIRE 4 5 9 2 2 3 22
< RES 1637333168 185 3
< MOVE U U
> REQ 1637333168 186 3
> VAMPIRE 1 9 3 3 2 3 21
> VAMPIRE 2 3 9 3 3 3 21
> VAMPIRE 3 3 9 2 3 3 21
> VAMPIRE 4 3 9 2 2 3 21
< RES 1637333168 186 3
< MOVE D D
> REQ 1637333168 187 3
> VAMPIRE 1 9 5 3 2 3 20
> VAMPIRE 2 5 9 3 3 3 20
> VAMPIRE 3 5 9 2 3 3 20
> VAMPIRE 4 5 9 2 2 3 20
< RES 1637333168 187 3
< MOVE U U
> REQ 1637333168 188 3
> VAMPIRE 1 9 3 3 2 3 19
> VAMPIRE 2 3 9 3 3 3 19
> VAMPIRE 3 3 9 2 3 3 19
> VAMPIRE 4 3 9 2 2 3 19
< RES 1637333168 188 3
< MOVE D D
> REQ 1637333168 189 3
> VAMPIRE 1 9 5 3 2 3 18
> VAMPIRE 2 5 9 3 3 3 18
> VAMPIRE 3 5 9 2 3 3 18
> VAMPIRE 4 5 9 2 2 3 18
< RES 1637333168 189 3
< MOVE U U
> REQ 1637333168 190 3
> VAMPIRE 1 9 3 3 2 3 17
> VAMPIRE 2 3 9 3 3 3 17
> VAMPIRE 3 3 9 2 3 3 17
> VAMPIRE 4 3 9 2 2 3 17
< RES 1637333168 190 3
< MOVE D D
> REQ 1637333168 191 3
> VAMPIRE 1 9 5 3 2 3 16
> VAMPIRE 2 5 9 3 3 3 16
> VAMPIRE 3 5 9 2 3 3 16
> VAMPIRE 4 5 9 2 2 3 16
< RES 1637333168 191 3
< MOVE U U
> REQ 1637333168 192 3
> VAMPIRE 1 9 3 3 2 3 15
> VAMPIRE 2 3 9 3 3 3 15
> VAMPIRE 3 3 9 2 3 3 15
> VAMPIRE 4 3 9 2 2 3 15
< RES 1637333168 192 3
< MOVE D D
> REQ 1637333168 193 3
> VAMPIRE 1 9 5 3 2 3 14
> VAMPIRE 2 5 9 3 3 3 14
> VAMPIRE 3 5 9 2 3 3 14
> VAMPIRE 4 5 9 2 2 3 14
< RES 1637333168 193 3
< MOVE U U
> REQ 1637333168 194 3
> VAMPIRE 1 9 3 3 2 3 13
> VAMPIRE 2 3 9 3 3 3 13
> VAMPIRE 3 3 9 2 3 3 13
> VAMPIRE 4 3 9 2 2 3 13
< RES 1637333168 194 3
< MOVE D D
> REQ 1637333168 195 3
> VAMPIRE 1 9 5 3 2 3 12
> VAMPIRE 2 5 9 3 3 3 12
> VAMPIRE 3 5 9 2 3 3 12
> VAMPIRE 4 5 9 2 2 3 12
< RES 1637333168 195 3
< MOVE U U
> REQ 1637333168 196 3
> VAMPIRE 1 9 3 3 2 3 11
> VAMPIRE 2 3 9 3 3 3 11
> VAMPIRE 3 3 9 2 3 3 11
> VAMPIRE 4 3 9 2 2 3 11
< RES 1637333168 196 3
< MOVE D D
> REQ 1637333168 197 3
> VAMPIRE 1 9 5 3 2 3 10
> VAMPIRE 2 5 9 3 3 3 10
> VAMPIRE 3 5 9 2 3 3 10
> VAMPIRE 4 5 9 2 2 3 10
< RES 1637333168 197 3
< MOVE U U
> REQ 1637333168 198 3
> VAMPIRE 1 9 3 3 2 3 9
> VAMPIRE 2 3 9 3 3 3 9
> VAMPIRE 3 3 9 2 3 3 9
> VAMPIRE 4 3 9 2 2 3 9
< RES 1637333168 198 3
< MOVE D D
> REQ 1637333168 199 3
> VAMPIRE 1 9 5 3 2 3 8
> VAMPIRE 2 5 9 3 3 3 8
> VAMPIRE 3 5 9 2 3 3 8
> VAMPIRE 4 5 9 2 2 3 8
< RES 1637333168 199 3
< MOVE U U
> REQ 1637333168 200 3
> VAMPIRE 1 9 3 3 2 3 7
> VAMPIRE 2 3 9 3 3 3 7
> VAMPIRE 3 3 9 2 3 3 7
> VAMPIRE 4 3 9 2 2 3 7
< RES 1637333168 200 3
< MOVE D D
> REQ 1637333168 201 3
> VAMPIRE 1 9 5 3 2 3 6
> VAMPIRE 2 5 9 3 3 3 6
> VAMPIRE 3 5 9 2 3 3 6
> VAMPIRE 4 5 9 2 2 3 6
> POWERUP SHOE -4 2 13 4
> POWERUP SHOE -4 12 1 4
< RES 1637333168 201 3
< GRENADE
< MOVE U U R
> REQ 1637333168 202 3
> VAMPIRE 1 11 4 3 2 3 5
> VAMPIRE 2 3 10 3 2 3 5
> VAMPIRE 3 3 10 2 2 3 5
> VAMPIRE 4 3 10 2 1 3 5
> GRENADE 2 5 9 5 3
> GRENADE 3 5 9 5 3
> GRENADE 4 5 9 5 3
> POWERUP SHOE -3 2 13 4
> POWERUP SHOE -3 12 1 4
< RES 1637333168 202 3
< MOVE R R R
> REQ 1637333168 203 3
> VAMPIRE 1 11 1 3 2 3 4
> VAMPIRE 2 3 13 3 2 3 4
> VAMPIRE 3 3 13 2 2 3 4
> VAMPIRE 4 3 13 2 1 3 4
> GRENADE 2 5 9 4 3
> GRENADE 3 5 9 4 3
> GRENADE 4 5 9 4 3
> POWERUP SHOE -2 2 13 4
> POWERUP SHOE -2 12 1 4
< RES 1637333168 203 3
< MOVE U
> REQ 1637333168 204 3
> VAMPIRE 1 12 1 3 2 3 3
> VAMPIRE 2 2 13 3 2 3 3
> VAMPIRE 3 2 13 2 2 3 3
> VAMPIRE 4 2 13 2 1 3 3
> GRENADE 2 5 9 3 3
> GRENADE 3 5 9 3 3
> GRENADE 4 5 9 3 3
> POWERUP SHOE -1 2 13 4
> POWERUP SHOE -1 12 1 4
< RES 1637333168 204 3
> REQ 1637333168 205 3
> VAMPIRE 1 12 1 3 2 3 2
> VAMPIRE 2 2 13 3 2 3 2
> VAMPIRE 3 2 13 2 2 3 2
> VAMPIRE 4 2 13 2 1 3 2
> GRENADE 2 5 9 2 3
> GRENADE 3 5 9 2 3
> GRENADE 4 5 9 2 3
> POWERUP SHOE 20 2 13 4
> POWERUP SHOE 20 12 1 4
< RES 1637333168 205 3
> REQ 1637333168 206 3
> VAMPIRE 1 12 1 3 2 3 1
> VAMPIRE 2 2 13 3 2 3 1
> VAMPIRE 3 2 13 2 2 3 1
> VAMPIRE 4 2 13 2 1 3 1
> GRENADE 2 5 9 1 3
> GRENADE 3 5 9 1 3
> GRENADE 4 5 9 1 3
> POWERUP SHOE 19 2 13 4
> POWERUP SHOE 19 12 1 4
< RES 1637333168 206 3
> REQ 1637333168 207 3
> VAMPIRE 1 12 1 3 2 3 0
> VAMPIRE 2 2 13 3 3 3 0
> VAMPIRE 3 2 13 2 3 3 0
> VAMPIRE 4 2 13 2 2 3 0
> POWERUP SHOE 18 2 13 4
> POWERUP SHOE 18 12 1 4
< RES 1637333168 207 3
> REQ 1637333168 208 3
> VAMPIRE 1 12 1 3 2 3 30
> VAMPIRE 2 2 13 3 3 3 30
> VAMPIRE 3 2 13 2 3 3 30
> VAMPIRE 4 2 13 2 2 3 30
< RES 1637333168 208 3
< MOVE D L L
> REQ 1637333168 209 3
> VAMPIRE 1 11 3 3 2 3 29
> VAMPIRE 2 3 11 3 3 3 29
> VAMPIRE 3 3 11 2 3 3 29
> VAMPIRE 4 3 11 2 2 3 29
< RES 1637333168 209 3
< MOVE L L
> REQ 1637333168 210 3
> VAMPIRE 1 11 5 3 2 3 28
> VAMPIRE 2 3 9 3 3 3 28
> VAMPIRE 3 3 9 2 3 3 28
> VAMPIRE 4 3 9 2 2 3 28
< RES 1637333168 210 3
< MOVE D D
> REQ 1637333168 211 3
> VAMPIRE 1 9 5 3 2 3 27
> VAMPIRE 2 5 9 3 3 3 27
> VAMPIRE 3 5 9 2 3 3 27
> VAMPIRE 4 5 9 2 2 3 27
< RES 1637333168 211 3
< MOVE U U
> REQ 1637333168 212 3
> VAMPIRE 1 9 3 3 2 3 26
> VAMPIRE 2 3 9 3 3 3 26
> VAMPIRE 3 3 9 2 3 3 26
> VAMPIRE 4 3 9 2 2 3 26
< RES 1637333168 212 3
< MOVE D D
> REQ 1637333168 213 3
> VAMPIRE 1 9 5 3 2 3 25
> VAMPIRE 2 5 9 3 3 3 25
> VAMPIRE 3 5 9 2 3 3 25
> VAMPIRE 4 5 9 2 2 3 25
< RES 1637333168 213 3
< MOVE U U
> REQ 1637333168 214 3
> VAMPIRE 1 9 3 3 2 3 24
> VAMPIRE 2 3 9 3 3 3 24
> VAMPIRE 3 3 9 2 3 3 24
> VAMPIRE 4 3 9 2 2 3 24
< RES 1637333168 214 3
< MOVE D D
> REQ 1637333168 215 3
> VAMPIRE 1 9 5 3 2 3 23
> VAMPIRE 2 5 9 3 3 3 23
> VAMPIRE 3 5 9 2 3 3 23
> VAMPIRE 4 5 9 2 2 3 23
< RES 1637333168 215 3
< MOVE U U
> REQ 1637333168 216 3
> VAMPIRE 1 9 3 3 2 3 22
> VAMPIRE 2 3 9 3 3 3 22
> VAMPIRE 3 3 9 2 3 3 22
> VAMPIRE 4 3 9 2 2 3 22
< RES 1637333168 216 3
< MOVE D D
> REQ 1637333168 217 3
> VAMPIRE 1 9 5 3 2 3 21
> VAMPIRE 2 5 9 3 3 3 21
> VAMPIRE 3 5 9 2 3 3 21
> VAMPIRE 4 5 9 2 2 3 21
< RES 1637333168 217 3
< MOVE U U
> REQ 1637333168 218 3
> VAMPIRE 1 9 3 3 2 3 20
> VAMPIRE 2 3 9 3 3 3 20
> VAMPIRE 3 3 9 2 3 3 20
> VAMPIRE 4 3 9 2 2 3 20
< RES 1637333168 218 3
< MOVE D D
> REQ 1637333168 219 3
> VAMPIRE 1 9 5 3 2 3 19
> VAMPIRE 2 5 9 3 3 3 19
> VAMPIRE 3 5 9 2 3 3 19
> VAMPIRE 4 5 9 2 2 3 19
< RES 1637333168 219 3
< MOVE U U
> REQ 1637333168 220 3
> VAMPIRE 1 9 3 3 2 3 18
> VAMPIRE 2 3 9 3 3 3 18
> VAMPIRE 3 3 9 2 3 3 18
> VAMPIRE 4 3 9 2 2 3 18
< RES 1637333168 220 3
< MOVE D D
> REQ 1637333168 221 3
> VAMPIRE 1 9 5 3 2 3 17
> VAMPIRE 2 5 9 3 3 3 17
> VAMPIRE 3 5 9 2 3 3 17
> VAMPIRE 4 5 9 2 2 3 17
< RES 1637333168 221 3
< MOVE U U
> REQ 1637333168 222 3
> VAMPIRE 1 9 3 3 2 3 16
> VAMPIRE 2 3 9 3 3 3 16
> VAMPIRE 3 3 9 2 3 3 16
> VAMPIRE 4 3 9 2 2 3 16
< RES 1637333168 222 3
< MOVE D D
> REQ 1637333168 223 3
> VAMPIRE 1 9 5 3 2 3 15
> VAMPIRE 2 5 9 3 3 3 15
> VAMPIRE 3 5 9 2 3 3 15
> VAMPIRE 4 5 9 2 2 3 15
< RES 1637333168 223 3
< MOVE U U
> REQ 1637333168 224 3
> VAMPIRE 1 9 3 3 2 3 14
> VAMPIRE 2 3 9 3 3 3 14
> VAMPIRE 3 3 9 2 3 3 14
> VAMPIRE 4 3 9 2 2 3 14
< RES 1637333168 224 3
< MOVE D D
> REQ 1637333168 225 3
> VAMPIRE 1 9 5 3 2 3 13
> VAMPIRE 2 5 9 3 3 3 13
> VAMPIRE 3 5 9 2 3 3 13
> VAMPIRE 4 5 9 2 2 3 13
< RES 1637333168 225 3
< MOVE U U
> REQ 1637333168 226 3
> VAMPIRE 1 9 3 3 2 3 12
> VAMPIRE 2 3 9 3 3 3 12
> VAMPIRE 3 3 9 2 3 3 12
> VAMPIRE 4 3 9 2 2 3 12
< RES 1637333168 226 3
< MOVE D D
> REQ 1637333168 227 3
> VAMPIRE 1 9 5 3 2 3 11
> VAMPIRE 2 5 9 3 3 3 11
> VAMPIRE 3 5 9 2 3 3 11
> VAMPIRE 4 5 9 2 2 3 11
< RES 1637333168 227 3
< MOVE U U
> REQ 1637333168 228 3
> VAMPIRE 1 9 3 3 2 3 10
> VAMPIRE 2 3 9 3 3 3 10
> VAMPIRE 3 3 9 2 3 3 10
> VAMPIRE 4 3 9 2 2 3 10
< RES 1637333168 228 3
< MOVE D D
> REQ 1637333168 229 3
> VAMPIRE 1 9 5 3 2 3 9
> VAMPIRE 2 5 9 3 3 3 9
> VAMPIRE 3 5 9 2 3 3 9
> VAMPIRE 4 5 9 2 2 3 9
< RES 1637333168 229 3
< MOVE U U
> REQ 1637333168 230 3
> VAMPIRE 1 9 3 3 2 3 8
> VAMPIRE 2 3 9 3 3 3 8
> VAMPIRE 3 3 9 2 3 3 8
> VAMPIRE 4 3 9 2 2 3 8
< RES 1637333168 230 3
< MOVE D D
> REQ 1637333168 231 3
> VAMPIRE 1 9 5 3 2 3 7
> VAMPIRE 2 5 9 3 3 3 7
> VAMPIRE 3 5 9 2 3 3 7
> VAMPIRE 4 5 9 2 2 3 7
< RES 1637333168 231 3
< MOVE U U
> REQ 1637333168 232 3
> VAMPIRE 1 9 3 3 2 3 6
> VAMPIRE 2 3 9 3 3 3 6
> VAMPIRE 3 3 9 2 3 3 6
> VAMPIRE 4 3 9 2 2 3 6
< RES 1637333168 232 3
< MOVE D D
> REQ 1637333168 233 3
> VAMPIRE 1 9 5 3 2 3 5
> VAMPIRE 2 5 9 3 3 3 5
> VAMPIRE 3 5 9 2 3 3 5
> VAMPIRE 4 5 9 2 2 3 5
< RES 1637333168 233 3
< MOVE U U
> REQ 1637333168 234 3
> VAMPIRE 1 9 3 3 2 3 4
> VAMPIRE 2 3 9 3 3 3 4
> VAMPIRE 3 3 9 2 3 3 4
> VAMPIRE 4 3 9 2 2 3 4
< RES 1637333168 234 3
< MOVE D D
> REQ 1637333168 235 3
> VAMPIRE 1 9 5 3 2 3 3
> VAMPIRE 2 5 9 3 3 3 3
> VAMPIRE 3 5 9 2 3 3 3
> VAMPIRE 4 5 9 2 2 3 3
< RES 1637333168 235 3
< MOVE U U
> REQ 1637333168 236 3
> VAMPIRE 1 9 5 3 2 3 2
> VAMPIRE 2 3 9 3 3 3 2
> VAMPIRE 3 3 9 2 3 3 2
> VAMPIRE 4 3 9 2 2 3 2
< RES 1637333168 236 3
< MOVE L L
> REQ 1637333168 237 3
> VAMPIRE 1 9 7 3 2 3 1
> VAMPIRE 2 3 7 3 3 3 1
> VAMPIRE 3 3 7 2 3 3 1
> VAMPIRE 4 3 7 2 2 3 1
< RES 1637333168 237 3
< MOVE D D
> REQ 1637333168 238 3
> VAMPIRE 1 9 7 3 2 3 0
> VAMPIRE 2 5 7 3 3 3 0
> VAMPIRE 3 5 7 2 3 3 0
> VAMPIRE 4 5 7 2 2 3 0
< RES 1637333168 238 3
< MOVE D D
> REQ 1637333168 239 3
> VAMPIRE 1 7 7 3 2 3 0
> VAMPIRE 2 7 7 3 3 3 0
> VAMPIRE 3 7 7 2 3 3 0
> VAMPIRE 4 7 7 2 2 3 0
> POWERUP TOMATO -9 7 6 6
> POWERUP TOMATO -9 7 8 6
< RES 1637333168 239 3
< MOVE L
> REQ 1637333168 240 3
> VAMPIRE 1 7 9 3 1 3 0
> VAMPIRE 2 7 9 3 2 3 0
> VAMPIRE 3 7 6 2 3 3 0
> VAMPIRE 4 7 6 2 2 3 0
> GRENADE 1 7 7 5 3
> GRENADE 2 7 7 5 3
> POWERUP TOMATO -8 7 6 6
> POWERUP TOMATO -8 7 8 6
< RES 1637333168 240 3
< GRENADE
> REQ 1637333168 241 3
> VAMPIRE 1 7 9 3 0 3 0
> VAMPIRE 2 9 9 3 1 3 0
> VAMPIRE 3 7 6 2 2 3 0
> VAMPIRE 4 7 6 2 1 3 0
> GRENADE 1 7 7 4 3
> GRENADE 2 7 7 4 3
> GRENADE 1 7 9 5 3
> GRENADE 2 7 9 5 3
> GRENADE 3 7 6 5 3
> GRENADE 4 7 6 5 3
> POWERUP TOMATO -7 7 6 6
> POWERUP TOMATO -7 7 8 6
< RES 1637333168 241 3
< GRENADE
> REQ 1637333168 242 3
> VAMPIRE 1 7 9 3 0 3 0
> VAMPIRE 2 11 9 3 0 3 0
> VAMPIRE 3 7 6 2 1 3 0
> VAMPIRE 4 7 6 2 0 3 0
> GRENADE 1 7 7 3 3
> GRENADE 2 7 7 3 3
> GRENADE 1 7 9 4 3
> GRENADE 2 7 9 4 3
> GRENADE 3 7 6 4 3
> GRENADE 4 7 6 4 3
> GRENADE 2 9 9 5 3
> GRENADE 3 7 6 5 3
> GRENADE 4 7 6 5 3
> POWERUP TOMATO -6 7 6 6
> POWERUP TOMATO -6 7 8 6
< RES 1637333168 242 3
< GRENADE
> REQ 1637333168 243 3
> VAMPIRE 1 6 9 3 0 3 0
> VAMPIRE 2 11 7 3 0 3 0
> VAMPIRE 3 7 6 2 0 3 0
> VAMPIRE 4 7 6 2 0 3 0
> GRENADE 1 7 7 2 3
> GRENADE 2 7 7 2 3
> GRENADE 1 7 9 3 3
> GRENADE 2 7 9 3 3
> GRENADE 3 7 6 3 3
> GRENADE 4 7 6 3 3
> GRENADE 2 9 9 4 3
> GRENADE 3 7 6 4 3
> GRENADE 4 7 6 4 3
> GRENADE 3 7 6 5 3
> POWERUP TOMATO -5 7 6 6
> POWERUP TOMATO -5 7 8 6
< RES 1637333168 243 3
> REQ 1637333168 244 3
> VAMPIRE 1 6 9 3 0 3 0
> VAMPIRE 2 11 5 3 0 3 0
> VAMPIRE 3 7 6 2 0 3 0
> VAMPIRE 4 7 6 2 0 3 0
> GRENADE 1 7 7 1 3
> GRENADE 2 7 7 1 3
> GRENADE 1 7 9 2 3
> GRENADE 2 7 9 2 3
> GRENADE 3 7 6 2 3
> GRENADE 4 7 6 2 3
> GRENADE 2 9 9 3 3
> GRENADE 3 7 6 3 3
> GRENADE 4 7 6 3 3
> GRENADE 3 7 6 4 3
> POWERUP TOMATO -4 7 6 6
> POWERUP TOMATO -4 7 8 6
< RES 1637333168 244 3
< THROW XL 4
> REQ 1637333168 245 3
> VAMPIRE 1 6 9 2 2 3 0
> VAMPIRE 2 9 5 3 3 3 0
> VAMPIRE 3 7 6 1 3 3 0
> VAMPIRE 4 7 6 1 2 3 0
> POWERUP TOMATO -3 7 6 6
> POWERUP TOMATO -3 7 8 6
< RES 1637333168 245 3
> REQ 1637333168 246 3
> VAMPIRE 1 7 8 2 2 3 0
> VAMPIRE 2 7 5 3 3 3 0
> VAMPIRE 3 7 6 1 3 3 0
> VAMPIRE 4 7 6 1 2 3 0
> POWERUP TOMATO -2 7 6 6
> POWERUP TOMATO -2 7 8 6
< RES 1637333168 246 3
< GRENADE
> REQ 1637333168 247 3
> VAMPIRE 1 7 8 2 2 3 0
> VAMPIRE 2 7 7 3 2 3 0
> VAMPIRE 3 7 6 1 3 3 0
> VAMPIRE 4 7 6 1 2 3 0
> GRENADE 2 7 5 5 3
> POWERUP TOMATO -1 7 6 6
> POWERUP TOMATO -1 7 8 6
< RES 1637333168 247 3
< GRENADE
< MOVE R R
> REQ 1637333168 248 3
> VAMPIRE 1 7 9 2 2 3 0
> VAMPIRE 2 7 9 3 1 3 0
> VAMPIRE 3 7 6 1 2 3 0
> VAMPIRE 4 7 6 1 1 3 0
> GRENADE 2 7 5 4 3
> GRENADE 2 7 7 5 3
> GRENADE 3 7 6 5 3
> GRENADE 4 7 6 5 3
> POWERUP TOMATO 20 7 6 6
> POWERUP TOMATO 20 7 8 6
< RES 1637333168 248 3
< GRENADE
> REQ 1637333168 249 3
> VAMPIRE 1 7 9 2 1 3 0
> VAMPIRE 2 7 9 3 0 3 0
> VAMPIRE 3 7 6 1 1 3 0
> VAMPIRE 4 7 6 1 0 3 0
> GRENADE 2 7 5 3 3
> GRENADE 2 7 7 4 3
> GRENADE 3 7 6 4 3
> GRENADE 4 7 6 4 3
> GRENADE 1 7 9 5 3
> GRENADE 2 7 9 5 3
> GRENADE 3 7 6 5 3
> GRENADE 4 7 6 5 3
> POWERUP TOMATO 19 7 6 6
> POWERUP TOMATO 19 7 8 6
< RES 1637333168 249 3
< GRENADE
> REQ 1637333168 250 3
> VAMPIRE 1 5 9 2 0 3 0
> VAMPIRE 2 7 8 3 0 3 0
> VAMPIRE 3 7 6 1 0 3 0
> VAMPIRE 4 7 6 1 0 3 0
> GRENADE 2 7 5 2 3
> GRENADE 2 7 7 3 3
> GRENADE 3 7 6 3 3
> GRENADE 4 7 10 3 3
> GRENADE 1 7 9 4 3
> GRENADE 2 7 9 4 3
> GRENADE 3 7 6 4 3
> GRENADE 4 7 10 4 3
> GRENADE 1 7 9 5 3
> GRENADE 3 7 6 5 3
> POWERUP TOMATO 18 7 6 6
> POWERUP TOMATO 18 7 8 6
< RES 1637333168 250 3
< GRENADE
> REQ 1637333168 251 3
> VAMPIRE 1 5 11 2 0 3 0
> VAMPIRE 2 7 8 3 0 3 0
> VAMPIRE 3 7 6 1 0 3 0
> VAMPIRE 4 7 6 1 0 3 0
> GRENADE 2 7 5 1 3
> GRENADE 2 7 7 2 3
> GRENADE 3 7 6 2 3
> GRENADE 4 7 10 2 3
> GRENADE 1 7 9 3 3
> GRENADE 2 7 9 3 3
> GRENADE 3 7 6 3 3
> GRENADE 4 7 10 3 3
> GRENADE 1 7 9 4 3
> GRENADE 3 7 6 4 3
> POWERUP TOMATO 17 7 6 6
> POWERUP TOMATO 17 7 8 6
< RES 1637333168 251 3
> END 462 Could_not_be_more_deaded
