> MESSAGE OK
> LEVEL 10
> GAMEID 1637331965
> TEST 1
> MAXTICK 800
> GRENADERADIUS 3
> SIZE 15
> REQ 1637331965 0 4
> VAMPIRE 1 1 1 3 1 3 0
> VAMPIRE 2 13 1 3 1 3 0
> VAMPIRE 3 13 13 3 1 3 0
> VAMPIRE 4 1 13 3 1 3 0
> BAT1 8 1 9 1 10 1 11 1 1 3 7 3 1 4 1 5 6 5 8 5 1 6 5 6 9 6 3 7 11 7 5 8 9 8 13 8 6 9 8 9 13 9 13 10 7 11 13 11 3 13 4 13 5 13 6 13
> BAT2 3 1 4 1 5 1 6 1 8 3 9 3 13 3 13 4 3 5 7 5 13 5 3 6 13 6 5 7 9 7 1 8 11 8 1 9 7 9 11 9 1 10 1 11 5 11 6 11 8 13 9 13 10 13 11 13
> BAT3 7 1 5 3 6 3 11 5 11 6 1 7 7 7 13 7 3 8 3 9 8 11 9 11 7 13
< RES 1637331965 0 4
> REQ 1637331965 1 4
> VAMPIRE 1 1 1 3 0 3 0
> VAMPIRE 2 13 1 3 0 3 0
> VAMPIRE 3 13 13 3 1 3 0
> VAMPIRE 4 1 13 3 1 3 0
> GRENADE 1 1 1 5 3
> GRENADE 2 13 1 5 3
> BAT1 8 1 9 1 10 1 11 1 1 3 7 3 1 4 1 5 6 5 8 5 1 6 5 6 9 6 3 7 11 7 5 8 9 8 13 8 6 9 8 9 13 9 13 10 7 11 13 11 3 13 4 13 5 13 6 13
> BAT2 3 1 4 1 5 1 6 1 8 3 9 3 13 3 13 4 3 5 7 5 13 5 3 6 13 6 5 7 9 7 1 8 11 8 1 9 7 9 11 9 1 10 1 11 5 11 6 11 8 13 9 13 10 13 11 13
> BAT3 7 1 5 3 6 3 11 5 11 6 1 7 7 7 13 7 3 8 3 9 8 11 9 11 7 13
< RES 1637331965 1 4
> REQ 1637331965 2 4
> VAMPIRE 1 1 1 3 0 3 0
> VAMPIRE 2 13 1 3 0 3 0
> VAMPIRE 3 13 13 3 1 3 0
> VAMPIRE 4 1 13 3 1 3 0
> GRENADE 1 1 1 4 3
> GRENADE 2 13 1 4 3
> BAT1 8 1 9 1 10 1 11 1 1 3 7 3 1 4 1 5 6 5 8 5 1 6 5 6 9 6 3 7 11 7 5 8 9 8 13 8 6 9 8 9 13 9 13 10 7 11 13 11 3 13 4 13 5 13 6 13
> BAT2 3 1 4 1 5 1 6 1 8 3 9 3 13 3 13 4 3 5 7 5 13 5 3 6 13 6 5 7 9 7 1 8 11 8 1 9 7 9 11 9 1 10 1 11 5 11 6 11 8 13 9 13 10 13 11 13
> BAT3 7 1 5 3 6 3 11 5 11 6 1 7 7 7 13 7 3 8 3 9 8 11 9 11 7 13
< RES 1637331965 2 4
> REQ 1637331965 3 4
> VAMPIRE 1 1 1 3 0 3 0
> VAMPIRE 2 13 1 3 0 3 0
> VAMPIRE 3 13 13 3 1 3 0
> VAMPIRE 4 1 13 3 1 3 0
> GRENADE 1 1 1 3 3
> GRENADE 2 13 1 3 3
> BAT1 8 1 9 1 10 1 11 1 1 3 7 3 1 4 1 5 6 5 8 5 1 6 5 6 9 6 3 7 11 7 5 8 9 8 13 8 6 9 8 9 13 9 13 10 7 11 13 11 3 13 4 13 5 13 6 13
> BAT2 3 1 4 1 5 1 6 1 8 3 9 3 13 3 13 4 3 5 7 5 13 5 3 6 13 6 5 7 9 7 1 8 11 8 1 9 7 9 11 9 1 10 1 11 5 11 6 11 8 13 9 13 10 13 11 13
> BAT3 7 1 5 3 6 3 11 5 11 6 1 7 7 7 13 7 3 8 3 9 8 11 9 11 7 13
< RES 1637331965 3 4
> REQ 1637331965 4 4
> VAMPIRE 1 2 1 3 0 3 0
> VAMPIRE 2 13 2 3 0 3 0
> VAMPIRE 3 13 13 3 1 3 0
> VAMPIRE 4 1 13 3 1 3 0
> GRENADE 1 1 2 2 3
> GRENADE 2 12 1 2 3
> BAT1 8 1 9 1 10 1 11 1 1 3 7 3 1 4 1 5 6 5 8 5 1 6 5 6 9 6 3 7 11 7 5 8 9 8 13 8 6 9 8 9 13 9 13 10 7 11 13 11 3 13 4 13 5 13 6 13
> BAT2 3 1 4 1 5 1 6 1 8 3 9 3 13 3 13 4 3 5 7 5 13 5 3 6 13 6 5 7 9 7 1 8 11 8 1 9 7 9 11 9 1 10 1 11 5 11 6 11 8 13 9 13 10 13 11 13
> BAT3 7 1 5 3 6 3 11 5 11 6 1 7 7 7 13 7 3 8 3 9 8 11 9 11 7 13
< RES 1637331965 4 4
> REQ 1637331965 5 4
> VAMPIRE 1 2 1 3 0 3 0
> VAMPIRE 2 13 2 3 0 3 0
> VAMPIRE 3 13 13 3 1 3 0
> VAMPIRE 4 1 13 3 1 3 0
> GRENADE 1 1 2 1 3
> GRENADE 2 12 1 1 3
> BAT1 8 1 9 1 10 1 11 1 1 3 7 3 1 4 1 5 6 5 8 5 1 6 5 6 9 6 3 7 11 7 5 8 9 8 13 8 6 9 8 9 13 9 13 10 7 11 13 11 3 13 4 13 5 13 6 13
> BAT2 3 1 4 1 5 1 6 1 8 3 9 3 13 3 13 4 3 5 7 5 13 5 3 6 13 6 5 7 9 7 1 8 11 8 1 9 7 9 11 9 1 10 1 11 5 11 6 11 8 13 9 13 10 13 11 13
> BAT3 7 1 5 3 6 3 11 5 11 6 1 7 7 7 13 7 3 8 3 9 8 11 9 11 7 13
< RES 1637331965 5 4
> REQ 1637331965 6 4
> VAMPIRE 1 1 1 3 1 3 0
> VAMPIRE 2 13 1 3 1 3 0
> VAMPIRE 3 13 13 3 1 3 0
> VAMPIRE 4 1 13 3 1 3 0
> BAT1 8 1 9 1 10 1 7 3 1 4 1 5 6 5 8 5 1 6 5 6 9 6 3 7 11 7 5 8 9 8 13 8 6 9 8 9 13 9 13 10 7 11 13 11 3 13 4 13 5 13 6 13
> BAT2 3 1 4 1 5 1 6 1 8 3 9 3 13 3 13 4 3 5 7 5 13 5 3 6 13 6 5 7 9 7 1 8 11 8 1 9 7 9 11 9 1 10 1 11 5 11 6 11 8 13 9 13 10 13 11 13
> BAT3 7 1 5 3 6 3 11 5 11 6 1 7 7 7 13 7 3 8 3 9 8 11 9 11 7 13
< RES 1637331965 6 4
> REQ 1637331965 7 4
> VAMPIRE 1 1 3 3 1 3 0
> VAMPIRE 2 11 1 3 1 3 0
> VAMPIRE 3 13 13 3 1 3 0
> VAMPIRE 4 1 13 3 1 3 0
> BAT1 8 1 9 1 10 1 7 3 1 4 1 5 6 5 8 5 1 6 5 6 9 6 3 7 11 7 5 8 9 8 13 8 6 9 8 9 13 9 13 10 7 11 13 11 3 13 4 13 5 13 6 13
> BAT2 3 1 4 1 5 1 6 1 8 3 9 3 13 3 13 4 3 5 7 5 13 5 3 6 13 6 5 7 9 7 1 8 11 8 1 9 7 9 11 9 1 10 1 11 5 11 6 11 8 13 9 13 10 13 11 13
> BAT3 7 1 5 3 6 3 11 5 11 6 1 7 7 7 13 7 3 8 3 9 8 11 9 11 7 13
< RES 1637331965 7 4
> REQ 1637331965 8 4
> VAMPIRE 1 3 3 3 1 3 0
> VAMPIRE 2 11 3 3 1 3 0
> VAMPIRE 3 13 13 3 1 3 0
> VAMPIRE 4 1 13 3 1 3 0
> BAT1 8 1 9 1 10 1 7 3 1 4 1 5 6 5 8 5 1 6 5 6 9 6 3 7 11 7 5 8 9 8 13 8 6 9 8 9 13 9 13 10 7 11 13 11 3 13 4 13 5 13 6 13
> BAT2 3 1 4 1 5 1 6 1 8 3 9 3 13 3 13 4 3 5 7 5 13 5 3 6 13 6 5 7 9 7 1 8 11 8 1 9 7 9 11 9 1 10 1 11 5 11 6 11 8 13 9 13 10 13 11 13
> BAT3 7 1 5 3 6 3 11 5 11 6 1 7 7 7 13 7 3 8 3 9 8 11 9 11 7 13
< RES 1637331965 8 4
> REQ 1637331965 9 4
> VAMPIRE 1 1 3 3 0 3 0
> VAMPIRE 2 11 1 3 0 3 0
> VAMPIRE 3 13 13 3 1 3 0
> VAMPIRE 4 1 13 3 1 3 0
> GRENADE 1 3 3 5 3
> GRENADE 2 11 3 5 3
> BAT1 8 1 9 1 10 1 7 3 1 4 1 5 6 5 8 5 1 6 5 6 9 6 3 7 11 7 5 8 9 8 13 8 6 9 8 9 13 9 13 10 7 11 13 11 3 13 4 13 5 13 6 13
> BAT2 3 1 4 1 5 1 6 1 8 3 9 3 13 3 13 4 3 5 7 5 13 5 3 6 13 6 5 7 9 7 1 8 11 8 1 9 7 9 11 9 1 10 1 11 5 11 6 11 8 13 9 13 10 13 11 13
> BAT3 7 1 5 3 6 3 11 5 11 6 1 7 7 7 13 7 3 8 3 9 8 11 9 11 7 13
< RES 1637331965 9 4
> REQ 1637331965 10 4
> VAMPIRE 1 1 2 3 0 3 0
> VAMPIRE 2 12 1 3 0 3 0
> VAMPIRE 3 13 13 3 1 3 0
> VAMPIRE 4 1 13 3 1 3 0
> GRENADE 1 3 3 4 3
> GRENADE 2 11 3 4 3
> BAT1 8 1 9 1 10 1 7 3 1 4 1 5 6 5 8 5 1 6 5 6 9 6 3 7 11 7 5 8 9 8 13 8 6 9 8 9 13 9 13 10 7 11 13 11 3 13 4 13 5 13 6 13
> BAT2 3 1 4 1 5 1 6 1 8 3 9 3 13 3 13 4 3 5 7 5 13 5 3 6 13 6 5 7 9 7 1 8 11 8 1 9 7 9 11 9 1 10 1 11 5 11 6 11 8 13 9 13 10 13 11 13
> BAT3 7 1 5 3 6 3 11 5 11 6 1 7 7 7 13 7 3 8 3 9 8 11 9 11 7 13
< RES 1637331965 10 4
> REQ 1637331965 11 4
> VAMPIRE 1 1 2 3 0 3 0
> VAMPIRE 2 12 1 3 0 3 0
> VAMPIRE 3 13 13 3 1 3 0
> VAMPIRE 4 1 13 3 1 3 0
> GRENADE 1 3 3 3 3
> GRENADE 2 11 3 3 3
> BAT1 8 1 9 1 10 1 7 3 1 4 1 5 6 5 8 5 1 6 5 6 9 6 3 7 11 7 5 8 9 8 13 8 6 9 8 9 13 9 13 10 7 11 13 11 3 13 4 13 5 13 6 13
> BAT2 3 1 4 1 5 1 6 1 8 3 9 3 13 3 13 4 3 5 7 5 13 5 3 6 13 6 5 7 9 7 1 8 11 8 1 9 7 9 11 9 1 10 1 11 5 11 6 11 8 13 9 13 10 13 11 13
> BAT3 7 1 5 3 6 3 11 5 11 6 1 7 7 7 13 7 3 8 3 9 8 11 9 11 7 13
< RES 1637331965 11 4
> REQ 1637331965 12 4
> VAMPIRE 1 1 2 3 0 3 0
> VAMPIRE 2 12 1 3 0 3 0
> VAMPIRE 3 13 13 3 1 3 0
> VAMPIRE 4 1 13 3 1 3 0
> GRENADE 1 3 3 2 3
> GRENADE 2 11 3 2 3
> BAT1 8 1 9 1 10 1 7 3 1 4 1 5 6 5 8 5 1 6 5 6 9 6 3 7 11 7 5 8 9 8 13 8 6 9 8 9 13 9 13 10 7 11 13 11 3 13 4 13 5 13 6 13
> BAT2 3 1 4 1 5 1 6 1 8 3 9 3 13 3 13 4 3 5 7 5 13 5 3 6 13 6 5 7 9 7 1 8 11 8 1 9 7 9 11 9 1 10 1 11 5 11 6 11 8 13 9 13 10 13 11 13
> BAT3 7 1 5 3 6 3 11 5 11 6 1 7 7 7 13 7 3 8 3 9 8 11 9 11 7 13
< RES 1637331965 12 4
> REQ 1637331965 13 4
> VAMPIRE 1 1 2 3 0 3 0
> VAMPIRE 2 12 1 3 0 3 0
> VAMPIRE 3 13 13 3 1 3 0
> VAMPIRE 4 1 13 3 1 3 0
> GRENADE 1 3 3 1 3
> GRENADE 2 11 3 1 3
> BAT1 8 1 9 1 10 1 7 3 1 4 1 5 6 5 8 5 1 6 5 6 9 6 3 7 11 7 5 8 9 8 13 8 6 9 8 9 13 9 13 10 7 11 13 11 3 13 4 13 5 13 6 13
> BAT2 3 1 4 1 5 1 6 1 8 3 9 3 13 3 13 4 3 5 7 5 13 5 3 6 13 6 5 7 9 7 1 8 11 8 1 9 7 9 11 9 1 10 1 11 5 11 6 11 8 13 9 13 10 13 11 13
> BAT3 7 1 5 3 6 3 11 5 11 6 1 7 7 7 13 7 3 8 3 9 8 11 9 11 7 13
< RES 1637331965 13 4
> REQ 1637331965 14 4
> VAMPIRE 1 2 3 3 1 3 0
> VAMPIRE 2 11 2 3 1 3 0
> VAMPIRE 3 13 13 3 1 3 0
> VAMPIRE 4 1 13 3 1 3 0
> BAT1 8 1 9 1 10 1 7 3 1 4 1 5 6 5 8 5 1 6 5 6 9 6 3 7 11 7 5 8 9 8 13 8 6 9 8 9 13 9 13 10 7 11 13 11 3 13 4 13 5 13 6 13 3 1 9 3 13 3 3 5
> BAT2 4 1 5 1 6 1 8 3 13 4 7 5 13 5 3 6 13 6 5 7 9 7 1 8 11 8 1 9 7 9 11 9 1 10 1 11 5 11 6 11 8 13 9 13 10 13 11 13 5 3 11 5
> BAT3 7 1 6 3 11 6 1 7 7 7 13 7 3 8 3 9 8 11 9 11 7 13
< RES 1637331965 14 4
> REQ 1637331965 15 4
> VAMPIRE 1 3 3 3 1 3 0
> VAMPIRE 2 10 3 3 1 3 0
> VAMPIRE 3 13 13 3 1 3 0
> VAMPIRE 4 1 13 3 1 3 0
> BAT1 8 1 9 1 10 1 7 3 1 4 1 5 6 5 8 5 1 6 5 6 9 6 3 7 11 7 5 8 9 8 13 8 6 9 8 9 13 9 13 10 7 11 13 11 3 13 4 13 5 13 6 13 3 1 9 3 13 3 3 5
> BAT2 4 1 5 1 6 1 8 3 13 4 7 5 13 5 3 6 13 6 5 7 9 7 1 8 11 8 1 9 7 9 11 9 1 10 1 11 5 11 6 11 8 13 9 13 10 13 11 13 5 3 11 5
> BAT3 7 1 6 3 11 6 1 7 7 7 13 7 3 8 3 9 8 11 9 11 7 13
< RES 1637331965 15 4
> REQ 1637331965 16 4
> VAMPIRE 1 1 3 3 0 3 0
> VAMPIRE 2 11 2 3 0 3 0
> VAMPIRE 3 13 13 3 1 3 0
> VAMPIRE 4 1 13 3 1 3 0
> GRENADE 1 3 3 5 3
> GRENADE 2 10 3 5 3
> BAT1 8 1 9 1 10 1 7 3 1 4 1 5 6 5 8 5 1 6 5 6 9 6 3 7 11 7 5 8 9 8 13 8 6 9 8 9 13 9 13 10 7 11 13 11 3 13 4 13 5 13 6 13 3 1 9 3 13 3 3 5
> BAT2 4 1 5 1 6 1 8 3 13 4 7 5 13 5 3 6 13 6 5 7 9 7 1 8 11 8 1 9 7 9 11 9 1 10 1 11 5 11 6 11 8 13 9 13 10 13 11 13 5 3 11 5
> BAT3 7 1 6 3 11 6 1 7 7 7 13 7 3 8 3 9 8 11 9 11 7 13
< RES 1637331965 16 4
> REQ 1637331965 17 4
> VAMPIRE 1 1 2 3 0 3 0
> VAMPIRE 2 11 1 3 0 3 0
> VAMPIRE 3 13 13 3 1 3 0
> VAMPIRE 4 1 13 3 1 3 0
> GRENADE 1 3 3 4 3
> GRENADE 2 10 3 4 3
> BAT1 8 1 9 1 10 1 7 3 1 4 1 5 6 5 8 5 1 6 5 6 9 6 3 7 11 7 5 8 9 8 13 8 6 9 8 9 13 9 13 10 7 11 13 11 3 13 4 13 5 13 6 13 3 1 9 3 13 3 3 5
> BAT2 4 1 5 1 6 1 8 3 13 4 7 5 13 5 3 6 13 6 5 7 9 7 1 8 11 8 1 9 7 9 11 9 1 10 1 11 5 11 6 11 8 13 9 13 10 13 11 13 5 3 11 5
> BAT3 7 1 6 3 11 6 1 7 7 7 13 7 3 8 3 9 8 11 9 11 7 13
< RES 1637331965 17 4
> REQ 1637331965 18 4
> VAMPIRE 1 1 2 3 0 3 0
> VAMPIRE 2 11 1 3 0 3 0
> VAMPIRE 3 13 13 3 1 3 0
> VAMPIRE 4 1 13 3 1 3 0
> GRENADE 1 3 3 3 3
> GRENADE 2 10 3 3 3
> BAT1 8 1 9 1 10 1 7 3 1 4 1 5 6 5 8 5 1 6 5 6 9 6 3 7 11 7 5 8 9 8 13 8 6 9 8 9 13 9 13 10 7 11 13 11 3 13 4 13 5 13 6 13 3 1 9 3 13 3 3 5
> BAT2 4 1 5 1 6 1 8 3 13 4 7 5 13 5 3 6 13 6 5 7 9 7 1 8 11 8 1 9 7 9 11 9 1 10 1 11 5 11 6 11 8 13 9 13 10 13 11 13 5 3 11 5
> BAT3 7 1 6 3 11 6 1 7 7 7 13 7 3 8 3 9 8 11 9 11 7 13
< RES 1637331965 18 4
> REQ 1637331965 19 4
> VAMPIRE 1 1 2 3 0 3 0
> VAMPIRE 2 11 1 3 0 3 0
> VAMPIRE 3 13 13 3 1 3 0
> VAMPIRE 4 1 13 3 1 3 0
> GRENADE 1 3 3 2 3
> GRENADE 2 10 3 2 3
> BAT1 8 1 9 1 10 1 7 3 1 4 1 5 6 5 8 5 1 6 5 6 9 6 3 7 11 7 5 8 9 8 13 8 6 9 8 9 13 9 13 10 7 11 13 11 3 13 4 13 5 13 6 13 3 1 9 3 13 3 3 5
> BAT2 4 1 5 1 6 1 8 3 13 4 7 5 13 5 3 6 13 6 5 7 9 7 1 8 11 8 1 9 7 9 11 9 1 10 1 11 5 11 6 11 8 13 9 13 10 13 11 13 5 3 11 5
> BAT3 7 1 6 3 11 6 1 7 7 7 13 7 3 8 3 9 8 11 9 11 7 13
< RES 1637331965 19 4
> REQ 1637331965 20 4
> VAMPIRE 1 1 2 3 0 3 0
> VAMPIRE 2 11 1 3 0 3 0
> VAMPIRE 3 13 13 3 1 3 0
> VAMPIRE 4 1 13 3 1 3 0
> GRENADE 1 3 3 1 3
> GRENADE 2 10 3 1 3
> BAT1 8 1 9 1 10 1 7 3 1 4 1 5 6 5 8 5 1 6 5 6 9 6 3 7 11 7 5 8 9 8 13 8 6 9 8 9 13 9 13 10 7 11 13 11 3 13 4 13 5 13 6 13 3 1 9 3 13 3 3 5
> BAT2 4 1 5 1 6 1 8 3 13 4 7 5 13 5 3 6 13 6 5 7 9 7 1 8 11 8 1 9 7 9 11 9 1 10 1 11 5 11 6 11 8 13 9 13 10 13 11 13 5 3 11 5
> BAT3 7 1 6 3 11 6 1 7 7 7 13 7 3 8 3 9 8 11 9 11 7 13
< RES 1637331965 20 4
> REQ 1637331965 21 4
> VAMPIRE 1 1 1 3 1 3 0
> VAMPIRE 2 11 3 3 1 3 0
> VAMPIRE 3 13 13 3 1 3 0
> VAMPIRE 4 1 13 3 1 3 0
> BAT1 8 1 9 1 10 1 7 3 1 4 1 5 6 5 8 5 1 6 5 6 9 6 3 7 11 7 5 8 9 8 13 8 6 9 8 9 13 9 13 10 7 11 13 11 3 13 4 13 5 13 6 13 5 3
> BAT2 4 1 5 1 6 1 8 3 13 4 7 5 13 5 3 6 13 6 5 7 9 7 1 8 11 8 1 9 7 9 11 9 1 10 1 11 5 11 6 11 8 13 9 13 10 13 11 13 11 5
> BAT3 7 1 6 3 11 6 1 7 7 7 13 7 3 8 3 9 8 11 9 11 7 13
< RES 1637331965 21 4
> REQ 1637331965 22 4
> VAMPIRE 1 3 1 3 0 3 0
> VAMPIRE 2 11 3 3 0 3 0
> VAMPIRE 3 13 13 3 1 3 0
> VAMPIRE 4 1 13 3 1 3 0
> GRENADE 1 1 1 5 3
> GRENADE 2 11 3 5 3
> BAT1 8 1 9 1 10 1 7 3 1 4 1 5 6 5 8 5 1 6 5 6 9 6 3 7 11 7 5 8 9 8 13 8 6 9 8 9 13 9 13 10 7 11 13 11 3 13 4 13 5 13 6 13 5 3
> BAT2 4 1 5 1 6 1 8 3 13 4 7 5 13 5 3 6 13 6 5 7 9 7 1 8 11 8 1 9 7 9 11 9 1 10 1 11 5 11 6 11 8 13 9 13 10 13 11 13 11 5
> BAT3 7 1 6 3 11 6 1 7 7 7 13 7 3 8 3 9 8 11 9 11 7 13
< RES 1637331965 22 4
> REQ 1637331965 23 4
> VAMPIRE 1 3 3 3 0 3 0
> VAMPIRE 2 13 3 3 0 3 0
> VAMPIRE 3 13 13 3 1 3 0
> VAMPIRE 4 1 13 3 1 3 0
> GRENADE 1 1 1 4 3
> GRENADE 2 9 3 4 3
> BAT1 8 1 9 1 10 1 7 3 1 4 1 5 6 5 8 5 1 6 5 6 9 6 3 7 11 7 5 8 9 8 13 8 6 9 8 9 13 9 13 10 7 11 13 11 3 13 4 13 5 13 6 13 5 3
> BAT2 4 1 5 1 6 1 8 3 13 4 7 5 13 5 3 6 13 6 5 7 9 7 1 8 11 8 1 9 7 9 11 9 1 10 1 11 5 11 6 11 8 13 9 13 10 13 11 13 11 5
> BAT3 7 1 6 3 11 6 1 7 7 7 13 7 3 8 3 9 8 11 9 11 7 13
< RES 1637331965 23 4
> REQ 1637331965 24 4
> VAMPIRE 1 3 3 3 0 3 0
> VAMPIRE 2 13 3 3 0 3 0
> VAMPIRE 3 13 13 3 1 3 0
> VAMPIRE 4 1 13 3 1 3 0
> GRENADE 1 1 1 3 3
> GRENADE 2 9 3 3 3
> BAT1 8 1 9 1 10 1 7 3 1 4 1 5 6 5 8 5 1 6 5 6 9 6 3 7 11 7 5 8 9 8 13 8 6 9 8 9 13 9 13 10 7 11 13 11 3 13 4 13 5 13 6 13 5 3
> BAT2 4 1 5 1 6 1 8 3 13 4 7 5 13 5 3 6 13 6 5 7 9 7 1 8 11 8 1 9 7 9 11 9 1 10 1 11 5 11 6 11 8 13 9 13 10 13 11 13 11 5
> BAT3 7 1 6 3 11 6 1 7 7 7 13 7 3 8 3 9 8 11 9 11 7 13
< RES 1637331965 24 4
> REQ 1637331965 25 4
> VAMPIRE 1 3 3 3 0 3 0
> VAMPIRE 2 13 3 3 0 3 0
> VAMPIRE 3 13 13 3 1 3 0
> VAMPIRE 4 1 13 3 1 3 0
> GRENADE 1 1 1 2 3
> GRENADE 2 9 3 2 3
> BAT1 8 1 9 1 10 1 7 3 1 4 1 5 6 5 8 5 1 6 5 6 9 6 3 7 11 7 5 8 9 8 13 8 6 9 8 9 13 9 13 10 7 11 13 11 3 13 4 13 5 13 6 13 5 3
> BAT2 4 1 5 1 6 1 8 3 13 4 7 5 13 5 3 6 13 6 5 7 9 7 1 8 11 8 1 9 7 9 11 9 1 10 1 11 5 11 6 11 8 13 9 13 10 13 11 13 11 5
> BAT3 7 1 6 3 11 6 1 7 7 7 13 7 3 8 3 9 8 11 9 11 7 13
< RES 1637331965 25 4
> REQ 1637331965 26 4
> VAMPIRE 1 3 5 3 0 3 0
> VAMPIRE 2 13 3 3 0 3 0
> VAMPIRE 3 13 13 3 1 3 0
> VAMPIRE 4 1 13 3 1 3 0
> GRENADE 1 1 1 1 3
> GRENADE 2 9 3 1 3
> BAT1 8 1 9 1 10 1 7 3 1 4 1 5 6 5 8 5 1 6 5 6 9 6 3 7 11 7 5 8 9 8 13 8 6 9 8 9 13 9 13 10 7 11 13 11 3 13 4 13 5 13 6 13 5 3
> BAT2 4 1 5 1 6 1 8 3 13 4 7 5 13 5 3 6 13 6 5 7 9 7 1 8 11 8 1 9 7 9 11 9 1 10 1 11 5 11 6 11 8 13 9 13 10 13 11 13 11 5
> BAT3 7 1 6 3 11 6 1 7 7 7 13 7 3 8 3 9 8 11 9 11 7 13
< RES 1637331965 26 4
> REQ 1637331965 27 4
> VAMPIRE 1 3 5 3 1 3 0
> VAMPIRE 2 11 3 3 1 3 0
> VAMPIRE 3 13 13 3 1 3 0
> VAMPIRE 4 1 13 3 1 3 0
> BAT1 8 1 10 1 7 3 1 5 6 5 8 5 1 6 5 6 3 7 11 7 5 8 9 8 13 8 6 9 8 9 13 9 13 10 7 11 13 11 3 13 4 13 5 13 6 13 4 1 8 3 5 3
> BAT2 5 1 6 1 13 4 7 5 13 5 3 6 13 6 5 7 9 7 1 8 11 8 1 9 7 9 11 9 1 10 1 11 5 11 6 11 8 13 9 13 10 13 11 13 11 5
> BAT3 7 1 6 3 11 6 1 7 7 7 13 7 3 8 3 9 8 11 9 11 7 13
< RES 1637331965 27 4
> REQ 1637331965 28 4
> VAMPIRE 1 3 3 3 0 3 0
> VAMPIRE 2 9 3 3 0 3 0
> VAMPIRE 3 13 13 3 1 3 0
> VAMPIRE 4 1 13 3 1 3 0
> GRENADE 1 3 5 5 3
> GRENADE 2 11 3 5 3
> BAT1 8 1 10 1 7 3 1 5 6 5 8 5 1 6 5 6 3 7 11 7 5 8 9 8 13 8 6 9 8 9 13 9 13 10 7 11 13 11 3 13 4 13 5 13 6 13 4 1 8 3 5 3
> BAT2 5 1 6 1 13 4 7 5 13 5 3 6 13 6 5 7 9 7 1 8 11 8 1 9 7 9 11 9 1 10 1 11 5 11 6 11 8 13 9 13 10 13 11 13 11 5
> BAT3 7 1 6 3 11 6 1 7 7 7 13 7 3 8 3 9 8 11 9 11 7 13
< RES 1637331965 28 4
> REQ 1637331965 29 4
> VAMPIRE 1 1 3 3 0 3 0
> VAMPIRE 2 9 5 3 0 3 0
> VAMPIRE 3 13 13 3 1 3 0
> VAMPIRE 4 1 13 3 1 3 0
> GRENADE 1 3 5 4 3
> GRENADE 2 11 3 4 3
> BAT1 8 1 10 1 7 3 1 5 6 5 8 5 1 6 5 6 3 7 11 7 5 8 9 8 13 8 6 9 8 9 13 9 13 10 7 11 13 11 3 13 4 13 5 13 6 13 4 1 8 3 5 3
> BAT2 5 1 6 1 13 4 7 5 13 5 3 6 13 6 5 7 9 7 1 8 11 8 1 9 7 9 11 9 1 10 1 11 5 11 6 11 8 13 9 13 10 13 11 13 11 5
> BAT3 7 1 6 3 11 6 1 7 7 7 13 7 3 8 3 9 8 11 9 11 7 13
< RES 1637331965 29 4
> REQ 1637331965 30 4
> VAMPIRE 1 1 3 3 0 3 0
> VAMPIRE 2 9 5 3 0 3 0
> VAMPIRE 3 13 13 3 1 3 0
> VAMPIRE 4 1 13 3 1 3 0
> GRENADE 1 3 5 3 3
> GRENADE 2 11 3 3 3
> BAT1 8 1 10 1 7 3 1 5 6 5 8 5 1 6 5 6 3 7 11 7 5 8 9 8 13 8 6 9 8 9 13 9 13 10 7 11 13 11 3 13 4 13 5 13 6 13 4 1 8 3 5 3
> BAT2 5 1 6 1 13 4 7 5 13 5 3 6 13 6 5 7 9 7 1 8 11 8 1 9 7 9 11 9 1 10 1 11 5 11 6 11 8 13 9 13 10 13 11 13 11 5
> BAT3 7 1 6 3 11 6 1 7 7 7 13 7 3 8 3 9 8 11 9 11 7 13
< RES 1637331965 30 4
> REQ 1637331965 31 4
> VAMPIRE 1 1 3 3 0 3 0
> VAMPIRE 2 9 5 3 0 3 0
> VAMPIRE 3 13 13 3 1 3 0
> VAMPIRE 4 1 13 3 1 3 0
> GRENADE 1 3 5 2 3
> GRENADE 2 11 3 2 3
> BAT1 8 1 10 1 7 3 1 5 6 5 8 5 1 6 5 6 3 7 11 7 5 8 9 8 13 8 6 9 8 9 13 9 13 10 7 11 13 11 3 13 4 13 5 13 6 13 4 1 8 3 5 3
> BAT2 5 1 6 1 13 4 7 5 13 5 3 6 13 6 5 7 9 7 1 8 11 8 1 9 7 9 11 9 1 10 1 11 5 11 6 11 8 13 9 13 10 13 11 13 11 5
> BAT3 7 1 6 3 11 6 1 7 7 7 13 7 3 8 3 9 8 11 9 11 7 13
< RES 1637331965 31 4
> REQ 1637331965 32 4
> VAMPIRE 1 1 3 3 0 3 0
> VAMPIRE 2 9 5 3 0 3 0
> VAMPIRE 3 13 13 3 1 3 0
> VAMPIRE 4 1 13 3 1 3 0
> GRENADE 1 3 5 1 3
> GRENADE 2 11 3 1 3
> BAT1 8 1 10 1 7 3 1 5 6 5 8 5 1 6 5 6 3 7 11 7 5 8 9 8 13 8 6 9 8 9 13 9 13 10 7 11 13 11 3 13 4 13 5 13 6 13 4 1 8 3 5 3
> BAT2 5 1 6 1 13 4 7 5 13 5 3 6 13 6 5 7 9 7 1 8 11 8 1 9 7 9 11 9 1 10 1 11 5 11 6 11 8 13 9 13 10 13 11 13 11 5
> BAT3 7 1 6 3 11 6 1 7 7 7 13 7 3 8 3 9 8 11 9 11 7 13
< RES 1637331965 32 4
> REQ 1637331965 33 4
> VAMPIRE 1 3 3 3 1 3 0
> VAMPIRE 2 9 5 3 1 3 0
> VAMPIRE 3 13 13 3 1 3 0
> VAMPIRE 4 1 13 3 1 3 0
> BAT1 8 1 10 1 7 3 8 5 1 6 5 6 3 7 11 7 5 8 9 8 13 8 6 9 8 9 13 9 13 10 7 11 13 11 3 13 4 13 5 13 6 13 4 1 3 6 5 3 11 5
> BAT2 5 1 6 1 13 4 7 5 13 5 13 6 5 7 9 7 1 8 11 8 1 9 7 9 11 9 1 10 1 11 5 11 6 11 8 13 9 13 10 13 11 13
> BAT3 7 1 6 3 11 6 1 7 7 7 13 7 3 8 3 9 8 11 9 11 7 13
< RES 1637331965 33 4
> REQ 1637331965 34 4
> VAMPIRE 1 3 5 3 0 3 0
> VAMPIRE 2 9 5 3 0 3 0
> VAMPIRE 3 13 13 3 1 3 0
> VAMPIRE 4 1 13 3 1 3 0
> GRENADE 1 3 3 5 3
> GRENADE 2 9 5 5 3
> BAT1 8 1 10 1 7 3 8 5 1 6 5 6 3 7 11 7 5 8 9 8 13 8 6 9 8 9 13 9 13 10 7 11 13 11 3 13 4 13 5 13 6 13 4 1 3 6 5 3 11 5
> BAT2 5 1 6 1 13 4 7 5 13 5 13 6 5 7 9 7 1 8 11 8 1 9 7 9 11 9 1 10 1 11 5 11 6 11 8 13 9 13 10 13 11 13
> BAT3 7 1 6 3 11 6 1 7 7 7 13 7 3 8 3 9 8 11 9 11 7 13
< RES 1637331965 34 4
> REQ 1637331965 35 4
> VAMPIRE 1 5 5 3 0 3 0
> VAMPIRE 2 9 5 3 0 3 0
> VAMPIRE 3 13 13 3 1 3 0
> VAMPIRE 4 1 13 3 1 3 0
> GRENADE 1 3 3 4 3
> GRENADE 2 9 9 4 3
> BAT1 8 1 10 1 7 3 8 5 1 6 5 6 3 7 11 7 5 8 9 8 13 8 6 9 8 9 13 9 13 10 7 11 13 11 3 13 4 13 5 13 6 13 4 1 3 6 5 3 11 5
> BAT2 5 1 6 1 13 4 7 5 13 5 13 6 5 7 9 7 1 8 11 8 1 9 7 9 11 9 1 10 1 11 5 11 6 11 8 13 9 13 10 13 11 13
> BAT3 7 1 6 3 11 6 1 7 7 7 13 7 3 8 3 9 8 11 9 11 7 13
< RES 1637331965 35 4
> REQ 1637331965 36 4
> VAMPIRE 1 5 5 3 0 3 0
> VAMPIRE 2 9 3 3 0 3 0
> VAMPIRE 3 13 13 3 1 3 0
> VAMPIRE 4 1 13 3 1 3 0
> GRENADE 1 3 3 3 3
> GRENADE 2 9 9 3 3
> BAT1 8 1 10 1 7 3 8 5 1 6 5 6 3 7 11 7 5 8 9 8 13 8 6 9 8 9 13 9 13 10 7 11 13 11 3 13 4 13 5 13 6 13 4 1 3 6 5 3 11 5
> BAT2 5 1 6 1 13 4 7 5 13 5 13 6 5 7 9 7 1 8 11 8 1 9 7 9 11 9 1 10 1 11 5 11 6 11 8 13 9 13 10 13 11 13
> BAT3 7 1 6 3 11 6 1 7 7 7 13 7 3 8 3 9 8 11 9 11 7 13
< RES 1637331965 36 4
> REQ 1637331965 37 4
> VAMPIRE 1 5 5 3 0 3 0
> VAMPIRE 2 9 3 3 0 3 0
> VAMPIRE 3 13 13 3 1 3 0
> VAMPIRE 4 1 13 3 1 3 0
> GRENADE 1 3 3 2 3
> GRENADE 2 9 9 2 3
> BAT1 8 1 10 1 7 3 8 5 1 6 5 6 3 7 11 7 5 8 9 8 13 8 6 9 8 9 13 9 13 10 7 11 13 11 3 13 4 13 5 13 6 13 4 1 3 6 5 3 11 5
> BAT2 5 1 6 1 13 4 7 5 13 5 13 6 5 7 9 7 1 8 11 8 1 9 7 9 11 9 1 10 1 11 5 11 6 11 8 13 9 13 10 13 11 13
> BAT3 7 1 6 3 11 6 1 7 7 7 13 7 3 8 3 9 8 11 9 11 7 13
< RES 1637331965 37 4
> REQ 1637331965 38 4
> VAMPIRE 1 5 5 3 0 3 0
> VAMPIRE 2 9 3 3 0 3 0
> VAMPIRE 3 13 13 3 1 3 0
> VAMPIRE 4 1 13 3 1 3 0
> GRENADE 1 3 3 1 3
> GRENADE 2 9 9 1 3
> BAT1 8 1 10 1 7 3 8 5 1 6 5 6 3 7 11 7 5 8 9 8 13 8 6 9 8 9 13 9 13 10 7 11 13 11 3 13 4 13 5 13 6 13 4 1 3 6 5 3 11 5
> BAT2 5 1 6 1 13 4 7 5 13 5 13 6 5 7 9 7 1 8 11 8 1 9 7 9 11 9 1 10 1 11 5 11 6 11 8 13 9 13 10 13 11 13
> BAT3 7 1 6 3 11 6 1 7 7 7 13 7 3 8 3 9 8 11 9 11 7 13
< RES 1637331965 38 4
> REQ 1637331965 39 4
> VAMPIRE 1 5 4 3 1 3 0
> VAMPIRE 2 9 5 3 1 3 0
> VAMPIRE 3 13 13 3 1 3 0
> VAMPIRE 4 1 13 3 1 3 0
> BAT1 8 1 10 1 7 3 8 5 1 6 5 6 3 7 11 7 5 8 13 8 6 9 13 9 13 10 7 11 13 11 3 13 4 13 5 13 6 13 4 1 11 9 11 5
> BAT2 5 1 6 1 13 4 7 5 13 5 13 6 5 7 9 7 1 8 11 8 1 9 7 9 1 10 1 11 5 11 6 11 8 13 9 13 10 13 11 13 9 11
> BAT3 7 1 6 3 11 6 1 7 7 7 13 7 3 8 3 9 8 11 7 13
< RES 1637331965 39 4
> REQ 1637331965 40 4
> VAMPIRE 1 5 4 3 0 3 0
> VAMPIRE 2 9 5 3 0 3 0
> VAMPIRE 3 13 13 3 1 3 0
> VAMPIRE 4 1 13 3 1 3 0
> GRENADE 1 5 4 5 3
> GRENADE 2 9 5 5 3
> BAT1 8 1 10 1 7 3 8 5 1 6 5 6 3 7 11 7 5 8 13 8 6 9 13 9 13 10 7 11 13 11 3 13 4 13 5 13 6 13 4 1 11 9 11 5
> BAT2 5 1 6 1 13 4 7 5 13 5 13 6 5 7 9 7 1 8 11 8 1 9 7 9 1 10 1 11 5 11 6 11 8 13 9 13 10 13 11 13 9 11
> BAT3 7 1 6 3 11 6 1 7 7 7 13 7 3 8 3 9 8 11 7 13
< RES 1637331965 40 4
> REQ 1637331965 41 4
> VAMPIRE 1 5 5 3 0 3 0
> VAMPIRE 2 9 5 3 0 3 0
> VAMPIRE 3 13 13 3 1 3 0
> VAMPIRE 4 1 13 3 1 3 0
> GRENADE 1 9 4 4 3
> GRENADE 2 9 9 4 3
> BAT1 8 1 10 1 7 3 8 5 1 6 5 6 3 7 11 7 5 8 13 8 6 9 13 9 13 10 7 11 13 11 3 13 4 13 5 13 6 13 4 1 11 9 11 5
> BAT2 5 1 6 1 13 4 7 5 13 5 13 6 5 7 9 7 1 8 11 8 1 9 7 9 1 10 1 11 5 11 6 11 8 13 9 13 10 13 11 13 9 11
> BAT3 7 1 6 3 11 6 1 7 7 7 13 7 3 8 3 9 8 11 7 13
< RES 1637331965 41 4
> REQ 1637331965 42 4
> VAMPIRE 1 3 5 3 0 3 0
> VAMPIRE 2 10 5 3 0 3 0
> VAMPIRE 3 13 13 3 1 3 0
> VAMPIRE 4 1 13 3 1 3 0
> GRENADE 1 9 4 3 3
> GRENADE 2 9 9 3 3
> BAT1 8 1 10 1 7 3 8 5 1 6 5 6 3 7 11 7 5 8 13 8 6 9 13 9 13 10 7 11 13 11 3 13 4 13 5 13 6 13 4 1 11 9 11 5
> BAT2 5 1 6 1 13 4 7 5 13 5 13 6 5 7 9 7 1 8 11 8 1 9 7 9 1 10 1 11 5 11 6 11 8 13 9 13 10 13 11 13 9 11
> BAT3 7 1 6 3 11 6 1 7 7 7 13 7 3 8 3 9 8 11 7 13
< RES 1637331965 42 4
> REQ 1637331965 43 4
> VAMPIRE 1 3 5 3 0 3 0
> VAMPIRE 2 10 5 3 0 3 0
> VAMPIRE 3 13 13 3 1 3 0
> VAMPIRE 4 1 13 3 1 3 0
> GRENADE 1 9 4 2 3
> GRENADE 2 9 9 2 3
> BAT1 8 1 10 1 7 3 8 5 1 6 5 6 3 7 11 7 5 8 13 8 6 9 13 9 13 10 7 11 13 11 3 13 4 13 5 13 6 13 4 1 11 9 11 5
> BAT2 5 1 6 1 13 4 7 5 13 5 13 6 5 7 9 7 1 8 11 8 1 9 7 9 1 10 1 11 5 11 6 11 8 13 9 13 10 13 11 13 9 11
> BAT3 7 1 6 3 11 6 1 7 7 7 13 7 3 8 3 9 8 11 7 13
< RES 1637331965 43 4
> REQ 1637331965 44 4
> VAMPIRE 1 5 5 3 0 3 0
> VAMPIRE 2 10 5 3 0 3 0
> VAMPIRE 3 13 13 3 1 3 0
> VAMPIRE 4 1 13 3 1 3 0
> GRENADE 1 9 4 1 3
> GRENADE 2 9 9 1 3
> BAT1 8 1 10 1 7 3 8 5 1 6 5 6 3 7 11 7 5 8 13 8 6 9 13 9 13 10 7 11 13 11 3 13 4 13 5 13 6 13 4 1 11 9 11 5
> BAT2 5 1 6 1 13 4 7 5 13 5 13 6 5 7 9 7 1 8 11 8 1 9 7 9 1 10 1 11 5 11 6 11 8 13 9 13 10 13 11 13 9 11
> BAT3 7 1 6 3 11 6 1 7 7 7 13 7 3 8 3 9 8 11 7 13
< RES 1637331965 44 4
> REQ 1637331965 45 4
> VAMPIRE 1 5 3 3 1 3 0
> VAMPIRE 2 9 5 3 1 3 0
> VAMPIRE 3 13 13 3 1 3 0
> VAMPIRE 4 1 13 3 1 3 0
> BAT1 8 1 10 1 7 3 8 5 1 6 5 6 3 7 11 7 5 8 13 8 6 9 13 9 13 10 7 11 13 11 3 13 4 13 5 13 6 13 4 1 7 9 11 5 9 11
> BAT2 5 1 6 1 13 4 7 5 13 5 13 6 5 7 1 8 11 8 1 9 1 10 1 11 5 11 6 11 8 13 9 13 10 13 11 13
> BAT3 7 1 6 3 11 6 1 7 7 7 13 7 3 8 3 9 8 11 7 13
< RES 1637331965 45 4
> REQ 1637331965 46 4
> VAMPIRE 1 3 3 3 0 3 0
> VAMPIRE 2 9 5 3 0 3 0
> VAMPIRE 3 13 12 3 1 3 0
> VAMPIRE 4 1 13 3 1 3 0
> GRENADE 1 5 3 5 3
> GRENADE 2 9 5 5 3
> BAT1 8 1 10 1 7 3 8 5 1 6 5 6 3 7 11 7 5 8 13 8 6 9 13 9 13 10 7 11 13 11 3 13 4 13 5 13 6 13 4 1 7 9 11 5 9 11
> BAT2 5 1 6 1 13 4 7 5 13 5 13 6 5 7 1 8 11 8 1 9 1 10 1 11 5 11 6 11 8 13 9 13 10 13 11 13
> BAT3 7 1 6 3 11 6 1 7 7 7 13 7 3 8 3 9 8 11 7 13
< RES 1637331965 46 4
> REQ 1637331965 47 4
> VAMPIRE 1 3 5 3 0 3 0
> VAMPIRE 2 9 3 3 0 3 0
> VAMPIRE 3 12 13 3 0 3 0
> VAMPIRE 4 1 13 3 1 3 0
> GRENADE 1 5 3 4 3
> GRENADE 2 5 5 4 3
> GRENADE 3 13 12 5 3
> BAT1 8 1 10 1 7 3 8 5 1 6 5 6 3 7 11 7 5 8 13 8 6 9 13 9 13 10 7 11 13 11 3 13 4 13 5 13 6 13 4 1 7 9 11 5 9 11
> BAT2 5 1 6 1 13 4 7 5 13 5 13 6 5 7 1 8 11 8 1 9 1 10 1 11 5 11 6 11 8 13 9 13 10 13 11 13
> BAT3 7 1 6 3 11 6 1 7 7 7 13 7 3 8 3 9 8 11 7 13
< RES 1637331965 47 4
> REQ 1637331965 48 4
> VAMPIRE 1 1 5 3 0 3 0
> VAMPIRE 2 9 3 3 0 3 0
> VAMPIRE 3 12 13 3 0 3 0
> VAMPIRE 4 1 13 3 1 3 0
> GRENADE 1 5 3 3 3
> GRENADE 2 5 5 3 3
> GRENADE 3 13 12 4 3
> BAT1 8 1 10 1 7 3 8 5 1 6 5 6 3 7 11 7 5 8 13 8 6 9 13 9 13 10 7 11 13 11 3 13 4 13 5 13 6 13 4 1 7 9 11 5 9 11
> BAT2 5 1 6 1 13 4 7 5 13 5 13 6 5 7 1 8 11 8 1 9 1 10 1 11 5 11 6 11 8 13 9 13 10 13 11 13
> BAT3 7 1 6 3 11 6 1 7 7 7 13 7 3 8 3 9 8 11 7 13
< RES 1637331965 48 4
> REQ 1637331965 49 4
> VAMPIRE 1 1 3 3 0 3 0
> VAMPIRE 2 9 3 3 0 3 0
> VAMPIRE 3 12 13 3 0 3 0
> VAMPIRE 4 1 13 3 1 3 0
> GRENADE 1 5 3 2 3
> GRENADE 2 5 5 2 3
> GRENADE 3 13 12 3 3
> BAT1 8 1 10 1 7 3 8 5 1 6 5 6 3 7 11 7 5 8 13 8 6 9 13 9 13 10 7 11 13 11 3 13 4 13 5 13 6 13 4 1 7 9 11 5 9 11
> BAT2 5 1 6 1 13 4 7 5 13 5 13 6 5 7 1 8 11 8 1 9 1 10 1 11 5 11 6 11 8 13 9 13 10 13 11 13
> BAT3 7 1 6 3 11 6 1 7 7 7 13 7 3 8 3 9 8 11 7 13
< RES 1637331965 49 4
> REQ 1637331965 50 4
> VAMPIRE 1 1 5 3 0 3 0
> VAMPIRE 2 9 2 3 0 3 0
> VAMPIRE 3 12 13 3 0 3 0
> VAMPIRE 4 1 13 3 1 3 0
> GRENADE 1 5 3 1 3
> GRENADE 2 5 5 1 3
> GRENADE 3 13 12 2 3
> BAT1 8 1 10 1 7 3 8 5 1 6 5 6 3 7 11 7 5 8 13 8 6 9 13 9 13 10 7 11 13 11 3 13 4 13 5 13 6 13 4 1 7 9 11 5 9 11
> BAT2 5 1 6 1 13 4 7 5 13 5 13 6 5 7 1 8 11 8 1 9 1 10 1 11 5 11 6 11 8 13 9 13 10 13 11 13
> BAT3 7 1 6 3 11 6 1 7 7 7 13 7 3 8 3 9 8 11 7 13
< RES 1637331965 50 4
> REQ 1637331965 51 4
> VAMPIRE 1 1 3 3 1 3 0
> VAMPIRE 2 9 1 3 1 3 0
> VAMPIRE 3 12 13 3 0 3 0
> VAMPIRE 4 1 13 3 1 3 0
> GRENADE 3 13 12 1 3
> BAT1 8 1 10 1 7 3 8 5 1 6 3 7 11 7 5 8 13 8 6 9 13 9 13 10 7 11 13 11 3 13 4 13 5 13 6 13 4 1 5 1 7 5 7 9 11 5 9 11
> BAT2 6 1 13 4 13 5 13 6 5 7 1 8 11 8 1 9 1 10 1 11 5 11 6 11 8 13 9 13 10 13 11 13 6 3
> BAT3 7 1 11 6 1 7 7 7 13 7 3 8 3 9 8 11 7 13
< RES 1637331965 51 4
> REQ 1637331965 52 4
> VAMPIRE 1 1 3 3 0 3 0
> VAMPIRE 2 9 3 3 0 3 0
> VAMPIRE 3 13 13 3 1 3 0
> VAMPIRE 4 1 13 3 1 3 0
> GRENADE 1 1 3 5 3
> GRENADE 2 9 1 5 3
> BAT1 8 1 10 1 7 3 8 5 1 6 3 7 11 7 5 8 13 8 6 9 13 9 13 10 7 11 3 13 4 13 5 13 6 13 4 1 5 1 7 5 7 9 11 5 9 11
> BAT2 6 1 13 4 13 5 13 6 5 7 1 8 11 8 1 9 1 10 1 11 5 11 6 11 8 13 9 13 10 13 11 13 6 3
> BAT3 7 1 11 6 1 7 7 7 13 7 3 8 3 9 8 11 7 13
< RES 1637331965 52 4
> REQ 1637331965 53 4
> VAMPIRE 1 3 3 3 0 3 0
> VAMPIRE 2 11 3 3 0 3 0
> VAMPIRE 3 13 11 3 0 3 0
> VAMPIRE 4 1 13 3 1 3 0
> GRENADE 1 5 3 4 3
> GRENADE 2 9 1 4 3
> GRENADE 3 13 13 5 3
> BAT1 8 1 10 1 7 3 8 5 1 6 3 7 11 7 5 8 13 8 6 9 13 9 13 10 7 11 3 13 4 13 5 13 6 13 4 1 5 1 7 5 7 9 11 5 9 11
> BAT2 6 1 13 4 13 5 13 6 5 7 1 8 11 8 1 9 1 10 1 11 5 11 6 11 8 13 9 13 10 13 11 13 6 3
> BAT3 7 1 11 6 1 7 7 7 13 7 3 8 3 9 8 11 7 13
< RES 1637331965 53 4
> REQ 1637331965 54 4
> VAMPIRE 1 4 3 3 0 3 0
> VAMPIRE 2 11 3 3 0 3 0
> VAMPIRE 3 11 11 3 0 3 0
> VAMPIRE 4 1 13 3 1 3 0
> GRENADE 1 5 3 3 3
> GRENADE 2 9 1 3 3
> GRENADE 3 13 13 4 3
> BAT1 8 1 10 1 7 3 8 5 1 6 3 7 11 7 5 8 13 8 6 9 13 9 13 10 7 11 3 13 4 13 5 13 6 13 4 1 5 1 7 5 7 9 11 5 9 11
> BAT2 6 1 13 4 13 5 13 6 5 7 1 8 11 8 1 9 1 10 1 11 5 11 6 11 8 13 9 13 10 13 11 13 6 3
> BAT3 7 1 11 6 1 7 7 7 13 7 3 8 3 9 8 11 7 13
< RES 1637331965 54 4
> REQ 1637331965 55 4
> VAMPIRE 1 3 3 3 0 3 0
> VAMPIRE 2 10 3 3 0 3 0
> VAMPIRE 3 11 11 3 0 3 0
> VAMPIRE 4 1 13 3 1 3 0
> GRENADE 1 9 3 2 3
> GRENADE 2 9 1 2 3
> GRENADE 3 13 13 3 3
> BAT1 8 1 10 1 7 3 8 5 1 6 3 7 11 7 5 8 13 8 6 9 13 9 13 10 7 11 3 13 4 13 5 13 6 13 4 1 5 1 7 5 7 9 11 5 9 11
> BAT2 6 1 13 4 13 5 13 6 5 7 1 8 11 8 1 9 1 10 1 11 5 11 6 11 8 13 9 13 10 13 11 13 6 3
> BAT3 7 1 11 6 1 7 7 7 13 7 3 8 3 9 8 11 7 13
< RES 1637331965 55 4
> REQ 1637331965 56 4
> VAMPIRE 1 3 5 3 0 3 0
> VAMPIRE 2 11 2 3 0 3 0
> VAMPIRE 3 11 11 3 0 3 0
> VAMPIRE 4 1 13 3 1 3 0
> GRENADE 1 9 3 1 3
> GRENADE 2 9 1 1 3
> GRENADE 3 13 13 2 3
> BAT1 8 1 10 1 7 3 8 5 1 6 3 7 11 7 5 8 13 8 6 9 13 9 13 10 7 11 3 13 4 13 5 13 6 13 4 1 5 1 7 5 7 9 11 5 9 11
> BAT2 6 1 13 4 13 5 13 6 5 7 1 8 11 8 1 9 1 10 1 11 5 11 6 11 8 13 9 13 10 13 11 13 6 3
> BAT3 7 1 11 6 1 7 7 7 13 7 3 8 3 9 8 11 7 13
< RES 1637331965 56 4
> REQ 1637331965 57 4
> VAMPIRE 1 5 5 3 1 3 0
> VAMPIRE 2 11 2 3 1 3 0
> VAMPIRE 3 11 11 3 0 3 0
> VAMPIRE 4 1 13 3 1 3 0
> GRENADE 3 13 13 1 3
> BAT1 8 5 1 6 3 7 11 7 5 8 13 8 6 9 13 9 13 10 7 11 3 13 4 13 5 13 6 13 4 1 5 1 7 5 7 9 11 5 9 11
> BAT2 6 1 13 4 13 5 13 6 5 7 1 8 11 8 1 9 1 10 1 11 5 11 6 11 8 13 9 13 10 13 11 13 6 3
> BAT3 7 1 11 6 1 7 7 7 13 7 3 8 3 9 8 11 7 13
< RES 1637331965 57 4
> REQ 1637331965 58 4
> VAMPIRE 1 5 5 3 0 3 0
> VAMPIRE 2 11 2 3 0 3 0
> VAMPIRE 3 11 11 3 1 3 0
> VAMPIRE 4 1 13 3 1 3 0
> GRENADE 1 5 5 5 3
> GRENADE 2 11 2 5 3
> BAT1 8 5 1 6 3 7 11 7 5 8 13 8 6 9 13 9 7 11 3 13 4 13 5 13 6 13 4 1 5 1 7 5 7 9 11 13 11 5 9 11
> BAT2 6 1 13 4 13 5 13 6 5 7 1 8 11 8 1 9 1 10 1 11 5 11 6 11 8 13 9 13 10 13 6 3
> BAT3 7 1 11 6 1 7 7 7 13 7 3 8 3 9 8 11 7 13
< RES 1637331965 58 4
> REQ 1637331965 59 4
> VAMPIRE 1 5 5 3 0 3 0
> VAMPIRE 2 11 3 3 0 3 0
> VAMPIRE 3 11 9 3 0 3 0
> VAMPIRE 4 1 13 3 1 3 0
> GRENADE 1 5 9 4 3
> GRENADE 2 7 2 4 3
> GRENADE 3 11 11 5 3
> BAT1 8 5 1 6 3 7 11 7 5 8 13 8 6 9 13 9 7 11 3 13 4 13 5 13 6 13 4 1 5 1 7 5 7 9 11 13 11 5 9 11
> BAT2 6 1 13 4 13 5 13 6 5 7 1 8 11 8 1 9 1 10 1 11 5 11 6 11 8 13 9 13 10 13 6 3
> BAT3 7 1 11 6 1 7 7 7 13 7 3 8 3 9 8 11 7 13
< RES 1637331965 59 4
> REQ 1637331965 60 4
> VAMPIRE 1 5 5 3 0 3 0
> VAMPIRE 2 11 3 3 0 3 0
> VAMPIRE 3 9 9 3 0 3 0
> VAMPIRE 4 1 13 3 1 3 0
> GRENADE 1 5 9 3 3
> GRENADE 2 7 2 3 3
> GRENADE 3 11 11 4 3
> BAT1 8 5 1 6 3 7 11 7 5 8 13 8 6 9 13 9 7 11 3 13 4 13 5 13 6 13 4 1 5 1 7 5 7 9 11 13 11 5 9 11
> BAT2 6 1 13 4 13 5 13 6 5 7 1 8 11 8 1 9 1 10 1 11 5 11 6 11 8 13 9 13 10 13 6 3
> BAT3 7 1 11 6 1 7 7 7 13 7 3 8 3 9 8 11 7 13
< RES 1637331965 60 4
> REQ 1637331965 61 4
> VAMPIRE 1 5 5 3 0 3 0
> VAMPIRE 2 11 3 3 0 3 0
> VAMPIRE 3 9 9 3 0 3 0
> VAMPIRE 4 1 13 3 1 3 0
> GRENADE 1 5 9 2 3
> GRENADE 2 7 2 2 3
> GRENADE 3 11 11 3 3
> BAT1 8 5 1 6 3 7 11 7 5 8 13 8 6 9 13 9 7 11 3 13 4 13 5 13 6 13 4 1 5 1 7 5 7 9 11 13 11 5 9 11
> BAT2 6 1 13 4 13 5 13 6 5 7 1 8 11 8 1 9 1 10 1 11 5 11 6 11 8 13 9 13 10 13 6 3
> BAT3 7 1 11 6 1 7 7 7 13 7 3 8 3 9 8 11 7 13
< RES 1637331965 61 4
> REQ 1637331965 62 4
> VAMPIRE 1 5 5 3 0 3 0
> VAMPIRE 2 9 3 3 0 3 0
> VAMPIRE 3 9 9 3 0 3 0
> VAMPIRE 4 1 13 3 1 3 0
> GRENADE 1 5 9 1 3
> GRENADE 2 7 2 1 3
> GRENADE 3 11 11 2 3
> BAT1 8 5 1 6 3 7 11 7 5 8 13 8 6 9 13 9 7 11 3 13 4 13 5 13 6 13 4 1 5 1 7 5 7 9 11 13 11 5 9 11
> BAT2 6 1 13 4 13 5 13 6 5 7 1 8 11 8 1 9 1 10 1 11 5 11 6 11 8 13 9 13 10 13 6 3
> BAT3 7 1 11 6 1 7 7 7 13 7 3 8 3 9 8 11 7 13
< RES 1637331965 62 4
> REQ 1637331965 63 4
> VAMPIRE 1 5 5 3 1 3 0
> VAMPIRE 2 9 5 3 1 3 0
> VAMPIRE 3 9 9 3 0 3 0
> VAMPIRE 4 1 13 3 1 3 0
> GRENADE 3 11 11 1 3
> BAT1 8 5 1 6 3 7 11 7 13 8 13 9 7 11 3 13 4 13 5 13 6 13 4 1 5 1 7 9 5 11 11 13 11 5 9 11
> BAT2 6 1 13 4 13 5 13 6 5 7 1 8 11 8 1 9 1 10 1 11 6 11 8 13 9 13 10 13 7 1 6 3 3 9
> BAT3 11 6 1 7 7 7 13 7 3 8 8 11 7 13
< RES 1637331965 63 4
> REQ 1637331965 64 4
> VAMPIRE 1 5 5 3 0 3 0
> VAMPIRE 2 9 3 3 0 3 0
> VAMPIRE 3 9 9 3 1 3 0
> VAMPIRE 4 1 13 3 1 3 0
> GRENADE 1 5 5 5 3
> GRENADE 2 9 5 5 3
> BAT1 8 5 1 6 3 7 11 7 13 8 13 9 7 11 3 13 4 13 5 13 6 13 4 1 5 1 11 8 7 9 5 11 11 5
> BAT2 6 1 13 4 13 5 13 6 5 7 1 8 1 9 1 10 1 11 6 11 8 13 9 13 10 13 7 1 6 3 3 9
> BAT3 11 6 1 7 7 7 13 7 3 8 8 11 7 13
< RES 1637331965 64 4
> REQ 1637331965 65 4
> VAMPIRE 1 5 5 3 0 3 0
> VAMPIRE 2 11 3 3 0 3 0
> VAMPIRE 3 9 7 3 1 3 0
> VAMPIRE 4 1 13 3 1 3 0
> GRENADE 1 5 9 4 3
> GRENADE 2 9 5 4 3
> BAT1 8 5 1 6 3 7 11 7 13 8 13 9 7 11 3 13 4 13 5 13 6 13 4 1 5 1 11 8 7 9 5 11 11 5
> BAT2 6 1 13 4 13 5 13 6 5 7 1 8 1 9 1 10 1 11 6 11 8 13 9 13 10 13 7 1 6 3 3 9
> BAT3 11 6 1 7 7 7 13 7 3 8 8 11 7 13
< RES 1637331965 65 4
> REQ 1637331965 66 4
> VAMPIRE 1 5 5 3 0 3 0
> VAMPIRE 2 11 3 3 0 3 0
> VAMPIRE 3 9 9 3 0 3 0
> VAMPIRE 4 1 13 3 1 3 0
> GRENADE 1 5 9 3 3
> GRENADE 2 9 5 3 3
> GRENADE 3 9 7 5 3
> BAT1 8 5 1 6 3 7 11 7 13 8 13 9 7 11 3 13 4 13 5 13 6 13 4 1 5 1 11 8 7 9 5 11 11 5
> BAT2 6 1 13 4 13 5 13 6 5 7 1 8 1 9 1 10 1 11 6 11 8 13 9 13 10 13 7 1 6 3 3 9
> BAT3 11 6 1 7 7 7 13 7 3 8 8 11 7 13
< RES 1637331965 66 4
> REQ 1637331965 67 4
> VAMPIRE 1 5 5 3 0 3 0
> VAMPIRE 2 10 3 3 0 3 0
> VAMPIRE 3 11 9 3 0 3 0
> VAMPIRE 4 1 13 3 1 3 0
> GRENADE 1 5 9 2 3
> GRENADE 2 9 5 2 3
> GRENADE 3 9 7 4 3
> BAT1 8 5 1 6 3 7 11 7 13 8 13 9 7 11 3 13 4 13 5 13 6 13 4 1 5 1 11 8 7 9 5 11 11 5
> BAT2 6 1 13 4 13 5 13 6 5 7 1 8 1 9 1 10 1 11 6 11 8 13 9 13 10 13 7 1 6 3 3 9
> BAT3 11 6 1 7 7 7 13 7 3 8 8 11 7 13
< RES 1637331965 67 4
> REQ 1637331965 68 4
> VAMPIRE 1 5 5 3 0 3 0
> VAMPIRE 2 11 3 3 0 3 0
> VAMPIRE 3 11 11 3 0 3 0
> VAMPIRE 4 1 13 3 1 3 0
> GRENADE 1 5 9 1 3
> GRENADE 2 9 5 1 3
> GRENADE 3 9 7 3 3
> BAT1 8 5 1 6 3 7 11 7 13 8 13 9 7 11 3 13 4 13 5 13 6 13 4 1 5 1 11 8 7 9 5 11 11 5
> BAT2 6 1 13 4 13 5 13 6 5 7 1 8 1 9 1 10 1 11 6 11 8 13 9 13 10 13 7 1 6 3 3 9
> BAT3 11 6 1 7 7 7 13 7 3 8 8 11 7 13
< RES 1637331965 68 4
> REQ 1637331965 69 4
> VAMPIRE 1 5 4 3 1 3 0
> VAMPIRE 2 11 3 3 1 3 0
> VAMPIRE 3 11 11 3 1 3 0
> VAMPIRE 4 1 13 3 1 3 0
> BAT1 1 6 3 7 13 8 13 9 7 11 3 13 4 13 5 13 6 13 4 1 5 1 5 7 11 8 3 9
> BAT2 6 1 13 4 13 5 13 6 1 8 1 9 1 10 1 11 6 11 8 13 9 13 10 13 7 1 6 3 7 7
> BAT3 11 6 1 7 13 7 3 8 8 11 7 13
< RES 1637331965 69 4
> REQ 1637331965 70 4
> VAMPIRE 1 6 5 3 0 3 0
> VAMPIRE 2 11 3 3 0 3 0
> VAMPIRE 3 11 11 3 0 3 0
> VAMPIRE 4 1 13 3 1 3 0
> GRENADE 1 5 4 5 3
> GRENADE 2 11 3 5 3
> GRENADE 3 11 11 5 3
> BAT1 1 6 3 7 13 8 13 9 7 11 3 13 4 13 5 13 6 13 4 1 5 1 5 7 11 8 3 9
> BAT2 6 1 13 4 13 5 13 6 1 8 1 9 1 10 1 11 6 11 8 13 9 13 10 13 7 1 6 3 7 7
> BAT3 11 6 1 7 13 7 3 8 8 11 7 13
< RES 1637331965 70 4
> REQ 1637331965 71 4
> VAMPIRE 1 7 5 3 0 3 0
> VAMPIRE 2 9 3 3 0 3 0
> VAMPIRE 3 11 11 3 0 3 0
> VAMPIRE 4 1 13 3 1 3 0
> GRENADE 1 5 4 4 3
> GRENADE 2 11 7 4 3
> GRENADE 3 11 7 4 3
> BAT1 1 6 3 7 13 8 13 9 7 11 3 13 4 13 5 13 6 13 4 1 5 1 5 7 11 8 3 9
> BAT2 6 1 13 4 13 5 13 6 1 8 1 9 1 10 1 11 6 11 8 13 9 13 10 13 7 1 6 3 7 7
> BAT3 11 6 1 7 13 7 3 8 8 11 7 13
< RES 1637331965 71 4
> REQ 1637331965 72 4
> VAMPIRE 1 6 5 3 0 3 0
> VAMPIRE 2 11 3 3 0 3 0
> VAMPIRE 3 11 11 3 0 3 0
> VAMPIRE 4 1 13 3 1 3 0
> GRENADE 1 5 4 3 3
> GRENADE 2 11 7 3 3
> GRENADE 3 11 7 3 3
> BAT1 1 6 3 7 13 8 13 9 7 11 3 13 4 13 5 13 6 13 4 1 5 1 5 7 11 8 3 9
> BAT2 6 1 13 4 13 5 13 6 1 8 1 9 1 10 1 11 6 11 8 13 9 13 10 13 7 1 6 3 7 7
> BAT3 11 6 1 7 13 7 3 8 8 11 7 13
< RES 1637331965 72 4
> REQ 1637331965 73 4
> VAMPIRE 1 7 5 3 0 3 0
> VAMPIRE 2 9 3 3 0 3 0
> VAMPIRE 3 11 11 3 0 3 0
> VAMPIRE 4 1 13 3 1 3 0
> GRENADE 1 5 4 2 3
> GRENADE 2 11 7 2 3
> GRENADE 3 11 7 2 3
> BAT1 1 6 3 7 13 8 13 9 7 11 3 13 4 13 5 13 6 13 4 1 5 1 5 7 11 8 3 9
> BAT2 6 1 13 4 13 5 13 6 1 8 1 9 1 10 1 11 6 11 8 13 9 13 10 13 7 1 6 3 7 7
> BAT3 11 6 1 7 13 7 3 8 8 11 7 13
< RES 1637331965 73 4
> REQ 1637331965 74 4
> VAMPIRE 1 7 5 3 0 3 0
> VAMPIRE 2 7 3 3 0 3 0
> VAMPIRE 3 11 11 3 0 3 0
> VAMPIRE 4 1 13 3 1 3 0
> GRENADE 1 5 4 1 3
> GRENADE 2 11 7 1 3
> GRENADE 3 11 7 1 3
> BAT1 1 6 3 7 13 8 13 9 7 11 3 13 4 13 5 13 6 13 4 1 5 1 5 7 11 8 3 9
> BAT2 6 1 13 4 13 5 13 6 1 8 1 9 1 10 1 11 6 11 8 13 9 13 10 13 7 1 6 3 7 7
> BAT3 11 6 1 7 13 7 3 8 8 11 7 13
< RES 1637331965 74 4
> REQ 1637331965 75 4
> VAMPIRE 1 7 4 3 1 3 0
> VAMPIRE 2 7 3 3 1 3 0
> VAMPIRE 3 11 9 3 1 3 0
> VAMPIRE 4 1 13 3 1 3 0
> BAT1 1 6 3 7 13 8 13 9 7 11 3 13 4 13 5 13 6 13 4 1 3 9
> BAT2 6 1 13 4 13 5 13 6 1 8 1 9 1 10 1 11 6 11 8 13 9 13 10 13 7 1 6 3 11 6 7 7 13 7
> BAT3 1 7 3 8 8 11 7 13
< RES 1637331965 75 4
> REQ 1637331965 76 4
> VAMPIRE 1 6 5 3 0 3 0
> VAMPIRE 2 9 3 3 0 3 0
> VAMPIRE 3 11 9 3 0 3 0
> VAMPIRE 4 1 13 3 1 3 0
> GRENADE 1 7 4 5 3
> GRENADE 2 7 3 5 3
> GRENADE 3 11 9 5 3
> POWERUP GRENADE -5 9 13 7
> POWERUP GRENADE -5 5 1 7
> BAT1 1 6 3 7 13 8 13 9 7 11 3 13 4 13 5 13 6 13 4 1 3 9
> BAT2 6 1 13 4 13 5 13 6 1 8 1 9 1 10 1 11 6 11 8 13 9 13 10 13 7 1 6 3 11 6 7 7 13 7
> BAT3 1 7 3 8 8 11 7 13
< RES 1637331965 76 4
> REQ 1637331965 77 4
> VAMPIRE 1 5 4 3 0 3 0
> VAMPIRE 2 9 5 3 0 3 0
> VAMPIRE 3 9 9 3 0 3 0
> VAMPIRE 4 1 13 3 1 3 0
> GRENADE 1 7 4 4 3
> GRENADE 2 7 3 4 3
> GRENADE 3 11 5 4 3
> POWERUP GRENADE -4 9 13 7
> POWERUP GRENADE -4 5 1 7
> BAT1 1 6 3 7 13 8 13 9 7 11 3 13 4 13 5 13 6 13 4 1 3 9
> BAT2 6 1 13 4 13 5 13 6 1 8 1 9 1 10 1 11 6 11 8 13 9 13 10 13 7 1 6 3 11 6 7 7 13 7
> BAT3 1 7 3 8 8 11 7 13
< RES 1637331965 77 4
> REQ 1637331965 78 4
> VAMPIRE 1 5 2 3 0 3 0
> VAMPIRE 2 7 5 3 0 3 0
> VAMPIRE 3 7 9 3 0 3 0
> VAMPIRE 4 1 13 3 1 3 0
> GRENADE 1 7 4 3 3
> GRENADE 2 7 3 3 3
> GRENADE 3 11 5 3 3
> POWERUP GRENADE -3 9 13 7
> POWERUP GRENADE -3 5 1 7
> BAT1 1 6 3 7 13 8 13 9 7 11 3 13 4 13 5 13 6 13 4 1 3 9
> BAT2 6 1 13 4 13 5 13 6 1 8 1 9 1 10 1 11 6 11 8 13 9 13 10 13 7 1 6 3 11 6 7 7 13 7
> BAT3 1 7 3 8 8 11 7 13
< RES 1637331965 78 4
> REQ 1637331965 79 4
> VAMPIRE 1 5 1 3 0 3 0
> VAMPIRE 2 5 5 3 0 3 0
> VAMPIRE 3 6 9 3 0 3 0
> VAMPIRE 4 1 13 3 1 3 0
> GRENADE 1 7 4 2 3
> GRENADE 2 7 3 2 3
> GRENADE 3 11 5 2 3
> POWERUP GRENADE -2 9 13 7
> POWERUP GRENADE -2 5 1 7
> BAT1 1 6 3 7 13 8 13 9 7 11 3 13 4 13 5 13 6 13 4 1 3 9
> BAT2 6 1 13 4 13 5 13 6 1 8 1 9 1 10 1 11 6 11 8 13 9 13 10 13 7 1 6 3 11 6 7 7 13 7
> BAT3 1 7 3 8 8 11 7 13
< RES 1637331965 79 4
> REQ 1637331965 80 4
> VAMPIRE 1 5 1 3 0 3 0
> VAMPIRE 2 5 3 3 0 3 0
> VAMPIRE 3 5 8 3 0 3 0
> VAMPIRE 4 1 13 3 1 3 0
> GRENADE 1 7 4 1 3
> GRENADE 2 7 3 1 3
> GRENADE 3 11 5 1 3
> POWERUP GRENADE -1 9 13 7
> POWERUP GRENADE -1 5 1 7
> BAT1 1 6 3 7 13 8 13 9 7 11 3 13 4 13 5 13 6 13 4 1 3 9
> BAT2 6 1 13 4 13 5 13 6 1 8 1 9 1 10 1 11 6 11 8 13 9 13 10 13 7 1 6 3 11 6 7 7 13 7
> BAT3 1 7 3 8 8 11 7 13
< RES 1637331965 80 4
> REQ 1637331965 81 4
> VAMPIRE 1 5 1 3 1 3 0
> VAMPIRE 2 5 1 3 1 3 0
> VAMPIRE 3 5 7 3 1 3 0
> VAMPIRE 4 1 13 3 1 3 0
> POWERUP GRENADE 13 9 13 7
> POWERUP GRENADE 13 5 1 7
> BAT1 1 6 3 7 13 8 13 9 7 11 3 13 4 13 5 13 6 13 4 1 13 5 7 1 6 3 11 6 7 7 3 9
> BAT2 6 1 13 4 13 6 1 8 1 9 1 10 1 11 6 11 8 13 9 13 10 13 13 7
> BAT3 1 7 3 8 8 11 7 13
< RES 1637331965 81 4
> REQ 1637331965 82 4
> VAMPIRE 1 5 2 3 1 3 0
> VAMPIRE 2 5 2 3 1 3 0
> VAMPIRE 3 5 5 3 0 3 0
> VAMPIRE 4 1 13 3 1 3 0
> GRENADE 3 5 7 5 3
> POWERUP GRENADE 12 9 13 7
> POWERUP GRENADE 12 5 1 7
> BAT1 1 6 3 7 13 8 13 9 7 11 3 13 4 13 5 13 6 13 4 1 13 5 7 1 6 3 11 6 7 7 3 9
> BAT2 6 1 13 4 13 6 1 8 1 9 1 10 1 11 6 11 8 13 9 13 10 13 13 7
> BAT3 1 7 3 8 8 11 7 13
< RES 1637331965 82 4
> REQ 1637331965 83 4
> VAMPIRE 1 5 3 3 1 3 0
> VAMPIRE 2 5 3 3 1 3 0
> VAMPIRE 3 5 3 3 0 3 0
> VAMPIRE 4 1 13 3 1 3 0
> GRENADE 3 5 7 4 3
> POWERUP GRENADE 11 9 13 7
> POWERUP GRENADE 11 5 1 7
> BAT1 1 6 3 7 13 8 13 9 7 11 3 13 4 13 5 13 6 13 4 1 13 5 7 1 6 3 11 6 7 7 3 9
> BAT2 6 1 13 4 13 6 1 8 1 9 1 10 1 11 6 11 8 13 9 13 10 13 13 7
> BAT3 1 7 3 8 8 11 7 13
< RES 1637331965 83 4
> REQ 1637331965 84 4
> VAMPIRE 1 5 5 3 1 3 0
> VAMPIRE 2 5 5 3 1 3 0
> VAMPIRE 3 5 1 3 0 3 0
> VAMPIRE 4 1 13 3 1 3 0
> GRENADE 3 5 7 3 3
> POWERUP GRENADE 10 9 13 7
> POWERUP GRENADE 10 5 1 7
> BAT1 1 6 3 7 13 8 13 9 7 11 3 13 4 13 5 13 6 13 4 1 13 5 7 1 6 3 11 6 7 7 3 9
> BAT2 6 1 13 4 13 6 1 8 1 9 1 10 1 11 6 11 8 13 9 13 10 13 13 7
> BAT3 1 7 3 8 8 11 7 13
< RES 1637331965 84 4
> REQ 1637331965 85 4
> VAMPIRE 1 5 3 3 0 3 0
> VAMPIRE 2 5 3 3 0 3 0
> VAMPIRE 3 5 2 3 0 3 0
> VAMPIRE 4 1 13 3 1 3 0
> GRENADE 3 5 7 2 3
> GRENADE 1 5 5 5 3
> GRENADE 2 5 5 5 3
> POWERUP GRENADE 9 9 13 7
> POWERUP GRENADE 9 5 1 7
> BAT1 1 6 3 7 13 8 13 9 7 11 3 13 4 13 5 13 6 13 4 1 13 5 7 1 6 3 11 6 7 7 3 9
> BAT2 6 1 13 4 13 6 1 8 1 9 1 10 1 11 6 11 8 13 9 13 10 13 13 7
> BAT3 1 7 3 8 8 11 7 13
< RES 1637331965 85 4
> REQ 1637331965 86 4
> VAMPIRE 1 3 3 3 0 3 0
> VAMPIRE 2 3 3 3 0 3 0
> VAMPIRE 3 5 1 3 0 3 0
> VAMPIRE 4 1 13 3 1 3 0
> GRENADE 3 5 7 1 3
> GRENADE 1 5 5 4 3
> GRENADE 2 5 5 4 3
> POWERUP GRENADE 8 9 13 7
> POWERUP GRENADE 8 5 1 7
> BAT1 1 6 3 7 13 8 13 9 7 11 3 13 4 13 5 13 6 13 4 1 13 5 7 1 6 3 11 6 7 7 3 9
> BAT2 6 1 13 4 13 6 1 8 1 9 1 10 1 11 6 11 8 13 9 13 10 13 13 7
> BAT3 1 7 3 8 8 11 7 13
< RES 1637331965 86 4
> REQ 1637331965 87 4
> VAMPIRE 1 5 3 3 1 3 0
> VAMPIRE 2 5 3 3 1 3 0
> VAMPIRE 3 5 1 3 1 3 0
> VAMPIRE 4 1 13 3 1 3 0
> POWERUP GRENADE 7 9 13 7
> POWERUP GRENADE 7 5 1 7
> BAT1 1 6 13 8 13 9 7 11 3 13 4 13 5 13 6 13 4 1 13 5 7 1 6 3 11 6 3 9
> BAT2 6 1 13 4 13 6 1 8 1 9 1 10 1 11 6 11 8 13 9 13 10 13 13 7
> BAT3 1 7 3 8 8 11 7 13
< RES 1637331965 87 4
> REQ 1637331965 88 4
> VAMPIRE 1 4 3 3 1 3 0
> VAMPIRE 2 4 3 3 1 3 0
> VAMPIRE 3 5 1 3 0 3 0
> VAMPIRE 4 1 13 3 1 3 0
> GRENADE 3 5 1 5 3
> POWERUP GRENADE 6 9 13 7
> POWERUP GRENADE 6 5 1 7
> BAT1 1 6 13 8 13 9 7 11 3 13 4 13 5 13 6 13 4 1 13 5 7 1 6 3 11 6 3 9
> BAT2 6 1 13 4 13 6 1 8 1 9 1 10 1 11 6 11 8 13 9 13 10 13 13 7
> BAT3 1 7 3 8 8 11 7 13
< RES 1637331965 88 4
> REQ 1637331965 89 4
> VAMPIRE 1 5 3 3 1 3 0
> VAMPIRE 2 5 3 3 1 3 0
> VAMPIRE 3 5 1 3 0 3 0
> VAMPIRE 4 1 13 3 1 3 0
> GRENADE 3 5 1 4 3
> POWERUP GRENADE 5 9 13 7
> POWERUP GRENADE 5 5 1 7
> BAT1 1 6 13 8 13 9 7 11 3 13 4 13 5 13 6 13 4 1 13 5 7 1 6 3 11 6 3 9
> BAT2 6 1 13 4 13 6 1 8 1 9 1 10 1 11 6 11 8 13 9 13 10 13 13 7
> BAT3 1 7 3 8 8 11 7 13
< RES 1637331965 89 4
> REQ 1637331965 90 4
> VAMPIRE 1 3 3 3 0 3 0
> VAMPIRE 2 3 3 3 0 3 0
> VAMPIRE 3 5 1 3 0 3 0
> VAMPIRE 4 1 13 3 1 3 0
> GRENADE 3 5 1 3 3
> GRENADE 1 5 3 5 3
> GRENADE 2 5 3 5 3
> POWERUP GRENADE 4 9 13 7
> POWERUP GRENADE 4 5 1 7
> BAT1 1 6 13 8 13 9 7 11 3 13 4 13 5 13 6 13 4 1 13 5 7 1 6 3 11 6 3 9
> BAT2 6 1 13 4 13 6 1 8 1 9 1 10 1 11 6 11 8 13 9 13 10 13 13 7
> BAT3 1 7 3 8 8 11 7 13
< RES 1637331965 90 4
> REQ 1637331965 91 4
> VAMPIRE 1 3 1 3 0 3 0
> VAMPIRE 2 3 1 3 0 3 0
> VAMPIRE 3 5 1 3 0 3 0
> VAMPIRE 4 1 13 3 1 3 0
> GRENADE 3 5 1 2 3
> GRENADE 1 5 3 4 3
> GRENADE 2 5 3 4 3
> POWERUP GRENADE 3 9 13 7
> POWERUP GRENADE 3 5 1 7
> BAT1 1 6 13 8 13 9 7 11 3 13 4 13 5 13 6 13 4 1 13 5 7 1 6 3 11 6 3 9
> BAT2 6 1 13 4 13 6 1 8 1 9 1 10 1 11 6 11 8 13 9 13 10 13 13 7
> BAT3 1 7 3 8 8 11 7 13
< RES 1637331965 91 4
> REQ 1637331965 92 4
> VAMPIRE 1 3 2 3 0 3 0
> VAMPIRE 2 3 2 3 0 3 0
> VAMPIRE 3 5 1 3 0 3 0
> VAMPIRE 4 1 13 3 1 3 0
> GRENADE 3 5 1 1 3
> GRENADE 1 5 3 3 3
> GRENADE 2 5 3 3 3
> POWERUP GRENADE 2 9 13 7
> POWERUP GRENADE 2 5 1 7
> BAT1 1 6 13 8 13 9 7 11 3 13 4 13 5 13 6 13 4 1 13 5 7 1 6 3 11 6 3 9
> BAT2 6 1 13 4 13 6 1 8 1 9 1 10 1 11 6 11 8 13 9 13 10 13 13 7
> BAT3 1 7 3 8 8 11 7 13
< RES 1637331965 92 4
> REQ 1637331965 93 4
> VAMPIRE 1 3 1 3 1 3 0
> VAMPIRE 2 3 1 3 1 3 0
> VAMPIRE 3 5 2 2 2 3 0
> VAMPIRE 4 1 13 3 1 3 0
> POWERUP GRENADE 1 9 13 7
> BAT1 1 6 13 8 13 9 7 11 3 13 4 13 5 13 6 13 6 1 13 5 7 1 11 6 3 9
> BAT2 13 4 13 6 1 8 1 9 1 10 1 11 6 11 8 13 9 13 10 13 13 7
> BAT3 1 7 3 8 8 11 7 13
< RES 1637331965 93 4
> REQ 1637331965 94 4
> VAMPIRE 1 3 3 3 0 3 0
> VAMPIRE 2 3 3 3 0 3 0
> VAMPIRE 3 5 1 2 2 3 0
> VAMPIRE 4 1 13 3 1 3 0
> GRENADE 1 3 1 5 3
> GRENADE 2 3 1 5 3
> BAT1 1 6 13 8 13 9 7 11 3 13 4 13 5 13 6 13 6 1 13 5 7 1 11 6 3 9
> BAT2 13 4 13 6 1 8 1 9 1 10 1 11 6 11 8 13 9 13 10 13 13 7
> BAT3 1 7 3 8 8 11 7 13
< RES 1637331965 94 4
> REQ 1637331965 95 4
> VAMPIRE 1 1 3 3 0 3 0
> VAMPIRE 2 1 3 3 0 3 0
> VAMPIRE 3 5 3 2 2 3 0
> VAMPIRE 4 1 13 3 1 3 0
> GRENADE 1 3 1 4 3
> GRENADE 2 3 1 4 3
> BAT1 1 6 13 8 13 9 7 11 3 13 4 13 5 13 6 13 6 1 13 5 7 1 11 6 3 9
> BAT2 13 4 13 6 1 8 1 9 1 10 1 11 6 11 8 13 9 13 10 13 13 7
> BAT3 1 7 3 8 8 11 7 13
< RES 1637331965 95 4
> REQ 1637331965 96 4
> VAMPIRE 1 1 3 3 0 3 0
> VAMPIRE 2 1 3 3 0 3 0
> VAMPIRE 3 5 3 2 1 3 0
> VAMPIRE 4 1 13 3 1 3 0
> GRENADE 1 3 1 3 3
> GRENADE 2 3 1 3 3
> GRENADE 3 5 3 5 3
> BAT1 1 6 13 8 13 9 7 11 3 13 4 13 5 13 6 13 6 1 13 5 7 1 11 6 3 9
> BAT2 13 4 13 6 1 8 1 9 1 10 1 11 6 11 8 13 9 13 10 13 13 7
> BAT3 1 7 3 8 8 11 7 13
< RES 1637331965 96 4
> REQ 1637331965 97 4
> VAMPIRE 1 1 5 3 0 3 0
> VAMPIRE 2 1 5 3 0 3 0
> VAMPIRE 3 7 3 2 1 3 0
> VAMPIRE 4 1 13 3 1 3 0
> GRENADE 1 3 1 2 3
> GRENADE 2 3 1 2 3
> GRENADE 3 1 3 4 3
> BAT1 1 6 13 8 13 9 7 11 3 13 4 13 5 13 6 13 6 1 13 5 7 1 11 6 3 9
> BAT2 13 4 13 6 1 8 1 9 1 10 1 11 6 11 8 13 9 13 10 13 13 7
> BAT3 1 7 3 8 8 11 7 13
< RES 1637331965 97 4
> REQ 1637331965 98 4
> VAMPIRE 1 3 5 3 0 3 0
> VAMPIRE 2 3 5 3 0 3 0
> VAMPIRE 3 7 3 2 0 3 0
> VAMPIRE 4 1 13 3 1 3 0
> GRENADE 1 3 1 1 3
> GRENADE 2 3 1 1 3
> GRENADE 3 1 3 3 3
> GRENADE 3 7 3 5 3
> BAT1 1 6 13 8 13 9 7 11 3 13 4 13 5 13 6 13 6 1 13 5 7 1 11 6 3 9
> BAT2 13 4 13 6 1 8 1 9 1 10 1 11 6 11 8 13 9 13 10 13 13 7
> BAT3 1 7 3 8 8 11 7 13
< RES 1637331965 98 4
> REQ 1637331965 99 4
> VAMPIRE 1 3 7 3 1 3 0
> VAMPIRE 2 3 7 3 1 3 0
> VAMPIRE 3 7 3 2 0 3 0
> VAMPIRE 4 1 13 3 1 3 0
> GRENADE 3 1 3 2 3
> GRENADE 3 11 3 4 3
> POWERUP GRENADE -6 1 7 4
> POWERUP GRENADE -6 13 7 4
> BAT1 1 6 13 8 13 9 7 11 3 13 4 13 5 13 6 13 13 5 7 1 11 6 3 9
> BAT2 13 4 13 6 1 8 1 9 1 10 1 11 6 11 8 13 9 13 10 13 13 7
> BAT3 1 7 3 8 8 11 7 13
< RES 1637331965 99 4
> REQ 1637331965 100 4
> VAMPIRE 1 3 7 3 0 3 0
> VAMPIRE 2 3 7 3 0 3 0
> VAMPIRE 3 7 5 2 0 3 0
> VAMPIRE 4 1 13 3 1 3 0
> GRENADE 3 1 3 1 3
> GRENADE 3 11 3 3 3
> GRENADE 1 3 7 5 3
> GRENADE 2 3 7 5 3
> POWERUP GRENADE -5 1 7 4
> POWERUP GRENADE -5 13 7 4
> BAT1 1 6 13 8 13 9 7 11 3 13 4 13 5 13 6 13 13 5 7 1 11 6 3 9
> BAT2 13 4 13 6 1 8 1 9 1 10 1 11 6 11 8 13 9 13 10 13 13 7
> BAT3 1 7 3 8 8 11 7 13
< RES 1637331965 100 4
> REQ 1637331965 101 4
> VAMPIRE 1 5 7 3 0 3 0
> VAMPIRE 2 5 7 3 0 3 0
> VAMPIRE 3 7 7 2 1 3 0
> VAMPIRE 4 1 13 3 1 3 0
> GRENADE 3 11 3 2 3
> GRENADE 1 3 11 4 3
> GRENADE 2 3 11 4 3
> POWERUP GRENADE -4 1 7 4
> POWERUP GRENADE -4 13 7 4
> BAT1 13 8 13 9 7 11 3 13 4 13 5 13 6 13 13 5 7 1 11 6 3 9
> BAT2 13 4 13 6 1 8 1 9 1 10 1 11 6 11 8 13 9 13 10 13 13 7
> BAT3 1 7 3 8 8 11 7 13
< RES 1637331965 101 4
< GRENADE
> REQ 1637331965 102 4
> VAMPIRE 1 5 5 3 0 3 0
> VAMPIRE 2 5 5 3 0 3 0
> VAMPIRE 3 7 7 2 0 3 0
> VAMPIRE 4 1 13 3 0 3 0
> GRENADE 3 11 3 1 3
> GRENADE 1 3 11 3 3
> GRENADE 2 3 11 3 3
> GRENADE 3 7 7 5 3
> GRENADE 4 1 13 5 3
> POWERUP GRENADE -3 1 7 4
> POWERUP GRENADE -3 13 7 4
> BAT1 13 8 13 9 7 11 3 13 4 13 5 13 6 13 13 5 7 1 11 6 3 9
> BAT2 13 4 13 6 1 8 1 9 1 10 1 11 6 11 8 13 9 13 10 13 13 7
> BAT3 1 7 3 8 8 11 7 13
< RES 1637331965 102 4
> REQ 1637331965 103 4
> VAMPIRE 1 3 5 3 0 3 0
> VAMPIRE 2 3 5 3 0 3 0
> VAMPIRE 3 9 7 2 1 3 0
> VAMPIRE 4 1 13 3 0 3 0
> GRENADE 1 3 11 2 3
> GRENADE 2 3 11 2 3
> GRENADE 3 3 7 4 3
> GRENADE 4 1 13 4 3
> POWERUP GRENADE -2 1 7 4
> POWERUP GRENADE -2 13 7 4
> BAT1 13 8 13 9 7 11 3 13 4 13 5 13 6 13 13 5 7 1 3 9
> BAT2 13 4 13 6 1 8 1 9 1 10 1 11 6 11 8 13 9 13 10 13 13 7
> BAT3 1 7 3 8 8 11 7 13
< RES 1637331965 103 4
> REQ 1637331965 104 4
> VAMPIRE 1 3 3 3 0 3 0
> VAMPIRE 2 3 3 3 0 3 0
> VAMPIRE 3 10 7 2 1 3 0
> VAMPIRE 4 1 13 3 0 3 0
> GRENADE 1 3 11 1 3
> GRENADE 2 3 11 1 3
> GRENADE 3 3 7 3 3
> GRENADE 4 1 13 3 3
> POWERUP GRENADE -1 1 7 4
> POWERUP GRENADE -1 13 7 4
> BAT1 13 8 13 9 7 11 3 13 4 13 5 13 6 13 13 5 7 1 3 9
> BAT2 13 4 13 6 1 8 1 9 1 10 1 11 6 11 8 13 9 13 10 13 13 7
> BAT3 1 7 3 8 8 11 7 13
< RES 1637331965 104 4
< MOVE D
> REQ 1637331965 105 4
> VAMPIRE 1 3 1 3 1 3 0
> VAMPIRE 2 3 1 3 1 3 0
> VAMPIRE 3 12 7 2 0 3 0
> VAMPIRE 4 2 13 3 0 3 0
> GRENADE 3 3 7 2 3
> GRENADE 4 1 13 2 3
> GRENADE 3 10 7 5 3
> POWERUP GRENADE 14 1 7 4
> POWERUP GRENADE 14 13 7 4
> BAT1 13 8 13 9 7 11 4 13 5 13 6 13 13 5 1 11 6 11 7 1
> BAT2 13 4 13 6 1 8 1 9 1 10 8 13 9 13 10 13 13 7
> BAT3 1 7 3 8 8 11 7 13
< RES 1637331965 105 4
< MOVE D L
> REQ 1637331965 106 4
> VAMPIRE 1 5 1 3 1 3 0
> VAMPIRE 2 5 1 3 1 3 0
> VAMPIRE 3 11 6 2 0 3 0
> VAMPIRE 4 3 12 3 0 3 0
> GRENADE 3 3 7 1 3
> GRENADE 4 1 13 1 3
> GRENADE 3 10 7 4 3
> POWERUP GRENADE 13 1 7 4
> POWERUP GRENADE 13 13 7 4
> BAT1 13 8 13 9 7 11 4 13 5 13 6 13 13 5 1 11 6 11 7 1
> BAT2 13 4 13 6 1 8 1 9 1 10 8 13 9 13 10 13 13 7
> BAT3 1 7 3 8 8 11 7 13
< RES 1637331965 106 4
< MOVE L
> REQ 1637331965 107 4
> VAMPIRE 1 4 1 3 1 3 0
> VAMPIRE 2 4 1 3 1 3 0
> VAMPIRE 3 11 5 2 1 3 0
> VAMPIRE 4 3 11 3 1 3 0
> GRENADE 3 10 7 3 3
> POWERUP GRENADE 12 1 7 4
> POWERUP GRENADE 12 13 7 4
> BAT1 13 8 13 9 7 11 5 13 6 13 13 5 6 11 7 1
> BAT2 13 4 13 6 1 8 1 9 1 10 8 13 9 13 10 13 1 7 13 7 3 8
> BAT3 8 11 7 13
< RES 1637331965 107 4
< GRENADE
> REQ 1637331965 108 4
> VAMPIRE 1 5 2 3 0 3 0
> VAMPIRE 2 5 2 3 0 3 0
> VAMPIRE 3 9 5 2 0 3 0
> VAMPIRE 4 3 11 3 0 3 0
> GRENADE 3 10 7 2 3
> GRENADE 1 4 1 5 3
> GRENADE 2 4 1 5 3
> GRENADE 3 11 5 5 3
> GRENADE 4 3 11 5 3
> POWERUP GRENADE 11 1 7 4
> POWERUP GRENADE 11 13 7 4
> BAT1 13 8 13 9 7 11 5 13 6 13 13 5 6 11 7 1
> BAT2 13 4 13 6 1 8 1 9 1 10 8 13 9 13 10 13 1 7 13 7 3 8
> BAT3 8 11 7 13
< RES 1637331965 108 4
< THROW XL 4
> REQ 1637331965 109 4
> VAMPIRE 1 5 3 3 0 3 0
> VAMPIRE 2 5 3 3 0 3 0
> VAMPIRE 3 7 5 2 0 3 0
> VAMPIRE 4 3 11 3 0 3 0
> GRENADE 3 10 7 1 3
> GRENADE 1 4 1 4 3
> GRENADE 2 4 1 4 3
> GRENADE 3 11 5 4 3
> GRENADE 4 3 7 4 3
> POWERUP GRENADE 10 1 7 4
> POWERUP GRENADE 10 13 7 4
> BAT1 13 8 13 9 7 11 5 13 6 13 13 5 6 11 7 1
> BAT2 13 4 13 6 1 8 1 9 1 10 8 13 9 13 10 13 1 7 13 7 3 8
> BAT3 8 11 7 13
< RES 1637331965 109 4
> REQ 1637331965 110 4
> VAMPIRE 1 5 3 3 0 3 0
> VAMPIRE 2 5 3 3 0 3 0
> VAMPIRE 3 7 4 2 1 3 0
> VAMPIRE 4 3 11 3 0 3 0
> GRENADE 1 4 1 3 3
> GRENADE 2 4 1 3 3
> GRENADE 3 11 5 3 3
> GRENADE 4 3 7 3 3
> POWERUP GRENADE 9 1 7 4
> POWERUP GRENADE 9 13 7 4
> BAT1 13 8 13 9 7 11 5 13 6 13 13 5 6 11 7 1 13 7
> BAT2 13 4 13 6 1 8 1 9 1 10 8 13 9 13 10 13 1 7 3 8
> BAT3 8 11 7 13
< RES 1637331965 110 4
> REQ 1637331965 111 4
> VAMPIRE 1 5 3 3 0 3 0
> VAMPIRE 2 5 3 3 0 3 0
> VAMPIRE 3 7 4 2 0 3 0
> VAMPIRE 4 3 11 3 0 3 0
> GRENADE 1 4 1 2 3
> GRENADE 2 4 1 2 3
> GRENADE 3 11 5 2 3
> GRENADE 4 3 7 2 3
> GRENADE 3 7 4 5 3
> POWERUP GRENADE 8 1 7 4
> POWERUP GRENADE 8 13 7 4
> BAT1 13 8 13 9 7 11 5 13 6 13 13 5 6 11 7 1 13 7
> BAT2 13 4 13 6 1 8 1 9 1 10 8 13 9 13 10 13 1 7 3 8
> BAT3 8 11 7 13
< RES 1637331965 111 4
> REQ 1637331965 112 4
> VAMPIRE 1 3 3 3 0 3 0
> VAMPIRE 2 3 3 3 0 3 0
> VAMPIRE 3 7 6 2 0 3 0
> VAMPIRE 4 3 11 3 0 3 0
> GRENADE 1 4 1 1 3
> GRENADE 2 4 1 1 3
> GRENADE 3 11 5 1 3
> GRENADE 4 3 7 1 3
> GRENADE 3 7 8 4 3
> POWERUP GRENADE 7 1 7 4
> POWERUP GRENADE 7 13 7 4
> BAT1 13 8 13 9 7 11 5 13 6 13 13 5 6 11 7 1 13 7
> BAT2 13 4 13 6 1 8 1 9 1 10 8 13 9 13 10 13 1 7 3 8
> BAT3 8 11 7 13
< RES 1637331965 112 4
> REQ 1637331965 113 4
> VAMPIRE 1 3 5 3 1 3 0
> VAMPIRE 2 3 5 3 1 3 0
> VAMPIRE 3 7 7 2 1 3 0
> VAMPIRE 4 3 11 3 1 3 0
> GRENADE 3 7 8 3 3
> POWERUP GRENADE 6 1 7 4
> POWERUP GRENADE 6 13 7 4
> BAT1 13 8 13 9 7 11 5 13 6 13 6 11 1 7 13 7 3 8
> BAT2 13 4 13 6 1 8 1 9 1 10 8 13 9 13 10 13
> BAT3 8 11 7 13
< RES 1637331965 113 4
< GRENADE
> REQ 1637331965 114 4
> VAMPIRE 1 3 5 3 0 3 0
> VAMPIRE 2 3 5 3 0 3 0
> VAMPIRE 3 5 7 2 1 3 0
> VAMPIRE 4 3 11 3 0 3 0
> GRENADE 3 7 12 2 3
> GRENADE 1 3 5 5 3
> GRENADE 2 3 5 5 3
> GRENADE 4 3 11 5 3
> POWERUP GRENADE 5 1 7 4
> POWERUP GRENADE 5 13 7 4
> BAT1 13 8 13 9 7 11 5 13 6 13 6 11 1 7 13 7 3 8
> BAT2 13 4 13 6 1 8 1 9 1 10 8 13 9 13 10 13
> BAT3 8 11 7 13
< RES 1637331965 114 4
< THROW XL 4
> REQ 1637331965 115 4
> VAMPIRE 1 1 5 3 0 3 0
> VAMPIRE 2 1 5 3 0 3 0
> VAMPIRE 3 5 7 2 0 3 0
> VAMPIRE 4 3 11 3 0 3 0
> GRENADE 3 7 12 1 3
> GRENADE 1 3 9 4 3
> GRENADE 2 3 9 4 3
> GRENADE 4 3 7 4 3
> GRENADE 3 5 7 5 3
> POWERUP GRENADE 4 1 7 4
> POWERUP GRENADE 4 13 7 4
> BAT1 13 8 13 9 7 11 5 13 6 13 6 11 1 7 13 7 3 8
> BAT2 13 4 13 6 1 8 1 9 1 10 8 13 9 13 10 13
> BAT3 8 11 7 13
< RES 1637331965 115 4
< MOVE D D
> REQ 1637331965 116 4
> VAMPIRE 1 1 3 3 0 3 0
> VAMPIRE 2 1 3 3 0 3 0
> VAMPIRE 3 6 7 2 1 3 0
> VAMPIRE 4 4 11 3 0 3 0
> GRENADE 1 3 9 3 3
> GRENADE 2 3 9 3 3
> GRENADE 4 3 7 3 3
> GRENADE 3 5 11 4 3
> POWERUP GRENADE 3 1 7 4
> POWERUP GRENADE 3 13 7 4
> BAT1 13 8 13 9 5 13 6 13 6 11 1 7 13 7 3 8
> BAT2 13 4 13 6 1 8 1 9 1 10 8 13 9 13 10 13 7 13
> BAT3 8 11
< RES 1637331965 116 4
< MOVE U R
> REQ 1637331965 117 4
> VAMPIRE 1 1 5 3 0 3 0
> VAMPIRE 2 1 5 3 0 3 0
> VAMPIRE 3 7 8 2 0 3 0
> VAMPIRE 4 3 12 3 0 3 0
> GRENADE 1 3 9 2 3
> GRENADE 2 3 9 2 3
> GRENADE 4 3 7 2 3
> GRENADE 3 5 11 3 3
> GRENADE 3 6 7 5 3
> POWERUP GRENADE 2 1 7 4
> POWERUP GRENADE 2 13 7 4
> BAT1 13 8 13 9 5 13 6 13 6 11 1 7 13 7 3 8
> BAT2 13 4 13 6 1 8 1 9 1 10 8 13 9 13 10 13 7 13
> BAT3 8 11
< RES 1637331965 117 4
< MOVE R
> REQ 1637331965 118 4
> VAMPIRE 1 1 6 3 0 3 0
> VAMPIRE 2 1 6 3 0 3 0
> VAMPIRE 3 7 9 2 0 3 0
> VAMPIRE 4 3 13 3 0 3 0
> GRENADE 1 3 9 1 3
> GRENADE 2 3 9 1 3
> GRENADE 4 3 7 1 3
> GRENADE 3 5 11 2 3
> GRENADE 3 6 7 4 3
> POWERUP GRENADE 1 1 7 4
> POWERUP GRENADE 1 13 7 4
> BAT1 13 8 13 9 5 13 6 13 6 11 1 7 13 7 3 8
> BAT2 13 4 13 6 1 8 1 9 1 10 8 13 9 13 10 13 7 13
> BAT3 8 11
< RES 1637331965 118 4
< MOVE D
> REQ 1637331965 119 4
> VAMPIRE 1 1 6 3 1 3 0
> VAMPIRE 2 1 5 3 1 3 0
> VAMPIRE 3 7 11 2 1 3 0
> VAMPIRE 4 4 13 3 1 3 0
> GRENADE 3 5 11 1 3
> BAT1 13 8 13 9 5 13 6 13 1 9 6 11 13 7
> BAT2 13 4 13 6 1 8 1 10 8 13 9 13 10 13 7 13
> BAT3 8 11
< RES 1637331965 119 4
< GRENADE
< MOVE U L
> REQ 1637331965 120 4
> VAMPIRE 1 2 7 3 0 3 0
> VAMPIRE 2 3 5 3 0 3 0
> VAMPIRE 3 7 9 2 1 3 0
> VAMPIRE 4 3 12 3 0 3 0
> GRENADE 1 1 6 5 3
> GRENADE 2 1 5 5 3
> GRENADE 3 7 11 5 3
> GRENADE 4 4 13 5 3
> BAT1 13 8 13 9 6 13 1 9 13 7
> BAT2 13 4 13 6 1 8 1 10 8 13 9 13 10 13 7 13
> BAT3 8 11
< RES 1637331965 120 4
< MOVE L
> REQ 1637331965 121 4
> VAMPIRE 1 3 7 3 0 3 0
> VAMPIRE 2 5 5 3 0 3 0
> VAMPIRE 3 9 9 2 1 3 0
> VAMPIRE 4 3 11 3 0 3 0
> GRENADE 1 1 6 4 3
> GRENADE 2 1 5 4 3
> GRENADE 3 7 11 4 3
> GRENADE 4 4 13 4 3
> BAT1 13 8 13 9 6 13 1 9 13 7
> BAT2 13 4 13 6 1 8 1 10 8 13 9 13 10 13 7 13
> BAT3 8 11
< RES 1637331965 121 4
< MOVE U U
> REQ 1637331965 122 4
> VAMPIRE 1 3 8 3 0 3 0
> VAMPIRE 2 7 5 3 0 3 0
> VAMPIRE 3 9 11 2 1 3 0
> VAMPIRE 4 1 11 3 0 3 0
> GRENADE 1 1 6 3 3
> GRENADE 2 1 5 3 3
> GRENADE 3 7 11 3 3
> GRENADE 4 4 13 3 3
> BAT1 13 8 13 9 6 13 1 9 13 7
> BAT2 13 4 13 6 1 8 1 10 8 13 9 13 10 13 7 13
> BAT3 8 11
< RES 1637331965 122 4
> REQ 1637331965 123 4
> VAMPIRE 1 3 9 3 0 3 0
> VAMPIRE 2 9 5 3 0 3 0
> VAMPIRE 3 11 11 2 0 3 0
> VAMPIRE 4 1 11 3 0 3 0
> GRENADE 1 1 6 2 3
> GRENADE 2 1 5 2 3
> GRENADE 3 7 11 2 3
> GRENADE 4 4 13 2 3
> GRENADE 3 9 11 5 3
> BAT1 13 8 13 9 6 13 1 9 13 7
> BAT2 13 4 13 6 1 8 1 10 8 13 9 13 10 13 7 13
> BAT3 8 11
< RES 1637331965 123 4
< MOVE D D
> REQ 1637331965 124 4
> VAMPIRE 1 3 7 3 0 3 0
> VAMPIRE 2 11 5 3 0 3 0
> VAMPIRE 3 11 9 2 0 3 0
> VAMPIRE 4 3 11 3 0 3 0
> GRENADE 1 1 6 1 3
> GRENADE 2 1 5 1 3
> GRENADE 3 7 11 1 3
> GRENADE 4 4 13 1 3
> GRENADE 3 9 11 4 3
> BAT1 13 8 13 9 6 13 1 9 13 7
> BAT2 13 4 13 6 1 8 1 10 8 13 9 13 10 13 7 13
> BAT3 8 11
< RES 1637331965 124 4
< MOVE L L
> REQ 1637331965 125 4
> VAMPIRE 1 3 9 3 1 3 0
> VAMPIRE 2 13 5 3 1 3 0
> VAMPIRE 3 10 9 2 1 3 0
> VAMPIRE 4 3 9 3 1 3 0
> GRENADE 3 9 11 3 3
> BAT1 13 8 13 9 1 8 1 9 13 7 7 13
> BAT2 13 4 13 6 1 10 8 13 9 13 10 13 8 11
< RES 1637331965 125 4
< GRENADE
< MOVE R R
> REQ 1637331965 126 4
> VAMPIRE 1 3 9 3 0 3 0
> VAMPIRE 2 11 5 3 0 3 0
> VAMPIRE 3 11 8 2 0 3 0
> VAMPIRE 4 3 11 3 0 3 0
> GRENADE 3 9 11 2 3
> GRENADE 1 3 9 5 3
> GRENADE 2 13 5 5 3
> GRENADE 3 10 9 5 3
> GRENADE 4 3 9 5 3
> BAT1 13 8 13 9 1 8 1 9 13 7 7 13
> BAT2 13 4 13 6 1 10 8 13 9 13 10 13 8 11
< RES 1637331965 126 4
< MOVE D D
> REQ 1637331965 127 4
> VAMPIRE 1 3 11 3 0 3 0
> VAMPIRE 2 11 3 3 0 3 0
> VAMPIRE 3 11 8 2 0 3 0
> VAMPIRE 4 5 11 3 0 3 0
> GRENADE 3 9 11 1 3
> GRENADE 1 3 9 4 3
> GRENADE 2 13 5 4 3
> GRENADE 3 10 9 4 3
> GRENADE 4 3 9 4 3
> BAT1 13 8 13 9 1 8 1 9 13 7 7 13
> BAT2 13 4 13 6 1 10 8 13 9 13 10 13 8 11
< RES 1637331965 127 4
< MOVE D D
> REQ 1637331965 128 4
> VAMPIRE 1 3 13 3 0 3 0
> VAMPIRE 2 11 3 3 0 3 0
> VAMPIRE 3 10 7 2 1 3 0
> VAMPIRE 4 7 11 3 0 3 0
> GRENADE 1 3 9 3 3
> GRENADE 2 13 5 3 3
> GRENADE 3 10 9 3 3
> GRENADE 4 3 9 3 3
> POWERUP GRENADE -4 7 13 5
> POWERUP GRENADE -4 7 1 5
> BAT1 13 8 13 9 1 8 1 9 9 13 13 7 8 11 7 13
> BAT2 13 4 13 6 1 10 8 13 10 13
< RES 1637331965 128 4
< MOVE L
> REQ 1637331965 129 4
> VAMPIRE 1 5 13 3 0 3 0
> VAMPIRE 2 9 3 3 0 3 0
> VAMPIRE 3 8 7 2 0 3 0
> VAMPIRE 4 7 10 3 0 3 0
> GRENADE 1 3 9 2 3
> GRENADE 2 13 5 2 3
> GRENADE 3 10 9 2 3
> GRENADE 4 3 9 2 3
> GRENADE 3 10 7 5 3
> POWERUP GRENADE -3 7 13 5
> POWERUP GRENADE -3 7 1 5
> BAT1 13 8 13 9 1 8 1 9 9 13 13 7 8 11 7 13
> BAT2 13 4 13 6 1 10 8 13 10 13
< RES 1637331965 129 4
< MOVE R R
> REQ 1637331965 130 4
> VAMPIRE 1 5 11 3 0 3 0
> VAMPIRE 2 7 3 3 0 3 0
> VAMPIRE 3 7 6 2 0 3 0
> VAMPIRE 4 7 12 3 0 3 0
> GRENADE 1 3 9 1 3
> GRENADE 2 13 5 1 3
> GRENADE 3 10 9 1 3
> GRENADE 4 3 9 1 3
> GRENADE 3 10 7 4 3
> POWERUP GRENADE -2 7 13 5
> POWERUP GRENADE -2 7 1 5
> BAT1 13 8 13 9 1 8 1 9 9 13 13 7 8 11 7 13
> BAT2 13 4 13 6 1 10 8 13 10 13
< RES 1637331965 130 4
< MOVE L
> REQ 1637331965 131 4
> VAMPIRE 1 6 11 3 1 3 0
> VAMPIRE 2 7 1 3 1 3 0
> VAMPIRE 3 7 4 2 1 3 0
> VAMPIRE 4 7 11 3 1 3 0
> GRENADE 3 10 7 3 3
> POWERUP GRENADE -1 7 13 5
> POWERUP GRENADE -1 7 1 5
> BAT1 13 8 13 4 13 6 1 8 9 13 13 7 8 11 7 13
> BAT2 1 10 8 13 10 13
< RES 1637331965 131 4
< GRENADE
< MOVE L L
> REQ 1637331965 132 4
> VAMPIRE 1 6 11 3 0 3 0
> VAMPIRE 2 7 1 3 1 3 0
> VAMPIRE 3 7 2 2 1 3 0
> VAMPIRE 4 7 9 3 0 3 0
> GRENADE 3 10 7 2 3
> GRENADE 1 6 11 5 3
> GRENADE 4 7 11 5 3
> POWERUP GRENADE 11 7 13 5
> POWERUP GRENADE 11 7 1 5
> BAT1 13 8 13 4 13 6 1 8 9 13 13 7 8 11 7 13
> BAT2 1 10 8 13 10 13
< RES 1637331965 132 4
< MOVE U U
> REQ 1637331965 133 4
> VAMPIRE 1 5 12 3 0 3 0
> VAMPIRE 2 7 1 3 0 3 0
> VAMPIRE 3 7 2 2 1 3 0
> VAMPIRE 4 5 9 3 0 3 0
> GRENADE 3 10 7 1 3
> GRENADE 1 6 11 4 3
> GRENADE 4 7 11 4 3
> GRENADE 2 7 1 5 3
> POWERUP GRENADE 10 7 13 5
> POWERUP GRENADE 10 7 1 5
> BAT1 13 8 13 4 13 6 1 8 9 13 13 7 8 11 7 13
> BAT2 1 10 8 13 10 13
< RES 1637331965 133 4
< MOVE R R
> REQ 1637331965 134 4
> VAMPIRE 1 5 10 3 0 3 0
> VAMPIRE 2 7 1 3 0 3 0
> VAMPIRE 3 7 4 2 2 3 0
> VAMPIRE 4 5 11 3 0 3 0
> GRENADE 1 6 11 3 3
> GRENADE 4 7 11 3 3
> GRENADE 2 7 5 4 3
> POWERUP GRENADE 9 7 13 5
> POWERUP GRENADE 9 7 1 5
> BAT1 13 8 13 4 13 6 1 8 9 13 8 11 7 13
> BAT2 1 10 8 13 10 13
< RES 1637331965 134 4
< MOVE R
> REQ 1637331965 135 4
> VAMPIRE 1 5 11 3 0 3 0
> VAMPIRE 2 7 1 3 0 3 0
> VAMPIRE 3 7 2 2 2 3 0
> VAMPIRE 4 5 12 3 0 3 0
> GRENADE 1 6 11 2 3
> GRENADE 4 7 11 2 3
> GRENADE 2 7 5 3 3
> POWERUP GRENADE 8 7 13 5
> POWERUP GRENADE 8 7 1 5
> BAT1 13 8 13 4 13 6 1 8 9 13 8 11 7 13
> BAT2 1 10 8 13 10 13
< RES 1637331965 135 4
< MOVE R D
> REQ 1637331965 136 4
> VAMPIRE 1 5 13 3 0 3 0
> VAMPIRE 2 7 1 3 1 3 0
> VAMPIRE 3 7 1 2 2 3 0
> VAMPIRE 4 6 13 3 0 3 0
> GRENADE 1 6 11 1 3
> GRENADE 4 7 11 1 3
> GRENADE 2 7 5 2 3
> POWERUP GRENADE 7 7 13 5
> BAT1 13 8 13 4 13 6 1 8 9 13 8 11 7 13
> BAT2 1 10 8 13 10 13
< RES 1637331965 136 4
> REQ 1637331965 137 4
> VAMPIRE 1 6 13 3 1 3 0
> VAMPIRE 2 7 1 3 1 3 0
> VAMPIRE 3 7 1 2 2 3 0
> VAMPIRE 4 6 13 3 1 3 0
> GRENADE 2 7 5 1 3
> POWERUP GRENADE 6 7 13 5
> BAT1 13 8 13 4 13 6 1 8 9 13
> BAT2 1 10 8 13 10 13
< RES 1637331965 137 4
< MOVE D
> REQ 1637331965 138 4
> VAMPIRE 1 7 13 3 1 3 0
> VAMPIRE 2 7 3 3 2 3 0
> VAMPIRE 3 7 3 2 2 3 0
> VAMPIRE 4 7 13 3 1 3 0
> POWERUP GRENADE 5 7 13 5
> BAT1 13 8 13 4 13 6 1 8 9 13
> BAT2 1 10 8 13 10 13
< RES 1637331965 138 4
< GRENADE
> REQ 1637331965 139 4
> VAMPIRE 1 7 13 3 0 3 0
> VAMPIRE 2 7 5 3 2 3 0
> VAMPIRE 3 7 5 2 2 3 0
> VAMPIRE 4 7 13 3 0 3 0
> GRENADE 1 7 13 5 3
> GRENADE 4 7 13 5 3
> POWERUP GRENADE 4 7 13 5
> BAT1 13 8 13 4 13 6 1 8 9 13
> BAT2 1 10 8 13 10 13
< RES 1637331965 139 4
> REQ 1637331965 140 4
> VAMPIRE 1 7 13 3 0 3 0
> VAMPIRE 2 9 5 3 2 3 0
> VAMPIRE 3 9 5 2 2 3 0
> VAMPIRE 4 7 13 3 0 3 0
> GRENADE 1 7 13 4 3
> GRENADE 4 7 13 4 3
> POWERUP GRENADE 3 7 13 5
> BAT1 13 8 13 4 13 6 1 8 9 13
> BAT2 1 10 8 13 10 13
< RES 1637331965 140 4
> REQ 1637331965 141 4
> VAMPIRE 1 7 13 3 0 3 0
> VAMPIRE 2 9 7 3 2 3 0
> VAMPIRE 3 11 5 2 2 3 0
> VAMPIRE 4 7 13 3 0 3 0
> GRENADE 1 7 13 3 3
> GRENADE 4 7 13 3 3
> POWERUP GRENADE 2 7 13 5
> BAT1 13 8 13 4 13 6 1 8 9 13
> BAT2 1 10 8 13 10 13
< RES 1637331965 141 4
> REQ 1637331965 142 4
> VAMPIRE 1 6 13 3 0 3 0
> VAMPIRE 2 9 9 3 2 3 0
> VAMPIRE 3 13 5 2 2 3 0
> VAMPIRE 4 7 13 3 0 3 0
> GRENADE 1 7 13 2 3
> GRENADE 4 7 13 2 3
> POWERUP GRENADE 1 7 13 5
> BAT1 13 8 13 4 13 6 1 8 9 13
> BAT2 1 10 8 13 10 13
< RES 1637331965 142 4
> REQ 1637331965 143 4
> VAMPIRE 1 6 13 3 0 3 0
> VAMPIRE 2 9 10 3 2 3 0
> VAMPIRE 3 11 5 2 1 3 0
> VAMPIRE 4 7 13 3 0 3 0
> GRENADE 1 7 13 1 3
> GRENADE 4 7 13 1 3
> GRENADE 3 13 5 5 3
> POWERUP GRENADE 1 7 13 5
> BAT1 13 8 13 4 13 6 1 8 9 13
> BAT2 1 10 8 13 10 13
< RES 1637331965 143 4
< THROW XD 4
> REQ 1637331965 144 4
> VAMPIRE 1 6 13 2 1 3 0
> VAMPIRE 2 9 10 3 1 3 0
> VAMPIRE 3 11 7 2 1 3 0
> VAMPIRE 4 7 13 2 1 3 0
> GRENADE 3 13 5 4 3
> GRENADE 2 9 10 5 3
> POWERUP GRENADE 1 7 13 5
> BAT1 13 8 13 4 13 6 1 8 8 13 9 13
> BAT2 1 10 10 13
< RES 1637331965 144 4
< GRENADE
> REQ 1637331965 145 4
> VAMPIRE 1 7 12 2 1 3 0
> VAMPIRE 2 9 10 3 1 3 0
> VAMPIRE 3 13 7 2 1 3 0
> VAMPIRE 4 7 13 2 1 3 0
> GRENADE 3 13 5 3 3
> GRENADE 2 13 10 4 3
> POWERUP GRENADE 1 7 13 5
> BAT1 13 8 13 4 13 6 1 8 8 13 9 13
> BAT2 1 10 10 13
< RES 1637331965 145 4
< GRENADE
> REQ 1637331965 146 4
> VAMPIRE 1 6 13 2 1 3 0
> VAMPIRE 2 10 11 3 0 3 0
> VAMPIRE 3 11 7 2 0 3 0
> VAMPIRE 4 7 13 2 1 3 0
> GRENADE 3 13 5 2 3
> GRENADE 2 13 10 3 3
> GRENADE 2 9 10 5 3
> GRENADE 3 13 7 5 3
> POWERUP GRENADE 1 7 13 5
> BAT1 13 8 13 4 13 6 1 8 8 13 9 13
> BAT2 1 10 10 13
< RES 1637331965 146 4
< GRENADE
> REQ 1637331965 147 4
> VAMPIRE 1 6 13 2 0 3 0
> VAMPIRE 2 11 11 3 0 3 0
> VAMPIRE 3 9 7 2 0 3 0
> VAMPIRE 4 7 13 2 0 3 0
> GRENADE 3 13 5 1 3
> GRENADE 2 13 10 2 3
> GRENADE 2 9 10 4 3
> GRENADE 3 13 7 4 3
> GRENADE 1 6 13 5 3
> GRENADE 4 7 13 5 3
> POWERUP GRENADE 1 7 13 5
> BAT1 13 8 13 4 13 6 1 8 8 13 9 13
> BAT2 1 10 10 13
< RES 1637331965 147 4
> REQ 1637331965 148 4
> VAMPIRE 1 5 12 2 0 3 0
> VAMPIRE 2 11 13 3 0 3 0
> VAMPIRE 3 9 8 2 1 3 0
> VAMPIRE 4 7 13 2 0 3 0
> GRENADE 2 13 10 1 3
> GRENADE 2 9 10 3 3
> GRENADE 3 13 7 3 3
> GRENADE 1 6 13 4 3
> GRENADE 4 7 13 4 3
> POWERUP GRENADE 1 7 13 5
> BAT1 13 8 1 8 8 13 9 13
> BAT2 1 10 10 13
< RES 1637331965 148 4
< THROW XD 4
> REQ 1637331965 149 4
> VAMPIRE 1 5 11 2 0 3 0
> VAMPIRE 2 12 13 3 1 3 0
> VAMPIRE 3 10 9 2 0 3 0
> VAMPIRE 4 7 13 2 0 3 0
> GRENADE 2 9 10 2 3
> GRENADE 3 13 7 2 3
> GRENADE 1 6 13 3 3
> GRENADE 4 11 13 3 3
> GRENADE 3 9 8 5 3
> POWERUP SHOE -4 11 2 6
> POWERUP SHOE -4 3 12 6
> BAT1 1 8 8 13 9 13
> BAT2 1 10 10 13
< RES 1637331965 149 4
< MOVE L L
> REQ 1637331965 150 4
> VAMPIRE 1 3 11 2 0 3 0
> VAMPIRE 2 13 12 3 0 3 0
> VAMPIRE 3 11 8 2 0 3 0
> VAMPIRE 4 7 11 2 0 3 0
> GRENADE 2 9 10 1 3
> GRENADE 3 13 7 1 3
> GRENADE 1 6 13 2 3
> GRENADE 4 11 13 2 3
> GRENADE 3 9 8 4 3
> GRENADE 2 12 13 5 3
> POWERUP SHOE -3 11 2 6
> POWERUP SHOE -3 3 12 6
> BAT1 1 8 8 13 9 13
> BAT2 1 10 10 13
< RES 1637331965 150 4
< MOVE U U
> REQ 1637331965 151 4
> VAMPIRE 1 3 12 2 0 3 0
> VAMPIRE 2 12 11 3 1 3 0
> VAMPIRE 3 11 6 2 2 3 0
> VAMPIRE 4 5 11 2 0 3 0
> GRENADE 1 6 13 1 3
> GRENADE 4 11 13 1 3
> GRENADE 2 12 13 4 3
> POWERUP SHOE -2 11 2 6
> POWERUP SHOE -2 3 12 6
> BAT1 1 8 8 13
> BAT2 1 10 10 13
< RES 1637331965 151 4
< MOVE U U
> REQ 1637331965 152 4
> VAMPIRE 1 3 12 2 1 3 0
> VAMPIRE 2 11 10 3 2 3 0
> VAMPIRE 3 11 4 2 2 3 0
> VAMPIRE 4 3 11 2 1 3 0
> POWERUP SHOE -1 11 2 6
> POWERUP SHOE -1 3 12 6
> BAT1 1 8 10 13
> BAT2 1 10
< RES 1637331965 152 4
< MOVE R
> REQ 1637331965 153 4
> VAMPIRE 1 3 12 2 0 3 0
> VAMPIRE 2 11 8 3 2 3 0
> VAMPIRE 3 11 2 2 2 3 0
> VAMPIRE 4 3 11 2 1 3 0
> GRENADE 1 3 12 5 3
> POWERUP SHOE 15 11 2 6
> POWERUP SHOE 15 3 12 6
> BAT1 1 8 10 13
> BAT2 1 10
< RES 1637331965 153 4
< GRENADE
> REQ 1637331965 154 4
> VAMPIRE 1 3 12 2 0 3 0
> VAMPIRE 2 11 6 3 2 3 0
> VAMPIRE 3 11 2 2 2 3 0
> VAMPIRE 4 3 11 2 0 3 0
> GRENADE 1 1 12 4 3
> GRENADE 4 3 11 5 3
> POWERUP SHOE 14 11 2 6
> POWERUP SHOE 14 3 12 6
> BAT1 1 8 10 13
> BAT2 1 10
< RES 1637331965 154 4
< THROW XU 2
< MOVE R
> REQ 1637331965 155 4
> VAMPIRE 1 3 12 2 0 3 0
> VAMPIRE 2 11 4 3 2 3 0
> VAMPIRE 3 11 2 2 2 3 0
> VAMPIRE 4 3 12 2 0 3 0
> GRENADE 1 1 12 3 3
> GRENADE 4 1 11 4 3
> POWERUP SHOE 13 11 2 6
> POWERUP SHOE 13 3 12 6
> BAT1 1 8 10 13
> BAT2 1 10
< RES 1637331965 155 4
> REQ 1637331965 156 4
> VAMPIRE 1 3 12 2 0 3 0
> VAMPIRE 2 11 2 3 2 3 0
> VAMPIRE 3 11 2 2 2 3 0
> VAMPIRE 4 3 12 2 0 3 0
> GRENADE 1 1 12 2 3
> GRENADE 4 1 11 3 3
> POWERUP SHOE 12 11 2 6
> POWERUP SHOE 12 3 12 6
> BAT1 1 8 10 13
> BAT2 1 10
< RES 1637331965 156 4
> REQ 1637331965 157 4
> VAMPIRE 1 3 12 2 0 3 0
> VAMPIRE 2 11 2 3 2 3 0
> VAMPIRE 3 11 2 2 2 3 0
> VAMPIRE 4 3 12 2 0 3 0
> GRENADE 1 1 12 1 3
> GRENADE 4 1 11 2 3
> POWERUP SHOE 11 11 2 6
> POWERUP SHOE 11 3 12 6
> BAT1 1 8 10 13
> BAT2 1 10
< RES 1637331965 157 4
> REQ 1637331965 158 4
> VAMPIRE 1 3 12 2 1 3 30
> VAMPIRE 2 11 2 3 2 3 0
> VAMPIRE 3 11 2 2 2 3 0
> VAMPIRE 4 3 12 2 1 3 0
> POWERUP SHOE 10 11 2 6
> BAT1 1 8 1 10 10 13
< RES 1637331965 158 4
< MOVE R U
> REQ 1637331965 159 4
> VAMPIRE 1 5 11 2 1 3 29
> VAMPIRE 2 11 2 3 2 3 0
> VAMPIRE 3 11 2 2 2 3 30
> VAMPIRE 4 2 13 2 1 3 0
> BAT1 1 8 1 10 10 13
< RES 1637331965 159 4
< MOVE U L
> REQ 1637331965 160 4
> VAMPIRE 1 5 9 2 1 3 28
> VAMPIRE 2 11 3 3 2 3 0
> VAMPIRE 3 9 3 2 2 3 29
> VAMPIRE 4 1 12 2 1 3 0
> BAT1 1 8 1 10 10 13
< RES 1637331965 160 4
< GRENADE
> REQ 1637331965 161 4
> VAMPIRE 1 5 9 2 0 3 27
> VAMPIRE 2 11 5 3 2 3 0
> VAMPIRE 3 9 3 2 2 3 28
> VAMPIRE 4 1 12 2 0 3 0
> GRENADE 1 5 9 5 3
> GRENADE 4 1 12 5 3
> BAT1 1 8 1 10 10 13
< RES 1637331965 161 4
< THROW XL 3
< MOVE L
> REQ 1637331965 162 4
> VAMPIRE 1 7 9 2 0 3 26
> VAMPIRE 2 11 7 3 2 3 0
> VAMPIRE 3 9 3 2 2 3 27
> VAMPIRE 4 1 11 2 0 3 0
> GRENADE 1 1 9 4 3
> GRENADE 4 1 9 4 3
> BAT1 1 8 1 10 10 13
< RES 1637331965 162 4
< MOVE D D
> REQ 1637331965 163 4
> VAMPIRE 1 7 9 2 0 3 25
> VAMPIRE 2 11 7 3 2 3 0
> VAMPIRE 3 9 3 2 2 3 26
> VAMPIRE 4 3 11 2 0 3 0
> GRENADE 1 1 9 3 3
> GRENADE 4 1 9 3 3
> BAT1 1 8 1 10 10 13
< RES 1637331965 163 4
< MOVE R R
> REQ 1637331965 164 4
> VAMPIRE 1 7 11 2 0 3 24
> VAMPIRE 2 11 7 3 2 3 0
> VAMPIRE 3 9 3 2 2 3 25
> VAMPIRE 4 3 13 2 0 3 0
> GRENADE 1 1 9 2 3
> GRENADE 4 1 9 2 3
> BAT1 1 8 1 10 10 13
< RES 1637331965 164 4
< MOVE D D
> REQ 1637331965 165 4
> VAMPIRE 1 7 11 2 0 3 23
> VAMPIRE 2 11 7 3 2 3 0
> VAMPIRE 3 7 3 2 2 3 24
> VAMPIRE 4 5 13 2 0 3 0
> GRENADE 1 1 9 1 3
> GRENADE 4 1 9 1 3
> BAT1 1 8 1 10 10 13
< RES 1637331965 165 4
< MOVE D D
> REQ 1637331965 166 4
> VAMPIRE 1 8 13 2 1 3 22
> VAMPIRE 2 11 7 3 2 3 0
> VAMPIRE 3 7 3 2 2 3 23
> VAMPIRE 4 7 13 2 1 3 0
> BAT1 10 13
< RES 1637331965 166 4
< GRENADE
< MOVE L L
> REQ 1637331965 167 4
> VAMPIRE 1 9 11 2 0 3 21
> VAMPIRE 2 11 7 3 2 3 0
> VAMPIRE 3 7 5 2 2 3 22
> VAMPIRE 4 7 11 2 0 3 0
> GRENADE 1 8 13 5 3
> GRENADE 4 7 13 5 3
> BAT1 10 13
< RES 1637331965 167 4
< MOVE L L
> REQ 1637331965 168 4
> VAMPIRE 1 9 11 2 0 3 20
> VAMPIRE 2 11 7 3 2 3 0
> VAMPIRE 3 5 5 2 2 3 21
> VAMPIRE 4 7 9 2 0 3 0
> GRENADE 1 8 13 4 3
> GRENADE 4 7 13 4 3
> BAT1 10 13
< RES 1637331965 168 4
< MOVE U U
> REQ 1637331965 169 4
> VAMPIRE 1 9 11 2 0 3 19
> VAMPIRE 2 11 7 3 2 3 0
> VAMPIRE 3 5 5 2 2 3 20
> VAMPIRE 4 5 9 2 0 3 0
> GRENADE 1 8 13 3 3
> GRENADE 4 7 13 3 3
> BAT1 10 13
< RES 1637331965 169 4
> REQ 1637331965 170 4
> VAMPIRE 1 9 9 2 0 3 18
> VAMPIRE 2 11 7 3 2 3 0
> VAMPIRE 3 5 5 2 2 3 19
> VAMPIRE 4 5 9 2 0 3 0
> GRENADE 1 8 13 2 3
> GRENADE 4 7 13 2 3
> BAT1 10 13
< RES 1637331965 170 4
> REQ 1637331965 171 4
> VAMPIRE 1 11 9 2 0 3 17
> VAMPIRE 2 11 5 3 2 3 0
> VAMPIRE 3 5 3 2 2 3 18
> VAMPIRE 4 5 9 2 0 3 0
> GRENADE 1 8 13 1 3
> GRENADE 4 7 13 1 3
> BAT1 10 13
< RES 1637331965 171 4
< MOVE U U
> REQ 1637331965 172 4
> VAMPIRE 1 9 9 2 1 3 16
> VAMPIRE 2 9 5 3 2 3 0
> VAMPIRE 3 5 5 2 2 3 17
> VAMPIRE 4 3 9 2 1 3 0
< RES 1637331965 172 4
< MOVE D D
> REQ 1637331965 173 4
> VAMPIRE 1 11 9 2 1 3 15
> VAMPIRE 2 9 5 3 2 3 0
> VAMPIRE 3 5 3 2 2 3 16
> VAMPIRE 4 5 9 2 1 3 0
< RES 1637331965 173 4
> REQ 1637331965 174 4
> VAMPIRE 1 9 9 2 1 3 14
> VAMPIRE 2 9 5 3 2 3 0
> VAMPIRE 3 5 5 2 2 3 15
> VAMPIRE 4 5 9 2 1 3 0
< RES 1637331965 174 4
> REQ 1637331965 175 4
> VAMPIRE 1 11 9 2 1 3 13
> VAMPIRE 2 9 5 3 2 3 0
> VAMPIRE 3 5 3 2 2 3 14
> VAMPIRE 4 5 9 2 1 3 0
< RES 1637331965 175 4
> REQ 1637331965 176 4
> VAMPIRE 1 9 9 2 1 3 12
> VAMPIRE 2 9 5 3 2 3 0
> VAMPIRE 3 5 5 2 2 3 13
> VAMPIRE 4 5 9 2 1 3 0
< RES 1637331965 176 4
> REQ 1637331965 177 4
> VAMPIRE 1 11 9 2 1 3 11
> VAMPIRE 2 9 5 3 2 3 0
> VAMPIRE 3 5 3 2 2 3 12
> VAMPIRE 4 5 9 2 1 3 0
< RES 1637331965 177 4
> REQ 1637331965 178 4
> VAMPIRE 1 9 9 2 1 3 10
> VAMPIRE 2 9 5 3 2 3 0
> VAMPIRE 3 5 5 2 2 3 11
> VAMPIRE 4 5 9 2 1 3 0
< RES 1637331965 178 4
> REQ 1637331965 179 4
> VAMPIRE 1 11 9 2 1 3 9
> VAMPIRE 2 9 5 3 2 3 0
> VAMPIRE 3 5 3 2 2 3 10
> VAMPIRE 4 5 9 2 1 3 0
> POWERUP GRENADE -5 4 7 4
> POWERUP GRENADE -5 10 7 4
< RES 1637331965 179 4
< MOVE L L
> REQ 1637331965 180 4
> VAMPIRE 1 10 7 2 1 3 8
> VAMPIRE 2 9 7 3 2 3 0
> VAMPIRE 3 5 6 2 2 3 9
> VAMPIRE 4 5 7 2 1 3 0
> POWERUP GRENADE -4 4 7 4
> POWERUP GRENADE -4 10 7 4
< RES 1637331965 180 4
< MOVE U
> REQ 1637331965 181 4
> VAMPIRE 1 10 7 2 0 3 7
> VAMPIRE 2 9 7 3 1 3 0
> VAMPIRE 3 4 7 2 2 3 8
> VAMPIRE 4 4 7 2 1 3 0
> GRENADE 1 10 7 5 3
> GRENADE 2 9 7 5 3
> POWERUP GRENADE -3 4 7 4
> POWERUP GRENADE -3 10 7 4
< RES 1637331965 181 4
> REQ 1637331965 182 4
> VAMPIRE 1 11 7 2 0 3 6
> VAMPIRE 2 7 7 3 0 3 0
> VAMPIRE 3 4 7 2 2 3 7
> VAMPIRE 4 4 7 2 1 3 0
> GRENADE 1 6 7 4 3
> GRENADE 2 9 7 4 3
> GRENADE 2 9 7 5 3
> POWERUP GRENADE -2 4 7 4
> POWERUP GRENADE -2 10 7 4
< RES 1637331965 182 4
> REQ 1637331965 183 4
> VAMPIRE 1 10 7 2 0 3 5
> VAMPIRE 2 7 9 3 0 3 0
> VAMPIRE 3 4 7 2 1 3 6
> VAMPIRE 4 4 7 2 1 3 0
> GRENADE 1 6 7 3 3
> GRENADE 2 9 7 3 3
> GRENADE 2 9 7 4 3
> GRENADE 3 4 7 5 3
> POWERUP GRENADE -1 4 7 4
> POWERUP GRENADE -1 10 7 4
< RES 1637331965 183 4
> REQ 1637331965 184 4
> VAMPIRE 1 10 7 2 0 3 4
> VAMPIRE 2 5 9 3 0 3 0
> VAMPIRE 3 4 7 2 0 3 5
> VAMPIRE 4 4 7 2 1 3 0
> GRENADE 1 6 7 2 3
> GRENADE 2 9 7 2 3
> GRENADE 2 9 7 3 3
> GRENADE 3 4 7 4 3
> GRENADE 3 4 7 5 3
> POWERUP GRENADE 11 4 7 4
> POWERUP GRENADE 11 10 7 4
< RES 1637331965 184 4
> REQ 1637331965 185 4
> VAMPIRE 1 11 6 2 0 3 3
> VAMPIRE 2 3 9 3 0 3 0
> VAMPIRE 3 2 7 2 0 3 4
> VAMPIRE 4 4 7 2 1 3 0
> GRENADE 1 6 7 1 3
> GRENADE 2 9 7 1 3
> GRENADE 2 9 7 2 3
> GRENADE 3 8 7 3 3
> GRENADE 3 8 7 4 3
> POWERUP GRENADE 10 4 7 4
> POWERUP GRENADE 10 10 7 4
< RES 1637331965 185 4
< MOVE U
> REQ 1637331965 186 4
> VAMPIRE 1 9 5 2 1 3 2
> VAMPIRE 2 3 7 3 2 3 0
> VAMPIRE 3 4 7 2 2 3 3
> VAMPIRE 4 3 7 1 1 3 0
> POWERUP GRENADE 9 4 7 4
> POWERUP GRENADE 9 10 7 4
< RES 1637331965 186 4
< MOVE D
> REQ 1637331965 187 4
> VAMPIRE 1 10 7 2 1 3 1
> VAMPIRE 2 5 7 3 1 3 0
> VAMPIRE 3 5 7 2 2 3 2
> VAMPIRE 4 4 7 1 1 3 0
> GRENADE 2 3 7 5 3
> POWERUP GRENADE 8 4 7 4
> POWERUP GRENADE 8 10 7 4
< RES 1637331965 187 4
> REQ 1637331965 188 4
> VAMPIRE 1 10 7 2 1 3 0
> VAMPIRE 2 7 7 3 0 3 0
> VAMPIRE 3 5 7 2 1 3 1
> VAMPIRE 4 4 7 1 1 3 0
> GRENADE 2 3 7 4 3
> GRENADE 2 5 7 5 3
> GRENADE 3 5 7 5 3
> POWERUP GRENADE 7 4 7 4
> POWERUP GRENADE 7 10 7 4
< RES 1637331965 188 4
> REQ 1637331965 189 4
> VAMPIRE 1 10 7 2 1 3 0
> VAMPIRE 2 9 7 3 0 3 0
> VAMPIRE 3 5 7 2 0 3 0
> VAMPIRE 4 4 7 1 1 3 0
> GRENADE 2 3 7 3 3
> GRENADE 2 5 7 4 3
> GRENADE 3 5 7 4 3
> GRENADE 3 5 7 5 3
> POWERUP GRENADE 6 4 7 4
> POWERUP GRENADE 6 10 7 4
< RES 1637331965 189 4
> REQ 1637331965 190 4
> VAMPIRE 1 10 7 2 0 3 0
> VAMPIRE 2 9 7 3 0 3 0
> VAMPIRE 3 7 7 2 0 3 0
> VAMPIRE 4 4 7 1 1 3 0
> GRENADE 2 3 7 2 3
> GRENADE 2 5 7 3 3
> GRENADE 3 5 7 3 3
> GRENADE 3 5 7 4 3
> GRENADE 1 10 7 5 3
> POWERUP GRENADE 5 4 7 4
> POWERUP GRENADE 5 10 7 4
< RES 1637331965 190 4
> REQ 1637331965 191 4
> VAMPIRE 1 9 7 2 1 3 0
> VAMPIRE 2 9 9 3 0 3 0
> VAMPIRE 3 7 8 2 0 3 0
> VAMPIRE 4 4 7 1 2 3 0
> GRENADE 2 3 7 1 3
> GRENADE 2 5 7 2 3
> GRENADE 3 5 7 2 3
> GRENADE 3 5 7 3 3
> GRENADE 1 10 7 4 3
< RES 1637331965 191 4
> END 192 Could_not_be_more_deaded
