> MESSAGE OK
> LEVEL 7
> GAMEID 1922
> TEST 1
> MAXTICK 800
> GRENADERADIUS 3
> SIZE 21
> REQ 1922 0 1
> VAMPIRE 3 19 19 3 1 3 0
> VAMPIRE 4 1 19 3 1 3 0
> VAMPIRE 1 1 1 3 1 3 0
> VAMPIRE 2 19 1 3 1 3 0
> BAT1 3 3 17 3 5 5 15 5 7 7 13 7 7 13 13 13 5 15 15 15 3 17 17 17
> BAT2 3 1 5 3 6 3 7 3 8 3 12 3 13 3 14 3 15 3 19 3 7 4 9 4 11 4 13 4 3 5 8 5 9 5 10 5 11 5 12 5 17 5 3 6 17 6 3 7 4 7 9 7 16 7 17 7 3 8 5 8 9 8 11 8 15 8 17 8 4 9 5 9 8 9 12 9 13 9 15 9 16 9 5 10 15 10 4 11 5 11 7 11 8 11 12 11 15 11 16 11 3 12 5 12 9 12 11 12 15 12 17 12 3 13 4 13 11 13 16 13 17 13 3 14 17 14 3 15 8 15 9 15 10 15 11 15 12 15 17 15 7 16 9 16 11 16 13 16 1 17 5 17 6 17 7 17 8 17 12 17 13 17 14 17 15 17 17 19
> BAT3 4 1 5 1 6 1 7 1 8 1 9 1 10 1 11 1 12 1 13 1 14 1 15 1 16 1 17 1 5 2 7 2 9 2 11 2 13 2 15 2 1 3 9 3 10 3 11 3 1 4 19 4 1 5 2 5 18 5 19 5 1 6 19 6 1 7 2 7 18 7 19 7 1 8 19 8 1 9 2 9 3 9 9 9 10 9 11 9 17 9 18 9 19 9 1 10 3 10 9 10 11 10 17 10 19 10 1 11 2 11 3 11 9 11 10 11 11 11 17 11 18 11 19 11 1 12 19 12 1 13 2 13 18 13 19 13 1 14 19 14 1 15 2 15 18 15 19 15 1 16 19 16 9 17 10 17 11 17 19 17 5 18 7 18 9 18 11 18 13 18 15 18 3 19 4 19 5 19 6 19 7 19 8 19 9 19 10 19 11 19 12 19 13 19 14 19 15 19 16 19
< RES 1922 0 1
< MOVE R L
> REQ 1922 1 1
> VAMPIRE 3 19 19 3 1 3 0
> VAMPIRE 4 1 19 3 1 3 0
> VAMPIRE 1 1 1 3 1 3 0
> VAMPIRE 2 19 1 3 1 3 0
> BAT1 3 3 17 3 5 5 15 5 7 7 13 7 7 13 13 13 5 15 15 15 3 17 17 17
> BAT2 3 1 5 3 6 3 7 3 8 3 12 3 13 3 14 3 15 3 19 3 7 4 9 4 11 4 13 4 3 5 8 5 9 5 10 5 11 5 12 5 17 5 3 6 17 6 3 7 4 7 9 7 16 7 17 7 3 8 5 8 9 8 11 8 15 8 17 8 4 9 5 9 8 9 12 9 13 9 15 9 16 9 5 10 15 10 4 11 5 11 7 11 8 11 12 11 15 11 16 11 3 12 5 12 9 12 11 12 15 12 17 12 3 13 4 13 11 13 16 13 17 13 3 14 17 14 3 15 8 15 9 15 10 15 11 15 12 15 17 15 7 16 9 16 11 16 13 16 1 17 5 17 6 17 7 17 8 17 12 17 13 17 14 17 15 17 17 19
> BAT3 4 1 5 1 6 1 7 1 8 1 9 1 10 1 11 1 12 1 13 1 14 1 15 1 16 1 17 1 5 2 7 2 9 2 11 2 13 2 15 2 1 3 9 3 10 3 11 3 1 4 19 4 1 5 2 5 18 5 19 5 1 6 19 6 1 7 2 7 18 7 19 7 1 8 19 8 1 9 2 9 3 9 9 9 10 9 11 9 17 9 18 9 19 9 1 10 3 10 9 10 11 10 17 10 19 10 1 11 2 11 3 11 9 11 10 11 11 11 17 11 18 11 19 11 1 12 19 12 1 13 2 13 18 13 19 13 1 14 19 14 1 15 2 15 18 15 19 15 1 16 19 16 9 17 10 17 11 17 19 17 5 18 7 18 9 18 11 18 13 18 15 18 3 19 4 19 5 19 6 19 7 19 8 19 9 19 10 19 11 19 12 19 13 19 14 19 15 19 16 19
< RES 1922 1 1
< MOVE R L
> REQ 1922 2 1
> VAMPIRE 3 19 19 3 1 3 0
> VAMPIRE 4 1 19 3 1 3 0
> VAMPIRE 1 1 1 3 1 3 0
> VAMPIRE 2 19 1 3 1 3 0
> BAT1 3 3 17 3 5 5 15 5 7 7 13 7 7 13 13 13 5 15 15 15 3 17 17 17
> BAT2 3 1 5 3 6 3 7 3 8 3 12 3 13 3 14 3 15 3 19 3 7 4 9 4 11 4 13 4 3 5 8 5 9 5 10 5 11 5 12 5 17 5 3 6 17 6 3 7 4 7 9 7 16 7 17 7 3 8 5 8 9 8 11 8 15 8 17 8 4 9 5 9 8 9 12 9 13 9 15 9 16 9 5 10 15 10 4 11 5 11 7 11 8 11 12 11 15 11 16 11 3 12 5 12 9 12 11 12 15 12 17 12 3 13 4 13 11 13 16 13 17 13 3 14 17 14 3 15 8 15 9 15 10 15 11 15 12 15 17 15 7 16 9 16 11 16 13 16 1 17 5 17 6 17 7 17 8 17 12 17 13 17 14 17 15 17 17 19
> BAT3 4 1 5 1 6 1 7 1 8 1 9 1 10 1 11 1 12 1 13 1 14 1 15 1 16 1 17 1 5 2 7 2 9 2 11 2 13 2 15 2 1 3 9 3 10 3 11 3 1 4 19 4 1 5 2 5 18 5 19 5 1 6 19 6 1 7 2 7 18 7 19 7 1 8 19 8 1 9 2 9 3 9 9 9 10 9 11 9 17 9 18 9 19 9 1 10 3 10 9 10 11 10 17 10 19 10 1 11 2 11 3 11 9 11 10 11 11 11 17 11 18 11 19 11 1 12 19 12 1 13 2 13 18 13 19 13 1 14 19 14 1 15 2 15 18 15 19 15 1 16 19 16 9 17 10 17 11 17 19 17 5 18 7 18 9 18 11 18 13 18 15 18 3 19 4 19 5 19 6 19 7 19 8 19 9 19 10 19 11 19 12 19 13 19 14 19 15 19 16 19
< RES 1922 2 1
< MOVE R L
> REQ 1922 3 1
> VAMPIRE 3 19 19 3 1 3 0
> VAMPIRE 4 1 19 3 1 3 0
> VAMPIRE 1 1 1 3 1 3 0
> VAMPIRE 2 19 1 3 1 3 0
> BAT1 3 3 17 3 5 5 15 5 7 7 13 7 7 13 13 13 5 15 15 15 3 17 17 17
> BAT2 3 1 5 3 6 3 7 3 8 3 12 3 13 3 14 3 15 3 19 3 7 4 9 4 11 4 13 4 3 5 8 5 9 5 10 5 11 5 12 5 17 5 3 6 17 6 3 7 4 7 9 7 16 7 17 7 3 8 5 8 9 8 11 8 15 8 17 8 4 9 5 9 8 9 12 9 13 9 15 9 16 9 5 10 15 10 4 11 5 11 7 11 8 11 12 11 15 11 16 11 3 12 5 12 9 12 11 12 15 12 17 12 3 13 4 13 11 13 16 13 17 13 3 14 17 14 3 15 8 15 9 15 10 15 11 15 12 15 17 15 7 16 9 16 11 16 13 16 1 17 5 17 6 17 7 17 8 17 12 17 13 17 14 17 15 17 17 19
> BAT3 4 1 5 1 6 1 7 1 8 1 9 1 10 1 11 1 12 1 13 1 14 1 15 1 16 1 17 1 5 2 7 2 9 2 11 2 13 2 15 2 1 3 9 3 10 3 11 3 1 4 19 4 1 5 2 5 18 5 19 5 1 6 19 6 1 7 2 7 18 7 19 7 1 8 19 8 1 9 2 9 3 9 9 9 10 9 11 9 17 9 18 9 19 9 1 10 3 10 9 10 11 10 17 10 19 10 1 11 2 11 3 11 9 11 10 11 11 11 17 11 18 11 19 11 1 12 19 12 1 13 2 13 18 13 19 13 1 14 19 14 1 15 2 15 18 15 19 15 1 16 19 16 9 17 10 17 11 17 19 17 5 18 7 18 9 18 11 18 13 18 15 18 3 19 4 19 5 19 6 19 7 19 8 19 9 19 10 19 11 19 12 19 13 19 14 19 15 19 16 19
< RES 1922 3 1
< MOVE R L
> REQ 1922 4 1
> VAMPIRE 3 19 19 3 1 3 0
> VAMPIRE 4 1 19 3 1 3 0
> VAMPIRE 1 1 1 3 1 3 0
> VAMPIRE 2 19 1 3 1 3 0
> BAT1 3 3 17 3 5 5 15 5 7 7 13 7 7 13 13 13 5 15 15 15 3 17 17 17
> BAT2 3 1 5 3 6 3 7 3 8 3 12 3 13 3 14 3 15 3 19 3 7 4 9 4 11 4 13 4 3 5 8 5 9 5 10 5 11 5 12 5 17 5 3 6 17 6 3 7 4 7 9 7 16 7 17 7 3 8 5 8 9 8 11 8 15 8 17 8 4 9 5 9 8 9 12 9 13 9 15 9 16 9 5 10 15 10 4 11 5 11 7 11 8 11 12 11 15 11 16 11 3 12 5 12 9 12 11 12 15 12 17 12 3 13 4 13 11 13 16 13 17 13 3 14 17 14 3 15 8 15 9 15 10 15 11 15 12 15 17 15 7 16 9 16 11 16 13 16 1 17 5 17 6 17 7 17 8 17 12 17 13 17 14 17 15 17 17 19
> BAT3 4 1 5 1 6 1 7 1 8 1 9 1 10 1 11 1 12 1 13 1 14 1 15 1 16 1 17 1 5 2 7 2 9 2 11 2 13 2 15 2 1 3 9 3 10 3 11 3 1 4 19 4 1 5 2 5 18 5 19 5 1 6 19 6 1 7 2 7 18 7 19 7 1 8 19 8 1 9 2 9 3 9 9 9 10 9 11 9 17 9 18 9 19 9 1 10 3 10 9 10 11 10 17 10 19 10 1 11 2 11 3 11 9 11 10 11 11 11 17 11 18 11 19 11 1 12 19 12 1 13 2 13 18 13 19 13 1 14 19 14 1 15 2 15 18 15 19 15 1 16 19 16 9 17 10 17 11 17 19 17 5 18 7 18 9 18 11 18 13 18 15 18 3 19 4 19 5 19 6 19 7 19 8 19 9 19 10 19 11 19 12 19 13 19 14 19 15 19 16 19
< RES 1922 4 1
< MOVE R L
> REQ 1922 5 1
> VAMPIRE 3 19 19 3 1 3 0
> VAMPIRE 4 1 19 3 1 3 0
> VAMPIRE 1 1 1 3 1 3 0
> VAMPIRE 2 19 1 3 1 3 0
> BAT1 3 3 17 3 5 5 15 5 7 7 13 7 7 13 13 13 5 15 15 15 3 17 17 17
> BAT2 3 1 5 3 6 3 7 3 8 3 12 3 13 3 14 3 15 3 19 3 7 4 9 4 11 4 13 4 3 5 8 5 9 5 10 5 11 5 12 5 17 5 3 6 17 6 3 7 4 7 9 7 16 7 17 7 3 8 5 8 9 8 11 8 15 8 17 8 4 9 5 9 8 9 12 9 13 9 15 9 16 9 5 10 15 10 4 11 5 11 7 11 8 11 12 11 15 11 16 11 3 12 5 12 9 12 11 12 15 12 17 12 3 13 4 13 11 13 16 13 17 13 3 14 17 14 3 15 8 15 9 15 10 15 11 15 12 15 17 15 7 16 9 16 11 16 13 16 1 17 5 17 6 17 7 17 8 17 12 17 13 17 14 17 15 17 17 19
> BAT3 4 1 5 1 6 1 7 1 8 1 9 1 10 1 11 1 12 1 13 1 14 1 15 1 16 1 17 1 5 2 7 2 9 2 11 2 13 2 15 2 1 3 9 3 10 3 11 3 1 4 19 4 1 5 2 5 18 5 19 5 1 6 19 6 1 7 2 7 18 7 19 7 1 8 19 8 1 9 2 9 3 9 9 9 10 9 11 9 17 9 18 9 19 9 1 10 3 10 9 10 11 10 17 10 19 10 1 11 2 11 3 11 9 11 10 11 11 11 17 11 18 11 19 11 1 12 19 12 1 13 2 13 18 13 19 13 1 14 19 14 1 15 2 15 18 15 19 15 1 16 19 16 9 17 10 17 11 17 19 17 5 18 7 18 9 18 11 18 13 18 15 18 3 19 4 19 5 19 6 19 7 19 8 19 9 19 10 19 11 19 12 19 13 19 14 19 15 19 16 19
< RES 1922 5 1
< MOVE R L
> REQ 1922 6 1
> VAMPIRE 3 19 19 3 1 3 0
> VAMPIRE 4 1 19 3 1 3 0
> VAMPIRE 1 1 1 3 1 3 0
> VAMPIRE 2 19 1 3 1 3 0
> BAT1 3 3 17 3 5 5 15 5 7 7 13 7 7 13 13 13 5 15 15 15 3 17 17 17
> BAT2 3 1 5 3 6 3 7 3 8 3 12 3 13 3 14 3 15 3 19 3 7 4 9 4 11 4 13 4 3 5 8 5 9 5 10 5 11 5 12 5 17 5 3 6 17 6 3 7 4 7 9 7 16 7 17 7 3 8 5 8 9 8 11 8 15 8 17 8 4 9 5 9 8 9 12 9 13 9 15 9 16 9 5 10 15 10 4 11 5 11 7 11 8 11 12 11 15 11 16 11 3 12 5 12 9 12 11 12 15 12 17 12 3 13 4 13 11 13 16 13 17 13 3 14 17 14 3 15 8 15 9 15 10 15 11 15 12 15 17 15 7 16 9 16 11 16 13 16 1 17 5 17 6 17 7 17 8 17 12 17 13 17 14 17 15 17 17 19
> BAT3 4 1 5 1 6 1 7 1 8 1 9 1 10 1 11 1 12 1 13 1 14 1 15 1 16 1 17 1 5 2 7 2 9 2 11 2 13 2 15 2 1 3 9 3 10 3 11 3 1 4 19 4 1 5 2 5 18 5 19 5 1 6 19 6 1 7 2 7 18 7 19 7 1 8 19 8 1 9 2 9 3 9 9 9 10 9 11 9 17 9 18 9 19 9 1 10 3 10 9 10 11 10 17 10 19 10 1 11 2 11 3 11 9 11 10 11 11 11 17 11 18 11 19 11 1 12 19 12 1 13 2 13 18 13 19 13 1 14 19 14 1 15 2 15 18 15 19 15 1 16 19 16 9 17 10 17 11 17 19 17 5 18 7 18 9 18 11 18 13 18 15 18 3 19 4 19 5 19 6 19 7 19 8 19 9 19 10 19 11 19 12 19 13 19 14 19 15 19 16 19
< RES 1922 6 1
< MOVE R L
> REQ 1922 7 1
> VAMPIRE 3 19 19 3 1 3 0
> VAMPIRE 4 1 19 3 1 3 0
> VAMPIRE 1 1 1 3 1 3 0
> VAMPIRE 2 19 1 3 1 3 0
> BAT1 3 3 17 3 5 5 15 5 7 7 13 7 7 13 13 13 5 15 15 15 3 17 17 17
> BAT2 3 1 5 3 6 3 7 3 8 3 12 3 13 3 14 3 15 3 19 3 7 4 9 4 11 4 13 4 3 5 8 5 9 5 10 5 11 5 12 5 17 5 3 6 17 6 3 7 4 7 9 7 16 7 17 7 3 8 5 8 9 8 11 8 15 8 17 8 4 9 5 9 8 9 12 9 13 9 15 9 16 9 5 10 15 10 4 11 5 11 7 11 8 11 12 11 15 11 16 11 3 12 5 12 9 12 11 12 15 12 17 12 3 13 4 13 11 13 16 13 17 13 3 14 17 14 3 15 8 15 9 15 10 15 11 15 12 15 17 15 7 16 9 16 11 16 13 16 1 17 5 17 6 17 7 17 8 17 12 17 13 17 14 17 15 17 17 19
> BAT3 4 1 5 1 6 1 7 1 8 1 9 1 10 1 11 1 12 1 13 1 14 1 15 1 16 1 17 1 5 2 7 2 9 2 11 2 13 2 15 2 1 3 9 3 10 3 11 3 1 4 19 4 1 5 2 5 18 5 19 5 1 6 19 6 1 7 2 7 18 7 19 7 1 8 19 8 1 9 2 9 3 9 9 9 10 9 11 9 17 9 18 9 19 9 1 10 3 10 9 10 11 10 17 10 19 10 1 11 2 11 3 11 9 11 10 11 11 11 17 11 18 11 19 11 1 12 19 12 1 13 2 13 18 13 19 13 1 14 19 14 1 15 2 15 18 15 19 15 1 16 19 16 9 17 10 17 11 17 19 17 5 18 7 18 9 18 11 18 13 18 15 18 3 19 4 19 5 19 6 19 7 19 8 19 9 19 10 19 11 19 12 19 13 19 14 19 15 19 16 19
< RES 1922 7 1
< MOVE R L
> REQ 1922 8 1
> VAMPIRE 3 19 19 3 1 3 0
> VAMPIRE 4 1 19 3 1 3 0
> VAMPIRE 1 1 1 3 1 3 0
> VAMPIRE 2 19 1 3 1 3 0
> BAT1 3 3 17 3 5 5 15 5 7 7 13 7 7 13 13 13 5 15 15 15 3 17 17 17
> BAT2 3 1 5 3 6 3 7 3 8 3 12 3 13 3 14 3 15 3 19 3 7 4 9 4 11 4 13 4 3 5 8 5 9 5 10 5 11 5 12 5 17 5 3 6 17 6 3 7 4 7 9 7 16 7 17 7 3 8 5 8 9 8 11 8 15 8 17 8 4 9 5 9 8 9 12 9 13 9 15 9 16 9 5 10 15 10 4 11 5 11 7 11 8 11 12 11 15 11 16 11 3 12 5 12 9 12 11 12 15 12 17 12 3 13 4 13 11 13 16 13 17 13 3 14 17 14 3 15 8 15 9 15 10 15 11 15 12 15 17 15 7 16 9 16 11 16 13 16 1 17 5 17 6 17 7 17 8 17 12 17 13 17 14 17 15 17 17 19
> BAT3 4 1 5 1 6 1 7 1 8 1 9 1 10 1 11 1 12 1 13 1 14 1 15 1 16 1 17 1 5 2 7 2 9 2 11 2 13 2 15 2 1 3 9 3 10 3 11 3 1 4 19 4 1 5 2 5 18 5 19 5 1 6 19 6 1 7 2 7 18 7 19 7 1 8 19 8 1 9 2 9 3 9 9 9 10 9 11 9 17 9 18 9 19 9 1 10 3 10 9 10 11 10 17 10 19 10 1 11 2 11 3 11 9 11 10 11 11 11 17 11 18 11 19 11 1 12 19 12 1 13 2 13 18 13 19 13 1 14 19 14 1 15 2 15 18 15 19 15 1 16 19 16 9 17 10 17 11 17 19 17 5 18 7 18 9 18 11 18 13 18 15 18 3 19 4 19 5 19 6 19 7 19 8 19 9 19 10 19 11 19 12 19 13 19 14 19 15 19 16 19
< RES 1922 8 1
< MOVE R L
> REQ 1922 9 1
> VAMPIRE 3 19 19 3 1 3 0
> VAMPIRE 4 1 19 3 1 3 0
> VAMPIRE 1 1 1 3 1 3 0
> VAMPIRE 2 19 1 3 1 3 0
> BAT1 3 3 17 3 5 5 15 5 7 7 13 7 7 13 13 13 5 15 15 15 3 17 17 17
> BAT2 3 1 5 3 6 3 7 3 8 3 12 3 13 3 14 3 15 3 19 3 7 4 9 4 11 4 13 4 3 5 8 5 9 5 10 5 11 5 12 5 17 5 3 6 17 6 3 7 4 7 9 7 16 7 17 7 3 8 5 8 9 8 11 8 15 8 17 8 4 9 5 9 8 9 12 9 13 9 15 9 16 9 5 10 15 10 4 11 5 11 7 11 8 11 12 11 15 11 16 11 3 12 5 12 9 12 11 12 15 12 17 12 3 13 4 13 11 13 16 13 17 13 3 14 17 14 3 15 8 15 9 15 10 15 11 15 12 15 17 15 7 16 9 16 11 16 13 16 1 17 5 17 6 17 7 17 8 17 12 17 13 17 14 17 15 17 17 19
> BAT3 4 1 5 1 6 1 7 1 8 1 9 1 10 1 11 1 12 1 13 1 14 1 15 1 16 1 17 1 5 2 7 2 9 2 11 2 13 2 15 2 1 3 9 3 10 3 11 3 1 4 19 4 1 5 2 5 18 5 19 5 1 6 19 6 1 7 2 7 18 7 19 7 1 8 19 8 1 9 2 9 3 9 9 9 10 9 11 9 17 9 18 9 19 9 1 10 3 10 9 10 11 10 17 10 19 10 1 11 2 11 3 11 9 11 10 11 11 11 17 11 18 11 19 11 1 12 19 12 1 13 2 13 18 13 19 13 1 14 19 14 1 15 2 15 18 15 19 15 1 16 19 16 9 17 10 17 11 17 19 17 5 18 7 18 9 18 11 18 13 18 15 18 3 19 4 19 5 19 6 19 7 19 8 19 9 19 10 19 11 19 12 19 13 19 14 19 15 19 16 19
< RES 1922 9 1
< MOVE R L
> END 1.8 No_opponent_left