> MESSAGE OK
> LEVEL 1
> GAMEID 2607
> TEST 1
> MAXTICK 600
> GRENADERADIUS 1
> SIZE 11
> REQ 2607 0 1
> VAMPIRE 1 1 1 3 1 1 0
> VAMPIRE 2 9 1 3 1 1 0
> VAMPIRE 4 1 9 3 1 1 0
> VAMPIRE 3 9 9 3 1 1 0
> BAT1 4 1 5 1 6 1 3 2 5 2 7 2 2 3 3 3 4 3 5 3 6 3 7 3 8 3 1 4 3 4 5 4 7 4 9 4 1 5 2 5 3 5 4 5 5 5 6 5 7 5 8 5 9 5 1 6 3 6 5 6 7 6 9 6 2 7 3 7 4 7 5 7 6 7 7 7 8 7 3 8 5 8 7 8 4 9 5 9 6 9
< RES 2607 0 1
< GRENADE
< MOVE D D
> REQ 2607 1 1
> VAMPIRE 1 3 1 3 0 1 0
> VAMPIRE 2 7 1 3 1 1 0
> VAMPIRE 4 1 7 3 1 1 0
> VAMPIRE 3 7 9 3 1 1 0
> GRENADE 1 1 1 5 1
> BAT1 4 1 5 1 6 1 3 2 5 2 7 2 2 3 3 3 4 3 5 3 6 3 7 3 8 3 1 4 3 4 5 4 7 4 9 4 1 5 2 5 3 5 4 5 5 5 6 5 7 5 8 5 9 5 1 6 3 6 5 6 7 6 9 6 2 7 3 7 4 7 5 7 6 7 7 7 8 7 3 8 5 8 7 8 4 9 5 9 6 9
< RES 2607 1 1
< MOVE U
> REQ 2607 2 1
> VAMPIRE 1 2 1 3 0 1 0
> VAMPIRE 2 7 1 3 1 1 0
> VAMPIRE 4 1 7 3 1 1 0
> VAMPIRE 3 7 9 3 1 1 0
> GRENADE 1 1 1 4 1
> BAT1 4 1 5 1 6 1 3 2 5 2 7 2 2 3 3 3 4 3 5 3 6 3 7 3 8 3 1 4 3 4 5 4 7 4 9 4 1 5 2 5 3 5 4 5 5 5 6 5 7 5 8 5 9 5 1 6 3 6 5 6 7 6 9 6 2 7 3 7 4 7 5 7 6 7 7 7 8 7 3 8 5 8 7 8 4 9 5 9 6 9
< RES 2607 2 1
< MOVE D
> REQ 2607 3 1
> VAMPIRE 1 3 1 3 0 1 0
> VAMPIRE 2 7 1 3 1 1 0
> VAMPIRE 4 1 7 3 1 1 0
> VAMPIRE 3 7 9 3 1 1 0
> GRENADE 1 1 1 3 1
> BAT1 4 1 5 1 6 1 3 2 5 2 7 2 2 3 3 3 4 3 5 3 6 3 7 3 8 3 1 4 3 4 5 4 7 4 9 4 1 5 2 5 3 5 4 5 5 5 6 5 7 5 8 5 9 5 1 6 3 6 5 6 7 6 9 6 2 7 3 7 4 7 5 7 6 7 7 7 8 7 3 8 5 8 7 8 4 9 5 9 6 9
< RES 2607 3 1
< MOVE U
> REQ 2607 4 1
> VAMPIRE 1 2 1 3 0 1 0
> VAMPIRE 2 7 1 3 1 1 0
> VAMPIRE 4 1 7 3 1 1 0
> VAMPIRE 3 7 9 3 1 1 0
> GRENADE 1 1 1 2 1
> BAT1 4 1 5 1 6 1 3 2 5 2 7 2 2 3 3 3 4 3 5 3 6 3 7 3 8 3 1 4 3 4 5 4 7 4 9 4 1 5 2 5 3 5 4 5 5 5 6 5 7 5 8 5 9 5 1 6 3 6 5 6 7 6 9 6 2 7 3 7 4 7 5 7 6 7 7 7 8 7 3 8 5 8 7 8 4 9 5 9 6 9
< RES 2607 4 1
> REQ 2607 5 1
> VAMPIRE 1 2 1 3 0 1 0
> VAMPIRE 2 7 1 3 1 1 0
> VAMPIRE 4 1 7 3 1 1 0
> VAMPIRE 3 7 9 3 1 1 0
> GRENADE 1 1 1 1 1
> BAT1 4 1 5 1 6 1 3 2 5 2 7 2 2 3 3 3 4 3 5 3 6 3 7 3 8 3 1 4 3 4 5 4 7 4 9 4 1 5 2 5 3 5 4 5 5 5 6 5 7 5 8 5 9 5 1 6 3 6 5 6 7 6 9 6 2 7 3 7 4 7 5 7 6 7 7 7 8 7 3 8 5 8 7 8 4 9 5 9 6 9
< RES 2607 5 1
< MOVE D
> REQ 2607 6 1
> VAMPIRE 1 3 1 2 1 1 0
> VAMPIRE 2 7 1 3 1 1 0
> VAMPIRE 4 1 7 3 1 1 0
> VAMPIRE 3 7 9 3 1 1 0
> BAT1 4 1 5 1 6 1 3 2 5 2 7 2 2 3 3 3 4 3 5 3 6 3 7 3 8 3 1 4 3 4 5 4 7 4 9 4 1 5 2 5 3 5 4 5 5 5 6 5 7 5 8 5 9 5 1 6 3 6 5 6 7 6 9 6 2 7 3 7 4 7 5 7 6 7 7 7 8 7 3 8 5 8 7 8 4 9 5 9 6 9
< RES 2607 6 1
< MOVE U U
> REQ 2607 7 1
> VAMPIRE 1 1 1 2 1 1 0
> VAMPIRE 2 7 1 3 1 1 0
> VAMPIRE 4 1 7 3 1 1 0
> VAMPIRE 3 7 9 3 1 1 0
> BAT1 4 1 5 1 6 1 3 2 5 2 7 2 2 3 3 3 4 3 5 3 6 3 7 3 8 3 1 4 3 4 5 4 7 4 9 4 1 5 2 5 3 5 4 5 5 5 6 5 7 5 8 5 9 5 1 6 3 6 5 6 7 6 9 6 2 7 3 7 4 7 5 7 6 7 7 7 8 7 3 8 5 8 7 8 4 9 5 9 6 9
< RES 2607 7 1
< GRENADE
< MOVE D D
> REQ 2607 8 1
> WARN Inactive player cannot put grenade ; GRENADE
> VAMPIRE 1 3 1 2 1 1 0
> VAMPIRE 2 7 1 3 1 1 0
> VAMPIRE 4 1 7 3 1 1 0
> VAMPIRE 3 7 9 3 1 1 0
> BAT1 4 1 5 1 6 1 3 2 5 2 7 2 2 3 3 3 4 3 5 3 6 3 7 3 8 3 1 4 3 4 5 4 7 4 9 4 1 5 2 5 3 5 4 5 5 5 6 5 7 5 8 5 9 5 1 6 3 6 5 6 7 6 9 6 2 7 3 7 4 7 5 7 6 7 7 7 8 7 3 8 5 8 7 8 4 9 5 9 6 9
< RES 2607 8 1
< GRENADE
< MOVE U U
> REQ 2607 9 1
> WARN Inactive player cannot put grenade ; GRENADE
> VAMPIRE 1 1 1 2 1 1 0
> VAMPIRE 2 7 1 3 1 1 0
> VAMPIRE 4 1 7 3 1 1 0
> VAMPIRE 3 7 9 3 1 1 0
> BAT1 4 1 5 1 6 1 3 2 5 2 7 2 2 3 3 3 4 3 5 3 6 3 7 3 8 3 1 4 3 4 5 4 7 4 9 4 1 5 2 5 3 5 4 5 5 5 6 5 7 5 8 5 9 5 1 6 3 6 5 6 7 6 9 6 2 7 3 7 4 7 5 7 6 7 7 7 8 7 3 8 5 8 7 8 4 9 5 9 6 9
< RES 2607 9 1
< GRENADE
< MOVE D D
> REQ 2607 10 1
> VAMPIRE 1 3 1 2 0 1 0
> VAMPIRE 2 7 1 3 1 1 0
> VAMPIRE 4 1 7 3 1 1 0
> VAMPIRE 3 7 9 3 1 1 0
> GRENADE 1 1 1 5 1
> BAT1 4 1 5 1 6 1 3 2 5 2 7 2 2 3 3 3 4 3 5 3 6 3 7 3 8 3 1 4 3 4 5 4 7 4 9 4 1 5 2 5 3 5 4 5 5 5 6 5 7 5 8 5 9 5 1 6 3 6 5 6 7 6 9 6 2 7 3 7 4 7 5 7 6 7 7 7 8 7 3 8 5 8 7 8 4 9 5 9 6 9
< RES 2607 10 1
< MOVE U
> END -45.36 No_opponent_left