> MESSAGE OK
> LEVEL 8
> GAMEID 3893
> TEST 1
> MAXTICK 1200
> GRENADERADIUS 2
> SIZE 21
> REQ 3893 0 1
> VAMPIRE 1 1 1 3 1 2 0
> VAMPIRE 4 1 19 3 1 2 0
> VAMPIRE 3 19 19 3 1 2 0
> VAMPIRE 2 19 1 3 1 2 0
> BAT1 3 1 7 1 9 1 11 1 13 1 17 1 1 3 3 3 5 3 9 3 11 3 15 3 17 3 19 3 3 5 5 5 7 5 13 5 15 5 17 5 1 7 5 7 7 7 9 7 11 7 13 7 15 7 19 7 1 9 3 9 7 9 13 9 17 9 19 9 1 11 3 11 7 11 13 11 17 11 19 11 1 13 5 13 7 13 9 13 11 13 13 13 15 13 19 13 3 15 5 15 7 15 13 15 15 15 17 15 1 17 3 17 5 17 9 17 11 17 15 17 17 17 19 17 3 19 7 19 9 19 11 19 13 19 17 19
< RES 3893 0 1
> REQ 3893 1 1
> VAMPIRE 1 1 1 3 1 2 0
> VAMPIRE 4 2 19 3 1 2 0
> VAMPIRE 3 19 18 3 1 2 0
> VAMPIRE 2 19 2 3 1 2 0
> BAT1 3 1 7 1 9 1 11 1 13 1 17 1 1 3 3 3 5 3 9 3 11 3 15 3 17 3 19 3 3 5 5 5 7 5 13 5 15 5 17 5 1 7 5 7 7 7 9 7 11 7 13 7 15 7 19 7 1 9 3 9 7 9 13 9 17 9 19 9 1 11 3 11 7 11 13 11 17 11 19 11 1 13 5 13 7 13 9 13 11 13 13 13 15 13 19 13 3 15 5 15 7 15 13 15 15 15 17 15 1 17 3 17 5 17 9 17 11 17 15 17 17 17 19 17 3 19 7 19 9 19 11 19 13 19 17 19
< RES 3893 1 1
> REQ 3893 2 1
> VAMPIRE 1 1 1 3 1 2 0
> VAMPIRE 4 1 18 3 0 2 0
> VAMPIRE 3 18 19 3 0 2 0
> VAMPIRE 2 18 1 3 0 2 0
> GRENADE 2 19 2 5 2
> GRENADE 3 19 18 5 2
> GRENADE 4 2 19 5 2
> BAT1 3 1 7 1 9 1 11 1 13 1 17 1 1 3 3 3 5 3 9 3 11 3 15 3 17 3 19 3 3 5 5 5 7 5 13 5 15 5 17 5 1 7 5 7 7 7 9 7 11 7 13 7 15 7 19 7 1 9 3 9 7 9 13 9 17 9 19 9 1 11 3 11 7 11 13 11 17 11 19 11 1 13 5 13 7 13 9 13 11 13 13 13 15 13 19 13 3 15 5 15 7 15 13 15 15 15 17 15 1 17 3 17 5 17 9 17 11 17 15 17 17 17 19 17 3 19 7 19 9 19 11 19 13 19 17 19
< RES 3893 2 1
> REQ 3893 3 1
> VAMPIRE 1 1 1 3 1 2 0
> VAMPIRE 4 1 18 3 0 2 0
> VAMPIRE 3 18 19 3 0 2 0
> VAMPIRE 2 18 1 3 0 2 0
> GRENADE 2 19 2 4 2
> GRENADE 3 19 18 4 2
> GRENADE 4 2 19 4 2
> BAT1 3 1 7 1 9 1 11 1 13 1 17 1 1 3 3 3 5 3 9 3 11 3 15 3 17 3 19 3 3 5 5 5 7 5 13 5 15 5 17 5 1 7 5 7 7 7 9 7 11 7 13 7 15 7 19 7 1 9 3 9 7 9 13 9 17 9 19 9 1 11 3 11 7 11 13 11 17 11 19 11 1 13 5 13 7 13 9 13 11 13 13 13 15 13 19 13 3 15 5 15 7 15 13 15 15 15 17 15 1 17 3 17 5 17 9 17 11 17 15 17 17 17 19 17 3 19 7 19 9 19 11 19 13 19 17 19
< RES 3893 3 1
> REQ 3893 4 1
> VAMPIRE 1 1 1 3 1 2 0
> VAMPIRE 4 1 18 3 0 2 0
> VAMPIRE 3 18 19 3 0 2 0
> VAMPIRE 2 18 1 3 0 2 0
> GRENADE 2 19 2 3 2
> GRENADE 3 19 18 3 2
> GRENADE 4 2 19 3 2
> BAT1 3 1 7 1 9 1 11 1 13 1 17 1 1 3 3 3 5 3 9 3 11 3 15 3 17 3 19 3 3 5 5 5 7 5 13 5 15 5 17 5 1 7 5 7 7 7 9 7 11 7 13 7 15 7 19 7 1 9 3 9 7 9 13 9 17 9 19 9 1 11 3 11 7 11 13 11 17 11 19 11 1 13 5 13 7 13 9 13 11 13 13 13 15 13 19 13 3 15 5 15 7 15 13 15 15 15 17 15 1 17 3 17 5 17 9 17 11 17 15 17 17 17 19 17 3 19 7 19 9 19 11 19 13 19 17 19
< RES 3893 4 1
> REQ 3893 5 1
> VAMPIRE 1 1 1 3 1 2 0
> VAMPIRE 4 1 18 3 0 2 0
> VAMPIRE 3 18 19 3 0 2 0
> VAMPIRE 2 18 1 3 0 2 0
> GRENADE 2 19 2 2 2
> GRENADE 3 19 18 2 2
> GRENADE 4 2 19 2 2
> BAT1 3 1 7 1 9 1 11 1 13 1 17 1 1 3 3 3 5 3 9 3 11 3 15 3 17 3 19 3 3 5 5 5 7 5 13 5 15 5 17 5 1 7 5 7 7 7 9 7 11 7 13 7 15 7 19 7 1 9 3 9 7 9 13 9 17 9 19 9 1 11 3 11 7 11 13 11 17 11 19 11 1 13 5 13 7 13 9 13 11 13 13 13 15 13 19 13 3 15 5 15 7 15 13 15 15 15 17 15 1 17 3 17 5 17 9 17 11 17 15 17 17 17 19 17 3 19 7 19 9 19 11 19 13 19 17 19
< RES 3893 5 1
> REQ 3893 6 1
> VAMPIRE 1 1 1 3 1 2 0
> VAMPIRE 4 1 18 3 0 2 0
> VAMPIRE 3 18 19 3 0 2 0
> VAMPIRE 2 18 1 3 0 2 0
> GRENADE 2 19 2 1 2
> GRENADE 3 19 18 1 2
> GRENADE 4 2 19 1 2
> BAT1 3 1 7 1 9 1 11 1 13 1 17 1 1 3 3 3 5 3 9 3 11 3 15 3 17 3 19 3 3 5 5 5 7 5 13 5 15 5 17 5 1 7 5 7 7 7 9 7 11 7 13 7 15 7 19 7 1 9 3 9 7 9 13 9 17 9 19 9 1 11 3 11 7 11 13 11 17 11 19 11 1 13 5 13 7 13 9 13 11 13 13 13 15 13 19 13 3 15 5 15 7 15 13 15 15 15 17 15 1 17 3 17 5 17 9 17 11 17 15 17 17 17 19 17 3 19 7 19 9 19 11 19 13 19 17 19
< RES 3893 6 1
> REQ 3893 7 1
> VAMPIRE 1 1 1 3 1 2 0
> VAMPIRE 4 1 18 3 1 2 0
> VAMPIRE 3 18 19 3 1 2 0
> VAMPIRE 2 18 1 3 1 2 0
> BAT1 3 1 7 1 9 1 11 1 13 1 17 1 1 3 3 3 5 3 9 3 11 3 15 3 17 3 3 5 5 5 7 5 13 5 15 5 17 5 1 7 5 7 7 7 9 7 11 7 13 7 15 7 19 7 1 9 3 9 7 9 13 9 17 9 19 9 1 11 3 11 7 11 13 11 17 11 19 11 1 13 5 13 7 13 9 13 11 13 13 13 15 13 19 13 3 15 5 15 7 15 13 15 15 15 17 15 1 17 3 17 5 17 9 17 11 17 15 17 17 17 7 19 9 19 11 19 13 19 17 19
< RES 3893 7 1
> REQ 3893 8 1
> VAMPIRE 1 1 1 3 1 2 0
> VAMPIRE 4 2 19 3 0 2 0
> VAMPIRE 3 19 18 3 0 2 0
> VAMPIRE 2 19 2 3 0 2 0
> GRENADE 2 18 1 5 2
> GRENADE 3 18 19 5 2
> GRENADE 4 1 18 5 2
> BAT1 3 1 7 1 9 1 11 1 13 1 17 1 1 3 3 3 5 3 9 3 11 3 15 3 17 3 3 5 5 5 7 5 13 5 15 5 17 5 1 7 5 7 7 7 9 7 11 7 13 7 15 7 19 7 1 9 3 9 7 9 13 9 17 9 19 9 1 11 3 11 7 11 13 11 17 11 19 11 1 13 5 13 7 13 9 13 11 13 13 13 15 13 19 13 3 15 5 15 7 15 13 15 15 15 17 15 1 17 3 17 5 17 9 17 11 17 15 17 17 17 7 19 9 19 11 19 13 19 17 19
< RES 3893 8 1
> REQ 3893 9 1
> VAMPIRE 1 1 1 3 1 2 0
> VAMPIRE 4 2 19 3 0 2 0
> VAMPIRE 3 19 16 3 0 2 0
> VAMPIRE 2 19 2 3 0 2 0
> GRENADE 2 18 1 4 2
> GRENADE 3 18 19 4 2
> GRENADE 4 1 18 4 2
> BAT1 3 1 7 1 9 1 11 1 13 1 17 1 1 3 3 3 5 3 9 3 11 3 15 3 17 3 3 5 5 5 7 5 13 5 15 5 17 5 1 7 5 7 7 7 9 7 11 7 13 7 15 7 19 7 1 9 3 9 7 9 13 9 17 9 19 9 1 11 3 11 7 11 13 11 17 11 19 11 1 13 5 13 7 13 9 13 11 13 13 13 15 13 19 13 3 15 5 15 7 15 13 15 15 15 17 15 1 17 3 17 5 17 9 17 11 17 15 17 17 17 7 19 9 19 11 19 13 19 17 19
< RES 3893 9 1
> REQ 3893 10 1
> VAMPIRE 1 1 1 3 1 2 0
> VAMPIRE 4 2 19 3 0 2 0
> VAMPIRE 3 19 14 3 0 2 0
> VAMPIRE 2 19 2 3 0 2 0
> GRENADE 2 18 1 3 2
> GRENADE 3 18 19 3 2
> GRENADE 4 1 18 3 2
> BAT1 3 1 7 1 9 1 11 1 13 1 17 1 1 3 3 3 5 3 9 3 11 3 15 3 17 3 3 5 5 5 7 5 13 5 15 5 17 5 1 7 5 7 7 7 9 7 11 7 13 7 15 7 19 7 1 9 3 9 7 9 13 9 17 9 19 9 1 11 3 11 7 11 13 11 17 11 19 11 1 13 5 13 7 13 9 13 11 13 13 13 15 13 19 13 3 15 5 15 7 15 13 15 15 15 17 15 1 17 3 17 5 17 9 17 11 17 15 17 17 17 7 19 9 19 11 19 13 19 17 19
< RES 3893 10 1
> REQ 3893 11 1
> VAMPIRE 1 1 1 3 1 2 0
> VAMPIRE 4 2 19 3 0 2 0
> VAMPIRE 3 19 14 3 0 2 0
> VAMPIRE 2 19 2 3 0 2 0
> GRENADE 2 18 1 2 2
> GRENADE 3 18 19 2 2
> GRENADE 4 1 18 2 2
> BAT1 3 1 7 1 9 1 11 1 13 1 17 1 1 3 3 3 5 3 9 3 11 3 15 3 17 3 3 5 5 5 7 5 13 5 15 5 17 5 1 7 5 7 7 7 9 7 11 7 13 7 15 7 19 7 1 9 3 9 7 9 13 9 17 9 19 9 1 11 3 11 7 11 13 11 17 11 19 11 1 13 5 13 7 13 9 13 11 13 13 13 15 13 19 13 3 15 5 15 7 15 13 15 15 15 17 15 1 17 3 17 5 17 9 17 11 17 15 17 17 17 7 19 9 19 11 19 13 19 17 19
< RES 3893 11 1
> REQ 3893 12 1
> VAMPIRE 1 1 1 3 1 2 0
> VAMPIRE 4 2 19 3 0 2 0
> VAMPIRE 3 19 14 3 0 2 0
> VAMPIRE 2 19 2 3 0 2 0
> GRENADE 2 18 1 1 2
> GRENADE 3 18 19 1 2
> GRENADE 4 1 18 1 2
> BAT1 3 1 7 1 9 1 11 1 13 1 17 1 1 3 3 3 5 3 9 3 11 3 15 3 17 3 3 5 5 5 7 5 13 5 15 5 17 5 1 7 5 7 7 7 9 7 11 7 13 7 15 7 19 7 1 9 3 9 7 9 13 9 17 9 19 9 1 11 3 11 7 11 13 11 17 11 19 11 1 13 5 13 7 13 9 13 11 13 13 13 15 13 19 13 3 15 5 15 7 15 13 15 15 15 17 15 1 17 3 17 5 17 9 17 11 17 15 17 17 17 7 19 9 19 11 19 13 19 17 19
< RES 3893 12 1
> REQ 3893 13 1
> VAMPIRE 1 1 1 3 1 2 0
> VAMPIRE 4 2 19 3 1 2 0
> VAMPIRE 3 19 14 3 1 2 0
> VAMPIRE 2 19 2 3 1 2 0
> BAT1 3 1 7 1 9 1 11 1 13 1 1 3 3 3 5 3 9 3 11 3 15 3 17 3 3 5 5 5 7 5 13 5 15 5 17 5 1 7 5 7 7 7 9 7 11 7 13 7 15 7 19 7 1 9 3 9 7 9 13 9 17 9 19 9 1 11 3 11 7 11 13 11 17 11 19 11 1 13 5 13 7 13 9 13 11 13 13 13 15 13 19 13 3 15 5 15 7 15 13 15 15 15 17 15 3 17 5 17 9 17 11 17 15 17 17 17 7 19 9 19 11 19 13 19
< RES 3893 13 1
> REQ 3893 14 1
> VAMPIRE 1 1 1 3 1 2 0
> VAMPIRE 4 3 18 3 1 2 0
> VAMPIRE 3 18 15 3 0 2 0
> VAMPIRE 2 18 3 3 1 2 0
> GRENADE 3 19 14 5 2
> BAT1 3 1 7 1 9 1 11 1 13 1 1 3 3 3 5 3 9 3 11 3 15 3 17 3 3 5 5 5 7 5 13 5 15 5 17 5 1 7 5 7 7 7 9 7 11 7 13 7 15 7 19 7 1 9 3 9 7 9 13 9 17 9 19 9 1 11 3 11 7 11 13 11 17 11 19 11 1 13 5 13 7 13 9 13 11 13 13 13 15 13 19 13 3 15 5 15 7 15 13 15 15 15 17 15 3 17 5 17 9 17 11 17 15 17 17 17 7 19 9 19 11 19 13 19
< RES 3893 14 1
> REQ 3893 15 1
> VAMPIRE 1 1 1 3 1 2 0
> VAMPIRE 4 2 19 3 0 2 0
> VAMPIRE 3 18 15 3 0 2 0
> VAMPIRE 2 19 2 3 0 2 0
> GRENADE 3 19 14 4 2
> GRENADE 2 18 3 5 2
> GRENADE 4 3 18 5 2
> BAT1 3 1 7 1 9 1 11 1 13 1 1 3 3 3 5 3 9 3 11 3 15 3 17 3 3 5 5 5 7 5 13 5 15 5 17 5 1 7 5 7 7 7 9 7 11 7 13 7 15 7 19 7 1 9 3 9 7 9 13 9 17 9 19 9 1 11 3 11 7 11 13 11 17 11 19 11 1 13 5 13 7 13 9 13 11 13 13 13 15 13 19 13 3 15 5 15 7 15 13 15 15 15 17 15 3 17 5 17 9 17 11 17 15 17 17 17 7 19 9 19 11 19 13 19
< RES 3893 15 1
> REQ 3893 16 1
> VAMPIRE 1 1 1 3 1 2 0
> VAMPIRE 4 1 18 3 0 2 0
> VAMPIRE 3 18 15 3 0 2 0
> VAMPIRE 2 18 1 3 0 2 0
> GRENADE 3 19 14 3 2
> GRENADE 2 18 3 4 2
> GRENADE 4 3 18 4 2
> BAT1 3 1 7 1 9 1 11 1 13 1 1 3 3 3 5 3 9 3 11 3 15 3 17 3 3 5 5 5 7 5 13 5 15 5 17 5 1 7 5 7 7 7 9 7 11 7 13 7 15 7 19 7 1 9 3 9 7 9 13 9 17 9 19 9 1 11 3 11 7 11 13 11 17 11 19 11 1 13 5 13 7 13 9 13 11 13 13 13 15 13 19 13 3 15 5 15 7 15 13 15 15 15 17 15 3 17 5 17 9 17 11 17 15 17 17 17 7 19 9 19 11 19 13 19
< RES 3893 16 1
> REQ 3893 17 1
> VAMPIRE 1 1 1 3 1 2 0
> VAMPIRE 4 1 16 3 0 2 0
> VAMPIRE 3 18 15 3 0 2 0
> VAMPIRE 2 17 2 3 0 2 0
> GRENADE 3 19 14 2 2
> GRENADE 2 18 3 3 2
> GRENADE 4 3 18 3 2
> BAT1 3 1 7 1 9 1 11 1 13 1 1 3 3 3 5 3 9 3 11 3 15 3 17 3 3 5 5 5 7 5 13 5 15 5 17 5 1 7 5 7 7 7 9 7 11 7 13 7 15 7 19 7 1 9 3 9 7 9 13 9 17 9 19 9 1 11 3 11 7 11 13 11 17 11 19 11 1 13 5 13 7 13 9 13 11 13 13 13 15 13 19 13 3 15 5 15 7 15 13 15 15 15 17 15 3 17 5 17 9 17 11 17 15 17 17 17 7 19 9 19 11 19 13 19
< RES 3893 17 1
> REQ 3893 18 1
> VAMPIRE 1 1 1 3 1 2 0
> VAMPIRE 4 1 14 3 0 2 0
> VAMPIRE 3 18 15 3 0 2 0
> VAMPIRE 2 17 2 3 0 2 0
> GRENADE 3 19 14 1 2
> GRENADE 2 18 3 2 2
> GRENADE 4 3 18 2 2
> BAT1 3 1 7 1 9 1 11 1 13 1 1 3 3 3 5 3 9 3 11 3 15 3 17 3 3 5 5 5 7 5 13 5 15 5 17 5 1 7 5 7 7 7 9 7 11 7 13 7 15 7 19 7 1 9 3 9 7 9 13 9 17 9 19 9 1 11 3 11 7 11 13 11 17 11 19 11 1 13 5 13 7 13 9 13 11 13 13 13 15 13 19 13 3 15 5 15 7 15 13 15 15 15 17 15 3 17 5 17 9 17 11 17 15 17 17 17 7 19 9 19 11 19 13 19
< RES 3893 18 1
> REQ 3893 19 1
> VAMPIRE 1 1 1 3 1 2 0
> VAMPIRE 4 1 14 3 0 2 0
> VAMPIRE 3 18 15 3 1 2 0
> VAMPIRE 2 17 2 3 0 2 0
> GRENADE 2 18 3 1 2
> GRENADE 4 3 18 1 2
> BAT1 3 1 7 1 9 1 11 1 13 1 1 3 3 3 5 3 9 3 11 3 15 3 17 3 3 5 5 5 7 5 13 5 15 5 17 5 1 7 5 7 7 7 9 7 11 7 13 7 15 7 19 7 1 9 3 9 7 9 13 9 17 9 19 9 1 11 3 11 7 11 13 11 17 11 19 11 1 13 5 13 7 13 9 13 11 13 13 13 15 13 3 15 5 15 7 15 13 15 15 15 17 15 3 17 5 17 9 17 11 17 15 17 17 17 7 19 9 19 11 19 13 19
< RES 3893 19 1
> REQ 3893 20 1
> VAMPIRE 1 1 1 3 1 2 0
> VAMPIRE 4 1 14 3 1 2 0
> VAMPIRE 3 19 14 3 0 2 0
> VAMPIRE 2 17 2 3 1 2 0
> GRENADE 3 18 15 5 2
> BAT1 3 1 7 1 9 1 11 1 13 1 1 3 3 3 5 3 9 3 11 3 15 3 3 5 5 5 7 5 13 5 15 5 17 5 1 7 5 7 7 7 9 7 11 7 13 7 15 7 19 7 1 9 3 9 7 9 13 9 17 9 19 9 1 11 3 11 7 11 13 11 17 11 19 11 1 13 5 13 7 13 9 13 11 13 13 13 15 13 3 15 5 15 7 15 13 15 15 15 17 15 5 17 9 17 11 17 15 17 17 17 7 19 9 19 11 19 13 19
< RES 3893 20 1
> REQ 3893 21 1
> VAMPIRE 1 1 1 3 1 2 0
> VAMPIRE 4 2 15 3 0 2 0
> VAMPIRE 3 18 13 3 0 2 0
> VAMPIRE 2 17 3 3 1 2 0
> GRENADE 3 18 15 4 2
> GRENADE 4 1 14 5 2
> BAT1 3 1 7 1 9 1 11 1 13 1 1 3 3 3 5 3 9 3 11 3 15 3 3 5 5 5 7 5 13 5 15 5 17 5 1 7 5 7 7 7 9 7 11 7 13 7 15 7 19 7 1 9 3 9 7 9 13 9 17 9 19 9 1 11 3 11 7 11 13 11 17 11 19 11 1 13 5 13 7 13 9 13 11 13 13 13 15 13 3 15 5 15 7 15 13 15 15 15 17 15 5 17 9 17 11 17 15 17 17 17 7 19 9 19 11 19 13 19
< RES 3893 21 1
> REQ 3893 22 1
> VAMPIRE 1 1 1 3 1 2 0
> VAMPIRE 4 2 15 3 0 2 0
> VAMPIRE 3 17 12 3 0 2 0
> VAMPIRE 2 17 2 3 0 2 0
> GRENADE 3 18 15 3 2
> GRENADE 4 1 14 4 2
> GRENADE 2 17 3 5 2
> BAT1 3 1 7 1 9 1 11 1 13 1 1 3 3 3 5 3 9 3 11 3 15 3 3 5 5 5 7 5 13 5 15 5 17 5 1 7 5 7 7 7 9 7 11 7 13 7 15 7 19 7 1 9 3 9 7 9 13 9 17 9 19 9 1 11 3 11 7 11 13 11 17 11 19 11 1 13 5 13 7 13 9 13 11 13 13 13 15 13 3 15 5 15 7 15 13 15 15 15 17 15 5 17 9 17 11 17 15 17 17 17 7 19 9 19 11 19 13 19
< RES 3893 22 1
> REQ 3893 23 1
> VAMPIRE 1 1 1 3 1 2 0
> VAMPIRE 4 2 15 3 0 2 0
> VAMPIRE 3 17 12 3 0 2 0
> VAMPIRE 2 16 1 3 0 2 0
> GRENADE 3 18 15 2 2
> GRENADE 4 1 14 3 2
> GRENADE 2 17 3 4 2
> BAT1 3 1 7 1 9 1 11 1 13 1 1 3 3 3 5 3 9 3 11 3 15 3 3 5 5 5 7 5 13 5 15 5 17 5 1 7 5 7 7 7 9 7 11 7 13 7 15 7 19 7 1 9 3 9 7 9 13 9 17 9 19 9 1 11 3 11 7 11 13 11 17 11 19 11 1 13 5 13 7 13 9 13 11 13 13 13 15 13 3 15 5 15 7 15 13 15 15 15 17 15 5 17 9 17 11 17 15 17 17 17 7 19 9 19 11 19 13 19
< RES 3893 23 1
> REQ 3893 24 1
> VAMPIRE 1 1 1 3 1 2 0
> VAMPIRE 4 2 15 3 0 2 0
> VAMPIRE 3 17 12 3 0 2 0
> VAMPIRE 2 14 1 3 0 2 0
> GRENADE 3 18 15 1 2
> GRENADE 4 1 14 2 2
> GRENADE 2 17 3 3 2
> BAT1 3 1 7 1 9 1 11 1 13 1 1 3 3 3 5 3 9 3 11 3 15 3 3 5 5 5 7 5 13 5 15 5 17 5 1 7 5 7 7 7 9 7 11 7 13 7 15 7 19 7 1 9 3 9 7 9 13 9 17 9 19 9 1 11 3 11 7 11 13 11 17 11 19 11 1 13 5 13 7 13 9 13 11 13 13 13 15 13 3 15 5 15 7 15 13 15 15 15 17 15 5 17 9 17 11 17 15 17 17 17 7 19 9 19 11 19 13 19
< RES 3893 24 1
> REQ 3893 25 1
> VAMPIRE 1 1 1 3 1 2 0
> VAMPIRE 4 2 15 3 0 2 0
> VAMPIRE 3 17 12 3 1 2 0
> VAMPIRE 2 14 1 3 0 2 0
> GRENADE 4 1 14 1 2
> GRENADE 2 17 3 2 2
> BAT1 3 1 7 1 9 1 11 1 13 1 1 3 3 3 5 3 9 3 11 3 15 3 3 5 5 5 7 5 13 5 15 5 17 5 1 7 5 7 7 7 9 7 11 7 13 7 15 7 19 7 1 9 3 9 7 9 13 9 17 9 19 9 1 11 3 11 7 11 13 11 17 11 19 11 1 13 5 13 7 13 9 13 11 13 13 13 15 13 3 15 5 15 7 15 13 15 15 15 5 17 9 17 11 17 15 17 17 17 7 19 9 19 11 19 13 19
< RES 3893 25 1
> REQ 3893 26 1
> VAMPIRE 1 1 1 3 1 2 0
> VAMPIRE 4 2 15 3 1 2 0
> VAMPIRE 3 16 13 3 0 2 0
> VAMPIRE 2 14 1 3 0 2 0
> GRENADE 2 17 3 1 2
> GRENADE 3 17 12 5 2
> BAT1 3 1 7 1 9 1 11 1 13 1 1 3 3 3 5 3 9 3 11 3 15 3 3 5 5 5 7 5 13 5 15 5 17 5 1 7 5 7 7 7 9 7 11 7 13 7 15 7 19 7 1 9 3 9 7 9 13 9 17 9 19 9 1 11 3 11 7 11 13 11 17 11 19 11 5 13 7 13 9 13 11 13 13 13 15 13 3 15 5 15 7 15 13 15 15 15 5 17 9 17 11 17 15 17 17 17 7 19 9 19 11 19 13 19
< RES 3893 26 1
> REQ 3893 27 1
> VAMPIRE 1 1 1 3 1 2 0
> VAMPIRE 4 1 14 3 0 2 0
> VAMPIRE 3 16 13 3 0 2 0
> VAMPIRE 2 14 1 3 1 2 0
> GRENADE 3 17 12 4 2
> GRENADE 4 2 15 5 2
> BAT1 3 1 7 1 9 1 11 1 13 1 1 3 3 3 5 3 9 3 11 3 3 5 5 5 7 5 13 5 15 5 1 7 5 7 7 7 9 7 11 7 13 7 15 7 19 7 1 9 3 9 7 9 13 9 17 9 19 9 1 11 3 11 7 11 13 11 17 11 19 11 5 13 7 13 9 13 11 13 13 13 15 13 3 15 5 15 7 15 13 15 15 15 5 17 9 17 11 17 15 17 17 17 7 19 9 19 11 19 13 19
< RES 3893 27 1
> REQ 3893 28 1
> VAMPIRE 1 1 1 3 1 2 0
> VAMPIRE 4 1 12 3 0 2 0
> VAMPIRE 3 16 13 3 0 2 0
> VAMPIRE 2 15 2 3 0 2 0
> GRENADE 3 17 12 3 2
> GRENADE 4 2 15 4 2
> GRENADE 2 14 1 5 2
> BAT1 3 1 7 1 9 1 11 1 13 1 1 3 3 3 5 3 9 3 11 3 3 5 5 5 7 5 13 5 15 5 1 7 5 7 7 7 9 7 11 7 13 7 15 7 19 7 1 9 3 9 7 9 13 9 17 9 19 9 1 11 3 11 7 11 13 11 17 11 19 11 5 13 7 13 9 13 11 13 13 13 15 13 3 15 5 15 7 15 13 15 15 15 5 17 9 17 11 17 15 17 17 17 7 19 9 19 11 19 13 19
< RES 3893 28 1
> REQ 3893 29 1
> VAMPIRE 1 1 1 3 1 2 0
> VAMPIRE 4 1 12 3 0 2 0
> VAMPIRE 3 16 13 3 0 2 0
> VAMPIRE 2 14 3 3 0 2 0
> GRENADE 3 17 12 2 2
> GRENADE 4 2 15 3 2
> GRENADE 2 14 1 4 2
> BAT1 3 1 7 1 9 1 11 1 13 1 1 3 3 3 5 3 9 3 11 3 3 5 5 5 7 5 13 5 15 5 1 7 5 7 7 7 9 7 11 7 13 7 15 7 19 7 1 9 3 9 7 9 13 9 17 9 19 9 1 11 3 11 7 11 13 11 17 11 19 11 5 13 7 13 9 13 11 13 13 13 15 13 3 15 5 15 7 15 13 15 15 15 5 17 9 17 11 17 15 17 17 17 7 19 9 19 11 19 13 19
< RES 3893 29 1
> REQ 3893 30 1
> VAMPIRE 1 1 1 3 1 2 0
> VAMPIRE 4 1 12 3 0 2 0
> VAMPIRE 3 16 13 3 0 2 0
> VAMPIRE 2 12 3 3 0 2 0
> GRENADE 3 17 12 1 2
> GRENADE 4 2 15 2 2
> GRENADE 2 14 1 3 2
> BAT1 3 1 7 1 9 1 11 1 13 1 1 3 3 3 5 3 9 3 11 3 3 5 5 5 7 5 13 5 15 5 1 7 5 7 7 7 9 7 11 7 13 7 15 7 19 7 1 9 3 9 7 9 13 9 17 9 19 9 1 11 3 11 7 11 13 11 17 11 19 11 5 13 7 13 9 13 11 13 13 13 15 13 3 15 5 15 7 15 13 15 15 15 5 17 9 17 11 17 15 17 17 17 7 19 9 19 11 19 13 19
< RES 3893 30 1
> REQ 3893 31 1
> VAMPIRE 1 1 1 3 1 2 0
> VAMPIRE 4 1 12 3 0 2 0
> VAMPIRE 3 16 13 3 1 2 0
> VAMPIRE 2 12 3 3 0 2 0
> GRENADE 4 2 15 1 2
> GRENADE 2 14 1 2 2
> BAT1 3 1 7 1 9 1 11 1 13 1 1 3 3 3 5 3 9 3 11 3 3 5 5 5 7 5 13 5 15 5 1 7 5 7 7 7 9 7 11 7 13 7 15 7 19 7 1 9 3 9 7 9 13 9 17 9 19 9 1 11 3 11 7 11 13 11 19 11 5 13 7 13 9 13 11 13 13 13 15 13 3 15 5 15 7 15 13 15 15 15 5 17 9 17 11 17 15 17 17 17 7 19 9 19 11 19 13 19
< RES 3893 31 1
> REQ 3893 32 1
> VAMPIRE 1 1 1 3 1 2 0
> VAMPIRE 4 1 12 3 1 2 0
> VAMPIRE 3 17 12 3 0 2 0
> VAMPIRE 2 12 3 3 0 2 0
> GRENADE 2 14 1 1 2
> GRENADE 3 16 13 5 2
> BAT1 3 1 7 1 9 1 11 1 13 1 1 3 3 3 5 3 9 3 11 3 3 5 5 5 7 5 13 5 15 5 1 7 5 7 7 7 9 7 11 7 13 7 15 7 19 7 1 9 3 9 7 9 13 9 17 9 19 9 1 11 3 11 7 11 13 11 19 11 5 13 7 13 9 13 11 13 13 13 15 13 5 15 7 15 13 15 15 15 5 17 9 17 11 17 15 17 17 17 7 19 9 19 11 19 13 19
< RES 3893 32 1
> REQ 3893 33 1
> VAMPIRE 1 1 1 3 1 2 0
> VAMPIRE 4 2 13 3 0 2 0
> VAMPIRE 3 16 11 3 0 2 0
> VAMPIRE 2 12 3 3 1 2 0
> GRENADE 3 16 13 4 2
> GRENADE 4 1 12 5 2
> BAT1 3 1 7 1 9 1 11 1 1 3 3 3 5 3 9 3 11 3 3 5 5 5 7 5 13 5 15 5 1 7 5 7 7 7 9 7 11 7 13 7 15 7 19 7 1 9 3 9 7 9 13 9 17 9 19 9 1 11 3 11 7 11 13 11 19 11 5 13 7 13 9 13 11 13 13 13 15 13 5 15 7 15 13 15 15 15 5 17 9 17 11 17 15 17 17 17 7 19 9 19 11 19 13 19
< RES 3893 33 1
> REQ 3893 34 1
> VAMPIRE 1 1 1 3 1 2 0
> VAMPIRE 4 2 13 3 0 2 0
> VAMPIRE 3 15 10 3 0 2 0
> VAMPIRE 2 13 3 3 1 2 0
> GRENADE 3 16 13 3 2
> GRENADE 4 1 12 4 2
> BAT1 3 1 7 1 9 1 11 1 1 3 3 3 5 3 9 3 11 3 3 5 5 5 7 5 13 5 15 5 1 7 5 7 7 7 9 7 11 7 13 7 15 7 19 7 1 9 3 9 7 9 13 9 17 9 19 9 1 11 3 11 7 11 13 11 19 11 5 13 7 13 9 13 11 13 13 13 15 13 5 15 7 15 13 15 15 15 5 17 9 17 11 17 15 17 17 17 7 19 9 19 11 19 13 19
< RES 3893 34 1
> REQ 3893 35 1
> VAMPIRE 1 1 1 3 1 2 0
> VAMPIRE 4 2 13 3 0 2 0
> VAMPIRE 3 14 9 3 0 2 0
> VAMPIRE 2 13 2 3 0 2 0
> GRENADE 3 16 13 2 2
> GRENADE 4 1 12 3 2
> GRENADE 2 13 3 5 2
> BAT1 3 1 7 1 9 1 11 1 1 3 3 3 5 3 9 3 11 3 3 5 5 5 7 5 13 5 15 5 1 7 5 7 7 7 9 7 11 7 13 7 15 7 19 7 1 9 3 9 7 9 13 9 17 9 19 9 1 11 3 11 7 11 13 11 19 11 5 13 7 13 9 13 11 13 13 13 15 13 5 15 7 15 13 15 15 15 5 17 9 17 11 17 15 17 17 17 7 19 9 19 11 19 13 19
< RES 3893 35 1
> REQ 3893 36 1
> VAMPIRE 1 1 1 3 1 2 0
> VAMPIRE 4 2 13 3 0 2 0
> VAMPIRE 3 14 9 3 0 2 0
> VAMPIRE 2 12 1 3 0 2 0
> GRENADE 3 16 13 1 2
> GRENADE 4 1 12 2 2
> GRENADE 2 13 3 4 2
> BAT1 3 1 7 1 9 1 11 1 1 3 3 3 5 3 9 3 11 3 3 5 5 5 7 5 13 5 15 5 1 7 5 7 7 7 9 7 11 7 13 7 15 7 19 7 1 9 3 9 7 9 13 9 17 9 19 9 1 11 3 11 7 11 13 11 19 11 5 13 7 13 9 13 11 13 13 13 15 13 5 15 7 15 13 15 15 15 5 17 9 17 11 17 15 17 17 17 7 19 9 19 11 19 13 19
< RES 3893 36 1
> REQ 3893 37 1
> VAMPIRE 1 1 1 3 1 2 0
> VAMPIRE 4 2 13 3 0 2 0
> VAMPIRE 3 14 9 3 1 2 0
> VAMPIRE 2 12 1 3 0 2 0
> GRENADE 4 1 12 1 2
> GRENADE 2 13 3 3 2
> BAT1 3 1 7 1 9 1 11 1 1 3 3 3 5 3 9 3 11 3 3 5 5 5 7 5 13 5 15 5 1 7 5 7 7 7 9 7 11 7 13 7 15 7 19 7 1 9 3 9 7 9 13 9 17 9 19 9 1 11 3 11 7 11 13 11 19 11 5 13 7 13 9 13 11 13 13 13 5 15 7 15 13 15 15 15 5 17 9 17 11 17 15 17 17 17 7 19 9 19 11 19 13 19
< RES 3893 37 1
> REQ 3893 38 1
> VAMPIRE 1 1 1 3 1 2 0
> VAMPIRE 4 2 13 3 1 2 0
> VAMPIRE 3 15 9 3 1 2 0
> VAMPIRE 2 12 1 3 0 2 0
> GRENADE 2 13 3 2 2
> BAT1 3 1 7 1 9 1 11 1 1 3 3 3 5 3 9 3 11 3 3 5 5 5 7 5 13 5 15 5 1 7 5 7 7 7 9 7 11 7 13 7 15 7 19 7 1 9 3 9 7 9 13 9 17 9 19 9 3 11 7 11 13 11 19 11 5 13 7 13 9 13 11 13 13 13 5 15 7 15 13 15 15 15 5 17 9 17 11 17 15 17 17 17 7 19 9 19 11 19 13 19
< RES 3893 38 1
> REQ 3893 39 1
> VAMPIRE 1 1 1 3 1 2 0
> VAMPIRE 4 3 13 3 1 2 0
> VAMPIRE 3 15 10 3 0 2 0
> VAMPIRE 2 12 1 3 0 2 0
> GRENADE 2 13 3 1 2
> GRENADE 3 15 9 5 2
> BAT1 3 1 7 1 9 1 11 1 1 3 3 3 5 3 9 3 11 3 3 5 5 5 7 5 13 5 15 5 1 7 5 7 7 7 9 7 11 7 13 7 15 7 19 7 1 9 3 9 7 9 13 9 17 9 19 9 3 11 7 11 13 11 19 11 5 13 7 13 9 13 11 13 13 13 5 15 7 15 13 15 15 15 5 17 9 17 11 17 15 17 17 17 7 19 9 19 11 19 13 19
< RES 3893 39 1
> REQ 3893 40 1
> VAMPIRE 1 1 1 3 1 2 0
> VAMPIRE 4 1 13 3 0 2 0
> VAMPIRE 3 14 11 3 0 2 0
> VAMPIRE 2 12 1 3 1 2 0
> GRENADE 3 15 9 4 2
> GRENADE 4 3 13 5 2
> BAT1 3 1 7 1 9 1 11 1 1 3 3 3 5 3 9 3 3 5 5 5 7 5 15 5 1 7 5 7 7 7 9 7 11 7 13 7 15 7 19 7 1 9 3 9 7 9 13 9 17 9 19 9 3 11 7 11 13 11 19 11 5 13 7 13 9 13 11 13 13 13 5 15 7 15 13 15 15 15 5 17 9 17 11 17 15 17 17 17 7 19 9 19 11 19 13 19
< RES 3893 40 1
> REQ 3893 41 1
> VAMPIRE 1 1 1 3 1 2 0
> VAMPIRE 4 1 11 3 0 2 0
> VAMPIRE 3 14 11 3 0 2 0
> VAMPIRE 2 13 2 3 0 2 0
> GRENADE 3 15 9 3 2
> GRENADE 4 3 13 4 2
> GRENADE 2 12 1 5 2
> BAT1 3 1 7 1 9 1 11 1 1 3 3 3 5 3 9 3 3 5 5 5 7 5 15 5 1 7 5 7 7 7 9 7 11 7 13 7 15 7 19 7 1 9 3 9 7 9 13 9 17 9 19 9 3 11 7 11 13 11 19 11 5 13 7 13 9 13 11 13 13 13 5 15 7 15 13 15 15 15 5 17 9 17 11 17 15 17 17 17 7 19 9 19 11 19 13 19
< RES 3893 41 1
> REQ 3893 42 1
> VAMPIRE 1 1 1 3 1 2 0
> VAMPIRE 4 1 10 3 0 2 0
> VAMPIRE 3 14 11 3 0 2 0
> VAMPIRE 2 12 3 3 0 2 0
> GRENADE 3 15 9 2 2
> GRENADE 4 3 13 3 2
> GRENADE 2 12 1 4 2
> BAT1 3 1 7 1 9 1 11 1 1 3 3 3 5 3 9 3 3 5 5 5 7 5 15 5 1 7 5 7 7 7 9 7 11 7 13 7 15 7 19 7 1 9 3 9 7 9 13 9 17 9 19 9 3 11 7 11 13 11 19 11 5 13 7 13 9 13 11 13 13 13 5 15 7 15 13 15 15 15 5 17 9 17 11 17 15 17 17 17 7 19 9 19 11 19 13 19
< RES 3893 42 1
> REQ 3893 43 1
> VAMPIRE 1 1 1 3 1 2 0
> VAMPIRE 4 1 10 3 0 2 0
> VAMPIRE 3 14 11 3 0 2 0
> VAMPIRE 2 10 3 3 0 2 0
> GRENADE 3 15 9 1 2
> GRENADE 4 3 13 2 2
> GRENADE 2 12 1 3 2
> BAT1 3 1 7 1 9 1 11 1 1 3 3 3 5 3 9 3 3 5 5 5 7 5 15 5 1 7 5 7 7 7 9 7 11 7 13 7 15 7 19 7 1 9 3 9 7 9 13 9 17 9 19 9 3 11 7 11 13 11 19 11 5 13 7 13 9 13 11 13 13 13 5 15 7 15 13 15 15 15 5 17 9 17 11 17 15 17 17 17 7 19 9 19 11 19 13 19
< RES 3893 43 1
> REQ 3893 44 1
> VAMPIRE 1 1 1 3 1 2 0
> VAMPIRE 4 1 10 3 0 2 0
> VAMPIRE 3 14 11 3 1 2 0
> VAMPIRE 2 10 3 3 0 2 0
> GRENADE 4 3 13 1 2
> GRENADE 2 12 1 2 2
> BAT1 3 1 7 1 9 1 11 1 1 3 3 3 5 3 9 3 3 5 5 5 7 5 15 5 1 7 5 7 7 7 9 7 11 7 13 7 19 7 1 9 3 9 7 9 19 9 3 11 7 11 13 11 19 11 5 13 7 13 9 13 11 13 13 13 5 15 7 15 13 15 15 15 5 17 9 17 11 17 15 17 17 17 7 19 9 19 11 19 13 19
< RES 3893 44 1
> REQ 3893 45 1
> VAMPIRE 1 1 1 3 1 2 0
> VAMPIRE 4 1 10 3 1 2 0
> VAMPIRE 3 15 10 3 0 2 0
> VAMPIRE 2 10 3 3 0 2 0
> GRENADE 2 12 1 1 2
> GRENADE 3 14 11 5 2
> BAT1 3 1 7 1 9 1 11 1 1 3 3 3 5 3 9 3 3 5 5 5 7 5 15 5 1 7 5 7 7 7 9 7 11 7 13 7 19 7 1 9 3 9 7 9 19 9 7 11 13 11 19 11 7 13 9 13 11 13 13 13 5 15 7 15 13 15 15 15 5 17 9 17 11 17 15 17 17 17 7 19 9 19 11 19 13 19
< RES 3893 45 1
> REQ 3893 46 1
> VAMPIRE 1 1 1 3 1 2 0
> VAMPIRE 4 2 11 3 0 2 0
> VAMPIRE 3 14 9 3 0 2 0
> VAMPIRE 2 10 3 3 1 2 0
> GRENADE 3 14 11 4 2
> GRENADE 4 1 10 5 2
> BAT1 3 1 7 1 9 1 1 3 3 3 5 3 9 3 3 5 5 5 7 5 15 5 1 7 5 7 7 7 9 7 11 7 13 7 19 7 1 9 3 9 7 9 19 9 7 11 13 11 19 11 7 13 9 13 11 13 13 13 5 15 7 15 13 15 15 15 5 17 9 17 11 17 15 17 17 17 7 19 9 19 11 19 13 19
< RES 3893 46 1
> REQ 3893 47 1
> VAMPIRE 1 1 1 3 1 2 0
> VAMPIRE 4 2 11 3 0 2 0
> VAMPIRE 3 12 9 3 0 2 0
> VAMPIRE 2 11 4 3 0 2 0
> GRENADE 3 14 11 3 2
> GRENADE 4 1 10 4 2
> GRENADE 2 10 3 5 2
> POWERUP GRENADE -4 15 9
> POWERUP GRENADE -4 5 11
> BAT1 3 1 7 1 9 1 1 3 3 3 5 3 9 3 3 5 5 5 7 5 15 5 1 7 5 7 7 7 9 7 11 7 13 7 19 7 1 9 3 9 7 9 19 9 7 11 13 11 19 11 7 13 9 13 11 13 13 13 5 15 7 15 13 15 15 15 5 17 9 17 11 17 15 17 17 17 7 19 9 19 11 19 13 19
< RES 3893 47 1
< MOVE R
> REQ 3893 48 1
> VAMPIRE 1 1 2 3 1 2 0
> VAMPIRE 4 4 11 3 0 2 0
> VAMPIRE 3 11 8 3 0 2 0
> VAMPIRE 2 10 5 3 0 2 0
> GRENADE 3 14 11 2 2
> GRENADE 4 1 10 3 2
> GRENADE 2 10 3 4 2
> POWERUP GRENADE -3 15 9
> POWERUP GRENADE -3 5 11
> BAT1 3 1 7 1 9 1 1 3 3 3 5 3 9 3 3 5 5 5 7 5 15 5 1 7 5 7 7 7 9 7 11 7 13 7 19 7 1 9 3 9 7 9 19 9 7 11 13 11 19 11 7 13 9 13 11 13 13 13 5 15 7 15 13 15 15 15 5 17 9 17 11 17 15 17 17 17 7 19 9 19 11 19 13 19
< RES 3893 48 1
> REQ 3893 49 1
> VAMPIRE 1 1 2 3 1 2 0
> VAMPIRE 4 5 10 3 0 2 0
> VAMPIRE 3 11 8 3 0 2 0
> VAMPIRE 2 8 5 3 0 2 0
> GRENADE 3 14 11 1 2
> GRENADE 4 1 10 2 2
> GRENADE 2 10 3 3 2
> POWERUP GRENADE -2 15 9
> POWERUP GRENADE -2 5 11
> BAT1 3 1 7 1 9 1 1 3 3 3 5 3 9 3 3 5 5 5 7 5 15 5 1 7 5 7 7 7 9 7 11 7 13 7 19 7 1 9 3 9 7 9 19 9 7 11 13 11 19 11 7 13 9 13 11 13 13 13 5 15 7 15 13 15 15 15 5 17 9 17 11 17 15 17 17 17 7 19 9 19 11 19 13 19
< RES 3893 49 1
> REQ 3893 50 1
> VAMPIRE 1 1 2 3 1 2 0
> VAMPIRE 4 5 11 3 0 2 0
> VAMPIRE 3 10 9 3 1 2 0
> VAMPIRE 2 8 5 3 0 2 0
> GRENADE 4 1 10 1 2
> GRENADE 2 10 3 2 2
> POWERUP GRENADE -1 15 9
> POWERUP GRENADE -1 5 11
> BAT1 3 1 7 1 9 1 1 3 3 3 5 3 9 3 3 5 5 5 7 5 15 5 1 7 5 7 7 7 9 7 11 7 13 7 19 7 1 9 3 9 7 9 19 9 7 11 19 11 7 13 9 13 11 13 13 13 5 15 7 15 13 15 15 15 5 17 9 17 11 17 15 17 17 17 7 19 9 19 11 19 13 19
< RES 3893 50 1
> REQ 3893 51 1
> VAMPIRE 1 1 2 3 1 2 0
> VAMPIRE 4 5 9 3 2 2 0
> VAMPIRE 3 9 9 3 1 2 0
> VAMPIRE 2 8 5 3 0 2 0
> GRENADE 2 10 3 1 2
> POWERUP GRENADE 15 15 9
> BAT1 3 1 7 1 9 1 1 3 3 3 5 3 9 3 3 5 5 5 7 5 15 5 1 7 5 7 7 7 9 7 11 7 13 7 19 7 3 9 7 9 19 9 7 11 19 11 7 13 9 13 11 13 13 13 5 15 7 15 13 15 15 15 5 17 9 17 11 17 15 17 17 17 7 19 9 19 11 19 13 19
< RES 3893 51 1
> REQ 3893 52 1
> VAMPIRE 1 1 2 3 1 2 0
> VAMPIRE 4 5 10 3 1 2 0
> VAMPIRE 3 9 10 3 0 2 0
> VAMPIRE 2 8 5 3 1 2 0
> GRENADE 3 9 9 5 2
> GRENADE 4 5 9 5 2
> POWERUP GRENADE 14 15 9
> BAT1 3 1 7 1 9 1 1 3 3 3 5 3 3 5 5 5 7 5 15 5 1 7 5 7 7 7 9 7 11 7 13 7 19 7 3 9 7 9 19 9 7 11 19 11 7 13 9 13 11 13 13 13 5 15 7 15 13 15 15 15 5 17 9 17 11 17 15 17 17 17 7 19 9 19 11 19 13 19
< RES 3893 52 1
> REQ 3893 53 1
> VAMPIRE 1 1 2 3 1 2 0
> VAMPIRE 4 4 11 3 1 2 0
> VAMPIRE 3 8 11 3 0 2 0
> VAMPIRE 2 9 4 3 0 2 0
> GRENADE 3 9 9 4 2
> GRENADE 4 5 9 4 2
> GRENADE 2 8 5 5 2
> POWERUP GRENADE 13 15 9
> BAT1 3 1 7 1 9 1 1 3 3 3 5 3 3 5 5 5 7 5 15 5 1 7 5 7 7 7 9 7 11 7 13 7 19 7 3 9 7 9 19 9 7 11 19 11 7 13 9 13 11 13 13 13 5 15 7 15 13 15 15 15 5 17 9 17 11 17 15 17 17 17 7 19 9 19 11 19 13 19
< RES 3893 53 1
> REQ 3893 54 1
> VAMPIRE 1 1 2 3 1 2 0
> VAMPIRE 4 3 10 3 1 2 0
> VAMPIRE 3 8 11 3 0 2 0
> VAMPIRE 2 8 3 3 0 2 0
> GRENADE 3 9 9 3 2
> GRENADE 4 5 9 3 2
> GRENADE 2 8 5 4 2
> POWERUP GRENADE 12 15 9
> BAT1 3 1 7 1 9 1 1 3 3 3 5 3 3 5 5 5 7 5 15 5 1 7 5 7 7 7 9 7 11 7 13 7 19 7 3 9 7 9 19 9 7 11 19 11 7 13 9 13 11 13 13 13 5 15 7 15 13 15 15 15 5 17 9 17 11 17 15 17 17 17 7 19 9 19 11 19 13 19
< RES 3893 54 1
> REQ 3893 55 1
> VAMPIRE 1 1 2 3 1 2 0
> VAMPIRE 4 2 11 3 0 2 0
> VAMPIRE 3 8 11 3 0 2 0
> VAMPIRE 2 6 3 3 0 2 0
> GRENADE 3 9 9 2 2
> GRENADE 4 5 9 2 2
> GRENADE 2 8 5 3 2
> GRENADE 4 3 10 5 2
> POWERUP GRENADE 11 15 9
> BAT1 3 1 7 1 9 1 1 3 3 3 5 3 3 5 5 5 7 5 15 5 1 7 5 7 7 7 9 7 11 7 13 7 19 7 3 9 7 9 19 9 7 11 19 11 7 13 9 13 11 13 13 13 5 15 7 15 13 15 15 15 5 17 9 17 11 17 15 17 17 17 7 19 9 19 11 19 13 19
< RES 3893 55 1
> REQ 3893 56 1
> VAMPIRE 1 1 2 3 1 2 0
> VAMPIRE 4 1 10 3 0 2 0
> VAMPIRE 3 8 11 3 0 2 0
> VAMPIRE 2 6 3 3 0 2 0
> GRENADE 3 9 9 1 2
> GRENADE 4 5 9 1 2
> GRENADE 2 8 5 2 2
> GRENADE 4 3 10 4 2
> POWERUP GRENADE 10 15 9
> BAT1 3 1 7 1 9 1 1 3 3 3 5 3 3 5 5 5 7 5 15 5 1 7 5 7 7 7 9 7 11 7 13 7 19 7 3 9 7 9 19 9 7 11 19 11 7 13 9 13 11 13 13 13 5 15 7 15 13 15 15 15 5 17 9 17 11 17 15 17 17 17 7 19 9 19 11 19 13 19
< RES 3893 56 1
> REQ 3893 57 1
> VAMPIRE 1 1 2 3 1 2 0
> VAMPIRE 4 1 8 3 1 2 0
> VAMPIRE 3 8 11 3 1 2 0
> VAMPIRE 2 6 3 3 0 2 0
> GRENADE 2 8 5 1 2
> GRENADE 4 3 10 3 2
> POWERUP GRENADE 9 15 9
> BAT1 3 1 7 1 9 1 1 3 3 3 5 3 3 5 5 5 7 5 15 5 1 7 7 7 11 7 13 7 19 7 19 9 7 11 19 11 7 13 9 13 11 13 13 13 5 15 7 15 13 15 15 15 5 17 9 17 11 17 15 17 17 17 7 19 9 19 11 19 13 19
< RES 3893 57 1
> REQ 3893 58 1
> VAMPIRE 1 1 2 3 1 2 0
> VAMPIRE 4 2 9 3 0 2 0
> VAMPIRE 3 9 10 3 0 2 0
> VAMPIRE 2 6 3 3 1 2 0
> GRENADE 4 3 10 2 2
> GRENADE 3 8 11 5 2
> GRENADE 4 1 8 5 2
> POWERUP GRENADE 8 15 9
> BAT1 3 1 7 1 9 1 1 3 3 3 5 3 3 5 5 5 15 5 1 7 7 7 11 7 13 7 19 7 19 9 7 11 19 11 7 13 9 13 11 13 13 13 5 15 7 15 13 15 15 15 5 17 9 17 11 17 15 17 17 17 7 19 9 19 11 19 13 19
< RES 3893 58 1
> REQ 3893 59 1
> VAMPIRE 1 1 2 3 1 2 0
> VAMPIRE 4 2 9 3 0 2 0
> VAMPIRE 3 8 9 3 0 2 0
> VAMPIRE 2 7 3 3 1 2 0
> GRENADE 4 3 10 1 2
> GRENADE 3 8 11 4 2
> GRENADE 4 1 8 4 2
> POWERUP GRENADE 7 15 9
> BAT1 3 1 7 1 9 1 1 3 3 3 5 3 3 5 5 5 15 5 1 7 7 7 11 7 13 7 19 7 19 9 7 11 19 11 7 13 9 13 11 13 13 13 5 15 7 15 13 15 15 15 5 17 9 17 11 17 15 17 17 17 7 19 9 19 11 19 13 19
< RES 3893 59 1
> REQ 3893 60 1
> VAMPIRE 1 1 2 3 1 2 0
> VAMPIRE 4 2 9 3 1 2 0
> VAMPIRE 3 6 9 3 0 2 0
> VAMPIRE 2 7 4 3 0 2 0
> GRENADE 3 8 11 3 2
> GRENADE 4 1 8 3 2
> GRENADE 2 7 3 5 2
> POWERUP GRENADE 6 15 9
> BAT1 3 1 7 1 9 1 1 3 3 3 5 3 3 5 5 5 15 5 1 7 7 7 11 7 13 7 19 7 19 9 7 11 19 11 7 13 9 13 11 13 13 13 5 15 7 15 13 15 15 15 5 17 9 17 11 17 15 17 17 17 7 19 9 19 11 19 13 19
< RES 3893 60 1
> REQ 3893 61 1
> VAMPIRE 1 1 2 3 1 2 0
> VAMPIRE 4 4 9 3 1 2 0
> VAMPIRE 3 4 9 3 0 2 0
> VAMPIRE 2 6 5 3 0 2 0
> GRENADE 3 8 11 2 2
> GRENADE 4 1 8 2 2
> GRENADE 2 7 3 4 2
> POWERUP GRENADE 5 15 9
> BAT1 3 1 7 1 9 1 1 3 3 3 5 3 3 5 5 5 15 5 1 7 7 7 11 7 13 7 19 7 19 9 7 11 19 11 7 13 9 13 11 13 13 13 5 15 7 15 13 15 15 15 5 17 9 17 11 17 15 17 17 17 7 19 9 19 11 19 13 19
< RES 3893 61 1
> REQ 3893 62 1
> VAMPIRE 1 1 2 3 1 2 0
> VAMPIRE 4 2 9 3 1 2 0
> VAMPIRE 3 5 8 3 0 2 0
> VAMPIRE 2 6 5 3 0 2 0
> GRENADE 3 8 11 1 2
> GRENADE 4 1 8 1 2
> GRENADE 2 7 3 3 2
> POWERUP GRENADE 4 15 9
> BAT1 3 1 7 1 9 1 1 3 3 3 5 3 3 5 5 5 15 5 1 7 7 7 11 7 13 7 19 7 19 9 7 11 19 11 7 13 9 13 11 13 13 13 5 15 7 15 13 15 15 15 5 17 9 17 11 17 15 17 17 17 7 19 9 19 11 19 13 19
< RES 3893 62 1
> REQ 3893 63 1
> VAMPIRE 1 1 2 3 1 2 0
> VAMPIRE 4 3 8 3 2 2 0
> VAMPIRE 3 4 9 3 1 2 0
> VAMPIRE 2 6 5 3 0 2 0
> GRENADE 2 7 3 2 2
> POWERUP GRENADE 3 15 9
> BAT1 3 1 7 1 9 1 1 3 3 3 5 3 3 5 5 5 15 5 7 7 11 7 13 7 19 7 19 9 19 11 7 13 9 13 11 13 13 13 5 15 7 15 13 15 15 15 5 17 9 17 11 17 15 17 17 17 7 19 9 19 11 19 13 19
< RES 3893 63 1
> REQ 3893 64 1
> VAMPIRE 1 1 2 3 1 2 0
> VAMPIRE 4 2 9 3 2 2 0
> VAMPIRE 3 3 8 3 1 2 0
> VAMPIRE 2 6 5 3 0 2 0
> GRENADE 2 7 3 1 2
> POWERUP GRENADE 2 15 9
> BAT1 3 1 7 1 9 1 1 3 3 3 5 3 3 5 5 5 15 5 7 7 11 7 13 7 19 7 19 9 19 11 7 13 9 13 11 13 13 13 5 15 7 15 13 15 15 15 5 17 9 17 11 17 15 17 17 17 7 19 9 19 11 19 13 19
< RES 3893 64 1
> REQ 3893 65 1
> VAMPIRE 1 1 2 3 1 2 0
> VAMPIRE 4 3 9 3 2 2 0
> VAMPIRE 3 4 9 3 1 2 0
> VAMPIRE 2 6 5 3 1 2 0
> POWERUP GRENADE 1 15 9
> BAT1 3 1 9 1 1 3 3 3 3 5 5 5 15 5 7 7 11 7 13 7 19 7 19 9 19 11 7 13 9 13 11 13 13 13 5 15 7 15 13 15 15 15 5 17 9 17 11 17 15 17 17 17 7 19 9 19 11 19 13 19
< RES 3893 65 1
> REQ 3893 66 1
> VAMPIRE 1 1 2 3 1 2 0
> VAMPIRE 4 3 7 3 1 2 0
> VAMPIRE 3 4 9 3 0 2 0
> VAMPIRE 2 7 4 3 0 2 0
> GRENADE 2 6 5 5 2
> GRENADE 3 4 9 5 2
> GRENADE 4 3 9 5 2
> BAT1 3 1 9 1 1 3 3 3 3 5 5 5 15 5 7 7 11 7 13 7 19 7 19 9 19 11 7 13 9 13 11 13 13 13 5 15 7 15 13 15 15 15 5 17 9 17 11 17 15 17 17 17 7 19 9 19 11 19 13 19
< RES 3893 66 1
< MOVE L D
> REQ 3893 67 1
> VAMPIRE 1 2 1 3 1 2 0
> VAMPIRE 4 5 7 3 1 2 0
> VAMPIRE 3 5 8 3 0 2 0
> VAMPIRE 2 6 3 3 0 2 0
> GRENADE 2 6 5 4 2
> GRENADE 3 4 9 4 2
> GRENADE 4 3 9 4 2
> BAT1 3 1 9 1 1 3 3 3 3 5 5 5 15 5 7 7 11 7 13 7 19 7 19 9 19 11 7 13 9 13 11 13 13 13 5 15 7 15 13 15 15 15 5 17 9 17 11 17 15 17 17 17 7 19 9 19 11 19 13 19
< RES 3893 67 1
> REQ 3893 68 1
> VAMPIRE 1 2 1 3 1 2 0
> VAMPIRE 4 4 7 3 0 2 0
> VAMPIRE 3 5 8 3 0 2 0
> VAMPIRE 2 4 3 3 0 2 0
> GRENADE 2 6 5 3 2
> GRENADE 3 4 9 3 2
> GRENADE 4 3 9 3 2
> GRENADE 4 5 7 5 2
> BAT1 3 1 9 1 1 3 3 3 3 5 5 5 15 5 7 7 11 7 13 7 19 7 19 9 19 11 7 13 9 13 11 13 13 13 5 15 7 15 13 15 15 15 5 17 9 17 11 17 15 17 17 17 7 19 9 19 11 19 13 19
< RES 3893 68 1
> REQ 3893 69 1
> VAMPIRE 1 2 1 3 1 2 0
> VAMPIRE 4 2 7 3 0 2 0
> VAMPIRE 3 5 10 3 0 2 0
> VAMPIRE 2 4 3 3 0 2 0
> GRENADE 2 6 5 2 2
> GRENADE 3 4 9 2 2
> GRENADE 4 3 9 2 2
> GRENADE 4 5 7 4 2
> POWERUP BATTERY -5 11 11
> POWERUP BATTERY -5 9 9
> BAT1 3 1 9 1 1 3 3 3 3 5 5 5 15 5 7 7 11 7 13 7 19 7 19 9 19 11 7 13 9 13 11 13 13 13 5 15 7 15 13 15 15 15 5 17 9 17 11 17 15 17 17 17 7 19 9 19 11 19 13 19
< RES 3893 69 1
> REQ 3893 70 1
> VAMPIRE 1 2 1 3 1 2 0
> VAMPIRE 4 1 6 3 0 2 0
> VAMPIRE 3 4 11 3 0 2 0
> VAMPIRE 2 4 3 3 0 2 0
> GRENADE 2 6 5 1 2
> GRENADE 3 4 9 1 2
> GRENADE 4 3 9 1 2
> GRENADE 4 5 7 3 2
> POWERUP BATTERY -4 11 11
> POWERUP BATTERY -4 9 9
> BAT1 3 1 9 1 1 3 3 3 3 5 5 5 15 5 7 7 11 7 13 7 19 7 19 9 19 11 7 13 9 13 11 13 13 13 5 15 7 15 13 15 15 15 5 17 9 17 11 17 15 17 17 17 7 19 9 19 11 19 13 19
< RES 3893 70 1
> REQ 3893 71 1
> VAMPIRE 1 2 1 3 1 2 0
> VAMPIRE 4 1 4 3 1 2 0
> VAMPIRE 3 2 11 3 1 2 0
> VAMPIRE 2 4 3 3 1 2 0
> GRENADE 4 5 7 2 2
> POWERUP BATTERY -3 11 11
> POWERUP BATTERY -3 9 9
> BAT1 3 1 9 1 1 3 3 3 3 5 15 5 7 7 11 7 13 7 19 7 19 9 19 11 7 13 9 13 11 13 13 13 5 15 7 15 13 15 15 15 5 17 9 17 11 17 15 17 17 17 7 19 9 19 11 19 13 19
< RES 3893 71 1
> REQ 3893 72 1
> VAMPIRE 1 2 1 3 1 2 0
> VAMPIRE 4 2 5 3 0 2 0
> VAMPIRE 3 1 10 3 1 2 0
> VAMPIRE 2 5 4 3 0 2 0
> GRENADE 4 5 7 1 2
> GRENADE 2 4 3 5 2
> GRENADE 4 1 4 5 2
> POWERUP BATTERY -2 11 11
> POWERUP BATTERY -2 9 9
> BAT1 3 1 9 1 1 3 3 3 3 5 15 5 7 7 11 7 13 7 19 7 19 9 19 11 7 13 9 13 11 13 13 13 5 15 7 15 13 15 15 15 5 17 9 17 11 17 15 17 17 17 7 19 9 19 11 19 13 19
< RES 3893 72 1
> REQ 3893 73 1
> VAMPIRE 1 2 1 3 1 2 0
> VAMPIRE 4 2 5 3 1 2 0
> VAMPIRE 3 1 8 3 1 2 0
> VAMPIRE 2 5 4 3 0 2 0
> GRENADE 2 4 3 4 2
> GRENADE 4 1 4 4 2
> POWERUP BATTERY -1 11 11
> POWERUP BATTERY -1 9 9
> BAT1 3 1 9 1 1 3 3 3 3 5 15 5 11 7 13 7 19 7 19 9 19 11 7 13 9 13 11 13 13 13 5 15 7 15 13 15 15 15 5 17 9 17 11 17 15 17 17 17 7 19 9 19 11 19 13 19
< RES 3893 73 1
> REQ 3893 74 1
> VAMPIRE 1 2 1 3 1 2 0
> VAMPIRE 4 1 6 3 1 2 0
> VAMPIRE 3 2 7 3 1 2 0
> VAMPIRE 2 5 4 3 0 2 0
> GRENADE 2 4 3 3 2
> GRENADE 4 1 4 3 2
> POWERUP BATTERY 15 11 11
> POWERUP BATTERY 15 9 9
> BAT1 3 1 9 1 1 3 3 3 3 5 15 5 11 7 13 7 19 7 19 9 19 11 7 13 9 13 11 13 13 13 5 15 7 15 13 15 15 15 5 17 9 17 11 17 15 17 17 17 7 19 9 19 11 19 13 19
< RES 3893 74 1
> REQ 3893 75 1
> VAMPIRE 1 2 1 3 1 2 0
> VAMPIRE 4 1 7 3 1 2 0
> VAMPIRE 3 1 8 3 1 2 0
> VAMPIRE 2 5 4 3 0 2 0
> GRENADE 2 4 3 2 2
> GRENADE 4 1 4 2 2
> POWERUP BATTERY 14 11 11
> POWERUP BATTERY 14 9 9
> BAT1 3 1 9 1 1 3 3 3 3 5 15 5 11 7 13 7 19 7 19 9 19 11 7 13 9 13 11 13 13 13 5 15 7 15 13 15 15 15 5 17 9 17 11 17 15 17 17 17 7 19 9 19 11 19 13 19
< RES 3893 75 1
< MOVE U R
> REQ 3893 76 1
> VAMPIRE 1 1 2 3 1 2 0
> VAMPIRE 4 2 7 3 0 2 0
> VAMPIRE 3 1 8 3 0 2 0
> VAMPIRE 2 5 4 3 0 2 0
> GRENADE 2 4 3 1 2
> GRENADE 4 1 4 1 2
> GRENADE 3 1 8 5 2
> GRENADE 4 1 7 5 2
> POWERUP BATTERY 13 11 11
> POWERUP BATTERY 13 9 9
> BAT1 3 1 9 1 1 3 3 3 3 5 15 5 11 7 13 7 19 7 19 9 19 11 7 13 9 13 11 13 13 13 5 15 7 15 13 15 15 15 5 17 9 17 11 17 15 17 17 17 7 19 9 19 11 19 13 19
< RES 3893 76 1
> REQ 3893 77 1
> VAMPIRE 1 1 2 3 1 2 0
> VAMPIRE 4 3 6 3 1 2 0
> VAMPIRE 3 2 9 3 0 2 0
> VAMPIRE 2 5 4 3 1 2 0
> GRENADE 3 1 8 4 2
> GRENADE 4 1 7 4 2
> POWERUP BATTERY 12 11 11
> POWERUP BATTERY 12 9 9
> BAT1 3 1 9 1 3 5 15 5 11 7 13 7 19 7 19 9 19 11 7 13 9 13 11 13 13 13 5 15 7 15 13 15 15 15 5 17 9 17 11 17 15 17 17 17 7 19 9 19 11 19 13 19
< RES 3893 77 1
< MOVE R D
> REQ 3893 78 1
> VAMPIRE 1 2 3 3 1 2 0
> VAMPIRE 4 4 7 3 0 2 0
> VAMPIRE 3 3 8 3 0 2 0
> VAMPIRE 2 4 5 3 1 2 0
> GRENADE 3 1 8 3 2
> GRENADE 4 1 7 3 2
> GRENADE 4 3 6 5 2
> POWERUP BATTERY 11 11 11
> POWERUP BATTERY 11 9 9
> BAT1 3 1 9 1 3 5 15 5 11 7 13 7 19 7 19 9 19 11 7 13 9 13 11 13 13 13 5 15 7 15 13 15 15 15 5 17 9 17 11 17 15 17 17 17 7 19 9 19 11 19 13 19
< RES 3893 78 1
< MOVE D D
> REQ 3893 79 1
> VAMPIRE 1 4 3 3 1 2 0
> VAMPIRE 4 5 6 3 0 2 0
> VAMPIRE 3 4 7 3 0 2 0
> VAMPIRE 2 5 4 3 0 2 0
> GRENADE 3 1 8 2 2
> GRENADE 4 1 7 2 2
> GRENADE 4 3 6 4 2
> GRENADE 2 4 5 5 2
> POWERUP BATTERY 10 11 11
> POWERUP BATTERY 10 9 9
> BAT1 3 1 9 1 3 5 15 5 11 7 13 7 19 7 19 9 19 11 7 13 9 13 11 13 13 13 5 15 7 15 13 15 15 15 5 17 9 17 11 17 15 17 17 17 7 19 9 19 11 19 13 19
< RES 3893 79 1
< MOVE D R
> REQ 3893 80 1
> VAMPIRE 1 5 4 3 1 2 0
> VAMPIRE 4 5 4 3 0 2 0
> VAMPIRE 3 5 6 3 0 2 0
> VAMPIRE 2 4 3 3 0 2 0
> GRENADE 3 1 8 1 2
> GRENADE 4 1 7 1 2
> GRENADE 4 3 6 3 2
> GRENADE 2 4 5 4 2
> POWERUP BATTERY 9 11 11
> POWERUP BATTERY 9 9 9
> BAT1 3 1 9 1 3 5 15 5 11 7 13 7 19 7 19 9 19 11 7 13 9 13 11 13 13 13 5 15 7 15 13 15 15 15 5 17 9 17 11 17 15 17 17 17 7 19 9 19 11 19 13 19
< RES 3893 80 1
< MOVE R R
> REQ 3893 81 1
> VAMPIRE 1 5 6 3 1 2 0
> VAMPIRE 4 4 3 3 1 2 0
> VAMPIRE 3 5 4 3 1 2 0
> VAMPIRE 2 3 2 3 0 2 0
> GRENADE 4 3 6 2 2
> GRENADE 2 4 5 3 2
> POWERUP BATTERY 8 11 11
> POWERUP BATTERY 8 9 9
> BAT1 3 1 9 1 3 5 15 5 11 7 13 7 19 7 19 9 19 11 7 13 9 13 11 13 13 13 5 15 7 15 13 15 15 15 5 17 9 17 11 17 15 17 17 17 7 19 9 19 11 19 13 19
< RES 3893 81 1
< MOVE R R
> REQ 3893 82 1
> VAMPIRE 1 5 8 3 1 2 0
> VAMPIRE 4 3 3 3 1 2 0
> VAMPIRE 3 4 3 3 1 2 0
> VAMPIRE 2 3 2 3 0 2 0
> GRENADE 4 3 6 1 2
> GRENADE 2 4 5 2 2
> POWERUP BATTERY 7 11 11
> POWERUP BATTERY 7 9 9
> BAT1 3 1 9 1 3 5 15 5 11 7 13 7 19 7 19 9 19 11 7 13 9 13 11 13 13 13 5 15 7 15 13 15 15 15 5 17 9 17 11 17 15 17 17 17 7 19 9 19 11 19 13 19
< RES 3893 82 1
< MOVE R D
> REQ 3893 83 1
> VAMPIRE 1 6 9 3 1 2 0
> VAMPIRE 4 1 3 3 1 2 0
> VAMPIRE 3 4 3 3 1 2 0
> VAMPIRE 2 3 2 3 0 2 0
> GRENADE 2 4 5 1 2
> GRENADE 4 3 3 5 2
> POWERUP BATTERY 6 11 11
> POWERUP BATTERY 6 9 9
> BAT1 3 1 9 1 15 5 11 7 13 7 19 7 19 9 19 11 7 13 9 13 11 13 13 13 5 15 7 15 13 15 15 15 5 17 9 17 11 17 15 17 17 17 7 19 9 19 11 19 13 19
< RES 3893 83 1
< MOVE D D
> REQ 3893 84 1
> VAMPIRE 1 8 9 3 1 2 0
> VAMPIRE 4 1 1 3 1 2 0
> VAMPIRE 3 5 2 3 1 2 0
> VAMPIRE 2 3 2 3 1 2 0
> GRENADE 4 3 3 4 2
> POWERUP BATTERY 5 11 11
> POWERUP BATTERY 5 9 9
> BAT1 3 1 9 1 15 5 11 7 13 7 19 7 19 9 19 11 7 13 9 13 11 13 13 13 5 15 7 15 13 15 15 15 5 17 9 17 11 17 15 17 17 17 7 19 9 19 11 19 13 19
< RES 3893 84 1
< MOVE D
> REQ 3893 85 1
> VAMPIRE 1 9 9 3 1 2 0
> VAMPIRE 4 2 1 3 1 2 0
> VAMPIRE 3 4 1 3 1 2 0
> VAMPIRE 2 3 2 3 0 2 0
> GRENADE 4 3 3 3 2
> GRENADE 2 3 2 5 2
> POWERUP BATTERY 4 11 11
> POWERUP BATTERY 4 9 9
> BAT1 3 1 9 1 15 5 11 7 13 7 19 7 19 9 19 11 7 13 9 13 11 13 13 13 5 15 7 15 13 15 15 15 5 17 9 17 11 17 15 17 17 17 7 19 9 19 11 19 13 19
< RES 3893 85 1
> REQ 3893 86 1
> VAMPIRE 1 9 9 3 1 3 0
> VAMPIRE 4 1 2 3 0 2 0
> VAMPIRE 3 5 2 3 0 2 0
> VAMPIRE 2 3 2 3 0 2 0
> GRENADE 4 3 3 2 2
> GRENADE 2 3 2 4 2
> GRENADE 3 4 1 5 2
> GRENADE 4 2 1 5 2
> POWERUP BATTERY 3 11 11
> BAT1 3 1 9 1 15 5 11 7 13 7 19 7 19 9 19 11 7 13 9 13 11 13 13 13 5 15 7 15 13 15 15 15 5 17 9 17 11 17 15 17 17 17 7 19 9 19 11 19 13 19
< RES 3893 86 1
< MOVE R R
> REQ 3893 87 1
> VAMPIRE 1 9 11 3 1 3 0
> VAMPIRE 4 1 4 3 0 2 0
> VAMPIRE 3 5 2 3 0 2 0
> VAMPIRE 2 3 2 3 0 2 0
> GRENADE 4 3 3 1 2
> GRENADE 2 3 2 3 2
> GRENADE 3 4 1 4 2
> GRENADE 4 2 1 4 2
> POWERUP BATTERY 2 11 11
> BAT1 3 1 9 1 15 5 11 7 13 7 19 7 19 9 19 11 7 13 9 13 11 13 13 13 5 15 7 15 13 15 15 15 5 17 9 17 11 17 15 17 17 17 7 19 9 19 11 19 13 19
< RES 3893 87 1
< MOVE D D
> REQ 3893 88 1
> VAMPIRE 1 11 11 3 1 3 0
> VAMPIRE 4 1 6 3 1 2 0
> VAMPIRE 3 5 2 3 0 2 0
> VAMPIRE 2 3 2 2 1 2 0
> GRENADE 3 4 1 3 2
> GRENADE 4 2 1 3 2
> POWERUP BATTERY 1 11 11
> BAT1 9 1 15 5 11 7 13 7 19 7 19 9 19 11 7 13 9 13 11 13 13 13 5 15 7 15 13 15 15 15 5 17 9 17 11 17 15 17 17 17 7 19 9 19 11 19 13 19
< RES 3893 88 1
> REQ 3893 89 1
> VAMPIRE 1 11 11 3 1 3 0
> VAMPIRE 4 2 5 3 1 2 0
> VAMPIRE 3 4 3 3 0 2 0
> VAMPIRE 2 4 3 2 1 2 0
> GRENADE 3 4 1 2 2
> GRENADE 4 2 1 2 2
> BAT1 9 1 15 5 11 7 13 7 19 7 19 9 19 11 7 13 9 13 11 13 13 13 5 15 7 15 13 15 15 15 5 17 9 17 11 17 15 17 17 17 7 19 9 19 11 19 13 19
< RES 3893 89 1
> REQ 3893 90 1
> VAMPIRE 1 11 11 3 1 3 0
> VAMPIRE 4 3 4 3 1 2 0
> VAMPIRE 3 5 4 3 0 2 0
> VAMPIRE 2 6 3 2 1 2 0
> GRENADE 3 4 1 1 2
> GRENADE 4 2 1 1 2
> BAT1 9 1 15 5 11 7 13 7 19 7 19 9 19 11 7 13 9 13 11 13 13 13 5 15 7 15 13 15 15 15 5 17 9 17 11 17 15 17 17 17 7 19 9 19 11 19 13 19
< RES 3893 90 1
> REQ 3893 91 1
> VAMPIRE 1 11 11 3 1 3 0
> VAMPIRE 4 4 3 3 2 2 0
> VAMPIRE 3 4 5 3 1 2 0
> VAMPIRE 2 5 2 2 1 2 0
> BAT1 9 1 15 5 11 7 13 7 19 7 19 9 19 11 7 13 9 13 11 13 13 13 5 15 7 15 13 15 15 15 5 17 9 17 11 17 15 17 17 17 7 19 9 19 11 19 13 19
< RES 3893 91 1
> REQ 3893 92 1
> VAMPIRE 1 11 11 3 1 3 0
> VAMPIRE 4 5 4 3 2 2 0
> VAMPIRE 3 5 4 3 1 2 0
> VAMPIRE 2 6 3 2 1 2 0
> POWERUP GRENADE -5 15 11
> POWERUP GRENADE -5 5 9
> BAT1 9 1 15 5 11 7 13 7 19 7 19 9 19 11 7 13 9 13 11 13 13 13 5 15 7 15 13 15 15 15 5 17 9 17 11 17 15 17 17 17 7 19 9 19 11 19 13 19
< RES 3893 92 1
< MOVE D D
> REQ 3893 93 1
> VAMPIRE 1 13 11 3 1 3 0
> VAMPIRE 4 5 3 3 2 2 0
> VAMPIRE 3 5 3 3 1 2 0
> VAMPIRE 2 5 2 2 1 2 0
> POWERUP GRENADE -4 15 11
> POWERUP GRENADE -4 5 9
> BAT1 9 1 15 5 11 7 13 7 19 7 19 9 19 11 7 13 9 13 11 13 13 13 5 15 7 15 13 15 15 15 5 17 9 17 11 17 15 17 17 17 7 19 9 19 11 19 13 19
< RES 3893 93 1
< MOVE D D
> REQ 3893 94 1
> VAMPIRE 1 15 11 3 1 3 0
> VAMPIRE 4 5 4 3 2 2 0
> VAMPIRE 3 5 4 3 1 2 0
> VAMPIRE 2 6 1 2 0 2 0
> GRENADE 2 5 2 5 2
> POWERUP GRENADE -3 15 11
> POWERUP GRENADE -3 5 9
> BAT1 9 1 15 5 11 7 13 7 19 7 19 9 19 11 7 13 9 13 11 13 13 13 5 15 7 15 13 15 15 15 5 17 9 17 11 17 15 17 17 17 7 19 9 19 11 19 13 19
< RES 3893 94 1
> REQ 3893 95 1
> VAMPIRE 1 15 11 3 1 3 0
> VAMPIRE 4 5 6 3 2 2 0
> VAMPIRE 3 5 6 3 1 2 0
> VAMPIRE 2 8 1 2 0 2 0
> GRENADE 2 5 2 4 2
> POWERUP GRENADE -2 15 11
> POWERUP GRENADE -2 5 9
> BAT1 9 1 15 5 11 7 13 7 19 7 19 9 19 11 7 13 9 13 11 13 13 13 5 15 7 15 13 15 15 15 5 17 9 17 11 17 15 17 17 17 7 19 9 19 11 19 13 19
< RES 3893 95 1
> REQ 3893 96 1
> VAMPIRE 1 15 11 3 1 3 0
> VAMPIRE 4 5 8 3 2 2 0
> VAMPIRE 3 5 8 3 1 2 0
> VAMPIRE 2 8 1 2 0 2 0
> GRENADE 2 5 2 3 2
> POWERUP GRENADE -1 15 11
> POWERUP GRENADE -1 5 9
> BAT1 9 1 15 5 11 7 13 7 19 7 19 9 19 11 7 13 9 13 11 13 13 13 5 15 7 15 13 15 15 15 5 17 9 17 11 17 15 17 17 17 7 19 9 19 11 19 13 19
< RES 3893 96 1
> REQ 3893 97 1
> VAMPIRE 1 15 11 3 2 3 0
> VAMPIRE 4 5 10 3 2 2 0
> VAMPIRE 3 5 6 3 1 2 0
> VAMPIRE 2 8 1 2 0 2 0
> GRENADE 2 5 2 2 2
> POWERUP GRENADE 7 5 9
> BAT1 9 1 15 5 11 7 13 7 19 7 19 9 19 11 7 13 9 13 11 13 13 13 5 15 7 15 13 15 15 15 5 17 9 17 11 17 15 17 17 17 7 19 9 19 11 19 13 19
< RES 3893 97 1
< MOVE U U
> REQ 3893 98 1
> VAMPIRE 1 13 11 3 2 3 0
> VAMPIRE 4 5 8 3 2 2 0
> VAMPIRE 3 5 8 3 1 2 0
> VAMPIRE 2 8 1 2 0 2 0
> GRENADE 2 5 2 1 2
> POWERUP GRENADE 6 5 9
> BAT1 9 1 15 5 11 7 13 7 19 7 19 9 19 11 7 13 9 13 11 13 13 13 5 15 7 15 13 15 15 15 5 17 9 17 11 17 15 17 17 17 7 19 9 19 11 19 13 19
< RES 3893 98 1
< MOVE U U
> REQ 3893 99 1
> VAMPIRE 1 11 11 3 2 3 0
> VAMPIRE 4 5 10 3 2 2 0
> VAMPIRE 3 5 6 3 1 2 0
> VAMPIRE 2 8 1 2 1 2 0
> POWERUP GRENADE 5 5 9
> BAT1 9 1 15 5 11 7 13 7 19 7 19 9 19 11 7 13 9 13 11 13 13 13 5 15 7 15 13 15 15 15 5 17 9 17 11 17 15 17 17 17 7 19 9 19 11 19 13 19
< RES 3893 99 1
< MOVE U U
> REQ 3893 100 1
> VAMPIRE 1 9 11 3 2 3 0
> VAMPIRE 4 5 8 3 2 2 0
> VAMPIRE 3 5 8 3 1 2 0
> VAMPIRE 2 7 2 2 0 2 0
> GRENADE 2 8 1 5 2
> POWERUP GRENADE 4 5 9
> BAT1 9 1 15 5 11 7 13 7 19 7 19 9 19 11 7 13 9 13 11 13 13 13 5 15 7 15 13 15 15 15 5 17 9 17 11 17 15 17 17 17 7 19 9 19 11 19 13 19
< RES 3893 100 1
< MOVE U U
> REQ 3893 101 1
> VAMPIRE 1 7 11 3 2 3 0
> VAMPIRE 4 5 10 3 2 2 0
> VAMPIRE 3 5 10 3 1 2 0
> VAMPIRE 2 8 3 2 0 2 0
> GRENADE 2 8 1 4 2
> POWERUP GRENADE 3 5 9
> BAT1 9 1 15 5 11 7 13 7 19 7 19 9 19 11 7 13 9 13 11 13 13 13 5 15 7 15 13 15 15 15 5 17 9 17 11 17 15 17 17 17 7 19 9 19 11 19 13 19
< RES 3893 101 1
< MOVE U U
> REQ 3893 102 1
> VAMPIRE 1 5 11 3 2 3 0
> VAMPIRE 4 5 11 3 2 2 0
> VAMPIRE 3 5 11 3 1 2 0
> VAMPIRE 2 9 2 2 0 2 0
> GRENADE 2 8 1 3 2
> POWERUP GRENADE 2 5 9
> BAT1 9 1 15 5 11 7 13 7 19 7 19 9 19 11 7 13 9 13 11 13 13 13 5 15 7 15 13 15 15 15 5 17 9 17 11 17 15 17 17 17 7 19 9 19 11 19 13 19
< RES 3893 102 1
< MOVE L L
> REQ 3893 103 1
> VAMPIRE 1 5 9 3 2 3 0
> VAMPIRE 4 5 12 3 2 2 0
> VAMPIRE 3 5 13 3 1 2 0
> VAMPIRE 2 9 2 2 0 2 0
> GRENADE 2 8 1 2 2
> POWERUP GRENADE 1 5 9
> BAT1 9 1 15 5 11 7 13 7 19 7 19 9 19 11 7 13 9 13 11 13 13 13 5 15 7 15 13 15 15 15 5 17 9 17 11 17 15 17 17 17 7 19 9 19 11 19 13 19
< RES 3893 103 1
> REQ 3893 104 1
> VAMPIRE 1 5 9 3 2 3 0
> VAMPIRE 4 5 12 3 1 2 0
> VAMPIRE 3 5 13 3 0 2 0
> VAMPIRE 2 9 2 2 0 2 0
> GRENADE 2 8 1 1 2
> GRENADE 3 5 13 5 2
> GRENADE 4 5 12 5 2
> BAT1 9 1 15 5 11 7 13 7 19 7 19 9 19 11 7 13 9 13 11 13 13 13 5 15 7 15 13 15 15 15 5 17 9 17 11 17 15 17 17 17 7 19 9 19 11 19 13 19
< RES 3893 104 1
< MOVE R
> REQ 3893 105 1
> VAMPIRE 1 5 10 3 2 3 0
> VAMPIRE 4 5 10 3 1 2 0
> VAMPIRE 3 4 13 3 0 2 0
> VAMPIRE 2 9 2 2 1 2 0
> GRENADE 3 5 13 4 2
> GRENADE 4 5 12 4 2
> BAT1 15 5 11 7 13 7 19 7 19 9 19 11 7 13 9 13 11 13 13 13 5 15 7 15 13 15 15 15 5 17 9 17 11 17 15 17 17 17 7 19 9 19 11 19 13 19
< RES 3893 105 1
< MOVE R U
> REQ 3893 106 1
> VAMPIRE 1 4 11 3 2 3 0
> VAMPIRE 4 5 8 3 1 2 0
> VAMPIRE 3 3 12 3 0 2 0
> VAMPIRE 2 9 4 2 1 2 0
> GRENADE 3 5 13 3 2
> GRENADE 4 5 12 3 2
> BAT1 15 5 11 7 13 7 19 7 19 9 19 11 7 13 9 13 11 13 13 13 5 15 7 15 13 15 15 15 5 17 9 17 11 17 15 17 17 17 7 19 9 19 11 19 13 19
< RES 3893 106 1
> REQ 3893 107 1
> VAMPIRE 1 4 11 3 2 3 0
> VAMPIRE 4 4 9 3 1 2 0
> VAMPIRE 3 4 11 3 0 2 0
> VAMPIRE 2 9 6 2 1 2 0
> GRENADE 3 5 13 2 2
> GRENADE 4 5 12 2 2
> BAT1 15 5 11 7 13 7 19 7 19 9 19 11 7 13 9 13 11 13 13 13 5 15 7 15 13 15 15 15 5 17 9 17 11 17 15 17 17 17 7 19 9 19 11 19 13 19
< RES 3893 107 1
> REQ 3893 108 1
> VAMPIRE 1 4 11 3 2 3 0
> VAMPIRE 4 3 10 3 1 2 0
> VAMPIRE 3 6 11 3 0 2 0
> VAMPIRE 2 10 7 2 1 2 0
> GRENADE 3 5 13 1 2
> GRENADE 4 5 12 1 2
> BAT1 15 5 11 7 13 7 19 7 19 9 19 11 7 13 9 13 11 13 13 13 5 15 7 15 13 15 15 15 5 17 9 17 11 17 15 17 17 17 7 19 9 19 11 19 13 19
< RES 3893 108 1
> REQ 3893 109 1
> VAMPIRE 1 4 11 3 2 3 0
> VAMPIRE 4 4 11 3 2 2 0
> VAMPIRE 3 4 11 3 1 2 0
> VAMPIRE 2 9 8 2 0 2 0
> GRENADE 2 10 7 5 2
> BAT1 15 5 11 7 13 7 19 7 19 9 19 11 9 13 11 13 13 13 7 15 13 15 15 15 5 17 9 17 11 17 15 17 17 17 7 19 9 19 11 19 13 19
< RES 3893 109 1
> REQ 3893 110 1
> VAMPIRE 1 4 11 3 2 3 0
> VAMPIRE 4 3 11 3 2 2 0
> VAMPIRE 3 6 11 3 1 2 0
> VAMPIRE 2 10 9 2 0 2 0
> GRENADE 2 10 7 4 2
> BAT1 15 5 11 7 13 7 19 7 19 9 19 11 9 13 11 13 13 13 7 15 13 15 15 15 5 17 9 17 11 17 15 17 17 17 7 19 9 19 11 19 13 19
< RES 3893 110 1
> REQ 3893 111 1
> VAMPIRE 1 4 11 3 2 3 0
> VAMPIRE 4 5 11 3 1 2 0
> VAMPIRE 3 5 11 3 1 2 0
> VAMPIRE 2 11 8 2 0 2 0
> GRENADE 2 10 7 3 2
> GRENADE 4 3 11 5 2
> BAT1 15 5 11 7 13 7 19 7 19 9 19 11 9 13 11 13 13 13 7 15 13 15 15 15 5 17 9 17 11 17 15 17 17 17 7 19 9 19 11 19 13 19
< RES 3893 111 1
< MOVE D R
> REQ 3893 112 1
> VAMPIRE 1 5 12 3 2 3 0
> VAMPIRE 4 6 11 3 1 2 0
> VAMPIRE 3 6 11 3 1 2 0
> VAMPIRE 2 11 8 2 0 2 0
> GRENADE 2 10 7 2 2
> GRENADE 4 3 11 4 2
> BAT1 15 5 11 7 13 7 19 7 19 9 19 11 9 13 11 13 13 13 7 15 13 15 15 15 5 17 9 17 11 17 15 17 17 17 7 19 9 19 11 19 13 19
< RES 3893 112 1
> REQ 3893 113 1
> VAMPIRE 1 5 12 3 2 3 0
> VAMPIRE 4 8 11 3 1 2 0
> VAMPIRE 3 8 11 3 1 2 0
> VAMPIRE 2 11 8 2 0 2 0
> GRENADE 2 10 7 1 2
> GRENADE 4 3 11 3 2
> BAT1 15 5 11 7 13 7 19 7 19 9 19 11 9 13 11 13 13 13 7 15 13 15 15 15 5 17 9 17 11 17 15 17 17 17 7 19 9 19 11 19 13 19
< RES 3893 113 1
> REQ 3893 114 1
> VAMPIRE 1 5 12 3 2 3 0
> VAMPIRE 4 9 11 3 1 2 0
> VAMPIRE 3 9 11 3 1 2 0
> VAMPIRE 2 11 8 2 1 2 0
> GRENADE 4 3 11 2 2
> POWERUP BATTERY -6 11 15
> POWERUP BATTERY -6 9 5
> BAT1 15 5 13 7 19 7 19 9 19 11 9 13 11 13 13 13 7 15 13 15 15 15 5 17 9 17 11 17 15 17 17 17 7 19 9 19 11 19 13 19
< RES 3893 114 1
> REQ 3893 115 1
> VAMPIRE 1 5 12 3 2 3 0
> VAMPIRE 4 9 12 3 1 2 0
> VAMPIRE 3 9 12 3 1 2 0
> VAMPIRE 2 11 9 2 1 2 0
> GRENADE 4 3 11 1 2
> POWERUP BATTERY -5 11 15
> POWERUP BATTERY -5 9 5
> BAT1 15 5 13 7 19 7 19 9 19 11 9 13 11 13 13 13 7 15 13 15 15 15 5 17 9 17 11 17 15 17 17 17 7 19 9 19 11 19 13 19
< RES 3893 115 1
< MOVE L D
> REQ 3893 116 1
> VAMPIRE 1 6 11 3 2 3 0
> VAMPIRE 4 9 11 3 2 2 0
> VAMPIRE 3 9 11 3 1 2 0
> VAMPIRE 2 11 11 2 1 2 0
> POWERUP BATTERY -4 11 15
> POWERUP BATTERY -4 9 5
> BAT1 15 5 13 7 19 7 19 9 19 11 9 13 11 13 13 13 7 15 13 15 15 15 5 17 9 17 11 17 15 17 17 17 7 19 9 19 11 19 13 19
< RES 3893 116 1
< MOVE D D
> REQ 3893 117 1
> VAMPIRE 1 8 11 3 2 3 0
> VAMPIRE 4 7 11 3 1 2 0
> VAMPIRE 3 10 11 3 1 2 0
> VAMPIRE 2 10 11 2 0 2 0
> GRENADE 2 11 11 5 2
> GRENADE 4 9 11 5 2
> POWERUP BATTERY -3 11 15
> POWERUP BATTERY -3 9 5
> BAT1 15 5 13 7 19 7 19 9 19 11 9 13 11 13 13 13 7 15 13 15 15 15 5 17 9 17 11 17 15 17 17 17 7 19 9 19 11 19 13 19
< RES 3893 117 1
< MOVE U L
> REQ 3893 118 1
> VAMPIRE 1 8 11 3 2 3 0
> VAMPIRE 4 7 13 3 0 2 0
> VAMPIRE 3 10 11 3 0 2 0
> VAMPIRE 2 10 11 2 0 2 0
> GRENADE 2 11 11 4 2
> GRENADE 4 9 11 4 2
> GRENADE 3 10 11 5 2
> GRENADE 4 7 11 5 2
> POWERUP BATTERY -2 11 15
> POWERUP BATTERY -2 9 5
> BAT1 15 5 13 7 19 7 19 9 19 11 9 13 11 13 13 13 7 15 13 15 15 15 5 17 9 17 11 17 15 17 17 17 7 19 9 19 11 19 13 19
< RES 3893 118 1
> REQ 3893 119 1
> VAMPIRE 1 8 11 3 2 3 0
> VAMPIRE 4 7 14 3 0 2 0
> VAMPIRE 3 10 11 3 0 2 0
> VAMPIRE 2 10 11 2 0 2 0
> GRENADE 2 11 11 3 2
> GRENADE 4 9 11 3 2
> GRENADE 3 10 11 4 2
> GRENADE 4 7 11 4 2
> POWERUP BATTERY -1 11 15
> POWERUP BATTERY -1 9 5
> BAT1 15 5 13 7 19 7 19 9 19 11 9 13 11 13 13 13 7 15 13 15 15 15 5 17 9 17 11 17 15 17 17 17 7 19 9 19 11 19 13 19
< RES 3893 119 1
> REQ 3893 120 1
> VAMPIRE 1 8 11 3 2 3 0
> VAMPIRE 4 7 14 3 0 2 0
> VAMPIRE 3 10 11 3 0 2 0
> VAMPIRE 2 10 11 2 0 2 0
> GRENADE 2 11 11 2 2
> GRENADE 4 9 11 2 2
> GRENADE 3 10 11 3 2
> GRENADE 4 7 11 3 2
> POWERUP BATTERY 13 11 15
> POWERUP BATTERY 13 9 5
> BAT1 15 5 13 7 19 7 19 9 19 11 9 13 11 13 13 13 7 15 13 15 15 15 5 17 9 17 11 17 15 17 17 17 7 19 9 19 11 19 13 19
< RES 3893 120 1
> REQ 3893 121 1
> VAMPIRE 1 8 11 3 2 3 0
> VAMPIRE 4 7 14 3 0 2 0
> VAMPIRE 3 10 11 3 0 2 0
> VAMPIRE 2 10 11 2 0 2 0
> GRENADE 2 11 11 1 2
> GRENADE 4 9 11 1 2
> GRENADE 3 10 11 2 2
> GRENADE 4 7 11 2 2
> POWERUP BATTERY 12 11 15
> POWERUP BATTERY 12 9 5
> BAT1 15 5 13 7 19 7 19 9 19 11 9 13 11 13 13 13 7 15 13 15 15 15 5 17 9 17 11 17 15 17 17 17 7 19 9 19 11 19 13 19
< RES 3893 121 1
> REQ 3893 122 1
> VAMPIRE 1 8 11 2 2 3 0
> VAMPIRE 4 7 14 3 2 2 0
> VAMPIRE 3 10 11 2 1 2 0
> VAMPIRE 2 10 11 1 1 2 0
> POWERUP BATTERY 11 11 15
> POWERUP BATTERY 11 9 5
> BAT1 15 5 13 7 19 7 19 9 19 11 13 13 7 15 13 15 15 15 5 17 9 17 11 17 15 17 17 17 7 19 9 19 11 19 13 19
< RES 3893 122 1
< MOVE D R
> REQ 3893 123 1
> VAMPIRE 1 9 12 2 2 3 0
> VAMPIRE 4 7 12 3 1 2 0
> VAMPIRE 3 9 11 2 1 2 0
> VAMPIRE 2 9 11 1 1 2 0
> GRENADE 4 7 14 5 2
> POWERUP BATTERY 10 11 15
> POWERUP BATTERY 10 9 5
> BAT1 15 5 13 7 19 7 19 9 19 11 13 13 7 15 13 15 15 15 5 17 9 17 11 17 15 17 17 17 7 19 9 19 11 19 13 19
< RES 3893 123 1
< MOVE R R
> REQ 3893 124 1
> VAMPIRE 1 9 14 2 2 3 0
> VAMPIRE 4 8 11 3 1 2 0
> VAMPIRE 3 9 10 2 1 2 0
> VAMPIRE 2 9 10 1 1 2 0
> GRENADE 4 7 14 4 2
> POWERUP BATTERY 9 11 15
> POWERUP BATTERY 9 9 5
> BAT1 15 5 13 7 19 7 19 9 19 11 13 13 7 15 13 15 15 15 5 17 9 17 11 17 15 17 17 17 7 19 9 19 11 19 13 19
< RES 3893 124 1
< MOVE R D
> REQ 3893 125 1
> VAMPIRE 1 10 15 2 2 3 0
> VAMPIRE 4 9 12 3 1 2 0
> VAMPIRE 3 9 12 2 1 2 0
> VAMPIRE 2 9 12 1 1 2 0
> GRENADE 4 7 14 3 2
> POWERUP BATTERY 8 11 15
> POWERUP BATTERY 8 9 5
> BAT1 15 5 13 7 19 7 19 9 19 11 13 13 7 15 13 15 15 15 5 17 9 17 11 17 15 17 17 17 7 19 9 19 11 19 13 19
< RES 3893 125 1
< MOVE D
> REQ 3893 126 1
> VAMPIRE 1 11 15 2 2 3 0
> VAMPIRE 4 9 14 3 1 2 0
> VAMPIRE 3 9 14 2 1 2 0
> VAMPIRE 2 9 14 1 1 2 0
> GRENADE 4 7 14 2 2
> POWERUP BATTERY 7 11 15
> POWERUP BATTERY 7 9 5
> BAT1 15 5 13 7 19 7 19 9 19 11 13 13 7 15 13 15 15 15 5 17 9 17 11 17 15 17 17 17 7 19 9 19 11 19 13 19
< RES 3893 126 1
> REQ 3893 127 1
> VAMPIRE 1 11 15 2 2 4 0
> VAMPIRE 4 9 15 3 1 2 0
> VAMPIRE 3 9 15 2 1 2 0
> VAMPIRE 2 9 15 1 1 2 0
> GRENADE 4 7 14 1 2
> POWERUP BATTERY 6 9 5
> BAT1 15 5 13 7 19 7 19 9 19 11 13 13 7 15 13 15 15 15 5 17 9 17 11 17 15 17 17 17 7 19 9 19 11 19 13 19
< RES 3893 127 1
< MOVE U U
> REQ 3893 128 1
> VAMPIRE 1 9 15 2 2 4 0
> VAMPIRE 4 10 15 3 2 2 0
> VAMPIRE 3 10 15 2 1 2 0
> VAMPIRE 2 10 15 1 1 2 0
> POWERUP BATTERY 5 9 5
> BAT1 15 5 13 7 19 7 19 9 19 11 13 13 13 15 15 15 5 17 9 17 11 17 15 17 17 17 7 19 9 19 11 19 13 19
< RES 3893 128 1
< MOVE L L
> REQ 3893 129 1
> VAMPIRE 1 9 13 2 2 4 0
> VAMPIRE 4 11 15 3 2 2 0
> VAMPIRE 3 11 15 2 1 2 0
> VAMPIRE 2 11 15 1 1 2 0
> POWERUP BATTERY 4 9 5
> BAT1 15 5 13 7 19 7 19 9 19 11 13 13 13 15 15 15 5 17 9 17 11 17 15 17 17 17 7 19 9 19 11 19 13 19
< RES 3893 129 1
< MOVE L L
> REQ 3893 130 1
> VAMPIRE 1 9 11 2 2 4 0
> VAMPIRE 4 9 15 3 1 2 0
> VAMPIRE 3 9 15 2 1 2 0
> VAMPIRE 2 9 15 1 1 2 0
> GRENADE 4 11 15 5 2
> POWERUP BATTERY 3 9 5
> BAT1 15 5 13 7 19 7 19 9 19 11 13 13 13 15 15 15 5 17 9 17 11 17 15 17 17 17 7 19 9 19 11 19 13 19
< RES 3893 130 1
< MOVE L L
> REQ 3893 131 1
> VAMPIRE 1 9 9 2 2 4 0
> VAMPIRE 4 9 16 3 1 2 0
> VAMPIRE 3 9 16 2 1 2 0
> VAMPIRE 2 9 16 1 1 2 0
> GRENADE 4 11 15 4 2
> POWERUP BATTERY 2 9 5
> BAT1 15 5 13 7 19 7 19 9 19 11 13 13 13 15 15 15 5 17 9 17 11 17 15 17 17 17 7 19 9 19 11 19 13 19
< RES 3893 131 1
< MOVE L L
> REQ 3893 132 1
> VAMPIRE 1 9 7 2 2 4 0
> VAMPIRE 4 9 14 3 1 2 0
> VAMPIRE 3 9 14 2 1 2 0
> VAMPIRE 2 9 14 1 1 2 0
> GRENADE 4 11 15 3 2
> POWERUP BATTERY 1 9 5
> BAT1 15 5 13 7 19 7 19 9 19 11 13 13 13 15 15 15 5 17 9 17 11 17 15 17 17 17 7 19 9 19 11 19 13 19
< RES 3893 132 1
< MOVE L L
> REQ 3893 133 1
> VAMPIRE 1 9 5 2 2 4 0
> VAMPIRE 4 9 16 3 1 2 0
> VAMPIRE 3 9 16 2 1 2 0
> VAMPIRE 2 9 16 1 1 2 0
> GRENADE 4 11 15 2 2
> BAT1 15 5 13 7 19 7 19 9 19 11 13 13 13 15 15 15 5 17 9 17 11 17 15 17 17 17 7 19 9 19 11 19 13 19
< RES 3893 133 1
> REQ 3893 134 1
> VAMPIRE 1 9 5 2 2 4 0
> VAMPIRE 4 9 14 3 1 2 0
> VAMPIRE 3 9 14 2 1 2 0
> VAMPIRE 2 9 14 1 1 2 0
> GRENADE 4 11 15 1 2
> BAT1 15 5 13 7 19 7 19 9 19 11 13 13 13 15 15 15 5 17 9 17 11 17 15 17 17 17 7 19 9 19 11 19 13 19
< RES 3893 134 1
> REQ 3893 135 1
> VAMPIRE 1 9 5 2 2 4 0
> VAMPIRE 4 9 16 3 2 2 0
> VAMPIRE 3 9 16 2 1 2 0
> VAMPIRE 2 9 16 1 1 2 0
> BAT1 15 5 13 7 19 7 19 9 19 11 13 13 15 15 5 17 9 17 15 17 17 17 7 19 9 19 11 19 13 19
< RES 3893 135 1
> REQ 3893 136 1
> VAMPIRE 1 9 5 2 2 4 0
> VAMPIRE 4 9 15 3 2 2 0
> VAMPIRE 3 9 15 2 1 2 0
> VAMPIRE 2 9 15 1 1 2 0
> BAT1 15 5 13 7 19 7 19 9 19 11 13 13 15 15 5 17 9 17 15 17 17 17 7 19 9 19 11 19 13 19
< RES 3893 136 1
> REQ 3893 137 1
> VAMPIRE 1 9 5 2 2 4 0
> VAMPIRE 4 9 16 3 2 2 0
> VAMPIRE 3 9 16 2 1 2 0
> VAMPIRE 2 9 16 1 1 2 0
> POWERUP GRENADE -6 9 15
> POWERUP GRENADE -6 11 5
> BAT1 15 5 13 7 19 7 19 9 19 11 13 13 15 15 5 17 9 17 15 17 17 17 7 19 9 19 11 19 13 19
< RES 3893 137 1
< MOVE D D
> REQ 3893 138 1
> VAMPIRE 1 11 5 2 2 4 0
> VAMPIRE 4 9 15 3 2 2 0
> VAMPIRE 3 9 15 2 1 2 0
> VAMPIRE 2 9 15 1 1 2 0
> POWERUP GRENADE -5 9 15
> POWERUP GRENADE -5 11 5
> BAT1 15 5 13 7 19 7 19 9 19 11 13 13 15 15 5 17 9 17 15 17 17 17 7 19 9 19 11 19 13 19
< RES 3893 138 1
> REQ 3893 139 1
> VAMPIRE 1 11 5 2 2 4 0
> VAMPIRE 4 9 16 3 2 2 0
> VAMPIRE 3 9 16 2 1 2 0
> VAMPIRE 2 9 16 1 1 2 0
> POWERUP GRENADE -4 9 15
> POWERUP GRENADE -4 11 5
> BAT1 15 5 13 7 19 7 19 9 19 11 13 13 15 15 5 17 9 17 15 17 17 17 7 19 9 19 11 19 13 19
< RES 3893 139 1
> REQ 3893 140 1
> VAMPIRE 1 11 5 2 2 4 0
> VAMPIRE 4 9 15 3 2 2 0
> VAMPIRE 3 9 15 2 1 2 0
> VAMPIRE 2 9 15 1 1 2 0
> POWERUP GRENADE -3 9 15
> POWERUP GRENADE -3 11 5
> BAT1 15 5 13 7 19 7 19 9 19 11 13 13 15 15 5 17 9 17 15 17 17 17 7 19 9 19 11 19 13 19
< RES 3893 140 1
> REQ 3893 141 1
> VAMPIRE 1 11 5 2 2 4 0
> VAMPIRE 4 9 16 3 2 2 0
> VAMPIRE 3 9 16 2 1 2 0
> VAMPIRE 2 9 16 1 1 2 0
> POWERUP GRENADE -2 9 15
> POWERUP GRENADE -2 11 5
> BAT1 15 5 13 7 19 7 19 9 19 11 13 13 15 15 5 17 9 17 15 17 17 17 7 19 9 19 11 19 13 19
< RES 3893 141 1
> REQ 3893 142 1
> VAMPIRE 1 11 5 2 2 4 0
> VAMPIRE 4 9 15 3 2 2 0
> VAMPIRE 3 9 15 2 1 2 0
> VAMPIRE 2 9 15 1 1 2 0
> POWERUP GRENADE -1 9 15
> POWERUP GRENADE -1 11 5
> BAT1 15 5 13 7 19 7 19 9 19 11 13 13 15 15 5 17 9 17 15 17 17 17 7 19 9 19 11 19 13 19
< RES 3893 142 1
> REQ 3893 143 1
> VAMPIRE 1 11 5 2 3 4 0
> VAMPIRE 4 9 16 3 3 2 0
> VAMPIRE 3 9 16 2 2 2 0
> VAMPIRE 2 9 16 1 2 2 0
> BAT1 15 5 13 7 19 7 19 9 19 11 13 13 15 15 5 17 9 17 15 17 17 17 7 19 9 19 11 19 13 19
< RES 3893 143 1
> REQ 3893 144 1
> VAMPIRE 1 11 5 2 3 4 0
> VAMPIRE 4 9 15 3 3 2 0
> VAMPIRE 3 9 15 2 2 2 0
> VAMPIRE 2 9 15 1 2 2 0
> BAT1 15 5 13 7 19 7 19 9 19 11 13 13 15 15 5 17 9 17 15 17 17 17 7 19 9 19 11 19 13 19
< RES 3893 144 1
> REQ 3893 145 1
> VAMPIRE 1 11 5 2 3 4 0
> VAMPIRE 4 9 16 3 3 2 0
> VAMPIRE 3 9 16 2 2 2 0
> VAMPIRE 2 9 16 1 2 2 0
> BAT1 15 5 13 7 19 7 19 9 19 11 13 13 15 15 5 17 9 17 15 17 17 17 7 19 9 19 11 19 13 19
< RES 3893 145 1
> REQ 3893 146 1
> VAMPIRE 1 11 5 2 3 4 0
> VAMPIRE 4 9 15 3 3 2 0
> VAMPIRE 3 9 15 2 2 2 0
> VAMPIRE 2 9 15 1 2 2 0
> BAT1 15 5 13 7 19 7 19 9 19 11 13 13 15 15 5 17 9 17 15 17 17 17 7 19 9 19 11 19 13 19
< RES 3893 146 1
> REQ 3893 147 1
> VAMPIRE 1 11 5 2 3 4 0
> VAMPIRE 4 9 16 3 3 2 0
> VAMPIRE 3 9 16 2 2 2 0
> VAMPIRE 2 9 16 1 2 2 0
> BAT1 15 5 13 7 19 7 19 9 19 11 13 13 15 15 5 17 9 17 15 17 17 17 7 19 9 19 11 19 13 19
< RES 3893 147 1
> REQ 3893 148 1
> VAMPIRE 1 11 5 2 3 4 0
> VAMPIRE 4 9 15 3 3 2 0
> VAMPIRE 3 9 15 2 2 2 0
> VAMPIRE 2 9 15 1 2 2 0
> BAT1 15 5 13 7 19 7 19 9 19 11 13 13 15 15 5 17 9 17 15 17 17 17 7 19 9 19 11 19 13 19
< RES 3893 148 1
> REQ 3893 149 1
> VAMPIRE 1 11 5 2 3 4 0
> VAMPIRE 4 9 16 3 3 2 0
> VAMPIRE 3 9 16 2 2 2 0
> VAMPIRE 2 9 16 1 2 2 0
> BAT1 15 5 13 7 19 7 19 9 19 11 13 13 15 15 5 17 9 17 15 17 17 17 7 19 9 19 11 19 13 19
< RES 3893 149 1
> REQ 3893 150 1
> VAMPIRE 1 11 5 2 3 4 0
> VAMPIRE 4 9 15 3 3 2 0
> VAMPIRE 3 9 15 2 2 2 0
> VAMPIRE 2 9 15 1 2 2 0
> BAT1 15 5 13 7 19 7 19 9 19 11 13 13 15 15 5 17 9 17 15 17 17 17 7 19 9 19 11 19 13 19
< RES 3893 150 1
> REQ 3893 151 1
> VAMPIRE 1 11 5 2 3 4 0
> VAMPIRE 4 9 16 3 3 2 0
> VAMPIRE 3 9 16 2 2 2 0
> VAMPIRE 2 9 16 1 2 2 0
> BAT1 15 5 13 7 19 7 19 9 19 11 13 13 15 15 5 17 9 17 15 17 17 17 7 19 9 19 11 19 13 19
< RES 3893 151 1
> REQ 3893 152 1
> VAMPIRE 1 11 5 2 3 4 0
> VAMPIRE 4 9 15 3 3 2 0
> VAMPIRE 3 9 15 2 2 2 0
> VAMPIRE 2 9 15 1 2 2 0
> BAT1 15 5 13 7 19 7 19 9 19 11 13 13 15 15 5 17 9 17 15 17 17 17 7 19 9 19 11 19 13 19
< RES 3893 152 1
> REQ 3893 153 1
> VAMPIRE 1 11 5 2 3 4 0
> VAMPIRE 4 9 16 3 3 2 0
> VAMPIRE 3 9 16 2 2 2 0
> VAMPIRE 2 9 16 1 2 2 0
> BAT1 15 5 13 7 19 7 19 9 19 11 13 13 15 15 5 17 9 17 15 17 17 17 7 19 9 19 11 19 13 19
< RES 3893 153 1
> REQ 3893 154 1
> VAMPIRE 1 11 5 2 3 4 0
> VAMPIRE 4 9 15 3 3 2 0
> VAMPIRE 3 9 15 2 2 2 0
> VAMPIRE 2 9 15 1 2 2 0
> BAT1 15 5 13 7 19 7 19 9 19 11 13 13 15 15 5 17 9 17 15 17 17 17 7 19 9 19 11 19 13 19
< RES 3893 154 1
> REQ 3893 155 1
> VAMPIRE 1 11 5 2 3 4 0
> VAMPIRE 4 9 16 3 3 2 0
> VAMPIRE 3 9 16 2 2 2 0
> VAMPIRE 2 9 16 1 2 2 0
> BAT1 15 5 13 7 19 7 19 9 19 11 13 13 15 15 5 17 9 17 15 17 17 17 7 19 9 19 11 19 13 19
< RES 3893 155 1
> REQ 3893 156 1
> VAMPIRE 1 11 5 2 3 4 0
> VAMPIRE 4 9 15 3 3 2 0
> VAMPIRE 3 9 15 2 2 2 0
> VAMPIRE 2 9 15 1 2 2 0
> BAT1 15 5 13 7 19 7 19 9 19 11 13 13 15 15 5 17 9 17 15 17 17 17 7 19 9 19 11 19 13 19
< RES 3893 156 1
> REQ 3893 157 1
> VAMPIRE 1 11 5 2 3 4 0
> VAMPIRE 4 9 16 3 3 2 0
> VAMPIRE 3 9 16 2 2 2 0
> VAMPIRE 2 9 16 1 2 2 0
> BAT1 15 5 13 7 19 7 19 9 19 11 13 13 15 15 5 17 9 17 15 17 17 17 7 19 9 19 11 19 13 19
< RES 3893 157 1
> REQ 3893 158 1
> VAMPIRE 1 11 5 2 3 4 0
> VAMPIRE 4 9 15 3 3 2 0
> VAMPIRE 3 9 15 2 2 2 0
> VAMPIRE 2 9 15 1 2 2 0
> BAT1 15 5 13 7 19 7 19 9 19 11 13 13 15 15 5 17 9 17 15 17 17 17 7 19 9 19 11 19 13 19
< RES 3893 158 1
> REQ 3893 159 1
> VAMPIRE 1 11 5 2 3 4 0
> VAMPIRE 4 9 16 3 3 2 0
> VAMPIRE 3 9 16 2 2 2 0
> VAMPIRE 2 9 16 1 2 2 0
> POWERUP BATTERY -7 11 9
> POWERUP BATTERY -7 9 11
> BAT1 15 5 13 7 19 7 19 9 19 11 13 13 15 15 5 17 9 17 15 17 17 17 7 19 9 19 11 19 13 19
< RES 3893 159 1
< MOVE R R
> REQ 3893 160 1
> VAMPIRE 1 11 7 2 3 4 0
> VAMPIRE 4 9 15 3 3 2 0
> VAMPIRE 3 9 15 2 2 2 0
> VAMPIRE 2 9 15 1 2 2 0
> POWERUP BATTERY -6 11 9
> POWERUP BATTERY -6 9 11
> BAT1 15 5 13 7 19 7 19 9 19 11 13 13 15 15 5 17 9 17 15 17 17 17 7 19 9 19 11 19 13 19
< RES 3893 160 1
< MOVE R R
> REQ 3893 161 1
> VAMPIRE 1 11 9 2 3 4 0
> VAMPIRE 4 9 16 3 3 2 0
> VAMPIRE 3 9 16 2 2 2 0
> VAMPIRE 2 9 16 1 2 2 0
> POWERUP BATTERY -5 11 9
> POWERUP BATTERY -5 9 11
> BAT1 15 5 13 7 19 7 19 9 19 11 13 13 15 15 5 17 9 17 15 17 17 17 7 19 9 19 11 19 13 19
< RES 3893 161 1
> REQ 3893 162 1
> VAMPIRE 1 11 9 2 3 4 0
> VAMPIRE 4 9 15 3 3 2 0
> VAMPIRE 3 9 15 2 2 2 0
> VAMPIRE 2 9 15 1 2 2 0
> POWERUP BATTERY -4 11 9
> POWERUP BATTERY -4 9 11
> BAT1 15 5 13 7 19 7 19 9 19 11 13 13 15 15 5 17 9 17 15 17 17 17 7 19 9 19 11 19 13 19
< RES 3893 162 1
> REQ 3893 163 1
> VAMPIRE 1 11 9 2 3 4 0
> VAMPIRE 4 9 16 3 3 2 0
> VAMPIRE 3 9 16 2 2 2 0
> VAMPIRE 2 9 16 1 2 2 0
> POWERUP BATTERY -3 11 9
> POWERUP BATTERY -3 9 11
> BAT1 15 5 13 7 19 7 19 9 19 11 13 13 15 15 5 17 9 17 15 17 17 17 7 19 9 19 11 19 13 19
< RES 3893 163 1
> REQ 3893 164 1
> VAMPIRE 1 11 9 2 3 4 0
> VAMPIRE 4 9 15 3 3 2 0
> VAMPIRE 3 9 15 2 2 2 0
> VAMPIRE 2 9 15 1 2 2 0
> POWERUP BATTERY -2 11 9
> POWERUP BATTERY -2 9 11
> BAT1 15 5 13 7 19 7 19 9 19 11 13 13 15 15 5 17 9 17 15 17 17 17 7 19 9 19 11 19 13 19
< RES 3893 164 1
> REQ 3893 165 1
> VAMPIRE 1 11 9 2 3 4 0
> VAMPIRE 4 9 16 3 3 2 0
> VAMPIRE 3 9 16 2 2 2 0
> VAMPIRE 2 9 16 1 2 2 0
> POWERUP BATTERY -1 11 9
> POWERUP BATTERY -1 9 11
> BAT1 15 5 13 7 19 7 19 9 19 11 13 13 15 15 5 17 9 17 15 17 17 17 7 19 9 19 11 19 13 19
< RES 3893 165 1
> REQ 3893 166 1
> VAMPIRE 1 11 9 2 3 5 0
> VAMPIRE 4 9 15 3 3 2 0
> VAMPIRE 3 9 15 2 2 2 0
> VAMPIRE 2 9 15 1 2 2 0
> POWERUP BATTERY 13 9 11
> BAT1 15 5 13 7 19 7 19 9 19 11 13 13 15 15 5 17 9 17 15 17 17 17 7 19 9 19 11 19 13 19
< RES 3893 166 1
< MOVE U U
> REQ 3893 167 1
> VAMPIRE 1 9 9 2 3 5 0
> VAMPIRE 4 9 16 3 3 2 0
> VAMPIRE 3 9 16 2 2 2 0
> VAMPIRE 2 9 16 1 2 2 0
> POWERUP BATTERY 12 9 11
> BAT1 15 5 13 7 19 7 19 9 19 11 13 13 15 15 5 17 9 17 15 17 17 17 7 19 9 19 11 19 13 19
< RES 3893 167 1
< MOVE R R
> REQ 3893 168 1
> VAMPIRE 1 9 11 2 3 5 0
> VAMPIRE 4 9 15 3 3 2 0
> VAMPIRE 3 9 15 2 2 2 0
> VAMPIRE 2 9 15 1 2 2 0
> POWERUP BATTERY 11 9 11
> BAT1 15 5 13 7 19 7 19 9 19 11 13 13 15 15 5 17 9 17 15 17 17 17 7 19 9 19 11 19 13 19
< RES 3893 168 1
> REQ 3893 169 1
> VAMPIRE 1 9 11 2 3 6 0
> VAMPIRE 4 9 16 3 3 2 0
> VAMPIRE 3 9 16 2 2 2 0
> VAMPIRE 2 9 16 1 2 2 0
> BAT1 15 5 13 7 19 7 19 9 19 11 13 13 15 15 5 17 9 17 15 17 17 17 7 19 9 19 11 19 13 19
< RES 3893 169 1
> REQ 3893 170 1
> VAMPIRE 1 9 11 2 3 6 0
> VAMPIRE 4 9 15 3 3 2 0
> VAMPIRE 3 9 15 2 2 2 0
> VAMPIRE 2 9 15 1 2 2 0
> BAT1 15 5 13 7 19 7 19 9 19 11 13 13 15 15 5 17 9 17 15 17 17 17 7 19 9 19 11 19 13 19
< RES 3893 170 1
> REQ 3893 171 1
> VAMPIRE 1 9 11 2 3 6 0
> VAMPIRE 4 9 16 3 3 2 0
> VAMPIRE 3 9 16 2 2 2 0
> VAMPIRE 2 9 16 1 2 2 0
> BAT1 15 5 13 7 19 7 19 9 19 11 13 13 15 15 5 17 9 17 15 17 17 17 7 19 9 19 11 19 13 19
< RES 3893 171 1
> REQ 3893 172 1
> VAMPIRE 1 9 11 2 3 6 0
> VAMPIRE 4 9 15 3 3 2 0
> VAMPIRE 3 9 15 2 2 2 0
> VAMPIRE 2 9 15 1 2 2 0
> BAT1 15 5 13 7 19 7 19 9 19 11 13 13 15 15 5 17 9 17 15 17 17 17 7 19 9 19 11 19 13 19
< RES 3893 172 1
> REQ 3893 173 1
> VAMPIRE 1 9 11 2 3 6 0
> VAMPIRE 4 9 16 3 3 2 0
> VAMPIRE 3 9 16 2 2 2 0
> VAMPIRE 2 9 16 1 2 2 0
> BAT1 15 5 13 7 19 7 19 9 19 11 13 13 15 15 5 17 9 17 15 17 17 17 7 19 9 19 11 19 13 19
< RES 3893 173 1
> REQ 3893 174 1
> VAMPIRE 1 9 11 2 3 6 0
> VAMPIRE 4 9 15 3 3 2 0
> VAMPIRE 3 9 15 2 2 2 0
> VAMPIRE 2 9 15 1 2 2 0
> BAT1 15 5 13 7 19 7 19 9 19 11 13 13 15 15 5 17 9 17 15 17 17 17 7 19 9 19 11 19 13 19
< RES 3893 174 1
> REQ 3893 175 1
> VAMPIRE 1 9 11 2 3 6 0
> VAMPIRE 4 9 16 3 3 2 0
> VAMPIRE 3 9 16 2 2 2 0
> VAMPIRE 2 9 16 1 2 2 0
> BAT1 15 5 13 7 19 7 19 9 19 11 13 13 15 15 5 17 9 17 15 17 17 17 7 19 9 19 11 19 13 19
< RES 3893 175 1
> REQ 3893 176 1
> VAMPIRE 1 9 11 2 3 6 0
> VAMPIRE 4 9 15 3 3 2 0
> VAMPIRE 3 9 15 2 2 2 0
> VAMPIRE 2 9 15 1 2 2 0
> BAT1 15 5 13 7 19 7 19 9 19 11 13 13 15 15 5 17 9 17 15 17 17 17 7 19 9 19 11 19 13 19
< RES 3893 176 1
> REQ 3893 177 1
> VAMPIRE 1 9 11 2 3 6 0
> VAMPIRE 4 9 16 3 3 2 0
> VAMPIRE 3 9 16 2 2 2 0
> VAMPIRE 2 9 16 1 2 2 0
> BAT1 15 5 13 7 19 7 19 9 19 11 13 13 15 15 5 17 9 17 15 17 17 17 7 19 9 19 11 19 13 19
< RES 3893 177 1
> REQ 3893 178 1
> VAMPIRE 1 9 11 2 3 6 0
> VAMPIRE 4 9 15 3 3 2 0
> VAMPIRE 3 9 15 2 2 2 0
> VAMPIRE 2 9 15 1 2 2 0
> BAT1 15 5 13 7 19 7 19 9 19 11 13 13 15 15 5 17 9 17 15 17 17 17 7 19 9 19 11 19 13 19
< RES 3893 178 1
> REQ 3893 179 1
> VAMPIRE 1 9 11 2 3 6 0
> VAMPIRE 4 9 16 3 3 2 0
> VAMPIRE 3 9 16 2 2 2 0
> VAMPIRE 2 9 16 1 2 2 0
> BAT1 15 5 13 7 19 7 19 9 19 11 13 13 15 15 5 17 9 17 15 17 17 17 7 19 9 19 11 19 13 19
< RES 3893 179 1
> REQ 3893 180 1
> VAMPIRE 1 9 11 2 3 6 0
> VAMPIRE 4 9 15 3 3 2 0
> VAMPIRE 3 9 15 2 2 2 0
> VAMPIRE 2 9 15 1 2 2 0
> POWERUP BATTERY -9 11 15
> POWERUP BATTERY -9 9 5
> BAT1 15 5 13 7 19 7 19 9 19 11 13 13 15 15 5 17 9 17 15 17 17 17 7 19 9 19 11 19 13 19
< RES 3893 180 1
< MOVE R R
> REQ 3893 181 1
> VAMPIRE 1 9 13 2 3 6 0
> VAMPIRE 4 9 16 3 3 2 0
> VAMPIRE 3 9 16 2 2 2 0
> VAMPIRE 2 9 16 1 2 2 0
> POWERUP BATTERY -8 11 15
> POWERUP BATTERY -8 9 5
> BAT1 15 5 13 7 19 7 19 9 19 11 13 13 15 15 5 17 9 17 15 17 17 17 7 19 9 19 11 19 13 19
< RES 3893 181 1
< MOVE R R
> REQ 3893 182 1
> VAMPIRE 1 9 15 2 3 6 0
> VAMPIRE 4 9 14 3 2 2 0
> VAMPIRE 3 9 15 2 2 2 0
> VAMPIRE 2 9 15 1 2 2 0
> GRENADE 4 9 16 5 2
> POWERUP BATTERY -7 11 15
> POWERUP BATTERY -7 9 5
> BAT1 15 5 13 7 19 7 19 9 19 11 13 13 15 15 5 17 9 17 15 17 17 17 7 19 9 19 11 19 13 19
< RES 3893 182 1
< MOVE D D
> REQ 3893 183 1
> VAMPIRE 1 11 15 2 3 6 0
> VAMPIRE 4 9 14 3 1 2 0
> VAMPIRE 3 9 15 2 1 2 0
> VAMPIRE 2 9 15 1 1 2 0
> GRENADE 4 9 16 4 2
> GRENADE 2 9 15 5 2
> GRENADE 3 9 15 5 2
> GRENADE 4 9 14 5 2
> POWERUP BATTERY -6 11 15
> POWERUP BATTERY -6 9 5
> BAT1 15 5 13 7 19 7 19 9 19 11 13 13 15 15 5 17 9 17 15 17 17 17 7 19 9 19 11 19 13 19
< RES 3893 183 1
> REQ 3893 184 1
> VAMPIRE 1 11 15 2 3 6 0
> VAMPIRE 4 10 13 3 1 2 0
> VAMPIRE 3 11 15 2 1 2 0
> VAMPIRE 2 10 15 1 1 2 0
> GRENADE 4 9 16 3 2
> GRENADE 2 9 15 4 2
> GRENADE 3 9 15 4 2
> GRENADE 4 9 14 4 2
> POWERUP BATTERY -5 11 15
> POWERUP BATTERY -5 9 5
> BAT1 15 5 13 7 19 7 19 9 19 11 13 13 15 15 5 17 9 17 15 17 17 17 7 19 9 19 11 19 13 19
< RES 3893 184 1
> REQ 3893 185 1
> VAMPIRE 1 11 15 2 3 6 0
> VAMPIRE 4 11 14 3 1 2 0
> VAMPIRE 3 13 15 2 1 2 0
> VAMPIRE 2 11 16 1 1 2 0
> GRENADE 4 9 16 2 2
> GRENADE 2 9 15 3 2
> GRENADE 3 9 15 3 2
> GRENADE 4 9 14 3 2
> POWERUP BATTERY -4 11 15
> POWERUP BATTERY -4 9 5
> BAT1 15 5 13 7 19 7 19 9 19 11 13 13 15 15 5 17 9 17 15 17 17 17 7 19 9 19 11 19 13 19
< RES 3893 185 1
> REQ 3893 186 1
> VAMPIRE 1 11 15 2 3 6 0
> VAMPIRE 4 12 15 3 0 2 0
> VAMPIRE 3 13 17 2 0 2 0
> VAMPIRE 2 10 17 1 0 2 0
> GRENADE 4 9 16 1 2
> GRENADE 2 9 15 2 2
> GRENADE 3 9 15 2 2
> GRENADE 4 9 14 2 2
> GRENADE 2 11 16 5 2
> GRENADE 3 13 15 5 2
> GRENADE 4 11 14 5 2
> POWERUP BATTERY -3 11 15
> POWERUP BATTERY -3 9 5
> BAT1 15 5 13 7 19 7 19 9 19 11 13 13 15 15 5 17 9 17 15 17 17 17 7 19 9 19 11 19 13 19
< RES 3893 186 1
> REQ 3893 187 1
> VAMPIRE 1 11 15 1 3 6 0
> VAMPIRE 4 12 15 3 2 2 0
> VAMPIRE 3 12 17 2 1 2 0
> VAMPIRE 2 10 17 1 1 2 0
> GRENADE 2 11 16 4 2
> GRENADE 3 13 15 4 2
> GRENADE 4 11 14 4 2
> POWERUP BATTERY -2 11 15
> POWERUP BATTERY -2 9 5
> BAT1 15 5 13 7 19 7 19 9 19 11 13 13 15 15 5 17 15 17 17 17 7 19 9 19 11 19 13 19
< RES 3893 187 1
> REQ 3893 188 1
> VAMPIRE 1 11 15 1 3 6 0
> VAMPIRE 4 10 15 3 1 2 0
> VAMPIRE 3 11 17 2 1 2 0
> VAMPIRE 2 9 18 1 0 2 0
> GRENADE 2 11 16 3 2
> GRENADE 3 13 15 3 2
> GRENADE 4 11 14 3 2
> GRENADE 2 10 17 5 2
> GRENADE 4 12 15 5 2
> POWERUP BATTERY -1 11 15
> POWERUP BATTERY -1 9 5
> BAT1 15 5 13 7 19 7 19 9 19 11 13 13 15 15 5 17 15 17 17 17 7 19 9 19 11 19 13 19
< RES 3893 188 1
> REQ 3893 189 1
> VAMPIRE 1 11 15 1 3 6 0
> VAMPIRE 4 9 16 3 0 2 0
> VAMPIRE 3 12 17 2 0 2 0
> VAMPIRE 2 9 18 1 0 2 0
> GRENADE 2 11 16 2 2
> GRENADE 3 13 15 2 2
> GRENADE 4 11 14 2 2
> GRENADE 2 10 17 4 2
> GRENADE 4 12 15 4 2
> GRENADE 3 11 17 5 2
> GRENADE 4 10 15 5 2
> POWERUP BATTERY 14 11 15
> POWERUP BATTERY 14 9 5
> BAT1 15 5 13 7 19 7 19 9 19 11 13 13 15 15 5 17 15 17 17 17 7 19 9 19 11 19 13 19
< RES 3893 189 1
> REQ 3893 190 1
> VAMPIRE 1 11 15 1 3 6 0
> VAMPIRE 4 9 18 3 0 2 0
> VAMPIRE 3 13 18 2 0 2 0
> VAMPIRE 2 9 18 1 0 2 0
> GRENADE 2 11 16 1 2
> GRENADE 3 13 15 1 2
> GRENADE 4 11 14 1 2
> GRENADE 2 10 17 3 2
> GRENADE 4 12 15 3 2
> GRENADE 3 11 17 4 2
> GRENADE 4 10 15 4 2
> POWERUP BATTERY 13 11 15
> POWERUP BATTERY 13 9 5
> BAT1 15 5 13 7 19 7 19 9 19 11 13 13 15 15 5 17 15 17 17 17 7 19 9 19 11 19 13 19
< RES 3893 190 1
> END 358.8 No_competitor_left