> MESSAGE OK
> LEVEL 9
> GAMEID 1637332131
> TEST 1
> MAXTICK 1000
> GRENADERADIUS 2
> SIZE 21
> REQ 1637332131 0 1
> VAMPIRE 1 1 1 3 1 2 0
> VAMPIRE 4 1 19 3 1 2 0
> VAMPIRE 3 19 19 3 1 2 0
> VAMPIRE 2 19 1 3 1 2 0
> BAT1 4 1 6 1 8 1 10 1 12 1 14 1 16 1 1 4 19 4 6 5 8 5 10 5 12 5 14 5 1 6 5 6 15 6 19 6 1 8 5 8 15 8 19 8 10 9 1 10 5 10 9 10 11 10 15 10 19 10 10 11 1 12 5 12 15 12 19 12 1 14 5 14 15 14 19 14 6 15 8 15 10 15 12 15 14 15 1 16 19 16 4 19 6 19 8 19 10 19 12 19 14 19 16 19
> BAT2 4 3 6 3 8 3 10 3 12 3 14 3 16 3 3 4 17 4 3 6 17 6 8 7 10 7 12 7 3 8 7 8 13 8 17 8 3 10 7 10 13 10 17 10 3 12 7 12 13 12 17 12 8 13 10 13 12 13 3 14 17 14 3 16 17 16 4 17 6 17 8 17 10 17 12 17 14 17 16 17
< RES 1637332131 0 1
< MOVE D
> REQ 1637332131 1 1
> VAMPIRE 1 2 1 3 1 2 0
> VAMPIRE 4 1 17 3 1 2 0
> VAMPIRE 3 17 19 3 1 2 0
> VAMPIRE 2 17 1 3 1 2 0
> BAT1 4 1 6 1 8 1 10 1 12 1 14 1 16 1 1 4 19 4 6 5 8 5 10 5 12 5 14 5 1 6 5 6 15 6 19 6 1 8 5 8 15 8 19 8 10 9 1 10 5 10 9 10 11 10 15 10 19 10 10 11 1 12 5 12 15 12 19 12 1 14 5 14 15 14 19 14 6 15 8 15 10 15 12 15 14 15 1 16 19 16 4 19 6 19 8 19 10 19 12 19 14 19 16 19
> BAT2 4 3 6 3 8 3 10 3 12 3 14 3 16 3 3 4 17 4 3 6 17 6 8 7 10 7 12 7 3 8 7 8 13 8 17 8 3 10 7 10 13 10 17 10 3 12 7 12 13 12 17 12 8 13 10 13 12 13 3 14 17 14 3 16 17 16 4 17 6 17 8 17 10 17 12 17 14 17 16 17
< RES 1637332131 1 1
< GRENADE
< MOVE U R
> REQ 1637332131 2 1
> VAMPIRE 1 1 2 3 0 2 0
> VAMPIRE 4 1 17 3 0 2 0
> VAMPIRE 3 17 17 3 1 2 0
> VAMPIRE 2 17 1 3 0 2 0
> GRENADE 1 2 1 5 2
> GRENADE 4 1 17 5 2
> GRENADE 2 17 1 5 2
> BAT1 4 1 6 1 8 1 10 1 12 1 14 1 16 1 1 4 19 4 6 5 8 5 10 5 12 5 14 5 1 6 5 6 15 6 19 6 1 8 5 8 15 8 19 8 10 9 1 10 5 10 9 10 11 10 15 10 19 10 10 11 1 12 5 12 15 12 19 12 1 14 5 14 15 14 19 14 6 15 8 15 10 15 12 15 14 15 1 16 19 16 4 19 6 19 8 19 10 19 12 19 14 19 16 19
> BAT2 4 3 6 3 8 3 10 3 12 3 14 3 16 3 3 4 17 4 3 6 17 6 8 7 10 7 12 7 3 8 7 8 13 8 17 8 3 10 7 10 13 10 17 10 3 12 7 12 13 12 17 12 8 13 10 13 12 13 3 14 17 14 3 16 17 16 4 17 6 17 8 17 10 17 12 17 14 17 16 17
< RES 1637332131 2 1
< MOVE L
> REQ 1637332131 3 1
> VAMPIRE 1 1 1 3 0 2 0
> VAMPIRE 4 1 17 3 0 2 0
> VAMPIRE 3 19 17 3 0 2 0
> VAMPIRE 2 18 1 3 0 2 0
> GRENADE 1 2 1 4 2
> GRENADE 4 1 15 4 2
> GRENADE 2 17 3 4 2
> GRENADE 3 17 17 5 2
> BAT1 4 1 6 1 8 1 10 1 12 1 14 1 16 1 1 4 19 4 6 5 8 5 10 5 12 5 14 5 1 6 5 6 15 6 19 6 1 8 5 8 15 8 19 8 10 9 1 10 5 10 9 10 11 10 15 10 19 10 10 11 1 12 5 12 15 12 19 12 1 14 5 14 15 14 19 14 6 15 8 15 10 15 12 15 14 15 1 16 19 16 4 19 6 19 8 19 10 19 12 19 14 19 16 19
> BAT2 4 3 6 3 8 3 10 3 12 3 14 3 16 3 3 4 17 4 3 6 17 6 8 7 10 7 12 7 3 8 7 8 13 8 17 8 3 10 7 10 13 10 17 10 3 12 7 12 13 12 17 12 8 13 10 13 12 13 3 14 17 14 3 16 17 16 4 17 6 17 8 17 10 17 12 17 14 17 16 17
< RES 1637332131 3 1
< THROW D 3
< MOVE R R
> REQ 1637332131 4 1
> VAMPIRE 1 1 3 3 0 2 0
> VAMPIRE 4 3 17 3 0 2 0
> VAMPIRE 3 19 18 3 0 2 0
> VAMPIRE 2 17 2 3 0 2 0
> GRENADE 1 5 1 3 2
> GRENADE 4 1 15 3 2
> GRENADE 2 17 3 3 2
> GRENADE 3 17 17 4 2
> BAT1 4 1 6 1 8 1 10 1 12 1 14 1 16 1 1 4 19 4 6 5 8 5 10 5 12 5 14 5 1 6 5 6 15 6 19 6 1 8 5 8 15 8 19 8 10 9 1 10 5 10 9 10 11 10 15 10 19 10 10 11 1 12 5 12 15 12 19 12 1 14 5 14 15 14 19 14 6 15 8 15 10 15 12 15 14 15 1 16 19 16 4 19 6 19 8 19 10 19 12 19 14 19 16 19
> BAT2 4 3 6 3 8 3 10 3 12 3 14 3 16 3 3 4 17 4 3 6 17 6 8 7 10 7 12 7 3 8 7 8 13 8 17 8 3 10 7 10 13 10 17 10 3 12 7 12 13 12 17 12 8 13 10 13 12 13 3 14 17 14 3 16 17 16 4 17 6 17 8 17 10 17 12 17 14 17 16 17
< RES 1637332131 4 1
> REQ 1637332131 5 1
> VAMPIRE 1 1 3 3 0 2 0
> VAMPIRE 4 3 17 3 0 2 0
> VAMPIRE 3 19 18 3 0 2 0
> VAMPIRE 2 17 1 3 0 2 0
> GRENADE 1 5 1 2 2
> GRENADE 4 1 15 2 2
> GRENADE 2 17 5 2 2
> GRENADE 3 17 17 3 2
> BAT1 4 1 6 1 8 1 10 1 12 1 14 1 16 1 1 4 19 4 6 5 8 5 10 5 12 5 14 5 1 6 5 6 15 6 19 6 1 8 5 8 15 8 19 8 10 9 1 10 5 10 9 10 11 10 15 10 19 10 10 11 1 12 5 12 15 12 19 12 1 14 5 14 15 14 19 14 6 15 8 15 10 15 12 15 14 15 1 16 19 16 4 19 6 19 8 19 10 19 12 19 14 19 16 19
> BAT2 4 3 6 3 8 3 10 3 12 3 14 3 16 3 3 4 17 4 3 6 17 6 8 7 10 7 12 7 3 8 7 8 13 8 17 8 3 10 7 10 13 10 17 10 3 12 7 12 13 12 17 12 8 13 10 13 12 13 3 14 17 14 3 16 17 16 4 17 6 17 8 17 10 17 12 17 14 17 16 17
< RES 1637332131 5 1
> REQ 1637332131 6 1
> VAMPIRE 1 1 3 3 0 2 0
> VAMPIRE 4 3 17 3 0 2 0
> VAMPIRE 3 19 18 3 0 2 0
> VAMPIRE 2 17 1 3 0 2 0
> GRENADE 1 5 1 1 2
> GRENADE 4 1 15 1 2
> GRENADE 2 17 5 1 2
> GRENADE 3 17 17 2 2
> BAT1 4 1 6 1 8 1 10 1 12 1 14 1 16 1 1 4 19 4 6 5 8 5 10 5 12 5 14 5 1 6 5 6 15 6 19 6 1 8 5 8 15 8 19 8 10 9 1 10 5 10 9 10 11 10 15 10 19 10 10 11 1 12 5 12 15 12 19 12 1 14 5 14 15 14 19 14 6 15 8 15 10 15 12 15 14 15 1 16 19 16 4 19 6 19 8 19 10 19 12 19 14 19 16 19
> BAT2 4 3 6 3 8 3 10 3 12 3 14 3 16 3 3 4 17 4 3 6 17 6 8 7 10 7 12 7 3 8 7 8 13 8 17 8 3 10 7 10 13 10 17 10 3 12 7 12 13 12 17 12 8 13 10 13 12 13 3 14 17 14 3 16 17 16 4 17 6 17 8 17 10 17 12 17 14 17 16 17
< RES 1637332131 6 1
< MOVE D D
> REQ 1637332131 7 1
> VAMPIRE 1 3 3 3 1 2 0
> VAMPIRE 4 3 17 3 1 2 0
> VAMPIRE 3 19 18 3 0 2 0
> VAMPIRE 2 17 3 3 1 2 0
> GRENADE 3 17 17 1 2
> BAT1 8 1 10 1 12 1 14 1 16 1 1 4 19 4 6 5 8 5 10 5 12 5 14 5 1 6 5 6 15 6 19 6 1 8 5 8 15 8 19 8 10 9 1 10 5 10 9 10 11 10 15 10 19 10 10 11 1 12 5 12 15 12 19 12 5 14 15 14 19 14 6 15 8 15 10 15 12 15 14 15 19 16 4 19 6 19 8 19 10 19 12 19 14 19 16 19 17 4 17 6
> BAT2 4 3 6 3 8 3 10 3 12 3 14 3 16 3 3 4 3 6 8 7 10 7 12 7 3 8 7 8 13 8 17 8 3 10 7 10 13 10 17 10 3 12 7 12 13 12 17 12 8 13 10 13 12 13 3 14 17 14 3 16 17 16 4 17 6 17 8 17 10 17 12 17 14 17 16 17
< RES 1637332131 7 1
< GRENADE
< MOVE L L
> REQ 1637332131 8 1
> VAMPIRE 1 3 1 3 0 2 0
> VAMPIRE 4 1 17 3 0 2 0
> VAMPIRE 3 19 17 3 1 2 0
> VAMPIRE 2 17 3 3 0 2 0
> GRENADE 1 3 3 5 2
> GRENADE 4 3 17 5 2
> GRENADE 2 17 3 5 2
> BAT1 8 1 10 1 12 1 14 1 16 1 1 4 19 4 6 5 8 5 10 5 12 5 14 5 1 6 5 6 15 6 19 6 1 8 5 8 15 8 19 8 10 9 1 10 5 10 9 10 11 10 15 10 19 10 10 11 1 12 5 12 15 12 19 12 5 14 15 14 19 14 6 15 8 15 10 15 12 15 14 15 19 16 4 19 6 19 8 19 10 19 12 19 14 19 16 19 17 4 17 6 17 16 16 17
> BAT2 4 3 6 3 8 3 10 3 12 3 14 3 16 3 3 4 3 6 8 7 10 7 12 7 3 8 7 8 13 8 17 8 3 10 7 10 13 10 17 10 3 12 7 12 13 12 17 12 8 13 10 13 12 13 3 14 17 14 3 16 4 17 6 17 8 17 10 17 12 17 14 17
< RES 1637332131 8 1
< MOVE R
> REQ 1637332131 9 1
> VAMPIRE 1 3 2 3 0 2 0
> VAMPIRE 4 1 15 3 0 2 0
> VAMPIRE 3 17 17 3 1 2 0
> VAMPIRE 2 17 3 3 0 2 0
> GRENADE 1 3 3 4 2
> GRENADE 4 3 17 4 2
> GRENADE 2 15 3 4 2
> BAT1 8 1 10 1 12 1 14 1 16 1 1 4 19 4 6 5 8 5 10 5 12 5 14 5 1 6 5 6 15 6 19 6 1 8 5 8 15 8 19 8 10 9 1 10 5 10 9 10 11 10 15 10 19 10 10 11 1 12 5 12 15 12 19 12 5 14 15 14 19 14 6 15 8 15 10 15 12 15 14 15 19 16 4 19 6 19 8 19 10 19 12 19 14 19 16 19 17 4 17 6 17 16 16 17
> BAT2 4 3 6 3 8 3 10 3 12 3 14 3 16 3 3 4 3 6 8 7 10 7 12 7 3 8 7 8 13 8 17 8 3 10 7 10 13 10 17 10 3 12 7 12 13 12 17 12 8 13 10 13 12 13 3 14 17 14 3 16 4 17 6 17 8 17 10 17 12 17 14 17
< RES 1637332131 9 1
< THROW R 2
< MOVE L
> REQ 1637332131 10 1
> VAMPIRE 1 3 1 3 0 2 0
> VAMPIRE 4 1 15 3 0 2 0
> VAMPIRE 3 19 17 3 0 2 0
> VAMPIRE 2 17 3 3 0 2 0
> GRENADE 1 3 5 3 2
> GRENADE 4 3 17 3 2
> GRENADE 2 15 3 3 2
> GRENADE 3 17 17 5 2
> BAT1 8 1 10 1 12 1 14 1 16 1 1 4 19 4 6 5 8 5 10 5 12 5 14 5 1 6 5 6 15 6 19 6 1 8 5 8 15 8 19 8 10 9 1 10 5 10 9 10 11 10 15 10 19 10 10 11 1 12 5 12 15 12 19 12 5 14 15 14 19 14 6 15 8 15 10 15 12 15 14 15 19 16 4 19 6 19 8 19 10 19 12 19 14 19 16 19 17 4 17 6 17 16 16 17
> BAT2 4 3 6 3 8 3 10 3 12 3 14 3 16 3 3 4 3 6 8 7 10 7 12 7 3 8 7 8 13 8 17 8 3 10 7 10 13 10 17 10 3 12 7 12 13 12 17 12 8 13 10 13 12 13 3 14 17 14 3 16 4 17 6 17 8 17 10 17 12 17 14 17
< RES 1637332131 10 1
> REQ 1637332131 11 1
> VAMPIRE 1 3 1 3 0 2 0
> VAMPIRE 4 1 15 3 0 2 0
> VAMPIRE 3 19 18 3 0 2 0
> VAMPIRE 2 17 3 3 0 2 0
> GRENADE 1 3 5 2 2
> GRENADE 4 3 17 2 2
> GRENADE 2 15 3 2 2
> GRENADE 3 17 17 4 2
> BAT1 8 1 10 1 12 1 14 1 16 1 1 4 19 4 6 5 8 5 10 5 12 5 14 5 1 6 5 6 15 6 19 6 1 8 5 8 15 8 19 8 10 9 1 10 5 10 9 10 11 10 15 10 19 10 10 11 1 12 5 12 15 12 19 12 5 14 15 14 19 14 6 15 8 15 10 15 12 15 14 15 19 16 4 19 6 19 8 19 10 19 12 19 14 19 16 19 17 4 17 6 17 16 16 17
> BAT2 4 3 6 3 8 3 10 3 12 3 14 3 16 3 3 4 3 6 8 7 10 7 12 7 3 8 7 8 13 8 17 8 3 10 7 10 13 10 17 10 3 12 7 12 13 12 17 12 8 13 10 13 12 13 3 14 17 14 3 16 4 17 6 17 8 17 10 17 12 17 14 17
< RES 1637332131 11 1
< MOVE D D
> REQ 1637332131 12 1
> VAMPIRE 1 5 1 3 0 2 0
> VAMPIRE 4 1 15 3 0 2 0
> VAMPIRE 3 19 18 3 0 2 0
> VAMPIRE 2 17 3 3 0 2 0
> GRENADE 1 3 5 1 2
> GRENADE 4 3 17 1 2
> GRENADE 2 15 3 1 2
> GRENADE 3 17 17 3 2
> BAT1 8 1 10 1 12 1 14 1 16 1 1 4 19 4 6 5 8 5 10 5 12 5 14 5 1 6 5 6 15 6 19 6 1 8 5 8 15 8 19 8 10 9 1 10 5 10 9 10 11 10 15 10 19 10 10 11 1 12 5 12 15 12 19 12 5 14 15 14 19 14 6 15 8 15 10 15 12 15 14 15 19 16 4 19 6 19 8 19 10 19 12 19 14 19 16 19 17 4 17 6 17 16 16 17
> BAT2 4 3 6 3 8 3 10 3 12 3 14 3 16 3 3 4 3 6 8 7 10 7 12 7 3 8 7 8 13 8 17 8 3 10 7 10 13 10 17 10 3 12 7 12 13 12 17 12 8 13 10 13 12 13 3 14 17 14 3 16 4 17 6 17 8 17 10 17 12 17 14 17
< RES 1637332131 12 1
< MOVE D
> REQ 1637332131 13 1
> VAMPIRE 1 6 1 3 1 2 0
> VAMPIRE 4 1 13 3 1 2 0
> VAMPIRE 3 19 18 3 0 2 0
> VAMPIRE 2 17 3 3 1 2 0
> GRENADE 3 17 17 2 2
> BAT1 8 1 10 1 12 1 14 1 16 1 1 4 19 4 6 5 8 5 10 5 12 5 14 5 1 6 5 6 15 6 19 6 1 8 5 8 15 8 19 8 10 9 1 10 5 10 9 10 11 10 15 10 19 10 10 11 1 12 5 12 15 12 19 12 5 14 15 14 19 14 6 15 8 15 10 15 12 15 14 15 19 16 4 19 6 19 8 19 10 19 12 19 14 19 16 19 14 3 16 3 3 4 17 4 3 6 17 6 3 16 17 16 4 17 16 17
> BAT2 4 3 6 3 8 3 10 3 12 3 8 7 10 7 12 7 3 8 7 8 13 8 17 8 3 10 7 10 13 10 17 10 3 12 7 12 13 12 17 12 8 13 10 13 12 13 3 14 17 14 6 17 8 17 10 17 12 17 14 17
< RES 1637332131 13 1
< GRENADE
< MOVE U R
> REQ 1637332131 14 1
> VAMPIRE 1 5 2 3 0 2 0
> VAMPIRE 4 1 13 3 0 2 0
> VAMPIRE 3 19 18 3 0 2 0
> VAMPIRE 2 17 3 3 0 2 0
> GRENADE 3 17 17 1 2
> GRENADE 1 6 1 5 2
> GRENADE 4 1 13 5 2
> GRENADE 2 17 3 5 2
> BAT1 8 1 10 1 12 1 14 1 16 1 1 4 19 4 6 5 8 5 10 5 12 5 14 5 1 6 5 6 15 6 19 6 1 8 5 8 15 8 19 8 10 9 1 10 5 10 9 10 11 10 15 10 19 10 10 11 1 12 5 12 15 12 19 12 5 14 15 14 19 14 6 15 8 15 10 15 12 15 14 15 19 16 4 19 6 19 8 19 10 19 12 19 14 19 16 19 14 3 16 3 3 4 17 4 3 6 17 6 3 16 17 16 4 17 16 17
> BAT2 4 3 6 3 8 3 10 3 12 3 8 7 10 7 12 7 3 8 7 8 13 8 17 8 3 10 7 10 13 10 17 10 3 12 7 12 13 12 17 12 8 13 10 13 12 13 3 14 17 14 6 17 8 17 10 17 12 17 14 17
< RES 1637332131 14 1
< MOVE L
> REQ 1637332131 15 1
> VAMPIRE 1 5 1 3 0 2 0
> VAMPIRE 4 1 15 3 0 2 0
> VAMPIRE 3 19 17 3 1 2 0
> VAMPIRE 2 17 3 3 0 2 0
> GRENADE 1 6 1 4 2
> GRENADE 4 1 11 4 2
> GRENADE 2 15 3 4 2
> BAT1 8 1 10 1 12 1 14 1 16 1 1 4 19 4 6 5 8 5 10 5 12 5 14 5 1 6 5 6 15 6 19 6 1 8 5 8 15 8 19 8 10 9 1 10 5 10 9 10 11 10 15 10 19 10 10 11 1 12 5 12 15 12 19 12 5 14 15 14 19 14 6 15 8 15 10 15 12 15 14 15 19 16 4 19 6 19 8 19 10 19 12 19 14 19 16 19 14 3 16 3 3 4 17 4 3 6 17 6 3 16 4 17
> BAT2 4 3 6 3 8 3 10 3 12 3 8 7 10 7 12 7 3 8 7 8 13 8 17 8 3 10 7 10 13 10 17 10 3 12 7 12 13 12 17 12 8 13 10 13 12 13 3 14 17 14 6 17 8 17 10 17 12 17 14 17
< RES 1637332131 15 1
< THROW D 3
> REQ 1637332131 16 1
> VAMPIRE 1 5 1 3 0 2 0
> VAMPIRE 4 1 15 3 0 2 0
> VAMPIRE 3 19 17 3 0 2 0
> VAMPIRE 2 17 1 3 0 2 0
> GRENADE 1 9 1 3 2
> GRENADE 4 1 11 3 2
> GRENADE 2 15 3 3 2
> GRENADE 3 19 17 5 2
> BAT1 8 1 10 1 12 1 14 1 16 1 1 4 19 4 6 5 8 5 10 5 12 5 14 5 1 6 5 6 15 6 19 6 1 8 5 8 15 8 19 8 10 9 1 10 5 10 9 10 11 10 15 10 19 10 10 11 1 12 5 12 15 12 19 12 5 14 15 14 19 14 6 15 8 15 10 15 12 15 14 15 19 16 4 19 6 19 8 19 10 19 12 19 14 19 16 19 14 3 16 3 3 4 17 4 3 6 17 6 3 16 4 17
> BAT2 4 3 6 3 8 3 10 3 12 3 8 7 10 7 12 7 3 8 7 8 13 8 17 8 3 10 7 10 13 10 17 10 3 12 7 12 13 12 17 12 8 13 10 13 12 13 3 14 17 14 6 17 8 17 10 17 12 17 14 17
< RES 1637332131 16 1
> REQ 1637332131 17 1
> VAMPIRE 1 5 1 3 0 2 0
> VAMPIRE 4 1 15 3 0 2 0
> VAMPIRE 3 17 17 3 0 2 0
> VAMPIRE 2 17 1 3 0 2 0
> GRENADE 1 9 1 2 2
> GRENADE 4 1 11 2 2
> GRENADE 2 15 3 2 2
> GRENADE 3 19 15 4 2
> BAT1 8 1 10 1 12 1 14 1 16 1 1 4 19 4 6 5 8 5 10 5 12 5 14 5 1 6 5 6 15 6 19 6 1 8 5 8 15 8 19 8 10 9 1 10 5 10 9 10 11 10 15 10 19 10 10 11 1 12 5 12 15 12 19 12 5 14 15 14 19 14 6 15 8 15 10 15 12 15 14 15 19 16 4 19 6 19 8 19 10 19 12 19 14 19 16 19 14 3 16 3 3 4 17 4 3 6 17 6 3 16 4 17
> BAT2 4 3 6 3 8 3 10 3 12 3 8 7 10 7 12 7 3 8 7 8 13 8 17 8 3 10 7 10 13 10 17 10 3 12 7 12 13 12 17 12 8 13 10 13 12 13 3 14 17 14 6 17 8 17 10 17 12 17 14 17
< RES 1637332131 17 1
> REQ 1637332131 18 1
> VAMPIRE 1 5 1 3 0 2 0
> VAMPIRE 4 1 13 3 0 2 0
> VAMPIRE 3 17 17 3 0 2 0
> VAMPIRE 2 17 1 3 0 2 0
> GRENADE 1 9 1 1 2
> GRENADE 4 1 11 1 2
> GRENADE 2 15 3 1 2
> GRENADE 3 19 15 3 2
> BAT1 8 1 10 1 12 1 14 1 16 1 1 4 19 4 6 5 8 5 10 5 12 5 14 5 1 6 5 6 15 6 19 6 1 8 5 8 15 8 19 8 10 9 1 10 5 10 9 10 11 10 15 10 19 10 10 11 1 12 5 12 15 12 19 12 5 14 15 14 19 14 6 15 8 15 10 15 12 15 14 15 19 16 4 19 6 19 8 19 10 19 12 19 14 19 16 19 14 3 16 3 3 4 17 4 3 6 17 6 3 16 4 17
> BAT2 4 3 6 3 8 3 10 3 12 3 8 7 10 7 12 7 3 8 7 8 13 8 17 8 3 10 7 10 13 10 17 10 3 12 7 12 13 12 17 12 8 13 10 13 12 13 3 14 17 14 6 17 8 17 10 17 12 17 14 17
< RES 1637332131 18 1
< MOVE R R
> REQ 1637332131 19 1
> VAMPIRE 1 5 3 3 1 2 0
> VAMPIRE 4 3 13 3 1 2 0
> VAMPIRE 3 17 17 3 0 2 0
> VAMPIRE 2 17 3 3 1 2 0
> GRENADE 3 19 15 2 2
> BAT1 12 1 14 1 16 1 1 4 19 4 6 5 8 5 10 5 12 5 14 5 1 6 5 6 15 6 19 6 1 8 5 8 15 8 19 8 10 9 5 10 9 10 11 10 15 10 19 10 10 11 5 12 15 12 19 12 5 14 15 14 19 14 6 15 8 15 10 15 12 15 14 15 19 16 4 19 6 19 8 19 10 19 12 19 14 19 16 19 3 4 17 4 3 6 17 6 3 16 4 17
> BAT2 4 3 6 3 8 3 10 3 12 3 8 7 10 7 12 7 3 8 7 8 13 8 17 8 3 10 7 10 13 10 17 10 3 12 7 12 13 12 17 12 8 13 10 13 12 13 3 14 17 14 6 17 8 17 10 17 12 17 14 17
< RES 1637332131 19 1
< GRENADE
< MOVE L L
> REQ 1637332131 20 1
> VAMPIRE 1 5 1 3 0 2 0
> VAMPIRE 4 1 13 3 0 2 0
> VAMPIRE 3 15 17 3 0 2 0
> VAMPIRE 2 17 3 3 0 2 0
> GRENADE 3 19 15 1 2
> GRENADE 1 5 3 5 2
> GRENADE 4 3 13 5 2
> GRENADE 2 17 3 5 2
> BAT1 12 1 14 1 16 1 1 4 19 4 6 5 8 5 10 5 12 5 14 5 1 6 5 6 15 6 19 6 1 8 5 8 15 8 19 8 10 9 5 10 9 10 11 10 15 10 19 10 10 11 5 12 15 12 19 12 5 14 15 14 19 14 6 15 8 15 10 15 12 15 14 15 19 16 4 19 6 19 8 19 10 19 12 19 14 19 16 19 3 4 17 4 3 6 17 6 3 16 4 17
> BAT2 4 3 6 3 8 3 10 3 12 3 8 7 10 7 12 7 3 8 7 8 13 8 17 8 3 10 7 10 13 10 17 10 3 12 7 12 13 12 17 12 8 13 10 13 12 13 3 14 17 14 6 17 8 17 10 17 12 17 14 17
< RES 1637332131 20 1
< MOVE R
> REQ 1637332131 21 1
> VAMPIRE 1 5 2 3 0 2 0
> VAMPIRE 4 1 15 3 0 2 0
> VAMPIRE 3 15 15 3 1 2 0
> VAMPIRE 2 15 3 3 0 2 0
> GRENADE 1 5 3 4 2
> GRENADE 4 3 13 4 2
> GRENADE 2 17 5 4 2
> BAT1 12 1 14 1 16 1 1 4 19 4 6 5 8 5 10 5 12 5 14 5 1 6 5 6 15 6 19 6 1 8 5 8 15 8 19 8 10 9 5 10 9 10 11 10 15 10 19 10 10 11 5 12 15 12 19 12 5 14 15 14 6 15 8 15 10 15 12 15 14 15 4 19 6 19 8 19 10 19 12 19 14 19 16 19 3 4 17 4 3 6 17 6 3 16 4 17
> BAT2 4 3 6 3 8 3 10 3 12 3 8 7 10 7 12 7 3 8 7 8 13 8 17 8 3 10 7 10 13 10 17 10 3 12 7 12 13 12 17 12 8 13 10 13 12 13 3 14 17 14 6 17 8 17 10 17 12 17 14 17
< RES 1637332131 21 1
< THROW R 2
< MOVE L
> REQ 1637332131 22 1
> VAMPIRE 1 5 1 3 0 2 0
> VAMPIRE 4 1 15 3 0 2 0
> VAMPIRE 3 15 15 3 0 2 0
> VAMPIRE 2 15 3 3 0 2 0
> GRENADE 1 5 5 3 2
> GRENADE 4 3 13 3 2
> GRENADE 2 17 5 3 2
> GRENADE 3 15 15 5 2
> BAT1 12 1 14 1 16 1 1 4 19 4 6 5 8 5 10 5 12 5 14 5 1 6 5 6 15 6 19 6 1 8 5 8 15 8 19 8 10 9 5 10 9 10 11 10 15 10 19 10 10 11 5 12 15 12 19 12 5 14 15 14 6 15 8 15 10 15 12 15 14 15 4 19 6 19 8 19 10 19 12 19 14 19 16 19 3 4 17 4 3 6 17 6 3 16 4 17
> BAT2 4 3 6 3 8 3 10 3 12 3 8 7 10 7 12 7 3 8 7 8 13 8 17 8 3 10 7 10 13 10 17 10 3 12 7 12 13 12 17 12 8 13 10 13 12 13 3 14 17 14 6 17 8 17 10 17 12 17 14 17
< RES 1637332131 22 1
> REQ 1637332131 23 1
> VAMPIRE 1 5 1 3 0 2 0
> VAMPIRE 4 1 15 3 0 2 0
> VAMPIRE 3 17 15 3 0 2 0
> VAMPIRE 2 15 3 3 0 2 0
> GRENADE 1 5 5 2 2
> GRENADE 4 3 13 2 2
> GRENADE 2 17 5 2 2
> GRENADE 3 13 15 4 2
> BAT1 12 1 14 1 16 1 1 4 19 4 6 5 8 5 10 5 12 5 14 5 1 6 5 6 15 6 19 6 1 8 5 8 15 8 19 8 10 9 5 10 9 10 11 10 15 10 19 10 10 11 5 12 15 12 19 12 5 14 15 14 6 15 8 15 10 15 12 15 14 15 4 19 6 19 8 19 10 19 12 19 14 19 16 19 3 4 17 4 3 6 17 6 3 16 4 17
> BAT2 4 3 6 3 8 3 10 3 12 3 8 7 10 7 12 7 3 8 7 8 13 8 17 8 3 10 7 10 13 10 17 10 3 12 7 12 13 12 17 12 8 13 10 13 12 13 3 14 17 14 6 17 8 17 10 17 12 17 14 17
< RES 1637332131 23 1
> REQ 1637332131 24 1
> VAMPIRE 1 5 1 3 0 2 0
> VAMPIRE 4 1 15 3 0 2 0
> VAMPIRE 3 17 17 3 0 2 0
> VAMPIRE 2 13 3 3 0 2 0
> GRENADE 1 5 5 1 2
> GRENADE 4 3 13 1 2
> GRENADE 2 17 5 1 2
> GRENADE 3 13 15 3 2
> BAT1 12 1 14 1 16 1 1 4 19 4 6 5 8 5 10 5 12 5 14 5 1 6 5 6 15 6 19 6 1 8 5 8 15 8 19 8 10 9 5 10 9 10 11 10 15 10 19 10 10 11 5 12 15 12 19 12 5 14 15 14 6 15 8 15 10 15 12 15 14 15 4 19 6 19 8 19 10 19 12 19 14 19 16 19 3 4 17 4 3 6 17 6 3 16 4 17
> BAT2 4 3 6 3 8 3 10 3 12 3 8 7 10 7 12 7 3 8 7 8 13 8 17 8 3 10 7 10 13 10 17 10 3 12 7 12 13 12 17 12 8 13 10 13 12 13 3 14 17 14 6 17 8 17 10 17 12 17 14 17
< RES 1637332131 24 1
< MOVE R R
> REQ 1637332131 25 1
> VAMPIRE 1 5 3 3 1 2 0
> VAMPIRE 4 3 15 3 1 2 0
> VAMPIRE 3 17 17 3 0 2 0
> VAMPIRE 2 13 1 3 1 2 0
> GRENADE 3 13 15 2 2
> BAT1 12 1 14 1 16 1 1 4 19 4 8 5 10 5 12 5 14 5 1 6 15 6 19 6 1 8 5 8 15 8 19 8 10 9 5 10 9 10 11 10 15 10 19 10 10 11 5 12 15 12 19 12 5 14 15 14 6 15 8 15 10 15 12 15 14 15 4 19 6 19 8 19 10 19 12 19 14 19 16 19 3 4 3 6 3 12 3 14 3 16 4 17
> BAT2 4 3 6 3 8 3 10 3 12 3 8 7 10 7 12 7 3 8 7 8 13 8 17 8 3 10 7 10 13 10 17 10 7 12 13 12 17 12 8 13 10 13 12 13 17 14 6 17 8 17 10 17 12 17 14 17
< RES 1637332131 25 1
< GRENADE
< MOVE R R
> REQ 1637332131 26 1
> VAMPIRE 1 5 5 3 0 2 0
> VAMPIRE 4 1 15 3 0 2 0
> VAMPIRE 3 15 17 3 0 2 0
> VAMPIRE 2 13 3 3 0 2 0
> GRENADE 3 13 15 1 2
> GRENADE 1 5 3 5 2
> GRENADE 4 3 15 5 2
> GRENADE 2 13 1 5 2
> BAT1 12 1 14 1 16 1 1 4 19 4 8 5 10 5 12 5 14 5 1 6 15 6 19 6 1 8 5 8 15 8 19 8 10 9 5 10 9 10 11 10 15 10 19 10 10 11 5 12 15 12 19 12 5 14 15 14 6 15 8 15 10 15 12 15 14 15 4 19 6 19 8 19 10 19 12 19 14 19 16 19 3 4 3 6 3 12 3 14 3 16 4 17
> BAT2 4 3 6 3 8 3 10 3 12 3 8 7 10 7 12 7 3 8 7 8 13 8 17 8 3 10 7 10 13 10 17 10 7 12 13 12 17 12 8 13 10 13 12 13 17 14 6 17 8 17 10 17 12 17 14 17
< RES 1637332131 26 1
< MOVE D D
> REQ 1637332131 27 1
> VAMPIRE 1 7 5 3 0 2 0
> VAMPIRE 4 1 13 3 0 2 0
> VAMPIRE 3 15 19 3 1 2 0
> VAMPIRE 2 15 3 3 0 2 0
> GRENADE 1 5 3 4 2
> GRENADE 4 3 15 4 2
> GRENADE 2 13 1 4 2
> BAT1 12 1 14 1 16 1 1 4 19 4 8 5 10 5 12 5 14 5 1 6 15 6 19 6 1 8 5 8 15 8 19 8 10 9 5 10 9 10 11 10 15 10 19 10 10 11 5 12 15 12 19 12 5 14 15 14 6 15 8 15 10 15 4 19 6 19 8 19 10 19 12 19 14 19 16 19 3 4 3 6 3 12 3 14 3 16 4 17
> BAT2 4 3 6 3 8 3 10 3 12 3 8 7 10 7 12 7 3 8 7 8 13 8 17 8 3 10 7 10 13 10 17 10 7 12 13 12 17 12 8 13 10 13 12 13 17 14 6 17 8 17 10 17 12 17 14 17
< RES 1637332131 27 1
> REQ 1637332131 28 1
> VAMPIRE 1 7 5 3 0 2 0
> VAMPIRE 4 1 13 3 0 2 0
> VAMPIRE 3 15 17 3 0 2 0
> VAMPIRE 2 15 3 3 0 2 0
> GRENADE 1 5 3 3 2
> GRENADE 4 3 15 3 2
> GRENADE 2 13 1 3 2
> GRENADE 3 15 19 5 2
> BAT1 12 1 14 1 16 1 1 4 19 4 8 5 10 5 12 5 14 5 1 6 15 6 19 6 1 8 5 8 15 8 19 8 10 9 5 10 9 10 11 10 15 10 19 10 10 11 5 12 15 12 19 12 5 14 15 14 6 15 8 15 10 15 4 19 6 19 8 19 10 19 12 19 14 19 16 19 3 4 3 6 3 12 3 14 3 16 4 17
> BAT2 4 3 6 3 8 3 10 3 12 3 8 7 10 7 12 7 3 8 7 8 13 8 17 8 3 10 7 10 13 10 17 10 7 12 13 12 17 12 8 13 10 13 12 13 17 14 6 17 8 17 10 17 12 17 14 17
< RES 1637332131 28 1
> REQ 1637332131 29 1
> VAMPIRE 1 7 5 3 0 2 0
> VAMPIRE 4 1 13 3 0 2 0
> VAMPIRE 3 17 17 3 0 2 0
> VAMPIRE 2 15 3 3 0 2 0
> GRENADE 1 5 3 2 2
> GRENADE 4 3 15 2 2
> GRENADE 2 13 1 2 2
> GRENADE 3 15 19 4 2
> BAT1 12 1 14 1 16 1 1 4 19 4 8 5 10 5 12 5 14 5 1 6 15 6 19 6 1 8 5 8 15 8 19 8 10 9 5 10 9 10 11 10 15 10 19 10 10 11 5 12 15 12 19 12 5 14 15 14 6 15 8 15 10 15 4 19 6 19 8 19 10 19 12 19 14 19 16 19 3 4 3 6 3 12 3 14 3 16 4 17
> BAT2 4 3 6 3 8 3 10 3 12 3 8 7 10 7 12 7 3 8 7 8 13 8 17 8 3 10 7 10 13 10 17 10 7 12 13 12 17 12 8 13 10 13 12 13 17 14 6 17 8 17 10 17 12 17 14 17
< RES 1637332131 29 1
> REQ 1637332131 30 1
> VAMPIRE 1 7 5 3 0 2 0
> VAMPIRE 4 1 11 3 0 2 0
> VAMPIRE 3 17 17 3 0 2 0
> VAMPIRE 2 15 3 3 0 2 0
> GRENADE 1 5 3 1 2
> GRENADE 4 3 15 1 2
> GRENADE 2 13 1 1 2
> GRENADE 3 15 19 3 2
> BAT1 12 1 14 1 16 1 1 4 19 4 8 5 10 5 12 5 14 5 1 6 15 6 19 6 1 8 5 8 15 8 19 8 10 9 5 10 9 10 11 10 15 10 19 10 10 11 5 12 15 12 19 12 5 14 15 14 6 15 8 15 10 15 4 19 6 19 8 19 10 19 12 19 14 19 16 19 3 4 3 6 3 12 3 14 3 16 4 17
> BAT2 4 3 6 3 8 3 10 3 12 3 8 7 10 7 12 7 3 8 7 8 13 8 17 8 3 10 7 10 13 10 17 10 7 12 13 12 17 12 8 13 10 13 12 13 17 14 6 17 8 17 10 17 12 17 14 17
< RES 1637332131 30 1
< MOVE L L
> REQ 1637332131 31 1
> VAMPIRE 1 7 3 3 1 2 0
> VAMPIRE 4 3 11 3 1 2 0
> VAMPIRE 3 17 17 3 0 2 0
> VAMPIRE 2 15 5 3 1 2 0
> GRENADE 3 15 19 2 2
> BAT1 16 1 1 4 19 4 8 5 10 5 12 5 14 5 1 6 15 6 19 6 1 8 5 8 15 8 19 8 10 9 5 10 9 10 11 10 15 10 19 10 10 11 5 12 15 12 19 12 5 14 15 14 6 15 8 15 10 15 4 19 6 19 8 19 10 19 12 19 14 19 16 19 4 3 6 3 3 4 3 6 3 12 4 17
> BAT2 8 3 10 3 12 3 8 7 10 7 12 7 3 8 7 8 13 8 17 8 3 10 7 10 13 10 17 10 7 12 13 12 17 12 8 13 10 13 12 13 17 14 6 17 8 17 10 17 12 17 14 17
< RES 1637332131 31 1
< GRENADE
< MOVE R R
> REQ 1637332131 32 1
> VAMPIRE 1 7 5 3 0 2 0
> VAMPIRE 4 1 11 3 0 2 0
> VAMPIRE 3 17 17 3 0 2 0
> VAMPIRE 2 17 5 3 0 2 0
> GRENADE 3 15 19 1 2
> GRENADE 1 7 3 5 2
> GRENADE 4 3 11 5 2
> GRENADE 2 15 5 5 2
> BAT1 16 1 1 4 19 4 8 5 10 5 12 5 14 5 1 6 15 6 19 6 1 8 5 8 15 8 19 8 10 9 5 10 9 10 11 10 15 10 19 10 10 11 5 12 15 12 19 12 5 14 15 14 6 15 8 15 10 15 4 19 6 19 8 19 10 19 12 19 14 19 16 19 4 3 6 3 3 4 3 6 3 12 4 17
> BAT2 8 3 10 3 12 3 8 7 10 7 12 7 3 8 7 8 13 8 17 8 3 10 7 10 13 10 17 10 7 12 13 12 17 12 8 13 10 13 12 13 17 14 6 17 8 17 10 17 12 17 14 17
< RES 1637332131 32 1
< MOVE U U
> REQ 1637332131 33 1
> VAMPIRE 1 5 5 3 0 2 0
> VAMPIRE 4 1 13 3 0 2 0
> VAMPIRE 3 15 17 3 1 2 0
> VAMPIRE 2 17 3 3 0 2 0
> GRENADE 1 7 3 4 2
> GRENADE 4 3 11 4 2
> GRENADE 2 15 5 4 2
> BAT1 16 1 1 4 19 4 8 5 10 5 12 5 14 5 1 6 15 6 19 6 1 8 5 8 15 8 19 8 10 9 5 10 9 10 11 10 15 10 19 10 10 11 5 12 15 12 19 12 5 14 15 14 6 15 8 15 10 15 4 19 6 19 8 19 10 19 12 19 4 3 6 3 3 4 3 6 3 12 4 17
> BAT2 8 3 10 3 12 3 8 7 10 7 12 7 3 8 7 8 13 8 17 8 3 10 7 10 13 10 17 10 7 12 13 12 17 12 8 13 10 13 12 13 17 14 6 17 8 17 10 17 12 17 14 17
< RES 1637332131 33 1
> REQ 1637332131 34 1
> VAMPIRE 1 5 5 3 0 2 0
> VAMPIRE 4 3 13 3 0 2 0
> VAMPIRE 3 15 17 3 0 2 0
> VAMPIRE 2 17 3 3 0 2 0
> GRENADE 1 7 3 3 2
> GRENADE 4 3 11 3 2
> GRENADE 2 15 5 3 2
> GRENADE 3 15 17 5 2
> BAT1 16 1 1 4 19 4 8 5 10 5 12 5 14 5 1 6 15 6 19 6 1 8 5 8 15 8 19 8 10 9 5 10 9 10 11 10 15 10 19 10 10 11 5 12 15 12 19 12 5 14 15 14 6 15 8 15 10 15 4 19 6 19 8 19 10 19 12 19 4 3 6 3 3 4 3 6 3 12 4 17
> BAT2 8 3 10 3 12 3 8 7 10 7 12 7 3 8 7 8 13 8 17 8 3 10 7 10 13 10 17 10 7 12 13 12 17 12 8 13 10 13 12 13 17 14 6 17 8 17 10 17 12 17 14 17
< RES 1637332131 34 1
> REQ 1637332131 35 1
> VAMPIRE 1 5 5 3 0 2 0
> VAMPIRE 4 3 15 3 0 2 0
> VAMPIRE 3 17 17 3 0 2 0
> VAMPIRE 2 17 3 3 0 2 0
> GRENADE 1 7 3 2 2
> GRENADE 4 3 11 2 2
> GRENADE 2 15 5 2 2
> GRENADE 3 13 17 4 2
> BAT1 16 1 1 4 19 4 8 5 10 5 12 5 14 5 1 6 15 6 19 6 1 8 5 8 15 8 19 8 10 9 5 10 9 10 11 10 15 10 19 10 10 11 5 12 15 12 19 12 5 14 15 14 6 15 8 15 10 15 4 19 6 19 8 19 10 19 12 19 4 3 6 3 3 4 3 6 3 12 4 17
> BAT2 8 3 10 3 12 3 8 7 10 7 12 7 3 8 7 8 13 8 17 8 3 10 7 10 13 10 17 10 7 12 13 12 17 12 8 13 10 13 12 13 17 14 6 17 8 17 10 17 12 17 14 17
< RES 1637332131 35 1
< MOVE R R
> REQ 1637332131 36 1
> VAMPIRE 1 5 7 3 0 2 0
> VAMPIRE 4 3 15 3 0 2 0
> VAMPIRE 3 17 17 3 0 2 0
> VAMPIRE 2 19 3 3 0 2 0
> GRENADE 1 7 3 1 2
> GRENADE 4 3 11 1 2
> GRENADE 2 15 5 1 2
> GRENADE 3 13 17 3 2
> BAT1 16 1 1 4 19 4 8 5 10 5 12 5 14 5 1 6 15 6 19 6 1 8 5 8 15 8 19 8 10 9 5 10 9 10 11 10 15 10 19 10 10 11 5 12 15 12 19 12 5 14 15 14 6 15 8 15 10 15 4 19 6 19 8 19 10 19 12 19 4 3 6 3 3 4 3 6 3 12 4 17
> BAT2 8 3 10 3 12 3 8 7 10 7 12 7 3 8 7 8 13 8 17 8 3 10 7 10 13 10 17 10 7 12 13 12 17 12 8 13 10 13 12 13 17 14 6 17 8 17 10 17 12 17 14 17
< RES 1637332131 36 1
< MOVE U U
> REQ 1637332131 37 1
> VAMPIRE 1 3 7 3 1 2 0
> VAMPIRE 4 5 15 3 1 2 0
> VAMPIRE 3 17 17 3 0 2 0
> VAMPIRE 2 19 2 3 1 2 0
> GRENADE 3 13 17 2 2
> BAT1 16 1 1 4 19 4 8 5 10 5 12 5 1 6 19 6 1 8 5 8 15 8 19 8 10 9 5 10 9 10 11 10 15 10 19 10 10 11 5 12 15 12 19 12 5 14 15 14 6 15 8 15 10 15 4 19 6 19 8 19 10 19 12 19 4 3 8 3 3 4 3 6 3 10 4 17
> BAT2 10 3 12 3 8 7 10 7 12 7 3 8 7 8 13 8 17 8 7 10 13 10 17 10 7 12 13 12 17 12 8 13 10 13 12 13 17 14 6 17 8 17 10 17 12 17 14 17
< RES 1637332131 37 1
< GRENADE
< MOVE D D
> REQ 1637332131 38 1
> VAMPIRE 1 5 7 3 0 2 0
> VAMPIRE 4 3 15 3 0 2 0
> VAMPIRE 3 17 17 3 0 2 0
> VAMPIRE 2 19 2 3 0 2 0
> GRENADE 3 13 17 1 2
> GRENADE 1 3 7 5 2
> GRENADE 4 5 15 5 2
> GRENADE 2 19 2 5 2
> BAT1 16 1 1 4 19 4 8 5 10 5 12 5 1 6 19 6 1 8 5 8 15 8 19 8 10 9 5 10 9 10 11 10 15 10 19 10 10 11 5 12 15 12 19 12 5 14 15 14 6 15 8 15 10 15 4 19 6 19 8 19 10 19 12 19 4 3 8 3 3 4 3 6 3 10 4 17
> BAT2 10 3 12 3 8 7 10 7 12 7 3 8 7 8 13 8 17 8 7 10 13 10 17 10 7 12 13 12 17 12 8 13 10 13 12 13 17 14 6 17 8 17 10 17 12 17 14 17
< RES 1637332131 38 1
< MOVE L L
> REQ 1637332131 39 1
> VAMPIRE 1 5 5 3 0 2 0
> VAMPIRE 4 3 13 3 0 2 0
> VAMPIRE 3 15 17 3 1 2 0
> VAMPIRE 2 19 3 3 0 2 0
> GRENADE 1 3 7 4 2
> GRENADE 4 5 15 4 2
> GRENADE 2 19 5 4 2
> BAT1 16 1 1 4 19 4 8 5 10 5 12 5 1 6 19 6 1 8 5 8 15 8 19 8 10 9 5 10 9 10 11 10 15 10 19 10 10 11 5 12 15 12 19 12 5 14 15 14 6 15 8 15 10 15 4 19 6 19 8 19 10 19 12 19 4 3 8 3 3 4 3 6 3 10 4 17 12 17 14 17
> BAT2 10 3 12 3 8 7 10 7 12 7 3 8 7 8 13 8 17 8 7 10 13 10 17 10 7 12 13 12 17 12 8 13 10 13 12 13 17 14 6 17 8 17 10 17
< RES 1637332131 39 1
> REQ 1637332131 40 1
> VAMPIRE 1 5 5 3 0 2 0
> VAMPIRE 4 3 13 3 0 2 0
> VAMPIRE 3 15 17 3 0 2 0
> VAMPIRE 2 17 3 3 0 2 0
> GRENADE 1 3 7 3 2
> GRENADE 4 5 15 3 2
> GRENADE 2 19 5 3 2
> GRENADE 3 15 17 5 2
> BAT1 16 1 1 4 19 4 8 5 10 5 12 5 1 6 19 6 1 8 5 8 15 8 19 8 10 9 5 10 9 10 11 10 15 10 19 10 10 11 5 12 15 12 19 12 5 14 15 14 6 15 8 15 10 15 4 19 6 19 8 19 10 19 12 19 4 3 8 3 3 4 3 6 3 10 4 17 12 17 14 17
> BAT2 10 3 12 3 8 7 10 7 12 7 3 8 7 8 13 8 17 8 7 10 13 10 17 10 7 12 13 12 17 12 8 13 10 13 12 13 17 14 6 17 8 17 10 17
< RES 1637332131 40 1
> REQ 1637332131 41 1
> VAMPIRE 1 5 5 3 0 2 0
> VAMPIRE 4 3 13 3 0 2 0
> VAMPIRE 3 17 17 3 0 2 0
> VAMPIRE 2 17 3 3 0 2 0
> GRENADE 1 3 7 2 2
> GRENADE 4 5 15 2 2
> GRENADE 2 19 5 2 2
> GRENADE 3 13 17 4 2
> BAT1 16 1 1 4 19 4 8 5 10 5 12 5 1 6 19 6 1 8 5 8 15 8 19 8 10 9 5 10 9 10 11 10 15 10 19 10 10 11 5 12 15 12 19 12 5 14 15 14 6 15 8 15 10 15 4 19 6 19 8 19 10 19 12 19 4 3 8 3 3 4 3 6 3 10 4 17 12 17 14 17
> BAT2 10 3 12 3 8 7 10 7 12 7 3 8 7 8 13 8 17 8 7 10 13 10 17 10 7 12 13 12 17 12 8 13 10 13 12 13 17 14 6 17 8 17 10 17
< RES 1637332131 41 1
< MOVE L L
> REQ 1637332131 42 1
> VAMPIRE 1 5 3 3 0 2 0
> VAMPIRE 4 3 11 3 0 2 0
> VAMPIRE 3 17 17 3 0 2 0
> VAMPIRE 2 15 3 3 0 2 0
> GRENADE 1 3 7 1 2
> GRENADE 4 5 15 1 2
> GRENADE 2 19 5 1 2
> GRENADE 3 13 17 3 2
> BAT1 16 1 1 4 19 4 8 5 10 5 12 5 1 6 19 6 1 8 5 8 15 8 19 8 10 9 5 10 9 10 11 10 15 10 19 10 10 11 5 12 15 12 19 12 5 14 15 14 6 15 8 15 10 15 4 19 6 19 8 19 10 19 12 19 4 3 8 3 3 4 3 6 3 10 4 17 12 17 14 17
> BAT2 10 3 12 3 8 7 10 7 12 7 3 8 7 8 13 8 17 8 7 10 13 10 17 10 7 12 13 12 17 12 8 13 10 13 12 13 17 14 6 17 8 17 10 17
< RES 1637332131 42 1
< MOVE D
> REQ 1637332131 43 1
> VAMPIRE 1 6 3 3 1 2 0
> VAMPIRE 4 5 11 3 1 2 0
> VAMPIRE 3 17 17 3 0 2 0
> VAMPIRE 2 13 3 3 1 2 0
> GRENADE 3 13 17 2 2
> BAT1 16 1 1 4 8 5 10 5 12 5 1 6 1 8 5 8 15 8 19 8 10 9 5 10 9 10 11 10 15 10 19 10 10 11 5 12 15 12 19 12 15 14 8 15 10 15 4 19 6 19 8 19 10 19 12 19 4 3 8 3 3 4 3 8 3 10 4 17 12 17 14 17
> BAT2 10 3 12 3 8 7 10 7 12 7 7 8 13 8 17 8 7 10 13 10 17 10 7 12 13 12 17 12 8 13 10 13 12 13 17 14 6 17 8 17 10 17
< RES 1637332131 43 1
< GRENADE
< MOVE U R
> REQ 1637332131 44 1
> VAMPIRE 1 5 4 3 0 2 0
> VAMPIRE 4 3 11 3 0 2 0
> VAMPIRE 3 17 17 3 0 2 0
> VAMPIRE 2 13 3 3 0 2 0
> GRENADE 3 13 17 1 2
> GRENADE 1 6 3 5 2
> GRENADE 4 5 11 5 2
> GRENADE 2 13 3 5 2
> BAT1 16 1 1 4 8 5 10 5 12 5 1 6 1 8 5 8 15 8 19 8 10 9 5 10 9 10 11 10 15 10 19 10 10 11 5 12 15 12 19 12 15 14 8 15 10 15 4 19 6 19 8 19 10 19 12 19 4 3 8 3 3 4 3 8 3 10 4 17 12 17 14 17
> BAT2 10 3 12 3 8 7 10 7 12 7 7 8 13 8 17 8 7 10 13 10 17 10 7 12 13 12 17 12 8 13 10 13 12 13 17 14 6 17 8 17 10 17
< RES 1637332131 44 1
< MOVE L
> REQ 1637332131 45 1
> VAMPIRE 1 5 3 3 0 2 0
> VAMPIRE 4 3 13 3 0 2 0
> VAMPIRE 3 17 15 3 1 2 0
> VAMPIRE 2 13 3 3 0 2 0
> GRENADE 1 6 3 4 2
> GRENADE 4 5 11 4 2
> GRENADE 2 11 3 4 2
> BAT1 16 1 1 4 8 5 10 5 12 5 1 6 1 8 5 8 15 8 19 8 10 9 5 10 9 10 11 10 15 10 19 10 10 11 5 12 15 12 19 12 15 14 8 15 10 15 4 19 6 19 8 19 10 19 12 19 4 3 8 3 3 4 3 8 3 10 4 17
> BAT2 10 3 12 3 8 7 10 7 12 7 7 8 13 8 17 8 7 10 13 10 17 10 7 12 13 12 17 12 8 13 10 13 12 13 17 14 6 17 8 17 10 17
< RES 1637332131 45 1
< THROW D 3
< MOVE R R
> REQ 1637332131 46 1
> VAMPIRE 1 5 5 3 0 2 0
> VAMPIRE 4 3 13 3 0 2 0
> VAMPIRE 3 17 15 3 0 2 0
> VAMPIRE 2 15 3 3 0 2 0
> GRENADE 1 9 3 3 2
> GRENADE 4 5 11 3 2
> GRENADE 2 11 3 3 2
> GRENADE 3 17 15 5 2
> BAT1 16 1 1 4 8 5 10 5 12 5 1 6 1 8 5 8 15 8 19 8 10 9 5 10 9 10 11 10 15 10 19 10 10 11 5 12 15 12 19 12 15 14 8 15 10 15 4 19 6 19 8 19 10 19 12 19 4 3 8 3 3 4 3 8 3 10 4 17
> BAT2 10 3 12 3 8 7 10 7 12 7 7 8 13 8 17 8 7 10 13 10 17 10 7 12 13 12 17 12 8 13 10 13 12 13 17 14 6 17 8 17 10 17
< RES 1637332131 46 1
> REQ 1637332131 47 1
> VAMPIRE 1 5 5 3 0 2 0
> VAMPIRE 4 3 13 3 0 2 0
> VAMPIRE 3 17 17 3 0 2 0
> VAMPIRE 2 15 3 3 0 2 0
> GRENADE 1 9 3 2 2
> GRENADE 4 5 11 2 2
> GRENADE 2 11 3 2 2
> GRENADE 3 17 13 4 2
> BAT1 16 1 1 4 8 5 10 5 12 5 1 6 1 8 5 8 15 8 19 8 10 9 5 10 9 10 11 10 15 10 19 10 10 11 5 12 15 12 19 12 15 14 8 15 10 15 4 19 6 19 8 19 10 19 12 19 4 3 8 3 3 4 3 8 3 10 4 17
> BAT2 10 3 12 3 8 7 10 7 12 7 7 8 13 8 17 8 7 10 13 10 17 10 7 12 13 12 17 12 8 13 10 13 12 13 17 14 6 17 8 17 10 17
< RES 1637332131 47 1
< MOVE U U
> REQ 1637332131 48 1
> VAMPIRE 1 3 5 3 0 2 0
> VAMPIRE 4 5 13 3 0 2 0
> VAMPIRE 3 17 17 3 0 2 0
> VAMPIRE 2 15 1 3 0 2 0
> GRENADE 1 9 3 1 2
> GRENADE 4 5 11 1 2
> GRENADE 2 11 3 1 2
> GRENADE 3 17 13 3 2
> BAT1 16 1 1 4 8 5 10 5 12 5 1 6 1 8 5 8 15 8 19 8 10 9 5 10 9 10 11 10 15 10 19 10 10 11 5 12 15 12 19 12 15 14 8 15 10 15 4 19 6 19 8 19 10 19 12 19 4 3 8 3 3 4 3 8 3 10 4 17
> BAT2 10 3 12 3 8 7 10 7 12 7 7 8 13 8 17 8 7 10 13 10 17 10 7 12 13 12 17 12 8 13 10 13 12 13 17 14 6 17 8 17 10 17
< RES 1637332131 48 1
< MOVE R
> REQ 1637332131 49 1
> VAMPIRE 1 3 6 3 1 2 0
> VAMPIRE 4 7 13 3 1 2 0
> VAMPIRE 3 17 17 3 0 2 0
> VAMPIRE 2 14 1 3 1 2 0
> GRENADE 3 17 13 2 2
> BAT1 16 1 1 4 8 5 10 5 12 5 1 6 1 8 5 8 15 8 19 8 10 9 9 10 11 10 15 10 19 10 10 11 15 12 19 12 15 14 8 15 10 15 4 19 6 19 8 19 10 19 12 19 4 3 12 3 3 4 3 8 3 10 4 17
> BAT2 8 7 10 7 12 7 7 8 13 8 17 8 7 10 13 10 17 10 7 12 13 12 17 12 8 13 10 13 12 13 17 14 6 17 8 17 10 17
< RES 1637332131 49 1
< GRENADE
< MOVE L D
> REQ 1637332131 50 1
> VAMPIRE 1 4 5 3 0 2 0
> VAMPIRE 4 5 13 3 0 2 0
> VAMPIRE 3 17 17 3 0 2 0
> VAMPIRE 2 15 2 3 0 2 0
> GRENADE 3 17 13 1 2
> GRENADE 1 3 6 5 2
> GRENADE 4 7 13 5 2
> GRENADE 2 14 1 5 2
> BAT1 16 1 1 4 8 5 10 5 12 5 1 6 1 8 5 8 15 8 19 8 10 9 9 10 11 10 15 10 19 10 10 11 15 12 19 12 15 14 8 15 10 15 4 19 6 19 8 19 10 19 12 19 4 3 12 3 3 4 3 8 3 10 4 17
> BAT2 8 7 10 7 12 7 7 8 13 8 17 8 7 10 13 10 17 10 7 12 13 12 17 12 8 13 10 13 12 13 17 14 6 17 8 17 10 17
< RES 1637332131 50 1
< MOVE D
> REQ 1637332131 51 1
> VAMPIRE 1 5 5 3 0 2 0
> VAMPIRE 4 3 13 3 0 2 0
> VAMPIRE 3 17 15 3 1 2 0
> VAMPIRE 2 15 3 3 0 2 0
> GRENADE 1 3 6 4 2
> GRENADE 4 7 13 4 2
> GRENADE 2 14 1 4 2
> BAT1 16 1 1 4 8 5 10 5 12 5 1 6 1 8 5 8 15 8 19 8 10 9 9 10 11 10 15 10 19 10 10 11 15 12 19 12 15 14 8 15 10 15 4 19 6 19 8 19 10 19 12 19 4 3 12 3 3 4 3 8 3 10 17 12 17 14 4 17
> BAT2 8 7 10 7 12 7 7 8 13 8 17 8 7 10 13 10 17 10 7 12 13 12 8 13 10 13 12 13 6 17 8 17 10 17
< RES 1637332131 51 1
> REQ 1637332131 52 1
> VAMPIRE 1 5 5 3 0 2 0
> VAMPIRE 4 3 13 3 0 2 0
> VAMPIRE 3 17 15 3 0 2 0
> VAMPIRE 2 15 3 3 0 2 0
> GRENADE 1 3 6 3 2
> GRENADE 4 7 13 3 2
> GRENADE 2 14 1 3 2
> GRENADE 3 17 15 5 2
> BAT1 16 1 1 4 8 5 10 5 12 5 1 6 1 8 5 8 15 8 19 8 10 9 9 10 11 10 15 10 19 10 10 11 15 12 19 12 15 14 8 15 10 15 4 19 6 19 8 19 10 19 12 19 4 3 12 3 3 4 3 8 3 10 17 12 17 14 4 17
> BAT2 8 7 10 7 12 7 7 8 13 8 17 8 7 10 13 10 17 10 7 12 13 12 8 13 10 13 12 13 6 17 8 17 10 17
< RES 1637332131 52 1
> REQ 1637332131 53 1
> VAMPIRE 1 5 5 3 0 2 0
> VAMPIRE 4 3 13 3 0 2 0
> VAMPIRE 3 17 17 3 0 2 0
> VAMPIRE 2 15 3 3 0 2 0
> GRENADE 1 3 6 2 2
> GRENADE 4 7 13 2 2
> GRENADE 2 14 1 2 2
> GRENADE 3 17 13 4 2
> BAT1 16 1 1 4 8 5 10 5 12 5 1 6 1 8 5 8 15 8 19 8 10 9 9 10 11 10 15 10 19 10 10 11 15 12 19 12 15 14 8 15 10 15 4 19 6 19 8 19 10 19 12 19 4 3 12 3 3 4 3 8 3 10 17 12 17 14 4 17
> BAT2 8 7 10 7 12 7 7 8 13 8 17 8 7 10 13 10 17 10 7 12 13 12 8 13 10 13 12 13 6 17 8 17 10 17
< RES 1637332131 53 1
< MOVE D D
> REQ 1637332131 54 1
> VAMPIRE 1 7 5 3 0 2 0
> VAMPIRE 4 3 13 3 0 2 0
> VAMPIRE 3 17 17 3 0 2 0
> VAMPIRE 2 15 3 3 0 2 0
> GRENADE 1 3 6 1 2
> GRENADE 4 7 13 1 2
> GRENADE 2 14 1 1 2
> GRENADE 3 17 13 3 2
> BAT1 16 1 1 4 8 5 10 5 12 5 1 6 1 8 5 8 15 8 19 8 10 9 9 10 11 10 15 10 19 10 10 11 15 12 19 12 15 14 8 15 10 15 4 19 6 19 8 19 10 19 12 19 4 3 12 3 3 4 3 8 3 10 17 12 17 14 4 17
> BAT2 8 7 10 7 12 7 7 8 13 8 17 8 7 10 13 10 17 10 7 12 13 12 8 13 10 13 12 13 6 17 8 17 10 17
< RES 1637332131 54 1
< MOVE R R
> REQ 1637332131 55 1
> VAMPIRE 1 7 7 3 1 2 0
> VAMPIRE 4 3 12 3 1 2 0
> VAMPIRE 3 17 17 3 0 2 0
> VAMPIRE 2 14 3 3 1 2 0
> GRENADE 3 17 13 2 2
> BAT1 1 4 8 5 10 5 12 5 1 6 1 8 5 8 15 8 19 8 10 9 9 10 11 10 15 10 19 10 10 11 15 12 19 12 15 14 8 15 10 15 4 19 6 19 8 19 10 19 12 19 4 3 12 3 3 10 7 12 17 12 8 13 17 14 4 17
> BAT2 8 7 10 7 12 7 7 8 13 8 17 8 7 10 13 10 17 10 13 12 10 13 12 13 6 17 8 17 10 17
< RES 1637332131 55 1
< GRENADE
< MOVE U U
> REQ 1637332131 56 1
> VAMPIRE 1 5 7 3 0 2 0
> VAMPIRE 4 4 11 3 0 2 0
> VAMPIRE 3 15 17 3 0 2 0
> VAMPIRE 2 15 4 3 0 2 0
> GRENADE 3 17 13 1 2
> GRENADE 1 7 7 5 2
> GRENADE 4 3 12 5 2
> GRENADE 2 14 3 5 2
> BAT1 1 4 8 5 10 5 12 5 1 6 1 8 5 8 15 8 19 8 10 9 9 10 11 10 15 10 19 10 10 11 15 12 19 12 15 14 8 15 10 15 4 19 6 19 8 19 10 19 12 19 4 3 12 3 3 10 7 12 17 12 8 13 17 14 4 17
> BAT2 8 7 10 7 12 7 7 8 13 8 17 8 7 10 13 10 17 10 13 12 10 13 12 13 6 17 8 17 10 17
< RES 1637332131 56 1
< MOVE D
> REQ 1637332131 57 1
> VAMPIRE 1 6 7 3 0 2 0
> VAMPIRE 4 5 11 3 0 2 0
> VAMPIRE 3 15 15 3 1 2 0
> VAMPIRE 2 15 5 3 0 2 0
> GRENADE 1 7 7 4 2
> GRENADE 4 3 12 4 2
> GRENADE 2 14 3 4 2
> BAT1 1 4 8 5 10 5 12 5 1 6 1 8 5 8 15 8 19 8 10 9 9 10 11 10 15 10 19 10 10 11 15 12 19 12 15 14 8 15 10 15 4 19 6 19 8 19 10 19 12 19 4 3 12 3 3 10 7 12 8 13 4 17
> BAT2 8 7 10 7 12 7 7 8 13 8 17 8 7 10 13 10 17 10 13 12 10 13 12 13 6 17 8 17 10 17
< RES 1637332131 57 1
< THROW D 2
< MOVE U
> REQ 1637332131 58 1
> VAMPIRE 1 5 7 3 0 2 0
> VAMPIRE 4 5 11 3 0 2 0
> VAMPIRE 3 15 15 3 0 2 0
> VAMPIRE 2 15 5 3 0 2 0
> GRENADE 1 9 7 3 2
> GRENADE 4 3 12 3 2
> GRENADE 2 14 3 3 2
> GRENADE 3 15 15 5 2
> BAT1 1 4 8 5 10 5 12 5 1 6 1 8 5 8 15 8 19 8 10 9 9 10 11 10 15 10 19 10 10 11 15 12 19 12 15 14 8 15 10 15 4 19 6 19 8 19 10 19 12 19 4 3 12 3 3 10 7 12 8 13 4 17
> BAT2 8 7 10 7 12 7 7 8 13 8 17 8 7 10 13 10 17 10 13 12 10 13 12 13 6 17 8 17 10 17
< RES 1637332131 58 1
< MOVE U U
> REQ 1637332131 59 1
> VAMPIRE 1 3 7 3 0 2 0
> VAMPIRE 4 5 11 3 0 2 0
> VAMPIRE 3 13 15 3 0 2 0
> VAMPIRE 2 15 5 3 0 2 0
> GRENADE 1 9 7 2 2
> GRENADE 4 3 12 2 2
> GRENADE 2 14 3 2 2
> GRENADE 3 15 13 4 2
> BAT1 1 4 8 5 10 5 12 5 1 6 1 8 5 8 15 8 19 8 10 9 9 10 11 10 15 10 19 10 10 11 15 12 19 12 15 14 8 15 10 15 4 19 6 19 8 19 10 19 12 19 4 3 12 3 3 10 7 12 8 13 4 17
> BAT2 8 7 10 7 12 7 7 8 13 8 17 8 7 10 13 10 17 10 13 12 10 13 12 13 6 17 8 17 10 17
< RES 1637332131 59 1
< MOVE D D
> REQ 1637332131 60 1
> VAMPIRE 1 5 7 3 0 2 0
> VAMPIRE 4 5 13 3 0 2 0
> VAMPIRE 3 13 15 3 0 2 0
> VAMPIRE 2 13 5 3 0 2 0
> GRENADE 1 9 7 1 2
> GRENADE 4 3 12 1 2
> GRENADE 2 14 3 1 2
> GRENADE 3 15 13 3 2
> BAT1 1 4 8 5 10 5 12 5 1 6 1 8 5 8 15 8 19 8 10 9 9 10 11 10 15 10 19 10 10 11 15 12 19 12 15 14 8 15 10 15 4 19 6 19 8 19 10 19 12 19 4 3 12 3 3 10 7 12 8 13 4 17
> BAT2 8 7 10 7 12 7 7 8 13 8 17 8 7 10 13 10 17 10 13 12 10 13 12 13 6 17 8 17 10 17
< RES 1637332131 60 1
< MOVE D D
> REQ 1637332131 61 1
> VAMPIRE 1 7 7 3 1 2 0
> VAMPIRE 4 7 13 3 1 2 0
> VAMPIRE 3 11 15 3 0 2 0
> VAMPIRE 2 13 7 3 1 2 0
> GRENADE 3 15 13 2 2
> BAT1 1 4 8 5 10 5 12 5 1 6 1 8 5 8 15 8 19 8 10 9 9 10 11 10 15 10 19 10 10 11 15 12 19 12 15 14 8 15 10 15 4 19 6 19 8 19 10 19 12 19 4 3 8 7 10 7 7 12 8 13 4 17
> BAT2 12 7 7 8 13 8 17 8 7 10 13 10 17 10 13 12 10 13 12 13 6 17 8 17 10 17
< RES 1637332131 61 1
< GRENADE
> REQ 1637332131 62 1
> VAMPIRE 1 7 7 3 0 2 0
> VAMPIRE 4 5 13 3 0 2 0
> VAMPIRE 3 11 13 3 0 2 0
> VAMPIRE 2 15 7 3 0 2 0
> GRENADE 3 15 13 1 2
> GRENADE 1 7 7 5 2
> GRENADE 4 7 13 5 2
> GRENADE 2 13 7 5 2
> BAT1 1 4 8 5 10 5 12 5 1 6 1 8 5 8 15 8 19 8 10 9 9 10 11 10 15 10 19 10 10 11 15 12 19 12 15 14 8 15 10 15 4 19 6 19 8 19 10 19 12 19 4 3 8 7 10 7 7 12 8 13 4 17
> BAT2 12 7 7 8 13 8 17 8 7 10 13 10 17 10 13 12 10 13 12 13 6 17 8 17 10 17
< RES 1637332131 62 1
< THROW XR 2
< MOVE U U
> REQ 1637332131 63 1
> VAMPIRE 1 5 7 3 0 2 0
> VAMPIRE 4 5 15 3 0 2 0
> VAMPIRE 3 11 11 3 1 2 0
> VAMPIRE 2 15 5 3 0 2 0
> GRENADE 1 7 9 4 2
> GRENADE 4 7 13 4 2
> GRENADE 2 13 7 4 2
> BAT1 1 4 8 5 10 5 12 5 1 6 1 8 5 8 15 8 19 8 10 9 9 10 11 10 15 10 19 10 10 11 19 12 8 15 10 15 4 19 6 19 8 19 10 19 12 19 4 3 8 7 10 7 7 12 8 13 4 17
> BAT2 12 7 7 8 13 8 17 8 7 10 13 10 17 10 13 12 10 13 12 13 6 17 8 17 10 17
< RES 1637332131 63 1
< MOVE U U
> REQ 1637332131 64 1
> VAMPIRE 1 3 7 3 0 2 0
> VAMPIRE 4 5 15 3 0 2 0
> VAMPIRE 3 13 11 3 0 2 0
> VAMPIRE 2 15 5 3 0 2 0
> GRENADE 1 7 9 3 2
> GRENADE 4 7 13 3 2
> GRENADE 2 13 7 3 2
> GRENADE 3 11 11 5 2
> BAT1 1 4 8 5 10 5 12 5 1 6 1 8 5 8 15 8 19 8 10 9 9 10 11 10 15 10 19 10 10 11 19 12 8 15 10 15 4 19 6 19 8 19 10 19 12 19 4 3 8 7 10 7 7 12 8 13 4 17
> BAT2 12 7 7 8 13 8 17 8 7 10 13 10 17 10 13 12 10 13 12 13 6 17 8 17 10 17
< RES 1637332131 64 1
> REQ 1637332131 65 1
> VAMPIRE 1 3 7 3 0 2 0
> VAMPIRE 4 5 15 3 0 2 0
> VAMPIRE 3 15 11 3 0 2 0
> VAMPIRE 2 15 5 3 0 2 0
> GRENADE 1 7 9 2 2
> GRENADE 4 7 13 2 2
> GRENADE 2 13 7 2 2
> GRENADE 3 11 11 4 2
> BAT1 1 4 8 5 10 5 12 5 1 6 1 8 5 8 15 8 19 8 10 9 9 10 11 10 15 10 19 10 10 11 19 12 8 15 10 15 4 19 6 19 8 19 10 19 12 19 4 3 8 7 10 7 7 12 8 13 4 17
> BAT2 12 7 7 8 13 8 17 8 7 10 13 10 17 10 13 12 10 13 12 13 6 17 8 17 10 17
< RES 1637332131 65 1
< MOVE D D
> REQ 1637332131 66 1
> VAMPIRE 1 5 7 3 0 2 0
> VAMPIRE 4 5 15 3 0 2 0
> VAMPIRE 3 15 13 3 0 2 0
> VAMPIRE 2 15 5 3 0 2 0
> GRENADE 1 7 9 1 2
> GRENADE 4 7 13 1 2
> GRENADE 2 13 7 1 2
> GRENADE 3 11 11 3 2
> BAT1 1 4 8 5 10 5 12 5 1 6 1 8 5 8 15 8 19 8 10 9 9 10 11 10 15 10 19 10 10 11 19 12 8 15 10 15 4 19 6 19 8 19 10 19 12 19 4 3 8 7 10 7 7 12 8 13 4 17
> BAT2 12 7 7 8 13 8 17 8 7 10 13 10 17 10 13 12 10 13 12 13 6 17 8 17 10 17
< RES 1637332131 66 1
< MOVE D D
> REQ 1637332131 67 1
> VAMPIRE 1 7 7 3 1 2 0
> VAMPIRE 4 5 17 3 1 2 0
> VAMPIRE 3 15 13 3 0 2 0
> VAMPIRE 2 13 5 3 1 2 0
> GRENADE 3 11 11 2 2
> BAT1 1 4 8 5 10 5 12 5 1 6 1 8 5 8 15 8 19 8 10 9 9 10 11 10 15 10 19 10 10 11 19 12 8 15 10 15 4 19 6 19 8 19 10 19 12 19 4 3 8 7 10 7 12 7 7 8 13 8 7 10 4 17
> BAT2 17 8 13 10 17 10 13 12 10 13 12 13 6 17 8 17 10 17
< RES 1637332131 67 1
< GRENADE
> REQ 1637332131 68 1
> VAMPIRE 1 7 7 3 0 2 0
> VAMPIRE 4 5 15 3 0 2 0
> VAMPIRE 3 15 11 3 0 2 0
> VAMPIRE 2 13 5 3 0 2 0
> GRENADE 3 11 11 1 2
> GRENADE 1 7 7 5 2
> GRENADE 4 5 17 5 2
> GRENADE 2 13 5 5 2
> BAT1 1 4 8 5 10 5 12 5 1 6 1 8 5 8 15 8 19 8 10 9 9 10 11 10 15 10 19 10 10 11 19 12 8 15 10 15 4 19 6 19 8 19 10 19 12 19 4 3 8 7 10 7 12 7 7 8 13 8 7 10 4 17
> BAT2 17 8 13 10 17 10 13 12 10 13 12 13 6 17 8 17 10 17
< RES 1637332131 68 1
< THROW XR 2
< MOVE U U
> REQ 1637332131 69 1
> VAMPIRE 1 5 7 3 0 2 0
> VAMPIRE 4 3 15 3 0 2 0
> VAMPIRE 3 13 11 3 1 2 0
> VAMPIRE 2 15 5 3 0 2 0
> GRENADE 1 7 9 4 2
> GRENADE 4 5 17 4 2
> GRENADE 2 13 7 4 2
> BAT1 1 4 8 5 10 5 12 5 1 6 1 8 5 8 15 8 19 8 10 9 9 10 15 10 19 10 19 12 8 15 10 15 4 19 6 19 8 19 10 19 12 19 4 3 8 7 10 7 12 7 7 8 13 8 7 10 4 17
> BAT2 17 8 13 10 17 10 13 12 10 13 12 13 6 17 8 17 10 17
< RES 1637332131 69 1
< MOVE U U
> REQ 1637332131 70 1
> VAMPIRE 1 3 7 3 0 2 0
> VAMPIRE 4 3 15 3 0 2 0
> VAMPIRE 3 15 11 3 0 2 0
> VAMPIRE 2 15 5 3 0 2 0
> GRENADE 1 7 9 3 2
> GRENADE 4 5 17 3 2
> GRENADE 2 13 7 3 2
> GRENADE 3 13 11 5 2
> BAT1 1 4 8 5 10 5 12 5 1 6 1 8 5 8 15 8 19 8 10 9 9 10 15 10 19 10 19 12 8 15 10 15 4 19 6 19 8 19 10 19 12 19 4 3 8 7 10 7 12 7 7 8 13 8 7 10 4 17
> BAT2 17 8 13 10 17 10 13 12 10 13 12 13 6 17 8 17 10 17
< RES 1637332131 70 1
> REQ 1637332131 71 1
> VAMPIRE 1 3 7 3 0 2 0
> VAMPIRE 4 3 15 3 0 2 0
> VAMPIRE 3 15 13 3 0 2 0
> VAMPIRE 2 15 5 3 0 2 0
> GRENADE 1 7 9 2 2
> GRENADE 4 5 17 2 2
> GRENADE 2 13 7 2 2
> GRENADE 3 13 11 4 2
> BAT1 1 4 8 5 10 5 12 5 1 6 1 8 5 8 15 8 19 8 10 9 9 10 15 10 19 10 19 12 8 15 10 15 4 19 6 19 8 19 10 19 12 19 4 3 8 7 10 7 12 7 7 8 13 8 7 10 4 17
> BAT2 17 8 13 10 17 10 13 12 10 13 12 13 6 17 8 17 10 17
< RES 1637332131 71 1
< MOVE U
> REQ 1637332131 72 1
> VAMPIRE 1 2 7 3 0 2 0
> VAMPIRE 4 4 15 3 0 2 0
> VAMPIRE 3 15 13 3 0 2 0
> VAMPIRE 2 15 5 3 0 2 0
> GRENADE 1 7 9 1 2
> GRENADE 4 5 17 1 2
> GRENADE 2 13 7 1 2
> GRENADE 3 13 11 3 2
> BAT1 1 4 8 5 10 5 12 5 1 6 1 8 5 8 15 8 19 8 10 9 9 10 15 10 19 10 19 12 8 15 10 15 4 19 6 19 8 19 10 19 12 19 4 3 8 7 10 7 12 7 7 8 13 8 7 10 4 17
> BAT2 17 8 13 10 17 10 13 12 10 13 12 13 6 17 8 17 10 17
< RES 1637332131 72 1
< MOVE U
> REQ 1637332131 73 1
> VAMPIRE 1 1 7 3 1 2 0
> VAMPIRE 4 6 15 3 1 2 0
> VAMPIRE 3 15 13 3 0 2 0
> VAMPIRE 2 13 5 3 1 2 0
> GRENADE 3 13 11 2 2
> BAT1 1 4 8 5 10 5 12 5 1 6 1 8 5 8 15 8 19 8 10 9 9 10 15 10 19 10 19 12 8 15 10 15 4 19 6 19 8 19 10 19 12 19 4 3 8 7 10 7 6 17
> BAT2 17 8 13 10 17 10 13 12 10 13 12 13 8 17 10 17
< RES 1637332131 73 1
< GRENADE
< MOVE D D
> REQ 1637332131 74 1
> VAMPIRE 1 3 7 3 0 2 0
> VAMPIRE 4 6 15 3 0 2 0
> VAMPIRE 3 15 13 3 0 2 0
> VAMPIRE 2 13 5 3 0 2 0
> GRENADE 3 13 11 1 2
> GRENADE 1 1 7 5 2
> GRENADE 4 6 15 5 2
> GRENADE 2 13 5 5 2
> BAT1 1 4 8 5 10 5 12 5 1 6 1 8 5 8 15 8 19 8 10 9 9 10 15 10 19 10 19 12 8 15 10 15 4 19 6 19 8 19 10 19 12 19 4 3 8 7 10 7 6 17
> BAT2 17 8 13 10 17 10 13 12 10 13 12 13 8 17 10 17
< RES 1637332131 74 1
< MOVE L L
> REQ 1637332131 75 1
> VAMPIRE 1 3 5 3 0 2 0
> VAMPIRE 4 5 15 3 0 2 0
> VAMPIRE 3 13 13 3 1 2 0
> VAMPIRE 2 15 5 3 0 2 0
> GRENADE 1 1 7 4 2
> GRENADE 4 9 15 4 2
> GRENADE 2 11 5 4 2
> BAT1 1 4 8 5 10 5 12 5 1 6 1 8 5 8 15 8 19 8 10 9 9 10 15 10 19 10 19 12 8 15 10 15 4 19 6 19 8 19 10 19 12 19 4 3 8 7 10 7 13 10 13 12 6 17
> BAT2 17 8 17 10 10 13 12 13 8 17 10 17
< RES 1637332131 75 1
> REQ 1637332131 76 1
> VAMPIRE 1 3 5 3 0 2 0
> VAMPIRE 4 5 15 3 0 2 0
> VAMPIRE 3 15 13 3 0 2 0
> VAMPIRE 2 15 5 3 0 2 0
> GRENADE 1 1 7 3 2
> GRENADE 4 9 15 3 2
> GRENADE 2 11 5 3 2
> GRENADE 3 13 13 5 2
> BAT1 1 4 8 5 10 5 12 5 1 6 1 8 5 8 15 8 19 8 10 9 9 10 15 10 19 10 19 12 8 15 10 15 4 19 6 19 8 19 10 19 12 19 4 3 8 7 10 7 13 10 13 12 6 17
> BAT2 17 8 17 10 10 13 12 13 8 17 10 17
< RES 1637332131 76 1
> REQ 1637332131 77 1
> VAMPIRE 1 3 5 3 0 2 0
> VAMPIRE 4 5 15 3 0 2 0
> VAMPIRE 3 17 13 3 0 2 0
> VAMPIRE 2 15 5 3 0 2 0
> GRENADE 1 1 7 2 2
> GRENADE 4 9 15 2 2
> GRENADE 2 11 5 2 2
> GRENADE 3 13 13 4 2
> BAT1 1 4 8 5 10 5 12 5 1 6 1 8 5 8 15 8 19 8 10 9 9 10 15 10 19 10 19 12 8 15 10 15 4 19 6 19 8 19 10 19 12 19 4 3 8 7 10 7 13 10 13 12 6 17
> BAT2 17 8 17 10 10 13 12 13 8 17 10 17
< RES 1637332131 77 1
< MOVE L L
> REQ 1637332131 78 1
> VAMPIRE 1 3 3 3 0 2 0
> VAMPIRE 4 7 15 3 0 2 0
> VAMPIRE 3 17 13 3 0 2 0
> VAMPIRE 2 15 5 3 0 2 0
> GRENADE 1 1 7 1 2
> GRENADE 4 9 15 1 2
> GRENADE 2 11 5 1 2
> GRENADE 3 13 13 3 2
> BAT1 1 4 8 5 10 5 12 5 1 6 1 8 5 8 15 8 19 8 10 9 9 10 15 10 19 10 19 12 8 15 10 15 4 19 6 19 8 19 10 19 12 19 4 3 8 7 10 7 13 10 13 12 6 17
> BAT2 17 8 17 10 10 13 12 13 8 17 10 17
< RES 1637332131 78 1
< MOVE U
> REQ 1637332131 79 1
> VAMPIRE 1 2 3 3 1 2 0
> VAMPIRE 4 7 17 3 1 2 0
> VAMPIRE 3 17 13 3 0 2 0
> VAMPIRE 2 15 7 3 1 2 0
> GRENADE 3 13 13 2 2
> BAT1 1 4 8 5 5 8 15 8 19 8 10 9 9 10 15 10 19 10 19 12 4 19 6 19 8 19 10 19 12 19 4 3 8 7 10 7 13 10 13 12 6 17
> BAT2 17 8 17 10 10 13 12 13 8 17 10 17
< RES 1637332131 79 1
< MOVE U L
> REQ 1637332131 80 1
> VAMPIRE 1 1 2 3 1 2 0
> VAMPIRE 4 7 15 3 0 2 0
> VAMPIRE 3 17 11 3 0 2 0
> VAMPIRE 2 15 7 3 0 2 0
> GRENADE 3 13 13 1 2
> GRENADE 4 7 17 5 2
> GRENADE 2 15 7 5 2
> BAT1 1 4 8 5 5 8 15 8 19 8 10 9 9 10 15 10 19 10 19 12 4 19 6 19 8 19 10 19 12 19 4 3 8 7 10 7 13 10 13 12 6 17
> BAT2 17 8 17 10 10 13 12 13 8 17 10 17
< RES 1637332131 80 1
< GRENADE
< MOVE R D
> REQ 1637332131 81 1
> VAMPIRE 1 2 3 3 0 2 0
> VAMPIRE 4 9 15 3 0 2 0
> VAMPIRE 3 19 11 3 1 2 0
> VAMPIRE 2 13 7 3 0 2 0
> GRENADE 4 7 17 4 2
> GRENADE 2 15 9 4 2
> GRENADE 1 1 2 5 2
> BAT1 1 4 8 5 5 8 15 8 19 8 10 9 9 10 15 10 19 10 19 12 4 19 6 19 8 19 10 19 12 19 4 3 8 7 10 7 13 10 12 13 6 17
> BAT2 17 8 17 10 10 13 8 17 10 17
< RES 1637332131 81 1
< MOVE D
> REQ 1637332131 82 1
> VAMPIRE 1 3 3 3 0 2 0
> VAMPIRE 4 9 15 3 0 2 0
> VAMPIRE 3 17 11 3 0 2 0
> VAMPIRE 2 13 7 3 0 2 0
> GRENADE 4 7 17 3 2
> GRENADE 2 15 9 3 2
> GRENADE 1 1 2 4 2
> GRENADE 3 19 11 5 2
> BAT1 1 4 8 5 5 8 15 8 19 8 10 9 9 10 15 10 19 10 19 12 4 19 6 19 8 19 10 19 12 19 4 3 8 7 10 7 13 10 12 13 6 17
> BAT2 17 8 17 10 10 13 8 17 10 17
< RES 1637332131 82 1
< MOVE R R
> REQ 1637332131 83 1
> VAMPIRE 1 3 5 3 0 2 0
> VAMPIRE 4 9 15 3 0 2 0
> VAMPIRE 3 17 13 3 0 2 0
> VAMPIRE 2 13 7 3 0 2 0
> GRENADE 4 7 17 2 2
> GRENADE 2 15 9 2 2
> GRENADE 1 1 2 3 2
> GRENADE 3 19 11 4 2
> BAT1 1 4 8 5 5 8 15 8 19 8 10 9 9 10 15 10 19 10 19 12 4 19 6 19 8 19 10 19 12 19 4 3 8 7 10 7 13 10 12 13 6 17
> BAT2 17 8 17 10 10 13 8 17 10 17
< RES 1637332131 83 1
> REQ 1637332131 84 1
> VAMPIRE 1 3 5 3 0 2 0
> VAMPIRE 4 11 15 3 0 2 0
> VAMPIRE 3 17 13 3 0 2 0
> VAMPIRE 2 13 7 3 0 2 0
> GRENADE 4 7 17 1 2
> GRENADE 2 15 9 1 2
> GRENADE 1 1 2 2 2
> GRENADE 3 19 11 3 2
> BAT1 1 4 8 5 5 8 15 8 19 8 10 9 9 10 15 10 19 10 19 12 4 19 6 19 8 19 10 19 12 19 4 3 8 7 10 7 13 10 12 13 6 17
> BAT2 17 8 17 10 10 13 8 17 10 17
< RES 1637332131 84 1
< MOVE L L
> REQ 1637332131 85 1
> VAMPIRE 1 3 3 3 0 2 0
> VAMPIRE 4 11 13 3 1 2 0
> VAMPIRE 3 17 13 3 0 2 0
> VAMPIRE 2 11 7 3 1 2 0
> GRENADE 1 1 2 1 2
> GRENADE 3 19 11 2 2
> BAT1 1 4 8 5 5 8 19 8 10 9 9 10 19 10 19 12 4 19 6 19 8 19 10 19 12 19 4 3 8 7 10 7 13 10 12 13 8 17
> BAT2 17 8 17 10 10 13 10 17
< RES 1637332131 85 1
< MOVE U
> REQ 1637332131 86 1
> VAMPIRE 1 2 3 3 1 2 0
> VAMPIRE 4 11 15 3 0 2 0
> VAMPIRE 3 17 13 3 0 2 0
> VAMPIRE 2 11 7 3 0 2 0
> GRENADE 3 19 11 1 2
> GRENADE 4 11 13 5 2
> GRENADE 2 11 7 5 2
> BAT1 8 5 5 8 19 8 10 9 9 10 19 10 19 12 4 19 6 19 8 19 10 19 12 19 4 3 8 7 10 7 13 10 12 13 8 17
> BAT2 17 8 17 10 10 13 10 17
< RES 1637332131 86 1
< GRENADE
< MOVE D R
> REQ 1637332131 87 1
> VAMPIRE 1 3 4 3 0 2 0
> VAMPIRE 4 9 15 3 0 2 0
> VAMPIRE 3 17 11 3 1 2 0
> VAMPIRE 2 11 5 3 0 2 0
> GRENADE 4 11 13 4 2
> GRENADE 2 9 7 4 2
> GRENADE 1 2 3 5 2
> BAT1 8 5 5 8 19 8 10 9 9 10 4 19 6 19 8 19 10 19 12 19 4 3 8 7 10 7 13 10 12 13 8 17
> BAT2 17 8 17 10 10 13 10 17
< RES 1637332131 87 1
< MOVE R
> REQ 1637332131 88 1
> VAMPIRE 1 3 5 3 0 2 0
> VAMPIRE 4 9 15 3 0 2 0
> VAMPIRE 3 17 11 3 0 2 0
> VAMPIRE 2 11 5 3 0 2 0
> GRENADE 4 11 13 3 2
> GRENADE 2 9 7 3 2
> GRENADE 1 2 3 4 2
> GRENADE 3 17 11 5 2
> BAT1 8 5 5 8 19 8 10 9 9 10 4 19 6 19 8 19 10 19 12 19 4 3 8 7 10 7 13 10 12 13 8 17
> BAT2 17 8 17 10 10 13 10 17
< RES 1637332131 88 1
> REQ 1637332131 89 1
> VAMPIRE 1 3 5 3 0 2 0
> VAMPIRE 4 9 15 3 0 2 0
> VAMPIRE 3 15 11 3 0 2 0
> VAMPIRE 2 11 5 3 0 2 0
> GRENADE 4 11 13 2 2
> GRENADE 2 9 7 2 2
> GRENADE 1 2 3 3 2
> GRENADE 3 17 9 4 2
> BAT1 8 5 5 8 19 8 10 9 9 10 4 19 6 19 8 19 10 19 12 19 4 3 8 7 10 7 13 10 12 13 8 17
> BAT2 17 8 17 10 10 13 10 17
< RES 1637332131 89 1
> REQ 1637332131 90 1
> VAMPIRE 1 3 5 3 0 2 0
> VAMPIRE 4 9 15 3 0 2 0
> VAMPIRE 3 15 11 3 0 2 0
> VAMPIRE 2 11 5 3 0 2 0
> GRENADE 4 11 13 1 2
> GRENADE 2 9 7 1 2
> GRENADE 1 2 3 2 2
> GRENADE 3 17 9 3 2
> BAT1 8 5 5 8 19 8 10 9 9 10 4 19 6 19 8 19 10 19 12 19 4 3 8 7 10 7 13 10 12 13 8 17
> BAT2 17 8 17 10 10 13 10 17
< RES 1637332131 90 1
< MOVE D D
> REQ 1637332131 91 1
> VAMPIRE 1 5 5 3 0 2 0
> VAMPIRE 4 9 17 3 1 2 0
> VAMPIRE 3 15 11 3 0 2 0
> VAMPIRE 2 9 5 3 1 2 0
> GRENADE 1 2 3 1 2
> GRENADE 3 17 9 2 2
> BAT1 8 5 5 8 19 8 10 9 9 10 4 19 6 19 8 19 10 19 12 19 4 3 13 10 10 13 8 17
> BAT2 17 8 17 10 10 17
< RES 1637332131 91 1
< MOVE D
> REQ 1637332131 92 1
> VAMPIRE 1 6 5 3 1 2 0
> VAMPIRE 4 9 15 3 0 2 0
> VAMPIRE 3 13 11 3 0 2 0
> VAMPIRE 2 11 5 3 0 2 0
> GRENADE 3 17 9 1 2
> GRENADE 4 9 17 5 2
> GRENADE 2 9 5 5 2
> BAT1 8 5 5 8 19 8 10 9 9 10 4 19 6 19 8 19 10 19 12 19 13 10 10 13 8 17
> BAT2 17 8 17 10 10 17
< RES 1637332131 92 1
< GRENADE
< MOVE D R
> REQ 1637332131 93 1
> VAMPIRE 1 7 6 3 0 2 0
> VAMPIRE 4 9 16 3 0 2 0
> VAMPIRE 3 13 12 3 1 2 0
> VAMPIRE 2 10 5 3 0 2 0
> GRENADE 4 9 17 4 2
> GRENADE 2 9 5 4 2
> GRENADE 1 6 5 5 2
> BAT1 8 5 5 8 19 8 10 9 9 10 4 19 6 19 8 19 10 19 12 19 17 8 13 10 17 10 10 13 8 17
> BAT2 10 17
< RES 1637332131 93 1
< MOVE R
> REQ 1637332131 94 1
> VAMPIRE 1 7 7 3 0 2 0
> VAMPIRE 4 9 15 3 0 2 0
> VAMPIRE 3 13 12 3 0 2 0
> VAMPIRE 2 11 5 3 0 2 0
> GRENADE 4 9 19 3 2
> GRENADE 2 6 5 3 2
> GRENADE 1 6 5 4 2
> GRENADE 3 13 12 5 2
> BAT1 8 5 5 8 19 8 10 9 9 10 4 19 6 19 8 19 10 19 12 19 17 8 13 10 17 10 10 13 8 17
> BAT2 10 17
< RES 1637332131 94 1
> REQ 1637332131 95 1
> VAMPIRE 1 7 7 3 0 2 0
> VAMPIRE 4 9 15 3 0 2 0
> VAMPIRE 3 13 11 3 0 2 0
> VAMPIRE 2 11 5 3 0 2 0
> GRENADE 4 9 19 2 2
> GRENADE 2 6 5 2 2
> GRENADE 1 6 5 3 2
> GRENADE 3 13 9 4 2
> BAT1 8 5 5 8 19 8 10 9 9 10 4 19 6 19 8 19 10 19 12 19 17 8 13 10 17 10 10 13 8 17
> BAT2 10 17
< RES 1637332131 95 1
< MOVE R R
> REQ 1637332131 96 1
> VAMPIRE 1 7 9 3 0 2 0
> VAMPIRE 4 9 15 3 0 2 0
> VAMPIRE 3 15 11 3 0 2 0
> VAMPIRE 2 11 5 3 0 2 0
> GRENADE 4 9 19 1 2
> GRENADE 2 6 5 1 2
> GRENADE 1 6 5 2 2
> GRENADE 3 13 9 3 2
> BAT1 8 5 5 8 19 8 10 9 9 10 4 19 6 19 8 19 10 19 12 19 17 8 13 10 17 10 10 13 8 17
> BAT2 10 17
< RES 1637332131 96 1
< MOVE D D
> REQ 1637332131 97 1
> VAMPIRE 1 9 9 3 1 2 0
> VAMPIRE 4 9 17 3 1 2 0
> VAMPIRE 3 15 11 3 0 2 0
> VAMPIRE 2 11 7 3 1 2 0
> GRENADE 3 13 9 2 2
> BAT1 5 8 19 8 10 9 9 10 4 19 6 19 12 19 17 8 13 10 17 10 10 13 8 17
> BAT2 10 17
< RES 1637332131 97 1
< GRENADE
< MOVE U U
> REQ 1637332131 98 1
> VAMPIRE 1 7 9 3 0 2 0
> VAMPIRE 4 9 15 3 0 2 0
> VAMPIRE 3 17 11 3 0 2 0
> VAMPIRE 2 9 7 3 1 2 0
> GRENADE 3 13 9 1 2
> GRENADE 1 9 9 5 2
> GRENADE 4 9 17 5 2
> BAT1 5 8 19 8 10 9 9 10 4 19 6 19 12 19 17 8 13 10 17 10 10 13 8 17
> BAT2 10 17
< RES 1637332131 98 1
< MOVE R R
> REQ 1637332131 99 1
> VAMPIRE 1 7 11 3 0 2 0
> VAMPIRE 4 7 15 3 0 2 0
> VAMPIRE 3 17 11 3 1 2 0
> VAMPIRE 2 11 7 3 0 2 0
> GRENADE 1 9 9 4 2
> GRENADE 4 9 17 4 2
> GRENADE 2 9 7 5 2
> BAT1 5 8 19 8 10 9 9 10 4 19 6 19 12 19 17 8 17 10 10 13 8 17
> BAT2 10 17
< RES 1637332131 99 1
< MOVE U U
> REQ 1637332131 100 1
> VAMPIRE 1 5 11 3 0 2 0
> VAMPIRE 4 5 15 3 0 2 0
> VAMPIRE 3 17 11 3 0 2 0
> VAMPIRE 2 13 7 3 0 2 0
> GRENADE 1 9 9 3 2
> GRENADE 4 9 17 3 2
> GRENADE 2 9 7 4 2
> GRENADE 3 17 11 5 2
> BAT1 5 8 19 8 10 9 9 10 4 19 6 19 12 19 17 8 17 10 10 13 8 17
> BAT2 10 17
< RES 1637332131 100 1
< MOVE D D
> REQ 1637332131 101 1
> VAMPIRE 1 7 11 3 0 2 0
> VAMPIRE 4 7 15 3 0 2 0
> VAMPIRE 3 15 11 3 0 2 0
> VAMPIRE 2 15 7 3 0 2 0
> GRENADE 1 9 9 2 2
> GRENADE 4 9 17 2 2
> GRENADE 2 9 7 3 2
> GRENADE 3 17 9 4 2
> BAT1 5 8 19 8 10 9 9 10 4 19 6 19 12 19 17 8 17 10 10 13 8 17
> BAT2 10 17
< RES 1637332131 101 1
< MOVE U U
> REQ 1637332131 102 1
> VAMPIRE 1 5 11 3 0 2 0
> VAMPIRE 4 7 13 3 0 2 0
> VAMPIRE 3 15 11 3 0 2 0
> VAMPIRE 2 15 8 3 0 2 0
> GRENADE 1 9 9 1 2
> GRENADE 4 9 17 1 2
> GRENADE 2 9 7 2 2
> GRENADE 3 17 9 3 2
> BAT1 5 8 19 8 10 9 9 10 4 19 6 19 12 19 17 8 17 10 10 13 8 17
> BAT2 10 17
< RES 1637332131 102 1
< MOVE L
> REQ 1637332131 103 1
> VAMPIRE 1 5 10 3 1 2 0
> VAMPIRE 4 8 13 3 1 2 0
> VAMPIRE 3 13 11 3 0 2 0
> VAMPIRE 2 16 9 3 1 2 0
> GRENADE 3 17 9 2 2
> BAT1 5 8 19 8 4 19 6 19 12 19 17 8 17 10 10 13 10 17
< RES 1637332131 103 1
< GRENADE
> REQ 1637332131 104 1
> VAMPIRE 1 5 10 3 0 2 0
> VAMPIRE 4 9 12 3 0 2 0
> VAMPIRE 3 13 13 3 0 2 0
> VAMPIRE 2 15 8 3 0 2 0
> GRENADE 3 17 9 1 2
> GRENADE 1 5 10 5 2
> GRENADE 4 8 13 5 2
> GRENADE 2 16 9 5 2
> BAT1 5 8 19 8 4 19 6 19 12 19 17 8 17 10 10 13 10 17
< RES 1637332131 104 1
< THROW XL 3
< MOVE L
> REQ 1637332131 105 1
> VAMPIRE 1 5 9 3 0 2 0
> VAMPIRE 4 9 11 3 0 2 0
> VAMPIRE 3 11 13 3 1 2 0
> VAMPIRE 2 16 7 3 1 2 0
> GRENADE 1 5 7 4 2
> GRENADE 4 8 13 4 2
> BAT1 5 8 19 8 4 19 6 19 12 19 10 13 10 17
< RES 1637332131 105 1
< MOVE U U
> REQ 1637332131 106 1
> VAMPIRE 1 3 9 3 0 2 0
> VAMPIRE 4 9 11 3 0 2 0
> VAMPIRE 3 11 15 3 0 2 0
> VAMPIRE 2 16 7 3 0 2 0
> GRENADE 1 5 7 3 2
> GRENADE 4 8 13 3 2
> GRENADE 3 11 13 5 2
> GRENADE 2 16 7 5 2
> BAT1 5 8 19 8 4 19 6 19 12 19 10 13 10 17
< RES 1637332131 106 1
> REQ 1637332131 107 1
> VAMPIRE 1 3 9 3 0 2 0
> VAMPIRE 4 9 11 3 0 2 0
> VAMPIRE 3 13 15 3 0 2 0
> VAMPIRE 2 15 7 3 0 2 0
> GRENADE 1 5 7 2 2
> GRENADE 4 8 13 2 2
> GRENADE 3 11 13 4 2
> GRENADE 2 19 7 4 2
> BAT1 5 8 19 8 4 19 6 19 12 19 10 13 10 17
< RES 1637332131 107 1
> REQ 1637332131 108 1
> VAMPIRE 1 3 9 3 0 2 0
> VAMPIRE 4 9 11 3 0 2 0
> VAMPIRE 3 13 17 3 0 2 0
> VAMPIRE 2 15 9 3 0 2 0
> GRENADE 1 5 7 1 2
> GRENADE 4 8 13 1 2
> GRENADE 3 11 13 3 2
> GRENADE 2 19 7 3 2
> BAT1 5 8 19 8 4 19 6 19 12 19 10 13 10 17
< RES 1637332131 108 1
< MOVE R R
> REQ 1637332131 109 1
> VAMPIRE 1 3 11 3 1 2 0
> VAMPIRE 4 9 11 3 1 2 0
> VAMPIRE 3 11 17 3 0 2 0
> VAMPIRE 2 17 9 3 0 2 0
> GRENADE 3 11 13 2 2
> GRENADE 2 19 7 2 2
> BAT1 19 8 4 19 6 19 12 19 10 17
< RES 1637332131 109 1
< MOVE R R
> REQ 1637332131 110 1
> VAMPIRE 1 3 13 3 1 2 0
> VAMPIRE 4 9 11 3 1 2 0
> VAMPIRE 3 13 17 3 0 2 0
> VAMPIRE 2 17 9 3 0 2 0
> GRENADE 3 11 13 1 2
> GRENADE 2 19 7 1 2
> BAT1 19 8 4 19 6 19 12 19 10 17
< RES 1637332131 110 1
< MOVE R R
> REQ 1637332131 111 1
> VAMPIRE 1 3 15 3 1 2 0
> VAMPIRE 4 9 13 3 1 2 0
> VAMPIRE 3 12 17 3 1 2 0
> VAMPIRE 2 15 9 3 1 2 0
> BAT1 4 19 6 19 12 19 10 17
< RES 1637332131 111 1
< MOVE R R
> REQ 1637332131 112 1
> VAMPIRE 1 3 17 3 1 2 0
> VAMPIRE 4 9 15 3 1 2 0
> VAMPIRE 3 11 16 3 0 2 0
> VAMPIRE 2 13 9 3 1 2 0
> GRENADE 3 12 17 5 2
> BAT1 4 19 6 19 12 19 10 17
< RES 1637332131 112 1
< MOVE R R
> REQ 1637332131 113 1
> VAMPIRE 1 3 19 3 1 2 0
> VAMPIRE 4 9 17 3 1 2 0
> VAMPIRE 3 11 16 3 0 2 0
> VAMPIRE 2 11 9 3 1 2 0
> GRENADE 3 12 17 4 2
> BAT1 4 19 6 19 12 19 10 17
< RES 1637332131 113 1
< GRENADE
> REQ 1637332131 114 1
> VAMPIRE 1 3 19 3 0 2 0
> VAMPIRE 4 8 17 3 1 2 0
> VAMPIRE 3 11 16 3 0 2 0
> VAMPIRE 2 11 11 3 1 2 0
> GRENADE 3 12 17 3 2
> GRENADE 1 3 19 5 2
> BAT1 4 19 6 19 12 19 10 17
< RES 1637332131 114 1
< THROW XD 2
< MOVE L L
> REQ 1637332131 115 1
> VAMPIRE 1 3 17 3 0 2 0
> VAMPIRE 4 9 16 3 0 2 0
> VAMPIRE 3 11 18 3 0 2 0
> VAMPIRE 2 11 13 3 1 2 0
> GRENADE 3 12 17 2 2
> GRENADE 1 5 19 4 2
> GRENADE 4 8 17 5 2
> BAT1 4 19 6 19 12 19 10 17
< RES 1637332131 115 1
> REQ 1637332131 116 1
> VAMPIRE 1 3 17 3 0 2 0
> VAMPIRE 4 9 17 3 0 2 0
> VAMPIRE 3 11 19 3 0 2 0
> VAMPIRE 2 11 13 3 1 2 0
> GRENADE 3 12 17 1 2
> GRENADE 1 5 19 3 2
> GRENADE 4 8 17 4 2
> BAT1 4 19 6 19 12 19 10 17
< RES 1637332131 116 1
> REQ 1637332131 117 1
> VAMPIRE 1 3 17 3 0 2 0
> VAMPIRE 4 9 17 3 0 2 0
> VAMPIRE 3 10 19 3 1 2 0
> VAMPIRE 2 11 13 3 1 2 0
> GRENADE 1 5 19 2 2
> GRENADE 4 5 17 3 2
> BAT1 4 19 6 19 12 19
< RES 1637332131 117 1
< MOVE L L
> REQ 1637332131 118 1
> VAMPIRE 1 3 15 3 0 2 0
> VAMPIRE 4 9 18 3 0 2 0
> VAMPIRE 3 11 18 3 0 2 0
> VAMPIRE 2 11 13 3 1 2 0
> GRENADE 1 5 19 1 2
> GRENADE 4 5 17 2 2
> GRENADE 3 10 19 5 2
> BAT1 4 19 6 19 12 19
< RES 1637332131 118 1
< MOVE D D
> REQ 1637332131 119 1
> VAMPIRE 1 5 15 3 1 2 0
> VAMPIRE 4 8 19 3 1 2 0
> VAMPIRE 3 12 17 3 0 2 0
> VAMPIRE 2 11 15 3 1 2 0
> GRENADE 3 10 19 4 2
> BAT1 12 19
< RES 1637332131 119 1
< MOVE D D
> REQ 1637332131 120 1
> VAMPIRE 1 7 15 3 1 2 0
> VAMPIRE 4 9 18 3 0 2 0
> VAMPIRE 3 13 17 3 0 2 0
> VAMPIRE 2 11 15 3 1 2 0
> GRENADE 3 10 19 3 2
> GRENADE 4 8 19 5 2
> BAT1 12 19
< RES 1637332131 120 1
> REQ 1637332131 121 1
> VAMPIRE 1 7 15 3 1 2 0
> VAMPIRE 4 10 17 3 0 2 0
> VAMPIRE 3 13 17 3 0 2 0
> VAMPIRE 2 11 13 3 1 2 0
> GRENADE 3 10 19 2 2
> GRENADE 4 8 19 4 2
> BAT1 12 19
< RES 1637332131 121 1
> REQ 1637332131 122 1
> VAMPIRE 1 7 15 3 1 2 0
> VAMPIRE 4 11 18 3 0 2 0
> VAMPIRE 3 13 17 3 0 2 0
> VAMPIRE 2 11 13 3 1 2 0
> GRENADE 3 10 19 1 2
> GRENADE 4 8 19 3 2
> BAT1 12 19
< RES 1637332131 122 1
> REQ 1637332131 123 1
> VAMPIRE 1 7 15 3 1 2 0
> VAMPIRE 4 11 19 3 1 2 0
> VAMPIRE 3 13 17 3 1 2 0
> VAMPIRE 2 11 13 3 1 2 0
< RES 1637332131 123 1
> REQ 1637332131 124 1
> VAMPIRE 1 7 15 3 1 2 0
> VAMPIRE 4 11 19 3 1 2 0
> VAMPIRE 3 13 17 3 1 2 0
> VAMPIRE 2 11 13 3 1 2 0
< RES 1637332131 124 1
> REQ 1637332131 125 1
> VAMPIRE 1 7 15 3 1 2 0
> VAMPIRE 4 11 19 3 1 2 0
> VAMPIRE 3 13 17 3 1 2 0
> VAMPIRE 2 11 13 3 1 2 0
< RES 1637332131 125 1
> REQ 1637332131 126 1
> VAMPIRE 1 7 15 3 1 2 0
> VAMPIRE 4 11 19 3 1 2 0
> VAMPIRE 3 13 17 3 1 2 0
> VAMPIRE 2 11 13 3 1 2 0
< RES 1637332131 126 1
> REQ 1637332131 127 1
> VAMPIRE 1 7 15 3 1 2 0
> VAMPIRE 4 11 19 3 1 2 0
> VAMPIRE 3 13 17 3 1 2 0
> VAMPIRE 2 11 13 3 1 2 0
< RES 1637332131 127 1
> REQ 1637332131 128 1
> VAMPIRE 1 7 15 3 1 2 0
> VAMPIRE 4 11 19 3 1 2 0
> VAMPIRE 3 13 17 3 1 2 0
> VAMPIRE 2 11 13 3 1 2 0
< RES 1637332131 128 1
> REQ 1637332131 129 1
> VAMPIRE 1 7 15 3 1 2 0
> VAMPIRE 4 11 19 3 1 2 0
> VAMPIRE 3 13 17 3 1 2 0
> VAMPIRE 2 11 13 3 1 2 0
< RES 1637332131 129 1
> REQ 1637332131 130 1
> VAMPIRE 1 7 15 3 1 2 0
> VAMPIRE 4 11 19 3 1 2 0
> VAMPIRE 3 13 17 3 1 2 0
> VAMPIRE 2 11 13 3 1 2 0
< RES 1637332131 130 1
> REQ 1637332131 131 1
> VAMPIRE 1 7 15 3 1 2 0
> VAMPIRE 4 11 19 3 1 2 0
> VAMPIRE 3 13 17 3 1 2 0
> VAMPIRE 2 11 13 3 1 2 0
< RES 1637332131 131 1
> REQ 1637332131 132 1
> VAMPIRE 1 7 15 3 1 2 0
> VAMPIRE 4 11 19 3 1 2 0
> VAMPIRE 3 13 17 3 1 2 0
> VAMPIRE 2 11 13 3 1 2 0
< RES 1637332131 132 1
> REQ 1637332131 133 1
> VAMPIRE 1 7 15 3 1 2 0
> VAMPIRE 4 11 19 3 1 2 0
> VAMPIRE 3 13 17 3 1 2 0
> VAMPIRE 2 11 13 3 1 2 0
< RES 1637332131 133 1
> REQ 1637332131 134 1
> VAMPIRE 1 7 15 3 1 2 0
> VAMPIRE 4 11 19 3 1 2 0
> VAMPIRE 3 13 17 3 1 2 0
> VAMPIRE 2 11 13 3 1 2 0
< RES 1637332131 134 1
> REQ 1637332131 135 1
> VAMPIRE 1 7 15 3 1 2 0
> VAMPIRE 4 11 19 3 1 2 0
> VAMPIRE 3 13 17 3 1 2 0
> VAMPIRE 2 11 13 3 1 2 0
< RES 1637332131 135 1
> REQ 1637332131 136 1
> VAMPIRE 1 7 15 3 1 2 0
> VAMPIRE 4 11 19 3 1 2 0
> VAMPIRE 3 13 17 3 1 2 0
> VAMPIRE 2 11 13 3 1 2 0
< RES 1637332131 136 1
> REQ 1637332131 137 1
> VAMPIRE 1 7 15 3 1 2 0
> VAMPIRE 4 11 19 3 1 2 0
> VAMPIRE 3 13 17 3 1 2 0
> VAMPIRE 2 11 13 3 1 2 0
< RES 1637332131 137 1
> REQ 1637332131 138 1
> VAMPIRE 1 7 15 3 1 2 0
> VAMPIRE 4 11 19 3 1 2 0
> VAMPIRE 3 13 17 3 1 2 0
> VAMPIRE 2 11 13 3 1 2 0
< RES 1637332131 138 1
> REQ 1637332131 139 1
> VAMPIRE 1 7 15 3 1 2 0
> VAMPIRE 4 11 19 3 1 2 0
> VAMPIRE 3 13 17 3 1 2 0
> VAMPIRE 2 11 13 3 1 2 0
< RES 1637332131 139 1
> REQ 1637332131 140 1
> VAMPIRE 1 7 15 3 1 2 0
> VAMPIRE 4 11 19 3 1 2 0
> VAMPIRE 3 13 17 3 1 2 0
> VAMPIRE 2 11 13 3 1 2 0
< RES 1637332131 140 1
> REQ 1637332131 141 1
> VAMPIRE 1 7 15 3 1 2 0
> VAMPIRE 4 11 19 3 1 2 0
> VAMPIRE 3 13 17 3 1 2 0
> VAMPIRE 2 11 13 3 1 2 0
< RES 1637332131 141 1
> REQ 1637332131 142 1
> VAMPIRE 1 7 15 3 1 2 0
> VAMPIRE 4 11 19 3 1 2 0
> VAMPIRE 3 13 17 3 1 2 0
> VAMPIRE 2 11 13 3 1 2 0
< RES 1637332131 142 1
> REQ 1637332131 143 1
> VAMPIRE 1 7 15 3 1 2 0
> VAMPIRE 4 11 19 3 1 2 0
> VAMPIRE 3 13 17 3 1 2 0
> VAMPIRE 2 11 13 3 1 2 0
< RES 1637332131 143 1
> REQ 1637332131 144 1
> VAMPIRE 1 7 15 3 1 2 0
> VAMPIRE 4 11 19 3 1 2 0
> VAMPIRE 3 13 17 3 1 2 0
> VAMPIRE 2 11 13 3 1 2 0
< RES 1637332131 144 1
> REQ 1637332131 145 1
> VAMPIRE 1 7 15 3 1 2 0
> VAMPIRE 4 11 19 3 1 2 0
> VAMPIRE 3 13 17 3 1 2 0
> VAMPIRE 2 11 13 3 1 2 0
< RES 1637332131 145 1
> REQ 1637332131 146 1
> VAMPIRE 1 7 15 3 1 2 0
> VAMPIRE 4 11 19 3 1 2 0
> VAMPIRE 3 13 17 3 1 2 0
> VAMPIRE 2 11 13 3 1 2 0
< RES 1637332131 146 1
> REQ 1637332131 147 1
> VAMPIRE 1 7 15 3 1 2 0
> VAMPIRE 4 11 19 3 1 2 0
> VAMPIRE 3 13 17 3 1 2 0
> VAMPIRE 2 11 13 3 1 2 0
< RES 1637332131 147 1
> REQ 1637332131 148 1
> VAMPIRE 1 7 15 3 1 2 0
> VAMPIRE 4 11 19 3 1 2 0
> VAMPIRE 3 13 17 3 1 2 0
> VAMPIRE 2 11 13 3 1 2 0
> POWERUP GRENADE -5 10 13 6
> POWERUP GRENADE -5 10 7 6
< RES 1637332131 148 1
< MOVE D D
> REQ 1637332131 149 1
> VAMPIRE 1 9 15 3 1 2 0
> VAMPIRE 4 11 17 3 1 2 0
> VAMPIRE 3 11 17 3 1 2 0
> VAMPIRE 2 10 13 3 1 2 0
> POWERUP GRENADE -4 10 13 6
> POWERUP GRENADE -4 10 7 6
< RES 1637332131 149 1
< MOVE L L
> REQ 1637332131 150 1
> VAMPIRE 1 9 13 3 1 2 0
> VAMPIRE 4 11 15 3 1 2 0
> VAMPIRE 3 11 15 3 1 2 0
> VAMPIRE 2 10 13 3 1 2 0
> POWERUP GRENADE -3 10 13 6
> POWERUP GRENADE -3 10 7 6
< RES 1637332131 150 1
< MOVE D
> REQ 1637332131 151 1
> VAMPIRE 1 10 13 3 1 2 0
> VAMPIRE 4 11 13 3 1 2 0
> VAMPIRE 3 11 13 3 1 2 0
> VAMPIRE 2 10 13 3 1 2 0
> POWERUP GRENADE -2 10 13 6
> POWERUP GRENADE -2 10 7 6
< RES 1637332131 151 1
< GRENADE
> REQ 1637332131 152 1
> VAMPIRE 1 10 13 3 0 2 0
> VAMPIRE 4 11 13 3 1 2 0
> VAMPIRE 3 11 13 3 1 2 0
> VAMPIRE 2 10 13 3 0 2 0
> GRENADE 1 10 13 5 2
> GRENADE 2 10 13 5 2
> POWERUP GRENADE -1 10 13 6
> POWERUP GRENADE -1 10 7 6
< RES 1637332131 152 1
< MOVE U
> REQ 1637332131 153 1
> VAMPIRE 1 9 13 3 0 2 0
> VAMPIRE 4 11 11 3 1 2 0
> VAMPIRE 3 11 11 3 1 2 0
> VAMPIRE 2 9 13 3 0 2 0
> GRENADE 1 10 13 4 2
> GRENADE 2 10 13 4 2
> POWERUP GRENADE 12 10 13 6
> POWERUP GRENADE 12 10 7 6
< RES 1637332131 153 1
< MOVE L L
> REQ 1637332131 154 1
> VAMPIRE 1 9 11 3 0 2 0
> VAMPIRE 4 11 9 3 1 2 0
> VAMPIRE 3 11 9 3 1 2 0
> VAMPIRE 2 9 11 3 0 2 0
> GRENADE 1 10 13 3 2
> GRENADE 2 10 13 3 2
> POWERUP GRENADE 11 10 13 6
> POWERUP GRENADE 11 10 7 6
< RES 1637332131 154 1
< MOVE L L
> REQ 1637332131 155 1
> VAMPIRE 1 9 9 3 0 2 0
> VAMPIRE 4 11 7 3 1 2 0
> VAMPIRE 3 11 7 3 1 2 0
> VAMPIRE 2 9 9 3 0 2 0
> GRENADE 1 10 13 2 2
> GRENADE 2 10 13 2 2
> POWERUP GRENADE 10 10 13 6
> POWERUP GRENADE 10 10 7 6
< RES 1637332131 155 1
< MOVE L L
> REQ 1637332131 156 1
> VAMPIRE 1 9 7 3 0 2 0
> VAMPIRE 4 10 7 3 1 2 0
> VAMPIRE 3 10 7 3 1 2 0
> VAMPIRE 2 9 7 3 0 2 0
> GRENADE 1 10 13 1 2
> GRENADE 2 10 13 1 2
> POWERUP GRENADE 9 10 13 6
> POWERUP GRENADE 9 10 7 6
< RES 1637332131 156 1
< MOVE D
> REQ 1637332131 157 1
> VAMPIRE 1 10 7 3 1 2 0
> VAMPIRE 4 10 7 3 1 2 0
> VAMPIRE 3 10 7 3 1 2 0
> VAMPIRE 2 10 7 3 1 2 0
> POWERUP GRENADE 8 10 13 6
> POWERUP GRENADE 8 10 7 6
< RES 1637332131 157 1
> REQ 1637332131 158 1
> VAMPIRE 1 10 7 3 1 2 0
> VAMPIRE 4 10 7 3 1 2 0
> VAMPIRE 3 10 7 3 1 2 0
> VAMPIRE 2 10 7 3 1 2 0
> POWERUP GRENADE 7 10 13 6
> POWERUP GRENADE 7 10 7 6
< RES 1637332131 158 1
> REQ 1637332131 159 1
> VAMPIRE 1 10 7 3 1 2 0
> VAMPIRE 4 10 7 3 1 2 0
> VAMPIRE 3 10 7 3 1 2 0
> VAMPIRE 2 10 7 3 1 2 0
> POWERUP GRENADE 6 10 13 6
> POWERUP GRENADE 6 10 7 6
< RES 1637332131 159 1
> REQ 1637332131 160 1
> VAMPIRE 1 10 7 3 1 2 0
> VAMPIRE 4 10 7 3 1 2 0
> VAMPIRE 3 10 7 3 1 2 0
> VAMPIRE 2 10 7 3 1 2 0
> POWERUP GRENADE 5 10 13 6
> POWERUP GRENADE 5 10 7 6
< RES 1637332131 160 1
> REQ 1637332131 161 1
> VAMPIRE 1 10 7 3 1 2 0
> VAMPIRE 4 10 7 3 1 2 0
> VAMPIRE 3 10 7 3 1 2 0
> VAMPIRE 2 10 7 3 1 2 0
> POWERUP GRENADE 4 10 13 6
> POWERUP GRENADE 4 10 7 6
< RES 1637332131 161 1
> REQ 1637332131 162 1
> VAMPIRE 1 10 7 3 1 2 0
> VAMPIRE 4 10 7 3 2 2 0
> VAMPIRE 3 10 7 3 2 2 0
> VAMPIRE 2 10 7 3 1 2 0
> POWERUP GRENADE 3 10 13 6
< RES 1637332131 162 1
< GRENADE
< MOVE U R
> REQ 1637332131 163 1
> VAMPIRE 1 9 8 3 0 2 0
> VAMPIRE 4 9 8 3 1 2 0
> VAMPIRE 3 9 8 3 1 2 0
> VAMPIRE 2 9 8 3 0 2 0
> GRENADE 1 10 7 5 2
> GRENADE 4 10 7 5 2
> GRENADE 3 10 7 5 2
> GRENADE 2 10 7 5 2
> POWERUP GRENADE 2 10 13 6
< RES 1637332131 163 1
< MOVE R R
> REQ 1637332131 164 1
> VAMPIRE 1 9 10 3 0 2 0
> VAMPIRE 4 9 9 3 1 2 0
> VAMPIRE 3 9 9 3 1 2 0
> VAMPIRE 2 9 10 3 0 2 0
> GRENADE 1 10 7 4 2
> GRENADE 4 10 7 4 2
> GRENADE 3 10 7 4 2
> GRENADE 2 10 7 4 2
> POWERUP GRENADE 1 10 13 6
< RES 1637332131 164 1
< MOVE R
> REQ 1637332131 165 1
> VAMPIRE 1 9 11 3 0 2 0
> VAMPIRE 4 9 9 3 1 2 0
> VAMPIRE 3 9 9 3 1 2 0
> VAMPIRE 2 9 11 3 0 2 0
> GRENADE 1 10 7 3 2
> GRENADE 4 10 7 3 2
> GRENADE 3 10 7 3 2
> GRENADE 2 10 7 3 2
< RES 1637332131 165 1
> REQ 1637332131 166 1
> VAMPIRE 1 9 11 3 0 2 0
> VAMPIRE 4 9 9 3 1 2 0
> VAMPIRE 3 9 9 3 1 2 0
> VAMPIRE 2 9 11 3 0 2 0
> GRENADE 1 10 7 2 2
> GRENADE 4 10 7 2 2
> GRENADE 3 10 7 2 2
> GRENADE 2 10 7 2 2
< RES 1637332131 166 1
> REQ 1637332131 167 1
> VAMPIRE 1 9 11 3 0 2 0
> VAMPIRE 4 9 9 3 1 2 0
> VAMPIRE 3 9 9 3 1 2 0
> VAMPIRE 2 9 11 3 0 2 0
> GRENADE 1 10 7 1 2
> GRENADE 4 10 7 1 2
> GRENADE 3 10 7 1 2
> GRENADE 2 10 7 1 2
< RES 1637332131 167 1
> REQ 1637332131 168 1
> VAMPIRE 1 9 11 3 1 2 0
> VAMPIRE 4 9 9 3 2 2 0
> VAMPIRE 3 9 9 3 2 2 0
> VAMPIRE 2 9 11 3 1 2 0
< RES 1637332131 168 1
> REQ 1637332131 169 1
> VAMPIRE 1 9 11 3 1 2 0
> VAMPIRE 4 9 9 3 2 2 0
> VAMPIRE 3 9 9 3 2 2 0
> VAMPIRE 2 9 11 3 1 2 0
< RES 1637332131 169 1
> REQ 1637332131 170 1
> VAMPIRE 1 9 11 3 1 2 0
> VAMPIRE 4 9 9 3 2 2 0
> VAMPIRE 3 9 9 3 1 2 0
> VAMPIRE 2 9 11 3 1 2 0
> GRENADE 3 9 9 5 2
< RES 1637332131 170 1
< GRENADE
> REQ 1637332131 171 1
> VAMPIRE 1 9 11 3 0 2 0
> VAMPIRE 4 9 7 3 1 2 0
> VAMPIRE 3 9 10 3 0 2 0
> VAMPIRE 2 9 11 3 0 2 0
> GRENADE 3 9 9 4 2
> GRENADE 1 9 11 5 2
> GRENADE 4 9 9 5 2
> GRENADE 3 9 9 5 2
> GRENADE 2 9 11 5 2
< RES 1637332131 171 1
< MOVE D D
> REQ 1637332131 172 1
> VAMPIRE 1 11 11 3 0 2 0
> VAMPIRE 4 7 7 3 1 2 0
> VAMPIRE 3 9 10 3 0 2 0
> VAMPIRE 2 11 11 3 0 2 0
> GRENADE 3 9 9 3 2
> GRENADE 1 9 11 4 2
> GRENADE 4 9 9 4 2
> GRENADE 3 9 9 4 2
> GRENADE 2 9 11 4 2
< RES 1637332131 172 1
< MOVE D D
> REQ 1637332131 173 1
> VAMPIRE 1 13 11 3 0 2 0
> VAMPIRE 4 7 7 3 1 2 0
> VAMPIRE 3 9 10 3 0 2 0
> VAMPIRE 2 13 11 3 0 2 0
> GRENADE 3 9 9 2 2
> GRENADE 1 9 11 3 2
> GRENADE 4 9 9 3 2
> GRENADE 3 9 9 3 2
> GRENADE 2 9 11 3 2
< RES 1637332131 173 1
> REQ 1637332131 174 1
> VAMPIRE 1 13 11 3 0 2 0
> VAMPIRE 4 7 7 3 1 2 0
> VAMPIRE 3 9 10 3 0 2 0
> VAMPIRE 2 13 11 3 0 2 0
> GRENADE 3 9 9 1 2
> GRENADE 1 9 11 2 2
> GRENADE 4 9 9 2 2
> GRENADE 3 9 9 2 2
> GRENADE 2 9 11 2 2
< RES 1637332131 174 1
> REQ 1637332131 175 1
> VAMPIRE 1 13 11 3 1 2 0
> VAMPIRE 4 5 7 3 2 2 0
> VAMPIRE 3 9 10 2 2 2 0
> VAMPIRE 2 13 11 3 1 2 0
< RES 1637332131 175 1
< MOVE U U
> REQ 1637332131 176 1
> VAMPIRE 1 11 11 3 1 2 0
> VAMPIRE 4 5 9 3 2 2 0
> VAMPIRE 3 9 11 2 2 2 0
> VAMPIRE 2 11 11 3 1 2 0
< RES 1637332131 176 1
> REQ 1637332131 177 1
> VAMPIRE 1 11 11 3 1 2 0
> VAMPIRE 4 7 9 3 2 2 0
> VAMPIRE 3 9 11 2 2 2 0
> VAMPIRE 2 11 11 3 1 2 0
< RES 1637332131 177 1
> REQ 1637332131 178 1
> VAMPIRE 1 11 11 3 1 2 0
> VAMPIRE 4 9 9 3 2 2 0
> VAMPIRE 3 9 11 2 2 2 0
> VAMPIRE 2 11 11 3 1 2 0
> POWERUP TOMATO -7 14 7 4
> POWERUP TOMATO -7 6 13 4
< RES 1637332131 178 1
< MOVE D D
> REQ 1637332131 179 1
> VAMPIRE 1 13 11 3 1 2 0
> VAMPIRE 4 11 9 3 2 2 0
> VAMPIRE 3 7 11 2 2 2 0
> VAMPIRE 2 13 11 3 1 2 0
> POWERUP TOMATO -6 14 7 4
> POWERUP TOMATO -6 6 13 4
< RES 1637332131 179 1
< MOVE L L
> REQ 1637332131 180 1
> VAMPIRE 1 13 9 3 1 2 0
> VAMPIRE 4 13 9 3 2 2 0
> VAMPIRE 3 7 13 2 2 2 0
> VAMPIRE 2 13 9 3 1 2 0
> POWERUP TOMATO -5 14 7 4
> POWERUP TOMATO -5 6 13 4
< RES 1637332131 180 1
< MOVE L L
> REQ 1637332131 181 1
> VAMPIRE 1 13 7 3 1 2 0
> VAMPIRE 4 13 7 3 2 2 0
> VAMPIRE 3 6 13 2 2 2 0
> VAMPIRE 2 13 7 3 1 2 0
> POWERUP TOMATO -4 14 7 4
> POWERUP TOMATO -4 6 13 4
< RES 1637332131 181 1
< MOVE D
> REQ 1637332131 182 1
> VAMPIRE 1 14 7 3 1 2 0
> VAMPIRE 4 15 7 3 1 2 0
> VAMPIRE 3 6 13 2 2 2 0
> VAMPIRE 2 14 7 3 1 2 0
> GRENADE 4 13 7 5 2
> POWERUP TOMATO -3 14 7 4
> POWERUP TOMATO -3 6 13 4
< RES 1637332131 182 1
< GRENADE
> REQ 1637332131 183 1
> VAMPIRE 1 14 7 3 0 2 0
> VAMPIRE 4 15 7 3 0 2 0
> VAMPIRE 3 6 13 2 2 2 0
> VAMPIRE 2 14 7 3 0 2 0
> GRENADE 4 13 7 4 2
> GRENADE 1 14 7 5 2
> GRENADE 4 15 7 5 2
> GRENADE 2 14 7 5 2
> POWERUP TOMATO -2 14 7 4
> POWERUP TOMATO -2 6 13 4
< RES 1637332131 183 1
> REQ 1637332131 184 1
> VAMPIRE 1 14 7 3 0 2 0
> VAMPIRE 4 15 9 3 0 2 0
> VAMPIRE 3 6 13 2 1 2 0
> VAMPIRE 2 14 7 3 0 2 0
> GRENADE 4 13 7 3 2
> GRENADE 1 14 7 4 2
> GRENADE 4 12 7 4 2
> GRENADE 2 14 7 4 2
> GRENADE 3 6 13 5 2
> POWERUP TOMATO -1 14 7 4
> POWERUP TOMATO -1 6 13 4
< RES 1637332131 184 1
> REQ 1637332131 185 1
> VAMPIRE 1 14 7 3 0 2 0
> VAMPIRE 4 17 9 3 0 2 0
> VAMPIRE 3 6 13 2 1 2 0
> VAMPIRE 2 14 7 3 0 2 0
> GRENADE 4 13 7 2 2
> GRENADE 1 14 7 3 2
> GRENADE 4 12 7 3 2
> GRENADE 2 14 7 3 2
> GRENADE 3 9 13 4 2
> POWERUP TOMATO 10 14 7 4
> POWERUP TOMATO 10 6 13 4
< RES 1637332131 185 1
< GRENADE
> REQ 1637332131 186 1
> VAMPIRE 1 14 7 3 0 2 0
> VAMPIRE 4 15 9 3 0 2 0
> VAMPIRE 3 6 13 2 0 2 0
> VAMPIRE 2 14 7 3 0 2 0
> GRENADE 4 13 7 1 2
> GRENADE 1 14 7 2 2
> GRENADE 4 12 7 2 2
> GRENADE 2 14 7 2 2
> GRENADE 3 9 13 3 2
> GRENADE 3 6 13 5 2
> POWERUP TOMATO 9 14 7 4
> POWERUP TOMATO 9 6 13 4
< RES 1637332131 186 1
< THROW XU 3
> REQ 1637332131 187 1
> VAMPIRE 1 14 7 2 1 2 0
> VAMPIRE 4 15 7 3 2 2 0
> VAMPIRE 3 5 13 2 0 2 0
> VAMPIRE 2 14 7 2 1 2 0
> GRENADE 3 9 13 2 2
> GRENADE 3 6 13 4 2
> POWERUP TOMATO 8 14 7 4
> POWERUP TOMATO 8 6 13 4
< RES 1637332131 187 1
< GRENADE
< MOVE U L
> REQ 1637332131 188 1
> VAMPIRE 1 13 6 3 1 2 0
> VAMPIRE 4 13 7 3 1 2 0
> VAMPIRE 3 5 13 2 0 2 0
> VAMPIRE 2 13 6 3 1 2 0
> GRENADE 3 9 13 1 2
> GRENADE 3 9 13 3 2
> GRENADE 4 15 7 5 2
> POWERUP TOMATO 7 6 13 4
< RES 1637332131 188 1
< MOVE L
> REQ 1637332131 189 1
> VAMPIRE 1 13 5 3 1 2 0
> VAMPIRE 4 11 7 3 0 2 0
> VAMPIRE 3 6 13 2 2 2 0
> VAMPIRE 2 12 5 3 1 2 0
> GRENADE 4 15 7 4 2
> GRENADE 4 13 7 5 2
> POWERUP TOMATO 6 6 13 4
< RES 1637332131 189 1
< MOVE L L
> REQ 1637332131 190 1
> VAMPIRE 1 13 3 3 1 2 0
> VAMPIRE 4 11 9 3 0 2 0
> VAMPIRE 3 6 13 2 1 2 0
> VAMPIRE 2 10 5 3 1 2 0
> GRENADE 4 15 7 3 2
> GRENADE 4 13 7 4 2
> GRENADE 3 6 13 5 2
> POWERUP TOMATO 5 6 13 4
< RES 1637332131 190 1
< MOVE U U
> REQ 1637332131 191 1
> VAMPIRE 1 11 3 3 1 2 0
> VAMPIRE 4 11 9 3 0 2 0
> VAMPIRE 3 6 13 2 1 2 0
> VAMPIRE 2 9 5 3 1 2 0
> GRENADE 4 15 7 2 2
> GRENADE 4 13 7 3 2
> GRENADE 3 9 13 4 2
> POWERUP TOMATO 4 6 13 4
< RES 1637332131 191 1
< MOVE R R
> REQ 1637332131 192 1
> VAMPIRE 1 11 5 3 1 2 0
> VAMPIRE 4 9 9 3 0 2 0
> VAMPIRE 3 6 13 2 0 2 0
> VAMPIRE 2 9 7 3 1 2 0
> GRENADE 4 15 7 1 2
> GRENADE 4 13 7 2 2
> GRENADE 3 9 13 3 2
> GRENADE 3 6 13 5 2
> POWERUP TOMATO 3 6 13 4
< RES 1637332131 192 1
> REQ 1637332131 193 1
> VAMPIRE 1 11 5 3 1 2 0
> VAMPIRE 4 9 9 3 2 2 0
> VAMPIRE 3 5 13 3 0 2 0
> VAMPIRE 2 7 7 3 1 2 0
> GRENADE 3 9 13 2 2
> GRENADE 3 6 13 4 2
< RES 1637332131 193 1
< MOVE R R
> REQ 1637332131 194 1
> VAMPIRE 1 11 7 3 1 2 0
> VAMPIRE 4 9 9 3 2 2 0
> VAMPIRE 3 5 11 3 0 2 0
> VAMPIRE 2 7 9 3 1 2 0
> GRENADE 3 9 13 1 2
> GRENADE 3 9 13 3 2
< RES 1637332131 194 1
< MOVE R R
> REQ 1637332131 195 1
> VAMPIRE 1 11 9 3 1 2 0
> VAMPIRE 4 9 9 3 2 2 0
> VAMPIRE 3 7 11 3 2 2 0
> VAMPIRE 2 7 9 3 1 2 0
< RES 1637332131 195 1
> REQ 1637332131 196 1
> VAMPIRE 1 11 9 3 1 2 0
> VAMPIRE 4 9 9 3 2 2 0
> VAMPIRE 3 9 11 3 2 2 0
> VAMPIRE 2 7 9 3 1 2 0
< RES 1637332131 196 1
> REQ 1637332131 197 1
> VAMPIRE 1 11 9 3 1 2 0
> VAMPIRE 4 9 9 3 2 2 0
> VAMPIRE 3 9 11 3 2 2 0
> VAMPIRE 2 7 9 3 1 2 0
< RES 1637332131 197 1
> REQ 1637332131 198 1
> VAMPIRE 1 11 9 3 1 2 0
> VAMPIRE 4 9 9 3 2 2 0
> VAMPIRE 3 9 11 3 2 2 0
> VAMPIRE 2 7 9 3 1 2 0
< RES 1637332131 198 1
> REQ 1637332131 199 1
> VAMPIRE 1 11 9 3 1 2 0
> VAMPIRE 4 9 9 3 2 2 0
> VAMPIRE 3 9 11 3 2 2 0
> VAMPIRE 2 7 9 3 1 2 0
< RES 1637332131 199 1
> REQ 1637332131 200 1
> VAMPIRE 1 11 9 3 1 2 0
> VAMPIRE 4 9 9 3 2 2 0
> VAMPIRE 3 9 11 3 2 2 0
> VAMPIRE 2 7 9 3 1 2 0
< RES 1637332131 200 1
> REQ 1637332131 201 1
> VAMPIRE 1 11 9 3 1 2 0
> VAMPIRE 4 9 9 3 2 2 0
> VAMPIRE 3 9 11 3 2 2 0
> VAMPIRE 2 7 9 3 1 2 0
< RES 1637332131 201 1
> REQ 1637332131 202 1
> VAMPIRE 1 11 9 3 1 2 0
> VAMPIRE 4 9 9 3 2 2 0
> VAMPIRE 3 9 11 3 2 2 0
> VAMPIRE 2 7 9 3 1 2 0
< RES 1637332131 202 1
> REQ 1637332131 203 1
> VAMPIRE 1 11 9 3 1 2 0
> VAMPIRE 4 9 9 3 2 2 0
> VAMPIRE 3 9 11 3 2 2 0
> VAMPIRE 2 7 9 3 1 2 0
< RES 1637332131 203 1
> REQ 1637332131 204 1
> VAMPIRE 1 11 9 3 1 2 0
> VAMPIRE 4 9 9 3 2 2 0
> VAMPIRE 3 9 11 3 2 2 0
> VAMPIRE 2 7 9 3 1 2 0
< RES 1637332131 204 1
> REQ 1637332131 205 1
> VAMPIRE 1 11 9 3 1 2 0
> VAMPIRE 4 9 9 3 2 2 0
> VAMPIRE 3 9 11 3 2 2 0
> VAMPIRE 2 7 9 3 1 2 0
< RES 1637332131 205 1
> REQ 1637332131 206 1
> VAMPIRE 1 11 9 3 1 2 0
> VAMPIRE 4 9 9 3 2 2 0
> VAMPIRE 3 9 11 3 2 2 0
> VAMPIRE 2 7 9 3 1 2 0
< RES 1637332131 206 1
> REQ 1637332131 207 1
> VAMPIRE 1 11 9 3 1 2 0
> VAMPIRE 4 9 9 3 2 2 0
> VAMPIRE 3 9 11 3 2 2 0
> VAMPIRE 2 7 9 3 1 2 0
< RES 1637332131 207 1
> REQ 1637332131 208 1
> VAMPIRE 1 11 9 3 1 2 0
> VAMPIRE 4 9 9 3 2 2 0
> VAMPIRE 3 9 11 3 2 2 0
> VAMPIRE 2 7 9 3 1 2 0
> POWERUP GRENADE -6 17 11 6
> POWERUP GRENADE -6 3 9 6
< RES 1637332131 208 1
< MOVE R R
> REQ 1637332131 209 1
> VAMPIRE 1 11 11 3 1 2 0
> VAMPIRE 4 7 9 3 2 2 0
> VAMPIRE 3 11 11 3 2 2 0
> VAMPIRE 2 5 9 3 1 2 0
> POWERUP GRENADE -5 17 11 6
> POWERUP GRENADE -5 3 9 6
< RES 1637332131 209 1
< MOVE D D
> REQ 1637332131 210 1
> VAMPIRE 1 13 11 3 1 2 0
> VAMPIRE 4 5 9 3 2 2 0
> VAMPIRE 3 13 11 3 2 2 0
> VAMPIRE 2 3 9 3 1 2 0
> POWERUP GRENADE -4 17 11 6
> POWERUP GRENADE -4 3 9 6
< RES 1637332131 210 1
< MOVE D D
> REQ 1637332131 211 1
> VAMPIRE 1 15 11 3 1 2 0
> VAMPIRE 4 3 9 3 2 2 0
> VAMPIRE 3 15 11 3 2 2 0
> VAMPIRE 2 3 9 3 1 2 0
> POWERUP GRENADE -3 17 11 6
> POWERUP GRENADE -3 3 9 6
< RES 1637332131 211 1
< MOVE D D
> REQ 1637332131 212 1
> VAMPIRE 1 17 11 3 1 2 0
> VAMPIRE 4 3 9 3 2 2 0
> VAMPIRE 3 17 11 3 2 2 0
> VAMPIRE 2 3 9 3 1 2 0
> POWERUP GRENADE -2 17 11 6
> POWERUP GRENADE -2 3 9 6
< RES 1637332131 212 1
> REQ 1637332131 213 1
> VAMPIRE 1 17 11 3 1 2 0
> VAMPIRE 4 3 9 3 2 2 0
> VAMPIRE 3 17 11 3 2 2 0
> VAMPIRE 2 3 9 3 1 2 0
> POWERUP GRENADE -1 17 11 6
> POWERUP GRENADE -1 3 9 6
< RES 1637332131 213 1
> REQ 1637332131 214 1
> VAMPIRE 1 17 11 3 1 2 0
> VAMPIRE 4 3 9 3 2 2 0
> VAMPIRE 3 17 11 3 2 2 0
> VAMPIRE 2 3 9 3 1 2 0
> POWERUP GRENADE 17 17 11 6
> POWERUP GRENADE 17 3 9 6
< RES 1637332131 214 1
> REQ 1637332131 215 1
> VAMPIRE 1 17 11 3 1 2 0
> VAMPIRE 4 3 9 3 2 2 0
> VAMPIRE 3 17 11 3 2 2 0
> VAMPIRE 2 3 9 3 1 2 0
> POWERUP GRENADE 16 17 11 6
> POWERUP GRENADE 16 3 9 6
< RES 1637332131 215 1
> REQ 1637332131 216 1
> VAMPIRE 1 17 11 3 1 2 0
> VAMPIRE 4 3 9 3 2 2 0
> VAMPIRE 3 17 11 3 2 2 0
> VAMPIRE 2 3 9 3 1 2 0
> POWERUP GRENADE 15 17 11 6
> POWERUP GRENADE 15 3 9 6
< RES 1637332131 216 1
> REQ 1637332131 217 1
> VAMPIRE 1 17 11 3 1 2 0
> VAMPIRE 4 3 9 3 2 2 0
> VAMPIRE 3 17 11 3 2 2 0
> VAMPIRE 2 3 9 3 1 2 0
> POWERUP GRENADE 14 17 11 6
> POWERUP GRENADE 14 3 9 6
< RES 1637332131 217 1
> REQ 1637332131 218 1
> VAMPIRE 1 17 11 3 1 2 0
> VAMPIRE 4 3 9 3 2 2 0
> VAMPIRE 3 17 11 3 2 2 0
> VAMPIRE 2 3 9 3 1 2 0
> POWERUP GRENADE 13 17 11 6
> POWERUP GRENADE 13 3 9 6
< RES 1637332131 218 1
> REQ 1637332131 219 1
> VAMPIRE 1 17 11 3 2 2 0
> VAMPIRE 4 3 9 3 3 2 0
> VAMPIRE 3 17 11 3 3 2 0
> VAMPIRE 2 3 9 3 2 2 0
< RES 1637332131 219 1
< MOVE U U
> REQ 1637332131 220 1
> VAMPIRE 1 15 11 3 2 2 0
> VAMPIRE 4 5 9 3 3 2 0
> VAMPIRE 3 15 11 3 3 2 0
> VAMPIRE 2 5 9 3 2 2 0
< RES 1637332131 220 1
< MOVE U U
> REQ 1637332131 221 1
> VAMPIRE 1 13 11 3 2 2 0
> VAMPIRE 4 7 9 3 3 2 0
> VAMPIRE 3 13 11 3 3 2 0
> VAMPIRE 2 7 9 3 2 2 0
< RES 1637332131 221 1
< MOVE U U
> REQ 1637332131 222 1
> VAMPIRE 1 11 11 3 2 2 0
> VAMPIRE 4 9 9 3 3 2 0
> VAMPIRE 3 11 11 3 3 2 0
> VAMPIRE 2 9 9 3 2 2 0
< RES 1637332131 222 1
> REQ 1637332131 223 1
> VAMPIRE 1 11 11 3 2 2 0
> VAMPIRE 4 9 9 3 3 2 0
> VAMPIRE 3 11 11 3 3 2 0
> VAMPIRE 2 9 9 3 2 2 0
< RES 1637332131 223 1
> REQ 1637332131 224 1
> VAMPIRE 1 11 11 3 2 2 0
> VAMPIRE 4 9 9 3 3 2 0
> VAMPIRE 3 11 11 3 3 2 0
> VAMPIRE 2 9 9 3 2 2 0
< RES 1637332131 224 1
> REQ 1637332131 225 1
> VAMPIRE 1 11 11 3 2 2 0
> VAMPIRE 4 9 9 3 3 2 0
> VAMPIRE 3 11 11 3 3 2 0
> VAMPIRE 2 9 9 3 2 2 0
< RES 1637332131 225 1
> REQ 1637332131 226 1
> VAMPIRE 1 11 11 3 2 2 0
> VAMPIRE 4 9 9 3 3 2 0
> VAMPIRE 3 11 11 3 3 2 0
> VAMPIRE 2 9 9 3 2 2 0
< RES 1637332131 226 1
> REQ 1637332131 227 1
> VAMPIRE 1 11 11 3 2 2 0
> VAMPIRE 4 9 9 3 3 2 0
> VAMPIRE 3 11 11 3 3 2 0
> VAMPIRE 2 9 9 3 2 2 0
< RES 1637332131 227 1
> REQ 1637332131 228 1
> VAMPIRE 1 11 11 3 2 2 0
> VAMPIRE 4 9 9 3 3 2 0
> VAMPIRE 3 11 11 3 3 2 0
> VAMPIRE 2 9 9 3 2 2 0
< RES 1637332131 228 1
> REQ 1637332131 229 1
> VAMPIRE 1 11 11 3 2 2 0
> VAMPIRE 4 9 9 3 3 2 0
> VAMPIRE 3 11 11 3 3 2 0
> VAMPIRE 2 9 9 3 2 2 0
< RES 1637332131 229 1
> REQ 1637332131 230 1
> VAMPIRE 1 11 11 3 2 2 0
> VAMPIRE 4 9 9 3 3 2 0
> VAMPIRE 3 11 11 3 3 2 0
> VAMPIRE 2 9 9 3 2 2 0
< RES 1637332131 230 1
> REQ 1637332131 231 1
> VAMPIRE 1 11 11 3 2 2 0
> VAMPIRE 4 9 9 3 3 2 0
> VAMPIRE 3 11 11 3 3 2 0
> VAMPIRE 2 9 9 3 2 2 0
< RES 1637332131 231 1
> REQ 1637332131 232 1
> VAMPIRE 1 11 11 3 2 2 0
> VAMPIRE 4 9 9 3 3 2 0
> VAMPIRE 3 11 11 3 3 2 0
> VAMPIRE 2 9 9 3 2 2 0
< RES 1637332131 232 1
> REQ 1637332131 233 1
> VAMPIRE 1 11 11 3 2 2 0
> VAMPIRE 4 9 9 3 3 2 0
> VAMPIRE 3 11 11 3 3 2 0
> VAMPIRE 2 9 9 3 2 2 0
< RES 1637332131 233 1
> REQ 1637332131 234 1
> VAMPIRE 1 11 11 3 2 2 0
> VAMPIRE 4 9 9 3 3 2 0
> VAMPIRE 3 11 11 3 3 2 0
> VAMPIRE 2 9 9 3 2 2 0
< RES 1637332131 234 1
> REQ 1637332131 235 1
> VAMPIRE 1 11 11 3 2 2 0
> VAMPIRE 4 9 9 3 3 2 0
> VAMPIRE 3 11 11 3 3 2 0
> VAMPIRE 2 9 9 3 2 2 0
< RES 1637332131 235 1
> REQ 1637332131 236 1
> VAMPIRE 1 11 11 3 2 2 0
> VAMPIRE 4 9 9 3 3 2 0
> VAMPIRE 3 11 11 3 3 2 0
> VAMPIRE 2 9 9 3 2 2 0
< RES 1637332131 236 1
> REQ 1637332131 237 1
> VAMPIRE 1 11 11 3 2 2 0
> VAMPIRE 4 9 9 3 3 2 0
> VAMPIRE 3 11 11 3 3 2 0
> VAMPIRE 2 9 9 3 2 2 0
< RES 1637332131 237 1
> REQ 1637332131 238 1
> VAMPIRE 1 11 11 3 2 2 0
> VAMPIRE 4 9 9 3 3 2 0
> VAMPIRE 3 11 11 3 3 2 0
> VAMPIRE 2 9 9 3 2 2 0
> POWERUP BATTERY -5 7 18 4
> POWERUP BATTERY -5 13 2 4
< RES 1637332131 238 1
< MOVE U U
> REQ 1637332131 239 1
> VAMPIRE 1 9 11 3 2 2 0
> VAMPIRE 4 7 9 3 3 2 0
> VAMPIRE 3 9 11 3 3 2 0
> VAMPIRE 2 7 9 3 2 2 0
> POWERUP BATTERY -4 7 18 4
> POWERUP BATTERY -4 13 2 4
< RES 1637332131 239 1
< MOVE U U
> REQ 1637332131 240 1
> VAMPIRE 1 7 11 3 2 2 0
> VAMPIRE 4 7 11 3 3 2 0
> VAMPIRE 3 7 11 3 3 2 0
> VAMPIRE 2 7 11 3 2 2 0
> POWERUP BATTERY -3 7 18 4
> POWERUP BATTERY -3 13 2 4
< RES 1637332131 240 1
< MOVE R R
> REQ 1637332131 241 1
> VAMPIRE 1 7 13 3 2 2 0
> VAMPIRE 4 7 13 3 3 2 0
> VAMPIRE 3 7 13 3 3 2 0
> VAMPIRE 2 7 13 3 2 2 0
> POWERUP BATTERY -2 7 18 4
> POWERUP BATTERY -2 13 2 4
< RES 1637332131 241 1
< MOVE R R
> REQ 1637332131 242 1
> VAMPIRE 1 7 15 3 2 2 0
> VAMPIRE 4 7 15 3 3 2 0
> VAMPIRE 3 7 15 3 3 2 0
> VAMPIRE 2 7 15 3 2 2 0
> POWERUP BATTERY -1 7 18 4
> POWERUP BATTERY -1 13 2 4
< RES 1637332131 242 1
< MOVE R R
> REQ 1637332131 243 1
> VAMPIRE 1 7 17 3 2 2 0
> VAMPIRE 4 7 17 3 3 2 0
> VAMPIRE 3 7 17 3 3 2 0
> VAMPIRE 2 7 17 3 2 2 0
> POWERUP BATTERY 19 7 18 4
> POWERUP BATTERY 19 13 2 4
< RES 1637332131 243 1
< GRENADE
< MOVE R R
> REQ 1637332131 244 1
> VAMPIRE 1 7 19 3 1 2 0
> VAMPIRE 4 7 19 3 2 2 0
> VAMPIRE 3 7 19 3 2 2 0
> VAMPIRE 2 7 19 3 1 2 0
> GRENADE 1 7 17 5 2
> GRENADE 4 7 17 5 2
> GRENADE 3 7 17 5 2
> GRENADE 2 7 17 5 2
> POWERUP BATTERY 18 7 18 4
> POWERUP BATTERY 18 13 2 4
< RES 1637332131 244 1
< MOVE L
> REQ 1637332131 245 1
> VAMPIRE 1 7 18 3 1 2 0
> VAMPIRE 4 7 18 3 2 2 0
> VAMPIRE 3 7 18 3 2 2 0
> VAMPIRE 2 7 18 3 1 2 0
> GRENADE 1 7 17 4 2
> GRENADE 4 7 17 4 2
> GRENADE 3 7 17 4 2
> GRENADE 2 7 17 4 2
> POWERUP BATTERY 17 7 18 4
> POWERUP BATTERY 17 13 2 4
< RES 1637332131 245 1
< MOVE R
> REQ 1637332131 246 1
> VAMPIRE 1 7 19 3 1 2 0
> VAMPIRE 4 7 19 3 2 2 0
> VAMPIRE 3 7 19 3 2 2 0
> VAMPIRE 2 7 19 3 1 2 0
> GRENADE 1 7 17 3 2
> GRENADE 4 7 17 3 2
> GRENADE 3 7 17 3 2
> GRENADE 2 7 17 3 2
> POWERUP BATTERY 16 7 18 4
> POWERUP BATTERY 16 13 2 4
< RES 1637332131 246 1
< GRENADE
> REQ 1637332131 247 1
> VAMPIRE 1 7 19 3 0 2 0
> VAMPIRE 4 7 19 3 1 2 0
> VAMPIRE 3 7 19 3 1 2 0
> VAMPIRE 2 7 19 3 0 2 0
> GRENADE 1 7 17 2 2
> GRENADE 4 7 17 2 2
> GRENADE 3 7 17 2 2
> GRENADE 2 7 17 2 2
> GRENADE 1 7 19 5 2
> GRENADE 4 7 19 5 2
> GRENADE 3 7 19 5 2
> GRENADE 2 7 19 5 2
> POWERUP BATTERY 15 7 18 4
> POWERUP BATTERY 15 13 2 4
< RES 1637332131 247 1
< GRENADE
> REQ 1637332131 248 1
> VAMPIRE 1 7 19 3 0 2 0
> VAMPIRE 4 7 19 3 0 2 0
> VAMPIRE 3 7 19 3 0 2 0
> VAMPIRE 2 7 19 3 0 2 0
> GRENADE 1 7 17 1 2
> GRENADE 4 7 17 1 2
> GRENADE 3 7 17 1 2
> GRENADE 2 7 17 1 2
> GRENADE 1 7 19 4 2
> GRENADE 4 7 19 4 2
> GRENADE 3 7 19 4 2
> GRENADE 2 7 19 4 2
> GRENADE 4 7 19 5 2
> GRENADE 3 7 19 5 2
> POWERUP BATTERY 14 7 18 4
> POWERUP BATTERY 14 13 2 4
< RES 1637332131 248 1
< MOVE U
> REQ 1637332131 249 1
> VAMPIRE 1 6 19 2 2 2 0
> VAMPIRE 4 7 19 2 3 2 0
> VAMPIRE 3 7 19 2 3 2 0
> VAMPIRE 2 6 19 2 2 2 0
> POWERUP BATTERY 13 7 18 4
> POWERUP BATTERY 13 13 2 4
< RES 1637332131 249 1
< MOVE U L
> REQ 1637332131 250 1
> VAMPIRE 1 5 18 2 2 2 0
> VAMPIRE 4 7 17 2 3 2 0
> VAMPIRE 3 7 17 2 3 2 0
> VAMPIRE 2 5 18 2 2 2 0
> POWERUP BATTERY 12 7 18 4
> POWERUP BATTERY 12 13 2 4
< RES 1637332131 250 1
< MOVE R D
> REQ 1637332131 251 1
> VAMPIRE 1 6 19 2 2 2 0
> VAMPIRE 4 7 19 2 3 2 0
> VAMPIRE 3 7 19 2 3 2 0
> VAMPIRE 2 6 19 2 2 2 0
> POWERUP BATTERY 11 7 18 4
> POWERUP BATTERY 11 13 2 4
< RES 1637332131 251 1
< MOVE U L
> REQ 1637332131 252 1
> VAMPIRE 1 5 18 2 2 2 0
> VAMPIRE 4 7 17 2 2 2 0
> VAMPIRE 3 7 17 2 2 2 0
> VAMPIRE 2 5 18 2 2 2 0
> GRENADE 4 7 19 5 2
> GRENADE 3 7 19 5 2
> POWERUP BATTERY 10 7 18 4
> POWERUP BATTERY 10 13 2 4
< RES 1637332131 252 1
< MOVE L D
> REQ 1637332131 253 1
> VAMPIRE 1 6 17 2 2 2 0
> VAMPIRE 4 7 18 2 2 2 0
> VAMPIRE 3 7 18 2 2 2 0
> VAMPIRE 2 6 17 2 2 2 0
> GRENADE 4 7 19 4 2
> GRENADE 3 7 19 4 2
> POWERUP BATTERY 9 7 18 4
> POWERUP BATTERY 9 13 2 4
< RES 1637332131 253 1
< MOVE D R
> REQ 1637332131 254 1
> VAMPIRE 1 7 18 2 2 2 0
> VAMPIRE 4 7 17 2 2 2 0
> VAMPIRE 3 7 17 2 2 2 0
> VAMPIRE 2 7 18 2 2 2 0
> GRENADE 4 7 19 3 2
> GRENADE 3 7 19 3 2
> POWERUP BATTERY 8 7 18 4
> POWERUP BATTERY 8 13 2 4
< RES 1637332131 254 1
< GRENADE
> REQ 1637332131 255 1
> VAMPIRE 1 7 18 2 1 2 0
> VAMPIRE 4 7 17 2 1 2 0
> VAMPIRE 3 7 17 2 1 2 0
> VAMPIRE 2 7 18 2 1 2 0
> GRENADE 4 7 19 2 2
> GRENADE 3 7 19 2 2
> GRENADE 1 7 18 5 2
> GRENADE 4 7 17 5 2
> GRENADE 3 7 17 5 2
> GRENADE 2 7 18 5 2
> POWERUP BATTERY 7 7 18 4
> POWERUP BATTERY 7 13 2 4
< RES 1637332131 255 1
< GRENADE
> REQ 1637332131 256 1
> VAMPIRE 1 7 18 2 0 2 0
> VAMPIRE 4 7 17 2 0 2 0
> VAMPIRE 3 7 17 2 0 2 0
> VAMPIRE 2 7 18 2 0 2 0
> GRENADE 4 7 19 1 2
> GRENADE 3 7 19 1 2
> GRENADE 1 7 18 4 2
> GRENADE 4 7 17 4 2
> GRENADE 3 7 17 4 2
> GRENADE 2 7 18 4 2
> GRENADE 1 7 18 5 2
> GRENADE 4 7 17 5 2
> GRENADE 3 7 17 5 2
> GRENADE 2 7 18 5 2
> POWERUP BATTERY 6 7 18 4
> POWERUP BATTERY 6 13 2 4
< RES 1637332131 256 1
< THROW XU 2
> REQ 1637332131 257 1
> VAMPIRE 1 7 18 1 2 2 0
> VAMPIRE 4 6 17 1 3 2 0
> VAMPIRE 3 6 17 1 3 2 0
> VAMPIRE 2 7 18 1 2 2 0
> POWERUP BATTERY 5 7 18 4
> POWERUP BATTERY 5 13 2 4
< RES 1637332131 257 1
< GRENADE
> REQ 1637332131 258 1
> VAMPIRE 1 7 18 1 2 3 0
> VAMPIRE 4 7 18 1 3 2 0
> VAMPIRE 3 7 18 1 3 2 0
> VAMPIRE 2 7 18 1 2 3 0
> POWERUP BATTERY 4 13 2 4
< RES 1637332131 258 1
< GRENADE
< MOVE R U
> REQ 1637332131 259 1
> VAMPIRE 1 6 19 1 2 3 0
> VAMPIRE 4 8 17 1 3 2 0
> VAMPIRE 3 8 17 1 3 2 0
> VAMPIRE 2 6 19 1 2 3 0
> POWERUP BATTERY 3 13 2 4
< RES 1637332131 259 1
> REQ 1637332131 260 1
> VAMPIRE 1 6 19 1 2 3 0
> VAMPIRE 4 10 17 1 3 2 0
> VAMPIRE 3 10 17 1 3 2 0
> VAMPIRE 2 5 19 1 2 3 0
> POWERUP BATTERY 2 13 2 4
< RES 1637332131 260 1
< MOVE D L
> REQ 1637332131 261 1
> VAMPIRE 1 7 18 1 2 3 0
> VAMPIRE 4 10 17 1 3 2 0
> VAMPIRE 3 10 17 1 3 2 0
> VAMPIRE 2 7 19 1 1 3 0
> GRENADE 2 5 19 5 3
> POWERUP BATTERY 1 13 2 4
< RES 1637332131 261 1
< MOVE L U
> REQ 1637332131 262 1
> VAMPIRE 1 6 17 1 2 3 0
> VAMPIRE 4 10 17 1 3 2 0
> VAMPIRE 3 10 17 1 3 2 0
> VAMPIRE 2 9 19 1 0 3 0
> GRENADE 2 5 19 4 3
> GRENADE 2 7 19 5 3
< RES 1637332131 262 1
< MOVE U U
> REQ 1637332131 263 1
> VAMPIRE 1 4 17 1 2 3 0
> VAMPIRE 4 10 17 1 3 2 0
> VAMPIRE 3 10 17 1 3 2 0
> VAMPIRE 2 11 19 1 0 3 0
> GRENADE 2 5 19 3 3
> GRENADE 2 7 19 4 3
< RES 1637332131 263 1
< MOVE U
> REQ 1637332131 264 1
> VAMPIRE 1 3 17 1 2 3 0
> VAMPIRE 4 10 17 1 3 2 0
> VAMPIRE 3 10 17 1 3 2 0
> VAMPIRE 2 11 19 1 0 3 0
> GRENADE 2 5 19 2 3
> GRENADE 2 7 19 3 3
< RES 1637332131 264 1
< MOVE L L
> REQ 1637332131 265 1
> VAMPIRE 1 3 15 1 2 3 0
> VAMPIRE 4 10 17 1 3 2 0
> VAMPIRE 3 10 17 1 3 2 0
> VAMPIRE 2 13 19 1 0 3 0
> GRENADE 2 5 19 1 3
> GRENADE 2 7 19 2 3
< RES 1637332131 265 1
< MOVE D D
> REQ 1637332131 266 1
> VAMPIRE 1 5 15 1 2 3 0
> VAMPIRE 4 10 17 1 3 2 0
> VAMPIRE 3 10 17 1 3 2 0
> VAMPIRE 2 13 17 1 2 3 0
< RES 1637332131 266 1
< MOVE D D
> REQ 1637332131 267 1
> VAMPIRE 1 7 15 1 2 3 0
> VAMPIRE 4 10 17 1 3 2 0
> VAMPIRE 3 10 17 1 3 2 0
> VAMPIRE 2 13 15 1 2 3 0
< RES 1637332131 267 1
< MOVE L L
> REQ 1637332131 268 1
> VAMPIRE 1 7 13 1 2 3 0
> VAMPIRE 4 10 17 1 3 2 0
> VAMPIRE 3 10 17 1 3 2 0
> VAMPIRE 2 13 13 1 2 3 0
< RES 1637332131 268 1
> REQ 1637332131 269 1
> VAMPIRE 1 7 13 1 2 3 0
> VAMPIRE 4 10 17 1 3 2 0
> VAMPIRE 3 10 17 1 3 2 0
> VAMPIRE 2 13 13 1 2 3 0
< RES 1637332131 269 1
> REQ 1637332131 270 1
> VAMPIRE 1 7 13 1 2 3 0
> VAMPIRE 4 10 17 1 3 2 0
> VAMPIRE 3 10 17 1 3 2 0
> VAMPIRE 2 13 13 1 2 3 0
< RES 1637332131 270 1
> REQ 1637332131 271 1
> VAMPIRE 1 7 13 1 2 3 0
> VAMPIRE 4 10 17 1 3 2 0
> VAMPIRE 3 10 17 1 3 2 0
> VAMPIRE 2 13 13 1 2 3 0
< RES 1637332131 271 1
> REQ 1637332131 272 1
> VAMPIRE 1 7 13 1 2 3 0
> VAMPIRE 4 10 17 1 3 2 0
> VAMPIRE 3 10 17 1 3 2 0
> VAMPIRE 2 13 13 1 2 3 0
< RES 1637332131 272 1
> REQ 1637332131 273 1
> VAMPIRE 1 7 13 1 2 3 0
> VAMPIRE 4 10 17 1 3 2 0
> VAMPIRE 3 10 17 1 3 2 0
> VAMPIRE 2 13 13 1 2 3 0
< RES 1637332131 273 1
> REQ 1637332131 274 1
> VAMPIRE 1 7 13 1 2 3 0
> VAMPIRE 4 10 17 1 3 2 0
> VAMPIRE 3 10 17 1 3 2 0
> VAMPIRE 2 13 13 1 2 3 0
< RES 1637332131 274 1
> REQ 1637332131 275 1
> VAMPIRE 1 7 13 1 2 3 0
> VAMPIRE 4 10 17 1 3 2 0
> VAMPIRE 3 10 17 1 3 2 0
> VAMPIRE 2 13 13 1 2 3 0
< RES 1637332131 275 1
> REQ 1637332131 276 1
> VAMPIRE 1 7 13 1 2 3 0
> VAMPIRE 4 10 17 1 3 2 0
> VAMPIRE 3 10 17 1 3 2 0
> VAMPIRE 2 13 13 1 2 3 0
> POWERUP GRENADE -5 1 15 6
> POWERUP GRENADE -5 19 5 6
< RES 1637332131 276 1
> REQ 1637332131 277 1
> VAMPIRE 1 7 13 1 2 3 0
> VAMPIRE 4 8 17 1 3 2 0
> VAMPIRE 3 8 17 1 3 2 0
> VAMPIRE 2 13 13 1 2 3 0
> POWERUP GRENADE -4 1 15 6
> POWERUP GRENADE -4 19 5 6
< RES 1637332131 277 1
> REQ 1637332131 278 1
> VAMPIRE 1 7 13 1 2 3 0
> VAMPIRE 4 6 17 1 3 2 0
> VAMPIRE 3 6 17 1 3 2 0
> VAMPIRE 2 13 13 1 2 3 0
> POWERUP GRENADE -3 1 15 6
> POWERUP GRENADE -3 19 5 6
< RES 1637332131 278 1
> REQ 1637332131 279 1
> VAMPIRE 1 7 13 1 2 3 0
> VAMPIRE 4 4 17 1 3 2 0
> VAMPIRE 3 4 17 1 3 2 0
> VAMPIRE 2 13 13 1 2 3 0
> POWERUP GRENADE -2 1 15 6
> POWERUP GRENADE -2 19 5 6
< RES 1637332131 279 1
> REQ 1637332131 280 1
> VAMPIRE 1 7 13 1 2 3 0
> VAMPIRE 4 2 17 1 3 2 0
> VAMPIRE 3 2 17 1 3 2 0
> VAMPIRE 2 13 13 1 2 3 0
> POWERUP GRENADE -1 1 15 6
> POWERUP GRENADE -1 19 5 6
< RES 1637332131 280 1
> REQ 1637332131 281 1
> VAMPIRE 1 7 13 1 2 3 0
> VAMPIRE 4 1 16 1 3 2 0
> VAMPIRE 3 1 16 1 3 2 0
> VAMPIRE 2 13 13 1 2 3 0
> POWERUP GRENADE 11 1 15 6
> POWERUP GRENADE 11 19 5 6
< RES 1637332131 281 1
> REQ 1637332131 282 1
> VAMPIRE 1 7 13 1 2 3 0
> VAMPIRE 4 1 15 1 3 2 0
> VAMPIRE 3 1 15 1 3 2 0
> VAMPIRE 2 13 13 1 2 3 0
> POWERUP GRENADE 10 1 15 6
> POWERUP GRENADE 10 19 5 6
< RES 1637332131 282 1
> REQ 1637332131 283 1
> VAMPIRE 1 7 13 1 2 3 0
> VAMPIRE 4 1 15 1 3 2 0
> VAMPIRE 3 1 15 1 3 2 0
> VAMPIRE 2 13 13 1 2 3 0
> POWERUP GRENADE 9 1 15 6
> POWERUP GRENADE 9 19 5 6
< RES 1637332131 283 1
> REQ 1637332131 284 1
> VAMPIRE 1 7 13 1 2 3 0
> VAMPIRE 4 1 15 1 3 2 0
> VAMPIRE 3 1 15 1 3 2 0
> VAMPIRE 2 13 13 1 2 3 0
> POWERUP GRENADE 8 1 15 6
> POWERUP GRENADE 8 19 5 6
< RES 1637332131 284 1
> REQ 1637332131 285 1
> VAMPIRE 1 7 13 1 2 3 0
> VAMPIRE 4 1 15 1 3 2 0
> VAMPIRE 3 1 15 1 3 2 0
> VAMPIRE 2 13 13 1 2 3 0
> POWERUP GRENADE 7 1 15 6
> POWERUP GRENADE 7 19 5 6
< RES 1637332131 285 1
> REQ 1637332131 286 1
> VAMPIRE 1 7 13 1 2 3 0
> VAMPIRE 4 1 15 1 3 2 0
> VAMPIRE 3 1 15 1 3 2 0
> VAMPIRE 2 13 13 1 2 3 0
> POWERUP GRENADE 6 1 15 6
> POWERUP GRENADE 6 19 5 6
< RES 1637332131 286 1
> REQ 1637332131 287 1
> VAMPIRE 1 7 13 1 2 3 0
> VAMPIRE 4 1 15 1 3 2 0
> VAMPIRE 3 1 15 1 3 2 0
> VAMPIRE 2 13 13 1 2 3 0
> POWERUP GRENADE 5 1 15 6
> POWERUP GRENADE 5 19 5 6
< RES 1637332131 287 1
> REQ 1637332131 288 1
> VAMPIRE 1 7 13 1 2 3 0
> VAMPIRE 4 1 15 1 4 2 0
> VAMPIRE 3 1 15 1 4 2 0
> VAMPIRE 2 13 13 1 2 3 0
> POWERUP GRENADE 4 19 5 6
< RES 1637332131 288 1
> REQ 1637332131 289 1
> VAMPIRE 1 7 13 1 2 3 0
> VAMPIRE 4 3 15 1 4 2 0
> VAMPIRE 3 3 15 1 4 2 0
> VAMPIRE 2 13 13 1 2 3 0
> POWERUP GRENADE 3 19 5 6
< RES 1637332131 289 1
> REQ 1637332131 290 1
> VAMPIRE 1 7 13 1 2 3 0
> VAMPIRE 4 3 13 1 4 2 0
> VAMPIRE 3 3 13 1 4 2 0
> VAMPIRE 2 13 13 1 2 3 0
> POWERUP GRENADE 2 19 5 6
< RES 1637332131 290 1
> REQ 1637332131 291 1
> VAMPIRE 1 7 13 1 2 3 0
> VAMPIRE 4 3 11 1 4 2 0
> VAMPIRE 3 3 11 1 4 2 0
> VAMPIRE 2 13 13 1 2 3 0
> POWERUP GRENADE 1 19 5 6
< RES 1637332131 291 1
> REQ 1637332131 292 1
> VAMPIRE 1 7 13 1 2 3 0
> VAMPIRE 4 5 11 1 4 2 0
> VAMPIRE 3 5 11 1 4 2 0
> VAMPIRE 2 13 13 1 2 3 0
< RES 1637332131 292 1
> REQ 1637332131 293 1
> VAMPIRE 1 7 13 1 2 3 0
> VAMPIRE 4 5 9 1 4 2 0
> VAMPIRE 3 5 9 1 4 2 0
> VAMPIRE 2 13 13 1 2 3 0
< RES 1637332131 293 1
> REQ 1637332131 294 1
> VAMPIRE 1 7 13 1 2 3 0
> VAMPIRE 4 7 9 1 4 2 0
> VAMPIRE 3 7 9 1 4 2 0
> VAMPIRE 2 13 13 1 2 3 0
< RES 1637332131 294 1
> REQ 1637332131 295 1
> VAMPIRE 1 7 13 1 2 3 0
> VAMPIRE 4 7 7 1 4 2 0
> VAMPIRE 3 7 7 1 4 2 0
> VAMPIRE 2 13 13 1 2 3 0
< RES 1637332131 295 1
> REQ 1637332131 296 1
> VAMPIRE 1 7 13 1 2 3 0
> VAMPIRE 4 9 7 1 4 2 0
> VAMPIRE 3 9 7 1 4 2 0
> VAMPIRE 2 13 13 1 2 3 0
< RES 1637332131 296 1
> REQ 1637332131 297 1
> VAMPIRE 1 7 13 1 2 3 0
> VAMPIRE 4 9 7 1 4 2 0
> VAMPIRE 3 9 7 1 4 2 0
> VAMPIRE 2 13 13 1 2 3 0
< RES 1637332131 297 1
> REQ 1637332131 298 1
> VAMPIRE 1 7 13 1 2 3 0
> VAMPIRE 4 9 7 1 4 2 0
> VAMPIRE 3 9 7 1 4 2 0
> VAMPIRE 2 13 13 1 2 3 0
< RES 1637332131 298 1
> REQ 1637332131 299 1
> VAMPIRE 1 7 13 1 2 3 0
> VAMPIRE 4 9 7 1 4 2 0
> VAMPIRE 3 9 7 1 4 2 0
> VAMPIRE 2 13 13 1 2 3 0
> POWERUP TOMATO -6 6 3 5
> POWERUP TOMATO -6 14 17 5
< RES 1637332131 299 1
< MOVE L L
> REQ 1637332131 300 1
> VAMPIRE 1 7 11 1 2 3 0
> VAMPIRE 4 7 7 1 4 2 0
> VAMPIRE 3 7 7 1 4 2 0
> VAMPIRE 2 13 15 1 2 3 0
> POWERUP TOMATO -5 6 3 5
> POWERUP TOMATO -5 14 17 5
< RES 1637332131 300 1
< MOVE L L
> REQ 1637332131 301 1
> VAMPIRE 1 7 9 1 2 3 0
> VAMPIRE 4 7 5 1 4 2 0
> VAMPIRE 3 7 5 1 4 2 0
> VAMPIRE 2 13 17 1 2 3 0
> POWERUP TOMATO -4 6 3 5
> POWERUP TOMATO -4 14 17 5
< RES 1637332131 301 1
< MOVE L L
> REQ 1637332131 302 1
> VAMPIRE 1 7 7 1 2 3 0
> VAMPIRE 4 7 3 1 4 2 0
> VAMPIRE 3 7 3 1 4 2 0
> VAMPIRE 2 14 17 1 2 3 0
> POWERUP TOMATO -3 6 3 5
> POWERUP TOMATO -3 14 17 5
< RES 1637332131 302 1
< MOVE L L
> REQ 1637332131 303 1
> VAMPIRE 1 7 5 1 2 3 0
> VAMPIRE 4 5 3 1 3 2 0
> VAMPIRE 3 5 3 1 3 2 0
> VAMPIRE 2 14 17 1 2 3 0
> GRENADE 4 7 3 5 2
> GRENADE 3 7 3 5 2
> POWERUP TOMATO -2 6 3 5
> POWERUP TOMATO -2 14 17 5
< RES 1637332131 303 1
< MOVE U U
> REQ 1637332131 304 1
> VAMPIRE 1 5 5 1 2 3 0
> VAMPIRE 4 6 3 1 3 2 0
> VAMPIRE 3 6 3 1 3 2 0
> VAMPIRE 2 14 17 1 1 3 0
> GRENADE 4 7 3 4 2
> GRENADE 3 7 3 4 2
> GRENADE 2 14 17 5 3
> POWERUP TOMATO -1 6 3 5
> POWERUP TOMATO -1 14 17 5
< RES 1637332131 304 1
< MOVE L L
> REQ 1637332131 305 1
> VAMPIRE 1 5 3 1 2 3 0
> VAMPIRE 4 6 3 1 2 2 0
> VAMPIRE 3 6 3 1 2 2 0
> VAMPIRE 2 13 17 1 1 3 0
> GRENADE 4 7 3 3 2
> GRENADE 3 7 3 3 2
> GRENADE 2 14 17 4 3
> GRENADE 4 6 3 5 2
> GRENADE 3 6 3 5 2
> POWERUP TOMATO 12 6 3 5
> POWERUP TOMATO 12 14 17 5
< RES 1637332131 305 1
< GRENADE
< MOVE R R
> REQ 1637332131 306 1
> VAMPIRE 1 5 5 1 1 3 0
> VAMPIRE 4 6 3 1 2 2 0
> VAMPIRE 3 6 3 1 2 2 0
> VAMPIRE 2 13 15 1 1 3 0
> GRENADE 4 7 3 2 2
> GRENADE 3 7 3 2 2
> GRENADE 2 14 17 3 3
> GRENADE 4 6 3 4 2
> GRENADE 3 6 3 4 2
> GRENADE 1 5 3 5 3
> POWERUP TOMATO 11 6 3 5
> POWERUP TOMATO 11 14 17 5
< RES 1637332131 306 1
< GRENADE
> REQ 1637332131 307 1
> VAMPIRE 1 5 5 1 0 3 0
> VAMPIRE 4 6 3 1 1 2 0
> VAMPIRE 3 6 3 1 1 2 0
> VAMPIRE 2 15 15 1 1 3 0
> GRENADE 4 7 3 1 2
> GRENADE 3 7 3 1 2
> GRENADE 2 14 17 2 3
> GRENADE 4 6 3 3 2
> GRENADE 3 6 3 3 2
> GRENADE 1 5 3 4 3
> GRENADE 1 5 5 5 3
> GRENADE 4 6 3 5 2
> GRENADE 3 6 3 5 2
> POWERUP TOMATO 10 6 3 5
> POWERUP TOMATO 10 14 17 5
< RES 1637332131 307 1
> END 558 Could_not_be_more_deaded
