> MESSAGE OK
> LEVEL 9
> GAMEID 1637333210
> TEST 1
> MAXTICK 1000
> GRENADERADIUS 2
> SIZE 21
> REQ 1637333210 0 2
> VAMPIRE 1 1 1 3 1 2 0
> VAMPIRE 4 1 19 3 1 2 0
> VAMPIRE 3 19 19 3 1 2 0
> VAMPIRE 2 19 1 3 1 2 0
> BAT1 4 1 6 1 8 1 10 1 12 1 14 1 16 1 1 4 19 4 6 5 8 5 10 5 12 5 14 5 1 6 5 6 15 6 19 6 1 8 5 8 15 8 19 8 10 9 1 10 5 10 9 10 11 10 15 10 19 10 10 11 1 12 5 12 15 12 19 12 1 14 5 14 15 14 19 14 6 15 8 15 10 15 12 15 14 15 1 16 19 16 4 19 6 19 8 19 10 19 12 19 14 19 16 19
> BAT2 4 3 6 3 8 3 10 3 12 3 14 3 16 3 3 4 17 4 3 6 17 6 8 7 10 7 12 7 3 8 7 8 13 8 17 8 3 10 7 10 13 10 17 10 3 12 7 12 13 12 17 12 8 13 10 13 12 13 3 14 17 14 3 16 17 16 4 17 6 17 8 17 10 17 12 17 14 17 16 17
< RES 1637333210 0 2
< MOVE U U
> REQ 1637333210 1 2
> VAMPIRE 1 2 1 3 1 2 0
> VAMPIRE 4 1 17 3 1 2 0
> VAMPIRE 3 17 19 3 1 2 0
> VAMPIRE 2 17 1 3 1 2 0
> BAT1 4 1 6 1 8 1 10 1 12 1 14 1 16 1 1 4 19 4 6 5 8 5 10 5 12 5 14 5 1 6 5 6 15 6 19 6 1 8 5 8 15 8 19 8 10 9 1 10 5 10 9 10 11 10 15 10 19 10 10 11 1 12 5 12 15 12 19 12 1 14 5 14 15 14 19 14 6 15 8 15 10 15 12 15 14 15 1 16 19 16 4 19 6 19 8 19 10 19 12 19 14 19 16 19
> BAT2 4 3 6 3 8 3 10 3 12 3 14 3 16 3 3 4 17 4 3 6 17 6 8 7 10 7 12 7 3 8 7 8 13 8 17 8 3 10 7 10 13 10 17 10 3 12 7 12 13 12 17 12 8 13 10 13 12 13 3 14 17 14 3 16 17 16 4 17 6 17 8 17 10 17 12 17 14 17 16 17
< RES 1637333210 1 2
< GRENADE
> REQ 1637333210 2 2
> VAMPIRE 1 1 2 3 0 2 0
> VAMPIRE 4 1 17 3 0 2 0
> VAMPIRE 3 17 17 3 1 2 0
> VAMPIRE 2 17 1 3 0 2 0
> GRENADE 1 2 1 5 2
> GRENADE 4 1 17 5 2
> GRENADE 2 17 1 5 2
> BAT1 4 1 6 1 8 1 10 1 12 1 14 1 16 1 1 4 19 4 6 5 8 5 10 5 12 5 14 5 1 6 5 6 15 6 19 6 1 8 5 8 15 8 19 8 10 9 1 10 5 10 9 10 11 10 15 10 19 10 10 11 1 12 5 12 15 12 19 12 1 14 5 14 15 14 19 14 6 15 8 15 10 15 12 15 14 15 1 16 19 16 4 19 6 19 8 19 10 19 12 19 14 19 16 19
> BAT2 4 3 6 3 8 3 10 3 12 3 14 3 16 3 3 4 17 4 3 6 17 6 8 7 10 7 12 7 3 8 7 8 13 8 17 8 3 10 7 10 13 10 17 10 3 12 7 12 13 12 17 12 8 13 10 13 12 13 3 14 17 14 3 16 17 16 4 17 6 17 8 17 10 17 12 17 14 17 16 17
< RES 1637333210 2 2
< THROW XR 2
< MOVE D
> REQ 1637333210 3 2
> VAMPIRE 1 1 1 3 0 2 0
> VAMPIRE 4 1 17 3 0 2 0
> VAMPIRE 3 19 17 3 0 2 0
> VAMPIRE 2 18 1 3 0 2 0
> GRENADE 1 2 1 4 2
> GRENADE 4 1 15 4 2
> GRENADE 2 17 3 4 2
> GRENADE 3 17 17 5 2
> BAT1 4 1 6 1 8 1 10 1 12 1 14 1 16 1 1 4 19 4 6 5 8 5 10 5 12 5 14 5 1 6 5 6 15 6 19 6 1 8 5 8 15 8 19 8 10 9 1 10 5 10 9 10 11 10 15 10 19 10 10 11 1 12 5 12 15 12 19 12 1 14 5 14 15 14 19 14 6 15 8 15 10 15 12 15 14 15 1 16 19 16 4 19 6 19 8 19 10 19 12 19 14 19 16 19
> BAT2 4 3 6 3 8 3 10 3 12 3 14 3 16 3 3 4 17 4 3 6 17 6 8 7 10 7 12 7 3 8 7 8 13 8 17 8 3 10 7 10 13 10 17 10 3 12 7 12 13 12 17 12 8 13 10 13 12 13 3 14 17 14 3 16 17 16 4 17 6 17 8 17 10 17 12 17 14 17 16 17
< RES 1637333210 3 2
< MOVE U R
> REQ 1637333210 4 2
> VAMPIRE 1 1 3 3 0 2 0
> VAMPIRE 4 3 17 3 0 2 0
> VAMPIRE 3 19 18 3 0 2 0
> VAMPIRE 2 17 2 3 0 2 0
> GRENADE 1 5 1 3 2
> GRENADE 4 1 15 3 2
> GRENADE 2 17 3 3 2
> GRENADE 3 17 17 4 2
> BAT1 4 1 6 1 8 1 10 1 12 1 14 1 16 1 1 4 19 4 6 5 8 5 10 5 12 5 14 5 1 6 5 6 15 6 19 6 1 8 5 8 15 8 19 8 10 9 1 10 5 10 9 10 11 10 15 10 19 10 10 11 1 12 5 12 15 12 19 12 1 14 5 14 15 14 19 14 6 15 8 15 10 15 12 15 14 15 1 16 19 16 4 19 6 19 8 19 10 19 12 19 14 19 16 19
> BAT2 4 3 6 3 8 3 10 3 12 3 14 3 16 3 3 4 17 4 3 6 17 6 8 7 10 7 12 7 3 8 7 8 13 8 17 8 3 10 7 10 13 10 17 10 3 12 7 12 13 12 17 12 8 13 10 13 12 13 3 14 17 14 3 16 17 16 4 17 6 17 8 17 10 17 12 17 14 17 16 17
< RES 1637333210 4 2
< THROW R 2
< MOVE L
> REQ 1637333210 5 2
> VAMPIRE 1 1 3 3 0 2 0
> VAMPIRE 4 3 17 3 0 2 0
> VAMPIRE 3 19 18 3 0 2 0
> VAMPIRE 2 17 1 3 0 2 0
> GRENADE 1 5 1 2 2
> GRENADE 4 1 15 2 2
> GRENADE 2 17 5 2 2
> GRENADE 3 17 17 3 2
> BAT1 4 1 6 1 8 1 10 1 12 1 14 1 16 1 1 4 19 4 6 5 8 5 10 5 12 5 14 5 1 6 5 6 15 6 19 6 1 8 5 8 15 8 19 8 10 9 1 10 5 10 9 10 11 10 15 10 19 10 10 11 1 12 5 12 15 12 19 12 1 14 5 14 15 14 19 14 6 15 8 15 10 15 12 15 14 15 1 16 19 16 4 19 6 19 8 19 10 19 12 19 14 19 16 19
> BAT2 4 3 6 3 8 3 10 3 12 3 14 3 16 3 3 4 17 4 3 6 17 6 8 7 10 7 12 7 3 8 7 8 13 8 17 8 3 10 7 10 13 10 17 10 3 12 7 12 13 12 17 12 8 13 10 13 12 13 3 14 17 14 3 16 17 16 4 17 6 17 8 17 10 17 12 17 14 17 16 17
< RES 1637333210 5 2
> REQ 1637333210 6 2
> VAMPIRE 1 1 3 3 0 2 0
> VAMPIRE 4 3 17 3 0 2 0
> VAMPIRE 3 19 18 3 0 2 0
> VAMPIRE 2 17 1 3 0 2 0
> GRENADE 1 5 1 1 2
> GRENADE 4 1 15 1 2
> GRENADE 2 17 5 1 2
> GRENADE 3 17 17 2 2
> BAT1 4 1 6 1 8 1 10 1 12 1 14 1 16 1 1 4 19 4 6 5 8 5 10 5 12 5 14 5 1 6 5 6 15 6 19 6 1 8 5 8 15 8 19 8 10 9 1 10 5 10 9 10 11 10 15 10 19 10 10 11 1 12 5 12 15 12 19 12 1 14 5 14 15 14 19 14 6 15 8 15 10 15 12 15 14 15 1 16 19 16 4 19 6 19 8 19 10 19 12 19 14 19 16 19
> BAT2 4 3 6 3 8 3 10 3 12 3 14 3 16 3 3 4 17 4 3 6 17 6 8 7 10 7 12 7 3 8 7 8 13 8 17 8 3 10 7 10 13 10 17 10 3 12 7 12 13 12 17 12 8 13 10 13 12 13 3 14 17 14 3 16 17 16 4 17 6 17 8 17 10 17 12 17 14 17 16 17
< RES 1637333210 6 2
< MOVE R R
> REQ 1637333210 7 2
> VAMPIRE 1 3 3 3 1 2 0
> VAMPIRE 4 3 17 3 1 2 0
> VAMPIRE 3 19 18 3 0 2 0
> VAMPIRE 2 17 3 3 1 2 0
> GRENADE 3 17 17 1 2
> BAT1 8 1 10 1 12 1 14 1 16 1 1 4 19 4 6 5 8 5 10 5 12 5 14 5 1 6 5 6 15 6 19 6 1 8 5 8 15 8 19 8 10 9 1 10 5 10 9 10 11 10 15 10 19 10 10 11 1 12 5 12 15 12 19 12 5 14 15 14 19 14 6 15 8 15 10 15 12 15 14 15 19 16 4 19 6 19 8 19 10 19 12 19 14 19 16 19 17 4 17 6
> BAT2 4 3 6 3 8 3 10 3 12 3 14 3 16 3 3 4 3 6 8 7 10 7 12 7 3 8 7 8 13 8 17 8 3 10 7 10 13 10 17 10 3 12 7 12 13 12 17 12 8 13 10 13 12 13 3 14 17 14 3 16 17 16 4 17 6 17 8 17 10 17 12 17 14 17 16 17
< RES 1637333210 7 2
< GRENADE
> REQ 1637333210 8 2
> VAMPIRE 1 3 1 3 0 2 0
> VAMPIRE 4 1 17 3 0 2 0
> VAMPIRE 3 19 17 3 1 2 0
> VAMPIRE 2 17 3 3 0 2 0
> GRENADE 1 3 3 5 2
> GRENADE 4 3 17 5 2
> GRENADE 2 17 3 5 2
> BAT1 8 1 10 1 12 1 14 1 16 1 1 4 19 4 6 5 8 5 10 5 12 5 14 5 1 6 5 6 15 6 19 6 1 8 5 8 15 8 19 8 10 9 1 10 5 10 9 10 11 10 15 10 19 10 10 11 1 12 5 12 15 12 19 12 5 14 15 14 19 14 6 15 8 15 10 15 12 15 14 15 19 16 4 19 6 19 8 19 10 19 12 19 14 19 16 19 17 4 17 6 17 16 16 17
> BAT2 4 3 6 3 8 3 10 3 12 3 14 3 16 3 3 4 3 6 8 7 10 7 12 7 3 8 7 8 13 8 17 8 3 10 7 10 13 10 17 10 3 12 7 12 13 12 17 12 8 13 10 13 12 13 3 14 17 14 3 16 4 17 6 17 8 17 10 17 12 17 14 17
< RES 1637333210 8 2
< THROW XU 2
> REQ 1637333210 9 2
> VAMPIRE 1 3 2 3 0 2 0
> VAMPIRE 4 1 15 3 0 2 0
> VAMPIRE 3 17 17 3 1 2 0
> VAMPIRE 2 17 3 3 0 2 0
> GRENADE 1 3 3 4 2
> GRENADE 4 3 17 4 2
> GRENADE 2 15 3 4 2
> BAT1 8 1 10 1 12 1 14 1 16 1 1 4 19 4 6 5 8 5 10 5 12 5 14 5 1 6 5 6 15 6 19 6 1 8 5 8 15 8 19 8 10 9 1 10 5 10 9 10 11 10 15 10 19 10 10 11 1 12 5 12 15 12 19 12 5 14 15 14 19 14 6 15 8 15 10 15 12 15 14 15 19 16 4 19 6 19 8 19 10 19 12 19 14 19 16 19 17 4 17 6 17 16 16 17
> BAT2 4 3 6 3 8 3 10 3 12 3 14 3 16 3 3 4 3 6 8 7 10 7 12 7 3 8 7 8 13 8 17 8 3 10 7 10 13 10 17 10 3 12 7 12 13 12 17 12 8 13 10 13 12 13 3 14 17 14 3 16 4 17 6 17 8 17 10 17 12 17 14 17
< RES 1637333210 9 2
> REQ 1637333210 10 2
> VAMPIRE 1 3 1 3 0 2 0
> VAMPIRE 4 1 15 3 0 2 0
> VAMPIRE 3 19 17 3 0 2 0
> VAMPIRE 2 17 3 3 0 2 0
> GRENADE 1 3 5 3 2
> GRENADE 4 3 17 3 2
> GRENADE 2 15 3 3 2
> GRENADE 3 17 17 5 2
> BAT1 8 1 10 1 12 1 14 1 16 1 1 4 19 4 6 5 8 5 10 5 12 5 14 5 1 6 5 6 15 6 19 6 1 8 5 8 15 8 19 8 10 9 1 10 5 10 9 10 11 10 15 10 19 10 10 11 1 12 5 12 15 12 19 12 5 14 15 14 19 14 6 15 8 15 10 15 12 15 14 15 19 16 4 19 6 19 8 19 10 19 12 19 14 19 16 19 17 4 17 6 17 16 16 17
> BAT2 4 3 6 3 8 3 10 3 12 3 14 3 16 3 3 4 3 6 8 7 10 7 12 7 3 8 7 8 13 8 17 8 3 10 7 10 13 10 17 10 3 12 7 12 13 12 17 12 8 13 10 13 12 13 3 14 17 14 3 16 4 17 6 17 8 17 10 17 12 17 14 17
< RES 1637333210 10 2
> REQ 1637333210 11 2
> VAMPIRE 1 3 1 3 0 2 0
> VAMPIRE 4 1 15 3 0 2 0
> VAMPIRE 3 19 18 3 0 2 0
> VAMPIRE 2 17 3 3 0 2 0
> GRENADE 1 3 5 2 2
> GRENADE 4 3 17 2 2
> GRENADE 2 15 3 2 2
> GRENADE 3 17 17 4 2
> BAT1 8 1 10 1 12 1 14 1 16 1 1 4 19 4 6 5 8 5 10 5 12 5 14 5 1 6 5 6 15 6 19 6 1 8 5 8 15 8 19 8 10 9 1 10 5 10 9 10 11 10 15 10 19 10 10 11 1 12 5 12 15 12 19 12 5 14 15 14 19 14 6 15 8 15 10 15 12 15 14 15 19 16 4 19 6 19 8 19 10 19 12 19 14 19 16 19 17 4 17 6 17 16 16 17
> BAT2 4 3 6 3 8 3 10 3 12 3 14 3 16 3 3 4 3 6 8 7 10 7 12 7 3 8 7 8 13 8 17 8 3 10 7 10 13 10 17 10 3 12 7 12 13 12 17 12 8 13 10 13 12 13 3 14 17 14 3 16 4 17 6 17 8 17 10 17 12 17 14 17
< RES 1637333210 11 2
> REQ 1637333210 12 2
> VAMPIRE 1 5 1 3 0 2 0
> VAMPIRE 4 1 15 3 0 2 0
> VAMPIRE 3 19 18 3 0 2 0
> VAMPIRE 2 17 3 3 0 2 0
> GRENADE 1 3 5 1 2
> GRENADE 4 3 17 1 2
> GRENADE 2 15 3 1 2
> GRENADE 3 17 17 3 2
> BAT1 8 1 10 1 12 1 14 1 16 1 1 4 19 4 6 5 8 5 10 5 12 5 14 5 1 6 5 6 15 6 19 6 1 8 5 8 15 8 19 8 10 9 1 10 5 10 9 10 11 10 15 10 19 10 10 11 1 12 5 12 15 12 19 12 5 14 15 14 19 14 6 15 8 15 10 15 12 15 14 15 19 16 4 19 6 19 8 19 10 19 12 19 14 19 16 19 17 4 17 6 17 16 16 17
> BAT2 4 3 6 3 8 3 10 3 12 3 14 3 16 3 3 4 3 6 8 7 10 7 12 7 3 8 7 8 13 8 17 8 3 10 7 10 13 10 17 10 3 12 7 12 13 12 17 12 8 13 10 13 12 13 3 14 17 14 3 16 4 17 6 17 8 17 10 17 12 17 14 17
< RES 1637333210 12 2
> REQ 1637333210 13 2
> VAMPIRE 1 6 1 3 1 2 0
> VAMPIRE 4 3 15 3 1 2 0
> VAMPIRE 3 19 18 3 0 2 0
> VAMPIRE 2 17 3 3 1 2 0
> GRENADE 3 17 17 2 2
> BAT1 8 1 10 1 12 1 14 1 16 1 1 4 19 4 6 5 8 5 10 5 12 5 14 5 1 6 5 6 15 6 19 6 1 8 5 8 15 8 19 8 10 9 1 10 5 10 9 10 11 10 15 10 19 10 10 11 1 12 5 12 15 12 19 12 5 14 15 14 19 14 6 15 8 15 10 15 12 15 14 15 19 16 4 19 6 19 8 19 10 19 12 19 14 19 16 19 14 3 16 3 3 4 17 4 3 6 17 6 3 16 17 16 4 17 16 17
> BAT2 4 3 6 3 8 3 10 3 12 3 8 7 10 7 12 7 3 8 7 8 13 8 17 8 3 10 7 10 13 10 17 10 3 12 7 12 13 12 17 12 8 13 10 13 12 13 3 14 17 14 6 17 8 17 10 17 12 17 14 17
< RES 1637333210 13 2
< GRENADE
> REQ 1637333210 14 2
> VAMPIRE 1 5 2 3 0 2 0
> VAMPIRE 4 1 15 3 0 2 0
> VAMPIRE 3 19 18 3 0 2 0
> VAMPIRE 2 17 3 3 0 2 0
> GRENADE 3 17 17 1 2
> GRENADE 1 6 1 5 2
> GRENADE 4 3 15 5 2
> GRENADE 2 17 3 5 2
> BAT1 8 1 10 1 12 1 14 1 16 1 1 4 19 4 6 5 8 5 10 5 12 5 14 5 1 6 5 6 15 6 19 6 1 8 5 8 15 8 19 8 10 9 1 10 5 10 9 10 11 10 15 10 19 10 10 11 1 12 5 12 15 12 19 12 5 14 15 14 19 14 6 15 8 15 10 15 12 15 14 15 19 16 4 19 6 19 8 19 10 19 12 19 14 19 16 19 14 3 16 3 3 4 17 4 3 6 17 6 3 16 17 16 4 17 16 17
> BAT2 4 3 6 3 8 3 10 3 12 3 8 7 10 7 12 7 3 8 7 8 13 8 17 8 3 10 7 10 13 10 17 10 3 12 7 12 13 12 17 12 8 13 10 13 12 13 3 14 17 14 6 17 8 17 10 17 12 17 14 17
< RES 1637333210 14 2
< THROW XU 2
> REQ 1637333210 15 2
> VAMPIRE 1 5 1 3 0 2 0
> VAMPIRE 4 1 17 3 0 2 0
> VAMPIRE 3 19 17 3 1 2 0
> VAMPIRE 2 17 3 3 0 2 0
> GRENADE 1 6 1 4 2
> GRENADE 4 3 15 4 2
> GRENADE 2 15 3 4 2
> BAT1 8 1 10 1 12 1 14 1 16 1 1 4 19 4 6 5 8 5 10 5 12 5 14 5 1 6 5 6 15 6 19 6 1 8 5 8 15 8 19 8 10 9 1 10 5 10 9 10 11 10 15 10 19 10 10 11 1 12 5 12 15 12 19 12 5 14 15 14 19 14 6 15 8 15 10 15 12 15 14 15 19 16 4 19 6 19 8 19 10 19 12 19 14 19 16 19 14 3 16 3 3 4 17 4 3 6 17 6 3 16 4 17
> BAT2 4 3 6 3 8 3 10 3 12 3 8 7 10 7 12 7 3 8 7 8 13 8 17 8 3 10 7 10 13 10 17 10 3 12 7 12 13 12 17 12 8 13 10 13 12 13 3 14 17 14 6 17 8 17 10 17 12 17 14 17
< RES 1637333210 15 2
< MOVE L L
> REQ 1637333210 16 2
> VAMPIRE 1 5 1 3 0 2 0
> VAMPIRE 4 1 17 3 0 2 0
> VAMPIRE 3 19 17 3 0 2 0
> VAMPIRE 2 17 1 3 0 2 0
> GRENADE 1 9 1 3 2
> GRENADE 4 3 15 3 2
> GRENADE 2 15 3 3 2
> GRENADE 3 19 17 5 2
> BAT1 8 1 10 1 12 1 14 1 16 1 1 4 19 4 6 5 8 5 10 5 12 5 14 5 1 6 5 6 15 6 19 6 1 8 5 8 15 8 19 8 10 9 1 10 5 10 9 10 11 10 15 10 19 10 10 11 1 12 5 12 15 12 19 12 5 14 15 14 19 14 6 15 8 15 10 15 12 15 14 15 19 16 4 19 6 19 8 19 10 19 12 19 14 19 16 19 14 3 16 3 3 4 17 4 3 6 17 6 3 16 4 17
> BAT2 4 3 6 3 8 3 10 3 12 3 8 7 10 7 12 7 3 8 7 8 13 8 17 8 3 10 7 10 13 10 17 10 3 12 7 12 13 12 17 12 8 13 10 13 12 13 3 14 17 14 6 17 8 17 10 17 12 17 14 17
< RES 1637333210 16 2
> REQ 1637333210 17 2
> VAMPIRE 1 5 1 3 0 2 0
> VAMPIRE 4 1 16 3 0 2 0
> VAMPIRE 3 17 17 3 0 2 0
> VAMPIRE 2 17 1 3 0 2 0
> GRENADE 1 9 1 2 2
> GRENADE 4 3 15 2 2
> GRENADE 2 15 3 2 2
> GRENADE 3 19 15 4 2
> BAT1 8 1 10 1 12 1 14 1 16 1 1 4 19 4 6 5 8 5 10 5 12 5 14 5 1 6 5 6 15 6 19 6 1 8 5 8 15 8 19 8 10 9 1 10 5 10 9 10 11 10 15 10 19 10 10 11 1 12 5 12 15 12 19 12 5 14 15 14 19 14 6 15 8 15 10 15 12 15 14 15 19 16 4 19 6 19 8 19 10 19 12 19 14 19 16 19 14 3 16 3 3 4 17 4 3 6 17 6 3 16 4 17
> BAT2 4 3 6 3 8 3 10 3 12 3 8 7 10 7 12 7 3 8 7 8 13 8 17 8 3 10 7 10 13 10 17 10 3 12 7 12 13 12 17 12 8 13 10 13 12 13 3 14 17 14 6 17 8 17 10 17 12 17 14 17
< RES 1637333210 17 2
> REQ 1637333210 18 2
> VAMPIRE 1 5 1 3 0 2 0
> VAMPIRE 4 1 17 3 0 2 0
> VAMPIRE 3 17 17 3 0 2 0
> VAMPIRE 2 17 1 3 0 2 0
> GRENADE 1 9 1 1 2
> GRENADE 4 3 15 1 2
> GRENADE 2 15 3 1 2
> GRENADE 3 19 15 3 2
> BAT1 8 1 10 1 12 1 14 1 16 1 1 4 19 4 6 5 8 5 10 5 12 5 14 5 1 6 5 6 15 6 19 6 1 8 5 8 15 8 19 8 10 9 1 10 5 10 9 10 11 10 15 10 19 10 10 11 1 12 5 12 15 12 19 12 5 14 15 14 19 14 6 15 8 15 10 15 12 15 14 15 19 16 4 19 6 19 8 19 10 19 12 19 14 19 16 19 14 3 16 3 3 4 17 4 3 6 17 6 3 16 4 17
> BAT2 4 3 6 3 8 3 10 3 12 3 8 7 10 7 12 7 3 8 7 8 13 8 17 8 3 10 7 10 13 10 17 10 3 12 7 12 13 12 17 12 8 13 10 13 12 13 3 14 17 14 6 17 8 17 10 17 12 17 14 17
< RES 1637333210 18 2
< MOVE R R
> REQ 1637333210 19 2
> VAMPIRE 1 5 3 3 1 2 0
> VAMPIRE 4 3 17 3 1 2 0
> VAMPIRE 3 17 17 3 0 2 0
> VAMPIRE 2 17 3 3 1 2 0
> GRENADE 3 19 15 2 2
> BAT1 12 1 14 1 16 1 1 4 19 4 6 5 8 5 10 5 12 5 14 5 1 6 5 6 15 6 19 6 1 8 5 8 15 8 19 8 10 9 1 10 5 10 9 10 11 10 15 10 19 10 10 11 1 12 5 12 15 12 19 12 5 14 15 14 19 14 6 15 8 15 10 15 12 15 14 15 19 16 4 19 6 19 8 19 10 19 12 19 14 19 16 19 3 4 17 4 3 6 17 6 3 14 4 17
> BAT2 4 3 6 3 8 3 10 3 12 3 8 7 10 7 12 7 3 8 7 8 13 8 17 8 3 10 7 10 13 10 17 10 3 12 7 12 13 12 17 12 8 13 10 13 12 13 17 14 6 17 8 17 10 17 12 17 14 17
< RES 1637333210 19 2
< GRENADE
> REQ 1637333210 20 2
> VAMPIRE 1 5 1 3 0 2 0
> VAMPIRE 4 3 17 3 0 2 0
> VAMPIRE 3 15 17 3 0 2 0
> VAMPIRE 2 17 3 3 0 2 0
> GRENADE 3 19 15 1 2
> GRENADE 1 5 3 5 2
> GRENADE 4 3 17 5 2
> GRENADE 2 17 3 5 2
> BAT1 12 1 14 1 16 1 1 4 19 4 6 5 8 5 10 5 12 5 14 5 1 6 5 6 15 6 19 6 1 8 5 8 15 8 19 8 10 9 1 10 5 10 9 10 11 10 15 10 19 10 10 11 1 12 5 12 15 12 19 12 5 14 15 14 19 14 6 15 8 15 10 15 12 15 14 15 19 16 4 19 6 19 8 19 10 19 12 19 14 19 16 19 3 4 17 4 3 6 17 6 3 14 4 17
> BAT2 4 3 6 3 8 3 10 3 12 3 8 7 10 7 12 7 3 8 7 8 13 8 17 8 3 10 7 10 13 10 17 10 3 12 7 12 13 12 17 12 8 13 10 13 12 13 17 14 6 17 8 17 10 17 12 17 14 17
< RES 1637333210 20 2
< THROW XR 2
< MOVE U U
> REQ 1637333210 21 2
> VAMPIRE 1 5 2 3 0 2 0
> VAMPIRE 4 3 17 3 0 2 0
> VAMPIRE 3 15 15 3 1 2 0
> VAMPIRE 2 15 3 3 0 2 0
> GRENADE 1 5 3 4 2
> GRENADE 4 5 17 4 2
> GRENADE 2 17 5 4 2
> BAT1 12 1 14 1 16 1 1 4 19 4 6 5 8 5 10 5 12 5 14 5 1 6 5 6 15 6 19 6 1 8 5 8 15 8 19 8 10 9 1 10 5 10 9 10 11 10 15 10 19 10 10 11 1 12 5 12 15 12 19 12 5 14 15 14 6 15 8 15 10 15 12 15 14 15 4 19 6 19 8 19 10 19 12 19 14 19 16 19 3 4 17 4 3 6 17 6 3 14 4 17
> BAT2 4 3 6 3 8 3 10 3 12 3 8 7 10 7 12 7 3 8 7 8 13 8 17 8 3 10 7 10 13 10 17 10 3 12 7 12 13 12 17 12 8 13 10 13 12 13 17 14 6 17 8 17 10 17 12 17 14 17
< RES 1637333210 21 2
> REQ 1637333210 22 2
> VAMPIRE 1 5 1 3 0 2 0
> VAMPIRE 4 3 15 3 0 2 0
> VAMPIRE 3 15 15 3 0 2 0
> VAMPIRE 2 15 3 3 0 2 0
> GRENADE 1 5 5 3 2
> GRENADE 4 5 17 3 2
> GRENADE 2 17 5 3 2
> GRENADE 3 15 15 5 2
> BAT1 12 1 14 1 16 1 1 4 19 4 6 5 8 5 10 5 12 5 14 5 1 6 5 6 15 6 19 6 1 8 5 8 15 8 19 8 10 9 1 10 5 10 9 10 11 10 15 10 19 10 10 11 1 12 5 12 15 12 19 12 5 14 15 14 6 15 8 15 10 15 12 15 14 15 4 19 6 19 8 19 10 19 12 19 14 19 16 19 3 4 17 4 3 6 17 6 3 14 4 17
> BAT2 4 3 6 3 8 3 10 3 12 3 8 7 10 7 12 7 3 8 7 8 13 8 17 8 3 10 7 10 13 10 17 10 3 12 7 12 13 12 17 12 8 13 10 13 12 13 17 14 6 17 8 17 10 17 12 17 14 17
< RES 1637333210 22 2
> REQ 1637333210 23 2
> VAMPIRE 1 5 1 3 0 2 0
> VAMPIRE 4 3 15 3 0 2 0
> VAMPIRE 3 17 15 3 0 2 0
> VAMPIRE 2 15 3 3 0 2 0
> GRENADE 1 5 5 2 2
> GRENADE 4 5 17 2 2
> GRENADE 2 17 5 2 2
> GRENADE 3 13 15 4 2
> BAT1 12 1 14 1 16 1 1 4 19 4 6 5 8 5 10 5 12 5 14 5 1 6 5 6 15 6 19 6 1 8 5 8 15 8 19 8 10 9 1 10 5 10 9 10 11 10 15 10 19 10 10 11 1 12 5 12 15 12 19 12 5 14 15 14 6 15 8 15 10 15 12 15 14 15 4 19 6 19 8 19 10 19 12 19 14 19 16 19 3 4 17 4 3 6 17 6 3 14 4 17
> BAT2 4 3 6 3 8 3 10 3 12 3 8 7 10 7 12 7 3 8 7 8 13 8 17 8 3 10 7 10 13 10 17 10 3 12 7 12 13 12 17 12 8 13 10 13 12 13 17 14 6 17 8 17 10 17 12 17 14 17
< RES 1637333210 23 2
< MOVE U U
> REQ 1637333210 24 2
> VAMPIRE 1 5 1 3 0 2 0
> VAMPIRE 4 3 15 3 0 2 0
> VAMPIRE 3 17 17 3 0 2 0
> VAMPIRE 2 13 3 3 0 2 0
> GRENADE 1 5 5 1 2
> GRENADE 4 5 17 1 2
> GRENADE 2 17 5 1 2
> GRENADE 3 13 15 3 2
> BAT1 12 1 14 1 16 1 1 4 19 4 6 5 8 5 10 5 12 5 14 5 1 6 5 6 15 6 19 6 1 8 5 8 15 8 19 8 10 9 1 10 5 10 9 10 11 10 15 10 19 10 10 11 1 12 5 12 15 12 19 12 5 14 15 14 6 15 8 15 10 15 12 15 14 15 4 19 6 19 8 19 10 19 12 19 14 19 16 19 3 4 17 4 3 6 17 6 3 14 4 17
> BAT2 4 3 6 3 8 3 10 3 12 3 8 7 10 7 12 7 3 8 7 8 13 8 17 8 3 10 7 10 13 10 17 10 3 12 7 12 13 12 17 12 8 13 10 13 12 13 17 14 6 17 8 17 10 17 12 17 14 17
< RES 1637333210 24 2
< MOVE L L
> REQ 1637333210 25 2
> VAMPIRE 1 5 3 3 1 2 0
> VAMPIRE 4 5 15 3 1 2 0
> VAMPIRE 3 17 17 3 0 2 0
> VAMPIRE 2 13 1 3 1 2 0
> GRENADE 3 13 15 2 2
> BAT1 12 1 14 1 16 1 1 4 19 4 8 5 10 5 12 5 14 5 1 6 15 6 19 6 1 8 5 8 15 8 19 8 10 9 1 10 5 10 9 10 11 10 15 10 19 10 10 11 1 12 5 12 15 12 19 12 5 14 15 14 6 15 8 15 10 15 12 15 14 15 4 19 6 19 8 19 10 19 12 19 14 19 16 19 3 4 3 6 3 14 6 17
> BAT2 4 3 6 3 8 3 10 3 12 3 8 7 10 7 12 7 3 8 7 8 13 8 17 8 3 10 7 10 13 10 17 10 3 12 7 12 13 12 17 12 8 13 10 13 12 13 17 14 8 17 10 17 12 17 14 17
< RES 1637333210 25 2
< GRENADE
< MOVE R R
> REQ 1637333210 26 2
> VAMPIRE 1 5 5 3 0 2 0
> VAMPIRE 4 3 15 3 0 2 0
> VAMPIRE 3 15 17 3 0 2 0
> VAMPIRE 2 13 3 3 0 2 0
> GRENADE 3 13 15 1 2
> GRENADE 1 5 3 5 2
> GRENADE 4 5 15 5 2
> GRENADE 2 13 1 5 2
> BAT1 12 1 14 1 16 1 1 4 19 4 8 5 10 5 12 5 14 5 1 6 15 6 19 6 1 8 5 8 15 8 19 8 10 9 1 10 5 10 9 10 11 10 15 10 19 10 10 11 1 12 5 12 15 12 19 12 5 14 15 14 6 15 8 15 10 15 12 15 14 15 4 19 6 19 8 19 10 19 12 19 14 19 16 19 3 4 3 6 3 14 6 17
> BAT2 4 3 6 3 8 3 10 3 12 3 8 7 10 7 12 7 3 8 7 8 13 8 17 8 3 10 7 10 13 10 17 10 3 12 7 12 13 12 17 12 8 13 10 13 12 13 17 14 8 17 10 17 12 17 14 17
< RES 1637333210 26 2
< MOVE D D
> REQ 1637333210 27 2
> VAMPIRE 1 7 5 3 0 2 0
> VAMPIRE 4 3 17 3 0 2 0
> VAMPIRE 3 15 19 3 1 2 0
> VAMPIRE 2 15 3 3 0 2 0
> GRENADE 1 5 3 4 2
> GRENADE 4 5 15 4 2
> GRENADE 2 13 1 4 2
> BAT1 12 1 14 1 16 1 1 4 19 4 8 5 10 5 12 5 14 5 1 6 15 6 19 6 1 8 5 8 15 8 19 8 10 9 1 10 5 10 9 10 11 10 15 10 19 10 10 11 1 12 5 12 15 12 19 12 5 14 15 14 6 15 8 15 10 15 4 19 6 19 8 19 10 19 12 19 14 19 16 19 3 4 3 6 3 14 6 17
> BAT2 4 3 6 3 8 3 10 3 12 3 8 7 10 7 12 7 3 8 7 8 13 8 17 8 3 10 7 10 13 10 17 10 3 12 7 12 13 12 17 12 8 13 10 13 12 13 17 14 8 17 10 17 12 17 14 17
< RES 1637333210 27 2
> REQ 1637333210 28 2
> VAMPIRE 1 7 5 3 0 2 0
> VAMPIRE 4 3 17 3 0 2 0
> VAMPIRE 3 15 17 3 0 2 0
> VAMPIRE 2 15 3 3 0 2 0
> GRENADE 1 5 3 3 2
> GRENADE 4 5 15 3 2
> GRENADE 2 13 1 3 2
> GRENADE 3 15 19 5 2
> BAT1 12 1 14 1 16 1 1 4 19 4 8 5 10 5 12 5 14 5 1 6 15 6 19 6 1 8 5 8 15 8 19 8 10 9 1 10 5 10 9 10 11 10 15 10 19 10 10 11 1 12 5 12 15 12 19 12 5 14 15 14 6 15 8 15 10 15 4 19 6 19 8 19 10 19 12 19 14 19 16 19 3 4 3 6 3 14 6 17
> BAT2 4 3 6 3 8 3 10 3 12 3 8 7 10 7 12 7 3 8 7 8 13 8 17 8 3 10 7 10 13 10 17 10 3 12 7 12 13 12 17 12 8 13 10 13 12 13 17 14 8 17 10 17 12 17 14 17
< RES 1637333210 28 2
> REQ 1637333210 29 2
> VAMPIRE 1 7 5 3 0 2 0
> VAMPIRE 4 3 17 3 0 2 0
> VAMPIRE 3 17 17 3 0 2 0
> VAMPIRE 2 15 3 3 0 2 0
> GRENADE 1 5 3 2 2
> GRENADE 4 5 15 2 2
> GRENADE 2 13 1 2 2
> GRENADE 3 15 19 4 2
> BAT1 12 1 14 1 16 1 1 4 19 4 8 5 10 5 12 5 14 5 1 6 15 6 19 6 1 8 5 8 15 8 19 8 10 9 1 10 5 10 9 10 11 10 15 10 19 10 10 11 1 12 5 12 15 12 19 12 5 14 15 14 6 15 8 15 10 15 4 19 6 19 8 19 10 19 12 19 14 19 16 19 3 4 3 6 3 14 6 17
> BAT2 4 3 6 3 8 3 10 3 12 3 8 7 10 7 12 7 3 8 7 8 13 8 17 8 3 10 7 10 13 10 17 10 3 12 7 12 13 12 17 12 8 13 10 13 12 13 17 14 8 17 10 17 12 17 14 17
< RES 1637333210 29 2
> REQ 1637333210 30 2
> VAMPIRE 1 7 5 3 0 2 0
> VAMPIRE 4 3 17 3 0 2 0
> VAMPIRE 3 17 17 3 0 2 0
> VAMPIRE 2 15 3 3 0 2 0
> GRENADE 1 5 3 1 2
> GRENADE 4 5 15 1 2
> GRENADE 2 13 1 1 2
> GRENADE 3 15 19 3 2
> BAT1 12 1 14 1 16 1 1 4 19 4 8 5 10 5 12 5 14 5 1 6 15 6 19 6 1 8 5 8 15 8 19 8 10 9 1 10 5 10 9 10 11 10 15 10 19 10 10 11 1 12 5 12 15 12 19 12 5 14 15 14 6 15 8 15 10 15 4 19 6 19 8 19 10 19 12 19 14 19 16 19 3 4 3 6 3 14 6 17
> BAT2 4 3 6 3 8 3 10 3 12 3 8 7 10 7 12 7 3 8 7 8 13 8 17 8 3 10 7 10 13 10 17 10 3 12 7 12 13 12 17 12 8 13 10 13 12 13 17 14 8 17 10 17 12 17 14 17
< RES 1637333210 30 2
< MOVE R R
> REQ 1637333210 31 2
> VAMPIRE 1 7 3 3 1 2 0
> VAMPIRE 4 5 17 3 1 2 0
> VAMPIRE 3 17 17 3 0 2 0
> VAMPIRE 2 15 5 3 1 2 0
> GRENADE 3 15 19 2 2
> BAT1 16 1 1 4 19 4 8 5 10 5 12 5 14 5 1 6 15 6 19 6 1 8 5 8 15 8 19 8 10 9 1 10 5 10 9 10 11 10 15 10 19 10 10 11 1 12 5 12 15 12 19 12 15 14 8 15 10 15 4 19 6 19 8 19 10 19 12 19 14 19 16 19 4 3 6 3 3 4 3 6 3 14 6 17
> BAT2 8 3 10 3 12 3 8 7 10 7 12 7 3 8 7 8 13 8 17 8 3 10 7 10 13 10 17 10 3 12 7 12 13 12 17 12 8 13 10 13 12 13 17 14 8 17 10 17 12 17 14 17
< RES 1637333210 31 2
< GRENADE
< MOVE D D
> REQ 1637333210 32 2
> VAMPIRE 1 7 5 3 0 2 0
> VAMPIRE 4 5 17 3 0 2 0
> VAMPIRE 3 17 17 3 0 2 0
> VAMPIRE 2 17 5 3 0 2 0
> GRENADE 3 15 19 1 2
> GRENADE 1 7 3 5 2
> GRENADE 4 5 17 5 2
> GRENADE 2 15 5 5 2
> BAT1 16 1 1 4 19 4 8 5 10 5 12 5 14 5 1 6 15 6 19 6 1 8 5 8 15 8 19 8 10 9 1 10 5 10 9 10 11 10 15 10 19 10 10 11 1 12 5 12 15 12 19 12 15 14 8 15 10 15 4 19 6 19 8 19 10 19 12 19 14 19 16 19 4 3 6 3 3 4 3 6 3 14 6 17
> BAT2 8 3 10 3 12 3 8 7 10 7 12 7 3 8 7 8 13 8 17 8 3 10 7 10 13 10 17 10 3 12 7 12 13 12 17 12 8 13 10 13 12 13 17 14 8 17 10 17 12 17 14 17
< RES 1637333210 32 2
< MOVE L L
> REQ 1637333210 33 2
> VAMPIRE 1 5 5 3 0 2 0
> VAMPIRE 4 3 17 3 0 2 0
> VAMPIRE 3 15 17 3 1 2 0
> VAMPIRE 2 17 3 3 0 2 0
> GRENADE 1 7 3 4 2
> GRENADE 4 7 17 4 2
> GRENADE 2 15 5 4 2
> BAT1 16 1 1 4 19 4 8 5 10 5 12 5 14 5 1 6 15 6 19 6 1 8 5 8 15 8 19 8 10 9 1 10 5 10 9 10 11 10 15 10 19 10 10 11 1 12 5 12 15 12 19 12 15 14 8 15 10 15 4 19 6 19 8 19 10 19 12 19 4 3 6 3 3 4 3 6 3 14 6 17
> BAT2 8 3 10 3 12 3 8 7 10 7 12 7 3 8 7 8 13 8 17 8 3 10 7 10 13 10 17 10 3 12 7 12 13 12 17 12 8 13 10 13 12 13 17 14 8 17 10 17 12 17 14 17
< RES 1637333210 33 2
> REQ 1637333210 34 2
> VAMPIRE 1 5 5 3 0 2 0
> VAMPIRE 4 3 17 3 0 2 0
> VAMPIRE 3 15 17 3 0 2 0
> VAMPIRE 2 17 3 3 0 2 0
> GRENADE 1 7 3 3 2
> GRENADE 4 7 17 3 2
> GRENADE 2 15 5 3 2
> GRENADE 3 15 17 5 2
> BAT1 16 1 1 4 19 4 8 5 10 5 12 5 14 5 1 6 15 6 19 6 1 8 5 8 15 8 19 8 10 9 1 10 5 10 9 10 11 10 15 10 19 10 10 11 1 12 5 12 15 12 19 12 15 14 8 15 10 15 4 19 6 19 8 19 10 19 12 19 4 3 6 3 3 4 3 6 3 14 6 17
> BAT2 8 3 10 3 12 3 8 7 10 7 12 7 3 8 7 8 13 8 17 8 3 10 7 10 13 10 17 10 3 12 7 12 13 12 17 12 8 13 10 13 12 13 17 14 8 17 10 17 12 17 14 17
< RES 1637333210 34 2
> REQ 1637333210 35 2
> VAMPIRE 1 5 5 3 0 2 0
> VAMPIRE 4 3 17 3 0 2 0
> VAMPIRE 3 17 17 3 0 2 0
> VAMPIRE 2 17 3 3 0 2 0
> GRENADE 1 7 3 2 2
> GRENADE 4 7 17 2 2
> GRENADE 2 15 5 2 2
> GRENADE 3 13 17 4 2
> BAT1 16 1 1 4 19 4 8 5 10 5 12 5 14 5 1 6 15 6 19 6 1 8 5 8 15 8 19 8 10 9 1 10 5 10 9 10 11 10 15 10 19 10 10 11 1 12 5 12 15 12 19 12 15 14 8 15 10 15 4 19 6 19 8 19 10 19 12 19 4 3 6 3 3 4 3 6 3 14 6 17
> BAT2 8 3 10 3 12 3 8 7 10 7 12 7 3 8 7 8 13 8 17 8 3 10 7 10 13 10 17 10 3 12 7 12 13 12 17 12 8 13 10 13 12 13 17 14 8 17 10 17 12 17 14 17
< RES 1637333210 35 2
< MOVE D D
> REQ 1637333210 36 2
> VAMPIRE 1 5 7 3 0 2 0
> VAMPIRE 4 5 17 3 0 2 0
> VAMPIRE 3 17 17 3 0 2 0
> VAMPIRE 2 19 3 3 0 2 0
> GRENADE 1 7 3 1 2
> GRENADE 4 7 17 1 2
> GRENADE 2 15 5 1 2
> GRENADE 3 13 17 3 2
> BAT1 16 1 1 4 19 4 8 5 10 5 12 5 14 5 1 6 15 6 19 6 1 8 5 8 15 8 19 8 10 9 1 10 5 10 9 10 11 10 15 10 19 10 10 11 1 12 5 12 15 12 19 12 15 14 8 15 10 15 4 19 6 19 8 19 10 19 12 19 4 3 6 3 3 4 3 6 3 14 6 17
> BAT2 8 3 10 3 12 3 8 7 10 7 12 7 3 8 7 8 13 8 17 8 3 10 7 10 13 10 17 10 3 12 7 12 13 12 17 12 8 13 10 13 12 13 17 14 8 17 10 17 12 17 14 17
< RES 1637333210 36 2
> REQ 1637333210 37 2
> VAMPIRE 1 3 7 3 1 2 0
> VAMPIRE 4 5 19 3 1 2 0
> VAMPIRE 3 17 17 3 0 2 0
> VAMPIRE 2 19 3 3 1 2 0
> GRENADE 3 13 17 2 2
> BAT1 16 1 1 4 19 4 8 5 10 5 12 5 1 6 19 6 1 8 5 8 15 8 19 8 10 9 1 10 5 10 9 10 11 10 15 10 19 10 10 11 1 12 5 12 15 12 19 12 15 14 8 15 10 15 4 19 6 19 8 19 10 19 12 19 4 3 8 3 3 4 3 6 3 14 8 17
> BAT2 10 3 12 3 8 7 10 7 12 7 3 8 7 8 13 8 17 8 3 10 7 10 13 10 17 10 3 12 7 12 13 12 17 12 8 13 10 13 12 13 17 14 10 17 12 17 14 17
< RES 1637333210 37 2
< GRENADE
> REQ 1637333210 38 2
> VAMPIRE 1 5 7 3 0 2 0
> VAMPIRE 4 5 17 3 0 2 0
> VAMPIRE 3 17 17 3 0 2 0
> VAMPIRE 2 19 3 3 0 2 0
> GRENADE 3 13 17 1 2
> GRENADE 1 3 7 5 2
> GRENADE 4 5 19 5 2
> GRENADE 2 19 3 5 2
> BAT1 16 1 1 4 19 4 8 5 10 5 12 5 1 6 19 6 1 8 5 8 15 8 19 8 10 9 1 10 5 10 9 10 11 10 15 10 19 10 10 11 1 12 5 12 15 12 19 12 15 14 8 15 10 15 4 19 6 19 8 19 10 19 12 19 4 3 8 3 3 4 3 6 3 14 8 17
> BAT2 10 3 12 3 8 7 10 7 12 7 3 8 7 8 13 8 17 8 3 10 7 10 13 10 17 10 3 12 7 12 13 12 17 12 8 13 10 13 12 13 17 14 10 17 12 17 14 17
< RES 1637333210 38 2
< THROW XR 2
< MOVE U U
> REQ 1637333210 39 2
> VAMPIRE 1 5 5 3 0 2 0
> VAMPIRE 4 3 17 3 0 2 0
> VAMPIRE 3 15 17 3 1 2 0
> VAMPIRE 2 17 3 3 0 2 0
> GRENADE 1 3 7 4 2
> GRENADE 4 5 19 4 2
> GRENADE 2 19 5 4 2
> BAT1 16 1 1 4 19 4 8 5 10 5 12 5 1 6 19 6 1 8 5 8 15 8 19 8 10 9 1 10 5 10 9 10 11 10 15 10 19 10 10 11 1 12 5 12 15 12 19 12 15 14 8 15 10 15 4 19 6 19 8 19 10 19 12 19 4 3 8 3 3 4 3 6 3 14 8 17 12 17 14 17
> BAT2 10 3 12 3 8 7 10 7 12 7 3 8 7 8 13 8 17 8 3 10 7 10 13 10 17 10 3 12 7 12 13 12 17 12 8 13 10 13 12 13 17 14 10 17
< RES 1637333210 39 2
> REQ 1637333210 40 2
> VAMPIRE 1 5 5 3 0 2 0
> VAMPIRE 4 3 17 3 0 2 0
> VAMPIRE 3 15 17 3 0 2 0
> VAMPIRE 2 17 3 3 0 2 0
> GRENADE 1 3 7 3 2
> GRENADE 4 5 19 3 2
> GRENADE 2 19 5 3 2
> GRENADE 3 15 17 5 2
> BAT1 16 1 1 4 19 4 8 5 10 5 12 5 1 6 19 6 1 8 5 8 15 8 19 8 10 9 1 10 5 10 9 10 11 10 15 10 19 10 10 11 1 12 5 12 15 12 19 12 15 14 8 15 10 15 4 19 6 19 8 19 10 19 12 19 4 3 8 3 3 4 3 6 3 14 8 17 12 17 14 17
> BAT2 10 3 12 3 8 7 10 7 12 7 3 8 7 8 13 8 17 8 3 10 7 10 13 10 17 10 3 12 7 12 13 12 17 12 8 13 10 13 12 13 17 14 10 17
< RES 1637333210 40 2
> REQ 1637333210 41 2
> VAMPIRE 1 5 5 3 0 2 0
> VAMPIRE 4 3 17 3 0 2 0
> VAMPIRE 3 17 17 3 0 2 0
> VAMPIRE 2 17 3 3 0 2 0
> GRENADE 1 3 7 2 2
> GRENADE 4 5 19 2 2
> GRENADE 2 19 5 2 2
> GRENADE 3 13 17 4 2
> BAT1 16 1 1 4 19 4 8 5 10 5 12 5 1 6 19 6 1 8 5 8 15 8 19 8 10 9 1 10 5 10 9 10 11 10 15 10 19 10 10 11 1 12 5 12 15 12 19 12 15 14 8 15 10 15 4 19 6 19 8 19 10 19 12 19 4 3 8 3 3 4 3 6 3 14 8 17 12 17 14 17
> BAT2 10 3 12 3 8 7 10 7 12 7 3 8 7 8 13 8 17 8 3 10 7 10 13 10 17 10 3 12 7 12 13 12 17 12 8 13 10 13 12 13 17 14 10 17
< RES 1637333210 41 2
< MOVE U U
> REQ 1637333210 42 2
> VAMPIRE 1 5 3 3 0 2 0
> VAMPIRE 4 3 17 3 0 2 0
> VAMPIRE 3 17 17 3 0 2 0
> VAMPIRE 2 15 3 3 0 2 0
> GRENADE 1 3 7 1 2
> GRENADE 4 5 19 1 2
> GRENADE 2 19 5 1 2
> GRENADE 3 13 17 3 2
> BAT1 16 1 1 4 19 4 8 5 10 5 12 5 1 6 19 6 1 8 5 8 15 8 19 8 10 9 1 10 5 10 9 10 11 10 15 10 19 10 10 11 1 12 5 12 15 12 19 12 15 14 8 15 10 15 4 19 6 19 8 19 10 19 12 19 4 3 8 3 3 4 3 6 3 14 8 17 12 17 14 17
> BAT2 10 3 12 3 8 7 10 7 12 7 3 8 7 8 13 8 17 8 3 10 7 10 13 10 17 10 3 12 7 12 13 12 17 12 8 13 10 13 12 13 17 14 10 17
< RES 1637333210 42 2
< MOVE U U
> REQ 1637333210 43 2
> VAMPIRE 1 6 3 3 1 2 0
> VAMPIRE 4 3 15 3 1 2 0
> VAMPIRE 3 17 17 3 0 2 0
> VAMPIRE 2 13 3 3 1 2 0
> GRENADE 3 13 17 2 2
> BAT1 16 1 1 4 8 5 10 5 12 5 1 6 1 8 5 8 15 8 19 8 10 9 1 10 5 10 9 10 11 10 15 10 19 10 10 11 1 12 5 12 15 12 19 12 15 14 8 15 10 15 8 19 10 19 12 19 4 3 8 3 3 4 3 8 3 14 8 17 12 17 14 17
> BAT2 10 3 12 3 8 7 10 7 12 7 7 8 13 8 17 8 3 10 7 10 13 10 17 10 3 12 7 12 13 12 17 12 8 13 10 13 12 13 17 14 10 17
< RES 1637333210 43 2
< GRENADE
> REQ 1637333210 44 2
> VAMPIRE 1 5 4 3 0 2 0
> VAMPIRE 4 3 15 3 0 2 0
> VAMPIRE 3 17 17 3 0 2 0
> VAMPIRE 2 13 3 3 0 2 0
> GRENADE 3 13 17 1 2
> GRENADE 1 6 3 5 2
> GRENADE 4 3 15 5 2
> GRENADE 2 13 3 5 2
> BAT1 16 1 1 4 8 5 10 5 12 5 1 6 1 8 5 8 15 8 19 8 10 9 1 10 5 10 9 10 11 10 15 10 19 10 10 11 1 12 5 12 15 12 19 12 15 14 8 15 10 15 8 19 10 19 12 19 4 3 8 3 3 4 3 8 3 14 8 17 12 17 14 17
> BAT2 10 3 12 3 8 7 10 7 12 7 7 8 13 8 17 8 3 10 7 10 13 10 17 10 3 12 7 12 13 12 17 12 8 13 10 13 12 13 17 14 10 17
< RES 1637333210 44 2
< THROW XU 2
> REQ 1637333210 45 2
> VAMPIRE 1 5 5 3 0 2 0
> VAMPIRE 4 5 15 3 0 2 0
> VAMPIRE 3 17 15 3 1 2 0
> VAMPIRE 2 13 3 3 0 2 0
> GRENADE 1 6 3 4 2
> GRENADE 4 3 13 4 2
> GRENADE 2 11 3 4 2
> BAT1 16 1 1 4 8 5 10 5 12 5 1 6 1 8 5 8 15 8 19 8 10 9 1 10 5 10 9 10 11 10 15 10 19 10 10 11 1 12 5 12 15 12 19 12 15 14 8 15 10 15 8 19 10 19 12 19 4 3 8 3 3 4 3 8 3 14 8 17
> BAT2 10 3 12 3 8 7 10 7 12 7 7 8 13 8 17 8 3 10 7 10 13 10 17 10 3 12 7 12 13 12 17 12 8 13 10 13 12 13 17 14 10 17
< RES 1637333210 45 2
< MOVE D D
> REQ 1637333210 46 2
> VAMPIRE 1 5 5 3 0 2 0
> VAMPIRE 4 5 15 3 0 2 0
> VAMPIRE 3 17 15 3 0 2 0
> VAMPIRE 2 15 3 3 0 2 0
> GRENADE 1 6 3 3 2
> GRENADE 4 3 13 3 2
> GRENADE 2 11 3 3 2
> GRENADE 3 17 15 5 2
> BAT1 16 1 1 4 8 5 10 5 12 5 1 6 1 8 5 8 15 8 19 8 10 9 1 10 5 10 9 10 11 10 15 10 19 10 10 11 1 12 5 12 15 12 19 12 15 14 8 15 10 15 8 19 10 19 12 19 4 3 8 3 3 4 3 8 3 14 8 17
> BAT2 10 3 12 3 8 7 10 7 12 7 7 8 13 8 17 8 3 10 7 10 13 10 17 10 3 12 7 12 13 12 17 12 8 13 10 13 12 13 17 14 10 17
< RES 1637333210 46 2
> REQ 1637333210 47 2
> VAMPIRE 1 5 5 3 0 2 0
> VAMPIRE 4 5 15 3 0 2 0
> VAMPIRE 3 17 17 3 0 2 0
> VAMPIRE 2 15 3 3 0 2 0
> GRENADE 1 6 3 2 2
> GRENADE 4 3 13 2 2
> GRENADE 2 11 3 2 2
> GRENADE 3 17 13 4 2
> BAT1 16 1 1 4 8 5 10 5 12 5 1 6 1 8 5 8 15 8 19 8 10 9 1 10 5 10 9 10 11 10 15 10 19 10 10 11 1 12 5 12 15 12 19 12 15 14 8 15 10 15 8 19 10 19 12 19 4 3 8 3 3 4 3 8 3 14 8 17
> BAT2 10 3 12 3 8 7 10 7 12 7 7 8 13 8 17 8 3 10 7 10 13 10 17 10 3 12 7 12 13 12 17 12 8 13 10 13 12 13 17 14 10 17
< RES 1637333210 47 2
< MOVE L L
> REQ 1637333210 48 2
> VAMPIRE 1 3 5 3 0 2 0
> VAMPIRE 4 7 15 3 0 2 0
> VAMPIRE 3 17 17 3 0 2 0
> VAMPIRE 2 15 1 3 0 2 0
> GRENADE 1 6 3 1 2
> GRENADE 4 3 13 1 2
> GRENADE 2 11 3 1 2
> GRENADE 3 17 13 3 2
> BAT1 16 1 1 4 8 5 10 5 12 5 1 6 1 8 5 8 15 8 19 8 10 9 1 10 5 10 9 10 11 10 15 10 19 10 10 11 1 12 5 12 15 12 19 12 15 14 8 15 10 15 8 19 10 19 12 19 4 3 8 3 3 4 3 8 3 14 8 17
> BAT2 10 3 12 3 8 7 10 7 12 7 7 8 13 8 17 8 3 10 7 10 13 10 17 10 3 12 7 12 13 12 17 12 8 13 10 13 12 13 17 14 10 17
< RES 1637333210 48 2
< MOVE U
> REQ 1637333210 49 2
> VAMPIRE 1 3 6 3 1 2 0
> VAMPIRE 4 7 13 3 1 2 0
> VAMPIRE 3 17 17 3 0 2 0
> VAMPIRE 2 14 1 3 1 2 0
> GRENADE 3 17 13 2 2
> BAT1 16 1 1 4 8 5 10 5 12 5 1 6 1 8 5 8 15 8 19 8 10 9 1 10 5 10 9 10 11 10 15 10 19 10 10 11 1 12 5 12 15 12 19 12 15 14 8 15 10 15 8 19 10 19 12 19 10 3 12 3 3 4 3 8 3 12 8 17
> BAT2 8 7 10 7 12 7 7 8 13 8 17 8 3 10 7 10 13 10 17 10 7 12 13 12 17 12 8 13 10 13 12 13 17 14 10 17
< RES 1637333210 49 2
< GRENADE
< MOVE D R
> REQ 1637333210 50 2
> VAMPIRE 1 4 5 3 0 2 0
> VAMPIRE 4 7 13 3 0 2 0
> VAMPIRE 3 17 17 3 0 2 0
> VAMPIRE 2 15 2 3 0 2 0
> GRENADE 3 17 13 1 2
> GRENADE 1 3 6 5 2
> GRENADE 4 7 13 5 2
> GRENADE 2 14 1 5 2
> BAT1 16 1 1 4 8 5 10 5 12 5 1 6 1 8 5 8 15 8 19 8 10 9 1 10 5 10 9 10 11 10 15 10 19 10 10 11 1 12 5 12 15 12 19 12 15 14 8 15 10 15 8 19 10 19 12 19 10 3 12 3 3 4 3 8 3 12 8 17
> BAT2 8 7 10 7 12 7 7 8 13 8 17 8 3 10 7 10 13 10 17 10 7 12 13 12 17 12 8 13 10 13 12 13 17 14 10 17
< RES 1637333210 50 2
< MOVE R
> REQ 1637333210 51 2
> VAMPIRE 1 5 5 3 0 2 0
> VAMPIRE 4 5 13 3 0 2 0
> VAMPIRE 3 17 15 3 1 2 0
> VAMPIRE 2 15 3 3 0 2 0
> GRENADE 1 3 6 4 2
> GRENADE 4 7 11 4 2
> GRENADE 2 14 1 4 2
> BAT1 16 1 1 4 8 5 10 5 12 5 1 6 1 8 5 8 15 8 19 8 10 9 1 10 5 10 9 10 11 10 15 10 19 10 10 11 1 12 5 12 15 12 19 12 15 14 8 15 10 15 8 19 10 19 12 19 10 3 12 3 3 4 3 8 3 12 17 12 17 14 8 17
> BAT2 8 7 10 7 12 7 7 8 13 8 17 8 3 10 7 10 13 10 17 10 7 12 13 12 8 13 10 13 12 13 10 17
< RES 1637333210 51 2
> REQ 1637333210 52 2
> VAMPIRE 1 5 5 3 0 2 0
> VAMPIRE 4 5 15 3 0 2 0
> VAMPIRE 3 17 15 3 0 2 0
> VAMPIRE 2 15 3 3 0 2 0
> GRENADE 1 3 6 3 2
> GRENADE 4 7 11 3 2
> GRENADE 2 14 1 3 2
> GRENADE 3 17 15 5 2
> BAT1 16 1 1 4 8 5 10 5 12 5 1 6 1 8 5 8 15 8 19 8 10 9 1 10 5 10 9 10 11 10 15 10 19 10 10 11 1 12 5 12 15 12 19 12 15 14 8 15 10 15 8 19 10 19 12 19 10 3 12 3 3 4 3 8 3 12 17 12 17 14 8 17
> BAT2 8 7 10 7 12 7 7 8 13 8 17 8 3 10 7 10 13 10 17 10 7 12 13 12 8 13 10 13 12 13 10 17
< RES 1637333210 52 2
> REQ 1637333210 53 2
> VAMPIRE 1 5 5 3 0 2 0
> VAMPIRE 4 5 15 3 0 2 0
> VAMPIRE 3 17 17 3 0 2 0
> VAMPIRE 2 15 3 3 0 2 0
> GRENADE 1 3 6 2 2
> GRENADE 4 7 11 2 2
> GRENADE 2 14 1 2 2
> GRENADE 3 17 13 4 2
> BAT1 16 1 1 4 8 5 10 5 12 5 1 6 1 8 5 8 15 8 19 8 10 9 1 10 5 10 9 10 11 10 15 10 19 10 10 11 1 12 5 12 15 12 19 12 15 14 8 15 10 15 8 19 10 19 12 19 10 3 12 3 3 4 3 8 3 12 17 12 17 14 8 17
> BAT2 8 7 10 7 12 7 7 8 13 8 17 8 3 10 7 10 13 10 17 10 7 12 13 12 8 13 10 13 12 13 10 17
< RES 1637333210 53 2
> REQ 1637333210 54 2
> VAMPIRE 1 7 5 3 0 2 0
> VAMPIRE 4 7 15 3 0 2 0
> VAMPIRE 3 17 17 3 0 2 0
> VAMPIRE 2 15 3 3 0 2 0
> GRENADE 1 3 6 1 2
> GRENADE 4 7 11 1 2
> GRENADE 2 14 1 1 2
> GRENADE 3 17 13 3 2
> BAT1 16 1 1 4 8 5 10 5 12 5 1 6 1 8 5 8 15 8 19 8 10 9 1 10 5 10 9 10 11 10 15 10 19 10 10 11 1 12 5 12 15 12 19 12 15 14 8 15 10 15 8 19 10 19 12 19 10 3 12 3 3 4 3 8 3 12 17 12 17 14 8 17
> BAT2 8 7 10 7 12 7 7 8 13 8 17 8 3 10 7 10 13 10 17 10 7 12 13 12 8 13 10 13 12 13 10 17
< RES 1637333210 54 2
< MOVE U U
> REQ 1637333210 55 2
> VAMPIRE 1 7 7 3 1 2 0
> VAMPIRE 4 7 13 3 1 2 0
> VAMPIRE 3 17 17 3 0 2 0
> VAMPIRE 2 13 3 3 1 2 0
> GRENADE 3 17 13 2 2
> BAT1 1 4 8 5 10 5 12 5 1 6 1 8 5 8 15 8 19 8 10 9 1 10 5 10 9 10 11 10 15 10 19 10 10 11 1 12 5 12 15 12 19 12 15 14 8 15 10 15 8 19 10 19 12 19 10 3 12 3 7 10 3 12 7 12 17 12 17 14 8 17
> BAT2 8 7 10 7 12 7 7 8 13 8 17 8 3 10 13 10 17 10 13 12 8 13 10 13 12 13 10 17
< RES 1637333210 55 2
< GRENADE
> REQ 1637333210 56 2
> VAMPIRE 1 5 7 3 0 2 0
> VAMPIRE 4 7 13 3 0 2 0
> VAMPIRE 3 15 17 3 0 2 0
> VAMPIRE 2 13 3 3 0 2 0
> GRENADE 3 17 13 1 2
> GRENADE 1 7 7 5 2
> GRENADE 4 7 13 5 2
> GRENADE 2 13 3 5 2
> BAT1 1 4 8 5 10 5 12 5 1 6 1 8 5 8 15 8 19 8 10 9 1 10 5 10 9 10 11 10 15 10 19 10 10 11 1 12 5 12 15 12 19 12 15 14 8 15 10 15 8 19 10 19 12 19 10 3 12 3 7 10 3 12 7 12 17 12 17 14 8 17
> BAT2 8 7 10 7 12 7 7 8 13 8 17 8 3 10 13 10 17 10 13 12 8 13 10 13 12 13 10 17
< RES 1637333210 56 2
< THROW XU 2
< MOVE D D
> REQ 1637333210 57 2
> VAMPIRE 1 6 7 3 0 2 0
> VAMPIRE 4 5 13 3 0 2 0
> VAMPIRE 3 15 15 3 1 2 0
> VAMPIRE 2 15 3 3 0 2 0
> GRENADE 1 7 7 4 2
> GRENADE 4 7 11 4 2
> GRENADE 2 11 3 4 2
> BAT1 1 4 8 5 10 5 12 5 1 6 1 8 5 8 15 8 19 8 10 9 1 10 5 10 9 10 11 10 15 10 19 10 10 11 1 12 5 12 15 12 19 12 15 14 8 15 10 15 8 19 10 19 12 19 10 3 12 3 7 10 3 12 7 12 8 17
> BAT2 8 7 10 7 12 7 7 8 13 8 17 8 3 10 13 10 17 10 13 12 8 13 10 13 12 13 10 17
< RES 1637333210 57 2
> REQ 1637333210 58 2
> VAMPIRE 1 5 7 3 0 2 0
> VAMPIRE 4 5 15 3 0 2 0
> VAMPIRE 3 15 15 3 0 2 0
> VAMPIRE 2 15 3 3 0 2 0
> GRENADE 1 9 7 3 2
> GRENADE 4 7 11 3 2
> GRENADE 2 11 3 3 2
> GRENADE 3 15 15 5 2
> BAT1 1 4 8 5 10 5 12 5 1 6 1 8 5 8 15 8 19 8 10 9 1 10 5 10 9 10 11 10 15 10 19 10 10 11 1 12 5 12 15 12 19 12 15 14 8 15 10 15 8 19 10 19 12 19 10 3 12 3 7 10 3 12 7 12 8 17
> BAT2 8 7 10 7 12 7 7 8 13 8 17 8 3 10 13 10 17 10 13 12 8 13 10 13 12 13 10 17
< RES 1637333210 58 2
> REQ 1637333210 59 2
> VAMPIRE 1 3 7 3 0 2 0
> VAMPIRE 4 5 15 3 0 2 0
> VAMPIRE 3 13 15 3 0 2 0
> VAMPIRE 2 15 3 3 0 2 0
> GRENADE 1 9 7 2 2
> GRENADE 4 7 11 2 2
> GRENADE 2 11 3 2 2
> GRENADE 3 15 13 4 2
> BAT1 1 4 8 5 10 5 12 5 1 6 1 8 5 8 15 8 19 8 10 9 1 10 5 10 9 10 11 10 15 10 19 10 10 11 1 12 5 12 15 12 19 12 15 14 8 15 10 15 8 19 10 19 12 19 10 3 12 3 7 10 3 12 7 12 8 17
> BAT2 8 7 10 7 12 7 7 8 13 8 17 8 3 10 13 10 17 10 13 12 8 13 10 13 12 13 10 17
< RES 1637333210 59 2
< MOVE R R
> REQ 1637333210 60 2
> VAMPIRE 1 3 9 3 0 2 0
> VAMPIRE 4 5 15 3 0 2 0
> VAMPIRE 3 13 15 3 0 2 0
> VAMPIRE 2 15 5 3 0 2 0
> GRENADE 1 9 7 1 2
> GRENADE 4 7 11 1 2
> GRENADE 2 11 3 1 2
> GRENADE 3 15 13 3 2
> BAT1 1 4 8 5 10 5 12 5 1 6 1 8 5 8 15 8 19 8 10 9 1 10 5 10 9 10 11 10 15 10 19 10 10 11 1 12 5 12 15 12 19 12 15 14 8 15 10 15 8 19 10 19 12 19 10 3 12 3 7 10 3 12 7 12 8 17
> BAT2 8 7 10 7 12 7 7 8 13 8 17 8 3 10 13 10 17 10 13 12 8 13 10 13 12 13 10 17
< RES 1637333210 60 2
< MOVE U U
> REQ 1637333210 61 2
> VAMPIRE 1 5 9 3 1 2 0
> VAMPIRE 4 7 15 3 1 2 0
> VAMPIRE 3 11 15 3 0 2 0
> VAMPIRE 2 13 5 3 1 2 0
> GRENADE 3 15 13 2 2
> BAT1 1 4 8 5 10 5 12 5 1 6 1 8 5 8 15 8 19 8 10 9 1 10 5 10 9 10 11 10 15 10 19 10 10 11 1 12 5 12 15 12 19 12 15 14 8 15 10 15 8 19 10 19 12 19 8 7 10 7 3 12 8 17
> BAT2 12 7 7 8 13 8 17 8 3 10 13 10 17 10 13 12 8 13 10 13 12 13 10 17
< RES 1637333210 61 2
< GRENADE
> REQ 1637333210 62 2
> VAMPIRE 1 3 9 3 0 2 0
> VAMPIRE 4 7 15 3 0 2 0
> VAMPIRE 3 11 13 3 0 2 0
> VAMPIRE 2 13 5 3 0 2 0
> GRENADE 3 15 13 1 2
> GRENADE 1 5 9 5 2
> GRENADE 4 7 15 5 2
> GRENADE 2 13 5 5 2
> BAT1 1 4 8 5 10 5 12 5 1 6 1 8 5 8 15 8 19 8 10 9 1 10 5 10 9 10 11 10 15 10 19 10 10 11 1 12 5 12 15 12 19 12 15 14 8 15 10 15 8 19 10 19 12 19 8 7 10 7 3 12 8 17
> BAT2 12 7 7 8 13 8 17 8 3 10 13 10 17 10 13 12 8 13 10 13 12 13 10 17
< RES 1637333210 62 2
< THROW XU 2
< MOVE D D
> REQ 1637333210 63 2
> VAMPIRE 1 3 7 3 0 2 0
> VAMPIRE 4 7 15 3 0 2 0
> VAMPIRE 3 11 11 3 1 2 0
> VAMPIRE 2 15 5 3 0 2 0
> GRENADE 1 5 9 4 2
> GRENADE 4 9 15 4 2
> GRENADE 2 11 5 4 2
> BAT1 1 4 8 5 10 5 12 5 1 6 1 8 5 8 15 8 19 8 10 9 1 10 5 10 9 10 11 10 15 10 19 10 10 11 1 12 5 12 19 12 8 15 10 15 8 19 10 19 12 19 8 7 10 7 3 12 8 17
> BAT2 12 7 7 8 13 8 17 8 3 10 13 10 17 10 13 12 8 13 10 13 12 13 10 17
< RES 1637333210 63 2
> REQ 1637333210 64 2
> VAMPIRE 1 3 7 3 0 2 0
> VAMPIRE 4 5 15 3 0 2 0
> VAMPIRE 3 13 11 3 0 2 0
> VAMPIRE 2 15 5 3 0 2 0
> GRENADE 1 5 9 3 2
> GRENADE 4 9 15 3 2
> GRENADE 2 11 5 3 2
> GRENADE 3 11 11 5 2
> BAT1 1 4 8 5 10 5 12 5 1 6 1 8 5 8 15 8 19 8 10 9 1 10 5 10 9 10 11 10 15 10 19 10 10 11 1 12 5 12 19 12 8 15 10 15 8 19 10 19 12 19 8 7 10 7 3 12 8 17
> BAT2 12 7 7 8 13 8 17 8 3 10 13 10 17 10 13 12 8 13 10 13 12 13 10 17
< RES 1637333210 64 2
> REQ 1637333210 65 2
> VAMPIRE 1 3 7 3 0 2 0
> VAMPIRE 4 5 15 3 0 2 0
> VAMPIRE 3 15 11 3 0 2 0
> VAMPIRE 2 15 5 3 0 2 0
> GRENADE 1 5 9 2 2
> GRENADE 4 9 15 2 2
> GRENADE 2 11 5 2 2
> GRENADE 3 11 11 4 2
> BAT1 1 4 8 5 10 5 12 5 1 6 1 8 5 8 15 8 19 8 10 9 1 10 5 10 9 10 11 10 15 10 19 10 10 11 1 12 5 12 19 12 8 15 10 15 8 19 10 19 12 19 8 7 10 7 3 12 8 17
> BAT2 12 7 7 8 13 8 17 8 3 10 13 10 17 10 13 12 8 13 10 13 12 13 10 17
< RES 1637333210 65 2
< MOVE R R
> REQ 1637333210 66 2
> VAMPIRE 1 5 7 3 0 2 0
> VAMPIRE 4 5 15 3 0 2 0
> VAMPIRE 3 15 13 3 0 2 0
> VAMPIRE 2 15 7 3 0 2 0
> GRENADE 1 5 9 1 2
> GRENADE 4 9 15 1 2
> GRENADE 2 11 5 1 2
> GRENADE 3 11 11 3 2
> BAT1 1 4 8 5 10 5 12 5 1 6 1 8 5 8 15 8 19 8 10 9 1 10 5 10 9 10 11 10 15 10 19 10 10 11 1 12 5 12 19 12 8 15 10 15 8 19 10 19 12 19 8 7 10 7 3 12 8 17
> BAT2 12 7 7 8 13 8 17 8 3 10 13 10 17 10 13 12 8 13 10 13 12 13 10 17
< RES 1637333210 66 2
< MOVE U U
> REQ 1637333210 67 2
> VAMPIRE 1 7 7 3 1 2 0
> VAMPIRE 4 5 14 3 1 2 0
> VAMPIRE 3 15 13 3 0 2 0
> VAMPIRE 2 13 7 3 1 2 0
> GRENADE 3 11 11 2 2
> BAT1 1 4 8 5 1 6 1 8 15 8 19 8 10 9 1 10 9 10 11 10 15 10 19 10 10 11 1 12 5 12 19 12 8 19 10 19 12 19 8 7 10 7 3 12 8 17
> BAT2 12 7 7 8 13 8 17 8 3 10 13 10 17 10 13 12 8 13 10 13 12 13 10 17
< RES 1637333210 67 2
< GRENADE
< MOVE L L
> REQ 1637333210 68 2
> VAMPIRE 1 5 7 3 0 2 0
> VAMPIRE 4 6 15 3 0 2 0
> VAMPIRE 3 15 13 3 0 2 0
> VAMPIRE 2 13 5 3 0 2 0
> GRENADE 3 11 11 1 2
> GRENADE 1 7 7 5 2
> GRENADE 4 5 14 5 2
> GRENADE 2 13 7 5 2
> BAT1 1 4 8 5 1 6 1 8 15 8 19 8 10 9 1 10 9 10 11 10 15 10 19 10 10 11 1 12 5 12 19 12 8 19 10 19 12 19 8 7 10 7 3 12 8 17
> BAT2 12 7 7 8 13 8 17 8 3 10 13 10 17 10 13 12 8 13 10 13 12 13 10 17
< RES 1637333210 68 2
< MOVE D D
> REQ 1637333210 69 2
> VAMPIRE 1 3 7 3 0 2 0
> VAMPIRE 4 7 15 3 0 2 0
> VAMPIRE 3 13 13 3 1 2 0
> VAMPIRE 2 15 5 3 0 2 0
> GRENADE 1 7 7 4 2
> GRENADE 4 5 14 4 2
> GRENADE 2 13 7 4 2
> BAT1 1 4 8 5 1 6 1 8 15 8 19 8 10 9 1 10 9 10 15 10 19 10 1 12 5 12 19 12 8 19 10 19 12 19 8 7 10 7 3 12 8 17
> BAT2 12 7 7 8 13 8 17 8 3 10 13 10 17 10 13 12 8 13 10 13 12 13 10 17
< RES 1637333210 69 2
> REQ 1637333210 70 2
> VAMPIRE 1 3 7 3 0 2 0
> VAMPIRE 4 7 15 3 0 2 0
> VAMPIRE 3 13 15 3 0 2 0
> VAMPIRE 2 15 5 3 0 2 0
> GRENADE 1 7 7 3 2
> GRENADE 4 5 14 3 2
> GRENADE 2 13 7 3 2
> GRENADE 3 13 13 5 2
> BAT1 1 4 8 5 1 6 1 8 15 8 19 8 10 9 1 10 9 10 15 10 19 10 1 12 5 12 19 12 8 19 10 19 12 19 8 7 10 7 3 12 8 17
> BAT2 12 7 7 8 13 8 17 8 3 10 13 10 17 10 13 12 8 13 10 13 12 13 10 17
< RES 1637333210 70 2
> REQ 1637333210 71 2
> VAMPIRE 1 3 7 3 0 2 0
> VAMPIRE 4 7 15 3 0 2 0
> VAMPIRE 3 13 17 3 0 2 0
> VAMPIRE 2 15 5 3 0 2 0
> GRENADE 1 7 7 2 2
> GRENADE 4 5 14 2 2
> GRENADE 2 13 7 2 2
> GRENADE 3 13 13 4 2
> BAT1 1 4 8 5 1 6 1 8 15 8 19 8 10 9 1 10 9 10 15 10 19 10 1 12 5 12 19 12 8 19 10 19 12 19 8 7 10 7 3 12 8 17
> BAT2 12 7 7 8 13 8 17 8 3 10 13 10 17 10 13 12 8 13 10 13 12 13 10 17
< RES 1637333210 71 2
> REQ 1637333210 72 2
> VAMPIRE 1 2 7 3 0 2 0
> VAMPIRE 4 9 15 3 0 2 0
> VAMPIRE 3 13 17 3 0 2 0
> VAMPIRE 2 15 5 3 0 2 0
> GRENADE 1 7 7 1 2
> GRENADE 4 5 14 1 2
> GRENADE 2 13 7 1 2
> GRENADE 3 13 13 3 2
> BAT1 1 4 8 5 1 6 1 8 15 8 19 8 10 9 1 10 9 10 15 10 19 10 1 12 5 12 19 12 8 19 10 19 12 19 8 7 10 7 3 12 8 17
> BAT2 12 7 7 8 13 8 17 8 3 10 13 10 17 10 13 12 8 13 10 13 12 13 10 17
< RES 1637333210 72 2
< MOVE R R
> REQ 1637333210 73 2
> VAMPIRE 1 1 7 3 1 2 0
> VAMPIRE 4 9 13 3 1 2 0
> VAMPIRE 3 13 17 3 0 2 0
> VAMPIRE 2 15 7 3 1 2 0
> GRENADE 3 13 13 2 2
> BAT1 1 4 8 5 1 6 1 8 15 8 19 8 10 9 1 10 9 10 15 10 19 10 1 12 19 12 8 19 10 19 12 19 10 7 12 7 7 8 13 8 3 12 8 17
> BAT2 17 8 3 10 13 10 17 10 13 12 8 13 10 13 12 13 10 17
< RES 1637333210 73 2
< GRENADE
> REQ 1637333210 74 2
> VAMPIRE 1 1 7 3 0 2 0
> VAMPIRE 4 9 15 3 0 2 0
> VAMPIRE 3 11 17 3 0 2 0
> VAMPIRE 2 15 7 3 0 2 0
> GRENADE 3 13 13 1 2
> GRENADE 1 1 7 5 2
> GRENADE 4 9 13 5 2
> GRENADE 2 15 7 5 2
> BAT1 1 4 8 5 1 6 1 8 15 8 19 8 10 9 1 10 9 10 15 10 19 10 1 12 19 12 8 19 10 19 12 19 10 7 12 7 7 8 13 8 3 12 8 17
> BAT2 17 8 3 10 13 10 17 10 13 12 8 13 10 13 12 13 10 17
< RES 1637333210 74 2
< THROW XU 2
< MOVE U
> REQ 1637333210 75 2
> VAMPIRE 1 3 7 3 0 2 0
> VAMPIRE 4 7 15 3 0 2 0
> VAMPIRE 3 11 19 3 1 2 0
> VAMPIRE 2 14 7 3 0 2 0
> GRENADE 1 1 5 4 2
> GRENADE 4 9 13 4 2
> GRENADE 2 13 7 4 2
> BAT1 1 4 8 5 1 6 1 8 15 8 19 8 10 9 1 10 9 10 15 10 19 10 1 12 19 12 8 19 10 19 12 19 10 7 12 7 7 8 13 8 3 12 13 12 12 13 8 17
> BAT2 17 8 3 10 13 10 17 10 8 13 10 13 10 17
< RES 1637333210 75 2
< THROW U 2
< MOVE D
> REQ 1637333210 76 2
> VAMPIRE 1 3 7 3 0 2 0
> VAMPIRE 4 7 15 3 0 2 0
> VAMPIRE 3 11 17 3 0 2 0
> VAMPIRE 2 15 7 3 0 2 0
> GRENADE 1 1 5 3 2
> GRENADE 4 9 13 3 2
> GRENADE 2 11 7 3 2
> GRENADE 3 11 19 5 2
> BAT1 1 4 8 5 1 6 1 8 15 8 19 8 10 9 1 10 9 10 15 10 19 10 1 12 19 12 8 19 10 19 12 19 10 7 12 7 7 8 13 8 3 12 13 12 12 13 8 17
> BAT2 17 8 3 10 13 10 17 10 8 13 10 13 10 17
< RES 1637333210 76 2
< MOVE L L
> REQ 1637333210 77 2
> VAMPIRE 1 3 7 3 0 2 0
> VAMPIRE 4 7 15 3 0 2 0
> VAMPIRE 3 13 17 3 0 2 0
> VAMPIRE 2 15 5 3 0 2 0
> GRENADE 1 1 5 2 2
> GRENADE 4 9 13 2 2
> GRENADE 2 11 7 2 2
> GRENADE 3 11 19 4 2
> BAT1 1 4 8 5 1 6 1 8 15 8 19 8 10 9 1 10 9 10 15 10 19 10 1 12 19 12 8 19 10 19 12 19 10 7 12 7 7 8 13 8 3 12 13 12 12 13 8 17
> BAT2 17 8 3 10 13 10 17 10 8 13 10 13 10 17
< RES 1637333210 77 2
> REQ 1637333210 78 2
> VAMPIRE 1 3 9 3 0 2 0
> VAMPIRE 4 7 13 3 0 2 0
> VAMPIRE 3 13 17 3 0 2 0
> VAMPIRE 2 15 5 3 0 2 0
> GRENADE 1 1 5 1 2
> GRENADE 4 9 13 1 2
> GRENADE 2 11 7 1 2
> GRENADE 3 11 19 3 2
> BAT1 1 4 8 5 1 6 1 8 15 8 19 8 10 9 1 10 9 10 15 10 19 10 1 12 19 12 8 19 10 19 12 19 10 7 12 7 7 8 13 8 3 12 13 12 12 13 8 17
> BAT2 17 8 3 10 13 10 17 10 8 13 10 13 10 17
< RES 1637333210 78 2
< MOVE R R
> REQ 1637333210 79 2
> VAMPIRE 1 1 9 3 1 2 0
> VAMPIRE 4 7 13 3 1 2 0
> VAMPIRE 3 13 17 3 0 2 0
> VAMPIRE 2 15 7 3 1 2 0
> GRENADE 3 11 19 2 2
> BAT1 8 5 1 8 15 8 19 8 10 9 1 10 9 10 15 10 19 10 1 12 19 12 8 19 10 19 12 19 7 8 13 8 3 12 13 12 8 13 10 13 12 13 8 17
> BAT2 17 8 3 10 13 10 17 10 10 17
< RES 1637333210 79 2
< GRENADE
> REQ 1637333210 80 2
> VAMPIRE 1 3 9 3 0 2 0
> VAMPIRE 4 7 13 3 0 2 0
> VAMPIRE 3 13 15 3 0 2 0
> VAMPIRE 2 15 7 3 0 2 0
> GRENADE 3 11 19 1 2
> GRENADE 1 1 9 5 2
> GRENADE 4 7 13 5 2
> GRENADE 2 15 7 5 2
> BAT1 8 5 1 8 15 8 19 8 10 9 1 10 9 10 15 10 19 10 1 12 19 12 8 19 10 19 12 19 7 8 13 8 3 12 13 12 8 13 10 13 12 13 8 17
> BAT2 17 8 3 10 13 10 17 10 10 17
< RES 1637333210 80 2
< THROW XR 2
< MOVE L L
> REQ 1637333210 81 2
> VAMPIRE 1 5 9 3 0 2 0
> VAMPIRE 4 7 11 3 0 2 0
> VAMPIRE 3 13 13 3 1 2 0
> VAMPIRE 2 15 5 3 0 2 0
> GRENADE 1 1 9 4 2
> GRENADE 4 9 13 4 2
> GRENADE 2 15 9 4 2
> BAT1 8 5 1 8 15 8 19 8 10 9 1 10 9 10 15 10 19 10 1 12 19 12 8 19 7 8 13 8 3 12 13 12 8 13 10 13 12 13 8 17
> BAT2 17 8 3 10 13 10 17 10 10 17
< RES 1637333210 81 2
> REQ 1637333210 82 2
> VAMPIRE 1 5 7 3 0 2 0
> VAMPIRE 4 7 13 3 0 2 0
> VAMPIRE 3 15 13 3 0 2 0
> VAMPIRE 2 15 5 3 0 2 0
> GRENADE 1 1 9 3 2
> GRENADE 4 9 13 3 2
> GRENADE 2 15 9 3 2
> GRENADE 3 13 13 5 2
> BAT1 8 5 1 8 15 8 19 8 10 9 1 10 9 10 15 10 19 10 1 12 19 12 8 19 7 8 13 8 3 12 13 12 8 13 10 13 12 13 8 17
> BAT2 17 8 3 10 13 10 17 10 10 17
< RES 1637333210 82 2
> REQ 1637333210 83 2
> VAMPIRE 1 5 7 3 0 2 0
> VAMPIRE 4 5 13 3 0 2 0
> VAMPIRE 3 17 13 3 0 2 0
> VAMPIRE 2 15 5 3 0 2 0
> GRENADE 1 1 9 2 2
> GRENADE 4 9 13 2 2
> GRENADE 2 15 9 2 2
> GRENADE 3 13 13 4 2
> BAT1 8 5 1 8 15 8 19 8 10 9 1 10 9 10 15 10 19 10 1 12 19 12 8 19 7 8 13 8 3 12 13 12 8 13 10 13 12 13 8 17
> BAT2 17 8 3 10 13 10 17 10 10 17
< RES 1637333210 83 2
< MOVE U U
> REQ 1637333210 84 2
> VAMPIRE 1 5 5 3 0 2 0
> VAMPIRE 4 5 11 3 0 2 0
> VAMPIRE 3 17 13 3 0 2 0
> VAMPIRE 2 13 5 3 0 2 0
> GRENADE 1 1 9 1 2
> GRENADE 4 9 13 1 2
> GRENADE 2 15 9 1 2
> GRENADE 3 13 13 3 2
> BAT1 8 5 1 8 15 8 19 8 10 9 1 10 9 10 15 10 19 10 1 12 19 12 8 19 7 8 13 8 3 12 13 12 8 13 10 13 12 13 8 17
> BAT2 17 8 3 10 13 10 17 10 10 17
< RES 1637333210 84 2
< MOVE R R
> REQ 1637333210 85 2
> VAMPIRE 1 6 5 3 1 2 0
> VAMPIRE 4 3 11 3 1 2 0
> VAMPIRE 3 17 13 3 0 2 0
> VAMPIRE 2 13 7 3 1 2 0
> GRENADE 3 13 13 2 2
> BAT1 8 5 19 8 10 9 9 10 19 10 1 12 19 12 8 19 7 8 13 8 3 12 13 12 12 13 8 17
> BAT2 17 8 3 10 13 10 17 10 10 17
< RES 1637333210 85 2
< GRENADE
> REQ 1637333210 86 2
> VAMPIRE 1 7 4 3 0 2 0
> VAMPIRE 4 5 11 3 0 2 0
> VAMPIRE 3 17 11 3 0 2 0
> VAMPIRE 2 13 7 3 0 2 0
> GRENADE 3 13 13 1 2
> GRENADE 1 6 5 5 2
> GRENADE 4 3 11 5 2
> GRENADE 2 13 7 5 2
> BAT1 8 5 19 8 10 9 9 10 19 10 1 12 19 12 8 19 7 8 13 8 3 12 13 12 12 13 8 17
> BAT2 17 8 3 10 13 10 17 10 10 17
< RES 1637333210 86 2
< THROW XR 2
< MOVE U U
> REQ 1637333210 87 2
> VAMPIRE 1 7 3 3 0 2 0
> VAMPIRE 4 5 9 3 0 2 0
> VAMPIRE 3 19 11 3 1 2 0
> VAMPIRE 2 11 7 3 0 2 0
> GRENADE 1 6 5 4 2
> GRENADE 4 3 11 4 2
> GRENADE 2 13 9 4 2
> BAT1 8 5 19 8 10 9 9 10 19 10 1 12 19 12 8 19 7 8 13 8 3 12 8 17
> BAT2 17 8 3 10 13 10 17 10 10 17
< RES 1637333210 87 2
> REQ 1637333210 88 2
> VAMPIRE 1 7 3 3 0 2 0
> VAMPIRE 4 5 9 3 0 2 0
> VAMPIRE 3 17 11 3 0 2 0
> VAMPIRE 2 11 7 3 0 2 0
> GRENADE 1 6 5 3 2
> GRENADE 4 3 11 3 2
> GRENADE 2 13 9 3 2
> GRENADE 3 19 11 5 2
> BAT1 8 5 19 8 10 9 9 10 19 10 1 12 19 12 8 19 7 8 13 8 3 12 8 17
> BAT2 17 8 3 10 13 10 17 10 10 17
< RES 1637333210 88 2
> REQ 1637333210 89 2
> VAMPIRE 1 7 3 3 0 2 0
> VAMPIRE 4 5 9 3 0 2 0
> VAMPIRE 3 15 11 3 0 2 0
> VAMPIRE 2 11 7 3 0 2 0
> GRENADE 1 6 5 2 2
> GRENADE 4 3 11 2 2
> GRENADE 2 13 9 2 2
> GRENADE 3 19 11 4 2
> BAT1 8 5 19 8 10 9 9 10 19 10 1 12 19 12 8 19 7 8 13 8 3 12 8 17
> BAT2 17 8 3 10 13 10 17 10 10 17
< RES 1637333210 89 2
< MOVE U U
> REQ 1637333210 90 2
> VAMPIRE 1 7 4 3 0 2 0
> VAMPIRE 4 7 9 3 0 2 0
> VAMPIRE 3 15 11 3 0 2 0
> VAMPIRE 2 9 7 3 0 2 0
> GRENADE 1 6 5 1 2
> GRENADE 4 3 11 1 2
> GRENADE 2 13 9 1 2
> GRENADE 3 19 11 3 2
> BAT1 8 5 19 8 10 9 9 10 19 10 1 12 19 12 8 19 7 8 13 8 3 12 8 17
> BAT2 17 8 3 10 13 10 17 10 10 17
< RES 1637333210 90 2
< MOVE R R
> REQ 1637333210 91 2
> VAMPIRE 1 7 6 3 1 2 0
> VAMPIRE 4 9 9 3 1 2 0
> VAMPIRE 3 15 11 3 0 2 0
> VAMPIRE 2 9 9 3 1 2 0
> GRENADE 3 19 11 2 2
> BAT1 19 8 10 9 9 10 19 10 1 12 19 12 8 19 7 8 3 10 13 10 8 17
> BAT2 17 8 17 10 10 17
< RES 1637333210 91 2
< GRENADE
< MOVE U U
> REQ 1637333210 92 2
> VAMPIRE 1 6 7 3 0 2 0
> VAMPIRE 4 7 9 3 0 2 0
> VAMPIRE 3 15 9 3 0 2 0
> VAMPIRE 2 7 9 3 0 2 0
> GRENADE 3 19 11 1 2
> GRENADE 1 7 6 5 2
> GRENADE 4 9 9 5 2
> GRENADE 2 9 9 5 2
> BAT1 19 8 10 9 9 10 19 10 1 12 19 12 8 19 7 8 3 10 13 10 8 17
> BAT2 17 8 17 10 10 17
< RES 1637333210 92 2
< MOVE R R
> REQ 1637333210 93 2
> VAMPIRE 1 6 7 3 0 2 0
> VAMPIRE 4 7 11 3 0 2 0
> VAMPIRE 3 17 9 3 1 2 0
> VAMPIRE 2 7 11 3 0 2 0
> GRENADE 1 7 6 4 2
> GRENADE 4 9 9 4 2
> GRENADE 2 9 9 4 2
> BAT1 19 8 10 9 9 10 1 12 8 19 7 8 3 10 13 10 8 17
> BAT2 17 8 17 10 10 17
< RES 1637333210 93 2
> REQ 1637333210 94 2
> VAMPIRE 1 5 7 3 0 2 0
> VAMPIRE 4 7 11 3 0 2 0
> VAMPIRE 3 15 9 3 0 2 0
> VAMPIRE 2 7 11 3 0 2 0
> GRENADE 1 7 6 3 2
> GRENADE 4 9 9 3 2
> GRENADE 2 9 9 3 2
> GRENADE 3 17 9 5 2
> BAT1 19 8 10 9 9 10 1 12 8 19 7 8 3 10 13 10 8 17
> BAT2 17 8 17 10 10 17
< RES 1637333210 94 2
> REQ 1637333210 95 2
> VAMPIRE 1 5 7 3 0 2 0
> VAMPIRE 4 7 11 3 0 2 0
> VAMPIRE 3 15 7 3 0 2 0
> VAMPIRE 2 7 11 3 0 2 0
> GRENADE 1 7 6 2 2
> GRENADE 4 9 9 2 2
> GRENADE 2 9 9 2 2
> GRENADE 3 17 9 4 2
> BAT1 19 8 10 9 9 10 1 12 8 19 7 8 3 10 13 10 8 17
> BAT2 17 8 17 10 10 17
< RES 1637333210 95 2
< MOVE U U
> REQ 1637333210 96 2
> VAMPIRE 1 3 7 3 0 2 0
> VAMPIRE 4 5 11 3 0 2 0
> VAMPIRE 3 15 7 3 0 2 0
> VAMPIRE 2 5 11 3 0 2 0
> GRENADE 1 7 6 1 2
> GRENADE 4 9 9 1 2
> GRENADE 2 9 9 1 2
> GRENADE 3 17 9 3 2
> BAT1 19 8 10 9 9 10 1 12 8 19 7 8 3 10 13 10 8 17
> BAT2 17 8 17 10 10 17
< RES 1637333210 96 2
< MOVE U U
> REQ 1637333210 97 2
> VAMPIRE 1 3 8 3 1 2 0
> VAMPIRE 4 3 11 3 1 2 0
> VAMPIRE 3 15 7 3 0 2 0
> VAMPIRE 2 3 11 3 1 2 0
> GRENADE 3 17 9 2 2
> BAT1 19 8 1 12 8 19 3 10 13 10 8 17
> BAT2 17 8 17 10 10 17
< RES 1637333210 97 2
< GRENADE
< MOVE D D
> REQ 1637333210 98 2
> VAMPIRE 1 4 9 3 0 2 0
> VAMPIRE 4 5 11 3 0 2 0
> VAMPIRE 3 13 7 3 0 2 0
> VAMPIRE 2 5 11 3 0 2 0
> GRENADE 3 17 9 1 2
> GRENADE 1 3 8 5 2
> GRENADE 4 3 11 5 2
> GRENADE 2 3 11 5 2
> BAT1 19 8 1 12 8 19 3 10 13 10 8 17
> BAT2 17 8 17 10 10 17
< RES 1637333210 98 2
< MOVE U
> REQ 1637333210 99 2
> VAMPIRE 1 2 9 3 0 2 0
> VAMPIRE 4 4 11 3 0 2 0
> VAMPIRE 3 13 8 3 1 2 0
> VAMPIRE 2 4 11 3 0 2 0
> GRENADE 1 3 8 4 2
> GRENADE 4 3 11 4 2
> GRENADE 2 3 11 4 2
> BAT1 19 8 1 12 8 19 17 8 3 10 13 10 17 10 8 17
> BAT2 10 17
< RES 1637333210 99 2
< THROW U 2
< MOVE D D
> REQ 1637333210 100 2
> VAMPIRE 1 1 9 3 0 2 0
> VAMPIRE 4 6 11 3 0 2 0
> VAMPIRE 3 13 8 3 0 2 0
> VAMPIRE 2 6 11 3 0 2 0
> GRENADE 1 3 8 3 2
> GRENADE 4 1 11 3 2
> GRENADE 2 1 11 3 2
> GRENADE 3 13 8 5 2
> BAT1 19 8 1 12 8 19 17 8 3 10 13 10 17 10 8 17
> BAT2 10 17
< RES 1637333210 100 2
> REQ 1637333210 101 2
> VAMPIRE 1 1 7 3 0 2 0
> VAMPIRE 4 6 11 3 0 2 0
> VAMPIRE 3 13 7 3 0 2 0
> VAMPIRE 2 6 11 3 0 2 0
> GRENADE 1 3 8 2 2
> GRENADE 4 1 11 2 2
> GRENADE 2 1 11 2 2
> GRENADE 3 13 11 4 2
> BAT1 19 8 1 12 8 19 17 8 3 10 13 10 17 10 8 17
> BAT2 10 17
< RES 1637333210 101 2
> REQ 1637333210 102 2
> VAMPIRE 1 1 7 3 0 2 0
> VAMPIRE 4 6 11 3 0 2 0
> VAMPIRE 3 13 7 3 0 2 0
> VAMPIRE 2 6 11 3 0 2 0
> GRENADE 1 3 8 1 2
> GRENADE 4 1 11 1 2
> GRENADE 2 1 11 1 2
> GRENADE 3 13 11 3 2
> BAT1 19 8 1 12 8 19 17 8 3 10 13 10 17 10 8 17
> BAT2 10 17
< RES 1637333210 102 2
> REQ 1637333210 103 2
> VAMPIRE 1 3 7 3 1 2 0
> VAMPIRE 4 6 11 3 1 2 0
> VAMPIRE 3 13 7 3 0 2 0
> VAMPIRE 2 6 11 3 1 2 0
> GRENADE 3 13 11 2 2
> BAT1 19 8 8 19 17 8 13 10 17 10 8 17
> BAT2 10 17
< RES 1637333210 103 2
> REQ 1637333210 104 2
> VAMPIRE 1 5 7 3 1 2 0
> VAMPIRE 4 6 11 3 1 2 0
> VAMPIRE 3 15 7 3 0 2 0
> VAMPIRE 2 6 11 3 1 2 0
> GRENADE 3 13 11 1 2
> BAT1 19 8 8 19 17 8 13 10 17 10 8 17
> BAT2 10 17
< RES 1637333210 104 2
> REQ 1637333210 105 2
> VAMPIRE 1 7 7 3 1 2 0
> VAMPIRE 4 6 11 3 1 2 0
> VAMPIRE 3 17 7 3 1 2 0
> VAMPIRE 2 6 11 3 1 2 0
> BAT1 19 8 8 19 17 8 17 10 8 17
> BAT2 10 17
< RES 1637333210 105 2
> REQ 1637333210 106 2
> VAMPIRE 1 9 7 3 1 2 0
> VAMPIRE 4 6 11 3 1 2 0
> VAMPIRE 3 17 7 3 0 2 0
> VAMPIRE 2 6 11 3 1 2 0
> GRENADE 3 17 7 5 2
> BAT1 19 8 8 19 17 8 17 10 8 17
> BAT2 10 17
< RES 1637333210 106 2
> REQ 1637333210 107 2
> VAMPIRE 1 11 7 3 1 2 0
> VAMPIRE 4 6 11 3 1 2 0
> VAMPIRE 3 15 7 3 0 2 0
> VAMPIRE 2 6 11 3 1 2 0
> GRENADE 3 17 9 4 2
> BAT1 19 8 8 19 17 8 17 10 8 17
> BAT2 10 17
< RES 1637333210 107 2
> REQ 1637333210 108 2
> VAMPIRE 1 11 7 3 1 2 0
> VAMPIRE 4 6 11 3 1 2 0
> VAMPIRE 3 15 5 3 0 2 0
> VAMPIRE 2 6 11 3 1 2 0
> GRENADE 3 17 9 3 2
> BAT1 19 8 8 19 17 8 17 10 8 17
> BAT2 10 17
< RES 1637333210 108 2
> REQ 1637333210 109 2
> VAMPIRE 1 13 7 3 1 2 0
> VAMPIRE 4 6 11 3 1 2 0
> VAMPIRE 3 17 5 3 0 2 0
> VAMPIRE 2 6 11 3 1 2 0
> GRENADE 3 17 9 2 2
> BAT1 19 8 8 19 17 8 17 10 8 17
> BAT2 10 17
< RES 1637333210 109 2
< MOVE D
> REQ 1637333210 110 2
> VAMPIRE 1 13 7 3 1 2 0
> VAMPIRE 4 7 11 3 1 2 0
> VAMPIRE 3 19 5 3 0 2 0
> VAMPIRE 2 7 11 3 1 2 0
> GRENADE 3 17 9 1 2
> BAT1 19 8 8 19 17 8 17 10 8 17
> BAT2 10 17
< RES 1637333210 110 2
< MOVE R R
> REQ 1637333210 111 2
> VAMPIRE 1 15 7 3 1 2 0
> VAMPIRE 4 7 13 3 1 2 0
> VAMPIRE 3 19 7 3 1 2 0
> VAMPIRE 2 7 13 3 1 2 0
> BAT1 19 8 8 19 8 17
> BAT2 10 17
< RES 1637333210 111 2
< MOVE R R
> REQ 1637333210 112 2
> VAMPIRE 1 17 7 3 1 2 0
> VAMPIRE 4 7 15 3 1 2 0
> VAMPIRE 3 19 5 3 0 2 0
> VAMPIRE 2 7 15 3 1 2 0
> GRENADE 3 19 7 5 2
> BAT1 19 8 8 19 8 17
> BAT2 10 17
< RES 1637333210 112 2
< MOVE R R
> REQ 1637333210 113 2
> VAMPIRE 1 17 9 3 0 2 0
> VAMPIRE 4 7 17 3 1 2 0
> VAMPIRE 3 19 3 3 0 2 0
> VAMPIRE 2 7 17 3 1 2 0
> GRENADE 3 19 7 4 2
> GRENADE 1 17 7 5 2
> BAT1 19 8 8 19 8 17
> BAT2 10 17
< RES 1637333210 113 2
< GRENADE
> REQ 1637333210 114 2
> VAMPIRE 1 15 9 3 0 2 0
> VAMPIRE 4 7 17 3 0 2 0
> VAMPIRE 3 17 3 3 0 2 0
> VAMPIRE 2 7 17 3 0 2 0
> GRENADE 3 19 7 3 2
> GRENADE 1 17 7 4 2
> GRENADE 4 7 17 5 2
> GRENADE 2 7 17 5 2
> BAT1 19 8 8 19 8 17
> BAT2 10 17
< RES 1637333210 114 2
< THROW XD 2
< MOVE L L
> REQ 1637333210 115 2
> VAMPIRE 1 15 9 3 0 2 0
> VAMPIRE 4 7 15 3 0 2 0
> VAMPIRE 3 17 3 3 0 2 0
> VAMPIRE 2 7 15 3 0 2 0
> GRENADE 3 19 7 2 2
> GRENADE 1 17 7 3 2
> GRENADE 4 9 17 4 2
> GRENADE 2 9 17 4 2
> BAT1 19 8 8 19 8 17
> BAT2 10 17
< RES 1637333210 115 2
< MOVE D D
> REQ 1637333210 116 2
> VAMPIRE 1 15 9 3 0 2 0
> VAMPIRE 4 9 15 3 0 2 0
> VAMPIRE 3 17 3 3 0 2 0
> VAMPIRE 2 9 15 3 0 2 0
> GRENADE 3 19 7 1 2
> GRENADE 1 17 7 2 2
> GRENADE 4 9 17 3 2
> GRENADE 2 9 17 3 2
> BAT1 19 8 8 19 8 17
> BAT2 10 17
< RES 1637333210 116 2
< MOVE D D
> REQ 1637333210 117 2
> VAMPIRE 1 13 9 3 1 2 0
> VAMPIRE 4 11 15 3 0 2 0
> VAMPIRE 3 15 3 3 1 2 0
> VAMPIRE 2 11 15 3 0 2 0
> GRENADE 4 9 17 2 2
> GRENADE 2 9 17 2 2
> BAT1 8 19 8 17
> BAT2 10 17
< RES 1637333210 117 2
> REQ 1637333210 118 2
> VAMPIRE 1 11 9 3 1 2 0
> VAMPIRE 4 11 15 3 0 2 0
> VAMPIRE 3 13 3 3 1 2 0
> VAMPIRE 2 11 15 3 0 2 0
> GRENADE 4 9 17 1 2
> GRENADE 2 9 17 1 2
> BAT1 8 19 8 17
> BAT2 10 17
< RES 1637333210 118 2
< MOVE R R
> REQ 1637333210 119 2
> VAMPIRE 1 11 9 3 1 2 0
> VAMPIRE 4 11 17 3 1 2 0
> VAMPIRE 3 11 3 3 1 2 0
> VAMPIRE 2 11 17 3 1 2 0
> BAT1 8 19 10 17
< RES 1637333210 119 2
< GRENADE
< MOVE L L
> REQ 1637333210 120 2
> VAMPIRE 1 11 11 3 1 2 0
> VAMPIRE 4 11 15 3 0 2 0
> VAMPIRE 3 11 3 3 1 2 0
> VAMPIRE 2 11 15 3 0 2 0
> GRENADE 4 11 17 5 2
> GRENADE 2 11 17 5 2
> BAT1 8 19 10 17
< RES 1637333210 120 2
< MOVE U U
> REQ 1637333210 121 2
> VAMPIRE 1 11 13 3 1 2 0
> VAMPIRE 4 9 15 3 0 2 0
> VAMPIRE 3 11 5 3 1 2 0
> VAMPIRE 2 9 15 3 0 2 0
> GRENADE 4 11 17 4 2
> GRENADE 2 11 17 4 2
> BAT1 8 19 10 17
< RES 1637333210 121 2
> REQ 1637333210 122 2
> VAMPIRE 1 11 15 3 1 2 0
> VAMPIRE 4 9 15 3 0 2 0
> VAMPIRE 3 11 7 3 1 2 0
> VAMPIRE 2 9 15 3 0 2 0
> GRENADE 4 11 17 3 2
> GRENADE 2 11 17 3 2
> BAT1 8 19 10 17
< RES 1637333210 122 2
< MOVE R R
> REQ 1637333210 123 2
> VAMPIRE 1 13 15 3 0 2 0
> VAMPIRE 4 9 17 3 0 2 0
> VAMPIRE 3 11 9 3 1 2 0
> VAMPIRE 2 9 17 3 0 2 0
> GRENADE 4 11 17 2 2
> GRENADE 2 11 17 2 2
> GRENADE 1 11 15 5 2
> BAT1 8 19 10 17
< RES 1637333210 123 2
> REQ 1637333210 124 2
> VAMPIRE 1 15 15 3 0 2 0
> VAMPIRE 4 9 17 3 0 2 0
> VAMPIRE 3 11 11 3 1 2 0
> VAMPIRE 2 9 17 3 0 2 0
> GRENADE 4 11 17 1 2
> GRENADE 2 11 17 1 2
> GRENADE 1 11 15 4 2
> BAT1 8 19 10 17
< RES 1637333210 124 2
< MOVE R R
> REQ 1637333210 125 2
> VAMPIRE 1 13 15 3 1 2 0
> VAMPIRE 4 9 19 3 1 2 0
> VAMPIRE 3 9 11 3 1 2 0
> VAMPIRE 2 9 19 3 1 2 0
> BAT1 8 19
< RES 1637333210 125 2
< GRENADE
< MOVE L L
> REQ 1637333210 126 2
> VAMPIRE 1 11 15 3 1 2 0
> VAMPIRE 4 9 17 3 0 2 0
> VAMPIRE 3 9 13 3 1 2 0
> VAMPIRE 2 9 17 3 0 2 0
> GRENADE 4 9 19 5 2
> GRENADE 2 9 19 5 2
> BAT1 8 19
< RES 1637333210 126 2
< MOVE U U
> REQ 1637333210 127 2
> VAMPIRE 1 11 17 3 1 2 0
> VAMPIRE 4 7 17 3 0 2 0
> VAMPIRE 3 7 13 3 1 2 0
> VAMPIRE 2 7 17 3 0 2 0
> GRENADE 4 9 19 4 2
> GRENADE 2 9 19 4 2
> BAT1 8 19
< RES 1637333210 127 2
> REQ 1637333210 128 2
> VAMPIRE 1 11 19 3 1 2 0
> VAMPIRE 4 7 17 3 0 2 0
> VAMPIRE 3 7 13 3 1 2 0
> VAMPIRE 2 7 17 3 0 2 0
> GRENADE 4 9 19 3 2
> GRENADE 2 9 19 3 2
> BAT1 8 19
< RES 1637333210 128 2
> REQ 1637333210 129 2
> VAMPIRE 1 11 19 3 0 2 0
> VAMPIRE 4 7 17 3 0 2 0
> VAMPIRE 3 9 13 3 1 2 0
> VAMPIRE 2 7 17 3 0 2 0
> GRENADE 4 9 19 2 2
> GRENADE 2 9 19 2 2
> GRENADE 1 11 19 5 2
> BAT1 8 19
< RES 1637333210 129 2
> REQ 1637333210 130 2
> VAMPIRE 1 11 18 3 0 2 0
> VAMPIRE 4 7 17 3 0 2 0
> VAMPIRE 3 9 15 3 1 2 0
> VAMPIRE 2 7 17 3 0 2 0
> GRENADE 4 9 19 1 2
> GRENADE 2 9 19 1 2
> GRENADE 1 9 19 4 2
> BAT1 8 19
< RES 1637333210 130 2
> REQ 1637333210 131 2
> VAMPIRE 1 11 19 3 1 2 0
> VAMPIRE 4 7 17 3 1 2 0
> VAMPIRE 3 9 15 3 1 2 0
> VAMPIRE 2 7 17 3 1 2 0
< RES 1637333210 131 2
> REQ 1637333210 132 2
> VAMPIRE 1 11 19 3 1 2 0
> VAMPIRE 4 7 17 3 1 2 0
> VAMPIRE 3 9 15 3 1 2 0
> VAMPIRE 2 7 17 3 1 2 0
< RES 1637333210 132 2
> REQ 1637333210 133 2
> VAMPIRE 1 11 19 3 1 2 0
> VAMPIRE 4 7 17 3 1 2 0
> VAMPIRE 3 9 15 3 1 2 0
> VAMPIRE 2 7 17 3 1 2 0
< RES 1637333210 133 2
> REQ 1637333210 134 2
> VAMPIRE 1 11 19 3 1 2 0
> VAMPIRE 4 7 17 3 1 2 0
> VAMPIRE 3 9 15 3 1 2 0
> VAMPIRE 2 7 17 3 1 2 0
< RES 1637333210 134 2
> REQ 1637333210 135 2
> VAMPIRE 1 11 19 3 1 2 0
> VAMPIRE 4 7 17 3 1 2 0
> VAMPIRE 3 9 15 3 1 2 0
> VAMPIRE 2 7 17 3 1 2 0
< RES 1637333210 135 2
> REQ 1637333210 136 2
> VAMPIRE 1 11 19 3 1 2 0
> VAMPIRE 4 7 17 3 1 2 0
> VAMPIRE 3 9 15 3 1 2 0
> VAMPIRE 2 7 17 3 1 2 0
< RES 1637333210 136 2
> REQ 1637333210 137 2
> VAMPIRE 1 11 19 3 1 2 0
> VAMPIRE 4 7 17 3 1 2 0
> VAMPIRE 3 9 15 3 1 2 0
> VAMPIRE 2 7 17 3 1 2 0
< RES 1637333210 137 2
> REQ 1637333210 138 2
> VAMPIRE 1 11 19 3 1 2 0
> VAMPIRE 4 7 17 3 1 2 0
> VAMPIRE 3 9 15 3 1 2 0
> VAMPIRE 2 7 17 3 1 2 0
< RES 1637333210 138 2
> REQ 1637333210 139 2
> VAMPIRE 1 11 19 3 1 2 0
> VAMPIRE 4 7 17 3 1 2 0
> VAMPIRE 3 9 15 3 1 2 0
> VAMPIRE 2 7 17 3 1 2 0
< RES 1637333210 139 2
> REQ 1637333210 140 2
> VAMPIRE 1 11 19 3 1 2 0
> VAMPIRE 4 7 17 3 1 2 0
> VAMPIRE 3 9 15 3 1 2 0
> VAMPIRE 2 7 17 3 1 2 0
< RES 1637333210 140 2
> REQ 1637333210 141 2
> VAMPIRE 1 11 19 3 1 2 0
> VAMPIRE 4 7 17 3 1 2 0
> VAMPIRE 3 9 15 3 1 2 0
> VAMPIRE 2 7 17 3 1 2 0
< RES 1637333210 141 2
> REQ 1637333210 142 2
> VAMPIRE 1 11 19 3 1 2 0
> VAMPIRE 4 7 17 3 1 2 0
> VAMPIRE 3 9 15 3 1 2 0
> VAMPIRE 2 7 17 3 1 2 0
< RES 1637333210 142 2
> REQ 1637333210 143 2
> VAMPIRE 1 11 19 3 1 2 0
> VAMPIRE 4 7 17 3 1 2 0
> VAMPIRE 3 9 15 3 1 2 0
> VAMPIRE 2 7 17 3 1 2 0
< RES 1637333210 143 2
> REQ 1637333210 144 2
> VAMPIRE 1 11 19 3 1 2 0
> VAMPIRE 4 7 17 3 1 2 0
> VAMPIRE 3 9 15 3 1 2 0
> VAMPIRE 2 7 17 3 1 2 0
< RES 1637333210 144 2
> REQ 1637333210 145 2
> VAMPIRE 1 11 19 3 1 2 0
> VAMPIRE 4 7 17 3 1 2 0
> VAMPIRE 3 9 15 3 1 2 0
> VAMPIRE 2 7 17 3 1 2 0
< RES 1637333210 145 2
> REQ 1637333210 146 2
> VAMPIRE 1 11 19 3 1 2 0
> VAMPIRE 4 7 17 3 1 2 0
> VAMPIRE 3 9 15 3 1 2 0
> VAMPIRE 2 7 17 3 1 2 0
< RES 1637333210 146 2
> REQ 1637333210 147 2
> VAMPIRE 1 11 19 3 1 2 0
> VAMPIRE 4 7 17 3 1 2 0
> VAMPIRE 3 9 15 3 1 2 0
> VAMPIRE 2 7 17 3 1 2 0
< RES 1637333210 147 2
> REQ 1637333210 148 2
> VAMPIRE 1 11 19 3 1 2 0
> VAMPIRE 4 7 17 3 1 2 0
> VAMPIRE 3 9 15 3 1 2 0
> VAMPIRE 2 7 17 3 1 2 0
> POWERUP GRENADE -5 10 13 6
> POWERUP GRENADE -5 10 7 6
< RES 1637333210 148 2
< MOVE D D
> REQ 1637333210 149 2
> VAMPIRE 1 11 17 3 1 2 0
> VAMPIRE 4 9 17 3 1 2 0
> VAMPIRE 3 9 13 3 1 2 0
> VAMPIRE 2 9 17 3 1 2 0
> POWERUP GRENADE -4 10 13 6
> POWERUP GRENADE -4 10 7 6
< RES 1637333210 149 2
< MOVE L L
> REQ 1637333210 150 2
> VAMPIRE 1 11 15 3 1 2 0
> VAMPIRE 4 9 15 3 1 2 0
> VAMPIRE 3 10 13 3 1 2 0
> VAMPIRE 2 9 15 3 1 2 0
> POWERUP GRENADE -3 10 13 6
> POWERUP GRENADE -3 10 7 6
< RES 1637333210 150 2
< MOVE L L
> REQ 1637333210 151 2
> VAMPIRE 1 11 13 3 1 2 0
> VAMPIRE 4 9 13 3 1 2 0
> VAMPIRE 3 10 13 3 1 2 0
> VAMPIRE 2 9 13 3 1 2 0
> POWERUP GRENADE -2 10 13 6
> POWERUP GRENADE -2 10 7 6
< RES 1637333210 151 2
< MOVE D
> REQ 1637333210 152 2
> VAMPIRE 1 10 13 3 1 2 0
> VAMPIRE 4 10 13 3 1 2 0
> VAMPIRE 3 10 13 3 1 2 0
> VAMPIRE 2 10 13 3 1 2 0
> POWERUP GRENADE -1 10 13 6
> POWERUP GRENADE -1 10 7 6
< RES 1637333210 152 2
> REQ 1637333210 153 2
> VAMPIRE 1 10 13 3 1 2 0
> VAMPIRE 4 10 13 3 1 2 0
> VAMPIRE 3 10 13 3 1 2 0
> VAMPIRE 2 10 13 3 1 2 0
> POWERUP GRENADE 12 10 13 6
> POWERUP GRENADE 12 10 7 6
< RES 1637333210 153 2
> REQ 1637333210 154 2
> VAMPIRE 1 10 13 3 1 2 0
> VAMPIRE 4 10 13 3 1 2 0
> VAMPIRE 3 10 13 3 1 2 0
> VAMPIRE 2 10 13 3 1 2 0
> POWERUP GRENADE 11 10 13 6
> POWERUP GRENADE 11 10 7 6
< RES 1637333210 154 2
> REQ 1637333210 155 2
> VAMPIRE 1 10 13 3 1 2 0
> VAMPIRE 4 10 13 3 1 2 0
> VAMPIRE 3 10 13 3 1 2 0
> VAMPIRE 2 10 13 3 1 2 0
> POWERUP GRENADE 10 10 13 6
> POWERUP GRENADE 10 10 7 6
< RES 1637333210 155 2
> REQ 1637333210 156 2
> VAMPIRE 1 10 13 3 1 2 0
> VAMPIRE 4 10 13 3 1 2 0
> VAMPIRE 3 10 13 3 1 2 0
> VAMPIRE 2 10 13 3 1 2 0
> POWERUP GRENADE 9 10 13 6
> POWERUP GRENADE 9 10 7 6
< RES 1637333210 156 2
> REQ 1637333210 157 2
> VAMPIRE 1 10 13 3 1 2 0
> VAMPIRE 4 10 13 3 1 2 0
> VAMPIRE 3 10 13 3 1 2 0
> VAMPIRE 2 10 13 3 1 2 0
> POWERUP GRENADE 8 10 13 6
> POWERUP GRENADE 8 10 7 6
< RES 1637333210 157 2
> REQ 1637333210 158 2
> VAMPIRE 1 10 13 3 2 2 0
> VAMPIRE 4 10 13 3 2 2 0
> VAMPIRE 3 10 13 3 2 2 0
> VAMPIRE 2 10 13 3 2 2 0
> POWERUP GRENADE 7 10 7 6
< RES 1637333210 158 2
< GRENADE
< MOVE U L
> REQ 1637333210 159 2
> VAMPIRE 1 9 12 3 1 2 0
> VAMPIRE 4 9 12 3 1 2 0
> VAMPIRE 3 9 12 3 1 2 0
> VAMPIRE 2 9 12 3 1 2 0
> GRENADE 1 10 13 5 2
> GRENADE 4 10 13 5 2
> GRENADE 3 10 13 5 2
> GRENADE 2 10 13 5 2
> POWERUP GRENADE 6 10 7 6
< RES 1637333210 159 2
< MOVE L L
> REQ 1637333210 160 2
> VAMPIRE 1 9 10 3 1 2 0
> VAMPIRE 4 9 10 3 1 2 0
> VAMPIRE 3 9 10 3 1 2 0
> VAMPIRE 2 9 10 3 1 2 0
> GRENADE 1 10 13 4 2
> GRENADE 4 10 13 4 2
> GRENADE 3 10 13 4 2
> GRENADE 2 10 13 4 2
> POWERUP GRENADE 5 10 7 6
< RES 1637333210 160 2
< MOVE L L
> REQ 1637333210 161 2
> VAMPIRE 1 9 8 3 1 2 0
> VAMPIRE 4 9 8 3 1 2 0
> VAMPIRE 3 9 8 3 1 2 0
> VAMPIRE 2 9 8 3 1 2 0
> GRENADE 1 10 13 3 2
> GRENADE 4 10 13 3 2
> GRENADE 3 10 13 3 2
> GRENADE 2 10 13 3 2
> POWERUP GRENADE 4 10 7 6
< RES 1637333210 161 2
< GRENADE
< MOVE L D
> REQ 1637333210 162 2
> VAMPIRE 1 10 7 3 0 2 0
> VAMPIRE 4 10 7 3 0 2 0
> VAMPIRE 3 10 7 3 0 2 0
> VAMPIRE 2 10 7 3 0 2 0
> GRENADE 1 10 13 2 2
> GRENADE 4 10 13 2 2
> GRENADE 3 10 13 2 2
> GRENADE 2 10 13 2 2
> GRENADE 1 9 8 5 2
> GRENADE 4 9 8 5 2
> GRENADE 3 9 8 5 2
> GRENADE 2 9 8 5 2
> POWERUP GRENADE 3 10 7 6
< RES 1637333210 162 2
> REQ 1637333210 163 2
> VAMPIRE 1 10 7 3 0 2 0
> VAMPIRE 4 10 7 3 0 2 0
> VAMPIRE 3 10 7 3 0 2 0
> VAMPIRE 2 10 7 3 0 2 0
> GRENADE 1 10 13 1 2
> GRENADE 4 10 13 1 2
> GRENADE 3 10 13 1 2
> GRENADE 2 10 13 1 2
> GRENADE 1 9 8 4 2
> GRENADE 4 9 8 4 2
> GRENADE 3 9 8 4 2
> GRENADE 2 9 8 4 2
> POWERUP GRENADE 2 10 7 6
< RES 1637333210 163 2
> REQ 1637333210 164 2
> VAMPIRE 1 10 7 3 1 2 0
> VAMPIRE 4 10 7 3 1 2 0
> VAMPIRE 3 10 7 3 1 2 0
> VAMPIRE 2 10 7 3 1 2 0
> GRENADE 1 9 8 3 2
> GRENADE 4 9 8 3 2
> GRENADE 3 9 8 3 2
> GRENADE 2 9 8 3 2
> POWERUP GRENADE 1 10 7 6
< RES 1637333210 164 2
> REQ 1637333210 165 2
> VAMPIRE 1 10 7 3 1 2 0
> VAMPIRE 4 10 7 3 1 2 0
> VAMPIRE 3 10 7 3 1 2 0
> VAMPIRE 2 10 7 3 1 2 0
> GRENADE 1 9 8 2 2
> GRENADE 4 9 8 2 2
> GRENADE 3 9 8 2 2
> GRENADE 2 9 8 2 2
> POWERUP GRENADE 1 10 7 6
< RES 1637333210 165 2
> REQ 1637333210 166 2
> VAMPIRE 1 10 7 3 1 2 0
> VAMPIRE 4 10 7 3 1 2 0
> VAMPIRE 3 10 7 3 1 2 0
> VAMPIRE 2 10 7 3 1 2 0
> GRENADE 1 9 8 1 2
> GRENADE 4 9 8 1 2
> GRENADE 3 9 8 1 2
> GRENADE 2 9 8 1 2
> POWERUP GRENADE 1 10 7 6
< RES 1637333210 166 2
> REQ 1637333210 167 2
> VAMPIRE 1 10 7 3 2 2 0
> VAMPIRE 4 10 7 3 2 2 0
> VAMPIRE 3 10 7 3 2 2 0
> VAMPIRE 2 10 7 3 2 2 0
> POWERUP GRENADE 1 10 7 6
< RES 1637333210 167 2
> REQ 1637333210 168 2
> VAMPIRE 1 10 7 3 2 2 0
> VAMPIRE 4 10 7 3 2 2 0
> VAMPIRE 3 10 7 3 2 2 0
> VAMPIRE 2 10 7 3 2 2 0
> POWERUP GRENADE 1 10 7 6
< RES 1637333210 168 2
> REQ 1637333210 169 2
> VAMPIRE 1 10 7 3 2 2 0
> VAMPIRE 4 10 7 3 2 2 0
> VAMPIRE 3 10 7 3 2 2 0
> VAMPIRE 2 10 7 3 2 2 0
> POWERUP GRENADE 1 10 7 6
< RES 1637333210 169 2
> REQ 1637333210 170 2
> VAMPIRE 1 10 7 3 2 2 0
> VAMPIRE 4 10 7 3 2 2 0
> VAMPIRE 3 10 7 3 2 2 0
> VAMPIRE 2 10 7 3 2 2 0
> POWERUP GRENADE 1 10 7 6
< RES 1637333210 170 2
> REQ 1637333210 171 2
> VAMPIRE 1 10 7 3 2 2 0
> VAMPIRE 4 10 7 3 2 2 0
> VAMPIRE 3 10 7 3 2 2 0
> VAMPIRE 2 10 7 3 2 2 0
> POWERUP GRENADE 1 10 7 6
< RES 1637333210 171 2
> REQ 1637333210 172 2
> VAMPIRE 1 10 7 3 2 2 0
> VAMPIRE 4 10 7 3 2 2 0
> VAMPIRE 3 10 7 3 2 2 0
> VAMPIRE 2 10 7 3 2 2 0
> POWERUP GRENADE 1 10 7 6
< RES 1637333210 172 2
> REQ 1637333210 173 2
> VAMPIRE 1 10 7 3 2 2 0
> VAMPIRE 4 10 7 3 2 2 0
> VAMPIRE 3 10 7 3 2 2 0
> VAMPIRE 2 10 7 3 2 2 0
> POWERUP GRENADE 1 10 7 6
< RES 1637333210 173 2
> REQ 1637333210 174 2
> VAMPIRE 1 10 7 3 2 2 0
> VAMPIRE 4 10 7 3 2 2 0
> VAMPIRE 3 10 7 3 2 2 0
> VAMPIRE 2 10 7 3 2 2 0
> POWERUP GRENADE 1 10 7 6
< RES 1637333210 174 2
> REQ 1637333210 175 2
> VAMPIRE 1 10 7 3 2 2 0
> VAMPIRE 4 10 7 3 2 2 0
> VAMPIRE 3 10 7 3 2 2 0
> VAMPIRE 2 10 7 3 2 2 0
> POWERUP GRENADE 1 10 7 6
< RES 1637333210 175 2
> REQ 1637333210 176 2
> VAMPIRE 1 10 7 3 2 2 0
> VAMPIRE 4 10 7 3 2 2 0
> VAMPIRE 3 10 7 3 2 2 0
> VAMPIRE 2 10 7 3 2 2 0
> POWERUP GRENADE 1 10 7 6
< RES 1637333210 176 2
> REQ 1637333210 177 2
> VAMPIRE 1 10 7 3 2 2 0
> VAMPIRE 4 10 7 3 2 2 0
> VAMPIRE 3 10 7 3 2 2 0
> VAMPIRE 2 10 7 3 2 2 0
> POWERUP GRENADE 1 10 7 6
< RES 1637333210 177 2
> REQ 1637333210 178 2
> VAMPIRE 1 10 7 3 2 2 0
> VAMPIRE 4 10 7 3 2 2 0
> VAMPIRE 3 10 7 3 2 2 0
> VAMPIRE 2 10 7 3 2 2 0
> POWERUP TOMATO -7 14 7 4
> POWERUP TOMATO -7 6 13 4
< RES 1637333210 178 2
< MOVE D D
> REQ 1637333210 179 2
> VAMPIRE 1 12 7 3 2 2 0
> VAMPIRE 4 12 7 3 2 2 0
> VAMPIRE 3 12 7 3 2 2 0
> VAMPIRE 2 12 7 3 2 2 0
> POWERUP TOMATO -6 14 7 4
> POWERUP TOMATO -6 6 13 4
< RES 1637333210 179 2
< MOVE D D
> REQ 1637333210 180 2
> VAMPIRE 1 14 7 3 2 2 0
> VAMPIRE 4 14 7 3 2 2 0
> VAMPIRE 3 14 7 3 2 2 0
> VAMPIRE 2 14 7 3 2 2 0
> POWERUP TOMATO -5 14 7 4
> POWERUP TOMATO -5 6 13 4
< RES 1637333210 180 2
> REQ 1637333210 181 2
> VAMPIRE 1 14 7 3 2 2 0
> VAMPIRE 4 14 7 3 2 2 0
> VAMPIRE 3 14 7 3 2 2 0
> VAMPIRE 2 14 7 3 2 2 0
> POWERUP TOMATO -4 14 7 4
> POWERUP TOMATO -4 6 13 4
< RES 1637333210 181 2
> REQ 1637333210 182 2
> VAMPIRE 1 14 7 3 2 2 0
> VAMPIRE 4 14 7 3 2 2 0
> VAMPIRE 3 14 7 3 2 2 0
> VAMPIRE 2 14 7 3 2 2 0
> POWERUP TOMATO -3 14 7 4
> POWERUP TOMATO -3 6 13 4
< RES 1637333210 182 2
> REQ 1637333210 183 2
> VAMPIRE 1 14 7 3 2 2 0
> VAMPIRE 4 14 7 3 2 2 0
> VAMPIRE 3 14 7 3 2 2 0
> VAMPIRE 2 14 7 3 2 2 0
> POWERUP TOMATO -2 14 7 4
> POWERUP TOMATO -2 6 13 4
< RES 1637333210 183 2
> REQ 1637333210 184 2
> VAMPIRE 1 14 7 3 2 2 0
> VAMPIRE 4 14 7 3 2 2 0
> VAMPIRE 3 14 7 3 2 2 0
> VAMPIRE 2 14 7 3 2 2 0
> POWERUP TOMATO -1 14 7 4
> POWERUP TOMATO -1 6 13 4
< RES 1637333210 184 2
> REQ 1637333210 185 2
> VAMPIRE 1 14 7 3 2 2 0
> VAMPIRE 4 14 7 3 2 2 0
> VAMPIRE 3 14 7 3 2 2 0
> VAMPIRE 2 14 7 3 2 2 0
> POWERUP TOMATO 10 14 7 4
> POWERUP TOMATO 10 6 13 4
< RES 1637333210 185 2
> REQ 1637333210 186 2
> VAMPIRE 1 14 7 3 2 2 0
> VAMPIRE 4 14 7 3 2 2 0
> VAMPIRE 3 14 7 3 2 2 0
> VAMPIRE 2 14 7 3 2 2 0
> POWERUP TOMATO 9 14 7 4
> POWERUP TOMATO 9 6 13 4
< RES 1637333210 186 2
> REQ 1637333210 187 2
> VAMPIRE 1 14 7 3 2 2 0
> VAMPIRE 4 14 7 3 2 2 0
> VAMPIRE 3 14 7 3 2 2 0
> VAMPIRE 2 14 7 3 2 2 0
> POWERUP TOMATO 8 14 7 4
> POWERUP TOMATO 8 6 13 4
< RES 1637333210 187 2
> REQ 1637333210 188 2
> VAMPIRE 1 14 7 3 2 2 0
> VAMPIRE 4 14 7 3 2 2 0
> VAMPIRE 3 14 7 3 2 2 0
> VAMPIRE 2 14 7 3 2 2 0
> POWERUP TOMATO 7 6 13 4
< RES 1637333210 188 2
< MOVE U U
> REQ 1637333210 189 2
> VAMPIRE 1 12 7 3 2 2 0
> VAMPIRE 4 12 7 3 2 2 0
> VAMPIRE 3 12 7 3 2 2 0
> VAMPIRE 2 12 7 3 2 2 0
> POWERUP TOMATO 6 6 13 4
< RES 1637333210 189 2
< GRENADE
< MOVE U U
> REQ 1637333210 190 2
> VAMPIRE 1 10 7 3 1 2 0
> VAMPIRE 4 10 7 3 1 2 0
> VAMPIRE 3 10 7 3 1 2 0
> VAMPIRE 2 10 7 3 1 2 0
> GRENADE 1 12 7 5 2
> GRENADE 4 12 7 5 2
> GRENADE 3 12 7 5 2
> GRENADE 2 12 7 5 2
> POWERUP TOMATO 5 6 13 4
< RES 1637333210 190 2
< GRENADE
< MOVE U U
> REQ 1637333210 191 2
> VAMPIRE 1 8 7 3 0 2 0
> VAMPIRE 4 8 7 3 0 2 0
> VAMPIRE 3 8 7 3 0 2 0
> VAMPIRE 2 8 7 3 0 2 0
> GRENADE 1 12 7 4 2
> GRENADE 4 12 7 4 2
> GRENADE 3 12 7 4 2
> GRENADE 2 12 7 4 2
> GRENADE 1 10 7 5 2
> GRENADE 4 10 7 5 2
> GRENADE 3 10 7 5 2
> GRENADE 2 10 7 5 2
> POWERUP TOMATO 4 6 13 4
< RES 1637333210 191 2
< MOVE U R
> REQ 1637333210 192 2
> VAMPIRE 1 7 8 3 0 2 0
> VAMPIRE 4 7 8 3 0 2 0
> VAMPIRE 3 7 8 3 0 2 0
> VAMPIRE 2 7 8 3 0 2 0
> GRENADE 1 12 7 3 2
> GRENADE 4 12 7 3 2
> GRENADE 3 12 7 3 2
> GRENADE 2 12 7 3 2
> GRENADE 1 10 7 4 2
> GRENADE 4 10 7 4 2
> GRENADE 3 10 7 4 2
> GRENADE 2 10 7 4 2
> POWERUP TOMATO 3 6 13 4
< RES 1637333210 192 2
< MOVE R R
> REQ 1637333210 193 2
> VAMPIRE 1 7 10 3 0 2 0
> VAMPIRE 4 7 10 3 0 2 0
> VAMPIRE 3 7 10 3 0 2 0
> VAMPIRE 2 7 10 3 0 2 0
> GRENADE 1 12 7 2 2
> GRENADE 4 12 7 2 2
> GRENADE 3 12 7 2 2
> GRENADE 2 12 7 2 2
> GRENADE 1 10 7 3 2
> GRENADE 4 10 7 3 2
> GRENADE 3 10 7 3 2
> GRENADE 2 10 7 3 2
> POWERUP TOMATO 2 6 13 4
< RES 1637333210 193 2
< MOVE R R
> REQ 1637333210 194 2
> VAMPIRE 1 7 12 3 0 2 0
> VAMPIRE 4 7 12 3 0 2 0
> VAMPIRE 3 7 12 3 0 2 0
> VAMPIRE 2 7 12 3 0 2 0
> GRENADE 1 12 7 1 2
> GRENADE 4 12 7 1 2
> GRENADE 3 12 7 1 2
> GRENADE 2 12 7 1 2
> GRENADE 1 10 7 2 2
> GRENADE 4 10 7 2 2
> GRENADE 3 10 7 2 2
> GRENADE 2 10 7 2 2
> POWERUP TOMATO 1 6 13 4
< RES 1637333210 194 2
< MOVE L
> REQ 1637333210 195 2
> VAMPIRE 1 7 11 3 2 2 0
> VAMPIRE 4 7 11 3 2 2 0
> VAMPIRE 3 7 11 3 2 2 0
> VAMPIRE 2 7 11 3 2 2 0
< RES 1637333210 195 2
< MOVE D D
> REQ 1637333210 196 2
> VAMPIRE 1 9 11 3 2 2 0
> VAMPIRE 4 9 11 3 2 2 0
> VAMPIRE 3 9 11 3 1 2 0
> VAMPIRE 2 9 11 3 2 2 0
> GRENADE 3 7 11 5 2
< RES 1637333210 196 2
< GRENADE
> REQ 1637333210 197 2
> VAMPIRE 1 9 11 3 1 2 0
> VAMPIRE 4 9 11 3 1 2 0
> VAMPIRE 3 9 11 3 0 2 0
> VAMPIRE 2 9 11 3 1 2 0
> GRENADE 3 7 11 4 2
> GRENADE 1 9 11 5 2
> GRENADE 4 9 11 5 2
> GRENADE 3 9 11 5 2
> GRENADE 2 9 11 5 2
< RES 1637333210 197 2
< GRENADE
< MOVE D D
> REQ 1637333210 198 2
> VAMPIRE 1 11 11 3 0 2 0
> VAMPIRE 4 11 11 3 0 2 0
> VAMPIRE 3 11 11 3 0 2 0
> VAMPIRE 2 11 11 3 0 2 0
> GRENADE 3 7 11 3 2
> GRENADE 1 9 11 4 2
> GRENADE 4 9 11 4 2
> GRENADE 3 9 11 4 2
> GRENADE 2 9 11 4 2
> GRENADE 1 9 11 5 2
> GRENADE 4 9 11 5 2
> GRENADE 2 9 11 5 2
< RES 1637333210 198 2
< MOVE D D
> REQ 1637333210 199 2
> VAMPIRE 1 13 11 3 0 2 0
> VAMPIRE 4 13 11 3 0 2 0
> VAMPIRE 3 13 11 3 0 2 0
> VAMPIRE 2 13 11 3 0 2 0
> GRENADE 3 7 11 2 2
> GRENADE 1 9 11 3 2
> GRENADE 4 9 11 3 2
> GRENADE 3 9 11 3 2
> GRENADE 2 9 11 3 2
> GRENADE 1 9 11 4 2
> GRENADE 4 9 11 4 2
> GRENADE 2 9 11 4 2
< RES 1637333210 199 2
> REQ 1637333210 200 2
> VAMPIRE 1 13 11 3 0 2 0
> VAMPIRE 4 13 11 3 0 2 0
> VAMPIRE 3 13 11 3 0 2 0
> VAMPIRE 2 13 11 3 0 2 0
> GRENADE 3 7 11 1 2
> GRENADE 1 9 11 2 2
> GRENADE 4 9 11 2 2
> GRENADE 3 9 11 2 2
> GRENADE 2 9 11 2 2
> GRENADE 1 9 11 3 2
> GRENADE 4 9 11 3 2
> GRENADE 2 9 11 3 2
< RES 1637333210 200 2
< MOVE U U
> REQ 1637333210 201 2
> VAMPIRE 1 11 11 3 2 2 0
> VAMPIRE 4 11 11 3 2 2 0
> VAMPIRE 3 11 11 3 2 2 0
> VAMPIRE 2 11 11 3 2 2 0
< RES 1637333210 201 2
> REQ 1637333210 202 2
> VAMPIRE 1 11 11 3 2 2 0
> VAMPIRE 4 11 11 3 2 2 0
> VAMPIRE 3 11 11 3 1 2 0
> VAMPIRE 2 11 11 3 2 2 0
> GRENADE 3 11 11 5 2
< RES 1637333210 202 2
< GRENADE
< MOVE U U
> REQ 1637333210 203 2
> VAMPIRE 1 9 11 3 1 2 0
> VAMPIRE 4 9 11 3 1 2 0
> VAMPIRE 3 9 11 3 0 2 0
> VAMPIRE 2 9 11 3 1 2 0
> GRENADE 3 11 11 4 2
> GRENADE 1 11 11 5 2
> GRENADE 4 11 11 5 2
> GRENADE 3 11 11 5 2
> GRENADE 2 11 11 5 2
< RES 1637333210 203 2
< GRENADE
> REQ 1637333210 204 2
> VAMPIRE 1 9 11 3 0 2 0
> VAMPIRE 4 9 11 3 0 2 0
> VAMPIRE 3 7 11 3 0 2 0
> VAMPIRE 2 9 11 3 0 2 0
> GRENADE 3 11 11 3 2
> GRENADE 1 11 11 4 2
> GRENADE 4 11 11 4 2
> GRENADE 3 11 11 4 2
> GRENADE 2 11 11 4 2
> GRENADE 1 9 11 5 2
> GRENADE 4 9 11 5 2
> GRENADE 2 9 11 5 2
< RES 1637333210 204 2
< MOVE L L
> REQ 1637333210 205 2
> VAMPIRE 1 9 9 3 0 2 0
> VAMPIRE 4 9 9 3 0 2 0
> VAMPIRE 3 5 11 3 0 2 0
> VAMPIRE 2 9 9 3 0 2 0
> GRENADE 3 11 11 2 2
> GRENADE 1 11 11 3 2
> GRENADE 4 11 11 3 2
> GRENADE 3 11 11 3 2
> GRENADE 2 11 11 3 2
> GRENADE 1 9 11 4 2
> GRENADE 4 9 11 4 2
> GRENADE 2 9 11 4 2
< RES 1637333210 205 2
< MOVE U U
> REQ 1637333210 206 2
> VAMPIRE 1 7 9 3 0 2 0
> VAMPIRE 4 7 9 3 0 2 0
> VAMPIRE 3 5 11 3 0 2 0
> VAMPIRE 2 7 9 3 0 2 0
> GRENADE 3 11 11 1 2
> GRENADE 1 11 11 2 2
> GRENADE 4 11 11 2 2
> GRENADE 3 11 11 2 2
> GRENADE 2 11 11 2 2
> GRENADE 1 9 11 3 2
> GRENADE 4 9 11 3 2
> GRENADE 2 9 11 3 2
< RES 1637333210 206 2
> REQ 1637333210 207 2
> VAMPIRE 1 7 9 3 2 2 0
> VAMPIRE 4 7 9 3 2 2 0
> VAMPIRE 3 5 11 3 2 2 0
> VAMPIRE 2 7 9 3 2 2 0
< RES 1637333210 207 2
< MOVE D D
> REQ 1637333210 208 2
> VAMPIRE 1 9 9 3 2 2 0
> VAMPIRE 4 9 9 3 2 2 0
> VAMPIRE 3 7 11 3 2 2 0
> VAMPIRE 2 9 9 3 2 2 0
> POWERUP GRENADE -6 17 11 6
> POWERUP GRENADE -6 3 9 6
< RES 1637333210 208 2
< MOVE U U
> REQ 1637333210 209 2
> VAMPIRE 1 7 9 3 2 2 0
> VAMPIRE 4 7 9 3 2 2 0
> VAMPIRE 3 5 11 3 2 2 0
> VAMPIRE 2 7 9 3 2 2 0
> POWERUP GRENADE -5 17 11 6
> POWERUP GRENADE -5 3 9 6
< RES 1637333210 209 2
< MOVE U U
> REQ 1637333210 210 2
> VAMPIRE 1 5 9 3 2 2 0
> VAMPIRE 4 5 9 3 2 2 0
> VAMPIRE 3 3 11 3 2 2 0
> VAMPIRE 2 5 9 3 2 2 0
> POWERUP GRENADE -4 17 11 6
> POWERUP GRENADE -4 3 9 6
< RES 1637333210 210 2
< MOVE U U
> REQ 1637333210 211 2
> VAMPIRE 1 3 9 3 2 2 0
> VAMPIRE 4 3 9 3 2 2 0
> VAMPIRE 3 3 9 3 2 2 0
> VAMPIRE 2 3 9 3 2 2 0
> POWERUP GRENADE -3 17 11 6
> POWERUP GRENADE -3 3 9 6
< RES 1637333210 211 2
> REQ 1637333210 212 2
> VAMPIRE 1 3 9 3 2 2 0
> VAMPIRE 4 3 9 3 2 2 0
> VAMPIRE 3 3 9 3 2 2 0
> VAMPIRE 2 3 9 3 2 2 0
> POWERUP GRENADE -2 17 11 6
> POWERUP GRENADE -2 3 9 6
< RES 1637333210 212 2
> REQ 1637333210 213 2
> VAMPIRE 1 3 9 3 2 2 0
> VAMPIRE 4 3 9 3 2 2 0
> VAMPIRE 3 3 9 3 2 2 0
> VAMPIRE 2 3 9 3 2 2 0
> POWERUP GRENADE -1 17 11 6
> POWERUP GRENADE -1 3 9 6
< RES 1637333210 213 2
> REQ 1637333210 214 2
> VAMPIRE 1 3 9 3 2 2 0
> VAMPIRE 4 3 9 3 2 2 0
> VAMPIRE 3 3 9 3 2 2 0
> VAMPIRE 2 3 9 3 2 2 0
> POWERUP GRENADE 17 17 11 6
> POWERUP GRENADE 17 3 9 6
< RES 1637333210 214 2
> REQ 1637333210 215 2
> VAMPIRE 1 3 9 3 2 2 0
> VAMPIRE 4 3 9 3 2 2 0
> VAMPIRE 3 3 9 3 2 2 0
> VAMPIRE 2 3 9 3 2 2 0
> POWERUP GRENADE 16 17 11 6
> POWERUP GRENADE 16 3 9 6
< RES 1637333210 215 2
> REQ 1637333210 216 2
> VAMPIRE 1 3 9 3 2 2 0
> VAMPIRE 4 3 9 3 2 2 0
> VAMPIRE 3 3 9 3 2 2 0
> VAMPIRE 2 3 9 3 2 2 0
> POWERUP GRENADE 15 17 11 6
> POWERUP GRENADE 15 3 9 6
< RES 1637333210 216 2
> REQ 1637333210 217 2
> VAMPIRE 1 3 9 3 2 2 0
> VAMPIRE 4 3 9 3 2 2 0
> VAMPIRE 3 3 9 3 2 2 0
> VAMPIRE 2 3 9 3 2 2 0
> POWERUP GRENADE 14 17 11 6
> POWERUP GRENADE 14 3 9 6
< RES 1637333210 217 2
> REQ 1637333210 218 2
> VAMPIRE 1 3 9 3 2 2 0
> VAMPIRE 4 3 9 3 2 2 0
> VAMPIRE 3 3 9 3 2 2 0
> VAMPIRE 2 3 9 3 2 2 0
> POWERUP GRENADE 13 17 11 6
> POWERUP GRENADE 13 3 9 6
< RES 1637333210 218 2
> REQ 1637333210 219 2
> VAMPIRE 1 3 9 3 3 2 0
> VAMPIRE 4 3 9 3 3 2 0
> VAMPIRE 3 3 9 3 3 2 0
> VAMPIRE 2 3 9 3 3 2 0
> POWERUP GRENADE 12 17 11 6
< RES 1637333210 219 2
< MOVE R R
> REQ 1637333210 220 2
> VAMPIRE 1 3 11 3 3 2 0
> VAMPIRE 4 3 11 3 3 2 0
> VAMPIRE 3 3 11 3 3 2 0
> VAMPIRE 2 3 11 3 3 2 0
> POWERUP GRENADE 11 17 11 6
< RES 1637333210 220 2
< MOVE D D
> REQ 1637333210 221 2
> VAMPIRE 1 5 11 3 3 2 0
> VAMPIRE 4 5 11 3 3 2 0
> VAMPIRE 3 5 11 3 3 2 0
> VAMPIRE 2 5 11 3 3 2 0
> POWERUP GRENADE 10 17 11 6
< RES 1637333210 221 2
< GRENADE
< MOVE D D
> REQ 1637333210 222 2
> VAMPIRE 1 7 11 3 2 2 0
> VAMPIRE 4 7 11 3 2 2 0
> VAMPIRE 3 7 11 3 2 2 0
> VAMPIRE 2 7 11 3 2 2 0
> GRENADE 1 5 11 5 2
> GRENADE 4 5 11 5 2
> GRENADE 3 5 11 5 2
> GRENADE 2 5 11 5 2
> POWERUP GRENADE 9 17 11 6
< RES 1637333210 222 2
< GRENADE
< MOVE D D
> REQ 1637333210 223 2
> VAMPIRE 1 9 11 3 1 2 0
> VAMPIRE 4 9 11 3 1 2 0
> VAMPIRE 3 9 11 3 1 2 0
> VAMPIRE 2 9 11 3 1 2 0
> GRENADE 1 5 11 4 2
> GRENADE 4 5 11 4 2
> GRENADE 3 5 11 4 2
> GRENADE 2 5 11 4 2
> GRENADE 1 7 11 5 2
> GRENADE 4 7 11 5 2
> GRENADE 3 7 11 5 2
> GRENADE 2 7 11 5 2
> POWERUP GRENADE 8 17 11 6
< RES 1637333210 223 2
< GRENADE
< MOVE D D
> REQ 1637333210 224 2
> VAMPIRE 1 11 11 3 0 2 0
> VAMPIRE 4 11 11 3 0 2 0
> VAMPIRE 3 11 11 3 0 2 0
> VAMPIRE 2 11 11 3 0 2 0
> GRENADE 1 5 11 3 2
> GRENADE 4 5 11 3 2
> GRENADE 3 5 11 3 2
> GRENADE 2 5 11 3 2
> GRENADE 1 7 11 4 2
> GRENADE 4 7 11 4 2
> GRENADE 3 7 11 4 2
> GRENADE 2 7 11 4 2
> GRENADE 1 9 11 5 2
> GRENADE 4 9 11 5 2
> GRENADE 3 9 11 5 2
> GRENADE 2 9 11 5 2
> POWERUP GRENADE 7 17 11 6
< RES 1637333210 224 2
< MOVE D D
> REQ 1637333210 225 2
> VAMPIRE 1 13 11 3 0 2 0
> VAMPIRE 4 13 11 3 0 2 0
> VAMPIRE 3 13 11 3 0 2 0
> VAMPIRE 2 13 11 3 0 2 0
> GRENADE 1 5 11 2 2
> GRENADE 4 5 11 2 2
> GRENADE 3 5 11 2 2
> GRENADE 2 5 11 2 2
> GRENADE 1 7 11 3 2
> GRENADE 4 7 11 3 2
> GRENADE 3 7 11 3 2
> GRENADE 2 7 11 3 2
> GRENADE 1 9 11 4 2
> GRENADE 4 9 11 4 2
> GRENADE 3 9 11 4 2
> GRENADE 2 9 11 4 2
> POWERUP GRENADE 6 17 11 6
< RES 1637333210 225 2
< MOVE D D
> REQ 1637333210 226 2
> VAMPIRE 1 15 11 3 0 2 0
> VAMPIRE 4 15 11 3 0 2 0
> VAMPIRE 3 15 11 3 0 2 0
> VAMPIRE 2 15 11 3 0 2 0
> GRENADE 1 5 11 1 2
> GRENADE 4 5 11 1 2
> GRENADE 3 5 11 1 2
> GRENADE 2 5 11 1 2
> GRENADE 1 7 11 2 2
> GRENADE 4 7 11 2 2
> GRENADE 3 7 11 2 2
> GRENADE 2 7 11 2 2
> GRENADE 1 9 11 3 2
> GRENADE 4 9 11 3 2
> GRENADE 3 9 11 3 2
> GRENADE 2 9 11 3 2
> POWERUP GRENADE 5 17 11 6
< RES 1637333210 226 2
< MOVE D D
> REQ 1637333210 227 2
> VAMPIRE 1 17 11 3 3 2 0
> VAMPIRE 4 17 11 3 3 2 0
> VAMPIRE 3 17 11 3 3 2 0
> VAMPIRE 2 17 11 3 3 2 0
> POWERUP GRENADE 4 17 11 6
< RES 1637333210 227 2
> REQ 1637333210 228 2
> VAMPIRE 1 17 11 3 3 2 0
> VAMPIRE 4 17 11 3 3 2 0
> VAMPIRE 3 17 11 3 3 2 0
> VAMPIRE 2 17 11 3 3 2 0
> POWERUP GRENADE 3 17 11 6
< RES 1637333210 228 2
> REQ 1637333210 229 2
> VAMPIRE 1 17 11 3 3 2 0
> VAMPIRE 4 17 11 3 3 2 0
> VAMPIRE 3 17 11 3 3 2 0
> VAMPIRE 2 17 11 3 3 2 0
> POWERUP GRENADE 2 17 11 6
< RES 1637333210 229 2
> REQ 1637333210 230 2
> VAMPIRE 1 17 11 3 3 2 0
> VAMPIRE 4 17 11 3 3 2 0
> VAMPIRE 3 17 11 3 3 2 0
> VAMPIRE 2 17 11 3 3 2 0
> POWERUP GRENADE 1 17 11 6
< RES 1637333210 230 2
> REQ 1637333210 231 2
> VAMPIRE 1 17 11 3 3 2 0
> VAMPIRE 4 17 11 3 3 2 0
> VAMPIRE 3 17 11 3 3 2 0
> VAMPIRE 2 17 11 3 3 2 0
> POWERUP GRENADE 1 17 11 6
< RES 1637333210 231 2
> REQ 1637333210 232 2
> VAMPIRE 1 17 11 3 3 2 0
> VAMPIRE 4 17 11 3 3 2 0
> VAMPIRE 3 17 11 3 3 2 0
> VAMPIRE 2 17 11 3 3 2 0
> POWERUP GRENADE 1 17 11 6
< RES 1637333210 232 2
> REQ 1637333210 233 2
> VAMPIRE 1 17 11 3 3 2 0
> VAMPIRE 4 17 11 3 3 2 0
> VAMPIRE 3 17 11 3 3 2 0
> VAMPIRE 2 17 11 3 3 2 0
> POWERUP GRENADE 1 17 11 6
< RES 1637333210 233 2
> REQ 1637333210 234 2
> VAMPIRE 1 17 11 3 3 2 0
> VAMPIRE 4 17 11 3 3 2 0
> VAMPIRE 3 17 11 3 3 2 0
> VAMPIRE 2 17 11 3 3 2 0
> POWERUP GRENADE 1 17 11 6
< RES 1637333210 234 2
> REQ 1637333210 235 2
> VAMPIRE 1 17 11 3 3 2 0
> VAMPIRE 4 17 11 3 3 2 0
> VAMPIRE 3 17 11 3 3 2 0
> VAMPIRE 2 17 11 3 3 2 0
> POWERUP GRENADE 1 17 11 6
< RES 1637333210 235 2
> REQ 1637333210 236 2
> VAMPIRE 1 17 11 3 3 2 0
> VAMPIRE 4 17 11 3 3 2 0
> VAMPIRE 3 17 11 3 3 2 0
> VAMPIRE 2 17 11 3 3 2 0
> POWERUP GRENADE 1 17 11 6
< RES 1637333210 236 2
> REQ 1637333210 237 2
> VAMPIRE 1 17 11 3 3 2 0
> VAMPIRE 4 17 11 3 3 2 0
> VAMPIRE 3 17 11 3 3 2 0
> VAMPIRE 2 17 11 3 3 2 0
> POWERUP GRENADE 1 17 11 6
< RES 1637333210 237 2
> REQ 1637333210 238 2
> VAMPIRE 1 17 11 3 3 2 0
> VAMPIRE 4 17 11 3 3 2 0
> VAMPIRE 3 17 11 3 3 2 0
> VAMPIRE 2 17 11 3 3 2 0
> POWERUP BATTERY -5 7 18 4
> POWERUP BATTERY -5 13 2 4
< RES 1637333210 238 2
< GRENADE
< MOVE U U
> REQ 1637333210 239 2
> VAMPIRE 1 15 11 3 2 2 0
> VAMPIRE 4 15 11 3 2 2 0
> VAMPIRE 3 15 11 3 2 2 0
> VAMPIRE 2 15 11 3 2 2 0
> GRENADE 1 17 11 5 2
> GRENADE 4 17 11 5 2
> GRENADE 3 17 11 5 2
> GRENADE 2 17 11 5 2
> POWERUP BATTERY -4 7 18 4
> POWERUP BATTERY -4 13 2 4
< RES 1637333210 239 2
< GRENADE
< MOVE U U
> REQ 1637333210 240 2
> VAMPIRE 1 13 11 3 1 2 0
> VAMPIRE 4 13 11 3 1 2 0
> VAMPIRE 3 13 11 3 1 2 0
> VAMPIRE 2 13 11 3 1 2 0
> GRENADE 1 17 11 4 2
> GRENADE 4 17 11 4 2
> GRENADE 3 17 11 4 2
> GRENADE 2 17 11 4 2
> GRENADE 1 15 11 5 2
> GRENADE 4 15 11 5 2
> GRENADE 3 15 11 5 2
> GRENADE 2 15 11 5 2
> POWERUP BATTERY -3 7 18 4
> POWERUP BATTERY -3 13 2 4
< RES 1637333210 240 2
< GRENADE
< MOVE L L
> REQ 1637333210 241 2
> VAMPIRE 1 13 9 3 0 2 0
> VAMPIRE 4 13 9 3 0 2 0
> VAMPIRE 3 13 9 3 0 2 0
> VAMPIRE 2 13 9 3 0 2 0
> GRENADE 1 17 11 3 2
> GRENADE 4 17 11 3 2
> GRENADE 3 17 11 3 2
> GRENADE 2 17 11 3 2
> GRENADE 1 15 11 4 2
> GRENADE 4 15 11 4 2
> GRENADE 3 15 11 4 2
> GRENADE 2 15 11 4 2
> GRENADE 1 13 11 5 2
> GRENADE 4 13 11 5 2
> GRENADE 3 13 11 5 2
> GRENADE 2 13 11 5 2
> POWERUP BATTERY -2 7 18 4
> POWERUP BATTERY -2 13 2 4
< RES 1637333210 241 2
< MOVE L L
> REQ 1637333210 242 2
> VAMPIRE 1 13 7 3 0 2 0
> VAMPIRE 4 13 7 3 0 2 0
> VAMPIRE 3 13 7 3 0 2 0
> VAMPIRE 2 13 7 3 0 2 0
> GRENADE 1 17 11 2 2
> GRENADE 4 17 11 2 2
> GRENADE 3 17 11 2 2
> GRENADE 2 17 11 2 2
> GRENADE 1 15 11 3 2
> GRENADE 4 15 11 3 2
> GRENADE 3 15 11 3 2
> GRENADE 2 15 11 3 2
> GRENADE 1 13 11 4 2
> GRENADE 4 13 11 4 2
> GRENADE 3 13 11 4 2
> GRENADE 2 13 11 4 2
> POWERUP BATTERY -1 7 18 4
> POWERUP BATTERY -1 13 2 4
< RES 1637333210 242 2
< MOVE L L
> REQ 1637333210 243 2
> VAMPIRE 1 13 5 3 0 2 0
> VAMPIRE 4 13 5 3 0 2 0
> VAMPIRE 3 13 5 3 0 2 0
> VAMPIRE 2 13 5 3 0 2 0
> GRENADE 1 17 11 1 2
> GRENADE 4 17 11 1 2
> GRENADE 3 17 11 1 2
> GRENADE 2 17 11 1 2
> GRENADE 1 15 11 2 2
> GRENADE 4 15 11 2 2
> GRENADE 3 15 11 2 2
> GRENADE 2 15 11 2 2
> GRENADE 1 13 11 3 2
> GRENADE 4 13 11 3 2
> GRENADE 3 13 11 3 2
> GRENADE 2 13 11 3 2
> POWERUP BATTERY 19 7 18 4
> POWERUP BATTERY 19 13 2 4
< RES 1637333210 243 2
< MOVE L L
> REQ 1637333210 244 2
> VAMPIRE 1 13 3 3 3 2 0
> VAMPIRE 4 13 3 3 3 2 0
> VAMPIRE 3 13 3 3 3 2 0
> VAMPIRE 2 13 3 3 3 2 0
> POWERUP BATTERY 18 7 18 4
> POWERUP BATTERY 18 13 2 4
< RES 1637333210 244 2
< GRENADE
< MOVE L L
> REQ 1637333210 245 2
> VAMPIRE 1 13 1 3 2 2 0
> VAMPIRE 4 13 1 3 2 2 0
> VAMPIRE 3 13 1 3 2 2 0
> VAMPIRE 2 13 1 3 2 2 0
> GRENADE 1 13 3 5 2
> GRENADE 4 13 3 5 2
> GRENADE 3 13 3 5 2
> GRENADE 2 13 3 5 2
> POWERUP BATTERY 17 7 18 4
> POWERUP BATTERY 17 13 2 4
< RES 1637333210 245 2
< MOVE R
> REQ 1637333210 246 2
> VAMPIRE 1 13 2 3 2 2 0
> VAMPIRE 4 13 2 3 2 2 0
> VAMPIRE 3 13 2 3 2 2 0
> VAMPIRE 2 13 2 3 2 2 0
> GRENADE 1 13 3 4 2
> GRENADE 4 13 3 4 2
> GRENADE 3 13 3 4 2
> GRENADE 2 13 3 4 2
> POWERUP BATTERY 16 7 18 4
> POWERUP BATTERY 16 13 2 4
< RES 1637333210 246 2
< MOVE L
> REQ 1637333210 247 2
> VAMPIRE 1 13 1 3 2 2 0
> VAMPIRE 4 13 1 3 2 2 0
> VAMPIRE 3 13 1 3 2 2 0
> VAMPIRE 2 13 1 3 2 2 0
> GRENADE 1 13 3 3 2
> GRENADE 4 13 3 3 2
> GRENADE 3 13 3 3 2
> GRENADE 2 13 3 3 2
> POWERUP BATTERY 15 7 18 4
> POWERUP BATTERY 15 13 2 4
< RES 1637333210 247 2
< GRENADE
> REQ 1637333210 248 2
> VAMPIRE 1 13 1 3 1 2 0
> VAMPIRE 4 13 1 3 1 2 0
> VAMPIRE 3 13 1 3 1 2 0
> VAMPIRE 2 13 1 3 1 2 0
> GRENADE 1 13 3 2 2
> GRENADE 4 13 3 2 2
> GRENADE 3 13 3 2 2
> GRENADE 2 13 3 2 2
> GRENADE 1 13 1 5 2
> GRENADE 4 13 1 5 2
> GRENADE 3 13 1 5 2
> GRENADE 2 13 1 5 2
> POWERUP BATTERY 14 7 18 4
> POWERUP BATTERY 14 13 2 4
< RES 1637333210 248 2
< GRENADE
> REQ 1637333210 249 2
> VAMPIRE 1 13 1 3 0 2 0
> VAMPIRE 4 13 1 3 0 2 0
> VAMPIRE 3 13 1 3 0 2 0
> VAMPIRE 2 13 1 3 0 2 0
> GRENADE 1 13 3 1 2
> GRENADE 4 13 3 1 2
> GRENADE 3 13 3 1 2
> GRENADE 2 13 3 1 2
> GRENADE 1 13 1 4 2
> GRENADE 4 13 1 4 2
> GRENADE 3 13 1 4 2
> GRENADE 2 13 1 4 2
> GRENADE 1 13 1 5 2
> GRENADE 4 13 1 5 2
> GRENADE 3 13 1 5 2
> GRENADE 2 13 1 5 2
> POWERUP BATTERY 13 7 18 4
> POWERUP BATTERY 13 13 2 4
< RES 1637333210 249 2
< MOVE U
> REQ 1637333210 250 2
> VAMPIRE 1 12 1 2 3 2 0
> VAMPIRE 4 13 1 2 3 2 0
> VAMPIRE 3 13 1 2 3 2 0
> VAMPIRE 2 12 1 2 3 2 0
> POWERUP BATTERY 12 7 18 4
> POWERUP BATTERY 12 13 2 4
< RES 1637333210 250 2
< GRENADE
< MOVE U R
> REQ 1637333210 251 2
> VAMPIRE 1 11 2 2 3 2 0
> VAMPIRE 4 13 3 2 3 2 0
> VAMPIRE 3 13 3 2 3 2 0
> VAMPIRE 2 11 2 2 3 2 0
> POWERUP BATTERY 11 7 18 4
> POWERUP BATTERY 11 13 2 4
< RES 1637333210 251 2
< MOVE R D
> REQ 1637333210 252 2
> VAMPIRE 1 12 3 2 3 2 0
> VAMPIRE 4 13 1 2 3 2 0
> VAMPIRE 3 13 1 2 3 2 0
> VAMPIRE 2 12 3 2 3 2 0
> POWERUP BATTERY 10 7 18 4
> POWERUP BATTERY 10 13 2 4
< RES 1637333210 252 2
< MOVE D L
> REQ 1637333210 253 2
> VAMPIRE 1 13 2 2 3 2 0
> VAMPIRE 4 13 3 2 2 2 0
> VAMPIRE 3 13 3 2 2 2 0
> VAMPIRE 2 13 2 2 3 2 0
> GRENADE 4 13 1 5 2
> GRENADE 3 13 1 5 2
> POWERUP BATTERY 9 7 18 4
> POWERUP BATTERY 9 13 2 4
< RES 1637333210 253 2
< GRENADE
> REQ 1637333210 254 2
> VAMPIRE 1 13 2 2 2 2 0
> VAMPIRE 4 13 3 2 1 2 0
> VAMPIRE 3 13 3 2 1 2 0
> VAMPIRE 2 13 2 2 2 2 0
> GRENADE 4 13 1 4 2
> GRENADE 3 13 1 4 2
> GRENADE 1 13 2 5 2
> GRENADE 4 13 3 5 2
> GRENADE 3 13 3 5 2
> GRENADE 2 13 2 5 2
> POWERUP BATTERY 8 7 18 4
> POWERUP BATTERY 8 13 2 4
< RES 1637333210 254 2
> REQ 1637333210 255 2
> VAMPIRE 1 13 2 2 2 2 0
> VAMPIRE 4 11 3 2 0 2 0
> VAMPIRE 3 11 3 2 0 2 0
> VAMPIRE 2 13 2 2 2 2 0
> GRENADE 4 13 1 3 2
> GRENADE 3 13 1 3 2
> GRENADE 1 13 2 4 2
> GRENADE 4 13 3 4 2
> GRENADE 3 13 3 4 2
> GRENADE 2 13 2 4 2
> GRENADE 4 13 3 5 2
> GRENADE 3 13 3 5 2
> POWERUP BATTERY 7 7 18 4
> POWERUP BATTERY 7 13 2 4
< RES 1637333210 255 2
> REQ 1637333210 256 2
> VAMPIRE 1 13 2 2 2 2 0
> VAMPIRE 4 11 5 2 0 2 0
> VAMPIRE 3 11 5 2 0 2 0
> VAMPIRE 2 13 2 2 2 2 0
> GRENADE 4 13 1 2 2
> GRENADE 3 13 1 2 2
> GRENADE 1 13 2 3 2
> GRENADE 4 13 3 3 2
> GRENADE 3 13 3 3 2
> GRENADE 2 13 2 3 2
> GRENADE 4 13 3 4 2
> GRENADE 3 13 3 4 2
> POWERUP BATTERY 6 7 18 4
> POWERUP BATTERY 6 13 2 4
< RES 1637333210 256 2
< GRENADE
> REQ 1637333210 257 2
> VAMPIRE 1 13 2 2 1 3 0
> VAMPIRE 4 11 4 2 0 2 0
> VAMPIRE 3 11 4 2 0 2 0
> VAMPIRE 2 13 2 2 1 3 0
> GRENADE 4 13 1 1 2
> GRENADE 3 13 1 1 2
> GRENADE 1 13 2 2 2
> GRENADE 4 13 3 2 2
> GRENADE 3 13 3 2 2
> GRENADE 2 13 2 2 2
> GRENADE 4 13 3 3 2
> GRENADE 3 13 3 3 2
> GRENADE 1 13 2 5 3
> GRENADE 2 13 2 5 3
> POWERUP BATTERY 5 7 18 4
< RES 1637333210 257 2
< THROW XU 2
> REQ 1637333210 258 2
> VAMPIRE 1 13 2 1 3 3 0
> VAMPIRE 4 10 5 2 3 2 0
> VAMPIRE 3 10 5 2 3 2 0
> VAMPIRE 2 13 2 1 3 3 0
> POWERUP BATTERY 4 7 18 4
< RES 1637333210 258 2
< MOVE R
> REQ 1637333210 259 2
> VAMPIRE 1 13 2 1 3 3 0
> VAMPIRE 4 8 5 2 3 2 0
> VAMPIRE 3 8 5 2 3 2 0
> VAMPIRE 2 13 3 1 3 3 0
> POWERUP BATTERY 3 7 18 4
< RES 1637333210 259 2
< GRENADE
< MOVE L L
> REQ 1637333210 260 2
> VAMPIRE 1 13 1 1 3 3 0
> VAMPIRE 4 7 6 2 3 2 0
> VAMPIRE 3 7 6 2 3 2 0
> VAMPIRE 2 13 1 1 3 3 0
> POWERUP BATTERY 2 7 18 4
< RES 1637333210 260 2
< MOVE R R
> REQ 1637333210 261 2
> VAMPIRE 1 13 3 1 3 3 0
> VAMPIRE 4 7 7 2 3 2 0
> VAMPIRE 3 7 7 2 3 2 0
> VAMPIRE 2 13 3 1 3 3 0
> POWERUP BATTERY 1 7 18 4
< RES 1637333210 261 2
< MOVE R R
> REQ 1637333210 262 2
> VAMPIRE 1 13 5 1 3 3 0
> VAMPIRE 4 9 7 2 3 2 0
> VAMPIRE 3 9 7 2 3 2 0
> VAMPIRE 2 13 5 1 3 3 0
< RES 1637333210 262 2
< MOVE R R
> REQ 1637333210 263 2
> VAMPIRE 1 13 7 1 3 3 0
> VAMPIRE 4 9 9 2 3 2 0
> VAMPIRE 3 9 9 2 3 2 0
> VAMPIRE 2 13 7 1 3 3 0
< RES 1637333210 263 2
< MOVE R R
> REQ 1637333210 264 2
> VAMPIRE 1 13 9 1 3 3 0
> VAMPIRE 4 9 9 2 3 2 0
> VAMPIRE 3 9 9 2 3 2 0
> VAMPIRE 2 13 9 1 3 3 0
< RES 1637333210 264 2
< MOVE U U
> REQ 1637333210 265 2
> VAMPIRE 1 11 9 1 3 3 0
> VAMPIRE 4 7 9 2 3 2 0
> VAMPIRE 3 7 9 2 3 2 0
> VAMPIRE 2 11 9 1 3 3 0
< RES 1637333210 265 2
< MOVE R R
> REQ 1637333210 266 2
> VAMPIRE 1 11 11 1 3 3 0
> VAMPIRE 4 7 11 2 3 2 0
> VAMPIRE 3 7 11 2 3 2 0
> VAMPIRE 2 11 11 1 3 3 0
< RES 1637333210 266 2
< MOVE L L
> REQ 1637333210 267 2
> VAMPIRE 1 11 9 1 3 3 0
> VAMPIRE 4 7 9 2 3 2 0
> VAMPIRE 3 7 9 2 3 2 0
> VAMPIRE 2 11 9 1 3 3 0
< RES 1637333210 267 2
< MOVE R R
> REQ 1637333210 268 2
> VAMPIRE 1 11 11 1 3 3 0
> VAMPIRE 4 7 11 2 3 2 0
> VAMPIRE 3 7 11 2 3 2 0
> VAMPIRE 2 11 11 1 3 3 0
< RES 1637333210 268 2
< MOVE L L
> REQ 1637333210 269 2
> VAMPIRE 1 11 9 1 3 3 0
> VAMPIRE 4 7 9 2 3 2 0
> VAMPIRE 3 7 9 2 3 2 0
> VAMPIRE 2 11 9 1 3 3 0
< RES 1637333210 269 2
< MOVE R R
> REQ 1637333210 270 2
> VAMPIRE 1 11 11 1 3 3 0
> VAMPIRE 4 7 11 2 3 2 0
> VAMPIRE 3 7 11 2 3 2 0
> VAMPIRE 2 11 11 1 3 3 0
< RES 1637333210 270 2
< MOVE L L
> REQ 1637333210 271 2
> VAMPIRE 1 11 9 1 3 3 0
> VAMPIRE 4 7 9 2 3 2 0
> VAMPIRE 3 7 9 2 3 2 0
> VAMPIRE 2 11 9 1 3 3 0
< RES 1637333210 271 2
< MOVE R R
> REQ 1637333210 272 2
> VAMPIRE 1 11 11 1 3 3 0
> VAMPIRE 4 7 11 2 3 2 0
> VAMPIRE 3 7 11 2 3 2 0
> VAMPIRE 2 11 11 1 3 3 0
< RES 1637333210 272 2
< MOVE L L
> REQ 1637333210 273 2
> VAMPIRE 1 11 9 1 3 3 0
> VAMPIRE 4 7 9 2 3 2 0
> VAMPIRE 3 7 9 2 3 2 0
> VAMPIRE 2 11 9 1 3 3 0
< RES 1637333210 273 2
< MOVE R R
> REQ 1637333210 274 2
> VAMPIRE 1 11 11 1 3 3 0
> VAMPIRE 4 7 11 2 3 2 0
> VAMPIRE 3 7 11 2 3 2 0
> VAMPIRE 2 11 11 1 3 3 0
< RES 1637333210 274 2
< MOVE L L
> REQ 1637333210 275 2
> VAMPIRE 1 11 9 1 3 3 0
> VAMPIRE 4 7 9 2 3 2 0
> VAMPIRE 3 7 9 2 3 2 0
> VAMPIRE 2 11 9 1 3 3 0
< RES 1637333210 275 2
< MOVE R R
> REQ 1637333210 276 2
> VAMPIRE 1 11 11 1 3 3 0
> VAMPIRE 4 7 11 2 3 2 0
> VAMPIRE 3 7 11 2 3 2 0
> VAMPIRE 2 11 11 1 3 3 0
> POWERUP GRENADE -5 1 15 6
> POWERUP GRENADE -5 19 5 6
< RES 1637333210 276 2
< MOVE L L
> REQ 1637333210 277 2
> VAMPIRE 1 11 9 1 3 3 0
> VAMPIRE 4 5 11 2 3 2 0
> VAMPIRE 3 5 11 2 3 2 0
> VAMPIRE 2 11 9 1 3 3 0
> POWERUP GRENADE -4 1 15 6
> POWERUP GRENADE -4 19 5 6
< RES 1637333210 277 2
< MOVE R R
> REQ 1637333210 278 2
> VAMPIRE 1 11 11 1 3 3 0
> VAMPIRE 4 3 11 2 3 2 0
> VAMPIRE 3 3 11 2 3 2 0
> VAMPIRE 2 11 11 1 3 3 0
> POWERUP GRENADE -3 1 15 6
> POWERUP GRENADE -3 19 5 6
< RES 1637333210 278 2
< MOVE L L
> REQ 1637333210 279 2
> VAMPIRE 1 11 9 1 3 3 0
> VAMPIRE 4 1 11 2 3 2 0
> VAMPIRE 3 1 11 2 3 2 0
> VAMPIRE 2 11 9 1 3 3 0
> POWERUP GRENADE -2 1 15 6
> POWERUP GRENADE -2 19 5 6
< RES 1637333210 279 2
< MOVE R R
> REQ 1637333210 280 2
> VAMPIRE 1 11 11 1 3 3 0
> VAMPIRE 4 1 13 2 3 2 0
> VAMPIRE 3 1 13 2 3 2 0
> VAMPIRE 2 11 11 1 3 3 0
> POWERUP GRENADE -1 1 15 6
> POWERUP GRENADE -1 19 5 6
< RES 1637333210 280 2
< MOVE L L
> REQ 1637333210 281 2
> VAMPIRE 1 11 9 1 3 3 0
> VAMPIRE 4 1 15 2 3 2 0
> VAMPIRE 3 1 15 2 3 2 0
> VAMPIRE 2 11 9 1 3 3 0
> POWERUP GRENADE 11 1 15 6
> POWERUP GRENADE 11 19 5 6
< RES 1637333210 281 2
< MOVE R R
> REQ 1637333210 282 2
> VAMPIRE 1 11 11 1 3 3 0
> VAMPIRE 4 1 15 2 3 2 0
> VAMPIRE 3 1 15 2 3 2 0
> VAMPIRE 2 11 11 1 3 3 0
> POWERUP GRENADE 10 1 15 6
> POWERUP GRENADE 10 19 5 6
< RES 1637333210 282 2
< MOVE L L
> REQ 1637333210 283 2
> VAMPIRE 1 11 9 1 3 3 0
> VAMPIRE 4 1 15 2 3 2 0
> VAMPIRE 3 1 15 2 3 2 0
> VAMPIRE 2 11 9 1 3 3 0
> POWERUP GRENADE 9 1 15 6
> POWERUP GRENADE 9 19 5 6
< RES 1637333210 283 2
< MOVE R R
> REQ 1637333210 284 2
> VAMPIRE 1 11 11 1 3 3 0
> VAMPIRE 4 1 15 2 3 2 0
> VAMPIRE 3 1 15 2 3 2 0
> VAMPIRE 2 11 11 1 3 3 0
> POWERUP GRENADE 8 1 15 6
> POWERUP GRENADE 8 19 5 6
< RES 1637333210 284 2
< MOVE L L
> REQ 1637333210 285 2
> VAMPIRE 1 11 9 1 3 3 0
> VAMPIRE 4 1 15 2 3 2 0
> VAMPIRE 3 1 15 2 3 2 0
> VAMPIRE 2 11 9 1 3 3 0
> POWERUP GRENADE 7 1 15 6
> POWERUP GRENADE 7 19 5 6
< RES 1637333210 285 2
< MOVE R R
> REQ 1637333210 286 2
> VAMPIRE 1 11 11 1 3 3 0
> VAMPIRE 4 1 15 2 3 2 0
> VAMPIRE 3 1 15 2 3 2 0
> VAMPIRE 2 11 11 1 3 3 0
> POWERUP GRENADE 6 1 15 6
> POWERUP GRENADE 6 19 5 6
< RES 1637333210 286 2
< MOVE L L
> REQ 1637333210 287 2
> VAMPIRE 1 11 9 1 3 3 0
> VAMPIRE 4 1 15 2 4 2 0
> VAMPIRE 3 1 15 2 4 2 0
> VAMPIRE 2 11 9 1 3 3 0
> POWERUP GRENADE 5 19 5 6
< RES 1637333210 287 2
< MOVE R R
> REQ 1637333210 288 2
> VAMPIRE 1 11 11 1 3 3 0
> VAMPIRE 4 3 15 2 4 2 0
> VAMPIRE 3 3 15 2 4 2 0
> VAMPIRE 2 11 11 1 3 3 0
> POWERUP GRENADE 4 19 5 6
< RES 1637333210 288 2
< MOVE L L
> REQ 1637333210 289 2
> VAMPIRE 1 11 9 1 3 3 0
> VAMPIRE 4 3 13 2 4 2 0
> VAMPIRE 3 3 13 2 4 2 0
> VAMPIRE 2 11 9 1 3 3 0
> POWERUP GRENADE 3 19 5 6
< RES 1637333210 289 2
< MOVE R R
> REQ 1637333210 290 2
> VAMPIRE 1 11 11 1 3 3 0
> VAMPIRE 4 5 13 2 4 2 0
> VAMPIRE 3 5 13 2 4 2 0
> VAMPIRE 2 11 11 1 3 3 0
> POWERUP GRENADE 2 19 5 6
< RES 1637333210 290 2
< MOVE L L
> REQ 1637333210 291 2
> VAMPIRE 1 11 9 1 3 3 0
> VAMPIRE 4 5 11 2 4 2 0
> VAMPIRE 3 5 11 2 4 2 0
> VAMPIRE 2 11 9 1 3 3 0
> POWERUP GRENADE 1 19 5 6
< RES 1637333210 291 2
< MOVE R R
> REQ 1637333210 292 2
> VAMPIRE 1 11 11 1 3 3 0
> VAMPIRE 4 7 11 2 4 2 0
> VAMPIRE 3 7 11 2 4 2 0
> VAMPIRE 2 11 11 1 3 3 0
< RES 1637333210 292 2
< MOVE L L
> REQ 1637333210 293 2
> VAMPIRE 1 11 9 1 3 3 0
> VAMPIRE 4 7 9 2 4 2 0
> VAMPIRE 3 7 9 2 4 2 0
> VAMPIRE 2 11 9 1 3 3 0
< RES 1637333210 293 2
< MOVE R R
> REQ 1637333210 294 2
> VAMPIRE 1 11 11 1 3 3 0
> VAMPIRE 4 7 11 2 4 2 0
> VAMPIRE 3 7 11 2 4 2 0
> VAMPIRE 2 11 11 1 3 3 0
< RES 1637333210 294 2
< MOVE L L
> REQ 1637333210 295 2
> VAMPIRE 1 11 9 1 3 3 0
> VAMPIRE 4 7 9 2 4 2 0
> VAMPIRE 3 7 9 2 4 2 0
> VAMPIRE 2 11 9 1 3 3 0
< RES 1637333210 295 2
< MOVE R R
> REQ 1637333210 296 2
> VAMPIRE 1 11 11 1 3 3 0
> VAMPIRE 4 7 11 2 4 2 0
> VAMPIRE 3 7 11 2 4 2 0
> VAMPIRE 2 11 11 1 3 3 0
< RES 1637333210 296 2
< MOVE L L
> REQ 1637333210 297 2
> VAMPIRE 1 11 9 1 3 3 0
> VAMPIRE 4 7 9 2 4 2 0
> VAMPIRE 3 7 9 2 4 2 0
> VAMPIRE 2 11 9 1 3 3 0
< RES 1637333210 297 2
< MOVE R R
> REQ 1637333210 298 2
> VAMPIRE 1 11 11 1 3 3 0
> VAMPIRE 4 7 11 2 4 2 0
> VAMPIRE 3 7 11 2 4 2 0
> VAMPIRE 2 11 11 1 3 3 0
< RES 1637333210 298 2
< MOVE L L
> REQ 1637333210 299 2
> VAMPIRE 1 11 9 1 3 3 0
> VAMPIRE 4 7 9 2 4 2 0
> VAMPIRE 3 7 9 2 4 2 0
> VAMPIRE 2 11 9 1 3 3 0
> POWERUP TOMATO -6 6 3 5
> POWERUP TOMATO -6 14 17 5
< RES 1637333210 299 2
< MOVE U U
> REQ 1637333210 300 2
> VAMPIRE 1 9 9 1 3 3 0
> VAMPIRE 4 7 7 2 4 2 0
> VAMPIRE 3 7 7 2 4 2 0
> VAMPIRE 2 9 9 1 3 3 0
> POWERUP TOMATO -5 6 3 5
> POWERUP TOMATO -5 14 17 5
< RES 1637333210 300 2
< MOVE U U
> REQ 1637333210 301 2
> VAMPIRE 1 7 9 1 3 3 0
> VAMPIRE 4 7 5 2 4 2 0
> VAMPIRE 3 7 5 2 4 2 0
> VAMPIRE 2 7 9 1 3 3 0
> POWERUP TOMATO -4 6 3 5
> POWERUP TOMATO -4 14 17 5
< RES 1637333210 301 2
< MOVE L L
> REQ 1637333210 302 2
> VAMPIRE 1 7 7 1 3 3 0
> VAMPIRE 4 7 3 2 4 2 0
> VAMPIRE 3 7 3 2 4 2 0
> VAMPIRE 2 7 7 1 3 3 0
> POWERUP TOMATO -3 6 3 5
> POWERUP TOMATO -3 14 17 5
< RES 1637333210 302 2
< MOVE L L
> REQ 1637333210 303 2
> VAMPIRE 1 7 5 1 3 3 0
> VAMPIRE 4 6 3 2 4 2 0
> VAMPIRE 3 6 3 2 4 2 0
> VAMPIRE 2 7 5 1 3 3 0
> POWERUP TOMATO -2 6 3 5
> POWERUP TOMATO -2 14 17 5
< RES 1637333210 303 2
< MOVE L L
> REQ 1637333210 304 2
> VAMPIRE 1 7 3 1 3 3 0
> VAMPIRE 4 6 3 2 3 2 0
> VAMPIRE 3 6 3 2 3 2 0
> VAMPIRE 2 7 3 1 3 3 0
> GRENADE 4 6 3 5 2
> GRENADE 3 6 3 5 2
> POWERUP TOMATO -1 6 3 5
> POWERUP TOMATO -1 14 17 5
< RES 1637333210 304 2
> REQ 1637333210 305 2
> VAMPIRE 1 7 3 1 3 3 0
> VAMPIRE 4 5 2 2 2 2 0
> VAMPIRE 3 5 2 2 2 2 0
> VAMPIRE 2 7 3 1 3 3 0
> GRENADE 4 6 3 4 2
> GRENADE 3 6 3 4 2
> GRENADE 4 6 3 5 2
> GRENADE 3 6 3 5 2
> POWERUP TOMATO 12 6 3 5
> POWERUP TOMATO 12 14 17 5
< RES 1637333210 305 2
< MOVE R R
> REQ 1637333210 306 2
> VAMPIRE 1 7 5 1 3 3 0
> VAMPIRE 4 5 2 2 2 2 0
> VAMPIRE 3 5 2 2 2 2 0
> VAMPIRE 2 7 5 1 3 3 0
> GRENADE 4 6 3 3 2
> GRENADE 3 6 3 3 2
> GRENADE 4 6 3 4 2
> GRENADE 3 6 3 4 2
> POWERUP TOMATO 11 6 3 5
> POWERUP TOMATO 11 14 17 5
< RES 1637333210 306 2
< MOVE R R
> REQ 1637333210 307 2
> VAMPIRE 1 7 7 1 3 3 0
> VAMPIRE 4 6 1 2 2 2 0
> VAMPIRE 3 6 1 2 2 2 0
> VAMPIRE 2 7 7 1 3 3 0
> GRENADE 4 6 3 2 2
> GRENADE 3 6 3 2 2
> GRENADE 4 6 3 3 2
> GRENADE 3 6 3 3 2
> POWERUP TOMATO 10 6 3 5
> POWERUP TOMATO 10 14 17 5
< RES 1637333210 307 2
< MOVE L L
> REQ 1637333210 308 2
> VAMPIRE 1 7 5 1 3 3 0
> VAMPIRE 4 7 2 2 2 2 0
> VAMPIRE 3 7 2 2 2 2 0
> VAMPIRE 2 7 5 1 3 3 0
> GRENADE 4 6 3 1 2
> GRENADE 3 6 3 1 2
> GRENADE 4 6 3 2 2
> GRENADE 3 6 3 2 2
> POWERUP TOMATO 9 6 3 5
> POWERUP TOMATO 9 14 17 5
< RES 1637333210 308 2
< MOVE L L
> REQ 1637333210 309 2
> VAMPIRE 1 7 3 1 3 3 0
> VAMPIRE 4 7 2 2 4 2 0
> VAMPIRE 3 7 2 2 4 2 0
> VAMPIRE 2 7 3 1 3 3 0
> POWERUP TOMATO 8 6 3 5
> POWERUP TOMATO 8 14 17 5
< RES 1637333210 309 2
< GRENADE
< MOVE U U
> REQ 1637333210 310 2
> VAMPIRE 1 5 3 1 2 3 0
> VAMPIRE 4 7 1 2 4 2 0
> VAMPIRE 3 7 1 2 4 2 0
> VAMPIRE 2 5 3 1 2 3 0
> GRENADE 1 7 3 5 3
> GRENADE 2 7 3 5 3
> POWERUP TOMATO 7 6 3 5
> POWERUP TOMATO 7 14 17 5
< RES 1637333210 310 2
< MOVE D
> REQ 1637333210 311 2
> VAMPIRE 1 6 3 1 2 3 0
> VAMPIRE 4 5 1 2 4 2 0
> VAMPIRE 3 5 1 2 4 2 0
> VAMPIRE 2 6 3 1 2 3 0
> GRENADE 1 7 3 4 3
> GRENADE 2 7 3 4 3
> POWERUP TOMATO 6 6 3 5
> POWERUP TOMATO 6 14 17 5
< RES 1637333210 311 2
< GRENADE
> REQ 1637333210 312 2
> VAMPIRE 1 6 3 1 1 3 0
> VAMPIRE 4 5 3 2 4 2 0
> VAMPIRE 3 5 3 2 4 2 0
> VAMPIRE 2 6 3 1 1 3 0
> GRENADE 1 7 3 3 3
> GRENADE 2 7 3 3 3
> GRENADE 1 6 3 5 3
> GRENADE 2 6 3 5 3
> POWERUP TOMATO 5 6 3 5
> POWERUP TOMATO 5 14 17 5
< RES 1637333210 312 2
< MOVE U
> REQ 1637333210 313 2
> VAMPIRE 1 6 3 1 1 3 0
> VAMPIRE 4 5 5 2 3 2 0
> VAMPIRE 3 5 5 2 3 2 0
> VAMPIRE 2 6 3 1 1 3 0
> GRENADE 1 7 3 2 3
> GRENADE 2 7 3 2 3
> GRENADE 1 6 3 4 3
> GRENADE 2 6 3 4 3
> GRENADE 4 5 3 5 2
> GRENADE 3 5 3 5 2
> POWERUP TOMATO 4 6 3 5
> POWERUP TOMATO 4 14 17 5
< RES 1637333210 313 2
< GRENADE
> REQ 1637333210 314 2
> VAMPIRE 1 6 3 1 0 3 0
> VAMPIRE 4 5 6 2 3 2 0
> VAMPIRE 3 5 6 2 3 2 0
> VAMPIRE 2 6 3 1 0 3 0
> GRENADE 1 7 3 1 3
> GRENADE 2 7 3 1 3
> GRENADE 1 6 3 3 3
> GRENADE 2 6 3 3 3
> GRENADE 4 5 3 4 2
> GRENADE 3 5 3 4 2
> GRENADE 1 6 3 5 3
> GRENADE 2 6 3 5 3
> POWERUP TOMATO 3 6 3 5
> POWERUP TOMATO 3 14 17 5
< RES 1637333210 314 2
< THROW XR 2
> END 604 Could_not_be_more_deaded
