> MESSAGE OK
> LEVEL 3
> GAMEID 1637329187
> TEST 1
> MAXTICK 1000
> GRENADERADIUS 2
> SIZE 19
> REQ 1637329187 0 1
> VAMPIRE 1 17 17 3 1 2 0
> VAMPIRE 3 1 1 3 1 2 0
> VAMPIRE 4 17 1 3 1 2 0
> VAMPIRE 2 1 17 3 1 2 0
> BAT1 9 1 1 5 17 5 5 7 9 7 13 7 7 8 11 8 1 9 3 9 5 9 13 9 15 9 17 9 7 10 11 10 5 11 9 11 13 11 1 13 17 13 9 17
> BAT2 5 1 13 1 7 4 9 4 11 4 6 5 8 5 10 5 12 5 3 6 7 6 11 6 15 6 2 7 4 7 14 7 16 7 3 8 15 8 6 9 12 9 3 10 15 10 2 11 4 11 14 11 16 11 3 12 7 12 11 12 15 12 6 13 8 13 10 13 12 13 7 14 9 14 11 14 5 17 13 17
> BAT3 3 2 7 2 11 2 15 2 2 3 4 3 6 3 8 3 10 3 12 3 14 3 16 3 3 4 15 4 9 6 8 9 10 9 9 12 3 14 15 14 2 15 4 15 6 15 8 15 10 15 12 15 14 15 16 15 3 16 7 16 11 16 15 16
< RES 1637329187 0 1
< MOVE L L
> REQ 1637329187 1 1
> VAMPIRE 1 17 15 3 1 2 0
> VAMPIRE 3 1 3 3 1 2 0
> VAMPIRE 4 17 3 3 1 2 0
> VAMPIRE 2 1 15 3 1 2 0
> BAT1 9 1 1 5 17 5 5 7 9 7 13 7 7 8 11 8 1 9 3 9 5 9 13 9 15 9 17 9 7 10 11 10 5 11 9 11 13 11 1 13 17 13 9 17
> BAT2 5 1 13 1 7 4 9 4 11 4 6 5 8 5 10 5 12 5 3 6 7 6 11 6 15 6 2 7 4 7 14 7 16 7 3 8 15 8 6 9 12 9 3 10 15 10 2 11 4 11 14 11 16 11 3 12 7 12 11 12 15 12 6 13 8 13 10 13 12 13 7 14 9 14 11 14 5 17 13 17
> BAT3 3 2 7 2 11 2 15 2 2 3 4 3 6 3 8 3 10 3 12 3 14 3 16 3 3 4 15 4 9 6 8 9 10 9 9 12 3 14 15 14 2 15 4 15 6 15 8 15 10 15 12 15 14 15 16 15 3 16 7 16 11 16 15 16
< RES 1637329187 1 1
< GRENADE
> REQ 1637329187 2 1
> VAMPIRE 1 17 15 3 0 2 0
> VAMPIRE 3 1 1 3 0 2 0
> VAMPIRE 4 17 1 3 0 2 0
> VAMPIRE 2 1 15 3 0 2 0
> GRENADE 1 17 15 5 2
> GRENADE 3 1 3 5 2
> GRENADE 4 17 3 5 2
> GRENADE 2 1 15 5 2
> BAT1 9 1 1 5 17 5 5 7 9 7 13 7 7 8 11 8 1 9 3 9 5 9 13 9 15 9 17 9 7 10 11 10 5 11 9 11 13 11 1 13 17 13 9 17
> BAT2 5 1 13 1 7 4 9 4 11 4 6 5 8 5 10 5 12 5 3 6 7 6 11 6 15 6 2 7 4 7 14 7 16 7 3 8 15 8 6 9 12 9 3 10 15 10 2 11 4 11 14 11 16 11 3 12 7 12 11 12 15 12 6 13 8 13 10 13 12 13 7 14 9 14 11 14 5 17 13 17
> BAT3 3 2 7 2 11 2 15 2 2 3 4 3 6 3 8 3 10 3 12 3 14 3 16 3 3 4 15 4 9 6 8 9 10 9 9 12 3 14 15 14 2 15 4 15 6 15 8 15 10 15 12 15 14 15 16 15 3 16 7 16 11 16 15 16
< RES 1637329187 2 1
< THROW XU 2
> REQ 1637329187 3 1
> VAMPIRE 1 17 15 3 0 2 0
> VAMPIRE 3 3 1 3 0 2 0
> VAMPIRE 4 15 1 3 0 2 0
> VAMPIRE 2 1 15 3 0 2 0
> GRENADE 1 15 15 4 2
> GRENADE 3 1 3 4 2
> GRENADE 4 17 3 4 2
> GRENADE 2 3 15 4 2
> BAT1 9 1 1 5 17 5 5 7 9 7 13 7 7 8 11 8 1 9 3 9 5 9 13 9 15 9 17 9 7 10 11 10 5 11 9 11 13 11 1 13 17 13 9 17
> BAT2 5 1 13 1 7 4 9 4 11 4 6 5 8 5 10 5 12 5 3 6 7 6 11 6 15 6 2 7 4 7 14 7 16 7 3 8 15 8 6 9 12 9 3 10 15 10 2 11 4 11 14 11 16 11 3 12 7 12 11 12 15 12 6 13 8 13 10 13 12 13 7 14 9 14 11 14 5 17 13 17
> BAT3 3 2 7 2 11 2 15 2 2 3 4 3 6 3 8 3 10 3 12 3 14 3 16 3 3 4 15 4 9 6 8 9 10 9 9 12 3 14 15 14 2 15 4 15 6 15 8 15 10 15 12 15 14 15 16 15 3 16 7 16 11 16 15 16
< RES 1637329187 3 1
> REQ 1637329187 4 1
> VAMPIRE 1 17 15 3 0 2 0
> VAMPIRE 3 3 1 3 0 2 0
> VAMPIRE 4 15 1 3 0 2 0
> VAMPIRE 2 1 15 3 0 2 0
> GRENADE 1 15 15 3 2
> GRENADE 3 1 3 3 2
> GRENADE 4 17 3 3 2
> GRENADE 2 3 15 3 2
> BAT1 9 1 1 5 17 5 5 7 9 7 13 7 7 8 11 8 1 9 3 9 5 9 13 9 15 9 17 9 7 10 11 10 5 11 9 11 13 11 1 13 17 13 9 17
> BAT2 5 1 13 1 7 4 9 4 11 4 6 5 8 5 10 5 12 5 3 6 7 6 11 6 15 6 2 7 4 7 14 7 16 7 3 8 15 8 6 9 12 9 3 10 15 10 2 11 4 11 14 11 16 11 3 12 7 12 11 12 15 12 6 13 8 13 10 13 12 13 7 14 9 14 11 14 5 17 13 17
> BAT3 3 2 7 2 11 2 15 2 2 3 4 3 6 3 8 3 10 3 12 3 14 3 16 3 3 4 15 4 9 6 8 9 10 9 9 12 3 14 15 14 2 15 4 15 6 15 8 15 10 15 12 15 14 15 16 15 3 16 7 16 11 16 15 16
< RES 1637329187 4 1
> REQ 1637329187 5 1
> VAMPIRE 1 17 15 3 0 2 0
> VAMPIRE 3 3 1 3 0 2 0
> VAMPIRE 4 15 1 3 0 2 0
> VAMPIRE 2 1 15 3 0 2 0
> GRENADE 1 15 15 2 2
> GRENADE 3 1 3 2 2
> GRENADE 4 17 3 2 2
> GRENADE 2 3 15 2 2
> BAT1 9 1 1 5 17 5 5 7 9 7 13 7 7 8 11 8 1 9 3 9 5 9 13 9 15 9 17 9 7 10 11 10 5 11 9 11 13 11 1 13 17 13 9 17
> BAT2 5 1 13 1 7 4 9 4 11 4 6 5 8 5 10 5 12 5 3 6 7 6 11 6 15 6 2 7 4 7 14 7 16 7 3 8 15 8 6 9 12 9 3 10 15 10 2 11 4 11 14 11 16 11 3 12 7 12 11 12 15 12 6 13 8 13 10 13 12 13 7 14 9 14 11 14 5 17 13 17
> BAT3 3 2 7 2 11 2 15 2 2 3 4 3 6 3 8 3 10 3 12 3 14 3 16 3 3 4 15 4 9 6 8 9 10 9 9 12 3 14 15 14 2 15 4 15 6 15 8 15 10 15 12 15 14 15 16 15 3 16 7 16 11 16 15 16
< RES 1637329187 5 1
> REQ 1637329187 6 1
> VAMPIRE 1 17 15 3 0 2 0
> VAMPIRE 3 3 1 3 0 2 0
> VAMPIRE 4 15 1 3 0 2 0
> VAMPIRE 2 1 15 3 0 2 0
> GRENADE 1 15 15 1 2
> GRENADE 3 1 3 1 2
> GRENADE 4 17 3 1 2
> GRENADE 2 3 15 1 2
> BAT1 9 1 1 5 17 5 5 7 9 7 13 7 7 8 11 8 1 9 3 9 5 9 13 9 15 9 17 9 7 10 11 10 5 11 9 11 13 11 1 13 17 13 9 17
> BAT2 5 1 13 1 7 4 9 4 11 4 6 5 8 5 10 5 12 5 3 6 7 6 11 6 15 6 2 7 4 7 14 7 16 7 3 8 15 8 6 9 12 9 3 10 15 10 2 11 4 11 14 11 16 11 3 12 7 12 11 12 15 12 6 13 8 13 10 13 12 13 7 14 9 14 11 14 5 17 13 17
> BAT3 3 2 7 2 11 2 15 2 2 3 4 3 6 3 8 3 10 3 12 3 14 3 16 3 3 4 15 4 9 6 8 9 10 9 9 12 3 14 15 14 2 15 4 15 6 15 8 15 10 15 12 15 14 15 16 15 3 16 7 16 11 16 15 16
< RES 1637329187 6 1
> REQ 1637329187 7 1
> VAMPIRE 1 17 15 3 1 2 0
> VAMPIRE 3 4 1 3 1 2 0
> VAMPIRE 4 14 1 3 1 2 0
> VAMPIRE 2 1 15 3 1 2 0
> BAT1 9 1 5 7 9 7 13 7 7 8 11 8 1 9 3 9 5 9 13 9 15 9 17 9 7 10 11 10 5 11 9 11 13 11 1 13 17 13 9 17
> BAT2 5 1 13 1 7 4 9 4 11 4 6 5 8 5 10 5 12 5 3 6 7 6 11 6 15 6 2 7 4 7 14 7 16 7 3 8 15 8 6 9 12 9 3 10 15 10 2 11 4 11 14 11 16 11 3 12 7 12 11 12 15 12 6 13 8 13 10 13 12 13 7 14 9 14 11 14 5 17 13 17 2 3 16 3 3 14 15 14 2 15 4 15 14 15 16 15 3 16 15 16
> BAT3 3 2 7 2 11 2 15 2 4 3 6 3 8 3 10 3 12 3 14 3 3 4 15 4 9 6 8 9 10 9 9 12 6 15 8 15 10 15 12 15 7 16 11 16
< RES 1637329187 7 1
< GRENADE
> REQ 1637329187 8 1
> VAMPIRE 1 17 15 3 0 2 0
> VAMPIRE 3 4 1 3 0 2 0
> VAMPIRE 4 14 1 3 0 2 0
> VAMPIRE 2 1 15 3 0 2 0
> GRENADE 1 17 15 5 2
> GRENADE 3 4 1 5 2
> GRENADE 4 14 1 5 2
> GRENADE 2 1 15 5 2
> BAT1 9 1 5 7 9 7 13 7 7 8 11 8 1 9 3 9 5 9 13 9 15 9 17 9 7 10 11 10 5 11 9 11 13 11 1 13 17 13 9 17
> BAT2 5 1 13 1 7 4 9 4 11 4 6 5 8 5 10 5 12 5 3 6 7 6 11 6 15 6 2 7 4 7 14 7 16 7 3 8 15 8 6 9 12 9 3 10 15 10 2 11 4 11 14 11 16 11 3 12 7 12 11 12 15 12 6 13 8 13 10 13 12 13 7 14 9 14 11 14 5 17 13 17 2 3 16 3 3 14 15 14 2 15 4 15 14 15 16 15 3 16 15 16
> BAT3 3 2 7 2 11 2 15 2 4 3 6 3 8 3 10 3 12 3 14 3 3 4 15 4 9 6 8 9 10 9 9 12 6 15 8 15 10 15 12 15 7 16 11 16
< RES 1637329187 8 1
< THROW XU 2
> REQ 1637329187 9 1
> VAMPIRE 1 17 15 3 0 2 0
> VAMPIRE 3 3 1 3 0 2 0
> VAMPIRE 4 15 1 3 0 2 0
> VAMPIRE 2 1 15 3 0 2 0
> GRENADE 1 15 15 4 2
> GRENADE 3 7 1 4 2
> GRENADE 4 11 1 4 2
> GRENADE 2 3 15 4 2
> BAT1 9 1 5 7 9 7 13 7 7 8 11 8 1 9 3 9 5 9 13 9 15 9 17 9 7 10 11 10 5 11 9 11 13 11 1 13 17 13 9 17
> BAT2 5 1 13 1 7 4 9 4 11 4 6 5 8 5 10 5 12 5 3 6 7 6 11 6 15 6 2 7 4 7 14 7 16 7 3 8 15 8 6 9 12 9 3 10 15 10 2 11 4 11 14 11 16 11 3 12 7 12 11 12 15 12 6 13 8 13 10 13 12 13 7 14 9 14 11 14 5 17 13 17 2 3 16 3 3 14 15 14 2 15 4 15 14 15 16 15 3 16 15 16
> BAT3 3 2 7 2 11 2 15 2 4 3 6 3 8 3 10 3 12 3 14 3 3 4 15 4 9 6 8 9 10 9 9 12 6 15 8 15 10 15 12 15 7 16 11 16
< RES 1637329187 9 1
> REQ 1637329187 10 1
> VAMPIRE 1 17 15 3 0 2 0
> VAMPIRE 3 3 1 3 0 2 0
> VAMPIRE 4 15 1 3 0 2 0
> VAMPIRE 2 1 15 3 0 2 0
> GRENADE 1 15 15 3 2
> GRENADE 3 7 1 3 2
> GRENADE 4 11 1 3 2
> GRENADE 2 3 15 3 2
> BAT1 9 1 5 7 9 7 13 7 7 8 11 8 1 9 3 9 5 9 13 9 15 9 17 9 7 10 11 10 5 11 9 11 13 11 1 13 17 13 9 17
> BAT2 5 1 13 1 7 4 9 4 11 4 6 5 8 5 10 5 12 5 3 6 7 6 11 6 15 6 2 7 4 7 14 7 16 7 3 8 15 8 6 9 12 9 3 10 15 10 2 11 4 11 14 11 16 11 3 12 7 12 11 12 15 12 6 13 8 13 10 13 12 13 7 14 9 14 11 14 5 17 13 17 2 3 16 3 3 14 15 14 2 15 4 15 14 15 16 15 3 16 15 16
> BAT3 3 2 7 2 11 2 15 2 4 3 6 3 8 3 10 3 12 3 14 3 3 4 15 4 9 6 8 9 10 9 9 12 6 15 8 15 10 15 12 15 7 16 11 16
< RES 1637329187 10 1
> REQ 1637329187 11 1
> VAMPIRE 1 17 15 3 0 2 0
> VAMPIRE 3 3 1 3 0 2 0
> VAMPIRE 4 15 1 3 0 2 0
> VAMPIRE 2 1 15 3 0 2 0
> GRENADE 1 15 15 2 2
> GRENADE 3 7 1 2 2
> GRENADE 4 11 1 2 2
> GRENADE 2 3 15 2 2
> BAT1 9 1 5 7 9 7 13 7 7 8 11 8 1 9 3 9 5 9 13 9 15 9 17 9 7 10 11 10 5 11 9 11 13 11 1 13 17 13 9 17
> BAT2 5 1 13 1 7 4 9 4 11 4 6 5 8 5 10 5 12 5 3 6 7 6 11 6 15 6 2 7 4 7 14 7 16 7 3 8 15 8 6 9 12 9 3 10 15 10 2 11 4 11 14 11 16 11 3 12 7 12 11 12 15 12 6 13 8 13 10 13 12 13 7 14 9 14 11 14 5 17 13 17 2 3 16 3 3 14 15 14 2 15 4 15 14 15 16 15 3 16 15 16
> BAT3 3 2 7 2 11 2 15 2 4 3 6 3 8 3 10 3 12 3 14 3 3 4 15 4 9 6 8 9 10 9 9 12 6 15 8 15 10 15 12 15 7 16 11 16
< RES 1637329187 11 1
> REQ 1637329187 12 1
> VAMPIRE 1 17 15 3 0 2 0
> VAMPIRE 3 3 1 3 0 2 0
> VAMPIRE 4 15 1 3 0 2 0
> VAMPIRE 2 1 15 3 0 2 0
> GRENADE 1 15 15 1 2
> GRENADE 3 7 1 1 2
> GRENADE 4 11 1 1 2
> GRENADE 2 3 15 1 2
> BAT1 9 1 5 7 9 7 13 7 7 8 11 8 1 9 3 9 5 9 13 9 15 9 17 9 7 10 11 10 5 11 9 11 13 11 1 13 17 13 9 17
> BAT2 5 1 13 1 7 4 9 4 11 4 6 5 8 5 10 5 12 5 3 6 7 6 11 6 15 6 2 7 4 7 14 7 16 7 3 8 15 8 6 9 12 9 3 10 15 10 2 11 4 11 14 11 16 11 3 12 7 12 11 12 15 12 6 13 8 13 10 13 12 13 7 14 9 14 11 14 5 17 13 17 2 3 16 3 3 14 15 14 2 15 4 15 14 15 16 15 3 16 15 16
> BAT3 3 2 7 2 11 2 15 2 4 3 6 3 8 3 10 3 12 3 14 3 3 4 15 4 9 6 8 9 10 9 9 12 6 15 8 15 10 15 12 15 7 16 11 16
< RES 1637329187 12 1
> REQ 1637329187 13 1
> VAMPIRE 1 17 15 3 1 2 0
> VAMPIRE 3 3 1 3 1 2 0
> VAMPIRE 4 15 1 3 1 2 0
> VAMPIRE 2 1 15 3 1 2 0
> BAT1 5 7 9 7 13 7 7 8 11 8 1 9 3 9 5 9 13 9 15 9 17 9 7 10 11 10 5 11 9 11 13 11 1 13 17 13 9 17 5 1 13 1 3 14 15 14 2 15 4 15 14 15 16 15 3 16 15 16
> BAT2 7 4 9 4 11 4 6 5 8 5 10 5 12 5 3 6 7 6 11 6 15 6 2 7 4 7 14 7 16 7 3 8 15 8 6 9 12 9 3 10 15 10 2 11 4 11 14 11 16 11 3 12 7 12 11 12 15 12 6 13 8 13 10 13 12 13 7 14 9 14 11 14 5 17 13 17 7 2 11 2 2 3 16 3
> BAT3 3 2 15 2 4 3 6 3 8 3 10 3 12 3 14 3 3 4 15 4 9 6 8 9 10 9 9 12 6 15 8 15 10 15 12 15 7 16 11 16
< RES 1637329187 13 1
< GRENADE
> REQ 1637329187 14 1
> VAMPIRE 1 17 15 3 0 2 0
> VAMPIRE 3 1 1 3 0 2 0
> VAMPIRE 4 17 1 3 0 2 0
> VAMPIRE 2 1 15 3 0 2 0
> GRENADE 1 17 15 5 2
> GRENADE 3 3 1 5 2
> GRENADE 4 15 1 5 2
> GRENADE 2 1 15 5 2
> BAT1 5 7 9 7 13 7 7 8 11 8 1 9 3 9 5 9 13 9 15 9 17 9 7 10 11 10 5 11 9 11 13 11 1 13 17 13 9 17 5 1 13 1 3 14 15 14 2 15 4 15 14 15 16 15 3 16 15 16
> BAT2 7 4 9 4 11 4 6 5 8 5 10 5 12 5 3 6 7 6 11 6 15 6 2 7 4 7 14 7 16 7 3 8 15 8 6 9 12 9 3 10 15 10 2 11 4 11 14 11 16 11 3 12 7 12 11 12 15 12 6 13 8 13 10 13 12 13 7 14 9 14 11 14 5 17 13 17 7 2 11 2 2 3 16 3
> BAT3 3 2 15 2 4 3 6 3 8 3 10 3 12 3 14 3 3 4 15 4 9 6 8 9 10 9 9 12 6 15 8 15 10 15 12 15 7 16 11 16
< RES 1637329187 14 1
< THROW XU 2
> REQ 1637329187 15 1
> VAMPIRE 1 17 15 3 0 2 0
> VAMPIRE 3 1 3 3 0 2 0
> VAMPIRE 4 17 3 3 0 2 0
> VAMPIRE 2 1 15 3 0 2 0
> GRENADE 1 15 15 4 2
> GRENADE 3 3 1 4 2
> GRENADE 4 15 1 4 2
> GRENADE 2 3 15 4 2
> BAT1 5 7 9 7 13 7 7 8 11 8 1 9 3 9 5 9 13 9 15 9 17 9 7 10 11 10 5 11 9 11 13 11 1 13 17 13 9 17 5 1 13 1 3 14 15 14 2 15 4 15 14 15 16 15 3 16 15 16
> BAT2 7 4 9 4 11 4 6 5 8 5 10 5 12 5 3 6 7 6 11 6 15 6 2 7 4 7 14 7 16 7 3 8 15 8 6 9 12 9 3 10 15 10 2 11 4 11 14 11 16 11 3 12 7 12 11 12 15 12 6 13 8 13 10 13 12 13 7 14 9 14 11 14 5 17 13 17 7 2 11 2 2 3 16 3
> BAT3 3 2 15 2 4 3 6 3 8 3 10 3 12 3 14 3 3 4 15 4 9 6 8 9 10 9 9 12 6 15 8 15 10 15 12 15 7 16 11 16
< RES 1637329187 15 1
> REQ 1637329187 16 1
> VAMPIRE 1 17 15 3 0 2 0
> VAMPIRE 3 1 5 3 0 2 0
> VAMPIRE 4 17 5 3 0 2 0
> VAMPIRE 2 1 15 3 0 2 0
> GRENADE 1 15 15 3 2
> GRENADE 3 3 1 3 2
> GRENADE 4 15 1 3 2
> GRENADE 2 3 15 3 2
> BAT1 5 7 9 7 13 7 7 8 11 8 1 9 3 9 5 9 13 9 15 9 17 9 7 10 11 10 5 11 9 11 13 11 1 13 17 13 9 17 5 1 13 1 3 14 15 14 2 15 4 15 14 15 16 15 3 16 15 16
> BAT2 7 4 9 4 11 4 6 5 8 5 10 5 12 5 3 6 7 6 11 6 15 6 2 7 4 7 14 7 16 7 3 8 15 8 6 9 12 9 3 10 15 10 2 11 4 11 14 11 16 11 3 12 7 12 11 12 15 12 6 13 8 13 10 13 12 13 7 14 9 14 11 14 5 17 13 17 7 2 11 2 2 3 16 3
> BAT3 3 2 15 2 4 3 6 3 8 3 10 3 12 3 14 3 3 4 15 4 9 6 8 9 10 9 9 12 6 15 8 15 10 15 12 15 7 16 11 16
< RES 1637329187 16 1
> REQ 1637329187 17 1
> VAMPIRE 1 17 15 3 0 2 0
> VAMPIRE 3 3 5 3 0 2 0
> VAMPIRE 4 15 5 3 0 2 0
> VAMPIRE 2 1 15 3 0 2 0
> GRENADE 1 15 15 2 2
> GRENADE 3 3 1 2 2
> GRENADE 4 15 1 2 2
> GRENADE 2 3 15 2 2
> BAT1 5 7 9 7 13 7 7 8 11 8 1 9 3 9 5 9 13 9 15 9 17 9 7 10 11 10 5 11 9 11 13 11 1 13 17 13 9 17 5 1 13 1 3 14 15 14 2 15 4 15 14 15 16 15 3 16 15 16
> BAT2 7 4 9 4 11 4 6 5 8 5 10 5 12 5 3 6 7 6 11 6 15 6 2 7 4 7 14 7 16 7 3 8 15 8 6 9 12 9 3 10 15 10 2 11 4 11 14 11 16 11 3 12 7 12 11 12 15 12 6 13 8 13 10 13 12 13 7 14 9 14 11 14 5 17 13 17 7 2 11 2 2 3 16 3
> BAT3 3 2 15 2 4 3 6 3 8 3 10 3 12 3 14 3 3 4 15 4 9 6 8 9 10 9 9 12 6 15 8 15 10 15 12 15 7 16 11 16
< RES 1637329187 17 1
< MOVE R R
> REQ 1637329187 18 1
> VAMPIRE 1 17 17 3 0 2 0
> VAMPIRE 3 5 5 3 0 2 0
> VAMPIRE 4 13 5 3 0 2 0
> VAMPIRE 2 1 17 3 0 2 0
> GRENADE 1 15 15 1 2
> GRENADE 3 3 1 1 2
> GRENADE 4 15 1 1 2
> GRENADE 2 3 15 1 2
> BAT1 5 7 9 7 13 7 7 8 11 8 1 9 3 9 5 9 13 9 15 9 17 9 7 10 11 10 5 11 9 11 13 11 1 13 17 13 9 17 5 1 13 1 3 14 15 14 2 15 4 15 14 15 16 15 3 16 15 16
> BAT2 7 4 9 4 11 4 6 5 8 5 10 5 12 5 3 6 7 6 11 6 15 6 2 7 4 7 14 7 16 7 3 8 15 8 6 9 12 9 3 10 15 10 2 11 4 11 14 11 16 11 3 12 7 12 11 12 15 12 6 13 8 13 10 13 12 13 7 14 9 14 11 14 5 17 13 17 7 2 11 2 2 3 16 3
> BAT3 3 2 15 2 4 3 6 3 8 3 10 3 12 3 14 3 3 4 15 4 9 6 8 9 10 9 9 12 6 15 8 15 10 15 12 15 7 16 11 16
< RES 1637329187 18 1
< MOVE U U
> REQ 1637329187 19 1
> VAMPIRE 1 15 17 3 1 2 0
> VAMPIRE 3 5 3 3 1 2 0
> VAMPIRE 4 13 3 3 1 2 0
> VAMPIRE 2 3 17 3 1 2 0
> BAT1 5 7 9 7 13 7 7 8 11 8 1 9 3 9 5 9 13 9 15 9 17 9 7 10 11 10 5 11 9 11 13 11 1 13 17 13 9 17
> BAT2 7 4 9 4 11 4 6 5 8 5 10 5 12 5 3 6 7 6 11 6 15 6 2 7 4 7 14 7 16 7 3 8 15 8 6 9 12 9 3 10 15 10 2 11 4 11 14 11 16 11 3 12 7 12 11 12 15 12 6 13 8 13 10 13 12 13 7 14 9 14 11 14 5 17 13 17 3 2 7 2 11 2 15 2 2 3 16 3
> BAT3 4 3 6 3 8 3 10 3 12 3 14 3 3 4 15 4 9 6 8 9 10 9 9 12 6 15 8 15 10 15 12 15 7 16 11 16
< RES 1637329187 19 1
< GRENADE
> REQ 1637329187 20 1
> VAMPIRE 1 15 17 3 0 2 0
> VAMPIRE 3 5 5 3 1 2 0
> VAMPIRE 4 13 5 3 0 2 0
> VAMPIRE 2 3 17 3 0 2 0
> GRENADE 1 15 17 5 2
> GRENADE 4 13 3 5 2
> GRENADE 2 3 17 5 2
> BAT1 5 7 9 7 13 7 7 8 11 8 1 9 3 9 5 9 13 9 15 9 17 9 7 10 11 10 5 11 9 11 13 11 1 13 17 13 9 17
> BAT2 7 4 9 4 11 4 6 5 8 5 10 5 12 5 3 6 7 6 11 6 15 6 2 7 4 7 14 7 16 7 3 8 15 8 6 9 12 9 3 10 15 10 2 11 4 11 14 11 16 11 3 12 7 12 11 12 15 12 6 13 8 13 10 13 12 13 7 14 9 14 11 14 5 17 13 17 3 2 7 2 11 2 15 2 2 3 16 3
> BAT3 4 3 6 3 8 3 10 3 12 3 14 3 3 4 15 4 9 6 8 9 10 9 9 12 6 15 8 15 10 15 12 15 7 16 11 16
< RES 1637329187 20 1
< THROW XL 3
< MOVE L L
> REQ 1637329187 21 1
> VAMPIRE 1 15 15 3 0 2 0
> VAMPIRE 3 5 5 3 0 2 0
> VAMPIRE 4 15 5 3 0 2 0
> VAMPIRE 2 3 15 3 0 2 0
> GRENADE 1 15 14 4 2
> GRENADE 4 13 3 4 2
> GRENADE 2 3 14 4 2
> GRENADE 3 5 5 5 2
> BAT1 5 7 9 7 13 7 7 8 11 8 1 9 3 9 5 9 13 9 15 9 17 9 7 10 11 10 5 11 9 11 13 11 1 13 17 13 9 17
> BAT2 7 4 9 4 11 4 6 5 8 5 10 5 12 5 3 6 7 6 11 6 15 6 2 7 4 7 14 7 16 7 3 8 15 8 6 9 12 9 3 10 15 10 2 11 4 11 14 11 16 11 3 12 7 12 11 12 15 12 6 13 8 13 10 13 12 13 7 14 9 14 11 14 5 17 13 17 3 2 7 2 11 2 15 2 2 3 16 3
> BAT3 4 3 6 3 8 3 10 3 12 3 14 3 3 4 15 4 9 6 8 9 10 9 9 12 6 15 8 15 10 15 12 15 7 16 11 16
< RES 1637329187 21 1
< THROW L 3
> REQ 1637329187 22 1
> VAMPIRE 1 15 15 3 0 2 0
> VAMPIRE 3 5 5 3 0 2 0
> VAMPIRE 4 17 5 3 0 2 0
> VAMPIRE 2 3 15 3 0 2 0
> GRENADE 1 15 11 3 2
> GRENADE 4 13 3 3 2
> GRENADE 2 3 11 3 2
> GRENADE 3 7 5 4 2
> BAT1 5 7 9 7 13 7 7 8 11 8 1 9 3 9 5 9 13 9 15 9 17 9 7 10 11 10 5 11 9 11 13 11 1 13 17 13 9 17
> BAT2 7 4 9 4 11 4 6 5 8 5 10 5 12 5 3 6 7 6 11 6 15 6 2 7 4 7 14 7 16 7 3 8 15 8 6 9 12 9 3 10 15 10 2 11 4 11 14 11 16 11 3 12 7 12 11 12 15 12 6 13 8 13 10 13 12 13 7 14 9 14 11 14 5 17 13 17 3 2 7 2 11 2 15 2 2 3 16 3
> BAT3 4 3 6 3 8 3 10 3 12 3 14 3 3 4 15 4 9 6 8 9 10 9 9 12 6 15 8 15 10 15 12 15 7 16 11 16
< RES 1637329187 22 1
> REQ 1637329187 23 1
> VAMPIRE 1 15 15 3 0 2 0
> VAMPIRE 3 5 5 3 0 2 0
> VAMPIRE 4 17 5 3 0 2 0
> VAMPIRE 2 3 15 3 0 2 0
> GRENADE 1 15 11 2 2
> GRENADE 4 13 3 2 2
> GRENADE 2 3 11 2 2
> GRENADE 3 7 5 3 2
> BAT1 5 7 9 7 13 7 7 8 11 8 1 9 3 9 5 9 13 9 15 9 17 9 7 10 11 10 5 11 9 11 13 11 1 13 17 13 9 17
> BAT2 7 4 9 4 11 4 6 5 8 5 10 5 12 5 3 6 7 6 11 6 15 6 2 7 4 7 14 7 16 7 3 8 15 8 6 9 12 9 3 10 15 10 2 11 4 11 14 11 16 11 3 12 7 12 11 12 15 12 6 13 8 13 10 13 12 13 7 14 9 14 11 14 5 17 13 17 3 2 7 2 11 2 15 2 2 3 16 3
> BAT3 4 3 6 3 8 3 10 3 12 3 14 3 3 4 15 4 9 6 8 9 10 9 9 12 6 15 8 15 10 15 12 15 7 16 11 16
< RES 1637329187 23 1
< MOVE U U
> REQ 1637329187 24 1
> VAMPIRE 1 13 15 3 0 2 0
> VAMPIRE 3 5 5 3 0 2 0
> VAMPIRE 4 15 5 3 0 2 0
> VAMPIRE 2 3 15 3 0 2 0
> GRENADE 1 15 11 1 2
> GRENADE 4 13 3 1 2
> GRENADE 2 3 11 1 2
> GRENADE 3 7 5 2 2
> BAT1 5 7 9 7 13 7 7 8 11 8 1 9 3 9 5 9 13 9 15 9 17 9 7 10 11 10 5 11 9 11 13 11 1 13 17 13 9 17
> BAT2 7 4 9 4 11 4 6 5 8 5 10 5 12 5 3 6 7 6 11 6 15 6 2 7 4 7 14 7 16 7 3 8 15 8 6 9 12 9 3 10 15 10 2 11 4 11 14 11 16 11 3 12 7 12 11 12 15 12 6 13 8 13 10 13 12 13 7 14 9 14 11 14 5 17 13 17 3 2 7 2 11 2 15 2 2 3 16 3
> BAT3 4 3 6 3 8 3 10 3 12 3 14 3 3 4 15 4 9 6 8 9 10 9 9 12 6 15 8 15 10 15 12 15 7 16 11 16
< RES 1637329187 24 1
< MOVE L L
> REQ 1637329187 25 1
> VAMPIRE 1 13 13 3 1 2 0
> VAMPIRE 3 5 5 3 0 2 0
> VAMPIRE 4 13 5 3 1 2 0
> VAMPIRE 2 3 13 3 1 2 0
> GRENADE 3 7 5 1 2
> BAT1 5 7 9 7 13 7 7 8 11 8 1 9 3 9 5 9 13 9 15 9 17 9 7 10 11 10 5 11 9 11 13 11 1 13 17 13 9 17 3 10 15 10 2 11 4 11 14 11 16 11 3 12 15 12
> BAT2 7 4 9 4 11 4 6 5 8 5 10 5 12 5 3 6 7 6 11 6 15 6 2 7 4 7 14 7 16 7 3 8 15 8 6 9 12 9 7 12 11 12 6 13 8 13 10 13 12 13 7 14 9 14 11 14 5 17 13 17 3 2 7 2 11 2 15 2 2 3 12 3 14 3 16 3
> BAT3 4 3 6 3 8 3 10 3 3 4 15 4 9 6 8 9 10 9 9 12 6 15 8 15 10 15 12 15 7 16 11 16
< RES 1637329187 25 1
< GRENADE
> REQ 1637329187 26 1
> VAMPIRE 1 13 13 3 0 2 0
> VAMPIRE 3 5 5 3 1 2 0
> VAMPIRE 4 13 5 3 0 2 0
> VAMPIRE 2 3 13 3 0 2 0
> GRENADE 1 13 13 5 2
> GRENADE 4 13 5 5 2
> GRENADE 2 3 13 5 2
> BAT1 5 7 9 7 13 7 7 8 11 8 1 9 3 9 5 9 13 9 15 9 17 9 7 10 11 10 5 11 9 11 13 11 1 13 17 13 9 17 7 4 6 5 8 5 7 6 3 10 15 10 2 11 4 11 14 11 16 11 3 12 15 12
> BAT2 9 4 11 4 10 5 12 5 3 6 11 6 15 6 2 7 4 7 14 7 16 7 3 8 15 8 6 9 12 9 7 12 11 12 6 13 8 13 10 13 12 13 7 14 9 14 11 14 5 17 13 17 3 2 7 2 11 2 15 2 2 3 12 3 14 3 16 3
> BAT3 4 3 6 3 8 3 10 3 3 4 15 4 9 6 8 9 10 9 9 12 6 15 8 15 10 15 12 15 7 16 11 16
< RES 1637329187 26 1
< THROW XU 2
< MOVE R R
> REQ 1637329187 27 1
> VAMPIRE 1 13 15 3 0 2 0
> VAMPIRE 3 5 5 3 0 2 0
> VAMPIRE 4 13 5 3 0 2 0
> VAMPIRE 2 3 15 3 0 2 0
> GRENADE 1 11 13 4 2
> GRENADE 4 11 5 4 2
> GRENADE 2 3 11 4 2
> GRENADE 3 5 5 5 2
> BAT1 5 7 9 7 13 7 7 8 11 8 1 9 3 9 5 9 13 9 15 9 17 9 7 10 11 10 5 11 9 11 13 11 1 13 17 13 9 17 7 4 6 5 8 5 7 6 3 10 15 10 2 11 4 11 14 11 16 11 3 12 15 12
> BAT2 9 4 11 4 10 5 12 5 3 6 11 6 15 6 2 7 4 7 14 7 16 7 3 8 15 8 6 9 12 9 7 12 11 12 6 13 8 13 10 13 12 13 7 14 9 14 11 14 5 17 13 17 3 2 7 2 11 2 15 2 2 3 12 3 14 3 16 3
> BAT3 4 3 6 3 8 3 10 3 3 4 15 4 9 6 8 9 10 9 9 12 6 15 8 15 10 15 12 15 7 16 11 16
< RES 1637329187 27 1
< MOVE D D
> REQ 1637329187 28 1
> VAMPIRE 1 15 15 3 0 2 0
> VAMPIRE 3 5 5 3 0 2 0
> VAMPIRE 4 13 5 3 0 2 0
> VAMPIRE 2 3 15 3 0 2 0
> GRENADE 1 11 13 3 2
> GRENADE 4 11 5 3 2
> GRENADE 2 3 11 3 2
> GRENADE 3 7 5 4 2
> BAT1 5 7 9 7 13 7 7 8 11 8 1 9 3 9 5 9 13 9 15 9 17 9 7 10 11 10 5 11 9 11 13 11 1 13 17 13 9 17 7 4 6 5 8 5 7 6 3 10 15 10 2 11 4 11 14 11 16 11 3 12 15 12
> BAT2 9 4 11 4 10 5 12 5 3 6 11 6 15 6 2 7 4 7 14 7 16 7 3 8 15 8 6 9 12 9 7 12 11 12 6 13 8 13 10 13 12 13 7 14 9 14 11 14 5 17 13 17 3 2 7 2 11 2 15 2 2 3 12 3 14 3 16 3
> BAT3 4 3 6 3 8 3 10 3 3 4 15 4 9 6 8 9 10 9 9 12 6 15 8 15 10 15 12 15 7 16 11 16
< RES 1637329187 28 1
> REQ 1637329187 29 1
> VAMPIRE 1 15 15 3 0 2 0
> VAMPIRE 3 5 5 3 0 2 0
> VAMPIRE 4 13 5 3 0 2 0
> VAMPIRE 2 3 15 3 0 2 0
> GRENADE 1 11 13 2 2
> GRENADE 4 11 5 2 2
> GRENADE 2 3 11 2 2
> GRENADE 3 7 5 3 2
> BAT1 5 7 9 7 13 7 7 8 11 8 1 9 3 9 5 9 13 9 15 9 17 9 7 10 11 10 5 11 9 11 13 11 1 13 17 13 9 17 7 4 6 5 8 5 7 6 3 10 15 10 2 11 4 11 14 11 16 11 3 12 15 12
> BAT2 9 4 11 4 10 5 12 5 3 6 11 6 15 6 2 7 4 7 14 7 16 7 3 8 15 8 6 9 12 9 7 12 11 12 6 13 8 13 10 13 12 13 7 14 9 14 11 14 5 17 13 17 3 2 7 2 11 2 15 2 2 3 12 3 14 3 16 3
> BAT3 4 3 6 3 8 3 10 3 3 4 15 4 9 6 8 9 10 9 9 12 6 15 8 15 10 15 12 15 7 16 11 16
< RES 1637329187 29 1
< MOVE U U
> REQ 1637329187 30 1
> VAMPIRE 1 13 15 3 0 2 0
> VAMPIRE 3 5 5 3 0 2 0
> VAMPIRE 4 13 5 3 0 2 0
> VAMPIRE 2 5 15 3 0 2 0
> GRENADE 1 11 13 1 2
> GRENADE 4 11 5 1 2
> GRENADE 2 3 11 1 2
> GRENADE 3 7 5 2 2
> BAT1 5 7 9 7 13 7 7 8 11 8 1 9 3 9 5 9 13 9 15 9 17 9 7 10 11 10 5 11 9 11 13 11 1 13 17 13 9 17 7 4 6 5 8 5 7 6 3 10 15 10 2 11 4 11 14 11 16 11 3 12 15 12
> BAT2 9 4 11 4 10 5 12 5 3 6 11 6 15 6 2 7 4 7 14 7 16 7 3 8 15 8 6 9 12 9 7 12 11 12 6 13 8 13 10 13 12 13 7 14 9 14 11 14 5 17 13 17 3 2 7 2 11 2 15 2 2 3 12 3 14 3 16 3
> BAT3 4 3 6 3 8 3 10 3 3 4 15 4 9 6 8 9 10 9 9 12 6 15 8 15 10 15 12 15 7 16 11 16
< RES 1637329187 30 1
< MOVE L L
> REQ 1637329187 31 1
> VAMPIRE 1 13 13 3 1 2 0
> VAMPIRE 3 3 5 3 0 2 0
> VAMPIRE 4 13 5 3 1 2 0
> VAMPIRE 2 5 13 3 1 2 0
> GRENADE 3 7 5 1 2
> BAT1 5 7 9 7 13 7 7 8 11 8 1 9 3 9 5 9 13 9 15 9 17 9 7 10 11 10 5 11 9 11 13 11 1 13 17 13 9 17 7 4 11 4 6 5 8 5 10 5 12 5 7 6 11 6 15 10 14 11 16 11 11 12 15 12 10 13 12 13 11 14
> BAT2 9 4 3 6 15 6 2 7 4 7 14 7 16 7 3 8 15 8 6 9 12 9 7 12 6 13 8 13 7 14 9 14 5 17 13 17 3 2 7 2 11 2 15 2 2 3 12 3 14 3 16 3
> BAT3 4 3 6 3 8 3 10 3 3 4 15 4 9 6 8 9 10 9 9 12 6 15 8 15 10 15 12 15 7 16 11 16
< RES 1637329187 31 1
< GRENADE
> REQ 1637329187 32 1
> VAMPIRE 1 13 13 3 0 2 0
> VAMPIRE 3 3 5 3 1 2 0
> VAMPIRE 4 13 5 3 0 2 0
> VAMPIRE 2 5 13 3 0 2 0
> GRENADE 1 13 13 5 2
> GRENADE 4 13 5 5 2
> GRENADE 2 5 13 5 2
> BAT1 5 7 9 7 13 7 7 8 11 8 1 9 3 9 5 9 13 9 15 9 17 9 7 10 11 10 5 11 9 11 13 11 1 13 17 13 9 17 11 4 10 5 12 5 11 6 15 10 14 11 16 11 11 12 15 12 10 13 12 13 11 14
> BAT2 9 4 3 6 15 6 2 7 4 7 14 7 16 7 3 8 15 8 6 9 12 9 7 12 6 13 8 13 7 14 9 14 5 17 13 17 3 2 7 2 11 2 15 2 2 3 12 3 14 3 16 3
> BAT3 4 3 6 3 8 3 10 3 3 4 15 4 9 6 8 9 10 9 9 12 6 15 8 15 10 15 12 15 7 16 11 16
< RES 1637329187 32 1
< THROW XU 2
< MOVE R R
> REQ 1637329187 33 1
> VAMPIRE 1 13 15 3 0 2 0
> VAMPIRE 3 5 5 3 0 2 0
> VAMPIRE 4 13 5 3 0 2 0
> VAMPIRE 2 5 13 3 0 2 0
> GRENADE 1 11 13 4 2
> GRENADE 4 11 5 4 2
> GRENADE 2 7 13 4 2
> GRENADE 3 3 5 5 2
> BAT1 5 7 9 7 13 7 7 8 11 8 1 9 3 9 5 9 13 9 15 9 17 9 7 10 11 10 5 11 9 11 13 11 1 13 17 13 9 17 11 4 10 5 12 5 11 6 15 10 14 11 16 11 11 12 15 12 10 13 12 13 11 14
> BAT2 9 4 3 6 15 6 2 7 4 7 14 7 16 7 3 8 15 8 6 9 12 9 7 12 6 13 8 13 7 14 9 14 5 17 13 17 3 2 7 2 11 2 15 2 2 3 12 3 14 3 16 3
> BAT3 4 3 6 3 8 3 10 3 3 4 15 4 9 6 8 9 10 9 9 12 6 15 8 15 10 15 12 15 7 16 11 16
< RES 1637329187 33 1
< MOVE D D
> REQ 1637329187 34 1
> VAMPIRE 1 15 15 3 0 2 0
> VAMPIRE 3 7 5 3 0 2 0
> VAMPIRE 4 13 5 3 0 2 0
> VAMPIRE 2 3 13 3 0 2 0
> GRENADE 1 11 13 3 2
> GRENADE 4 11 5 3 2
> GRENADE 2 7 13 3 2
> GRENADE 3 3 5 4 2
> BAT1 5 7 9 7 13 7 7 8 11 8 1 9 3 9 5 9 13 9 15 9 17 9 7 10 11 10 5 11 9 11 13 11 1 13 17 13 9 17 11 4 10 5 12 5 11 6 15 10 14 11 16 11 11 12 15 12 10 13 12 13 11 14
> BAT2 9 4 3 6 15 6 2 7 4 7 14 7 16 7 3 8 15 8 6 9 12 9 7 12 6 13 8 13 7 14 9 14 5 17 13 17 3 2 7 2 11 2 15 2 2 3 12 3 14 3 16 3
> BAT3 4 3 6 3 8 3 10 3 3 4 15 4 9 6 8 9 10 9 9 12 6 15 8 15 10 15 12 15 7 16 11 16
< RES 1637329187 34 1
> REQ 1637329187 35 1
> VAMPIRE 1 15 15 3 0 2 0
> VAMPIRE 3 7 5 3 0 2 0
> VAMPIRE 4 13 5 3 0 2 0
> VAMPIRE 2 3 13 3 0 2 0
> GRENADE 1 11 13 2 2
> GRENADE 4 11 5 2 2
> GRENADE 2 7 13 2 2
> GRENADE 3 3 5 3 2
> BAT1 5 7 9 7 13 7 7 8 11 8 1 9 3 9 5 9 13 9 15 9 17 9 7 10 11 10 5 11 9 11 13 11 1 13 17 13 9 17 11 4 10 5 12 5 11 6 15 10 14 11 16 11 11 12 15 12 10 13 12 13 11 14
> BAT2 9 4 3 6 15 6 2 7 4 7 14 7 16 7 3 8 15 8 6 9 12 9 7 12 6 13 8 13 7 14 9 14 5 17 13 17 3 2 7 2 11 2 15 2 2 3 12 3 14 3 16 3
> BAT3 4 3 6 3 8 3 10 3 3 4 15 4 9 6 8 9 10 9 9 12 6 15 8 15 10 15 12 15 7 16 11 16
< RES 1637329187 35 1
> REQ 1637329187 36 1
> VAMPIRE 1 15 15 3 0 2 0
> VAMPIRE 3 7 5 3 0 2 0
> VAMPIRE 4 15 5 3 0 2 0
> VAMPIRE 2 3 11 3 0 2 0
> GRENADE 1 11 13 1 2
> GRENADE 4 11 5 1 2
> GRENADE 2 7 13 1 2
> GRENADE 3 3 5 2 2
> BAT1 5 7 9 7 13 7 7 8 11 8 1 9 3 9 5 9 13 9 15 9 17 9 7 10 11 10 5 11 9 11 13 11 1 13 17 13 9 17 11 4 10 5 12 5 11 6 15 10 14 11 16 11 11 12 15 12 10 13 12 13 11 14
> BAT2 9 4 3 6 15 6 2 7 4 7 14 7 16 7 3 8 15 8 6 9 12 9 7 12 6 13 8 13 7 14 9 14 5 17 13 17 3 2 7 2 11 2 15 2 2 3 12 3 14 3 16 3
> BAT3 4 3 6 3 8 3 10 3 3 4 15 4 9 6 8 9 10 9 9 12 6 15 8 15 10 15 12 15 7 16 11 16
< RES 1637329187 36 1
< MOVE L L
> REQ 1637329187 37 1
> VAMPIRE 1 15 13 3 1 2 0
> VAMPIRE 3 7 7 3 0 2 0
> VAMPIRE 4 15 5 3 1 2 0
> VAMPIRE 2 4 11 3 1 2 0
> GRENADE 3 3 5 1 2
> BAT1 5 7 9 7 13 7 7 8 11 8 1 9 3 9 5 9 13 9 15 9 17 9 7 10 11 10 5 11 9 11 13 11 1 13 17 13 9 17 15 10 14 11 16 11 7 12 15 12 6 13 8 13 7 14
> BAT2 9 4 3 6 15 6 2 7 4 7 14 7 16 7 3 8 15 8 6 9 12 9 9 14 5 17 13 17 3 2 7 2 11 2 15 2 2 3 12 3 14 3 16 3
> BAT3 4 3 6 3 8 3 10 3 3 4 15 4 9 6 8 9 10 9 9 12 6 15 8 15 10 15 12 15 7 16 11 16
< RES 1637329187 37 1
< GRENADE
> REQ 1637329187 38 1
> VAMPIRE 1 15 13 3 0 2 0
> VAMPIRE 3 7 7 3 1 2 0
> VAMPIRE 4 13 5 3 0 2 0
> VAMPIRE 2 4 11 3 0 2 0
> GRENADE 1 15 13 5 2
> GRENADE 4 15 5 5 2
> GRENADE 2 4 11 5 2
> BAT1 5 7 9 7 13 7 7 8 11 8 1 9 3 9 5 9 13 9 15 9 17 9 7 10 11 10 5 11 9 11 13 11 1 13 17 13 9 17 3 6 15 10 14 11 16 11 7 12 15 12 6 13 8 13 7 14
> BAT2 9 4 15 6 2 7 4 7 14 7 16 7 3 8 15 8 6 9 12 9 9 14 5 17 13 17 3 2 7 2 11 2 15 2 2 3 12 3 14 3 16 3 3 4
> BAT3 4 3 6 3 8 3 10 3 15 4 9 6 8 9 10 9 9 12 6 15 8 15 10 15 12 15 7 16 11 16
< RES 1637329187 38 1
< THROW XL 2
< MOVE U U
> REQ 1637329187 39 1
> VAMPIRE 1 13 13 3 0 2 0
> VAMPIRE 3 7 7 3 0 2 0
> VAMPIRE 4 11 5 3 0 2 0
> VAMPIRE 2 4 11 3 0 2 0
> GRENADE 1 15 11 4 2
> GRENADE 4 15 5 4 2
> GRENADE 2 7 11 4 2
> GRENADE 3 7 7 5 2
> BAT1 5 7 9 7 13 7 7 8 11 8 1 9 3 9 5 9 13 9 15 9 17 9 7 10 11 10 5 11 9 11 13 11 1 13 17 13 9 17 3 6 15 10 14 11 16 11 7 12 15 12 6 13 8 13 7 14
> BAT2 9 4 15 6 2 7 4 7 14 7 16 7 3 8 15 8 6 9 12 9 9 14 5 17 13 17 3 2 7 2 11 2 15 2 2 3 12 3 14 3 16 3 3 4
> BAT3 4 3 6 3 8 3 10 3 15 4 9 6 8 9 10 9 9 12 6 15 8 15 10 15 12 15 7 16 11 16
< RES 1637329187 39 1
> REQ 1637329187 40 1
> VAMPIRE 1 13 13 3 0 2 0
> VAMPIRE 3 7 7 3 0 2 0
> VAMPIRE 4 11 5 3 0 2 0
> VAMPIRE 2 3 11 3 0 2 0
> GRENADE 1 15 11 3 2
> GRENADE 4 15 5 3 2
> GRENADE 2 7 11 3 2
> GRENADE 3 7 9 4 2
> BAT1 5 7 9 7 13 7 7 8 11 8 1 9 3 9 5 9 13 9 15 9 17 9 7 10 11 10 5 11 9 11 13 11 1 13 17 13 9 17 3 6 15 10 14 11 16 11 7 12 15 12 6 13 8 13 7 14
> BAT2 9 4 15 6 2 7 4 7 14 7 16 7 3 8 15 8 6 9 12 9 9 14 5 17 13 17 3 2 7 2 11 2 15 2 2 3 12 3 14 3 16 3 3 4
> BAT3 4 3 6 3 8 3 10 3 15 4 9 6 8 9 10 9 9 12 6 15 8 15 10 15 12 15 7 16 11 16
< RES 1637329187 40 1
> REQ 1637329187 41 1
> VAMPIRE 1 13 13 3 0 2 0
> VAMPIRE 3 7 7 3 0 2 0
> VAMPIRE 4 11 5 3 0 2 0
> VAMPIRE 2 3 11 3 0 2 0
> GRENADE 1 15 11 2 2
> GRENADE 4 15 5 2 2
> GRENADE 2 7 11 2 2
> GRENADE 3 7 9 3 2
> BAT1 5 7 9 7 13 7 7 8 11 8 1 9 3 9 5 9 13 9 15 9 17 9 7 10 11 10 5 11 9 11 13 11 1 13 17 13 9 17 3 6 15 10 14 11 16 11 7 12 15 12 6 13 8 13 7 14
> BAT2 9 4 15 6 2 7 4 7 14 7 16 7 3 8 15 8 6 9 12 9 9 14 5 17 13 17 3 2 7 2 11 2 15 2 2 3 12 3 14 3 16 3 3 4
> BAT3 4 3 6 3 8 3 10 3 15 4 9 6 8 9 10 9 9 12 6 15 8 15 10 15 12 15 7 16 11 16
< RES 1637329187 41 1
< MOVE U U
> REQ 1637329187 42 1
> VAMPIRE 1 11 13 3 0 2 0
> VAMPIRE 3 7 5 3 0 2 0
> VAMPIRE 4 11 7 3 0 2 0
> VAMPIRE 2 1 11 3 0 2 0
> GRENADE 1 15 11 1 2
> GRENADE 4 15 5 1 2
> GRENADE 2 7 11 1 2
> GRENADE 3 7 9 2 2
> BAT1 5 7 9 7 13 7 7 8 11 8 1 9 3 9 5 9 13 9 15 9 17 9 7 10 11 10 5 11 9 11 13 11 1 13 17 13 9 17 3 6 15 10 14 11 16 11 7 12 15 12 6 13 8 13 7 14
> BAT2 9 4 15 6 2 7 4 7 14 7 16 7 3 8 15 8 6 9 12 9 9 14 5 17 13 17 3 2 7 2 11 2 15 2 2 3 12 3 14 3 16 3 3 4
> BAT3 4 3 6 3 8 3 10 3 15 4 9 6 8 9 10 9 9 12 6 15 8 15 10 15 12 15 7 16 11 16
< RES 1637329187 42 1
< MOVE R R
> REQ 1637329187 43 1
> VAMPIRE 1 11 15 3 1 2 0
> VAMPIRE 3 5 5 3 0 2 0
> VAMPIRE 4 11 7 3 1 2 0
> VAMPIRE 2 1 10 3 1 2 0
> GRENADE 3 7 9 1 2
> BAT1 5 7 9 7 13 7 7 8 11 8 1 9 3 9 5 9 13 9 15 9 17 9 11 10 13 11 1 13 17 13 9 17 3 6 15 6 6 13 8 13 7 14
> BAT2 9 4 2 7 4 7 14 7 16 7 3 8 15 8 6 9 12 9 9 14 5 17 13 17 3 2 7 2 11 2 15 2 2 3 12 3 14 3 16 3 3 4 15 4
> BAT3 4 3 6 3 8 3 10 3 9 6 8 9 10 9 9 12 6 15 8 15 10 15 12 15 7 16 11 16
< RES 1637329187 43 1
< GRENADE
> REQ 1637329187 44 1
> VAMPIRE 1 11 15 3 0 2 0
> VAMPIRE 3 5 3 3 1 2 0
> VAMPIRE 4 11 7 3 0 2 0
> VAMPIRE 2 1 10 3 0 2 0
> GRENADE 1 11 15 5 2
> GRENADE 4 11 7 5 2
> GRENADE 2 1 10 5 2
> BAT1 5 7 9 7 13 7 11 8 1 9 3 9 5 9 13 9 15 9 17 9 11 10 13 11 1 13 17 13 9 17 3 6 15 6 6 9 6 13 8 13 7 14
> BAT2 9 4 2 7 4 7 14 7 16 7 3 8 15 8 12 9 9 14 5 17 13 17 3 2 7 2 11 2 15 2 2 3 12 3 14 3 16 3 3 4 15 4 8 9
> BAT3 4 3 6 3 8 3 10 3 9 6 10 9 9 12 6 15 8 15 10 15 12 15 7 16 11 16
< RES 1637329187 44 1
< THROW XU 2
< MOVE L L
> REQ 1637329187 45 1
> VAMPIRE 1 11 13 3 0 2 0
> VAMPIRE 3 5 5 3 0 2 0
> VAMPIRE 4 11 7 3 0 2 0
> VAMPIRE 2 1 11 3 0 2 0
> GRENADE 1 9 15 4 2
> GRENADE 4 11 9 4 2
> GRENADE 2 1 7 4 2
> GRENADE 3 5 3 5 2
> BAT1 5 7 9 7 13 7 11 8 1 9 3 9 5 9 13 9 15 9 17 9 11 10 13 11 1 13 17 13 9 17 3 6 15 6 6 9 6 13 8 13 7 14
> BAT2 9 4 2 7 4 7 14 7 16 7 3 8 15 8 12 9 9 14 5 17 13 17 3 2 7 2 11 2 15 2 2 3 12 3 14 3 16 3 3 4 15 4 8 9
> BAT3 4 3 6 3 8 3 10 3 9 6 10 9 9 12 6 15 8 15 10 15 12 15 7 16 11 16
< RES 1637329187 45 1
< MOVE D D
> REQ 1637329187 46 1
> VAMPIRE 1 13 13 3 0 2 0
> VAMPIRE 3 7 5 3 0 2 0
> VAMPIRE 4 11 5 3 0 2 0
> VAMPIRE 2 3 11 3 0 2 0
> GRENADE 1 9 15 3 2
> GRENADE 4 11 9 3 2
> GRENADE 2 1 7 3 2
> GRENADE 3 5 3 4 2
> BAT1 5 7 9 7 13 7 11 8 1 9 3 9 5 9 13 9 15 9 17 9 11 10 13 11 1 13 17 13 9 17 3 6 15 6 6 9 6 13 8 13 7 14
> BAT2 9 4 2 7 4 7 14 7 16 7 3 8 15 8 12 9 9 14 5 17 13 17 3 2 7 2 11 2 15 2 2 3 12 3 14 3 16 3 3 4 15 4 8 9
> BAT3 4 3 6 3 8 3 10 3 9 6 10 9 9 12 6 15 8 15 10 15 12 15 7 16 11 16
< RES 1637329187 46 1
> REQ 1637329187 47 1
> VAMPIRE 1 13 13 3 0 2 0
> VAMPIRE 3 7 7 3 0 2 0
> VAMPIRE 4 9 5 3 0 2 0
> VAMPIRE 2 3 11 3 0 2 0
> GRENADE 1 9 15 2 2
> GRENADE 4 11 9 2 2
> GRENADE 2 1 7 2 2
> GRENADE 3 5 3 3 2
> BAT1 5 7 9 7 13 7 11 8 1 9 3 9 5 9 13 9 15 9 17 9 11 10 13 11 1 13 17 13 9 17 3 6 15 6 6 9 6 13 8 13 7 14
> BAT2 9 4 2 7 4 7 14 7 16 7 3 8 15 8 12 9 9 14 5 17 13 17 3 2 7 2 11 2 15 2 2 3 12 3 14 3 16 3 3 4 15 4 8 9
> BAT3 4 3 6 3 8 3 10 3 9 6 10 9 9 12 6 15 8 15 10 15 12 15 7 16 11 16
< RES 1637329187 47 1
< MOVE U U
> REQ 1637329187 48 1
> VAMPIRE 1 11 13 3 0 2 0
> VAMPIRE 3 7 7 3 0 2 0
> VAMPIRE 4 7 5 3 0 2 0
> VAMPIRE 2 3 13 3 0 2 0
> GRENADE 1 9 15 1 2
> GRENADE 4 11 9 1 2
> GRENADE 2 1 7 1 2
> GRENADE 3 5 3 2 2
> BAT1 5 7 9 7 13 7 11 8 1 9 3 9 5 9 13 9 15 9 17 9 11 10 13 11 1 13 17 13 9 17 3 6 15 6 6 9 6 13 8 13 7 14
> BAT2 9 4 2 7 4 7 14 7 16 7 3 8 15 8 12 9 9 14 5 17 13 17 3 2 7 2 11 2 15 2 2 3 12 3 14 3 16 3 3 4 15 4 8 9
> BAT3 4 3 6 3 8 3 10 3 9 6 10 9 9 12 6 15 8 15 10 15 12 15 7 16 11 16
< RES 1637329187 48 1
< MOVE U U
> REQ 1637329187 49 1
> VAMPIRE 1 9 13 3 1 2 0
> VAMPIRE 3 7 5 3 0 2 0
> VAMPIRE 4 7 3 3 1 2 0
> VAMPIRE 2 5 13 3 1 2 0
> GRENADE 3 5 3 1 2
> BAT1 5 7 9 7 13 7 3 9 5 9 13 9 15 9 17 9 13 11 1 13 17 13 3 6 15 6 2 7 6 9 12 9 6 13 8 13 7 14 9 14
> BAT2 9 4 4 7 14 7 16 7 3 8 15 8 5 17 13 17 3 2 7 2 11 2 15 2 2 3 12 3 14 3 16 3 3 4 15 4 8 9 10 9 8 15 10 15
> BAT3 4 3 6 3 8 3 10 3 9 6 9 12 6 15 12 15 7 16 11 16
< RES 1637329187 49 1
< GRENADE
< MOVE D D
> REQ 1637329187 50 1
> VAMPIRE 1 11 13 3 0 2 0
> VAMPIRE 3 7 7 3 1 2 0
> VAMPIRE 4 7 3 3 0 2 0
> VAMPIRE 2 5 13 3 0 2 0
> GRENADE 1 9 13 5 2
> GRENADE 4 7 3 5 2
> GRENADE 2 5 13 5 2
> BAT1 5 7 9 7 13 7 3 9 5 9 13 9 15 9 17 9 13 11 1 13 17 13 3 6 15 6 2 7 6 9 12 9 6 13 8 13 7 14 9 14
> BAT2 9 4 4 7 14 7 16 7 3 8 15 8 5 17 13 17 3 2 7 2 11 2 15 2 2 3 4 3 6 3 12 3 14 3 16 3 3 4 15 4 8 9 10 9 8 15 10 15
> BAT3 8 3 10 3 9 6 9 12 6 15 12 15 7 16 11 16
< RES 1637329187 50 1
< MOVE D D
> REQ 1637329187 51 1
> VAMPIRE 1 13 13 3 0 2 0
> VAMPIRE 3 7 7 3 0 2 0
> VAMPIRE 4 7 5 3 0 2 0
> VAMPIRE 2 5 11 3 0 2 0
> GRENADE 1 9 13 4 2
> GRENADE 4 7 3 4 2
> GRENADE 2 7 13 4 2
> GRENADE 3 7 7 5 2
> BAT1 5 7 9 7 13 7 3 9 5 9 13 9 15 9 17 9 13 11 1 13 17 13 3 6 15 6 2 7 6 9 12 9 6 13 8 13 7 14 9 14
> BAT2 9 4 4 7 14 7 16 7 3 8 15 8 5 17 13 17 3 2 7 2 11 2 15 2 2 3 4 3 6 3 12 3 14 3 16 3 3 4 15 4 8 9 10 9 8 15 10 15
> BAT3 8 3 10 3 9 6 9 12 6 15 12 15 7 16 11 16
< RES 1637329187 51 1
> REQ 1637329187 52 1
> VAMPIRE 1 13 13 3 0 2 0
> VAMPIRE 3 7 7 3 0 2 0
> VAMPIRE 4 5 5 3 0 2 0
> VAMPIRE 2 6 11 3 0 2 0
> GRENADE 1 9 13 3 2
> GRENADE 4 7 3 3 2
> GRENADE 2 7 13 3 2
> GRENADE 3 7 4 4 2
> BAT1 5 7 9 7 13 7 3 9 5 9 13 9 15 9 17 9 13 11 1 13 17 13 3 6 15 6 2 7 6 9 12 9 6 13 8 13 7 14 9 14
> BAT2 9 4 4 7 14 7 16 7 3 8 15 8 5 17 13 17 3 2 7 2 11 2 15 2 2 3 4 3 6 3 12 3 14 3 16 3 3 4 15 4 8 9 10 9 8 15 10 15
> BAT3 8 3 10 3 9 6 9 12 6 15 12 15 7 16 11 16
< RES 1637329187 52 1
< MOVE U
> REQ 1637329187 53 1
> VAMPIRE 1 12 13 3 0 2 0
> VAMPIRE 3 7 5 3 0 2 0
> VAMPIRE 4 3 5 3 0 2 0
> VAMPIRE 2 7 12 3 0 2 0
> GRENADE 1 9 13 2 2
> GRENADE 4 7 3 2 2
> GRENADE 2 7 13 2 2
> GRENADE 3 7 4 3 2
> BAT1 5 7 9 7 13 7 3 9 5 9 13 9 15 9 17 9 13 11 1 13 17 13 3 6 15 6 2 7 6 9 12 9 6 13 8 13 7 14 9 14
> BAT2 9 4 4 7 14 7 16 7 3 8 15 8 5 17 13 17 3 2 7 2 11 2 15 2 2 3 4 3 6 3 12 3 14 3 16 3 3 4 15 4 8 9 10 9 8 15 10 15
> BAT3 8 3 10 3 9 6 9 12 6 15 12 15 7 16 11 16
< RES 1637329187 53 1
< MOVE D
> REQ 1637329187 54 1
> VAMPIRE 1 13 13 3 0 2 0
> VAMPIRE 3 5 5 3 0 2 0
> VAMPIRE 4 5 5 3 0 2 0
> VAMPIRE 2 7 12 3 0 2 0
> GRENADE 1 9 13 1 2
> GRENADE 4 7 3 1 2
> GRENADE 2 7 13 1 2
> GRENADE 3 7 4 2 2
> BAT1 5 7 9 7 13 7 3 9 5 9 13 9 15 9 17 9 13 11 1 13 17 13 3 6 15 6 2 7 6 9 12 9 6 13 8 13 7 14 9 14
> BAT2 9 4 4 7 14 7 16 7 3 8 15 8 5 17 13 17 3 2 7 2 11 2 15 2 2 3 4 3 6 3 12 3 14 3 16 3 3 4 15 4 8 9 10 9 8 15 10 15
> BAT3 8 3 10 3 9 6 9 12 6 15 12 15 7 16 11 16
< RES 1637329187 54 1
< MOVE R R
> REQ 1637329187 55 1
> VAMPIRE 1 13 15 3 1 2 0
> VAMPIRE 3 3 5 3 1 2 0
> VAMPIRE 4 3 5 3 1 2 0
> VAMPIRE 2 7 11 2 1 2 0
> BAT1 5 7 9 7 13 7 3 9 5 9 13 9 15 9 17 9 13 11 1 13 17 13 3 6 15 6 2 7 6 9 12 9 7 2 6 3
> BAT2 9 4 4 7 14 7 16 7 3 8 15 8 5 17 13 17 3 2 11 2 15 2 2 3 4 3 8 3 12 3 14 3 16 3 3 4 15 4 8 9 10 9 9 12 8 15 10 15
> BAT3 10 3 9 6 6 15 12 15 7 16 11 16
< RES 1637329187 55 1
< GRENADE
> REQ 1637329187 56 1
> VAMPIRE 1 13 15 3 0 2 0
> VAMPIRE 3 5 5 3 0 2 0
> VAMPIRE 4 5 5 3 0 2 0
> VAMPIRE 2 7 9 2 1 2 0
> GRENADE 1 13 15 5 2
> GRENADE 3 3 5 5 2
> GRENADE 4 3 5 5 2
> BAT1 5 7 9 7 13 7 3 9 5 9 13 9 15 9 17 9 13 11 1 13 17 13 3 6 15 6 2 7 6 9 12 9 7 2 6 3
> BAT2 9 4 4 7 14 7 16 7 3 8 15 8 5 17 13 17 3 2 11 2 15 2 2 3 4 3 8 3 12 3 14 3 16 3 3 4 15 4 8 9 10 9 9 12 8 15 10 15
> BAT3 10 3 9 6 6 15 12 15 7 16 11 16
< RES 1637329187 56 1
< THROW XU 2
< MOVE L L
> REQ 1637329187 57 1
> VAMPIRE 1 13 13 3 0 2 0
> VAMPIRE 3 7 5 3 0 2 0
> VAMPIRE 4 7 5 3 0 2 0
> VAMPIRE 2 7 9 2 1 2 0
> GRENADE 1 11 15 4 2
> GRENADE 3 3 5 4 2
> GRENADE 4 3 5 4 2
> BAT1 5 7 9 7 13 7 3 9 5 9 13 9 15 9 17 9 13 11 1 13 17 13 3 6 15 6 2 7 6 9 12 9 7 2 6 3
> BAT2 9 4 4 7 14 7 16 7 3 8 15 8 5 17 13 17 3 2 11 2 15 2 2 3 4 3 8 3 12 3 14 3 16 3 3 4 15 4 8 9 10 9 9 12 8 15 10 15
> BAT3 10 3 9 6 6 15 12 15 7 16 11 16
< RES 1637329187 57 1
> REQ 1637329187 58 1
> VAMPIRE 1 13 13 3 0 2 0
> VAMPIRE 3 7 5 3 0 2 0
> VAMPIRE 4 7 5 3 0 2 0
> VAMPIRE 2 7 9 2 0 2 0
> GRENADE 1 11 15 3 2
> GRENADE 3 3 5 3 2
> GRENADE 4 3 5 3 2
> GRENADE 2 7 9 5 2
> BAT1 5 7 9 7 13 7 3 9 5 9 13 9 15 9 17 9 13 11 1 13 17 13 3 6 15 6 2 7 6 9 12 9 7 2 6 3
> BAT2 9 4 4 7 14 7 16 7 3 8 15 8 5 17 13 17 3 2 11 2 15 2 2 3 4 3 8 3 12 3 14 3 16 3 3 4 15 4 8 9 10 9 9 12 8 15 10 15
> BAT3 10 3 9 6 6 15 12 15 7 16 11 16
< RES 1637329187 58 1
> REQ 1637329187 59 1
> VAMPIRE 1 13 13 3 0 2 0
> VAMPIRE 3 7 5 3 0 2 0
> VAMPIRE 4 7 5 3 0 2 0
> VAMPIRE 2 7 11 2 0 2 0
> GRENADE 1 11 15 2 2
> GRENADE 3 3 5 2 2
> GRENADE 4 3 5 2 2
> GRENADE 2 9 9 4 2
> BAT1 5 7 9 7 13 7 3 9 5 9 13 9 15 9 17 9 13 11 1 13 17 13 3 6 15 6 2 7 6 9 12 9 7 2 6 3
> BAT2 9 4 4 7 14 7 16 7 3 8 15 8 5 17 13 17 3 2 11 2 15 2 2 3 4 3 8 3 12 3 14 3 16 3 3 4 15 4 8 9 10 9 9 12 8 15 10 15
> BAT3 10 3 9 6 6 15 12 15 7 16 11 16
< RES 1637329187 59 1
< MOVE D D
> REQ 1637329187 60 1
> VAMPIRE 1 15 13 3 0 2 0
> VAMPIRE 3 7 5 3 0 2 0
> VAMPIRE 4 7 5 3 0 2 0
> VAMPIRE 2 5 11 2 0 2 0
> GRENADE 1 11 15 1 2
> GRENADE 3 3 5 1 2
> GRENADE 4 3 5 1 2
> GRENADE 2 9 9 3 2
> BAT1 5 7 9 7 13 7 3 9 5 9 13 9 15 9 17 9 13 11 1 13 17 13 3 6 15 6 2 7 6 9 12 9 7 2 6 3
> BAT2 9 4 4 7 14 7 16 7 3 8 15 8 5 17 13 17 3 2 11 2 15 2 2 3 4 3 8 3 12 3 14 3 16 3 3 4 15 4 8 9 10 9 9 12 8 15 10 15
> BAT3 10 3 9 6 6 15 12 15 7 16 11 16
< RES 1637329187 60 1
< MOVE L L
> REQ 1637329187 61 1
> VAMPIRE 1 15 11 3 1 2 0
> VAMPIRE 3 7 3 3 1 2 0
> VAMPIRE 4 7 3 3 1 2 0
> VAMPIRE 2 7 11 2 0 2 0
> GRENADE 2 9 9 2 2
> BAT1 5 7 9 7 13 7 3 9 5 9 13 9 15 9 17 9 13 11 1 13 17 13 15 6 2 7 6 9 12 9 7 2 6 3 3 4 10 15
> BAT2 9 4 4 7 14 7 16 7 3 8 15 8 5 17 13 17 3 2 11 2 15 2 2 3 4 3 8 3 12 3 14 3 16 3 15 4 8 9 10 9 9 12 8 15 12 15 11 16
> BAT3 10 3 9 6 6 15 7 16
< RES 1637329187 61 1
< GRENADE
> REQ 1637329187 62 1
> VAMPIRE 1 15 11 3 0 2 0
> VAMPIRE 3 7 5 3 0 2 0
> VAMPIRE 4 7 5 3 0 2 0
> VAMPIRE 2 7 13 2 0 2 0
> GRENADE 2 9 9 1 2
> GRENADE 1 15 11 5 2
> GRENADE 3 7 3 5 2
> GRENADE 4 7 3 5 2
> BAT1 5 7 9 7 13 7 3 9 5 9 13 9 15 9 17 9 13 11 1 13 17 13 15 6 2 7 6 9 12 9 7 2 6 3 3 4 10 15
> BAT2 9 4 4 7 14 7 16 7 3 8 15 8 5 17 13 17 3 2 11 2 15 2 2 3 4 3 8 3 12 3 14 3 16 3 15 4 8 9 10 9 9 12 8 15 12 15 11 16
> BAT3 10 3 9 6 6 15 7 16
< RES 1637329187 62 1
< THROW XL 1
> REQ 1637329187 63 1
> VAMPIRE 1 15 11 3 0 2 0
> VAMPIRE 3 5 5 3 0 2 0
> VAMPIRE 4 5 5 3 0 2 0
> VAMPIRE 2 7 15 2 1 2 0
> GRENADE 1 15 10 4 2
> GRENADE 3 7 3 4 2
> GRENADE 4 7 3 4 2
> BAT1 5 7 13 7 3 9 5 9 13 9 15 9 17 9 13 11 1 13 17 13 15 6 2 7 6 9 12 9 7 2 6 3 3 4 8 9 10 9 10 15
> BAT2 9 4 4 7 14 7 16 7 3 8 15 8 5 17 13 17 3 2 11 2 15 2 2 3 4 3 8 3 12 3 14 3 16 3 15 4 9 12 8 15 12 15 11 16
> BAT3 10 3 9 6 6 15 7 16
< RES 1637329187 63 1
< THROW L 3
> REQ 1637329187 64 1
> VAMPIRE 1 15 11 3 0 2 0
> VAMPIRE 3 5 5 3 0 2 0
> VAMPIRE 4 5 5 3 0 2 0
> VAMPIRE 2 7 13 2 0 2 0
> GRENADE 1 15 7 3 2
> GRENADE 3 7 3 3 2
> GRENADE 4 7 3 3 2
> GRENADE 2 7 15 5 2
> BAT1 5 7 13 7 3 9 5 9 13 9 15 9 17 9 13 11 1 13 17 13 15 6 2 7 6 9 12 9 7 2 6 3 3 4 8 9 10 9 10 15
> BAT2 9 4 4 7 14 7 16 7 3 8 15 8 5 17 13 17 3 2 11 2 15 2 2 3 4 3 8 3 12 3 14 3 16 3 15 4 9 12 8 15 12 15 11 16
> BAT3 10 3 9 6 6 15 7 16
< RES 1637329187 64 1
> REQ 1637329187 65 1
> VAMPIRE 1 15 11 3 0 2 0
> VAMPIRE 3 5 5 3 0 2 0
> VAMPIRE 4 5 5 3 0 2 0
> VAMPIRE 2 5 13 2 0 2 0
> GRENADE 1 15 7 2 2
> GRENADE 3 7 3 2 2
> GRENADE 4 7 3 2 2
> GRENADE 2 7 15 4 2
> BAT1 5 7 13 7 3 9 5 9 13 9 15 9 17 9 13 11 1 13 17 13 15 6 2 7 6 9 12 9 7 2 6 3 3 4 8 9 10 9 10 15
> BAT2 9 4 4 7 14 7 16 7 3 8 15 8 5 17 13 17 3 2 11 2 15 2 2 3 4 3 8 3 12 3 14 3 16 3 15 4 9 12 8 15 12 15 11 16
> BAT3 10 3 9 6 6 15 7 16
< RES 1637329187 65 1
> REQ 1637329187 66 1
> VAMPIRE 1 15 11 3 0 2 0
> VAMPIRE 3 3 5 3 0 2 0
> VAMPIRE 4 3 5 3 0 2 0
> VAMPIRE 2 3 13 2 0 2 0
> GRENADE 1 15 7 1 2
> GRENADE 3 7 3 1 2
> GRENADE 4 7 3 1 2
> GRENADE 2 7 15 3 2
> BAT1 5 7 13 7 3 9 5 9 13 9 15 9 17 9 13 11 1 13 17 13 15 6 2 7 6 9 12 9 7 2 6 3 3 4 8 9 10 9 10 15
> BAT2 9 4 4 7 14 7 16 7 3 8 15 8 5 17 13 17 3 2 11 2 15 2 2 3 4 3 8 3 12 3 14 3 16 3 15 4 9 12 8 15 12 15 11 16
> BAT3 10 3 9 6 6 15 7 16
< RES 1637329187 66 1
> REQ 1637329187 67 1
> VAMPIRE 1 15 11 3 1 2 0
> VAMPIRE 3 3 6 3 1 2 0
> VAMPIRE 4 3 6 3 1 2 0
> VAMPIRE 2 3 13 2 0 2 0
> GRENADE 2 7 15 2 2
> BAT1 5 7 13 7 3 9 5 9 13 9 15 9 17 9 13 11 1 13 17 13 2 7 14 7 16 7 15 8 6 9 12 9 8 3 3 4 8 9 10 9 10 15
> BAT2 9 4 4 7 3 8 5 17 13 17 3 2 11 2 15 2 2 3 4 3 12 3 14 3 16 3 15 4 9 12 8 15 12 15 11 16
> BAT3 10 3 9 6 6 15 7 16
< RES 1637329187 67 1
< GRENADE
> REQ 1637329187 68 1
> VAMPIRE 1 15 11 3 0 2 0
> VAMPIRE 3 4 5 3 0 2 0
> VAMPIRE 4 4 5 3 0 2 0
> VAMPIRE 2 5 13 2 0 2 0
> GRENADE 2 7 15 1 2
> GRENADE 1 15 11 5 2
> GRENADE 3 3 6 5 2
> GRENADE 4 3 6 5 2
> BAT1 5 7 13 7 3 9 5 9 13 9 15 9 17 9 13 11 1 13 17 13 2 7 14 7 16 7 15 8 6 9 12 9 8 3 3 4 8 9 10 9 10 15
> BAT2 9 4 4 7 3 8 5 17 13 17 3 2 11 2 15 2 2 3 4 3 12 3 14 3 16 3 15 4 9 12 8 15 12 15 11 16
> BAT3 10 3 9 6 6 15 7 16
< RES 1637329187 68 1
< THROW XL 1
> REQ 1637329187 69 1
> VAMPIRE 1 15 11 3 0 2 0
> VAMPIRE 3 3 5 3 0 2 0
> VAMPIRE 4 3 5 3 0 2 0
> VAMPIRE 2 5 15 2 1 2 0
> GRENADE 1 15 10 4 2
> GRENADE 3 3 6 4 2
> GRENADE 4 3 6 4 2
> BAT1 5 7 13 7 3 9 5 9 13 9 15 9 17 9 13 11 1 13 17 13 2 7 14 7 16 7 15 8 6 9 12 9 8 3 3 4 8 9 10 9 8 15 10 15
> BAT2 9 4 4 7 3 8 5 17 13 17 3 2 11 2 15 2 2 3 4 3 12 3 14 3 16 3 15 4 9 12 6 15 12 15 7 16 11 16
> BAT3 10 3 9 6
< RES 1637329187 69 1
< THROW L 3
> REQ 1637329187 70 1
> VAMPIRE 1 15 11 3 0 2 0
> VAMPIRE 3 5 5 3 0 2 0
> VAMPIRE 4 5 5 3 0 2 0
> VAMPIRE 2 5 15 2 0 2 0
> GRENADE 1 15 7 3 2
> GRENADE 3 3 7 3 2
> GRENADE 4 3 7 3 2
> GRENADE 2 5 15 5 2
> BAT1 5 7 13 7 3 9 5 9 13 9 15 9 17 9 13 11 1 13 17 13 2 7 14 7 16 7 15 8 6 9 12 9 8 3 3 4 8 9 10 9 8 15 10 15
> BAT2 9 4 4 7 3 8 5 17 13 17 3 2 11 2 15 2 2 3 4 3 12 3 14 3 16 3 15 4 9 12 6 15 12 15 7 16 11 16
> BAT3 10 3 9 6
< RES 1637329187 70 1
> REQ 1637329187 71 1
> VAMPIRE 1 15 11 3 0 2 0
> VAMPIRE 3 7 5 3 0 2 0
> VAMPIRE 4 7 5 3 0 2 0
> VAMPIRE 2 3 15 2 0 2 0
> GRENADE 1 15 7 2 2
> GRENADE 3 3 7 2 2
> GRENADE 4 3 7 2 2
> GRENADE 2 7 15 4 2
> BAT1 5 7 13 7 3 9 5 9 13 9 15 9 17 9 13 11 1 13 17 13 2 7 14 7 16 7 15 8 6 9 12 9 8 3 3 4 8 9 10 9 8 15 10 15
> BAT2 9 4 4 7 3 8 5 17 13 17 3 2 11 2 15 2 2 3 4 3 12 3 14 3 16 3 15 4 9 12 6 15 12 15 7 16 11 16
> BAT3 10 3 9 6
< RES 1637329187 71 1
> REQ 1637329187 72 1
> VAMPIRE 1 15 11 3 0 2 0
> VAMPIRE 3 7 3 3 0 2 0
> VAMPIRE 4 7 3 3 0 2 0
> VAMPIRE 2 3 13 2 0 2 0
> GRENADE 1 15 7 1 2
> GRENADE 3 3 7 1 2
> GRENADE 4 3 7 1 2
> GRENADE 2 7 15 3 2
> BAT1 5 7 13 7 3 9 5 9 13 9 15 9 17 9 13 11 1 13 17 13 2 7 14 7 16 7 15 8 6 9 12 9 8 3 3 4 8 9 10 9 8 15 10 15
> BAT2 9 4 4 7 3 8 5 17 13 17 3 2 11 2 15 2 2 3 4 3 12 3 14 3 16 3 15 4 9 12 6 15 12 15 7 16 11 16
> BAT3 10 3 9 6
< RES 1637329187 72 1
> REQ 1637329187 73 1
> VAMPIRE 1 15 11 3 1 2 0
> VAMPIRE 3 6 3 3 1 2 0
> VAMPIRE 4 6 3 3 1 2 0
> VAMPIRE 2 3 13 2 0 2 0
> GRENADE 2 7 15 2 2
> BAT1 5 7 13 7 3 9 5 9 13 9 15 9 17 9 13 11 1 13 17 13 4 7 3 8 6 9 12 9 8 3 3 4 8 9 10 9 8 15 10 15
> BAT2 9 4 5 17 13 17 3 2 11 2 15 2 2 3 4 3 12 3 14 3 16 3 15 4 9 12 6 15 12 15 7 16 11 16
> BAT3 10 3 9 6
< RES 1637329187 73 1
< GRENADE
> REQ 1637329187 74 1
> VAMPIRE 1 15 11 3 0 2 0
> VAMPIRE 3 6 3 3 0 2 0
> VAMPIRE 4 6 3 3 0 2 0
> VAMPIRE 2 5 13 2 0 2 0
> GRENADE 2 7 15 1 2
> GRENADE 1 15 11 5 2
> GRENADE 3 6 3 5 2
> GRENADE 4 6 3 5 2
> BAT1 5 7 13 7 3 9 5 9 13 9 15 9 17 9 13 11 1 13 17 13 4 7 3 8 6 9 12 9 8 3 3 4 8 9 10 9 8 15 10 15
> BAT2 9 4 5 17 13 17 3 2 11 2 15 2 2 3 4 3 12 3 14 3 16 3 15 4 9 12 6 15 12 15 7 16 11 16
> BAT3 10 3 9 6
< RES 1637329187 74 1
< THROW XD 2
< MOVE R R
> REQ 1637329187 75 1
> VAMPIRE 1 15 13 3 0 2 0
> VAMPIRE 3 5 4 3 0 2 0
> VAMPIRE 4 5 4 3 0 2 0
> VAMPIRE 2 5 15 2 1 2 0
> GRENADE 1 17 11 4 2
> GRENADE 3 3 3 4 2
> GRENADE 4 3 3 4 2
> BAT1 5 7 13 7 3 9 5 9 13 9 15 9 17 9 13 11 1 13 17 13 4 7 3 8 6 9 12 9 8 3 3 4 8 9 10 9 6 15 10 15 7 16
> BAT2 9 4 5 17 13 17 3 2 11 2 15 2 2 3 4 3 12 3 14 3 16 3 15 4 9 12 12 15 11 16
> BAT3 10 3 9 6
< RES 1637329187 75 1
> REQ 1637329187 76 1
> VAMPIRE 1 15 13 3 0 2 0
> VAMPIRE 3 5 5 3 0 2 0
> VAMPIRE 4 5 5 3 0 2 0
> VAMPIRE 2 3 15 2 0 2 0
> GRENADE 1 17 11 3 2
> GRENADE 3 3 3 3 2
> GRENADE 4 3 3 3 2
> GRENADE 2 5 15 5 2
> BAT1 5 7 13 7 3 9 5 9 13 9 15 9 17 9 13 11 1 13 17 13 4 7 3 8 6 9 12 9 8 3 3 4 8 9 10 9 6 15 10 15 7 16
> BAT2 9 4 5 17 13 17 3 2 11 2 15 2 2 3 4 3 12 3 14 3 16 3 15 4 9 12 12 15 11 16
> BAT3 10 3 9 6
< RES 1637329187 76 1
> REQ 1637329187 77 1
> VAMPIRE 1 15 13 3 0 2 0
> VAMPIRE 3 7 5 3 0 2 0
> VAMPIRE 4 7 5 3 0 2 0
> VAMPIRE 2 3 13 2 0 2 0
> GRENADE 1 17 11 2 2
> GRENADE 3 3 3 2 2
> GRENADE 4 3 3 2 2
> GRENADE 2 5 15 4 2
> BAT1 5 7 13 7 3 9 5 9 13 9 15 9 17 9 13 11 1 13 17 13 4 7 3 8 6 9 12 9 8 3 3 4 8 9 10 9 6 15 10 15 7 16
> BAT2 9 4 5 17 13 17 3 2 11 2 15 2 2 3 4 3 12 3 14 3 16 3 15 4 9 12 12 15 11 16
> BAT3 10 3 9 6
< RES 1637329187 77 1
> REQ 1637329187 78 1
> VAMPIRE 1 15 13 3 0 2 0
> VAMPIRE 3 7 3 3 0 2 0
> VAMPIRE 4 7 3 3 0 2 0
> VAMPIRE 2 3 13 2 0 2 0
> GRENADE 1 17 11 1 2
> GRENADE 3 3 3 1 2
> GRENADE 4 3 3 1 2
> GRENADE 2 5 15 3 2
> BAT1 5 7 13 7 3 9 5 9 13 9 15 9 17 9 13 11 1 13 17 13 4 7 3 8 6 9 12 9 8 3 3 4 8 9 10 9 6 15 10 15 7 16
> BAT2 9 4 5 17 13 17 3 2 11 2 15 2 2 3 4 3 12 3 14 3 16 3 15 4 9 12 12 15 11 16
> BAT3 10 3 9 6
< RES 1637329187 78 1
< MOVE L L
> REQ 1637329187 79 1
> VAMPIRE 1 15 11 3 1 2 0
> VAMPIRE 3 6 3 3 1 2 0
> VAMPIRE 4 6 3 3 1 2 0
> VAMPIRE 2 3 13 2 0 2 0
> GRENADE 2 5 15 2 2
> BAT1 5 7 13 7 3 9 5 9 13 9 15 9 13 11 1 13 4 7 3 8 6 9 12 9 3 2 2 3 4 3 8 3 8 9 10 9 6 15 10 15 7 16
> BAT2 9 4 5 17 13 17 11 2 15 2 12 3 14 3 16 3 15 4 9 12 12 15 11 16
> BAT3 10 3 9 6
< RES 1637329187 79 1
< GRENADE
< MOVE R R
> REQ 1637329187 80 1
> VAMPIRE 1 15 13 3 0 2 0
> VAMPIRE 3 6 3 3 0 2 0
> VAMPIRE 4 6 3 3 0 2 0
> VAMPIRE 2 3 13 2 0 2 0
> GRENADE 2 5 15 1 2
> GRENADE 1 15 11 5 2
> GRENADE 3 6 3 5 2
> GRENADE 4 6 3 5 2
> BAT1 5 7 13 7 3 9 5 9 13 9 15 9 13 11 1 13 4 7 3 8 6 9 12 9 3 2 2 3 4 3 8 3 8 9 10 9 6 15 10 15 7 16
> BAT2 9 4 5 17 13 17 11 2 15 2 12 3 14 3 16 3 15 4 9 12 12 15 11 16
> BAT3 10 3 9 6
< RES 1637329187 80 1
< MOVE U U
> REQ 1637329187 81 1
> VAMPIRE 1 13 13 3 0 2 0
> VAMPIRE 3 5 4 3 0 2 0
> VAMPIRE 4 5 4 3 0 2 0
> VAMPIRE 2 2 13 2 1 2 0
> GRENADE 1 15 11 4 2
> GRENADE 3 3 3 4 2
> GRENADE 4 3 3 4 2
> BAT1 5 7 13 7 3 9 5 9 13 9 15 9 13 11 1 13 4 7 3 8 6 9 12 9 5 17 3 2 2 3 4 3 8 3 8 9 10 9 10 15 7 16
> BAT2 9 4 13 17 11 2 15 2 12 3 14 3 16 3 15 4 9 12 12 15 11 16
> BAT3 10 3 9 6
< RES 1637329187 81 1
> REQ 1637329187 82 1
> VAMPIRE 1 13 13 3 0 2 0
> VAMPIRE 3 5 5 3 0 2 0
> VAMPIRE 4 5 5 3 0 2 0
> VAMPIRE 2 3 12 2 0 2 0
> GRENADE 1 15 11 3 2
> GRENADE 3 3 3 3 2
> GRENADE 4 3 3 3 2
> GRENADE 2 2 13 5 2
> BAT1 5 7 13 7 3 9 5 9 13 9 15 9 13 11 1 13 4 7 3 8 6 9 12 9 5 17 3 2 2 3 4 3 8 3 8 9 10 9 10 15 7 16
> BAT2 9 4 13 17 11 2 15 2 12 3 14 3 16 3 15 4 9 12 12 15 11 16
> BAT3 10 3 9 6
< RES 1637329187 82 1
> REQ 1637329187 83 1
> VAMPIRE 1 13 13 3 0 2 0
> VAMPIRE 3 7 5 3 0 2 0
> VAMPIRE 4 7 5 3 0 2 0
> VAMPIRE 2 3 11 2 0 2 0
> GRENADE 1 15 11 2 2
> GRENADE 3 3 3 2 2
> GRENADE 4 3 3 2 2
> GRENADE 2 2 13 4 2
> BAT1 5 7 13 7 3 9 5 9 13 9 15 9 13 11 1 13 4 7 3 8 6 9 12 9 5 17 3 2 2 3 4 3 8 3 8 9 10 9 10 15 7 16
> BAT2 9 4 13 17 11 2 15 2 12 3 14 3 16 3 15 4 9 12 12 15 11 16
> BAT3 10 3 9 6
< RES 1637329187 83 1
< MOVE U U
> REQ 1637329187 84 1
> VAMPIRE 1 11 13 3 0 2 0
> VAMPIRE 3 7 5 3 0 2 0
> VAMPIRE 4 7 5 3 0 2 0
> VAMPIRE 2 3 11 2 0 2 0
> GRENADE 1 15 11 1 2
> GRENADE 3 3 3 1 2
> GRENADE 4 3 3 1 2
> GRENADE 2 2 13 3 2
> BAT1 5 7 13 7 3 9 5 9 13 9 15 9 13 11 1 13 4 7 3 8 6 9 12 9 5 17 3 2 2 3 4 3 8 3 8 9 10 9 10 15 7 16
> BAT2 9 4 13 17 11 2 15 2 12 3 14 3 16 3 15 4 9 12 12 15 11 16
> BAT3 10 3 9 6
< RES 1637329187 84 1
< MOVE R R
> REQ 1637329187 85 1
> VAMPIRE 1 11 15 3 1 2 0
> VAMPIRE 3 7 3 3 1 2 0
> VAMPIRE 4 7 3 3 1 2 0
> VAMPIRE 2 5 11 2 0 2 0
> GRENADE 2 2 13 2 2
> BAT1 5 7 13 7 3 9 5 9 13 9 1 13 4 7 3 8 6 9 12 9 5 17 8 3 8 9 10 9 10 15 7 16
> BAT2 9 4 13 17 11 2 15 2 12 3 14 3 16 3 15 4 9 12 12 15 11 16
> BAT3 10 3 9 6
< RES 1637329187 85 1
< GRENADE
< MOVE L L
> REQ 1637329187 86 1
> VAMPIRE 1 11 13 3 0 2 0
> VAMPIRE 3 7 3 3 0 2 0
> VAMPIRE 4 7 3 3 0 2 0
> VAMPIRE 2 7 11 2 0 2 0
> GRENADE 2 2 13 1 2
> GRENADE 1 11 15 5 2
> GRENADE 3 7 3 5 2
> GRENADE 4 7 3 5 2
> BAT1 5 7 13 7 3 9 5 9 13 9 1 13 4 7 3 8 6 9 12 9 5 17 8 3 8 9 10 9 10 15 7 16
> BAT2 9 4 13 17 11 2 15 2 12 3 14 3 16 3 15 4 9 12 12 15 11 16
> BAT3 10 3 9 6
< RES 1637329187 86 1
< MOVE D D
> REQ 1637329187 87 1
> VAMPIRE 1 13 13 3 0 2 0
> VAMPIRE 3 7 5 3 0 2 0
> VAMPIRE 4 7 5 3 0 2 0
> VAMPIRE 2 7 9 2 1 2 0
> GRENADE 1 11 15 4 2
> GRENADE 3 9 3 4 2
> GRENADE 4 9 3 4 2
> BAT1 5 7 13 7 3 9 5 9 13 9 4 7 3 8 6 9 12 9 5 17 8 3 8 9 10 9 10 15 7 16
> BAT2 9 4 13 17 11 2 15 2 12 3 14 3 16 3 15 4 9 12 12 15 11 16
> BAT3 10 3 9 6
< RES 1637329187 87 1
< MOVE L L
> REQ 1637329187 88 1
> VAMPIRE 1 13 11 3 0 2 0
> VAMPIRE 3 7 5 3 0 2 0
> VAMPIRE 4 7 5 3 0 2 0
> VAMPIRE 2 7 11 2 0 2 0
> GRENADE 1 11 15 3 2
> GRENADE 3 9 3 3 2
> GRENADE 4 9 3 3 2
> GRENADE 2 7 9 5 2
> BAT1 5 7 13 7 3 9 5 9 13 9 4 7 3 8 6 9 12 9 5 17 8 3 8 9 10 9 10 15 7 16
> BAT2 9 4 13 17 11 2 15 2 12 3 14 3 16 3 15 4 9 12 12 15 11 16
> BAT3 10 3 9 6
< RES 1637329187 88 1
> REQ 1637329187 89 1
> VAMPIRE 1 13 11 3 0 2 0
> VAMPIRE 3 7 5 3 0 2 0
> VAMPIRE 4 7 5 3 0 2 0
> VAMPIRE 2 5 11 2 0 2 0
> GRENADE 1 11 15 2 2
> GRENADE 3 9 3 2 2
> GRENADE 4 9 3 2 2
> GRENADE 2 7 9 4 2
> BAT1 5 7 13 7 3 9 5 9 13 9 4 7 3 8 6 9 12 9 5 17 8 3 8 9 10 9 10 15 7 16
> BAT2 9 4 13 17 11 2 15 2 12 3 14 3 16 3 15 4 9 12 12 15 11 16
> BAT3 10 3 9 6
< RES 1637329187 89 1
< MOVE R R
> REQ 1637329187 90 1
> VAMPIRE 1 13 13 3 0 2 0
> VAMPIRE 3 7 5 3 0 2 0
> VAMPIRE 4 7 5 3 0 2 0
> VAMPIRE 2 5 11 2 0 2 0
> GRENADE 1 11 15 1 2
> GRENADE 3 9 3 1 2
> GRENADE 4 9 3 1 2
> GRENADE 2 7 9 3 2
> BAT1 5 7 13 7 3 9 5 9 13 9 4 7 3 8 6 9 12 9 5 17 8 3 8 9 10 9 10 15 7 16
> BAT2 9 4 13 17 11 2 15 2 12 3 14 3 16 3 15 4 9 12 12 15 11 16
> BAT3 10 3 9 6
< RES 1637329187 90 1
< MOVE R R
> REQ 1637329187 91 1
> VAMPIRE 1 13 15 3 1 2 0
> VAMPIRE 3 9 5 3 1 2 0
> VAMPIRE 4 9 5 3 1 2 0
> VAMPIRE 2 5 13 2 0 2 0
> GRENADE 2 7 9 2 2
> BAT1 5 7 13 7 3 9 5 9 13 9 9 4 4 7 3 8 6 9 12 9 5 17 8 9 10 9 12 15 7 16 11 16
> BAT2 13 17 11 2 15 2 10 3 12 3 14 3 16 3 15 4 9 12
> BAT3 9 6
< RES 1637329187 91 1
< GRENADE
< MOVE L L
> REQ 1637329187 92 1
> VAMPIRE 1 13 13 3 0 2 0
> VAMPIRE 3 7 5 3 0 2 0
> VAMPIRE 4 7 5 3 0 2 0
> VAMPIRE 2 7 13 2 0 2 0
> GRENADE 2 7 9 1 2
> GRENADE 1 13 15 5 2
> GRENADE 3 9 5 5 2
> GRENADE 4 9 5 5 2
> BAT1 5 7 13 7 3 9 5 9 13 9 9 4 4 7 3 8 6 9 12 9 5 17 8 9 10 9 12 15 7 16 11 16
> BAT2 13 17 11 2 15 2 10 3 12 3 14 3 16 3 15 4 9 12
> BAT3 9 6
< RES 1637329187 92 1
< MOVE L L
> REQ 1637329187 93 1
> VAMPIRE 1 13 11 3 0 2 0
> VAMPIRE 3 7 3 3 0 2 0
> VAMPIRE 4 7 3 3 0 2 0
> VAMPIRE 2 7 15 2 1 2 0
> GRENADE 1 13 15 4 2
> GRENADE 3 9 5 4 2
> GRENADE 4 9 5 4 2
> BAT1 5 7 13 7 3 9 5 9 13 9 9 4 4 7 3 8 12 9 5 17 10 9 12 15 7 16 11 16
> BAT2 13 17 11 2 15 2 10 3 12 3 14 3 16 3 15 4 9 12
> BAT3 9 6
< RES 1637329187 93 1
> REQ 1637329187 94 1
> VAMPIRE 1 13 11 3 0 2 0
> VAMPIRE 3 5 3 3 0 2 0
> VAMPIRE 4 5 3 3 0 2 0
> VAMPIRE 2 7 15 2 0 2 0
> GRENADE 1 13 15 3 2
> GRENADE 3 9 5 3 2
> GRENADE 4 9 5 3 2
> GRENADE 2 7 15 5 2
> BAT1 5 7 13 7 3 9 5 9 13 9 9 4 4 7 3 8 12 9 5 17 10 9 12 15 7 16 11 16
> BAT2 13 17 11 2 15 2 10 3 12 3 14 3 16 3 15 4 9 12
> BAT3 9 6
< RES 1637329187 94 1
> REQ 1637329187 95 1
> VAMPIRE 1 13 11 3 0 2 0
> VAMPIRE 3 5 3 3 0 2 0
> VAMPIRE 4 5 3 3 0 2 0
> VAMPIRE 2 5 15 2 0 2 0
> GRENADE 1 13 15 2 2
> GRENADE 3 9 5 2 2
> GRENADE 4 9 5 2 2
> GRENADE 2 7 17 4 2
> BAT1 5 7 13 7 3 9 5 9 13 9 9 4 4 7 3 8 12 9 5 17 10 9 12 15 7 16 11 16
> BAT2 13 17 11 2 15 2 10 3 12 3 14 3 16 3 15 4 9 12
> BAT3 9 6
< RES 1637329187 95 1
< MOVE U U
> REQ 1637329187 96 1
> VAMPIRE 1 11 11 3 0 2 0
> VAMPIRE 3 7 3 3 0 2 0
> VAMPIRE 4 7 3 3 0 2 0
> VAMPIRE 2 5 15 2 0 2 0
> GRENADE 1 13 15 1 2
> GRENADE 3 9 5 1 2
> GRENADE 4 9 5 1 2
> GRENADE 2 7 17 3 2
> BAT1 5 7 13 7 3 9 5 9 13 9 9 4 4 7 3 8 12 9 5 17 10 9 12 15 7 16 11 16
> BAT2 13 17 11 2 15 2 10 3 12 3 14 3 16 3 15 4 9 12
> BAT3 9 6
< RES 1637329187 96 1
< MOVE L L
> REQ 1637329187 97 1
> VAMPIRE 1 11 9 3 1 2 0
> VAMPIRE 3 9 3 3 1 2 0
> VAMPIRE 4 9 3 3 1 2 0
> VAMPIRE 2 7 15 2 0 2 0
> GRENADE 2 7 17 2 2
> BAT1 5 7 13 7 3 9 5 9 13 9 4 7 3 8 12 9 5 17 13 17 10 9 7 16 11 16
> BAT2 11 2 15 2 10 3 12 3 14 3 16 3 15 4 9 6 9 12
< RES 1637329187 97 1
< GRENADE
< MOVE L L
> REQ 1637329187 98 1
> VAMPIRE 1 11 7 3 0 2 0
> VAMPIRE 3 9 3 3 0 2 0
> VAMPIRE 4 9 3 3 0 2 0
> VAMPIRE 2 9 15 2 0 2 0
> GRENADE 2 7 17 1 2
> GRENADE 1 11 9 5 2
> GRENADE 3 9 3 5 2
> GRENADE 4 9 3 5 2
> BAT1 5 7 13 7 3 9 5 9 13 9 4 7 3 8 12 9 5 17 13 17 10 9 7 16 11 16
> BAT2 11 2 15 2 10 3 12 3 14 3 16 3 15 4 9 6 9 12
< RES 1637329187 98 1
< MOVE U U
> REQ 1637329187 99 1
> VAMPIRE 1 9 7 3 0 2 0
> VAMPIRE 3 9 1 3 0 2 0
> VAMPIRE 4 9 1 3 0 2 0
> VAMPIRE 2 11 15 2 1 2 0
> GRENADE 1 11 9 4 2
> GRENADE 3 11 3 4 2
> GRENADE 4 11 3 4 2
> BAT1 5 7 13 7 3 9 5 9 13 9 4 7 3 8 12 9 13 17 10 9 11 16
> BAT2 11 2 15 2 10 3 12 3 14 3 16 3 15 4 9 6 9 12
< RES 1637329187 99 1
< MOVE U U
> REQ 1637329187 100 1
> VAMPIRE 1 7 7 3 0 2 0
> VAMPIRE 3 9 1 3 0 2 0
> VAMPIRE 4 9 1 3 0 2 0
> VAMPIRE 2 11 15 2 0 2 0
> GRENADE 1 11 9 3 2
> GRENADE 3 11 3 3 2
> GRENADE 4 11 3 3 2
> GRENADE 2 11 15 5 2
> BAT1 5 7 13 7 3 9 5 9 13 9 4 7 3 8 12 9 13 17 10 9 11 16
> BAT2 11 2 15 2 10 3 12 3 14 3 16 3 15 4 9 6 9 12
< RES 1637329187 100 1
> REQ 1637329187 101 1
> VAMPIRE 1 7 7 3 0 2 0
> VAMPIRE 3 11 1 3 0 2 0
> VAMPIRE 4 11 1 3 0 2 0
> VAMPIRE 2 13 15 2 0 2 0
> GRENADE 1 11 9 2 2
> GRENADE 3 11 3 2 2
> GRENADE 4 11 3 2 2
> GRENADE 2 11 17 4 2
> BAT1 5 7 13 7 3 9 5 9 13 9 4 7 3 8 12 9 13 17 10 9 11 16
> BAT2 11 2 15 2 10 3 12 3 14 3 16 3 15 4 9 6 9 12
< RES 1637329187 101 1
< MOVE D D
> REQ 1637329187 102 1
> VAMPIRE 1 9 7 3 0 2 0
> VAMPIRE 3 13 1 3 0 2 0
> VAMPIRE 4 13 1 3 0 2 0
> VAMPIRE 2 13 15 2 0 2 0
> GRENADE 1 11 9 1 2
> GRENADE 3 11 3 1 2
> GRENADE 4 11 3 1 2
> GRENADE 2 11 17 3 2
> BAT1 5 7 13 7 3 9 5 9 13 9 4 7 3 8 12 9 13 17 10 9 11 16
> BAT2 11 2 15 2 10 3 12 3 14 3 16 3 15 4 9 6 9 12
< RES 1637329187 102 1
< MOVE R
> REQ 1637329187 103 1
> VAMPIRE 1 9 8 3 1 2 0
> VAMPIRE 3 13 3 3 1 2 0
> VAMPIRE 4 13 3 3 1 2 0
> VAMPIRE 2 11 15 2 0 2 0
> GRENADE 2 11 17 2 2
> BAT1 5 7 13 7 3 9 5 9 13 9 4 7 3 8 13 17 11 2 10 3 12 3 11 16
> BAT2 15 2 14 3 16 3 15 4 9 6 9 12
< RES 1637329187 103 1
< GRENADE
< MOVE L U
> REQ 1637329187 104 1
> VAMPIRE 1 8 7 3 0 2 0
> VAMPIRE 3 13 5 3 0 2 0
> VAMPIRE 4 13 5 3 0 2 0
> VAMPIRE 2 9 15 2 0 2 0
> GRENADE 2 11 17 1 2
> GRENADE 1 9 8 5 2
> GRENADE 3 13 3 5 2
> GRENADE 4 13 3 5 2
> BAT1 5 7 13 7 3 9 5 9 13 9 4 7 3 8 13 17 11 2 10 3 12 3 11 16
> BAT2 15 2 14 3 16 3 15 4 9 6 9 12
< RES 1637329187 104 1
< MOVE U
> REQ 1637329187 105 1
> VAMPIRE 1 7 7 3 0 2 0
> VAMPIRE 3 11 5 3 0 2 0
> VAMPIRE 4 11 5 3 0 2 0
> VAMPIRE 2 9 13 2 1 2 0
> GRENADE 1 9 8 4 2
> GRENADE 3 13 3 4 2
> GRENADE 4 13 3 4 2
> BAT1 5 7 13 7 3 9 5 9 13 9 4 7 3 8 11 2 10 3 12 3
> BAT2 15 2 14 3 16 3 15 4 9 6 9 12
< RES 1637329187 105 1
> REQ 1637329187 106 1
> VAMPIRE 1 7 7 3 0 2 0
> VAMPIRE 3 11 5 3 0 2 0
> VAMPIRE 4 11 5 3 0 2 0
> VAMPIRE 2 9 13 2 0 2 0
> GRENADE 1 9 8 3 2
> GRENADE 3 13 3 3 2
> GRENADE 4 13 3 3 2
> GRENADE 2 9 13 5 2
> BAT1 5 7 13 7 3 9 5 9 13 9 4 7 3 8 11 2 10 3 12 3
> BAT2 15 2 14 3 16 3 15 4 9 6 9 12
< RES 1637329187 106 1
> REQ 1637329187 107 1
> VAMPIRE 1 7 7 3 0 2 0
> VAMPIRE 3 11 5 3 0 2 0
> VAMPIRE 4 11 5 3 0 2 0
> VAMPIRE 2 7 13 2 0 2 0
> GRENADE 1 9 8 2 2
> GRENADE 3 13 3 2 2
> GRENADE 4 13 3 2 2
> GRENADE 2 9 10 4 2
> BAT1 5 7 13 7 3 9 5 9 13 9 4 7 3 8 11 2 10 3 12 3
> BAT2 15 2 14 3 16 3 15 4 9 6 9 12
< RES 1637329187 107 1
> REQ 1637329187 108 1
> VAMPIRE 1 7 7 3 0 2 0
> VAMPIRE 3 11 5 3 0 2 0
> VAMPIRE 4 11 5 3 0 2 0
> VAMPIRE 2 9 13 2 0 2 0
> GRENADE 1 9 8 1 2
> GRENADE 3 13 3 1 2
> GRENADE 4 13 3 1 2
> GRENADE 2 9 10 3 2
> BAT1 5 7 13 7 3 9 5 9 13 9 4 7 3 8 11 2 10 3 12 3
> BAT2 15 2 14 3 16 3 15 4 9 6 9 12
< RES 1637329187 108 1
< MOVE R R
> REQ 1637329187 109 1
> VAMPIRE 1 7 9 3 1 2 0
> VAMPIRE 3 11 3 3 1 2 0
> VAMPIRE 4 11 3 3 1 2 0
> VAMPIRE 2 9 14 2 1 2 0
> BAT1 5 7 13 7 3 9 5 9 13 9 4 7 3 8 11 2 10 3 14 3 9 6 9 12
> BAT2 15 2 16 3 15 4
< RES 1637329187 109 1
< GRENADE
> REQ 1637329187 110 1
> VAMPIRE 1 7 9 3 0 2 0
> VAMPIRE 3 11 5 3 0 2 0
> VAMPIRE 4 11 5 3 0 2 0
> VAMPIRE 2 8 13 2 0 2 0
> GRENADE 1 7 9 5 2
> GRENADE 3 11 3 5 2
> GRENADE 4 11 3 5 2
> GRENADE 2 9 14 5 2
> BAT1 5 7 13 7 3 9 5 9 13 9 4 7 3 8 11 2 10 3 14 3 9 6 9 12
> BAT2 15 2 16 3 15 4
< RES 1637329187 110 1
< THROW XU 3
> REQ 1637329187 111 1
> VAMPIRE 1 7 9 3 0 2 0
> VAMPIRE 3 11 7 3 0 2 0
> VAMPIRE 4 11 7 3 0 2 0
> VAMPIRE 2 10 13 2 0 2 0
> GRENADE 1 4 9 4 2
> GRENADE 3 11 3 4 2
> GRENADE 4 11 3 4 2
> GRENADE 2 9 14 4 2
> BAT1 5 7 13 7 3 9 5 9 13 9 4 7 3 8 11 2 10 3 14 3 9 6 9 12
> BAT2 15 2 16 3 15 4
< RES 1637329187 111 1
> REQ 1637329187 112 1
> VAMPIRE 1 7 9 3 0 2 0
> VAMPIRE 3 11 7 3 0 2 0
> VAMPIRE 4 11 7 3 0 2 0
> VAMPIRE 2 11 13 2 0 2 0
> GRENADE 1 4 9 3 2
> GRENADE 3 11 3 3 2
> GRENADE 4 11 3 3 2
> GRENADE 2 9 14 3 2
> BAT1 5 7 13 7 3 9 5 9 13 9 4 7 3 8 11 2 10 3 14 3 9 6 9 12
> BAT2 15 2 16 3 15 4
< RES 1637329187 112 1
> REQ 1637329187 113 1
> VAMPIRE 1 7 9 3 0 2 0
> VAMPIRE 3 11 7 3 0 2 0
> VAMPIRE 4 11 7 3 0 2 0
> VAMPIRE 2 11 11 2 0 2 0
> GRENADE 1 4 9 2 2
> GRENADE 3 11 3 2 2
> GRENADE 4 11 3 2 2
> GRENADE 2 9 14 2 2
> BAT1 5 7 13 7 3 9 5 9 13 9 4 7 3 8 11 2 10 3 14 3 9 6 9 12
> BAT2 15 2 16 3 15 4
< RES 1637329187 113 1
< MOVE D
> REQ 1637329187 114 1
> VAMPIRE 1 8 9 3 0 2 0
> VAMPIRE 3 11 7 3 0 2 0
> VAMPIRE 4 11 7 3 0 2 0
> VAMPIRE 2 13 11 2 0 2 0
> GRENADE 1 4 9 1 2
> GRENADE 3 11 3 1 2
> GRENADE 4 11 3 1 2
> GRENADE 2 9 14 1 2
> BAT1 5 7 13 7 3 9 5 9 13 9 4 7 3 8 11 2 10 3 14 3 9 6 9 12
> BAT2 15 2 16 3 15 4
< RES 1637329187 114 1
< MOVE D L
> REQ 1637329187 115 1
> VAMPIRE 1 9 8 3 1 2 0
> VAMPIRE 3 11 7 3 1 2 0
> VAMPIRE 4 11 7 3 1 2 0
> VAMPIRE 2 13 11 2 1 2 0
> BAT1 5 7 13 7 13 9 4 7 3 8 14 3 9 6
> BAT2 15 2 16 3 15 4
< RES 1637329187 115 1
< GRENADE
< MOVE R U
> REQ 1637329187 116 1
> VAMPIRE 1 8 9 3 0 2 0
> VAMPIRE 3 11 5 3 0 2 0
> VAMPIRE 4 11 5 3 0 2 0
> VAMPIRE 2 13 11 2 0 2 0
> GRENADE 1 9 8 5 2
> GRENADE 3 11 7 5 2
> GRENADE 4 11 7 5 2
> GRENADE 2 13 11 5 2
> BAT1 5 7 13 7 13 9 4 7 3 8 14 3 9 6
> BAT2 15 2 16 3 15 4
< RES 1637329187 116 1
< MOVE U
> REQ 1637329187 117 1
> VAMPIRE 1 7 9 3 0 2 0
> VAMPIRE 3 11 3 3 0 2 0
> VAMPIRE 4 11 3 3 0 2 0
> VAMPIRE 2 13 11 2 0 2 0
> GRENADE 1 9 8 4 2
> GRENADE 3 11 7 4 2
> GRENADE 4 11 7 4 2
> GRENADE 2 13 8 4 2
> BAT1 5 7 13 7 13 9 4 7 3 8 14 3 9 6
> BAT2 15 2 16 3 15 4
< RES 1637329187 117 1
< MOVE U U
> REQ 1637329187 118 1
> VAMPIRE 1 5 9 3 0 2 0
> VAMPIRE 3 11 3 3 0 2 0
> VAMPIRE 4 11 3 3 0 2 0
> VAMPIRE 2 13 11 2 0 2 0
> GRENADE 1 9 8 3 2
> GRENADE 3 11 7 3 2
> GRENADE 4 11 7 3 2
> GRENADE 2 13 8 3 2
> BAT1 5 7 13 7 13 9 4 7 3 8 14 3 9 6
> BAT2 15 2 16 3 15 4
< RES 1637329187 118 1
< MOVE R R
> REQ 1637329187 119 1
> VAMPIRE 1 5 11 3 0 2 0
> VAMPIRE 3 11 3 3 0 2 0
> VAMPIRE 4 9 3 3 0 2 0
> VAMPIRE 2 15 11 2 0 2 0
> GRENADE 1 9 8 2 2
> GRENADE 3 11 7 2 2
> GRENADE 4 11 7 2 2
> GRENADE 2 13 8 2 2
> BAT1 5 7 13 7 13 9 4 7 3 8 14 3 9 6
> BAT2 15 2 16 3 15 4
< RES 1637329187 119 1
< MOVE U U
> REQ 1637329187 120 1
> VAMPIRE 1 3 11 3 0 2 0
> VAMPIRE 3 13 3 3 0 2 0
> VAMPIRE 4 11 3 3 0 2 0
> VAMPIRE 2 15 9 2 0 2 0
> GRENADE 1 9 8 1 2
> GRENADE 3 11 7 1 2
> GRENADE 4 11 7 1 2
> GRENADE 2 13 8 1 2
> BAT1 5 7 13 7 13 9 4 7 3 8 14 3 9 6
> BAT2 15 2 16 3 15 4
< RES 1637329187 120 1
< MOVE L
> REQ 1637329187 121 1
> VAMPIRE 1 3 10 3 1 2 0
> VAMPIRE 3 12 3 3 1 2 0
> VAMPIRE 4 12 3 3 1 2 0
> VAMPIRE 2 15 7 2 1 2 0
> POWERUP SHOE -9 17 17 5
> POWERUP SHOE -9 1 1 5
> BAT1 5 7 4 7 3 8 14 3
> BAT2 15 2 16 3 15 4
< RES 1637329187 121 1
< GRENADE
< MOVE L U
> REQ 1637329187 122 1
> VAMPIRE 1 2 9 3 0 2 0
> VAMPIRE 3 12 3 3 0 2 0
> VAMPIRE 4 12 3 3 0 2 0
> VAMPIRE 2 15 6 2 1 2 0
> GRENADE 1 3 10 5 2
> GRENADE 3 12 3 5 2
> GRENADE 4 12 3 5 2
> POWERUP SHOE -8 17 17 5
> POWERUP SHOE -8 1 1 5
> BAT1 5 7 4 7 3 8 14 3
> BAT2 15 2 16 3 15 4
< RES 1637329187 122 1
< MOVE U L
> REQ 1637329187 123 1
> VAMPIRE 1 1 8 3 0 2 0
> VAMPIRE 3 10 3 3 0 2 0
> VAMPIRE 4 10 3 3 0 2 0
> VAMPIRE 2 15 6 2 0 2 0
> GRENADE 1 3 10 4 2
> GRENADE 3 15 3 4 2
> GRENADE 4 15 3 4 2
> GRENADE 2 15 6 5 2
> POWERUP SHOE -7 17 17 5
> POWERUP SHOE -7 1 1 5
> BAT1 5 7 4 7 3 8 14 3
> BAT2 15 2 16 3 15 4
< RES 1637329187 123 1
< MOVE L L
> REQ 1637329187 124 1
> VAMPIRE 1 1 6 3 0 2 0
> VAMPIRE 3 8 3 3 0 2 0
> VAMPIRE 4 8 3 3 0 2 0
> VAMPIRE 2 15 8 2 0 2 0
> GRENADE 1 3 10 3 2
> GRENADE 3 15 3 3 2
> GRENADE 4 15 3 3 2
> GRENADE 2 15 3 4 2
> POWERUP SHOE -6 17 17 5
> POWERUP SHOE -6 1 1 5
> BAT1 5 7 4 7 3 8 14 3
> BAT2 15 2 16 3 15 4
< RES 1637329187 124 1
< MOVE L L
> REQ 1637329187 125 1
> VAMPIRE 1 1 4 3 0 2 0
> VAMPIRE 3 6 3 3 0 2 0
> VAMPIRE 4 6 3 3 0 2 0
> VAMPIRE 2 15 10 2 0 2 0
> GRENADE 1 3 10 2 2
> GRENADE 3 15 3 2 2
> GRENADE 4 15 3 2 2
> GRENADE 2 15 3 3 2
> POWERUP SHOE -5 17 17 5
> POWERUP SHOE -5 1 1 5
> BAT1 5 7 4 7 3 8 14 3
> BAT2 15 2 16 3 15 4
< RES 1637329187 125 1
< MOVE L L
> REQ 1637329187 126 1
> VAMPIRE 1 1 2 3 0 2 0
> VAMPIRE 3 4 3 3 0 2 0
> VAMPIRE 4 4 3 3 0 2 0
> VAMPIRE 2 15 12 2 0 2 0
> GRENADE 1 3 10 1 2
> GRENADE 3 15 3 1 2
> GRENADE 4 15 3 1 2
> GRENADE 2 15 3 2 2
> POWERUP SHOE -4 17 17 5
> POWERUP SHOE -4 1 1 5
> BAT1 5 7 4 7 3 8 14 3
> BAT2 15 2 16 3 15 4
< RES 1637329187 126 1
< MOVE L
> REQ 1637329187 127 1
> VAMPIRE 1 1 1 3 1 2 0
> VAMPIRE 3 2 3 3 1 2 0
> VAMPIRE 4 2 3 3 1 2 0
> VAMPIRE 2 15 14 2 1 2 0
> POWERUP SHOE -3 17 17 5
> POWERUP SHOE -3 1 1 5
> BAT1 5 7 4 7 15 2 16 3 15 4
< RES 1637329187 127 1
> REQ 1637329187 128 1
> VAMPIRE 1 1 1 3 1 2 0
> VAMPIRE 3 1 2 3 1 2 0
> VAMPIRE 4 1 2 3 1 2 0
> VAMPIRE 2 15 16 2 1 2 0
> POWERUP SHOE -2 17 17 5
> POWERUP SHOE -2 1 1 5
> BAT1 5 7 4 7 15 2 16 3 15 4
< RES 1637329187 128 1
< GRENADE
> REQ 1637329187 129 1
> VAMPIRE 1 1 1 3 0 2 0
> VAMPIRE 3 1 2 3 1 2 0
> VAMPIRE 4 1 2 3 1 2 0
> VAMPIRE 2 16 17 2 1 2 0
> GRENADE 1 1 1 5 2
> POWERUP SHOE -1 17 17 5
> POWERUP SHOE -1 1 1 5
> BAT1 5 7 4 7 15 2 16 3 15 4
< RES 1637329187 129 1
< THROW XR 3
< MOVE D
> REQ 1637329187 130 1
> VAMPIRE 1 2 1 3 0 2 0
> VAMPIRE 3 1 3 3 1 2 0
> VAMPIRE 4 1 3 3 1 2 0
> VAMPIRE 2 17 17 2 1 2 0
> GRENADE 1 1 4 4 2
> POWERUP SHOE 12 17 17 5
> POWERUP SHOE 12 1 1 5
> BAT1 5 7 4 7 15 2 16 3 15 4
< RES 1637329187 130 1
< MOVE U
> REQ 1637329187 131 1
> VAMPIRE 1 1 1 3 0 2 0
> VAMPIRE 3 1 1 3 1 2 0
> VAMPIRE 4 1 1 3 1 2 0
> VAMPIRE 2 17 17 2 1 2 0
> GRENADE 1 1 4 3 2
> POWERUP SHOE 11 17 17 5
> POWERUP SHOE 11 1 1 5
> BAT1 5 7 4 7 15 2 16 3 15 4
< RES 1637329187 131 1
> REQ 1637329187 132 1
> VAMPIRE 1 1 1 3 0 2 0
> VAMPIRE 3 1 1 3 1 2 0
> VAMPIRE 4 1 1 3 1 2 0
> VAMPIRE 2 17 17 2 1 2 0
> GRENADE 1 1 4 2 2
> POWERUP SHOE 10 17 17 5
> POWERUP SHOE 10 1 1 5
> BAT1 5 7 4 7 15 2 16 3 15 4
< RES 1637329187 132 1
> REQ 1637329187 133 1
> VAMPIRE 1 1 1 3 0 2 0
> VAMPIRE 3 1 1 3 1 2 0
> VAMPIRE 4 1 1 3 1 2 0
> VAMPIRE 2 17 17 2 1 2 0
> GRENADE 1 1 4 1 2
> POWERUP SHOE 9 17 17 5
> POWERUP SHOE 9 1 1 5
> BAT1 5 7 4 7 15 2 16 3 15 4
< RES 1637329187 133 1
> REQ 1637329187 134 1
> VAMPIRE 1 1 1 3 1 2 0
> VAMPIRE 3 1 1 3 1 2 0
> VAMPIRE 4 1 1 3 1 2 0
> VAMPIRE 2 17 17 2 1 2 0
> POWERUP SHOE 8 17 17 5
> POWERUP SHOE 8 1 1 5
> BAT1 5 7 4 7 15 2 16 3 15 4
< RES 1637329187 134 1
> REQ 1637329187 135 1
> VAMPIRE 1 1 1 3 1 2 0
> VAMPIRE 3 1 1 3 1 2 0
> VAMPIRE 4 1 1 3 1 2 0
> VAMPIRE 2 17 17 2 1 2 38
> POWERUP SHOE 7 1 1 5
> BAT1 5 7 4 7 15 2 16 3 15 4
< RES 1637329187 135 1
> REQ 1637329187 136 1
> VAMPIRE 1 1 1 3 1 2 38
> VAMPIRE 3 1 1 3 1 2 38
> VAMPIRE 4 1 1 3 1 2 38
> VAMPIRE 2 16 15 2 1 2 37
> BAT1 5 7 4 7 15 2 16 3 15 4
< RES 1637329187 136 1
< MOVE D D
> REQ 1637329187 137 1
> VAMPIRE 1 3 1 3 1 2 37
> VAMPIRE 3 3 1 3 1 2 37
> VAMPIRE 4 3 1 3 1 2 37
> VAMPIRE 2 15 13 2 1 2 36
> BAT1 5 7 4 7 15 2 16 3 15 4
< RES 1637329187 137 1
< MOVE D D R
> REQ 1637329187 138 1
> VAMPIRE 1 5 2 3 1 2 36
> VAMPIRE 3 5 2 3 1 2 36
> VAMPIRE 4 5 2 3 1 2 36
> VAMPIRE 2 15 11 2 1 2 35
> BAT1 5 7 4 7 15 2 16 3 15 4
< RES 1637329187 138 1
< GRENADE
> REQ 1637329187 139 1
> VAMPIRE 1 5 2 3 0 2 35
> VAMPIRE 3 5 2 3 0 2 35
> VAMPIRE 4 5 2 3 0 2 35
> VAMPIRE 2 15 9 2 1 2 34
> GRENADE 1 5 2 5 2
> GRENADE 3 5 2 5 2
> GRENADE 4 5 2 5 2
> BAT1 5 7 4 7 15 2 16 3 15 4
< RES 1637329187 139 1
< THROW XR 3
< MOVE R D D
> REQ 1637329187 140 1
> VAMPIRE 1 7 3 3 0 2 34
> VAMPIRE 3 7 3 3 0 2 34
> VAMPIRE 4 7 3 3 0 2 34
> VAMPIRE 2 15 6 2 1 2 33
> GRENADE 1 5 5 4 2
> GRENADE 3 5 5 4 2
> GRENADE 4 5 5 4 2
> BAT1 5 7 4 7 15 2 16 3 15 4
< RES 1637329187 140 1
> REQ 1637329187 141 1
> VAMPIRE 1 7 3 3 0 2 33
> VAMPIRE 3 7 3 3 0 2 33
> VAMPIRE 4 7 3 3 0 2 33
> VAMPIRE 2 15 6 2 0 2 32
> GRENADE 1 5 5 3 2
> GRENADE 3 5 5 3 2
> GRENADE 4 5 5 3 2
> GRENADE 2 15 6 5 2
> BAT1 5 7 4 7 15 2 16 3 15 4
< RES 1637329187 141 1
> REQ 1637329187 142 1
> VAMPIRE 1 7 3 3 0 2 32
> VAMPIRE 3 7 3 3 0 2 32
> VAMPIRE 4 7 3 3 0 2 32
> VAMPIRE 2 15 7 2 0 2 31
> GRENADE 1 5 5 2 2
> GRENADE 3 5 5 2 2
> GRENADE 4 5 5 2 2
> GRENADE 2 15 3 4 2
> BAT1 5 7 4 7 15 2 16 3 15 4
< RES 1637329187 142 1
< MOVE D D D
> REQ 1637329187 143 1
> VAMPIRE 1 10 3 3 0 2 31
> VAMPIRE 3 10 3 3 0 2 31
> VAMPIRE 4 10 3 3 0 2 31
> VAMPIRE 2 15 7 2 0 2 30
> GRENADE 1 5 5 1 2
> GRENADE 3 5 5 1 2
> GRENADE 4 5 5 1 2
> GRENADE 2 15 3 3 2
> BAT1 5 7 4 7 15 2 16 3 15 4
< RES 1637329187 143 1
< MOVE D D D
> REQ 1637329187 144 1
> VAMPIRE 1 13 3 3 1 2 30
> VAMPIRE 3 13 3 3 1 2 30
> VAMPIRE 4 13 3 3 1 2 30
> VAMPIRE 2 15 7 2 0 2 29
> GRENADE 2 15 3 2 2
> POWERUP GRENADE -5 5 17 4
> POWERUP GRENADE -5 13 1 4
> BAT1 4 7 15 2 16 3 15 4
< RES 1637329187 144 1
< GRENADE
< MOVE U U L
> REQ 1637329187 145 1
> VAMPIRE 1 11 2 3 0 2 29
> VAMPIRE 3 11 2 3 0 2 29
> VAMPIRE 4 11 2 3 0 2 29
> VAMPIRE 2 13 6 2 0 2 28
> GRENADE 2 15 3 1 2
> GRENADE 1 13 3 5 2
> GRENADE 3 13 3 5 2
> GRENADE 4 13 3 5 2
> POWERUP GRENADE -4 5 17 4
> POWERUP GRENADE -4 13 1 4
> BAT1 4 7 15 2 16 3 15 4
< RES 1637329187 145 1
< MOVE L D D
> REQ 1637329187 146 1
> VAMPIRE 1 13 1 3 1 2 28
> VAMPIRE 3 13 1 3 1 2 28
> VAMPIRE 4 13 1 3 1 2 28
> VAMPIRE 2 11 5 2 1 2 27
> POWERUP GRENADE -3 5 17 4
> POWERUP GRENADE -3 13 1 4
> BAT1 4 7
< RES 1637329187 146 1
> REQ 1637329187 147 1
> VAMPIRE 1 13 1 3 1 2 27
> VAMPIRE 3 13 1 3 1 2 27
> VAMPIRE 4 13 1 3 1 2 27
> VAMPIRE 2 13 4 2 1 2 26
> POWERUP GRENADE -2 5 17 4
> POWERUP GRENADE -2 13 1 4
> BAT1 4 7
< RES 1637329187 147 1
< GRENADE
> REQ 1637329187 148 1
> VAMPIRE 1 13 1 3 0 2 26
> VAMPIRE 3 13 1 3 1 2 26
> VAMPIRE 4 13 1 3 1 2 26
> VAMPIRE 2 13 2 2 1 2 25
> GRENADE 1 13 1 5 2
> POWERUP GRENADE -1 5 17 4
> POWERUP GRENADE -1 13 1 4
> BAT1 4 7
< RES 1637329187 148 1
> REQ 1637329187 149 1
> VAMPIRE 1 13 1 3 0 2 25
> VAMPIRE 3 13 1 3 0 2 25
> VAMPIRE 4 13 1 3 0 2 25
> VAMPIRE 2 11 3 2 0 2 24
> GRENADE 1 13 1 4 2
> GRENADE 3 13 1 5 2
> GRENADE 4 13 1 5 2
> GRENADE 2 13 2 5 2
> POWERUP GRENADE 18 5 17 4
> POWERUP GRENADE 18 13 1 4
> BAT1 4 7
< RES 1637329187 149 1
> REQ 1637329187 150 1
> VAMPIRE 1 13 1 3 0 2 24
> VAMPIRE 3 13 1 3 0 2 24
> VAMPIRE 4 13 1 3 0 2 24
> VAMPIRE 2 8 3 2 0 2 23
> GRENADE 1 13 1 3 2
> GRENADE 3 13 1 4 2
> GRENADE 4 13 1 4 2
> GRENADE 2 13 2 4 2
> POWERUP GRENADE 17 5 17 4
> POWERUP GRENADE 17 13 1 4
> BAT1 4 7
< RES 1637329187 150 1
> REQ 1637329187 151 1
> VAMPIRE 1 13 1 3 0 2 23
> VAMPIRE 3 13 1 3 0 2 23
> VAMPIRE 4 13 1 3 0 2 23
> VAMPIRE 2 5 3 2 0 2 22
> GRENADE 1 13 1 2 2
> GRENADE 3 13 1 3 2
> GRENADE 4 13 1 3 2
> GRENADE 2 13 2 3 2
> POWERUP GRENADE 16 5 17 4
> POWERUP GRENADE 16 13 1 4
> BAT1 4 7
< RES 1637329187 151 1
< MOVE U U U
> REQ 1637329187 152 1
> VAMPIRE 1 10 1 3 1 2 22
> VAMPIRE 3 10 1 3 1 2 22
> VAMPIRE 4 10 1 3 1 2 22
> VAMPIRE 2 5 5 2 0 2 21
> GRENADE 1 13 1 1 2
> GRENADE 3 13 1 2 2
> GRENADE 4 13 1 2 2
> GRENADE 2 13 2 2 2
> POWERUP GRENADE 15 5 17 4
> BAT1 4 7
< RES 1637329187 152 1
< GRENADE
< MOVE U R R
> REQ 1637329187 153 1
> VAMPIRE 1 9 3 3 1 2 21
> VAMPIRE 3 9 3 3 2 2 21
> VAMPIRE 4 9 3 3 2 2 21
> VAMPIRE 2 5 7 2 1 2 20
> GRENADE 1 10 1 5 2
> POWERUP GRENADE 14 5 17 4
> BAT1 4 7
< RES 1637329187 153 1
< GRENADE
> REQ 1637329187 154 1
> VAMPIRE 1 9 3 3 0 2 20
> VAMPIRE 3 9 5 3 2 2 20
> VAMPIRE 4 9 5 3 2 2 20
> VAMPIRE 2 5 10 2 0 2 19
> GRENADE 1 10 1 4 2
> GRENADE 1 9 3 5 2
> GRENADE 2 5 7 5 2
> POWERUP GRENADE 13 5 17 4
> BAT1 4 7
< RES 1637329187 154 1
> REQ 1637329187 155 1
> VAMPIRE 1 9 3 3 0 2 19
> VAMPIRE 3 9 7 3 2 2 19
> VAMPIRE 4 9 7 3 2 2 19
> VAMPIRE 2 5 13 2 0 2 18
> GRENADE 1 10 1 3 2
> GRENADE 1 9 3 4 2
> GRENADE 2 5 7 4 2
> POWERUP GRENADE 12 5 17 4
> BAT1 4 7
< RES 1637329187 155 1
< THROW XR 3
< MOVE U U
> REQ 1637329187 156 1
> VAMPIRE 1 7 3 3 0 2 18
> VAMPIRE 3 9 7 3 1 2 18
> VAMPIRE 4 9 7 3 1 2 18
> VAMPIRE 2 5 16 2 0 2 17
> GRENADE 1 10 1 2 2
> GRENADE 1 9 6 3 2
> GRENADE 2 5 7 3 2
> GRENADE 3 9 7 5 2
> GRENADE 4 9 7 5 2
> POWERUP GRENADE 11 5 17 4
> BAT1 4 7
< RES 1637329187 156 1
> REQ 1637329187 157 1
> VAMPIRE 1 7 3 3 0 2 17
> VAMPIRE 3 8 9 3 1 2 17
> VAMPIRE 4 8 9 3 1 2 17
> VAMPIRE 2 5 17 2 0 2 16
> GRENADE 1 10 1 1 2
> GRENADE 1 9 6 2 2
> GRENADE 2 5 7 2 2
> GRENADE 3 6 7 4 2
> GRENADE 4 6 7 4 2
> POWERUP GRENADE 10 5 17 4
> BAT1 4 7
< RES 1637329187 157 1
< MOVE D D
> REQ 1637329187 158 1
> VAMPIRE 1 9 3 3 1 2 16
> VAMPIRE 3 7 11 3 1 2 16
> VAMPIRE 4 7 11 3 1 2 16
> VAMPIRE 2 5 17 2 0 2 15
> GRENADE 1 9 6 1 2
> GRENADE 2 5 7 1 2
> GRENADE 3 6 7 3 2
> GRENADE 4 6 7 3 2
> POWERUP GRENADE 9 5 17 4
> BAT1 4 7
< RES 1637329187 158 1
> REQ 1637329187 159 1
> VAMPIRE 1 9 3 3 2 2 15
> VAMPIRE 3 6 13 3 2 2 15
> VAMPIRE 4 6 13 3 2 2 15
> VAMPIRE 2 5 17 2 1 2 14
> POWERUP GRENADE 8 5 17 4
< RES 1637329187 159 1
< MOVE R R
> REQ 1637329187 160 1
> VAMPIRE 1 9 5 3 2 2 14
> VAMPIRE 3 5 15 3 2 2 14
> VAMPIRE 4 5 15 3 2 2 14
> VAMPIRE 2 5 17 2 1 2 13
> POWERUP GRENADE 7 5 17 4
< RES 1637329187 160 1
< MOVE R R
> REQ 1637329187 161 1
> VAMPIRE 1 9 7 3 2 2 13
> VAMPIRE 3 5 15 3 2 2 13
> VAMPIRE 4 5 15 3 2 2 13
> VAMPIRE 2 5 17 2 1 2 12
> GRENADE 2 5 17 5 2
< RES 1637329187 161 1
< MOVE U U
> REQ 1637329187 162 1
> VAMPIRE 1 7 7 3 2 2 12
> VAMPIRE 3 7 15 3 2 2 12
> VAMPIRE 4 7 15 3 2 2 12
> VAMPIRE 2 8 17 2 0 2 11
> GRENADE 2 5 17 4 2
> GRENADE 2 5 17 5 2
< RES 1637329187 162 1
< MOVE L L
> REQ 1637329187 163 1
> VAMPIRE 1 7 5 3 2 2 11
> VAMPIRE 3 7 13 3 2 2 11
> VAMPIRE 4 7 13 3 2 2 11
> VAMPIRE 2 9 15 2 0 2 10
> GRENADE 2 5 17 3 2
> GRENADE 2 5 17 4 2
< RES 1637329187 163 1
< MOVE D D
> REQ 1637329187 164 1
> VAMPIRE 1 9 5 3 2 2 10
> VAMPIRE 3 7 11 3 2 2 10
> VAMPIRE 4 7 11 3 2 2 10
> VAMPIRE 2 11 15 2 0 2 9
> GRENADE 2 5 17 2 2
> GRENADE 2 5 17 3 2
< RES 1637329187 164 1
< MOVE D D
> REQ 1637329187 165 1
> VAMPIRE 1 11 5 3 2 2 9
> VAMPIRE 3 5 11 3 2 2 9
> VAMPIRE 4 5 11 3 2 2 9
> VAMPIRE 2 13 15 2 0 2 8
> GRENADE 2 5 17 1 2
> GRENADE 2 5 17 2 2
< RES 1637329187 165 1
< MOVE D D
> REQ 1637329187 166 1
> VAMPIRE 1 13 5 3 2 2 8
> VAMPIRE 3 5 9 3 2 2 8
> VAMPIRE 4 5 9 3 2 2 8
> VAMPIRE 2 13 13 2 2 2 7
< RES 1637329187 166 1
> REQ 1637329187 167 1
> VAMPIRE 1 13 5 3 2 2 7
> VAMPIRE 3 3 9 3 2 2 7
> VAMPIRE 4 3 9 3 2 2 7
> VAMPIRE 2 13 13 2 2 2 6
< RES 1637329187 167 1
> REQ 1637329187 168 1
> VAMPIRE 1 13 5 3 2 2 6
> VAMPIRE 3 5 9 3 2 2 6
> VAMPIRE 4 5 9 3 2 2 6
> VAMPIRE 2 11 13 2 2 2 5
< RES 1637329187 168 1
< MOVE U U
> REQ 1637329187 169 1
> VAMPIRE 1 11 5 3 2 2 5
> VAMPIRE 3 3 9 3 2 2 5
> VAMPIRE 4 3 9 3 2 2 5
> VAMPIRE 2 11 13 2 2 2 4
< RES 1637329187 169 1
> REQ 1637329187 170 1
> VAMPIRE 1 11 5 3 2 2 4
> VAMPIRE 3 5 9 3 2 2 4
> VAMPIRE 4 5 9 3 2 2 4
> VAMPIRE 2 11 13 2 2 2 3
< RES 1637329187 170 1
> REQ 1637329187 171 1
> VAMPIRE 1 11 5 3 2 2 3
> VAMPIRE 3 7 9 3 2 2 3
> VAMPIRE 4 7 9 3 2 2 3
> VAMPIRE 2 11 13 2 2 2 2
< RES 1637329187 171 1
< MOVE U U
> REQ 1637329187 172 1
> VAMPIRE 1 9 5 3 2 2 2
> VAMPIRE 3 5 9 3 2 2 2
> VAMPIRE 4 5 9 3 2 2 2
> VAMPIRE 2 11 13 2 2 2 1
< RES 1637329187 172 1
> REQ 1637329187 173 1
> VAMPIRE 1 9 5 3 2 2 1
> VAMPIRE 3 7 9 3 2 2 1
> VAMPIRE 4 7 9 3 2 2 1
> VAMPIRE 2 11 11 2 2 2 0
> POWERUP BATTERY -8 5 16 5
> POWERUP BATTERY -8 13 2 5
< RES 1637329187 173 1
< MOVE D D D
> REQ 1637329187 174 1
> VAMPIRE 1 12 5 3 2 2 0
> VAMPIRE 3 5 10 3 2 2 0
> VAMPIRE 4 5 10 3 2 2 0
> VAMPIRE 2 9 11 2 2 2 0
> POWERUP BATTERY -7 5 16 5
> POWERUP BATTERY -7 13 2 5
< RES 1637329187 174 1
< MOVE D L
> REQ 1637329187 175 1
> VAMPIRE 1 13 4 3 2 2 0
> VAMPIRE 3 5 12 3 2 2 0
> VAMPIRE 4 5 12 3 2 2 0
> VAMPIRE 2 7 11 2 2 2 0
> POWERUP BATTERY -6 5 16 5
> POWERUP BATTERY -6 13 2 5
< RES 1637329187 175 1
< MOVE L L
> REQ 1637329187 176 1
> VAMPIRE 1 13 2 3 2 2 0
> VAMPIRE 3 5 14 3 2 2 0
> VAMPIRE 4 5 14 3 2 2 0
> VAMPIRE 2 5 11 2 2 2 0
> POWERUP BATTERY -5 5 16 5
> POWERUP BATTERY -5 13 2 5
< RES 1637329187 176 1
> REQ 1637329187 177 1
> VAMPIRE 1 13 2 3 2 2 0
> VAMPIRE 3 5 16 3 2 2 0
> VAMPIRE 4 5 16 3 2 2 0
> VAMPIRE 2 5 13 2 2 2 0
> POWERUP BATTERY -4 5 16 5
> POWERUP BATTERY -4 13 2 5
< RES 1637329187 177 1
> REQ 1637329187 178 1
> VAMPIRE 1 13 2 3 2 2 0
> VAMPIRE 3 5 16 3 2 2 0
> VAMPIRE 4 5 16 3 2 2 0
> VAMPIRE 2 5 15 2 2 2 0
> POWERUP BATTERY -3 5 16 5
> POWERUP BATTERY -3 13 2 5
< RES 1637329187 178 1
> REQ 1637329187 179 1
> VAMPIRE 1 13 2 3 2 2 0
> VAMPIRE 3 5 16 3 2 2 0
> VAMPIRE 4 5 16 3 2 2 0
> VAMPIRE 2 5 17 2 1 2 0
> GRENADE 2 5 15 5 2
> POWERUP BATTERY -2 5 16 5
> POWERUP BATTERY -2 13 2 5
< RES 1637329187 179 1
> REQ 1637329187 180 1
> VAMPIRE 1 13 2 3 2 2 0
> VAMPIRE 3 5 16 3 2 2 0
> VAMPIRE 4 5 16 3 2 2 0
> VAMPIRE 2 5 17 2 0 2 0
> GRENADE 2 5 15 4 2
> GRENADE 2 5 17 5 2
> POWERUP BATTERY -1 5 16 5
> POWERUP BATTERY -1 13 2 5
< RES 1637329187 180 1
> REQ 1637329187 181 1
> VAMPIRE 1 13 2 3 2 2 0
> VAMPIRE 3 5 16 3 2 2 0
> VAMPIRE 4 5 16 3 2 2 0
> VAMPIRE 2 5 17 2 0 2 0
> GRENADE 2 5 15 3 2
> GRENADE 2 5 17 4 2
> POWERUP BATTERY 12 5 16 5
> POWERUP BATTERY 12 13 2 5
< RES 1637329187 181 1
> REQ 1637329187 182 1
> VAMPIRE 1 13 2 3 2 2 0
> VAMPIRE 3 5 16 3 2 2 0
> VAMPIRE 4 5 16 3 2 2 0
> VAMPIRE 2 5 17 2 0 2 0
> GRENADE 2 5 15 2 2
> GRENADE 2 5 17 3 2
> POWERUP BATTERY 11 5 16 5
> POWERUP BATTERY 11 13 2 5
< RES 1637329187 182 1
> REQ 1637329187 183 1
> VAMPIRE 1 13 2 3 2 2 0
> VAMPIRE 3 5 16 3 2 2 0
> VAMPIRE 4 5 16 3 2 2 0
> VAMPIRE 2 4 17 2 0 2 0
> GRENADE 2 5 15 1 2
> GRENADE 2 5 14 2 2
> POWERUP BATTERY 10 5 16 5
> POWERUP BATTERY 10 13 2 5
< RES 1637329187 183 1
> REQ 1637329187 184 1
> VAMPIRE 1 13 2 3 2 2 0
> VAMPIRE 3 5 17 2 2 2 0
> VAMPIRE 4 5 17 2 2 2 0
> VAMPIRE 2 3 16 2 2 2 0
> POWERUP BATTERY 9 5 16 5
> POWERUP BATTERY 9 13 2 5
< RES 1637329187 184 1
> REQ 1637329187 185 1
> VAMPIRE 1 13 2 3 2 3 0
> VAMPIRE 3 5 15 2 2 2 0
> VAMPIRE 4 5 15 2 2 2 0
> VAMPIRE 2 4 17 2 2 2 0
> POWERUP BATTERY 8 5 16 5
< RES 1637329187 185 1
< MOVE R U
> REQ 1637329187 186 1
> VAMPIRE 1 12 3 3 2 3 0
> VAMPIRE 3 5 17 2 2 2 0
> VAMPIRE 4 5 17 2 2 2 0
> VAMPIRE 2 5 16 2 2 2 0
> POWERUP BATTERY 7 5 16 5
< RES 1637329187 186 1
< MOVE U U
> REQ 1637329187 187 1
> VAMPIRE 1 10 3 3 2 3 0
> VAMPIRE 3 5 15 2 1 2 0
> VAMPIRE 4 5 15 2 1 2 0
> VAMPIRE 2 5 15 2 2 2 0
> GRENADE 3 5 17 5 2
> GRENADE 4 5 17 5 2
> POWERUP BATTERY 6 5 16 5
< RES 1637329187 187 1
< MOVE U U
> REQ 1637329187 188 1
> VAMPIRE 1 8 3 3 2 3 0
> VAMPIRE 3 5 16 2 1 2 0
> VAMPIRE 4 5 16 2 1 2 0
> VAMPIRE 2 5 16 2 2 2 0
> GRENADE 3 5 17 4 2
> GRENADE 4 5 17 4 2
> POWERUP BATTERY 5 5 16 5
< RES 1637329187 188 1
< MOVE U U
> REQ 1637329187 189 1
> VAMPIRE 1 6 3 3 2 3 0
> VAMPIRE 3 5 15 2 1 2 0
> VAMPIRE 4 5 15 2 1 2 0
> VAMPIRE 2 5 15 2 2 2 0
> GRENADE 3 5 17 3 2
> GRENADE 4 5 17 3 2
> POWERUP BATTERY 4 5 16 5
< RES 1637329187 189 1
< MOVE U R
> REQ 1637329187 190 1
> VAMPIRE 1 5 4 3 2 3 0
> VAMPIRE 3 5 15 2 0 2 0
> VAMPIRE 4 5 15 2 0 2 0
> VAMPIRE 2 5 15 2 1 2 0
> GRENADE 3 5 17 2 2
> GRENADE 4 5 17 2 2
> GRENADE 3 5 15 5 2
> GRENADE 4 5 15 5 2
> GRENADE 2 5 15 5 2
> POWERUP BATTERY 3 5 16 5
< RES 1637329187 190 1
< MOVE R R
> REQ 1637329187 191 1
> VAMPIRE 1 5 6 3 2 3 0
> VAMPIRE 3 5 15 2 0 2 0
> VAMPIRE 4 5 15 2 0 2 0
> VAMPIRE 2 5 15 2 0 2 0
> GRENADE 3 5 17 1 2
> GRENADE 4 5 17 1 2
> GRENADE 3 5 15 4 2
> GRENADE 4 5 15 4 2
> GRENADE 2 5 15 4 2
> GRENADE 2 5 15 5 2
> POWERUP BATTERY 2 5 16 5
< RES 1637329187 191 1
< MOVE R R
> REQ 1637329187 192 1
> VAMPIRE 1 5 8 3 2 3 0
> VAMPIRE 3 5 15 1 2 2 0
> VAMPIRE 4 5 15 1 2 2 0
> VAMPIRE 2 5 15 1 2 2 0
> POWERUP BATTERY 1 5 16 5
< RES 1637329187 192 1
< MOVE L
> REQ 1637329187 193 1
> VAMPIRE 1 5 7 3 2 3 0
> VAMPIRE 3 5 17 1 2 2 0
> VAMPIRE 4 5 17 1 2 2 0
> VAMPIRE 2 5 17 1 2 2 0
< RES 1637329187 193 1
< MOVE R R
> REQ 1637329187 194 1
> VAMPIRE 1 5 9 3 2 3 0
> VAMPIRE 3 5 15 1 2 2 0
> VAMPIRE 4 5 15 1 2 2 0
> VAMPIRE 2 5 15 1 2 2 0
< RES 1637329187 194 1
< MOVE D D
> REQ 1637329187 195 1
> VAMPIRE 1 7 9 3 2 3 0
> VAMPIRE 3 7 15 1 2 2 0
> VAMPIRE 4 7 15 1 2 2 0
> VAMPIRE 2 7 15 1 2 2 0
< RES 1637329187 195 1
< MOVE D D
> REQ 1637329187 196 1
> VAMPIRE 1 9 9 3 2 3 0
> VAMPIRE 3 7 13 1 2 2 0
> VAMPIRE 4 7 13 1 2 2 0
> VAMPIRE 2 7 13 1 2 2 0
< RES 1637329187 196 1
> REQ 1637329187 197 1
> VAMPIRE 1 9 9 3 2 3 0
> VAMPIRE 3 7 13 1 2 2 0
> VAMPIRE 4 7 13 1 2 2 0
> VAMPIRE 2 7 13 1 2 2 0
< RES 1637329187 197 1
> REQ 1637329187 198 1
> VAMPIRE 1 9 9 3 2 3 0
> VAMPIRE 3 7 13 1 2 2 0
> VAMPIRE 4 7 13 1 2 2 0
> VAMPIRE 2 7 13 1 2 2 0
< RES 1637329187 198 1
> REQ 1637329187 199 1
> VAMPIRE 1 9 9 3 2 3 0
> VAMPIRE 3 7 13 1 2 2 0
> VAMPIRE 4 7 13 1 2 2 0
> VAMPIRE 2 7 13 1 2 2 0
< RES 1637329187 199 1
> REQ 1637329187 200 1
> VAMPIRE 1 9 9 3 2 3 0
> VAMPIRE 3 7 13 1 2 2 0
> VAMPIRE 4 7 13 1 2 2 0
> VAMPIRE 2 7 13 1 2 2 0
< RES 1637329187 200 1
> REQ 1637329187 201 1
> VAMPIRE 1 9 9 3 2 3 0
> VAMPIRE 3 7 13 1 2 2 0
> VAMPIRE 4 7 13 1 2 2 0
> VAMPIRE 2 7 13 1 2 2 0
< RES 1637329187 201 1
> REQ 1637329187 202 1
> VAMPIRE 1 9 9 3 2 3 0
> VAMPIRE 3 7 13 1 2 2 0
> VAMPIRE 4 7 13 1 2 2 0
> VAMPIRE 2 7 13 1 2 2 0
> POWERUP SHOE -8 1 14 6
> POWERUP SHOE -8 17 4 6
< RES 1637329187 202 1
< MOVE U U
> REQ 1637329187 203 1
> VAMPIRE 1 7 9 3 2 3 0
> VAMPIRE 3 5 13 1 2 2 0
> VAMPIRE 4 5 13 1 2 2 0
> VAMPIRE 2 5 13 1 2 2 0
> POWERUP SHOE -7 1 14 6
> POWERUP SHOE -7 17 4 6
< RES 1637329187 203 1
< MOVE U U
> REQ 1637329187 204 1
> VAMPIRE 1 5 9 3 2 3 0
> VAMPIRE 3 3 13 1 2 2 0
> VAMPIRE 4 3 13 1 2 2 0
> VAMPIRE 2 3 13 1 2 2 0
> POWERUP SHOE -6 1 14 6
> POWERUP SHOE -6 17 4 6
< RES 1637329187 204 1
< MOVE U U
> REQ 1637329187 205 1
> VAMPIRE 1 3 9 3 2 3 0
> VAMPIRE 3 1 13 1 2 2 0
> VAMPIRE 4 1 13 1 2 2 0
> VAMPIRE 2 1 13 1 2 2 0
> POWERUP SHOE -5 1 14 6
> POWERUP SHOE -5 17 4 6
< RES 1637329187 205 1
< MOVE U U
> REQ 1637329187 206 1
> VAMPIRE 1 1 9 3 2 3 0
> VAMPIRE 3 1 15 1 1 2 0
> VAMPIRE 4 1 15 1 1 2 0
> VAMPIRE 2 1 15 1 1 2 0
> GRENADE 3 1 13 5 2
> GRENADE 4 1 13 5 2
> GRENADE 2 1 13 5 2
> POWERUP SHOE -4 1 14 6
> POWERUP SHOE -4 17 4 6
< RES 1637329187 206 1
< MOVE D D
> REQ 1637329187 207 1
> VAMPIRE 1 3 9 3 2 3 0
> VAMPIRE 3 1 14 1 1 2 0
> VAMPIRE 4 1 14 1 1 2 0
> VAMPIRE 2 1 14 1 1 2 0
> GRENADE 3 1 13 4 2
> GRENADE 4 1 13 4 2
> GRENADE 2 1 13 4 2
> POWERUP SHOE -3 1 14 6
> POWERUP SHOE -3 17 4 6
< RES 1637329187 207 1
< MOVE D D
> REQ 1637329187 208 1
> VAMPIRE 1 5 9 3 2 3 0
> VAMPIRE 3 1 15 1 1 2 0
> VAMPIRE 4 1 15 1 1 2 0
> VAMPIRE 2 1 15 1 1 2 0
> GRENADE 3 1 13 3 2
> GRENADE 4 1 13 3 2
> GRENADE 2 1 13 3 2
> POWERUP SHOE -2 1 14 6
> POWERUP SHOE -2 17 4 6
< RES 1637329187 208 1
< MOVE D D
> REQ 1637329187 209 1
> VAMPIRE 1 7 9 3 2 3 0
> VAMPIRE 3 1 15 1 0 2 0
> VAMPIRE 4 1 15 1 0 2 0
> VAMPIRE 2 1 15 1 0 2 0
> GRENADE 3 1 13 2 2
> GRENADE 4 1 13 2 2
> GRENADE 2 1 13 2 2
> GRENADE 3 1 15 5 2
> GRENADE 4 1 15 5 2
> GRENADE 2 1 15 5 2
> POWERUP SHOE -1 1 14 6
> POWERUP SHOE -1 17 4 6
< RES 1637329187 209 1
< MOVE D D
> REQ 1637329187 210 1
> VAMPIRE 1 9 9 3 2 3 0
> VAMPIRE 3 1 15 1 0 2 0
> VAMPIRE 4 1 15 1 0 2 0
> VAMPIRE 2 1 15 1 0 2 0
> GRENADE 3 1 13 1 2
> GRENADE 4 1 13 1 2
> GRENADE 2 1 13 1 2
> GRENADE 3 1 15 4 2
> GRENADE 4 1 15 4 2
> GRENADE 2 1 15 4 2
> POWERUP SHOE 13 1 14 6
> POWERUP SHOE 13 17 4 6
< RES 1637329187 210 1
< MOVE D D
> END 1024 Survivor
