> MESSAGE OK
> LEVEL 10
> GAMEID 1637102630
> TEST 1
> MAXTICK 800
> GRENADERADIUS 3
> SIZE 15
> REQ 1637102630 0 2
> VAMPIRE 1 1 1 3 1 3 0
> VAMPIRE 2 13 1 3 1 3 0
> VAMPIRE 3 13 13 3 1 3 0
> VAMPIRE 4 1 13 3 1 3 0
> BAT1 8 1 9 1 10 1 11 1 1 3 7 3 1 4 1 5 6 5 8 5 1 6 5 6 9 6 3 7 11 7 5 8 9 8 13 8 6 9 8 9 13 9 13 10 7 11 13 11 3 13 4 13 5 13 6 13
> BAT2 3 1 4 1 5 1 6 1 8 3 9 3 13 3 13 4 3 5 7 5 13 5 3 6 13 6 5 7 9 7 1 8 11 8 1 9 7 9 11 9 1 10 1 11 5 11 6 11 8 13 9 13 10 13 11 13
> BAT3 7 1 5 3 6 3 11 5 11 6 1 7 7 7 13 7 3 8 3 9 8 11 9 11 7 13
< RES 1637102630 0 2
< MOVE U
> REQ 1637102630 1 2
> VAMPIRE 1 1 2 3 1 3 0
> VAMPIRE 2 12 1 3 1 3 0
> VAMPIRE 3 13 12 3 1 3 0
> VAMPIRE 4 2 13 3 1 3 0
> BAT1 8 1 9 1 10 1 11 1 1 3 7 3 1 4 1 5 6 5 8 5 1 6 5 6 9 6 3 7 11 7 5 8 9 8 13 8 6 9 8 9 13 9 13 10 7 11 13 11 3 13 4 13 5 13 6 13
> BAT2 3 1 4 1 5 1 6 1 8 3 9 3 13 3 13 4 3 5 7 5 13 5 3 6 13 6 5 7 9 7 1 8 11 8 1 9 7 9 11 9 1 10 1 11 5 11 6 11 8 13 9 13 10 13 11 13
> BAT3 7 1 5 3 6 3 11 5 11 6 1 7 7 7 13 7 3 8 3 9 8 11 9 11 7 13
< RES 1637102630 1 2
< GRENADE
< MOVE D R
> REQ 1637102630 2 2
> VAMPIRE 1 2 1 3 0 3 0
> VAMPIRE 2 13 2 3 0 3 0
> VAMPIRE 3 12 13 3 0 3 0
> VAMPIRE 4 1 12 3 0 3 0
> GRENADE 1 1 2 5 3
> GRENADE 2 12 1 5 3
> GRENADE 3 13 12 5 3
> GRENADE 4 2 13 5 3
> BAT1 8 1 9 1 10 1 11 1 1 3 7 3 1 4 1 5 6 5 8 5 1 6 5 6 9 6 3 7 11 7 5 8 9 8 13 8 6 9 8 9 13 9 13 10 7 11 13 11 3 13 4 13 5 13 6 13
> BAT2 3 1 4 1 5 1 6 1 8 3 9 3 13 3 13 4 3 5 7 5 13 5 3 6 13 6 5 7 9 7 1 8 11 8 1 9 7 9 11 9 1 10 1 11 5 11 6 11 8 13 9 13 10 13 11 13
> BAT3 7 1 5 3 6 3 11 5 11 6 1 7 7 7 13 7 3 8 3 9 8 11 9 11 7 13
< RES 1637102630 2 2
> REQ 1637102630 3 2
> VAMPIRE 1 2 1 3 0 3 0
> VAMPIRE 2 13 2 3 0 3 0
> VAMPIRE 3 12 13 3 0 3 0
> VAMPIRE 4 1 12 3 0 3 0
> GRENADE 1 1 2 4 3
> GRENADE 2 12 1 4 3
> GRENADE 3 13 12 4 3
> GRENADE 4 2 13 4 3
> BAT1 8 1 9 1 10 1 11 1 1 3 7 3 1 4 1 5 6 5 8 5 1 6 5 6 9 6 3 7 11 7 5 8 9 8 13 8 6 9 8 9 13 9 13 10 7 11 13 11 3 13 4 13 5 13 6 13
> BAT2 3 1 4 1 5 1 6 1 8 3 9 3 13 3 13 4 3 5 7 5 13 5 3 6 13 6 5 7 9 7 1 8 11 8 1 9 7 9 11 9 1 10 1 11 5 11 6 11 8 13 9 13 10 13 11 13
> BAT3 7 1 5 3 6 3 11 5 11 6 1 7 7 7 13 7 3 8 3 9 8 11 9 11 7 13
< RES 1637102630 3 2
> REQ 1637102630 4 2
> VAMPIRE 1 2 1 3 0 3 0
> VAMPIRE 2 13 2 3 0 3 0
> VAMPIRE 3 12 13 3 0 3 0
> VAMPIRE 4 1 12 3 0 3 0
> GRENADE 1 1 2 3 3
> GRENADE 2 12 1 3 3
> GRENADE 3 13 12 3 3
> GRENADE 4 2 13 3 3
> BAT1 8 1 9 1 10 1 11 1 1 3 7 3 1 4 1 5 6 5 8 5 1 6 5 6 9 6 3 7 11 7 5 8 9 8 13 8 6 9 8 9 13 9 13 10 7 11 13 11 3 13 4 13 5 13 6 13
> BAT2 3 1 4 1 5 1 6 1 8 3 9 3 13 3 13 4 3 5 7 5 13 5 3 6 13 6 5 7 9 7 1 8 11 8 1 9 7 9 11 9 1 10 1 11 5 11 6 11 8 13 9 13 10 13 11 13
> BAT3 7 1 5 3 6 3 11 5 11 6 1 7 7 7 13 7 3 8 3 9 8 11 9 11 7 13
< RES 1637102630 4 2
> REQ 1637102630 5 2
> VAMPIRE 1 2 1 3 0 3 0
> VAMPIRE 2 13 2 3 0 3 0
> VAMPIRE 3 12 13 3 0 3 0
> VAMPIRE 4 1 12 3 0 3 0
> GRENADE 1 1 2 2 3
> GRENADE 2 12 1 2 3
> GRENADE 3 13 12 2 3
> GRENADE 4 2 13 2 3
> BAT1 8 1 9 1 10 1 11 1 1 3 7 3 1 4 1 5 6 5 8 5 1 6 5 6 9 6 3 7 11 7 5 8 9 8 13 8 6 9 8 9 13 9 13 10 7 11 13 11 3 13 4 13 5 13 6 13
> BAT2 3 1 4 1 5 1 6 1 8 3 9 3 13 3 13 4 3 5 7 5 13 5 3 6 13 6 5 7 9 7 1 8 11 8 1 9 7 9 11 9 1 10 1 11 5 11 6 11 8 13 9 13 10 13 11 13
> BAT3 7 1 5 3 6 3 11 5 11 6 1 7 7 7 13 7 3 8 3 9 8 11 9 11 7 13
< RES 1637102630 5 2
> REQ 1637102630 6 2
> VAMPIRE 1 2 1 3 0 3 0
> VAMPIRE 2 13 2 3 0 3 0
> VAMPIRE 3 12 13 3 0 3 0
> VAMPIRE 4 1 12 3 0 3 0
> GRENADE 1 1 2 1 3
> GRENADE 2 12 1 1 3
> GRENADE 3 13 12 1 3
> GRENADE 4 2 13 1 3
> BAT1 8 1 9 1 10 1 11 1 1 3 7 3 1 4 1 5 6 5 8 5 1 6 5 6 9 6 3 7 11 7 5 8 9 8 13 8 6 9 8 9 13 9 13 10 7 11 13 11 3 13 4 13 5 13 6 13
> BAT2 3 1 4 1 5 1 6 1 8 3 9 3 13 3 13 4 3 5 7 5 13 5 3 6 13 6 5 7 9 7 1 8 11 8 1 9 7 9 11 9 1 10 1 11 5 11 6 11 8 13 9 13 10 13 11 13
> BAT3 7 1 5 3 6 3 11 5 11 6 1 7 7 7 13 7 3 8 3 9 8 11 9 11 7 13
< RES 1637102630 6 2
< MOVE L
> REQ 1637102630 7 2
> VAMPIRE 1 1 1 3 1 3 0
> VAMPIRE 2 13 1 3 1 3 0
> VAMPIRE 3 13 13 3 1 3 0
> VAMPIRE 4 1 13 3 1 3 0
> BAT1 8 1 9 1 10 1 7 3 1 4 1 5 6 5 8 5 1 6 5 6 9 6 3 7 11 7 5 8 9 8 13 8 6 9 8 9 13 9 13 10 7 11 4 13 5 13 6 13
> BAT2 3 1 4 1 5 1 6 1 8 3 9 3 13 3 13 4 3 5 7 5 13 5 3 6 13 6 5 7 9 7 1 8 11 8 1 9 7 9 11 9 1 10 1 11 5 11 6 11 8 13 9 13 10 13 11 13
> BAT3 7 1 5 3 6 3 11 5 11 6 1 7 7 7 13 7 3 8 3 9 8 11 9 11 7 13
< RES 1637102630 7 2
< GRENADE
< MOVE U U
> REQ 1637102630 8 2
> VAMPIRE 1 1 3 3 0 3 0
> VAMPIRE 2 11 1 3 0 3 0
> VAMPIRE 3 13 11 3 0 3 0
> VAMPIRE 4 3 13 3 0 3 0
> GRENADE 1 1 1 5 3
> GRENADE 2 13 1 5 3
> GRENADE 3 13 13 5 3
> GRENADE 4 1 13 5 3
> BAT1 8 1 9 1 10 1 7 3 1 4 1 5 6 5 8 5 1 6 5 6 9 6 3 7 11 7 5 8 9 8 13 8 6 9 8 9 13 9 13 10 7 11 4 13 5 13 6 13
> BAT2 3 1 4 1 5 1 6 1 8 3 9 3 13 3 13 4 3 5 7 5 13 5 3 6 13 6 5 7 9 7 1 8 11 8 1 9 7 9 11 9 1 10 1 11 5 11 6 11 8 13 9 13 10 13 11 13
> BAT3 7 1 5 3 6 3 11 5 11 6 1 7 7 7 13 7 3 8 3 9 8 11 9 11 7 13
< RES 1637102630 8 2
< MOVE R R
> REQ 1637102630 9 2
> VAMPIRE 1 3 3 3 0 3 0
> VAMPIRE 2 11 3 3 0 3 0
> VAMPIRE 3 11 11 3 0 3 0
> VAMPIRE 4 3 11 3 0 3 0
> GRENADE 1 1 1 4 3
> GRENADE 2 13 1 4 3
> GRENADE 3 13 13 4 3
> GRENADE 4 1 13 4 3
> BAT1 8 1 9 1 10 1 7 3 1 4 1 5 6 5 8 5 1 6 5 6 9 6 3 7 11 7 5 8 9 8 13 8 6 9 8 9 13 9 13 10 7 11 4 13 5 13 6 13
> BAT2 3 1 4 1 5 1 6 1 8 3 9 3 13 3 13 4 3 5 7 5 13 5 3 6 13 6 5 7 9 7 1 8 11 8 1 9 7 9 11 9 1 10 1 11 5 11 6 11 8 13 9 13 10 13 11 13
> BAT3 7 1 5 3 6 3 11 5 11 6 1 7 7 7 13 7 3 8 3 9 8 11 9 11 7 13
< RES 1637102630 9 2
> REQ 1637102630 10 2
> VAMPIRE 1 3 3 3 0 3 0
> VAMPIRE 2 11 3 3 0 3 0
> VAMPIRE 3 11 11 3 0 3 0
> VAMPIRE 4 3 11 3 0 3 0
> GRENADE 1 1 1 3 3
> GRENADE 2 13 1 3 3
> GRENADE 3 13 13 3 3
> GRENADE 4 1 13 3 3
> BAT1 8 1 9 1 10 1 7 3 1 4 1 5 6 5 8 5 1 6 5 6 9 6 3 7 11 7 5 8 9 8 13 8 6 9 8 9 13 9 13 10 7 11 4 13 5 13 6 13
> BAT2 3 1 4 1 5 1 6 1 8 3 9 3 13 3 13 4 3 5 7 5 13 5 3 6 13 6 5 7 9 7 1 8 11 8 1 9 7 9 11 9 1 10 1 11 5 11 6 11 8 13 9 13 10 13 11 13
> BAT3 7 1 5 3 6 3 11 5 11 6 1 7 7 7 13 7 3 8 3 9 8 11 9 11 7 13
< RES 1637102630 10 2
> REQ 1637102630 11 2
> VAMPIRE 1 3 3 3 0 3 0
> VAMPIRE 2 11 3 3 0 3 0
> VAMPIRE 3 11 11 3 0 3 0
> VAMPIRE 4 3 11 3 0 3 0
> GRENADE 1 1 1 2 3
> GRENADE 2 13 1 2 3
> GRENADE 3 13 13 2 3
> GRENADE 4 1 13 2 3
> BAT1 8 1 9 1 10 1 7 3 1 4 1 5 6 5 8 5 1 6 5 6 9 6 3 7 11 7 5 8 9 8 13 8 6 9 8 9 13 9 13 10 7 11 4 13 5 13 6 13
> BAT2 3 1 4 1 5 1 6 1 8 3 9 3 13 3 13 4 3 5 7 5 13 5 3 6 13 6 5 7 9 7 1 8 11 8 1 9 7 9 11 9 1 10 1 11 5 11 6 11 8 13 9 13 10 13 11 13
> BAT3 7 1 5 3 6 3 11 5 11 6 1 7 7 7 13 7 3 8 3 9 8 11 9 11 7 13
< RES 1637102630 11 2
> REQ 1637102630 12 2
> VAMPIRE 1 3 3 3 0 3 0
> VAMPIRE 2 11 3 3 0 3 0
> VAMPIRE 3 11 11 3 0 3 0
> VAMPIRE 4 3 11 3 0 3 0
> GRENADE 1 1 1 1 3
> GRENADE 2 13 1 1 3
> GRENADE 3 13 13 1 3
> GRENADE 4 1 13 1 3
> BAT1 8 1 9 1 10 1 7 3 1 4 1 5 6 5 8 5 1 6 5 6 9 6 3 7 11 7 5 8 9 8 13 8 6 9 8 9 13 9 13 10 7 11 4 13 5 13 6 13
> BAT2 3 1 4 1 5 1 6 1 8 3 9 3 13 3 13 4 3 5 7 5 13 5 3 6 13 6 5 7 9 7 1 8 11 8 1 9 7 9 11 9 1 10 1 11 5 11 6 11 8 13 9 13 10 13 11 13
> BAT3 7 1 5 3 6 3 11 5 11 6 1 7 7 7 13 7 3 8 3 9 8 11 9 11 7 13
< RES 1637102630 12 2
> REQ 1637102630 13 2
> VAMPIRE 1 3 3 3 1 3 0
> VAMPIRE 2 11 3 3 1 3 0
> VAMPIRE 3 11 10 3 1 3 0
> VAMPIRE 4 2 11 3 1 3 0
> BAT1 8 1 9 1 7 3 1 5 6 5 8 5 1 6 5 6 9 6 3 7 11 7 5 8 9 8 13 8 6 9 8 9 13 9 7 11 5 13 6 13 3 1 13 3 1 11 11 13
> BAT2 4 1 5 1 6 1 8 3 9 3 13 4 3 5 7 5 13 5 3 6 13 6 5 7 9 7 1 8 11 8 1 9 7 9 11 9 1 10 5 11 6 11 8 13 9 13 10 13
> BAT3 7 1 5 3 6 3 11 5 11 6 1 7 7 7 13 7 3 8 3 9 8 11 9 11 7 13
< RES 1637102630 13 2
< GRENADE
< MOVE L L
> REQ 1637102630 14 2
> VAMPIRE 1 1 3 3 0 3 0
> VAMPIRE 2 11 1 3 0 3 0
> VAMPIRE 3 12 11 3 0 3 0
> VAMPIRE 4 3 11 3 1 3 0
> GRENADE 1 3 3 5 3
> GRENADE 2 11 3 5 3
> GRENADE 3 11 10 5 3
> BAT1 8 1 9 1 7 3 1 5 6 5 8 5 1 6 5 6 9 6 3 7 11 7 5 8 9 8 13 8 6 9 8 9 13 9 7 11 5 13 6 13 3 1 13 3 1 11 11 13
> BAT2 4 1 5 1 6 1 8 3 9 3 13 4 3 5 7 5 13 5 3 6 13 6 5 7 9 7 1 8 11 8 1 9 7 9 11 9 1 10 5 11 6 11 8 13 9 13 10 13
> BAT3 7 1 5 3 6 3 11 5 11 6 1 7 7 7 13 7 3 8 3 9 8 11 9 11 7 13
< RES 1637102630 14 2
< MOVE D D
> REQ 1637102630 15 2
> VAMPIRE 1 1 1 3 0 3 0
> VAMPIRE 2 13 1 3 0 3 0
> VAMPIRE 3 13 11 3 0 3 0
> VAMPIRE 4 3 13 3 0 3 0
> GRENADE 1 3 3 4 3
> GRENADE 2 11 3 4 3
> GRENADE 3 11 10 4 3
> GRENADE 4 3 11 5 3
> BAT1 8 1 9 1 7 3 1 5 6 5 8 5 1 6 5 6 9 6 3 7 11 7 5 8 9 8 13 8 6 9 8 9 13 9 7 11 5 13 6 13 3 1 13 3 1 11 11 13
> BAT2 4 1 5 1 6 1 8 3 9 3 13 4 3 5 7 5 13 5 3 6 13 6 5 7 9 7 1 8 11 8 1 9 7 9 11 9 1 10 5 11 6 11 8 13 9 13 10 13
> BAT3 7 1 5 3 6 3 11 5 11 6 1 7 7 7 13 7 3 8 3 9 8 11 9 11 7 13
< RES 1637102630 15 2
> REQ 1637102630 16 2
> VAMPIRE 1 1 1 3 0 3 0
> VAMPIRE 2 13 1 3 0 3 0
> VAMPIRE 3 13 11 3 0 3 0
> VAMPIRE 4 1 13 3 0 3 0
> GRENADE 1 3 3 3 3
> GRENADE 2 11 3 3 3
> GRENADE 3 11 10 3 3
> GRENADE 4 3 11 4 3
> BAT1 8 1 9 1 7 3 1 5 6 5 8 5 1 6 5 6 9 6 3 7 11 7 5 8 9 8 13 8 6 9 8 9 13 9 7 11 5 13 6 13 3 1 13 3 1 11 11 13
> BAT2 4 1 5 1 6 1 8 3 9 3 13 4 3 5 7 5 13 5 3 6 13 6 5 7 9 7 1 8 11 8 1 9 7 9 11 9 1 10 5 11 6 11 8 13 9 13 10 13
> BAT3 7 1 5 3 6 3 11 5 11 6 1 7 7 7 13 7 3 8 3 9 8 11 9 11 7 13
< RES 1637102630 16 2
> REQ 1637102630 17 2
> VAMPIRE 1 1 1 3 0 3 0
> VAMPIRE 2 13 1 3 0 3 0
> VAMPIRE 3 13 11 3 0 3 0
> VAMPIRE 4 1 13 3 0 3 0
> GRENADE 1 3 3 2 3
> GRENADE 2 11 3 2 3
> GRENADE 3 11 10 2 3
> GRENADE 4 3 11 3 3
> BAT1 8 1 9 1 7 3 1 5 6 5 8 5 1 6 5 6 9 6 3 7 11 7 5 8 9 8 13 8 6 9 8 9 13 9 7 11 5 13 6 13 3 1 13 3 1 11 11 13
> BAT2 4 1 5 1 6 1 8 3 9 3 13 4 3 5 7 5 13 5 3 6 13 6 5 7 9 7 1 8 11 8 1 9 7 9 11 9 1 10 5 11 6 11 8 13 9 13 10 13
> BAT3 7 1 5 3 6 3 11 5 11 6 1 7 7 7 13 7 3 8 3 9 8 11 9 11 7 13
< RES 1637102630 17 2
< MOVE U
> REQ 1637102630 18 2
> VAMPIRE 1 1 1 3 0 3 0
> VAMPIRE 2 12 1 3 0 3 0
> VAMPIRE 3 13 11 3 0 3 0
> VAMPIRE 4 1 13 3 0 3 0
> GRENADE 1 3 3 1 3
> GRENADE 2 11 3 1 3
> GRENADE 3 11 10 1 3
> GRENADE 4 3 11 2 3
> BAT1 8 1 9 1 7 3 1 5 6 5 8 5 1 6 5 6 9 6 3 7 11 7 5 8 9 8 13 8 6 9 8 9 13 9 7 11 5 13 6 13 3 1 13 3 1 11 11 13
> BAT2 4 1 5 1 6 1 8 3 9 3 13 4 3 5 7 5 13 5 3 6 13 6 5 7 9 7 1 8 11 8 1 9 7 9 11 9 1 10 5 11 6 11 8 13 9 13 10 13
> BAT3 7 1 5 3 6 3 11 5 11 6 1 7 7 7 13 7 3 8 3 9 8 11 9 11 7 13
< RES 1637102630 18 2
< MOVE U U
> REQ 1637102630 19 2
> VAMPIRE 1 2 1 3 1 3 0
> VAMPIRE 2 10 1 3 1 3 0
> VAMPIRE 3 13 10 3 1 3 0
> VAMPIRE 4 1 13 3 0 3 0
> GRENADE 4 3 11 1 3
> BAT1 8 1 9 1 7 3 1 5 6 5 8 5 1 6 5 6 9 6 3 7 11 7 5 8 9 8 13 8 6 9 8 9 13 9 7 11 5 13 6 13 9 3 3 5 11 9 1 11
> BAT2 4 1 5 1 6 1 8 3 13 4 7 5 13 5 3 6 13 6 5 7 9 7 1 8 11 8 1 9 7 9 1 10 5 11 6 11 8 13 9 13 10 13 5 3 11 5
> BAT3 7 1 6 3 11 6 1 7 7 7 13 7 3 8 3 9 8 11 9 11 7 13
< RES 1637102630 19 2
< GRENADE
< MOVE D R
> REQ 1637102630 20 2
> VAMPIRE 1 1 2 3 1 3 0
> VAMPIRE 2 11 2 3 0 3 0
> VAMPIRE 3 12 11 3 1 3 0
> VAMPIRE 4 1 12 3 1 3 0
> GRENADE 2 10 1 5 3
> BAT1 8 1 9 1 7 3 1 5 6 5 8 5 1 6 5 6 9 6 3 7 11 7 5 8 9 8 13 8 6 9 8 9 13 9 7 11 5 13 6 13 9 3 3 5 11 9 5 11
> BAT2 4 1 5 1 6 1 8 3 13 4 7 5 13 5 3 6 13 6 5 7 9 7 1 8 11 8 1 9 7 9 1 10 6 11 8 13 9 13 10 13 5 3 11 5 3 9
> BAT3 7 1 6 3 11 6 1 7 7 7 13 7 3 8 8 11 9 11 7 13
< RES 1637102630 20 2
< MOVE R
> REQ 1637102630 21 2
> VAMPIRE 1 2 3 3 0 3 0
> VAMPIRE 2 11 3 3 0 3 0
> VAMPIRE 3 11 10 3 1 3 0
> VAMPIRE 4 2 11 3 1 3 0
> GRENADE 2 10 1 4 3
> GRENADE 1 1 2 5 3
> BAT1 8 1 9 1 7 3 1 5 6 5 8 5 1 6 5 6 9 6 3 7 11 7 5 8 9 8 13 8 6 9 8 9 13 9 7 11 5 13 6 13 9 3 3 5 11 9 5 11
> BAT2 4 1 5 1 6 1 8 3 13 4 7 5 13 5 3 6 13 6 5 7 9 7 1 8 11 8 1 9 7 9 1 10 6 11 8 13 9 13 10 13 5 3 11 5 3 9
> BAT3 7 1 6 3 11 6 1 7 7 7 13 7 3 8 8 11 9 11 7 13
< RES 1637102630 21 2
> REQ 1637102630 22 2
> VAMPIRE 1 3 3 3 0 3 0
> VAMPIRE 2 11 3 3 0 3 0
> VAMPIRE 3 12 11 3 0 3 0
> VAMPIRE 4 3 12 3 0 3 0
> GRENADE 2 10 1 3 3
> GRENADE 1 1 2 4 3
> GRENADE 3 11 10 5 3
> GRENADE 4 2 11 5 3
> BAT1 8 1 9 1 7 3 1 5 6 5 8 5 1 6 5 6 9 6 3 7 11 7 5 8 9 8 13 8 6 9 8 9 13 9 7 11 5 13 6 13 9 3 3 5 11 9 5 11
> BAT2 4 1 5 1 6 1 8 3 13 4 7 5 13 5 3 6 13 6 5 7 9 7 1 8 11 8 1 9 7 9 1 10 6 11 8 13 9 13 10 13 5 3 11 5 3 9
> BAT3 7 1 6 3 11 6 1 7 7 7 13 7 3 8 8 11 9 11 7 13
< RES 1637102630 22 2
> REQ 1637102630 23 2
> VAMPIRE 1 3 3 3 0 3 0
> VAMPIRE 2 11 3 3 0 3 0
> VAMPIRE 3 13 11 3 0 3 0
> VAMPIRE 4 3 13 3 0 3 0
> GRENADE 2 10 1 2 3
> GRENADE 1 1 2 3 3
> GRENADE 3 11 10 4 3
> GRENADE 4 2 11 4 3
> BAT1 8 1 9 1 7 3 1 5 6 5 8 5 1 6 5 6 9 6 3 7 11 7 5 8 9 8 13 8 6 9 8 9 13 9 7 11 5 13 6 13 9 3 3 5 11 9 5 11
> BAT2 4 1 5 1 6 1 8 3 13 4 7 5 13 5 3 6 13 6 5 7 9 7 1 8 11 8 1 9 7 9 1 10 6 11 8 13 9 13 10 13 5 3 11 5 3 9
> BAT3 7 1 6 3 11 6 1 7 7 7 13 7 3 8 8 11 9 11 7 13
< RES 1637102630 23 2
> REQ 1637102630 24 2
> VAMPIRE 1 3 3 3 0 3 0
> VAMPIRE 2 11 3 3 0 3 0
> VAMPIRE 3 13 11 3 0 3 0
> VAMPIRE 4 3 13 3 0 3 0
> GRENADE 2 10 1 1 3
> GRENADE 1 1 2 2 3
> GRENADE 3 11 10 3 3
> GRENADE 4 2 11 3 3
> BAT1 8 1 9 1 7 3 1 5 6 5 8 5 1 6 5 6 9 6 3 7 11 7 5 8 9 8 13 8 6 9 8 9 13 9 7 11 5 13 6 13 9 3 3 5 11 9 5 11
> BAT2 4 1 5 1 6 1 8 3 13 4 7 5 13 5 3 6 13 6 5 7 9 7 1 8 11 8 1 9 7 9 1 10 6 11 8 13 9 13 10 13 5 3 11 5 3 9
> BAT3 7 1 6 3 11 6 1 7 7 7 13 7 3 8 8 11 9 11 7 13
< RES 1637102630 24 2
> REQ 1637102630 25 2
> VAMPIRE 1 3 3 3 0 3 0
> VAMPIRE 2 11 3 3 1 3 0
> VAMPIRE 3 13 11 3 0 3 0
> VAMPIRE 4 3 13 3 0 3 0
> GRENADE 1 1 2 1 3
> GRENADE 3 11 10 2 3
> GRENADE 4 2 11 2 3
> BAT1 8 1 7 3 1 5 6 5 8 5 1 6 5 6 9 6 3 7 11 7 5 8 9 8 13 8 6 9 8 9 13 9 7 11 5 13 6 13 9 3 3 5 11 9 5 11
> BAT2 4 1 5 1 6 1 8 3 13 4 7 5 13 5 3 6 13 6 5 7 9 7 1 8 11 8 1 9 7 9 1 10 6 11 8 13 9 13 10 13 5 3 11 5 3 9
> BAT3 7 1 6 3 11 6 1 7 7 7 13 7 3 8 8 11 9 11 7 13
< RES 1637102630 25 2
< GRENADE
< MOVE L L
> REQ 1637102630 26 2
> VAMPIRE 1 3 2 3 1 3 0
> VAMPIRE 2 11 1 3 0 3 0
> VAMPIRE 3 13 11 3 0 3 0
> VAMPIRE 4 3 13 3 0 3 0
> GRENADE 3 11 10 1 3
> GRENADE 4 2 11 1 3
> GRENADE 2 11 3 5 3
> BAT1 8 1 7 3 6 5 8 5 1 6 5 6 9 6 3 7 11 7 5 8 9 8 13 8 6 9 8 9 13 9 7 11 5 13 6 13 9 3 3 5 11 9 5 11
> BAT2 4 1 5 1 6 1 8 3 13 4 7 5 13 5 3 6 13 6 5 7 9 7 1 8 11 8 1 9 7 9 1 10 6 11 8 13 9 13 10 13 5 3 11 5 3 9
> BAT3 7 1 6 3 11 6 1 7 7 7 13 7 3 8 8 11 9 11 7 13
< RES 1637102630 26 2
< MOVE U U
> REQ 1637102630 27 2
> VAMPIRE 1 2 3 3 0 3 0
> VAMPIRE 2 9 1 3 0 3 0
> VAMPIRE 3 11 11 3 1 3 0
> VAMPIRE 4 3 11 3 1 3 0
> GRENADE 2 11 3 4 3
> GRENADE 1 3 2 5 3
> BAT1 8 1 7 3 6 5 8 5 1 6 5 6 9 6 3 7 11 7 5 8 9 8 13 8 6 9 8 9 13 9 7 11 5 13 6 13 9 3 3 5
> BAT2 4 1 5 1 6 1 8 3 13 4 7 5 13 5 3 6 13 6 5 7 9 7 1 8 11 8 1 9 7 9 1 10 6 11 8 13 9 13 10 13 5 3 11 5 3 9
> BAT3 7 1 6 3 11 6 1 7 7 7 13 7 3 8 8 11 9 11 7 13
< RES 1637102630 27 2
> REQ 1637102630 28 2
> VAMPIRE 1 1 3 3 0 3 0
> VAMPIRE 2 9 1 3 0 3 0
> VAMPIRE 3 11 9 3 1 3 0
> VAMPIRE 4 5 11 3 1 3 0
> GRENADE 2 11 3 3 3
> GRENADE 1 3 2 4 3
> BAT1 8 1 7 3 6 5 8 5 1 6 5 6 9 6 3 7 11 7 5 8 9 8 13 8 6 9 8 9 13 9 7 11 5 13 6 13 9 3 3 5
> BAT2 4 1 5 1 6 1 8 3 13 4 7 5 13 5 3 6 13 6 5 7 9 7 1 8 11 8 1 9 7 9 1 10 6 11 8 13 9 13 10 13 5 3 11 5 3 9
> BAT3 7 1 6 3 11 6 1 7 7 7 13 7 3 8 8 11 9 11 7 13
< RES 1637102630 28 2
> REQ 1637102630 29 2
> VAMPIRE 1 1 3 3 0 3 0
> VAMPIRE 2 9 1 3 0 3 0
> VAMPIRE 3 11 11 3 0 3 0
> VAMPIRE 4 3 11 3 0 3 0
> GRENADE 2 11 3 2 3
> GRENADE 1 3 2 3 3
> GRENADE 3 11 9 5 3
> GRENADE 4 5 11 5 3
> BAT1 8 1 7 3 6 5 8 5 1 6 5 6 9 6 3 7 11 7 5 8 9 8 13 8 6 9 8 9 13 9 7 11 5 13 6 13 9 3 3 5
> BAT2 4 1 5 1 6 1 8 3 13 4 7 5 13 5 3 6 13 6 5 7 9 7 1 8 11 8 1 9 7 9 1 10 6 11 8 13 9 13 10 13 5 3 11 5 3 9
> BAT3 7 1 6 3 11 6 1 7 7 7 13 7 3 8 8 11 9 11 7 13
< RES 1637102630 29 2
> REQ 1637102630 30 2
> VAMPIRE 1 1 3 3 0 3 0
> VAMPIRE 2 9 1 3 0 3 0
> VAMPIRE 3 13 11 3 0 3 0
> VAMPIRE 4 3 13 3 0 3 0
> GRENADE 2 11 3 1 3
> GRENADE 1 3 2 2 3
> GRENADE 3 11 9 4 3
> GRENADE 4 5 11 4 3
> BAT1 8 1 7 3 6 5 8 5 1 6 5 6 9 6 3 7 11 7 5 8 9 8 13 8 6 9 8 9 13 9 7 11 5 13 6 13 9 3 3 5
> BAT2 4 1 5 1 6 1 8 3 13 4 7 5 13 5 3 6 13 6 5 7 9 7 1 8 11 8 1 9 7 9 1 10 6 11 8 13 9 13 10 13 5 3 11 5 3 9
> BAT3 7 1 6 3 11 6 1 7 7 7 13 7 3 8 8 11 9 11 7 13
< RES 1637102630 30 2
< MOVE D
> REQ 1637102630 31 2
> VAMPIRE 1 1 3 3 0 3 0
> VAMPIRE 2 10 1 3 1 3 0
> VAMPIRE 3 13 11 3 0 3 0
> VAMPIRE 4 3 13 3 0 3 0
> GRENADE 1 3 2 1 3
> GRENADE 3 11 9 3 3
> GRENADE 4 5 11 3 3
> BAT1 8 1 7 3 6 5 8 5 1 6 5 6 9 6 3 7 11 7 5 8 9 8 13 8 6 9 8 9 13 9 7 11 5 13 6 13 3 5 11 5
> BAT2 4 1 5 1 6 1 8 3 13 4 7 5 13 5 3 6 13 6 5 7 9 7 1 8 11 8 1 9 7 9 1 10 6 11 8 13 9 13 10 13 5 3 3 9
> BAT3 7 1 6 3 11 6 1 7 7 7 13 7 3 8 8 11 9 11 7 13
< RES 1637102630 31 2
< MOVE U
> REQ 1637102630 32 2
> VAMPIRE 1 3 3 3 1 3 0
> VAMPIRE 2 9 1 3 1 3 0
> VAMPIRE 3 13 11 3 0 3 0
> VAMPIRE 4 3 13 3 0 3 0
> GRENADE 3 11 9 2 3
> GRENADE 4 5 11 2 3
> BAT1 8 1 7 3 6 5 8 5 1 6 5 6 9 6 3 7 11 7 5 8 9 8 13 8 6 9 8 9 13 9 7 11 5 13 6 13 11 5
> BAT2 4 1 5 1 6 1 8 3 13 4 7 5 13 5 3 6 13 6 5 7 9 7 1 8 11 8 1 9 7 9 1 10 6 11 8 13 9 13 10 13 5 3 3 9
> BAT3 7 1 6 3 11 6 1 7 7 7 13 7 3 8 8 11 9 11 7 13
< RES 1637102630 32 2
< MOVE D
> REQ 1637102630 33 2
> VAMPIRE 1 3 5 3 0 3 0
> VAMPIRE 2 10 1 3 1 3 0
> VAMPIRE 3 13 11 3 0 3 0
> VAMPIRE 4 3 13 3 0 3 0
> GRENADE 3 11 9 1 3
> GRENADE 4 5 11 1 3
> GRENADE 1 3 3 5 3
> BAT1 8 1 7 3 6 5 8 5 1 6 5 6 9 6 3 7 11 7 5 8 9 8 13 8 6 9 8 9 13 9 7 11 5 13 6 13 11 5
> BAT2 4 1 5 1 6 1 8 3 13 4 7 5 13 5 3 6 13 6 5 7 9 7 1 8 11 8 1 9 7 9 1 10 6 11 8 13 9 13 10 13 5 3 3 9
> BAT3 7 1 6 3 11 6 1 7 7 7 13 7 3 8 8 11 9 11 7 13
< RES 1637102630 33 2
< MOVE U
> REQ 1637102630 34 2
> VAMPIRE 1 5 5 3 0 3 0
> VAMPIRE 2 9 1 3 1 3 0
> VAMPIRE 3 11 11 3 1 3 0
> VAMPIRE 4 3 11 3 1 3 0
> GRENADE 1 3 3 4 3
> BAT1 8 1 7 3 6 5 8 5 1 6 5 6 9 6 3 7 11 7 9 8 13 8 6 9 7 11 6 13 11 8 6 11 11 5
> BAT2 4 1 5 1 6 1 8 3 13 4 7 5 13 5 3 6 13 6 5 7 9 7 1 8 1 9 7 9 1 10 8 13 9 13 10 13 5 3 3 9
> BAT3 7 1 6 3 11 6 1 7 7 7 13 7 3 8 8 11 9 11 7 13
< RES 1637102630 34 2
< MOVE D
> REQ 1637102630 35 2
> VAMPIRE 1 5 5 3 0 3 0
> VAMPIRE 2 10 1 3 1 3 0
> VAMPIRE 3 11 9 3 0 3 0
> VAMPIRE 4 5 11 3 0 3 0
> GRENADE 1 3 3 3 3
> GRENADE 3 11 11 5 3
> GRENADE 4 3 11 5 3
> BAT1 8 1 7 3 6 5 8 5 1 6 5 6 9 6 3 7 11 7 9 8 13 8 6 9 7 11 6 13 11 8 6 11 11 5
> BAT2 4 1 5 1 6 1 8 3 13 4 7 5 13 5 3 6 13 6 5 7 9 7 1 8 1 9 7 9 1 10 8 13 9 13 10 13 5 3 3 9
> BAT3 7 1 6 3 11 6 1 7 7 7 13 7 3 8 8 11 9 11 7 13
< RES 1637102630 35 2
< MOVE U
> REQ 1637102630 36 2
> VAMPIRE 1 5 5 3 0 3 0
> VAMPIRE 2 9 1 3 1 3 0
> VAMPIRE 3 9 9 3 0 3 0
> VAMPIRE 4 5 9 3 0 3 0
> GRENADE 1 3 3 2 3
> GRENADE 3 11 11 4 3
> GRENADE 4 3 11 4 3
> BAT1 8 1 7 3 6 5 8 5 1 6 5 6 9 6 3 7 11 7 9 8 13 8 6 9 7 11 6 13 11 8 6 11 11 5
> BAT2 4 1 5 1 6 1 8 3 13 4 7 5 13 5 3 6 13 6 5 7 9 7 1 8 1 9 7 9 1 10 8 13 9 13 10 13 5 3 3 9
> BAT3 7 1 6 3 11 6 1 7 7 7 13 7 3 8 8 11 9 11 7 13
< RES 1637102630 36 2
< MOVE D
> REQ 1637102630 37 2
> VAMPIRE 1 5 5 3 0 3 0
> VAMPIRE 2 10 1 3 1 3 0
> VAMPIRE 3 9 9 3 0 3 0
> VAMPIRE 4 5 9 3 0 3 0
> GRENADE 1 3 3 1 3
> GRENADE 3 11 11 3 3
> GRENADE 4 3 11 3 3
> BAT1 8 1 7 3 6 5 8 5 1 6 5 6 9 6 3 7 11 7 9 8 13 8 6 9 7 11 6 13 11 8 6 11 11 5
> BAT2 4 1 5 1 6 1 8 3 13 4 7 5 13 5 3 6 13 6 5 7 9 7 1 8 1 9 7 9 1 10 8 13 9 13 10 13 5 3 3 9
> BAT3 7 1 6 3 11 6 1 7 7 7 13 7 3 8 8 11 9 11 7 13
< RES 1637102630 37 2
< MOVE U
> REQ 1637102630 38 2
> VAMPIRE 1 5 5 3 1 3 0
> VAMPIRE 2 9 1 3 1 3 0
> VAMPIRE 3 9 9 3 0 3 0
> VAMPIRE 4 5 9 3 0 3 0
> GRENADE 3 11 11 2 3
> GRENADE 4 3 11 2 3
> BAT1 8 1 7 3 6 5 8 5 1 6 5 6 9 6 3 7 11 7 9 8 13 8 6 9 7 11 6 13 3 6 11 8 6 11 5 3 11 5
> BAT2 4 1 5 1 6 1 8 3 13 4 7 5 13 5 13 6 5 7 9 7 1 8 1 9 7 9 1 10 8 13 9 13 10 13 3 9
> BAT3 7 1 6 3 11 6 1 7 7 7 13 7 3 8 8 11 9 11 7 13
< RES 1637102630 38 2
< MOVE D
> REQ 1637102630 39 2
> VAMPIRE 1 3 5 3 0 3 0
> VAMPIRE 2 10 1 3 1 3 0
> VAMPIRE 3 9 9 3 0 3 0
> VAMPIRE 4 5 9 3 0 3 0
> GRENADE 3 11 11 1 3
> GRENADE 4 3 11 1 3
> GRENADE 1 5 5 5 3
> BAT1 8 1 7 3 6 5 8 5 1 6 5 6 9 6 3 7 11 7 9 8 13 8 6 9 7 11 6 13 3 6 11 8 6 11 5 3 11 5
> BAT2 4 1 5 1 6 1 8 3 13 4 7 5 13 5 13 6 5 7 9 7 1 8 1 9 7 9 1 10 8 13 9 13 10 13 3 9
> BAT3 7 1 6 3 11 6 1 7 7 7 13 7 3 8 8 11 9 11 7 13
< RES 1637102630 39 2
< MOVE U
> REQ 1637102630 40 2
> VAMPIRE 1 3 3 3 0 3 0
> VAMPIRE 2 9 1 3 1 3 0
> VAMPIRE 3 9 9 3 1 3 0
> VAMPIRE 4 4 9 3 1 3 0
> GRENADE 1 5 5 4 3
> BAT1 8 1 7 3 6 5 8 5 1 6 5 6 9 6 3 7 11 7 9 8 13 8 6 9 7 11 6 13 3 6 5 3 11 5 3 9
> BAT2 4 1 5 1 6 1 8 3 13 4 7 5 13 5 13 6 5 7 9 7 1 8 1 9 7 9 1 10 8 13 9 13 10 13 9 11
> BAT3 7 1 6 3 11 6 1 7 7 7 13 7 3 8 8 11 7 13
< RES 1637102630 40 2
< MOVE D
> REQ 1637102630 41 2
> VAMPIRE 1 3 3 3 0 3 0
> VAMPIRE 2 10 1 3 1 3 0
> VAMPIRE 3 11 9 3 0 3 0
> VAMPIRE 4 5 9 3 1 3 0
> GRENADE 1 5 5 3 3
> GRENADE 3 9 9 5 3
> BAT1 8 1 7 3 6 5 8 5 1 6 5 6 9 6 3 7 11 7 9 8 13 8 6 9 7 11 6 13 3 6 5 3 11 5 3 9
> BAT2 4 1 5 1 6 1 8 3 13 4 7 5 13 5 13 6 5 7 9 7 1 8 1 9 7 9 1 10 8 13 9 13 10 13 9 11
> BAT3 7 1 6 3 11 6 1 7 7 7 13 7 3 8 8 11 7 13
< RES 1637102630 41 2
< MOVE U
> REQ 1637102630 42 2
> VAMPIRE 1 3 3 3 0 3 0
> VAMPIRE 2 9 1 3 1 3 0
> VAMPIRE 3 11 11 3 0 3 0
> VAMPIRE 4 5 11 3 0 3 0
> GRENADE 1 5 5 2 3
> GRENADE 3 9 9 4 3
> GRENADE 4 5 9 5 3
> BAT1 8 1 7 3 6 5 8 5 1 6 5 6 9 6 3 7 11 7 9 8 13 8 6 9 7 11 6 13 3 6 5 3 11 5 3 9
> BAT2 4 1 5 1 6 1 8 3 13 4 7 5 13 5 13 6 5 7 9 7 1 8 1 9 7 9 1 10 8 13 9 13 10 13 9 11
> BAT3 7 1 6 3 11 6 1 7 7 7 13 7 3 8 8 11 7 13
< RES 1637102630 42 2
< MOVE D
> REQ 1637102630 43 2
> VAMPIRE 1 3 3 3 0 3 0
> VAMPIRE 2 10 1 3 1 3 0
> VAMPIRE 3 11 11 3 0 3 0
> VAMPIRE 4 3 11 3 0 3 0
> GRENADE 1 5 5 1 3
> GRENADE 3 9 9 3 3
> GRENADE 4 5 9 4 3
> BAT1 8 1 7 3 6 5 8 5 1 6 5 6 9 6 3 7 11 7 9 8 13 8 6 9 7 11 6 13 3 6 5 3 11 5 3 9
> BAT2 4 1 5 1 6 1 8 3 13 4 7 5 13 5 13 6 5 7 9 7 1 8 1 9 7 9 1 10 8 13 9 13 10 13 9 11
> BAT3 7 1 6 3 11 6 1 7 7 7 13 7 3 8 8 11 7 13
< RES 1637102630 43 2
< MOVE U
> REQ 1637102630 44 2
> VAMPIRE 1 3 3 3 1 3 0
> VAMPIRE 2 9 1 3 1 3 0
> VAMPIRE 3 11 11 3 0 3 0
> VAMPIRE 4 3 11 3 0 3 0
> GRENADE 3 9 9 2 3
> GRENADE 4 5 9 3 3
> BAT1 8 1 7 3 8 5 1 6 9 6 3 7 11 7 9 8 13 8 6 9 7 11 6 13 3 6 11 5 3 9
> BAT2 4 1 5 1 6 1 8 3 13 4 7 5 13 5 13 6 5 7 9 7 1 8 1 9 7 9 1 10 8 13 9 13 10 13 9 11
> BAT3 7 1 6 3 11 6 1 7 7 7 13 7 3 8 8 11 7 13
< RES 1637102630 44 2
< MOVE D
> REQ 1637102630 45 2
> VAMPIRE 1 5 3 3 0 3 0
> VAMPIRE 2 10 1 3 1 3 0
> VAMPIRE 3 11 10 3 0 3 0
> VAMPIRE 4 3 11 3 0 3 0
> GRENADE 3 9 9 1 3
> GRENADE 4 5 9 2 3
> GRENADE 1 3 3 5 3
> BAT1 8 1 7 3 8 5 1 6 9 6 3 7 11 7 9 8 13 8 6 9 7 11 6 13 3 6 11 5 3 9
> BAT2 4 1 5 1 6 1 8 3 13 4 7 5 13 5 13 6 5 7 9 7 1 8 1 9 7 9 1 10 8 13 9 13 10 13 9 11
> BAT3 7 1 6 3 11 6 1 7 7 7 13 7 3 8 8 11 7 13
< RES 1637102630 45 2
< MOVE U
> REQ 1637102630 46 2
> VAMPIRE 1 5 5 3 0 3 0
> VAMPIRE 2 9 1 3 1 3 0
> VAMPIRE 3 10 9 3 1 3 0
> VAMPIRE 4 3 11 3 0 3 0
> GRENADE 4 5 9 1 3
> GRENADE 1 3 3 4 3
> BAT1 8 1 7 3 8 5 1 6 9 6 3 7 11 7 13 8 6 9 7 11 6 13 3 6 7 9 11 5 3 9 9 11
> BAT2 4 1 5 1 6 1 8 3 13 4 7 5 13 5 13 6 5 7 9 7 1 8 1 9 1 10 8 13 9 13 10 13
> BAT3 7 1 6 3 11 6 1 7 7 7 13 7 3 8 8 11 7 13
< RES 1637102630 46 2
< MOVE D
> REQ 1637102630 47 2
> VAMPIRE 1 5 5 3 0 3 0
> VAMPIRE 2 10 1 3 1 3 0
> VAMPIRE 3 9 9 3 1 3 0
> VAMPIRE 4 3 10 3 1 3 0
> GRENADE 1 3 3 3 3
> BAT1 8 1 7 3 8 5 1 6 9 6 3 7 11 7 13 8 7 11 6 13 3 6 5 7 7 9 11 5 9 11
> BAT2 4 1 5 1 6 1 8 3 13 4 7 5 13 5 13 6 9 7 1 8 1 9 1 10 8 13 9 13 10 13
> BAT3 7 1 6 3 11 6 1 7 7 7 13 7 3 8 8 11 7 13
< RES 1637102630 47 2
< MOVE U
> REQ 1637102630 48 2
> VAMPIRE 1 5 5 3 0 3 0
> VAMPIRE 2 9 1 3 1 3 0
> VAMPIRE 3 11 9 3 0 3 0
> VAMPIRE 4 4 9 3 1 3 0
> GRENADE 1 3 3 2 3
> GRENADE 3 9 9 5 3
> BAT1 8 1 7 3 8 5 1 6 9 6 3 7 11 7 13 8 7 11 6 13 3 6 5 7 7 9 11 5 9 11
> BAT2 4 1 5 1 6 1 8 3 13 4 7 5 13 5 13 6 9 7 1 8 1 9 1 10 8 13 9 13 10 13
> BAT3 7 1 6 3 11 6 1 7 7 7 13 7 3 8 8 11 7 13
< RES 1637102630 48 2
< MOVE D
> REQ 1637102630 49 2
> VAMPIRE 1 5 5 3 0 3 0
> VAMPIRE 2 10 1 3 1 3 0
> VAMPIRE 3 11 11 3 0 3 0
> VAMPIRE 4 3 10 3 0 3 0
> GRENADE 1 3 3 1 3
> GRENADE 3 9 9 4 3
> GRENADE 4 4 9 5 3
> BAT1 8 1 7 3 8 5 1 6 9 6 3 7 11 7 13 8 7 11 6 13 3 6 5 7 7 9 11 5 9 11
> BAT2 4 1 5 1 6 1 8 3 13 4 7 5 13 5 13 6 9 7 1 8 1 9 1 10 8 13 9 13 10 13
> BAT3 7 1 6 3 11 6 1 7 7 7 13 7 3 8 8 11 7 13
< RES 1637102630 49 2
< MOVE U
> REQ 1637102630 50 2
> VAMPIRE 1 5 4 3 1 3 0
> VAMPIRE 2 9 1 3 1 3 0
> VAMPIRE 3 11 11 3 0 3 0
> VAMPIRE 4 3 11 3 0 3 0
> GRENADE 3 9 9 3 3
> GRENADE 4 4 9 4 3
> BAT1 8 1 7 3 8 5 1 6 9 6 3 7 11 7 13 8 7 11 6 13 5 7 7 9 11 5 9 11
> BAT2 4 1 5 1 6 1 8 3 13 4 7 5 13 5 13 6 9 7 1 8 1 9 1 10 8 13 9 13 10 13 6 3
> BAT3 7 1 11 6 1 7 7 7 13 7 3 8 8 11 7 13
< RES 1637102630 50 2
< MOVE D
> REQ 1637102630 51 2
> VAMPIRE 1 4 3 3 0 3 0
> VAMPIRE 2 10 1 3 1 3 0
> VAMPIRE 3 11 11 3 0 3 0
> VAMPIRE 4 5 11 3 0 3 0
> GRENADE 3 9 9 2 3
> GRENADE 4 4 9 3 3
> GRENADE 1 5 4 5 3
> BAT1 8 1 7 3 8 5 1 6 9 6 3 7 11 7 13 8 7 11 6 13 5 7 7 9 11 5 9 11
> BAT2 4 1 5 1 6 1 8 3 13 4 7 5 13 5 13 6 9 7 1 8 1 9 1 10 8 13 9 13 10 13 6 3
> BAT3 7 1 11 6 1 7 7 7 13 7 3 8 8 11 7 13
< RES 1637102630 51 2
< MOVE U
> REQ 1637102630 52 2
> VAMPIRE 1 3 3 3 0 3 0
> VAMPIRE 2 9 1 3 1 3 0
> VAMPIRE 3 11 11 3 0 3 0
> VAMPIRE 4 5 11 3 0 3 0
> GRENADE 3 9 9 1 3
> GRENADE 4 4 9 2 3
> GRENADE 1 5 4 4 3
> BAT1 8 1 7 3 8 5 1 6 9 6 3 7 11 7 13 8 7 11 6 13 5 7 7 9 11 5 9 11
> BAT2 4 1 5 1 6 1 8 3 13 4 7 5 13 5 13 6 9 7 1 8 1 9 1 10 8 13 9 13 10 13 6 3
> BAT3 7 1 11 6 1 7 7 7 13 7 3 8 8 11 7 13
< RES 1637102630 52 2
< MOVE D
> REQ 1637102630 53 2
> VAMPIRE 1 3 5 3 0 3 0
> VAMPIRE 2 10 1 3 1 3 0
> VAMPIRE 3 10 11 3 1 3 0
> VAMPIRE 4 3 11 3 0 3 0
> GRENADE 4 4 9 1 3
> GRENADE 1 5 4 3 3
> BAT1 8 1 7 3 8 5 1 6 9 6 3 7 11 7 13 8 7 11 6 13 5 7 9 7 11 5
> BAT2 4 1 5 1 6 1 8 3 13 4 7 5 13 5 13 6 1 8 1 9 1 10 8 13 9 13 10 13 6 3
> BAT3 7 1 11 6 1 7 7 7 13 7 3 8 8 11 7 13
< RES 1637102630 53 2
< MOVE U
> REQ 1637102630 54 2
> VAMPIRE 1 3 5 3 0 3 0
> VAMPIRE 2 9 1 3 1 3 0
> VAMPIRE 3 9 10 3 1 3 0
> VAMPIRE 4 3 9 3 1 3 0
> GRENADE 1 5 4 2 3
> BAT1 8 1 7 3 8 5 1 6 9 6 3 7 11 7 13 8 7 11 6 13 5 7 9 7 1 9 11 5
> BAT2 4 1 5 1 6 1 8 3 13 4 7 5 13 5 13 6 1 8 1 10 8 13 9 13 10 13 6 3
> BAT3 7 1 11 6 1 7 7 7 13 7 3 8 8 11 7 13
< RES 1637102630 54 2
< GRENADE
< MOVE R R
> REQ 1637102630 55 2
> VAMPIRE 1 1 5 3 0 3 0
> VAMPIRE 2 9 3 3 0 3 0
> VAMPIRE 3 8 9 3 0 3 0
> VAMPIRE 4 5 9 3 0 3 0
> GRENADE 1 5 4 1 3
> GRENADE 2 9 1 5 3
> GRENADE 3 9 10 5 3
> GRENADE 4 3 9 5 3
> BAT1 8 1 7 3 8 5 1 6 9 6 3 7 11 7 13 8 7 11 6 13 5 7 9 7 1 9 11 5
> BAT2 4 1 5 1 6 1 8 3 13 4 7 5 13 5 13 6 1 8 1 10 8 13 9 13 10 13 6 3
> BAT3 7 1 11 6 1 7 7 7 13 7 3 8 8 11 7 13
< RES 1637102630 55 2
< MOVE R R
> REQ 1637102630 56 2
> VAMPIRE 1 1 4 3 1 3 0
> VAMPIRE 2 9 5 3 0 3 0
> VAMPIRE 3 7 9 3 0 3 0
> VAMPIRE 4 7 9 3 0 3 0
> GRENADE 2 9 1 4 3
> GRENADE 3 9 10 4 3
> GRENADE 4 3 9 4 3
> BAT1 8 1 7 3 8 5 1 6 9 6 3 7 11 7 13 8 7 11 6 13 5 1 9 7 1 9 11 5
> BAT2 4 1 6 1 8 3 13 4 7 5 13 5 13 6 1 8 1 10 8 13 9 13 10 13 6 3
> BAT3 7 1 11 6 1 7 7 7 13 7 3 8 8 11 7 13
< RES 1637102630 56 2
> REQ 1637102630 57 2
> VAMPIRE 1 2 5 3 0 3 0
> VAMPIRE 2 9 5 3 0 3 0
> VAMPIRE 3 7 9 3 0 3 0
> VAMPIRE 4 7 9 3 0 3 0
> GRENADE 2 9 1 3 3
> GRENADE 3 9 10 3 3
> GRENADE 4 3 9 3 3
> GRENADE 1 1 4 5 3
> BAT1 8 1 7 3 8 5 1 6 9 6 3 7 11 7 13 8 7 11 6 13 5 1 9 7 1 9 11 5
> BAT2 4 1 6 1 8 3 13 4 7 5 13 5 13 6 1 8 1 10 8 13 9 13 10 13 6 3
> BAT3 7 1 11 6 1 7 7 7 13 7 3 8 8 11 7 13
< RES 1637102630 57 2
> REQ 1637102630 58 2
> VAMPIRE 1 3 5 3 0 3 0
> VAMPIRE 2 9 5 3 0 3 0
> VAMPIRE 3 7 9 3 0 3 0
> VAMPIRE 4 7 9 3 0 3 0
> GRENADE 2 9 1 2 3
> GRENADE 3 9 10 2 3
> GRENADE 4 3 9 2 3
> GRENADE 1 1 4 4 3
> BAT1 8 1 7 3 8 5 1 6 9 6 3 7 11 7 13 8 7 11 6 13 5 1 9 7 1 9 11 5
> BAT2 4 1 6 1 8 3 13 4 7 5 13 5 13 6 1 8 1 10 8 13 9 13 10 13 6 3
> BAT3 7 1 11 6 1 7 7 7 13 7 3 8 8 11 7 13
< RES 1637102630 58 2
> REQ 1637102630 59 2
> VAMPIRE 1 3 5 3 0 3 0
> VAMPIRE 2 9 5 3 0 3 0
> VAMPIRE 3 7 9 3 0 3 0
> VAMPIRE 4 7 9 3 0 3 0
> GRENADE 2 9 1 1 3
> GRENADE 3 9 10 1 3
> GRENADE 4 3 9 1 3
> GRENADE 1 1 4 3 3
> BAT1 8 1 7 3 8 5 1 6 9 6 3 7 11 7 13 8 7 11 6 13 5 1 9 7 1 9 11 5
> BAT2 4 1 6 1 8 3 13 4 7 5 13 5 13 6 1 8 1 10 8 13 9 13 10 13 6 3
> BAT3 7 1 11 6 1 7 7 7 13 7 3 8 8 11 7 13
< RES 1637102630 59 2
> REQ 1637102630 60 2
> VAMPIRE 1 5 5 3 0 3 0
> VAMPIRE 2 9 5 3 1 3 0
> VAMPIRE 3 7 8 3 1 3 0
> VAMPIRE 4 7 8 3 1 3 0
> GRENADE 1 1 4 2 3
> BAT1 7 3 8 5 1 6 9 6 3 7 11 7 13 8 7 11 6 13 5 1 9 13 11 5
> BAT2 4 1 6 1 8 3 13 4 7 5 13 5 13 6 1 8 1 10 8 13 10 13 6 3 3 8
> BAT3 7 1 11 6 1 7 7 7 13 7 8 11 7 13
< RES 1637102630 60 2
< GRENADE
< MOVE L L
> REQ 1637102630 61 2
> VAMPIRE 1 5 7 3 0 3 0
> VAMPIRE 2 9 3 3 0 3 0
> VAMPIRE 3 8 9 3 0 3 0
> VAMPIRE 4 8 9 3 0 3 0
> GRENADE 1 1 4 1 3
> GRENADE 2 9 5 5 3
> GRENADE 3 7 8 5 3
> GRENADE 4 7 8 5 3
> BAT1 7 3 8 5 1 6 9 6 3 7 11 7 13 8 7 11 6 13 5 1 9 13 11 5
> BAT2 4 1 6 1 8 3 13 4 7 5 13 5 13 6 1 8 1 10 8 13 10 13 6 3 3 8
> BAT3 7 1 11 6 1 7 7 7 13 7 8 11 7 13
< RES 1637102630 61 2
< MOVE D D
> REQ 1637102630 62 2
> VAMPIRE 1 4 7 3 1 3 0
> VAMPIRE 2 11 3 3 0 3 0
> VAMPIRE 3 9 9 3 0 3 0
> VAMPIRE 4 9 9 3 0 3 0
> GRENADE 2 9 5 4 3
> GRENADE 3 7 8 4 3
> GRENADE 4 7 8 4 3
> BAT1 7 3 8 5 9 6 3 7 11 7 13 8 7 11 6 13 5 1 9 13 11 5
> BAT2 4 1 6 1 8 3 13 4 7 5 13 5 13 6 1 8 1 10 8 13 10 13 6 3 3 8
> BAT3 7 1 11 6 1 7 7 7 13 7 8 11 7 13
< RES 1637102630 62 2
> REQ 1637102630 63 2
> VAMPIRE 1 5 6 3 0 3 0
> VAMPIRE 2 11 3 3 0 3 0
> VAMPIRE 3 11 9 3 0 3 0
> VAMPIRE 4 11 9 3 0 3 0
> GRENADE 2 9 5 3 3
> GRENADE 3 7 8 3 3
> GRENADE 4 7 8 3 3
> GRENADE 1 4 7 5 3
> BAT1 7 3 8 5 9 6 3 7 11 7 13 8 7 11 6 13 5 1 9 13 11 5
> BAT2 4 1 6 1 8 3 13 4 7 5 13 5 13 6 1 8 1 10 8 13 10 13 6 3 3 8
> BAT3 7 1 11 6 1 7 7 7 13 7 8 11 7 13
< RES 1637102630 63 2
> REQ 1637102630 64 2
> VAMPIRE 1 5 5 3 0 3 0
> VAMPIRE 2 11 3 3 0 3 0
> VAMPIRE 3 9 9 3 0 3 0
> VAMPIRE 4 9 9 3 0 3 0
> GRENADE 2 9 5 2 3
> GRENADE 3 7 8 2 3
> GRENADE 4 7 8 2 3
> GRENADE 1 4 7 4 3
> BAT1 7 3 8 5 9 6 3 7 11 7 13 8 7 11 6 13 5 1 9 13 11 5
> BAT2 4 1 6 1 8 3 13 4 7 5 13 5 13 6 1 8 1 10 8 13 10 13 6 3 3 8
> BAT3 7 1 11 6 1 7 7 7 13 7 8 11 7 13
< RES 1637102630 64 2
> REQ 1637102630 65 2
> VAMPIRE 1 5 5 3 0 3 0
> VAMPIRE 2 11 3 3 0 3 0
> VAMPIRE 3 9 7 3 0 3 0
> VAMPIRE 4 9 7 3 0 3 0
> GRENADE 2 9 5 1 3
> GRENADE 3 7 8 1 3
> GRENADE 4 7 8 1 3
> GRENADE 1 4 7 3 3
> BAT1 7 3 8 5 9 6 3 7 11 7 13 8 7 11 6 13 5 1 9 13 11 5
> BAT2 4 1 6 1 8 3 13 4 7 5 13 5 13 6 1 8 1 10 8 13 10 13 6 3 3 8
> BAT3 7 1 11 6 1 7 7 7 13 7 8 11 7 13
< RES 1637102630 65 2
> REQ 1637102630 66 2
> VAMPIRE 1 3 5 3 0 3 0
> VAMPIRE 2 11 3 3 1 3 0
> VAMPIRE 3 8 7 3 1 3 0
> VAMPIRE 4 8 7 3 1 3 0
> GRENADE 1 4 7 2 3
> BAT1 7 3 3 7 11 7 13 8 6 13 5 1 9 13
> BAT2 4 1 6 1 8 3 13 4 7 5 13 5 13 6 1 8 1 10 8 13 10 13 6 3 7 7 3 8
> BAT3 7 1 11 6 1 7 13 7 8 11 7 13
< RES 1637102630 66 2
< GRENADE
< MOVE U U
> REQ 1637102630 67 2
> VAMPIRE 1 3 3 3 0 3 0
> VAMPIRE 2 9 3 3 0 3 0
> VAMPIRE 3 9 6 3 0 3 0
> VAMPIRE 4 9 6 3 0 3 0
> GRENADE 1 4 7 1 3
> GRENADE 2 11 3 5 3
> GRENADE 3 8 7 5 3
> GRENADE 4 8 7 5 3
> BAT1 7 3 3 7 11 7 13 8 6 13 5 1 9 13
> BAT2 4 1 6 1 8 3 13 4 7 5 13 5 13 6 1 8 1 10 8 13 10 13 6 3 7 7 3 8
> BAT3 7 1 11 6 1 7 13 7 8 11 7 13
< RES 1637102630 67 2
< MOVE R R
> REQ 1637102630 68 2
> VAMPIRE 1 5 3 3 1 3 0
> VAMPIRE 2 9 5 3 0 3 0
> VAMPIRE 3 9 5 3 0 3 0
> VAMPIRE 4 9 5 3 0 3 0
> GRENADE 2 11 3 4 3
> GRENADE 3 8 7 4 3
> GRENADE 4 8 7 4 3
> BAT1 7 3 11 7 13 8 6 13 5 1 9 13 7 7
> BAT2 4 1 6 1 8 3 13 4 7 5 13 5 13 6 1 8 1 10 8 13 10 13 6 3 3 8
> BAT3 7 1 11 6 1 7 13 7 8 11 7 13
< RES 1637102630 68 2
> REQ 1637102630 69 2
> VAMPIRE 1 5 5 3 0 3 0
> VAMPIRE 2 9 5 3 0 3 0
> VAMPIRE 3 9 5 3 0 3 0
> VAMPIRE 4 9 5 3 0 3 0
> GRENADE 2 11 3 3 3
> GRENADE 3 8 7 3 3
> GRENADE 4 8 7 3 3
> GRENADE 1 5 3 5 3
> BAT1 7 3 11 7 13 8 6 13 5 1 9 13 7 7
> BAT2 4 1 6 1 8 3 13 4 7 5 13 5 13 6 1 8 1 10 8 13 10 13 6 3 3 8
> BAT3 7 1 11 6 1 7 13 7 8 11 7 13
< RES 1637102630 69 2
> REQ 1637102630 70 2
> VAMPIRE 1 5 7 3 0 3 0
> VAMPIRE 2 9 5 3 0 3 0
> VAMPIRE 3 9 5 3 0 3 0
> VAMPIRE 4 9 5 3 0 3 0
> GRENADE 2 11 3 2 3
> GRENADE 3 8 7 2 3
> GRENADE 4 8 7 2 3
> GRENADE 1 5 3 4 3
> BAT1 7 3 11 7 13 8 6 13 5 1 9 13 7 7
> BAT2 4 1 6 1 8 3 13 4 7 5 13 5 13 6 1 8 1 10 8 13 10 13 6 3 3 8
> BAT3 7 1 11 6 1 7 13 7 8 11 7 13
< RES 1637102630 70 2
> REQ 1637102630 71 2
> VAMPIRE 1 5 7 3 0 3 0
> VAMPIRE 2 9 5 3 0 3 0
> VAMPIRE 3 9 5 3 0 3 0
> VAMPIRE 4 9 5 3 0 3 0
> GRENADE 2 11 3 1 3
> GRENADE 3 8 7 1 3
> GRENADE 4 8 7 1 3
> GRENADE 1 5 3 3 3
> BAT1 7 3 11 7 13 8 6 13 5 1 9 13 7 7
> BAT2 4 1 6 1 8 3 13 4 7 5 13 5 13 6 1 8 1 10 8 13 10 13 6 3 3 8
> BAT3 7 1 11 6 1 7 13 7 8 11 7 13
< RES 1637102630 71 2
< MOVE D
> REQ 1637102630 72 2
> VAMPIRE 1 5 7 3 0 3 0
> VAMPIRE 2 10 5 3 1 3 0
> VAMPIRE 3 10 5 3 1 3 0
> VAMPIRE 4 10 5 3 1 3 0
> GRENADE 1 5 3 2 3
> BAT1 7 3 13 8 6 13 5 1 8 3 9 13
> BAT2 4 1 6 1 13 4 7 5 13 5 13 6 1 8 1 10 8 13 10 13 6 3 11 6 3 8
> BAT3 7 1 1 7 13 7 8 11 7 13
< RES 1637102630 72 2
< GRENADE
< MOVE U R
> REQ 1637102630 73 2
> VAMPIRE 1 5 7 3 0 3 0
> VAMPIRE 2 9 6 3 0 3 0
> VAMPIRE 3 9 6 3 0 3 0
> VAMPIRE 4 9 6 3 0 3 0
> GRENADE 1 5 3 1 3
> GRENADE 2 10 5 5 3
> GRENADE 3 10 5 5 3
> GRENADE 4 10 5 5 3
> BAT1 7 3 13 8 6 13 5 1 8 3 9 13
> BAT2 4 1 6 1 13 4 7 5 13 5 13 6 1 8 1 10 8 13 10 13 6 3 11 6 3 8
> BAT3 7 1 1 7 13 7 8 11 7 13
< RES 1637102630 73 2
< MOVE R
> REQ 1637102630 74 2
> VAMPIRE 1 3 7 3 1 3 0
> VAMPIRE 2 9 7 3 0 3 0
> VAMPIRE 3 9 7 3 0 3 0
> VAMPIRE 4 9 7 3 0 3 0
> GRENADE 2 10 5 4 3
> GRENADE 3 10 5 4 3
> GRENADE 4 10 5 4 3
> BAT1 7 3 13 8 6 13 8 3 9 13 6 3
> BAT2 4 1 6 1 13 4 7 5 13 5 13 6 1 8 1 10 8 13 10 13 11 6 3 8
> BAT3 7 1 1 7 13 7 8 11 7 13
< RES 1637102630 74 2
< MOVE U U
> REQ 1637102630 75 2
> VAMPIRE 1 5 7 3 0 3 0
> VAMPIRE 2 7 7 3 0 3 0
> VAMPIRE 3 7 7 3 0 3 0
> VAMPIRE 4 7 7 3 0 3 0
> GRENADE 2 10 5 3 3
> GRENADE 3 10 5 3 3
> GRENADE 4 10 5 3 3
> GRENADE 1 3 7 5 3
> BAT1 7 3 13 8 6 13 8 3 9 13 6 3
> BAT2 4 1 6 1 13 4 7 5 13 5 13 6 1 8 1 10 8 13 10 13 11 6 3 8
> BAT3 7 1 1 7 13 7 8 11 7 13
< RES 1637102630 75 2
> REQ 1637102630 76 2
> VAMPIRE 1 7 7 3 0 3 0
> VAMPIRE 2 7 7 3 0 3 0
> VAMPIRE 3 7 7 3 0 3 0
> VAMPIRE 4 7 7 3 0 3 0
> GRENADE 2 10 5 2 3
> GRENADE 3 10 5 2 3
> GRENADE 4 10 5 2 3
> GRENADE 1 3 7 4 3
> POWERUP TOMATO -7 12 9
> POWERUP TOMATO -7 2 5
> BAT1 7 3 13 8 6 13 8 3 9 13 6 3
> BAT2 4 1 6 1 13 4 7 5 13 5 13 6 1 8 1 10 8 13 10 13 11 6 3 8
> BAT3 7 1 1 7 13 7 8 11 7 13
< RES 1637102630 76 2
< MOVE D D
> REQ 1637102630 77 2
> VAMPIRE 1 7 9 3 0 3 0
> VAMPIRE 2 9 7 3 0 3 0
> VAMPIRE 3 9 7 3 0 3 0
> VAMPIRE 4 9 7 3 0 3 0
> GRENADE 2 10 5 1 3
> GRENADE 3 10 5 1 3
> GRENADE 4 10 5 1 3
> GRENADE 1 3 7 3 3
> POWERUP TOMATO -6 12 9
> POWERUP TOMATO -6 2 5
> BAT1 7 3 13 8 6 13 8 3 9 13 6 3
> BAT2 4 1 6 1 13 4 7 5 13 5 13 6 1 8 1 10 8 13 10 13 11 6 3 8
> BAT3 7 1 1 7 13 7 8 11 7 13
< RES 1637102630 77 2
< MOVE D D
> REQ 1637102630 78 2
> VAMPIRE 1 9 9 3 0 3 0
> VAMPIRE 2 11 7 3 1 3 0
> VAMPIRE 3 11 7 3 1 3 0
> VAMPIRE 4 11 7 3 1 3 0
> GRENADE 1 3 7 2 3
> POWERUP TOMATO -5 12 9
> POWERUP TOMATO -5 2 5
> BAT1 7 3 13 8 6 13 8 3 7 5 13 5 9 13 6 3
> BAT2 4 1 6 1 13 4 13 6 1 8 1 10 8 13 10 13 11 6 3 8
> BAT3 7 1 1 7 13 7 8 11 7 13
< RES 1637102630 78 2
< GRENADE
< MOVE R R
> REQ 1637102630 79 2
> VAMPIRE 1 11 9 3 0 3 0
> VAMPIRE 2 11 9 3 0 3 0
> VAMPIRE 3 11 9 3 0 3 0
> VAMPIRE 4 11 9 3 0 3 0
> GRENADE 1 3 7 1 3
> GRENADE 2 11 7 5 3
> GRENADE 3 11 7 5 3
> GRENADE 4 11 7 5 3
> POWERUP TOMATO -4 12 9
> POWERUP TOMATO -4 2 5
> BAT1 7 3 13 8 6 13 8 3 7 5 13 5 9 13 6 3
> BAT2 4 1 6 1 13 4 13 6 1 8 1 10 8 13 10 13 11 6 3 8
> BAT3 7 1 1 7 13 7 8 11 7 13
< RES 1637102630 79 2
< MOVE D
> REQ 1637102630 80 2
> VAMPIRE 1 11 10 3 1 3 0
> VAMPIRE 2 12 9 3 0 3 0
> VAMPIRE 3 12 9 3 0 3 0
> VAMPIRE 4 12 9 3 0 3 0
> GRENADE 2 11 7 4 3
> GRENADE 3 11 7 4 3
> GRENADE 4 11 7 4 3
> POWERUP TOMATO -3 12 9
> POWERUP TOMATO -3 2 5
> BAT1 7 3 13 8 6 13 8 3 7 5 13 5 9 13 6 3 3 8
> BAT2 4 1 6 1 13 4 13 6 1 8 1 10 8 13 10 13 11 6 1 7
> BAT3 7 1 13 7 8 11 7 13
< RES 1637102630 80 2
> REQ 1637102630 81 2
> VAMPIRE 1 12 9 3 0 3 0
> VAMPIRE 2 12 9 3 0 3 0
> VAMPIRE 3 12 9 3 0 3 0
> VAMPIRE 4 12 9 3 0 3 0
> GRENADE 2 11 7 3 3
> GRENADE 3 11 7 3 3
> GRENADE 4 11 7 3 3
> GRENADE 1 11 10 5 3
> POWERUP TOMATO -2 12 9
> POWERUP TOMATO -2 2 5
> BAT1 7 3 13 8 6 13 8 3 7 5 13 5 9 13 6 3 3 8
> BAT2 4 1 6 1 13 4 13 6 1 8 1 10 8 13 10 13 11 6 1 7
> BAT3 7 1 13 7 8 11 7 13
< RES 1637102630 81 2
> REQ 1637102630 82 2
> VAMPIRE 1 12 9 3 0 3 0
> VAMPIRE 2 12 9 3 0 3 0
> VAMPIRE 3 12 9 3 0 3 0
> VAMPIRE 4 12 9 3 0 3 0
> GRENADE 2 11 7 2 3
> GRENADE 3 11 7 2 3
> GRENADE 4 11 7 2 3
> GRENADE 1 11 10 4 3
> POWERUP TOMATO -1 12 9
> POWERUP TOMATO -1 2 5
> BAT1 7 3 13 8 6 13 8 3 7 5 13 5 9 13 6 3 3 8
> BAT2 4 1 6 1 13 4 13 6 1 8 1 10 8 13 10 13 11 6 1 7
> BAT3 7 1 13 7 8 11 7 13
< RES 1637102630 82 2
< MOVE D
> REQ 1637102630 83 2
> VAMPIRE 1 13 9 3 0 3 0
> VAMPIRE 2 13 9 3 0 3 0
> VAMPIRE 3 13 9 3 0 3 0
> VAMPIRE 4 13 9 3 0 3 0
> GRENADE 2 11 7 1 3
> GRENADE 3 11 7 1 3
> GRENADE 4 11 7 1 3
> GRENADE 1 11 10 3 3
> POWERUP TOMATO 13 2 5
> BAT1 7 3 13 8 6 13 8 3 7 5 13 5 9 13 6 3 3 8
> BAT2 4 1 6 1 13 4 13 6 1 8 1 10 8 13 10 13 11 6 1 7
> BAT3 7 1 13 7 8 11 7 13
< RES 1637102630 83 2
< MOVE U U
> REQ 1637102630 84 2
> VAMPIRE 1 11 9 3 1 3 0
> VAMPIRE 2 11 9 3 1 3 0
> VAMPIRE 3 11 9 3 1 3 0
> VAMPIRE 4 11 9 3 1 3 0
> POWERUP TOMATO 12 2 5
> BAT1 7 3 13 8 6 13 8 3 7 5 13 5 9 13 6 3 11 6 3 8
> BAT2 4 1 6 1 13 4 13 6 1 8 1 10 8 13 10 13 1 7 13 7
> BAT3 7 1 8 11 7 13
< RES 1637102630 84 2
< GRENADE
< MOVE U U
> REQ 1637102630 85 2
> VAMPIRE 1 9 9 3 0 3 0
> VAMPIRE 2 9 9 3 0 3 0
> VAMPIRE 3 9 9 3 0 3 0
> VAMPIRE 4 9 9 3 0 3 0
> GRENADE 1 11 9 5 3
> GRENADE 2 11 9 5 3
> GRENADE 3 11 9 5 3
> GRENADE 4 11 9 5 3
> POWERUP TOMATO 11 2 5
> BAT1 7 3 13 8 6 13 8 3 7 5 13 5 9 13 6 3 11 6 3 8
> BAT2 4 1 6 1 13 4 13 6 1 8 1 10 8 13 10 13 1 7 13 7
> BAT3 7 1 8 11 7 13
< RES 1637102630 85 2
< MOVE U U
> REQ 1637102630 86 2
> VAMPIRE 1 7 9 3 0 3 0
> VAMPIRE 2 7 9 3 0 3 0
> VAMPIRE 3 7 9 3 0 3 0
> VAMPIRE 4 7 9 3 0 3 0
> GRENADE 1 11 9 4 3
> GRENADE 2 11 9 4 3
> GRENADE 3 11 9 4 3
> GRENADE 4 11 9 4 3
> POWERUP TOMATO 10 2 5
> BAT1 7 3 13 8 6 13 8 3 7 5 13 5 9 13 6 3 11 6 3 8
> BAT2 4 1 6 1 13 4 13 6 1 8 1 10 8 13 10 13 1 7 13 7
> BAT3 7 1 8 11 7 13
< RES 1637102630 86 2
< MOVE U U
> REQ 1637102630 87 2
> VAMPIRE 1 5 9 3 0 3 0
> VAMPIRE 2 5 9 3 0 3 0
> VAMPIRE 3 5 9 3 0 3 0
> VAMPIRE 4 5 9 3 0 3 0
> GRENADE 1 11 9 3 3
> GRENADE 2 11 9 3 3
> GRENADE 3 11 9 3 3
> GRENADE 4 11 9 3 3
> POWERUP TOMATO 9 2 5
> BAT1 7 3 13 8 6 13 8 3 7 5 13 5 9 13 6 3 11 6 3 8
> BAT2 4 1 6 1 13 4 13 6 1 8 1 10 8 13 10 13 1 7 13 7
> BAT3 7 1 8 11 7 13
< RES 1637102630 87 2
< MOVE L L
> REQ 1637102630 88 2
> VAMPIRE 1 5 7 3 0 3 0
> VAMPIRE 2 5 7 3 0 3 0
> VAMPIRE 3 5 7 3 0 3 0
> VAMPIRE 4 5 7 3 0 3 0
> GRENADE 1 11 9 2 3
> GRENADE 2 11 9 2 3
> GRENADE 3 11 9 2 3
> GRENADE 4 11 9 2 3
> POWERUP TOMATO 8 2 5
> BAT1 7 3 13 8 6 13 8 3 7 5 13 5 9 13 6 3 11 6 3 8
> BAT2 4 1 6 1 13 4 13 6 1 8 1 10 8 13 10 13 1 7 13 7
> BAT3 7 1 8 11 7 13
< RES 1637102630 88 2
< MOVE U U
> REQ 1637102630 89 2
> VAMPIRE 1 3 7 3 0 3 0
> VAMPIRE 2 3 7 3 0 3 0
> VAMPIRE 3 3 7 3 0 3 0
> VAMPIRE 4 3 7 3 0 3 0
> GRENADE 1 11 9 1 3
> GRENADE 2 11 9 1 3
> GRENADE 3 11 9 1 3
> GRENADE 4 11 9 1 3
> POWERUP TOMATO 7 2 5
> BAT1 7 3 13 8 6 13 8 3 7 5 13 5 9 13 6 3 11 6 3 8
> BAT2 4 1 6 1 13 4 13 6 1 8 1 10 8 13 10 13 1 7 13 7
> BAT3 7 1 8 11 7 13
< RES 1637102630 89 2
< MOVE L
> REQ 1637102630 90 2
> VAMPIRE 1 3 6 3 1 3 0
> VAMPIRE 2 3 6 3 1 3 0
> VAMPIRE 3 3 6 3 1 3 0
> VAMPIRE 4 3 6 3 1 3 0
> POWERUP TOMATO 6 2 5
> BAT1 7 3 13 8 6 13 8 3 7 5 13 5 9 13 6 3 3 8
> BAT2 4 1 6 1 13 4 13 6 1 8 1 10 8 13 10 13 1 7 13 7
> BAT3 7 1 8 11 7 13
< RES 1637102630 90 2
< GRENADE
< MOVE L U
> REQ 1637102630 91 2
> VAMPIRE 1 2 5 3 0 3 0
> VAMPIRE 2 2 5 3 0 3 0
> VAMPIRE 3 2 5 3 0 3 0
> VAMPIRE 4 2 5 3 0 3 0
> GRENADE 1 3 6 5 3
> GRENADE 2 3 6 5 3
> GRENADE 3 3 6 5 3
> GRENADE 4 3 6 5 3
> POWERUP TOMATO 5 2 5
> BAT1 7 3 13 8 6 13 8 3 7 5 13 5 9 13 6 3 3 8
> BAT2 4 1 6 1 13 4 13 6 1 8 1 10 8 13 10 13 1 7 13 7
> BAT3 7 1 8 11 7 13
< RES 1637102630 91 2
< MOVE D D
> REQ 1637102630 92 2
> VAMPIRE 1 4 5 3 0 3 0
> VAMPIRE 2 4 5 3 0 3 0
> VAMPIRE 3 4 5 3 0 3 0
> VAMPIRE 4 4 5 3 0 3 0
> GRENADE 1 3 6 4 3
> GRENADE 2 3 6 4 3
> GRENADE 3 3 6 4 3
> GRENADE 4 3 6 4 3
> BAT1 7 3 13 8 6 13 8 3 7 5 13 5 9 13 6 3 3 8
> BAT2 4 1 6 1 13 4 13 6 1 8 1 10 8 13 10 13 1 7 13 7
> BAT3 7 1 8 11 7 13
< RES 1637102630 92 2
< MOVE D
> REQ 1637102630 93 2
> VAMPIRE 1 5 5 3 0 3 0
> VAMPIRE 2 5 5 3 0 3 0
> VAMPIRE 3 5 5 3 0 3 0
> VAMPIRE 4 5 5 3 0 3 0
> GRENADE 1 3 6 3 3
> GRENADE 2 3 6 3 3
> GRENADE 3 3 6 3 3
> GRENADE 4 3 6 3 3
> BAT1 7 3 13 8 6 13 8 3 7 5 13 5 9 13 6 3 3 8
> BAT2 4 1 6 1 13 4 13 6 1 8 1 10 8 13 10 13 1 7 13 7
> BAT3 7 1 8 11 7 13
< RES 1637102630 93 2
< MOVE L
> REQ 1637102630 94 2
> VAMPIRE 1 5 5 3 0 3 0
> VAMPIRE 2 5 4 3 0 3 0
> VAMPIRE 3 5 4 3 0 3 0
> VAMPIRE 4 5 4 3 0 3 0
> GRENADE 1 3 6 2 3
> GRENADE 2 3 6 2 3
> GRENADE 3 3 6 2 3
> GRENADE 4 3 6 2 3
> BAT1 7 3 13 8 6 13 8 3 7 5 13 5 9 13 6 3 3 8
> BAT2 4 1 6 1 13 4 13 6 1 8 1 10 8 13 10 13 1 7 13 7
> BAT3 7 1 8 11 7 13
< RES 1637102630 94 2
< MOVE L
> REQ 1637102630 95 2
> VAMPIRE 1 5 3 3 0 3 0
> VAMPIRE 2 5 3 3 0 3 0
> VAMPIRE 3 5 3 3 0 3 0
> VAMPIRE 4 5 2 3 0 3 0
> GRENADE 1 3 6 1 3
> GRENADE 2 3 6 1 3
> GRENADE 3 3 6 1 3
> GRENADE 4 3 6 1 3
> BAT1 7 3 13 8 6 13 8 3 7 5 13 5 9 13 6 3 3 8
> BAT2 4 1 6 1 13 4 13 6 1 8 1 10 8 13 10 13 1 7 13 7
> BAT3 7 1 8 11 7 13
< RES 1637102630 95 2
< MOVE L L
> REQ 1637102630 96 2
> VAMPIRE 1 3 3 3 1 3 0
> VAMPIRE 2 5 1 3 1 3 0
> VAMPIRE 3 5 1 3 1 3 0
> VAMPIRE 4 5 1 3 1 3 0
> BAT1 7 3 13 8 6 13 8 3 7 5 13 5 9 13 6 3
> BAT2 4 1 6 1 13 4 13 6 1 8 1 10 8 13 10 13 1 7 13 7
> BAT3 7 1 8 11 7 13
< RES 1637102630 96 2
< GRENADE
< MOVE R R
> REQ 1637102630 97 2
> VAMPIRE 1 3 5 3 0 3 0
> VAMPIRE 2 5 3 3 0 3 0
> VAMPIRE 3 5 3 3 0 3 0
> VAMPIRE 4 5 3 3 0 3 0
> GRENADE 1 3 3 5 3
> GRENADE 2 5 1 5 3
> GRENADE 3 5 1 5 3
> GRENADE 4 5 1 5 3
> BAT1 7 3 13 8 6 13 8 3 7 5 13 5 9 13 6 3
> BAT2 4 1 6 1 13 4 13 6 1 8 1 10 8 13 10 13 1 7 13 7
> BAT3 7 1 8 11 7 13
< RES 1637102630 97 2
< MOVE R R
> REQ 1637102630 98 2
> VAMPIRE 1 5 5 3 0 3 0
> VAMPIRE 2 5 5 3 0 3 0
> VAMPIRE 3 5 5 3 0 3 0
> VAMPIRE 4 5 5 3 0 3 0
> GRENADE 1 3 3 4 3
> GRENADE 2 5 1 4 3
> GRENADE 3 5 1 4 3
> GRENADE 4 5 1 4 3
> BAT1 7 3 13 8 6 13 8 3 7 5 13 5 9 13 6 3
> BAT2 4 1 6 1 13 4 13 6 1 8 1 10 8 13 10 13 1 7 13 7
> BAT3 7 1 8 11 7 13
< RES 1637102630 98 2
< MOVE R R
> REQ 1637102630 99 2
> VAMPIRE 1 5 7 3 0 3 0
> VAMPIRE 2 5 7 3 0 3 0
> VAMPIRE 3 5 7 3 0 3 0
> VAMPIRE 4 5 7 3 0 3 0
> GRENADE 1 3 3 3 3
> GRENADE 2 5 1 3 3
> GRENADE 3 5 1 3 3
> GRENADE 4 5 1 3 3
> BAT1 7 3 13 8 6 13 8 3 7 5 13 5 9 13 6 3
> BAT2 4 1 6 1 13 4 13 6 1 8 1 10 8 13 10 13 1 7 13 7
> BAT3 7 1 8 11 7 13
< RES 1637102630 99 2
< MOVE D D
> REQ 1637102630 100 2
> VAMPIRE 1 7 7 3 0 3 0
> VAMPIRE 2 7 7 3 0 3 0
> VAMPIRE 3 7 7 3 0 3 0
> VAMPIRE 4 7 7 3 0 3 0
> GRENADE 1 3 3 2 3
> GRENADE 2 5 1 2 3
> GRENADE 3 5 1 2 3
> GRENADE 4 5 1 2 3
> BAT1 7 3 13 8 6 13 8 3 7 5 13 5 9 13 6 3
> BAT2 4 1 6 1 13 4 13 6 1 8 1 10 8 13 10 13 1 7 13 7
> BAT3 7 1 8 11 7 13
< RES 1637102630 100 2
< MOVE R R
> REQ 1637102630 101 2
> VAMPIRE 1 7 9 3 0 3 0
> VAMPIRE 2 7 9 3 0 3 0
> VAMPIRE 3 7 9 3 0 3 0
> VAMPIRE 4 7 9 3 0 3 0
> GRENADE 1 3 3 1 3
> GRENADE 2 5 1 1 3
> GRENADE 3 5 1 1 3
> GRENADE 4 5 1 1 3
> BAT1 7 3 13 8 6 13 8 3 7 5 13 5 9 13 6 3
> BAT2 4 1 6 1 13 4 13 6 1 8 1 10 8 13 10 13 1 7 13 7
> BAT3 7 1 8 11 7 13
< RES 1637102630 101 2
< MOVE R R
> REQ 1637102630 102 2
> VAMPIRE 1 7 11 3 1 3 0
> VAMPIRE 2 7 11 3 1 3 0
> VAMPIRE 3 7 11 3 1 3 0
> VAMPIRE 4 7 11 3 1 3 0
> BAT1 7 3 13 8 6 13 4 1 6 1 8 3 7 5 13 5 9 13
> BAT2 13 4 13 6 1 8 1 10 8 13 10 13 1 7 13 7
> BAT3 7 1 8 11 7 13
< RES 1637102630 102 2
< GRENADE
< MOVE L L
> REQ 1637102630 103 2
> VAMPIRE 1 7 9 3 0 3 0
> VAMPIRE 2 7 9 3 0 3 0
> VAMPIRE 3 7 9 3 0 3 0
> VAMPIRE 4 7 9 3 0 3 0
> GRENADE 1 7 11 5 3
> GRENADE 2 7 11 5 3
> GRENADE 3 7 11 5 3
> GRENADE 4 7 11 5 3
> BAT1 7 3 13 8 6 13 4 1 6 1 8 3 7 5 13 5 9 13
> BAT2 13 4 13 6 1 8 1 10 8 13 10 13 1 7 13 7
> BAT3 7 1 8 11 7 13
< RES 1637102630 103 2
< MOVE L L
> REQ 1637102630 104 2
> VAMPIRE 1 7 7 3 0 3 0
> VAMPIRE 2 7 7 3 0 3 0
> VAMPIRE 3 7 7 3 0 3 0
> VAMPIRE 4 7 7 3 0 3 0
> GRENADE 1 7 11 4 3
> GRENADE 2 7 11 4 3
> GRENADE 3 7 11 4 3
> GRENADE 4 7 11 4 3
> BAT1 7 3 13 8 6 13 4 1 6 1 8 3 7 5 13 5 9 13
> BAT2 13 4 13 6 1 8 1 10 8 13 10 13 1 7 13 7
> BAT3 7 1 8 11 7 13
< RES 1637102630 104 2
> REQ 1637102630 105 2
> VAMPIRE 1 7 7 3 0 3 0
> VAMPIRE 2 7 7 3 0 3 0
> VAMPIRE 3 7 7 3 0 3 0
> VAMPIRE 4 7 7 3 0 3 0
> GRENADE 1 7 11 3 3
> GRENADE 2 7 11 3 3
> GRENADE 3 7 11 3 3
> GRENADE 4 7 11 3 3
> BAT1 7 3 13 8 6 13 4 1 6 1 8 3 7 5 13 5 9 13
> BAT2 13 4 13 6 1 8 1 10 8 13 10 13 1 7 13 7
> BAT3 7 1 8 11 7 13
< RES 1637102630 105 2
< MOVE D D
> REQ 1637102630 106 2
> VAMPIRE 1 9 7 3 0 3 0
> VAMPIRE 2 9 7 3 0 3 0
> VAMPIRE 3 9 7 3 0 3 0
> VAMPIRE 4 9 7 3 0 3 0
> GRENADE 1 7 11 2 3
> GRENADE 2 7 11 2 3
> GRENADE 3 7 11 2 3
> GRENADE 4 7 11 2 3
> BAT1 7 3 13 8 6 13 4 1 6 1 8 3 7 5 13 5 9 13
> BAT2 13 4 13 6 1 8 1 10 8 13 10 13 1 7 13 7
> BAT3 7 1 8 11 7 13
< RES 1637102630 106 2
< MOVE L L
> REQ 1637102630 107 2
> VAMPIRE 1 9 5 3 0 3 0
> VAMPIRE 2 9 5 3 0 3 0
> VAMPIRE 3 9 5 3 0 3 0
> VAMPIRE 4 9 5 3 0 3 0
> GRENADE 1 7 11 1 3
> GRENADE 2 7 11 1 3
> GRENADE 3 7 11 1 3
> GRENADE 4 7 11 1 3
> BAT1 7 3 13 8 6 13 4 1 6 1 8 3 7 5 13 5 9 13
> BAT2 13 4 13 6 1 8 1 10 8 13 10 13 1 7 13 7
> BAT3 7 1 8 11 7 13
< RES 1637102630 107 2
< MOVE D
> REQ 1637102630 108 2
> VAMPIRE 1 10 5 3 1 3 0
> VAMPIRE 2 10 5 3 1 3 0
> VAMPIRE 3 10 5 3 1 3 0
> VAMPIRE 4 10 5 3 1 3 0
> BAT1 7 3 13 8 6 13 4 1 6 1 8 3 7 5 13 5 9 13
> BAT2 13 4 13 6 1 8 1 10 8 13 10 13 1 7 13 7 8 11 7 13
> BAT3 7 1
< RES 1637102630 108 2
< GRENADE
< MOVE D R
> REQ 1637102630 109 2
> VAMPIRE 1 11 6 3 0 3 0
> VAMPIRE 2 11 6 3 0 3 0
> VAMPIRE 3 11 6 3 0 3 0
> VAMPIRE 4 11 6 3 0 3 0
> GRENADE 1 10 5 5 3
> GRENADE 2 10 5 5 3
> GRENADE 3 10 5 5 3
> GRENADE 4 10 5 5 3
> BAT1 7 3 13 8 6 13 4 1 6 1 8 3 7 5 13 5 9 13
> BAT2 13 4 13 6 1 8 1 10 8 13 10 13 1 7 13 7 8 11 7 13
> BAT3 7 1
< RES 1637102630 109 2
< MOVE R
> REQ 1637102630 110 2
> VAMPIRE 1 11 7 3 0 3 0
> VAMPIRE 2 11 7 3 0 3 0
> VAMPIRE 3 11 7 3 0 3 0
> VAMPIRE 4 11 7 3 0 3 0
> GRENADE 1 10 5 4 3
> GRENADE 2 10 5 4 3
> GRENADE 3 10 5 4 3
> GRENADE 4 10 5 4 3
> BAT1 7 3 13 8 6 13 4 1 6 1 8 3 7 5 13 5 9 13
> BAT2 13 4 13 6 1 8 1 10 8 13 10 13 1 7 13 7 8 11 7 13
> BAT3 7 1
< RES 1637102630 110 2
> REQ 1637102630 111 2
> VAMPIRE 1 11 7 3 0 3 0
> VAMPIRE 2 11 7 3 0 3 0
> VAMPIRE 3 11 7 3 0 3 0
> VAMPIRE 4 11 7 3 0 3 0
> GRENADE 1 10 5 3 3
> GRENADE 2 10 5 3 3
> GRENADE 3 10 5 3 3
> GRENADE 4 10 5 3 3
> POWERUP GRENADE -8 8 7
> POWERUP GRENADE -8 6 7
> BAT1 7 3 13 8 6 13 4 1 6 1 8 3 7 5 13 5 9 13
> BAT2 13 4 13 6 1 8 1 10 8 13 10 13 1 7 13 7 8 11 7 13
> BAT3 7 1
< RES 1637102630 111 2
< MOVE U U
> REQ 1637102630 112 2
> VAMPIRE 1 9 7 3 0 3 0
> VAMPIRE 2 9 7 3 0 3 0
> VAMPIRE 3 9 7 3 0 3 0
> VAMPIRE 4 9 7 3 0 3 0
> GRENADE 1 10 5 2 3
> GRENADE 2 10 5 2 3
> GRENADE 3 10 5 2 3
> GRENADE 4 10 5 2 3
> POWERUP GRENADE -7 8 7
> POWERUP GRENADE -7 6 7
> BAT1 7 3 13 8 6 13 4 1 6 1 8 3 7 5 13 5 9 13
> BAT2 13 4 13 6 1 8 1 10 8 13 10 13 1 7 13 7 8 11 7 13
> BAT3 7 1
< RES 1637102630 112 2
< MOVE U
> REQ 1637102630 113 2
> VAMPIRE 1 8 7 3 0 3 0
> VAMPIRE 2 8 7 3 0 3 0
> VAMPIRE 3 8 7 3 0 3 0
> VAMPIRE 4 8 7 3 0 3 0
> GRENADE 1 10 5 1 3
> GRENADE 2 10 5 1 3
> GRENADE 3 10 5 1 3
> GRENADE 4 10 5 1 3
> POWERUP GRENADE -6 8 7
> POWERUP GRENADE -6 6 7
> BAT1 7 3 13 8 6 13 4 1 6 1 8 3 7 5 13 5 9 13
> BAT2 13 4 13 6 1 8 1 10 8 13 10 13 1 7 13 7 8 11 7 13
> BAT3 7 1
< RES 1637102630 113 2
< MOVE U L
> REQ 1637102630 114 2
> VAMPIRE 1 7 6 3 1 3 0
> VAMPIRE 2 7 6 3 1 3 0
> VAMPIRE 3 7 6 3 1 3 0
> VAMPIRE 4 7 6 3 1 3 0
> POWERUP GRENADE -5 8 7
> POWERUP GRENADE -5 6 7
> BAT1 7 3 13 8 6 13 4 1 6 1 8 3 9 13
> BAT2 13 4 13 6 1 8 1 10 8 13 10 13 1 7 13 7 8 11 7 13
> BAT3 7 1
< RES 1637102630 114 2
< GRENADE
< MOVE R D
> REQ 1637102630 115 2
> VAMPIRE 1 8 7 3 0 3 0
> VAMPIRE 2 8 7 3 0 3 0
> VAMPIRE 3 8 7 3 0 3 0
> VAMPIRE 4 8 7 3 0 3 0
> GRENADE 1 7 6 5 3
> GRENADE 2 7 6 5 3
> GRENADE 3 7 6 5 3
> GRENADE 4 7 6 5 3
> POWERUP GRENADE -4 8 7
> POWERUP GRENADE -4 6 7
> BAT1 7 3 13 8 6 13 4 1 6 1 8 3 9 13
> BAT2 13 4 13 6 1 8 1 10 8 13 10 13 1 7 13 7 8 11 7 13
> BAT3 7 1
< RES 1637102630 115 2
> REQ 1637102630 116 2
> VAMPIRE 1 8 7 3 0 3 0
> VAMPIRE 2 8 7 3 0 3 0
> VAMPIRE 3 8 7 3 0 3 0
> VAMPIRE 4 8 7 3 0 3 0
> GRENADE 1 7 6 4 3
> GRENADE 2 7 6 4 3
> GRENADE 3 7 6 4 3
> GRENADE 4 7 6 4 3
> POWERUP GRENADE -3 8 7
> POWERUP GRENADE -3 6 7
> BAT1 7 3 13 8 6 13 4 1 6 1 8 3 9 13
> BAT2 13 4 13 6 1 8 1 10 8 13 10 13 1 7 13 7 8 11 7 13
> BAT3 7 1
< RES 1637102630 116 2
> REQ 1637102630 117 2
> VAMPIRE 1 8 7 3 0 3 0
> VAMPIRE 2 8 7 3 0 3 0
> VAMPIRE 3 8 7 3 0 3 0
> VAMPIRE 4 8 7 3 0 3 0
> GRENADE 1 7 6 3 3
> GRENADE 2 7 6 3 3
> GRENADE 3 7 6 3 3
> GRENADE 4 7 6 3 3
> POWERUP GRENADE -2 8 7
> POWERUP GRENADE -2 6 7
> BAT1 7 3 13 8 6 13 4 1 6 1 8 3 9 13
> BAT2 13 4 13 6 1 8 1 10 8 13 10 13 1 7 13 7 8 11 7 13
> BAT3 7 1
< RES 1637102630 117 2
> REQ 1637102630 118 2
> VAMPIRE 1 8 7 3 0 3 0
> VAMPIRE 2 8 7 3 0 3 0
> VAMPIRE 3 8 7 3 0 3 0
> VAMPIRE 4 8 7 3 0 3 0
> GRENADE 1 7 6 2 3
> GRENADE 2 7 6 2 3
> GRENADE 3 7 6 2 3
> GRENADE 4 7 6 2 3
> POWERUP GRENADE -1 8 7
> POWERUP GRENADE -1 6 7
> BAT1 7 3 13 8 6 13 4 1 6 1 8 3 9 13
> BAT2 13 4 13 6 1 8 1 10 8 13 10 13 1 7 13 7 8 11 7 13
> BAT3 7 1
< RES 1637102630 118 2
> REQ 1637102630 119 2
> VAMPIRE 1 8 7 3 1 3 0
> VAMPIRE 2 8 7 3 1 3 0
> VAMPIRE 3 8 7 3 1 3 0
> VAMPIRE 4 8 7 3 1 3 0
> GRENADE 1 7 6 1 3
> GRENADE 2 7 6 1 3
> GRENADE 3 7 6 1 3
> GRENADE 4 7 6 1 3
> POWERUP GRENADE 13 6 7
> BAT1 7 3 13 8 6 13 4 1 6 1 8 3 9 13
> BAT2 13 4 13 6 1 8 1 10 8 13 10 13 1 7 13 7 8 11 7 13
> BAT3 7 1
< RES 1637102630 119 2
< MOVE U U
> REQ 1637102630 120 2
> VAMPIRE 1 6 7 3 2 3 0
> VAMPIRE 2 6 7 3 2 3 0
> VAMPIRE 3 6 7 3 2 3 0
> VAMPIRE 4 6 7 3 2 3 0
> POWERUP GRENADE 12 6 7
> BAT1 13 8 6 13 4 1 6 1 8 3 9 13
> BAT2 13 4 13 6 1 8 1 10 8 13 10 13 1 7 13 7 8 11 7 13
> BAT3 7 1
< RES 1637102630 120 2
< MOVE U U
> REQ 1637102630 121 2
> VAMPIRE 1 4 7 3 3 3 0
> VAMPIRE 2 4 7 3 3 3 0
> VAMPIRE 3 4 7 3 3 3 0
> VAMPIRE 4 4 7 3 3 3 0
> BAT1 13 8 6 13 4 1 6 1 8 3 9 13
> BAT2 13 4 13 6 1 8 1 10 8 13 10 13 1 7 13 7 8 11 7 13
> BAT3 7 1
< RES 1637102630 121 2
< GRENADE
< MOVE U R
> REQ 1637102630 122 2
> VAMPIRE 1 3 8 3 2 3 0
> VAMPIRE 2 3 8 3 2 3 0
> VAMPIRE 3 3 8 3 2 3 0
> VAMPIRE 4 3 8 3 2 3 0
> GRENADE 1 4 7 5 3
> GRENADE 2 4 7 5 3
> GRENADE 3 4 7 5 3
> GRENADE 4 4 7 5 3
> BAT1 13 8 6 13 4 1 6 1 8 3 9 13
> BAT2 13 4 13 6 1 8 1 10 8 13 10 13 1 7 13 7 8 11 7 13
> BAT3 7 1
< RES 1637102630 122 2
< MOVE R U
> REQ 1637102630 123 2
> VAMPIRE 1 2 9 3 2 3 0
> VAMPIRE 2 2 9 3 2 3 0
> VAMPIRE 3 2 9 3 2 3 0
> VAMPIRE 4 2 9 3 2 3 0
> GRENADE 1 4 7 4 3
> GRENADE 2 4 7 4 3
> GRENADE 3 4 7 4 3
> GRENADE 4 4 7 4 3
> BAT1 13 8 6 13 4 1 6 1 8 3 9 13
> BAT2 13 4 13 6 1 8 1 10 8 13 10 13 1 7 13 7 8 11 7 13
> BAT3 7 1
< RES 1637102630 123 2
< MOVE D L
> REQ 1637102630 124 2
> VAMPIRE 1 3 8 3 2 3 0
> VAMPIRE 2 3 8 3 2 3 0
> VAMPIRE 3 3 8 3 2 3 0
> VAMPIRE 4 1 9 3 2 3 0
> GRENADE 1 4 7 3 3
> GRENADE 2 4 7 3 3
> GRENADE 3 4 7 3 3
> GRENADE 4 4 7 3 3
> BAT1 13 8 6 13 4 1 6 1 8 3 9 13
> BAT2 13 4 13 6 1 8 1 10 8 13 10 13 1 7 13 7 8 11 7 13
> BAT3 7 1
< RES 1637102630 124 2
< MOVE R U
> REQ 1637102630 125 2
> VAMPIRE 1 2 9 3 2 3 0
> VAMPIRE 2 2 9 3 2 3 0
> VAMPIRE 3 2 9 3 2 3 0
> VAMPIRE 4 3 9 3 1 3 0
> GRENADE 1 4 7 2 3
> GRENADE 2 4 7 2 3
> GRENADE 3 4 7 2 3
> GRENADE 4 4 7 2 3
> GRENADE 4 1 9 5 3
> BAT1 13 8 6 13 4 1 6 1 8 3 9 13
> BAT2 13 4 13 6 1 8 1 10 8 13 10 13 1 7 13 7 8 11 7 13
> BAT3 7 1
< RES 1637102630 125 2
< GRENADE
< MOVE D L
> REQ 1637102630 126 2
> VAMPIRE 1 2 9 3 1 3 0
> VAMPIRE 2 2 9 3 1 3 0
> VAMPIRE 3 2 9 3 1 3 0
> VAMPIRE 4 3 11 3 0 3 0
> GRENADE 1 4 7 1 3
> GRENADE 2 4 7 1 3
> GRENADE 3 4 7 1 3
> GRENADE 4 4 7 1 3
> GRENADE 4 1 9 4 3
> GRENADE 1 2 9 5 3
> GRENADE 2 2 9 5 3
> GRENADE 3 2 9 5 3
> GRENADE 4 3 9 5 3
> BAT1 13 8 6 13 4 1 6 1 8 3 9 13
> BAT2 13 4 13 6 1 8 1 10 8 13 10 13 1 7 13 7 8 11 7 13
> BAT3 7 1
< RES 1637102630 126 2
> REQ 1637102630 127 2
> VAMPIRE 1 2 9 3 2 3 0
> VAMPIRE 2 2 9 3 2 3 0
> VAMPIRE 3 2 9 3 2 3 0
> VAMPIRE 4 5 11 3 1 3 0
> GRENADE 4 1 9 3 3
> GRENADE 1 2 9 4 3
> GRENADE 2 2 9 4 3
> GRENADE 3 2 9 4 3
> GRENADE 4 3 9 4 3
> BAT1 13 8 6 13 4 1 6 1 8 3 9 13 1 7
> BAT2 13 4 13 6 1 8 1 10 8 13 10 13 13 7 8 11 7 13
> BAT3 7 1
< RES 1637102630 127 2
> REQ 1637102630 128 2
> VAMPIRE 1 2 9 3 2 3 0
> VAMPIRE 2 2 9 3 2 3 0
> VAMPIRE 3 2 9 3 2 3 0
> VAMPIRE 4 7 11 3 1 3 0
> GRENADE 4 1 9 2 3
> GRENADE 1 2 9 3 3
> GRENADE 2 2 9 3 3
> GRENADE 3 2 9 3 3
> GRENADE 4 3 9 3 3
> BAT1 13 8 6 13 4 1 6 1 8 3 9 13 1 7
> BAT2 13 4 13 6 1 8 1 10 8 13 10 13 13 7 8 11 7 13
> BAT3 7 1
< RES 1637102630 128 2
< GRENADE
> REQ 1637102630 129 2
> VAMPIRE 1 2 9 3 1 3 0
> VAMPIRE 2 2 9 3 1 3 0
> VAMPIRE 3 2 9 3 1 3 0
> VAMPIRE 4 7 9 3 0 3 0
> GRENADE 4 1 9 1 3
> GRENADE 1 2 9 2 3
> GRENADE 2 2 9 2 3
> GRENADE 3 2 9 2 3
> GRENADE 4 3 9 2 3
> GRENADE 1 2 9 5 3
> GRENADE 2 2 9 5 3
> GRENADE 3 2 9 5 3
> GRENADE 4 7 11 5 3
> BAT1 13 8 6 13 4 1 6 1 8 3 9 13 1 7
> BAT2 13 4 13 6 1 8 1 10 8 13 10 13 13 7 8 11 7 13
> BAT3 7 1
< RES 1637102630 129 2
> REQ 1637102630 130 2
> VAMPIRE 1 2 9 2 3 3 0
> VAMPIRE 2 2 9 2 3 3 0
> VAMPIRE 3 2 9 2 3 3 0
> VAMPIRE 4 9 9 3 2 3 0
> GRENADE 4 7 11 4 3
> BAT1 13 8 6 13 4 1 6 1 8 3 1 8 1 10 9 13 1 7
> BAT2 13 4 13 6 8 13 10 13 13 7 8 11 7 13
> BAT3 7 1
< RES 1637102630 130 2
< MOVE D L
> REQ 1637102630 131 2
> VAMPIRE 1 3 8 2 3 3 0
> VAMPIRE 2 3 8 2 3 3 0
> VAMPIRE 3 2 9 2 3 3 0
> VAMPIRE 4 9 11 3 2 3 0
> GRENADE 4 7 11 3 3
> BAT1 13 8 6 13 4 1 6 1 8 3 1 8 1 10 9 13 1 7
> BAT2 13 4 13 6 8 13 10 13 13 7 8 11 7 13
> BAT3 7 1
< RES 1637102630 131 2
< MOVE L
> REQ 1637102630 132 2
> VAMPIRE 1 3 7 2 3 3 0
> VAMPIRE 2 3 7 2 3 3 0
> VAMPIRE 3 1 9 2 3 3 0
> VAMPIRE 4 11 11 3 1 3 0
> GRENADE 4 7 11 2 3
> GRENADE 4 9 11 5 3
> BAT1 13 8 6 13 4 1 6 1 8 3 1 8 1 10 9 13 1 7
> BAT2 13 4 13 6 8 13 10 13 13 7 8 11 7 13
> BAT3 7 1
< RES 1637102630 132 2
< GRENADE
< MOVE R R
> REQ 1637102630 133 2
> VAMPIRE 1 3 9 2 2 3 0
> VAMPIRE 2 3 9 2 2 3 0
> VAMPIRE 3 3 9 2 2 3 0
> VAMPIRE 4 13 11 3 1 3 0
> GRENADE 4 7 11 1 3
> GRENADE 4 9 11 4 3
> GRENADE 1 3 7 5 3
> GRENADE 2 3 7 5 3
> GRENADE 3 1 9 5 3
> BAT1 13 8 6 13 4 1 6 1 8 3 1 8 1 10 9 13 1 7
> BAT2 13 4 13 6 8 13 10 13 13 7 8 11 7 13
> BAT3 7 1
< RES 1637102630 133 2
< GRENADE
< MOVE R R
> REQ 1637102630 134 2
> VAMPIRE 1 3 11 2 1 3 0
> VAMPIRE 2 3 11 2 1 3 0
> VAMPIRE 3 3 11 2 1 3 0
> VAMPIRE 4 13 13 3 1 3 0
> GRENADE 4 9 11 3 3
> GRENADE 1 3 7 4 3
> GRENADE 2 3 7 4 3
> GRENADE 3 1 9 4 3
> GRENADE 1 3 9 5 3
> GRENADE 2 3 9 5 3
> GRENADE 3 3 9 5 3
> GRENADE 4 13 11 5 3
> BAT1 13 8 6 13 4 1 6 1 8 3 1 8 1 10 9 13 1 7 8 11 7 13
> BAT2 13 4 13 6 8 13 10 13 13 7
> BAT3 7 1
< RES 1637102630 134 2
< MOVE R R
> REQ 1637102630 135 2
> VAMPIRE 1 3 13 2 1 3 0
> VAMPIRE 2 3 13 2 1 3 0
> VAMPIRE 3 3 13 2 1 3 0
> VAMPIRE 4 11 13 3 0 3 0
> GRENADE 4 9 11 2 3
> GRENADE 1 3 7 3 3
> GRENADE 2 3 7 3 3
> GRENADE 3 1 9 3 3
> GRENADE 1 3 9 4 3
> GRENADE 2 3 9 4 3
> GRENADE 3 3 9 4 3
> GRENADE 4 13 11 4 3
> GRENADE 4 13 13 5 3
> POWERUP BATTERY -7 1 11
> POWERUP BATTERY -7 13 3
> BAT1 13 8 6 13 4 1 6 1 8 3 1 8 1 10 9 13 1 7 8 11 7 13
> BAT2 13 4 13 6 8 13 10 13 13 7
> BAT3 7 1
< RES 1637102630 135 2
< GRENADE
< MOVE U U
> REQ 1637102630 136 2
> VAMPIRE 1 1 13 2 0 3 0
> VAMPIRE 2 1 13 2 0 3 0
> VAMPIRE 3 1 13 2 0 3 0
> VAMPIRE 4 11 12 3 0 3 0
> GRENADE 4 9 11 1 3
> GRENADE 1 3 7 2 3
> GRENADE 2 3 7 2 3
> GRENADE 3 1 9 2 3
> GRENADE 1 3 9 3 3
> GRENADE 2 3 9 3 3
> GRENADE 3 3 9 3 3
> GRENADE 4 13 11 3 3
> GRENADE 4 13 13 4 3
> GRENADE 1 3 13 5 3
> GRENADE 2 3 13 5 3
> GRENADE 3 3 13 5 3
> POWERUP BATTERY -6 1 11
> POWERUP BATTERY -6 13 3
> BAT1 13 8 6 13 4 1 6 1 8 3 1 8 1 10 9 13 1 7 8 11 7 13
> BAT2 13 4 13 6 8 13 10 13 13 7
> BAT3 7 1
< RES 1637102630 136 2
< MOVE L L
> REQ 1637102630 137 2
> VAMPIRE 1 1 11 2 0 3 0
> VAMPIRE 2 1 11 2 0 3 0
> VAMPIRE 3 1 11 2 0 3 0
> VAMPIRE 4 11 10 3 1 3 0
> GRENADE 1 3 7 1 3
> GRENADE 2 3 7 1 3
> GRENADE 3 1 9 1 3
> GRENADE 1 3 9 2 3
> GRENADE 2 3 9 2 3
> GRENADE 3 3 9 2 3
> GRENADE 4 13 11 2 3
> GRENADE 4 13 13 3 3
> GRENADE 1 3 13 4 3
> GRENADE 2 3 13 4 3
> GRENADE 3 3 13 4 3
> POWERUP BATTERY -5 1 11
> POWERUP BATTERY -5 13 3
> BAT1 13 8 6 13 4 1 6 1 8 3 1 8 1 10 1 7 7 13
> BAT2 13 4 13 6 8 13 10 13 13 7
> BAT3 7 1
< RES 1637102630 137 2
> REQ 1637102630 138 2
> VAMPIRE 1 1 11 2 2 3 0
> VAMPIRE 2 1 11 2 2 3 0
> VAMPIRE 3 1 11 2 2 3 0
> VAMPIRE 4 11 8 3 1 3 0
> GRENADE 4 13 11 1 3
> GRENADE 4 13 13 2 3
> GRENADE 1 3 13 3 3
> GRENADE 2 3 13 3 3
> GRENADE 3 3 13 3 3
> POWERUP BATTERY -4 1 11
> POWERUP BATTERY -4 13 3
> BAT1 13 8 6 13 4 1 6 1 8 3 7 13
> BAT2 13 4 13 6 8 13 10 13 13 7
> BAT3 7 1
< RES 1637102630 138 2
> REQ 1637102630 139 2
> VAMPIRE 1 1 11 2 2 3 0
> VAMPIRE 2 1 11 2 2 3 0
> VAMPIRE 3 1 11 2 2 3 0
> VAMPIRE 4 11 7 3 3 3 0
> GRENADE 1 3 13 2 3
> GRENADE 2 3 13 2 3
> GRENADE 3 3 13 2 3
> POWERUP BATTERY -3 1 11
> POWERUP BATTERY -3 13 3
> BAT1 6 13 4 1 6 1 8 3 10 13 7 13
> BAT2 13 4 13 6 8 13 13 7
> BAT3 7 1
< RES 1637102630 139 2
> REQ 1637102630 140 2
> VAMPIRE 1 1 11 2 2 3 0
> VAMPIRE 2 1 11 2 2 3 0
> VAMPIRE 3 1 11 2 2 3 0
> VAMPIRE 4 11 5 3 2 3 0
> GRENADE 1 3 13 1 3
> GRENADE 2 3 13 1 3
> GRENADE 3 3 13 1 3
> GRENADE 4 11 7 5 3
> POWERUP BATTERY -2 1 11
> POWERUP BATTERY -2 13 3
> BAT1 6 13 4 1 6 1 8 3 10 13 7 13
> BAT2 13 4 13 6 8 13 13 7
> BAT3 7 1
< RES 1637102630 140 2
> REQ 1637102630 141 2
> VAMPIRE 1 1 11 2 3 3 0
> VAMPIRE 2 1 11 2 3 3 0
> VAMPIRE 3 1 11 2 3 3 0
> VAMPIRE 4 11 3 3 2 3 0
> GRENADE 4 11 7 4 3
> POWERUP BATTERY -1 1 11
> POWERUP BATTERY -1 13 3
> BAT1 4 1 6 1 8 3 10 13 7 13
> BAT2 13 4 13 6 8 13 13 7
> BAT3 7 1
< RES 1637102630 141 2
< MOVE D D
> REQ 1637102630 142 2
> VAMPIRE 1 3 11 2 3 4 0
> VAMPIRE 2 3 11 2 3 4 0
> VAMPIRE 3 3 11 2 3 4 0
> VAMPIRE 4 13 3 3 1 3 0
> GRENADE 4 11 7 3 3
> GRENADE 4 11 3 5 3
> POWERUP BATTERY 15 13 3
> BAT1 4 1 6 1 8 3 10 13 7 13
> BAT2 13 4 13 6 8 13 13 7
> BAT3 7 1
< RES 1637102630 142 2
< MOVE R R
> REQ 1637102630 143 2
> VAMPIRE 1 3 13 2 3 4 0
> VAMPIRE 2 3 13 2 3 4 0
> VAMPIRE 3 3 13 2 3 4 0
> VAMPIRE 4 13 1 3 0 4 0
> GRENADE 4 11 7 2 3
> GRENADE 4 11 3 4 3
> GRENADE 4 13 3 5 4
> BAT1 4 1 6 1 8 3 10 13 7 13
> BAT2 13 4 13 6 8 13 13 7
> BAT3 7 1
< RES 1637102630 143 2
< GRENADE
< MOVE L L
> REQ 1637102630 144 2
> VAMPIRE 1 3 11 2 2 4 0
> VAMPIRE 2 3 11 2 2 4 0
> VAMPIRE 3 3 11 2 2 4 0
> VAMPIRE 4 11 1 3 0 4 0
> GRENADE 4 11 7 1 3
> GRENADE 4 11 3 3 3
> GRENADE 4 13 3 4 4
> GRENADE 1 3 13 5 4
> GRENADE 2 3 13 5 4
> GRENADE 3 3 13 5 4
> BAT1 4 1 6 1 8 3 10 13 7 13
> BAT2 13 4 13 6 8 13 13 7
> BAT3 7 1
< RES 1637102630 144 2
< MOVE D D
> REQ 1637102630 145 2
> VAMPIRE 1 5 11 2 2 4 0
> VAMPIRE 2 5 11 2 2 4 0
> VAMPIRE 3 5 11 2 2 4 0
> VAMPIRE 4 10 1 3 1 4 0
> GRENADE 4 11 3 2 3
> GRENADE 4 13 3 3 4
> GRENADE 1 3 13 4 4
> GRENADE 2 3 13 4 4
> GRENADE 3 3 13 4 4
> BAT1 4 1 6 1 8 3 10 13 13 7 7 13
> BAT2 13 4 13 6 8 13
> BAT3 7 1
< RES 1637102630 145 2
< MOVE D D
> REQ 1637102630 146 2
> VAMPIRE 1 7 11 2 2 4 0
> VAMPIRE 2 7 11 2 2 4 0
> VAMPIRE 3 7 11 2 2 4 0
> VAMPIRE 4 9 2 3 0 4 0
> GRENADE 4 11 3 1 3
> GRENADE 4 13 3 2 4
> GRENADE 1 3 13 3 4
> GRENADE 2 3 13 3 4
> GRENADE 3 3 13 3 4
> GRENADE 4 10 1 5 4
> BAT1 4 1 6 1 8 3 10 13 13 7 7 13
> BAT2 13 4 13 6 8 13
> BAT3 7 1
< RES 1637102630 146 2
< MOVE D
> REQ 1637102630 147 2
> VAMPIRE 1 8 11 2 2 4 0
> VAMPIRE 2 8 11 2 2 4 0
> VAMPIRE 3 8 11 2 2 4 0
> VAMPIRE 4 9 2 3 2 4 0
> GRENADE 1 3 13 2 4
> GRENADE 2 3 13 2 4
> GRENADE 3 3 13 2 4
> GRENADE 4 10 1 4 4
> BAT1 4 1 6 1 13 4 10 13 13 7 7 13
> BAT2 13 6 8 13
> BAT3 7 1
< RES 1637102630 147 2
< MOVE D R
> REQ 1637102630 148 2
> VAMPIRE 1 9 12 2 2 4 0
> VAMPIRE 2 9 12 2 2 4 0
> VAMPIRE 3 9 12 2 2 4 0
> VAMPIRE 4 8 3 3 2 4 0
> GRENADE 1 3 13 1 4
> GRENADE 2 3 13 1 4
> GRENADE 3 3 13 1 4
> GRENADE 4 10 1 3 4
> BAT1 4 1 6 1 13 4 10 13 13 7 7 13
> BAT2 13 6 8 13
> BAT3 7 1
< RES 1637102630 148 2
< MOVE L U
> REQ 1637102630 149 2
> VAMPIRE 1 8 11 2 3 4 0
> VAMPIRE 2 8 11 2 3 4 0
> VAMPIRE 3 9 13 2 3 4 0
> VAMPIRE 4 7 3 3 2 4 0
> GRENADE 4 10 1 2 4
> BAT1 4 1 6 1 13 4 10 13 13 7
> BAT2 13 6 8 13
> BAT3 7 1
< RES 1637102630 149 2
< MOVE D R
> REQ 1637102630 150 2
> VAMPIRE 1 9 12 2 3 4 0
> VAMPIRE 2 9 12 2 3 4 0
> VAMPIRE 3 9 11 2 2 4 0
> VAMPIRE 4 5 3 3 1 4 0
> GRENADE 4 10 1 1 4
> GRENADE 3 9 13 5 4
> GRENADE 4 7 3 5 4
> BAT1 4 1 6 1 13 4 10 13 13 7
> BAT2 13 6 8 13
> BAT3 7 1
< RES 1637102630 150 2
< GRENADE
< MOVE L U
> REQ 1637102630 151 2
> VAMPIRE 1 9 12 2 2 4 0
> VAMPIRE 2 9 12 2 2 4 0
> VAMPIRE 3 7 11 2 1 4 0
> VAMPIRE 4 5 1 3 2 4 0
> GRENADE 3 9 13 4 4
> GRENADE 4 7 3 4 4
> GRENADE 1 9 12 5 4
> GRENADE 2 9 12 5 4
> GRENADE 3 9 11 5 4
> BAT1 4 1 6 1 13 4 10 13 13 7
> BAT2 13 6 8 13 7 1
< RES 1637102630 151 2
> REQ 1637102630 152 2
> VAMPIRE 1 9 12 2 2 4 0
> VAMPIRE 2 9 12 2 2 4 0
> VAMPIRE 3 7 13 2 1 4 0
> VAMPIRE 4 5 3 3 1 4 0
> GRENADE 3 9 13 3 4
> GRENADE 4 7 3 3 4
> GRENADE 1 9 12 4 4
> GRENADE 2 9 12 4 4
> GRENADE 3 9 11 4 4
> GRENADE 4 5 1 5 4
> BAT1 4 1 6 1 13 4 10 13 13 7
> BAT2 13 6 8 13 7 1
< RES 1637102630 152 2
> REQ 1637102630 153 2
> VAMPIRE 1 9 12 2 2 4 0
> VAMPIRE 2 9 12 2 2 4 0
> VAMPIRE 3 7 11 2 0 4 0
> VAMPIRE 4 3 3 3 1 4 0
> GRENADE 3 9 13 2 4
> GRENADE 4 7 3 2 4
> GRENADE 1 9 12 3 4
> GRENADE 2 9 12 3 4
> GRENADE 3 9 11 3 4
> GRENADE 4 5 1 4 4
> GRENADE 3 7 13 5 4
> BAT1 4 1 6 1 13 4 10 13 13 7
> BAT2 13 6 8 13 7 1
< RES 1637102630 153 2
< GRENADE
> REQ 1637102630 154 2
> VAMPIRE 1 9 12 2 1 4 0
> VAMPIRE 2 9 12 2 1 4 0
> VAMPIRE 3 7 9 2 0 4 0
> VAMPIRE 4 1 3 3 1 4 0
> GRENADE 3 9 13 1 4
> GRENADE 4 7 3 1 4
> GRENADE 1 9 12 2 4
> GRENADE 2 9 12 2 4
> GRENADE 3 9 11 2 4
> GRENADE 4 5 1 3 4
> GRENADE 3 7 13 4 4
> GRENADE 1 9 12 5 4
> GRENADE 2 9 12 5 4
> BAT1 4 1 6 1 13 4 10 13 13 7
> BAT2 13 6 8 13 7 1
< RES 1637102630 154 2
> REQ 1637102630 155 2
> VAMPIRE 1 9 12 1 3 4 0
> VAMPIRE 2 9 12 1 3 4 0
> VAMPIRE 3 9 9 2 2 4 0
> VAMPIRE 4 1 1 3 2 4 0
> GRENADE 4 5 1 2 4
> GRENADE 3 7 13 3 4
> BAT1 4 1 6 1 13 4 8 13 7 1 13 7
> BAT2 13 6
< RES 1637102630 155 2
< MOVE L L
> REQ 1637102630 156 2
> VAMPIRE 1 9 10 1 3 4 0
> VAMPIRE 2 9 10 1 3 4 0
> VAMPIRE 3 9 7 2 2 4 0
> VAMPIRE 4 3 1 3 2 4 0
> GRENADE 4 5 1 1 4
> GRENADE 3 7 13 2 4
> BAT1 4 1 6 1 13 4 8 13 7 1 13 7
> BAT2 13 6
< RES 1637102630 156 2
< MOVE L L
> REQ 1637102630 157 2
> VAMPIRE 1 9 8 1 3 4 0
> VAMPIRE 2 9 8 1 3 4 0
> VAMPIRE 3 9 5 2 1 4 0
> VAMPIRE 4 3 3 3 2 4 0
> GRENADE 3 7 13 1 4
> GRENADE 3 9 7 5 4
> GRENADE 4 3 1 5 4
> BAT1 13 4 8 13 7 1 13 7
> BAT2 13 6
< RES 1637102630 157 2
< GRENADE
< MOVE R D
> REQ 1637102630 158 2
> VAMPIRE 1 10 9 1 2 4 0
> VAMPIRE 2 10 9 1 2 4 0
> VAMPIRE 3 11 5 2 1 4 0
> VAMPIRE 4 5 3 3 2 4 0
> GRENADE 3 9 7 4 4
> GRENADE 4 3 1 4 4
> GRENADE 1 9 8 5 4
> GRENADE 2 9 8 5 4
> GRENADE 3 9 5 5 4
> POWERUP GRENADE -7 1 1
> POWERUP GRENADE -7 13 13
> BAT1 13 4 7 1 13 7
> BAT2 13 6
< RES 1637102630 158 2
< MOVE D R
> REQ 1637102630 159 2
> VAMPIRE 1 11 10 1 2 4 0
> VAMPIRE 2 11 10 1 2 4 0
> VAMPIRE 3 11 7 2 1 4 0
> VAMPIRE 4 3 3 3 2 4 0
> GRENADE 3 9 7 3 4
> GRENADE 4 3 1 3 4
> GRENADE 1 9 8 4 4
> GRENADE 2 9 8 4 4
> GRENADE 3 9 5 4 4
> POWERUP GRENADE -6 1 1
> POWERUP GRENADE -6 13 13
> BAT1 13 4 7 1 13 7
> BAT2 13 6
< RES 1637102630 159 2
< MOVE R R
> REQ 1637102630 160 2
> VAMPIRE 1 11 12 1 2 4 0
> VAMPIRE 2 11 12 1 2 4 0
> VAMPIRE 3 11 9 2 1 4 0
> VAMPIRE 4 1 3 3 2 4 0
> GRENADE 3 9 7 2 4
> GRENADE 4 3 1 2 4
> GRENADE 1 9 8 3 4
> GRENADE 2 9 8 3 4
> GRENADE 3 9 5 3 4
> POWERUP GRENADE -5 1 1
> POWERUP GRENADE -5 13 13
> BAT1 13 4 7 1 13 7
> BAT2 13 6
< RES 1637102630 160 2
< MOVE R D
> REQ 1637102630 161 2
> VAMPIRE 1 12 13 1 2 4 0
> VAMPIRE 2 12 13 1 2 4 0
> VAMPIRE 3 11 11 2 1 4 0
> VAMPIRE 4 1 2 3 2 4 0
> GRENADE 3 9 7 1 4
> GRENADE 4 3 1 1 4
> GRENADE 1 9 8 2 4
> GRENADE 2 9 8 2 4
> GRENADE 3 9 5 2 4
> POWERUP GRENADE -4 1 1
> POWERUP GRENADE -4 13 13
> BAT1 13 4 7 1 13 7
> BAT2 13 6
< RES 1637102630 161 2
< GRENADE
< MOVE D L
> REQ 1637102630 162 2
> VAMPIRE 1 11 13 1 3 4 0
> VAMPIRE 2 13 12 1 2 4 0
> VAMPIRE 3 11 13 2 3 4 0
> VAMPIRE 4 1 1 3 3 4 0
> GRENADE 2 12 13 5 4
> POWERUP GRENADE -3 1 1
> POWERUP GRENADE -3 13 13
> BAT1 13 4
> BAT2 13 6
< RES 1637102630 162 2
< MOVE R
> REQ 1637102630 163 2
> VAMPIRE 1 11 11 1 3 4 0
> VAMPIRE 2 13 13 1 2 4 0
> VAMPIRE 3 11 11 2 3 4 0
> VAMPIRE 4 1 1 3 3 4 0
> GRENADE 2 12 13 4 4
> POWERUP GRENADE -2 1 1
> POWERUP GRENADE -2 13 13
> BAT1 13 4
> BAT2 13 6
< RES 1637102630 163 2
< MOVE L L
> REQ 1637102630 164 2
> VAMPIRE 1 13 11 1 3 4 0
> VAMPIRE 2 13 11 1 2 4 0
> VAMPIRE 3 13 11 2 3 4 0
> VAMPIRE 4 1 1 3 3 4 0
> GRENADE 2 12 13 3 4
> POWERUP GRENADE -1 1 1
> POWERUP GRENADE -1 13 13
> BAT1 13 4
> BAT2 13 6
< RES 1637102630 164 2
< MOVE R R
> REQ 1637102630 165 2
> VAMPIRE 1 13 13 1 3 4 0
> VAMPIRE 2 13 13 1 2 4 0
> VAMPIRE 3 13 13 2 3 4 0
> VAMPIRE 4 3 1 3 4 4 0
> GRENADE 2 12 13 2 4
> POWERUP GRENADE 11 13 13
> BAT1 13 4
> BAT2 13 6
< RES 1637102630 165 2
< GRENADE
> REQ 1637102630 166 2
> VAMPIRE 1 13 13 1 4 4 0
> VAMPIRE 2 13 13 1 2 4 0
> VAMPIRE 3 13 13 2 4 4 0
> VAMPIRE 4 3 3 3 4 4 0
> GRENADE 2 12 13 1 4
> GRENADE 2 13 13 5 4
> BAT1 13 4
> BAT2 13 6
< RES 1637102630 166 2
> END 612 Could_not_be_more_deaded
