> MESSAGE OK
> LEVEL 9
> GAMEID 1637334149
> TEST 1
> MAXTICK 1000
> GRENADERADIUS 2
> SIZE 21
> REQ 1637334149 0 3
> VAMPIRE 1 1 1 3 1 2 0
> VAMPIRE 4 1 19 3 1 2 0
> VAMPIRE 3 19 19 3 1 2 0
> VAMPIRE 2 19 1 3 1 2 0
> BAT1 4 1 6 1 8 1 10 1 12 1 14 1 16 1 1 4 19 4 6 5 8 5 10 5 12 5 14 5 1 6 5 6 15 6 19 6 1 8 5 8 15 8 19 8 10 9 1 10 5 10 9 10 11 10 15 10 19 10 10 11 1 12 5 12 15 12 19 12 1 14 5 14 15 14 19 14 6 15 8 15 10 15 12 15 14 15 1 16 19 16 4 19 6 19 8 19 10 19 12 19 14 19 16 19
> BAT2 4 3 6 3 8 3 10 3 12 3 14 3 16 3 3 4 17 4 3 6 17 6 8 7 10 7 12 7 3 8 7 8 13 8 17 8 3 10 7 10 13 10 17 10 3 12 7 12 13 12 17 12 8 13 10 13 12 13 3 14 17 14 3 16 17 16 4 17 6 17 8 17 10 17 12 17 14 17 16 17
< RES 1637334149 0 3
< MOVE U U
> REQ 1637334149 1 3
> VAMPIRE 1 2 1 3 1 2 0
> VAMPIRE 4 3 19 3 1 2 0
> VAMPIRE 3 17 19 3 1 2 0
> VAMPIRE 2 17 1 3 1 2 0
> BAT1 4 1 6 1 8 1 10 1 12 1 14 1 16 1 1 4 19 4 6 5 8 5 10 5 12 5 14 5 1 6 5 6 15 6 19 6 1 8 5 8 15 8 19 8 10 9 1 10 5 10 9 10 11 10 15 10 19 10 10 11 1 12 5 12 15 12 19 12 1 14 5 14 15 14 19 14 6 15 8 15 10 15 12 15 14 15 1 16 19 16 4 19 6 19 8 19 10 19 12 19 14 19 16 19
> BAT2 4 3 6 3 8 3 10 3 12 3 14 3 16 3 3 4 17 4 3 6 17 6 8 7 10 7 12 7 3 8 7 8 13 8 17 8 3 10 7 10 13 10 17 10 3 12 7 12 13 12 17 12 8 13 10 13 12 13 3 14 17 14 3 16 17 16 4 17 6 17 8 17 10 17 12 17 14 17 16 17
< RES 1637334149 1 3
< MOVE L L
> REQ 1637334149 2 3
> VAMPIRE 1 1 2 3 0 2 0
> VAMPIRE 4 3 17 3 1 2 0
> VAMPIRE 3 17 17 3 1 2 0
> VAMPIRE 2 17 1 3 0 2 0
> GRENADE 1 2 1 5 2
> GRENADE 2 17 1 5 2
> BAT1 4 1 6 1 8 1 10 1 12 1 14 1 16 1 1 4 19 4 6 5 8 5 10 5 12 5 14 5 1 6 5 6 15 6 19 6 1 8 5 8 15 8 19 8 10 9 1 10 5 10 9 10 11 10 15 10 19 10 10 11 1 12 5 12 15 12 19 12 1 14 5 14 15 14 19 14 6 15 8 15 10 15 12 15 14 15 1 16 19 16 4 19 6 19 8 19 10 19 12 19 14 19 16 19
> BAT2 4 3 6 3 8 3 10 3 12 3 14 3 16 3 3 4 17 4 3 6 17 6 8 7 10 7 12 7 3 8 7 8 13 8 17 8 3 10 7 10 13 10 17 10 3 12 7 12 13 12 17 12 8 13 10 13 12 13 3 14 17 14 3 16 17 16 4 17 6 17 8 17 10 17 12 17 14 17 16 17
< RES 1637334149 2 3
< GRENADE
< MOVE D D
> REQ 1637334149 3 3
> VAMPIRE 1 1 1 3 0 2 0
> VAMPIRE 4 3 17 3 0 2 0
> VAMPIRE 3 19 17 3 0 2 0
> VAMPIRE 2 18 1 3 0 2 0
> GRENADE 1 2 1 4 2
> GRENADE 2 17 3 4 2
> GRENADE 4 3 17 5 2
> GRENADE 3 17 17 5 2
> BAT1 4 1 6 1 8 1 10 1 12 1 14 1 16 1 1 4 19 4 6 5 8 5 10 5 12 5 14 5 1 6 5 6 15 6 19 6 1 8 5 8 15 8 19 8 10 9 1 10 5 10 9 10 11 10 15 10 19 10 10 11 1 12 5 12 15 12 19 12 1 14 5 14 15 14 19 14 6 15 8 15 10 15 12 15 14 15 1 16 19 16 4 19 6 19 8 19 10 19 12 19 14 19 16 19
> BAT2 4 3 6 3 8 3 10 3 12 3 14 3 16 3 3 4 17 4 3 6 17 6 8 7 10 7 12 7 3 8 7 8 13 8 17 8 3 10 7 10 13 10 17 10 3 12 7 12 13 12 17 12 8 13 10 13 12 13 3 14 17 14 3 16 17 16 4 17 6 17 8 17 10 17 12 17 14 17 16 17
< RES 1637334149 3 3
< MOVE R
> REQ 1637334149 4 3
> VAMPIRE 1 1 3 3 0 2 0
> VAMPIRE 4 3 17 3 0 2 0
> VAMPIRE 3 19 18 3 0 2 0
> VAMPIRE 2 17 2 3 0 2 0
> GRENADE 1 5 1 3 2
> GRENADE 2 17 3 3 2
> GRENADE 4 3 15 4 2
> GRENADE 3 17 17 4 2
> BAT1 4 1 6 1 8 1 10 1 12 1 14 1 16 1 1 4 19 4 6 5 8 5 10 5 12 5 14 5 1 6 5 6 15 6 19 6 1 8 5 8 15 8 19 8 10 9 1 10 5 10 9 10 11 10 15 10 19 10 10 11 1 12 5 12 15 12 19 12 1 14 5 14 15 14 19 14 6 15 8 15 10 15 12 15 14 15 1 16 19 16 4 19 6 19 8 19 10 19 12 19 14 19 16 19
> BAT2 4 3 6 3 8 3 10 3 12 3 14 3 16 3 3 4 17 4 3 6 17 6 8 7 10 7 12 7 3 8 7 8 13 8 17 8 3 10 7 10 13 10 17 10 3 12 7 12 13 12 17 12 8 13 10 13 12 13 3 14 17 14 3 16 17 16 4 17 6 17 8 17 10 17 12 17 14 17 16 17
< RES 1637334149 4 3
> REQ 1637334149 5 3
> VAMPIRE 1 1 3 3 0 2 0
> VAMPIRE 4 3 17 3 0 2 0
> VAMPIRE 3 19 18 3 0 2 0
> VAMPIRE 2 17 1 3 0 2 0
> GRENADE 1 5 1 2 2
> GRENADE 2 17 5 2 2
> GRENADE 4 3 15 3 2
> GRENADE 3 17 17 3 2
> BAT1 4 1 6 1 8 1 10 1 12 1 14 1 16 1 1 4 19 4 6 5 8 5 10 5 12 5 14 5 1 6 5 6 15 6 19 6 1 8 5 8 15 8 19 8 10 9 1 10 5 10 9 10 11 10 15 10 19 10 10 11 1 12 5 12 15 12 19 12 1 14 5 14 15 14 19 14 6 15 8 15 10 15 12 15 14 15 1 16 19 16 4 19 6 19 8 19 10 19 12 19 14 19 16 19
> BAT2 4 3 6 3 8 3 10 3 12 3 14 3 16 3 3 4 17 4 3 6 17 6 8 7 10 7 12 7 3 8 7 8 13 8 17 8 3 10 7 10 13 10 17 10 3 12 7 12 13 12 17 12 8 13 10 13 12 13 3 14 17 14 3 16 17 16 4 17 6 17 8 17 10 17 12 17 14 17 16 17
< RES 1637334149 5 3
> REQ 1637334149 6 3
> VAMPIRE 1 1 3 3 0 2 0
> VAMPIRE 4 3 17 3 0 2 0
> VAMPIRE 3 19 18 3 0 2 0
> VAMPIRE 2 17 1 3 0 2 0
> GRENADE 1 5 1 1 2
> GRENADE 2 17 5 1 2
> GRENADE 4 3 15 2 2
> GRENADE 3 17 17 2 2
> BAT1 4 1 6 1 8 1 10 1 12 1 14 1 16 1 1 4 19 4 6 5 8 5 10 5 12 5 14 5 1 6 5 6 15 6 19 6 1 8 5 8 15 8 19 8 10 9 1 10 5 10 9 10 11 10 15 10 19 10 10 11 1 12 5 12 15 12 19 12 1 14 5 14 15 14 19 14 6 15 8 15 10 15 12 15 14 15 1 16 19 16 4 19 6 19 8 19 10 19 12 19 14 19 16 19
> BAT2 4 3 6 3 8 3 10 3 12 3 14 3 16 3 3 4 17 4 3 6 17 6 8 7 10 7 12 7 3 8 7 8 13 8 17 8 3 10 7 10 13 10 17 10 3 12 7 12 13 12 17 12 8 13 10 13 12 13 3 14 17 14 3 16 17 16 4 17 6 17 8 17 10 17 12 17 14 17 16 17
< RES 1637334149 6 3
> REQ 1637334149 7 3
> VAMPIRE 1 3 3 3 1 2 0
> VAMPIRE 4 3 17 3 0 2 0
> VAMPIRE 3 19 18 3 0 2 0
> VAMPIRE 2 17 3 3 1 2 0
> GRENADE 4 3 15 1 2
> GRENADE 3 17 17 1 2
> BAT1 8 1 10 1 12 1 14 1 16 1 1 4 19 4 6 5 8 5 10 5 12 5 14 5 1 6 5 6 15 6 19 6 1 8 5 8 15 8 19 8 10 9 1 10 5 10 9 10 11 10 15 10 19 10 10 11 1 12 5 12 15 12 19 12 1 14 5 14 15 14 19 14 6 15 8 15 10 15 12 15 14 15 1 16 19 16 4 19 6 19 8 19 10 19 12 19 14 19 16 19 17 4 17 6
> BAT2 4 3 6 3 8 3 10 3 12 3 14 3 16 3 3 4 3 6 8 7 10 7 12 7 3 8 7 8 13 8 17 8 3 10 7 10 13 10 17 10 3 12 7 12 13 12 17 12 8 13 10 13 12 13 3 14 17 14 3 16 17 16 4 17 6 17 8 17 10 17 12 17 14 17 16 17
< RES 1637334149 7 3
< MOVE L
> REQ 1637334149 8 3
> VAMPIRE 1 3 1 3 0 2 0
> VAMPIRE 4 3 17 3 1 2 0
> VAMPIRE 3 19 17 3 1 2 0
> VAMPIRE 2 17 3 3 0 2 0
> GRENADE 1 3 3 5 2
> GRENADE 2 17 3 5 2
> BAT1 8 1 10 1 12 1 14 1 16 1 1 4 19 4 6 5 8 5 10 5 12 5 14 5 1 6 5 6 15 6 19 6 1 8 5 8 15 8 19 8 10 9 1 10 5 10 9 10 11 10 15 10 19 10 10 11 1 12 5 12 15 12 19 12 1 14 5 14 15 14 19 14 6 15 8 15 10 15 12 15 14 15 1 16 19 16 4 19 6 19 8 19 10 19 12 19 14 19 16 19 17 4 17 6 3 14 3 16 17 16 16 17
> BAT2 4 3 6 3 8 3 10 3 12 3 14 3 16 3 3 4 3 6 8 7 10 7 12 7 3 8 7 8 13 8 17 8 3 10 7 10 13 10 17 10 3 12 7 12 13 12 17 12 8 13 10 13 12 13 17 14 4 17 6 17 8 17 10 17 12 17 14 17
< RES 1637334149 8 3
< MOVE U U
> REQ 1637334149 9 3
> VAMPIRE 1 5 1 3 0 2 0
> VAMPIRE 4 3 17 3 0 2 0
> VAMPIRE 3 17 17 3 1 2 0
> VAMPIRE 2 17 3 3 0 2 0
> GRENADE 1 3 3 4 2
> GRENADE 2 15 3 4 2
> GRENADE 4 3 17 5 2
> BAT1 8 1 10 1 12 1 14 1 16 1 1 4 19 4 6 5 8 5 10 5 12 5 14 5 1 6 5 6 15 6 19 6 1 8 5 8 15 8 19 8 10 9 1 10 5 10 9 10 11 10 15 10 19 10 10 11 1 12 5 12 15 12 19 12 1 14 5 14 15 14 19 14 6 15 8 15 10 15 12 15 14 15 1 16 19 16 4 19 6 19 8 19 10 19 12 19 14 19 16 19 17 4 17 6 3 14 3 16 17 16 16 17
> BAT2 4 3 6 3 8 3 10 3 12 3 14 3 16 3 3 4 3 6 8 7 10 7 12 7 3 8 7 8 13 8 17 8 3 10 7 10 13 10 17 10 3 12 7 12 13 12 17 12 8 13 10 13 12 13 17 14 4 17 6 17 8 17 10 17 12 17 14 17
< RES 1637334149 9 3
< GRENADE
< MOVE D D
> REQ 1637334149 10 3
> VAMPIRE 1 5 1 3 0 2 0
> VAMPIRE 4 3 17 3 0 2 0
> VAMPIRE 3 19 17 3 0 2 0
> VAMPIRE 2 17 3 3 0 2 0
> GRENADE 1 3 3 3 2
> GRENADE 2 15 3 3 2
> GRENADE 4 5 17 4 2
> GRENADE 3 17 17 5 2
> BAT1 8 1 10 1 12 1 14 1 16 1 1 4 19 4 6 5 8 5 10 5 12 5 14 5 1 6 5 6 15 6 19 6 1 8 5 8 15 8 19 8 10 9 1 10 5 10 9 10 11 10 15 10 19 10 10 11 1 12 5 12 15 12 19 12 1 14 5 14 15 14 19 14 6 15 8 15 10 15 12 15 14 15 1 16 19 16 4 19 6 19 8 19 10 19 12 19 14 19 16 19 17 4 17 6 3 14 3 16 17 16 16 17
> BAT2 4 3 6 3 8 3 10 3 12 3 14 3 16 3 3 4 3 6 8 7 10 7 12 7 3 8 7 8 13 8 17 8 3 10 7 10 13 10 17 10 3 12 7 12 13 12 17 12 8 13 10 13 12 13 17 14 4 17 6 17 8 17 10 17 12 17 14 17
< RES 1637334149 10 3
< MOVE R
> REQ 1637334149 11 3
> VAMPIRE 1 5 1 3 0 2 0
> VAMPIRE 4 3 17 3 0 2 0
> VAMPIRE 3 19 18 3 0 2 0
> VAMPIRE 2 17 3 3 0 2 0
> GRENADE 1 3 3 2 2
> GRENADE 2 15 3 2 2
> GRENADE 4 5 17 3 2
> GRENADE 3 17 17 4 2
> BAT1 8 1 10 1 12 1 14 1 16 1 1 4 19 4 6 5 8 5 10 5 12 5 14 5 1 6 5 6 15 6 19 6 1 8 5 8 15 8 19 8 10 9 1 10 5 10 9 10 11 10 15 10 19 10 10 11 1 12 5 12 15 12 19 12 1 14 5 14 15 14 19 14 6 15 8 15 10 15 12 15 14 15 1 16 19 16 4 19 6 19 8 19 10 19 12 19 14 19 16 19 17 4 17 6 3 14 3 16 17 16 16 17
> BAT2 4 3 6 3 8 3 10 3 12 3 14 3 16 3 3 4 3 6 8 7 10 7 12 7 3 8 7 8 13 8 17 8 3 10 7 10 13 10 17 10 3 12 7 12 13 12 17 12 8 13 10 13 12 13 17 14 4 17 6 17 8 17 10 17 12 17 14 17
< RES 1637334149 11 3
> REQ 1637334149 12 3
> VAMPIRE 1 5 1 3 0 2 0
> VAMPIRE 4 3 17 3 0 2 0
> VAMPIRE 3 19 18 3 0 2 0
> VAMPIRE 2 17 3 3 0 2 0
> GRENADE 1 3 3 1 2
> GRENADE 2 15 3 1 2
> GRENADE 4 5 17 2 2
> GRENADE 3 17 17 3 2
> BAT1 8 1 10 1 12 1 14 1 16 1 1 4 19 4 6 5 8 5 10 5 12 5 14 5 1 6 5 6 15 6 19 6 1 8 5 8 15 8 19 8 10 9 1 10 5 10 9 10 11 10 15 10 19 10 10 11 1 12 5 12 15 12 19 12 1 14 5 14 15 14 19 14 6 15 8 15 10 15 12 15 14 15 1 16 19 16 4 19 6 19 8 19 10 19 12 19 14 19 16 19 17 4 17 6 3 14 3 16 17 16 16 17
> BAT2 4 3 6 3 8 3 10 3 12 3 14 3 16 3 3 4 3 6 8 7 10 7 12 7 3 8 7 8 13 8 17 8 3 10 7 10 13 10 17 10 3 12 7 12 13 12 17 12 8 13 10 13 12 13 17 14 4 17 6 17 8 17 10 17 12 17 14 17
< RES 1637334149 12 3
> REQ 1637334149 13 3
> VAMPIRE 1 6 1 3 1 2 0
> VAMPIRE 4 3 17 3 0 2 0
> VAMPIRE 3 19 18 3 0 2 0
> VAMPIRE 2 17 3 3 1 2 0
> GRENADE 4 5 17 1 2
> GRENADE 3 17 17 2 2
> BAT1 8 1 10 1 12 1 14 1 16 1 1 4 19 4 6 5 8 5 10 5 12 5 14 5 1 6 5 6 15 6 19 6 1 8 5 8 15 8 19 8 10 9 1 10 5 10 9 10 11 10 15 10 19 10 10 11 1 12 5 12 15 12 19 12 1 14 5 14 15 14 19 14 6 15 8 15 10 15 12 15 14 15 1 16 19 16 4 19 6 19 8 19 10 19 12 19 14 19 16 19 4 3 14 3 16 3 3 4 17 4 17 6 3 14 3 16 17 16 16 17
> BAT2 6 3 8 3 10 3 12 3 3 6 8 7 10 7 12 7 3 8 7 8 13 8 17 8 3 10 7 10 13 10 17 10 3 12 7 12 13 12 17 12 8 13 10 13 12 13 17 14 4 17 6 17 8 17 10 17 12 17 14 17
< RES 1637334149 13 3
> REQ 1637334149 14 3
> VAMPIRE 1 5 2 3 0 2 0
> VAMPIRE 4 3 17 3 1 2 0
> VAMPIRE 3 19 18 3 0 2 0
> VAMPIRE 2 17 3 3 0 2 0
> GRENADE 3 17 17 1 2
> GRENADE 1 6 1 5 2
> GRENADE 2 17 3 5 2
> BAT1 8 1 10 1 12 1 14 1 16 1 1 4 19 4 6 5 8 5 10 5 12 5 14 5 1 6 5 6 15 6 19 6 1 8 5 8 15 8 19 8 10 9 1 10 5 10 9 10 11 10 15 10 19 10 10 11 1 12 5 12 15 12 19 12 1 14 5 14 15 14 19 14 6 15 8 15 10 15 12 15 14 15 1 16 19 16 4 19 6 19 8 19 10 19 12 19 14 19 16 19 4 3 14 3 16 3 3 4 17 4 17 6 3 14 3 16 17 16 4 17 6 17 16 17
> BAT2 6 3 8 3 10 3 12 3 3 6 8 7 10 7 12 7 3 8 7 8 13 8 17 8 3 10 7 10 13 10 17 10 3 12 7 12 13 12 17 12 8 13 10 13 12 13 17 14 8 17 10 17 12 17 14 17
< RES 1637334149 14 3
< MOVE L
> REQ 1637334149 15 3
> VAMPIRE 1 5 1 3 0 2 0
> VAMPIRE 4 3 17 3 0 2 0
> VAMPIRE 3 19 17 3 1 2 0
> VAMPIRE 2 17 3 3 0 2 0
> GRENADE 1 6 1 4 2
> GRENADE 2 15 3 4 2
> GRENADE 4 3 17 5 2
> BAT1 8 1 10 1 12 1 14 1 16 1 1 4 19 4 6 5 8 5 10 5 12 5 14 5 1 6 5 6 15 6 19 6 1 8 5 8 15 8 19 8 10 9 1 10 5 10 9 10 11 10 15 10 19 10 10 11 1 12 5 12 15 12 19 12 1 14 5 14 15 14 19 14 6 15 8 15 10 15 12 15 14 15 1 16 19 16 4 19 6 19 8 19 10 19 12 19 14 19 16 19 4 3 14 3 16 3 3 4 17 4 17 6 3 14 3 16 4 17 6 17
> BAT2 6 3 8 3 10 3 12 3 3 6 8 7 10 7 12 7 3 8 7 8 13 8 17 8 3 10 7 10 13 10 17 10 3 12 7 12 13 12 17 12 8 13 10 13 12 13 17 14 8 17 10 17 12 17 14 17
< RES 1637334149 15 3
< GRENADE
> REQ 1637334149 16 3
> VAMPIRE 1 5 1 3 0 2 0
> VAMPIRE 4 3 17 3 0 2 0
> VAMPIRE 3 19 17 3 0 2 0
> VAMPIRE 2 19 3 3 0 2 0
> GRENADE 1 9 1 3 2
> GRENADE 2 15 3 3 2
> GRENADE 4 5 17 4 2
> GRENADE 3 19 17 5 2
> BAT1 8 1 10 1 12 1 14 1 16 1 1 4 19 4 6 5 8 5 10 5 12 5 14 5 1 6 5 6 15 6 19 6 1 8 5 8 15 8 19 8 10 9 1 10 5 10 9 10 11 10 15 10 19 10 10 11 1 12 5 12 15 12 19 12 1 14 5 14 15 14 19 14 6 15 8 15 10 15 12 15 14 15 1 16 19 16 4 19 6 19 8 19 10 19 12 19 14 19 16 19 4 3 14 3 16 3 3 4 17 4 17 6 3 14 3 16 4 17 6 17
> BAT2 6 3 8 3 10 3 12 3 3 6 8 7 10 7 12 7 3 8 7 8 13 8 17 8 3 10 7 10 13 10 17 10 3 12 7 12 13 12 17 12 8 13 10 13 12 13 17 14 8 17 10 17 12 17 14 17
< RES 1637334149 16 3
< THROW XL 2
< MOVE U U
> REQ 1637334149 17 3
> VAMPIRE 1 5 1 3 0 2 0
> VAMPIRE 4 1 17 3 0 2 0
> VAMPIRE 3 17 17 3 0 2 0
> VAMPIRE 2 19 3 3 0 2 0
> GRENADE 1 9 1 2 2
> GRENADE 2 15 3 2 2
> GRENADE 4 5 17 3 2
> GRENADE 3 19 15 4 2
> BAT1 8 1 10 1 12 1 14 1 16 1 1 4 19 4 6 5 8 5 10 5 12 5 14 5 1 6 5 6 15 6 19 6 1 8 5 8 15 8 19 8 10 9 1 10 5 10 9 10 11 10 15 10 19 10 10 11 1 12 5 12 15 12 19 12 1 14 5 14 15 14 19 14 6 15 8 15 10 15 12 15 14 15 1 16 19 16 4 19 6 19 8 19 10 19 12 19 14 19 16 19 4 3 14 3 16 3 3 4 17 4 17 6 3 14 3 16 4 17 6 17
> BAT2 6 3 8 3 10 3 12 3 3 6 8 7 10 7 12 7 3 8 7 8 13 8 17 8 3 10 7 10 13 10 17 10 3 12 7 12 13 12 17 12 8 13 10 13 12 13 17 14 8 17 10 17 12 17 14 17
< RES 1637334149 17 3
> REQ 1637334149 18 3
> VAMPIRE 1 7 1 3 0 2 0
> VAMPIRE 4 1 17 3 0 2 0
> VAMPIRE 3 17 17 3 0 2 0
> VAMPIRE 2 19 1 3 0 2 0
> GRENADE 1 9 1 1 2
> GRENADE 2 15 3 1 2
> GRENADE 4 5 17 2 2
> GRENADE 3 19 15 3 2
> BAT1 8 1 10 1 12 1 14 1 16 1 1 4 19 4 6 5 8 5 10 5 12 5 14 5 1 6 5 6 15 6 19 6 1 8 5 8 15 8 19 8 10 9 1 10 5 10 9 10 11 10 15 10 19 10 10 11 1 12 5 12 15 12 19 12 1 14 5 14 15 14 19 14 6 15 8 15 10 15 12 15 14 15 1 16 19 16 4 19 6 19 8 19 10 19 12 19 14 19 16 19 4 3 14 3 16 3 3 4 17 4 17 6 3 14 3 16 4 17 6 17
> BAT2 6 3 8 3 10 3 12 3 3 6 8 7 10 7 12 7 3 8 7 8 13 8 17 8 3 10 7 10 13 10 17 10 3 12 7 12 13 12 17 12 8 13 10 13 12 13 17 14 8 17 10 17 12 17 14 17
< RES 1637334149 18 3
> REQ 1637334149 19 3
> VAMPIRE 1 7 3 3 1 2 0
> VAMPIRE 4 1 17 3 0 2 0
> VAMPIRE 3 17 17 3 0 2 0
> VAMPIRE 2 17 1 3 1 2 0
> GRENADE 4 5 17 1 2
> GRENADE 3 19 15 2 2
> BAT1 12 1 14 1 16 1 1 4 19 4 6 5 8 5 10 5 12 5 14 5 1 6 5 6 15 6 19 6 1 8 5 8 15 8 19 8 10 9 1 10 5 10 9 10 11 10 15 10 19 10 10 11 1 12 5 12 15 12 19 12 1 14 5 14 15 14 19 14 6 15 8 15 10 15 12 15 14 15 1 16 19 16 4 19 6 19 8 19 10 19 12 19 14 19 16 19 4 3 3 4 17 4 17 6 3 14 3 16 4 17 6 17
> BAT2 6 3 8 3 10 3 12 3 3 6 8 7 10 7 12 7 3 8 7 8 13 8 17 8 3 10 7 10 13 10 17 10 3 12 7 12 13 12 17 12 8 13 10 13 12 13 17 14 8 17 10 17 12 17 14 17
< RES 1637334149 19 3
< MOVE U U
> REQ 1637334149 20 3
> VAMPIRE 1 7 1 3 0 2 0
> VAMPIRE 4 3 17 3 1 2 0
> VAMPIRE 3 15 17 3 0 2 0
> VAMPIRE 2 17 1 3 0 2 0
> GRENADE 3 19 15 1 2
> GRENADE 1 7 3 5 2
> GRENADE 2 17 1 5 2
> BAT1 12 1 14 1 16 1 1 4 19 4 6 5 8 5 10 5 12 5 14 5 1 6 5 6 15 6 19 6 1 8 5 8 15 8 19 8 10 9 1 10 5 10 9 10 11 10 15 10 19 10 10 11 1 12 5 12 15 12 19 12 1 14 5 14 15 14 19 14 6 15 8 15 10 15 12 15 14 15 1 16 19 16 4 19 6 19 8 19 10 19 12 19 14 19 16 19 4 3 3 4 17 4 17 6 3 14 3 16
> BAT2 6 3 8 3 10 3 12 3 3 6 8 7 10 7 12 7 3 8 7 8 13 8 17 8 3 10 7 10 13 10 17 10 3 12 7 12 13 12 17 12 8 13 10 13 12 13 17 14 8 17 10 17 12 17 14 17
< RES 1637334149 20 3
< MOVE L L
> REQ 1637334149 21 3
> VAMPIRE 1 5 1 3 0 2 0
> VAMPIRE 4 3 17 3 0 2 0
> VAMPIRE 3 15 15 3 1 2 0
> VAMPIRE 2 17 3 3 0 2 0
> GRENADE 1 7 3 4 2
> GRENADE 2 15 1 4 2
> GRENADE 4 3 17 5 2
> BAT1 12 1 14 1 16 1 1 4 19 4 6 5 8 5 10 5 12 5 14 5 1 6 5 6 15 6 19 6 1 8 5 8 15 8 19 8 10 9 1 10 5 10 9 10 11 10 15 10 19 10 10 11 1 12 5 12 15 12 19 12 1 14 5 14 15 14 6 15 8 15 10 15 12 15 14 15 1 16 4 19 6 19 8 19 10 19 12 19 14 19 16 19 4 3 3 4 17 4 17 6 3 14 3 16
> BAT2 6 3 8 3 10 3 12 3 3 6 8 7 10 7 12 7 3 8 7 8 13 8 17 8 3 10 7 10 13 10 17 10 3 12 7 12 13 12 17 12 8 13 10 13 12 13 17 14 8 17 10 17 12 17 14 17
< RES 1637334149 21 3
< GRENADE
> REQ 1637334149 22 3
> VAMPIRE 1 5 1 3 0 2 0
> VAMPIRE 4 5 17 3 0 2 0
> VAMPIRE 3 15 15 3 0 2 0
> VAMPIRE 2 17 3 3 0 2 0
> GRENADE 1 7 3 3 2
> GRENADE 2 15 1 3 2
> GRENADE 4 3 15 4 2
> GRENADE 3 15 15 5 2
> BAT1 12 1 14 1 16 1 1 4 19 4 6 5 8 5 10 5 12 5 14 5 1 6 5 6 15 6 19 6 1 8 5 8 15 8 19 8 10 9 1 10 5 10 9 10 11 10 15 10 19 10 10 11 1 12 5 12 15 12 19 12 1 14 5 14 15 14 6 15 8 15 10 15 12 15 14 15 1 16 4 19 6 19 8 19 10 19 12 19 14 19 16 19 4 3 3 4 17 4 17 6 3 14 3 16
> BAT2 6 3 8 3 10 3 12 3 3 6 8 7 10 7 12 7 3 8 7 8 13 8 17 8 3 10 7 10 13 10 17 10 3 12 7 12 13 12 17 12 8 13 10 13 12 13 17 14 8 17 10 17 12 17 14 17
< RES 1637334149 22 3
< THROW XU 2
< MOVE D D
> REQ 1637334149 23 3
> VAMPIRE 1 6 1 3 0 2 0
> VAMPIRE 4 5 17 3 0 2 0
> VAMPIRE 3 17 15 3 0 2 0
> VAMPIRE 2 16 3 3 0 2 0
> GRENADE 1 7 3 2 2
> GRENADE 2 15 1 2 2
> GRENADE 4 3 15 3 2
> GRENADE 3 13 15 4 2
> BAT1 12 1 14 1 16 1 1 4 19 4 6 5 8 5 10 5 12 5 14 5 1 6 5 6 15 6 19 6 1 8 5 8 15 8 19 8 10 9 1 10 5 10 9 10 11 10 15 10 19 10 10 11 1 12 5 12 15 12 19 12 1 14 5 14 15 14 6 15 8 15 10 15 12 15 14 15 1 16 4 19 6 19 8 19 10 19 12 19 14 19 16 19 4 3 3 4 17 4 17 6 3 14 3 16
> BAT2 6 3 8 3 10 3 12 3 3 6 8 7 10 7 12 7 3 8 7 8 13 8 17 8 3 10 7 10 13 10 17 10 3 12 7 12 13 12 17 12 8 13 10 13 12 13 17 14 8 17 10 17 12 17 14 17
< RES 1637334149 23 3
< MOVE R R
> REQ 1637334149 24 3
> VAMPIRE 1 5 1 3 0 2 0
> VAMPIRE 4 5 17 3 0 2 0
> VAMPIRE 3 17 17 3 0 2 0
> VAMPIRE 2 17 3 3 0 2 0
> GRENADE 1 7 3 1 2
> GRENADE 2 15 1 1 2
> GRENADE 4 3 15 2 2
> GRENADE 3 13 15 3 2
> BAT1 12 1 14 1 16 1 1 4 19 4 6 5 8 5 10 5 12 5 14 5 1 6 5 6 15 6 19 6 1 8 5 8 15 8 19 8 10 9 1 10 5 10 9 10 11 10 15 10 19 10 10 11 1 12 5 12 15 12 19 12 1 14 5 14 15 14 6 15 8 15 10 15 12 15 14 15 1 16 4 19 6 19 8 19 10 19 12 19 14 19 16 19 4 3 3 4 17 4 17 6 3 14 3 16
> BAT2 6 3 8 3 10 3 12 3 3 6 8 7 10 7 12 7 3 8 7 8 13 8 17 8 3 10 7 10 13 10 17 10 3 12 7 12 13 12 17 12 8 13 10 13 12 13 17 14 8 17 10 17 12 17 14 17
< RES 1637334149 24 3
> REQ 1637334149 25 3
> VAMPIRE 1 5 3 3 1 2 0
> VAMPIRE 4 5 17 3 0 2 0
> VAMPIRE 3 17 17 3 0 2 0
> VAMPIRE 2 17 2 3 1 2 0
> GRENADE 4 3 15 1 2
> GRENADE 3 13 15 2 2
> BAT1 12 1 1 4 19 4 6 5 8 5 10 5 12 5 14 5 1 6 5 6 15 6 19 6 1 8 5 8 15 8 19 8 10 9 1 10 5 10 9 10 11 10 15 10 19 10 10 11 1 12 5 12 15 12 19 12 1 14 5 14 15 14 6 15 8 15 10 15 12 15 14 15 1 16 4 19 6 19 8 19 10 19 12 19 14 19 16 19 4 3 6 3 8 3 3 4 17 4 17 6 3 14 3 16
> BAT2 10 3 12 3 3 6 8 7 10 7 12 7 3 8 7 8 13 8 17 8 3 10 7 10 13 10 17 10 3 12 7 12 13 12 17 12 8 13 10 13 12 13 17 14 8 17 10 17 12 17 14 17
< RES 1637334149 25 3
< MOVE U U
> REQ 1637334149 26 3
> VAMPIRE 1 5 3 3 0 2 0
> VAMPIRE 4 5 15 3 1 2 0
> VAMPIRE 3 15 17 3 0 2 0
> VAMPIRE 2 17 2 3 0 2 0
> GRENADE 3 13 15 1 2
> GRENADE 1 5 3 5 2
> GRENADE 2 17 2 5 2
> BAT1 12 1 1 4 19 4 6 5 8 5 10 5 12 5 14 5 1 6 5 6 15 6 19 6 1 8 5 8 15 8 19 8 10 9 1 10 5 10 9 10 11 10 15 10 19 10 10 11 1 12 5 12 15 12 19 12 1 14 5 14 15 14 6 15 8 15 10 15 12 15 14 15 1 16 4 19 6 19 8 19 10 19 12 19 14 19 16 19 4 3 6 3 8 3 3 4 17 4 17 6
> BAT2 10 3 12 3 3 6 8 7 10 7 12 7 3 8 7 8 13 8 17 8 3 10 7 10 13 10 17 10 3 12 7 12 13 12 17 12 8 13 10 13 12 13 17 14 8 17 10 17 12 17 14 17
< RES 1637334149 26 3
< MOVE R R
> REQ 1637334149 27 3
> VAMPIRE 1 5 1 3 0 2 0
> VAMPIRE 4 3 15 3 0 2 0
> VAMPIRE 3 15 19 3 1 2 0
> VAMPIRE 2 17 3 3 0 2 0
> GRENADE 1 5 5 4 2
> GRENADE 2 17 5 4 2
> GRENADE 4 5 15 5 2
> BAT1 12 1 1 4 19 4 6 5 8 5 10 5 12 5 14 5 1 6 5 6 15 6 19 6 1 8 5 8 15 8 19 8 10 9 1 10 5 10 9 10 11 10 15 10 19 10 10 11 1 12 5 12 15 12 19 12 1 14 5 14 15 14 6 15 8 15 10 15 1 16 4 19 6 19 8 19 10 19 12 19 14 19 16 19 4 3 6 3 8 3 3 4 17 4 17 6
> BAT2 10 3 12 3 3 6 8 7 10 7 12 7 3 8 7 8 13 8 17 8 3 10 7 10 13 10 17 10 3 12 7 12 13 12 17 12 8 13 10 13 12 13 17 14 8 17 10 17 12 17 14 17
< RES 1637334149 27 3
< GRENADE
< MOVE L L
> REQ 1637334149 28 3
> VAMPIRE 1 5 1 3 0 2 0
> VAMPIRE 4 3 17 3 0 2 0
> VAMPIRE 3 15 17 3 0 2 0
> VAMPIRE 2 15 3 3 0 2 0
> GRENADE 1 5 5 3 2
> GRENADE 2 17 5 3 2
> GRENADE 4 5 15 4 2
> GRENADE 3 15 19 5 2
> BAT1 12 1 1 4 19 4 6 5 8 5 10 5 12 5 14 5 1 6 5 6 15 6 19 6 1 8 5 8 15 8 19 8 10 9 1 10 5 10 9 10 11 10 15 10 19 10 10 11 1 12 5 12 15 12 19 12 1 14 5 14 15 14 6 15 8 15 10 15 1 16 4 19 6 19 8 19 10 19 12 19 14 19 16 19 4 3 6 3 8 3 3 4 17 4 17 6
> BAT2 10 3 12 3 3 6 8 7 10 7 12 7 3 8 7 8 13 8 17 8 3 10 7 10 13 10 17 10 3 12 7 12 13 12 17 12 8 13 10 13 12 13 17 14 8 17 10 17 12 17 14 17
< RES 1637334149 28 3
< MOVE D D
> REQ 1637334149 29 3
> VAMPIRE 1 5 1 3 0 2 0
> VAMPIRE 4 3 17 3 0 2 0
> VAMPIRE 3 17 17 3 0 2 0
> VAMPIRE 2 15 3 3 0 2 0
> GRENADE 1 5 5 2 2
> GRENADE 2 17 5 2 2
> GRENADE 4 5 15 3 2
> GRENADE 3 15 19 4 2
> BAT1 12 1 1 4 19 4 6 5 8 5 10 5 12 5 14 5 1 6 5 6 15 6 19 6 1 8 5 8 15 8 19 8 10 9 1 10 5 10 9 10 11 10 15 10 19 10 10 11 1 12 5 12 15 12 19 12 1 14 5 14 15 14 6 15 8 15 10 15 1 16 4 19 6 19 8 19 10 19 12 19 14 19 16 19 4 3 6 3 8 3 3 4 17 4 17 6
> BAT2 10 3 12 3 3 6 8 7 10 7 12 7 3 8 7 8 13 8 17 8 3 10 7 10 13 10 17 10 3 12 7 12 13 12 17 12 8 13 10 13 12 13 17 14 8 17 10 17 12 17 14 17
< RES 1637334149 29 3
> REQ 1637334149 30 3
> VAMPIRE 1 5 1 3 0 2 0
> VAMPIRE 4 3 17 3 0 2 0
> VAMPIRE 3 17 17 3 0 2 0
> VAMPIRE 2 15 3 3 0 2 0
> GRENADE 1 5 5 1 2
> GRENADE 2 17 5 1 2
> GRENADE 4 5 15 2 2
> GRENADE 3 15 19 3 2
> BAT1 12 1 1 4 19 4 6 5 8 5 10 5 12 5 14 5 1 6 5 6 15 6 19 6 1 8 5 8 15 8 19 8 10 9 1 10 5 10 9 10 11 10 15 10 19 10 10 11 1 12 5 12 15 12 19 12 1 14 5 14 15 14 6 15 8 15 10 15 1 16 4 19 6 19 8 19 10 19 12 19 14 19 16 19 4 3 6 3 8 3 3 4 17 4 17 6
> BAT2 10 3 12 3 3 6 8 7 10 7 12 7 3 8 7 8 13 8 17 8 3 10 7 10 13 10 17 10 3 12 7 12 13 12 17 12 8 13 10 13 12 13 17 14 8 17 10 17 12 17 14 17
< RES 1637334149 30 3
> REQ 1637334149 31 3
> VAMPIRE 1 5 3 3 1 2 0
> VAMPIRE 4 1 17 3 0 2 0
> VAMPIRE 3 17 17 3 0 2 0
> VAMPIRE 2 15 5 3 1 2 0
> GRENADE 4 5 15 1 2
> GRENADE 3 15 19 2 2
> BAT1 12 1 1 4 19 4 8 5 10 5 12 5 14 5 1 6 15 6 19 6 1 8 5 8 15 8 19 8 10 9 1 10 5 10 9 10 11 10 15 10 19 10 10 11 1 12 5 12 15 12 19 12 1 14 5 14 15 14 6 15 8 15 10 15 1 16 4 19 6 19 8 19 10 19 12 19 14 19 16 19 4 3 6 3 8 3 3 4
> BAT2 10 3 12 3 3 6 8 7 10 7 12 7 3 8 7 8 13 8 17 8 3 10 7 10 13 10 17 10 3 12 7 12 13 12 17 12 8 13 10 13 12 13 17 14 8 17 10 17 12 17 14 17
< RES 1637334149 31 3
> REQ 1637334149 32 3
> VAMPIRE 1 5 5 3 0 2 0
> VAMPIRE 4 1 17 3 1 2 0
> VAMPIRE 3 17 17 3 0 2 0
> VAMPIRE 2 17 5 3 0 2 0
> GRENADE 3 15 19 1 2
> GRENADE 1 5 3 5 2
> GRENADE 2 15 5 5 2
> BAT1 12 1 1 4 19 4 8 5 10 5 12 5 14 5 1 6 15 6 19 6 1 8 5 8 15 8 19 8 10 9 1 10 5 10 9 10 11 10 15 10 19 10 10 11 1 12 5 12 15 12 19 12 1 14 15 14 8 15 10 15 1 16 4 19 6 19 8 19 10 19 12 19 14 19 16 19 4 3 6 3 8 3 3 4
> BAT2 10 3 12 3 3 6 8 7 10 7 12 7 3 8 7 8 13 8 17 8 3 10 7 10 13 10 17 10 3 12 7 12 13 12 17 12 8 13 10 13 12 13 17 14 8 17 10 17 12 17 14 17
< RES 1637334149 32 3
< MOVE U U
> REQ 1637334149 33 3
> VAMPIRE 1 7 5 3 0 2 0
> VAMPIRE 4 1 17 3 0 2 0
> VAMPIRE 3 15 17 3 1 2 0
> VAMPIRE 2 17 3 3 0 2 0
> GRENADE 1 5 3 4 2
> GRENADE 2 15 5 4 2
> GRENADE 4 1 17 5 2
> BAT1 12 1 1 4 19 4 8 5 10 5 12 5 14 5 1 6 15 6 19 6 1 8 5 8 15 8 19 8 10 9 1 10 5 10 9 10 11 10 15 10 19 10 10 11 1 12 5 12 15 12 19 12 1 14 15 14 8 15 10 15 1 16 4 19 6 19 8 19 10 19 12 19 4 3 6 3 8 3 3 4
> BAT2 10 3 12 3 3 6 8 7 10 7 12 7 3 8 7 8 13 8 17 8 3 10 7 10 13 10 17 10 3 12 7 12 13 12 17 12 8 13 10 13 12 13 17 14 8 17 10 17 12 17 14 17
< RES 1637334149 33 3
< GRENADE
> REQ 1637334149 34 3
> VAMPIRE 1 7 5 3 0 2 0
> VAMPIRE 4 3 17 3 0 2 0
> VAMPIRE 3 15 17 3 0 2 0
> VAMPIRE 2 17 3 3 0 2 0
> GRENADE 1 5 3 3 2
> GRENADE 2 15 5 3 2
> GRENADE 4 1 15 4 2
> GRENADE 3 15 17 5 2
> BAT1 12 1 1 4 19 4 8 5 10 5 12 5 14 5 1 6 15 6 19 6 1 8 5 8 15 8 19 8 10 9 1 10 5 10 9 10 11 10 15 10 19 10 10 11 1 12 5 12 15 12 19 12 1 14 15 14 8 15 10 15 1 16 4 19 6 19 8 19 10 19 12 19 4 3 6 3 8 3 3 4
> BAT2 10 3 12 3 3 6 8 7 10 7 12 7 3 8 7 8 13 8 17 8 3 10 7 10 13 10 17 10 3 12 7 12 13 12 17 12 8 13 10 13 12 13 17 14 8 17 10 17 12 17 14 17
< RES 1637334149 34 3
< THROW XU 2
< MOVE D D
> REQ 1637334149 35 3
> VAMPIRE 1 7 5 3 0 2 0
> VAMPIRE 4 3 17 3 0 2 0
> VAMPIRE 3 17 17 3 0 2 0
> VAMPIRE 2 17 3 3 0 2 0
> GRENADE 1 5 3 2 2
> GRENADE 2 15 5 2 2
> GRENADE 4 1 15 3 2
> GRENADE 3 13 17 4 2
> BAT1 12 1 1 4 19 4 8 5 10 5 12 5 14 5 1 6 15 6 19 6 1 8 5 8 15 8 19 8 10 9 1 10 5 10 9 10 11 10 15 10 19 10 10 11 1 12 5 12 15 12 19 12 1 14 15 14 8 15 10 15 1 16 4 19 6 19 8 19 10 19 12 19 4 3 6 3 8 3 3 4
> BAT2 10 3 12 3 3 6 8 7 10 7 12 7 3 8 7 8 13 8 17 8 3 10 7 10 13 10 17 10 3 12 7 12 13 12 17 12 8 13 10 13 12 13 17 14 8 17 10 17 12 17 14 17
< RES 1637334149 35 3
> REQ 1637334149 36 3
> VAMPIRE 1 7 5 3 0 2 0
> VAMPIRE 4 3 17 3 0 2 0
> VAMPIRE 3 17 17 3 0 2 0
> VAMPIRE 2 19 3 3 0 2 0
> GRENADE 1 5 3 1 2
> GRENADE 2 15 5 1 2
> GRENADE 4 1 15 2 2
> GRENADE 3 13 17 3 2
> BAT1 12 1 1 4 19 4 8 5 10 5 12 5 14 5 1 6 15 6 19 6 1 8 5 8 15 8 19 8 10 9 1 10 5 10 9 10 11 10 15 10 19 10 10 11 1 12 5 12 15 12 19 12 1 14 15 14 8 15 10 15 1 16 4 19 6 19 8 19 10 19 12 19 4 3 6 3 8 3 3 4
> BAT2 10 3 12 3 3 6 8 7 10 7 12 7 3 8 7 8 13 8 17 8 3 10 7 10 13 10 17 10 3 12 7 12 13 12 17 12 8 13 10 13 12 13 17 14 8 17 10 17 12 17 14 17
< RES 1637334149 36 3
> REQ 1637334149 37 3
> VAMPIRE 1 7 7 3 1 2 0
> VAMPIRE 4 5 17 3 0 2 0
> VAMPIRE 3 17 17 3 0 2 0
> VAMPIRE 2 19 3 3 1 2 0
> GRENADE 4 1 15 1 2
> GRENADE 3 13 17 2 2
> BAT1 12 1 1 4 19 4 8 5 10 5 12 5 1 6 19 6 1 8 5 8 15 8 19 8 10 9 1 10 5 10 9 10 11 10 15 10 19 10 10 11 1 12 5 12 15 12 19 12 1 14 15 14 8 15 10 15 1 16 4 19 6 19 8 19 10 19 12 19 8 3 3 4
> BAT2 10 3 12 3 3 6 8 7 10 7 12 7 3 8 7 8 13 8 17 8 3 10 7 10 13 10 17 10 3 12 7 12 13 12 17 12 8 13 10 13 12 13 17 14 8 17 10 17 12 17 14 17
< RES 1637334149 37 3
> REQ 1637334149 38 3
> VAMPIRE 1 5 7 3 0 2 0
> VAMPIRE 4 5 19 3 1 2 0
> VAMPIRE 3 17 17 3 0 2 0
> VAMPIRE 2 19 3 3 0 2 0
> GRENADE 3 13 17 1 2
> GRENADE 1 7 7 5 2
> GRENADE 2 19 3 5 2
> BAT1 12 1 1 4 19 4 8 5 10 5 12 5 1 6 19 6 1 8 5 8 15 8 19 8 10 9 1 10 5 10 9 10 11 10 15 10 19 10 10 11 1 12 5 12 15 12 19 12 15 14 8 15 10 15 4 19 6 19 8 19 10 19 12 19 8 3 3 4
> BAT2 10 3 12 3 3 6 8 7 10 7 12 7 3 8 7 8 13 8 17 8 3 10 7 10 13 10 17 10 3 12 7 12 13 12 17 12 8 13 10 13 12 13 17 14 8 17 10 17 12 17 14 17
< RES 1637334149 38 3
< MOVE U U
> REQ 1637334149 39 3
> VAMPIRE 1 6 7 3 0 2 0
> VAMPIRE 4 5 17 3 0 2 0
> VAMPIRE 3 15 17 3 1 2 0
> VAMPIRE 2 17 3 3 0 2 0
> GRENADE 1 7 7 4 2
> GRENADE 2 19 5 4 2
> GRENADE 4 5 19 5 2
> BAT1 12 1 1 4 19 4 8 5 10 5 12 5 1 6 19 6 1 8 5 8 15 8 19 8 10 9 1 10 5 10 9 10 11 10 15 10 19 10 10 11 1 12 5 12 15 12 19 12 15 14 8 15 10 15 4 19 6 19 8 19 10 19 12 19 8 3 3 4 12 17 14 17
> BAT2 10 3 12 3 3 6 8 7 10 7 12 7 3 8 7 8 13 8 17 8 3 10 7 10 13 10 17 10 3 12 7 12 13 12 17 12 8 13 10 13 12 13 17 14 8 17 10 17
< RES 1637334149 39 3
< GRENADE
> REQ 1637334149 40 3
> VAMPIRE 1 5 7 3 0 2 0
> VAMPIRE 4 3 17 3 0 2 0
> VAMPIRE 3 15 17 3 0 2 0
> VAMPIRE 2 17 3 3 0 2 0
> GRENADE 1 9 7 3 2
> GRENADE 2 19 5 3 2
> GRENADE 4 5 19 4 2
> GRENADE 3 15 17 5 2
> BAT1 12 1 1 4 19 4 8 5 10 5 12 5 1 6 19 6 1 8 5 8 15 8 19 8 10 9 1 10 5 10 9 10 11 10 15 10 19 10 10 11 1 12 5 12 15 12 19 12 15 14 8 15 10 15 4 19 6 19 8 19 10 19 12 19 8 3 3 4 12 17 14 17
> BAT2 10 3 12 3 3 6 8 7 10 7 12 7 3 8 7 8 13 8 17 8 3 10 7 10 13 10 17 10 3 12 7 12 13 12 17 12 8 13 10 13 12 13 17 14 8 17 10 17
< RES 1637334149 40 3
< THROW XU 2
< MOVE D D
> REQ 1637334149 41 3
> VAMPIRE 1 5 5 3 0 2 0
> VAMPIRE 4 3 17 3 0 2 0
> VAMPIRE 3 17 17 3 0 2 0
> VAMPIRE 2 17 3 3 0 2 0
> GRENADE 1 9 7 2 2
> GRENADE 2 19 5 2 2
> GRENADE 4 5 19 3 2
> GRENADE 3 13 17 4 2
> BAT1 12 1 1 4 19 4 8 5 10 5 12 5 1 6 19 6 1 8 5 8 15 8 19 8 10 9 1 10 5 10 9 10 11 10 15 10 19 10 10 11 1 12 5 12 15 12 19 12 15 14 8 15 10 15 4 19 6 19 8 19 10 19 12 19 8 3 3 4 12 17 14 17
> BAT2 10 3 12 3 3 6 8 7 10 7 12 7 3 8 7 8 13 8 17 8 3 10 7 10 13 10 17 10 3 12 7 12 13 12 17 12 8 13 10 13 12 13 17 14 8 17 10 17
< RES 1637334149 41 3
> REQ 1637334149 42 3
> VAMPIRE 1 7 5 3 0 2 0
> VAMPIRE 4 3 17 3 0 2 0
> VAMPIRE 3 17 17 3 0 2 0
> VAMPIRE 2 15 3 3 0 2 0
> GRENADE 1 9 7 1 2
> GRENADE 2 19 5 1 2
> GRENADE 4 5 19 2 2
> GRENADE 3 13 17 3 2
> BAT1 12 1 1 4 19 4 8 5 10 5 12 5 1 6 19 6 1 8 5 8 15 8 19 8 10 9 1 10 5 10 9 10 11 10 15 10 19 10 10 11 1 12 5 12 15 12 19 12 15 14 8 15 10 15 4 19 6 19 8 19 10 19 12 19 8 3 3 4 12 17 14 17
> BAT2 10 3 12 3 3 6 8 7 10 7 12 7 3 8 7 8 13 8 17 8 3 10 7 10 13 10 17 10 3 12 7 12 13 12 17 12 8 13 10 13 12 13 17 14 8 17 10 17
< RES 1637334149 42 3
> REQ 1637334149 43 3
> VAMPIRE 1 7 7 3 1 2 0
> VAMPIRE 4 3 15 3 0 2 0
> VAMPIRE 3 17 17 3 0 2 0
> VAMPIRE 2 13 3 3 1 2 0
> GRENADE 4 5 19 1 2
> GRENADE 3 13 17 2 2
> BAT1 12 1 1 4 8 5 10 5 12 5 1 6 1 8 5 8 15 8 19 8 10 9 1 10 5 10 9 10 11 10 15 10 19 10 10 11 1 12 5 12 15 12 19 12 15 14 8 15 10 15 4 19 6 19 8 19 10 19 12 19 8 3 3 4 8 7 10 7 12 17 14 17
> BAT2 10 3 12 3 3 6 12 7 3 8 7 8 13 8 17 8 3 10 7 10 13 10 17 10 3 12 7 12 13 12 17 12 8 13 10 13 12 13 17 14 8 17 10 17
< RES 1637334149 43 3
> REQ 1637334149 44 3
> VAMPIRE 1 5 7 3 0 2 0
> VAMPIRE 4 3 13 3 1 2 0
> VAMPIRE 3 17 17 3 0 2 0
> VAMPIRE 2 13 3 3 0 2 0
> GRENADE 3 13 17 1 2
> GRENADE 1 7 7 5 2
> GRENADE 2 13 3 5 2
> BAT1 12 1 1 4 8 5 10 5 12 5 1 6 1 8 5 8 15 8 19 8 10 9 1 10 5 10 9 10 11 10 15 10 19 10 10 11 1 12 5 12 15 12 19 12 15 14 8 15 10 15 8 19 10 19 12 19 8 3 3 4 8 7 10 7 12 17 14 17
> BAT2 10 3 12 3 3 6 12 7 3 8 7 8 13 8 17 8 3 10 7 10 13 10 17 10 3 12 7 12 13 12 17 12 8 13 10 13 12 13 17 14 8 17 10 17
< RES 1637334149 44 3
< MOVE L L
> REQ 1637334149 45 3
> VAMPIRE 1 5 5 3 0 2 0
> VAMPIRE 4 3 13 3 0 2 0
> VAMPIRE 3 17 15 3 1 2 0
> VAMPIRE 2 15 3 3 0 2 0
> GRENADE 1 7 7 4 2
> GRENADE 2 11 3 4 2
> GRENADE 4 3 13 5 2
> BAT1 12 1 1 4 8 5 10 5 12 5 1 6 1 8 5 8 15 8 19 8 10 9 1 10 5 10 9 10 11 10 15 10 19 10 10 11 1 12 5 12 15 12 19 12 15 14 8 15 10 15 8 19 10 19 12 19 8 3 3 4 8 7 10 7
> BAT2 10 3 12 3 3 6 12 7 3 8 7 8 13 8 17 8 3 10 7 10 13 10 17 10 3 12 7 12 13 12 17 12 8 13 10 13 12 13 17 14 8 17 10 17
< RES 1637334149 45 3
< GRENADE
> REQ 1637334149 46 3
> VAMPIRE 1 5 5 3 0 2 0
> VAMPIRE 4 3 15 3 0 2 0
> VAMPIRE 3 17 15 3 0 2 0
> VAMPIRE 2 15 3 3 0 2 0
> GRENADE 1 7 7 3 2
> GRENADE 2 11 3 3 2
> GRENADE 4 3 11 4 2
> GRENADE 3 17 15 5 2
> BAT1 12 1 1 4 8 5 10 5 12 5 1 6 1 8 5 8 15 8 19 8 10 9 1 10 5 10 9 10 11 10 15 10 19 10 10 11 1 12 5 12 15 12 19 12 15 14 8 15 10 15 8 19 10 19 12 19 8 3 3 4 8 7 10 7
> BAT2 10 3 12 3 3 6 12 7 3 8 7 8 13 8 17 8 3 10 7 10 13 10 17 10 3 12 7 12 13 12 17 12 8 13 10 13 12 13 17 14 8 17 10 17
< RES 1637334149 46 3
< THROW XL 2
< MOVE R R
> REQ 1637334149 47 3
> VAMPIRE 1 5 5 3 0 2 0
> VAMPIRE 4 3 15 3 0 2 0
> VAMPIRE 3 17 17 3 0 2 0
> VAMPIRE 2 15 3 3 0 2 0
> GRENADE 1 7 7 2 2
> GRENADE 2 11 3 2 2
> GRENADE 4 3 11 3 2
> GRENADE 3 17 13 4 2
> BAT1 12 1 1 4 8 5 10 5 12 5 1 6 1 8 5 8 15 8 19 8 10 9 1 10 5 10 9 10 11 10 15 10 19 10 10 11 1 12 5 12 15 12 19 12 15 14 8 15 10 15 8 19 10 19 12 19 8 3 3 4 8 7 10 7
> BAT2 10 3 12 3 3 6 12 7 3 8 7 8 13 8 17 8 3 10 7 10 13 10 17 10 3 12 7 12 13 12 17 12 8 13 10 13 12 13 17 14 8 17 10 17
< RES 1637334149 47 3
> REQ 1637334149 48 3
> VAMPIRE 1 5 5 3 0 2 0
> VAMPIRE 4 3 15 3 0 2 0
> VAMPIRE 3 17 17 3 0 2 0
> VAMPIRE 2 13 3 3 0 2 0
> GRENADE 1 7 7 1 2
> GRENADE 2 11 3 1 2
> GRENADE 4 3 11 2 2
> GRENADE 3 17 13 3 2
> BAT1 12 1 1 4 8 5 10 5 12 5 1 6 1 8 5 8 15 8 19 8 10 9 1 10 5 10 9 10 11 10 15 10 19 10 10 11 1 12 5 12 15 12 19 12 15 14 8 15 10 15 8 19 10 19 12 19 8 3 3 4 8 7 10 7
> BAT2 10 3 12 3 3 6 12 7 3 8 7 8 13 8 17 8 3 10 7 10 13 10 17 10 3 12 7 12 13 12 17 12 8 13 10 13 12 13 17 14 8 17 10 17
< RES 1637334149 48 3
> REQ 1637334149 49 3
> VAMPIRE 1 3 5 3 1 2 0
> VAMPIRE 4 3 13 3 0 2 0
> VAMPIRE 3 17 17 3 0 2 0
> VAMPIRE 2 13 1 3 1 2 0
> GRENADE 4 3 11 1 2
> GRENADE 3 17 13 2 2
> BAT1 12 1 1 4 8 5 10 5 12 5 1 6 1 8 5 8 15 8 19 8 10 9 1 10 5 10 9 10 11 10 15 10 19 10 10 11 1 12 5 12 15 12 19 12 15 14 8 15 10 15 8 19 10 19 12 19 8 3 10 3 12 3 3 4 10 7 7 8
> BAT2 3 6 12 7 3 8 13 8 17 8 3 10 7 10 13 10 17 10 3 12 7 12 13 12 17 12 8 13 10 13 12 13 17 14 8 17 10 17
< RES 1637334149 49 3
> REQ 1637334149 50 3
> VAMPIRE 1 5 5 3 0 2 0
> VAMPIRE 4 1 13 3 1 2 0
> VAMPIRE 3 17 17 3 0 2 0
> VAMPIRE 2 13 3 3 0 2 0
> GRENADE 3 17 13 1 2
> GRENADE 1 3 5 5 2
> GRENADE 2 13 1 5 2
> BAT1 12 1 1 4 8 5 10 5 12 5 1 6 1 8 5 8 15 8 19 8 10 9 1 10 5 10 9 10 11 10 15 10 19 10 10 11 1 12 5 12 15 12 19 12 15 14 8 15 10 15 8 19 10 19 12 19 8 3 10 3 12 3 3 4 10 7 7 8 3 10 3 12
> BAT2 3 6 12 7 3 8 13 8 17 8 7 10 13 10 17 10 7 12 13 12 17 12 8 13 10 13 12 13 17 14 8 17 10 17
< RES 1637334149 50 3
< MOVE L L
> REQ 1637334149 51 3
> VAMPIRE 1 5 3 3 0 2 0
> VAMPIRE 4 1 13 3 0 2 0
> VAMPIRE 3 17 15 3 1 2 0
> VAMPIRE 2 15 3 3 0 2 0
> GRENADE 1 3 5 4 2
> GRENADE 2 13 1 4 2
> GRENADE 4 1 13 5 2
> BAT1 12 1 1 4 8 5 10 5 12 5 1 6 1 8 5 8 15 8 19 8 10 9 1 10 5 10 9 10 11 10 15 10 19 10 10 11 1 12 5 12 15 12 19 12 15 14 8 15 10 15 8 19 10 19 12 19 8 3 10 3 12 3 3 4 10 7 7 8 3 10 3 12 17 12 17 14
> BAT2 3 6 12 7 3 8 13 8 17 8 7 10 13 10 17 10 7 12 13 12 8 13 10 13 12 13 8 17 10 17
< RES 1637334149 51 3
< GRENADE
> REQ 1637334149 52 3
> VAMPIRE 1 5 3 3 0 2 0
> VAMPIRE 4 3 13 3 0 2 0
> VAMPIRE 3 17 15 3 0 2 0
> VAMPIRE 2 15 3 3 0 2 0
> GRENADE 1 3 5 3 2
> GRENADE 2 13 1 3 2
> GRENADE 4 1 11 4 2
> GRENADE 3 17 15 5 2
> BAT1 12 1 1 4 8 5 10 5 12 5 1 6 1 8 5 8 15 8 19 8 10 9 1 10 5 10 9 10 11 10 15 10 19 10 10 11 1 12 5 12 15 12 19 12 15 14 8 15 10 15 8 19 10 19 12 19 8 3 10 3 12 3 3 4 10 7 7 8 3 10 3 12 17 12 17 14
> BAT2 3 6 12 7 3 8 13 8 17 8 7 10 13 10 17 10 7 12 13 12 8 13 10 13 12 13 8 17 10 17
< RES 1637334149 52 3
< THROW XL 2
< MOVE R R
> REQ 1637334149 53 3
> VAMPIRE 1 5 3 3 0 2 0
> VAMPIRE 4 3 15 3 0 2 0
> VAMPIRE 3 17 17 3 0 2 0
> VAMPIRE 2 15 3 3 0 2 0
> GRENADE 1 3 5 2 2
> GRENADE 2 13 1 2 2
> GRENADE 4 1 11 3 2
> GRENADE 3 17 13 4 2
> BAT1 12 1 1 4 8 5 10 5 12 5 1 6 1 8 5 8 15 8 19 8 10 9 1 10 5 10 9 10 11 10 15 10 19 10 10 11 1 12 5 12 15 12 19 12 15 14 8 15 10 15 8 19 10 19 12 19 8 3 10 3 12 3 3 4 10 7 7 8 3 10 3 12 17 12 17 14
> BAT2 3 6 12 7 3 8 13 8 17 8 7 10 13 10 17 10 7 12 13 12 8 13 10 13 12 13 8 17 10 17
< RES 1637334149 53 3
> REQ 1637334149 54 3
> VAMPIRE 1 5 3 3 0 2 0
> VAMPIRE 4 3 15 3 0 2 0
> VAMPIRE 3 17 17 3 0 2 0
> VAMPIRE 2 15 3 3 0 2 0
> GRENADE 1 3 5 1 2
> GRENADE 2 13 1 1 2
> GRENADE 4 1 11 2 2
> GRENADE 3 17 13 3 2
> BAT1 12 1 1 4 8 5 10 5 12 5 1 6 1 8 5 8 15 8 19 8 10 9 1 10 5 10 9 10 11 10 15 10 19 10 10 11 1 12 5 12 15 12 19 12 15 14 8 15 10 15 8 19 10 19 12 19 8 3 10 3 12 3 3 4 10 7 7 8 3 10 3 12 17 12 17 14
> BAT2 3 6 12 7 3 8 13 8 17 8 7 10 13 10 17 10 7 12 13 12 8 13 10 13 12 13 8 17 10 17
< RES 1637334149 54 3
> REQ 1637334149 55 3
> VAMPIRE 1 6 3 3 1 2 0
> VAMPIRE 4 3 15 3 0 2 0
> VAMPIRE 3 17 17 3 0 2 0
> VAMPIRE 2 13 3 3 1 2 0
> GRENADE 4 1 11 1 2
> GRENADE 3 17 13 2 2
> BAT1 1 4 8 5 10 5 12 5 1 6 1 8 5 8 15 8 19 8 10 9 1 10 5 10 9 10 11 10 15 10 19 10 10 11 1 12 5 12 15 12 19 12 15 14 8 15 10 15 8 19 10 19 12 19 8 3 10 3 12 3 3 6 10 7 7 8 3 10 3 12 17 12 17 14
> BAT2 12 7 3 8 13 8 17 8 7 10 13 10 17 10 7 12 13 12 8 13 10 13 12 13 8 17 10 17
< RES 1637334149 55 3
< MOVE U U
> REQ 1637334149 56 3
> VAMPIRE 1 6 3 3 0 2 0
> VAMPIRE 4 3 13 3 1 2 0
> VAMPIRE 3 15 17 3 0 2 0
> VAMPIRE 2 13 3 3 0 2 0
> GRENADE 3 17 13 1 2
> GRENADE 1 6 3 5 2
> GRENADE 2 13 3 5 2
> BAT1 1 4 8 5 10 5 12 5 1 6 1 8 5 8 15 8 19 8 10 9 5 10 9 10 11 10 15 10 19 10 10 11 5 12 15 12 19 12 15 14 8 15 10 15 8 19 10 19 12 19 8 3 10 3 12 3 3 6 10 7 7 8 3 10 3 12 17 12 17 14
> BAT2 12 7 3 8 13 8 17 8 7 10 13 10 17 10 7 12 13 12 8 13 10 13 12 13 8 17 10 17
< RES 1637334149 56 3
< MOVE L L
> REQ 1637334149 57 3
> VAMPIRE 1 7 3 3 0 2 0
> VAMPIRE 4 3 13 3 0 2 0
> VAMPIRE 3 15 15 3 1 2 0
> VAMPIRE 2 13 3 3 0 2 0
> GRENADE 1 9 3 4 2
> GRENADE 2 11 3 4 2
> GRENADE 4 3 13 5 2
> BAT1 1 4 8 5 10 5 12 5 1 6 1 8 5 8 15 8 19 8 10 9 5 10 9 10 11 10 15 10 19 10 10 11 5 12 15 12 19 12 15 14 8 15 10 15 8 19 10 19 12 19 8 3 10 3 12 3 3 6 10 7 7 8 3 10 3 12
> BAT2 12 7 3 8 13 8 17 8 7 10 13 10 17 10 7 12 13 12 8 13 10 13 12 13 8 17 10 17
< RES 1637334149 57 3
< GRENADE
> REQ 1637334149 58 3
> VAMPIRE 1 5 3 3 0 2 0
> VAMPIRE 4 3 15 3 0 2 0
> VAMPIRE 3 15 15 3 0 2 0
> VAMPIRE 2 15 3 3 0 2 0
> GRENADE 1 9 3 3 2
> GRENADE 2 11 3 3 2
> GRENADE 4 3 11 4 2
> GRENADE 3 15 15 5 2
> BAT1 1 4 8 5 10 5 12 5 1 6 1 8 5 8 15 8 19 8 10 9 5 10 9 10 11 10 15 10 19 10 10 11 5 12 15 12 19 12 15 14 8 15 10 15 8 19 10 19 12 19 8 3 10 3 12 3 3 6 10 7 7 8 3 10 3 12
> BAT2 12 7 3 8 13 8 17 8 7 10 13 10 17 10 7 12 13 12 8 13 10 13 12 13 8 17 10 17
< RES 1637334149 58 3
< THROW XL 2
< MOVE U U
> REQ 1637334149 59 3
> VAMPIRE 1 5 3 3 0 2 0
> VAMPIRE 4 3 15 3 0 2 0
> VAMPIRE 3 13 15 3 0 2 0
> VAMPIRE 2 15 3 3 0 2 0
> GRENADE 1 9 3 2 2
> GRENADE 2 11 3 2 2
> GRENADE 4 3 11 3 2
> GRENADE 3 15 13 4 2
> BAT1 1 4 8 5 10 5 12 5 1 6 1 8 5 8 15 8 19 8 10 9 5 10 9 10 11 10 15 10 19 10 10 11 5 12 15 12 19 12 15 14 8 15 10 15 8 19 10 19 12 19 8 3 10 3 12 3 3 6 10 7 7 8 3 10 3 12
> BAT2 12 7 3 8 13 8 17 8 7 10 13 10 17 10 7 12 13 12 8 13 10 13 12 13 8 17 10 17
< RES 1637334149 59 3
> REQ 1637334149 60 3
> VAMPIRE 1 3 3 3 0 2 0
> VAMPIRE 4 3 15 3 0 2 0
> VAMPIRE 3 13 15 3 0 2 0
> VAMPIRE 2 15 5 3 0 2 0
> GRENADE 1 9 3 1 2
> GRENADE 2 11 3 1 2
> GRENADE 4 3 11 2 2
> GRENADE 3 15 13 3 2
> BAT1 1 4 8 5 10 5 12 5 1 6 1 8 5 8 15 8 19 8 10 9 5 10 9 10 11 10 15 10 19 10 10 11 5 12 15 12 19 12 15 14 8 15 10 15 8 19 10 19 12 19 8 3 10 3 12 3 3 6 10 7 7 8 3 10 3 12
> BAT2 12 7 3 8 13 8 17 8 7 10 13 10 17 10 7 12 13 12 8 13 10 13 12 13 8 17 10 17
< RES 1637334149 60 3
< MOVE U U
> REQ 1637334149 61 3
> VAMPIRE 1 3 4 3 1 2 0
> VAMPIRE 4 5 15 3 0 2 0
> VAMPIRE 3 11 15 3 0 2 0
> VAMPIRE 2 13 5 3 1 2 0
> GRENADE 4 3 11 1 2
> GRENADE 3 15 13 2 2
> BAT1 1 4 8 5 10 5 12 5 1 6 1 8 5 8 15 8 19 8 10 9 5 10 9 10 11 10 15 10 19 10 10 11 5 12 15 12 19 12 15 14 8 15 10 15 8 19 10 19 12 19 3 6 10 7 7 8 3 10 3 12
> BAT2 12 7 3 8 13 8 17 8 7 10 13 10 17 10 7 12 13 12 8 13 10 13 12 13 8 17 10 17
< RES 1637334149 61 3
< MOVE L L
> REQ 1637334149 62 3
> VAMPIRE 1 3 4 3 0 2 0
> VAMPIRE 4 7 15 3 1 2 0
> VAMPIRE 3 11 13 3 0 2 0
> VAMPIRE 2 13 5 3 0 2 0
> GRENADE 3 15 13 1 2
> GRENADE 1 3 4 5 2
> GRENADE 2 13 5 5 2
> BAT1 1 4 8 5 10 5 12 5 1 6 1 8 5 8 15 8 19 8 10 9 5 10 9 10 11 10 15 10 19 10 10 11 5 12 15 12 19 12 15 14 8 15 10 15 8 19 10 19 12 19 3 6 10 7 7 8
> BAT2 12 7 3 8 13 8 17 8 7 10 13 10 17 10 7 12 13 12 8 13 10 13 12 13 8 17 10 17
< RES 1637334149 62 3
< MOVE L L
> REQ 1637334149 63 3
> VAMPIRE 1 3 3 3 0 2 0
> VAMPIRE 4 7 15 3 0 2 0
> VAMPIRE 3 11 11 3 1 2 0
> VAMPIRE 2 15 5 3 0 2 0
> GRENADE 1 3 7 4 2
> GRENADE 2 13 7 4 2
> GRENADE 4 7 15 5 2
> BAT1 1 4 8 5 10 5 12 5 1 6 1 8 5 8 15 8 19 8 10 9 5 10 9 10 11 10 15 10 19 10 10 11 5 12 19 12 8 15 10 15 8 19 10 19 12 19 3 6 10 7 7 8
> BAT2 12 7 3 8 13 8 17 8 7 10 13 10 17 10 7 12 13 12 8 13 10 13 12 13 8 17 10 17
< RES 1637334149 63 3
< GRENADE
< MOVE D D
> REQ 1637334149 64 3
> VAMPIRE 1 3 3 3 0 2 0
> VAMPIRE 4 5 15 3 0 2 0
> VAMPIRE 3 13 11 3 0 2 0
> VAMPIRE 2 15 5 3 0 2 0
> GRENADE 1 3 7 3 2
> GRENADE 2 13 7 3 2
> GRENADE 4 7 13 4 2
> GRENADE 3 11 11 5 2
> BAT1 1 4 8 5 10 5 12 5 1 6 1 8 5 8 15 8 19 8 10 9 5 10 9 10 11 10 15 10 19 10 10 11 5 12 19 12 8 15 10 15 8 19 10 19 12 19 3 6 10 7 7 8
> BAT2 12 7 3 8 13 8 17 8 7 10 13 10 17 10 7 12 13 12 8 13 10 13 12 13 8 17 10 17
< RES 1637334149 64 3
< MOVE D D
> REQ 1637334149 65 3
> VAMPIRE 1 3 3 3 0 2 0
> VAMPIRE 4 5 15 3 0 2 0
> VAMPIRE 3 15 11 3 0 2 0
> VAMPIRE 2 15 5 3 0 2 0
> GRENADE 1 3 7 2 2
> GRENADE 2 13 7 2 2
> GRENADE 4 7 13 3 2
> GRENADE 3 11 11 4 2
> BAT1 1 4 8 5 10 5 12 5 1 6 1 8 5 8 15 8 19 8 10 9 5 10 9 10 11 10 15 10 19 10 10 11 5 12 19 12 8 15 10 15 8 19 10 19 12 19 3 6 10 7 7 8
> BAT2 12 7 3 8 13 8 17 8 7 10 13 10 17 10 7 12 13 12 8 13 10 13 12 13 8 17 10 17
< RES 1637334149 65 3
< MOVE R R
> REQ 1637334149 66 3
> VAMPIRE 1 3 5 3 0 2 0
> VAMPIRE 4 5 15 3 0 2 0
> VAMPIRE 3 15 13 3 0 2 0
> VAMPIRE 2 15 5 3 0 2 0
> GRENADE 1 3 7 1 2
> GRENADE 2 13 7 1 2
> GRENADE 4 7 13 2 2
> GRENADE 3 11 11 3 2
> BAT1 1 4 8 5 10 5 12 5 1 6 1 8 5 8 15 8 19 8 10 9 5 10 9 10 11 10 15 10 19 10 10 11 5 12 19 12 8 15 10 15 8 19 10 19 12 19 3 6 10 7 7 8
> BAT2 12 7 3 8 13 8 17 8 7 10 13 10 17 10 7 12 13 12 8 13 10 13 12 13 8 17 10 17
< RES 1637334149 66 3
> REQ 1637334149 67 3
> VAMPIRE 1 1 5 3 1 2 0
> VAMPIRE 4 5 15 3 0 2 0
> VAMPIRE 3 15 13 3 0 2 0
> VAMPIRE 2 13 5 3 1 2 0
> GRENADE 4 7 13 1 2
> GRENADE 3 11 11 2 2
> BAT1 1 4 8 5 10 5 12 5 1 6 1 8 5 8 15 8 19 8 10 9 5 10 9 10 11 10 15 10 19 10 10 11 5 12 19 12 8 15 10 15 8 19 10 19 12 19 10 7 12 7 3 8 7 8 13 8
> BAT2 17 8 7 10 13 10 17 10 7 12 13 12 8 13 10 13 12 13 8 17 10 17
< RES 1637334149 67 3
< MOVE L L
> REQ 1637334149 68 3
> VAMPIRE 1 3 5 3 0 2 0
> VAMPIRE 4 7 15 3 1 2 0
> VAMPIRE 3 15 11 3 0 2 0
> VAMPIRE 2 13 5 3 0 2 0
> GRENADE 3 11 11 1 2
> GRENADE 1 1 5 5 2
> GRENADE 2 13 5 5 2
> BAT1 1 4 8 5 10 5 12 5 1 6 1 8 5 8 15 8 19 8 10 9 5 10 9 10 11 10 15 10 19 10 10 11 5 12 19 12 8 15 10 15 8 19 10 19 12 19 10 7 12 7 3 8 7 8 13 8 7 12 8 13
> BAT2 17 8 7 10 13 10 17 10 13 12 10 13 12 13 8 17 10 17
< RES 1637334149 68 3
< MOVE U U
> REQ 1637334149 69 3
> VAMPIRE 1 5 5 3 0 2 0
> VAMPIRE 4 7 15 3 0 2 0
> VAMPIRE 3 13 11 3 1 2 0
> VAMPIRE 2 15 5 3 0 2 0
> GRENADE 1 1 5 4 2
> GRENADE 2 13 7 4 2
> GRENADE 4 7 15 5 2
> BAT1 1 4 8 5 10 5 12 5 1 6 1 8 5 8 15 8 19 8 10 9 5 10 9 10 15 10 19 10 5 12 19 12 8 15 10 15 8 19 10 19 12 19 10 7 12 7 3 8 7 8 13 8 7 12 8 13
> BAT2 17 8 7 10 13 10 17 10 13 12 10 13 12 13 8 17 10 17
< RES 1637334149 69 3
< GRENADE
< MOVE D D
> REQ 1637334149 70 3
> VAMPIRE 1 5 5 3 0 2 0
> VAMPIRE 4 5 15 3 0 2 0
> VAMPIRE 3 15 11 3 0 2 0
> VAMPIRE 2 15 5 3 0 2 0
> GRENADE 1 1 5 3 2
> GRENADE 2 13 7 3 2
> GRENADE 4 7 13 4 2
> GRENADE 3 13 11 5 2
> BAT1 1 4 8 5 10 5 12 5 1 6 1 8 5 8 15 8 19 8 10 9 5 10 9 10 15 10 19 10 5 12 19 12 8 15 10 15 8 19 10 19 12 19 10 7 12 7 3 8 7 8 13 8 7 12 8 13
> BAT2 17 8 7 10 13 10 17 10 13 12 10 13 12 13 8 17 10 17
< RES 1637334149 70 3
< MOVE R R
> REQ 1637334149 71 3
> VAMPIRE 1 5 5 3 0 2 0
> VAMPIRE 4 5 15 3 0 2 0
> VAMPIRE 3 15 13 3 0 2 0
> VAMPIRE 2 15 5 3 0 2 0
> GRENADE 1 1 5 2 2
> GRENADE 2 13 7 2 2
> GRENADE 4 7 13 3 2
> GRENADE 3 13 11 4 2
> BAT1 1 4 8 5 10 5 12 5 1 6 1 8 5 8 15 8 19 8 10 9 5 10 9 10 15 10 19 10 5 12 19 12 8 15 10 15 8 19 10 19 12 19 10 7 12 7 3 8 7 8 13 8 7 12 8 13
> BAT2 17 8 7 10 13 10 17 10 13 12 10 13 12 13 8 17 10 17
< RES 1637334149 71 3
> REQ 1637334149 72 3
> VAMPIRE 1 5 5 3 0 2 0
> VAMPIRE 4 5 15 3 0 2 0
> VAMPIRE 3 15 13 3 0 2 0
> VAMPIRE 2 15 5 3 0 2 0
> GRENADE 1 1 5 1 2
> GRENADE 2 13 7 1 2
> GRENADE 4 7 13 2 2
> GRENADE 3 13 11 3 2
> BAT1 1 4 8 5 10 5 12 5 1 6 1 8 5 8 15 8 19 8 10 9 5 10 9 10 15 10 19 10 5 12 19 12 8 15 10 15 8 19 10 19 12 19 10 7 12 7 3 8 7 8 13 8 7 12 8 13
> BAT2 17 8 7 10 13 10 17 10 13 12 10 13 12 13 8 17 10 17
< RES 1637334149 72 3
> REQ 1637334149 73 3
> VAMPIRE 1 6 5 3 1 2 0
> VAMPIRE 4 5 15 3 0 2 0
> VAMPIRE 3 15 13 3 0 2 0
> VAMPIRE 2 13 5 3 1 2 0
> GRENADE 4 7 13 1 2
> GRENADE 3 13 11 2 2
> BAT1 8 5 10 5 12 5 1 8 5 8 15 8 19 8 10 9 5 10 9 10 15 10 19 10 5 12 19 12 8 15 10 15 8 19 10 19 12 19 10 7 3 8 7 8 7 12 8 13
> BAT2 17 8 7 10 13 10 17 10 13 12 10 13 12 13 8 17 10 17
< RES 1637334149 73 3
> REQ 1637334149 74 3
> VAMPIRE 1 6 5 3 0 2 0
> VAMPIRE 4 7 15 3 1 2 0
> VAMPIRE 3 15 13 3 0 2 0
> VAMPIRE 2 13 5 3 0 2 0
> GRENADE 3 13 11 1 2
> GRENADE 1 6 5 5 2
> GRENADE 2 13 5 5 2
> BAT1 8 5 10 5 12 5 1 8 5 8 15 8 19 8 10 9 5 10 9 10 15 10 19 10 5 12 19 12 8 15 10 15 8 19 10 19 12 19 10 7 3 8 7 8
> BAT2 17 8 7 10 13 10 17 10 13 12 10 13 12 13 8 17 10 17
< RES 1637334149 74 3
< MOVE U U
> REQ 1637334149 75 3
> VAMPIRE 1 7 5 3 0 2 0
> VAMPIRE 4 7 15 3 0 2 0
> VAMPIRE 3 13 13 3 1 2 0
> VAMPIRE 2 13 3 3 0 2 0
> GRENADE 1 9 5 4 2
> GRENADE 2 11 5 4 2
> GRENADE 4 7 15 5 2
> BAT1 8 5 10 5 12 5 1 8 5 8 15 8 19 8 10 9 5 10 9 10 15 10 19 10 5 12 19 12 8 15 10 15 8 19 10 19 12 19 10 7 3 8 7 8 13 10 13 12
> BAT2 17 8 7 10 17 10 10 13 12 13 8 17 10 17
< RES 1637334149 75 3
< GRENADE
< MOVE D D
> REQ 1637334149 76 3
> VAMPIRE 1 5 5 3 0 2 0
> VAMPIRE 4 7 13 3 0 2 0
> VAMPIRE 3 15 13 3 0 2 0
> VAMPIRE 2 13 3 3 0 2 0
> GRENADE 1 9 5 3 2
> GRENADE 2 11 5 3 2
> GRENADE 4 9 15 4 2
> GRENADE 3 13 13 5 2
> BAT1 8 5 10 5 12 5 1 8 5 8 15 8 19 8 10 9 5 10 9 10 15 10 19 10 5 12 19 12 8 15 10 15 8 19 10 19 12 19 10 7 3 8 7 8 13 10 13 12
> BAT2 17 8 7 10 17 10 10 13 12 13 8 17 10 17
< RES 1637334149 76 3
< MOVE D D
> REQ 1637334149 77 3
> VAMPIRE 1 5 5 3 0 2 0
> VAMPIRE 4 7 13 3 0 2 0
> VAMPIRE 3 17 13 3 0 2 0
> VAMPIRE 2 13 3 3 0 2 0
> GRENADE 1 9 5 2 2
> GRENADE 2 11 5 2 2
> GRENADE 4 9 15 3 2
> GRENADE 3 13 13 4 2
> BAT1 8 5 10 5 12 5 1 8 5 8 15 8 19 8 10 9 5 10 9 10 15 10 19 10 5 12 19 12 8 15 10 15 8 19 10 19 12 19 10 7 3 8 7 8 13 10 13 12
> BAT2 17 8 7 10 17 10 10 13 12 13 8 17 10 17
< RES 1637334149 77 3
> REQ 1637334149 78 3
> VAMPIRE 1 5 5 3 0 2 0
> VAMPIRE 4 7 13 3 0 2 0
> VAMPIRE 3 17 13 3 0 2 0
> VAMPIRE 2 13 3 3 0 2 0
> GRENADE 1 9 5 1 2
> GRENADE 2 11 5 1 2
> GRENADE 4 9 15 2 2
> GRENADE 3 13 13 3 2
> BAT1 8 5 10 5 12 5 1 8 5 8 15 8 19 8 10 9 5 10 9 10 15 10 19 10 5 12 19 12 8 15 10 15 8 19 10 19 12 19 10 7 3 8 7 8 13 10 13 12
> BAT2 17 8 7 10 17 10 10 13 12 13 8 17 10 17
< RES 1637334149 78 3
> REQ 1637334149 79 3
> VAMPIRE 1 5 7 3 1 2 0
> VAMPIRE 4 7 11 3 0 2 0
> VAMPIRE 3 17 13 3 0 2 0
> VAMPIRE 2 11 3 3 1 2 0
> GRENADE 4 9 15 1 2
> GRENADE 3 13 13 2 2
> BAT1 1 8 5 8 15 8 19 8 10 9 5 10 9 10 15 10 19 10 5 12 19 12 8 15 10 15 8 19 10 19 12 19 10 7 3 8 7 8 13 10 13 12
> BAT2 17 8 7 10 17 10 10 13 12 13 8 17 10 17
< RES 1637334149 79 3
< MOVE L L
> REQ 1637334149 80 3
> VAMPIRE 1 5 7 3 0 2 0
> VAMPIRE 4 5 11 3 1 2 0
> VAMPIRE 3 17 11 3 0 2 0
> VAMPIRE 2 11 5 3 1 2 0
> GRENADE 3 13 13 1 2
> GRENADE 1 5 7 5 2
> BAT1 1 8 5 8 15 8 19 8 10 9 5 10 9 10 15 10 19 10 5 12 19 12 8 19 10 19 12 19 10 7 3 8 7 8 13 10 13 12
> BAT2 17 8 7 10 17 10 10 13 12 13 8 17 10 17
< RES 1637334149 80 3
< MOVE D D
> REQ 1637334149 81 3
> VAMPIRE 1 5 7 3 0 2 0
> VAMPIRE 4 3 11 3 0 2 0
> VAMPIRE 3 19 11 3 1 2 0
> VAMPIRE 2 11 7 3 1 2 0
> GRENADE 1 5 9 4 2
> GRENADE 4 5 11 5 2
> BAT1 1 8 5 8 15 8 19 8 10 9 5 10 9 10 15 10 19 10 5 12 19 12 8 19 10 19 12 19 10 7 3 8 7 8 13 10 12 13
> BAT2 17 8 7 10 17 10 10 13 8 17 10 17
< RES 1637334149 81 3
< GRENADE
< MOVE U U
> REQ 1637334149 82 3
> VAMPIRE 1 5 5 3 0 2 0
> VAMPIRE 4 3 13 3 0 2 0
> VAMPIRE 3 17 11 3 0 2 0
> VAMPIRE 2 11 5 3 0 2 0
> GRENADE 1 5 9 3 2
> GRENADE 4 5 11 4 2
> GRENADE 3 19 11 5 2
> GRENADE 2 11 7 5 2
> BAT1 1 8 5 8 15 8 19 8 10 9 5 10 9 10 15 10 19 10 5 12 19 12 8 19 10 19 12 19 10 7 3 8 7 8 13 10 12 13
> BAT2 17 8 7 10 17 10 10 13 8 17 10 17
< RES 1637334149 82 3
< MOVE R R
> REQ 1637334149 83 3
> VAMPIRE 1 5 5 3 0 2 0
> VAMPIRE 4 3 13 3 0 2 0
> VAMPIRE 3 17 13 3 0 2 0
> VAMPIRE 2 13 5 3 0 2 0
> GRENADE 1 5 9 2 2
> GRENADE 4 5 11 3 2
> GRENADE 3 19 11 4 2
> GRENADE 2 11 7 4 2
> BAT1 1 8 5 8 15 8 19 8 10 9 5 10 9 10 15 10 19 10 5 12 19 12 8 19 10 19 12 19 10 7 3 8 7 8 13 10 12 13
> BAT2 17 8 7 10 17 10 10 13 8 17 10 17
< RES 1637334149 83 3
> REQ 1637334149 84 3
> VAMPIRE 1 3 5 3 0 2 0
> VAMPIRE 4 3 13 3 0 2 0
> VAMPIRE 3 17 13 3 0 2 0
> VAMPIRE 2 15 5 3 0 2 0
> GRENADE 1 5 9 1 2
> GRENADE 4 5 11 2 2
> GRENADE 3 19 11 3 2
> GRENADE 2 11 7 3 2
> BAT1 1 8 5 8 15 8 19 8 10 9 5 10 9 10 15 10 19 10 5 12 19 12 8 19 10 19 12 19 10 7 3 8 7 8 13 10 12 13
> BAT2 17 8 7 10 17 10 10 13 8 17 10 17
< RES 1637334149 84 3
> REQ 1637334149 85 3
> VAMPIRE 1 3 6 3 1 2 0
> VAMPIRE 4 3 12 3 0 2 0
> VAMPIRE 3 17 13 3 0 2 0
> VAMPIRE 2 15 5 3 0 2 0
> GRENADE 4 5 11 1 2
> GRENADE 3 19 11 2 2
> GRENADE 2 11 7 2 2
> BAT1 1 8 15 8 19 8 10 9 9 10 15 10 19 10 5 12 19 12 8 19 10 19 12 19 10 7 3 8 7 8 13 10 12 13
> BAT2 17 8 7 10 17 10 10 13 8 17 10 17
< RES 1637334149 85 3
> REQ 1637334149 86 3
> VAMPIRE 1 3 6 3 0 2 0
> VAMPIRE 4 3 10 3 1 2 0
> VAMPIRE 3 17 13 3 0 2 0
> VAMPIRE 2 15 5 3 0 2 0
> GRENADE 3 19 11 1 2
> GRENADE 2 11 7 1 2
> GRENADE 1 3 6 5 2
> BAT1 1 8 15 8 19 8 10 9 9 10 15 10 19 10 19 12 8 19 10 19 12 19 10 7 3 8 7 8 13 10 12 13
> BAT2 17 8 7 10 17 10 10 13 8 17 10 17
< RES 1637334149 86 3
< MOVE L L
> REQ 1637334149 87 3
> VAMPIRE 1 3 5 3 0 2 0
> VAMPIRE 4 4 9 3 0 2 0
> VAMPIRE 3 17 11 3 1 2 0
> VAMPIRE 2 15 7 3 1 2 0
> GRENADE 1 1 6 4 2
> GRENADE 4 3 10 5 2
> BAT1 1 8 15 8 19 8 10 9 9 10 15 10 8 19 10 19 12 19 3 8 7 8 13 10 12 13
> BAT2 17 8 7 10 17 10 10 13 8 17 10 17
< RES 1637334149 87 3
< GRENADE
> REQ 1637334149 88 3
> VAMPIRE 1 3 5 3 0 2 0
> VAMPIRE 4 5 9 3 0 2 0
> VAMPIRE 3 17 11 3 0 2 0
> VAMPIRE 2 15 7 3 0 2 0
> GRENADE 1 1 6 3 2
> GRENADE 4 3 10 4 2
> GRENADE 3 17 11 5 2
> GRENADE 2 15 7 5 2
> BAT1 1 8 15 8 19 8 10 9 9 10 15 10 8 19 10 19 12 19 3 8 7 8 13 10 12 13
> BAT2 17 8 7 10 17 10 10 13 8 17 10 17
< RES 1637334149 88 3
< THROW XL 2
> REQ 1637334149 89 3
> VAMPIRE 1 3 5 3 0 2 0
> VAMPIRE 4 5 9 3 0 2 0
> VAMPIRE 3 17 11 3 0 2 0
> VAMPIRE 2 13 7 3 0 2 0
> GRENADE 1 1 6 2 2
> GRENADE 4 3 10 3 2
> GRENADE 3 17 9 4 2
> GRENADE 2 15 9 4 2
> BAT1 1 8 15 8 19 8 10 9 9 10 15 10 8 19 10 19 12 19 3 8 7 8 13 10 12 13
> BAT2 17 8 7 10 17 10 10 13 8 17 10 17
< RES 1637334149 89 3
< MOVE R R
> REQ 1637334149 90 3
> VAMPIRE 1 3 5 3 0 2 0
> VAMPIRE 4 5 9 3 0 2 0
> VAMPIRE 3 17 13 3 0 2 0
> VAMPIRE 2 13 7 3 0 2 0
> GRENADE 1 1 6 1 2
> GRENADE 4 3 10 2 2
> GRENADE 3 17 9 3 2
> GRENADE 2 15 9 3 2
> BAT1 1 8 15 8 19 8 10 9 9 10 15 10 8 19 10 19 12 19 3 8 7 8 13 10 12 13
> BAT2 17 8 7 10 17 10 10 13 8 17 10 17
< RES 1637334149 90 3
> REQ 1637334149 91 3
> VAMPIRE 1 3 5 3 1 2 0
> VAMPIRE 4 7 9 3 0 2 0
> VAMPIRE 3 17 13 3 0 2 0
> VAMPIRE 2 13 7 3 0 2 0
> GRENADE 4 3 10 1 2
> GRENADE 3 17 9 2 2
> GRENADE 2 15 9 2 2
> BAT1 15 8 19 8 10 9 9 10 15 10 8 19 10 19 12 19 3 8 7 8 13 10 12 13
> BAT2 17 8 7 10 17 10 10 13 8 17 10 17
< RES 1637334149 91 3
> REQ 1637334149 92 3
> VAMPIRE 1 5 5 3 1 2 0
> VAMPIRE 4 7 9 3 1 2 0
> VAMPIRE 3 17 13 3 0 2 0
> VAMPIRE 2 13 7 3 0 2 0
> GRENADE 3 17 9 1 2
> GRENADE 2 15 9 1 2
> BAT1 15 8 19 8 10 9 9 10 15 10 8 19 10 19 12 19 7 8 13 10 12 13
> BAT2 17 8 7 10 17 10 10 13 8 17 10 17
< RES 1637334149 92 3
< MOVE L L
> REQ 1637334149 93 3
> VAMPIRE 1 7 5 3 1 2 0
> VAMPIRE 4 7 9 3 0 2 0
> VAMPIRE 3 17 11 3 1 2 0
> VAMPIRE 2 13 8 3 1 2 0
> GRENADE 4 7 9 5 2
> BAT1 19 8 10 9 9 10 8 19 10 19 12 19 7 8 17 8 13 10 17 10 12 13
> BAT2 7 10 10 13 8 17 10 17
< RES 1637334149 93 3
< GRENADE
> REQ 1637334149 94 3
> VAMPIRE 1 7 6 3 1 2 0
> VAMPIRE 4 7 9 3 0 2 0
> VAMPIRE 3 17 11 3 0 2 0
> VAMPIRE 2 12 9 3 1 2 0
> GRENADE 4 9 9 4 2
> GRENADE 3 17 11 5 2
> BAT1 19 8 10 9 9 10 8 19 10 19 12 19 7 8 17 8 13 10 17 10 12 13
> BAT2 7 10 10 13 8 17 10 17
< RES 1637334149 94 3
< THROW XL 2
< MOVE U U
> REQ 1637334149 95 3
> VAMPIRE 1 7 6 3 0 2 0
> VAMPIRE 4 5 9 3 0 2 0
> VAMPIRE 3 15 11 3 0 2 0
> VAMPIRE 2 12 9 3 0 2 0
> GRENADE 4 9 9 3 2
> GRENADE 3 17 9 4 2
> GRENADE 1 7 6 5 2
> GRENADE 2 12 9 5 2
> BAT1 19 8 10 9 9 10 8 19 10 19 12 19 7 8 17 8 13 10 17 10 12 13
> BAT2 7 10 10 13 8 17 10 17
< RES 1637334149 95 3
> REQ 1637334149 96 3
> VAMPIRE 1 7 6 3 0 2 0
> VAMPIRE 4 5 9 3 0 2 0
> VAMPIRE 3 15 11 3 0 2 0
> VAMPIRE 2 13 8 3 0 2 0
> GRENADE 4 9 9 2 2
> GRENADE 3 17 9 3 2
> GRENADE 1 7 9 4 2
> GRENADE 2 15 9 4 2
> BAT1 19 8 10 9 9 10 8 19 10 19 12 19 7 8 17 8 13 10 17 10 12 13
> BAT2 7 10 10 13 8 17 10 17
< RES 1637334149 96 3
< MOVE U U
> REQ 1637334149 97 3
> VAMPIRE 1 7 5 3 0 2 0
> VAMPIRE 4 5 11 3 0 2 0
> VAMPIRE 3 13 11 3 0 2 0
> VAMPIRE 2 13 7 3 0 2 0
> GRENADE 4 9 9 1 2
> GRENADE 3 17 9 2 2
> GRENADE 1 7 9 3 2
> GRENADE 2 15 9 3 2
> BAT1 19 8 10 9 9 10 8 19 10 19 12 19 7 8 17 8 13 10 17 10 12 13
> BAT2 7 10 10 13 8 17 10 17
< RES 1637334149 97 3
< MOVE U U
> REQ 1637334149 98 3
> VAMPIRE 1 7 7 3 1 2 0
> VAMPIRE 4 7 11 3 1 2 0
> VAMPIRE 3 11 11 3 0 2 0
> VAMPIRE 2 13 7 3 0 2 0
> GRENADE 3 17 9 1 2
> GRENADE 2 15 9 2 2
> BAT1 19 8 8 19 10 19 12 19 17 8 7 10 13 10 17 10 12 13
> BAT2 10 13 8 17 10 17
< RES 1637334149 98 3
< MOVE R R
> REQ 1637334149 99 3
> VAMPIRE 1 7 8 3 1 2 0
> VAMPIRE 4 7 13 3 0 2 0
> VAMPIRE 3 11 13 3 1 2 0
> VAMPIRE 2 13 8 3 1 2 0
> GRENADE 4 7 11 5 2
> BAT1 19 8 8 19 10 19 12 19 7 10 13 10 12 13
> BAT2 10 13 8 17 10 17
< RES 1637334149 99 3
< GRENADE
< MOVE L L
> REQ 1637334149 100 3
> VAMPIRE 1 8 9 3 0 2 0
> VAMPIRE 4 7 15 3 0 2 0
> VAMPIRE 3 11 11 3 0 2 0
> VAMPIRE 2 12 9 3 0 2 0
> GRENADE 4 7 11 4 2
> GRENADE 1 7 8 5 2
> GRENADE 3 11 13 5 2
> GRENADE 2 13 8 5 2
> BAT1 19 8 8 19 10 19 12 19 7 10 13 10 12 13
> BAT2 10 13 8 17 10 17
< RES 1637334149 100 3
< MOVE D D
> REQ 1637334149 101 3
> VAMPIRE 1 9 9 3 0 2 0
> VAMPIRE 4 7 15 3 0 2 0
> VAMPIRE 3 13 11 3 0 2 0
> VAMPIRE 2 14 9 3 0 2 0
> GRENADE 4 7 11 3 2
> GRENADE 1 7 8 4 2
> GRENADE 3 11 13 4 2
> GRENADE 2 13 8 4 2
> BAT1 19 8 8 19 10 19 12 19 7 10 13 10 12 13
> BAT2 10 13 8 17 10 17
< RES 1637334149 101 3
< MOVE D D
> REQ 1637334149 102 3
> VAMPIRE 1 9 9 3 0 2 0
> VAMPIRE 4 7 15 3 0 2 0
> VAMPIRE 3 15 11 3 0 2 0
> VAMPIRE 2 15 9 3 0 2 0
> GRENADE 4 7 11 2 2
> GRENADE 1 7 8 3 2
> GRENADE 3 11 13 3 2
> GRENADE 2 13 8 3 2
> BAT1 19 8 8 19 10 19 12 19 7 10 13 10 12 13
> BAT2 10 13 8 17 10 17
< RES 1637334149 102 3
< MOVE L L
> REQ 1637334149 103 3
> VAMPIRE 1 9 9 3 0 2 0
> VAMPIRE 4 9 15 3 0 2 0
> VAMPIRE 3 15 9 3 0 2 0
> VAMPIRE 2 17 9 3 0 2 0
> GRENADE 4 7 11 1 2
> GRENADE 1 7 8 2 2
> GRENADE 3 11 13 2 2
> GRENADE 2 13 8 2 2
> BAT1 19 8 8 19 10 19 12 19 7 10 13 10 12 13
> BAT2 10 13 8 17 10 17
< RES 1637334149 103 3
< MOVE D D
> REQ 1637334149 104 3
> VAMPIRE 1 9 11 3 0 2 0
> VAMPIRE 4 9 17 3 1 2 0
> VAMPIRE 3 17 9 3 0 2 0
> VAMPIRE 2 19 9 3 0 2 0
> GRENADE 1 7 8 1 2
> GRENADE 3 11 13 1 2
> GRENADE 2 13 8 1 2
> BAT1 19 8 8 19 10 19 12 19 13 10 12 13
> BAT2 10 13 8 17 10 17
< RES 1637334149 104 3
< MOVE D D
> REQ 1637334149 105 3
> VAMPIRE 1 9 13 3 1 2 0
> VAMPIRE 4 9 15 3 0 2 0
> VAMPIRE 3 19 9 3 1 2 0
> VAMPIRE 2 19 10 3 1 2 0
> GRENADE 4 9 17 5 2
> BAT1 19 8 8 19 10 19 12 19 10 13
> BAT2 8 17 10 17
< RES 1637334149 105 3
< GRENADE
< MOVE U U
> REQ 1637334149 106 3
> VAMPIRE 1 9 13 3 0 2 0
> VAMPIRE 4 7 15 3 0 2 0
> VAMPIRE 3 17 9 3 0 2 0
> VAMPIRE 2 18 11 3 0 2 0
> GRENADE 4 9 17 4 2
> GRENADE 1 9 13 5 2
> GRENADE 3 19 9 5 2
> GRENADE 2 19 10 5 2
> BAT1 19 8 8 19 10 19 12 19 10 13
> BAT2 8 17 10 17
< RES 1637334149 106 3
< MOVE L L
> REQ 1637334149 107 3
> VAMPIRE 1 9 15 3 0 2 0
> VAMPIRE 4 5 15 3 0 2 0
> VAMPIRE 3 17 7 3 0 2 0
> VAMPIRE 2 19 12 3 0 2 0
> GRENADE 4 9 17 3 2
> GRENADE 1 9 16 4 2
> GRENADE 3 19 9 4 2
> GRENADE 2 19 10 4 2
> BAT1 19 8 8 19 10 19 12 19 10 13
> BAT2 8 17 10 17
< RES 1637334149 107 3
> REQ 1637334149 108 3
> VAMPIRE 1 11 15 3 0 2 0
> VAMPIRE 4 5 17 3 0 2 0
> VAMPIRE 3 17 7 3 0 2 0
> VAMPIRE 2 19 11 3 0 2 0
> GRENADE 4 9 17 2 2
> GRENADE 1 9 19 3 2
> GRENADE 3 19 9 3 2
> GRENADE 2 19 10 3 2
> BAT1 19 8 8 19 10 19 12 19 10 13
> BAT2 8 17 10 17
< RES 1637334149 108 3
> REQ 1637334149 109 3
> VAMPIRE 1 11 15 3 0 2 0
> VAMPIRE 4 5 17 3 0 2 0
> VAMPIRE 3 17 7 3 0 2 0
> VAMPIRE 2 19 13 3 0 2 0
> GRENADE 4 9 17 1 2
> GRENADE 1 9 19 2 2
> GRENADE 3 19 9 2 2
> GRENADE 2 19 7 2 2
> BAT1 19 8 8 19 10 19 12 19 10 13
> BAT2 8 17 10 17
< RES 1637334149 109 3
< MOVE U U
> REQ 1637334149 110 3
> VAMPIRE 1 11 17 3 1 2 0
> VAMPIRE 4 7 17 3 1 2 0
> VAMPIRE 3 15 7 3 0 2 0
> VAMPIRE 2 17 13 3 0 2 0
> GRENADE 3 19 9 1 2
> GRENADE 2 19 7 1 2
> BAT1 19 8 12 19 10 13 8 17 10 17
< RES 1637334149 110 3
< MOVE U U
> REQ 1637334149 111 3
> VAMPIRE 1 11 17 3 0 2 0
> VAMPIRE 4 7 17 3 0 2 0
> VAMPIRE 3 13 7 3 1 2 0
> VAMPIRE 2 15 13 3 1 2 0
> GRENADE 1 11 17 5 2
> GRENADE 4 7 17 5 2
> BAT1 12 19 10 13 8 17 10 17
< RES 1637334149 111 3
< MOVE U U
> REQ 1637334149 112 3
> VAMPIRE 1 11 15 3 0 2 0
> VAMPIRE 4 7 15 3 0 2 0
> VAMPIRE 3 11 7 3 1 2 0
> VAMPIRE 2 15 13 3 0 2 0
> GRENADE 1 9 17 4 2
> GRENADE 4 9 17 4 2
> GRENADE 2 15 13 5 2
> BAT1 12 19 10 13 8 17 10 17
< RES 1637334149 112 3
< MOVE R R
> REQ 1637334149 113 3
> VAMPIRE 1 13 15 3 0 2 0
> VAMPIRE 4 7 13 3 0 2 0
> VAMPIRE 3 11 9 3 1 2 0
> VAMPIRE 2 15 11 3 0 2 0
> GRENADE 1 9 17 3 2
> GRENADE 4 9 17 3 2
> GRENADE 2 12 13 4 2
> BAT1 12 19 10 13 8 17 10 17
< RES 1637334149 113 3
< MOVE R
> REQ 1637334149 114 3
> VAMPIRE 1 11 15 3 0 2 0
> VAMPIRE 4 7 13 3 0 2 0
> VAMPIRE 3 11 10 3 1 2 0
> VAMPIRE 2 15 11 3 0 2 0
> GRENADE 1 9 17 2 2
> GRENADE 4 9 17 2 2
> GRENADE 2 12 13 3 2
> BAT1 12 19 10 13 8 17 10 17
< RES 1637334149 114 3
< GRENADE
> REQ 1637334149 115 3
> VAMPIRE 1 11 17 3 0 2 0
> VAMPIRE 4 7 13 3 0 2 0
> VAMPIRE 3 11 10 3 0 2 0
> VAMPIRE 2 13 11 3 0 2 0
> GRENADE 1 9 17 1 2
> GRENADE 4 9 17 1 2
> GRENADE 2 12 13 2 2
> GRENADE 3 11 10 5 2
> BAT1 12 19 10 13 8 17 10 17
< RES 1637334149 115 3
< THROW XR 3
< MOVE R U
> REQ 1637334149 116 3
> VAMPIRE 1 11 19 3 1 2 0
> VAMPIRE 4 7 13 3 1 2 0
> VAMPIRE 3 10 11 3 0 2 0
> VAMPIRE 2 13 11 3 0 2 0
> GRENADE 2 12 13 1 2
> GRENADE 3 11 13 4 2
> BAT1 12 19 10 13
< RES 1637334149 116 3
< MOVE U
> REQ 1637334149 117 3
> VAMPIRE 1 11 17 3 0 2 0
> VAMPIRE 4 7 15 3 1 2 0
> VAMPIRE 3 9 11 3 1 2 0
> VAMPIRE 2 13 13 3 1 2 0
> GRENADE 1 11 19 5 2
> BAT1 12 19
< RES 1637334149 117 3
< MOVE D D
> REQ 1637334149 118 3
> VAMPIRE 1 13 17 3 0 2 0
> VAMPIRE 4 7 15 3 1 2 0
> VAMPIRE 3 11 11 3 1 2 0
> VAMPIRE 2 13 13 3 1 2 0
> GRENADE 1 11 19 4 2
> BAT1 12 19
< RES 1637334149 118 3
> REQ 1637334149 119 3
> VAMPIRE 1 13 17 3 0 2 0
> VAMPIRE 4 9 15 3 1 2 0
> VAMPIRE 3 11 11 3 1 2 0
> VAMPIRE 2 15 13 3 1 2 0
> GRENADE 1 11 19 3 2
> BAT1 12 19
< RES 1637334149 119 3
< MOVE R R
> REQ 1637334149 120 3
> VAMPIRE 1 13 17 3 0 2 0
> VAMPIRE 4 9 15 3 1 2 0
> VAMPIRE 3 11 13 3 1 2 0
> VAMPIRE 2 15 13 3 1 2 0
> GRENADE 1 11 19 2 2
> BAT1 12 19
< RES 1637334149 120 3
> REQ 1637334149 121 3
> VAMPIRE 1 13 17 3 0 2 0
> VAMPIRE 4 9 15 3 1 2 0
> VAMPIRE 3 11 13 3 1 2 0
> VAMPIRE 2 15 13 3 1 2 0
> GRENADE 1 11 19 1 2
> BAT1 12 19
< RES 1637334149 121 3
> REQ 1637334149 122 3
> VAMPIRE 1 13 17 3 1 2 0
> VAMPIRE 4 9 15 3 1 2 0
> VAMPIRE 3 11 13 3 1 2 0
> VAMPIRE 2 15 13 3 1 2 0
< RES 1637334149 122 3
> REQ 1637334149 123 3
> VAMPIRE 1 13 17 3 1 2 0
> VAMPIRE 4 9 15 3 1 2 0
> VAMPIRE 3 11 13 3 1 2 0
> VAMPIRE 2 15 13 3 1 2 0
< RES 1637334149 123 3
> REQ 1637334149 124 3
> VAMPIRE 1 13 17 3 1 2 0
> VAMPIRE 4 9 15 3 1 2 0
> VAMPIRE 3 11 13 3 1 2 0
> VAMPIRE 2 15 13 3 1 2 0
< RES 1637334149 124 3
> REQ 1637334149 125 3
> VAMPIRE 1 13 17 3 1 2 0
> VAMPIRE 4 9 15 3 1 2 0
> VAMPIRE 3 11 13 3 1 2 0
> VAMPIRE 2 15 13 3 1 2 0
< RES 1637334149 125 3
> REQ 1637334149 126 3
> VAMPIRE 1 13 17 3 1 2 0
> VAMPIRE 4 9 15 3 1 2 0
> VAMPIRE 3 11 13 3 1 2 0
> VAMPIRE 2 15 13 3 1 2 0
< RES 1637334149 126 3
> REQ 1637334149 127 3
> VAMPIRE 1 13 17 3 1 2 0
> VAMPIRE 4 9 15 3 1 2 0
> VAMPIRE 3 11 13 3 1 2 0
> VAMPIRE 2 15 13 3 1 2 0
< RES 1637334149 127 3
> REQ 1637334149 128 3
> VAMPIRE 1 13 17 3 1 2 0
> VAMPIRE 4 9 15 3 1 2 0
> VAMPIRE 3 11 13 3 1 2 0
> VAMPIRE 2 15 13 3 1 2 0
< RES 1637334149 128 3
> REQ 1637334149 129 3
> VAMPIRE 1 13 17 3 1 2 0
> VAMPIRE 4 9 15 3 1 2 0
> VAMPIRE 3 11 13 3 1 2 0
> VAMPIRE 2 15 13 3 1 2 0
< RES 1637334149 129 3
> REQ 1637334149 130 3
> VAMPIRE 1 13 17 3 1 2 0
> VAMPIRE 4 9 15 3 1 2 0
> VAMPIRE 3 11 13 3 1 2 0
> VAMPIRE 2 15 13 3 1 2 0
< RES 1637334149 130 3
> REQ 1637334149 131 3
> VAMPIRE 1 13 17 3 1 2 0
> VAMPIRE 4 9 15 3 1 2 0
> VAMPIRE 3 11 13 3 1 2 0
> VAMPIRE 2 15 13 3 1 2 0
< RES 1637334149 131 3
> REQ 1637334149 132 3
> VAMPIRE 1 13 17 3 1 2 0
> VAMPIRE 4 9 15 3 1 2 0
> VAMPIRE 3 11 13 3 1 2 0
> VAMPIRE 2 15 13 3 1 2 0
< RES 1637334149 132 3
> REQ 1637334149 133 3
> VAMPIRE 1 13 17 3 1 2 0
> VAMPIRE 4 9 15 3 1 2 0
> VAMPIRE 3 11 13 3 1 2 0
> VAMPIRE 2 15 13 3 1 2 0
< RES 1637334149 133 3
> REQ 1637334149 134 3
> VAMPIRE 1 13 17 3 1 2 0
> VAMPIRE 4 9 15 3 1 2 0
> VAMPIRE 3 11 13 3 1 2 0
> VAMPIRE 2 15 13 3 1 2 0
< RES 1637334149 134 3
> REQ 1637334149 135 3
> VAMPIRE 1 13 17 3 1 2 0
> VAMPIRE 4 9 15 3 1 2 0
> VAMPIRE 3 11 13 3 1 2 0
> VAMPIRE 2 15 13 3 1 2 0
< RES 1637334149 135 3
> REQ 1637334149 136 3
> VAMPIRE 1 13 17 3 1 2 0
> VAMPIRE 4 9 15 3 1 2 0
> VAMPIRE 3 11 13 3 1 2 0
> VAMPIRE 2 15 13 3 1 2 0
< RES 1637334149 136 3
> REQ 1637334149 137 3
> VAMPIRE 1 13 17 3 1 2 0
> VAMPIRE 4 9 15 3 1 2 0
> VAMPIRE 3 11 13 3 1 2 0
> VAMPIRE 2 15 13 3 1 2 0
< RES 1637334149 137 3
> REQ 1637334149 138 3
> VAMPIRE 1 13 17 3 1 2 0
> VAMPIRE 4 9 15 3 1 2 0
> VAMPIRE 3 11 13 3 1 2 0
> VAMPIRE 2 15 13 3 1 2 0
< RES 1637334149 138 3
> REQ 1637334149 139 3
> VAMPIRE 1 13 17 3 1 2 0
> VAMPIRE 4 9 15 3 1 2 0
> VAMPIRE 3 11 13 3 1 2 0
> VAMPIRE 2 15 13 3 1 2 0
< RES 1637334149 139 3
> REQ 1637334149 140 3
> VAMPIRE 1 13 17 3 1 2 0
> VAMPIRE 4 9 15 3 1 2 0
> VAMPIRE 3 11 13 3 1 2 0
> VAMPIRE 2 15 13 3 1 2 0
< RES 1637334149 140 3
> REQ 1637334149 141 3
> VAMPIRE 1 13 17 3 1 2 0
> VAMPIRE 4 9 15 3 1 2 0
> VAMPIRE 3 11 13 3 1 2 0
> VAMPIRE 2 15 13 3 1 2 0
< RES 1637334149 141 3
> REQ 1637334149 142 3
> VAMPIRE 1 13 17 3 1 2 0
> VAMPIRE 4 9 15 3 1 2 0
> VAMPIRE 3 11 13 3 1 2 0
> VAMPIRE 2 15 13 3 1 2 0
< RES 1637334149 142 3
> REQ 1637334149 143 3
> VAMPIRE 1 13 17 3 1 2 0
> VAMPIRE 4 9 15 3 1 2 0
> VAMPIRE 3 11 13 3 1 2 0
> VAMPIRE 2 15 13 3 1 2 0
< RES 1637334149 143 3
> REQ 1637334149 144 3
> VAMPIRE 1 13 17 3 1 2 0
> VAMPIRE 4 9 15 3 1 2 0
> VAMPIRE 3 11 13 3 1 2 0
> VAMPIRE 2 15 13 3 1 2 0
< RES 1637334149 144 3
> REQ 1637334149 145 3
> VAMPIRE 1 13 17 3 1 2 0
> VAMPIRE 4 9 15 3 1 2 0
> VAMPIRE 3 11 13 3 1 2 0
> VAMPIRE 2 15 13 3 1 2 0
< RES 1637334149 145 3
> REQ 1637334149 146 3
> VAMPIRE 1 13 17 3 1 2 0
> VAMPIRE 4 9 15 3 1 2 0
> VAMPIRE 3 11 13 3 1 2 0
> VAMPIRE 2 15 13 3 1 2 0
< RES 1637334149 146 3
> REQ 1637334149 147 3
> VAMPIRE 1 13 17 3 1 2 0
> VAMPIRE 4 9 15 3 1 2 0
> VAMPIRE 3 11 13 3 1 2 0
> VAMPIRE 2 15 13 3 1 2 0
< RES 1637334149 147 3
> REQ 1637334149 148 3
> VAMPIRE 1 13 17 3 1 2 0
> VAMPIRE 4 9 15 3 1 2 0
> VAMPIRE 3 11 13 3 1 2 0
> VAMPIRE 2 15 13 3 1 2 0
> POWERUP GRENADE -5 9 7 5
> POWERUP GRENADE -5 11 13 5
< RES 1637334149 148 3
> REQ 1637334149 149 3
> VAMPIRE 1 11 17 3 1 2 0
> VAMPIRE 4 11 15 3 1 2 0
> VAMPIRE 3 11 13 3 1 2 0
> VAMPIRE 2 13 13 3 1 2 0
> POWERUP GRENADE -4 9 7 5
> POWERUP GRENADE -4 11 13 5
< RES 1637334149 149 3
> REQ 1637334149 150 3
> VAMPIRE 1 11 15 3 1 2 0
> VAMPIRE 4 11 13 3 1 2 0
> VAMPIRE 3 11 13 3 1 2 0
> VAMPIRE 2 11 13 3 1 2 0
> POWERUP GRENADE -3 9 7 5
> POWERUP GRENADE -3 11 13 5
< RES 1637334149 150 3
> REQ 1637334149 151 3
> VAMPIRE 1 11 15 3 1 2 0
> VAMPIRE 4 11 13 3 1 2 0
> VAMPIRE 3 11 13 3 1 2 0
> VAMPIRE 2 11 13 3 1 2 0
> POWERUP GRENADE -2 9 7 5
> POWERUP GRENADE -2 11 13 5
< RES 1637334149 151 3
> REQ 1637334149 152 3
> VAMPIRE 1 11 15 3 1 2 0
> VAMPIRE 4 11 13 3 1 2 0
> VAMPIRE 3 11 13 3 1 2 0
> VAMPIRE 2 11 13 3 1 2 0
> POWERUP GRENADE -1 9 7 5
> POWERUP GRENADE -1 11 13 5
< RES 1637334149 152 3
> REQ 1637334149 153 3
> VAMPIRE 1 11 15 3 1 2 0
> VAMPIRE 4 11 13 3 1 2 0
> VAMPIRE 3 11 13 3 1 2 0
> VAMPIRE 2 11 13 3 1 2 0
> POWERUP GRENADE 17 9 7 5
> POWERUP GRENADE 17 11 13 5
< RES 1637334149 153 3
> REQ 1637334149 154 3
> VAMPIRE 1 11 15 3 1 2 0
> VAMPIRE 4 11 13 3 1 2 0
> VAMPIRE 3 11 13 3 1 2 0
> VAMPIRE 2 11 13 3 0 2 0
> GRENADE 2 11 13 5 2
> POWERUP GRENADE 16 9 7 5
> POWERUP GRENADE 16 11 13 5
< RES 1637334149 154 3
< GRENADE
> REQ 1637334149 155 3
> VAMPIRE 1 9 15 3 1 2 0
> VAMPIRE 4 11 13 3 0 2 0
> VAMPIRE 3 11 13 3 0 2 0
> VAMPIRE 2 11 13 3 0 2 0
> GRENADE 2 11 13 4 2
> GRENADE 4 11 13 5 2
> GRENADE 3 11 13 5 2
> POWERUP GRENADE 15 9 7 5
> POWERUP GRENADE 15 11 13 5
< RES 1637334149 155 3
> REQ 1637334149 156 3
> VAMPIRE 1 9 13 3 1 2 0
> VAMPIRE 4 11 13 3 0 2 0
> VAMPIRE 3 11 13 3 0 2 0
> VAMPIRE 2 11 13 3 0 2 0
> GRENADE 2 11 13 3 2
> GRENADE 4 11 13 4 2
> GRENADE 3 11 13 4 2
> POWERUP GRENADE 14 9 7 5
> POWERUP GRENADE 14 11 13 5
< RES 1637334149 156 3
< MOVE D
> REQ 1637334149 157 3
> VAMPIRE 1 9 11 3 0 2 0
> VAMPIRE 4 12 13 3 1 2 0
> VAMPIRE 3 12 13 3 1 2 0
> VAMPIRE 2 11 13 3 1 2 0
> GRENADE 2 11 13 2 2
> GRENADE 4 11 13 3 2
> GRENADE 3 11 13 3 2
> GRENADE 1 9 13 5 2
> POWERUP GRENADE 13 9 7 5
< RES 1637334149 157 3
< GRENADE
< MOVE D L
> REQ 1637334149 158 3
> VAMPIRE 1 9 9 3 0 2 0
> VAMPIRE 4 13 12 3 0 2 0
> VAMPIRE 3 13 12 3 0 2 0
> VAMPIRE 2 11 11 3 1 2 0
> GRENADE 2 14 13 1 2
> GRENADE 4 11 13 2 2
> GRENADE 3 11 13 2 2
> GRENADE 1 9 13 4 2
> GRENADE 4 12 13 5 2
> GRENADE 3 12 13 5 2
> POWERUP GRENADE 12 9 7 5
< RES 1637334149 158 3
< MOVE L L
> REQ 1637334149 159 3
> VAMPIRE 1 9 7 3 1 2 0
> VAMPIRE 4 13 10 3 2 2 0
> VAMPIRE 3 13 10 3 2 2 0
> VAMPIRE 2 10 11 2 2 2 0
> POWERUP GRENADE 11 9 7 5
< RES 1637334149 159 3
< MOVE L U
> REQ 1637334149 160 3
> VAMPIRE 1 9 7 3 1 2 0
> VAMPIRE 4 12 9 3 2 2 0
> VAMPIRE 3 12 9 3 2 2 0
> VAMPIRE 2 9 10 2 2 2 0
> POWERUP GRENADE 10 9 7 5
< RES 1637334149 160 3
< MOVE U U
> REQ 1637334149 161 3
> VAMPIRE 1 9 7 3 1 2 0
> VAMPIRE 4 10 9 3 2 2 0
> VAMPIRE 3 10 9 3 2 2 0
> VAMPIRE 2 9 8 2 2 2 0
> POWERUP GRENADE 9 9 7 5
< RES 1637334149 161 3
< MOVE U
> REQ 1637334149 162 3
> VAMPIRE 1 9 7 3 0 2 0
> VAMPIRE 4 9 9 3 2 2 0
> VAMPIRE 3 9 9 3 2 2 0
> VAMPIRE 2 9 8 2 2 2 0
> GRENADE 1 9 7 5 2
> POWERUP GRENADE 8 9 7 5
< RES 1637334149 162 3
< GRENADE
< MOVE R R
> REQ 1637334149 163 3
> VAMPIRE 1 9 7 3 0 2 0
> VAMPIRE 4 9 11 3 1 2 0
> VAMPIRE 3 9 11 3 1 2 0
> VAMPIRE 2 9 8 2 2 2 0
> GRENADE 1 9 7 4 2
> GRENADE 4 9 9 5 2
> GRENADE 3 9 9 5 2
> POWERUP GRENADE 7 9 7 5
< RES 1637334149 163 3
< GRENADE
> REQ 1637334149 164 3
> VAMPIRE 1 9 7 3 1 2 0
> VAMPIRE 4 9 11 3 0 2 0
> VAMPIRE 3 9 11 3 0 2 0
> VAMPIRE 2 9 8 2 2 2 0
> GRENADE 1 9 7 3 2
> GRENADE 4 9 9 4 2
> GRENADE 3 9 9 4 2
> GRENADE 4 9 11 5 2
> GRENADE 3 9 11 5 2
< RES 1637334149 164 3
< THROW XL 3
< MOVE D D
> REQ 1637334149 165 3
> VAMPIRE 1 11 7 3 1 2 0
> VAMPIRE 4 11 11 3 0 2 0
> VAMPIRE 3 11 11 3 0 2 0
> VAMPIRE 2 9 8 2 2 2 0
> GRENADE 1 9 10 2 2
> GRENADE 4 9 9 3 2
> GRENADE 3 9 9 3 2
> GRENADE 4 9 8 4 2
> GRENADE 3 9 8 4 2
< RES 1637334149 165 3
> REQ 1637334149 166 3
> VAMPIRE 1 11 7 3 1 2 0
> VAMPIRE 4 11 11 3 0 2 0
> VAMPIRE 3 11 11 3 0 2 0
> VAMPIRE 2 8 7 2 2 2 0
> GRENADE 1 9 10 1 2
> GRENADE 4 9 9 2 2
> GRENADE 3 9 9 2 2
> GRENADE 4 9 8 3 2
> GRENADE 3 9 8 3 2
< RES 1637334149 166 3
> REQ 1637334149 167 3
> VAMPIRE 1 11 7 3 2 2 0
> VAMPIRE 4 11 11 3 2 2 0
> VAMPIRE 3 11 11 3 2 2 0
> VAMPIRE 2 7 7 2 2 2 0
< RES 1637334149 167 3
> REQ 1637334149 168 3
> VAMPIRE 1 11 9 3 2 2 0
> VAMPIRE 4 11 11 3 2 2 0
> VAMPIRE 3 11 11 3 2 2 0
> VAMPIRE 2 7 9 2 2 2 0
< RES 1637334149 168 3
> REQ 1637334149 169 3
> VAMPIRE 1 11 9 3 2 2 0
> VAMPIRE 4 11 11 3 2 2 0
> VAMPIRE 3 11 11 3 2 2 0
> VAMPIRE 2 9 9 2 2 2 0
< RES 1637334149 169 3
> REQ 1637334149 170 3
> VAMPIRE 1 11 9 3 2 2 0
> VAMPIRE 4 11 11 3 2 2 0
> VAMPIRE 3 11 11 3 2 2 0
> VAMPIRE 2 9 9 2 2 2 0
< RES 1637334149 170 3
> REQ 1637334149 171 3
> VAMPIRE 1 11 9 3 2 2 0
> VAMPIRE 4 11 11 3 2 2 0
> VAMPIRE 3 11 11 3 2 2 0
> VAMPIRE 2 9 9 2 2 2 0
< RES 1637334149 171 3
> REQ 1637334149 172 3
> VAMPIRE 1 11 9 3 2 2 0
> VAMPIRE 4 11 11 3 2 2 0
> VAMPIRE 3 11 11 3 2 2 0
> VAMPIRE 2 9 9 2 2 2 0
< RES 1637334149 172 3
> REQ 1637334149 173 3
> VAMPIRE 1 11 9 3 2 2 0
> VAMPIRE 4 11 11 3 2 2 0
> VAMPIRE 3 11 11 3 2 2 0
> VAMPIRE 2 9 9 2 2 2 0
< RES 1637334149 173 3
> REQ 1637334149 174 3
> VAMPIRE 1 11 9 3 2 2 0
> VAMPIRE 4 11 11 3 2 2 0
> VAMPIRE 3 11 11 3 2 2 0
> VAMPIRE 2 9 9 2 2 2 0
< RES 1637334149 174 3
> REQ 1637334149 175 3
> VAMPIRE 1 11 9 3 2 2 0
> VAMPIRE 4 11 11 3 2 2 0
> VAMPIRE 3 11 11 3 2 2 0
> VAMPIRE 2 9 9 2 2 2 0
> POWERUP SHOE -4 7 4 4
> POWERUP SHOE -4 13 16 4
< RES 1637334149 175 3
< MOVE R R
> REQ 1637334149 176 3
> VAMPIRE 1 9 9 3 2 2 0
> VAMPIRE 4 11 13 3 2 2 0
> VAMPIRE 3 11 13 3 2 2 0
> VAMPIRE 2 7 9 2 2 2 0
> POWERUP SHOE -3 7 4 4
> POWERUP SHOE -3 13 16 4
< RES 1637334149 176 3
< MOVE R R
> REQ 1637334149 177 3
> VAMPIRE 1 7 9 3 2 2 0
> VAMPIRE 4 11 15 3 2 2 0
> VAMPIRE 3 11 15 3 2 2 0
> VAMPIRE 2 7 7 2 2 2 0
> POWERUP SHOE -2 7 4 4
> POWERUP SHOE -2 13 16 4
< RES 1637334149 177 3
< MOVE D D
> REQ 1637334149 178 3
> VAMPIRE 1 7 7 3 2 2 0
> VAMPIRE 4 13 15 3 2 2 0
> VAMPIRE 3 13 15 3 2 2 0
> VAMPIRE 2 7 5 2 2 2 0
> POWERUP SHOE -1 7 4 4
> POWERUP SHOE -1 13 16 4
< RES 1637334149 178 3
< MOVE R
> REQ 1637334149 179 3
> VAMPIRE 1 7 5 3 2 2 0
> VAMPIRE 4 13 16 3 2 2 0
> VAMPIRE 3 13 16 3 2 2 0
> VAMPIRE 2 7 4 2 2 2 0
> POWERUP SHOE 17 7 4 4
> POWERUP SHOE 17 13 16 4
< RES 1637334149 179 3
> REQ 1637334149 180 3
> VAMPIRE 1 7 5 3 1 2 0
> VAMPIRE 4 13 16 3 2 2 0
> VAMPIRE 3 13 16 3 2 2 0
> VAMPIRE 2 7 4 2 1 2 0
> GRENADE 1 7 5 5 2
> GRENADE 2 7 4 5 2
> POWERUP SHOE 16 7 4 4
> POWERUP SHOE 16 13 16 4
< RES 1637334149 180 3
> REQ 1637334149 181 3
> VAMPIRE 1 9 5 3 0 2 0
> VAMPIRE 4 13 16 3 2 2 0
> VAMPIRE 3 13 16 3 2 2 0
> VAMPIRE 2 7 3 2 1 2 0
> GRENADE 1 7 5 4 2
> GRENADE 2 7 7 4 2
> GRENADE 1 7 5 5 2
> POWERUP SHOE 15 7 4 4
> POWERUP SHOE 15 13 16 4
< RES 1637334149 181 3
> REQ 1637334149 182 3
> VAMPIRE 1 8 5 3 0 2 0
> VAMPIRE 4 13 16 3 2 2 0
> VAMPIRE 3 13 16 3 2 2 0
> VAMPIRE 2 7 4 2 1 2 0
> GRENADE 1 7 5 3 2
> GRENADE 2 7 7 3 2
> GRENADE 1 7 5 4 2
> POWERUP SHOE 14 7 4 4
> POWERUP SHOE 14 13 16 4
< RES 1637334149 182 3
> REQ 1637334149 183 3
> VAMPIRE 1 9 4 3 0 2 0
> VAMPIRE 4 13 16 3 2 2 42
> VAMPIRE 3 13 16 3 2 2 42
> VAMPIRE 2 7 4 2 0 2 0
> GRENADE 1 7 5 2 2
> GRENADE 2 7 7 2 2
> GRENADE 1 7 5 3 2
> GRENADE 2 7 4 5 2
> POWERUP SHOE 13 7 4 4
< RES 1637334149 183 3
< MOVE L L L
> REQ 1637334149 184 3
> VAMPIRE 1 8 3 3 0 2 0
> VAMPIRE 4 13 13 3 2 2 41
> VAMPIRE 3 13 13 3 2 2 41
> VAMPIRE 2 6 3 2 0 2 0
> GRENADE 1 7 5 1 2
> GRENADE 2 7 7 1 2
> GRENADE 1 7 5 2 2
> GRENADE 2 7 7 4 2
> POWERUP SHOE 12 7 4 4
< RES 1637334149 184 3
< MOVE L L
> REQ 1637334149 185 3
> VAMPIRE 1 9 4 3 2 2 0
> VAMPIRE 4 13 11 3 2 2 40
> VAMPIRE 3 13 11 3 2 2 40
> VAMPIRE 2 5 4 2 2 2 0
> POWERUP SHOE 11 7 4 4
< RES 1637334149 185 3
< MOVE U U
> REQ 1637334149 186 3
> VAMPIRE 1 8 5 3 2 2 0
> VAMPIRE 4 11 11 3 2 2 39
> VAMPIRE 3 11 11 3 2 2 39
> VAMPIRE 2 6 5 2 2 2 0
> POWERUP SHOE 10 7 4 4
< RES 1637334149 186 3
< MOVE L L
> REQ 1637334149 187 3
> VAMPIRE 1 7 4 3 2 2 0
> VAMPIRE 4 11 9 3 2 2 38
> VAMPIRE 3 11 9 3 2 2 38
> VAMPIRE 2 7 4 2 2 2 0
> POWERUP SHOE 9 7 4 4
< RES 1637334149 187 3
< MOVE U U U
> REQ 1637334149 188 3
> VAMPIRE 1 7 4 3 2 2 0
> VAMPIRE 4 8 9 3 2 2 37
> VAMPIRE 3 8 9 3 2 2 37
> VAMPIRE 2 7 4 2 2 2 0
> POWERUP SHOE 8 7 4 4
< RES 1637334149 188 3
< MOVE U L L
> REQ 1637334149 189 3
> VAMPIRE 1 7 4 3 2 2 0
> VAMPIRE 4 7 7 3 2 2 36
> VAMPIRE 3 7 7 3 2 2 36
> VAMPIRE 2 7 4 2 2 2 0
> POWERUP SHOE 7 7 4 4
< RES 1637334149 189 3
< MOVE L L L
> REQ 1637334149 190 3
> VAMPIRE 1 7 4 3 1 2 0
> VAMPIRE 4 7 5 3 2 2 35
> VAMPIRE 3 7 5 3 2 2 35
> VAMPIRE 2 7 4 2 1 2 0
> GRENADE 1 7 4 5 2
> GRENADE 2 7 4 5 2
> POWERUP SHOE 6 7 4 4
< RES 1637334149 190 3
< GRENADE
< MOVE R R
> REQ 1637334149 191 3
> VAMPIRE 1 6 3 3 0 2 42
> VAMPIRE 4 7 7 3 1 2 34
> VAMPIRE 3 7 7 3 1 2 34
> VAMPIRE 2 6 3 2 0 2 42
> GRENADE 1 7 4 4 2
> GRENADE 2 7 4 4 2
> GRENADE 1 7 4 5 2
> GRENADE 4 7 5 5 2
> GRENADE 3 7 5 5 2
> GRENADE 2 7 4 5 2
< RES 1637334149 191 3
< GRENADE
< MOVE R R U
> REQ 1637334149 192 3
> VAMPIRE 1 9 3 3 0 2 41
> VAMPIRE 4 6 9 3 0 2 33
> VAMPIRE 3 6 9 3 0 2 33
> VAMPIRE 2 9 3 2 0 2 41
> GRENADE 1 7 4 3 2
> GRENADE 2 7 4 3 2
> GRENADE 1 7 4 4 2
> GRENADE 4 7 5 4 2
> GRENADE 3 7 5 4 2
> GRENADE 2 7 4 4 2
> GRENADE 4 7 7 5 2
> GRENADE 3 7 7 5 2
< RES 1637334149 192 3
< MOVE D D D
> REQ 1637334149 193 3
> VAMPIRE 1 9 3 3 0 2 40
> VAMPIRE 4 9 9 3 0 2 32
> VAMPIRE 3 9 9 3 0 2 32
> VAMPIRE 2 11 3 2 0 2 40
> GRENADE 1 7 4 2 2
> GRENADE 2 7 4 2 2
> GRENADE 1 7 4 3 2
> GRENADE 4 7 5 3 2
> GRENADE 3 7 5 3 2
> GRENADE 2 7 4 3 2
> GRENADE 4 7 7 4 2
> GRENADE 3 7 7 4 2
< RES 1637334149 193 3
< MOVE R R
> REQ 1637334149 194 3
> VAMPIRE 1 11 3 3 0 2 39
> VAMPIRE 4 9 11 3 0 2 31
> VAMPIRE 3 9 11 3 0 2 31
> VAMPIRE 2 11 5 2 0 2 39
> GRENADE 1 7 4 1 2
> GRENADE 2 7 4 1 2
> GRENADE 1 7 4 2 2
> GRENADE 4 7 5 2 2
> GRENADE 3 7 5 2 2
> GRENADE 2 7 4 2 2
> GRENADE 4 7 7 3 2
> GRENADE 3 7 7 3 2
< RES 1637334149 194 3
< MOVE R R
> REQ 1637334149 195 3
> VAMPIRE 1 9 3 3 2 2 38
> VAMPIRE 4 9 13 3 2 2 30
> VAMPIRE 3 9 13 3 2 2 30
> VAMPIRE 2 11 7 2 2 2 38
< RES 1637334149 195 3
< MOVE R R
> REQ 1637334149 196 3
> VAMPIRE 1 9 3 3 2 2 37
> VAMPIRE 4 9 15 3 2 2 29
> VAMPIRE 3 9 15 3 2 2 29
> VAMPIRE 2 13 7 2 2 2 37
< RES 1637334149 196 3
< MOVE D D
> REQ 1637334149 197 3
> VAMPIRE 1 9 5 3 2 2 36
> VAMPIRE 4 11 15 3 2 2 28
> VAMPIRE 3 11 15 3 2 2 28
> VAMPIRE 2 15 7 2 2 2 36
< RES 1637334149 197 3
< MOVE U U
> REQ 1637334149 198 3
> VAMPIRE 1 7 5 3 2 2 35
> VAMPIRE 4 9 15 3 2 2 27
> VAMPIRE 3 9 15 3 2 2 27
> VAMPIRE 2 15 9 2 2 2 35
< RES 1637334149 198 3
< MOVE D D
> REQ 1637334149 199 3
> VAMPIRE 1 7 7 3 2 2 34
> VAMPIRE 4 11 15 3 2 2 26
> VAMPIRE 3 11 15 3 2 2 26
> VAMPIRE 2 15 9 2 2 2 34
< RES 1637334149 199 3
< MOVE U U
> REQ 1637334149 200 3
> VAMPIRE 1 7 7 3 2 2 33
> VAMPIRE 4 9 15 3 2 2 25
> VAMPIRE 3 9 15 3 2 2 25
> VAMPIRE 2 15 7 2 2 2 33
< RES 1637334149 200 3
< MOVE D D
> REQ 1637334149 201 3
> VAMPIRE 1 7 7 3 2 2 32
> VAMPIRE 4 11 15 3 2 2 24
> VAMPIRE 3 11 15 3 2 2 24
> VAMPIRE 2 15 7 2 2 2 32
< RES 1637334149 201 3
< MOVE U U
> REQ 1637334149 202 3
> VAMPIRE 1 7 7 3 2 2 31
> VAMPIRE 4 9 15 3 2 2 23
> VAMPIRE 3 9 15 3 2 2 23
> VAMPIRE 2 15 7 2 2 2 31
< RES 1637334149 202 3
< MOVE D D
> REQ 1637334149 203 3
> VAMPIRE 1 7 7 3 2 2 30
> VAMPIRE 4 11 15 3 2 2 22
> VAMPIRE 3 11 15 3 2 2 22
> VAMPIRE 2 15 7 2 2 2 30
< RES 1637334149 203 3
< MOVE U U
> REQ 1637334149 204 3
> VAMPIRE 1 7 7 3 2 2 29
> VAMPIRE 4 9 15 3 2 2 21
> VAMPIRE 3 9 15 3 2 2 21
> VAMPIRE 2 15 7 2 2 2 29
< RES 1637334149 204 3
< MOVE D D
> REQ 1637334149 205 3
> VAMPIRE 1 7 7 3 2 2 28
> VAMPIRE 4 11 15 3 2 2 20
> VAMPIRE 3 11 15 3 2 2 20
> VAMPIRE 2 15 7 2 2 2 28
< RES 1637334149 205 3
< MOVE U U
> REQ 1637334149 206 3
> VAMPIRE 1 7 7 3 2 2 27
> VAMPIRE 4 9 15 3 2 2 19
> VAMPIRE 3 9 15 3 2 2 19
> VAMPIRE 2 15 7 2 2 2 27
< RES 1637334149 206 3
< MOVE D D
> REQ 1637334149 207 3
> VAMPIRE 1 7 7 3 2 2 26
> VAMPIRE 4 11 15 3 2 2 18
> VAMPIRE 3 11 15 3 2 2 18
> VAMPIRE 2 15 7 2 2 2 26
< RES 1637334149 207 3
< MOVE U U
> REQ 1637334149 208 3
> VAMPIRE 1 7 7 3 2 2 25
> VAMPIRE 4 9 15 3 2 2 17
> VAMPIRE 3 9 15 3 2 2 17
> VAMPIRE 2 15 7 2 2 2 25
< RES 1637334149 208 3
< MOVE D D
> REQ 1637334149 209 3
> VAMPIRE 1 7 7 3 2 2 24
> VAMPIRE 4 11 15 3 2 2 16
> VAMPIRE 3 11 15 3 2 2 16
> VAMPIRE 2 15 7 2 2 2 24
> POWERUP GRENADE -8 3 5 5
> POWERUP GRENADE -8 17 15 5
< RES 1637334149 209 3
< MOVE D D D
> REQ 1637334149 210 3
> VAMPIRE 1 4 7 3 2 2 23
> VAMPIRE 4 14 15 3 2 2 15
> VAMPIRE 3 14 15 3 2 2 15
> VAMPIRE 2 15 10 2 2 2 23
> POWERUP GRENADE -7 3 5 5
> POWERUP GRENADE -7 17 15 5
< RES 1637334149 210 3
< MOVE D D D
> REQ 1637334149 211 3
> VAMPIRE 1 3 5 3 2 2 22
> VAMPIRE 4 17 15 3 2 2 14
> VAMPIRE 3 17 15 3 2 2 14
> VAMPIRE 2 15 13 2 2 2 22
> POWERUP GRENADE -6 3 5 5
> POWERUP GRENADE -6 17 15 5
< RES 1637334149 211 3
> REQ 1637334149 212 3
> VAMPIRE 1 3 5 3 2 2 21
> VAMPIRE 4 17 15 3 2 2 13
> VAMPIRE 3 17 15 3 2 2 13
> VAMPIRE 2 16 15 2 2 2 21
> POWERUP GRENADE -5 3 5 5
> POWERUP GRENADE -5 17 15 5
< RES 1637334149 212 3
< GRENADE
< MOVE U U
> REQ 1637334149 213 3
> VAMPIRE 1 3 5 3 2 2 20
> VAMPIRE 4 17 15 3 1 2 12
> VAMPIRE 3 17 15 3 1 2 12
> VAMPIRE 2 13 15 2 1 2 20
> GRENADE 4 17 15 5 2
> GRENADE 3 17 15 5 2
> GRENADE 2 16 15 5 2
> POWERUP GRENADE -4 3 5 5
> POWERUP GRENADE -4 17 15 5
< RES 1637334149 213 3
< GRENADE
> REQ 1637334149 214 3
> VAMPIRE 1 3 5 3 2 2 19
> VAMPIRE 4 17 15 3 0 2 11
> VAMPIRE 3 17 15 3 0 2 11
> VAMPIRE 2 11 15 2 1 2 19
> GRENADE 4 17 15 4 2
> GRENADE 3 17 15 4 2
> GRENADE 2 16 15 4 2
> GRENADE 4 17 15 5 2
> GRENADE 3 17 15 5 2
> POWERUP GRENADE -3 3 5 5
> POWERUP GRENADE -3 17 15 5
< RES 1637334149 214 3
> REQ 1637334149 215 3
> VAMPIRE 1 3 5 3 2 2 18
> VAMPIRE 4 17 15 3 0 2 10
> VAMPIRE 3 17 15 3 0 2 10
> VAMPIRE 2 9 15 2 1 2 18
> GRENADE 4 17 15 3 2
> GRENADE 3 17 15 3 2
> GRENADE 2 16 15 3 2
> GRENADE 4 17 15 4 2
> GRENADE 3 17 15 4 2
> POWERUP GRENADE -2 3 5 5
> POWERUP GRENADE -2 17 15 5
< RES 1637334149 215 3
> REQ 1637334149 216 3
> VAMPIRE 1 3 5 3 2 2 17
> VAMPIRE 4 17 15 3 0 2 9
> VAMPIRE 3 17 15 3 0 2 9
> VAMPIRE 2 9 15 2 1 2 17
> GRENADE 4 17 15 2 2
> GRENADE 3 17 15 2 2
> GRENADE 2 16 15 2 2
> GRENADE 4 17 15 3 2
> GRENADE 3 17 15 3 2
> POWERUP GRENADE -1 3 5 5
> POWERUP GRENADE -1 17 15 5
< RES 1637334149 216 3
< GRENADE
> REQ 1637334149 217 3
> VAMPIRE 1 3 5 3 2 2 16
> VAMPIRE 4 17 15 3 0 2 8
> VAMPIRE 3 17 15 3 0 2 8
> VAMPIRE 2 12 15 2 1 2 16
> GRENADE 4 17 15 1 2
> GRENADE 3 17 15 1 2
> GRENADE 2 16 15 1 2
> GRENADE 4 17 15 2 2
> GRENADE 3 17 15 2 2
> POWERUP GRENADE 17 3 5 5
> POWERUP GRENADE 17 17 15 5
< RES 1637334149 217 3
< THROW XU 3
> REQ 1637334149 218 3
> VAMPIRE 1 3 5 3 2 2 15
> VAMPIRE 4 17 15 2 2 2 7
> VAMPIRE 3 17 15 2 2 2 7
> VAMPIRE 2 15 15 2 2 2 15
> POWERUP GRENADE 16 3 5 5
> POWERUP GRENADE 16 17 15 5
< RES 1637334149 218 3
> REQ 1637334149 219 3
> VAMPIRE 1 3 5 3 2 2 14
> VAMPIRE 4 17 15 2 2 2 6
> VAMPIRE 3 17 15 2 2 2 6
> VAMPIRE 2 16 17 2 2 2 14
> POWERUP GRENADE 15 3 5 5
> POWERUP GRENADE 15 17 15 5
< RES 1637334149 219 3
> REQ 1637334149 220 3
> VAMPIRE 1 3 5 3 2 2 13
> VAMPIRE 4 17 15 2 2 2 5
> VAMPIRE 3 17 15 2 2 2 5
> VAMPIRE 2 17 15 2 2 2 13
> POWERUP GRENADE 14 3 5 5
> POWERUP GRENADE 14 17 15 5
< RES 1637334149 220 3
> REQ 1637334149 221 3
> VAMPIRE 1 3 5 3 3 2 12
> VAMPIRE 4 17 15 2 3 2 4
> VAMPIRE 3 17 15 2 3 2 4
> VAMPIRE 2 17 15 2 2 2 12
< RES 1637334149 221 3
< MOVE U U
> REQ 1637334149 222 3
> VAMPIRE 1 5 5 3 3 2 11
> VAMPIRE 4 15 15 2 3 2 3
> VAMPIRE 3 15 15 2 3 2 3
> VAMPIRE 2 15 15 2 2 2 11
< RES 1637334149 222 3
< MOVE L L
> REQ 1637334149 223 3
> VAMPIRE 1 7 5 3 3 2 10
> VAMPIRE 4 15 13 2 3 2 2
> VAMPIRE 3 15 13 2 3 2 2
> VAMPIRE 2 15 13 2 2 2 10
< RES 1637334149 223 3
< MOVE U U
> REQ 1637334149 224 3
> VAMPIRE 1 7 7 3 3 2 9
> VAMPIRE 4 13 13 2 3 2 1
> VAMPIRE 3 13 13 2 3 2 1
> VAMPIRE 2 13 13 2 2 2 9
< RES 1637334149 224 3
< MOVE L L
> REQ 1637334149 225 3
> VAMPIRE 1 9 7 3 3 2 8
> VAMPIRE 4 13 11 2 3 2 0
> VAMPIRE 3 13 11 2 3 2 0
> VAMPIRE 2 15 13 2 2 2 8
< RES 1637334149 225 3
< MOVE U U
> REQ 1637334149 226 3
> VAMPIRE 1 9 9 3 3 2 7
> VAMPIRE 4 11 11 2 3 2 0
> VAMPIRE 3 11 11 2 3 2 0
> VAMPIRE 2 13 13 2 2 2 7
< RES 1637334149 226 3
< MOVE L L
> REQ 1637334149 227 3
> VAMPIRE 1 9 7 3 3 2 6
> VAMPIRE 4 11 9 2 3 2 0
> VAMPIRE 3 11 9 2 3 2 0
> VAMPIRE 2 15 13 2 2 2 6
< RES 1637334149 227 3
< MOVE R R
> REQ 1637334149 228 3
> VAMPIRE 1 9 9 3 3 2 5
> VAMPIRE 4 11 11 2 3 2 0
> VAMPIRE 3 11 11 2 3 2 0
> VAMPIRE 2 13 13 2 2 2 5
< RES 1637334149 228 3
< MOVE L L
> REQ 1637334149 229 3
> VAMPIRE 1 9 7 3 3 2 4
> VAMPIRE 4 11 9 2 3 2 0
> VAMPIRE 3 11 9 2 3 2 0
> VAMPIRE 2 13 13 2 2 2 4
< RES 1637334149 229 3
> REQ 1637334149 230 3
> VAMPIRE 1 11 7 3 3 2 3
> VAMPIRE 4 11 9 2 3 2 0
> VAMPIRE 3 11 9 2 3 2 0
> VAMPIRE 2 11 13 2 2 2 3
< RES 1637334149 230 3
< MOVE U U
> REQ 1637334149 231 3
> VAMPIRE 1 11 7 3 3 2 2
> VAMPIRE 4 9 9 2 3 2 0
> VAMPIRE 3 9 9 2 3 2 0
> VAMPIRE 2 11 13 2 2 2 2
< RES 1637334149 231 3
< MOVE R R
> REQ 1637334149 232 3
> VAMPIRE 1 11 7 3 3 2 1
> VAMPIRE 4 9 11 2 3 2 0
> VAMPIRE 3 9 11 2 3 2 0
> VAMPIRE 2 11 13 2 2 2 1
< RES 1637334149 232 3
< MOVE L L
> REQ 1637334149 233 3
> VAMPIRE 1 11 7 3 3 2 0
> VAMPIRE 4 9 9 2 3 2 0
> VAMPIRE 3 9 9 2 3 2 0
> VAMPIRE 2 11 13 2 2 2 0
< RES 1637334149 233 3
> REQ 1637334149 234 3
> VAMPIRE 1 11 9 3 3 2 0
> VAMPIRE 4 9 9 2 3 2 0
> VAMPIRE 3 9 9 2 3 2 0
> VAMPIRE 2 11 11 2 2 2 0
< RES 1637334149 234 3
> REQ 1637334149 235 3
> VAMPIRE 1 11 9 3 3 2 0
> VAMPIRE 4 9 9 2 3 2 0
> VAMPIRE 3 9 9 2 3 2 0
> VAMPIRE 2 11 11 2 2 2 0
< RES 1637334149 235 3
> REQ 1637334149 236 3
> VAMPIRE 1 11 9 3 3 2 0
> VAMPIRE 4 9 9 2 3 2 0
> VAMPIRE 3 9 9 2 3 2 0
> VAMPIRE 2 11 11 2 2 2 0
< RES 1637334149 236 3
> REQ 1637334149 237 3
> VAMPIRE 1 11 9 3 3 2 0
> VAMPIRE 4 9 9 2 3 2 0
> VAMPIRE 3 9 9 2 3 2 0
> VAMPIRE 2 11 11 2 2 2 0
< RES 1637334149 237 3
> REQ 1637334149 238 3
> VAMPIRE 1 11 9 3 3 2 0
> VAMPIRE 4 9 9 2 3 2 0
> VAMPIRE 3 9 9 2 3 2 0
> VAMPIRE 2 11 11 2 2 2 0
> POWERUP BATTERY -7 7 18 6
> POWERUP BATTERY -7 13 2 6
< RES 1637334149 238 3
< MOVE U U
> REQ 1637334149 239 3
> VAMPIRE 1 13 9 3 3 2 0
> VAMPIRE 4 7 9 2 3 2 0
> VAMPIRE 3 7 9 2 3 2 0
> VAMPIRE 2 9 11 2 2 2 0
> POWERUP BATTERY -6 7 18 6
> POWERUP BATTERY -6 13 2 6
< RES 1637334149 239 3
< MOVE R R
> REQ 1637334149 240 3
> VAMPIRE 1 13 7 3 3 2 0
> VAMPIRE 4 7 11 2 3 2 0
> VAMPIRE 3 7 11 2 3 2 0
> VAMPIRE 2 7 11 2 2 2 0
> POWERUP BATTERY -5 7 18 6
> POWERUP BATTERY -5 13 2 6
< RES 1637334149 240 3
< MOVE R R
> REQ 1637334149 241 3
> VAMPIRE 1 13 5 3 3 2 0
> VAMPIRE 4 7 13 2 3 2 0
> VAMPIRE 3 7 13 2 3 2 0
> VAMPIRE 2 7 13 2 2 2 0
> POWERUP BATTERY -4 7 18 6
> POWERUP BATTERY -4 13 2 6
< RES 1637334149 241 3
< MOVE R R
> REQ 1637334149 242 3
> VAMPIRE 1 13 3 3 3 2 0
> VAMPIRE 4 7 15 2 3 2 0
> VAMPIRE 3 7 15 2 3 2 0
> VAMPIRE 2 7 15 2 2 2 0
> POWERUP BATTERY -3 7 18 6
> POWERUP BATTERY -3 13 2 6
< RES 1637334149 242 3
< MOVE R R
> REQ 1637334149 243 3
> VAMPIRE 1 13 2 3 3 2 0
> VAMPIRE 4 7 17 2 3 2 0
> VAMPIRE 3 7 17 2 3 2 0
> VAMPIRE 2 7 17 2 2 2 0
> POWERUP BATTERY -2 7 18 6
> POWERUP BATTERY -2 13 2 6
< RES 1637334149 243 3
< GRENADE
< MOVE R R
> REQ 1637334149 244 3
> VAMPIRE 1 13 2 3 3 2 0
> VAMPIRE 4 7 19 2 2 2 0
> VAMPIRE 3 7 19 2 2 2 0
> VAMPIRE 2 7 19 2 1 2 0
> GRENADE 4 7 17 5 2
> GRENADE 3 7 17 5 2
> GRENADE 2 7 17 5 2
> POWERUP BATTERY -1 7 18 6
> POWERUP BATTERY -1 13 2 6
< RES 1637334149 244 3
< MOVE L
> REQ 1637334149 245 3
> VAMPIRE 1 13 2 3 3 2 0
> VAMPIRE 4 7 18 2 2 2 0
> VAMPIRE 3 7 18 2 2 2 0
> VAMPIRE 2 7 18 2 1 2 0
> GRENADE 4 7 17 4 2
> GRENADE 3 7 17 4 2
> GRENADE 2 7 17 4 2
> POWERUP BATTERY 20 7 18 6
> POWERUP BATTERY 20 13 2 6
< RES 1637334149 245 3
< MOVE R
> REQ 1637334149 246 3
> VAMPIRE 1 13 2 3 3 2 0
> VAMPIRE 4 7 19 2 2 2 0
> VAMPIRE 3 7 19 2 2 2 0
> VAMPIRE 2 7 19 2 1 2 0
> GRENADE 4 7 17 3 2
> GRENADE 3 7 17 3 2
> GRENADE 2 7 17 3 2
> POWERUP BATTERY 19 7 18 6
> POWERUP BATTERY 19 13 2 6
< RES 1637334149 246 3
< GRENADE
> REQ 1637334149 247 3
> VAMPIRE 1 13 2 3 3 2 0
> VAMPIRE 4 7 19 2 1 2 0
> VAMPIRE 3 7 19 2 1 2 0
> VAMPIRE 2 7 19 2 0 2 0
> GRENADE 4 7 17 2 2
> GRENADE 3 7 17 2 2
> GRENADE 2 7 17 2 2
> GRENADE 4 7 19 5 2
> GRENADE 3 7 19 5 2
> GRENADE 2 7 19 5 2
> POWERUP BATTERY 18 7 18 6
> POWERUP BATTERY 18 13 2 6
< RES 1637334149 247 3
< GRENADE
> REQ 1637334149 248 3
> VAMPIRE 1 13 2 3 3 2 0
> VAMPIRE 4 7 19 2 0 2 0
> VAMPIRE 3 7 19 2 0 2 0
> VAMPIRE 2 7 19 2 0 2 0
> GRENADE 4 7 17 1 2
> GRENADE 3 7 17 1 2
> GRENADE 2 7 17 1 2
> GRENADE 4 7 19 4 2
> GRENADE 3 7 19 4 2
> GRENADE 2 7 19 4 2
> GRENADE 4 7 19 5 2
> GRENADE 3 7 19 5 2
> POWERUP BATTERY 17 7 18 6
> POWERUP BATTERY 17 13 2 6
< RES 1637334149 248 3
< THROW XU 3
> REQ 1637334149 249 3
> VAMPIRE 1 13 2 3 3 2 0
> VAMPIRE 4 7 19 1 3 2 0
> VAMPIRE 3 7 19 1 3 2 0
> VAMPIRE 2 6 19 1 2 2 0
> POWERUP BATTERY 16 7 18 6
> POWERUP BATTERY 16 13 2 6
< RES 1637334149 249 3
< GRENADE
< MOVE L L
> REQ 1637334149 250 3
> VAMPIRE 1 13 2 3 3 3 0
> VAMPIRE 4 7 17 1 3 2 0
> VAMPIRE 3 7 17 1 3 2 0
> VAMPIRE 2 5 19 1 2 2 0
> POWERUP BATTERY 15 7 18 6
< RES 1637334149 250 3
< GRENADE
< MOVE R R
> REQ 1637334149 251 3
> VAMPIRE 1 12 3 3 3 3 0
> VAMPIRE 4 7 19 1 3 2 0
> VAMPIRE 3 7 19 1 3 2 0
> VAMPIRE 2 5 17 1 2 2 0
> POWERUP BATTERY 14 7 18 6
< RES 1637334149 251 3
< GRENADE
< MOVE L L
> REQ 1637334149 252 3
> VAMPIRE 1 10 3 3 3 3 0
> VAMPIRE 4 7 17 1 2 2 0
> VAMPIRE 3 7 17 1 2 2 0
> VAMPIRE 2 5 15 1 2 2 0
> GRENADE 4 7 19 5 2
> GRENADE 3 7 19 5 2
> POWERUP BATTERY 13 7 18 6
< RES 1637334149 252 3
< MOVE R
> REQ 1637334149 253 3
> VAMPIRE 1 8 3 3 3 3 0
> VAMPIRE 4 7 18 1 2 2 0
> VAMPIRE 3 7 18 1 2 2 0
> VAMPIRE 2 5 13 1 2 2 0
> GRENADE 4 7 19 4 2
> GRENADE 3 7 19 4 2
> POWERUP BATTERY 12 7 18 6
< RES 1637334149 253 3
< MOVE L
> REQ 1637334149 254 3
> VAMPIRE 1 7 4 3 3 3 0
> VAMPIRE 4 7 17 1 2 2 0
> VAMPIRE 3 7 17 1 2 2 0
> VAMPIRE 2 7 13 1 2 2 0
> GRENADE 4 7 19 3 2
> GRENADE 3 7 19 3 2
> POWERUP BATTERY 11 7 18 6
< RES 1637334149 254 3
< GRENADE
> REQ 1637334149 255 3
> VAMPIRE 1 7 6 3 3 3 0
> VAMPIRE 4 7 17 1 1 2 0
> VAMPIRE 3 7 17 1 1 2 0
> VAMPIRE 2 7 11 1 2 2 0
> GRENADE 4 7 19 2 2
> GRENADE 3 7 19 2 2
> GRENADE 4 7 17 5 2
> GRENADE 3 7 17 5 2
> POWERUP BATTERY 10 7 18 6
< RES 1637334149 255 3
< GRENADE
> REQ 1637334149 256 3
> VAMPIRE 1 7 8 3 3 3 0
> VAMPIRE 4 7 17 1 0 2 0
> VAMPIRE 3 7 17 1 0 2 0
> VAMPIRE 2 9 11 1 2 2 0
> GRENADE 4 7 19 1 2
> GRENADE 3 7 19 1 2
> GRENADE 4 7 17 4 2
> GRENADE 3 7 17 4 2
> GRENADE 4 7 17 5 2
> GRENADE 3 7 17 5 2
> POWERUP BATTERY 9 7 18 6
< RES 1637334149 256 3
> END 610 Could_not_be_more_deaded
