> MESSAGE OK
> LEVEL 9
> GAMEID 1637332075
> TEST 1
> MAXTICK 1000
> GRENADERADIUS 2
> SIZE 21
> REQ 1637332075 0 4
> VAMPIRE 1 1 1 3 1 2 0
> VAMPIRE 4 1 19 3 1 2 0
> VAMPIRE 3 19 19 3 1 2 0
> VAMPIRE 2 19 1 3 1 2 0
> BAT1 4 1 6 1 8 1 10 1 12 1 14 1 16 1 1 4 19 4 6 5 8 5 10 5 12 5 14 5 1 6 5 6 15 6 19 6 1 8 5 8 15 8 19 8 10 9 1 10 5 10 9 10 11 10 15 10 19 10 10 11 1 12 5 12 15 12 19 12 1 14 5 14 15 14 19 14 6 15 8 15 10 15 12 15 14 15 1 16 19 16 4 19 6 19 8 19 10 19 12 19 14 19 16 19
> BAT2 4 3 6 3 8 3 10 3 12 3 14 3 16 3 3 4 17 4 3 6 17 6 8 7 10 7 12 7 3 8 7 8 13 8 17 8 3 10 7 10 13 10 17 10 3 12 7 12 13 12 17 12 8 13 10 13 12 13 3 14 17 14 3 16 17 16 4 17 6 17 8 17 10 17 12 17 14 17 16 17
< RES 1637332075 0 4
< MOVE D D
> REQ 1637332075 1 4
> VAMPIRE 1 2 1 3 1 2 0
> VAMPIRE 4 3 19 3 1 2 0
> VAMPIRE 3 17 19 3 1 2 0
> VAMPIRE 2 17 1 3 1 2 0
> BAT1 4 1 6 1 8 1 10 1 12 1 14 1 16 1 1 4 19 4 6 5 8 5 10 5 12 5 14 5 1 6 5 6 15 6 19 6 1 8 5 8 15 8 19 8 10 9 1 10 5 10 9 10 11 10 15 10 19 10 10 11 1 12 5 12 15 12 19 12 1 14 5 14 15 14 19 14 6 15 8 15 10 15 12 15 14 15 1 16 19 16 4 19 6 19 8 19 10 19 12 19 14 19 16 19
> BAT2 4 3 6 3 8 3 10 3 12 3 14 3 16 3 3 4 17 4 3 6 17 6 8 7 10 7 12 7 3 8 7 8 13 8 17 8 3 10 7 10 13 10 17 10 3 12 7 12 13 12 17 12 8 13 10 13 12 13 3 14 17 14 3 16 17 16 4 17 6 17 8 17 10 17 12 17 14 17 16 17
< RES 1637332075 1 4
< MOVE L L
> REQ 1637332075 2 4
> VAMPIRE 1 1 2 3 0 2 0
> VAMPIRE 4 3 17 3 1 2 0
> VAMPIRE 3 17 17 3 1 2 0
> VAMPIRE 2 17 1 3 0 2 0
> GRENADE 1 2 1 5 2
> GRENADE 2 17 1 5 2
> BAT1 4 1 6 1 8 1 10 1 12 1 14 1 16 1 1 4 19 4 6 5 8 5 10 5 12 5 14 5 1 6 5 6 15 6 19 6 1 8 5 8 15 8 19 8 10 9 1 10 5 10 9 10 11 10 15 10 19 10 10 11 1 12 5 12 15 12 19 12 1 14 5 14 15 14 19 14 6 15 8 15 10 15 12 15 14 15 1 16 19 16 4 19 6 19 8 19 10 19 12 19 14 19 16 19
> BAT2 4 3 6 3 8 3 10 3 12 3 14 3 16 3 3 4 17 4 3 6 17 6 8 7 10 7 12 7 3 8 7 8 13 8 17 8 3 10 7 10 13 10 17 10 3 12 7 12 13 12 17 12 8 13 10 13 12 13 3 14 17 14 3 16 17 16 4 17 6 17 8 17 10 17 12 17 14 17 16 17
< RES 1637332075 2 4
< GRENADE
> REQ 1637332075 3 4
> VAMPIRE 1 1 1 3 0 2 0
> VAMPIRE 4 3 17 3 0 2 0
> VAMPIRE 3 19 17 3 0 2 0
> VAMPIRE 2 18 1 3 0 2 0
> GRENADE 1 2 1 4 2
> GRENADE 2 17 3 4 2
> GRENADE 4 3 17 5 2
> GRENADE 3 17 17 5 2
> BAT1 4 1 6 1 8 1 10 1 12 1 14 1 16 1 1 4 19 4 6 5 8 5 10 5 12 5 14 5 1 6 5 6 15 6 19 6 1 8 5 8 15 8 19 8 10 9 1 10 5 10 9 10 11 10 15 10 19 10 10 11 1 12 5 12 15 12 19 12 1 14 5 14 15 14 19 14 6 15 8 15 10 15 12 15 14 15 1 16 19 16 4 19 6 19 8 19 10 19 12 19 14 19 16 19
> BAT2 4 3 6 3 8 3 10 3 12 3 14 3 16 3 3 4 17 4 3 6 17 6 8 7 10 7 12 7 3 8 7 8 13 8 17 8 3 10 7 10 13 10 17 10 3 12 7 12 13 12 17 12 8 13 10 13 12 13 3 14 17 14 3 16 17 16 4 17 6 17 8 17 10 17 12 17 14 17 16 17
< RES 1637332075 3 4
< THROW XL 2
> REQ 1637332075 4 4
> VAMPIRE 1 1 3 3 0 2 0
> VAMPIRE 4 3 17 3 0 2 0
> VAMPIRE 3 19 18 3 0 2 0
> VAMPIRE 2 17 2 3 0 2 0
> GRENADE 1 5 1 3 2
> GRENADE 2 17 3 3 2
> GRENADE 4 3 15 4 2
> GRENADE 3 17 17 4 2
> BAT1 4 1 6 1 8 1 10 1 12 1 14 1 16 1 1 4 19 4 6 5 8 5 10 5 12 5 14 5 1 6 5 6 15 6 19 6 1 8 5 8 15 8 19 8 10 9 1 10 5 10 9 10 11 10 15 10 19 10 10 11 1 12 5 12 15 12 19 12 1 14 5 14 15 14 19 14 6 15 8 15 10 15 12 15 14 15 1 16 19 16 4 19 6 19 8 19 10 19 12 19 14 19 16 19
> BAT2 4 3 6 3 8 3 10 3 12 3 14 3 16 3 3 4 17 4 3 6 17 6 8 7 10 7 12 7 3 8 7 8 13 8 17 8 3 10 7 10 13 10 17 10 3 12 7 12 13 12 17 12 8 13 10 13 12 13 3 14 17 14 3 16 17 16 4 17 6 17 8 17 10 17 12 17 14 17 16 17
< RES 1637332075 4 4
> REQ 1637332075 5 4
> VAMPIRE 1 1 3 3 0 2 0
> VAMPIRE 4 3 17 3 0 2 0
> VAMPIRE 3 19 18 3 0 2 0
> VAMPIRE 2 17 1 3 0 2 0
> GRENADE 1 5 1 2 2
> GRENADE 2 17 5 2 2
> GRENADE 4 3 15 3 2
> GRENADE 3 17 17 3 2
> BAT1 4 1 6 1 8 1 10 1 12 1 14 1 16 1 1 4 19 4 6 5 8 5 10 5 12 5 14 5 1 6 5 6 15 6 19 6 1 8 5 8 15 8 19 8 10 9 1 10 5 10 9 10 11 10 15 10 19 10 10 11 1 12 5 12 15 12 19 12 1 14 5 14 15 14 19 14 6 15 8 15 10 15 12 15 14 15 1 16 19 16 4 19 6 19 8 19 10 19 12 19 14 19 16 19
> BAT2 4 3 6 3 8 3 10 3 12 3 14 3 16 3 3 4 17 4 3 6 17 6 8 7 10 7 12 7 3 8 7 8 13 8 17 8 3 10 7 10 13 10 17 10 3 12 7 12 13 12 17 12 8 13 10 13 12 13 3 14 17 14 3 16 17 16 4 17 6 17 8 17 10 17 12 17 14 17 16 17
< RES 1637332075 5 4
> REQ 1637332075 6 4
> VAMPIRE 1 1 3 3 0 2 0
> VAMPIRE 4 3 17 3 0 2 0
> VAMPIRE 3 19 18 3 0 2 0
> VAMPIRE 2 17 1 3 0 2 0
> GRENADE 1 5 1 1 2
> GRENADE 2 17 5 1 2
> GRENADE 4 3 15 2 2
> GRENADE 3 17 17 2 2
> BAT1 4 1 6 1 8 1 10 1 12 1 14 1 16 1 1 4 19 4 6 5 8 5 10 5 12 5 14 5 1 6 5 6 15 6 19 6 1 8 5 8 15 8 19 8 10 9 1 10 5 10 9 10 11 10 15 10 19 10 10 11 1 12 5 12 15 12 19 12 1 14 5 14 15 14 19 14 6 15 8 15 10 15 12 15 14 15 1 16 19 16 4 19 6 19 8 19 10 19 12 19 14 19 16 19
> BAT2 4 3 6 3 8 3 10 3 12 3 14 3 16 3 3 4 17 4 3 6 17 6 8 7 10 7 12 7 3 8 7 8 13 8 17 8 3 10 7 10 13 10 17 10 3 12 7 12 13 12 17 12 8 13 10 13 12 13 3 14 17 14 3 16 17 16 4 17 6 17 8 17 10 17 12 17 14 17 16 17
< RES 1637332075 6 4
> REQ 1637332075 7 4
> VAMPIRE 1 3 3 3 1 2 0
> VAMPIRE 4 3 17 3 0 2 0
> VAMPIRE 3 19 18 3 0 2 0
> VAMPIRE 2 17 3 3 1 2 0
> GRENADE 4 3 15 1 2
> GRENADE 3 17 17 1 2
> BAT1 8 1 10 1 12 1 14 1 16 1 1 4 19 4 6 5 8 5 10 5 12 5 14 5 1 6 5 6 15 6 19 6 1 8 5 8 15 8 19 8 10 9 1 10 5 10 9 10 11 10 15 10 19 10 10 11 1 12 5 12 15 12 19 12 1 14 5 14 15 14 19 14 6 15 8 15 10 15 12 15 14 15 1 16 19 16 4 19 6 19 8 19 10 19 12 19 14 19 16 19 17 4 17 6
> BAT2 4 3 6 3 8 3 10 3 12 3 14 3 16 3 3 4 3 6 8 7 10 7 12 7 3 8 7 8 13 8 17 8 3 10 7 10 13 10 17 10 3 12 7 12 13 12 17 12 8 13 10 13 12 13 3 14 17 14 3 16 17 16 4 17 6 17 8 17 10 17 12 17 14 17 16 17
< RES 1637332075 7 4
> REQ 1637332075 8 4
> VAMPIRE 1 3 1 3 0 2 0
> VAMPIRE 4 3 17 3 1 2 0
> VAMPIRE 3 19 17 3 1 2 0
> VAMPIRE 2 17 3 3 0 2 0
> GRENADE 1 3 3 5 2
> GRENADE 2 17 3 5 2
> BAT1 8 1 10 1 12 1 14 1 16 1 1 4 19 4 6 5 8 5 10 5 12 5 14 5 1 6 5 6 15 6 19 6 1 8 5 8 15 8 19 8 10 9 1 10 5 10 9 10 11 10 15 10 19 10 10 11 1 12 5 12 15 12 19 12 1 14 5 14 15 14 19 14 6 15 8 15 10 15 12 15 14 15 1 16 19 16 4 19 6 19 8 19 10 19 12 19 14 19 16 19 17 4 17 6 3 14 3 16 17 16 16 17
> BAT2 4 3 6 3 8 3 10 3 12 3 14 3 16 3 3 4 3 6 8 7 10 7 12 7 3 8 7 8 13 8 17 8 3 10 7 10 13 10 17 10 3 12 7 12 13 12 17 12 8 13 10 13 12 13 17 14 4 17 6 17 8 17 10 17 12 17 14 17
< RES 1637332075 8 4
< GRENADE
> REQ 1637332075 9 4
> VAMPIRE 1 3 2 3 0 2 0
> VAMPIRE 4 3 17 3 0 2 0
> VAMPIRE 3 17 17 3 1 2 0
> VAMPIRE 2 17 3 3 0 2 0
> GRENADE 1 3 3 4 2
> GRENADE 2 15 3 4 2
> GRENADE 4 3 17 5 2
> BAT1 8 1 10 1 12 1 14 1 16 1 1 4 19 4 6 5 8 5 10 5 12 5 14 5 1 6 5 6 15 6 19 6 1 8 5 8 15 8 19 8 10 9 1 10 5 10 9 10 11 10 15 10 19 10 10 11 1 12 5 12 15 12 19 12 1 14 5 14 15 14 19 14 6 15 8 15 10 15 12 15 14 15 1 16 19 16 4 19 6 19 8 19 10 19 12 19 14 19 16 19 17 4 17 6 3 14 3 16 17 16 16 17
> BAT2 4 3 6 3 8 3 10 3 12 3 14 3 16 3 3 4 3 6 8 7 10 7 12 7 3 8 7 8 13 8 17 8 3 10 7 10 13 10 17 10 3 12 7 12 13 12 17 12 8 13 10 13 12 13 17 14 4 17 6 17 8 17 10 17 12 17 14 17
< RES 1637332075 9 4
< THROW XD 2
> REQ 1637332075 10 4
> VAMPIRE 1 3 1 3 0 2 0
> VAMPIRE 4 3 17 3 0 2 0
> VAMPIRE 3 19 17 3 0 2 0
> VAMPIRE 2 17 3 3 0 2 0
> GRENADE 1 3 5 3 2
> GRENADE 2 15 3 3 2
> GRENADE 4 5 17 4 2
> GRENADE 3 17 17 5 2
> BAT1 8 1 10 1 12 1 14 1 16 1 1 4 19 4 6 5 8 5 10 5 12 5 14 5 1 6 5 6 15 6 19 6 1 8 5 8 15 8 19 8 10 9 1 10 5 10 9 10 11 10 15 10 19 10 10 11 1 12 5 12 15 12 19 12 1 14 5 14 15 14 19 14 6 15 8 15 10 15 12 15 14 15 1 16 19 16 4 19 6 19 8 19 10 19 12 19 14 19 16 19 17 4 17 6 3 14 3 16 17 16 16 17
> BAT2 4 3 6 3 8 3 10 3 12 3 14 3 16 3 3 4 3 6 8 7 10 7 12 7 3 8 7 8 13 8 17 8 3 10 7 10 13 10 17 10 3 12 7 12 13 12 17 12 8 13 10 13 12 13 17 14 4 17 6 17 8 17 10 17 12 17 14 17
< RES 1637332075 10 4
> REQ 1637332075 11 4
> VAMPIRE 1 3 1 3 0 2 0
> VAMPIRE 4 3 17 3 0 2 0
> VAMPIRE 3 19 18 3 0 2 0
> VAMPIRE 2 17 3 3 0 2 0
> GRENADE 1 3 5 2 2
> GRENADE 2 15 3 2 2
> GRENADE 4 5 17 3 2
> GRENADE 3 17 17 4 2
> BAT1 8 1 10 1 12 1 14 1 16 1 1 4 19 4 6 5 8 5 10 5 12 5 14 5 1 6 5 6 15 6 19 6 1 8 5 8 15 8 19 8 10 9 1 10 5 10 9 10 11 10 15 10 19 10 10 11 1 12 5 12 15 12 19 12 1 14 5 14 15 14 19 14 6 15 8 15 10 15 12 15 14 15 1 16 19 16 4 19 6 19 8 19 10 19 12 19 14 19 16 19 17 4 17 6 3 14 3 16 17 16 16 17
> BAT2 4 3 6 3 8 3 10 3 12 3 14 3 16 3 3 4 3 6 8 7 10 7 12 7 3 8 7 8 13 8 17 8 3 10 7 10 13 10 17 10 3 12 7 12 13 12 17 12 8 13 10 13 12 13 17 14 4 17 6 17 8 17 10 17 12 17 14 17
< RES 1637332075 11 4
> REQ 1637332075 12 4
> VAMPIRE 1 5 1 3 0 2 0
> VAMPIRE 4 3 17 3 0 2 0
> VAMPIRE 3 19 18 3 0 2 0
> VAMPIRE 2 17 3 3 0 2 0
> GRENADE 1 3 5 1 2
> GRENADE 2 15 3 1 2
> GRENADE 4 5 17 2 2
> GRENADE 3 17 17 3 2
> BAT1 8 1 10 1 12 1 14 1 16 1 1 4 19 4 6 5 8 5 10 5 12 5 14 5 1 6 5 6 15 6 19 6 1 8 5 8 15 8 19 8 10 9 1 10 5 10 9 10 11 10 15 10 19 10 10 11 1 12 5 12 15 12 19 12 1 14 5 14 15 14 19 14 6 15 8 15 10 15 12 15 14 15 1 16 19 16 4 19 6 19 8 19 10 19 12 19 14 19 16 19 17 4 17 6 3 14 3 16 17 16 16 17
> BAT2 4 3 6 3 8 3 10 3 12 3 14 3 16 3 3 4 3 6 8 7 10 7 12 7 3 8 7 8 13 8 17 8 3 10 7 10 13 10 17 10 3 12 7 12 13 12 17 12 8 13 10 13 12 13 17 14 4 17 6 17 8 17 10 17 12 17 14 17
< RES 1637332075 12 4
> REQ 1637332075 13 4
> VAMPIRE 1 6 1 3 1 2 0
> VAMPIRE 4 3 17 3 0 2 0
> VAMPIRE 3 19 18 3 0 2 0
> VAMPIRE 2 17 3 3 1 2 0
> GRENADE 4 5 17 1 2
> GRENADE 3 17 17 2 2
> BAT1 8 1 10 1 12 1 14 1 16 1 1 4 19 4 6 5 8 5 10 5 12 5 14 5 1 6 5 6 15 6 19 6 1 8 5 8 15 8 19 8 10 9 1 10 5 10 9 10 11 10 15 10 19 10 10 11 1 12 5 12 15 12 19 12 1 14 5 14 15 14 19 14 6 15 8 15 10 15 12 15 14 15 1 16 19 16 4 19 6 19 8 19 10 19 12 19 14 19 16 19 14 3 16 3 3 4 17 4 3 6 17 6 3 14 3 16 17 16 16 17
> BAT2 4 3 6 3 8 3 10 3 12 3 8 7 10 7 12 7 3 8 7 8 13 8 17 8 3 10 7 10 13 10 17 10 3 12 7 12 13 12 17 12 8 13 10 13 12 13 17 14 4 17 6 17 8 17 10 17 12 17 14 17
< RES 1637332075 13 4
> REQ 1637332075 14 4
> VAMPIRE 1 5 2 3 0 2 0
> VAMPIRE 4 3 17 3 1 2 0
> VAMPIRE 3 19 18 3 0 2 0
> VAMPIRE 2 17 3 3 0 2 0
> GRENADE 3 17 17 1 2
> GRENADE 1 6 1 5 2
> GRENADE 2 17 3 5 2
> BAT1 8 1 10 1 12 1 14 1 16 1 1 4 19 4 6 5 8 5 10 5 12 5 14 5 1 6 5 6 15 6 19 6 1 8 5 8 15 8 19 8 10 9 1 10 5 10 9 10 11 10 15 10 19 10 10 11 1 12 5 12 15 12 19 12 1 14 5 14 15 14 19 14 6 15 8 15 10 15 12 15 14 15 1 16 19 16 4 19 6 19 8 19 10 19 12 19 14 19 16 19 14 3 16 3 3 4 17 4 3 6 17 6 3 14 3 16 17 16 4 17 6 17 16 17
> BAT2 4 3 6 3 8 3 10 3 12 3 8 7 10 7 12 7 3 8 7 8 13 8 17 8 3 10 7 10 13 10 17 10 3 12 7 12 13 12 17 12 8 13 10 13 12 13 17 14 8 17 10 17 12 17 14 17
< RES 1637332075 14 4
< GRENADE
> REQ 1637332075 15 4
> VAMPIRE 1 5 1 3 0 2 0
> VAMPIRE 4 3 17 3 0 2 0
> VAMPIRE 3 19 17 3 1 2 0
> VAMPIRE 2 17 3 3 0 2 0
> GRENADE 1 6 1 4 2
> GRENADE 2 15 3 4 2
> GRENADE 4 3 17 5 2
> BAT1 8 1 10 1 12 1 14 1 16 1 1 4 19 4 6 5 8 5 10 5 12 5 14 5 1 6 5 6 15 6 19 6 1 8 5 8 15 8 19 8 10 9 1 10 5 10 9 10 11 10 15 10 19 10 10 11 1 12 5 12 15 12 19 12 1 14 5 14 15 14 19 14 6 15 8 15 10 15 12 15 14 15 1 16 19 16 4 19 6 19 8 19 10 19 12 19 14 19 16 19 14 3 16 3 3 4 17 4 3 6 17 6 3 14 3 16 4 17 6 17
> BAT2 4 3 6 3 8 3 10 3 12 3 8 7 10 7 12 7 3 8 7 8 13 8 17 8 3 10 7 10 13 10 17 10 3 12 7 12 13 12 17 12 8 13 10 13 12 13 17 14 8 17 10 17 12 17 14 17
< RES 1637332075 15 4
< THROW XD 2
> REQ 1637332075 16 4
> VAMPIRE 1 5 1 3 0 2 0
> VAMPIRE 4 3 17 3 0 2 0
> VAMPIRE 3 19 17 3 0 2 0
> VAMPIRE 2 17 1 3 0 2 0
> GRENADE 1 9 1 3 2
> GRENADE 2 15 3 3 2
> GRENADE 4 5 17 4 2
> GRENADE 3 19 17 5 2
> BAT1 8 1 10 1 12 1 14 1 16 1 1 4 19 4 6 5 8 5 10 5 12 5 14 5 1 6 5 6 15 6 19 6 1 8 5 8 15 8 19 8 10 9 1 10 5 10 9 10 11 10 15 10 19 10 10 11 1 12 5 12 15 12 19 12 1 14 5 14 15 14 19 14 6 15 8 15 10 15 12 15 14 15 1 16 19 16 4 19 6 19 8 19 10 19 12 19 14 19 16 19 14 3 16 3 3 4 17 4 3 6 17 6 3 14 3 16 4 17 6 17
> BAT2 4 3 6 3 8 3 10 3 12 3 8 7 10 7 12 7 3 8 7 8 13 8 17 8 3 10 7 10 13 10 17 10 3 12 7 12 13 12 17 12 8 13 10 13 12 13 17 14 8 17 10 17 12 17 14 17
< RES 1637332075 16 4
< MOVE U U
> REQ 1637332075 17 4
> VAMPIRE 1 5 1 3 0 2 0
> VAMPIRE 4 1 17 3 0 2 0
> VAMPIRE 3 17 17 3 0 2 0
> VAMPIRE 2 17 1 3 0 2 0
> GRENADE 1 9 1 2 2
> GRENADE 2 15 3 2 2
> GRENADE 4 5 17 3 2
> GRENADE 3 19 15 4 2
> BAT1 8 1 10 1 12 1 14 1 16 1 1 4 19 4 6 5 8 5 10 5 12 5 14 5 1 6 5 6 15 6 19 6 1 8 5 8 15 8 19 8 10 9 1 10 5 10 9 10 11 10 15 10 19 10 10 11 1 12 5 12 15 12 19 12 1 14 5 14 15 14 19 14 6 15 8 15 10 15 12 15 14 15 1 16 19 16 4 19 6 19 8 19 10 19 12 19 14 19 16 19 14 3 16 3 3 4 17 4 3 6 17 6 3 14 3 16 4 17 6 17
> BAT2 4 3 6 3 8 3 10 3 12 3 8 7 10 7 12 7 3 8 7 8 13 8 17 8 3 10 7 10 13 10 17 10 3 12 7 12 13 12 17 12 8 13 10 13 12 13 17 14 8 17 10 17 12 17 14 17
< RES 1637332075 17 4
> REQ 1637332075 18 4
> VAMPIRE 1 5 1 3 0 2 0
> VAMPIRE 4 1 17 3 0 2 0
> VAMPIRE 3 17 17 3 0 2 0
> VAMPIRE 2 17 1 3 0 2 0
> GRENADE 1 9 1 1 2
> GRENADE 2 15 3 1 2
> GRENADE 4 5 17 2 2
> GRENADE 3 19 15 3 2
> BAT1 8 1 10 1 12 1 14 1 16 1 1 4 19 4 6 5 8 5 10 5 12 5 14 5 1 6 5 6 15 6 19 6 1 8 5 8 15 8 19 8 10 9 1 10 5 10 9 10 11 10 15 10 19 10 10 11 1 12 5 12 15 12 19 12 1 14 5 14 15 14 19 14 6 15 8 15 10 15 12 15 14 15 1 16 19 16 4 19 6 19 8 19 10 19 12 19 14 19 16 19 14 3 16 3 3 4 17 4 3 6 17 6 3 14 3 16 4 17 6 17
> BAT2 4 3 6 3 8 3 10 3 12 3 8 7 10 7 12 7 3 8 7 8 13 8 17 8 3 10 7 10 13 10 17 10 3 12 7 12 13 12 17 12 8 13 10 13 12 13 17 14 8 17 10 17 12 17 14 17
< RES 1637332075 18 4
> REQ 1637332075 19 4
> VAMPIRE 1 5 3 3 1 2 0
> VAMPIRE 4 1 17 3 0 2 0
> VAMPIRE 3 17 17 3 0 2 0
> VAMPIRE 2 17 3 3 1 2 0
> GRENADE 4 5 17 1 2
> GRENADE 3 19 15 2 2
> BAT1 12 1 14 1 16 1 1 4 19 4 6 5 8 5 10 5 12 5 14 5 1 6 5 6 15 6 19 6 1 8 5 8 15 8 19 8 10 9 1 10 5 10 9 10 11 10 15 10 19 10 10 11 1 12 5 12 15 12 19 12 1 14 5 14 15 14 19 14 6 15 8 15 10 15 12 15 14 15 1 16 19 16 4 19 6 19 8 19 10 19 12 19 14 19 16 19 3 4 17 4 3 6 17 6 3 14 3 16 4 17 6 17
> BAT2 4 3 6 3 8 3 10 3 12 3 8 7 10 7 12 7 3 8 7 8 13 8 17 8 3 10 7 10 13 10 17 10 3 12 7 12 13 12 17 12 8 13 10 13 12 13 17 14 8 17 10 17 12 17 14 17
< RES 1637332075 19 4
< MOVE D D
> REQ 1637332075 20 4
> VAMPIRE 1 5 1 3 0 2 0
> VAMPIRE 4 3 17 3 1 2 0
> VAMPIRE 3 15 17 3 0 2 0
> VAMPIRE 2 17 3 3 0 2 0
> GRENADE 3 19 15 1 2
> GRENADE 1 5 3 5 2
> GRENADE 2 17 3 5 2
> BAT1 12 1 14 1 16 1 1 4 19 4 6 5 8 5 10 5 12 5 14 5 1 6 5 6 15 6 19 6 1 8 5 8 15 8 19 8 10 9 1 10 5 10 9 10 11 10 15 10 19 10 10 11 1 12 5 12 15 12 19 12 1 14 5 14 15 14 19 14 6 15 8 15 10 15 12 15 14 15 1 16 19 16 4 19 6 19 8 19 10 19 12 19 14 19 16 19 3 4 17 4 3 6 17 6 3 14 3 16
> BAT2 4 3 6 3 8 3 10 3 12 3 8 7 10 7 12 7 3 8 7 8 13 8 17 8 3 10 7 10 13 10 17 10 3 12 7 12 13 12 17 12 8 13 10 13 12 13 17 14 8 17 10 17 12 17 14 17
< RES 1637332075 20 4
< GRENADE
> REQ 1637332075 21 4
> VAMPIRE 1 5 2 3 0 2 0
> VAMPIRE 4 3 17 3 0 2 0
> VAMPIRE 3 15 15 3 1 2 0
> VAMPIRE 2 15 3 3 0 2 0
> GRENADE 1 5 3 4 2
> GRENADE 2 17 5 4 2
> GRENADE 4 3 17 5 2
> BAT1 12 1 14 1 16 1 1 4 19 4 6 5 8 5 10 5 12 5 14 5 1 6 5 6 15 6 19 6 1 8 5 8 15 8 19 8 10 9 1 10 5 10 9 10 11 10 15 10 19 10 10 11 1 12 5 12 15 12 19 12 1 14 5 14 15 14 6 15 8 15 10 15 12 15 14 15 1 16 4 19 6 19 8 19 10 19 12 19 14 19 16 19 3 4 17 4 3 6 17 6 3 14 3 16
> BAT2 4 3 6 3 8 3 10 3 12 3 8 7 10 7 12 7 3 8 7 8 13 8 17 8 3 10 7 10 13 10 17 10 3 12 7 12 13 12 17 12 8 13 10 13 12 13 17 14 8 17 10 17 12 17 14 17
< RES 1637332075 21 4
< THROW XL 2
< MOVE D D
> REQ 1637332075 22 4
> VAMPIRE 1 5 1 3 0 2 0
> VAMPIRE 4 5 17 3 0 2 0
> VAMPIRE 3 15 15 3 0 2 0
> VAMPIRE 2 15 3 3 0 2 0
> GRENADE 1 5 5 3 2
> GRENADE 2 17 5 3 2
> GRENADE 4 3 15 4 2
> GRENADE 3 15 15 5 2
> BAT1 12 1 14 1 16 1 1 4 19 4 6 5 8 5 10 5 12 5 14 5 1 6 5 6 15 6 19 6 1 8 5 8 15 8 19 8 10 9 1 10 5 10 9 10 11 10 15 10 19 10 10 11 1 12 5 12 15 12 19 12 1 14 5 14 15 14 6 15 8 15 10 15 12 15 14 15 1 16 4 19 6 19 8 19 10 19 12 19 14 19 16 19 3 4 17 4 3 6 17 6 3 14 3 16
> BAT2 4 3 6 3 8 3 10 3 12 3 8 7 10 7 12 7 3 8 7 8 13 8 17 8 3 10 7 10 13 10 17 10 3 12 7 12 13 12 17 12 8 13 10 13 12 13 17 14 8 17 10 17 12 17 14 17
< RES 1637332075 22 4
> REQ 1637332075 23 4
> VAMPIRE 1 5 1 3 0 2 0
> VAMPIRE 4 5 17 3 0 2 0
> VAMPIRE 3 17 15 3 0 2 0
> VAMPIRE 2 15 3 3 0 2 0
> GRENADE 1 5 5 2 2
> GRENADE 2 17 5 2 2
> GRENADE 4 3 15 3 2
> GRENADE 3 13 15 4 2
> BAT1 12 1 14 1 16 1 1 4 19 4 6 5 8 5 10 5 12 5 14 5 1 6 5 6 15 6 19 6 1 8 5 8 15 8 19 8 10 9 1 10 5 10 9 10 11 10 15 10 19 10 10 11 1 12 5 12 15 12 19 12 1 14 5 14 15 14 6 15 8 15 10 15 12 15 14 15 1 16 4 19 6 19 8 19 10 19 12 19 14 19 16 19 3 4 17 4 3 6 17 6 3 14 3 16
> BAT2 4 3 6 3 8 3 10 3 12 3 8 7 10 7 12 7 3 8 7 8 13 8 17 8 3 10 7 10 13 10 17 10 3 12 7 12 13 12 17 12 8 13 10 13 12 13 17 14 8 17 10 17 12 17 14 17
< RES 1637332075 23 4
> REQ 1637332075 24 4
> VAMPIRE 1 5 1 3 0 2 0
> VAMPIRE 4 5 17 3 0 2 0
> VAMPIRE 3 17 17 3 0 2 0
> VAMPIRE 2 13 3 3 0 2 0
> GRENADE 1 5 5 1 2
> GRENADE 2 17 5 1 2
> GRENADE 4 3 15 2 2
> GRENADE 3 13 15 3 2
> BAT1 12 1 14 1 16 1 1 4 19 4 6 5 8 5 10 5 12 5 14 5 1 6 5 6 15 6 19 6 1 8 5 8 15 8 19 8 10 9 1 10 5 10 9 10 11 10 15 10 19 10 10 11 1 12 5 12 15 12 19 12 1 14 5 14 15 14 6 15 8 15 10 15 12 15 14 15 1 16 4 19 6 19 8 19 10 19 12 19 14 19 16 19 3 4 17 4 3 6 17 6 3 14 3 16
> BAT2 4 3 6 3 8 3 10 3 12 3 8 7 10 7 12 7 3 8 7 8 13 8 17 8 3 10 7 10 13 10 17 10 3 12 7 12 13 12 17 12 8 13 10 13 12 13 17 14 8 17 10 17 12 17 14 17
< RES 1637332075 24 4
> REQ 1637332075 25 4
> VAMPIRE 1 5 3 3 1 2 0
> VAMPIRE 4 5 17 3 0 2 0
> VAMPIRE 3 17 17 3 0 2 0
> VAMPIRE 2 13 1 3 1 2 0
> GRENADE 4 3 15 1 2
> GRENADE 3 13 15 2 2
> BAT1 12 1 14 1 16 1 1 4 19 4 8 5 10 5 12 5 14 5 1 6 15 6 19 6 1 8 5 8 15 8 19 8 10 9 1 10 5 10 9 10 11 10 15 10 19 10 10 11 1 12 5 12 15 12 19 12 1 14 5 14 15 14 6 15 8 15 10 15 12 15 14 15 1 16 4 19 6 19 8 19 10 19 12 19 14 19 16 19 3 4 3 6 3 14 3 16
> BAT2 4 3 6 3 8 3 10 3 12 3 8 7 10 7 12 7 3 8 7 8 13 8 17 8 3 10 7 10 13 10 17 10 3 12 7 12 13 12 17 12 8 13 10 13 12 13 17 14 8 17 10 17 12 17 14 17
< RES 1637332075 25 4
< MOVE L L
> REQ 1637332075 26 4
> VAMPIRE 1 5 5 3 0 2 0
> VAMPIRE 4 5 15 3 1 2 0
> VAMPIRE 3 15 17 3 0 2 0
> VAMPIRE 2 13 3 3 0 2 0
> GRENADE 3 13 15 1 2
> GRENADE 1 5 3 5 2
> GRENADE 2 13 1 5 2
> BAT1 12 1 14 1 16 1 1 4 19 4 8 5 10 5 12 5 14 5 1 6 15 6 19 6 1 8 5 8 15 8 19 8 10 9 1 10 5 10 9 10 11 10 15 10 19 10 10 11 1 12 5 12 15 12 19 12 1 14 5 14 15 14 6 15 8 15 10 15 12 15 14 15 1 16 4 19 6 19 8 19 10 19 12 19 14 19 16 19 3 4 3 6
> BAT2 4 3 6 3 8 3 10 3 12 3 8 7 10 7 12 7 3 8 7 8 13 8 17 8 3 10 7 10 13 10 17 10 3 12 7 12 13 12 17 12 8 13 10 13 12 13 17 14 8 17 10 17 12 17 14 17
< RES 1637332075 26 4
< GRENADE
< MOVE U U
> REQ 1637332075 27 4
> VAMPIRE 1 7 5 3 0 2 0
> VAMPIRE 4 3 15 3 0 2 0
> VAMPIRE 3 15 19 3 1 2 0
> VAMPIRE 2 15 3 3 0 2 0
> GRENADE 1 5 3 4 2
> GRENADE 2 13 1 4 2
> GRENADE 4 5 15 5 2
> BAT1 12 1 14 1 16 1 1 4 19 4 8 5 10 5 12 5 14 5 1 6 15 6 19 6 1 8 5 8 15 8 19 8 10 9 1 10 5 10 9 10 11 10 15 10 19 10 10 11 1 12 5 12 15 12 19 12 1 14 5 14 15 14 6 15 8 15 10 15 1 16 4 19 6 19 8 19 10 19 12 19 14 19 16 19 3 4 3 6
> BAT2 4 3 6 3 8 3 10 3 12 3 8 7 10 7 12 7 3 8 7 8 13 8 17 8 3 10 7 10 13 10 17 10 3 12 7 12 13 12 17 12 8 13 10 13 12 13 17 14 8 17 10 17 12 17 14 17
< RES 1637332075 27 4
< MOVE R R
> REQ 1637332075 28 4
> VAMPIRE 1 7 5 3 0 2 0
> VAMPIRE 4 3 17 3 0 2 0
> VAMPIRE 3 15 17 3 0 2 0
> VAMPIRE 2 15 3 3 0 2 0
> GRENADE 1 5 3 3 2
> GRENADE 2 13 1 3 2
> GRENADE 4 5 15 4 2
> GRENADE 3 15 19 5 2
> BAT1 12 1 14 1 16 1 1 4 19 4 8 5 10 5 12 5 14 5 1 6 15 6 19 6 1 8 5 8 15 8 19 8 10 9 1 10 5 10 9 10 11 10 15 10 19 10 10 11 1 12 5 12 15 12 19 12 1 14 5 14 15 14 6 15 8 15 10 15 1 16 4 19 6 19 8 19 10 19 12 19 14 19 16 19 3 4 3 6
> BAT2 4 3 6 3 8 3 10 3 12 3 8 7 10 7 12 7 3 8 7 8 13 8 17 8 3 10 7 10 13 10 17 10 3 12 7 12 13 12 17 12 8 13 10 13 12 13 17 14 8 17 10 17 12 17 14 17
< RES 1637332075 28 4
> REQ 1637332075 29 4
> VAMPIRE 1 7 5 3 0 2 0
> VAMPIRE 4 3 17 3 0 2 0
> VAMPIRE 3 17 17 3 0 2 0
> VAMPIRE 2 15 3 3 0 2 0
> GRENADE 1 5 3 2 2
> GRENADE 2 13 1 2 2
> GRENADE 4 5 15 3 2
> GRENADE 3 15 19 4 2
> BAT1 12 1 14 1 16 1 1 4 19 4 8 5 10 5 12 5 14 5 1 6 15 6 19 6 1 8 5 8 15 8 19 8 10 9 1 10 5 10 9 10 11 10 15 10 19 10 10 11 1 12 5 12 15 12 19 12 1 14 5 14 15 14 6 15 8 15 10 15 1 16 4 19 6 19 8 19 10 19 12 19 14 19 16 19 3 4 3 6
> BAT2 4 3 6 3 8 3 10 3 12 3 8 7 10 7 12 7 3 8 7 8 13 8 17 8 3 10 7 10 13 10 17 10 3 12 7 12 13 12 17 12 8 13 10 13 12 13 17 14 8 17 10 17 12 17 14 17
< RES 1637332075 29 4
< MOVE L L
> REQ 1637332075 30 4
> VAMPIRE 1 7 5 3 0 2 0
> VAMPIRE 4 3 15 3 0 2 0
> VAMPIRE 3 17 17 3 0 2 0
> VAMPIRE 2 15 3 3 0 2 0
> GRENADE 1 5 3 1 2
> GRENADE 2 13 1 1 2
> GRENADE 4 5 15 2 2
> GRENADE 3 15 19 3 2
> BAT1 12 1 14 1 16 1 1 4 19 4 8 5 10 5 12 5 14 5 1 6 15 6 19 6 1 8 5 8 15 8 19 8 10 9 1 10 5 10 9 10 11 10 15 10 19 10 10 11 1 12 5 12 15 12 19 12 1 14 5 14 15 14 6 15 8 15 10 15 1 16 4 19 6 19 8 19 10 19 12 19 14 19 16 19 3 4 3 6
> BAT2 4 3 6 3 8 3 10 3 12 3 8 7 10 7 12 7 3 8 7 8 13 8 17 8 3 10 7 10 13 10 17 10 3 12 7 12 13 12 17 12 8 13 10 13 12 13 17 14 8 17 10 17 12 17 14 17
< RES 1637332075 30 4
< MOVE L L
> REQ 1637332075 31 4
> VAMPIRE 1 7 3 3 1 2 0
> VAMPIRE 4 3 13 3 0 2 0
> VAMPIRE 3 17 17 3 0 2 0
> VAMPIRE 2 15 5 3 1 2 0
> GRENADE 4 5 15 1 2
> GRENADE 3 15 19 2 2
> BAT1 16 1 1 4 19 4 8 5 10 5 12 5 14 5 1 6 15 6 19 6 1 8 5 8 15 8 19 8 10 9 1 10 5 10 9 10 11 10 15 10 19 10 10 11 1 12 5 12 15 12 19 12 1 14 5 14 15 14 6 15 8 15 10 15 1 16 4 19 6 19 8 19 10 19 12 19 14 19 16 19 4 3 6 3 3 4 3 6
> BAT2 8 3 10 3 12 3 8 7 10 7 12 7 3 8 7 8 13 8 17 8 3 10 7 10 13 10 17 10 3 12 7 12 13 12 17 12 8 13 10 13 12 13 17 14 8 17 10 17 12 17 14 17
< RES 1637332075 31 4
< MOVE U U
> REQ 1637332075 32 4
> VAMPIRE 1 7 5 3 0 2 0
> VAMPIRE 4 1 13 3 1 2 0
> VAMPIRE 3 17 17 3 0 2 0
> VAMPIRE 2 17 5 3 0 2 0
> GRENADE 3 15 19 1 2
> GRENADE 1 7 3 5 2
> GRENADE 2 15 5 5 2
> BAT1 16 1 1 4 19 4 8 5 10 5 12 5 14 5 1 6 15 6 19 6 1 8 5 8 15 8 19 8 10 9 1 10 5 10 9 10 11 10 15 10 19 10 10 11 1 12 5 12 15 12 19 12 1 14 15 14 8 15 10 15 1 16 4 19 6 19 8 19 10 19 12 19 14 19 16 19 4 3 6 3 3 4 3 6
> BAT2 8 3 10 3 12 3 8 7 10 7 12 7 3 8 7 8 13 8 17 8 3 10 7 10 13 10 17 10 3 12 7 12 13 12 17 12 8 13 10 13 12 13 17 14 8 17 10 17 12 17 14 17
< RES 1637332075 32 4
< GRENADE
< MOVE D D
> REQ 1637332075 33 4
> VAMPIRE 1 5 5 3 0 2 0
> VAMPIRE 4 3 13 3 0 2 0
> VAMPIRE 3 15 17 3 1 2 0
> VAMPIRE 2 17 3 3 0 2 0
> GRENADE 1 7 3 4 2
> GRENADE 2 15 5 4 2
> GRENADE 4 1 13 5 2
> BAT1 16 1 1 4 19 4 8 5 10 5 12 5 14 5 1 6 15 6 19 6 1 8 5 8 15 8 19 8 10 9 1 10 5 10 9 10 11 10 15 10 19 10 10 11 1 12 5 12 15 12 19 12 1 14 15 14 8 15 10 15 1 16 4 19 6 19 8 19 10 19 12 19 4 3 6 3 3 4 3 6
> BAT2 8 3 10 3 12 3 8 7 10 7 12 7 3 8 7 8 13 8 17 8 3 10 7 10 13 10 17 10 3 12 7 12 13 12 17 12 8 13 10 13 12 13 17 14 8 17 10 17 12 17 14 17
< RES 1637332075 33 4
< MOVE R R
> REQ 1637332075 34 4
> VAMPIRE 1 5 5 3 0 2 0
> VAMPIRE 4 3 15 3 0 2 0
> VAMPIRE 3 15 17 3 0 2 0
> VAMPIRE 2 17 3 3 0 2 0
> GRENADE 1 7 3 3 2
> GRENADE 2 15 5 3 2
> GRENADE 4 1 13 4 2
> GRENADE 3 15 17 5 2
> BAT1 16 1 1 4 19 4 8 5 10 5 12 5 14 5 1 6 15 6 19 6 1 8 5 8 15 8 19 8 10 9 1 10 5 10 9 10 11 10 15 10 19 10 10 11 1 12 5 12 15 12 19 12 1 14 15 14 8 15 10 15 1 16 4 19 6 19 8 19 10 19 12 19 4 3 6 3 3 4 3 6
> BAT2 8 3 10 3 12 3 8 7 10 7 12 7 3 8 7 8 13 8 17 8 3 10 7 10 13 10 17 10 3 12 7 12 13 12 17 12 8 13 10 13 12 13 17 14 8 17 10 17 12 17 14 17
< RES 1637332075 34 4
> REQ 1637332075 35 4
> VAMPIRE 1 5 5 3 0 2 0
> VAMPIRE 4 3 15 3 0 2 0
> VAMPIRE 3 17 17 3 0 2 0
> VAMPIRE 2 17 3 3 0 2 0
> GRENADE 1 7 3 2 2
> GRENADE 2 15 5 2 2
> GRENADE 4 1 13 3 2
> GRENADE 3 13 17 4 2
> BAT1 16 1 1 4 19 4 8 5 10 5 12 5 14 5 1 6 15 6 19 6 1 8 5 8 15 8 19 8 10 9 1 10 5 10 9 10 11 10 15 10 19 10 10 11 1 12 5 12 15 12 19 12 1 14 15 14 8 15 10 15 1 16 4 19 6 19 8 19 10 19 12 19 4 3 6 3 3 4 3 6
> BAT2 8 3 10 3 12 3 8 7 10 7 12 7 3 8 7 8 13 8 17 8 3 10 7 10 13 10 17 10 3 12 7 12 13 12 17 12 8 13 10 13 12 13 17 14 8 17 10 17 12 17 14 17
< RES 1637332075 35 4
> REQ 1637332075 36 4
> VAMPIRE 1 5 7 3 0 2 0
> VAMPIRE 4 3 15 3 0 2 0
> VAMPIRE 3 17 17 3 0 2 0
> VAMPIRE 2 19 3 3 0 2 0
> GRENADE 1 7 3 1 2
> GRENADE 2 15 5 1 2
> GRENADE 4 1 13 2 2
> GRENADE 3 13 17 3 2
> BAT1 16 1 1 4 19 4 8 5 10 5 12 5 14 5 1 6 15 6 19 6 1 8 5 8 15 8 19 8 10 9 1 10 5 10 9 10 11 10 15 10 19 10 10 11 1 12 5 12 15 12 19 12 1 14 15 14 8 15 10 15 1 16 4 19 6 19 8 19 10 19 12 19 4 3 6 3 3 4 3 6
> BAT2 8 3 10 3 12 3 8 7 10 7 12 7 3 8 7 8 13 8 17 8 3 10 7 10 13 10 17 10 3 12 7 12 13 12 17 12 8 13 10 13 12 13 17 14 8 17 10 17 12 17 14 17
< RES 1637332075 36 4
< MOVE D D
> REQ 1637332075 37 4
> VAMPIRE 1 3 7 3 1 2 0
> VAMPIRE 4 5 15 3 0 2 0
> VAMPIRE 3 17 17 3 0 2 0
> VAMPIRE 2 19 3 3 1 2 0
> GRENADE 4 1 13 1 2
> GRENADE 3 13 17 2 2
> BAT1 16 1 1 4 19 4 8 5 10 5 12 5 1 6 19 6 1 8 5 8 15 8 19 8 10 9 1 10 5 10 9 10 11 10 15 10 19 10 10 11 1 12 5 12 15 12 19 12 1 14 15 14 8 15 10 15 1 16 4 19 6 19 8 19 10 19 12 19 4 3 8 3 3 4 3 6
> BAT2 10 3 12 3 8 7 10 7 12 7 3 8 7 8 13 8 17 8 3 10 7 10 13 10 17 10 3 12 7 12 13 12 17 12 8 13 10 13 12 13 17 14 8 17 10 17 12 17 14 17
< RES 1637332075 37 4
< MOVE D D
> REQ 1637332075 38 4
> VAMPIRE 1 5 7 3 0 2 0
> VAMPIRE 4 7 15 3 1 2 0
> VAMPIRE 3 17 17 3 0 2 0
> VAMPIRE 2 19 3 3 0 2 0
> GRENADE 3 13 17 1 2
> GRENADE 1 3 7 5 2
> GRENADE 2 19 3 5 2
> BAT1 16 1 1 4 19 4 8 5 10 5 12 5 1 6 19 6 1 8 5 8 15 8 19 8 10 9 1 10 5 10 9 10 11 10 15 10 19 10 10 11 5 12 15 12 19 12 15 14 8 15 10 15 1 16 4 19 6 19 8 19 10 19 12 19 4 3 8 3 3 4 3 6
> BAT2 10 3 12 3 8 7 10 7 12 7 3 8 7 8 13 8 17 8 3 10 7 10 13 10 17 10 3 12 7 12 13 12 17 12 8 13 10 13 12 13 17 14 8 17 10 17 12 17 14 17
< RES 1637332075 38 4
< GRENADE
> REQ 1637332075 39 4
> VAMPIRE 1 5 5 3 0 2 0
> VAMPIRE 4 7 15 3 0 2 0
> VAMPIRE 3 15 17 3 1 2 0
> VAMPIRE 2 17 3 3 0 2 0
> GRENADE 1 3 7 4 2
> GRENADE 2 19 5 4 2
> GRENADE 4 7 15 5 2
> BAT1 16 1 1 4 19 4 8 5 10 5 12 5 1 6 19 6 1 8 5 8 15 8 19 8 10 9 1 10 5 10 9 10 11 10 15 10 19 10 10 11 5 12 15 12 19 12 15 14 8 15 10 15 1 16 4 19 6 19 8 19 10 19 12 19 4 3 8 3 3 4 3 6 12 17 14 17
> BAT2 10 3 12 3 8 7 10 7 12 7 3 8 7 8 13 8 17 8 3 10 7 10 13 10 17 10 3 12 7 12 13 12 17 12 8 13 10 13 12 13 17 14 8 17 10 17
< RES 1637332075 39 4
< THROW XL 2
< MOVE U U
> REQ 1637332075 40 4
> VAMPIRE 1 5 5 3 0 2 0
> VAMPIRE 4 5 15 3 0 2 0
> VAMPIRE 3 15 17 3 0 2 0
> VAMPIRE 2 17 3 3 0 2 0
> GRENADE 1 3 7 3 2
> GRENADE 2 19 5 3 2
> GRENADE 4 7 13 4 2
> GRENADE 3 15 17 5 2
> BAT1 16 1 1 4 19 4 8 5 10 5 12 5 1 6 19 6 1 8 5 8 15 8 19 8 10 9 1 10 5 10 9 10 11 10 15 10 19 10 10 11 5 12 15 12 19 12 15 14 8 15 10 15 1 16 4 19 6 19 8 19 10 19 12 19 4 3 8 3 3 4 3 6 12 17 14 17
> BAT2 10 3 12 3 8 7 10 7 12 7 3 8 7 8 13 8 17 8 3 10 7 10 13 10 17 10 3 12 7 12 13 12 17 12 8 13 10 13 12 13 17 14 8 17 10 17
< RES 1637332075 40 4
> REQ 1637332075 41 4
> VAMPIRE 1 5 5 3 0 2 0
> VAMPIRE 4 5 15 3 0 2 0
> VAMPIRE 3 17 17 3 0 2 0
> VAMPIRE 2 17 3 3 0 2 0
> GRENADE 1 3 7 2 2
> GRENADE 2 19 5 2 2
> GRENADE 4 7 13 3 2
> GRENADE 3 13 17 4 2
> BAT1 16 1 1 4 19 4 8 5 10 5 12 5 1 6 19 6 1 8 5 8 15 8 19 8 10 9 1 10 5 10 9 10 11 10 15 10 19 10 10 11 5 12 15 12 19 12 15 14 8 15 10 15 1 16 4 19 6 19 8 19 10 19 12 19 4 3 8 3 3 4 3 6 12 17 14 17
> BAT2 10 3 12 3 8 7 10 7 12 7 3 8 7 8 13 8 17 8 3 10 7 10 13 10 17 10 3 12 7 12 13 12 17 12 8 13 10 13 12 13 17 14 8 17 10 17
< RES 1637332075 41 4
> REQ 1637332075 42 4
> VAMPIRE 1 5 3 3 0 2 0
> VAMPIRE 4 5 15 3 0 2 0
> VAMPIRE 3 17 17 3 0 2 0
> VAMPIRE 2 15 3 3 0 2 0
> GRENADE 1 3 7 1 2
> GRENADE 2 19 5 1 2
> GRENADE 4 7 13 2 2
> GRENADE 3 13 17 3 2
> BAT1 16 1 1 4 19 4 8 5 10 5 12 5 1 6 19 6 1 8 5 8 15 8 19 8 10 9 1 10 5 10 9 10 11 10 15 10 19 10 10 11 5 12 15 12 19 12 15 14 8 15 10 15 1 16 4 19 6 19 8 19 10 19 12 19 4 3 8 3 3 4 3 6 12 17 14 17
> BAT2 10 3 12 3 8 7 10 7 12 7 3 8 7 8 13 8 17 8 3 10 7 10 13 10 17 10 3 12 7 12 13 12 17 12 8 13 10 13 12 13 17 14 8 17 10 17
< RES 1637332075 42 4
< MOVE R R
> REQ 1637332075 43 4
> VAMPIRE 1 6 3 3 1 2 0
> VAMPIRE 4 5 17 3 0 2 0
> VAMPIRE 3 17 17 3 0 2 0
> VAMPIRE 2 13 3 3 1 2 0
> GRENADE 4 7 13 1 2
> GRENADE 3 13 17 2 2
> BAT1 16 1 1 4 8 5 10 5 12 5 1 6 1 8 5 8 15 8 19 8 10 9 1 10 5 10 9 10 11 10 15 10 19 10 10 11 5 12 15 12 19 12 15 14 8 15 10 15 1 16 4 19 6 19 8 19 10 19 12 19 4 3 8 3 3 4 3 8 12 17 14 17
> BAT2 10 3 12 3 8 7 10 7 12 7 7 8 13 8 17 8 3 10 7 10 13 10 17 10 3 12 7 12 13 12 17 12 8 13 10 13 12 13 17 14 8 17 10 17
< RES 1637332075 43 4
< MOVE R R
> REQ 1637332075 44 4
> VAMPIRE 1 5 4 3 0 2 0
> VAMPIRE 4 5 19 3 1 2 0
> VAMPIRE 3 17 17 3 0 2 0
> VAMPIRE 2 13 3 3 0 2 0
> GRENADE 3 13 17 1 2
> GRENADE 1 6 3 5 2
> GRENADE 2 13 3 5 2
> BAT1 16 1 1 4 8 5 10 5 12 5 1 6 1 8 5 8 15 8 19 8 10 9 1 10 5 10 9 10 11 10 15 10 19 10 10 11 5 12 15 12 19 12 15 14 8 15 10 15 1 16 4 19 6 19 8 19 10 19 12 19 4 3 8 3 3 4 3 8 7 12 8 13 12 17 14 17
> BAT2 10 3 12 3 8 7 10 7 12 7 7 8 13 8 17 8 3 10 7 10 13 10 17 10 3 12 13 12 17 12 10 13 12 13 17 14 8 17 10 17
< RES 1637332075 44 4
< GRENADE
< MOVE L L
> REQ 1637332075 45 4
> VAMPIRE 1 5 5 3 0 2 0
> VAMPIRE 4 5 17 3 0 2 0
> VAMPIRE 3 17 15 3 1 2 0
> VAMPIRE 2 13 3 3 0 2 0
> GRENADE 1 6 3 4 2
> GRENADE 2 11 3 4 2
> GRENADE 4 5 19 5 2
> BAT1 16 1 1 4 8 5 10 5 12 5 1 6 1 8 5 8 15 8 19 8 10 9 1 10 5 10 9 10 11 10 15 10 19 10 10 11 5 12 15 12 19 12 15 14 8 15 10 15 1 16 4 19 6 19 8 19 10 19 12 19 4 3 8 3 3 4 3 8 7 12 8 13
> BAT2 10 3 12 3 8 7 10 7 12 7 7 8 13 8 17 8 3 10 7 10 13 10 17 10 3 12 13 12 17 12 10 13 12 13 17 14 8 17 10 17
< RES 1637332075 45 4
< MOVE U U
> REQ 1637332075 46 4
> VAMPIRE 1 5 5 3 0 2 0
> VAMPIRE 4 3 17 3 0 2 0
> VAMPIRE 3 17 15 3 0 2 0
> VAMPIRE 2 15 3 3 0 2 0
> GRENADE 1 6 3 3 2
> GRENADE 2 11 3 3 2
> GRENADE 4 5 19 4 2
> GRENADE 3 17 15 5 2
> BAT1 16 1 1 4 8 5 10 5 12 5 1 6 1 8 5 8 15 8 19 8 10 9 1 10 5 10 9 10 11 10 15 10 19 10 10 11 5 12 15 12 19 12 15 14 8 15 10 15 1 16 4 19 6 19 8 19 10 19 12 19 4 3 8 3 3 4 3 8 7 12 8 13
> BAT2 10 3 12 3 8 7 10 7 12 7 7 8 13 8 17 8 3 10 7 10 13 10 17 10 3 12 13 12 17 12 10 13 12 13 17 14 8 17 10 17
< RES 1637332075 46 4
> REQ 1637332075 47 4
> VAMPIRE 1 5 5 3 0 2 0
> VAMPIRE 4 3 17 3 0 2 0
> VAMPIRE 3 17 17 3 0 2 0
> VAMPIRE 2 15 3 3 0 2 0
> GRENADE 1 6 3 2 2
> GRENADE 2 11 3 2 2
> GRENADE 4 5 19 3 2
> GRENADE 3 17 13 4 2
> BAT1 16 1 1 4 8 5 10 5 12 5 1 6 1 8 5 8 15 8 19 8 10 9 1 10 5 10 9 10 11 10 15 10 19 10 10 11 5 12 15 12 19 12 15 14 8 15 10 15 1 16 4 19 6 19 8 19 10 19 12 19 4 3 8 3 3 4 3 8 7 12 8 13
> BAT2 10 3 12 3 8 7 10 7 12 7 7 8 13 8 17 8 3 10 7 10 13 10 17 10 3 12 13 12 17 12 10 13 12 13 17 14 8 17 10 17
< RES 1637332075 47 4
> REQ 1637332075 48 4
> VAMPIRE 1 3 5 3 0 2 0
> VAMPIRE 4 3 17 3 0 2 0
> VAMPIRE 3 17 17 3 0 2 0
> VAMPIRE 2 15 1 3 0 2 0
> GRENADE 1 6 3 1 2
> GRENADE 2 11 3 1 2
> GRENADE 4 5 19 2 2
> GRENADE 3 17 13 3 2
> BAT1 16 1 1 4 8 5 10 5 12 5 1 6 1 8 5 8 15 8 19 8 10 9 1 10 5 10 9 10 11 10 15 10 19 10 10 11 5 12 15 12 19 12 15 14 8 15 10 15 1 16 4 19 6 19 8 19 10 19 12 19 4 3 8 3 3 4 3 8 7 12 8 13
> BAT2 10 3 12 3 8 7 10 7 12 7 7 8 13 8 17 8 3 10 7 10 13 10 17 10 3 12 13 12 17 12 10 13 12 13 17 14 8 17 10 17
< RES 1637332075 48 4
< MOVE L L
> REQ 1637332075 49 4
> VAMPIRE 1 3 6 3 1 2 0
> VAMPIRE 4 3 15 3 0 2 0
> VAMPIRE 3 17 17 3 0 2 0
> VAMPIRE 2 14 1 3 1 2 0
> GRENADE 4 5 19 1 2
> GRENADE 3 17 13 2 2
> BAT1 16 1 1 4 8 5 10 5 12 5 1 6 1 8 5 8 15 8 19 8 10 9 1 10 5 10 9 10 11 10 15 10 19 10 10 11 5 12 15 12 19 12 15 14 8 15 10 15 1 16 4 19 6 19 8 19 10 19 12 19 10 3 12 3 3 4 3 8 7 12 8 13
> BAT2 8 7 10 7 12 7 7 8 13 8 17 8 3 10 7 10 13 10 17 10 3 12 13 12 17 12 10 13 12 13 17 14 8 17 10 17
< RES 1637332075 49 4
< MOVE L L
> REQ 1637332075 50 4
> VAMPIRE 1 4 5 3 0 2 0
> VAMPIRE 4 3 13 3 1 2 0
> VAMPIRE 3 17 17 3 0 2 0
> VAMPIRE 2 15 2 3 0 2 0
> GRENADE 3 17 13 1 2
> GRENADE 1 3 6 5 2
> GRENADE 2 14 1 5 2
> BAT1 16 1 1 4 8 5 10 5 12 5 1 6 1 8 5 8 15 8 19 8 10 9 1 10 5 10 9 10 11 10 15 10 19 10 10 11 5 12 15 12 19 12 15 14 8 15 10 15 1 16 8 19 10 19 12 19 10 3 12 3 3 4 3 8 7 12 8 13
> BAT2 8 7 10 7 12 7 7 8 13 8 17 8 3 10 7 10 13 10 17 10 3 12 13 12 17 12 10 13 12 13 17 14 8 17 10 17
< RES 1637332075 50 4
< GRENADE
> REQ 1637332075 51 4
> VAMPIRE 1 5 5 3 0 2 0
> VAMPIRE 4 3 13 3 0 2 0
> VAMPIRE 3 17 15 3 1 2 0
> VAMPIRE 2 15 3 3 0 2 0
> GRENADE 1 3 6 4 2
> GRENADE 2 14 1 4 2
> GRENADE 4 3 13 5 2
> BAT1 16 1 1 4 8 5 10 5 12 5 1 6 1 8 5 8 15 8 19 8 10 9 1 10 5 10 9 10 11 10 15 10 19 10 10 11 5 12 15 12 19 12 15 14 8 15 10 15 1 16 8 19 10 19 12 19 10 3 12 3 3 4 3 8 7 12 17 12 8 13 17 14
> BAT2 8 7 10 7 12 7 7 8 13 8 17 8 3 10 7 10 13 10 17 10 3 12 13 12 10 13 12 13 8 17 10 17
< RES 1637332075 51 4
< THROW XL 2
< MOVE R R
> REQ 1637332075 52 4
> VAMPIRE 1 5 5 3 0 2 0
> VAMPIRE 4 3 15 3 0 2 0
> VAMPIRE 3 17 15 3 0 2 0
> VAMPIRE 2 15 3 3 0 2 0
> GRENADE 1 3 6 3 2
> GRENADE 2 14 1 3 2
> GRENADE 4 3 11 4 2
> GRENADE 3 17 15 5 2
> BAT1 16 1 1 4 8 5 10 5 12 5 1 6 1 8 5 8 15 8 19 8 10 9 1 10 5 10 9 10 11 10 15 10 19 10 10 11 5 12 15 12 19 12 15 14 8 15 10 15 1 16 8 19 10 19 12 19 10 3 12 3 3 4 3 8 7 12 17 12 8 13 17 14
> BAT2 8 7 10 7 12 7 7 8 13 8 17 8 3 10 7 10 13 10 17 10 3 12 13 12 10 13 12 13 8 17 10 17
< RES 1637332075 52 4
> REQ 1637332075 53 4
> VAMPIRE 1 5 5 3 0 2 0
> VAMPIRE 4 3 15 3 0 2 0
> VAMPIRE 3 17 17 3 0 2 0
> VAMPIRE 2 15 3 3 0 2 0
> GRENADE 1 3 6 2 2
> GRENADE 2 14 1 2 2
> GRENADE 4 3 11 3 2
> GRENADE 3 17 13 4 2
> BAT1 16 1 1 4 8 5 10 5 12 5 1 6 1 8 5 8 15 8 19 8 10 9 1 10 5 10 9 10 11 10 15 10 19 10 10 11 5 12 15 12 19 12 15 14 8 15 10 15 1 16 8 19 10 19 12 19 10 3 12 3 3 4 3 8 7 12 17 12 8 13 17 14
> BAT2 8 7 10 7 12 7 7 8 13 8 17 8 3 10 7 10 13 10 17 10 3 12 13 12 10 13 12 13 8 17 10 17
< RES 1637332075 53 4
> REQ 1637332075 54 4
> VAMPIRE 1 7 5 3 0 2 0
> VAMPIRE 4 3 15 3 0 2 0
> VAMPIRE 3 17 17 3 0 2 0
> VAMPIRE 2 15 3 3 0 2 0
> GRENADE 1 3 6 1 2
> GRENADE 2 14 1 1 2
> GRENADE 4 3 11 2 2
> GRENADE 3 17 13 3 2
> BAT1 16 1 1 4 8 5 10 5 12 5 1 6 1 8 5 8 15 8 19 8 10 9 1 10 5 10 9 10 11 10 15 10 19 10 10 11 5 12 15 12 19 12 15 14 8 15 10 15 1 16 8 19 10 19 12 19 10 3 12 3 3 4 3 8 7 12 17 12 8 13 17 14
> BAT2 8 7 10 7 12 7 7 8 13 8 17 8 3 10 7 10 13 10 17 10 3 12 13 12 10 13 12 13 8 17 10 17
< RES 1637332075 54 4
> REQ 1637332075 55 4
> VAMPIRE 1 7 7 3 1 2 0
> VAMPIRE 4 3 15 3 0 2 0
> VAMPIRE 3 17 17 3 0 2 0
> VAMPIRE 2 13 3 3 1 2 0
> GRENADE 4 3 11 1 2
> GRENADE 3 17 13 2 2
> BAT1 1 4 8 5 10 5 12 5 1 6 1 8 5 8 15 8 19 8 10 9 1 10 5 10 9 10 11 10 15 10 19 10 10 11 5 12 15 12 19 12 15 14 8 15 10 15 1 16 8 19 10 19 12 19 10 3 12 3 7 12 17 12 8 13 17 14
> BAT2 8 7 10 7 12 7 7 8 13 8 17 8 3 10 7 10 13 10 17 10 3 12 13 12 10 13 12 13 8 17 10 17
< RES 1637332075 55 4
< MOVE L L
> REQ 1637332075 56 4
> VAMPIRE 1 5 7 3 0 2 0
> VAMPIRE 4 3 13 3 1 2 0
> VAMPIRE 3 15 17 3 0 2 0
> VAMPIRE 2 13 3 3 0 2 0
> GRENADE 3 17 13 1 2
> GRENADE 1 7 7 5 2
> GRENADE 2 13 3 5 2
> BAT1 1 4 8 5 10 5 12 5 1 6 1 8 5 8 15 8 19 8 10 9 1 10 5 10 9 10 11 10 15 10 19 10 10 11 5 12 15 12 19 12 15 14 8 15 10 15 1 16 8 19 10 19 12 19 10 3 12 3 3 10 3 12 7 12 17 12 8 13 17 14
> BAT2 8 7 10 7 12 7 7 8 13 8 17 8 7 10 13 10 17 10 13 12 10 13 12 13 8 17 10 17
< RES 1637332075 56 4
< GRENADE
> REQ 1637332075 57 4
> VAMPIRE 1 6 7 3 0 2 0
> VAMPIRE 4 3 13 3 0 2 0
> VAMPIRE 3 15 15 3 1 2 0
> VAMPIRE 2 15 3 3 0 2 0
> GRENADE 1 7 7 4 2
> GRENADE 2 11 3 4 2
> GRENADE 4 3 13 5 2
> BAT1 1 4 8 5 10 5 12 5 1 6 1 8 5 8 15 8 19 8 10 9 1 10 5 10 9 10 11 10 15 10 19 10 10 11 5 12 15 12 19 12 15 14 8 15 10 15 1 16 8 19 10 19 12 19 10 3 12 3 3 10 3 12 7 12 8 13
> BAT2 8 7 10 7 12 7 7 8 13 8 17 8 7 10 13 10 17 10 13 12 10 13 12 13 8 17 10 17
< RES 1637332075 57 4
< THROW XL 2
> REQ 1637332075 58 4
> VAMPIRE 1 5 7 3 0 2 0
> VAMPIRE 4 3 13 3 0 2 0
> VAMPIRE 3 15 15 3 0 2 0
> VAMPIRE 2 15 3 3 0 2 0
> GRENADE 1 9 7 3 2
> GRENADE 2 11 3 3 2
> GRENADE 4 3 11 4 2
> GRENADE 3 15 15 5 2
> BAT1 1 4 8 5 10 5 12 5 1 6 1 8 5 8 15 8 19 8 10 9 1 10 5 10 9 10 11 10 15 10 19 10 10 11 5 12 15 12 19 12 15 14 8 15 10 15 1 16 8 19 10 19 12 19 10 3 12 3 3 10 3 12 7 12 8 13
> BAT2 8 7 10 7 12 7 7 8 13 8 17 8 7 10 13 10 17 10 13 12 10 13 12 13 8 17 10 17
< RES 1637332075 58 4
< MOVE R R
> REQ 1637332075 59 4
> VAMPIRE 1 3 7 3 0 2 0
> VAMPIRE 4 3 15 3 0 2 0
> VAMPIRE 3 13 15 3 0 2 0
> VAMPIRE 2 15 3 3 0 2 0
> GRENADE 1 9 7 2 2
> GRENADE 2 11 3 2 2
> GRENADE 4 3 11 3 2
> GRENADE 3 15 13 4 2
> BAT1 1 4 8 5 10 5 12 5 1 6 1 8 5 8 15 8 19 8 10 9 1 10 5 10 9 10 11 10 15 10 19 10 10 11 5 12 15 12 19 12 15 14 8 15 10 15 1 16 8 19 10 19 12 19 10 3 12 3 3 10 3 12 7 12 8 13
> BAT2 8 7 10 7 12 7 7 8 13 8 17 8 7 10 13 10 17 10 13 12 10 13 12 13 8 17 10 17
< RES 1637332075 59 4
> REQ 1637332075 60 4
> VAMPIRE 1 3 9 3 0 2 0
> VAMPIRE 4 3 15 3 0 2 0
> VAMPIRE 3 13 15 3 0 2 0
> VAMPIRE 2 15 5 3 0 2 0
> GRENADE 1 9 7 1 2
> GRENADE 2 11 3 1 2
> GRENADE 4 3 11 2 2
> GRENADE 3 15 13 3 2
> BAT1 1 4 8 5 10 5 12 5 1 6 1 8 5 8 15 8 19 8 10 9 1 10 5 10 9 10 11 10 15 10 19 10 10 11 5 12 15 12 19 12 15 14 8 15 10 15 1 16 8 19 10 19 12 19 10 3 12 3 3 10 3 12 7 12 8 13
> BAT2 8 7 10 7 12 7 7 8 13 8 17 8 7 10 13 10 17 10 13 12 10 13 12 13 8 17 10 17
< RES 1637332075 60 4
< MOVE D D
> REQ 1637332075 61 4
> VAMPIRE 1 5 9 3 1 2 0
> VAMPIRE 4 5 15 3 0 2 0
> VAMPIRE 3 11 15 3 0 2 0
> VAMPIRE 2 13 5 3 1 2 0
> GRENADE 4 3 11 1 2
> GRENADE 3 15 13 2 2
> BAT1 1 4 8 5 10 5 12 5 1 6 1 8 5 8 15 8 19 8 10 9 1 10 5 10 9 10 11 10 15 10 19 10 10 11 5 12 15 12 19 12 15 14 8 15 10 15 1 16 8 19 10 19 12 19 8 7 10 7 3 10 3 12 7 12 8 13
> BAT2 12 7 7 8 13 8 17 8 7 10 13 10 17 10 13 12 10 13 12 13 8 17 10 17
< RES 1637332075 61 4
< MOVE D D
> REQ 1637332075 62 4
> VAMPIRE 1 3 9 3 0 2 0
> VAMPIRE 4 7 15 3 1 2 0
> VAMPIRE 3 11 13 3 0 2 0
> VAMPIRE 2 13 5 3 0 2 0
> GRENADE 3 15 13 1 2
> GRENADE 1 5 9 5 2
> GRENADE 2 13 5 5 2
> BAT1 1 4 8 5 10 5 12 5 1 6 1 8 5 8 15 8 19 8 10 9 1 10 5 10 9 10 11 10 15 10 19 10 10 11 5 12 15 12 19 12 15 14 8 15 10 15 1 16 8 19 10 19 12 19 8 7 10 7 7 12 8 13
> BAT2 12 7 7 8 13 8 17 8 7 10 13 10 17 10 13 12 10 13 12 13 8 17 10 17
< RES 1637332075 62 4
< GRENADE
> REQ 1637332075 63 4
> VAMPIRE 1 3 7 3 0 2 0
> VAMPIRE 4 7 15 3 0 2 0
> VAMPIRE 3 11 11 3 1 2 0
> VAMPIRE 2 15 5 3 0 2 0
> GRENADE 1 5 9 4 2
> GRENADE 2 11 5 4 2
> GRENADE 4 7 15 5 2
> BAT1 1 4 8 5 10 5 12 5 1 6 1 8 5 8 15 8 19 8 10 9 1 10 5 10 9 10 11 10 15 10 19 10 10 11 5 12 19 12 8 15 10 15 1 16 8 19 10 19 12 19 8 7 10 7 7 12 8 13
> BAT2 12 7 7 8 13 8 17 8 7 10 13 10 17 10 13 12 10 13 12 13 8 17 10 17
< RES 1637332075 63 4
< THROW XL 2
< MOVE U U
> REQ 1637332075 64 4
> VAMPIRE 1 3 7 3 0 2 0
> VAMPIRE 4 5 15 3 0 2 0
> VAMPIRE 3 13 11 3 0 2 0
> VAMPIRE 2 15 5 3 0 2 0
> GRENADE 1 5 9 3 2
> GRENADE 2 11 5 3 2
> GRENADE 4 7 13 4 2
> GRENADE 3 11 11 5 2
> BAT1 1 4 8 5 10 5 12 5 1 6 1 8 5 8 15 8 19 8 10 9 1 10 5 10 9 10 11 10 15 10 19 10 10 11 5 12 19 12 8 15 10 15 1 16 8 19 10 19 12 19 8 7 10 7 7 12 8 13
> BAT2 12 7 7 8 13 8 17 8 7 10 13 10 17 10 13 12 10 13 12 13 8 17 10 17
< RES 1637332075 64 4
> REQ 1637332075 65 4
> VAMPIRE 1 3 7 3 0 2 0
> VAMPIRE 4 5 15 3 0 2 0
> VAMPIRE 3 15 11 3 0 2 0
> VAMPIRE 2 15 5 3 0 2 0
> GRENADE 1 5 9 2 2
> GRENADE 2 11 5 2 2
> GRENADE 4 7 13 3 2
> GRENADE 3 11 11 4 2
> BAT1 1 4 8 5 10 5 12 5 1 6 1 8 5 8 15 8 19 8 10 9 1 10 5 10 9 10 11 10 15 10 19 10 10 11 5 12 19 12 8 15 10 15 1 16 8 19 10 19 12 19 8 7 10 7 7 12 8 13
> BAT2 12 7 7 8 13 8 17 8 7 10 13 10 17 10 13 12 10 13 12 13 8 17 10 17
< RES 1637332075 65 4
> REQ 1637332075 66 4
> VAMPIRE 1 5 7 3 0 2 0
> VAMPIRE 4 5 15 3 0 2 0
> VAMPIRE 3 15 13 3 0 2 0
> VAMPIRE 2 15 7 3 0 2 0
> GRENADE 1 5 9 1 2
> GRENADE 2 11 5 1 2
> GRENADE 4 7 13 2 2
> GRENADE 3 11 11 3 2
> BAT1 1 4 8 5 10 5 12 5 1 6 1 8 5 8 15 8 19 8 10 9 1 10 5 10 9 10 11 10 15 10 19 10 10 11 5 12 19 12 8 15 10 15 1 16 8 19 10 19 12 19 8 7 10 7 7 12 8 13
> BAT2 12 7 7 8 13 8 17 8 7 10 13 10 17 10 13 12 10 13 12 13 8 17 10 17
< RES 1637332075 66 4
> REQ 1637332075 67 4
> VAMPIRE 1 7 7 3 1 2 0
> VAMPIRE 4 5 15 3 0 2 0
> VAMPIRE 3 15 13 3 0 2 0
> VAMPIRE 2 13 7 3 1 2 0
> GRENADE 4 7 13 1 2
> GRENADE 3 11 11 2 2
> BAT1 1 4 8 5 1 6 1 8 15 8 19 8 10 9 1 10 9 10 11 10 15 10 19 10 10 11 5 12 19 12 8 15 10 15 1 16 8 19 10 19 12 19 8 7 10 7 7 12 8 13
> BAT2 12 7 7 8 13 8 17 8 7 10 13 10 17 10 13 12 10 13 12 13 8 17 10 17
< RES 1637332075 67 4
< MOVE D D
> REQ 1637332075 68 4
> VAMPIRE 1 5 7 3 0 2 0
> VAMPIRE 4 7 15 3 1 2 0
> VAMPIRE 3 15 11 3 0 2 0
> VAMPIRE 2 13 5 3 0 2 0
> GRENADE 3 11 11 1 2
> GRENADE 1 7 7 5 2
> GRENADE 2 13 7 5 2
> BAT1 1 4 8 5 1 6 1 8 15 8 19 8 10 9 1 10 9 10 11 10 15 10 19 10 10 11 5 12 19 12 8 15 10 15 1 16 8 19 10 19 12 19 8 7 10 7
> BAT2 12 7 7 8 13 8 17 8 7 10 13 10 17 10 13 12 10 13 12 13 8 17 10 17
< RES 1637332075 68 4
< GRENADE
> REQ 1637332075 69 4
> VAMPIRE 1 3 7 3 0 2 0
> VAMPIRE 4 7 15 3 0 2 0
> VAMPIRE 3 13 11 3 1 2 0
> VAMPIRE 2 15 5 3 0 2 0
> GRENADE 1 7 7 4 2
> GRENADE 2 13 7 4 2
> GRENADE 4 7 15 5 2
> BAT1 1 4 8 5 1 6 1 8 15 8 19 8 10 9 1 10 9 10 15 10 19 10 5 12 19 12 8 15 10 15 1 16 8 19 10 19 12 19 8 7 10 7
> BAT2 12 7 7 8 13 8 17 8 7 10 13 10 17 10 13 12 10 13 12 13 8 17 10 17
< RES 1637332075 69 4
< THROW XD 2
< MOVE U U
> REQ 1637332075 70 4
> VAMPIRE 1 3 7 3 0 2 0
> VAMPIRE 4 5 15 3 0 2 0
> VAMPIRE 3 15 11 3 0 2 0
> VAMPIRE 2 15 5 3 0 2 0
> GRENADE 1 7 7 3 2
> GRENADE 2 13 7 3 2
> GRENADE 4 9 15 4 2
> GRENADE 3 13 11 5 2
> BAT1 1 4 8 5 1 6 1 8 15 8 19 8 10 9 1 10 9 10 15 10 19 10 5 12 19 12 8 15 10 15 1 16 8 19 10 19 12 19 8 7 10 7
> BAT2 12 7 7 8 13 8 17 8 7 10 13 10 17 10 13 12 10 13 12 13 8 17 10 17
< RES 1637332075 70 4
> REQ 1637332075 71 4
> VAMPIRE 1 3 7 3 0 2 0
> VAMPIRE 4 5 15 3 0 2 0
> VAMPIRE 3 15 13 3 0 2 0
> VAMPIRE 2 15 5 3 0 2 0
> GRENADE 1 7 7 2 2
> GRENADE 2 13 7 2 2
> GRENADE 4 9 15 3 2
> GRENADE 3 13 11 4 2
> BAT1 1 4 8 5 1 6 1 8 15 8 19 8 10 9 1 10 9 10 15 10 19 10 5 12 19 12 8 15 10 15 1 16 8 19 10 19 12 19 8 7 10 7
> BAT2 12 7 7 8 13 8 17 8 7 10 13 10 17 10 13 12 10 13 12 13 8 17 10 17
< RES 1637332075 71 4
> REQ 1637332075 72 4
> VAMPIRE 1 2 7 3 0 2 0
> VAMPIRE 4 5 15 3 0 2 0
> VAMPIRE 3 15 13 3 0 2 0
> VAMPIRE 2 15 5 3 0 2 0
> GRENADE 1 7 7 1 2
> GRENADE 2 13 7 1 2
> GRENADE 4 9 15 2 2
> GRENADE 3 13 11 3 2
> BAT1 1 4 8 5 1 6 1 8 15 8 19 8 10 9 1 10 9 10 15 10 19 10 5 12 19 12 8 15 10 15 1 16 8 19 10 19 12 19 8 7 10 7
> BAT2 12 7 7 8 13 8 17 8 7 10 13 10 17 10 13 12 10 13 12 13 8 17 10 17
< RES 1637332075 72 4
> REQ 1637332075 73 4
> VAMPIRE 1 1 7 3 1 2 0
> VAMPIRE 4 5 15 3 0 2 0
> VAMPIRE 3 15 13 3 0 2 0
> VAMPIRE 2 15 7 3 1 2 0
> GRENADE 4 9 15 1 2
> GRENADE 3 13 11 2 2
> BAT1 1 4 8 5 1 6 1 8 15 8 19 8 10 9 1 10 9 10 15 10 19 10 5 12 19 12 8 15 10 15 1 16 8 19 10 19 12 19 10 7 12 7 7 8 13 8
> BAT2 17 8 7 10 13 10 17 10 13 12 10 13 12 13 8 17 10 17
< RES 1637332075 73 4
< MOVE L
> REQ 1637332075 74 4
> VAMPIRE 1 1 7 3 0 2 0
> VAMPIRE 4 5 14 3 1 2 0
> VAMPIRE 3 15 13 3 0 2 0
> VAMPIRE 2 15 7 3 0 2 0
> GRENADE 3 13 11 1 2
> GRENADE 1 1 7 5 2
> GRENADE 2 15 7 5 2
> BAT1 1 4 8 5 1 6 1 8 15 8 19 8 10 9 1 10 9 10 15 10 19 10 5 12 19 12 1 16 8 19 10 19 12 19 10 7 12 7 7 8 13 8
> BAT2 17 8 7 10 13 10 17 10 13 12 10 13 12 13 8 17 10 17
< RES 1637332075 74 4
< GRENADE
< MOVE L U
> REQ 1637332075 75 4
> VAMPIRE 1 3 7 3 0 2 0
> VAMPIRE 4 4 13 3 0 2 0
> VAMPIRE 3 13 13 3 1 2 0
> VAMPIRE 2 15 5 3 0 2 0
> GRENADE 1 1 5 4 2
> GRENADE 2 13 7 4 2
> GRENADE 4 5 14 5 2
> BAT1 1 4 8 5 1 6 1 8 15 8 19 8 10 9 1 10 9 10 15 10 19 10 5 12 19 12 1 16 8 19 10 19 12 19 10 7 12 7 7 8 13 8 13 10 13 12
> BAT2 17 8 7 10 17 10 10 13 12 13 8 17 10 17
< RES 1637332075 75 4
< MOVE U
> REQ 1637332075 76 4
> VAMPIRE 1 3 7 3 0 2 0
> VAMPIRE 4 3 13 3 0 2 0
> VAMPIRE 3 13 15 3 0 2 0
> VAMPIRE 2 15 5 3 0 2 0
> GRENADE 1 1 5 3 2
> GRENADE 2 13 7 3 2
> GRENADE 4 5 14 4 2
> GRENADE 3 13 13 5 2
> BAT1 1 4 8 5 1 6 1 8 15 8 19 8 10 9 1 10 9 10 15 10 19 10 5 12 19 12 1 16 8 19 10 19 12 19 10 7 12 7 7 8 13 8 13 10 13 12
> BAT2 17 8 7 10 17 10 10 13 12 13 8 17 10 17
< RES 1637332075 76 4
> REQ 1637332075 77 4
> VAMPIRE 1 3 7 3 0 2 0
> VAMPIRE 4 3 13 3 0 2 0
> VAMPIRE 3 11 15 3 0 2 0
> VAMPIRE 2 15 5 3 0 2 0
> GRENADE 1 1 5 2 2
> GRENADE 2 13 7 2 2
> GRENADE 4 5 14 3 2
> GRENADE 3 13 13 4 2
> BAT1 1 4 8 5 1 6 1 8 15 8 19 8 10 9 1 10 9 10 15 10 19 10 5 12 19 12 1 16 8 19 10 19 12 19 10 7 12 7 7 8 13 8 13 10 13 12
> BAT2 17 8 7 10 17 10 10 13 12 13 8 17 10 17
< RES 1637332075 77 4
> REQ 1637332075 78 4
> VAMPIRE 1 3 9 3 0 2 0
> VAMPIRE 4 3 13 3 0 2 0
> VAMPIRE 3 11 15 3 0 2 0
> VAMPIRE 2 15 5 3 0 2 0
> GRENADE 1 1 5 1 2
> GRENADE 2 13 7 1 2
> GRENADE 4 5 14 2 2
> GRENADE 3 13 13 3 2
> BAT1 1 4 8 5 1 6 1 8 15 8 19 8 10 9 1 10 9 10 15 10 19 10 5 12 19 12 1 16 8 19 10 19 12 19 10 7 12 7 7 8 13 8 13 10 13 12
> BAT2 17 8 7 10 17 10 10 13 12 13 8 17 10 17
< RES 1637332075 78 4
< MOVE U U
> REQ 1637332075 79 4
> VAMPIRE 1 1 9 3 1 2 0
> VAMPIRE 4 1 13 3 0 2 0
> VAMPIRE 3 11 15 3 0 2 0
> VAMPIRE 2 15 7 3 1 2 0
> GRENADE 4 5 14 1 2
> GRENADE 3 13 13 2 2
> BAT1 8 5 1 8 15 8 19 8 10 9 1 10 9 10 15 10 19 10 5 12 19 12 1 16 8 19 10 19 12 19 10 7 7 8 13 10 13 12
> BAT2 17 8 7 10 17 10 10 13 12 13 8 17 10 17
< RES 1637332075 79 4
< MOVE L L
> REQ 1637332075 80 4
> VAMPIRE 1 3 9 3 0 2 0
> VAMPIRE 4 1 11 3 1 2 0
> VAMPIRE 3 11 15 3 0 2 0
> VAMPIRE 2 15 7 3 0 2 0
> GRENADE 3 13 13 1 2
> GRENADE 1 1 9 5 2
> GRENADE 2 15 7 5 2
> BAT1 8 5 1 8 15 8 19 8 10 9 1 10 9 10 15 10 19 10 19 12 1 16 8 19 10 19 12 19 10 7 7 8 13 10 13 12
> BAT2 17 8 7 10 17 10 10 13 12 13 8 17 10 17
< RES 1637332075 80 4
< GRENADE
> REQ 1637332075 81 4
> VAMPIRE 1 5 9 3 0 2 0
> VAMPIRE 4 1 11 3 0 2 0
> VAMPIRE 3 11 13 3 1 2 0
> VAMPIRE 2 15 5 3 0 2 0
> GRENADE 1 1 9 4 2
> GRENADE 2 15 9 4 2
> GRENADE 4 1 11 5 2
> BAT1 8 5 1 8 15 8 19 8 10 9 1 10 9 10 15 10 19 10 19 12 1 16 8 19 10 19 12 19 10 7 7 8 13 10 12 13
> BAT2 17 8 7 10 17 10 10 13 8 17 10 17
< RES 1637332075 81 4
< THROW XL 2
> REQ 1637332075 82 4
> VAMPIRE 1 5 9 3 0 2 0
> VAMPIRE 4 1 11 3 0 2 0
> VAMPIRE 3 11 15 3 0 2 0
> VAMPIRE 2 15 5 3 0 2 0
> GRENADE 1 1 9 3 2
> GRENADE 2 15 9 3 2
> GRENADE 4 1 9 4 2
> GRENADE 3 11 13 5 2
> BAT1 8 5 1 8 15 8 19 8 10 9 1 10 9 10 15 10 19 10 19 12 1 16 8 19 10 19 12 19 10 7 7 8 13 10 12 13
> BAT2 17 8 7 10 17 10 10 13 8 17 10 17
< RES 1637332075 82 4
< MOVE R R
> REQ 1637332075 83 4
> VAMPIRE 1 5 9 3 0 2 0
> VAMPIRE 4 1 13 3 0 2 0
> VAMPIRE 3 9 15 3 0 2 0
> VAMPIRE 2 15 5 3 0 2 0
> GRENADE 1 1 9 2 2
> GRENADE 2 15 9 2 2
> GRENADE 4 1 9 3 2
> GRENADE 3 11 13 4 2
> BAT1 8 5 1 8 15 8 19 8 10 9 1 10 9 10 15 10 19 10 19 12 1 16 8 19 10 19 12 19 10 7 7 8 13 10 12 13
> BAT2 17 8 7 10 17 10 10 13 8 17 10 17
< RES 1637332075 83 4
> REQ 1637332075 84 4
> VAMPIRE 1 7 9 3 0 2 0
> VAMPIRE 4 1 13 3 0 2 0
> VAMPIRE 3 9 15 3 0 2 0
> VAMPIRE 2 17 5 3 0 2 0
> GRENADE 1 1 9 1 2
> GRENADE 2 15 9 1 2
> GRENADE 4 1 9 2 2
> GRENADE 3 11 13 3 2
> BAT1 8 5 1 8 15 8 19 8 10 9 1 10 9 10 15 10 19 10 19 12 1 16 8 19 10 19 12 19 10 7 7 8 13 10 12 13
> BAT2 17 8 7 10 17 10 10 13 8 17 10 17
< RES 1637332075 84 4
< MOVE R
> REQ 1637332075 85 4
> VAMPIRE 1 9 9 3 1 2 0
> VAMPIRE 4 1 14 3 1 2 0
> VAMPIRE 3 9 15 3 0 2 0
> VAMPIRE 2 17 7 3 1 2 0
> GRENADE 3 11 13 2 2
> BAT1 8 5 19 8 10 9 9 10 19 10 19 12 1 16 8 19 10 19 12 19 10 7 7 8 13 10 12 13
> BAT2 17 8 7 10 17 10 10 13 8 17 10 17
< RES 1637332075 85 4
< GRENADE
< MOVE R D
> REQ 1637332075 86 4
> VAMPIRE 1 9 7 3 0 2 0
> VAMPIRE 4 2 15 3 0 2 0
> VAMPIRE 3 9 15 3 0 2 0
> VAMPIRE 2 17 7 3 0 2 0
> GRENADE 3 11 13 1 2
> GRENADE 1 9 9 5 2
> GRENADE 4 1 14 5 2
> GRENADE 2 17 7 5 2
> BAT1 8 5 19 8 10 9 9 10 19 10 19 12 1 16 8 19 10 19 12 19 10 7 7 8 13 10 12 13
> BAT2 17 8 7 10 17 10 10 13 8 17 10 17
< RES 1637332075 86 4
< MOVE D
> REQ 1637332075 87 4
> VAMPIRE 1 7 7 3 0 2 0
> VAMPIRE 4 3 15 3 0 2 0
> VAMPIRE 3 9 17 3 1 2 0
> VAMPIRE 2 15 7 3 0 2 0
> GRENADE 1 9 9 4 2
> GRENADE 4 1 14 4 2
> GRENADE 2 17 9 4 2
> BAT1 8 5 19 8 10 9 9 10 19 10 19 12 1 16 8 19 10 19 12 19 10 7 7 8 13 10 10 13
> BAT2 17 8 7 10 17 10 8 17 10 17
< RES 1637332075 87 4
> REQ 1637332075 88 4
> VAMPIRE 1 5 7 3 0 2 0
> VAMPIRE 4 3 15 3 0 2 0
> VAMPIRE 3 9 15 3 0 2 0
> VAMPIRE 2 15 7 3 0 2 0
> GRENADE 1 9 9 3 2
> GRENADE 4 1 14 3 2
> GRENADE 2 17 9 3 2
> GRENADE 3 9 17 5 2
> BAT1 8 5 19 8 10 9 9 10 19 10 19 12 1 16 8 19 10 19 12 19 10 7 7 8 13 10 10 13
> BAT2 17 8 7 10 17 10 8 17 10 17
< RES 1637332075 88 4
> REQ 1637332075 89 4
> VAMPIRE 1 5 7 3 0 2 0
> VAMPIRE 4 3 15 3 0 2 0
> VAMPIRE 3 11 15 3 0 2 0
> VAMPIRE 2 15 7 3 0 2 0
> GRENADE 1 9 9 2 2
> GRENADE 4 1 14 2 2
> GRENADE 2 17 9 2 2
> GRENADE 3 9 17 4 2
> BAT1 8 5 19 8 10 9 9 10 19 10 19 12 1 16 8 19 10 19 12 19 10 7 7 8 13 10 10 13
> BAT2 17 8 7 10 17 10 8 17 10 17
< RES 1637332075 89 4
< MOVE R R
> REQ 1637332075 90 4
> VAMPIRE 1 5 5 3 0 2 0
> VAMPIRE 4 3 17 3 0 2 0
> VAMPIRE 3 11 15 3 0 2 0
> VAMPIRE 2 13 7 3 0 2 0
> GRENADE 1 9 9 1 2
> GRENADE 4 1 14 1 2
> GRENADE 2 17 9 1 2
> GRENADE 3 9 17 3 2
> BAT1 8 5 19 8 10 9 9 10 19 10 19 12 1 16 8 19 10 19 12 19 10 7 7 8 13 10 10 13
> BAT2 17 8 7 10 17 10 8 17 10 17
< RES 1637332075 90 4
< MOVE D D
> REQ 1637332075 91 4
> VAMPIRE 1 6 5 3 1 2 0
> VAMPIRE 4 5 17 3 1 2 0
> VAMPIRE 3 11 15 3 0 2 0
> VAMPIRE 2 12 7 3 1 2 0
> GRENADE 3 9 17 2 2
> BAT1 8 5 19 8 19 10 19 12 8 19 10 19 12 19 10 7 7 8 17 8 13 10 17 10 10 13
> BAT2 7 10 8 17 10 17
< RES 1637332075 91 4
< MOVE D D
> REQ 1637332075 92 4
> VAMPIRE 1 7 4 3 0 2 0
> VAMPIRE 4 7 17 3 1 2 0
> VAMPIRE 3 11 17 3 0 2 0
> VAMPIRE 2 11 8 3 0 2 0
> GRENADE 3 9 17 1 2
> GRENADE 1 6 5 5 2
> GRENADE 2 12 7 5 2
> BAT1 8 5 19 8 19 10 19 12 8 19 10 19 12 19 10 7 7 8 17 8 13 10 17 10 10 13
> BAT2 7 10 8 17 10 17
< RES 1637332075 92 4
< GRENADE
> REQ 1637332075 93 4
> VAMPIRE 1 7 3 3 0 2 0
> VAMPIRE 4 7 17 3 0 2 0
> VAMPIRE 3 11 19 3 1 2 0
> VAMPIRE 2 11 9 3 0 2 0
> GRENADE 1 6 5 4 2
> GRENADE 2 12 7 4 2
> GRENADE 4 7 17 5 2
> BAT1 8 5 19 8 19 10 19 12 8 19 10 19 12 19 10 7 7 8 17 8 13 10 17 10 10 13 8 17 10 17
> BAT2 7 10
< RES 1637332075 93 4
< THROW XD 2
< MOVE L L
> REQ 1637332075 94 4
> VAMPIRE 1 7 3 3 0 2 0
> VAMPIRE 4 7 15 3 0 2 0
> VAMPIRE 3 11 17 3 0 2 0
> VAMPIRE 2 11 9 3 0 2 0
> GRENADE 1 6 5 3 2
> GRENADE 2 12 7 3 2
> GRENADE 4 9 17 4 2
> GRENADE 3 11 19 5 2
> BAT1 8 5 19 8 19 10 19 12 8 19 10 19 12 19 10 7 7 8 17 8 13 10 17 10 10 13 8 17 10 17
> BAT2 7 10
< RES 1637332075 94 4
> REQ 1637332075 95 4
> VAMPIRE 1 7 3 3 0 2 0
> VAMPIRE 4 7 15 3 0 2 0
> VAMPIRE 3 13 17 3 0 2 0
> VAMPIRE 2 11 9 3 0 2 0
> GRENADE 1 6 5 2 2
> GRENADE 2 12 7 2 2
> GRENADE 4 9 17 3 2
> GRENADE 3 11 19 4 2
> BAT1 8 5 19 8 19 10 19 12 8 19 10 19 12 19 10 7 7 8 17 8 13 10 17 10 10 13 8 17 10 17
> BAT2 7 10
< RES 1637332075 95 4
> REQ 1637332075 96 4
> VAMPIRE 1 7 4 3 0 2 0
> VAMPIRE 4 7 15 3 0 2 0
> VAMPIRE 3 13 17 3 0 2 0
> VAMPIRE 2 9 9 3 0 2 0
> GRENADE 1 6 5 1 2
> GRENADE 2 12 7 1 2
> GRENADE 4 9 17 2 2
> GRENADE 3 11 19 3 2
> BAT1 8 5 19 8 19 10 19 12 8 19 10 19 12 19 10 7 7 8 17 8 13 10 17 10 10 13 8 17 10 17
> BAT2 7 10
< RES 1637332075 96 4
< MOVE L L
> REQ 1637332075 97 4
> VAMPIRE 1 7 6 3 1 2 0
> VAMPIRE 4 7 13 3 0 2 0
> VAMPIRE 3 13 15 3 0 2 0
> VAMPIRE 2 7 9 3 1 2 0
> GRENADE 4 9 17 1 2
> GRENADE 3 11 19 2 2
> BAT1 19 8 19 10 19 12 8 19 10 19 12 19 7 8 17 8 13 10 17 10 10 13 8 17 10 17
> BAT2 7 10
< RES 1637332075 97 4
< MOVE L L
> REQ 1637332075 98 4
> VAMPIRE 1 6 7 3 0 2 0
> VAMPIRE 4 7 11 3 1 2 0
> VAMPIRE 3 13 13 3 0 2 0
> VAMPIRE 2 9 9 3 0 2 0
> GRENADE 3 11 19 1 2
> GRENADE 1 7 6 5 2
> GRENADE 2 7 9 5 2
> BAT1 19 8 19 10 19 12 8 19 10 19 12 19 7 8 17 8 13 10 17 10 10 13
> BAT2 7 10
< RES 1637332075 98 4
< GRENADE
> REQ 1637332075 99 4
> VAMPIRE 1 5 7 3 0 2 0
> VAMPIRE 4 7 11 3 0 2 0
> VAMPIRE 3 13 12 3 1 2 0
> VAMPIRE 2 11 9 3 0 2 0
> GRENADE 1 7 6 4 2
> GRENADE 2 7 9 4 2
> GRENADE 4 7 11 5 2
> BAT1 19 8 19 10 19 12 8 19 7 8 17 8 13 10 17 10 10 13
> BAT2 7 10
< RES 1637332075 99 4
< THROW XL 2
< MOVE D D
> REQ 1637332075 100 4
> VAMPIRE 1 5 5 3 0 2 0
> VAMPIRE 4 9 11 3 0 2 0
> VAMPIRE 3 12 11 3 0 2 0
> VAMPIRE 2 11 9 3 0 2 0
> GRENADE 1 7 6 3 2
> GRENADE 2 7 9 3 2
> GRENADE 4 7 9 4 2
> GRENADE 3 13 12 5 2
> BAT1 19 8 19 10 19 12 8 19 7 8 17 8 13 10 17 10 10 13
> BAT2 7 10
< RES 1637332075 100 4
< MOVE U U
> REQ 1637332075 101 4
> VAMPIRE 1 7 5 3 0 2 0
> VAMPIRE 4 7 11 3 0 2 0
> VAMPIRE 3 14 11 3 0 2 0
> VAMPIRE 2 11 7 3 0 2 0
> GRENADE 1 7 6 2 2
> GRENADE 2 7 9 2 2
> GRENADE 4 7 9 3 2
> GRENADE 3 13 12 4 2
> BAT1 19 8 19 10 19 12 8 19 7 8 17 8 13 10 17 10 10 13
> BAT2 7 10
< RES 1637332075 101 4
< MOVE R R
> REQ 1637332075 102 4
> VAMPIRE 1 7 5 3 0 2 0
> VAMPIRE 4 7 13 3 0 2 0
> VAMPIRE 3 15 11 3 0 2 0
> VAMPIRE 2 13 7 3 0 2 0
> GRENADE 1 7 9 1 2
> GRENADE 2 7 9 1 2
> GRENADE 4 7 9 2 2
> GRENADE 3 13 12 3 2
> BAT1 19 8 19 10 19 12 8 19 7 8 17 8 13 10 17 10 10 13
> BAT2 7 10
< RES 1637332075 102 4
< MOVE D
> REQ 1637332075 103 4
> VAMPIRE 1 7 7 3 1 2 0
> VAMPIRE 4 8 13 3 1 2 0
> VAMPIRE 3 15 11 3 0 2 0
> VAMPIRE 2 15 7 3 1 2 0
> GRENADE 3 13 12 2 2
> BAT1 19 8 19 10 19 12 8 19 17 8 7 10 13 10 17 10 10 13
< RES 1637332075 103 4
< GRENADE
< MOVE D L
> REQ 1637332075 104 4
> VAMPIRE 1 7 8 3 1 2 0
> VAMPIRE 4 9 12 3 0 2 0
> VAMPIRE 3 17 11 3 0 2 0
> VAMPIRE 2 17 7 3 1 2 0
> GRENADE 3 13 12 1 2
> GRENADE 4 8 13 5 2
> BAT1 19 8 19 10 19 12 8 19 17 8 7 10 13 10 17 10 10 13
< RES 1637332075 104 4
< MOVE L
> REQ 1637332075 105 4
> VAMPIRE 1 6 9 3 0 2 0
> VAMPIRE 4 9 11 3 0 2 0
> VAMPIRE 3 19 11 3 1 2 0
> VAMPIRE 2 17 7 3 0 2 0
> GRENADE 4 8 13 4 2
> GRENADE 1 7 8 5 2
> GRENADE 2 17 7 5 2
> BAT1 19 8 19 10 19 12 8 19 17 8 7 10 17 10 10 13
< RES 1637332075 105 4
> REQ 1637332075 106 4
> VAMPIRE 1 5 9 3 0 2 0
> VAMPIRE 4 9 11 3 0 2 0
> VAMPIRE 3 17 11 3 0 2 0
> VAMPIRE 2 15 7 3 0 2 0
> GRENADE 4 8 13 3 2
> GRENADE 1 7 8 4 2
> GRENADE 2 17 9 4 2
> GRENADE 3 19 11 5 2
> BAT1 19 8 19 10 19 12 8 19 17 8 7 10 17 10 10 13
< RES 1637332075 106 4
> REQ 1637332075 107 4
> VAMPIRE 1 5 9 3 0 2 0
> VAMPIRE 4 9 11 3 0 2 0
> VAMPIRE 3 17 13 3 0 2 0
> VAMPIRE 2 15 7 3 0 2 0
> GRENADE 4 8 13 2 2
> GRENADE 1 7 8 3 2
> GRENADE 2 17 9 3 2
> GRENADE 3 19 11 4 2
> BAT1 19 8 19 10 19 12 8 19 17 8 7 10 17 10 10 13
< RES 1637332075 107 4
> REQ 1637332075 108 4
> VAMPIRE 1 5 9 3 0 2 0
> VAMPIRE 4 9 11 3 0 2 0
> VAMPIRE 3 17 13 3 0 2 0
> VAMPIRE 2 15 7 3 0 2 0
> GRENADE 4 8 13 1 2
> GRENADE 1 7 8 2 2
> GRENADE 2 17 9 2 2
> GRENADE 3 19 11 3 2
> BAT1 19 8 19 10 19 12 8 19 17 8 7 10 17 10 10 13
< RES 1637332075 108 4
< MOVE R R
> REQ 1637332075 109 4
> VAMPIRE 1 5 9 3 0 2 0
> VAMPIRE 4 9 13 3 1 2 0
> VAMPIRE 3 17 13 3 0 2 0
> VAMPIRE 2 17 7 3 0 2 0
> GRENADE 1 7 8 1 2
> GRENADE 2 17 9 1 2
> GRENADE 3 19 11 2 2
> BAT1 19 8 19 10 19 12 8 19 17 8 7 10 17 10
< RES 1637332075 109 4
< MOVE R R
> REQ 1637332075 110 4
> VAMPIRE 1 7 9 3 1 2 0
> VAMPIRE 4 9 15 3 1 2 0
> VAMPIRE 3 17 13 3 0 2 0
> VAMPIRE 2 19 7 3 1 2 0
> GRENADE 3 19 11 1 2
> BAT1 19 8 19 10 19 12 8 19
< RES 1637332075 110 4
< MOVE R R
> REQ 1637332075 111 4
> VAMPIRE 1 7 11 3 1 2 0
> VAMPIRE 4 9 17 3 1 2 0
> VAMPIRE 3 17 11 3 1 2 0
> VAMPIRE 2 19 7 3 0 2 0
> GRENADE 2 19 7 5 2
> BAT1 19 8 8 19
< RES 1637332075 111 4
< MOVE R R
> REQ 1637332075 112 4
> VAMPIRE 1 7 13 3 1 2 0
> VAMPIRE 4 9 19 3 1 2 0
> VAMPIRE 3 19 11 3 1 2 0
> VAMPIRE 2 19 7 3 0 2 0
> GRENADE 2 19 10 4 2
> BAT1 19 8 8 19
< RES 1637332075 112 4
< GRENADE
< MOVE L L
> REQ 1637332075 113 4
> VAMPIRE 1 7 15 3 1 2 0
> VAMPIRE 4 9 17 3 0 2 0
> VAMPIRE 3 19 11 3 0 2 0
> VAMPIRE 2 17 7 3 0 2 0
> GRENADE 2 19 10 3 2
> GRENADE 4 9 19 5 2
> GRENADE 3 19 11 5 2
> BAT1 19 8 8 19
< RES 1637332075 113 4
< MOVE D D
> REQ 1637332075 114 4
> VAMPIRE 1 7 17 3 1 2 0
> VAMPIRE 4 11 17 3 0 2 0
> VAMPIRE 3 18 11 3 0 2 0
> VAMPIRE 2 17 7 3 0 2 0
> GRENADE 2 19 10 2 2
> GRENADE 4 9 19 4 2
> GRENADE 3 19 9 4 2
> BAT1 19 8 8 19
< RES 1637332075 114 4
< MOVE D D
> REQ 1637332075 115 4
> VAMPIRE 1 7 19 3 1 2 0
> VAMPIRE 4 13 17 3 0 2 0
> VAMPIRE 3 18 11 3 0 2 0
> VAMPIRE 2 17 7 3 0 2 0
> GRENADE 2 19 10 1 2
> GRENADE 4 9 19 3 2
> GRENADE 3 19 9 3 2
> BAT1 19 8 8 19
< RES 1637332075 115 4
< MOVE U U
> REQ 1637332075 116 4
> VAMPIRE 1 7 19 3 0 2 0
> VAMPIRE 4 11 17 3 0 2 0
> VAMPIRE 3 16 11 3 1 2 0
> VAMPIRE 2 15 7 3 1 2 0
> GRENADE 4 9 19 2 2
> GRENADE 1 7 19 5 2
> BAT1 8 19
< RES 1637332075 116 4
> REQ 1637332075 117 4
> VAMPIRE 1 7 19 3 0 2 0
> VAMPIRE 4 11 17 3 0 2 0
> VAMPIRE 3 17 11 3 1 2 0
> VAMPIRE 2 15 7 3 1 2 0
> GRENADE 4 9 19 1 2
> GRENADE 1 10 19 4 2
> BAT1 8 19
< RES 1637332075 117 4
> REQ 1637332075 118 4
> VAMPIRE 1 7 19 3 1 2 0
> VAMPIRE 4 11 17 3 1 2 0
> VAMPIRE 3 17 11 3 1 2 0
> VAMPIRE 2 15 7 3 1 2 0
< RES 1637332075 118 4
> REQ 1637332075 119 4
> VAMPIRE 1 7 19 3 1 2 0
> VAMPIRE 4 11 17 3 1 2 0
> VAMPIRE 3 17 11 3 1 2 0
> VAMPIRE 2 15 7 3 1 2 0
< RES 1637332075 119 4
> REQ 1637332075 120 4
> VAMPIRE 1 7 19 3 1 2 0
> VAMPIRE 4 11 17 3 1 2 0
> VAMPIRE 3 17 11 3 1 2 0
> VAMPIRE 2 15 7 3 1 2 0
< RES 1637332075 120 4
> REQ 1637332075 121 4
> VAMPIRE 1 7 19 3 1 2 0
> VAMPIRE 4 11 17 3 1 2 0
> VAMPIRE 3 17 11 3 1 2 0
> VAMPIRE 2 15 7 3 1 2 0
< RES 1637332075 121 4
> REQ 1637332075 122 4
> VAMPIRE 1 7 19 3 1 2 0
> VAMPIRE 4 11 17 3 1 2 0
> VAMPIRE 3 17 11 3 1 2 0
> VAMPIRE 2 15 7 3 1 2 0
< RES 1637332075 122 4
> REQ 1637332075 123 4
> VAMPIRE 1 7 19 3 1 2 0
> VAMPIRE 4 11 17 3 1 2 0
> VAMPIRE 3 17 11 3 1 2 0
> VAMPIRE 2 15 7 3 1 2 0
< RES 1637332075 123 4
> REQ 1637332075 124 4
> VAMPIRE 1 7 19 3 1 2 0
> VAMPIRE 4 11 17 3 1 2 0
> VAMPIRE 3 17 11 3 1 2 0
> VAMPIRE 2 15 7 3 1 2 0
< RES 1637332075 124 4
> REQ 1637332075 125 4
> VAMPIRE 1 7 19 3 1 2 0
> VAMPIRE 4 11 17 3 1 2 0
> VAMPIRE 3 17 11 3 1 2 0
> VAMPIRE 2 15 7 3 1 2 0
< RES 1637332075 125 4
> REQ 1637332075 126 4
> VAMPIRE 1 7 19 3 1 2 0
> VAMPIRE 4 11 17 3 1 2 0
> VAMPIRE 3 17 11 3 1 2 0
> VAMPIRE 2 15 7 3 1 2 0
< RES 1637332075 126 4
> REQ 1637332075 127 4
> VAMPIRE 1 7 19 3 1 2 0
> VAMPIRE 4 11 17 3 1 2 0
> VAMPIRE 3 17 11 3 1 2 0
> VAMPIRE 2 15 7 3 1 2 0
< RES 1637332075 127 4
> REQ 1637332075 128 4
> VAMPIRE 1 7 19 3 1 2 0
> VAMPIRE 4 11 17 3 1 2 0
> VAMPIRE 3 17 11 3 1 2 0
> VAMPIRE 2 15 7 3 1 2 0
< RES 1637332075 128 4
> REQ 1637332075 129 4
> VAMPIRE 1 7 19 3 1 2 0
> VAMPIRE 4 11 17 3 1 2 0
> VAMPIRE 3 17 11 3 1 2 0
> VAMPIRE 2 15 7 3 1 2 0
< RES 1637332075 129 4
> REQ 1637332075 130 4
> VAMPIRE 1 7 19 3 1 2 0
> VAMPIRE 4 11 17 3 1 2 0
> VAMPIRE 3 17 11 3 1 2 0
> VAMPIRE 2 15 7 3 1 2 0
< RES 1637332075 130 4
> REQ 1637332075 131 4
> VAMPIRE 1 7 19 3 1 2 0
> VAMPIRE 4 11 17 3 1 2 0
> VAMPIRE 3 17 11 3 1 2 0
> VAMPIRE 2 15 7 3 1 2 0
< RES 1637332075 131 4
> REQ 1637332075 132 4
> VAMPIRE 1 7 19 3 1 2 0
> VAMPIRE 4 11 17 3 1 2 0
> VAMPIRE 3 17 11 3 1 2 0
> VAMPIRE 2 15 7 3 1 2 0
< RES 1637332075 132 4
> REQ 1637332075 133 4
> VAMPIRE 1 7 19 3 1 2 0
> VAMPIRE 4 11 17 3 1 2 0
> VAMPIRE 3 17 11 3 1 2 0
> VAMPIRE 2 15 7 3 1 2 0
< RES 1637332075 133 4
> REQ 1637332075 134 4
> VAMPIRE 1 7 19 3 1 2 0
> VAMPIRE 4 11 17 3 1 2 0
> VAMPIRE 3 17 11 3 1 2 0
> VAMPIRE 2 15 7 3 1 2 0
< RES 1637332075 134 4
> REQ 1637332075 135 4
> VAMPIRE 1 7 19 3 1 2 0
> VAMPIRE 4 11 17 3 1 2 0
> VAMPIRE 3 17 11 3 1 2 0
> VAMPIRE 2 15 7 3 1 2 0
< RES 1637332075 135 4
> REQ 1637332075 136 4
> VAMPIRE 1 7 19 3 1 2 0
> VAMPIRE 4 11 17 3 1 2 0
> VAMPIRE 3 17 11 3 1 2 0
> VAMPIRE 2 15 7 3 1 2 0
< RES 1637332075 136 4
> REQ 1637332075 137 4
> VAMPIRE 1 7 19 3 1 2 0
> VAMPIRE 4 11 17 3 1 2 0
> VAMPIRE 3 17 11 3 1 2 0
> VAMPIRE 2 15 7 3 1 2 0
< RES 1637332075 137 4
> REQ 1637332075 138 4
> VAMPIRE 1 7 19 3 1 2 0
> VAMPIRE 4 11 17 3 1 2 0
> VAMPIRE 3 17 11 3 1 2 0
> VAMPIRE 2 15 7 3 1 2 0
< RES 1637332075 138 4
> REQ 1637332075 139 4
> VAMPIRE 1 7 19 3 1 2 0
> VAMPIRE 4 11 17 3 1 2 0
> VAMPIRE 3 17 11 3 1 2 0
> VAMPIRE 2 15 7 3 1 2 0
< RES 1637332075 139 4
> REQ 1637332075 140 4
> VAMPIRE 1 7 19 3 1 2 0
> VAMPIRE 4 11 17 3 1 2 0
> VAMPIRE 3 17 11 3 1 2 0
> VAMPIRE 2 15 7 3 1 2 0
< RES 1637332075 140 4
> REQ 1637332075 141 4
> VAMPIRE 1 7 19 3 1 2 0
> VAMPIRE 4 11 17 3 1 2 0
> VAMPIRE 3 17 11 3 1 2 0
> VAMPIRE 2 15 7 3 1 2 0
< RES 1637332075 141 4
> REQ 1637332075 142 4
> VAMPIRE 1 7 19 3 1 2 0
> VAMPIRE 4 11 17 3 1 2 0
> VAMPIRE 3 17 11 3 1 2 0
> VAMPIRE 2 15 7 3 1 2 0
< RES 1637332075 142 4
> REQ 1637332075 143 4
> VAMPIRE 1 7 19 3 1 2 0
> VAMPIRE 4 11 17 3 1 2 0
> VAMPIRE 3 17 11 3 1 2 0
> VAMPIRE 2 15 7 3 1 2 0
< RES 1637332075 143 4
> REQ 1637332075 144 4
> VAMPIRE 1 7 19 3 1 2 0
> VAMPIRE 4 11 17 3 1 2 0
> VAMPIRE 3 17 11 3 1 2 0
> VAMPIRE 2 15 7 3 1 2 0
< RES 1637332075 144 4
> REQ 1637332075 145 4
> VAMPIRE 1 7 19 3 1 2 0
> VAMPIRE 4 11 17 3 1 2 0
> VAMPIRE 3 17 11 3 1 2 0
> VAMPIRE 2 15 7 3 1 2 0
< RES 1637332075 145 4
> REQ 1637332075 146 4
> VAMPIRE 1 7 19 3 1 2 0
> VAMPIRE 4 11 17 3 1 2 0
> VAMPIRE 3 17 11 3 1 2 0
> VAMPIRE 2 15 7 3 1 2 0
< RES 1637332075 146 4
> REQ 1637332075 147 4
> VAMPIRE 1 7 19 3 1 2 0
> VAMPIRE 4 11 17 3 1 2 0
> VAMPIRE 3 17 11 3 1 2 0
> VAMPIRE 2 15 7 3 1 2 0
< RES 1637332075 147 4
> REQ 1637332075 148 4
> VAMPIRE 1 7 19 3 1 2 0
> VAMPIRE 4 11 17 3 1 2 0
> VAMPIRE 3 17 11 3 1 2 0
> VAMPIRE 2 15 7 3 1 2 0
> POWERUP TOMATO -8 7 2 5
> POWERUP TOMATO -8 13 18 5
< RES 1637332075 148 4
< MOVE D D
> REQ 1637332075 149 4
> VAMPIRE 1 9 19 3 1 2 0
> VAMPIRE 4 13 17 3 1 2 0
> VAMPIRE 3 15 11 3 1 2 0
> VAMPIRE 2 13 7 3 1 2 0
> POWERUP TOMATO -7 7 2 5
> POWERUP TOMATO -7 13 18 5
< RES 1637332075 149 4
< MOVE R
> REQ 1637332075 150 4
> VAMPIRE 1 11 19 3 1 2 0
> VAMPIRE 4 13 18 3 1 2 0
> VAMPIRE 3 13 11 3 1 2 0
> VAMPIRE 2 11 7 3 1 2 0
> POWERUP TOMATO -6 7 2 5
> POWERUP TOMATO -6 13 18 5
< RES 1637332075 150 4
> REQ 1637332075 151 4
> VAMPIRE 1 13 19 3 1 2 0
> VAMPIRE 4 13 18 3 1 2 0
> VAMPIRE 3 13 13 3 1 2 0
> VAMPIRE 2 9 7 3 1 2 0
> POWERUP TOMATO -5 7 2 5
> POWERUP TOMATO -5 13 18 5
< RES 1637332075 151 4
> REQ 1637332075 152 4
> VAMPIRE 1 13 18 3 1 2 0
> VAMPIRE 4 13 18 3 1 2 0
> VAMPIRE 3 13 15 3 1 2 0
> VAMPIRE 2 7 7 3 1 2 0
> POWERUP TOMATO -4 7 2 5
> POWERUP TOMATO -4 13 18 5
< RES 1637332075 152 4
> REQ 1637332075 153 4
> VAMPIRE 1 13 18 3 1 2 0
> VAMPIRE 4 13 18 3 1 2 0
> VAMPIRE 3 13 17 3 1 2 0
> VAMPIRE 2 7 5 3 1 2 0
> POWERUP TOMATO -3 7 2 5
> POWERUP TOMATO -3 13 18 5
< RES 1637332075 153 4
> REQ 1637332075 154 4
> VAMPIRE 1 13 18 3 1 2 0
> VAMPIRE 4 13 18 3 1 2 0
> VAMPIRE 3 13 18 3 1 2 0
> VAMPIRE 2 7 3 3 1 2 0
> POWERUP TOMATO -2 7 2 5
> POWERUP TOMATO -2 13 18 5
< RES 1637332075 154 4
> REQ 1637332075 155 4
> VAMPIRE 1 13 18 3 1 2 0
> VAMPIRE 4 13 18 3 1 2 0
> VAMPIRE 3 13 18 3 1 2 0
> VAMPIRE 2 7 2 3 1 2 0
> POWERUP TOMATO -1 7 2 5
> POWERUP TOMATO -1 13 18 5
< RES 1637332075 155 4
> REQ 1637332075 156 4
> VAMPIRE 1 13 18 3 1 2 0
> VAMPIRE 4 13 18 3 1 2 0
> VAMPIRE 3 13 18 3 1 2 0
> VAMPIRE 2 7 2 3 1 2 0
> POWERUP TOMATO 20 7 2 5
> POWERUP TOMATO 20 13 18 5
< RES 1637332075 156 4
> REQ 1637332075 157 4
> VAMPIRE 1 13 18 3 1 2 0
> VAMPIRE 4 13 18 3 1 2 0
> VAMPIRE 3 13 18 3 1 2 0
> VAMPIRE 2 7 2 3 1 2 0
> POWERUP TOMATO 19 7 2 5
> POWERUP TOMATO 19 13 18 5
< RES 1637332075 157 4
> REQ 1637332075 158 4
> VAMPIRE 1 13 18 3 1 2 0
> VAMPIRE 4 13 18 3 1 2 0
> VAMPIRE 3 13 18 3 1 2 0
> VAMPIRE 2 7 2 3 1 2 0
> POWERUP TOMATO 18 7 2 5
> POWERUP TOMATO 18 13 18 5
< RES 1637332075 158 4
> REQ 1637332075 159 4
> VAMPIRE 1 13 18 3 1 2 0
> VAMPIRE 4 13 18 3 1 2 0
> VAMPIRE 3 13 18 3 1 2 0
> VAMPIRE 2 7 2 3 1 2 0
> POWERUP TOMATO 17 7 2 5
> POWERUP TOMATO 17 13 18 5
< RES 1637332075 159 4
> REQ 1637332075 160 4
> VAMPIRE 1 13 18 3 1 2 0
> VAMPIRE 4 13 18 3 1 2 0
> VAMPIRE 3 13 18 3 1 2 0
> VAMPIRE 2 7 2 3 1 2 0
< RES 1637332075 160 4
< MOVE R U
> REQ 1637332075 161 4
> VAMPIRE 1 12 19 3 1 2 0
> VAMPIRE 4 12 19 3 1 2 0
> VAMPIRE 3 12 19 3 1 2 0
> VAMPIRE 2 7 3 3 1 2 0
< RES 1637332075 161 4
< MOVE U L
> REQ 1637332075 162 4
> VAMPIRE 1 11 18 3 1 2 0
> VAMPIRE 4 11 18 3 1 2 0
> VAMPIRE 3 11 18 3 1 2 0
> VAMPIRE 2 9 3 3 1 2 0
< RES 1637332075 162 4
< MOVE R U
> REQ 1637332075 163 4
> VAMPIRE 1 10 19 3 1 2 0
> VAMPIRE 4 10 19 3 1 2 0
> VAMPIRE 3 10 19 3 1 2 0
> VAMPIRE 2 9 5 3 1 2 0
< RES 1637332075 163 4
< MOVE U L
> REQ 1637332075 164 4
> VAMPIRE 1 9 18 3 1 2 0
> VAMPIRE 4 9 18 3 1 2 0
> VAMPIRE 3 9 18 3 1 2 0
> VAMPIRE 2 9 7 3 1 2 0
< RES 1637332075 164 4
< MOVE R U
> REQ 1637332075 165 4
> VAMPIRE 1 8 19 3 1 2 0
> VAMPIRE 4 8 19 3 1 2 0
> VAMPIRE 3 8 19 3 1 2 0
> VAMPIRE 2 9 9 3 1 2 0
< RES 1637332075 165 4
< MOVE U L
> REQ 1637332075 166 4
> VAMPIRE 1 7 18 3 1 2 0
> VAMPIRE 4 7 18 3 1 2 0
> VAMPIRE 3 7 18 3 1 2 0
> VAMPIRE 2 9 9 3 1 2 0
< RES 1637332075 166 4
< MOVE R U
> REQ 1637332075 167 4
> VAMPIRE 1 6 19 3 1 2 0
> VAMPIRE 4 6 19 3 1 2 0
> VAMPIRE 3 6 19 3 1 2 0
> VAMPIRE 2 9 9 3 1 2 0
< RES 1637332075 167 4
< MOVE U L
> REQ 1637332075 168 4
> VAMPIRE 1 5 18 3 1 2 0
> VAMPIRE 4 5 18 3 1 2 0
> VAMPIRE 3 5 18 3 1 2 0
> VAMPIRE 2 9 9 3 1 2 0
< RES 1637332075 168 4
< MOVE R U
> REQ 1637332075 169 4
> VAMPIRE 1 4 19 3 1 2 0
> VAMPIRE 4 4 19 3 1 2 0
> VAMPIRE 3 4 19 3 1 2 0
> VAMPIRE 2 9 9 3 1 2 0
< RES 1637332075 169 4
< MOVE U L
> REQ 1637332075 170 4
> VAMPIRE 1 3 18 3 1 2 0
> VAMPIRE 4 3 18 3 1 2 0
> VAMPIRE 3 3 18 3 1 2 0
> VAMPIRE 2 9 9 3 1 2 0
< RES 1637332075 170 4
< MOVE R D
> REQ 1637332075 171 4
> VAMPIRE 1 4 19 3 1 2 0
> VAMPIRE 4 4 19 3 1 2 0
> VAMPIRE 3 4 19 3 1 2 0
> VAMPIRE 2 9 9 3 1 2 0
< RES 1637332075 171 4
< MOVE U L
> REQ 1637332075 172 4
> VAMPIRE 1 3 18 3 1 2 0
> VAMPIRE 4 3 18 3 1 2 0
> VAMPIRE 3 3 18 3 1 2 0
> VAMPIRE 2 9 9 3 1 2 0
< RES 1637332075 172 4
< MOVE R D
> REQ 1637332075 173 4
> VAMPIRE 1 4 19 3 1 2 0
> VAMPIRE 4 4 19 3 1 2 0
> VAMPIRE 3 4 19 3 1 2 0
> VAMPIRE 2 9 9 3 1 2 0
< RES 1637332075 173 4
< MOVE U L
> REQ 1637332075 174 4
> VAMPIRE 1 3 18 3 1 2 0
> VAMPIRE 4 3 18 3 1 2 0
> VAMPIRE 3 3 18 3 1 2 0
> VAMPIRE 2 9 9 3 1 2 0
< RES 1637332075 174 4
< MOVE R D
> REQ 1637332075 175 4
> VAMPIRE 1 4 19 3 1 2 0
> VAMPIRE 4 4 19 3 1 2 0
> VAMPIRE 3 4 19 3 1 2 0
> VAMPIRE 2 9 9 3 1 2 0
< RES 1637332075 175 4
< MOVE U L
> REQ 1637332075 176 4
> VAMPIRE 1 3 18 3 1 2 0
> VAMPIRE 4 3 18 3 1 2 0
> VAMPIRE 3 3 18 3 1 2 0
> VAMPIRE 2 9 9 3 1 2 0
< RES 1637332075 176 4
< MOVE R D
> REQ 1637332075 177 4
> VAMPIRE 1 4 19 3 1 2 0
> VAMPIRE 4 4 19 3 1 2 0
> VAMPIRE 3 4 19 3 1 2 0
> VAMPIRE 2 9 9 3 1 2 0
< RES 1637332075 177 4
< MOVE U L
> REQ 1637332075 178 4
> VAMPIRE 1 3 18 3 1 2 0
> VAMPIRE 4 3 18 3 1 2 0
> VAMPIRE 3 3 18 3 1 2 0
> VAMPIRE 2 9 9 3 1 2 0
< RES 1637332075 178 4
< MOVE R D
> REQ 1637332075 179 4
> VAMPIRE 1 4 19 3 1 2 0
> VAMPIRE 4 4 19 3 1 2 0
> VAMPIRE 3 4 19 3 1 2 0
> VAMPIRE 2 9 9 3 1 2 0
< RES 1637332075 179 4
< MOVE U L
> REQ 1637332075 180 4
> VAMPIRE 1 3 18 3 1 2 0
> VAMPIRE 4 3 18 3 1 2 0
> VAMPIRE 3 3 18 3 1 2 0
> VAMPIRE 2 9 9 3 1 2 0
< RES 1637332075 180 4
< MOVE R D
> REQ 1637332075 181 4
> VAMPIRE 1 4 19 3 1 2 0
> VAMPIRE 4 4 19 3 1 2 0
> VAMPIRE 3 4 19 3 1 2 0
> VAMPIRE 2 9 9 3 1 2 0
> POWERUP GRENADE -8 15 2 7
> POWERUP GRENADE -8 5 18 7
< RES 1637332075 181 4
< MOVE D L
> REQ 1637332075 182 4
> VAMPIRE 1 5 18 3 1 2 0
> VAMPIRE 4 5 18 3 1 2 0
> VAMPIRE 3 5 18 3 1 2 0
> VAMPIRE 2 11 9 3 1 2 0
> POWERUP GRENADE -7 15 2 7
> POWERUP GRENADE -7 5 18 7
< RES 1637332075 182 4
> REQ 1637332075 183 4
> VAMPIRE 1 5 18 3 1 2 0
> VAMPIRE 4 5 18 3 1 2 0
> VAMPIRE 3 5 18 3 1 2 0
> VAMPIRE 2 13 9 3 1 2 0
> POWERUP GRENADE -6 15 2 7
> POWERUP GRENADE -6 5 18 7
< RES 1637332075 183 4
> REQ 1637332075 184 4
> VAMPIRE 1 5 18 3 1 2 0
> VAMPIRE 4 5 18 3 1 2 0
> VAMPIRE 3 5 18 3 1 2 0
> VAMPIRE 2 15 9 3 1 2 0
> POWERUP GRENADE -5 15 2 7
> POWERUP GRENADE -5 5 18 7
< RES 1637332075 184 4
> REQ 1637332075 185 4
> VAMPIRE 1 5 18 3 1 2 0
> VAMPIRE 4 5 18 3 1 2 0
> VAMPIRE 3 5 18 3 1 2 0
> VAMPIRE 2 15 7 3 1 2 0
> POWERUP GRENADE -4 15 2 7
> POWERUP GRENADE -4 5 18 7
< RES 1637332075 185 4
> REQ 1637332075 186 4
> VAMPIRE 1 5 18 3 1 2 0
> VAMPIRE 4 5 18 3 1 2 0
> VAMPIRE 3 5 18 3 1 2 0
> VAMPIRE 2 15 5 3 1 2 0
> POWERUP GRENADE -3 15 2 7
> POWERUP GRENADE -3 5 18 7
< RES 1637332075 186 4
> REQ 1637332075 187 4
> VAMPIRE 1 5 18 3 1 2 0
> VAMPIRE 4 5 18 3 1 2 0
> VAMPIRE 3 5 18 3 1 2 0
> VAMPIRE 2 15 3 3 1 2 0
> POWERUP GRENADE -2 15 2 7
> POWERUP GRENADE -2 5 18 7
< RES 1637332075 187 4
> REQ 1637332075 188 4
> VAMPIRE 1 5 18 3 1 2 0
> VAMPIRE 4 5 18 3 1 2 0
> VAMPIRE 3 5 18 3 1 2 0
> VAMPIRE 2 15 2 3 1 2 0
> POWERUP GRENADE -1 15 2 7
> POWERUP GRENADE -1 5 18 7
< RES 1637332075 188 4
> REQ 1637332075 189 4
> VAMPIRE 1 5 18 3 1 2 0
> VAMPIRE 4 5 18 3 1 2 0
> VAMPIRE 3 5 18 3 1 2 0
> VAMPIRE 2 15 2 3 1 2 0
> POWERUP GRENADE 18 15 2 7
> POWERUP GRENADE 18 5 18 7
< RES 1637332075 189 4
> REQ 1637332075 190 4
> VAMPIRE 1 5 18 3 1 2 0
> VAMPIRE 4 5 18 3 1 2 0
> VAMPIRE 3 5 18 3 1 2 0
> VAMPIRE 2 15 2 3 1 2 0
> POWERUP GRENADE 17 15 2 7
> POWERUP GRENADE 17 5 18 7
< RES 1637332075 190 4
> REQ 1637332075 191 4
> VAMPIRE 1 5 18 3 1 2 0
> VAMPIRE 4 5 18 3 1 2 0
> VAMPIRE 3 5 18 3 1 2 0
> VAMPIRE 2 15 2 3 1 2 0
> POWERUP GRENADE 16 15 2 7
> POWERUP GRENADE 16 5 18 7
< RES 1637332075 191 4
> REQ 1637332075 192 4
> VAMPIRE 1 5 18 3 1 2 0
> VAMPIRE 4 5 18 3 1 2 0
> VAMPIRE 3 5 18 3 1 2 0
> VAMPIRE 2 15 2 3 1 2 0
> POWERUP GRENADE 15 15 2 7
> POWERUP GRENADE 15 5 18 7
< RES 1637332075 192 4
> REQ 1637332075 193 4
> VAMPIRE 1 5 18 3 1 2 0
> VAMPIRE 4 5 18 3 1 2 0
> VAMPIRE 3 5 18 3 1 2 0
> VAMPIRE 2 15 2 3 1 2 0
> POWERUP GRENADE 14 15 2 7
> POWERUP GRENADE 14 5 18 7
< RES 1637332075 193 4
> REQ 1637332075 194 4
> VAMPIRE 1 5 18 3 1 2 0
> VAMPIRE 4 5 18 3 1 2 0
> VAMPIRE 3 5 18 3 1 2 0
> VAMPIRE 2 15 2 3 1 2 0
> POWERUP GRENADE 13 15 2 7
> POWERUP GRENADE 13 5 18 7
< RES 1637332075 194 4
> REQ 1637332075 195 4
> VAMPIRE 1 5 18 3 2 2 0
> VAMPIRE 4 5 18 3 2 2 0
> VAMPIRE 3 5 18 3 2 2 0
> VAMPIRE 2 15 2 3 2 2 0
< RES 1637332075 195 4
< MOVE R U
> REQ 1637332075 196 4
> VAMPIRE 1 4 19 3 2 2 0
> VAMPIRE 4 4 19 3 2 2 0
> VAMPIRE 3 4 19 3 2 2 0
> VAMPIRE 2 15 3 3 2 2 0
< RES 1637332075 196 4
< MOVE U L
> REQ 1637332075 197 4
> VAMPIRE 1 3 18 3 2 2 0
> VAMPIRE 4 3 18 3 2 2 0
> VAMPIRE 3 3 18 3 2 2 0
> VAMPIRE 2 13 3 3 2 2 0
< RES 1637332075 197 4
< MOVE R D
> REQ 1637332075 198 4
> VAMPIRE 1 4 19 3 2 2 0
> VAMPIRE 4 4 19 3 2 2 0
> VAMPIRE 3 4 19 3 2 2 0
> VAMPIRE 2 11 3 3 2 2 0
< RES 1637332075 198 4
< MOVE U L
> REQ 1637332075 199 4
> VAMPIRE 1 3 18 3 2 2 0
> VAMPIRE 4 3 18 3 2 2 0
> VAMPIRE 3 3 18 3 2 2 0
> VAMPIRE 2 11 5 3 2 2 0
< RES 1637332075 199 4
< MOVE R D
> REQ 1637332075 200 4
> VAMPIRE 1 4 19 3 2 2 0
> VAMPIRE 4 4 19 3 2 2 0
> VAMPIRE 3 4 19 3 2 2 0
> VAMPIRE 2 11 7 3 2 2 0
< RES 1637332075 200 4
< MOVE U L
> REQ 1637332075 201 4
> VAMPIRE 1 3 18 3 2 2 0
> VAMPIRE 4 3 18 3 2 2 0
> VAMPIRE 3 3 18 3 2 2 0
> VAMPIRE 2 11 9 3 2 2 0
< RES 1637332075 201 4
< MOVE R D
> REQ 1637332075 202 4
> VAMPIRE 1 4 19 3 2 2 0
> VAMPIRE 4 4 19 3 2 2 0
> VAMPIRE 3 4 19 3 2 2 0
> VAMPIRE 2 11 9 3 2 2 0
< RES 1637332075 202 4
< MOVE U L
> REQ 1637332075 203 4
> VAMPIRE 1 3 18 3 2 2 0
> VAMPIRE 4 3 18 3 2 2 0
> VAMPIRE 3 3 18 3 2 2 0
> VAMPIRE 2 11 9 3 2 2 0
< RES 1637332075 203 4
< MOVE R D
> REQ 1637332075 204 4
> VAMPIRE 1 4 19 3 2 2 0
> VAMPIRE 4 4 19 3 2 2 0
> VAMPIRE 3 4 19 3 2 2 0
> VAMPIRE 2 11 9 3 2 2 0
< RES 1637332075 204 4
< MOVE U L
> REQ 1637332075 205 4
> VAMPIRE 1 3 18 3 2 2 0
> VAMPIRE 4 3 18 3 2 2 0
> VAMPIRE 3 3 18 3 2 2 0
> VAMPIRE 2 11 9 3 2 2 0
< RES 1637332075 205 4
< MOVE R D
> REQ 1637332075 206 4
> VAMPIRE 1 4 19 3 2 2 0
> VAMPIRE 4 4 19 3 2 2 0
> VAMPIRE 3 4 19 3 2 2 0
> VAMPIRE 2 11 9 3 2 2 0
< RES 1637332075 206 4
< MOVE U L
> REQ 1637332075 207 4
> VAMPIRE 1 3 18 3 2 2 0
> VAMPIRE 4 3 18 3 2 2 0
> VAMPIRE 3 3 18 3 2 2 0
> VAMPIRE 2 11 9 3 2 2 0
< RES 1637332075 207 4
< MOVE R D
> REQ 1637332075 208 4
> VAMPIRE 1 4 19 3 2 2 0
> VAMPIRE 4 4 19 3 2 2 0
> VAMPIRE 3 4 19 3 2 2 0
> VAMPIRE 2 11 9 3 2 2 0
< RES 1637332075 208 4
< MOVE U L
> REQ 1637332075 209 4
> VAMPIRE 1 3 18 3 2 2 0
> VAMPIRE 4 3 18 3 2 2 0
> VAMPIRE 3 3 18 3 2 2 0
> VAMPIRE 2 11 9 3 2 2 0
< RES 1637332075 209 4
< MOVE R D
> REQ 1637332075 210 4
> VAMPIRE 1 4 19 3 2 2 0
> VAMPIRE 4 4 19 3 2 2 0
> VAMPIRE 3 4 19 3 2 2 0
> VAMPIRE 2 11 9 3 2 2 0
< RES 1637332075 210 4
< MOVE U L
> REQ 1637332075 211 4
> VAMPIRE 1 3 18 3 2 2 0
> VAMPIRE 4 3 18 3 2 2 0
> VAMPIRE 3 3 18 3 2 2 0
> VAMPIRE 2 11 9 3 2 2 0
< RES 1637332075 211 4
< MOVE R D
> REQ 1637332075 212 4
> VAMPIRE 1 4 19 3 2 2 0
> VAMPIRE 4 4 19 3 2 2 0
> VAMPIRE 3 4 19 3 2 2 0
> VAMPIRE 2 11 9 3 2 2 0
< RES 1637332075 212 4
< MOVE U L
> REQ 1637332075 213 4
> VAMPIRE 1 3 18 3 2 2 0
> VAMPIRE 4 3 18 3 2 2 0
> VAMPIRE 3 3 18 3 2 2 0
> VAMPIRE 2 11 9 3 2 2 0
< RES 1637332075 213 4
< MOVE R D
> REQ 1637332075 214 4
> VAMPIRE 1 4 19 3 2 2 0
> VAMPIRE 4 4 19 3 2 2 0
> VAMPIRE 3 4 19 3 2 2 0
> VAMPIRE 2 11 9 3 2 2 0
< RES 1637332075 214 4
< MOVE U L
> REQ 1637332075 215 4
> VAMPIRE 1 3 18 3 2 2 0
> VAMPIRE 4 3 18 3 2 2 0
> VAMPIRE 3 3 18 3 2 2 0
> VAMPIRE 2 11 9 3 2 2 0
< RES 1637332075 215 4
< MOVE R D
> REQ 1637332075 216 4
> VAMPIRE 1 4 19 3 2 2 0
> VAMPIRE 4 4 19 3 2 2 0
> VAMPIRE 3 4 19 3 2 2 0
> VAMPIRE 2 11 9 3 2 2 0
< RES 1637332075 216 4
< MOVE U L
> REQ 1637332075 217 4
> VAMPIRE 1 3 18 3 2 2 0
> VAMPIRE 4 3 18 3 2 2 0
> VAMPIRE 3 3 18 3 2 2 0
> VAMPIRE 2 11 9 3 2 2 0
< RES 1637332075 217 4
< MOVE R D
> REQ 1637332075 218 4
> VAMPIRE 1 4 19 3 2 2 0
> VAMPIRE 4 4 19 3 2 2 0
> VAMPIRE 3 4 19 3 2 2 0
> VAMPIRE 2 11 9 3 2 2 0
< RES 1637332075 218 4
< MOVE U L
> REQ 1637332075 219 4
> VAMPIRE 1 3 18 3 2 2 0
> VAMPIRE 4 3 18 3 2 2 0
> VAMPIRE 3 3 18 3 2 2 0
> VAMPIRE 2 11 9 3 2 2 0
> POWERUP SHOE -7 2 5 5
> POWERUP SHOE -7 18 15 5
< RES 1637332075 219 4
< MOVE L L
> REQ 1637332075 220 4
> VAMPIRE 1 3 16 3 2 2 0
> VAMPIRE 4 3 16 3 2 2 0
> VAMPIRE 3 3 16 3 2 2 0
> VAMPIRE 2 9 9 3 2 2 0
> POWERUP SHOE -6 2 5 5
> POWERUP SHOE -6 18 15 5
< RES 1637332075 220 4
< MOVE L L
> REQ 1637332075 221 4
> VAMPIRE 1 3 14 3 2 2 0
> VAMPIRE 4 3 14 3 2 2 0
> VAMPIRE 3 3 14 3 2 2 0
> VAMPIRE 2 7 9 3 2 2 0
> POWERUP SHOE -5 2 5 5
> POWERUP SHOE -5 18 15 5
< RES 1637332075 221 4
< MOVE L L
> REQ 1637332075 222 4
> VAMPIRE 1 3 12 3 2 2 0
> VAMPIRE 4 3 12 3 2 2 0
> VAMPIRE 3 3 12 3 2 2 0
> VAMPIRE 2 5 9 3 2 2 0
> POWERUP SHOE -4 2 5 5
> POWERUP SHOE -4 18 15 5
< RES 1637332075 222 4
< MOVE L L
> REQ 1637332075 223 4
> VAMPIRE 1 3 10 3 2 2 0
> VAMPIRE 4 3 10 3 2 2 0
> VAMPIRE 3 3 10 3 2 2 0
> VAMPIRE 2 3 9 3 2 2 0
> POWERUP SHOE -3 2 5 5
> POWERUP SHOE -3 18 15 5
< RES 1637332075 223 4
< MOVE L L
> REQ 1637332075 224 4
> VAMPIRE 1 3 10 3 2 2 0
> VAMPIRE 4 3 10 3 2 2 0
> VAMPIRE 3 3 10 3 2 2 0
> VAMPIRE 2 3 11 3 1 2 0
> GRENADE 2 3 9 5 2
> POWERUP SHOE -2 2 5 5
> POWERUP SHOE -2 18 15 5
< RES 1637332075 224 4
< GRENADE
< MOVE R U
> REQ 1637332075 225 4
> VAMPIRE 1 3 10 3 1 2 0
> VAMPIRE 4 3 10 3 1 2 0
> VAMPIRE 3 3 10 3 1 2 0
> VAMPIRE 2 1 11 3 0 2 0
> GRENADE 2 3 9 4 2
> GRENADE 1 3 10 5 2
> GRENADE 4 3 10 5 2
> GRENADE 3 3 10 5 2
> GRENADE 2 3 11 5 2
> POWERUP SHOE -1 2 5 5
> POWERUP SHOE -1 18 15 5
< RES 1637332075 225 4
< GRENADE
> REQ 1637332075 226 4
> VAMPIRE 1 3 10 3 0 2 0
> VAMPIRE 4 3 10 3 0 2 0
> VAMPIRE 3 3 10 3 0 2 0
> VAMPIRE 2 1 9 3 0 2 0
> GRENADE 2 3 9 3 2
> GRENADE 1 3 10 4 2
> GRENADE 4 3 10 4 2
> GRENADE 3 3 10 4 2
> GRENADE 2 3 11 4 2
> GRENADE 1 3 10 5 2
> GRENADE 4 3 10 5 2
> GRENADE 3 3 10 5 2
> POWERUP SHOE 15 2 5 5
> POWERUP SHOE 15 18 15 5
< RES 1637332075 226 4
> REQ 1637332075 227 4
> VAMPIRE 1 3 10 3 0 2 0
> VAMPIRE 4 3 10 3 0 2 0
> VAMPIRE 3 3 10 3 0 2 0
> VAMPIRE 2 1 7 3 0 2 0
> GRENADE 2 3 9 2 2
> GRENADE 1 3 10 3 2
> GRENADE 4 3 10 3 2
> GRENADE 3 3 10 3 2
> GRENADE 2 3 11 3 2
> GRENADE 1 3 10 4 2
> GRENADE 4 3 10 4 2
> GRENADE 3 3 10 4 2
> POWERUP SHOE 14 2 5 5
> POWERUP SHOE 14 18 15 5
< RES 1637332075 227 4
< GRENADE
> REQ 1637332075 228 4
> VAMPIRE 1 3 10 3 0 2 0
> VAMPIRE 4 3 10 3 0 2 0
> VAMPIRE 3 3 10 3 0 2 0
> VAMPIRE 2 1 5 3 0 2 0
> GRENADE 2 3 9 1 2
> GRENADE 1 3 10 2 2
> GRENADE 4 3 10 2 2
> GRENADE 3 3 10 2 2
> GRENADE 2 3 11 2 2
> GRENADE 1 3 10 3 2
> GRENADE 4 3 10 3 2
> GRENADE 3 3 10 3 2
> POWERUP SHOE 13 2 5 5
> POWERUP SHOE 13 18 15 5
< RES 1637332075 228 4
< THROW XL 3
> REQ 1637332075 229 4
> VAMPIRE 1 3 10 2 2 2 0
> VAMPIRE 4 3 10 2 2 2 0
> VAMPIRE 3 3 10 2 2 2 0
> VAMPIRE 2 2 5 3 2 2 0
> POWERUP SHOE 12 2 5 5
> POWERUP SHOE 12 18 15 5
< RES 1637332075 229 4
< MOVE R R
> REQ 1637332075 230 4
> VAMPIRE 1 3 8 2 2 2 0
> VAMPIRE 4 3 12 2 2 2 0
> VAMPIRE 3 3 12 2 2 2 0
> VAMPIRE 2 2 5 3 2 2 0
> POWERUP SHOE 11 2 5 5
> POWERUP SHOE 11 18 15 5
< RES 1637332075 230 4
< MOVE R R
> REQ 1637332075 231 4
> VAMPIRE 1 3 6 2 2 2 0
> VAMPIRE 4 3 14 2 2 2 0
> VAMPIRE 3 3 14 2 2 2 0
> VAMPIRE 2 2 5 3 2 2 0
> POWERUP SHOE 10 2 5 5
> POWERUP SHOE 10 18 15 5
< RES 1637332075 231 4
< MOVE R D
> REQ 1637332075 232 4
> VAMPIRE 1 3 5 2 2 2 0
> VAMPIRE 4 4 15 2 2 2 0
> VAMPIRE 3 4 15 2 2 2 0
> VAMPIRE 2 2 5 3 1 2 0
> GRENADE 2 2 5 5 2
> POWERUP SHOE 9 2 5 5
> POWERUP SHOE 9 18 15 5
< RES 1637332075 232 4
< MOVE D D
> REQ 1637332075 233 4
> VAMPIRE 1 3 7 2 2 2 0
> VAMPIRE 4 6 15 2 2 2 0
> VAMPIRE 3 6 15 2 2 2 0
> VAMPIRE 2 2 5 3 0 2 0
> GRENADE 2 2 5 4 2
> GRENADE 2 2 5 5 2
> POWERUP SHOE 8 2 5 5
> POWERUP SHOE 8 18 15 5
< RES 1637332075 233 4
< MOVE D D
> REQ 1637332075 234 4
> VAMPIRE 1 3 9 2 2 2 0
> VAMPIRE 4 8 15 2 2 2 0
> VAMPIRE 3 8 15 2 2 2 0
> VAMPIRE 2 1 5 3 0 2 42
> GRENADE 2 2 7 3 2
> GRENADE 2 2 7 4 2
> POWERUP SHOE 7 18 15 5
< RES 1637332075 234 4
< MOVE D D
> REQ 1637332075 235 4
> VAMPIRE 1 5 9 2 2 2 0
> VAMPIRE 4 10 15 2 2 2 0
> VAMPIRE 3 10 15 2 2 2 0
> VAMPIRE 2 3 5 3 0 2 41
> GRENADE 2 2 7 2 2
> GRENADE 2 2 7 3 2
> POWERUP SHOE 6 18 15 5
< RES 1637332075 235 4
< MOVE D D
> REQ 1637332075 236 4
> VAMPIRE 1 7 9 2 2 2 0
> VAMPIRE 4 12 15 2 2 2 0
> VAMPIRE 3 12 15 2 2 2 0
> VAMPIRE 2 5 5 3 0 2 40
> GRENADE 2 2 7 1 2
> GRENADE 2 2 7 2 2
> POWERUP SHOE 5 18 15 5
< RES 1637332075 236 4
< MOVE D D
> REQ 1637332075 237 4
> VAMPIRE 1 9 9 2 2 2 0
> VAMPIRE 4 14 15 2 2 2 0
> VAMPIRE 3 14 15 2 2 2 0
> VAMPIRE 2 5 7 3 2 2 39
> POWERUP SHOE 4 18 15 5
< RES 1637332075 237 4
< MOVE D D
> REQ 1637332075 238 4
> VAMPIRE 1 11 9 2 2 2 0
> VAMPIRE 4 16 15 2 2 2 0
> VAMPIRE 3 16 15 2 2 2 0
> VAMPIRE 2 5 9 3 2 2 38
> POWERUP SHOE 3 18 15 5
< RES 1637332075 238 4
< MOVE D D
> REQ 1637332075 239 4
> VAMPIRE 1 13 9 2 2 2 0
> VAMPIRE 4 18 15 2 2 2 0
> VAMPIRE 3 18 15 2 2 2 0
> VAMPIRE 2 7 9 3 2 2 37
> POWERUP SHOE 2 18 15 5
< RES 1637332075 239 4
> REQ 1637332075 240 4
> VAMPIRE 1 13 11 2 2 2 0
> VAMPIRE 4 18 15 2 2 2 0
> VAMPIRE 3 18 15 2 2 2 0
> VAMPIRE 2 7 12 3 2 2 36
> POWERUP SHOE 1 18 15 5
< RES 1637332075 240 4
> REQ 1637332075 241 4
> VAMPIRE 1 13 11 2 2 2 0
> VAMPIRE 4 18 15 2 2 2 0
> VAMPIRE 3 18 15 2 2 2 0
> VAMPIRE 2 7 11 3 2 2 35
> POWERUP SHOE 1 18 15 5
< RES 1637332075 241 4
> REQ 1637332075 242 4
> VAMPIRE 1 13 11 2 2 2 0
> VAMPIRE 4 18 15 2 2 2 0
> VAMPIRE 3 18 15 2 2 2 0
> VAMPIRE 2 7 11 3 2 2 34
> POWERUP SHOE 1 18 15 5
< RES 1637332075 242 4
> REQ 1637332075 243 4
> VAMPIRE 1 13 11 2 2 2 0
> VAMPIRE 4 18 15 2 2 2 0
> VAMPIRE 3 18 15 2 2 2 0
> VAMPIRE 2 7 11 3 2 2 33
> POWERUP SHOE 1 18 15 5
< RES 1637332075 243 4
> REQ 1637332075 244 4
> VAMPIRE 1 13 11 2 2 2 0
> VAMPIRE 4 18 15 2 2 2 0
> VAMPIRE 3 18 15 2 2 2 0
> VAMPIRE 2 7 11 3 2 2 32
> POWERUP SHOE 1 18 15 5
< RES 1637332075 244 4
> REQ 1637332075 245 4
> VAMPIRE 1 13 11 2 2 2 0
> VAMPIRE 4 18 15 2 2 2 0
> VAMPIRE 3 18 15 2 2 2 0
> VAMPIRE 2 7 11 3 2 2 31
> POWERUP SHOE 1 18 15 5
< RES 1637332075 245 4
> REQ 1637332075 246 4
> VAMPIRE 1 13 11 2 2 2 0
> VAMPIRE 4 18 15 2 2 2 0
> VAMPIRE 3 18 15 2 2 2 0
> VAMPIRE 2 7 11 3 2 2 30
> POWERUP SHOE 1 18 15 5
< RES 1637332075 246 4
> REQ 1637332075 247 4
> VAMPIRE 1 13 11 2 2 2 0
> VAMPIRE 4 18 15 2 2 2 0
> VAMPIRE 3 18 15 2 2 2 0
> VAMPIRE 2 7 11 3 2 2 29
> POWERUP SHOE 1 18 15 5
< RES 1637332075 247 4
> REQ 1637332075 248 4
> VAMPIRE 1 13 11 2 2 2 0
> VAMPIRE 4 18 15 2 2 2 0
> VAMPIRE 3 18 15 2 2 2 0
> VAMPIRE 2 7 11 3 2 2 28
> POWERUP SHOE 1 18 15 5
< RES 1637332075 248 4
> REQ 1637332075 249 4
> VAMPIRE 1 13 11 2 2 2 0
> VAMPIRE 4 18 15 2 2 2 0
> VAMPIRE 3 18 15 2 2 2 0
> VAMPIRE 2 7 11 3 2 2 27
> POWERUP SHOE 1 18 15 5
< RES 1637332075 249 4
> REQ 1637332075 250 4
> VAMPIRE 1 13 11 2 2 2 0
> VAMPIRE 4 18 15 2 2 2 0
> VAMPIRE 3 18 15 2 2 2 0
> VAMPIRE 2 7 11 3 2 2 26
> POWERUP SHOE 1 18 15 5
< RES 1637332075 250 4
> REQ 1637332075 251 4
> VAMPIRE 1 13 11 2 2 2 0
> VAMPIRE 4 18 15 2 2 2 0
> VAMPIRE 3 18 15 2 2 2 0
> VAMPIRE 2 7 11 3 2 2 25
> POWERUP SHOE 1 18 15 5
< RES 1637332075 251 4
> REQ 1637332075 252 4
> VAMPIRE 1 13 11 2 2 2 0
> VAMPIRE 4 18 15 2 2 2 0
> VAMPIRE 3 18 15 2 2 2 0
> VAMPIRE 2 7 11 3 2 2 24
> POWERUP SHOE -6 18 7 5
> POWERUP SHOE -6 2 13 5
< RES 1637332075 252 4
< MOVE U L
> REQ 1637332075 253 4
> VAMPIRE 1 15 11 2 2 2 0
> VAMPIRE 4 17 14 2 2 2 0
> VAMPIRE 3 17 14 2 2 2 0
> VAMPIRE 2 4 11 3 2 2 23
> POWERUP SHOE -5 18 7 5
> POWERUP SHOE -5 2 13 5
< RES 1637332075 253 4
< MOVE L L
> REQ 1637332075 254 4
> VAMPIRE 1 17 11 2 2 2 0
> VAMPIRE 4 17 12 2 2 2 0
> VAMPIRE 3 17 12 2 2 2 0
> VAMPIRE 2 3 13 3 2 2 22
> POWERUP SHOE -4 18 7 5
> POWERUP SHOE -4 2 13 5
< RES 1637332075 254 4
< MOVE L L
> REQ 1637332075 255 4
> VAMPIRE 1 17 13 2 1 2 0
> VAMPIRE 4 17 12 2 2 2 0
> VAMPIRE 3 17 12 2 2 2 0
> VAMPIRE 2 2 13 3 2 2 21
> GRENADE 1 17 11 5 2
> POWERUP SHOE -3 18 7 5
> POWERUP SHOE -3 2 13 5
< RES 1637332075 255 4
< MOVE R D
> REQ 1637332075 256 4
> VAMPIRE 1 19 13 2 0 2 0
> VAMPIRE 4 17 12 2 2 2 0
> VAMPIRE 3 17 12 2 2 2 0
> VAMPIRE 2 2 13 3 2 2 20
> GRENADE 1 17 11 4 2
> GRENADE 1 17 13 5 2
> POWERUP SHOE -2 18 7 5
> POWERUP SHOE -2 2 13 5
< RES 1637332075 256 4
> REQ 1637332075 257 4
> VAMPIRE 1 19 11 2 0 2 0
> VAMPIRE 4 17 12 2 2 2 0
> VAMPIRE 3 17 12 2 2 2 0
> VAMPIRE 2 2 13 3 2 2 19
> GRENADE 1 17 11 3 2
> GRENADE 1 17 13 4 2
> POWERUP SHOE -1 18 7 5
> POWERUP SHOE -1 2 13 5
< RES 1637332075 257 4
> REQ 1637332075 258 4
> VAMPIRE 1 19 9 2 0 2 0
> VAMPIRE 4 17 12 2 2 2 0
> VAMPIRE 3 17 12 2 2 2 0
> VAMPIRE 2 2 13 3 2 2 18
> GRENADE 1 17 11 2 2
> GRENADE 1 17 13 3 2
> POWERUP SHOE 15 18 7 5
> POWERUP SHOE 15 2 13 5
< RES 1637332075 258 4
> REQ 1637332075 259 4
> VAMPIRE 1 19 7 2 0 2 0
> VAMPIRE 4 17 12 2 2 2 0
> VAMPIRE 3 17 12 2 2 2 0
> VAMPIRE 2 2 13 3 2 2 17
> GRENADE 1 17 11 1 2
> GRENADE 1 17 13 2 2
> POWERUP SHOE 14 18 7 5
> POWERUP SHOE 14 2 13 5
< RES 1637332075 259 4
> REQ 1637332075 260 4
> VAMPIRE 1 18 7 2 2 2 0
> VAMPIRE 4 17 12 1 2 2 0
> VAMPIRE 3 17 12 1 2 2 0
> VAMPIRE 2 2 13 3 2 2 16
> POWERUP SHOE 13 18 7 5
> POWERUP SHOE 13 2 13 5
< RES 1637332075 260 4
< MOVE L L
> REQ 1637332075 261 4
> VAMPIRE 1 18 7 2 2 2 0
> VAMPIRE 4 17 10 1 2 2 0
> VAMPIRE 3 17 10 1 2 2 0
> VAMPIRE 2 2 13 3 2 2 15
> POWERUP SHOE 12 18 7 5
> POWERUP SHOE 12 2 13 5
< RES 1637332075 261 4
< MOVE L L
> REQ 1637332075 262 4
> VAMPIRE 1 18 7 2 2 2 0
> VAMPIRE 4 17 8 1 2 2 0
> VAMPIRE 3 17 8 1 2 2 0
> VAMPIRE 2 2 13 3 2 2 56
> POWERUP SHOE 11 18 7 5
< RES 1637332075 262 4
< MOVE L D
> REQ 1637332075 263 4
> VAMPIRE 1 18 7 2 1 2 0
> VAMPIRE 4 17 7 1 2 2 0
> VAMPIRE 3 17 7 1 2 2 0
> VAMPIRE 2 3 11 3 2 2 55
> GRENADE 1 18 7 5 2
> POWERUP SHOE 10 18 7 5
< RES 1637332075 263 4
< MOVE U U
> REQ 1637332075 264 4
> VAMPIRE 1 18 7 2 1 2 0
> VAMPIRE 4 15 7 1 2 2 0
> VAMPIRE 3 15 7 1 2 2 0
> VAMPIRE 2 5 11 3 2 2 54
> GRENADE 1 19 7 4 2
> POWERUP SHOE 9 18 7 5
< RES 1637332075 264 4
< MOVE D D
> REQ 1637332075 265 4
> VAMPIRE 1 18 7 2 1 2 42
> VAMPIRE 4 17 7 1 2 2 0
> VAMPIRE 3 17 7 1 2 2 0
> VAMPIRE 2 8 11 3 2 2 53
> GRENADE 1 19 7 3 2
< RES 1637332075 265 4
< GRENADE
< MOVE U U
> REQ 1637332075 266 4
> VAMPIRE 1 18 7 2 0 2 41
> VAMPIRE 4 15 7 1 1 2 0
> VAMPIRE 3 15 7 1 1 2 0
> VAMPIRE 2 7 9 3 2 2 52
> GRENADE 1 19 7 2 2
> GRENADE 1 18 7 5 2
> GRENADE 4 17 7 5 2
> GRENADE 3 17 7 5 2
< RES 1637332075 266 4
< MOVE U U
> REQ 1637332075 267 4
> VAMPIRE 1 18 7 2 0 2 40
> VAMPIRE 4 13 7 1 1 2 0
> VAMPIRE 3 13 7 1 1 2 0
> VAMPIRE 2 9 9 3 2 2 51
> GRENADE 1 19 7 1 2
> GRENADE 1 18 7 4 2
> GRENADE 4 17 7 4 2
> GRENADE 3 17 7 4 2
< RES 1637332075 267 4
< MOVE R R
> REQ 1637332075 268 4
> VAMPIRE 1 18 7 1 2 2 39
> VAMPIRE 4 13 9 1 2 2 0
> VAMPIRE 3 13 9 1 2 2 0
> VAMPIRE 2 9 7 3 2 2 50
< RES 1637332075 268 4
< MOVE U U
> REQ 1637332075 269 4
> VAMPIRE 1 17 9 1 2 2 38
> VAMPIRE 4 11 9 1 2 2 0
> VAMPIRE 3 11 9 1 2 2 0
> VAMPIRE 2 9 7 3 2 2 49
< RES 1637332075 269 4
< MOVE R R
> REQ 1637332075 270 4
> VAMPIRE 1 15 9 1 2 2 37
> VAMPIRE 4 11 11 1 2 2 0
> VAMPIRE 3 11 11 1 2 2 0
> VAMPIRE 2 9 9 3 2 2 48
< RES 1637332075 270 4
> REQ 1637332075 271 4
> VAMPIRE 1 15 11 1 2 2 36
> VAMPIRE 4 11 11 1 2 2 0
> VAMPIRE 3 11 11 1 2 2 0
> VAMPIRE 2 7 9 3 2 2 47
< RES 1637332075 271 4
< MOVE L L
> REQ 1637332075 272 4
> VAMPIRE 1 15 9 1 2 2 35
> VAMPIRE 4 11 9 1 2 2 0
> VAMPIRE 3 11 9 1 2 2 0
> VAMPIRE 2 7 11 3 2 2 46
< RES 1637332075 272 4
< MOVE R R
> REQ 1637332075 273 4
> VAMPIRE 1 15 11 1 2 2 34
> VAMPIRE 4 11 11 1 2 2 0
> VAMPIRE 3 11 11 1 2 2 0
> VAMPIRE 2 7 9 3 2 2 45
< RES 1637332075 273 4
< MOVE L L
> REQ 1637332075 274 4
> VAMPIRE 1 15 9 1 2 2 33
> VAMPIRE 4 11 9 1 2 2 0
> VAMPIRE 3 11 9 1 2 2 0
> VAMPIRE 2 7 11 3 2 2 44
< RES 1637332075 274 4
< MOVE R R
> REQ 1637332075 275 4
> VAMPIRE 1 15 11 1 2 2 32
> VAMPIRE 4 11 11 1 2 2 0
> VAMPIRE 3 11 11 1 2 2 0
> VAMPIRE 2 7 9 3 2 2 43
< RES 1637332075 275 4
< MOVE L L
> REQ 1637332075 276 4
> VAMPIRE 1 15 9 1 2 2 31
> VAMPIRE 4 11 9 1 2 2 0
> VAMPIRE 3 11 9 1 2 2 0
> VAMPIRE 2 7 11 3 2 2 42
< RES 1637332075 276 4
< MOVE R R
> REQ 1637332075 277 4
> VAMPIRE 1 15 11 1 2 2 30
> VAMPIRE 4 11 11 1 2 2 0
> VAMPIRE 3 11 11 1 2 2 0
> VAMPIRE 2 7 9 3 2 2 41
< RES 1637332075 277 4
< MOVE L L
> REQ 1637332075 278 4
> VAMPIRE 1 15 9 1 2 2 29
> VAMPIRE 4 11 9 1 2 2 0
> VAMPIRE 3 11 9 1 2 2 0
> VAMPIRE 2 7 11 3 2 2 40
< RES 1637332075 278 4
< MOVE R R
> REQ 1637332075 279 4
> VAMPIRE 1 15 11 1 2 2 28
> VAMPIRE 4 11 11 1 2 2 0
> VAMPIRE 3 11 11 1 2 2 0
> VAMPIRE 2 7 9 3 2 2 39
< RES 1637332075 279 4
< MOVE L L
> REQ 1637332075 280 4
> VAMPIRE 1 15 9 1 2 2 27
> VAMPIRE 4 11 9 1 2 2 0
> VAMPIRE 3 11 9 1 2 2 0
> VAMPIRE 2 7 11 3 2 2 38
< RES 1637332075 280 4
< MOVE R R
> REQ 1637332075 281 4
> VAMPIRE 1 15 11 1 2 2 26
> VAMPIRE 4 11 11 1 2 2 0
> VAMPIRE 3 11 11 1 2 2 0
> VAMPIRE 2 7 9 3 2 2 37
< RES 1637332075 281 4
< MOVE L L
> REQ 1637332075 282 4
> VAMPIRE 1 15 9 1 2 2 25
> VAMPIRE 4 11 9 1 2 2 0
> VAMPIRE 3 11 9 1 2 2 0
> VAMPIRE 2 7 11 3 2 2 36
> POWERUP TOMATO -8 7 18 5
> POWERUP TOMATO -8 13 2 5
< RES 1637332075 282 4
< MOVE D D
> REQ 1637332075 283 4
> VAMPIRE 1 13 8 1 2 2 24
> VAMPIRE 4 13 9 1 2 2 0
> VAMPIRE 3 13 9 1 2 2 0
> VAMPIRE 2 7 14 3 2 2 35
> POWERUP TOMATO -7 7 18 5
> POWERUP TOMATO -7 13 2 5
< RES 1637332075 283 4
< GRENADE
< MOVE L L
> REQ 1637332075 284 4
> VAMPIRE 1 13 5 1 1 2 23
> VAMPIRE 4 13 9 1 1 2 0
> VAMPIRE 3 13 9 1 1 2 0
> VAMPIRE 2 7 17 3 2 2 34
> GRENADE 1 13 8 5 2
> GRENADE 4 13 9 5 2
> GRENADE 3 13 9 5 2
> POWERUP TOMATO -6 7 18 5
> POWERUP TOMATO -6 13 2 5
< RES 1637332075 284 4
< GRENADE
< MOVE U U
> REQ 1637332075 285 4
> VAMPIRE 1 13 2 1 1 2 22
> VAMPIRE 4 11 9 1 0 2 0
> VAMPIRE 3 11 9 1 0 2 0
> VAMPIRE 2 7 18 3 2 2 33
> GRENADE 1 13 8 4 2
> GRENADE 4 13 9 4 2
> GRENADE 3 13 9 4 2
> GRENADE 4 13 9 5 2
> GRENADE 3 13 9 5 2
> POWERUP TOMATO -5 7 18 5
> POWERUP TOMATO -5 13 2 5
< RES 1637332075 285 4
< MOVE L L
> REQ 1637332075 286 4
> VAMPIRE 1 13 2 1 1 2 21
> VAMPIRE 4 11 7 1 0 2 0
> VAMPIRE 3 11 7 1 0 2 0
> VAMPIRE 2 7 18 3 2 2 32
> GRENADE 1 13 8 3 2
> GRENADE 4 13 9 3 2
> GRENADE 3 13 9 3 2
> GRENADE 4 13 9 4 2
> GRENADE 3 13 9 4 2
> POWERUP TOMATO -4 7 18 5
> POWERUP TOMATO -4 13 2 5
< RES 1637332075 286 4
< MOVE L L
> REQ 1637332075 287 4
> VAMPIRE 1 13 2 1 1 2 20
> VAMPIRE 4 11 5 1 0 2 0
> VAMPIRE 3 11 5 1 0 2 0
> VAMPIRE 2 7 18 3 2 2 31
> GRENADE 1 13 8 2 2
> GRENADE 4 13 9 2 2
> GRENADE 3 13 9 2 2
> GRENADE 4 13 9 3 2
> GRENADE 3 13 9 3 2
> POWERUP TOMATO -3 7 18 5
> POWERUP TOMATO -3 13 2 5
< RES 1637332075 287 4
< MOVE D D
> REQ 1637332075 288 4
> VAMPIRE 1 13 2 1 1 2 19
> VAMPIRE 4 13 5 1 0 2 0
> VAMPIRE 3 13 5 1 0 2 0
> VAMPIRE 2 7 18 3 2 2 30
> GRENADE 1 13 8 1 2
> GRENADE 4 13 9 1 2
> GRENADE 3 13 9 1 2
> GRENADE 4 13 9 2 2
> GRENADE 3 13 9 2 2
> POWERUP TOMATO -2 7 18 5
> POWERUP TOMATO -2 13 2 5
< RES 1637332075 288 4
< MOVE L L
> REQ 1637332075 289 4
> VAMPIRE 1 13 2 1 1 2 18
> VAMPIRE 4 13 3 1 2 2 0
> VAMPIRE 3 13 3 1 2 2 0
> VAMPIRE 2 7 18 3 2 2 29
> GRENADE 1 13 2 5 2
> POWERUP TOMATO -1 7 18 5
> POWERUP TOMATO -1 13 2 5
< RES 1637332075 289 4
< MOVE R R
> REQ 1637332075 290 4
> VAMPIRE 1 13 2 1 1 2 17
> VAMPIRE 4 13 5 1 2 2 0
> VAMPIRE 3 13 5 1 2 2 0
> VAMPIRE 2 7 18 3 2 2 28
> GRENADE 1 13 1 4 2
> POWERUP TOMATO 19 7 18 5
> POWERUP TOMATO 19 13 2 5
< RES 1637332075 290 4
< MOVE L L
> REQ 1637332075 291 4
> VAMPIRE 1 13 3 1 1 2 16
> VAMPIRE 4 13 3 1 2 2 0
> VAMPIRE 3 13 3 1 2 2 0
> VAMPIRE 2 7 18 3 2 2 27
> GRENADE 1 13 1 3 2
> POWERUP TOMATO 18 7 18 5
> POWERUP TOMATO 18 13 2 5
< RES 1637332075 291 4
< MOVE L
> REQ 1637332075 292 4
> VAMPIRE 1 13 2 1 1 2 15
> VAMPIRE 4 13 2 1 2 2 0
> VAMPIRE 3 13 2 1 2 2 0
> VAMPIRE 2 7 18 3 2 2 26
> GRENADE 1 13 1 2 2
> POWERUP TOMATO 17 7 18 5
> POWERUP TOMATO 17 13 2 5
< RES 1637332075 292 4
< MOVE R U
> REQ 1637332075 293 4
> VAMPIRE 1 12 3 1 0 2 14
> VAMPIRE 4 12 3 1 2 2 0
> VAMPIRE 3 12 3 1 2 2 0
> VAMPIRE 2 7 18 3 2 2 25
> GRENADE 1 13 1 1 2
> GRENADE 1 13 2 5 2
> POWERUP TOMATO 16 7 18 5
> POWERUP TOMATO 16 13 2 5
< RES 1637332075 293 4
> REQ 1637332075 294 4
> VAMPIRE 1 11 1 1 2 2 13
> VAMPIRE 4 12 3 1 2 2 0
> VAMPIRE 3 12 3 1 2 2 0
> VAMPIRE 2 7 18 3 2 2 24
> POWERUP TOMATO 15 13 2 5
< RES 1637332075 294 4
< MOVE D L
> REQ 1637332075 295 4
> VAMPIRE 1 13 2 1 2 2 12
> VAMPIRE 4 13 2 1 2 2 0
> VAMPIRE 3 13 2 1 2 2 0
> VAMPIRE 2 7 15 3 2 2 23
> POWERUP TOMATO 14 13 2 5
< RES 1637332075 295 4
< GRENADE
> REQ 1637332075 296 4
> VAMPIRE 1 13 2 1 1 2 11
> VAMPIRE 4 13 2 1 1 2 0
> VAMPIRE 3 13 2 1 1 2 0
> VAMPIRE 2 9 15 3 2 2 22
> GRENADE 1 13 2 5 2
> GRENADE 4 13 2 5 2
> GRENADE 3 13 2 5 2
> POWERUP TOMATO 13 13 2 5
< RES 1637332075 296 4
< MOVE R
> REQ 1637332075 297 4
> VAMPIRE 1 13 3 1 1 2 10
> VAMPIRE 4 13 3 1 1 2 0
> VAMPIRE 3 13 3 1 1 2 0
> VAMPIRE 2 12 15 3 2 2 21
> GRENADE 1 13 2 4 2
> GRENADE 4 13 2 4 2
> GRENADE 3 13 2 4 2
> POWERUP TOMATO 12 13 2 5
< RES 1637332075 297 4
< GRENADE
< MOVE D D
> REQ 1637332075 298 4
> VAMPIRE 1 10 3 1 0 2 9
> VAMPIRE 4 15 3 1 0 2 0
> VAMPIRE 3 15 3 1 0 2 0
> VAMPIRE 2 13 13 3 2 2 20
> GRENADE 1 13 2 3 2
> GRENADE 4 13 2 3 2
> GRENADE 3 13 2 3 2
> GRENADE 1 13 3 5 2
> GRENADE 4 13 3 5 2
> GRENADE 3 13 3 5 2
> POWERUP TOMATO 11 13 2 5
< RES 1637332075 298 4
< MOVE L L
> REQ 1637332075 299 4
> VAMPIRE 1 11 2 1 0 2 8
> VAMPIRE 4 15 1 1 0 2 0
> VAMPIRE 3 15 1 1 0 2 0
> VAMPIRE 2 13 10 3 2 2 19
> GRENADE 1 13 2 2 2
> GRENADE 4 13 2 2 2
> GRENADE 3 13 2 2 2
> GRENADE 1 13 3 4 2
> GRENADE 4 13 3 4 2
> GRENADE 3 13 3 4 2
> POWERUP TOMATO 10 13 2 5
< RES 1637332075 299 4
< MOVE R
> REQ 1637332075 300 4
> VAMPIRE 1 12 1 1 0 2 7
> VAMPIRE 4 15 2 1 0 2 0
> VAMPIRE 3 15 2 1 0 2 0
> VAMPIRE 2 13 7 3 2 2 18
> GRENADE 1 13 2 1 2
> GRENADE 4 13 2 1 2
> GRENADE 3 13 2 1 2
> GRENADE 1 13 3 3 2
> GRENADE 4 13 3 3 2
> GRENADE 3 13 3 3 2
> POWERUP TOMATO 9 13 2 5
< RES 1637332075 300 4
< MOVE L U
> REQ 1637332075 301 4
> VAMPIRE 1 11 3 1 2 2 6
> VAMPIRE 4 14 1 1 2 2 0
> VAMPIRE 3 14 1 1 2 2 0
> VAMPIRE 2 13 4 3 2 2 17
> POWERUP TOMATO 8 13 2 5
< RES 1637332075 301 4
< MOVE U R
> REQ 1637332075 302 4
> VAMPIRE 1 13 2 1 2 2 5
> VAMPIRE 4 13 2 1 2 2 0
> VAMPIRE 3 13 2 1 2 2 0
> VAMPIRE 2 13 2 3 2 2 16
> POWERUP TOMATO 7 13 2 5
< RES 1637332075 302 4
< GRENADE
> REQ 1637332075 303 4
> VAMPIRE 1 13 2 1 1 2 4
> VAMPIRE 4 13 2 1 1 2 0
> VAMPIRE 3 13 2 1 1 2 0
> VAMPIRE 2 13 2 3 1 2 15
> GRENADE 1 13 2 5 2
> GRENADE 4 13 2 5 2
> GRENADE 3 13 2 5 2
> GRENADE 2 13 2 5 2
> POWERUP TOMATO 6 13 2 5
< RES 1637332075 303 4
< MOVE R
> REQ 1637332075 304 4
> VAMPIRE 1 13 3 1 1 2 3
> VAMPIRE 4 13 3 1 1 2 0
> VAMPIRE 3 13 3 1 1 2 0
> VAMPIRE 2 13 2 3 0 2 14
> GRENADE 1 13 2 4 2
> GRENADE 4 13 2 4 2
> GRENADE 3 13 2 4 2
> GRENADE 2 13 2 4 2
> GRENADE 2 13 2 5 2
> POWERUP TOMATO 5 13 2 5
< RES 1637332075 304 4
< GRENADE
< MOVE R R
> REQ 1637332075 305 4
> VAMPIRE 1 10 3 1 0 2 2
> VAMPIRE 4 13 5 1 0 2 0
> VAMPIRE 3 13 5 1 0 2 0
> VAMPIRE 2 13 2 3 0 2 13
> GRENADE 1 13 2 3 2
> GRENADE 4 13 2 3 2
> GRENADE 3 13 2 3 2
> GRENADE 2 13 1 3 2
> GRENADE 2 13 1 4 2
> GRENADE 1 13 3 5 2
> GRENADE 4 13 3 5 2
> GRENADE 3 13 3 5 2
> POWERUP TOMATO 4 13 2 5
< RES 1637332075 305 4
< MOVE R R
> REQ 1637332075 306 4
> VAMPIRE 1 11 1 1 0 2 1
> VAMPIRE 4 13 7 1 0 2 0
> VAMPIRE 3 13 7 1 0 2 0
> VAMPIRE 2 13 2 3 0 2 12
> GRENADE 1 13 2 2 2
> GRENADE 4 13 2 2 2
> GRENADE 3 13 2 2 2
> GRENADE 2 13 1 2 2
> GRENADE 2 13 1 3 2
> GRENADE 1 13 3 4 2
> GRENADE 4 13 3 4 2
> GRENADE 3 13 3 4 2
> POWERUP TOMATO 3 13 2 5
< RES 1637332075 306 4
< MOVE L
> REQ 1637332075 307 4
> VAMPIRE 1 11 2 1 0 2 0
> VAMPIRE 4 13 6 1 0 2 0
> VAMPIRE 3 13 6 1 0 2 0
> VAMPIRE 2 13 2 3 0 2 11
> GRENADE 1 13 2 1 2
> GRENADE 4 13 2 1 2
> GRENADE 3 13 2 1 2
> GRENADE 2 13 1 1 2
> GRENADE 2 13 1 2 2
> GRENADE 1 13 3 3 2
> GRENADE 4 13 3 3 2
> GRENADE 3 13 3 3 2
< RES 1637332075 307 4
> REQ 1637332075 308 4
> VAMPIRE 1 11 3 1 2 2 0
> VAMPIRE 4 13 6 1 2 2 0
> VAMPIRE 3 13 6 1 2 2 0
> VAMPIRE 2 13 2 2 2 2 10
< RES 1637332075 308 4
> REQ 1637332075 309 4
> VAMPIRE 1 11 5 1 2 2 0
> VAMPIRE 4 13 6 1 2 2 0
> VAMPIRE 3 13 6 1 2 2 0
> VAMPIRE 2 11 3 2 2 2 9
< RES 1637332075 309 4
< MOVE R D
> REQ 1637332075 310 4
> VAMPIRE 1 11 7 1 2 2 0
> VAMPIRE 4 14 7 1 2 2 0
> VAMPIRE 3 14 7 1 2 2 0
> VAMPIRE 2 11 5 2 2 2 8
< RES 1637332075 310 4
< MOVE D D
> REQ 1637332075 311 4
> VAMPIRE 1 11 9 1 2 2 0
> VAMPIRE 4 16 7 1 2 2 0
> VAMPIRE 3 16 7 1 2 2 0
> VAMPIRE 2 11 7 2 2 2 7
< RES 1637332075 311 4
> REQ 1637332075 312 4
> VAMPIRE 1 11 11 1 2 2 0
> VAMPIRE 4 16 7 1 2 2 0
> VAMPIRE 3 16 7 1 2 2 0
> VAMPIRE 2 11 9 2 2 2 6
< RES 1637332075 312 4
> REQ 1637332075 313 4
> VAMPIRE 1 9 11 1 2 2 0
> VAMPIRE 4 16 7 1 2 2 0
> VAMPIRE 3 16 7 1 2 2 0
> VAMPIRE 2 11 9 2 2 2 5
< RES 1637332075 313 4
< MOVE U
> REQ 1637332075 314 4
> VAMPIRE 1 9 11 1 2 2 0
> VAMPIRE 4 15 7 1 2 2 0
> VAMPIRE 3 15 7 1 2 2 0
> VAMPIRE 2 11 9 2 2 2 4
< RES 1637332075 314 4
< MOVE U U
> REQ 1637332075 315 4
> VAMPIRE 1 9 11 1 2 2 0
> VAMPIRE 4 13 7 1 2 2 0
> VAMPIRE 3 13 7 1 2 2 0
> VAMPIRE 2 11 9 2 2 2 3
> POWERUP GRENADE -7 11 10 7
> POWERUP GRENADE -7 9 10 7
< RES 1637332075 315 4
< MOVE U U
> REQ 1637332075 316 4
> VAMPIRE 1 9 11 1 2 2 0
> VAMPIRE 4 11 7 1 2 2 0
> VAMPIRE 3 11 7 1 2 2 0
> VAMPIRE 2 11 10 2 2 2 2
> POWERUP GRENADE -6 11 10 7
> POWERUP GRENADE -6 9 10 7
< RES 1637332075 316 4
< MOVE R R
> REQ 1637332075 317 4
> VAMPIRE 1 7 11 1 2 2 0
> VAMPIRE 4 11 9 1 2 2 0
> VAMPIRE 3 11 9 1 2 2 0
> VAMPIRE 2 11 10 2 2 2 1
> POWERUP GRENADE -5 11 10 7
> POWERUP GRENADE -5 9 10 7
< RES 1637332075 317 4
< GRENADE
< MOVE R R
> REQ 1637332075 318 4
> VAMPIRE 1 5 11 1 2 2 0
> VAMPIRE 4 11 9 1 1 2 0
> VAMPIRE 3 11 9 1 1 2 0
> VAMPIRE 2 11 10 2 1 2 0
> GRENADE 4 11 9 5 2
> GRENADE 3 11 9 5 2
> GRENADE 2 11 10 5 2
> POWERUP GRENADE -4 11 10 7
> POWERUP GRENADE -4 9 10 7
< RES 1637332075 318 4
< GRENADE
< MOVE U U
> REQ 1637332075 319 4
> VAMPIRE 1 7 11 1 2 2 0
> VAMPIRE 4 9 9 1 0 2 0
> VAMPIRE 3 9 9 1 0 2 0
> VAMPIRE 2 11 10 2 0 2 0
> GRENADE 4 11 9 4 2
> GRENADE 3 11 9 4 2
> GRENADE 2 11 10 4 2
> GRENADE 4 11 9 5 2
> GRENADE 3 11 9 5 2
> GRENADE 2 11 10 5 2
> POWERUP GRENADE -3 11 10 7
> POWERUP GRENADE -3 9 10 7
< RES 1637332075 319 4
< MOVE R
> REQ 1637332075 320 4
> VAMPIRE 1 9 11 1 2 2 0
> VAMPIRE 4 9 9 1 0 2 0
> VAMPIRE 3 9 9 1 0 2 0
> VAMPIRE 2 11 10 2 0 2 0
> GRENADE 4 11 9 3 2
> GRENADE 3 11 9 3 2
> GRENADE 2 9 10 3 2
> GRENADE 4 11 9 4 2
> GRENADE 3 11 9 4 2
> GRENADE 2 9 10 4 2
> POWERUP GRENADE -2 11 10 7
> POWERUP GRENADE -2 9 10 7
< RES 1637332075 320 4
< MOVE U U
> REQ 1637332075 321 4
> VAMPIRE 1 9 13 1 2 2 0
> VAMPIRE 4 7 9 1 0 2 0
> VAMPIRE 3 7 9 1 0 2 0
> VAMPIRE 2 11 11 2 0 2 0
> GRENADE 4 11 9 2 2
> GRENADE 3 11 9 2 2
> GRENADE 2 9 10 2 2
> GRENADE 4 11 9 3 2
> GRENADE 3 11 9 3 2
> GRENADE 2 9 10 3 2
> POWERUP GRENADE -1 11 10 7
> POWERUP GRENADE -1 9 10 7
< RES 1637332075 321 4
< MOVE R R
> REQ 1637332075 322 4
> VAMPIRE 1 9 13 1 2 2 0
> VAMPIRE 4 7 11 1 0 2 0
> VAMPIRE 3 7 11 1 0 2 0
> VAMPIRE 2 10 11 2 0 2 0
> GRENADE 4 11 9 1 2
> GRENADE 3 11 9 1 2
> GRENADE 2 9 10 1 2
> GRENADE 4 11 9 2 2
> GRENADE 3 11 9 2 2
> GRENADE 2 9 10 2 2
> POWERUP GRENADE 17 11 10 7
> POWERUP GRENADE 17 9 10 7
< RES 1637332075 322 4
< MOVE D D
> REQ 1637332075 323 4
> VAMPIRE 1 9 13 1 2 2 0
> VAMPIRE 4 9 11 1 2 2 0
> VAMPIRE 3 9 11 1 2 2 0
> VAMPIRE 2 11 10 2 2 2 0
> POWERUP GRENADE 16 11 10 7
> POWERUP GRENADE 16 9 10 7
< RES 1637332075 323 4
< GRENADE
< MOVE L L
> REQ 1637332075 324 4
> VAMPIRE 1 9 13 1 2 2 0
> VAMPIRE 4 9 9 1 1 2 0
> VAMPIRE 3 9 9 1 1 2 0
> VAMPIRE 2 11 10 2 2 2 0
> GRENADE 4 9 11 5 2
> GRENADE 3 9 11 5 2
> POWERUP GRENADE 15 11 10 7
> POWERUP GRENADE 15 9 10 7
< RES 1637332075 324 4
< GRENADE
< MOVE D D
> REQ 1637332075 325 4
> VAMPIRE 1 9 13 1 2 2 0
> VAMPIRE 4 11 9 1 0 2 0
> VAMPIRE 3 11 9 1 0 2 0
> VAMPIRE 2 11 10 2 2 2 0
> GRENADE 4 9 11 4 2
> GRENADE 3 9 11 4 2
> GRENADE 4 9 9 5 2
> GRENADE 3 9 9 5 2
> POWERUP GRENADE 14 11 10 7
> POWERUP GRENADE 14 9 10 7
< RES 1637332075 325 4
< MOVE R
> REQ 1637332075 326 4
> VAMPIRE 1 7 13 1 2 2 0
> VAMPIRE 4 11 9 1 0 2 0
> VAMPIRE 3 11 9 1 0 2 0
> VAMPIRE 2 11 10 2 1 2 0
> GRENADE 4 9 11 3 2
> GRENADE 3 9 11 3 2
> GRENADE 4 9 9 4 2
> GRENADE 3 9 9 4 2
> GRENADE 2 11 10 5 2
> POWERUP GRENADE 13 11 10 7
> POWERUP GRENADE 13 9 10 7
< RES 1637332075 326 4
< MOVE L L
> REQ 1637332075 327 4
> VAMPIRE 1 7 13 1 2 2 0
> VAMPIRE 4 11 7 1 0 2 0
> VAMPIRE 3 11 7 1 0 2 0
> VAMPIRE 2 11 10 2 0 2 0
> GRENADE 4 9 11 2 2
> GRENADE 3 9 11 2 2
> GRENADE 4 9 9 3 2
> GRENADE 3 9 9 3 2
> GRENADE 2 11 10 4 2
> GRENADE 2 11 10 5 2
> POWERUP GRENADE 12 11 10 7
> POWERUP GRENADE 12 9 10 7
< RES 1637332075 327 4
< MOVE U
> REQ 1637332075 328 4
> VAMPIRE 1 7 13 1 2 2 0
> VAMPIRE 4 10 7 1 0 2 0
> VAMPIRE 3 10 7 1 0 2 0
> VAMPIRE 2 11 10 2 0 2 0
> GRENADE 4 9 11 1 2
> GRENADE 3 9 11 1 2
> GRENADE 4 9 9 2 2
> GRENADE 3 9 9 2 2
> GRENADE 2 11 7 3 2
> GRENADE 2 11 7 4 2
> POWERUP GRENADE 11 11 10 7
> POWERUP GRENADE 11 9 10 7
< RES 1637332075 328 4
< MOVE U R
> REQ 1637332075 329 4
> VAMPIRE 1 9 13 1 2 2 0
> VAMPIRE 4 9 8 1 2 2 0
> VAMPIRE 3 9 8 1 2 2 0
> VAMPIRE 2 11 10 2 0 2 0
> GRENADE 2 11 7 2 2
> GRENADE 2 11 7 3 2
> POWERUP GRENADE 10 11 10 7
> POWERUP GRENADE 10 9 10 7
< RES 1637332075 329 4
< MOVE R R
> REQ 1637332075 330 4
> VAMPIRE 1 9 11 1 2 2 0
> VAMPIRE 4 9 10 1 2 2 0
> VAMPIRE 3 9 10 1 2 2 0
> VAMPIRE 2 10 11 2 1 2 0
> GRENADE 2 11 7 1 2
> GRENADE 2 11 7 2 2
> POWERUP GRENADE 9 9 10 7
< RES 1637332075 330 4
> REQ 1637332075 331 4
> VAMPIRE 1 9 9 1 1 2 0
> VAMPIRE 4 9 10 1 2 2 0
> VAMPIRE 3 9 10 1 2 2 0
> VAMPIRE 2 10 11 2 3 2 0
> GRENADE 1 9 11 5 2
> POWERUP GRENADE 8 9 10 7
< RES 1637332075 331 4
> REQ 1637332075 332 4
> VAMPIRE 1 7 9 1 0 2 0
> VAMPIRE 4 9 10 1 2 2 0
> VAMPIRE 3 9 10 1 2 2 0
> VAMPIRE 2 11 10 2 3 2 0
> GRENADE 1 9 11 4 2
> GRENADE 1 9 9 5 2
> POWERUP GRENADE 7 9 10 7
< RES 1637332075 332 4
> REQ 1637332075 333 4
> VAMPIRE 1 5 9 1 0 2 0
> VAMPIRE 4 9 10 1 2 2 0
> VAMPIRE 3 9 10 1 2 2 0
> VAMPIRE 2 11 12 2 3 2 0
> GRENADE 1 9 11 3 2
> GRENADE 1 9 9 4 2
> POWERUP GRENADE 6 9 10 7
< RES 1637332075 333 4
> REQ 1637332075 334 4
> VAMPIRE 1 5 9 1 0 2 0
> VAMPIRE 4 9 10 1 2 2 0
> VAMPIRE 3 9 10 1 2 2 0
> VAMPIRE 2 10 13 2 3 2 0
> GRENADE 1 9 11 2 2
> GRENADE 1 9 9 3 2
> POWERUP GRENADE 5 9 10 7
< RES 1637332075 334 4
> REQ 1637332075 335 4
> VAMPIRE 1 5 9 1 0 2 0
> VAMPIRE 4 9 10 1 2 2 0
> VAMPIRE 3 9 10 1 2 2 0
> VAMPIRE 2 11 12 2 3 2 0
> GRENADE 1 9 11 1 2
> GRENADE 1 9 9 2 2
> POWERUP GRENADE 4 9 10 7
< RES 1637332075 335 4
> END 510 Could_not_be_more_deaded
